schema_version,run_id,round,method,scope,physical_client_id,virtual_client_id,layer_name,value_space,bin_id,bin_left,bin_right,bin_center,count,density,cdf,total_count
bayesfl_observability_v1,ola_sparse_bayesian_keep010_seed42,0,ola,global,,,all,raw,0,9.558955557331169e-09,3.4944529375437335e-05,1.7477044165497332e-05,3145,884.5868834194554,0.030903016606072517,101770
bayesfl_observability_v1,ola_sparse_bayesian_keep010_seed42,0,ola,global,,,all,raw,1,3.4944529375437335e-05,6.987949979531734e-05,5.241201458537734e-05,3097,871.0860343243413,0.06133438144836396,101770
bayesfl_observability_v1,ola_sparse_bayesian_keep010_seed42,0,ola,global,,,all,raw,2,6.987949979531734e-05,0.00010481447021519735,8.734698500525735e-05,3075,864.8981451557473,0.09154957256558907,101770
bayesfl_observability_v1,ola_sparse_bayesian_keep010_seed42,0,ola,global,,,all,raw,3,0.00010481447021519735,0.00013974944063507736,0.00012228195542513735,3069,863.2105390188581,0.12170580721234156,101770
bayesfl_observability_v1,ola_sparse_bayesian_keep010_seed42,0,ola,global,,,all,raw,4,0.00013974944063507736,0.00017468441105495736,0.00015721692584501736,3062,861.2416651924872,0.1517932593102093,101770
bayesfl_observability_v1,ola_sparse_bayesian_keep010_seed42,0,ola,global,,,all,raw,5,0.00017468441105495736,0.00020961938147483737,0.00019215189626489737,3129,880.0866003877507,0.18253905866168812,101770
bayesfl_observability_v1,ola_sparse_bayesian_keep010_seed42,0,ola,global,,,all,raw,6,0.00020961938147483737,0.0002445543518947174,0.00022708686668477737,3094,870.2422312558966,0.21294094526874324,101770
bayesfl_observability_v1,ola_sparse_bayesian_keep010_seed42,0,ola,global,,,all,raw,7,0.0002445543518947174,0.0002794893223145974,0.0002620218371046574,3111,875.0237819770829,0.24350987520880416,101770
bayesfl_observability_v1,ola_sparse_bayesian_keep010_seed42,0,ola,global,,,all,raw,8,0.0002794893223145974,0.0003144242927344774,0.0002969568075245374,3231,908.7759047148681,0.27525793455831776,101770
bayesfl_observability_v1,ola_sparse_bayesian_keep010_seed42,0,ola,global,,,all,raw,9,0.0003144242927344774,0.0003493592631543574,0.0003318917779444174,3116,876.4301204244906,0.3058759948904392,101770
bayesfl_observability_v1,ola_sparse_bayesian_keep010_seed42,0,ola,global,,,all,raw,10,0.0003493592631543574,0.0003842942335742374,0.0003668267483642974,3173,892.4623787249386,0.3370541416920507,101770
bayesfl_observability_v1,ola_sparse_bayesian_keep010_seed42,0,ola,global,,,all,raw,11,0.0003842942335742374,0.0004192292039941174,0.0004017617187841774,3208,902.3067478567926,0.3685762012380859,101770
bayesfl_observability_v1,ola_sparse_bayesian_keep010_seed42,0,ola,global,,,all,raw,12,0.0004192292039941174,0.0004541641744139974,0.0004366966892040574,3103,872.7736404612306,0.39906652255084996,101770
bayesfl_observability_v1,ola_sparse_bayesian_keep010_seed42,0,ola,global,,,all,raw,13,0.0004541641744139974,0.0004890991448338774,0.0004716316596239374,3133,881.2116711456769,0.4298516262159772,101770
bayesfl_observability_v1,ola_sparse_bayesian_keep010_seed42,0,ola,global,,,all,raw,14,0.0004890991448338774,0.0005240341152537574,0.0005065666300438174,3090,869.1171604979704,0.4602142085093839,101770
bayesfl_observability_v1,ola_sparse_bayesian_keep010_seed42,0,ola,global,,,all,raw,15,0.0005240341152537574,0.0005589690856736374,0.0005415016004636974,3260,916.9326677098329,0.4922472241328486,101770
bayesfl_observability_v1,ola_sparse_bayesian_keep010_seed42,0,ola,global,,,all,raw,16,0.0005589690856736374,0.0005939040560935174,0.0005764365708835774,3067,862.6480036398949,0.5223838066227768,101770
bayesfl_observability_v1,ola_sparse_bayesian_keep010_seed42,0,ola,global,,,all,raw,17,0.0005939040560935174,0.0006288390265133974,0.0006113715413034574,3124,878.6802619403429,0.5530804755821952,101770
bayesfl_observability_v1,ola_sparse_bayesian_keep010_seed42,0,ola,global,,,all,raw,18,0.0006288390265133974,0.0006637739969332775,0.0006463065117233375,3074,864.6168774662658,0.5832858406210082,101770
bayesfl_observability_v1,ola_sparse_bayesian_keep010_seed42,0,ola,global,,,all,raw,19,0.0006637739969332775,0.0006987089673531575,0.0006812414821432175,3041,855.3350437133748,0.6131669450722217,101770
bayesfl_observability_v1,ola_sparse_bayesian_keep010_seed42,0,ola,global,,,all,raw,20,0.0006987089673531575,0.0007336439377730375,0.0007161764525630975,3135,881.7742065246399,0.6439717008941731,101770
bayesfl_observability_v1,ola_sparse_bayesian_keep010_seed42,0,ola,global,,,all,raw,21,0.0007336439377730375,0.0007685789081929175,0.0007511114229829775,3096,870.8047666348597,0.6743932396580524,101770
bayesfl_observability_v1,ola_sparse_bayesian_keep010_seed42,0,ola,global,,,all,raw,22,0.0007685789081929175,0.0008035138786127975,0.0007860463934028575,3121,877.8364588718983,0.7050604303822344,101770
bayesfl_observability_v1,ola_sparse_bayesian_keep010_seed42,0,ola,global,,,all,raw,23,0.0008035138786127975,0.0008384488490326775,0.0008209813638227375,3106,873.6174435296751,0.7355802299302349,101770
bayesfl_observability_v1,ola_sparse_bayesian_keep010_seed42,0,ola,global,,,all,raw,24,0.0008384488490326775,0.0008733838194525575,0.0008559163342426175,3132,880.9304034561953,0.76635550751695,101770
bayesfl_observability_v1,ola_sparse_bayesian_keep010_seed42,0,ola,global,,,all,raw,25,0.0008733838194525575,0.0009083187898724375,0.0008908513046624975,3092,869.6796958769336,0.796737741967181,101770
bayesfl_observability_v1,ola_sparse_bayesian_keep010_seed42,0,ola,global,,,all,raw,26,0.0009083187898724375,0.0009432537602923175,0.0009257862750823775,3184,895.5563233092356,0.8280239756313256,101770
bayesfl_observability_v1,ola_sparse_bayesian_keep010_seed42,0,ola,global,,,all,raw,27,0.0009432537602923175,0.0009781887307121976,0.0009607212455022575,3122,878.1177265613771,0.8587009924339196,101770
bayesfl_observability_v1,ola_sparse_bayesian_keep010_seed42,0,ola,global,,,all,raw,28,0.0009781887307121976,0.0010131237011320776,0.0009956562159221375,3157,887.9620956932339,0.8897219219809374,101770
bayesfl_observability_v1,ola_sparse_bayesian_keep010_seed42,0,ola,global,,,all,raw,29,0.0010131237011320776,0.0010480586715519576,0.0010305911863420177,3179,894.1499848618279,0.9209590252530215,101770
bayesfl_observability_v1,ola_sparse_bayesian_keep010_seed42,0,ola,global,,,all,raw,30,0.0010480586715519576,0.0010829936419718376,0.0010655261567618975,3065,862.0854682609319,0.9510759555861256,101770
bayesfl_observability_v1,ola_sparse_bayesian_keep010_seed42,0,ola,global,,,all,raw,31,0.0010829936419718376,0.0011179286123917177,0.0011004611271817778,3174,892.7436464144201,0.9822639284661492,101770
bayesfl_observability_v1,ola_sparse_bayesian_keep010_seed42,0,ola,global,,,all,raw,32,0.0011179286123917177,0.0011528635828115977,0.0011353960976016575,1034,290.8307909239163,0.9924240935442665,101770
bayesfl_observability_v1,ola_sparse_bayesian_keep010_seed42,0,ola,global,,,all,raw,33,0.0011528635828115977,0.0011877985532314777,0.0011703310680215378,22,6.187889168593965,0.9926402672693329,101770
bayesfl_observability_v1,ola_sparse_bayesian_keep010_seed42,0,ola,global,,,all,raw,34,0.0011877985532314777,0.0012227335236513577,0.0012052660384414176,19,5.344086100149333,0.9928269627591628,101770
bayesfl_observability_v1,ola_sparse_bayesian_keep010_seed42,0,ola,global,,,all,raw,35,0.0012227335236513577,0.0012576684940712377,0.0012402010088612978,11,3.0939445842969824,0.992935049621696,101770
bayesfl_observability_v1,ola_sparse_bayesian_keep010_seed42,0,ola,global,,,all,raw,36,0.0012576684940712377,0.0012926034644911177,0.0012751359792811776,20,5.625353789630877,0.9931315711899381,101770
bayesfl_observability_v1,ola_sparse_bayesian_keep010_seed42,0,ola,global,,,all,raw,37,0.0012926034644911177,0.0013275384349109977,0.0013100709497010578,13,3.65647996326007,0.9932593102092955,101770
bayesfl_observability_v1,ola_sparse_bayesian_keep010_seed42,0,ola,global,,,all,raw,38,0.0013275384349109977,0.0013624734053308777,0.0013450059201209376,13,3.65647996326007,0.9933870492286528,101770
bayesfl_observability_v1,ola_sparse_bayesian_keep010_seed42,0,ola,global,,,all,raw,39,0.0013624734053308777,0.0013974083757507577,0.0013799408905408178,16,4.500283031704702,0.9935442664832466,101770
bayesfl_observability_v1,ola_sparse_bayesian_keep010_seed42,0,ola,global,,,all,raw,40,0.0013974083757507577,0.0014323433461706377,0.0014148758609606976,27,7.5942276160016835,0.9938095706003733,101770
bayesfl_observability_v1,ola_sparse_bayesian_keep010_seed42,0,ola,global,,,all,raw,41,0.0014323433461706377,0.0014672783165905177,0.0014498108313805778,23,6.469156858075508,0.9940355704038518,101770
bayesfl_observability_v1,ola_sparse_bayesian_keep010_seed42,0,ola,global,,,all,raw,42,0.0014672783165905177,0.0015022132870103977,0.0014847458018004576,16,4.500283031704702,0.9941927876584455,101770
bayesfl_observability_v1,ola_sparse_bayesian_keep010_seed42,0,ola,global,,,all,raw,43,0.0015022132870103977,0.0015371482574302777,0.0015196807722203378,17,4.781550721186245,0.9943598309914513,101770
bayesfl_observability_v1,ola_sparse_bayesian_keep010_seed42,0,ola,global,,,all,raw,44,0.0015371482574302777,0.0015720832278501577,0.0015546157426402176,11,3.0939445842969824,0.9944679178539845,101770
bayesfl_observability_v1,ola_sparse_bayesian_keep010_seed42,0,ola,global,,,all,raw,45,0.0015720832278501577,0.0016070181982700377,0.0015895507130600979,18,5.062818410667789,0.9946447872654024,101770
bayesfl_observability_v1,ola_sparse_bayesian_keep010_seed42,0,ola,global,,,all,raw,46,0.0016070181982700377,0.0016419531686899178,0.0016244856834799776,9,2.5314092053338944,0.9947332219711114,101770
bayesfl_observability_v1,ola_sparse_bayesian_keep010_seed42,0,ola,global,,,all,raw,47,0.0016419531686899178,0.0016768881391097978,0.0016594206538998579,18,5.062818410667789,0.9949100913825293,101770
bayesfl_observability_v1,ola_sparse_bayesian_keep010_seed42,0,ola,global,,,all,raw,48,0.0016768881391097978,0.0017118231095296778,0.0016943556243197377,20,5.625353789630877,0.9951066129507713,101770
bayesfl_observability_v1,ola_sparse_bayesian_keep010_seed42,0,ola,global,,,all,raw,49,0.0017118231095296778,0.0017467580799495578,0.0017292905947396179,17,4.781550721186245,0.9952736562837772,101770
bayesfl_observability_v1,ola_sparse_bayesian_keep010_seed42,0,ola,global,,,all,raw,50,0.0017467580799495578,0.0017816930503694378,0.0017642255651594977,16,4.500283031704702,0.9954308735383708,101770
bayesfl_observability_v1,ola_sparse_bayesian_keep010_seed42,0,ola,global,,,all,raw,51,0.0017816930503694378,0.0018166280207893178,0.0017991605355793779,17,4.781550721186245,0.9955979168713767,101770
bayesfl_observability_v1,ola_sparse_bayesian_keep010_seed42,0,ola,global,,,all,raw,52,0.0018166280207893178,0.0018515629912091978,0.0018340955059992577,20,5.625353789630877,0.9957944384396188,101770
bayesfl_observability_v1,ola_sparse_bayesian_keep010_seed42,0,ola,global,,,all,raw,53,0.0018515629912091978,0.0018864979616290778,0.001869030476419138,26,7.31295992652014,0.9960499164783335,101770
bayesfl_observability_v1,ola_sparse_bayesian_keep010_seed42,0,ola,global,,,all,raw,54,0.0018864979616290778,0.0019214329320489578,0.0019039654468390177,15,4.219015342223157,0.9961973076545151,101770
bayesfl_observability_v1,ola_sparse_bayesian_keep010_seed42,0,ola,global,,,all,raw,55,0.0019214329320489578,0.0019563679024688376,0.0019389004172588977,20,5.625353789630912,0.9963938292227572,101770
bayesfl_observability_v1,ola_sparse_bayesian_keep010_seed42,0,ola,global,,,all,raw,56,0.0019563679024688376,0.001991302872888718,0.0019738353876787777,21,5.906621479112384,0.9966001768694114,101770
bayesfl_observability_v1,ola_sparse_bayesian_keep010_seed42,0,ola,global,,,all,raw,57,0.001991302872888718,0.0020262378433085976,0.0020087703580986575,20,5.625353789630912,0.9967966984376535,101770
bayesfl_observability_v1,ola_sparse_bayesian_keep010_seed42,0,ola,global,,,all,raw,58,0.0020262378433085976,0.0020611728137284774,0.0020437053285185377,19,5.344086100149366,0.9969833939274836,101770
bayesfl_observability_v1,ola_sparse_bayesian_keep010_seed42,0,ola,global,,,all,raw,59,0.0020611728137284774,0.0020961077841483576,0.0020786402989384175,16,4.500283031704673,0.9971406111820772,101770
bayesfl_observability_v1,ola_sparse_bayesian_keep010_seed42,0,ola,global,,,all,raw,60,0.0020961077841483576,0.002131042754568238,0.0021135752693582977,17,4.781550721186215,0.9973076545150831,101770
bayesfl_observability_v1,ola_sparse_bayesian_keep010_seed42,0,ola,global,,,all,raw,61,0.002131042754568238,0.0021659777249881176,0.0021485102397781775,13,3.6564799632600926,0.9974353935344404,101770
bayesfl_observability_v1,ola_sparse_bayesian_keep010_seed42,0,ola,global,,,all,raw,62,0.0021659777249881176,0.0022009126954079974,0.0021834452101980577,18,5.062818410667821,0.9976122629458583,101770
bayesfl_observability_v1,ola_sparse_bayesian_keep010_seed42,0,ola,global,,,all,raw,63,0.0022009126954079974,0.0022358476658278776,0.0022183801806179375,17,4.781550721186215,0.9977793062788641,101770
bayesfl_observability_v1,ola_sparse_bayesian_keep010_seed42,0,ola,global,,,all,raw,64,0.0022358476658278776,0.002270782636247758,0.0022533151510378178,20,5.625353789630841,0.9979758278471063,101770
bayesfl_observability_v1,ola_sparse_bayesian_keep010_seed42,0,ola,global,,,all,raw,65,0.002270782636247758,0.0023057176066676377,0.0022882501214576976,16,4.500283031704729,0.9981330451016999,101770
bayesfl_observability_v1,ola_sparse_bayesian_keep010_seed42,0,ola,global,,,all,raw,66,0.0023057176066676377,0.0023406525770875175,0.0023231850918775778,19,5.344086100149366,0.99831974059153,101770
bayesfl_observability_v1,ola_sparse_bayesian_keep010_seed42,0,ola,global,,,all,raw,67,0.0023406525770875175,0.0023755875475073977,0.0023581200622974576,12,3.375212273778505,0.9984376535324752,101770
bayesfl_observability_v1,ola_sparse_bayesian_keep010_seed42,0,ola,global,,,all,raw,68,0.0023755875475073977,0.002410522517927278,0.002393055032717338,13,3.656479963260047,0.9985653925518325,101770
bayesfl_observability_v1,ola_sparse_bayesian_keep010_seed42,0,ola,global,,,all,raw,69,0.002410522517927278,0.0024454574883471577,0.0024279900031372176,11,3.0939445842970015,0.9986734794143657,101770
bayesfl_observability_v1,ola_sparse_bayesian_keep010_seed42,0,ola,global,,,all,raw,70,0.0024454574883471577,0.0024803924587670375,0.002462924973557098,14,3.9377476527416384,0.9988110445121352,101770
bayesfl_observability_v1,ola_sparse_bayesian_keep010_seed42,0,ola,global,,,all,raw,71,0.0024803924587670375,0.0025153274291869177,0.0024978599439769776,9,2.531409205333879,0.9988994792178442,101770
bayesfl_observability_v1,ola_sparse_bayesian_keep010_seed42,0,ola,global,,,all,raw,72,0.0025153274291869177,0.002550262399606798,0.002532794914396858,22,6.187889168593926,0.9991156529429105,101770
bayesfl_observability_v1,ola_sparse_bayesian_keep010_seed42,0,ola,global,,,all,raw,73,0.002550262399606798,0.0025851973700266777,0.0025677298848167376,16,4.500283031704729,0.9992728701975042,101770
bayesfl_observability_v1,ola_sparse_bayesian_keep010_seed42,0,ola,global,,,all,raw,74,0.0025851973700266777,0.0026201323404465575,0.002602664855236618,10,2.812676894815456,0.9993711309816252,101770
bayesfl_observability_v1,ola_sparse_bayesian_keep010_seed42,0,ola,global,,,all,raw,75,0.0026201323404465575,0.0026550673108664377,0.0026375998256564976,9,2.531409205333879,0.9994595656873342,101770
bayesfl_observability_v1,ola_sparse_bayesian_keep010_seed42,0,ola,global,,,all,raw,76,0.0026550673108664377,0.002690002281286318,0.002672534796076378,13,3.656479963260047,0.9995873047066915,101770
bayesfl_observability_v1,ola_sparse_bayesian_keep010_seed42,0,ola,global,,,all,raw,77,0.002690002281286318,0.0027249372517061977,0.0027074697664962576,16,4.500283031704729,0.9997445219612853,101770
bayesfl_observability_v1,ola_sparse_bayesian_keep010_seed42,0,ola,global,,,all,raw,78,0.0027249372517061977,0.0027598722221260775,0.002742404736916138,13,3.6564799632600926,0.9998722609806426,101770
bayesfl_observability_v1,ola_sparse_bayesian_keep010_seed42,0,ola,global,,,all,raw,79,0.0027598722221260775,0.0027948071925459578,0.0027773397073360176,13,3.656479963260047,1.0,101770
bayesfl_observability_v1,ola_sparse_bayesian_keep010_seed42,0,ola,global,,,all,db,0,-160.39088253366356,-159.0244085388895,-159.70764553627652,1,7.190827231022765e-06,9.826078412105729e-06,101770
bayesfl_observability_v1,ola_sparse_bayesian_keep010_seed42,0,ola,global,,,all,db,1,-159.0244085388895,-157.65793454411545,-158.3411715415025,1,7.190827231022765e-06,1.9652156824211458e-05,101770
bayesfl_observability_v1,ola_sparse_bayesian_keep010_seed42,0,ola,global,,,all,db,2,-157.65793454411545,-156.2914605493414,-156.9746975467284,1,7.190827231022765e-06,2.9478235236317185e-05,101770
bayesfl_observability_v1,ola_sparse_bayesian_keep010_seed42,0,ola,global,,,all,db,3,-156.2914605493414,-154.92498655456737,-155.60822355195438,0,0.0,2.9478235236317185e-05,101770
bayesfl_observability_v1,ola_sparse_bayesian_keep010_seed42,0,ola,global,,,all,db,4,-154.92498655456737,-153.55851255979331,-154.24174955718036,1,7.190827231022765e-06,3.9304313648422916e-05,101770
bayesfl_observability_v1,ola_sparse_bayesian_keep010_seed42,0,ola,global,,,all,db,5,-153.55851255979331,-152.19203856501926,-152.87527556240627,0,0.0,3.9304313648422916e-05,101770
bayesfl_observability_v1,ola_sparse_bayesian_keep010_seed42,0,ola,global,,,all,db,6,-152.19203856501926,-150.8255645702452,-151.50880156763225,1,7.190827231022765e-06,4.913039206052864e-05,101770
bayesfl_observability_v1,ola_sparse_bayesian_keep010_seed42,0,ola,global,,,all,db,7,-150.8255645702452,-149.45909057547115,-150.14232757285816,1,7.190827231022765e-06,5.895647047263437e-05,101770
bayesfl_observability_v1,ola_sparse_bayesian_keep010_seed42,0,ola,global,,,all,db,8,-149.45909057547115,-148.0926165806971,-148.77585357808414,0,0.0,5.895647047263437e-05,101770
bayesfl_observability_v1,ola_sparse_bayesian_keep010_seed42,0,ola,global,,,all,db,9,-148.0926165806971,-146.72614258592304,-147.40937958331006,0,0.0,5.895647047263437e-05,101770
bayesfl_observability_v1,ola_sparse_bayesian_keep010_seed42,0,ola,global,,,all,db,10,-146.72614258592304,-145.359668591149,-146.04290558853603,1,7.190827231022765e-06,6.87825488847401e-05,101770
bayesfl_observability_v1,ola_sparse_bayesian_keep010_seed42,0,ola,global,,,all,db,11,-145.359668591149,-143.99319459637496,-144.67643159376198,2,1.4381654462045828e-05,8.843470570895156e-05,101770
bayesfl_observability_v1,ola_sparse_bayesian_keep010_seed42,0,ola,global,,,all,db,12,-143.99319459637496,-142.6267206016009,-143.30995759898792,1,7.190827231022765e-06,9.826078412105728e-05,101770
bayesfl_observability_v1,ola_sparse_bayesian_keep010_seed42,0,ola,global,,,all,db,13,-142.6267206016009,-141.26024660682685,-141.9434836042139,1,7.190827231022765e-06,0.00010808686253316301,101770
bayesfl_observability_v1,ola_sparse_bayesian_keep010_seed42,0,ola,global,,,all,db,14,-141.26024660682685,-139.8937726120528,-140.5770096094398,3,2.1572481693068296e-05,0.0001375650977694802,101770
bayesfl_observability_v1,ola_sparse_bayesian_keep010_seed42,0,ola,global,,,all,db,15,-139.8937726120528,-138.52729861727875,-139.2105356146658,3,2.1572481693068296e-05,0.00016704333300579738,101770
bayesfl_observability_v1,ola_sparse_bayesian_keep010_seed42,0,ola,global,,,all,db,16,-138.52729861727875,-137.1608246225047,-137.8440616198917,0,0.0,0.00016704333300579738,101770
bayesfl_observability_v1,ola_sparse_bayesian_keep010_seed42,0,ola,global,,,all,db,17,-137.1608246225047,-135.79435062773064,-136.47758762511768,1,7.190827231022765e-06,0.00017686941141790313,101770
bayesfl_observability_v1,ola_sparse_bayesian_keep010_seed42,0,ola,global,,,all,db,18,-135.79435062773064,-134.4278766329566,-135.11111363034362,1,7.190827231022914e-06,0.00018669548983000884,101770
bayesfl_observability_v1,ola_sparse_bayesian_keep010_seed42,0,ola,global,,,all,db,19,-134.4278766329566,-133.06140263818256,-133.74463963556957,0,0.0,0.00018669548983000884,101770
bayesfl_observability_v1,ola_sparse_bayesian_keep010_seed42,0,ola,global,,,all,db,20,-133.06140263818256,-131.6949286434085,-132.37816564079554,7,5.033579061715936e-05,0.0002554780387147489,101770
bayesfl_observability_v1,ola_sparse_bayesian_keep010_seed42,0,ola,global,,,all,db,21,-131.6949286434085,-130.32845464863445,-131.01169164602146,6,4.314496338613659e-05,0.00031443450918738333,101770
bayesfl_observability_v1,ola_sparse_bayesian_keep010_seed42,0,ola,global,,,all,db,22,-130.32845464863445,-128.9619806538604,-129.64521765124744,4,2.876330892409106e-05,0.00035373882283580625,101770
bayesfl_observability_v1,ola_sparse_bayesian_keep010_seed42,0,ola,global,,,all,db,23,-128.9619806538604,-127.59550665908634,-128.27874365647335,1,7.190827231022765e-06,0.00036356490124791194,101770
bayesfl_observability_v1,ola_sparse_bayesian_keep010_seed42,0,ola,global,,,all,db,24,-127.59550665908634,-126.22903266431229,-126.91226966169931,2,1.438165446204553e-05,0.00038321705807212343,101770
bayesfl_observability_v1,ola_sparse_bayesian_keep010_seed42,0,ola,global,,,all,db,25,-126.22903266431229,-124.86255866953825,-125.54579566692527,8,5.752661784818271e-05,0.0004618256853689692,101770
bayesfl_observability_v1,ola_sparse_bayesian_keep010_seed42,0,ola,global,,,all,db,26,-124.86255866953825,-123.49608467476419,-124.17932167215122,11,7.909909954125041e-05,0.0005699125479021323,101770
bayesfl_observability_v1,ola_sparse_bayesian_keep010_seed42,0,ola,global,,,all,db,27,-123.49608467476419,-122.12961067999015,-122.81284767737716,10,7.190827231022839e-05,0.0006681733320231895,101770
bayesfl_observability_v1,ola_sparse_bayesian_keep010_seed42,0,ola,global,,,all,db,28,-122.12961067999015,-120.7631366852161,-121.44637368260312,11,7.909909954125041e-05,0.0007762601945563526,101770
bayesfl_observability_v1,ola_sparse_bayesian_keep010_seed42,0,ola,global,,,all,db,29,-120.7631366852161,-119.39666269044204,-120.07989968782907,16,0.00011505323569636424,0.0009334774491500442,101770
bayesfl_observability_v1,ola_sparse_bayesian_keep010_seed42,0,ola,global,,,all,db,30,-119.39666269044204,-118.03018869566799,-118.71342569305502,15,0.00010786240846534147,0.0010808686253316302,101770
bayesfl_observability_v1,ola_sparse_bayesian_keep010_seed42,0,ola,global,,,all,db,31,-118.03018869566799,-116.66371470089393,-117.34695169828096,11,7.909909954125041e-05,0.001188955487864793,101770
bayesfl_observability_v1,ola_sparse_bayesian_keep010_seed42,0,ola,global,,,all,db,32,-116.66371470089393,-115.2972407061199,-115.98047770350692,22,0.00015819819908250246,0.001405129212931119,101770
bayesfl_observability_v1,ola_sparse_bayesian_keep010_seed42,0,ola,global,,,all,db,33,-115.2972407061199,-113.93076671134584,-114.61400370873287,33,0.00023729729862375124,0.0017293898005306082,101770
bayesfl_observability_v1,ola_sparse_bayesian_keep010_seed42,0,ola,global,,,all,db,34,-113.93076671134584,-112.5642927165718,-113.24752971395881,26,0.0001869615080065938,0.001984867839245357,101770
bayesfl_observability_v1,ola_sparse_bayesian_keep010_seed42,0,ola,global,,,all,db,35,-112.5642927165718,-111.19781872179774,-111.88105571918477,35,0.0002516789530857968,0.002328780583669058,101770
bayesfl_observability_v1,ola_sparse_bayesian_keep010_seed42,0,ola,global,,,all,db,36,-111.19781872179774,-109.83134472702369,-110.51458172441072,40,0.0002876330892409106,0.0027218237201532868,101770
bayesfl_observability_v1,ola_sparse_bayesian_keep010_seed42,0,ola,global,,,all,db,37,-109.83134472702369,-108.46487073224964,-109.14810772963666,44,0.00031639639816500166,0.003154171170285939,101770
bayesfl_observability_v1,ola_sparse_bayesian_keep010_seed42,0,ola,global,,,all,db,38,-108.46487073224964,-107.09839673747558,-107.78163373486261,54,0.00038830467047522933,0.0036847794045396483,101770
bayesfl_observability_v1,ola_sparse_bayesian_keep010_seed42,0,ola,global,,,all,db,39,-107.09839673747558,-105.73192274270153,-106.41515974008855,82,0.0005896478329438668,0.004490517834332318,101770
bayesfl_observability_v1,ola_sparse_bayesian_keep010_seed42,0,ola,global,,,all,db,40,-105.73192274270153,-104.36544874792749,-105.04868574531451,78,0.0005608845240197814,0.005256951950476565,101770
bayesfl_observability_v1,ola_sparse_bayesian_keep010_seed42,0,ola,global,,,all,db,41,-104.36544874792749,-102.99897475315343,-103.68221175054046,123,0.0008844717494158001,0.00646555959516557,101770
bayesfl_observability_v1,ola_sparse_bayesian_keep010_seed42,0,ola,global,,,all,db,42,-102.99897475315343,-101.6325007583794,-102.3157377557664,117,0.0008413267860296721,0.00761521076938194,101770
bayesfl_observability_v1,ola_sparse_bayesian_keep010_seed42,0,ola,global,,,all,db,43,-101.6325007583794,-100.26602676360534,-100.94926376099237,135,0.0009707616761880733,0.008941731355016212,101770
bayesfl_observability_v1,ola_sparse_bayesian_keep010_seed42,0,ola,global,,,all,db,44,-100.26602676360534,-98.89955276883128,-99.58278976621831,174,0.0012512039381979612,0.01065146899872261,101770
bayesfl_observability_v1,ola_sparse_bayesian_keep010_seed42,0,ola,global,,,all,db,45,-98.89955276883128,-97.53307877405723,-98.21631577144426,168,0.0012080589748118245,0.012302250171956372,101770
bayesfl_observability_v1,ola_sparse_bayesian_keep010_seed42,0,ola,global,,,all,db,46,-97.53307877405723,-96.16660477928318,-96.8498417766702,199,0.0014309746189735302,0.014257639775965412,101770
bayesfl_observability_v1,ola_sparse_bayesian_keep010_seed42,0,ola,global,,,all,db,47,-96.16660477928318,-94.80013078450914,-95.48336778189616,232,0.0016682719175972985,0.01653728996757394,101770
bayesfl_observability_v1,ola_sparse_bayesian_keep010_seed42,0,ola,global,,,all,db,48,-94.80013078450914,-93.43365678973508,-94.11689378712211,288,0.002070958242534556,0.01936720055026039,101770
bayesfl_observability_v1,ola_sparse_bayesian_keep010_seed42,0,ola,global,,,all,db,49,-93.43365678973508,-92.06718279496103,-92.75041979234805,310,0.002229156441617057,0.022413284858013166,101770
bayesfl_observability_v1,ola_sparse_bayesian_keep010_seed42,0,ola,global,,,all,db,50,-92.06718279496103,-90.70070880018699,-91.383945797574,352,0.0025311711853200393,0.025872064459074383,101770
bayesfl_observability_v1,ola_sparse_bayesian_keep010_seed42,0,ola,global,,,all,db,51,-90.70070880018699,-89.33423480541293,-90.01747180279996,435,0.003128009845494903,0.030146408568340374,101770
bayesfl_observability_v1,ola_sparse_bayesian_keep010_seed42,0,ola,global,,,all,db,52,-89.33423480541293,-87.96776081063888,-88.6509978080259,563,0.004048435731065817,0.0356784907143559,101770
bayesfl_observability_v1,ola_sparse_bayesian_keep010_seed42,0,ola,global,,,all,db,53,-87.96776081063888,-86.60128681586482,-87.28452381325185,595,0.004278542202458545,0.04152500736955881,101770
bayesfl_observability_v1,ola_sparse_bayesian_keep010_seed42,0,ola,global,,,all,db,54,-86.60128681586482,-85.23481282109078,-85.91804981847781,715,0.00514144147018133,0.04855065343421441,101770
bayesfl_observability_v1,ola_sparse_bayesian_keep010_seed42,0,ola,global,,,all,db,55,-85.23481282109078,-83.86833882631673,-84.55157582370376,791,0.005687944339739007,0.05632308145819004,101770
bayesfl_observability_v1,ola_sparse_bayesian_keep010_seed42,0,ola,global,,,all,db,56,-83.86833882631673,-82.50186483154268,-83.1851018289297,994,0.007147682267636629,0.06609020339982313,101770
bayesfl_observability_v1,ola_sparse_bayesian_keep010_seed42,0,ola,global,,,all,db,57,-82.50186483154268,-81.13539083676862,-81.81862783415565,1111,0.007989009053666292,0.07700697651567259,101770
bayesfl_observability_v1,ola_sparse_bayesian_keep010_seed42,0,ola,global,,,all,db,58,-81.13539083676862,-79.76891684199458,-80.4521538393816,1305,0.009384029536484805,0.08983000884347057,101770
bayesfl_observability_v1,ola_sparse_bayesian_keep010_seed42,0,ola,global,,,all,db,59,-79.76891684199458,-78.40244284722053,-79.08567984460755,1511,0.010865339946075398,0.10467721332416233,101770
bayesfl_observability_v1,ola_sparse_bayesian_keep010_seed42,0,ola,global,,,all,db,60,-78.40244284722053,-77.03596885244647,-77.7192058498335,1829,0.013152023005540638,0.1226491107399037,101770
bayesfl_observability_v1,ola_sparse_bayesian_keep010_seed42,0,ola,global,,,all,db,61,-77.03596885244647,-75.66949485767242,-76.35273185505945,2064,0.014841867404830986,0.14293013658248993,101770
bayesfl_observability_v1,ola_sparse_bayesian_keep010_seed42,0,ola,global,,,all,db,62,-75.66949485767242,-74.30302086289838,-74.9862578602854,2573,0.018501998465421766,0.16821263633683797,101770
bayesfl_observability_v1,ola_sparse_bayesian_keep010_seed42,0,ola,global,,,all,db,63,-74.30302086289838,-72.93654686812432,-73.61978386551135,2871,0.02064486498026636,0.19642330745799352,101770
bayesfl_observability_v1,ola_sparse_bayesian_keep010_seed42,0,ola,global,,,all,db,64,-72.93654686812432,-71.57007287335027,-72.2533098707373,3405,0.024484766721632516,0.2298811044512135,101770
bayesfl_observability_v1,ola_sparse_bayesian_keep010_seed42,0,ola,global,,,all,db,65,-71.57007287335027,-70.20359887857623,-70.88683587596324,4131,0.029705307291355346,0.2704726343716223,101770
bayesfl_observability_v1,ola_sparse_bayesian_keep010_seed42,0,ola,global,,,all,db,66,-70.20359887857623,-68.83712488380218,-69.5203618811892,4732,0.03402699445719973,0.3169696374177066,101770
bayesfl_observability_v1,ola_sparse_bayesian_keep010_seed42,0,ola,global,,,all,db,67,-68.83712488380218,-67.47065088902812,-68.15388788641515,5604,0.04029739580265158,0.3720349808391471,101770
bayesfl_observability_v1,ola_sparse_bayesian_keep010_seed42,0,ola,global,,,all,db,68,-67.47065088902812,-66.10417689425407,-66.7874138916411,6444,0.046337690676710695,0.4353542301267564,101770
bayesfl_observability_v1,ola_sparse_bayesian_keep010_seed42,0,ola,global,,,all,db,69,-66.10417689425407,-64.73770289948003,-65.42093989686705,7587,0.05455680620177028,0.5099046870394026,101770
bayesfl_observability_v1,ola_sparse_bayesian_keep010_seed42,0,ola,global,,,all,db,70,-64.73770289948003,-63.37122890470597,-64.054465902093,8773,0.06308512729776272,0.5961088729488061,101770
bayesfl_observability_v1,ola_sparse_bayesian_keep010_seed42,0,ola,global,,,all,db,71,-63.37122890470597,-62.00475490993192,-62.687991907318946,10197,0.07332486527473914,0.6963053945170482,101770
bayesfl_observability_v1,ola_sparse_bayesian_keep010_seed42,0,ola,global,,,all,db,72,-62.00475490993192,-60.638280915157864,-61.32151791254489,12194,0.0876849472550916,0.8161245946742655,101770
bayesfl_observability_v1,ola_sparse_bayesian_keep010_seed42,0,ola,global,,,all,db,73,-60.638280915157864,-59.271806920383824,-59.955043917770844,14132,0.10162077042881476,0.9549867347941436,101770
bayesfl_observability_v1,ola_sparse_bayesian_keep010_seed42,0,ola,global,,,all,db,74,-59.271806920383824,-57.90533292560977,-58.5885699229968,3871,0.027835692211289124,0.993023484327405,101770
bayesfl_observability_v1,ola_sparse_bayesian_keep010_seed42,0,ola,global,,,all,db,75,-57.90533292560977,-56.538858930835715,-57.22209592822274,113,0.0008125634771055725,0.9941338311879728,101770
bayesfl_observability_v1,ola_sparse_bayesian_keep010_seed42,0,ola,global,,,all,db,76,-56.538858930835715,-55.17238493606166,-55.85562193344869,113,0.0008125634771055725,0.9952441780485408,101770
bayesfl_observability_v1,ola_sparse_bayesian_keep010_seed42,0,ola,global,,,all,db,77,-55.17238493606166,-53.80591094128762,-54.48914793867464,162,0.0011649140114257,0.9968360027513019,101770
bayesfl_observability_v1,ola_sparse_bayesian_keep010_seed42,0,ola,global,,,all,db,78,-53.80591094128762,-52.43943694651357,-53.122673943900594,171,0.0012296314565048928,0.9985162621597721,101770
bayesfl_observability_v1,ola_sparse_bayesian_keep010_seed42,0,ola,global,,,all,db,79,-52.43943694651357,-51.07296295173951,-51.75619994912654,151,0.0010858149118844376,1.0,101770
bayesfl_observability_v1,ola_sparse_bayesian_keep010_seed42,0,ola,global,,,layers.0.weight,raw,0,9.558955557331169e-09,1.4126689490035787e-05,7.068124222796559e-06,1316,928.9309363320103,0.013113839285714286,100352
bayesfl_observability_v1,ola_sparse_bayesian_keep010_seed42,0,ola,global,,,layers.0.weight,raw,1,1.4126689490035787e-05,2.824382002451424e-05,2.1185254757275013e-05,1214,856.9317300205628,0.02521125637755102,100352
bayesfl_observability_v1,ola_sparse_bayesian_keep010_seed42,0,ola,global,,,layers.0.weight,raw,2,2.824382002451424e-05,4.236095055899269e-05,3.5302385291753467e-05,1277,901.4018280364572,0.03793646364795918,100352
bayesfl_observability_v1,ola_sparse_bayesian_keep010_seed42,0,ola,global,,,layers.0.weight,raw,3,4.236095055899269e-05,5.647808109347115e-05,4.9419515826231916e-05,1247,880.2255908860311,0.05036272321428571,100352
bayesfl_observability_v1,ola_sparse_bayesian_keep010_seed42,0,ola,global,,,layers.0.weight,raw,4,5.647808109347115e-05,7.05952116279496e-05,6.353664636071038e-05,1219,860.461102878967,0.06250996492346939,100352
bayesfl_observability_v1,ola_sparse_bayesian_keep010_seed42,0,ola,global,,,layers.0.weight,raw,5,7.05952116279496e-05,8.471234216242805e-05,7.765377689518883e-05,1224,863.9904757373718,0.07470703125,100352
bayesfl_observability_v1,ola_sparse_bayesian_keep010_seed42,0,ola,global,,,layers.0.weight,raw,6,8.471234216242805e-05,9.882947269690652e-05,9.177090742966729e-05,1266,893.637207747967,0.0873226243622449,100352
bayesfl_observability_v1,ola_sparse_bayesian_keep010_seed42,0,ola,global,,,layers.0.weight,raw,7,9.882947269690652e-05,0.00011294660323138497,0.00010588803796414574,1214,856.9317300205631,0.09942004145408163,100352
bayesfl_observability_v1,ola_sparse_bayesian_keep010_seed42,0,ola,global,,,layers.0.weight,raw,8,0.00011294660323138497,0.00012706373376586343,0.00012000516849862419,1144,807.5205100029023,0.11081991390306123,100352
bayesfl_observability_v1,ola_sparse_bayesian_keep010_seed42,0,ola,global,,,layers.0.weight,raw,9,0.00012706373376586343,0.00014118086430034188,0.00013412229903310267,1319,931.0485600470533,0.12396364795918367,100352
bayesfl_observability_v1,ola_sparse_bayesian_keep010_seed42,0,ola,global,,,layers.0.weight,raw,10,0.00014118086430034188,0.00015529799483482033,0.0001482394295675811,1207,851.9906080187972,0.1359913105867347,100352
bayesfl_observability_v1,ola_sparse_bayesian_keep010_seed42,0,ola,global,,,layers.0.weight,raw,11,0.00015529799483482033,0.00016941512536929878,0.00016235656010205957,1247,880.2255908860315,0.14841757015306123,100352
bayesfl_observability_v1,ola_sparse_bayesian_keep010_seed42,0,ola,global,,,layers.0.weight,raw,12,0.00016941512536929878,0.00018353225590377723,0.000176473690636538,1252,883.7549637444358,0.1608936543367347,100352
bayesfl_observability_v1,ola_sparse_bayesian_keep010_seed42,0,ola,global,,,layers.0.weight,raw,13,0.00018353225590377723,0.0001976493864382557,0.00019059082117101647,1300,917.6369431851151,0.17384805484693877,100352
bayesfl_observability_v1,ola_sparse_bayesian_keep010_seed42,0,ola,global,,,layers.0.weight,raw,14,0.0001976493864382557,0.00021176651697273416,0.00020470795170549495,1209,853.4023571621589,0.18589564732142858,100352
bayesfl_observability_v1,ola_sparse_bayesian_keep010_seed42,0,ola,global,,,layers.0.weight,raw,15,0.00021176651697273416,0.0002258836475072126,0.00021882508223997337,1242,876.6962180276272,0.19827208227040816,100352
bayesfl_observability_v1,ola_sparse_bayesian_keep010_seed42,0,ola,global,,,layers.0.weight,raw,16,0.0002258836475072126,0.00024000077804169106,0.00023294221277445185,1265,892.931333176287,0.2108777104591837,100352
bayesfl_observability_v1,ola_sparse_bayesian_keep010_seed42,0,ola,global,,,layers.0.weight,raw,17,0.00024000077804169106,0.00025411790857616953,0.0002470593433089303,1200,847.0494860170294,0.22283561862244897,100352
bayesfl_observability_v1,ola_sparse_bayesian_keep010_seed42,0,ola,global,,,layers.0.weight,raw,18,0.00025411790857616953,0.00026823503911064796,0.00026117647384340875,1292,911.9899466116718,0.23571029974489796,100352
bayesfl_observability_v1,ola_sparse_bayesian_keep010_seed42,0,ola,global,,,layers.0.weight,raw,19,0.00026823503911064796,0.00028235216964512643,0.00027529360437788717,1234,871.0492214541786,0.24800701530612246,100352
bayesfl_observability_v1,ola_sparse_bayesian_keep010_seed42,0,ola,global,,,layers.0.weight,raw,20,0.00028235216964512643,0.00029646930017960486,0.00028941073491236565,1289,909.8723228966293,0.26085180165816324,100352
bayesfl_observability_v1,ola_sparse_bayesian_keep010_seed42,0,ola,global,,,layers.0.weight,raw,21,0.00029646930017960486,0.00031058643071408333,0.0003035278654468441,1323,933.8720583337749,0.27403539540816324,100352
bayesfl_observability_v1,ola_sparse_bayesian_keep010_seed42,0,ola,global,,,layers.0.weight,raw,22,0.00031058643071408333,0.0003247035612485618,0.00031764499598132255,1232,869.6374723108169,0.286312181122449,100352
bayesfl_observability_v1,ola_sparse_bayesian_keep010_seed42,0,ola,global,,,layers.0.weight,raw,23,0.0003247035612485618,0.00033882069178304023,0.000331762126515801,1234,871.049221454182,0.29860889668367346,100352
bayesfl_observability_v1,ola_sparse_bayesian_keep010_seed42,0,ola,global,,,layers.0.weight,raw,24,0.00033882069178304023,0.0003529378223175187,0.0003458792570502795,1287,908.460573753264,0.31143375318877553,100352
bayesfl_observability_v1,ola_sparse_bayesian_keep010_seed42,0,ola,global,,,layers.0.weight,raw,25,0.0003529378223175187,0.00036705495285199713,0.0003599963875847579,1260,889.4019603178843,0.3239895567602041,100352
bayesfl_observability_v1,ola_sparse_bayesian_keep010_seed42,0,ola,global,,,layers.0.weight,raw,26,0.00036705495285199713,0.0003811720833864756,0.00037411351811923634,1298,916.2251940417534,0.3369240274234694,100352
bayesfl_observability_v1,ola_sparse_bayesian_keep010_seed42,0,ola,global,,,layers.0.weight,raw,27,0.0003811720833864756,0.0003952892139209541,0.0003882306486537149,1279,902.8135771798171,0.3496691645408163,100352
bayesfl_observability_v1,ola_sparse_bayesian_keep010_seed42,0,ola,global,,,layers.0.weight,raw,28,0.0003952892139209541,0.0004094063444554325,0.0004023477791881933,1302,919.0486923284805,0.36264349489795916,100352
bayesfl_observability_v1,ola_sparse_bayesian_keep010_seed42,0,ola,global,,,layers.0.weight,raw,29,0.0004094063444554325,0.000423523474989911,0.0004164649097226717,1268,895.0489568913277,0.37527901785714285,100352
bayesfl_observability_v1,ola_sparse_bayesian_keep010_seed42,0,ola,global,,,layers.0.weight,raw,30,0.000423523474989911,0.0004376406055243894,0.0004305820402571502,1245,878.8138417426715,0.3876853475765306,100352
bayesfl_observability_v1,ola_sparse_bayesian_keep010_seed42,0,ola,global,,,layers.0.weight,raw,31,0.0004376406055243894,0.0004517577360588679,0.0004446991707916287,1230,868.2257231674552,0.39994220344387754,100352
bayesfl_observability_v1,ola_sparse_bayesian_keep010_seed42,0,ola,global,,,layers.0.weight,raw,32,0.0004517577360588679,0.00046587486659334636,0.0004588163013261071,1268,895.0489568913277,0.41257772640306123,100352
bayesfl_observability_v1,ola_sparse_bayesian_keep010_seed42,0,ola,global,,,layers.0.weight,raw,33,0.00046587486659334636,0.0004799919971278248,0.0004729334318605856,1266,893.6372077479695,0.42519331951530615,100352
bayesfl_observability_v1,ola_sparse_bayesian_keep010_seed42,0,ola,global,,,layers.0.weight,raw,34,0.0004799919971278248,0.0004941091276623032,0.000487050562395064,1252,883.7549637444374,0.4376694036989796,100352
bayesfl_observability_v1,ola_sparse_bayesian_keep010_seed42,0,ola,global,,,layers.0.weight,raw,35,0.0004941091276623032,0.0005082262581967817,0.0005011676929295425,1224,863.9904757373668,0.4498664700255102,100352
bayesfl_observability_v1,ola_sparse_bayesian_keep010_seed42,0,ola,global,,,layers.0.weight,raw,36,0.0005082262581967817,0.0005223433887312602,0.0005152848234640209,1232,869.6374723108203,0.4621432557397959,100352
bayesfl_observability_v1,ola_sparse_bayesian_keep010_seed42,0,ola,global,,,layers.0.weight,raw,37,0.0005223433887312602,0.0005364605192657386,0.0005294019539984994,1279,902.8135771798206,0.47488839285714285,100352
bayesfl_observability_v1,ola_sparse_bayesian_keep010_seed42,0,ola,global,,,layers.0.weight,raw,38,0.0005364605192657386,0.0005505776498002171,0.0005435190845329779,1321,932.4603091904097,0.4880520567602041,100352
bayesfl_observability_v1,ola_sparse_bayesian_keep010_seed42,0,ola,global,,,layers.0.weight,raw,39,0.0005505776498002171,0.0005646947803346955,0.0005576362150674563,1323,933.8720583337786,0.5012356505102041,100352
bayesfl_observability_v1,ola_sparse_bayesian_keep010_seed42,0,ola,global,,,layers.0.weight,raw,40,0.0005646947803346955,0.000578811910869174,0.0005717533456019348,1188,838.5789911568623,0.5130739795918368,100352
bayesfl_observability_v1,ola_sparse_bayesian_keep010_seed42,0,ola,global,,,layers.0.weight,raw,41,0.000578811910869174,0.0005929290414036524,0.0005858704761364131,1250,882.3432146010757,0.5255301339285714,100352
bayesfl_observability_v1,ola_sparse_bayesian_keep010_seed42,0,ola,global,,,layers.0.weight,raw,42,0.0005929290414036524,0.0006070461719381309,0.0005999876066708917,1257,887.284336602835,0.5380560427295918,100352
bayesfl_observability_v1,ola_sparse_bayesian_keep010_seed42,0,ola,global,,,layers.0.weight,raw,43,0.0006070461719381309,0.0006211633024726093,0.0006141047372053702,1240,875.2844688842671,0.5504125478316326,100352
bayesfl_observability_v1,ola_sparse_bayesian_keep010_seed42,0,ola,global,,,layers.0.weight,raw,44,0.0006211633024726093,0.0006352804330070878,0.0006282218677398485,1257,887.2843366028418,0.5629384566326531,100352
bayesfl_observability_v1,ola_sparse_bayesian_keep010_seed42,0,ola,global,,,layers.0.weight,raw,45,0.0006352804330070878,0.0006493975635415663,0.000642338998274327,1240,875.2844688842604,0.5752949617346939,100352
bayesfl_observability_v1,ola_sparse_bayesian_keep010_seed42,0,ola,global,,,layers.0.weight,raw,46,0.0006493975635415663,0.0006635146940760447,0.0006564561288088056,1227,866.1080994524159,0.5875219228316326,100352
bayesfl_observability_v1,ola_sparse_bayesian_keep010_seed42,0,ola,global,,,layers.0.weight,raw,47,0.0006635146940760447,0.0006776318246105231,0.0006705732593432839,1250,882.3432146010757,0.5999780771683674,100352
bayesfl_observability_v1,ola_sparse_bayesian_keep010_seed42,0,ola,global,,,layers.0.weight,raw,48,0.0006776318246105231,0.0006917489551450017,0.0006846903898777624,1193,842.1083640152602,0.6118662308673469,100352
bayesfl_observability_v1,ola_sparse_bayesian_keep010_seed42,0,ola,global,,,layers.0.weight,raw,49,0.0006917489551450017,0.0007058660856794801,0.0006988075204122409,1224,863.9904757373733,0.6240632971938775,100352
bayesfl_observability_v1,ola_sparse_bayesian_keep010_seed42,0,ola,global,,,layers.0.weight,raw,50,0.0007058660856794801,0.0007199832162139585,0.0007129246509467192,1270,896.460706034693,0.63671875,100352
bayesfl_observability_v1,ola_sparse_bayesian_keep010_seed42,0,ola,global,,,layers.0.weight,raw,51,0.0007199832162139585,0.0007341003467484369,0.0007270417814811978,1260,889.4019603178843,0.6492745535714286,100352
bayesfl_observability_v1,ola_sparse_bayesian_keep010_seed42,0,ola,global,,,layers.0.weight,raw,52,0.0007341003467484369,0.0007482174772829155,0.0007411589120156762,1265,892.9313331762818,0.6618801817602041,100352
bayesfl_observability_v1,ola_sparse_bayesian_keep010_seed42,0,ola,global,,,layers.0.weight,raw,53,0.0007482174772829155,0.0007623346078173939,0.0007552760425501546,1226,865.402224880735,0.6740971779336735,100352
bayesfl_observability_v1,ola_sparse_bayesian_keep010_seed42,0,ola,global,,,layers.0.weight,raw,54,0.0007623346078173939,0.0007764517383518723,0.0007693931730846332,1237,873.1668451692245,0.6864237882653061,100352
bayesfl_observability_v1,ola_sparse_bayesian_keep010_seed42,0,ola,global,,,layers.0.weight,raw,55,0.0007764517383518723,0.0007905688688863508,0.0007835103036191116,1220,861.1669774506433,0.6985809948979592,100352
bayesfl_observability_v1,ola_sparse_bayesian_keep010_seed42,0,ola,global,,,layers.0.weight,raw,56,0.0007905688688863508,0.0008046859994208293,0.00079762743415359,1284,906.342950038225,0.7113759566326531,100352
bayesfl_observability_v1,ola_sparse_bayesian_keep010_seed42,0,ola,global,,,layers.0.weight,raw,57,0.0008046859994208293,0.0008188031299553077,0.0008117445646880685,1258,887.9902111745226,0.7239118303571429,100352
bayesfl_observability_v1,ola_sparse_bayesian_keep010_seed42,0,ola,global,,,layers.0.weight,raw,58,0.0008188031299553077,0.0008329202604897862,0.000825861695222547,1227,866.1080994524093,0.7361387914540817,100352
bayesfl_observability_v1,ola_sparse_bayesian_keep010_seed42,0,ola,global,,,layers.0.weight,raw,59,0.0008329202604897862,0.0008470373910242646,0.0008399788257570254,1264,892.2254586046078,0.7487344547193877,100352
bayesfl_observability_v1,ola_sparse_bayesian_keep010_seed42,0,ola,global,,,layers.0.weight,raw,60,0.0008470373910242646,0.0008611545215587431,0.0008540959562915039,1249,881.6373400293949,0.7611806441326531,100352
bayesfl_observability_v1,ola_sparse_bayesian_keep010_seed42,0,ola,global,,,layers.0.weight,raw,61,0.0008611545215587431,0.0008752716520932215,0.0008682130868259822,1277,901.4018280364589,0.7739058514030612,100352
bayesfl_observability_v1,ola_sparse_bayesian_keep010_seed42,0,ola,global,,,layers.0.weight,raw,62,0.0008752716520932215,0.0008893887826277,0.0008823302173604608,1224,863.9904757373668,0.7861029177295918,100352
bayesfl_observability_v1,ola_sparse_bayesian_keep010_seed42,0,ola,global,,,layers.0.weight,raw,63,0.0008893887826277,0.0009035059131621784,0.0008964473478949393,1252,883.7549637444374,0.7985790019132653,100352
bayesfl_observability_v1,ola_sparse_bayesian_keep010_seed42,0,ola,global,,,layers.0.weight,raw,64,0.0009035059131621784,0.0009176230436966569,0.0009105644784294176,1308,923.2839397585657,0.8116131218112245,100352
bayesfl_observability_v1,ola_sparse_bayesian_keep010_seed42,0,ola,global,,,layers.0.weight,raw,65,0.0009176230436966569,0.0009317401742311354,0.0009246816089638961,1298,916.22519404175,0.8245475924744898,100352
bayesfl_observability_v1,ola_sparse_bayesian_keep010_seed42,0,ola,global,,,layers.0.weight,raw,66,0.0009317401742311354,0.0009458573047656138,0.0009387987394983747,1225,864.6963503090542,0.8367546237244898,100352
bayesfl_observability_v1,ola_sparse_bayesian_keep010_seed42,0,ola,global,,,layers.0.weight,raw,67,0.0009458573047656138,0.0009599744353000922,0.000952915870032853,1222,862.5787265940116,0.8489317602040817,100352
bayesfl_observability_v1,ola_sparse_bayesian_keep010_seed42,0,ola,global,,,layers.0.weight,raw,68,0.0009599744353000922,0.0009740915658345707,0.0009670330005673315,1265,892.9313331762886,0.8615373883928571,100352
bayesfl_observability_v1,ola_sparse_bayesian_keep010_seed42,0,ola,global,,,layers.0.weight,raw,69,0.0009740915658345707,0.0009882086963690492,0.00098115013110181,1280,903.5194517514946,0.8742924904336735,100352
bayesfl_observability_v1,ola_sparse_bayesian_keep010_seed42,0,ola,global,,,layers.0.weight,raw,70,0.0009882086963690492,0.0010023258269035277,0.0009952672616362884,1272,897.8724551780477,0.8869678730867347,100352
bayesfl_observability_v1,ola_sparse_bayesian_keep010_seed42,0,ola,global,,,layers.0.weight,raw,71,0.0010023258269035277,0.0010164429574380063,0.001009384392170767,1255,885.8725874594733,0.8994738520408163,100352
bayesfl_observability_v1,ola_sparse_bayesian_keep010_seed42,0,ola,global,,,layers.0.weight,raw,72,0.0010164429574380063,0.0010305600879724846,0.0010235015227052454,1294,913.4016957550406,0.9123684630102041,100352
bayesfl_observability_v1,ola_sparse_bayesian_keep010_seed42,0,ola,global,,,layers.0.weight,raw,73,0.0010305600879724846,0.001044677218506963,0.0010376186532397237,1287,908.4605737532606,0.9251933195153061,100352
bayesfl_observability_v1,ola_sparse_bayesian_keep010_seed42,0,ola,global,,,layers.0.weight,raw,74,0.001044677218506963,0.0010587943490414416,0.0010517357837742025,1209,853.4023571621539,0.9372409119897959,100352
bayesfl_observability_v1,ola_sparse_bayesian_keep010_seed42,0,ola,global,,,layers.0.weight,raw,75,0.0010587943490414416,0.00107291147957592,0.0010658529143086808,1260,889.4019603178912,0.9497967155612245,100352
bayesfl_observability_v1,ola_sparse_bayesian_keep010_seed42,0,ola,global,,,layers.0.weight,raw,76,0.00107291147957592,0.0010870286101103985,0.0010799700448431591,1214,856.9317300205581,0.9618941326530612,100352
bayesfl_observability_v1,ola_sparse_bayesian_keep010_seed42,0,ola,global,,,layers.0.weight,raw,77,0.0010870286101103985,0.001101145740644877,0.0010940871753776379,1251,883.0490891727499,0.9743602519132653,100352
bayesfl_observability_v1,ola_sparse_bayesian_keep010_seed42,0,ola,global,,,layers.0.weight,raw,78,0.001101145740644877,0.0011152628711793553,0.0011082043059121162,1303,919.7545669001684,0.9873445471938775,100352
bayesfl_observability_v1,ola_sparse_bayesian_keep010_seed42,0,ola,global,,,layers.0.weight,raw,79,0.0011152628711793553,0.0011293800017138339,0.0011223214364465945,1270,896.460706034686,1.0,100352
bayesfl_observability_v1,ola_sparse_bayesian_keep010_seed42,0,ola,global,,,layers.0.weight,db,0,-160.39088253366356,-159.12278647857656,-159.75683450612007,1,7.858177169949555e-06,9.964923469387754e-06,100352
bayesfl_observability_v1,ola_sparse_bayesian_keep010_seed42,0,ola,global,,,layers.0.weight,db,1,-159.12278647857656,-157.8546904234896,-158.48873845103307,0,0.0,9.964923469387754e-06,100352
bayesfl_observability_v1,ola_sparse_bayesian_keep010_seed42,0,ola,global,,,layers.0.weight,db,2,-157.8546904234896,-156.5865943684026,-157.22064239594607,2,1.571635433989911e-05,2.9894770408163265e-05,100352
bayesfl_observability_v1,ola_sparse_bayesian_keep010_seed42,0,ola,global,,,layers.0.weight,db,3,-156.5865943684026,-155.3184983133156,-155.9525463408591,0,0.0,2.9894770408163265e-05,100352
bayesfl_observability_v1,ola_sparse_bayesian_keep010_seed42,0,ola,global,,,layers.0.weight,db,4,-155.3184983133156,-154.05040225822862,-154.6844502857721,1,7.858177169949732e-06,3.985969387755102e-05,100352
bayesfl_observability_v1,ola_sparse_bayesian_keep010_seed42,0,ola,global,,,layers.0.weight,db,5,-154.05040225822862,-152.78230620314162,-153.4163542306851,0,0.0,3.985969387755102e-05,100352
bayesfl_observability_v1,ola_sparse_bayesian_keep010_seed42,0,ola,global,,,layers.0.weight,db,6,-152.78230620314162,-151.51421014805462,-152.14825817559813,0,0.0,3.985969387755102e-05,100352
bayesfl_observability_v1,ola_sparse_bayesian_keep010_seed42,0,ola,global,,,layers.0.weight,db,7,-151.51421014805462,-150.24611409296762,-150.8801621205111,2,1.571635433989911e-05,5.978954081632653e-05,100352
bayesfl_observability_v1,ola_sparse_bayesian_keep010_seed42,0,ola,global,,,layers.0.weight,db,8,-150.24611409296762,-148.97801803788064,-149.61206606542413,0,0.0,5.978954081632653e-05,100352
bayesfl_observability_v1,ola_sparse_bayesian_keep010_seed42,0,ola,global,,,layers.0.weight,db,9,-148.97801803788064,-147.70992198279365,-148.34397001033716,0,0.0,5.978954081632653e-05,100352
bayesfl_observability_v1,ola_sparse_bayesian_keep010_seed42,0,ola,global,,,layers.0.weight,db,10,-147.70992198279365,-146.44182592770665,-147.07587395525013,0,0.0,5.978954081632653e-05,100352
bayesfl_observability_v1,ola_sparse_bayesian_keep010_seed42,0,ola,global,,,layers.0.weight,db,11,-146.44182592770665,-145.17372987261967,-145.80777790016316,2,1.5716354339899463e-05,7.971938775510203e-05,100352
bayesfl_observability_v1,ola_sparse_bayesian_keep010_seed42,0,ola,global,,,layers.0.weight,db,12,-145.17372987261967,-143.90563381753267,-144.5396818450762,1,7.858177169949555e-06,8.96843112244898e-05,100352
bayesfl_observability_v1,ola_sparse_bayesian_keep010_seed42,0,ola,global,,,layers.0.weight,db,13,-143.90563381753267,-142.63753776244567,-143.27158578998916,1,7.858177169949555e-06,9.964923469387755e-05,100352
bayesfl_observability_v1,ola_sparse_bayesian_keep010_seed42,0,ola,global,,,layers.0.weight,db,14,-142.63753776244567,-141.3694417073587,-142.0034897349022,1,7.858177169949732e-06,0.0001096141581632653,100352
bayesfl_observability_v1,ola_sparse_bayesian_keep010_seed42,0,ola,global,,,layers.0.weight,db,15,-141.3694417073587,-140.1013456522717,-140.73539367981522,3,2.3574531509848668e-05,0.00013950892857142856,100352
bayesfl_observability_v1,ola_sparse_bayesian_keep010_seed42,0,ola,global,,,layers.0.weight,db,16,-140.1013456522717,-138.8332495971847,-139.4672976247282,3,2.3574531509848668e-05,0.00016940369897959184,100352
bayesfl_observability_v1,ola_sparse_bayesian_keep010_seed42,0,ola,global,,,layers.0.weight,db,17,-138.8332495971847,-137.56515354209773,-138.19920156964122,0,0.0,0.00016940369897959184,100352
bayesfl_observability_v1,ola_sparse_bayesian_keep010_seed42,0,ola,global,,,layers.0.weight,db,18,-137.56515354209773,-136.29705748701073,-136.93110551455425,1,7.858177169949555e-06,0.0001793686224489796,100352
bayesfl_observability_v1,ola_sparse_bayesian_keep010_seed42,0,ola,global,,,layers.0.weight,db,19,-136.29705748701073,-135.02896143192373,-135.66300945946722,1,7.858177169949555e-06,0.00018933354591836734,100352
bayesfl_observability_v1,ola_sparse_bayesian_keep010_seed42,0,ola,global,,,layers.0.weight,db,20,-135.02896143192373,-133.76086537683673,-134.39491340438025,0,0.0,0.00018933354591836734,100352
bayesfl_observability_v1,ola_sparse_bayesian_keep010_seed42,0,ola,global,,,layers.0.weight,db,21,-133.76086537683673,-132.49276932174976,-133.12681734929325,4,3.1432708679798926e-05,0.00022919323979591838,100352
bayesfl_observability_v1,ola_sparse_bayesian_keep010_seed42,0,ola,global,,,layers.0.weight,db,22,-132.49276932174976,-131.22467326666276,-131.85872129420625,4,3.143270867979822e-05,0.00026905293367346936,100352
bayesfl_observability_v1,ola_sparse_bayesian_keep010_seed42,0,ola,global,,,layers.0.weight,db,23,-131.22467326666276,-129.95657721157576,-130.59062523911928,5,3.9290885849747775e-05,0.00031887755102040814,100352
bayesfl_observability_v1,ola_sparse_bayesian_keep010_seed42,0,ola,global,,,layers.0.weight,db,24,-129.95657721157576,-128.6884811564888,-129.32252918403228,4,3.1432708679798926e-05,0.0003587372448979592,100352
bayesfl_observability_v1,ola_sparse_bayesian_keep010_seed42,0,ola,global,,,layers.0.weight,db,25,-128.6884811564888,-127.42038510140179,-128.05443312894528,1,7.858177169949555e-06,0.0003687021683673469,100352
bayesfl_observability_v1,ola_sparse_bayesian_keep010_seed42,0,ola,global,,,layers.0.weight,db,26,-127.42038510140179,-126.15228904631479,-126.78633707385829,2,1.571635433989911e-05,0.00038863201530612245,100352
bayesfl_observability_v1,ola_sparse_bayesian_keep010_seed42,0,ola,global,,,layers.0.weight,db,27,-126.15228904631479,-124.8841929912278,-125.5182410187713,8,6.286541735959715e-05,0.00046835140306122447,100352
bayesfl_observability_v1,ola_sparse_bayesian_keep010_seed42,0,ola,global,,,layers.0.weight,db,28,-124.8841929912278,-123.61609693614082,-124.2501449636843,9,7.072359452954679e-05,0.0005580357142857143,100352
bayesfl_observability_v1,ola_sparse_bayesian_keep010_seed42,0,ola,global,,,layers.0.weight,db,29,-123.61609693614082,-122.34800088105382,-122.98204890859732,11,8.643994886944511e-05,0.0006676498724489796,100352
bayesfl_observability_v1,ola_sparse_bayesian_keep010_seed42,0,ola,global,,,layers.0.weight,db,30,-122.34800088105382,-121.07990482596684,-121.71395285351034,9,7.072359452954679e-05,0.0007573341836734694,100352
bayesfl_observability_v1,ola_sparse_bayesian_keep010_seed42,0,ola,global,,,layers.0.weight,db,31,-121.07990482596684,-119.81180877087985,-120.44585679842334,11,8.643994886944607e-05,0.0008669483418367347,100352
bayesfl_observability_v1,ola_sparse_bayesian_keep010_seed42,0,ola,global,,,layers.0.weight,db,32,-119.81180877087985,-118.54371271579285,-119.17776074333635,14,0.00011001448037929378,0.0010064572704081632,100352
bayesfl_observability_v1,ola_sparse_bayesian_keep010_seed42,0,ola,global,,,layers.0.weight,db,33,-118.54371271579285,-117.27561666070585,-117.90966468824935,14,0.00011001448037929378,0.001145966198979592,100352
bayesfl_observability_v1,ola_sparse_bayesian_keep010_seed42,0,ola,global,,,layers.0.weight,db,34,-117.27561666070585,-116.00752060561888,-116.64156863316236,15,0.00011787265754924597,0.001295440051020408,100352
bayesfl_observability_v1,ola_sparse_bayesian_keep010_seed42,0,ola,global,,,layers.0.weight,db,35,-116.00752060561888,-114.73942455053188,-115.37347257807538,24,0.00018859625207878934,0.0015345982142857143,100352
bayesfl_observability_v1,ola_sparse_bayesian_keep010_seed42,0,ola,global,,,layers.0.weight,db,36,-114.73942455053188,-113.47132849544488,-114.10537652298838,31,0.00024360349226843622,0.0018435108418367347,100352
bayesfl_observability_v1,ola_sparse_bayesian_keep010_seed42,0,ola,global,,,layers.0.weight,db,37,-113.47132849544488,-112.2032324403579,-112.8372804679014,21,0.00016502172056894252,0.0020527742346938774,100352
bayesfl_observability_v1,ola_sparse_bayesian_keep010_seed42,0,ola,global,,,layers.0.weight,db,38,-112.2032324403579,-110.93513638527091,-111.5691844128144,35,0.00027503620094823753,0.002401546556122449,100352
bayesfl_observability_v1,ola_sparse_bayesian_keep010_seed42,0,ola,global,,,layers.0.weight,db,39,-110.93513638527091,-109.66704033018391,-110.30108835772741,36,0.000282894378118184,0.002760283801020408,100352
bayesfl_observability_v1,ola_sparse_bayesian_keep010_seed42,0,ola,global,,,layers.0.weight,db,40,-109.66704033018391,-108.39894427509692,-109.03299230264042,41,0.0003221852639679354,0.003168845663265306,100352
bayesfl_observability_v1,ola_sparse_bayesian_keep010_seed42,0,ola,global,,,layers.0.weight,db,41,-108.39894427509692,-107.13084822000994,-107.76489624755342,53,0.0004164833900073311,0.003696986607142857,100352
bayesfl_observability_v1,ola_sparse_bayesian_keep010_seed42,0,ola,global,,,layers.0.weight,db,42,-107.13084822000994,-105.86275216492294,-106.49680019246644,75,0.0005893632877462167,0.004444355867346939,100352
bayesfl_observability_v1,ola_sparse_bayesian_keep010_seed42,0,ola,global,,,layers.0.weight,db,43,-105.86275216492294,-104.59465610983595,-105.22870413737945,69,0.0005422142247265254,0.005131935586734694,100352
bayesfl_observability_v1,ola_sparse_bayesian_keep010_seed42,0,ola,global,,,layers.0.weight,db,44,-104.59465610983595,-103.32656005474897,-103.96060808229245,107,0.0008408249571846118,0.006198182397959184,100352
bayesfl_observability_v1,ola_sparse_bayesian_keep010_seed42,0,ola,global,,,layers.0.weight,db,45,-103.32656005474897,-102.05846399966197,-102.69251202720547,108,0.0008486831343545519,0.007274394132653061,100352
bayesfl_observability_v1,ola_sparse_bayesian_keep010_seed42,0,ola,global,,,layers.0.weight,db,46,-102.05846399966197,-100.79036794457497,-101.42441597211847,128,0.001005846677753543,0.008549904336734694,100352
bayesfl_observability_v1,ola_sparse_bayesian_keep010_seed42,0,ola,global,,,layers.0.weight,db,47,-100.79036794457497,-99.52227188948798,-100.15631991703148,141,0.0011080029809628997,0.009954958545918368,100352
bayesfl_observability_v1,ola_sparse_bayesian_keep010_seed42,0,ola,global,,,layers.0.weight,db,48,-99.52227188948798,-98.254175834401,-98.88822386194448,152,0.0011944429298323459,0.011469626913265306,100352
bayesfl_observability_v1,ola_sparse_bayesian_keep010_seed42,0,ola,global,,,layers.0.weight,db,49,-98.254175834401,-96.986079779314,-97.6201278068575,165,0.0012965992330416767,0.013113839285714286,100352
bayesfl_observability_v1,ola_sparse_bayesian_keep010_seed42,0,ola,global,,,layers.0.weight,db,50,-96.986079779314,-95.71798372422701,-96.35203175177051,201,0.0015794936111598783,0.015116788903061224,100352
bayesfl_observability_v1,ola_sparse_bayesian_keep010_seed42,0,ola,global,,,layers.0.weight,db,51,-95.71798372422701,-94.44988766914003,-95.08393569668351,224,0.0017602316860687202,0.01734893176020408,100352
bayesfl_observability_v1,ola_sparse_bayesian_keep010_seed42,0,ola,global,,,layers.0.weight,db,52,-94.44988766914003,-93.18179161405303,-93.81583964159653,259,0.002035267887016935,0.01992984693877551,100352
bayesfl_observability_v1,ola_sparse_bayesian_keep010_seed42,0,ola,global,,,layers.0.weight,db,53,-93.18179161405303,-91.91369555896604,-92.54774358650954,295,0.0023181622651351447,0.0228694993622449,100352
bayesfl_observability_v1,ola_sparse_bayesian_keep010_seed42,0,ola,global,,,layers.0.weight,db,54,-91.91369555896604,-90.64559950387905,-91.27964753142254,334,0.002624631174763181,0.02619778380102041,100352
bayesfl_observability_v1,ola_sparse_bayesian_keep010_seed42,0,ola,global,,,layers.0.weight,db,55,-90.64559950387905,-89.37750344879205,-90.01155147633555,399,0.0031354126908098726,0.03017378826530612,100352
bayesfl_observability_v1,ola_sparse_bayesian_keep010_seed42,0,ola,global,,,layers.0.weight,db,56,-89.37750344879205,-88.10940739370507,-88.74345542124857,520,0.0040862521283738145,0.03535554846938776,100352
bayesfl_observability_v1,ola_sparse_bayesian_keep010_seed42,0,ola,global,,,layers.0.weight,db,57,-88.10940739370507,-86.84131133861807,-87.47535936616157,531,0.004172692077243214,0.040646922831632654,100352
bayesfl_observability_v1,ola_sparse_bayesian_keep010_seed42,0,ola,global,,,layers.0.weight,db,58,-86.84131133861807,-85.57321528353108,-86.20726331107457,631,0.004958509794238225,0.04693478954081633,100352
bayesfl_observability_v1,ola_sparse_bayesian_keep010_seed42,0,ola,global,,,layers.0.weight,db,59,-85.57321528353108,-84.3051192284441,-84.9391672559876,721,0.005665745739533693,0.054119499362244895,100352
bayesfl_observability_v1,ola_sparse_bayesian_keep010_seed42,0,ola,global,,,layers.0.weight,db,60,-84.3051192284441,-83.0370231733571,-83.6710712009006,831,0.006530145228228081,0.062400350765306124,100352
bayesfl_observability_v1,ola_sparse_bayesian_keep010_seed42,0,ola,global,,,layers.0.weight,db,61,-83.0370231733571,-81.76892711827011,-82.4029751458136,962,0.007559566437491557,0.07198660714285714,100352
bayesfl_observability_v1,ola_sparse_bayesian_keep010_seed42,0,ola,global,,,layers.0.weight,db,62,-81.76892711827011,-80.50083106318311,-81.13487909072661,1156,0.009084052808461685,0.08350605867346939,100352
bayesfl_observability_v1,ola_sparse_bayesian_keep010_seed42,0,ola,global,,,layers.0.weight,db,63,-80.50083106318311,-79.23273500809613,-79.86678303563963,1278,0.010042750423195645,0.09624123086734694,100352
bayesfl_observability_v1,ola_sparse_bayesian_keep010_seed42,0,ola,global,,,layers.0.weight,db,64,-79.23273500809613,-77.96463895300914,-78.59868698055263,1411,0.011087887986798948,0.11030173788265306,100352
bayesfl_observability_v1,ola_sparse_bayesian_keep010_seed42,0,ola,global,,,layers.0.weight,db,65,-77.96463895300914,-76.69654289792214,-77.33059092546564,1814,0.014254733386288493,0.12837810905612246,100352
bayesfl_observability_v1,ola_sparse_bayesian_keep010_seed42,0,ola,global,,,layers.0.weight,db,66,-76.69654289792214,-75.42844684283516,-76.06249487037866,2001,0.015724212517069236,0.14831792091836735,100352
bayesfl_observability_v1,ola_sparse_bayesian_keep010_seed42,0,ola,global,,,layers.0.weight,db,67,-75.42844684283516,-74.16035078774816,-74.79439881529166,2395,0.018820334322029186,0.17218391262755103,100352
bayesfl_observability_v1,ola_sparse_bayesian_keep010_seed42,0,ola,global,,,layers.0.weight,db,68,-74.16035078774816,-72.89225473266117,-73.52630276020466,2685,0.021099205701314794,0.19893973214285715,100352
bayesfl_observability_v1,ola_sparse_bayesian_keep010_seed42,0,ola,global,,,layers.0.weight,db,69,-72.89225473266117,-71.62415867757419,-72.25820670511769,3132,0.024611810896282282,0.23014987244897958,100352
bayesfl_observability_v1,ola_sparse_bayesian_keep010_seed42,0,ola,global,,,layers.0.weight,db,70,-71.62415867757419,-70.35606262248719,-70.99011065003069,3721,0.029240277249382295,0.26722935267857145,100352
bayesfl_observability_v1,ola_sparse_bayesian_keep010_seed42,0,ola,global,,,layers.0.weight,db,71,-70.35606262248719,-69.0879665674002,-69.72201459494369,4279,0.03362514011021452,0.3098692602040816,100352
bayesfl_observability_v1,ola_sparse_bayesian_keep010_seed42,0,ola,global,,,layers.0.weight,db,72,-69.0879665674002,-67.8198705123132,-68.4539185398567,5017,0.03942447486163692,0.35986328125,100352
bayesfl_observability_v1,ola_sparse_bayesian_keep010_seed42,0,ola,global,,,layers.0.weight,db,73,-67.8198705123132,-66.55177445722622,-67.18582248476972,5700,0.044791609868712966,0.4166633450255102,100352
bayesfl_observability_v1,ola_sparse_bayesian_keep010_seed42,0,ola,global,,,layers.0.weight,db,74,-66.55177445722622,-65.28367840213923,-65.91772642968272,6567,0.05160464947505931,0.4821029974489796,100352
bayesfl_observability_v1,ola_sparse_bayesian_keep010_seed42,0,ola,global,,,layers.0.weight,db,75,-65.28367840213923,-64.01558234705223,-64.64963037459573,7635,0.059997182692564856,0.5581851881377551,100352
bayesfl_observability_v1,ola_sparse_bayesian_keep010_seed42,0,ola,global,,,layers.0.weight,db,76,-64.01558234705223,-62.747486291965245,-63.38153431950874,8656,0.06802038158308411,0.6444415656887755,100352
bayesfl_observability_v1,ola_sparse_bayesian_keep010_seed42,0,ola,global,,,layers.0.weight,db,77,-62.747486291965245,-61.47939023687826,-62.11343826442175,10153,0.07978407280649873,0.7456154336734694,100352
bayesfl_observability_v1,ola_sparse_bayesian_keep010_seed42,0,ola,global,,,layers.0.weight,db,78,-61.47939023687826,-60.21129418179126,-60.84534220933476,11800,0.09272649060540475,0.8632015306122449,100352
bayesfl_observability_v1,ola_sparse_bayesian_keep010_seed42,0,ola,global,,,layers.0.weight,db,79,-60.21129418179126,-58.943198126704274,-59.57724615424777,13728,0.1078770561890687,1.0,100352
bayesfl_observability_v1,ola_sparse_bayesian_keep010_seed42,0,ola,global,,,layers.0.bias,raw,0,1.7123994225709006e-06,1.5786234241689106e-05,8.749316832130004e-06,4,2220.4324835153893,0.03125,128
bayesfl_observability_v1,ola_sparse_bayesian_keep010_seed42,0,ola,global,,,layers.0.bias,raw,1,1.5786234241689106e-05,2.9860069060807314e-05,2.2823151651248208e-05,3,1665.324362636542,0.0546875,128
bayesfl_observability_v1,ola_sparse_bayesian_keep010_seed42,0,ola,global,,,layers.0.bias,raw,2,2.9860069060807314e-05,4.393390387992552e-05,3.689698647036642e-05,5,2775.540604394237,0.09375,128
bayesfl_observability_v1,ola_sparse_bayesian_keep010_seed42,0,ola,global,,,layers.0.bias,raw,3,4.393390387992552e-05,5.800773869904372e-05,5.097082128948462e-05,1,555.1081208788474,0.1015625,128
bayesfl_observability_v1,ola_sparse_bayesian_keep010_seed42,0,ola,global,,,layers.0.bias,raw,4,5.800773869904372e-05,7.208157351816193e-05,6.504465610860283e-05,1,555.1081208788472,0.109375,128
bayesfl_observability_v1,ola_sparse_bayesian_keep010_seed42,0,ola,global,,,layers.0.bias,raw,5,7.208157351816193e-05,8.615540833728014e-05,7.911849092772104e-05,1,555.1081208788472,0.1171875,128
bayesfl_observability_v1,ola_sparse_bayesian_keep010_seed42,0,ola,global,,,layers.0.bias,raw,6,8.615540833728014e-05,0.00010022924315639834,9.319232574683925e-05,2,1110.2162417576953,0.1328125,128
bayesfl_observability_v1,ola_sparse_bayesian_keep010_seed42,0,ola,global,,,layers.0.bias,raw,7,0.00010022924315639834,0.00011430307797551655,0.00010726616056595745,2,1110.2162417576944,0.1484375,128
bayesfl_observability_v1,ola_sparse_bayesian_keep010_seed42,0,ola,global,,,layers.0.bias,raw,8,0.00011430307797551655,0.00012837691279463475,0.00012133999538507565,2,1110.2162417576953,0.1640625,128
bayesfl_observability_v1,ola_sparse_bayesian_keep010_seed42,0,ola,global,,,layers.0.bias,raw,9,0.00012837691279463475,0.00014245074761375296,0.00013541383020419386,0,0.0,0.1640625,128
bayesfl_observability_v1,ola_sparse_bayesian_keep010_seed42,0,ola,global,,,layers.0.bias,raw,10,0.00014245074761375296,0.00015652458243287117,0.00014948766502331207,1,555.1081208788472,0.171875,128
bayesfl_observability_v1,ola_sparse_bayesian_keep010_seed42,0,ola,global,,,layers.0.bias,raw,11,0.00015652458243287117,0.00017059841725198938,0.00016356149984243028,3,1665.3243626365415,0.1953125,128
bayesfl_observability_v1,ola_sparse_bayesian_keep010_seed42,0,ola,global,,,layers.0.bias,raw,12,0.00017059841725198938,0.0001846722520711076,0.0001776353346615485,2,1110.2162417576944,0.2109375,128
bayesfl_observability_v1,ola_sparse_bayesian_keep010_seed42,0,ola,global,,,layers.0.bias,raw,13,0.0001846722520711076,0.00019874608689022578,0.00019170916948066667,2,1110.2162417576965,0.2265625,128
bayesfl_observability_v1,ola_sparse_bayesian_keep010_seed42,0,ola,global,,,layers.0.bias,raw,14,0.00019874608689022578,0.000212819921709344,0.00020578300429978488,1,555.1081208788472,0.234375,128
bayesfl_observability_v1,ola_sparse_bayesian_keep010_seed42,0,ola,global,,,layers.0.bias,raw,15,0.000212819921709344,0.0002268937565284622,0.0002198568391189031,1,555.1081208788472,0.2421875,128
bayesfl_observability_v1,ola_sparse_bayesian_keep010_seed42,0,ola,global,,,layers.0.bias,raw,16,0.0002268937565284622,0.0002409675913475804,0.0002339306739380213,1,555.1081208788472,0.25,128
bayesfl_observability_v1,ola_sparse_bayesian_keep010_seed42,0,ola,global,,,layers.0.bias,raw,17,0.0002409675913475804,0.00025504142616669857,0.0002480045087571395,1,555.1081208788493,0.2578125,128
bayesfl_observability_v1,ola_sparse_bayesian_keep010_seed42,0,ola,global,,,layers.0.bias,raw,18,0.00025504142616669857,0.0002691152609858168,0.0002620783435762577,2,1110.2162417576944,0.2734375,128
bayesfl_observability_v1,ola_sparse_bayesian_keep010_seed42,0,ola,global,,,layers.0.bias,raw,19,0.0002691152609858168,0.000283189095804935,0.0002761521783953759,3,1665.3243626365415,0.296875,128
bayesfl_observability_v1,ola_sparse_bayesian_keep010_seed42,0,ola,global,,,layers.0.bias,raw,20,0.000283189095804935,0.0002972629306240532,0.0002902260132144941,3,1665.3243626365415,0.3203125,128
bayesfl_observability_v1,ola_sparse_bayesian_keep010_seed42,0,ola,global,,,layers.0.bias,raw,21,0.0002972629306240532,0.0003113367654431714,0.0003042998480336123,0,0.0,0.3203125,128
bayesfl_observability_v1,ola_sparse_bayesian_keep010_seed42,0,ola,global,,,layers.0.bias,raw,22,0.0003113367654431714,0.0003254106002622896,0.0003183736828527305,1,555.1081208788472,0.328125,128
bayesfl_observability_v1,ola_sparse_bayesian_keep010_seed42,0,ola,global,,,layers.0.bias,raw,23,0.0003254106002622896,0.00033948443508140784,0.00033244751767184873,2,1110.2162417576944,0.34375,128
bayesfl_observability_v1,ola_sparse_bayesian_keep010_seed42,0,ola,global,,,layers.0.bias,raw,24,0.00033948443508140784,0.00035355826990052605,0.00034652135249096694,1,555.1081208788472,0.3515625,128
bayesfl_observability_v1,ola_sparse_bayesian_keep010_seed42,0,ola,global,,,layers.0.bias,raw,25,0.00035355826990052605,0.00036763210471964426,0.00036059518731008515,0,0.0,0.3515625,128
bayesfl_observability_v1,ola_sparse_bayesian_keep010_seed42,0,ola,global,,,layers.0.bias,raw,26,0.00036763210471964426,0.0003817059395387624,0.0003746690221292033,0,0.0,0.3515625,128
bayesfl_observability_v1,ola_sparse_bayesian_keep010_seed42,0,ola,global,,,layers.0.bias,raw,27,0.0003817059395387624,0.0003957797743578806,0.0003887428569483215,1,555.1081208788472,0.359375,128
bayesfl_observability_v1,ola_sparse_bayesian_keep010_seed42,0,ola,global,,,layers.0.bias,raw,28,0.0003957797743578806,0.00040985360917699884,0.00040281669176743973,1,555.1081208788472,0.3671875,128
bayesfl_observability_v1,ola_sparse_bayesian_keep010_seed42,0,ola,global,,,layers.0.bias,raw,29,0.00040985360917699884,0.00042392744399611705,0.00041689052658655794,1,555.1081208788472,0.375,128
bayesfl_observability_v1,ola_sparse_bayesian_keep010_seed42,0,ola,global,,,layers.0.bias,raw,30,0.00042392744399611705,0.00043800127881523526,0.00043096436140567615,1,555.1081208788472,0.3828125,128
bayesfl_observability_v1,ola_sparse_bayesian_keep010_seed42,0,ola,global,,,layers.0.bias,raw,31,0.00043800127881523526,0.00045207511363435347,0.00044503819622479437,2,1110.2162417576944,0.3984375,128
bayesfl_observability_v1,ola_sparse_bayesian_keep010_seed42,0,ola,global,,,layers.0.bias,raw,32,0.00045207511363435347,0.0004661489484534717,0.0004591120310439126,3,1665.3243626365415,0.421875,128
bayesfl_observability_v1,ola_sparse_bayesian_keep010_seed42,0,ola,global,,,layers.0.bias,raw,33,0.0004661489484534717,0.0004802227832725899,0.0004731858658630308,1,555.1081208788472,0.4296875,128
bayesfl_observability_v1,ola_sparse_bayesian_keep010_seed42,0,ola,global,,,layers.0.bias,raw,34,0.0004802227832725899,0.0004942966180917081,0.000487259700682149,1,555.1081208788472,0.4375,128
bayesfl_observability_v1,ola_sparse_bayesian_keep010_seed42,0,ola,global,,,layers.0.bias,raw,35,0.0004942966180917081,0.0005083704529108263,0.0005013335355012672,2,1110.2162417576944,0.453125,128
bayesfl_observability_v1,ola_sparse_bayesian_keep010_seed42,0,ola,global,,,layers.0.bias,raw,36,0.0005083704529108263,0.0005224442877299445,0.0005154073703203854,1,555.1081208788472,0.4609375,128
bayesfl_observability_v1,ola_sparse_bayesian_keep010_seed42,0,ola,global,,,layers.0.bias,raw,37,0.0005224442877299445,0.0005365181225490627,0.0005294812051395036,0,0.0,0.4609375,128
bayesfl_observability_v1,ola_sparse_bayesian_keep010_seed42,0,ola,global,,,layers.0.bias,raw,38,0.0005365181225490627,0.000550591957368181,0.0005435550399586218,2,1110.2162417576944,0.4765625,128
bayesfl_observability_v1,ola_sparse_bayesian_keep010_seed42,0,ola,global,,,layers.0.bias,raw,39,0.000550591957368181,0.0005646657921872992,0.00055762887477774,1,555.1081208788472,0.484375,128
bayesfl_observability_v1,ola_sparse_bayesian_keep010_seed42,0,ola,global,,,layers.0.bias,raw,40,0.0005646657921872992,0.0005787396270064174,0.0005717027095968583,0,0.0,0.484375,128
bayesfl_observability_v1,ola_sparse_bayesian_keep010_seed42,0,ola,global,,,layers.0.bias,raw,41,0.0005787396270064174,0.0005928134618255356,0.0005857765444159765,2,1110.2162417576944,0.5,128
bayesfl_observability_v1,ola_sparse_bayesian_keep010_seed42,0,ola,global,,,layers.0.bias,raw,42,0.0005928134618255356,0.0006068872966446538,0.0005998503792350947,4,2220.432483515389,0.53125,128
bayesfl_observability_v1,ola_sparse_bayesian_keep010_seed42,0,ola,global,,,layers.0.bias,raw,43,0.0006068872966446538,0.000620961131463772,0.0006139242140542129,1,555.1081208788472,0.5390625,128
bayesfl_observability_v1,ola_sparse_bayesian_keep010_seed42,0,ola,global,,,layers.0.bias,raw,44,0.000620961131463772,0.0006350349662828902,0.0006279980488733311,1,555.1081208788472,0.546875,128
bayesfl_observability_v1,ola_sparse_bayesian_keep010_seed42,0,ola,global,,,layers.0.bias,raw,45,0.0006350349662828902,0.0006491088011020084,0.0006420718836924493,1,555.1081208788472,0.5546875,128
bayesfl_observability_v1,ola_sparse_bayesian_keep010_seed42,0,ola,global,,,layers.0.bias,raw,46,0.0006491088011020084,0.0006631826359211266,0.0006561457185115675,0,0.0,0.5546875,128
bayesfl_observability_v1,ola_sparse_bayesian_keep010_seed42,0,ola,global,,,layers.0.bias,raw,47,0.0006631826359211266,0.0006772564707402448,0.0006702195533306857,2,1110.2162417576944,0.5703125,128
bayesfl_observability_v1,ola_sparse_bayesian_keep010_seed42,0,ola,global,,,layers.0.bias,raw,48,0.0006772564707402448,0.0006913303055593631,0.000684293388149804,4,2220.432483515389,0.6015625,128
bayesfl_observability_v1,ola_sparse_bayesian_keep010_seed42,0,ola,global,,,layers.0.bias,raw,49,0.0006913303055593631,0.0007054041403784813,0.0006983672229689222,3,1665.3243626365415,0.625,128
bayesfl_observability_v1,ola_sparse_bayesian_keep010_seed42,0,ola,global,,,layers.0.bias,raw,50,0.0007054041403784813,0.0007194779751975995,0.0007124410577880404,2,1110.2162417576944,0.640625,128
bayesfl_observability_v1,ola_sparse_bayesian_keep010_seed42,0,ola,global,,,layers.0.bias,raw,51,0.0007194779751975995,0.0007335518100167177,0.0007265148926071586,3,1665.3243626365415,0.6640625,128
bayesfl_observability_v1,ola_sparse_bayesian_keep010_seed42,0,ola,global,,,layers.0.bias,raw,52,0.0007335518100167177,0.0007476256448358359,0.0007405887274262768,2,1110.2162417576944,0.6796875,128
bayesfl_observability_v1,ola_sparse_bayesian_keep010_seed42,0,ola,global,,,layers.0.bias,raw,53,0.0007476256448358359,0.000761699479654954,0.0007546625622453949,1,555.1081208788514,0.6875,128
bayesfl_observability_v1,ola_sparse_bayesian_keep010_seed42,0,ola,global,,,layers.0.bias,raw,54,0.000761699479654954,0.0007757733144740722,0.0007687363970645131,1,555.1081208788472,0.6953125,128
bayesfl_observability_v1,ola_sparse_bayesian_keep010_seed42,0,ola,global,,,layers.0.bias,raw,55,0.0007757733144740722,0.0007898471492931904,0.0007828102318836313,1,555.1081208788472,0.703125,128
bayesfl_observability_v1,ola_sparse_bayesian_keep010_seed42,0,ola,global,,,layers.0.bias,raw,56,0.0007898471492931904,0.0008039209841123086,0.0007968840667027495,1,555.1081208788472,0.7109375,128
bayesfl_observability_v1,ola_sparse_bayesian_keep010_seed42,0,ola,global,,,layers.0.bias,raw,57,0.0008039209841123086,0.0008179948189314269,0.0008109579015218677,2,1110.2162417576944,0.7265625,128
bayesfl_observability_v1,ola_sparse_bayesian_keep010_seed42,0,ola,global,,,layers.0.bias,raw,58,0.0008179948189314269,0.0008320686537505451,0.000825031736340986,1,555.1081208788472,0.734375,128
bayesfl_observability_v1,ola_sparse_bayesian_keep010_seed42,0,ola,global,,,layers.0.bias,raw,59,0.0008320686537505451,0.0008461424885696633,0.0008391055711601042,1,555.1081208788472,0.7421875,128
bayesfl_observability_v1,ola_sparse_bayesian_keep010_seed42,0,ola,global,,,layers.0.bias,raw,60,0.0008461424885696633,0.0008602163233887815,0.0008531794059792224,1,555.1081208788472,0.75,128
bayesfl_observability_v1,ola_sparse_bayesian_keep010_seed42,0,ola,global,,,layers.0.bias,raw,61,0.0008602163233887815,0.0008742901582078997,0.0008672532407983406,2,1110.2162417576944,0.765625,128
bayesfl_observability_v1,ola_sparse_bayesian_keep010_seed42,0,ola,global,,,layers.0.bias,raw,62,0.0008742901582078997,0.0008883639930270179,0.0008813270756174588,0,0.0,0.765625,128
bayesfl_observability_v1,ola_sparse_bayesian_keep010_seed42,0,ola,global,,,layers.0.bias,raw,63,0.0008883639930270179,0.0009024378278461361,0.000895400910436577,2,1110.2162417576944,0.78125,128
bayesfl_observability_v1,ola_sparse_bayesian_keep010_seed42,0,ola,global,,,layers.0.bias,raw,64,0.0009024378278461361,0.0009165116626652543,0.0009094747452556952,1,555.1081208788472,0.7890625,128
bayesfl_observability_v1,ola_sparse_bayesian_keep010_seed42,0,ola,global,,,layers.0.bias,raw,65,0.0009165116626652543,0.0009305854974843725,0.0009235485800748134,2,1110.2162417576944,0.8046875,128
bayesfl_observability_v1,ola_sparse_bayesian_keep010_seed42,0,ola,global,,,layers.0.bias,raw,66,0.0009305854974843725,0.0009446593323034908,0.0009376224148939316,0,0.0,0.8046875,128
bayesfl_observability_v1,ola_sparse_bayesian_keep010_seed42,0,ola,global,,,layers.0.bias,raw,67,0.0009446593323034908,0.000958733167122609,0.0009516962497130499,1,555.1081208788472,0.8125,128
bayesfl_observability_v1,ola_sparse_bayesian_keep010_seed42,0,ola,global,,,layers.0.bias,raw,68,0.000958733167122609,0.0009728070019417272,0.0009657700845321681,3,1665.3243626365415,0.8359375,128
bayesfl_observability_v1,ola_sparse_bayesian_keep010_seed42,0,ola,global,,,layers.0.bias,raw,69,0.0009728070019417272,0.0009868808367608452,0.0009798439193512863,1,555.1081208788557,0.84375,128
bayesfl_observability_v1,ola_sparse_bayesian_keep010_seed42,0,ola,global,,,layers.0.bias,raw,70,0.0009868808367608452,0.0010009546715799634,0.0009939177541704043,3,1665.3243626365415,0.8671875,128
bayesfl_observability_v1,ola_sparse_bayesian_keep010_seed42,0,ola,global,,,layers.0.bias,raw,71,0.0010009546715799634,0.0010150285063990816,0.0010079915889895225,1,555.1081208788472,0.875,128
bayesfl_observability_v1,ola_sparse_bayesian_keep010_seed42,0,ola,global,,,layers.0.bias,raw,72,0.0010150285063990816,0.0010291023412181998,0.0010220654238086407,2,1110.2162417576944,0.890625,128
bayesfl_observability_v1,ola_sparse_bayesian_keep010_seed42,0,ola,global,,,layers.0.bias,raw,73,0.0010291023412181998,0.001043176176037318,0.001036139258627759,1,555.1081208788472,0.8984375,128
bayesfl_observability_v1,ola_sparse_bayesian_keep010_seed42,0,ola,global,,,layers.0.bias,raw,74,0.001043176176037318,0.0010572500108564362,0.0010502130934468771,1,555.1081208788472,0.90625,128
bayesfl_observability_v1,ola_sparse_bayesian_keep010_seed42,0,ola,global,,,layers.0.bias,raw,75,0.0010572500108564362,0.0010713238456755544,0.0010642869282659953,2,1110.2162417576944,0.921875,128
bayesfl_observability_v1,ola_sparse_bayesian_keep010_seed42,0,ola,global,,,layers.0.bias,raw,76,0.0010713238456755544,0.0010853976804946726,0.0010783607630851135,2,1110.2162417576944,0.9375,128
bayesfl_observability_v1,ola_sparse_bayesian_keep010_seed42,0,ola,global,,,layers.0.bias,raw,77,0.0010853976804946726,0.0010994715153137909,0.0010924345979042318,2,1110.2162417576944,0.953125,128
bayesfl_observability_v1,ola_sparse_bayesian_keep010_seed42,0,ola,global,,,layers.0.bias,raw,78,0.0010994715153137909,0.001113545350132909,0.00110650843272335,1,555.1081208788472,0.9609375,128
bayesfl_observability_v1,ola_sparse_bayesian_keep010_seed42,0,ola,global,,,layers.0.bias,raw,79,0.001113545350132909,0.0011276191849520273,0.0011205822675424682,5,2775.5406043942357,1.0,128
bayesfl_observability_v1,ola_sparse_bayesian_keep010_seed42,0,ola,global,,,layers.0.bias,db,0,-115.32789347332795,-114.62325419076262,-114.97557383204528,1,0.011087233132330704,0.0078125,128
bayesfl_observability_v1,ola_sparse_bayesian_keep010_seed42,0,ola,global,,,layers.0.bias,db,1,-114.62325419076262,-113.91861490819728,-114.27093454947996,0,0.0,0.0078125,128
bayesfl_observability_v1,ola_sparse_bayesian_keep010_seed42,0,ola,global,,,layers.0.bias,db,2,-113.91861490819728,-113.21397562563196,-113.56629526691462,0,0.0,0.0078125,128
bayesfl_observability_v1,ola_sparse_bayesian_keep010_seed42,0,ola,global,,,layers.0.bias,db,3,-113.21397562563196,-112.50933634306662,-112.86165598434928,0,0.0,0.0078125,128
bayesfl_observability_v1,ola_sparse_bayesian_keep010_seed42,0,ola,global,,,layers.0.bias,db,4,-112.50933634306662,-111.8046970605013,-112.15701670178396,0,0.0,0.0078125,128
bayesfl_observability_v1,ola_sparse_bayesian_keep010_seed42,0,ola,global,,,layers.0.bias,db,5,-111.8046970605013,-111.10005777793596,-111.45237741921864,0,0.0,0.0078125,128
bayesfl_observability_v1,ola_sparse_bayesian_keep010_seed42,0,ola,global,,,layers.0.bias,db,6,-111.10005777793596,-110.39541849537063,-110.7477381366533,0,0.0,0.0078125,128
bayesfl_observability_v1,ola_sparse_bayesian_keep010_seed42,0,ola,global,,,layers.0.bias,db,7,-110.39541849537063,-109.6907792128053,-110.04309885408796,0,0.0,0.0078125,128
bayesfl_observability_v1,ola_sparse_bayesian_keep010_seed42,0,ola,global,,,layers.0.bias,db,8,-109.6907792128053,-108.98613993023997,-109.33845957152263,0,0.0,0.0078125,128
bayesfl_observability_v1,ola_sparse_bayesian_keep010_seed42,0,ola,global,,,layers.0.bias,db,9,-108.98613993023997,-108.28150064767463,-108.63382028895731,0,0.0,0.0078125,128
bayesfl_observability_v1,ola_sparse_bayesian_keep010_seed42,0,ola,global,,,layers.0.bias,db,10,-108.28150064767463,-107.57686136510931,-107.92918100639197,0,0.0,0.0078125,128
bayesfl_observability_v1,ola_sparse_bayesian_keep010_seed42,0,ola,global,,,layers.0.bias,db,11,-107.57686136510931,-106.87222208254397,-107.22454172382663,0,0.0,0.0078125,128
bayesfl_observability_v1,ola_sparse_bayesian_keep010_seed42,0,ola,global,,,layers.0.bias,db,12,-106.87222208254397,-106.16758279997865,-106.51990244126131,0,0.0,0.0078125,128
bayesfl_observability_v1,ola_sparse_bayesian_keep010_seed42,0,ola,global,,,layers.0.bias,db,13,-106.16758279997865,-105.46294351741332,-105.81526315869598,0,0.0,0.0078125,128
bayesfl_observability_v1,ola_sparse_bayesian_keep010_seed42,0,ola,global,,,layers.0.bias,db,14,-105.46294351741332,-104.75830423484798,-105.11062387613066,0,0.0,0.0078125,128
bayesfl_observability_v1,ola_sparse_bayesian_keep010_seed42,0,ola,global,,,layers.0.bias,db,15,-104.75830423484798,-104.05366495228266,-104.40598459356532,0,0.0,0.0078125,128
bayesfl_observability_v1,ola_sparse_bayesian_keep010_seed42,0,ola,global,,,layers.0.bias,db,16,-104.05366495228266,-103.34902566971732,-103.70134531099998,0,0.0,0.0078125,128
bayesfl_observability_v1,ola_sparse_bayesian_keep010_seed42,0,ola,global,,,layers.0.bias,db,17,-103.34902566971732,-102.644386387152,-102.99670602843466,0,0.0,0.0078125,128
bayesfl_observability_v1,ola_sparse_bayesian_keep010_seed42,0,ola,global,,,layers.0.bias,db,18,-102.644386387152,-101.93974710458666,-102.29206674586933,0,0.0,0.0078125,128
bayesfl_observability_v1,ola_sparse_bayesian_keep010_seed42,0,ola,global,,,layers.0.bias,db,19,-101.93974710458666,-101.23510782202133,-101.587427463304,1,0.011087233132330704,0.015625,128
bayesfl_observability_v1,ola_sparse_bayesian_keep010_seed42,0,ola,global,,,layers.0.bias,db,20,-101.23510782202133,-100.530468539456,-100.88278818073866,0,0.0,0.015625,128
bayesfl_observability_v1,ola_sparse_bayesian_keep010_seed42,0,ola,global,,,layers.0.bias,db,21,-100.530468539456,-99.82582925689067,-100.17814889817333,0,0.0,0.015625,128
bayesfl_observability_v1,ola_sparse_bayesian_keep010_seed42,0,ola,global,,,layers.0.bias,db,22,-99.82582925689067,-99.12118997432535,-99.47350961560801,0,0.0,0.015625,128
bayesfl_observability_v1,ola_sparse_bayesian_keep010_seed42,0,ola,global,,,layers.0.bias,db,23,-99.12118997432535,-98.41655069176001,-98.76887033304268,0,0.0,0.015625,128
bayesfl_observability_v1,ola_sparse_bayesian_keep010_seed42,0,ola,global,,,layers.0.bias,db,24,-98.41655069176001,-97.71191140919467,-98.06423105047733,1,0.01108723313233048,0.0234375,128
bayesfl_observability_v1,ola_sparse_bayesian_keep010_seed42,0,ola,global,,,layers.0.bias,db,25,-97.71191140919467,-97.00727212662935,-97.35959176791201,0,0.0,0.0234375,128
bayesfl_observability_v1,ola_sparse_bayesian_keep010_seed42,0,ola,global,,,layers.0.bias,db,26,-97.00727212662935,-96.30263284406402,-96.65495248534668,1,0.011087233132330704,0.03125,128
bayesfl_observability_v1,ola_sparse_bayesian_keep010_seed42,0,ola,global,,,layers.0.bias,db,27,-96.30263284406402,-95.59799356149868,-95.95031320278136,0,0.0,0.03125,128
bayesfl_observability_v1,ola_sparse_bayesian_keep010_seed42,0,ola,global,,,layers.0.bias,db,28,-95.59799356149868,-94.89335427893336,-95.24567392021602,0,0.0,0.03125,128
bayesfl_observability_v1,ola_sparse_bayesian_keep010_seed42,0,ola,global,,,layers.0.bias,db,29,-94.89335427893336,-94.18871499636802,-94.54103463765068,0,0.0,0.03125,128
bayesfl_observability_v1,ola_sparse_bayesian_keep010_seed42,0,ola,global,,,layers.0.bias,db,30,-94.18871499636802,-93.4840757138027,-93.83639535508536,1,0.011087233132330704,0.0390625,128
bayesfl_observability_v1,ola_sparse_bayesian_keep010_seed42,0,ola,global,,,layers.0.bias,db,31,-93.4840757138027,-92.77943643123736,-93.13175607252003,0,0.0,0.0390625,128
bayesfl_observability_v1,ola_sparse_bayesian_keep010_seed42,0,ola,global,,,layers.0.bias,db,32,-92.77943643123736,-92.07479714867203,-92.4271167899547,1,0.011087233132330704,0.046875,128
bayesfl_observability_v1,ola_sparse_bayesian_keep010_seed42,0,ola,global,,,layers.0.bias,db,33,-92.07479714867203,-91.3701578661067,-91.72247750738936,0,0.0,0.046875,128
bayesfl_observability_v1,ola_sparse_bayesian_keep010_seed42,0,ola,global,,,layers.0.bias,db,34,-91.3701578661067,-90.66551858354137,-91.01783822482403,1,0.011087233132330704,0.0546875,128
bayesfl_observability_v1,ola_sparse_bayesian_keep010_seed42,0,ola,global,,,layers.0.bias,db,35,-90.66551858354137,-89.96087930097605,-90.31319894225871,0,0.0,0.0546875,128
bayesfl_observability_v1,ola_sparse_bayesian_keep010_seed42,0,ola,global,,,layers.0.bias,db,36,-89.96087930097605,-89.25624001841071,-89.60855965969338,3,0.03326169939699144,0.078125,128
bayesfl_observability_v1,ola_sparse_bayesian_keep010_seed42,0,ola,global,,,layers.0.bias,db,37,-89.25624001841071,-88.55160073584537,-88.90392037712803,1,0.01108723313233048,0.0859375,128
bayesfl_observability_v1,ola_sparse_bayesian_keep010_seed42,0,ola,global,,,layers.0.bias,db,38,-88.55160073584537,-87.84696145328004,-88.1992810945627,1,0.011087233132330704,0.09375,128
bayesfl_observability_v1,ola_sparse_bayesian_keep010_seed42,0,ola,global,,,layers.0.bias,db,39,-87.84696145328004,-87.14232217071472,-87.49464181199738,0,0.0,0.09375,128
bayesfl_observability_v1,ola_sparse_bayesian_keep010_seed42,0,ola,global,,,layers.0.bias,db,40,-87.14232217071472,-86.43768288814938,-86.79000252943206,1,0.01108723313233048,0.1015625,128
bayesfl_observability_v1,ola_sparse_bayesian_keep010_seed42,0,ola,global,,,layers.0.bias,db,41,-86.43768288814938,-85.73304360558406,-86.08536324686672,0,0.0,0.1015625,128
bayesfl_observability_v1,ola_sparse_bayesian_keep010_seed42,0,ola,global,,,layers.0.bias,db,42,-85.73304360558406,-85.02840432301872,-85.38072396430138,0,0.0,0.1015625,128
bayesfl_observability_v1,ola_sparse_bayesian_keep010_seed42,0,ola,global,,,layers.0.bias,db,43,-85.02840432301872,-84.3237650404534,-84.67608468173606,1,0.011087233132330704,0.109375,128
bayesfl_observability_v1,ola_sparse_bayesian_keep010_seed42,0,ola,global,,,layers.0.bias,db,44,-84.3237650404534,-83.61912575788806,-83.97144539917073,0,0.0,0.109375,128
bayesfl_observability_v1,ola_sparse_bayesian_keep010_seed42,0,ola,global,,,layers.0.bias,db,45,-83.61912575788806,-82.91448647532273,-83.2668061166054,0,0.0,0.109375,128
bayesfl_observability_v1,ola_sparse_bayesian_keep010_seed42,0,ola,global,,,layers.0.bias,db,46,-82.91448647532273,-82.2098471927574,-82.56216683404006,0,0.0,0.109375,128
bayesfl_observability_v1,ola_sparse_bayesian_keep010_seed42,0,ola,global,,,layers.0.bias,db,47,-82.2098471927574,-81.50520791019207,-81.85752755147473,1,0.011087233132330704,0.1171875,128
bayesfl_observability_v1,ola_sparse_bayesian_keep010_seed42,0,ola,global,,,layers.0.bias,db,48,-81.50520791019207,-80.80056862762675,-81.15288826890941,1,0.011087233132330704,0.125,128
bayesfl_observability_v1,ola_sparse_bayesian_keep010_seed42,0,ola,global,,,layers.0.bias,db,49,-80.80056862762675,-80.0959293450614,-80.44824898634408,1,0.01108723313233048,0.1328125,128
bayesfl_observability_v1,ola_sparse_bayesian_keep010_seed42,0,ola,global,,,layers.0.bias,db,50,-80.0959293450614,-79.39129006249607,-79.74360970377873,0,0.0,0.1328125,128
bayesfl_observability_v1,ola_sparse_bayesian_keep010_seed42,0,ola,global,,,layers.0.bias,db,51,-79.39129006249607,-78.68665077993074,-79.0389704212134,2,0.022174466264661408,0.1484375,128
bayesfl_observability_v1,ola_sparse_bayesian_keep010_seed42,0,ola,global,,,layers.0.bias,db,52,-78.68665077993074,-77.98201149736542,-78.33433113864808,1,0.011087233132330704,0.15625,128
bayesfl_observability_v1,ola_sparse_bayesian_keep010_seed42,0,ola,global,,,layers.0.bias,db,53,-77.98201149736542,-77.27737221480008,-77.62969185608276,1,0.01108723313233048,0.1640625,128
bayesfl_observability_v1,ola_sparse_bayesian_keep010_seed42,0,ola,global,,,layers.0.bias,db,54,-77.27737221480008,-76.57273293223474,-76.9250525735174,1,0.01108723313233048,0.171875,128
bayesfl_observability_v1,ola_sparse_bayesian_keep010_seed42,0,ola,global,,,layers.0.bias,db,55,-76.57273293223474,-75.86809364966942,-76.22041329095208,1,0.011087233132330704,0.1796875,128
bayesfl_observability_v1,ola_sparse_bayesian_keep010_seed42,0,ola,global,,,layers.0.bias,db,56,-75.86809364966942,-75.1634543671041,-75.51577400838676,3,0.03326169939699211,0.203125,128
bayesfl_observability_v1,ola_sparse_bayesian_keep010_seed42,0,ola,global,,,layers.0.bias,db,57,-75.1634543671041,-74.45881508453877,-74.81113472582143,3,0.03326169939699211,0.2265625,128
bayesfl_observability_v1,ola_sparse_bayesian_keep010_seed42,0,ola,global,,,layers.0.bias,db,58,-74.45881508453877,-73.75417580197343,-74.10649544325611,1,0.01108723313233048,0.234375,128
bayesfl_observability_v1,ola_sparse_bayesian_keep010_seed42,0,ola,global,,,layers.0.bias,db,59,-73.75417580197343,-73.0495365194081,-73.40185616069076,0,0.0,0.234375,128
bayesfl_observability_v1,ola_sparse_bayesian_keep010_seed42,0,ola,global,,,layers.0.bias,db,60,-73.0495365194081,-72.34489723684277,-72.69721687812543,2,0.022174466264661408,0.25,128
bayesfl_observability_v1,ola_sparse_bayesian_keep010_seed42,0,ola,global,,,layers.0.bias,db,61,-72.34489723684277,-71.64025795427744,-71.9925775955601,2,0.022174466264661408,0.265625,128
bayesfl_observability_v1,ola_sparse_bayesian_keep010_seed42,0,ola,global,,,layers.0.bias,db,62,-71.64025795427744,-70.9356186717121,-71.28793831299478,4,0.04434893252932192,0.296875,128
bayesfl_observability_v1,ola_sparse_bayesian_keep010_seed42,0,ola,global,,,layers.0.bias,db,63,-70.9356186717121,-70.23097938914677,-70.58329903042943,3,0.03326169939699144,0.3203125,128
bayesfl_observability_v1,ola_sparse_bayesian_keep010_seed42,0,ola,global,,,layers.0.bias,db,64,-70.23097938914677,-69.52634010658144,-69.8786597478641,3,0.03326169939699211,0.34375,128
bayesfl_observability_v1,ola_sparse_bayesian_keep010_seed42,0,ola,global,,,layers.0.bias,db,65,-69.52634010658144,-68.82170082401612,-69.17402046529878,1,0.011087233132330704,0.3515625,128
bayesfl_observability_v1,ola_sparse_bayesian_keep010_seed42,0,ola,global,,,layers.0.bias,db,66,-68.82170082401612,-68.11706154145078,-68.46938118273346,1,0.01108723313233048,0.359375,128
bayesfl_observability_v1,ola_sparse_bayesian_keep010_seed42,0,ola,global,,,layers.0.bias,db,67,-68.11706154145078,-67.41242225888544,-67.7647419001681,2,0.02217446626466096,0.375,128
bayesfl_observability_v1,ola_sparse_bayesian_keep010_seed42,0,ola,global,,,layers.0.bias,db,68,-67.41242225888544,-66.70778297632012,-67.06010261760278,5,0.05543616566165352,0.4140625,128
bayesfl_observability_v1,ola_sparse_bayesian_keep010_seed42,0,ola,global,,,layers.0.bias,db,69,-66.70778297632012,-66.0031436937548,-66.35546333503746,5,0.05543616566165352,0.453125,128
bayesfl_observability_v1,ola_sparse_bayesian_keep010_seed42,0,ola,global,,,layers.0.bias,db,70,-66.0031436937548,-65.29850441118947,-65.65082405247213,2,0.022174466264661408,0.46875,128
bayesfl_observability_v1,ola_sparse_bayesian_keep010_seed42,0,ola,global,,,layers.0.bias,db,71,-65.29850441118947,-64.59386512862413,-64.94618476990681,4,0.04434893252932192,0.5,128
bayesfl_observability_v1,ola_sparse_bayesian_keep010_seed42,0,ola,global,,,layers.0.bias,db,72,-64.59386512862413,-63.8892258460588,-64.24154548734147,7,0.07761063192631415,0.5546875,128
bayesfl_observability_v1,ola_sparse_bayesian_keep010_seed42,0,ola,global,,,layers.0.bias,db,73,-63.8892258460588,-63.18458656349347,-63.53690620477613,6,0.06652339879398356,0.6015625,128
bayesfl_observability_v1,ola_sparse_bayesian_keep010_seed42,0,ola,global,,,layers.0.bias,db,74,-63.18458656349347,-62.47994728092814,-62.832266922210806,10,0.11087233132330591,0.6796875,128
bayesfl_observability_v1,ola_sparse_bayesian_keep010_seed42,0,ola,global,,,layers.0.bias,db,75,-62.47994728092814,-61.775307998362806,-62.12762763964547,5,0.05543616566165296,0.71875,128
bayesfl_observability_v1,ola_sparse_bayesian_keep010_seed42,0,ola,global,,,layers.0.bias,db,76,-61.775307998362806,-61.070668715797474,-61.42298835708014,6,0.06652339879398356,0.765625,128
bayesfl_observability_v1,ola_sparse_bayesian_keep010_seed42,0,ola,global,,,layers.0.bias,db,77,-61.070668715797474,-60.36602943323214,-60.718349074514805,6,0.06652339879398356,0.8125,128
bayesfl_observability_v1,ola_sparse_bayesian_keep010_seed42,0,ola,global,,,layers.0.bias,db,78,-60.36602943323214,-59.66139015066681,-60.01370979194948,10,0.11087233132330591,0.890625,128
bayesfl_observability_v1,ola_sparse_bayesian_keep010_seed42,0,ola,global,,,layers.0.bias,db,79,-59.66139015066681,-58.95675086810148,-59.30907050938414,14,0.1552212638526283,1.0,128
bayesfl_observability_v1,ola_sparse_bayesian_keep010_seed42,0,ola,global,,,layers.1.weight,raw,0,2.4256966967205423e-06,3.733046539483601e-05,1.9878081045778275e-05,14,313.3525993137586,0.0109375,1280
bayesfl_observability_v1,ola_sparse_bayesian_keep010_seed42,0,ola,global,,,layers.1.weight,raw,1,3.733046539483601e-05,7.223523409295147e-05,5.4782849743893744e-05,17,380.49958488099264,0.02421875,1280
bayesfl_observability_v1,ola_sparse_bayesian_keep010_seed42,0,ola,global,,,layers.1.weight,raw,2,7.223523409295147e-05,0.00010714000279106695,8.968761844200922e-05,16,358.11725635858124,0.03671875,1280
bayesfl_observability_v1,ola_sparse_bayesian_keep010_seed42,0,ola,global,,,layers.1.weight,raw,3,0.00010714000279106695,0.0001420447714891824,0.00012459238714012468,12,268.58794226893605,0.04609375,1280
bayesfl_observability_v1,ola_sparse_bayesian_keep010_seed42,0,ola,global,,,layers.1.weight,raw,4,0.0001420447714891824,0.00017694954018729786,0.00015949715583824013,18,402.88191340340404,0.06015625,1280
bayesfl_observability_v1,ola_sparse_bayesian_keep010_seed42,0,ola,global,,,layers.1.weight,raw,5,0.00017694954018729786,0.00021185430888541335,0.0001944019245363556,14,313.35259931375845,0.07109375,1280
bayesfl_observability_v1,ola_sparse_bayesian_keep010_seed42,0,ola,global,,,layers.1.weight,raw,6,0.00021185430888541335,0.00024675907758352883,0.0002293066932344711,14,313.35259931375845,0.08203125,1280
bayesfl_observability_v1,ola_sparse_bayesian_keep010_seed42,0,ola,global,,,layers.1.weight,raw,7,0.00024675907758352883,0.0002816638462816443,0.00026421146193258656,13,290.97027079134733,0.0921875,1280
bayesfl_observability_v1,ola_sparse_bayesian_keep010_seed42,0,ola,global,,,layers.1.weight,raw,8,0.0002816638462816443,0.00031656861497975975,0.000299116230630702,21,470.02889897063807,0.10859375,1280
bayesfl_observability_v1,ola_sparse_bayesian_keep010_seed42,0,ola,global,,,layers.1.weight,raw,9,0.00031656861497975975,0.0003514733836778752,0.0003340209993288175,18,402.88191340340404,0.12265625,1280
bayesfl_observability_v1,ola_sparse_bayesian_keep010_seed42,0,ola,global,,,layers.1.weight,raw,10,0.0003514733836778752,0.00038637815237599067,0.00036892576802693294,20,447.6465704482267,0.13828125,1280
bayesfl_observability_v1,ola_sparse_bayesian_keep010_seed42,0,ola,global,,,layers.1.weight,raw,11,0.00038637815237599067,0.00042128292107410613,0.0004038305367250484,21,470.02889897063807,0.1546875,1280
bayesfl_observability_v1,ola_sparse_bayesian_keep010_seed42,0,ola,global,,,layers.1.weight,raw,12,0.00042128292107410613,0.0004561876897722216,0.00043873530542316386,24,537.1758845378721,0.1734375,1280
bayesfl_observability_v1,ola_sparse_bayesian_keep010_seed42,0,ola,global,,,layers.1.weight,raw,13,0.0004561876897722216,0.000491092458470337,0.0004736400741212793,18,402.88191340340404,0.1875,1280
bayesfl_observability_v1,ola_sparse_bayesian_keep010_seed42,0,ola,global,,,layers.1.weight,raw,14,0.000491092458470337,0.0005259972271684525,0.0005085448428193948,16,358.11725635858136,0.2,1280
bayesfl_observability_v1,ola_sparse_bayesian_keep010_seed42,0,ola,global,,,layers.1.weight,raw,15,0.0005259972271684525,0.000560901995866568,0.0005434496115175102,11,246.20561374652468,0.20859375,1280
bayesfl_observability_v1,ola_sparse_bayesian_keep010_seed42,0,ola,global,,,layers.1.weight,raw,16,0.000560901995866568,0.0005958067645646834,0.0005783543802156257,15,335.73492783617,0.2203125,1280
bayesfl_observability_v1,ola_sparse_bayesian_keep010_seed42,0,ola,global,,,layers.1.weight,raw,17,0.0005958067645646834,0.0006307115332627989,0.0006132591489137412,13,290.97027079134733,0.23046875,1280
bayesfl_observability_v1,ola_sparse_bayesian_keep010_seed42,0,ola,global,,,layers.1.weight,raw,18,0.0006307115332627989,0.0006656163019609143,0.0006481639176118566,11,246.20561374652468,0.2390625,1280
bayesfl_observability_v1,ola_sparse_bayesian_keep010_seed42,0,ola,global,,,layers.1.weight,raw,19,0.0006656163019609143,0.0007005210706590298,0.0006830686863099721,18,402.88191340340404,0.253125,1280
bayesfl_observability_v1,ola_sparse_bayesian_keep010_seed42,0,ola,global,,,layers.1.weight,raw,20,0.0007005210706590298,0.0007354258393571453,0.0007179734550080875,12,268.58794226893605,0.2625,1280
bayesfl_observability_v1,ola_sparse_bayesian_keep010_seed42,0,ola,global,,,layers.1.weight,raw,21,0.0007354258393571453,0.0007703306080552607,0.000752878223706203,13,290.97027079134733,0.27265625,1280
bayesfl_observability_v1,ola_sparse_bayesian_keep010_seed42,0,ola,global,,,layers.1.weight,raw,22,0.0007703306080552607,0.0008052353767533762,0.0007877829924043184,16,358.11725635858136,0.28515625,1280
bayesfl_observability_v1,ola_sparse_bayesian_keep010_seed42,0,ola,global,,,layers.1.weight,raw,23,0.0008052353767533762,0.0008401401454514917,0.000822687761102434,21,470.0288989706366,0.3015625,1280
bayesfl_observability_v1,ola_sparse_bayesian_keep010_seed42,0,ola,global,,,layers.1.weight,raw,24,0.0008401401454514917,0.0008750449141496072,0.0008575925298005495,14,313.3525993137587,0.3125,1280
bayesfl_observability_v1,ola_sparse_bayesian_keep010_seed42,0,ola,global,,,layers.1.weight,raw,25,0.0008750449141496072,0.0009099496828477227,0.0008924972984986649,19,425.2642419258154,0.32734375,1280
bayesfl_observability_v1,ola_sparse_bayesian_keep010_seed42,0,ola,global,,,layers.1.weight,raw,26,0.0009099496828477227,0.0009448544515458381,0.0009274020671967804,12,268.58794226893605,0.33671875,1280
bayesfl_observability_v1,ola_sparse_bayesian_keep010_seed42,0,ola,global,,,layers.1.weight,raw,27,0.0009448544515458381,0.0009797592202439537,0.0009623068358948958,15,335.734927836169,0.3484375,1280
bayesfl_observability_v1,ola_sparse_bayesian_keep010_seed42,0,ola,global,,,layers.1.weight,raw,28,0.0009797592202439537,0.0010146639889420691,0.0009972116045930115,13,290.97027079134733,0.35859375,1280
bayesfl_observability_v1,ola_sparse_bayesian_keep010_seed42,0,ola,global,,,layers.1.weight,raw,29,0.0010146639889420691,0.0010495687576401846,0.0010321163732911268,15,335.73492783617,0.3703125,1280
bayesfl_observability_v1,ola_sparse_bayesian_keep010_seed42,0,ola,global,,,layers.1.weight,raw,30,0.0010495687576401846,0.0010844735263383,0.0010670211419892424,20,447.6465704482267,0.3859375,1280
bayesfl_observability_v1,ola_sparse_bayesian_keep010_seed42,0,ola,global,,,layers.1.weight,raw,31,0.0010844735263383,0.0011193782950364155,0.0011019259106873577,15,335.73492783617,0.39765625,1280
bayesfl_observability_v1,ola_sparse_bayesian_keep010_seed42,0,ola,global,,,layers.1.weight,raw,32,0.0011193782950364155,0.001154283063734531,0.0011368306793854734,8,179.05862817929068,0.40390625,1280
bayesfl_observability_v1,ola_sparse_bayesian_keep010_seed42,0,ola,global,,,layers.1.weight,raw,33,0.001154283063734531,0.0011891878324326464,0.0011717354480835886,23,514.7935560154607,0.421875,1280
bayesfl_observability_v1,ola_sparse_bayesian_keep010_seed42,0,ola,global,,,layers.1.weight,raw,34,0.0011891878324326464,0.001224092601130762,0.0012066402167817043,18,402.88191340340404,0.4359375,1280
bayesfl_observability_v1,ola_sparse_bayesian_keep010_seed42,0,ola,global,,,layers.1.weight,raw,35,0.001224092601130762,0.0012589973698288774,0.0012415449854798195,10,223.82328522411336,0.44375,1280
bayesfl_observability_v1,ola_sparse_bayesian_keep010_seed42,0,ola,global,,,layers.1.weight,raw,36,0.0012589973698288774,0.0012939021385269928,0.0012764497541779352,20,447.6465704482267,0.459375,1280
bayesfl_observability_v1,ola_sparse_bayesian_keep010_seed42,0,ola,global,,,layers.1.weight,raw,37,0.0012939021385269928,0.0013288069072251083,0.0013113545228760504,13,290.97027079134733,0.46953125,1280
bayesfl_observability_v1,ola_sparse_bayesian_keep010_seed42,0,ola,global,,,layers.1.weight,raw,38,0.0013288069072251083,0.0013637116759232237,0.0013462592915741661,12,268.58794226893605,0.47890625,1280
bayesfl_observability_v1,ola_sparse_bayesian_keep010_seed42,0,ola,global,,,layers.1.weight,raw,39,0.0013637116759232237,0.0013986164446213392,0.0013811640602722814,17,380.4995848809927,0.4921875,1280
bayesfl_observability_v1,ola_sparse_bayesian_keep010_seed42,0,ola,global,,,layers.1.weight,raw,40,0.0013986164446213392,0.0014335212133194546,0.001416068828970397,25,559.5582130602834,0.51171875,1280
bayesfl_observability_v1,ola_sparse_bayesian_keep010_seed42,0,ola,global,,,layers.1.weight,raw,41,0.0014335212133194546,0.00146842598201757,0.0014509735976685123,21,470.02889897063807,0.528125,1280
bayesfl_observability_v1,ola_sparse_bayesian_keep010_seed42,0,ola,global,,,layers.1.weight,raw,42,0.00146842598201757,0.0015033307507156856,0.001485878366366628,16,358.11725635858136,0.540625,1280
bayesfl_observability_v1,ola_sparse_bayesian_keep010_seed42,0,ola,global,,,layers.1.weight,raw,43,0.0015033307507156856,0.001538235519413801,0.0015207831350647432,17,380.4995848809927,0.55390625,1280
bayesfl_observability_v1,ola_sparse_bayesian_keep010_seed42,0,ola,global,,,layers.1.weight,raw,44,0.001538235519413801,0.0015731402881119165,0.0015556879037628589,11,246.20561374652468,0.5625,1280
bayesfl_observability_v1,ola_sparse_bayesian_keep010_seed42,0,ola,global,,,layers.1.weight,raw,45,0.0015731402881119165,0.001608045056810032,0.001590592672460974,17,380.4995848809927,0.57578125,1280
bayesfl_observability_v1,ola_sparse_bayesian_keep010_seed42,0,ola,global,,,layers.1.weight,raw,46,0.001608045056810032,0.0016429498255081474,0.0016254974411590898,9,201.44095670170202,0.5828125,1280
bayesfl_observability_v1,ola_sparse_bayesian_keep010_seed42,0,ola,global,,,layers.1.weight,raw,47,0.0016429498255081474,0.001677854594206263,0.0016604022098572052,19,425.2642419258127,0.59765625,1280
bayesfl_observability_v1,ola_sparse_bayesian_keep010_seed42,0,ola,global,,,layers.1.weight,raw,48,0.001677854594206263,0.0017127593629043785,0.0016953069785553207,19,425.2642419258154,0.6125,1280
bayesfl_observability_v1,ola_sparse_bayesian_keep010_seed42,0,ola,global,,,layers.1.weight,raw,49,0.0017127593629043785,0.001747664131602494,0.0017302117472534364,18,402.88191340340404,0.6265625,1280
bayesfl_observability_v1,ola_sparse_bayesian_keep010_seed42,0,ola,global,,,layers.1.weight,raw,50,0.001747664131602494,0.0017825689003006095,0.0017651165159515516,16,358.11725635858136,0.6390625,1280
bayesfl_observability_v1,ola_sparse_bayesian_keep010_seed42,0,ola,global,,,layers.1.weight,raw,51,0.0017825689003006095,0.001817473668998725,0.0018000212846496673,16,358.11725635858136,0.6515625,1280
bayesfl_observability_v1,ola_sparse_bayesian_keep010_seed42,0,ola,global,,,layers.1.weight,raw,52,0.001817473668998725,0.0018523784376968404,0.0018349260533477825,20,447.6465704482267,0.6671875,1280
bayesfl_observability_v1,ola_sparse_bayesian_keep010_seed42,0,ola,global,,,layers.1.weight,raw,53,0.0018523784376968404,0.0018872832063949558,0.0018698308220458982,25,559.5582130602834,0.68671875,1280
bayesfl_observability_v1,ola_sparse_bayesian_keep010_seed42,0,ola,global,,,layers.1.weight,raw,54,0.0018872832063949558,0.0019221879750930713,0.0019047355907440135,15,335.73492783617,0.6984375,1280
bayesfl_observability_v1,ola_sparse_bayesian_keep010_seed42,0,ola,global,,,layers.1.weight,raw,55,0.0019221879750930713,0.0019570927437911867,0.0019396403594421291,21,470.02889897063807,0.71484375,1280
bayesfl_observability_v1,ola_sparse_bayesian_keep010_seed42,0,ola,global,,,layers.1.weight,raw,56,0.0019570927437911867,0.001991997512489302,0.0019745451281402444,21,470.02889897064097,0.73125,1280
bayesfl_observability_v1,ola_sparse_bayesian_keep010_seed42,0,ola,global,,,layers.1.weight,raw,57,0.001991997512489302,0.0020269022811874177,0.0020094498968383596,19,425.2642419258127,0.74609375,1280
bayesfl_observability_v1,ola_sparse_bayesian_keep010_seed42,0,ola,global,,,layers.1.weight,raw,58,0.0020269022811874177,0.002061807049885533,0.0020443546655364753,19,425.264241925818,0.7609375,1280
bayesfl_observability_v1,ola_sparse_bayesian_keep010_seed42,0,ola,global,,,layers.1.weight,raw,59,0.002061807049885533,0.0020967118185836486,0.002079259434234591,16,358.11725635857914,0.7734375,1280
bayesfl_observability_v1,ola_sparse_bayesian_keep010_seed42,0,ola,global,,,layers.1.weight,raw,60,0.0020967118185836486,0.002131616587281764,0.002114164202932706,17,380.4995848809951,0.78671875,1280
bayesfl_observability_v1,ola_sparse_bayesian_keep010_seed42,0,ola,global,,,layers.1.weight,raw,61,0.002131616587281764,0.0021665213559798795,0.0021490689716308214,13,290.97027079134557,0.796875,1280
bayesfl_observability_v1,ola_sparse_bayesian_keep010_seed42,0,ola,global,,,layers.1.weight,raw,62,0.0021665213559798795,0.0022014261246779947,0.002183973740328937,18,402.88191340340654,0.8109375,1280
bayesfl_observability_v1,ola_sparse_bayesian_keep010_seed42,0,ola,global,,,layers.1.weight,raw,63,0.0022014261246779947,0.0022363308933761104,0.002218878509027053,17,380.4995848809903,0.82421875,1280
bayesfl_observability_v1,ola_sparse_bayesian_keep010_seed42,0,ola,global,,,layers.1.weight,raw,64,0.0022363308933761104,0.002271235662074226,0.002253783277725168,21,470.0288989706351,0.840625,1280
bayesfl_observability_v1,ola_sparse_bayesian_keep010_seed42,0,ola,global,,,layers.1.weight,raw,65,0.002271235662074226,0.0023061404307723413,0.0022886880464232837,15,335.7349278361721,0.85234375,1280
bayesfl_observability_v1,ola_sparse_bayesian_keep010_seed42,0,ola,global,,,layers.1.weight,raw,66,0.0023061404307723413,0.002341045199470457,0.0023235928151213994,19,425.2642419258127,0.8671875,1280
bayesfl_observability_v1,ola_sparse_bayesian_keep010_seed42,0,ola,global,,,layers.1.weight,raw,67,0.002341045199470457,0.0023759499681685723,0.0023584975838195146,13,290.97027079134915,0.87734375,1280
bayesfl_observability_v1,ola_sparse_bayesian_keep010_seed42,0,ola,global,,,layers.1.weight,raw,68,0.0023759499681685723,0.002410854736866688,0.00239340235251763,12,268.58794226893434,0.88671875,1280
bayesfl_observability_v1,ola_sparse_bayesian_keep010_seed42,0,ola,global,,,layers.1.weight,raw,69,0.002410854736866688,0.002445759505564803,0.0024283071212157455,11,246.2056137465262,0.8953125,1280
bayesfl_observability_v1,ola_sparse_bayesian_keep010_seed42,0,ola,global,,,layers.1.weight,raw,70,0.002445759505564803,0.002480664274262919,0.0024632118899138612,14,313.35259931375674,0.90625,1280
bayesfl_observability_v1,ola_sparse_bayesian_keep010_seed42,0,ola,global,,,layers.1.weight,raw,71,0.002480664274262919,0.002515569042961034,0.0024981166586119765,9,201.44095670170327,0.91328125,1280
bayesfl_observability_v1,ola_sparse_bayesian_keep010_seed42,0,ola,global,,,layers.1.weight,raw,72,0.002515569042961034,0.0025504738116591498,0.0025330214273100917,22,492.41122749304634,0.93046875,1280
bayesfl_observability_v1,ola_sparse_bayesian_keep010_seed42,0,ola,global,,,layers.1.weight,raw,73,0.0025504738116591498,0.002585378580357265,0.0025679261960082074,16,358.1172563585836,0.94296875,1280
bayesfl_observability_v1,ola_sparse_bayesian_keep010_seed42,0,ola,global,,,layers.1.weight,raw,74,0.002585378580357265,0.0026202833490553807,0.002602830964706323,10,223.82328522411197,0.95078125,1280
bayesfl_observability_v1,ola_sparse_bayesian_keep010_seed42,0,ola,global,,,layers.1.weight,raw,75,0.0026202833490553807,0.002655188117753496,0.0026377357334044383,9,201.44095670170327,0.9578125,1280
bayesfl_observability_v1,ola_sparse_bayesian_keep010_seed42,0,ola,global,,,layers.1.weight,raw,76,0.002655188117753496,0.0026900928864516116,0.0026726405021025535,13,290.97027079134557,0.96796875,1280
bayesfl_observability_v1,ola_sparse_bayesian_keep010_seed42,0,ola,global,,,layers.1.weight,raw,77,0.0026900928864516116,0.002724997655149727,0.0027075452708006692,15,335.7349278361721,0.9796875,1280
bayesfl_observability_v1,ola_sparse_bayesian_keep010_seed42,0,ola,global,,,layers.1.weight,raw,78,0.002724997655149727,0.0027599024238478425,0.002742450039498785,13,290.97027079134557,0.98984375,1280
bayesfl_observability_v1,ola_sparse_bayesian_keep010_seed42,0,ola,global,,,layers.1.weight,raw,79,0.0027599024238478425,0.0027948071925459578,0.0027773548081969,13,290.97027079134915,1.0,1280
bayesfl_observability_v1,ola_sparse_bayesian_keep010_seed42,0,ola,global,,,layers.1.weight,db,0,-112.30326648345925,-111.53788768931275,-111.920577086386,1,0.0010207364065674158,0.00078125,1280
bayesfl_observability_v1,ola_sparse_bayesian_keep010_seed42,0,ola,global,,,layers.1.weight,db,1,-111.53788768931275,-110.77250889516625,-111.1551982922395,0,0.0,0.00078125,1280
bayesfl_observability_v1,ola_sparse_bayesian_keep010_seed42,0,ola,global,,,layers.1.weight,db,2,-110.77250889516625,-110.00713010101977,-110.389819498093,1,0.0010207364065674346,0.0015625,1280
bayesfl_observability_v1,ola_sparse_bayesian_keep010_seed42,0,ola,global,,,layers.1.weight,db,3,-110.00713010101977,-109.24175130687327,-109.62444070394652,0,0.0,0.0015625,1280
bayesfl_observability_v1,ola_sparse_bayesian_keep010_seed42,0,ola,global,,,layers.1.weight,db,4,-109.24175130687327,-108.47637251272677,-108.85906190980002,0,0.0,0.0015625,1280
bayesfl_observability_v1,ola_sparse_bayesian_keep010_seed42,0,ola,global,,,layers.1.weight,db,5,-108.47637251272677,-107.71099371858027,-108.09368311565352,0,0.0,0.0015625,1280
bayesfl_observability_v1,ola_sparse_bayesian_keep010_seed42,0,ola,global,,,layers.1.weight,db,6,-107.71099371858027,-106.94561492443378,-107.32830432150703,0,0.0,0.0015625,1280
bayesfl_observability_v1,ola_sparse_bayesian_keep010_seed42,0,ola,global,,,layers.1.weight,db,7,-106.94561492443378,-106.18023613028728,-106.56292552736053,0,0.0,0.0015625,1280
bayesfl_observability_v1,ola_sparse_bayesian_keep010_seed42,0,ola,global,,,layers.1.weight,db,8,-106.18023613028728,-105.41485733614078,-105.79754673321403,0,0.0,0.0015625,1280
bayesfl_observability_v1,ola_sparse_bayesian_keep010_seed42,0,ola,global,,,layers.1.weight,db,9,-105.41485733614078,-104.64947854199428,-105.03216793906753,0,0.0,0.0015625,1280
bayesfl_observability_v1,ola_sparse_bayesian_keep010_seed42,0,ola,global,,,layers.1.weight,db,10,-104.64947854199428,-103.88409974784778,-104.26678914492103,1,0.0010207364065674158,0.00234375,1280
bayesfl_observability_v1,ola_sparse_bayesian_keep010_seed42,0,ola,global,,,layers.1.weight,db,11,-103.88409974784778,-103.11872095370128,-103.50141035077453,1,0.0010207364065674158,0.003125,1280
bayesfl_observability_v1,ola_sparse_bayesian_keep010_seed42,0,ola,global,,,layers.1.weight,db,12,-103.11872095370128,-102.3533421595548,-102.73603155662803,0,0.0,0.003125,1280
bayesfl_observability_v1,ola_sparse_bayesian_keep010_seed42,0,ola,global,,,layers.1.weight,db,13,-102.3533421595548,-101.5879633654083,-101.97065276248155,0,0.0,0.003125,1280
bayesfl_observability_v1,ola_sparse_bayesian_keep010_seed42,0,ola,global,,,layers.1.weight,db,14,-101.5879633654083,-100.8225845712618,-101.20527396833505,0,0.0,0.003125,1280
bayesfl_observability_v1,ola_sparse_bayesian_keep010_seed42,0,ola,global,,,layers.1.weight,db,15,-100.8225845712618,-100.0572057771153,-100.43989517418855,0,0.0,0.003125,1280
bayesfl_observability_v1,ola_sparse_bayesian_keep010_seed42,0,ola,global,,,layers.1.weight,db,16,-100.0572057771153,-99.29182698296881,-99.67451638004206,1,0.0010207364065674346,0.00390625,1280
bayesfl_observability_v1,ola_sparse_bayesian_keep010_seed42,0,ola,global,,,layers.1.weight,db,17,-99.29182698296881,-98.52644818882231,-98.90913758589556,0,0.0,0.00390625,1280
bayesfl_observability_v1,ola_sparse_bayesian_keep010_seed42,0,ola,global,,,layers.1.weight,db,18,-98.52644818882231,-97.76106939467581,-98.14375879174906,1,0.0010207364065674158,0.0046875,1280
bayesfl_observability_v1,ola_sparse_bayesian_keep010_seed42,0,ola,global,,,layers.1.weight,db,19,-97.76106939467581,-96.99569060052931,-97.37837999760256,0,0.0,0.0046875,1280
bayesfl_observability_v1,ola_sparse_bayesian_keep010_seed42,0,ola,global,,,layers.1.weight,db,20,-96.99569060052931,-96.23031180638282,-96.61300120345607,1,0.0010207364065674158,0.00546875,1280
bayesfl_observability_v1,ola_sparse_bayesian_keep010_seed42,0,ola,global,,,layers.1.weight,db,21,-96.23031180638282,-95.46493301223633,-95.84762240930957,0,0.0,0.00546875,1280
bayesfl_observability_v1,ola_sparse_bayesian_keep010_seed42,0,ola,global,,,layers.1.weight,db,22,-95.46493301223633,-94.69955421808983,-95.08224361516308,0,0.0,0.00546875,1280
bayesfl_observability_v1,ola_sparse_bayesian_keep010_seed42,0,ola,global,,,layers.1.weight,db,23,-94.69955421808983,-93.93417542394333,-94.31686482101658,1,0.0010207364065674158,0.00625,1280
bayesfl_observability_v1,ola_sparse_bayesian_keep010_seed42,0,ola,global,,,layers.1.weight,db,24,-93.93417542394333,-93.16879662979683,-93.55148602687008,0,0.0,0.00625,1280
bayesfl_observability_v1,ola_sparse_bayesian_keep010_seed42,0,ola,global,,,layers.1.weight,db,25,-93.16879662979683,-92.40341783565034,-92.7861072327236,0,0.0,0.00625,1280
bayesfl_observability_v1,ola_sparse_bayesian_keep010_seed42,0,ola,global,,,layers.1.weight,db,26,-92.40341783565034,-91.63803904150384,-92.0207284385771,0,0.0,0.00625,1280
bayesfl_observability_v1,ola_sparse_bayesian_keep010_seed42,0,ola,global,,,layers.1.weight,db,27,-91.63803904150384,-90.87266024735735,-91.2553496444306,2,0.0020414728131348315,0.0078125,1280
bayesfl_observability_v1,ola_sparse_bayesian_keep010_seed42,0,ola,global,,,layers.1.weight,db,28,-90.87266024735735,-90.10728145321085,-90.4899708502841,2,0.0020414728131348315,0.009375,1280
bayesfl_observability_v1,ola_sparse_bayesian_keep010_seed42,0,ola,global,,,layers.1.weight,db,29,-90.10728145321085,-89.34190265906435,-89.7245920561376,1,0.0010207364065674158,0.01015625,1280
bayesfl_observability_v1,ola_sparse_bayesian_keep010_seed42,0,ola,global,,,layers.1.weight,db,30,-89.34190265906435,-88.57652386491785,-88.9592132619911,1,0.0010207364065674158,0.0109375,1280
bayesfl_observability_v1,ola_sparse_bayesian_keep010_seed42,0,ola,global,,,layers.1.weight,db,31,-88.57652386491785,-87.81114507077136,-88.1938344678446,2,0.0020414728131348692,0.0125,1280
bayesfl_observability_v1,ola_sparse_bayesian_keep010_seed42,0,ola,global,,,layers.1.weight,db,32,-87.81114507077136,-87.04576627662486,-87.42845567369811,0,0.0,0.0125,1280
bayesfl_observability_v1,ola_sparse_bayesian_keep010_seed42,0,ola,global,,,layers.1.weight,db,33,-87.04576627662486,-86.28038748247836,-86.66307687955161,1,0.0010207364065674158,0.01328125,1280
bayesfl_observability_v1,ola_sparse_bayesian_keep010_seed42,0,ola,global,,,layers.1.weight,db,34,-86.28038748247836,-85.51500868833187,-85.89769808540512,3,0.003062209219702304,0.015625,1280
bayesfl_observability_v1,ola_sparse_bayesian_keep010_seed42,0,ola,global,,,layers.1.weight,db,35,-85.51500868833187,-84.74962989418538,-85.13231929125863,1,0.0010207364065674158,0.01640625,1280
bayesfl_observability_v1,ola_sparse_bayesian_keep010_seed42,0,ola,global,,,layers.1.weight,db,36,-84.74962989418538,-83.98425110003888,-84.36694049711213,5,0.0051036820328370786,0.0203125,1280
bayesfl_observability_v1,ola_sparse_bayesian_keep010_seed42,0,ola,global,,,layers.1.weight,db,37,-83.98425110003888,-83.21887230589238,-83.60156170296563,3,0.003062209219702247,0.02265625,1280
bayesfl_observability_v1,ola_sparse_bayesian_keep010_seed42,0,ola,global,,,layers.1.weight,db,38,-83.21887230589238,-82.45349351174588,-82.83618290881913,4,0.004082945626269663,0.02578125,1280
bayesfl_observability_v1,ola_sparse_bayesian_keep010_seed42,0,ola,global,,,layers.1.weight,db,39,-82.45349351174588,-81.68811471759938,-82.07080411467263,5,0.0051036820328370786,0.0296875,1280
bayesfl_observability_v1,ola_sparse_bayesian_keep010_seed42,0,ola,global,,,layers.1.weight,db,40,-81.68811471759938,-80.92273592345289,-81.30542532052613,1,0.0010207364065674346,0.03046875,1280
bayesfl_observability_v1,ola_sparse_bayesian_keep010_seed42,0,ola,global,,,layers.1.weight,db,41,-80.92273592345289,-80.15735712930639,-80.54004652637964,5,0.0051036820328370786,0.034375,1280
bayesfl_observability_v1,ola_sparse_bayesian_keep010_seed42,0,ola,global,,,layers.1.weight,db,42,-80.15735712930639,-79.39197833515989,-79.77466773223314,3,0.003062209219702247,0.03671875,1280
bayesfl_observability_v1,ola_sparse_bayesian_keep010_seed42,0,ola,global,,,layers.1.weight,db,43,-79.39197833515989,-78.6265995410134,-79.00928893808666,3,0.003062209219702304,0.0390625,1280
bayesfl_observability_v1,ola_sparse_bayesian_keep010_seed42,0,ola,global,,,layers.1.weight,db,44,-78.6265995410134,-77.8612207468669,-78.24391014394016,4,0.004082945626269663,0.0421875,1280
bayesfl_observability_v1,ola_sparse_bayesian_keep010_seed42,0,ola,global,,,layers.1.weight,db,45,-77.8612207468669,-77.0958419527204,-77.47853134979366,4,0.004082945626269663,0.0453125,1280
bayesfl_observability_v1,ola_sparse_bayesian_keep010_seed42,0,ola,global,,,layers.1.weight,db,46,-77.0958419527204,-76.3304631585739,-76.71315255564716,5,0.0051036820328370786,0.04921875,1280
bayesfl_observability_v1,ola_sparse_bayesian_keep010_seed42,0,ola,global,,,layers.1.weight,db,47,-76.3304631585739,-75.5650843644274,-75.94777376150066,8,0.008165891252539326,0.05546875,1280
bayesfl_observability_v1,ola_sparse_bayesian_keep010_seed42,0,ola,global,,,layers.1.weight,db,48,-75.5650843644274,-74.7997055702809,-75.18239496735416,8,0.008165891252539326,0.06171875,1280
bayesfl_observability_v1,ola_sparse_bayesian_keep010_seed42,0,ola,global,,,layers.1.weight,db,49,-74.7997055702809,-74.0343267761344,-74.41701617320766,6,0.006124418439404494,0.06640625,1280
bayesfl_observability_v1,ola_sparse_bayesian_keep010_seed42,0,ola,global,,,layers.1.weight,db,50,-74.0343267761344,-73.26894798198792,-73.65163737906116,8,0.008165891252539477,0.07265625,1280
bayesfl_observability_v1,ola_sparse_bayesian_keep010_seed42,0,ola,global,,,layers.1.weight,db,51,-73.26894798198792,-72.50356918784142,-72.88625858491467,6,0.006124418439404494,0.07734375,1280
bayesfl_observability_v1,ola_sparse_bayesian_keep010_seed42,0,ola,global,,,layers.1.weight,db,52,-72.50356918784142,-71.73819039369492,-72.12087979076817,7,0.0071451548459719105,0.0828125,1280
bayesfl_observability_v1,ola_sparse_bayesian_keep010_seed42,0,ola,global,,,layers.1.weight,db,53,-71.73819039369492,-70.97281159954844,-71.35550099662169,12,0.012248836878809215,0.0921875,1280
bayesfl_observability_v1,ola_sparse_bayesian_keep010_seed42,0,ola,global,,,layers.1.weight,db,54,-70.97281159954844,-70.20743280540194,-70.59012220247519,18,0.018373255318213485,0.10625,1280
bayesfl_observability_v1,ola_sparse_bayesian_keep010_seed42,0,ola,global,,,layers.1.weight,db,55,-70.20743280540194,-69.44205401125544,-69.82474340832869,14,0.014290309691943821,0.1171875,1280
bayesfl_observability_v1,ola_sparse_bayesian_keep010_seed42,0,ola,global,,,layers.1.weight,db,56,-69.44205401125544,-68.67667521710894,-69.05936461418219,15,0.015311046098511236,0.12890625,1280
bayesfl_observability_v1,ola_sparse_bayesian_keep010_seed42,0,ola,global,,,layers.1.weight,db,57,-68.67667521710894,-67.91129642296244,-68.29398582003569,20,0.020414728131348314,0.14453125,1280
bayesfl_observability_v1,ola_sparse_bayesian_keep010_seed42,0,ola,global,,,layers.1.weight,db,58,-67.91129642296244,-67.14591762881594,-67.52860702588919,23,0.023476937351050563,0.1625,1280
bayesfl_observability_v1,ola_sparse_bayesian_keep010_seed42,0,ola,global,,,layers.1.weight,db,59,-67.14591762881594,-66.38053883466944,-66.76322823174269,24,0.024497673757617976,0.18125,1280
bayesfl_observability_v1,ola_sparse_bayesian_keep010_seed42,0,ola,global,,,layers.1.weight,db,60,-66.38053883466944,-65.61516004052295,-65.99784943759619,24,0.02449767375761843,0.2,1280
bayesfl_observability_v1,ola_sparse_bayesian_keep010_seed42,0,ola,global,,,layers.1.weight,db,61,-65.61516004052295,-64.84978124637645,-65.2324706434497,15,0.015311046098511236,0.21171875,1280
bayesfl_observability_v1,ola_sparse_bayesian_keep010_seed42,0,ola,global,,,layers.1.weight,db,62,-64.84978124637645,-64.08440245222997,-64.46709184930322,23,0.023476937351050997,0.2296875,1280
bayesfl_observability_v1,ola_sparse_bayesian_keep010_seed42,0,ola,global,,,layers.1.weight,db,63,-64.08440245222997,-63.31902365808346,-63.701713055156716,20,0.020414728131348127,0.2453125,1280
bayesfl_observability_v1,ola_sparse_bayesian_keep010_seed42,0,ola,global,,,layers.1.weight,db,64,-63.31902365808346,-62.55364486393696,-62.93633426101021,27,0.027559882977320226,0.26640625,1280
bayesfl_observability_v1,ola_sparse_bayesian_keep010_seed42,0,ola,global,,,layers.1.weight,db,65,-62.55364486393696,-61.78826606979047,-62.17095546686372,27,0.027559882977320482,0.2875,1280
bayesfl_observability_v1,ola_sparse_bayesian_keep010_seed42,0,ola,global,,,layers.1.weight,db,66,-61.78826606979047,-61.02288727564397,-61.40557667271722,38,0.038787983449561796,0.3171875,1280
bayesfl_observability_v1,ola_sparse_bayesian_keep010_seed42,0,ola,global,,,layers.1.weight,db,67,-61.02288727564397,-60.257508481497474,-60.64019787857072,40,0.04082945626269701,0.3484375,1280
bayesfl_observability_v1,ola_sparse_bayesian_keep010_seed42,0,ola,global,,,layers.1.weight,db,68,-60.257508481497474,-59.492129687350975,-59.874819084424225,34,0.03470503782329214,0.375,1280
bayesfl_observability_v1,ola_sparse_bayesian_keep010_seed42,0,ola,global,,,layers.1.weight,db,69,-59.492129687350975,-58.72675089320448,-59.10944029027773,40,0.04082945626269701,0.40625,1280
bayesfl_observability_v1,ola_sparse_bayesian_keep010_seed42,0,ola,global,,,layers.1.weight,db,70,-58.72675089320448,-57.96137209905798,-58.34406149613123,53,0.05409902954807303,0.44765625,1280
bayesfl_observability_v1,ola_sparse_bayesian_keep010_seed42,0,ola,global,,,layers.1.weight,db,71,-57.96137209905798,-57.19599330491148,-57.57868270198473,50,0.051036820328370786,0.48671875,1280
bayesfl_observability_v1,ola_sparse_bayesian_keep010_seed42,0,ola,global,,,layers.1.weight,db,72,-57.19599330491148,-56.43061451076499,-56.81330390783823,70,0.07145154845971977,0.54140625,1280
bayesfl_observability_v1,ola_sparse_bayesian_keep010_seed42,0,ola,global,,,layers.1.weight,db,73,-56.43061451076499,-55.66523571661849,-56.04792511369174,57,0.0581819751743427,0.5859375,1280
bayesfl_observability_v1,ola_sparse_bayesian_keep010_seed42,0,ola,global,,,layers.1.weight,db,74,-55.66523571661849,-54.899856922472,-55.28254631954525,76,0.07757596689912431,0.6453125,1280
bayesfl_observability_v1,ola_sparse_bayesian_keep010_seed42,0,ola,global,,,layers.1.weight,db,75,-54.899856922472,-54.1344781283255,-54.51716752539875,94,0.09594922221733708,0.71875,1280
bayesfl_observability_v1,ola_sparse_bayesian_keep010_seed42,0,ola,global,,,layers.1.weight,db,76,-54.1344781283255,-53.369099334179,-53.75178873125225,97,0.09901143143703933,0.79453125,1280
bayesfl_observability_v1,ola_sparse_bayesian_keep010_seed42,0,ola,global,,,layers.1.weight,db,77,-53.369099334179,-52.603720540032505,-52.98640993710575,93,0.09492848581077054,0.8671875,1280
bayesfl_observability_v1,ola_sparse_bayesian_keep010_seed42,0,ola,global,,,layers.1.weight,db,78,-52.603720540032505,-51.838341745886005,-52.221031142959255,82,0.0837003853385281,0.93125,1280
bayesfl_observability_v1,ola_sparse_bayesian_keep010_seed42,0,ola,global,,,layers.1.weight,db,79,-51.838341745886005,-51.07296295173951,-51.45565234881276,88,0.08982480377793342,1.0,1280
bayesfl_observability_v1,ola_sparse_bayesian_keep010_seed42,0,ola,global,,,layers.1.bias,raw,0,0.0005650736885663706,0.0005916419677432169,0.0005783578281547937,1,3763.88697718699,0.1,10
bayesfl_observability_v1,ola_sparse_bayesian_keep010_seed42,0,ola,global,,,layers.1.bias,raw,1,0.0005916419677432169,0.0006182102469200631,0.00060492610733164,0,0.0,0.1,10
bayesfl_observability_v1,ola_sparse_bayesian_keep010_seed42,0,ola,global,,,layers.1.bias,raw,2,0.0006182102469200631,0.0006447785260969093,0.0006314943865084863,0,0.0,0.1,10
bayesfl_observability_v1,ola_sparse_bayesian_keep010_seed42,0,ola,global,,,layers.1.bias,raw,3,0.0006447785260969093,0.0006713468052737555,0.0006580626656853324,0,0.0,0.1,10
bayesfl_observability_v1,ola_sparse_bayesian_keep010_seed42,0,ola,global,,,layers.1.bias,raw,4,0.0006713468052737555,0.0006979150844506018,0.0006846309448621786,0,0.0,0.1,10
bayesfl_observability_v1,ola_sparse_bayesian_keep010_seed42,0,ola,global,,,layers.1.bias,raw,5,0.0006979150844506018,0.000724483363627448,0.0007111992240390249,0,0.0,0.1,10
bayesfl_observability_v1,ola_sparse_bayesian_keep010_seed42,0,ola,global,,,layers.1.bias,raw,6,0.000724483363627448,0.0007510516428042943,0.0007377675032158712,0,0.0,0.1,10
bayesfl_observability_v1,ola_sparse_bayesian_keep010_seed42,0,ola,global,,,layers.1.bias,raw,7,0.0007510516428042943,0.0007776199219811405,0.0007643357823927173,1,3763.88697718699,0.2,10
bayesfl_observability_v1,ola_sparse_bayesian_keep010_seed42,0,ola,global,,,layers.1.bias,raw,8,0.0007776199219811405,0.0008041882011579867,0.0007909040615695636,0,0.0,0.2,10
bayesfl_observability_v1,ola_sparse_bayesian_keep010_seed42,0,ola,global,,,layers.1.bias,raw,9,0.0008041882011579867,0.0008307564803348329,0.0008174723407464098,0,0.0,0.2,10
bayesfl_observability_v1,ola_sparse_bayesian_keep010_seed42,0,ola,global,,,layers.1.bias,raw,10,0.0008307564803348329,0.0008573247595116792,0.0008440406199232561,0,0.0,0.2,10
bayesfl_observability_v1,ola_sparse_bayesian_keep010_seed42,0,ola,global,,,layers.1.bias,raw,11,0.0008573247595116792,0.0008838930386885254,0.0008706088991001022,0,0.0,0.2,10
bayesfl_observability_v1,ola_sparse_bayesian_keep010_seed42,0,ola,global,,,layers.1.bias,raw,12,0.0008838930386885254,0.0009104613178653716,0.0008971771782769485,0,0.0,0.2,10
bayesfl_observability_v1,ola_sparse_bayesian_keep010_seed42,0,ola,global,,,layers.1.bias,raw,13,0.0009104613178653716,0.0009370295970422179,0.0009237454574537948,0,0.0,0.2,10
bayesfl_observability_v1,ola_sparse_bayesian_keep010_seed42,0,ola,global,,,layers.1.bias,raw,14,0.0009370295970422179,0.0009635978762190642,0.000950313736630641,0,0.0,0.2,10
bayesfl_observability_v1,ola_sparse_bayesian_keep010_seed42,0,ola,global,,,layers.1.bias,raw,15,0.0009635978762190642,0.0009901661553959103,0.0009768820158074874,0,0.0,0.2,10
bayesfl_observability_v1,ola_sparse_bayesian_keep010_seed42,0,ola,global,,,layers.1.bias,raw,16,0.0009901661553959103,0.0010167344345727565,0.0010034502949843333,0,0.0,0.2,10
bayesfl_observability_v1,ola_sparse_bayesian_keep010_seed42,0,ola,global,,,layers.1.bias,raw,17,0.0010167344345727565,0.0010433027137496027,0.0010300185741611797,0,0.0,0.2,10
bayesfl_observability_v1,ola_sparse_bayesian_keep010_seed42,0,ola,global,,,layers.1.bias,raw,18,0.0010433027137496027,0.001069870992926449,0.0010565868533380259,0,0.0,0.2,10
bayesfl_observability_v1,ola_sparse_bayesian_keep010_seed42,0,ola,global,,,layers.1.bias,raw,19,0.001069870992926449,0.0010964392721032952,0.001083155132514872,0,0.0,0.2,10
bayesfl_observability_v1,ola_sparse_bayesian_keep010_seed42,0,ola,global,,,layers.1.bias,raw,20,0.0010964392721032952,0.0011230075512801414,0.0011097234116917184,0,0.0,0.2,10
bayesfl_observability_v1,ola_sparse_bayesian_keep010_seed42,0,ola,global,,,layers.1.bias,raw,21,0.0011230075512801414,0.0011495758304569878,0.0011362916908685646,0,0.0,0.2,10
bayesfl_observability_v1,ola_sparse_bayesian_keep010_seed42,0,ola,global,,,layers.1.bias,raw,22,0.0011495758304569878,0.001176144109633834,0.0011628599700454108,0,0.0,0.2,10
bayesfl_observability_v1,ola_sparse_bayesian_keep010_seed42,0,ola,global,,,layers.1.bias,raw,23,0.001176144109633834,0.0012027123888106801,0.0011894282492222572,0,0.0,0.2,10
bayesfl_observability_v1,ola_sparse_bayesian_keep010_seed42,0,ola,global,,,layers.1.bias,raw,24,0.0012027123888106801,0.0012292806679875265,0.0012159965283991033,1,3763.886977186975,0.3,10
bayesfl_observability_v1,ola_sparse_bayesian_keep010_seed42,0,ola,global,,,layers.1.bias,raw,25,0.0012292806679875265,0.0012558489471643727,0.0012425648075759495,0,0.0,0.3,10
bayesfl_observability_v1,ola_sparse_bayesian_keep010_seed42,0,ola,global,,,layers.1.bias,raw,26,0.0012558489471643727,0.0012824172263412189,0.001269133086752796,0,0.0,0.3,10
bayesfl_observability_v1,ola_sparse_bayesian_keep010_seed42,0,ola,global,,,layers.1.bias,raw,27,0.0012824172263412189,0.0013089855055180653,0.001295701365929642,0,0.0,0.3,10
bayesfl_observability_v1,ola_sparse_bayesian_keep010_seed42,0,ola,global,,,layers.1.bias,raw,28,0.0013089855055180653,0.0013355537846949112,0.0013222696451064882,0,0.0,0.3,10
bayesfl_observability_v1,ola_sparse_bayesian_keep010_seed42,0,ola,global,,,layers.1.bias,raw,29,0.0013355537846949112,0.0013621220638717576,0.0013488379242833344,1,3763.886977186975,0.4,10
bayesfl_observability_v1,ola_sparse_bayesian_keep010_seed42,0,ola,global,,,layers.1.bias,raw,30,0.0013621220638717576,0.0013886903430486038,0.0013754062034601806,1,3763.8869771870054,0.5,10
bayesfl_observability_v1,ola_sparse_bayesian_keep010_seed42,0,ola,global,,,layers.1.bias,raw,31,0.0013886903430486038,0.00141525862222545,0.001401974482637027,0,0.0,0.5,10
bayesfl_observability_v1,ola_sparse_bayesian_keep010_seed42,0,ola,global,,,layers.1.bias,raw,32,0.00141525862222545,0.0014418269014022963,0.0014285427618138731,0,0.0,0.5,10
bayesfl_observability_v1,ola_sparse_bayesian_keep010_seed42,0,ola,global,,,layers.1.bias,raw,33,0.0014418269014022963,0.0014683951805791425,0.0014551110409907193,2,7527.773954374011,0.7,10
bayesfl_observability_v1,ola_sparse_bayesian_keep010_seed42,0,ola,global,,,layers.1.bias,raw,34,0.0014683951805791425,0.0014949634597559887,0.0014816793201675657,0,0.0,0.7,10
bayesfl_observability_v1,ola_sparse_bayesian_keep010_seed42,0,ola,global,,,layers.1.bias,raw,35,0.0014949634597559887,0.001521531738932835,0.0015082475993444119,1,3763.886977186975,0.8,10
bayesfl_observability_v1,ola_sparse_bayesian_keep010_seed42,0,ola,global,,,layers.1.bias,raw,36,0.001521531738932835,0.001548100018109681,0.001534815878521258,0,0.0,0.8,10
bayesfl_observability_v1,ola_sparse_bayesian_keep010_seed42,0,ola,global,,,layers.1.bias,raw,37,0.001548100018109681,0.0015746682972865274,0.0015613841576981042,0,0.0,0.8,10
bayesfl_observability_v1,ola_sparse_bayesian_keep010_seed42,0,ola,global,,,layers.1.bias,raw,38,0.0015746682972865274,0.0016012365764633738,0.0015879524368749506,0,0.0,0.8,10
bayesfl_observability_v1,ola_sparse_bayesian_keep010_seed42,0,ola,global,,,layers.1.bias,raw,39,0.0016012365764633738,0.0016278048556402198,0.0016145207160517968,0,0.0,0.8,10
bayesfl_observability_v1,ola_sparse_bayesian_keep010_seed42,0,ola,global,,,layers.1.bias,raw,40,0.0016278048556402198,0.0016543731348170661,0.001641088995228643,0,0.0,0.8,10
bayesfl_observability_v1,ola_sparse_bayesian_keep010_seed42,0,ola,global,,,layers.1.bias,raw,41,0.0016543731348170661,0.0016809414139939125,0.0016676572744054893,0,0.0,0.8,10
bayesfl_observability_v1,ola_sparse_bayesian_keep010_seed42,0,ola,global,,,layers.1.bias,raw,42,0.0016809414139939125,0.0017075096931707585,0.0016942255535823355,0,0.0,0.8,10
bayesfl_observability_v1,ola_sparse_bayesian_keep010_seed42,0,ola,global,,,layers.1.bias,raw,43,0.0017075096931707585,0.0017340779723476049,0.0017207938327591817,0,0.0,0.8,10
bayesfl_observability_v1,ola_sparse_bayesian_keep010_seed42,0,ola,global,,,layers.1.bias,raw,44,0.0017340779723476049,0.0017606462515244513,0.001747362111936028,0,0.0,0.8,10
bayesfl_observability_v1,ola_sparse_bayesian_keep010_seed42,0,ola,global,,,layers.1.bias,raw,45,0.0017606462515244513,0.0017872145307012972,0.0017739303911128742,0,0.0,0.8,10
bayesfl_observability_v1,ola_sparse_bayesian_keep010_seed42,0,ola,global,,,layers.1.bias,raw,46,0.0017872145307012972,0.0018137828098781436,0.0018004986702897204,1,3763.886977186975,0.9,10
bayesfl_observability_v1,ola_sparse_bayesian_keep010_seed42,0,ola,global,,,layers.1.bias,raw,47,0.0018137828098781436,0.00184035108905499,0.0018270669494665668,0,0.0,0.9,10
bayesfl_observability_v1,ola_sparse_bayesian_keep010_seed42,0,ola,global,,,layers.1.bias,raw,48,0.00184035108905499,0.001866919368231836,0.001853635228643413,0,0.0,0.9,10
bayesfl_observability_v1,ola_sparse_bayesian_keep010_seed42,0,ola,global,,,layers.1.bias,raw,49,0.001866919368231836,0.0018934876474086823,0.0018802035078202591,0,0.0,0.9,10
bayesfl_observability_v1,ola_sparse_bayesian_keep010_seed42,0,ola,global,,,layers.1.bias,raw,50,0.0018934876474086823,0.0019200559265855283,0.0019067717869971053,0,0.0,0.9,10
bayesfl_observability_v1,ola_sparse_bayesian_keep010_seed42,0,ola,global,,,layers.1.bias,raw,51,0.0019200559265855283,0.0019466242057623747,0.0019333400661739515,0,0.0,0.9,10
bayesfl_observability_v1,ola_sparse_bayesian_keep010_seed42,0,ola,global,,,layers.1.bias,raw,52,0.0019466242057623747,0.001973192484939221,0.001959908345350798,0,0.0,0.9,10
bayesfl_observability_v1,ola_sparse_bayesian_keep010_seed42,0,ola,global,,,layers.1.bias,raw,53,0.001973192484939221,0.001999760764116067,0.001986476624527644,0,0.0,0.9,10
bayesfl_observability_v1,ola_sparse_bayesian_keep010_seed42,0,ola,global,,,layers.1.bias,raw,54,0.001999760764116067,0.0020263290432929134,0.00201304490370449,0,0.0,0.9,10
bayesfl_observability_v1,ola_sparse_bayesian_keep010_seed42,0,ola,global,,,layers.1.bias,raw,55,0.0020263290432929134,0.00205289732246976,0.002039613182881337,0,0.0,0.9,10
bayesfl_observability_v1,ola_sparse_bayesian_keep010_seed42,0,ola,global,,,layers.1.bias,raw,56,0.00205289732246976,0.0020794656016466058,0.0020661814620581828,0,0.0,0.9,10
bayesfl_observability_v1,ola_sparse_bayesian_keep010_seed42,0,ola,global,,,layers.1.bias,raw,57,0.0020794656016466058,0.002106033880823452,0.0020927497412350287,0,0.0,0.9,10
bayesfl_observability_v1,ola_sparse_bayesian_keep010_seed42,0,ola,global,,,layers.1.bias,raw,58,0.002106033880823452,0.0021326021600002985,0.0021193180204118756,0,0.0,0.9,10
bayesfl_observability_v1,ola_sparse_bayesian_keep010_seed42,0,ola,global,,,layers.1.bias,raw,59,0.0021326021600002985,0.0021591704391771445,0.0021458862995887215,0,0.0,0.9,10
bayesfl_observability_v1,ola_sparse_bayesian_keep010_seed42,0,ola,global,,,layers.1.bias,raw,60,0.0021591704391771445,0.002185738718353991,0.0021724545787655675,0,0.0,0.9,10
bayesfl_observability_v1,ola_sparse_bayesian_keep010_seed42,0,ola,global,,,layers.1.bias,raw,61,0.002185738718353991,0.002212306997530837,0.002199022857942414,0,0.0,0.9,10
bayesfl_observability_v1,ola_sparse_bayesian_keep010_seed42,0,ola,global,,,layers.1.bias,raw,62,0.002212306997530837,0.0022388752767076832,0.0022255911371192602,0,0.0,0.9,10
bayesfl_observability_v1,ola_sparse_bayesian_keep010_seed42,0,ola,global,,,layers.1.bias,raw,63,0.0022388752767076832,0.0022654435558845296,0.002252159416296106,0,0.0,0.9,10
bayesfl_observability_v1,ola_sparse_bayesian_keep010_seed42,0,ola,global,,,layers.1.bias,raw,64,0.0022654435558845296,0.0022920118350613756,0.0022787276954729526,0,0.0,0.9,10
bayesfl_observability_v1,ola_sparse_bayesian_keep010_seed42,0,ola,global,,,layers.1.bias,raw,65,0.0022920118350613756,0.002318580114238222,0.002305295974649799,0,0.0,0.9,10
bayesfl_observability_v1,ola_sparse_bayesian_keep010_seed42,0,ola,global,,,layers.1.bias,raw,66,0.002318580114238222,0.0023451483934150683,0.002331864253826645,0,0.0,0.9,10
bayesfl_observability_v1,ola_sparse_bayesian_keep010_seed42,0,ola,global,,,layers.1.bias,raw,67,0.0023451483934150683,0.0023717166725919143,0.0023584325330034913,0,0.0,0.9,10
bayesfl_observability_v1,ola_sparse_bayesian_keep010_seed42,0,ola,global,,,layers.1.bias,raw,68,0.0023717166725919143,0.0023982849517687607,0.0023850008121803377,0,0.0,0.9,10
bayesfl_observability_v1,ola_sparse_bayesian_keep010_seed42,0,ola,global,,,layers.1.bias,raw,69,0.0023982849517687607,0.002424853230945607,0.0024115690913571837,0,0.0,0.9,10
bayesfl_observability_v1,ola_sparse_bayesian_keep010_seed42,0,ola,global,,,layers.1.bias,raw,70,0.002424853230945607,0.002451421510122453,0.00243813737053403,0,0.0,0.9,10
bayesfl_observability_v1,ola_sparse_bayesian_keep010_seed42,0,ola,global,,,layers.1.bias,raw,71,0.002451421510122453,0.0024779897892992994,0.0024647056497108764,0,0.0,0.9,10
bayesfl_observability_v1,ola_sparse_bayesian_keep010_seed42,0,ola,global,,,layers.1.bias,raw,72,0.0024779897892992994,0.002504558068476146,0.0024912739288877224,0,0.0,0.9,10
bayesfl_observability_v1,ola_sparse_bayesian_keep010_seed42,0,ola,global,,,layers.1.bias,raw,73,0.002504558068476146,0.0025311263476529918,0.0025178422080645688,0,0.0,0.9,10
bayesfl_observability_v1,ola_sparse_bayesian_keep010_seed42,0,ola,global,,,layers.1.bias,raw,74,0.0025311263476529918,0.002557694626829838,0.002544410487241415,0,0.0,0.9,10
bayesfl_observability_v1,ola_sparse_bayesian_keep010_seed42,0,ola,global,,,layers.1.bias,raw,75,0.002557694626829838,0.0025842629060066845,0.002570978766418261,0,0.0,0.9,10
bayesfl_observability_v1,ola_sparse_bayesian_keep010_seed42,0,ola,global,,,layers.1.bias,raw,76,0.0025842629060066845,0.0026108311851835305,0.0025975470455951075,0,0.0,0.9,10
bayesfl_observability_v1,ola_sparse_bayesian_keep010_seed42,0,ola,global,,,layers.1.bias,raw,77,0.0026108311851835305,0.002637399464360377,0.002624115324771954,0,0.0,0.9,10
bayesfl_observability_v1,ola_sparse_bayesian_keep010_seed42,0,ola,global,,,layers.1.bias,raw,78,0.002637399464360377,0.0026639677435372233,0.0026506836039488,0,0.0,0.9,10
bayesfl_observability_v1,ola_sparse_bayesian_keep010_seed42,0,ola,global,,,layers.1.bias,raw,79,0.0026639677435372233,0.0026905360227140692,0.0026772518831256462,1,3763.8869771870363,1.0,10
bayesfl_observability_v1,ola_sparse_bayesian_keep010_seed42,0,ola,global,,,layers.1.bias,db,0,-64.95789826891205,-64.78846483774795,-64.87318155333,1,0.5902022954557954,0.1,10
bayesfl_observability_v1,ola_sparse_bayesian_keep010_seed42,0,ola,global,,,layers.1.bias,db,1,-64.78846483774795,-64.61903140658384,-64.7037481221659,0,0.0,0.1,10
bayesfl_observability_v1,ola_sparse_bayesian_keep010_seed42,0,ola,global,,,layers.1.bias,db,2,-64.61903140658384,-64.44959797541975,-64.5343146910018,0,0.0,0.1,10
bayesfl_observability_v1,ola_sparse_bayesian_keep010_seed42,0,ola,global,,,layers.1.bias,db,3,-64.44959797541975,-64.28016454425564,-64.36488125983769,0,0.0,0.1,10
bayesfl_observability_v1,ola_sparse_bayesian_keep010_seed42,0,ola,global,,,layers.1.bias,db,4,-64.28016454425564,-64.11073111309155,-64.1954478286736,0,0.0,0.1,10
bayesfl_observability_v1,ola_sparse_bayesian_keep010_seed42,0,ola,global,,,layers.1.bias,db,5,-64.11073111309155,-63.941297681927445,-64.0260143975095,0,0.0,0.1,10
bayesfl_observability_v1,ola_sparse_bayesian_keep010_seed42,0,ola,global,,,layers.1.bias,db,6,-63.941297681927445,-63.77186425076334,-63.85658096634539,0,0.0,0.1,10
bayesfl_observability_v1,ola_sparse_bayesian_keep010_seed42,0,ola,global,,,layers.1.bias,db,7,-63.77186425076334,-63.60243081959925,-63.687147535181296,0,0.0,0.1,10
bayesfl_observability_v1,ola_sparse_bayesian_keep010_seed42,0,ola,global,,,layers.1.bias,db,8,-63.60243081959925,-63.43299738843515,-63.5177141040172,0,0.0,0.1,10
bayesfl_observability_v1,ola_sparse_bayesian_keep010_seed42,0,ola,global,,,layers.1.bias,db,9,-63.43299738843515,-63.263563957271046,-63.34828067285309,0,0.0,0.1,10
bayesfl_observability_v1,ola_sparse_bayesian_keep010_seed42,0,ola,global,,,layers.1.bias,db,10,-63.263563957271046,-63.094130526106945,-63.178847241689,0,0.0,0.1,10
bayesfl_observability_v1,ola_sparse_bayesian_keep010_seed42,0,ola,global,,,layers.1.bias,db,11,-63.094130526106945,-62.92469709494284,-63.00941381052489,0,0.0,0.1,10
bayesfl_observability_v1,ola_sparse_bayesian_keep010_seed42,0,ola,global,,,layers.1.bias,db,12,-62.92469709494284,-62.75526366377874,-62.839980379360796,0,0.0,0.1,10
bayesfl_observability_v1,ola_sparse_bayesian_keep010_seed42,0,ola,global,,,layers.1.bias,db,13,-62.75526366377874,-62.58583023261465,-62.670546948196694,0,0.0,0.1,10
bayesfl_observability_v1,ola_sparse_bayesian_keep010_seed42,0,ola,global,,,layers.1.bias,db,14,-62.58583023261465,-62.416396801450546,-62.50111351703259,0,0.0,0.1,10
bayesfl_observability_v1,ola_sparse_bayesian_keep010_seed42,0,ola,global,,,layers.1.bias,db,15,-62.416396801450546,-62.246963370286444,-62.3316800858685,1,0.5902022954557706,0.2,10
bayesfl_observability_v1,ola_sparse_bayesian_keep010_seed42,0,ola,global,,,layers.1.bias,db,16,-62.246963370286444,-62.07752993912234,-62.16224665470439,0,0.0,0.2,10
bayesfl_observability_v1,ola_sparse_bayesian_keep010_seed42,0,ola,global,,,layers.1.bias,db,17,-62.07752993912234,-61.90809650795824,-61.992813223540296,0,0.0,0.2,10
bayesfl_observability_v1,ola_sparse_bayesian_keep010_seed42,0,ola,global,,,layers.1.bias,db,18,-61.90809650795824,-61.73866307679415,-61.823379792376194,0,0.0,0.2,10
bayesfl_observability_v1,ola_sparse_bayesian_keep010_seed42,0,ola,global,,,layers.1.bias,db,19,-61.73866307679415,-61.569229645630045,-61.65394636121209,0,0.0,0.2,10
bayesfl_observability_v1,ola_sparse_bayesian_keep010_seed42,0,ola,global,,,layers.1.bias,db,20,-61.569229645630045,-61.399796214465944,-61.484512930048,0,0.0,0.2,10
bayesfl_observability_v1,ola_sparse_bayesian_keep010_seed42,0,ola,global,,,layers.1.bias,db,21,-61.399796214465944,-61.23036278330184,-61.31507949888389,0,0.0,0.2,10
bayesfl_observability_v1,ola_sparse_bayesian_keep010_seed42,0,ola,global,,,layers.1.bias,db,22,-61.23036278330184,-61.06092935213774,-61.145646067719795,0,0.0,0.2,10
bayesfl_observability_v1,ola_sparse_bayesian_keep010_seed42,0,ola,global,,,layers.1.bias,db,23,-61.06092935213774,-60.89149592097364,-60.97621263655569,0,0.0,0.2,10
bayesfl_observability_v1,ola_sparse_bayesian_keep010_seed42,0,ola,global,,,layers.1.bias,db,24,-60.89149592097364,-60.722062489809545,-60.80677920539159,0,0.0,0.2,10
bayesfl_observability_v1,ola_sparse_bayesian_keep010_seed42,0,ola,global,,,layers.1.bias,db,25,-60.722062489809545,-60.552629058645444,-60.6373457742275,0,0.0,0.2,10
bayesfl_observability_v1,ola_sparse_bayesian_keep010_seed42,0,ola,global,,,layers.1.bias,db,26,-60.552629058645444,-60.38319562748134,-60.46791234306339,0,0.0,0.2,10
bayesfl_observability_v1,ola_sparse_bayesian_keep010_seed42,0,ola,global,,,layers.1.bias,db,27,-60.38319562748134,-60.21376219631724,-60.298478911899295,0,0.0,0.2,10
bayesfl_observability_v1,ola_sparse_bayesian_keep010_seed42,0,ola,global,,,layers.1.bias,db,28,-60.21376219631724,-60.04432876515314,-60.129045480735186,0,0.0,0.2,10
bayesfl_observability_v1,ola_sparse_bayesian_keep010_seed42,0,ola,global,,,layers.1.bias,db,29,-60.04432876515314,-59.874895333989045,-59.95961204957109,0,0.0,0.2,10
bayesfl_observability_v1,ola_sparse_bayesian_keep010_seed42,0,ola,global,,,layers.1.bias,db,30,-59.874895333989045,-59.70546190282494,-59.790178618407,0,0.0,0.2,10
bayesfl_observability_v1,ola_sparse_bayesian_keep010_seed42,0,ola,global,,,layers.1.bias,db,31,-59.70546190282494,-59.53602847166084,-59.62074518724289,0,0.0,0.2,10
bayesfl_observability_v1,ola_sparse_bayesian_keep010_seed42,0,ola,global,,,layers.1.bias,db,32,-59.53602847166084,-59.36659504049674,-59.451311756078795,0,0.0,0.2,10
bayesfl_observability_v1,ola_sparse_bayesian_keep010_seed42,0,ola,global,,,layers.1.bias,db,33,-59.36659504049674,-59.19716160933264,-59.281878324914686,0,0.0,0.2,10
bayesfl_observability_v1,ola_sparse_bayesian_keep010_seed42,0,ola,global,,,layers.1.bias,db,34,-59.19716160933264,-59.027728178168545,-59.11244489375059,0,0.0,0.2,10
bayesfl_observability_v1,ola_sparse_bayesian_keep010_seed42,0,ola,global,,,layers.1.bias,db,35,-59.027728178168545,-58.85829474700444,-58.9430114625865,0,0.0,0.2,10
bayesfl_observability_v1,ola_sparse_bayesian_keep010_seed42,0,ola,global,,,layers.1.bias,db,36,-58.85829474700444,-58.68886131584034,-58.77357803142239,0,0.0,0.2,10
bayesfl_observability_v1,ola_sparse_bayesian_keep010_seed42,0,ola,global,,,layers.1.bias,db,37,-58.68886131584034,-58.51942788467624,-58.604144600258294,0,0.0,0.2,10
bayesfl_observability_v1,ola_sparse_bayesian_keep010_seed42,0,ola,global,,,layers.1.bias,db,38,-58.51942788467624,-58.34999445351214,-58.434711169094186,0,0.0,0.2,10
bayesfl_observability_v1,ola_sparse_bayesian_keep010_seed42,0,ola,global,,,layers.1.bias,db,39,-58.34999445351214,-58.180561022348044,-58.26527773793009,1,0.5902022954557954,0.3,10
bayesfl_observability_v1,ola_sparse_bayesian_keep010_seed42,0,ola,global,,,layers.1.bias,db,40,-58.180561022348044,-58.01112759118394,-58.095844306766,0,0.0,0.3,10
bayesfl_observability_v1,ola_sparse_bayesian_keep010_seed42,0,ola,global,,,layers.1.bias,db,41,-58.01112759118394,-57.84169416001984,-57.92641087560189,0,0.0,0.3,10
bayesfl_observability_v1,ola_sparse_bayesian_keep010_seed42,0,ola,global,,,layers.1.bias,db,42,-57.84169416001984,-57.67226072885574,-57.756977444437794,0,0.0,0.3,10
bayesfl_observability_v1,ola_sparse_bayesian_keep010_seed42,0,ola,global,,,layers.1.bias,db,43,-57.67226072885574,-57.50282729769164,-57.587544013273686,0,0.0,0.3,10
bayesfl_observability_v1,ola_sparse_bayesian_keep010_seed42,0,ola,global,,,layers.1.bias,db,44,-57.50282729769164,-57.333393866527544,-57.41811058210959,1,0.5902022954557954,0.4,10
bayesfl_observability_v1,ola_sparse_bayesian_keep010_seed42,0,ola,global,,,layers.1.bias,db,45,-57.333393866527544,-57.16396043536344,-57.2486771509455,1,0.5902022954557706,0.5,10
bayesfl_observability_v1,ola_sparse_bayesian_keep010_seed42,0,ola,global,,,layers.1.bias,db,46,-57.16396043536344,-56.99452700419934,-57.07924371978139,0,0.0,0.5,10
bayesfl_observability_v1,ola_sparse_bayesian_keep010_seed42,0,ola,global,,,layers.1.bias,db,47,-56.99452700419934,-56.82509357303524,-56.909810288617294,0,0.0,0.5,10
bayesfl_observability_v1,ola_sparse_bayesian_keep010_seed42,0,ola,global,,,layers.1.bias,db,48,-56.82509357303524,-56.65566014187114,-56.740376857453185,2,1.1804045909115413,0.7,10
bayesfl_observability_v1,ola_sparse_bayesian_keep010_seed42,0,ola,global,,,layers.1.bias,db,49,-56.65566014187114,-56.486226710707044,-56.57094342628909,0,0.0,0.7,10
bayesfl_observability_v1,ola_sparse_bayesian_keep010_seed42,0,ola,global,,,layers.1.bias,db,50,-56.486226710707044,-56.316793279542935,-56.40150999512499,1,0.5902022954557459,0.8,10
bayesfl_observability_v1,ola_sparse_bayesian_keep010_seed42,0,ola,global,,,layers.1.bias,db,51,-56.316793279542935,-56.14735984837884,-56.23207656396089,0,0.0,0.8,10
bayesfl_observability_v1,ola_sparse_bayesian_keep010_seed42,0,ola,global,,,layers.1.bias,db,52,-56.14735984837884,-55.97792641721474,-56.062643132796794,0,0.0,0.8,10
bayesfl_observability_v1,ola_sparse_bayesian_keep010_seed42,0,ola,global,,,layers.1.bias,db,53,-55.97792641721474,-55.80849298605064,-55.893209701632685,0,0.0,0.8,10
bayesfl_observability_v1,ola_sparse_bayesian_keep010_seed42,0,ola,global,,,layers.1.bias,db,54,-55.80849298605064,-55.639059554886536,-55.72377627046859,0,0.0,0.8,10
bayesfl_observability_v1,ola_sparse_bayesian_keep010_seed42,0,ola,global,,,layers.1.bias,db,55,-55.639059554886536,-55.469626123722435,-55.55434283930448,0,0.0,0.8,10
bayesfl_observability_v1,ola_sparse_bayesian_keep010_seed42,0,ola,global,,,layers.1.bias,db,56,-55.469626123722435,-55.30019269255834,-55.38490940814039,0,0.0,0.8,10
bayesfl_observability_v1,ola_sparse_bayesian_keep010_seed42,0,ola,global,,,layers.1.bias,db,57,-55.30019269255834,-55.13075926139424,-55.21547597697629,0,0.0,0.8,10
bayesfl_observability_v1,ola_sparse_bayesian_keep010_seed42,0,ola,global,,,layers.1.bias,db,58,-55.13075926139424,-54.96132583023014,-55.046042545812185,0,0.0,0.8,10
bayesfl_observability_v1,ola_sparse_bayesian_keep010_seed42,0,ola,global,,,layers.1.bias,db,59,-54.96132583023014,-54.791892399066036,-54.87660911464809,1,0.5902022954557706,0.9,10
bayesfl_observability_v1,ola_sparse_bayesian_keep010_seed42,0,ola,global,,,layers.1.bias,db,60,-54.791892399066036,-54.622458967901935,-54.70717568348398,0,0.0,0.9,10
bayesfl_observability_v1,ola_sparse_bayesian_keep010_seed42,0,ola,global,,,layers.1.bias,db,61,-54.622458967901935,-54.45302553673784,-54.53774225231989,0,0.0,0.9,10
bayesfl_observability_v1,ola_sparse_bayesian_keep010_seed42,0,ola,global,,,layers.1.bias,db,62,-54.45302553673784,-54.28359210557374,-54.36830882115579,0,0.0,0.9,10
bayesfl_observability_v1,ola_sparse_bayesian_keep010_seed42,0,ola,global,,,layers.1.bias,db,63,-54.28359210557374,-54.11415867440964,-54.198875389991684,0,0.0,0.9,10
bayesfl_observability_v1,ola_sparse_bayesian_keep010_seed42,0,ola,global,,,layers.1.bias,db,64,-54.11415867440964,-53.944725243245536,-54.02944195882759,0,0.0,0.9,10
bayesfl_observability_v1,ola_sparse_bayesian_keep010_seed42,0,ola,global,,,layers.1.bias,db,65,-53.944725243245536,-53.775291812081434,-53.86000852766348,0,0.0,0.9,10
bayesfl_observability_v1,ola_sparse_bayesian_keep010_seed42,0,ola,global,,,layers.1.bias,db,66,-53.775291812081434,-53.60585838091734,-53.69057509649939,0,0.0,0.9,10
bayesfl_observability_v1,ola_sparse_bayesian_keep010_seed42,0,ola,global,,,layers.1.bias,db,67,-53.60585838091734,-53.43642494975324,-53.52114166533529,0,0.0,0.9,10
bayesfl_observability_v1,ola_sparse_bayesian_keep010_seed42,0,ola,global,,,layers.1.bias,db,68,-53.43642494975324,-53.26699151858914,-53.351708234171184,0,0.0,0.9,10
bayesfl_observability_v1,ola_sparse_bayesian_keep010_seed42,0,ola,global,,,layers.1.bias,db,69,-53.26699151858914,-53.097558087425035,-53.18227480300709,0,0.0,0.9,10
bayesfl_observability_v1,ola_sparse_bayesian_keep010_seed42,0,ola,global,,,layers.1.bias,db,70,-53.097558087425035,-52.928124656260934,-53.01284137184298,0,0.0,0.9,10
bayesfl_observability_v1,ola_sparse_bayesian_keep010_seed42,0,ola,global,,,layers.1.bias,db,71,-52.928124656260934,-52.75869122509684,-52.84340794067889,0,0.0,0.9,10
bayesfl_observability_v1,ola_sparse_bayesian_keep010_seed42,0,ola,global,,,layers.1.bias,db,72,-52.75869122509684,-52.58925779393274,-52.67397450951479,0,0.0,0.9,10
bayesfl_observability_v1,ola_sparse_bayesian_keep010_seed42,0,ola,global,,,layers.1.bias,db,73,-52.58925779393274,-52.41982436276864,-52.504541078350684,0,0.0,0.9,10
bayesfl_observability_v1,ola_sparse_bayesian_keep010_seed42,0,ola,global,,,layers.1.bias,db,74,-52.41982436276864,-52.250390931604535,-52.33510764718659,0,0.0,0.9,10
bayesfl_observability_v1,ola_sparse_bayesian_keep010_seed42,0,ola,global,,,layers.1.bias,db,75,-52.250390931604535,-52.080957500440434,-52.16567421602248,0,0.0,0.9,10
bayesfl_observability_v1,ola_sparse_bayesian_keep010_seed42,0,ola,global,,,layers.1.bias,db,76,-52.080957500440434,-51.91152406927634,-51.99624078485839,0,0.0,0.9,10
bayesfl_observability_v1,ola_sparse_bayesian_keep010_seed42,0,ola,global,,,layers.1.bias,db,77,-51.91152406927634,-51.74209063811223,-51.826807353694285,0,0.0,0.9,10
bayesfl_observability_v1,ola_sparse_bayesian_keep010_seed42,0,ola,global,,,layers.1.bias,db,78,-51.74209063811223,-51.572657206948136,-51.657373922530184,0,0.0,0.9,10
bayesfl_observability_v1,ola_sparse_bayesian_keep010_seed42,0,ola,global,,,layers.1.bias,db,79,-51.572657206948136,-51.403223775784035,-51.48794049136609,1,0.5902022954557706,1.0,10
bayesfl_observability_v1,ola_sparse_bayesian_keep010_seed42,5,ola,global,,,all,raw,0,5.4898993421405195e-09,0.0005339847513371024,0.00026699512061822224,44963,827.3916152734454,0.4418099636435099,101770
bayesfl_observability_v1,ola_sparse_bayesian_keep010_seed42,5,ola,global,,,all,raw,1,0.0005339847513371024,0.0010679640127748628,0.0008009743820559826,45024,828.5141135171496,0.8842193180701582,101770
bayesfl_observability_v1,ola_sparse_bayesian_keep010_seed42,5,ola,global,,,all,raw,2,0.0010679640127748628,0.001601943274212623,0.001334953643493743,10396,191.3031433041109,0.9863712292424094,101770
bayesfl_observability_v1,ola_sparse_bayesian_keep010_seed42,5,ola,global,,,all,raw,3,0.001601943274212623,0.002135922535650383,0.0018689329049315032,599,11.022564720965994,0.9922570502112606,101770
bayesfl_observability_v1,ola_sparse_bayesian_keep010_seed42,5,ola,global,,,all,raw,4,0.002135922535650383,0.0026699017970881435,0.002402912166369263,209,3.8459366054789514,0.9943107005993908,101770
bayesfl_observability_v1,ola_sparse_bayesian_keep010_seed42,5,ola,global,,,all,raw,5,0.0026699017970881435,0.0032038810585259037,0.002936891427807024,132,2.4290125929340745,0.9956077429497887,101770
bayesfl_observability_v1,ola_sparse_bayesian_keep010_seed42,5,ola,global,,,all,raw,6,0.0032038810585259037,0.003737860319963664,0.0034708706892447837,82,1.508932065307531,0.9964134813795814,101770
bayesfl_observability_v1,ola_sparse_bayesian_keep010_seed42,5,ola,global,,,all,raw,7,0.003737860319963664,0.004271839581401425,0.004004849950682544,58,1.0672934120467894,0.9969833939274836,101770
bayesfl_observability_v1,ola_sparse_bayesian_keep010_seed42,5,ola,global,,,all,raw,8,0.004271839581401425,0.0048058188428391855,0.004538829212120305,42,0.7728676432062959,0.997396089220792,101770
bayesfl_observability_v1,ola_sparse_bayesian_keep010_seed42,5,ola,global,,,all,raw,9,0.0048058188428391855,0.005339798104276945,0.005072808473558066,37,0.6808595904436426,0.9977596541220399,101770
bayesfl_observability_v1,ola_sparse_bayesian_keep010_seed42,5,ola,global,,,all,raw,10,0.005339798104276945,0.005873777365714705,0.005606787734995825,19,0.34963060049808675,0.9979463496118699,101770
bayesfl_observability_v1,ola_sparse_bayesian_keep010_seed42,5,ola,global,,,all,raw,11,0.005873777365714705,0.006407756627152466,0.006140766996433586,26,0.4784418743658022,0.9982018276505846,101770
bayesfl_observability_v1,ola_sparse_bayesian_keep010_seed42,5,ola,global,,,all,raw,12,0.006407756627152466,0.006941735888590227,0.006674746257871346,19,0.3496306004980862,0.9983885231404147,101770
bayesfl_observability_v1,ola_sparse_bayesian_keep010_seed42,5,ola,global,,,all,raw,13,0.006941735888590227,0.0074757151500279865,0.007208725519309107,16,0.2944257688404941,0.9985457403950083,101770
bayesfl_observability_v1,ola_sparse_bayesian_keep010_seed42,5,ola,global,,,all,raw,14,0.0074757151500279865,0.008009694411465746,0.007742704780746866,18,0.3312289899455559,0.9987226098064262,101770
bayesfl_observability_v1,ola_sparse_bayesian_keep010_seed42,5,ola,global,,,all,raw,15,0.008009694411465746,0.008543673672903507,0.008276684042184627,10,0.18401610552530853,0.9988208705905474,101770
bayesfl_observability_v1,ola_sparse_bayesian_keep010_seed42,5,ola,global,,,all,raw,16,0.008543673672903507,0.009077652934341268,0.008810663303622387,8,0.14721288442024683,0.9988994792178442,101770
bayesfl_observability_v1,ola_sparse_bayesian_keep010_seed42,5,ola,global,,,all,raw,17,0.009077652934341268,0.009611632195779029,0.009344642565060148,8,0.14721288442024683,0.998978087845141,101770
bayesfl_observability_v1,ola_sparse_bayesian_keep010_seed42,5,ola,global,,,all,raw,18,0.009611632195779029,0.010145611457216788,0.009878621826497909,8,0.1472128844202473,0.9990566964724379,101770
bayesfl_observability_v1,ola_sparse_bayesian_keep010_seed42,5,ola,global,,,all,raw,19,0.010145611457216788,0.010679590718654548,0.010412601087935668,5,0.09200805276265427,0.9991058268644983,101770
bayesfl_observability_v1,ola_sparse_bayesian_keep010_seed42,5,ola,global,,,all,raw,20,0.010679590718654548,0.011213569980092309,0.010946580349373429,4,0.07360644221012341,0.9991451311781469,101770
bayesfl_observability_v1,ola_sparse_bayesian_keep010_seed42,5,ola,global,,,all,raw,21,0.011213569980092309,0.011747549241530068,0.011480559610811188,9,0.1656144949727782,0.9992335658838557,101770
bayesfl_observability_v1,ola_sparse_bayesian_keep010_seed42,5,ola,global,,,all,raw,22,0.011747549241530068,0.012281528502967829,0.012014538872248948,2,0.036803221105061706,0.99925321804068,101770
bayesfl_observability_v1,ola_sparse_bayesian_keep010_seed42,5,ola,global,,,all,raw,23,0.012281528502967829,0.01281550776440559,0.012548518133686709,6,0.11040966331518512,0.9993121745111526,101770
bayesfl_observability_v1,ola_sparse_bayesian_keep010_seed42,5,ola,global,,,all,raw,24,0.01281550776440559,0.01334948702584335,0.01308249739512447,1,0.018401610552530853,0.9993220005895647,101770
bayesfl_observability_v1,ola_sparse_bayesian_keep010_seed42,5,ola,global,,,all,raw,25,0.01334948702584335,0.013883466287281111,0.01361647665656223,3,0.05520483165759256,0.999351478824801,101770
bayesfl_observability_v1,ola_sparse_bayesian_keep010_seed42,5,ola,global,,,all,raw,26,0.013883466287281111,0.01441744554871887,0.014150455917999991,4,0.07360644221012365,0.9993907831384494,101770
bayesfl_observability_v1,ola_sparse_bayesian_keep010_seed42,5,ola,global,,,all,raw,27,0.01441744554871887,0.01495142481015663,0.01468443517943775,3,0.05520483165759256,0.9994202613736858,101770
bayesfl_observability_v1,ola_sparse_bayesian_keep010_seed42,5,ola,global,,,all,raw,28,0.01495142481015663,0.015485404071594391,0.015218414440875511,1,0.018401610552530853,0.9994300874520978,101770
bayesfl_observability_v1,ola_sparse_bayesian_keep010_seed42,5,ola,global,,,all,raw,29,0.015485404071594391,0.01601938333303215,0.01575239370231327,3,0.055204831657592913,0.9994595656873342,101770
bayesfl_observability_v1,ola_sparse_bayesian_keep010_seed42,5,ola,global,,,all,raw,30,0.01601938333303215,0.01655336259446991,0.01628637296375103,4,0.07360644221012341,0.9994988700009826,101770
bayesfl_observability_v1,ola_sparse_bayesian_keep010_seed42,5,ola,global,,,all,raw,31,0.01655336259446991,0.01708734185590767,0.016820352225188788,3,0.05520483165759256,0.9995283482362189,101770
bayesfl_observability_v1,ola_sparse_bayesian_keep010_seed42,5,ola,global,,,all,raw,32,0.01708734185590767,0.01762132111734543,0.017354331486626552,3,0.05520483165759256,0.9995578264714552,101770
bayesfl_observability_v1,ola_sparse_bayesian_keep010_seed42,5,ola,global,,,all,raw,33,0.01762132111734543,0.01815530037878319,0.01788831074806431,3,0.05520483165759256,0.9995873047066915,101770
bayesfl_observability_v1,ola_sparse_bayesian_keep010_seed42,5,ola,global,,,all,raw,34,0.01815530037878319,0.018689279640220952,0.018422290009502074,0,0.0,0.9995873047066915,101770
bayesfl_observability_v1,ola_sparse_bayesian_keep010_seed42,5,ola,global,,,all,raw,35,0.018689279640220952,0.019223258901658713,0.01895626927093983,4,0.07360644221012341,0.99962660902034,101770
bayesfl_observability_v1,ola_sparse_bayesian_keep010_seed42,5,ola,global,,,all,raw,36,0.019223258901658713,0.01975723816309647,0.01949024853237759,3,0.055204831657592913,0.9996560872555763,101770
bayesfl_observability_v1,ola_sparse_bayesian_keep010_seed42,5,ola,global,,,all,raw,37,0.01975723816309647,0.02029121742453423,0.020024227793815352,1,0.018401610552530853,0.9996659133339884,101770
bayesfl_observability_v1,ola_sparse_bayesian_keep010_seed42,5,ola,global,,,all,raw,38,0.02029121742453423,0.02082519668597199,0.02055820705525311,2,0.036803221105061706,0.9996855654908127,101770
bayesfl_observability_v1,ola_sparse_bayesian_keep010_seed42,5,ola,global,,,all,raw,39,0.02082519668597199,0.021359175947409752,0.021092186316690874,0,0.0,0.9996855654908127,101770
bayesfl_observability_v1,ola_sparse_bayesian_keep010_seed42,5,ola,global,,,all,raw,40,0.021359175947409752,0.021893155208847513,0.02162616557812863,1,0.018401610552530853,0.9996953915692247,101770
bayesfl_observability_v1,ola_sparse_bayesian_keep010_seed42,5,ola,global,,,all,raw,41,0.021893155208847513,0.022427134470285274,0.022160144839566395,0,0.0,0.9996953915692247,101770
bayesfl_observability_v1,ola_sparse_bayesian_keep010_seed42,5,ola,global,,,all,raw,42,0.022427134470285274,0.022961113731723035,0.022694124101004153,4,0.07360644221012341,0.9997346958828731,101770
bayesfl_observability_v1,ola_sparse_bayesian_keep010_seed42,5,ola,global,,,all,raw,43,0.022961113731723035,0.023495092993160792,0.023228103362441913,2,0.03680322110506194,0.9997543480396973,101770
bayesfl_observability_v1,ola_sparse_bayesian_keep010_seed42,5,ola,global,,,all,raw,44,0.023495092993160792,0.024029072254598553,0.023762082623879674,4,0.07360644221012341,0.9997936523533458,101770
bayesfl_observability_v1,ola_sparse_bayesian_keep010_seed42,5,ola,global,,,all,raw,45,0.024029072254598553,0.024563051516036313,0.02429606188531743,1,0.018401610552530853,0.9998034784317579,101770
bayesfl_observability_v1,ola_sparse_bayesian_keep010_seed42,5,ola,global,,,all,raw,46,0.024563051516036313,0.025097030777474074,0.024830041146755195,3,0.05520483165759256,0.9998329566669942,101770
bayesfl_observability_v1,ola_sparse_bayesian_keep010_seed42,5,ola,global,,,all,raw,47,0.025097030777474074,0.025631010038911835,0.025364020408192953,2,0.036803221105061706,0.9998526088238184,101770
bayesfl_observability_v1,ola_sparse_bayesian_keep010_seed42,5,ola,global,,,all,raw,48,0.025631010038911835,0.026164989300349595,0.025897999669630717,1,0.018401610552530853,0.9998624349022305,101770
bayesfl_observability_v1,ola_sparse_bayesian_keep010_seed42,5,ola,global,,,all,raw,49,0.026164989300349595,0.026698968561787356,0.026431978931068474,0,0.0,0.9998624349022305,101770
bayesfl_observability_v1,ola_sparse_bayesian_keep010_seed42,5,ola,global,,,all,raw,50,0.026698968561787356,0.027232947823225117,0.02696595819250624,1,0.018401610552530853,0.9998722609806426,101770
bayesfl_observability_v1,ola_sparse_bayesian_keep010_seed42,5,ola,global,,,all,raw,51,0.027232947823225117,0.027766927084662878,0.027499937453943996,0,0.0,0.9998722609806426,101770
bayesfl_observability_v1,ola_sparse_bayesian_keep010_seed42,5,ola,global,,,all,raw,52,0.027766927084662878,0.028300906346100635,0.028033916715381756,2,0.03680322110506194,0.9998919131374668,101770
bayesfl_observability_v1,ola_sparse_bayesian_keep010_seed42,5,ola,global,,,all,raw,53,0.028300906346100635,0.028834885607538396,0.028567895976819517,0,0.0,0.9998919131374668,101770
bayesfl_observability_v1,ola_sparse_bayesian_keep010_seed42,5,ola,global,,,all,raw,54,0.028834885607538396,0.029368864868976156,0.029101875238257274,1,0.018401610552530853,0.999901739215879,101770
bayesfl_observability_v1,ola_sparse_bayesian_keep010_seed42,5,ola,global,,,all,raw,55,0.029368864868976156,0.029902844130413917,0.02963585449969504,0,0.0,0.999901739215879,101770
bayesfl_observability_v1,ola_sparse_bayesian_keep010_seed42,5,ola,global,,,all,raw,56,0.029902844130413917,0.030436823391851678,0.030169833761132796,0,0.0,0.999901739215879,101770
bayesfl_observability_v1,ola_sparse_bayesian_keep010_seed42,5,ola,global,,,all,raw,57,0.030436823391851678,0.03097080265328944,0.03070381302257056,0,0.0,0.999901739215879,101770
bayesfl_observability_v1,ola_sparse_bayesian_keep010_seed42,5,ola,global,,,all,raw,58,0.03097080265328944,0.0315047819147272,0.031237792284008317,0,0.0,0.999901739215879,101770
bayesfl_observability_v1,ola_sparse_bayesian_keep010_seed42,5,ola,global,,,all,raw,59,0.0315047819147272,0.03203876117616496,0.03177177154544608,0,0.0,0.999901739215879,101770
bayesfl_observability_v1,ola_sparse_bayesian_keep010_seed42,5,ola,global,,,all,raw,60,0.03203876117616496,0.03257274043760272,0.03230575080688384,0,0.0,0.999901739215879,101770
bayesfl_observability_v1,ola_sparse_bayesian_keep010_seed42,5,ola,global,,,all,raw,61,0.03257274043760272,0.03310671969904048,0.032839730068321596,0,0.0,0.999901739215879,101770
bayesfl_observability_v1,ola_sparse_bayesian_keep010_seed42,5,ola,global,,,all,raw,62,0.03310671969904048,0.03364069896047824,0.03337370932975936,0,0.0,0.999901739215879,101770
bayesfl_observability_v1,ola_sparse_bayesian_keep010_seed42,5,ola,global,,,all,raw,63,0.03364069896047824,0.034174678221916,0.033907688591197124,0,0.0,0.999901739215879,101770
bayesfl_observability_v1,ola_sparse_bayesian_keep010_seed42,5,ola,global,,,all,raw,64,0.034174678221916,0.03470865748335376,0.034441667852634875,1,0.01840161055253097,0.999911565294291,101770
bayesfl_observability_v1,ola_sparse_bayesian_keep010_seed42,5,ola,global,,,all,raw,65,0.03470865748335376,0.03524263674479152,0.03497564711407264,1,0.018401610552530732,0.9999213913727032,101770
bayesfl_observability_v1,ola_sparse_bayesian_keep010_seed42,5,ola,global,,,all,raw,66,0.03524263674479152,0.03577661600622928,0.0355096263755104,1,0.01840161055253097,0.9999312174511152,101770
bayesfl_observability_v1,ola_sparse_bayesian_keep010_seed42,5,ola,global,,,all,raw,67,0.03577661600622928,0.03631059526766704,0.03604360563694816,1,0.018401610552530732,0.9999410435295274,101770
bayesfl_observability_v1,ola_sparse_bayesian_keep010_seed42,5,ola,global,,,all,raw,68,0.03631059526766704,0.0368445745291048,0.03657758489838592,1,0.01840161055253097,0.9999508696079394,101770
bayesfl_observability_v1,ola_sparse_bayesian_keep010_seed42,5,ola,global,,,all,raw,69,0.0368445745291048,0.037378553790542564,0.03711156415982368,1,0.018401610552530732,0.9999606956863516,101770
bayesfl_observability_v1,ola_sparse_bayesian_keep010_seed42,5,ola,global,,,all,raw,70,0.037378553790542564,0.03791253305198032,0.037645543421261446,0,0.0,0.9999606956863516,101770
bayesfl_observability_v1,ola_sparse_bayesian_keep010_seed42,5,ola,global,,,all,raw,71,0.03791253305198032,0.038446512313418085,0.0381795226826992,1,0.018401610552530732,0.9999705217647636,101770
bayesfl_observability_v1,ola_sparse_bayesian_keep010_seed42,5,ola,global,,,all,raw,72,0.038446512313418085,0.03898049157485584,0.03871350194413696,0,0.0,0.9999705217647636,101770
bayesfl_observability_v1,ola_sparse_bayesian_keep010_seed42,5,ola,global,,,all,raw,73,0.03898049157485584,0.0395144708362936,0.039247481205574725,0,0.0,0.9999705217647636,101770
bayesfl_observability_v1,ola_sparse_bayesian_keep010_seed42,5,ola,global,,,all,raw,74,0.0395144708362936,0.040048450097731364,0.03978146046701248,1,0.018401610552530732,0.9999803478431758,101770
bayesfl_observability_v1,ola_sparse_bayesian_keep010_seed42,5,ola,global,,,all,raw,75,0.040048450097731364,0.04058242935916912,0.04031543972845024,0,0.0,0.9999803478431758,101770
bayesfl_observability_v1,ola_sparse_bayesian_keep010_seed42,5,ola,global,,,all,raw,76,0.04058242935916912,0.041116408620606885,0.040849418989888,0,0.0,0.9999803478431758,101770
bayesfl_observability_v1,ola_sparse_bayesian_keep010_seed42,5,ola,global,,,all,raw,77,0.041116408620606885,0.04165038788204464,0.04138339825132577,0,0.0,0.9999803478431758,101770
bayesfl_observability_v1,ola_sparse_bayesian_keep010_seed42,5,ola,global,,,all,raw,78,0.04165038788204464,0.04218436714348241,0.041917377512763525,0,0.0,0.9999803478431758,101770
bayesfl_observability_v1,ola_sparse_bayesian_keep010_seed42,5,ola,global,,,all,raw,79,0.04218436714348241,0.042718346404920164,0.04245135677420128,2,0.03680322110506194,1.0,101770
bayesfl_observability_v1,ola_sparse_bayesian_keep010_seed42,5,ola,global,,,all,db,0,-165.20713035201396,-163.48438761432803,-164.34575898317098,1,5.703741015506797e-06,9.826078412105729e-06,101770
bayesfl_observability_v1,ola_sparse_bayesian_keep010_seed42,5,ola,global,,,all,db,1,-163.48438761432803,-161.76164487664207,-162.62301624548505,0,0.0,9.826078412105729e-06,101770
bayesfl_observability_v1,ola_sparse_bayesian_keep010_seed42,5,ola,global,,,all,db,2,-161.76164487664207,-160.03890213895613,-160.9002735077991,0,0.0,9.826078412105729e-06,101770
bayesfl_observability_v1,ola_sparse_bayesian_keep010_seed42,5,ola,global,,,all,db,3,-160.03890213895613,-158.3161594012702,-159.17753077011315,1,5.703741015506797e-06,1.9652156824211458e-05,101770
bayesfl_observability_v1,ola_sparse_bayesian_keep010_seed42,5,ola,global,,,all,db,4,-158.3161594012702,-156.59341666358424,-157.45478803242722,2,1.1407482031013406e-05,3.9304313648422916e-05,101770
bayesfl_observability_v1,ola_sparse_bayesian_keep010_seed42,5,ola,global,,,all,db,5,-156.59341666358424,-154.8706739258983,-155.73204529474128,0,0.0,3.9304313648422916e-05,101770
bayesfl_observability_v1,ola_sparse_bayesian_keep010_seed42,5,ola,global,,,all,db,6,-154.8706739258983,-153.14793118821234,-154.00930255705532,0,0.0,3.9304313648422916e-05,101770
bayesfl_observability_v1,ola_sparse_bayesian_keep010_seed42,5,ola,global,,,all,db,7,-153.14793118821234,-151.4251884505264,-152.28655981936936,0,0.0,3.9304313648422916e-05,101770
bayesfl_observability_v1,ola_sparse_bayesian_keep010_seed42,5,ola,global,,,all,db,8,-151.4251884505264,-149.70244571284047,-150.56381708168345,0,0.0,3.9304313648422916e-05,101770
bayesfl_observability_v1,ola_sparse_bayesian_keep010_seed42,5,ola,global,,,all,db,9,-149.70244571284047,-147.9797029751545,-148.8410743439975,1,5.703741015506703e-06,4.913039206052864e-05,101770
bayesfl_observability_v1,ola_sparse_bayesian_keep010_seed42,5,ola,global,,,all,db,10,-147.9797029751545,-146.25696023746858,-147.11833160631153,0,0.0,4.913039206052864e-05,101770
bayesfl_observability_v1,ola_sparse_bayesian_keep010_seed42,5,ola,global,,,all,db,11,-146.25696023746858,-144.53421749978264,-145.39558886862562,1,5.703741015506797e-06,5.895647047263437e-05,101770
bayesfl_observability_v1,ola_sparse_bayesian_keep010_seed42,5,ola,global,,,all,db,12,-144.53421749978264,-142.81147476209668,-143.67284613093966,2,1.1407482031013406e-05,7.860862729684583e-05,101770
bayesfl_observability_v1,ola_sparse_bayesian_keep010_seed42,5,ola,global,,,all,db,13,-142.81147476209668,-141.08873202441075,-141.9501033932537,2,1.1407482031013594e-05,9.826078412105728e-05,101770
bayesfl_observability_v1,ola_sparse_bayesian_keep010_seed42,5,ola,global,,,all,db,14,-141.08873202441075,-139.3659892867248,-140.2273606555678,1,5.703741015506797e-06,0.00010808686253316301,101770
bayesfl_observability_v1,ola_sparse_bayesian_keep010_seed42,5,ola,global,,,all,db,15,-139.3659892867248,-137.64324654903885,-138.50461791788183,2,1.1407482031013406e-05,0.00012773901935737446,101770
bayesfl_observability_v1,ola_sparse_bayesian_keep010_seed42,5,ola,global,,,all,db,16,-137.64324654903885,-135.92050381135292,-136.78187518019587,2,1.1407482031013594e-05,0.00014739117618158592,101770
bayesfl_observability_v1,ola_sparse_bayesian_keep010_seed42,5,ola,global,,,all,db,17,-135.92050381135292,-134.19776107366698,-135.05913244250996,1,5.703741015506797e-06,0.00015721725459369166,101770
bayesfl_observability_v1,ola_sparse_bayesian_keep010_seed42,5,ola,global,,,all,db,18,-134.19776107366698,-132.47501833598102,-133.336389704824,2,1.1407482031013406e-05,0.00017686941141790313,101770
bayesfl_observability_v1,ola_sparse_bayesian_keep010_seed42,5,ola,global,,,all,db,19,-132.47501833598102,-130.75227559829509,-131.61364696713804,3,1.711122304652039e-05,0.0002063476466542203,101770
bayesfl_observability_v1,ola_sparse_bayesian_keep010_seed42,5,ola,global,,,all,db,20,-130.75227559829509,-129.02953286060915,-129.89090422945213,9,5.1333669139561175e-05,0.00029478235236317184,101770
bayesfl_observability_v1,ola_sparse_bayesian_keep010_seed42,5,ola,global,,,all,db,21,-129.02953286060915,-127.30679012292319,-128.16816149176617,5,2.8518705077533515e-05,0.0003439127444237005,101770
bayesfl_observability_v1,ola_sparse_bayesian_keep010_seed42,5,ola,global,,,all,db,22,-127.30679012292319,-125.58404738523726,-126.44541875408022,14,7.985237421709516e-05,0.0004814778421931807,101770
bayesfl_observability_v1,ola_sparse_bayesian_keep010_seed42,5,ola,global,,,all,db,23,-125.58404738523726,-123.86130464755131,-124.72267601639427,5,2.8518705077533753e-05,0.0005306082342537093,101770
bayesfl_observability_v1,ola_sparse_bayesian_keep010_seed42,5,ola,global,,,all,db,24,-123.86130464755131,-122.13856190986536,-122.99993327870834,19,0.00010837107929462826,0.0007173037240837182,101770
bayesfl_observability_v1,ola_sparse_bayesian_keep010_seed42,5,ola,global,,,all,db,25,-122.13856190986536,-120.41581917217943,-121.27719054102239,14,7.985237421709516e-05,0.0008548688218531984,101770
bayesfl_observability_v1,ola_sparse_bayesian_keep010_seed42,5,ola,global,,,all,db,26,-120.41581917217943,-118.69307643449346,-119.55444780333644,14,7.985237421709384e-05,0.0009924339196226786,101770
bayesfl_observability_v1,ola_sparse_bayesian_keep010_seed42,5,ola,global,,,all,db,27,-118.69307643449346,-116.97033369680753,-117.8317050656505,22,0.00012548230234114954,0.0012086076446890047,101770
bayesfl_observability_v1,ola_sparse_bayesian_keep010_seed42,5,ola,global,,,all,db,28,-116.97033369680753,-115.24759095912158,-116.10896232796455,25,0.00014259352538766878,0.0014542596049916478,101770
bayesfl_observability_v1,ola_sparse_bayesian_keep010_seed42,5,ola,global,,,all,db,29,-115.24759095912158,-113.52484822143563,-114.38621959027861,36,0.00020533467655824302,0.0018079984278274541,101770
bayesfl_observability_v1,ola_sparse_bayesian_keep010_seed42,5,ola,global,,,all,db,30,-113.52484822143563,-111.8021054837497,-112.66347685259267,47,0.00026807582772881946,0.0022698241131964233,101770
bayesfl_observability_v1,ola_sparse_bayesian_keep010_seed42,5,ola,global,,,all,db,31,-111.8021054837497,-110.07936274606375,-110.94073411490672,51,0.0002908907917908443,0.0027709541122138154,101770
bayesfl_observability_v1,ola_sparse_bayesian_keep010_seed42,5,ola,global,,,all,db,32,-110.07936274606375,-108.3566200083778,-109.21799137722078,64,0.00036503942499243203,0.003399823130588582,101770
bayesfl_observability_v1,ola_sparse_bayesian_keep010_seed42,5,ola,global,,,all,db,33,-108.3566200083778,-106.63387727069187,-107.49524863953484,69,0.00039355813006996897,0.004077822541023878,101770
bayesfl_observability_v1,ola_sparse_bayesian_keep010_seed42,5,ola,global,,,all,db,34,-106.63387727069187,-104.91113453300592,-105.77250590184889,85,0.0004848179863180738,0.004913039206052864,101770
bayesfl_observability_v1,ola_sparse_bayesian_keep010_seed42,5,ola,global,,,all,db,35,-104.91113453300592,-103.18839179531997,-104.04976316416295,90,0.0005133366913956075,0.00579738626314238,101770
bayesfl_observability_v1,ola_sparse_bayesian_keep010_seed42,5,ola,global,,,all,db,36,-103.18839179531997,-101.46564905763404,-102.327020426477,133,0.000758597555062404,0.0071042546919524415,101770
bayesfl_observability_v1,ola_sparse_bayesian_keep010_seed42,5,ola,global,,,all,db,37,-101.46564905763404,-99.74290631994809,-100.60427768879106,160,0.0009125985624810801,0.008676427237889358,101770
bayesfl_observability_v1,ola_sparse_bayesian_keep010_seed42,5,ola,global,,,all,db,38,-99.74290631994809,-98.02016358226214,-98.88153495110512,197,0.00112363698005483,0.010612164685074187,101770
bayesfl_observability_v1,ola_sparse_bayesian_keep010_seed42,5,ola,global,,,all,db,39,-98.02016358226214,-96.2974208445762,-97.15879221341916,225,0.0012833417284890188,0.012823032327797976,101770
bayesfl_observability_v1,ola_sparse_bayesian_keep010_seed42,5,ola,global,,,all,db,40,-96.2974208445762,-94.57467810689026,-95.43604947573323,242,0.0013803053257526448,0.015200943303527562,101770
bayesfl_observability_v1,ola_sparse_bayesian_keep010_seed42,5,ola,global,,,all,db,41,-94.57467810689026,-92.85193536920431,-93.7133067380473,351,0.0020020130964428693,0.01864989682617667,101770
bayesfl_observability_v1,ola_sparse_bayesian_keep010_seed42,5,ola,global,,,all,db,42,-92.85193536920431,-91.12919263151836,-91.99056400036133,427,0.0024354974136213824,0.02284563230814582,101770
bayesfl_observability_v1,ola_sparse_bayesian_keep010_seed42,5,ola,global,,,all,db,43,-91.12919263151836,-89.40644989383242,-90.2678212626754,547,0.0031199463354821926,0.02822049719956765,101770
bayesfl_observability_v1,ola_sparse_bayesian_keep010_seed42,5,ola,global,,,all,db,44,-89.40644989383242,-87.68370715614648,-88.54507852498945,592,0.003376614681180024,0.034037535619534244,101770
bayesfl_observability_v1,ola_sparse_bayesian_keep010_seed42,5,ola,global,,,all,db,45,-87.68370715614648,-85.96096441846053,-86.8223357873035,769,0.004386176840924691,0.04159378991844355,101770
bayesfl_observability_v1,ola_sparse_bayesian_keep010_seed42,5,ola,global,,,all,db,46,-85.96096441846053,-84.23822168077459,-85.09959304961757,903,0.005150478137002596,0.05046673872457502,101770
bayesfl_observability_v1,ola_sparse_bayesian_keep010_seed42,5,ola,global,,,all,db,47,-84.23822168077459,-82.51547894308865,-83.37685031193162,1097,0.006257003894010956,0.06124594674265501,101770
bayesfl_observability_v1,ola_sparse_bayesian_keep010_seed42,5,ola,global,,,all,db,48,-82.51547894308865,-80.7927362054027,-81.65410757424567,1341,0.007648716701794553,0.07442271789328879,101770
bayesfl_observability_v1,ola_sparse_bayesian_keep010_seed42,5,ola,global,,,all,db,49,-80.7927362054027,-79.06999346771676,-79.93136483655974,1628,0.00928569037324499,0.09041957354819692,101770
bayesfl_observability_v1,ola_sparse_bayesian_keep010_seed42,5,ola,global,,,all,db,50,-79.06999346771676,-77.34725073003081,-78.20862209887378,2007,0.011447408218122049,0.11014051292129311,101770
bayesfl_observability_v1,ola_sparse_bayesian_keep010_seed42,5,ola,global,,,all,db,51,-77.34725073003081,-75.62450799234487,-76.48587936118784,2465,0.014059721603224254,0.13436179620713373,101770
bayesfl_observability_v1,ola_sparse_bayesian_keep010_seed42,5,ola,global,,,all,db,52,-75.62450799234487,-73.90176525465893,-74.76313662350191,3084,0.01759033729182282,0.1646654220300678,101770
bayesfl_observability_v1,ola_sparse_bayesian_keep010_seed42,5,ola,global,,,all,db,53,-73.90176525465893,-72.17902251697298,-73.04039388581594,3760,0.021446066218305384,0.20161147685958533,101770
bayesfl_observability_v1,ola_sparse_bayesian_keep010_seed42,5,ola,global,,,all,db,54,-72.17902251697298,-70.45627977928703,-71.31765114813001,4660,0.026579433132261458,0.24740100225999803,101770
bayesfl_observability_v1,ola_sparse_bayesian_keep010_seed42,5,ola,global,,,all,db,55,-70.45627977928703,-68.7335370416011,-69.59490841044406,5601,0.03194665342785357,0.30243686744620224,101770
bayesfl_observability_v1,ola_sparse_bayesian_keep010_seed42,5,ola,global,,,all,db,56,-68.7335370416011,-67.01079430391515,-67.87216567275811,6806,0.03881966135153894,0.3693131571189938,101770
bayesfl_observability_v1,ola_sparse_bayesian_keep010_seed42,5,ola,global,,,all,db,57,-67.01079430391515,-65.2880515662292,-66.14942293507218,8278,0.04721556812636488,0.450653434214405,101770
bayesfl_observability_v1,ola_sparse_bayesian_keep010_seed42,5,ola,global,,,all,db,58,-65.2880515662292,-63.565308828543266,-64.42668019738623,10141,0.05784163763825443,0.5502996953915692,101770
bayesfl_observability_v1,ola_sparse_bayesian_keep010_seed42,5,ola,global,,,all,db,59,-63.565308828543266,-61.84256609085732,-62.70393745970029,12173,0.06943163938176368,0.6699125479021323,101770
bayesfl_observability_v1,ola_sparse_bayesian_keep010_seed42,5,ola,global,,,all,db,60,-61.84256609085732,-60.11982335317137,-60.981194722014344,14946,0.08524811321776389,0.8167731158494644,101770
bayesfl_observability_v1,ola_sparse_bayesian_keep010_seed42,5,ola,global,,,all,db,61,-60.11982335317137,-58.39708061548542,-59.258451984328396,14498,0.08269283724281687,0.9592316006681734,101770
bayesfl_observability_v1,ola_sparse_bayesian_keep010_seed42,5,ola,global,,,all,db,62,-58.39708061548542,-56.67433787779949,-57.535709246642455,2364,0.013483643760658068,0.9824604500343913,101770
bayesfl_observability_v1,ola_sparse_bayesian_keep010_seed42,5,ola,global,,,all,db,63,-56.67433787779949,-54.95159514011354,-55.812966508956514,728,0.0041523234592889145,0.9896138351184043,101770
bayesfl_observability_v1,ola_sparse_bayesian_keep010_seed42,5,ola,global,,,all,db,64,-54.95159514011354,-53.22885240242759,-54.090223771270566,292,0.001665492376527971,0.9924830500147391,101770
bayesfl_observability_v1,ola_sparse_bayesian_keep010_seed42,5,ola,global,,,all,db,65,-53.22885240242759,-51.50610966474166,-52.367481033584625,184,0.0010494883468532507,0.9942910484425665,101770
bayesfl_observability_v1,ola_sparse_bayesian_keep010_seed42,5,ola,global,,,all,db,66,-51.50610966474166,-49.78336692705571,-50.644738295898684,141,0.0008042274831864518,0.9956765254986735,101770
bayesfl_observability_v1,ola_sparse_bayesian_keep010_seed42,5,ola,global,,,all,db,67,-49.78336692705571,-48.06062418936976,-48.921995558212735,101,0.0005760778425661818,0.9966689594182961,101770
bayesfl_observability_v1,ola_sparse_bayesian_keep010_seed42,5,ola,global,,,all,db,68,-48.06062418936976,-46.33788145168381,-47.19925282052679,75,0.0004277805761630063,0.9974059152992041,101770
bayesfl_observability_v1,ola_sparse_bayesian_keep010_seed42,5,ola,global,,,all,db,69,-46.33788145168381,-44.61513871399788,-45.476510082840846,55,0.00031370575585287384,0.9979463496118699,101770
bayesfl_observability_v1,ola_sparse_bayesian_keep010_seed42,5,ola,global,,,all,db,70,-44.61513871399788,-42.89239597631193,-43.753767345154905,54,0.00030800201483736456,0.9984769578461236,101770
bayesfl_observability_v1,ola_sparse_bayesian_keep010_seed42,5,ola,global,,,all,db,71,-42.89239597631193,-41.16965323862598,-42.03102460746896,36,0.00020533467655824302,0.9988306966689594,101770
bayesfl_observability_v1,ola_sparse_bayesian_keep010_seed42,5,ola,global,,,all,db,72,-41.16965323862598,-39.44691050094005,-40.308281869783016,27,0.00015400100741868352,0.9990960007860863,101770
bayesfl_observability_v1,ola_sparse_bayesian_keep010_seed42,5,ola,global,,,all,db,73,-39.44691050094005,-37.7241677632541,-38.585539132097075,22,0.0001254823023411485,0.9993121745111526,101770
bayesfl_observability_v1,ola_sparse_bayesian_keep010_seed42,5,ola,global,,,all,db,74,-37.7241677632541,-36.00142502556815,-36.86279639441113,13,7.414863320158776e-05,0.99943991353051,101770
bayesfl_observability_v1,ola_sparse_bayesian_keep010_seed42,5,ola,global,,,all,db,75,-36.00142502556815,-34.27868228788222,-35.140053656725186,19,0.00010837107929462914,0.99962660902034,101770
bayesfl_observability_v1,ola_sparse_bayesian_keep010_seed42,5,ola,global,,,all,db,76,-34.27868228788222,-32.55593955019626,-33.41731091903924,14,7.985237421709384e-05,0.9997641741181095,101770
bayesfl_observability_v1,ola_sparse_bayesian_keep010_seed42,5,ola,global,,,all,db,77,-32.55593955019626,-30.833196812510323,-31.69456818135329,13,7.414863320158837e-05,0.9998919131374668,101770
bayesfl_observability_v1,ola_sparse_bayesian_keep010_seed42,5,ola,global,,,all,db,78,-30.833196812510323,-29.11045407482439,-29.971825443667356,2,1.1407482031013594e-05,0.999911565294291,101770
bayesfl_observability_v1,ola_sparse_bayesian_keep010_seed42,5,ola,global,,,all,db,79,-29.11045407482439,-27.387711337138434,-28.24908270598141,9,5.1333669139560545e-05,1.0,101770
bayesfl_observability_v1,ola_sparse_bayesian_keep010_seed42,5,ola,global,,,layers.0.weight,raw,0,5.4898993421405195e-09,3.796889145079609e-05,1.8987190675069114e-05,3170,832.0858012458416,0.03158880739795918,100352
bayesfl_observability_v1,ola_sparse_bayesian_keep010_seed42,5,ola,global,,,layers.0.weight,raw,1,3.796889145079609e-05,7.593229300225004e-05,5.6950592226523066e-05,3121,819.2239071571832,0.06268933354591837,100352
bayesfl_observability_v1,ola_sparse_bayesian_keep010_seed42,5,ola,global,,,layers.0.weight,raw,2,7.593229300225004e-05,0.000113895694553704,9.491399377797703e-05,3088,810.5618152199237,0.09346101721938775,100352
bayesfl_observability_v1,ola_sparse_bayesian_keep010_seed42,5,ola,global,,,layers.0.weight,raw,3,0.000113895694553704,0.00015185909610515794,0.00013287739532943097,3116,817.9114689848715,0.12451171875,100352
bayesfl_observability_v1,ola_sparse_bayesian_keep010_seed42,5,ola,global,,,layers.0.weight,raw,4,0.00015185909610515794,0.00018982249765661188,0.0001708407968808849,3210,842.5853066243382,0.1564991230867347,100352
bayesfl_observability_v1,ola_sparse_bayesian_keep010_seed42,5,ola,global,,,layers.0.weight,raw,5,0.00018982249765661188,0.00022778589920806585,0.00020880419843233885,3222,845.7351582378865,0.18860610650510204,100352
bayesfl_observability_v1,ola_sparse_bayesian_keep010_seed42,5,ola,global,,,layers.0.weight,raw,6,0.00022778589920806585,0.0002657493007595198,0.00024676759998379285,3223,845.9976458723495,0.22072305484693877,100352
bayesfl_observability_v1,ola_sparse_bayesian_keep010_seed42,5,ola,global,,,layers.0.weight,raw,7,0.0002657493007595198,0.00030371270231097374,0.00028473100153524674,3231,848.0975469480487,0.2529197225765306,100352
bayesfl_observability_v1,ola_sparse_bayesian_keep010_seed42,5,ola,global,,,layers.0.weight,raw,8,0.00030371270231097374,0.0003416761038624277,0.00032269440308670073,3269,858.0720770576204,0.28549505739795916,100352
bayesfl_observability_v1,ola_sparse_bayesian_keep010_seed42,5,ola,global,,,layers.0.weight,raw,9,0.0003416761038624277,0.0003796395054138816,0.0003606578046381546,3145,825.5236103842814,0.3168347417091837,100352
bayesfl_observability_v1,ola_sparse_bayesian_keep010_seed42,5,ola,global,,,layers.0.weight,raw,10,0.0003796395054138816,0.00041760290696533556,0.0003986212061896086,3178,834.1857023215409,0.34850326849489793,100352
bayesfl_observability_v1,ola_sparse_bayesian_keep010_seed42,5,ola,global,,,layers.0.weight,raw,11,0.00041760290696533556,0.00045556630851678956,0.00043658460774106256,3279,860.6969534022433,0.3811782525510204,100352
bayesfl_observability_v1,ola_sparse_bayesian_keep010_seed42,5,ola,global,,,layers.0.weight,raw,12,0.00045556630851678956,0.0004935297100682434,0.0004745480092925165,3112,816.8615184470243,0.4121890943877551,100352
bayesfl_observability_v1,ola_sparse_bayesian_keep010_seed42,5,ola,global,,,layers.0.weight,raw,13,0.0004935297100682434,0.0005314931116196974,0.0005125114108439704,3190,837.3355539350887,0.44397720025510207,100352
bayesfl_observability_v1,ola_sparse_bayesian_keep010_seed42,5,ola,global,,,layers.0.weight,raw,14,0.0005314931116196974,0.0005694565131711513,0.0005504748123954244,3280,860.9594410367082,0.47666214923469385,100352
bayesfl_observability_v1,ola_sparse_bayesian_keep010_seed42,5,ola,global,,,layers.0.weight,raw,15,0.0005694565131711513,0.0006074199147226053,0.0005884382139468783,3261,855.9721759819198,0.5091577646683674,100352
bayesfl_observability_v1,ola_sparse_bayesian_keep010_seed42,5,ola,global,,,layers.0.weight,raw,16,0.0006074199147226053,0.0006453833162740593,0.0006264016154983323,3152,827.3610238255171,0.5405672034438775,100352
bayesfl_observability_v1,ola_sparse_bayesian_keep010_seed42,5,ola,global,,,layers.0.weight,raw,17,0.0006453833162740593,0.0006833467178255132,0.0006643650170497862,3173,832.8732641492302,0.5721859056122449,100352
bayesfl_observability_v1,ola_sparse_bayesian_keep010_seed42,5,ola,global,,,layers.0.weight,raw,18,0.0006833467178255132,0.0007213101193769672,0.0007023284186012402,3096,812.6617162956221,0.6030373086734694,100352
bayesfl_observability_v1,ola_sparse_bayesian_keep010_seed42,5,ola,global,,,layers.0.weight,raw,19,0.0007213101193769672,0.000759273520928421,0.0007402918201526941,3143,824.9986351153578,0.6343570631377551,100352
bayesfl_observability_v1,ola_sparse_bayesian_keep010_seed42,5,ola,global,,,layers.0.weight,raw,20,0.000759273520928421,0.000797236922479875,0.000778255221704148,3242,850.984910927134,0.6666633450255102,100352
bayesfl_observability_v1,ola_sparse_bayesian_keep010_seed42,5,ola,global,,,layers.0.weight,raw,21,0.000797236922479875,0.0008352003240313289,0.0008162186232556019,3209,842.322818989877,0.6986407844387755,100352
bayesfl_observability_v1,ola_sparse_bayesian_keep010_seed42,5,ola,global,,,layers.0.weight,raw,22,0.0008352003240313289,0.0008731637255827829,0.0008541820248070559,3219,844.9476953344986,0.7307178730867347,100352
bayesfl_observability_v1,ola_sparse_bayesian_keep010_seed42,5,ola,global,,,layers.0.weight,raw,23,0.0008731637255827829,0.0009111271271342369,0.0008921454263585099,3114,817.3864937159456,0.7617486447704082,100352
bayesfl_observability_v1,ola_sparse_bayesian_keep010_seed42,5,ola,global,,,layers.0.weight,raw,24,0.0009111271271342369,0.0009490905286856908,0.0009301088279099639,3208,842.0603313554145,0.7937161192602041,100352
bayesfl_observability_v1,ola_sparse_bayesian_keep010_seed42,5,ola,global,,,layers.0.weight,raw,25,0.0009490905286856908,0.0009870539302371448,0.0009680722294614178,3176,833.660727052615,0.8253647161989796,100352
bayesfl_observability_v1,ola_sparse_bayesian_keep010_seed42,5,ola,global,,,layers.0.weight,raw,26,0.0009870539302371448,0.0010250173317885988,0.001006035631012872,3203,840.7478931831,0.8572823660714286,100352
bayesfl_observability_v1,ola_sparse_bayesian_keep010_seed42,5,ola,global,,,layers.0.weight,raw,27,0.0010250173317885988,0.0010629807333400528,0.0010439990325643257,3169,831.8233136113781,0.8888612085459183,100352
bayesfl_observability_v1,ola_sparse_bayesian_keep010_seed42,5,ola,global,,,layers.0.weight,raw,28,0.0010629807333400528,0.0011009441348915068,0.00108196243411578,3128,821.0613205984193,0.9200314891581632,100352
bayesfl_observability_v1,ola_sparse_bayesian_keep010_seed42,5,ola,global,,,layers.0.weight,raw,29,0.0011009441348915068,0.0011389075364429606,0.0011199258356672337,2606,684.042775409045,0.9460000797193877,100352
bayesfl_observability_v1,ola_sparse_bayesian_keep010_seed42,5,ola,global,,,layers.0.weight,raw,30,0.0011389075364429606,0.0011768709379944146,0.0011578892372186875,1559,409.2182221268976,0.9615353954081632,100352
bayesfl_observability_v1,ola_sparse_bayesian_keep010_seed42,5,ola,global,,,layers.0.weight,raw,31,0.0011768709379944146,0.0012148343395458686,0.0011958526387701417,998,261.9626591934854,0.9714803890306123,100352
bayesfl_observability_v1,ola_sparse_bayesian_keep010_seed42,5,ola,global,,,layers.0.weight,raw,32,0.0012148343395458686,0.0012527977410973226,0.0012338160403215954,631,165.62969734578087,0.9777682557397959,100352
bayesfl_observability_v1,ola_sparse_bayesian_keep010_seed42,5,ola,global,,,layers.0.weight,raw,33,0.0012527977410973226,0.0012907611426487766,0.0012717794418730497,408,107.09495486066339,0.9818339445153061,100352
bayesfl_observability_v1,ola_sparse_bayesian_keep010_seed42,5,ola,global,,,layers.0.weight,raw,34,0.0012907611426487766,0.0013287245442002303,0.0013097428434245034,290,76.12141399409941,0.9847237723214286,100352
bayesfl_observability_v1,ola_sparse_bayesian_keep010_seed42,5,ola,global,,,layers.0.weight,raw,35,0.0013287245442002303,0.0013666879457516843,0.0013477062449759572,212,55.647378506030975,0.9868363360969388,100352
bayesfl_observability_v1,ola_sparse_bayesian_keep010_seed42,5,ola,global,,,layers.0.weight,raw,36,0.0013666879457516843,0.0014046513473031383,0.0013856696465274114,193,50.66011345124518,0.9887595663265306,100352
bayesfl_observability_v1,ola_sparse_bayesian_keep010_seed42,5,ola,global,,,layers.0.weight,raw,37,0.0014046513473031383,0.0014426147488545923,0.0014236330480788652,164,43.04797205183528,0.9903938137755102,100352
bayesfl_observability_v1,ola_sparse_bayesian_keep010_seed42,5,ola,global,,,layers.0.weight,raw,38,0.0014426147488545923,0.001480578150406046,0.0014615964496303192,142,37.27324409366247,0.9918088329081632,100352
bayesfl_observability_v1,ola_sparse_bayesian_keep010_seed42,5,ola,global,,,layers.0.weight,raw,39,0.001480578150406046,0.0015185415519575,0.0014995598511817732,110,28.873639790865127,0.9929049744897959,100352
bayesfl_observability_v1,ola_sparse_bayesian_keep010_seed42,5,ola,global,,,layers.0.weight,raw,40,0.0015185415519575,0.001556504953508954,0.001537523252733227,81,21.26149839145523,0.9937121332908163,100352
bayesfl_observability_v1,ola_sparse_bayesian_keep010_seed42,5,ola,global,,,layers.0.weight,raw,41,0.001556504953508954,0.001594468355060408,0.0015754866542846812,97,25.461300542853795,0.9946787308673469,100352
bayesfl_observability_v1,ola_sparse_bayesian_keep010_seed42,5,ola,global,,,layers.0.weight,raw,42,0.001594468355060408,0.001632431756611862,0.001613450055836135,66,17.324183874519075,0.9953364158163265,100352
bayesfl_observability_v1,ola_sparse_bayesian_keep010_seed42,5,ola,global,,,layers.0.weight,raw,43,0.001632431756611862,0.0016703951581633159,0.001651413457387589,64,16.79920860559435,0.9959741709183674,100352
bayesfl_observability_v1,ola_sparse_bayesian_keep010_seed42,5,ola,global,,,layers.0.weight,raw,44,0.0016703951581633159,0.0017083585597147699,0.001689376858939043,71,18.63662204683113,0.9966816804846939,100352
bayesfl_observability_v1,ola_sparse_bayesian_keep010_seed42,5,ola,global,,,layers.0.weight,raw,45,0.0017083585597147699,0.0017463219612662239,0.0017273402604904967,40,10.49950537849641,0.9970802774234694,100352
bayesfl_observability_v1,ola_sparse_bayesian_keep010_seed42,5,ola,global,,,layers.0.weight,raw,46,0.0017463219612662239,0.0017842853628176778,0.001765303662041951,47,12.336918819733283,0.9975486288265306,100352
bayesfl_observability_v1,ola_sparse_bayesian_keep010_seed42,5,ola,global,,,layers.0.weight,raw,47,0.0017842853628176778,0.0018222487643691318,0.0018032670635934047,37,9.712042475109179,0.997917330994898,100352
bayesfl_observability_v1,ola_sparse_bayesian_keep010_seed42,5,ola,global,,,layers.0.weight,raw,48,0.0018222487643691318,0.0018602121659205856,0.0018412304651448587,28,7.349653764947529,0.9981963488520408,100352
bayesfl_observability_v1,ola_sparse_bayesian_keep010_seed42,5,ola,global,,,layers.0.weight,raw,49,0.0018602121659205856,0.0018981755674720396,0.0018791938666963127,24,6.299703227097846,0.9984355070153061,100352
bayesfl_observability_v1,ola_sparse_bayesian_keep010_seed42,5,ola,global,,,layers.0.weight,raw,50,0.0018981755674720396,0.0019361389690234936,0.0019171572682477665,23,6.037215592635436,0.998664700255102,100352
bayesfl_observability_v1,ola_sparse_bayesian_keep010_seed42,5,ola,global,,,layers.0.weight,raw,51,0.0019361389690234936,0.001974102370574947,0.0019551206697992203,20,5.2497526892482655,0.9988639987244898,100352
bayesfl_observability_v1,ola_sparse_bayesian_keep010_seed42,5,ola,global,,,layers.0.weight,raw,52,0.001974102370574947,0.0020120657721264014,0.0019930840713506745,20,5.249752689248175,0.9990632971938775,100352
bayesfl_observability_v1,ola_sparse_bayesian_keep010_seed42,5,ola,global,,,layers.0.weight,raw,53,0.0020120657721264014,0.002050029173677855,0.0020310474729021283,12,3.149851613548941,0.9991828762755102,100352
bayesfl_observability_v1,ola_sparse_bayesian_keep010_seed42,5,ola,global,,,layers.0.weight,raw,54,0.002050029173677855,0.002087992575229309,0.002069010874453582,5,1.3124381723120588,0.9992327008928571,100352
bayesfl_observability_v1,ola_sparse_bayesian_keep010_seed42,5,ola,global,,,layers.0.weight,raw,55,0.002087992575229309,0.002125955976780763,0.002106974276005036,9,2.362388710161679,0.9993223852040817,100352
bayesfl_observability_v1,ola_sparse_bayesian_keep010_seed42,5,ola,global,,,layers.0.weight,raw,56,0.002125955976780763,0.002163919378332217,0.00214493767755649,8,2.099901075699294,0.9994021045918368,100352
bayesfl_observability_v1,ola_sparse_bayesian_keep010_seed42,5,ola,global,,,layers.0.weight,raw,57,0.002163919378332217,0.002201882779883671,0.0021829010791079443,7,1.8374134412368612,0.9994718590561225,100352
bayesfl_observability_v1,ola_sparse_bayesian_keep010_seed42,5,ola,global,,,layers.0.weight,raw,58,0.002201882779883671,0.002239846181435125,0.002220864480659398,10,2.6248763446241177,0.9995715082908163,100352
bayesfl_observability_v1,ola_sparse_bayesian_keep010_seed42,5,ola,global,,,layers.0.weight,raw,59,0.002239846181435125,0.0022778095829865787,0.002258827882210852,8,2.099901075699294,0.9996512276785714,100352
bayesfl_observability_v1,ola_sparse_bayesian_keep010_seed42,5,ola,global,,,layers.0.weight,raw,60,0.0022778095829865787,0.002315772984538033,0.0022967912837623056,3,0.7874629033872262,0.9996811224489796,100352
bayesfl_observability_v1,ola_sparse_bayesian_keep010_seed42,5,ola,global,,,layers.0.weight,raw,61,0.002315772984538033,0.0023537363860894867,0.00233475468531376,5,1.3124381723120588,0.9997309470663265,100352
bayesfl_observability_v1,ola_sparse_bayesian_keep010_seed42,5,ola,global,,,layers.0.weight,raw,62,0.0023537363860894867,0.002391699787640941,0.002372718086865214,2,0.5249752689248175,0.9997508769132653,100352
bayesfl_observability_v1,ola_sparse_bayesian_keep010_seed42,5,ola,global,,,layers.0.weight,raw,63,0.002391699787640941,0.0024296631891923947,0.002410681488416668,3,0.7874629033872352,0.9997807716836735,100352
bayesfl_observability_v1,ola_sparse_bayesian_keep010_seed42,5,ola,global,,,layers.0.weight,raw,64,0.0024296631891923947,0.0024676265907438485,0.0024486448899681216,1,0.26248763446241175,0.9997907366071429,100352
bayesfl_observability_v1,ola_sparse_bayesian_keep010_seed42,5,ola,global,,,layers.0.weight,raw,65,0.0024676265907438485,0.0025055899922953027,0.0024866082915195754,2,0.5249752689248175,0.9998106664540817,100352
bayesfl_observability_v1,ola_sparse_bayesian_keep010_seed42,5,ola,global,,,layers.0.weight,raw,66,0.0025055899922953027,0.0025435533938467565,0.0025245716930710296,4,1.049950537849647,0.9998505261479592,100352
bayesfl_observability_v1,ola_sparse_bayesian_keep010_seed42,5,ola,global,,,layers.0.weight,raw,67,0.0025435533938467565,0.0025815167953982107,0.002562535094622484,3,0.7874629033872262,0.9998804209183674,100352
bayesfl_observability_v1,ola_sparse_bayesian_keep010_seed42,5,ola,global,,,layers.0.weight,raw,68,0.0025815167953982107,0.0026194801969496645,0.0026004984961739376,1,0.26248763446241175,0.9998903858418368,100352
bayesfl_observability_v1,ola_sparse_bayesian_keep010_seed42,5,ola,global,,,layers.0.weight,raw,69,0.0026194801969496645,0.0026574435985011182,0.0026384618977253914,0,0.0,0.9998903858418368,100352
bayesfl_observability_v1,ola_sparse_bayesian_keep010_seed42,5,ola,global,,,layers.0.weight,raw,70,0.0026574435985011182,0.0026954070000525725,0.002676425299276845,2,0.5249752689248175,0.9999103156887755,100352
bayesfl_observability_v1,ola_sparse_bayesian_keep010_seed42,5,ola,global,,,layers.0.weight,raw,71,0.0026954070000525725,0.0027333704016040262,0.0027143887008282993,1,0.26248763446241175,0.9999202806122449,100352
bayesfl_observability_v1,ola_sparse_bayesian_keep010_seed42,5,ola,global,,,layers.0.weight,raw,72,0.0027333704016040262,0.0027713338031554804,0.0027523521023797536,1,0.26248763446240875,0.9999302455357143,100352
bayesfl_observability_v1,ola_sparse_bayesian_keep010_seed42,5,ola,global,,,layers.0.weight,raw,73,0.0027713338031554804,0.0028092972047069342,0.0027903155039312073,1,0.26248763446241175,0.9999402104591837,100352
bayesfl_observability_v1,ola_sparse_bayesian_keep010_seed42,5,ola,global,,,layers.0.weight,raw,74,0.0028092972047069342,0.002847260606258388,0.002828278905482661,2,0.5249752689248235,0.9999601403061225,100352
bayesfl_observability_v1,ola_sparse_bayesian_keep010_seed42,5,ola,global,,,layers.0.weight,raw,75,0.002847260606258388,0.0028852240078098422,0.002866242307034115,0,0.0,0.9999601403061225,100352
bayesfl_observability_v1,ola_sparse_bayesian_keep010_seed42,5,ola,global,,,layers.0.weight,raw,76,0.0028852240078098422,0.002923187409361296,0.002904205708585569,2,0.5249752689248235,0.9999800701530612,100352
bayesfl_observability_v1,ola_sparse_bayesian_keep010_seed42,5,ola,global,,,layers.0.weight,raw,77,0.002923187409361296,0.0029611508109127498,0.002942169110137023,1,0.26248763446241175,0.9999900350765306,100352
bayesfl_observability_v1,ola_sparse_bayesian_keep010_seed42,5,ola,global,,,layers.0.weight,raw,78,0.0029611508109127498,0.002999114212464204,0.002980132511688477,0,0.0,0.9999900350765306,100352
bayesfl_observability_v1,ola_sparse_bayesian_keep010_seed42,5,ola,global,,,layers.0.weight,raw,79,0.002999114212464204,0.0030370776140156578,0.003018095913239931,1,0.26248763446241175,1.0,100352
bayesfl_observability_v1,ola_sparse_bayesian_keep010_seed42,5,ola,global,,,layers.0.weight,db,0,-165.20713035201396,-163.77142724991063,-164.4892788009623,1,6.940796780886629e-06,9.964923469387754e-06,100352
bayesfl_observability_v1,ola_sparse_bayesian_keep010_seed42,5,ola,global,,,layers.0.weight,db,1,-163.77142724991063,-162.33572414780727,-163.05357569885894,0,0.0,9.964923469387754e-06,100352
bayesfl_observability_v1,ola_sparse_bayesian_keep010_seed42,5,ola,global,,,layers.0.weight,db,2,-162.33572414780727,-160.90002104570394,-161.6178725967556,0,0.0,9.964923469387754e-06,100352
bayesfl_observability_v1,ola_sparse_bayesian_keep010_seed42,5,ola,global,,,layers.0.weight,db,3,-160.90002104570394,-159.4643179436006,-160.18216949465227,1,6.940796780886629e-06,1.992984693877551e-05,100352
bayesfl_observability_v1,ola_sparse_bayesian_keep010_seed42,5,ola,global,,,layers.0.weight,db,4,-159.4643179436006,-158.02861484149724,-158.74646639254894,0,0.0,1.992984693877551e-05,100352
bayesfl_observability_v1,ola_sparse_bayesian_keep010_seed42,5,ola,global,,,layers.0.weight,db,5,-158.02861484149724,-156.5929117393939,-157.31076329044558,2,1.3881593561773257e-05,3.985969387755102e-05,100352
bayesfl_observability_v1,ola_sparse_bayesian_keep010_seed42,5,ola,global,,,layers.0.weight,db,6,-156.5929117393939,-155.15720863729058,-155.87506018834225,0,0.0,3.985969387755102e-05,100352
bayesfl_observability_v1,ola_sparse_bayesian_keep010_seed42,5,ola,global,,,layers.0.weight,db,7,-155.15720863729058,-153.72150553518725,-154.4393570862389,0,0.0,3.985969387755102e-05,100352
bayesfl_observability_v1,ola_sparse_bayesian_keep010_seed42,5,ola,global,,,layers.0.weight,db,8,-153.72150553518725,-152.2858024330839,-153.00365398413555,0,0.0,3.985969387755102e-05,100352
bayesfl_observability_v1,ola_sparse_bayesian_keep010_seed42,5,ola,global,,,layers.0.weight,db,9,-152.2858024330839,-150.85009933098056,-151.56795088203222,0,0.0,3.985969387755102e-05,100352
bayesfl_observability_v1,ola_sparse_bayesian_keep010_seed42,5,ola,global,,,layers.0.weight,db,10,-150.85009933098056,-149.41439622887722,-150.1322477799289,0,0.0,3.985969387755102e-05,100352
bayesfl_observability_v1,ola_sparse_bayesian_keep010_seed42,5,ola,global,,,layers.0.weight,db,11,-149.41439622887722,-147.97869312677386,-148.69654467782556,1,6.940796780886491e-06,4.982461734693878e-05,100352
bayesfl_observability_v1,ola_sparse_bayesian_keep010_seed42,5,ola,global,,,layers.0.weight,db,12,-147.97869312677386,-146.54299002467053,-147.2608415757222,0,0.0,4.982461734693878e-05,100352
bayesfl_observability_v1,ola_sparse_bayesian_keep010_seed42,5,ola,global,,,layers.0.weight,db,13,-146.54299002467053,-145.1072869225672,-145.82513847361886,0,0.0,4.982461734693878e-05,100352
bayesfl_observability_v1,ola_sparse_bayesian_keep010_seed42,5,ola,global,,,layers.0.weight,db,14,-145.1072869225672,-143.67158382046384,-144.3894353715155,1,6.940796780886491e-06,5.978954081632653e-05,100352
bayesfl_observability_v1,ola_sparse_bayesian_keep010_seed42,5,ola,global,,,layers.0.weight,db,15,-143.67158382046384,-142.2358807183605,-142.95373226941217,3,2.0822390342659886e-05,8.96843112244898e-05,100352
bayesfl_observability_v1,ola_sparse_bayesian_keep010_seed42,5,ola,global,,,layers.0.weight,db,16,-142.2358807183605,-140.80017761625717,-141.51802916730884,2,1.3881593561773257e-05,0.0001096141581632653,100352
bayesfl_observability_v1,ola_sparse_bayesian_keep010_seed42,5,ola,global,,,layers.0.weight,db,17,-140.80017761625717,-139.3644745141538,-140.0823260652055,0,0.0,0.0001096141581632653,100352
bayesfl_observability_v1,ola_sparse_bayesian_keep010_seed42,5,ola,global,,,layers.0.weight,db,18,-139.3644745141538,-137.92877141205048,-138.64662296310215,2,1.3881593561773257e-05,0.00012954400510204082,100352
bayesfl_observability_v1,ola_sparse_bayesian_keep010_seed42,5,ola,global,,,layers.0.weight,db,19,-137.92877141205048,-136.49306830994715,-137.2109198609988,2,1.3881593561773257e-05,0.00014947385204081633,100352
bayesfl_observability_v1,ola_sparse_bayesian_keep010_seed42,5,ola,global,,,layers.0.weight,db,20,-136.49306830994715,-135.05736520784382,-135.77521675889548,1,6.940796780886629e-06,0.00015943877551020407,100352
bayesfl_observability_v1,ola_sparse_bayesian_keep010_seed42,5,ola,global,,,layers.0.weight,db,21,-135.05736520784382,-133.62166210574046,-134.33951365679212,0,0.0,0.00015943877551020407,100352
bayesfl_observability_v1,ola_sparse_bayesian_keep010_seed42,5,ola,global,,,layers.0.weight,db,22,-133.62166210574046,-132.18595900363712,-132.9038105546888,2,1.3881593561773257e-05,0.0001793686224489796,100352
bayesfl_observability_v1,ola_sparse_bayesian_keep010_seed42,5,ola,global,,,layers.0.weight,db,23,-132.18595900363712,-130.75025590153376,-131.46810745258546,3,2.0822390342659476e-05,0.00020926339285714285,100352
bayesfl_observability_v1,ola_sparse_bayesian_keep010_seed42,5,ola,global,,,layers.0.weight,db,24,-130.75025590153376,-129.31455279943043,-130.0324043504821,8,5.552637424709303e-05,0.0002889827806122449,100352
bayesfl_observability_v1,ola_sparse_bayesian_keep010_seed42,5,ola,global,,,layers.0.weight,db,25,-129.31455279943043,-127.8788496973271,-128.59670124837876,6,4.164478068531977e-05,0.00034877232142857144,100352
bayesfl_observability_v1,ola_sparse_bayesian_keep010_seed42,5,ola,global,,,layers.0.weight,db,26,-127.8788496973271,-126.44314659522375,-127.16099814627543,6,4.164478068531936e-05,0.000408561862244898,100352
bayesfl_observability_v1,ola_sparse_bayesian_keep010_seed42,5,ola,global,,,layers.0.weight,db,27,-126.44314659522375,-125.0074434931204,-125.72529504417207,9,6.246717102797905e-05,0.0004982461734693878,100352
bayesfl_observability_v1,ola_sparse_bayesian_keep010_seed42,5,ola,global,,,layers.0.weight,db,28,-125.0074434931204,-123.57174039101707,-124.28959194206874,7,4.85855774662064e-05,0.000568000637755102,100352
bayesfl_observability_v1,ola_sparse_bayesian_keep010_seed42,5,ola,global,,,layers.0.weight,db,29,-123.57174039101707,-122.13603728891373,-122.8538888399654,16,0.00011105274849418496,0.0007274394132653062,100352
bayesfl_observability_v1,ola_sparse_bayesian_keep010_seed42,5,ola,global,,,layers.0.weight,db,30,-122.13603728891373,-120.70033418681038,-121.41818573786205,12,8.328956137063872e-05,0.0008470184948979591,100352
bayesfl_observability_v1,ola_sparse_bayesian_keep010_seed42,5,ola,global,,,layers.0.weight,db,31,-120.70033418681038,-119.26463108470705,-119.98248263575871,9,6.246717102797966e-05,0.0009367028061224489,100352
bayesfl_observability_v1,ola_sparse_bayesian_keep010_seed42,5,ola,global,,,layers.0.weight,db,32,-119.26463108470705,-117.82892798260372,-118.54677953365538,20,0.00013881593561773257,0.001136001275510204,100352
bayesfl_observability_v1,ola_sparse_bayesian_keep010_seed42,5,ola,global,,,layers.0.weight,db,33,-117.82892798260372,-116.39322488050037,-117.11107643155205,13,9.023035815152528e-05,0.001265545280612245,100352
bayesfl_observability_v1,ola_sparse_bayesian_keep010_seed42,5,ola,global,,,layers.0.weight,db,34,-116.39322488050037,-114.95752177839702,-115.67537332944869,23,0.00015963832596039087,0.0014947385204081632,100352
bayesfl_observability_v1,ola_sparse_bayesian_keep010_seed42,5,ola,global,,,layers.0.weight,db,35,-114.95752177839702,-113.52181867629369,-114.23967022734536,33,0.00022904629376925876,0.0018235809948979591,100352
bayesfl_observability_v1,ola_sparse_bayesian_keep010_seed42,5,ola,global,,,layers.0.weight,db,36,-113.52181867629369,-112.08611557419034,-112.80396712524202,32,0.00022210549698836992,0.0021424585459183672,100352
bayesfl_observability_v1,ola_sparse_bayesian_keep010_seed42,5,ola,global,,,layers.0.weight,db,37,-112.08611557419034,-110.650412472087,-111.36826402313866,46,0.00031927665192078175,0.0026008450255102043,100352
bayesfl_observability_v1,ola_sparse_bayesian_keep010_seed42,5,ola,global,,,layers.0.weight,db,38,-110.650412472087,-109.21470936998367,-109.93256092103533,47,0.00032621744870167153,0.0030691964285714285,100352
bayesfl_observability_v1,ola_sparse_bayesian_keep010_seed42,5,ola,global,,,layers.0.weight,db,39,-109.21470936998367,-107.77900626788032,-108.496857818932,55,0.0003817438229487608,0.003617267219387755,100352
bayesfl_observability_v1,ola_sparse_bayesian_keep010_seed42,5,ola,global,,,layers.0.weight,db,40,-107.77900626788032,-106.34330316577697,-107.06115471682864,61,0.0004233886036340802,0.0042251275510204085,100352
bayesfl_observability_v1,ola_sparse_bayesian_keep010_seed42,5,ola,global,,,layers.0.weight,db,41,-106.34330316577697,-104.90760006367364,-105.6254516147253,74,0.0005136189617856105,0.004962531887755102,100352
bayesfl_observability_v1,ola_sparse_bayesian_keep010_seed42,5,ola,global,,,layers.0.weight,db,42,-104.90760006367364,-103.4718969615703,-104.18974851262197,64,0.00044421099397673984,0.005600286989795918,100352
bayesfl_observability_v1,ola_sparse_bayesian_keep010_seed42,5,ola,global,,,layers.0.weight,db,43,-103.4718969615703,-102.03619385946695,-102.75404541051861,120,0.0008328956137063872,0.006796077806122449,100352
bayesfl_observability_v1,ola_sparse_bayesian_keep010_seed42,5,ola,global,,,layers.0.weight,db,44,-102.03619385946695,-100.60049075736362,-101.31834230841528,112,0.0007773692394593024,0.007912149234693877,100352
bayesfl_observability_v1,ola_sparse_bayesian_keep010_seed42,5,ola,global,,,layers.0.weight,db,45,-100.60049075736362,-99.16478765526027,-99.88263920631195,139,0.0009647707525432318,0.009297273596938776,100352
bayesfl_observability_v1,ola_sparse_bayesian_keep010_seed42,5,ola,global,,,layers.0.weight,db,46,-99.16478765526027,-97.72908455315694,-98.4469361042086,172,0.0011938170463125,0.011011240433673469,100352
bayesfl_observability_v1,ola_sparse_bayesian_keep010_seed42,5,ola,global,,,layers.0.weight,db,47,-97.72908455315694,-96.29338145105359,-97.01123300210526,192,0.0013326329819302195,0.012924505739795918,100352
bayesfl_observability_v1,ola_sparse_bayesian_keep010_seed42,5,ola,global,,,layers.0.weight,db,48,-96.29338145105359,-94.85767834895024,-95.57552990000192,199,0.0013812185593964255,0.014907525510204082,100352
bayesfl_observability_v1,ola_sparse_bayesian_keep010_seed42,5,ola,global,,,layers.0.weight,db,49,-94.85767834895024,-93.42197524684691,-94.13982679789858,263,0.0018254295533731834,0.017528300382653062,100352
bayesfl_observability_v1,ola_sparse_bayesian_keep010_seed42,5,ola,global,,,layers.0.weight,db,50,-93.42197524684691,-91.98627214474357,-92.70412369579523,322,0.0022349365634454724,0.02073700573979592,100352
bayesfl_observability_v1,ola_sparse_bayesian_keep010_seed42,5,ola,global,,,layers.0.weight,db,51,-91.98627214474357,-90.55056904264023,-91.2684205936919,406,0.0028179634930399714,0.024782764668367346,100352
bayesfl_observability_v1,ola_sparse_bayesian_keep010_seed42,5,ola,global,,,layers.0.weight,db,52,-90.55056904264023,-89.11486594053689,-89.83271749158857,467,0.0032413520966740237,0.029436383928571428,100352
bayesfl_observability_v1,ola_sparse_bayesian_keep010_seed42,5,ola,global,,,layers.0.weight,db,53,-89.11486594053689,-87.67916283843354,-88.39701438948521,497,0.0034495760001006202,0.034388950892857144,100352
bayesfl_observability_v1,ola_sparse_bayesian_keep010_seed42,5,ola,global,,,layers.0.weight,db,54,-87.67916283843354,-86.24345973633021,-86.96131128738187,636,0.0044143467526438955,0.04072664221938776,100352
bayesfl_observability_v1,ola_sparse_bayesian_keep010_seed42,5,ola,global,,,layers.0.weight,db,55,-86.24345973633021,-84.80775663422686,-85.52560818527854,722,0.005011255275800096,0.04792131696428571,100352
bayesfl_observability_v1,ola_sparse_bayesian_keep010_seed42,5,ola,global,,,layers.0.weight,db,56,-84.80775663422686,-83.37205353212352,-84.08990508317518,839,0.005823328499163824,0.05628188775510204,100352
bayesfl_observability_v1,ola_sparse_bayesian_keep010_seed42,5,ola,global,,,layers.0.weight,db,57,-83.37205353212352,-81.93635043002018,-82.65420198107185,971,0.0067395136742409165,0.06595782844387756,100352
bayesfl_observability_v1,ola_sparse_bayesian_keep010_seed42,5,ola,global,,,layers.0.weight,db,58,-81.93635043002018,-80.50064732791684,-81.21849887896852,1207,0.008377541714530078,0.07798549107142858,100352
bayesfl_observability_v1,ola_sparse_bayesian_keep010_seed42,5,ola,global,,,layers.0.weight,db,59,-80.50064732791684,-79.06494422581349,-79.78279577686516,1344,0.009328430873511536,0.09137834821428571,100352
bayesfl_observability_v1,ola_sparse_bayesian_keep010_seed42,5,ola,global,,,layers.0.weight,db,60,-79.06494422581349,-77.62924112371016,-78.34709267476183,1638,0.011369025127092298,0.10770089285714286,100352
bayesfl_observability_v1,ola_sparse_bayesian_keep010_seed42,5,ola,global,,,layers.0.weight,db,61,-77.62924112371016,-76.19353802160681,-76.91138957265849,1929,0.013388796990330175,0.12692323022959184,100352
bayesfl_observability_v1,ola_sparse_bayesian_keep010_seed42,5,ola,global,,,layers.0.weight,db,62,-76.19353802160681,-74.75783491950348,-75.47568647055515,2347,0.01629005004474092,0.1503109056122449,100352
bayesfl_observability_v1,ola_sparse_bayesian_keep010_seed42,5,ola,global,,,layers.0.weight,db,63,-74.75783491950348,-73.32213181740013,-74.0399833684518,2765,0.01919130309915134,0.17786391900510204,100352
bayesfl_observability_v1,ola_sparse_bayesian_keep010_seed42,5,ola,global,,,layers.0.weight,db,64,-73.32213181740013,-71.88642871529679,-72.60428026634847,3309,0.022967096547953626,0.21083785076530612,100352
bayesfl_observability_v1,ola_sparse_bayesian_keep010_seed42,5,ola,global,,,layers.0.weight,db,65,-71.88642871529679,-70.45072561319346,-71.16857716424512,3927,0.027256508958541793,0.24997010522959184,100352
bayesfl_observability_v1,ola_sparse_bayesian_keep010_seed42,5,ola,global,,,layers.0.weight,db,66,-70.45072561319346,-69.01502251109011,-69.73287406214178,4592,0.03187213881783108,0.2957290338010204,100352
bayesfl_observability_v1,ola_sparse_bayesian_keep010_seed42,5,ola,global,,,layers.0.weight,db,67,-69.01502251109011,-67.57931940898678,-68.29717096003844,5325,0.036959742858221296,0.3487922512755102,100352
bayesfl_observability_v1,ola_sparse_bayesian_keep010_seed42,5,ola,global,,,layers.0.weight,db,68,-67.57931940898678,-66.14361630688343,-66.86146785793511,6316,0.04383807246807951,0.41173070790816324,100352
bayesfl_observability_v1,ola_sparse_bayesian_keep010_seed42,5,ola,global,,,layers.0.weight,db,69,-66.14361630688343,-64.70791320478008,-65.42576475583175,7542,0.052347489321446436,0.4868861607142857,100352
bayesfl_observability_v1,ola_sparse_bayesian_keep010_seed42,5,ola,global,,,layers.0.weight,db,70,-64.70791320478008,-63.27221010267675,-63.99006165372842,8804,0.06110677485892588,0.5746173469387755,100352
bayesfl_observability_v1,ola_sparse_bayesian_keep010_seed42,5,ola,global,,,layers.0.weight,db,71,-63.27221010267675,-61.836507000573405,-62.55435855162508,10269,0.07127504214292409,0.6769471460459183,100352
bayesfl_observability_v1,ola_sparse_bayesian_keep010_seed42,5,ola,global,,,layers.0.weight,db,72,-61.836507000573405,-60.40080389847006,-61.11865544952173,12219,0.08480959586565288,0.7987085459183674,100352
bayesfl_observability_v1,ola_sparse_bayesian_keep010_seed42,5,ola,global,,,layers.0.weight,db,73,-60.40080389847006,-58.96510079636673,-59.68295234741839,14052,0.09753207636501891,0.9387356505102041,100352
bayesfl_observability_v1,ola_sparse_bayesian_keep010_seed42,5,ola,global,,,layers.0.weight,db,74,-58.96510079636673,-57.52939769426338,-58.247249245315054,4616,0.032038717940572364,0.984733737244898,100352
bayesfl_observability_v1,ola_sparse_bayesian_keep010_seed42,5,ola,global,,,layers.0.weight,db,75,-57.52939769426338,-56.093694592160034,-56.81154614321171,931,0.006461881803005388,0.994011080994898,100352
bayesfl_observability_v1,ola_sparse_bayesian_keep010_seed42,5,ola,global,,,layers.0.weight,db,76,-56.093694592160034,-54.6579914900567,-55.37584304110837,413,0.0028665490705061776,0.9981265943877551,100352
bayesfl_observability_v1,ola_sparse_bayesian_keep010_seed42,5,ola,global,,,layers.0.weight,db,77,-54.6579914900567,-53.222288387953355,-53.94013993900503,132,0.0009161851750770259,0.9994419642857143,100352
bayesfl_observability_v1,ola_sparse_bayesian_keep010_seed42,5,ola,global,,,layers.0.weight,db,78,-53.222288387953355,-51.78658528585002,-52.50443683690169,44,0.00030539505835901166,0.9998804209183674,100352
bayesfl_observability_v1,ola_sparse_bayesian_keep010_seed42,5,ola,global,,,layers.0.weight,db,79,-51.78658528585002,-50.350882183746684,-51.06873373479836,12,8.328956137063914e-05,1.0,100352
bayesfl_observability_v1,ola_sparse_bayesian_keep010_seed42,5,ola,global,,,layers.0.bias,raw,0,1.3921675797312967e-06,2.0599305481852664e-05,1.099573653079198e-05,6,2440.498956110624,0.046875,128
bayesfl_observability_v1,ola_sparse_bayesian_keep010_seed42,5,ola,global,,,layers.0.bias,raw,1,2.0599305481852664e-05,3.980644338397403e-05,3.0202874432913346e-05,1,406.7498260184374,0.0546875,128
bayesfl_observability_v1,ola_sparse_bayesian_keep010_seed42,5,ola,global,,,layers.0.bias,raw,2,3.980644338397403e-05,5.9013581286095395e-05,4.9410012335034716e-05,2,813.4996520368749,0.0703125,128
bayesfl_observability_v1,ola_sparse_bayesian_keep010_seed42,5,ola,global,,,layers.0.bias,raw,3,5.9013581286095395e-05,7.822071918821676e-05,6.861715023715607e-05,2,813.4996520368749,0.0859375,128
bayesfl_observability_v1,ola_sparse_bayesian_keep010_seed42,5,ola,global,,,layers.0.bias,raw,4,7.822071918821676e-05,9.742785709033813e-05,8.782428813927744e-05,2,813.4996520368745,0.1015625,128
bayesfl_observability_v1,ola_sparse_bayesian_keep010_seed42,5,ola,global,,,layers.0.bias,raw,5,9.742785709033813e-05,0.00011663499499245949,0.0001070314260413988,2,813.4996520368752,0.1171875,128
bayesfl_observability_v1,ola_sparse_bayesian_keep010_seed42,5,ola,global,,,layers.0.bias,raw,6,0.00011663499499245949,0.00013584213289458087,0.00012623856394352017,2,813.499652036874,0.1328125,128
bayesfl_observability_v1,ola_sparse_bayesian_keep010_seed42,5,ola,global,,,layers.0.bias,raw,7,0.00013584213289458087,0.00015504927079670224,0.00014544570184564157,4,1626.999304073749,0.1640625,128
bayesfl_observability_v1,ola_sparse_bayesian_keep010_seed42,5,ola,global,,,layers.0.bias,raw,8,0.00015504927079670224,0.0001742564086988236,0.0001646528397477629,5,2033.7491300921865,0.203125,128
bayesfl_observability_v1,ola_sparse_bayesian_keep010_seed42,5,ola,global,,,layers.0.bias,raw,9,0.0001742564086988236,0.00019346354660094498,0.0001838599776498843,1,406.74982601843726,0.2109375,128
bayesfl_observability_v1,ola_sparse_bayesian_keep010_seed42,5,ola,global,,,layers.0.bias,raw,10,0.00019346354660094498,0.00021267068450306635,0.00020306711555200565,1,406.74982601843726,0.21875,128
bayesfl_observability_v1,ola_sparse_bayesian_keep010_seed42,5,ola,global,,,layers.0.bias,raw,11,0.00021267068450306635,0.0002318778224051877,0.00022227425345412702,0,0.0,0.21875,128
bayesfl_observability_v1,ola_sparse_bayesian_keep010_seed42,5,ola,global,,,layers.0.bias,raw,12,0.0002318778224051877,0.0002510849603073091,0.0002414813913562484,2,813.4996520368734,0.234375,128
bayesfl_observability_v1,ola_sparse_bayesian_keep010_seed42,5,ola,global,,,layers.0.bias,raw,13,0.0002510849603073091,0.00027029209820943044,0.0002606885292583698,1,406.7498260184379,0.2421875,128
bayesfl_observability_v1,ola_sparse_bayesian_keep010_seed42,5,ola,global,,,layers.0.bias,raw,14,0.00027029209820943044,0.00028949923611155183,0.00027989566716049113,5,2033.7491300921836,0.28125,128
bayesfl_observability_v1,ola_sparse_bayesian_keep010_seed42,5,ola,global,,,layers.0.bias,raw,15,0.00028949923611155183,0.0003087063740136732,0.0002991028050626125,1,406.7498260184379,0.2890625,128
bayesfl_observability_v1,ola_sparse_bayesian_keep010_seed42,5,ola,global,,,layers.0.bias,raw,16,0.0003087063740136732,0.0003279135119157945,0.0003183099429647339,3,1220.2494780553136,0.3125,128
bayesfl_observability_v1,ola_sparse_bayesian_keep010_seed42,5,ola,global,,,layers.0.bias,raw,17,0.0003279135119157945,0.0003471206498179159,0.0003375170808668552,3,1220.2494780553102,0.3359375,128
bayesfl_observability_v1,ola_sparse_bayesian_keep010_seed42,5,ola,global,,,layers.0.bias,raw,18,0.0003471206498179159,0.00036632778772003726,0.00035672421876897656,2,813.4996520368758,0.3515625,128
bayesfl_observability_v1,ola_sparse_bayesian_keep010_seed42,5,ola,global,,,layers.0.bias,raw,19,0.00036632778772003726,0.00038553492562215866,0.00037593135667109796,1,406.7498260184367,0.359375,128
bayesfl_observability_v1,ola_sparse_bayesian_keep010_seed42,5,ola,global,,,layers.0.bias,raw,20,0.00038553492562215866,0.00040474206352428,0.00039513849457321936,0,0.0,0.359375,128
bayesfl_observability_v1,ola_sparse_bayesian_keep010_seed42,5,ola,global,,,layers.0.bias,raw,21,0.00040474206352428,0.0004239492014264014,0.0004143456324753407,2,813.4996520368734,0.375,128
bayesfl_observability_v1,ola_sparse_bayesian_keep010_seed42,5,ola,global,,,layers.0.bias,raw,22,0.0004239492014264014,0.00044315633932852274,0.00043355277037746204,3,1220.2494780553136,0.3984375,128
bayesfl_observability_v1,ola_sparse_bayesian_keep010_seed42,5,ola,global,,,layers.0.bias,raw,23,0.00044315633932852274,0.0004623634772306441,0.00045275990827958344,0,0.0,0.3984375,128
bayesfl_observability_v1,ola_sparse_bayesian_keep010_seed42,5,ola,global,,,layers.0.bias,raw,24,0.0004623634772306441,0.0004815706151327655,0.0004719670461817048,2,813.4996520368734,0.4140625,128
bayesfl_observability_v1,ola_sparse_bayesian_keep010_seed42,5,ola,global,,,layers.0.bias,raw,25,0.0004815706151327655,0.0005007777530348868,0.0004911741840838261,2,813.4996520368758,0.4296875,128
bayesfl_observability_v1,ola_sparse_bayesian_keep010_seed42,5,ola,global,,,layers.0.bias,raw,26,0.0005007777530348868,0.0005199848909370081,0.0005103813219859475,0,0.0,0.4296875,128
bayesfl_observability_v1,ola_sparse_bayesian_keep010_seed42,5,ola,global,,,layers.0.bias,raw,27,0.0005199848909370081,0.0005391920288391295,0.0005295884598880688,2,813.4996520368734,0.4453125,128
bayesfl_observability_v1,ola_sparse_bayesian_keep010_seed42,5,ola,global,,,layers.0.bias,raw,28,0.0005391920288391295,0.0005583991667412509,0.0005487955977901902,0,0.0,0.4453125,128
bayesfl_observability_v1,ola_sparse_bayesian_keep010_seed42,5,ola,global,,,layers.0.bias,raw,29,0.0005583991667412509,0.0005776063046433723,0.0005680027356923116,2,813.4996520368734,0.4609375,128
bayesfl_observability_v1,ola_sparse_bayesian_keep010_seed42,5,ola,global,,,layers.0.bias,raw,30,0.0005776063046433723,0.0005968134425454936,0.0005872098735944329,3,1220.249478055317,0.484375,128
bayesfl_observability_v1,ola_sparse_bayesian_keep010_seed42,5,ola,global,,,layers.0.bias,raw,31,0.0005968134425454936,0.000616020580447615,0.0006064170114965543,0,0.0,0.484375,128
bayesfl_observability_v1,ola_sparse_bayesian_keep010_seed42,5,ola,global,,,layers.0.bias,raw,32,0.000616020580447615,0.0006352277183497364,0.0006256241493986757,1,406.7498260184367,0.4921875,128
bayesfl_observability_v1,ola_sparse_bayesian_keep010_seed42,5,ola,global,,,layers.0.bias,raw,33,0.0006352277183497364,0.0006544348562518577,0.0006448312873007971,1,406.749826018439,0.5,128
bayesfl_observability_v1,ola_sparse_bayesian_keep010_seed42,5,ola,global,,,layers.0.bias,raw,34,0.0006544348562518577,0.0006736419941539791,0.0006640384252029184,2,813.4996520368734,0.515625,128
bayesfl_observability_v1,ola_sparse_bayesian_keep010_seed42,5,ola,global,,,layers.0.bias,raw,35,0.0006736419941539791,0.0006928491320561005,0.0006832455631050398,2,813.4996520368734,0.53125,128
bayesfl_observability_v1,ola_sparse_bayesian_keep010_seed42,5,ola,global,,,layers.0.bias,raw,36,0.0006928491320561005,0.0007120562699582219,0.0007024527010071612,3,1220.2494780553102,0.5546875,128
bayesfl_observability_v1,ola_sparse_bayesian_keep010_seed42,5,ola,global,,,layers.0.bias,raw,37,0.0007120562699582219,0.0007312634078603432,0.0007216598389092825,3,1220.249478055317,0.578125,128
bayesfl_observability_v1,ola_sparse_bayesian_keep010_seed42,5,ola,global,,,layers.0.bias,raw,38,0.0007312634078603432,0.0007504705457624646,0.0007408669768114039,1,406.7498260184367,0.5859375,128
bayesfl_observability_v1,ola_sparse_bayesian_keep010_seed42,5,ola,global,,,layers.0.bias,raw,39,0.0007504705457624646,0.000769677683664586,0.0007600741147135253,2,813.4996520368734,0.6015625,128
bayesfl_observability_v1,ola_sparse_bayesian_keep010_seed42,5,ola,global,,,layers.0.bias,raw,40,0.000769677683664586,0.0007888848215667072,0.0007792812526156467,2,813.499652036878,0.6171875,128
bayesfl_observability_v1,ola_sparse_bayesian_keep010_seed42,5,ola,global,,,layers.0.bias,raw,41,0.0007888848215667072,0.0008080919594688286,0.000798488390517768,1,406.7498260184367,0.625,128
bayesfl_observability_v1,ola_sparse_bayesian_keep010_seed42,5,ola,global,,,layers.0.bias,raw,42,0.0008080919594688286,0.00082729909737095,0.0008176955284198893,1,406.7498260184367,0.6328125,128
bayesfl_observability_v1,ola_sparse_bayesian_keep010_seed42,5,ola,global,,,layers.0.bias,raw,43,0.00082729909737095,0.0008465062352730714,0.0008369026663220107,3,1220.2494780553102,0.65625,128
bayesfl_observability_v1,ola_sparse_bayesian_keep010_seed42,5,ola,global,,,layers.0.bias,raw,44,0.0008465062352730714,0.0008657133731751927,0.000856109804224132,1,406.749826018439,0.6640625,128
bayesfl_observability_v1,ola_sparse_bayesian_keep010_seed42,5,ola,global,,,layers.0.bias,raw,45,0.0008657133731751927,0.0008849205110773141,0.0008753169421262534,3,1220.2494780553102,0.6875,128
bayesfl_observability_v1,ola_sparse_bayesian_keep010_seed42,5,ola,global,,,layers.0.bias,raw,46,0.0008849205110773141,0.0009041276489794355,0.0008945240800283748,3,1220.2494780553102,0.7109375,128
bayesfl_observability_v1,ola_sparse_bayesian_keep010_seed42,5,ola,global,,,layers.0.bias,raw,47,0.0009041276489794355,0.0009233347868815568,0.0009137312179304962,1,406.749826018439,0.71875,128
bayesfl_observability_v1,ola_sparse_bayesian_keep010_seed42,5,ola,global,,,layers.0.bias,raw,48,0.0009233347868815568,0.0009425419247836782,0.0009329383558326175,0,0.0,0.71875,128
bayesfl_observability_v1,ola_sparse_bayesian_keep010_seed42,5,ola,global,,,layers.0.bias,raw,49,0.0009425419247836782,0.0009617490626857996,0.0009521454937347389,1,406.7498260184367,0.7265625,128
bayesfl_observability_v1,ola_sparse_bayesian_keep010_seed42,5,ola,global,,,layers.0.bias,raw,50,0.0009617490626857996,0.0009809562005879211,0.0009713526316368604,1,406.7498260184344,0.734375,128
bayesfl_observability_v1,ola_sparse_bayesian_keep010_seed42,5,ola,global,,,layers.0.bias,raw,51,0.0009809562005879211,0.0010001633384900425,0.0009905597695389818,0,0.0,0.734375,128
bayesfl_observability_v1,ola_sparse_bayesian_keep010_seed42,5,ola,global,,,layers.0.bias,raw,52,0.0010001633384900425,0.001019370476392164,0.0010097669074411032,5,2033.7491300921836,0.7734375,128
bayesfl_observability_v1,ola_sparse_bayesian_keep010_seed42,5,ola,global,,,layers.0.bias,raw,53,0.001019370476392164,0.001038577614294285,0.0010289740453432246,1,406.7498260184413,0.78125,128
bayesfl_observability_v1,ola_sparse_bayesian_keep010_seed42,5,ola,global,,,layers.0.bias,raw,54,0.001038577614294285,0.0010577847521964065,0.0010481811832453458,1,406.7498260184367,0.7890625,128
bayesfl_observability_v1,ola_sparse_bayesian_keep010_seed42,5,ola,global,,,layers.0.bias,raw,55,0.0010577847521964065,0.0010769918900985279,0.0010673883211474672,3,1220.2494780553102,0.8125,128
bayesfl_observability_v1,ola_sparse_bayesian_keep010_seed42,5,ola,global,,,layers.0.bias,raw,56,0.0010769918900985279,0.0010961990280006493,0.0010865954590495886,1,406.7498260184367,0.8203125,128
bayesfl_observability_v1,ola_sparse_bayesian_keep010_seed42,5,ola,global,,,layers.0.bias,raw,57,0.0010961990280006493,0.0011154061659027707,0.00110580259695171,4,1626.9993040737468,0.8515625,128
bayesfl_observability_v1,ola_sparse_bayesian_keep010_seed42,5,ola,global,,,layers.0.bias,raw,58,0.0011154061659027707,0.001134613303804892,0.0011250097348538314,2,813.4996520368734,0.8671875,128
bayesfl_observability_v1,ola_sparse_bayesian_keep010_seed42,5,ola,global,,,layers.0.bias,raw,59,0.001134613303804892,0.0011538204417070135,0.0011442168727559528,1,406.7498260184367,0.875,128
bayesfl_observability_v1,ola_sparse_bayesian_keep010_seed42,5,ola,global,,,layers.0.bias,raw,60,0.0011538204417070135,0.0011730275796091347,0.001163424010658074,1,406.7498260184413,0.8828125,128
bayesfl_observability_v1,ola_sparse_bayesian_keep010_seed42,5,ola,global,,,layers.0.bias,raw,61,0.0011730275796091347,0.001192234717511256,0.0011826311485601954,2,813.4996520368734,0.8984375,128
bayesfl_observability_v1,ola_sparse_bayesian_keep010_seed42,5,ola,global,,,layers.0.bias,raw,62,0.001192234717511256,0.0012114418554133775,0.0012018382864623168,0,0.0,0.8984375,128
bayesfl_observability_v1,ola_sparse_bayesian_keep010_seed42,5,ola,global,,,layers.0.bias,raw,63,0.0012114418554133775,0.0012306489933154988,0.0012210454243644382,3,1220.2494780553102,0.921875,128
bayesfl_observability_v1,ola_sparse_bayesian_keep010_seed42,5,ola,global,,,layers.0.bias,raw,64,0.0012306489933154988,0.0012498561312176202,0.0012402525622665595,1,406.7498260184367,0.9296875,128
bayesfl_observability_v1,ola_sparse_bayesian_keep010_seed42,5,ola,global,,,layers.0.bias,raw,65,0.0012498561312176202,0.0012690632691197416,0.001259459700168681,1,406.7498260184367,0.9375,128
bayesfl_observability_v1,ola_sparse_bayesian_keep010_seed42,5,ola,global,,,layers.0.bias,raw,66,0.0012690632691197416,0.001288270407021863,0.0012786668380708023,0,0.0,0.9375,128
bayesfl_observability_v1,ola_sparse_bayesian_keep010_seed42,5,ola,global,,,layers.0.bias,raw,67,0.001288270407021863,0.0013074775449239842,0.0012978739759729237,1,406.7498260184413,0.9453125,128
bayesfl_observability_v1,ola_sparse_bayesian_keep010_seed42,5,ola,global,,,layers.0.bias,raw,68,0.0013074775449239842,0.0013266846828261056,0.001317081113875045,1,406.7498260184367,0.953125,128
bayesfl_observability_v1,ola_sparse_bayesian_keep010_seed42,5,ola,global,,,layers.0.bias,raw,69,0.0013266846828261056,0.001345891820728227,0.0013362882517771663,0,0.0,0.953125,128
bayesfl_observability_v1,ola_sparse_bayesian_keep010_seed42,5,ola,global,,,layers.0.bias,raw,70,0.001345891820728227,0.0013650989586303484,0.0013554953896792877,0,0.0,0.953125,128
bayesfl_observability_v1,ola_sparse_bayesian_keep010_seed42,5,ola,global,,,layers.0.bias,raw,71,0.0013650989586303484,0.0013843060965324698,0.0013747025275814091,0,0.0,0.953125,128
bayesfl_observability_v1,ola_sparse_bayesian_keep010_seed42,5,ola,global,,,layers.0.bias,raw,72,0.0013843060965324698,0.0014035132344345912,0.0013939096654835305,2,813.4996520368734,0.96875,128
bayesfl_observability_v1,ola_sparse_bayesian_keep010_seed42,5,ola,global,,,layers.0.bias,raw,73,0.0014035132344345912,0.0014227203723367126,0.001413116803385652,0,0.0,0.96875,128
bayesfl_observability_v1,ola_sparse_bayesian_keep010_seed42,5,ola,global,,,layers.0.bias,raw,74,0.0014227203723367126,0.0014419275102388338,0.001432323941287773,0,0.0,0.96875,128
bayesfl_observability_v1,ola_sparse_bayesian_keep010_seed42,5,ola,global,,,layers.0.bias,raw,75,0.0014419275102388338,0.0014611346481409552,0.0014515310791898945,1,406.7498260184367,0.9765625,128
bayesfl_observability_v1,ola_sparse_bayesian_keep010_seed42,5,ola,global,,,layers.0.bias,raw,76,0.0014611346481409552,0.0014803417860430766,0.0014707382170920159,1,406.7498260184367,0.984375,128
bayesfl_observability_v1,ola_sparse_bayesian_keep010_seed42,5,ola,global,,,layers.0.bias,raw,77,0.0014803417860430766,0.001499548923945198,0.0014899453549941373,0,0.0,0.984375,128
bayesfl_observability_v1,ola_sparse_bayesian_keep010_seed42,5,ola,global,,,layers.0.bias,raw,78,0.001499548923945198,0.0015187560618473194,0.0015091524928962587,1,406.7498260184367,0.9921875,128
bayesfl_observability_v1,ola_sparse_bayesian_keep010_seed42,5,ola,global,,,layers.0.bias,raw,79,0.0015187560618473194,0.0015379631997494408,0.00152835963079838,1,406.7498260184367,1.0,128
bayesfl_observability_v1,ola_sparse_bayesian_keep010_seed42,5,ola,global,,,layers.0.bias,db,0,-117.12616344373134,-116.36534991465687,-116.7457566791941,1,0.010268613400584405,0.0078125,128
bayesfl_observability_v1,ola_sparse_bayesian_keep010_seed42,5,ola,global,,,layers.0.bias,db,1,-116.36534991465687,-115.60453638558242,-115.98494315011965,0,0.0,0.0078125,128
bayesfl_observability_v1,ola_sparse_bayesian_keep010_seed42,5,ola,global,,,layers.0.bias,db,2,-115.60453638558242,-114.84372285650795,-115.2241296210452,0,0.0,0.0078125,128
bayesfl_observability_v1,ola_sparse_bayesian_keep010_seed42,5,ola,global,,,layers.0.bias,db,3,-114.84372285650795,-114.0829093274335,-114.46331609197073,0,0.0,0.0078125,128
bayesfl_observability_v1,ola_sparse_bayesian_keep010_seed42,5,ola,global,,,layers.0.bias,db,4,-114.0829093274335,-113.32209579835903,-113.70250256289626,0,0.0,0.0078125,128
bayesfl_observability_v1,ola_sparse_bayesian_keep010_seed42,5,ola,global,,,layers.0.bias,db,5,-113.32209579835903,-112.56128226928458,-112.9416890338218,0,0.0,0.0078125,128
bayesfl_observability_v1,ola_sparse_bayesian_keep010_seed42,5,ola,global,,,layers.0.bias,db,6,-112.56128226928458,-111.8004687402101,-112.18087550474735,0,0.0,0.0078125,128
bayesfl_observability_v1,ola_sparse_bayesian_keep010_seed42,5,ola,global,,,layers.0.bias,db,7,-111.8004687402101,-111.03965521113565,-111.42006197567288,0,0.0,0.0078125,128
bayesfl_observability_v1,ola_sparse_bayesian_keep010_seed42,5,ola,global,,,layers.0.bias,db,8,-111.03965521113565,-110.27884168206118,-110.65924844659841,0,0.0,0.0078125,128
bayesfl_observability_v1,ola_sparse_bayesian_keep010_seed42,5,ola,global,,,layers.0.bias,db,9,-110.27884168206118,-109.51802815298672,-109.89843491752396,0,0.0,0.0078125,128
bayesfl_observability_v1,ola_sparse_bayesian_keep010_seed42,5,ola,global,,,layers.0.bias,db,10,-109.51802815298672,-108.75721462391226,-109.13762138844949,0,0.0,0.0078125,128
bayesfl_observability_v1,ola_sparse_bayesian_keep010_seed42,5,ola,global,,,layers.0.bias,db,11,-108.75721462391226,-107.99640109483781,-108.37680785937503,0,0.0,0.0078125,128
bayesfl_observability_v1,ola_sparse_bayesian_keep010_seed42,5,ola,global,,,layers.0.bias,db,12,-107.99640109483781,-107.23558756576334,-107.61599433030057,0,0.0,0.0078125,128
bayesfl_observability_v1,ola_sparse_bayesian_keep010_seed42,5,ola,global,,,layers.0.bias,db,13,-107.23558756576334,-106.47477403668887,-106.85518080122611,0,0.0,0.0078125,128
bayesfl_observability_v1,ola_sparse_bayesian_keep010_seed42,5,ola,global,,,layers.0.bias,db,14,-106.47477403668887,-105.71396050761442,-106.09436727215164,0,0.0,0.0078125,128
bayesfl_observability_v1,ola_sparse_bayesian_keep010_seed42,5,ola,global,,,layers.0.bias,db,15,-105.71396050761442,-104.95314697853995,-105.33355374307718,1,0.010268613400584405,0.015625,128
bayesfl_observability_v1,ola_sparse_bayesian_keep010_seed42,5,ola,global,,,layers.0.bias,db,16,-104.95314697853995,-104.1923334494655,-104.57274021400272,0,0.0,0.015625,128
bayesfl_observability_v1,ola_sparse_bayesian_keep010_seed42,5,ola,global,,,layers.0.bias,db,17,-104.1923334494655,-103.43151992039103,-103.81192668492827,0,0.0,0.015625,128
bayesfl_observability_v1,ola_sparse_bayesian_keep010_seed42,5,ola,global,,,layers.0.bias,db,18,-103.43151992039103,-102.67070639131657,-103.0511131558538,1,0.010268613400584598,0.0234375,128
bayesfl_observability_v1,ola_sparse_bayesian_keep010_seed42,5,ola,global,,,layers.0.bias,db,19,-102.67070639131657,-101.9098928622421,-102.29029962677933,1,0.010268613400584405,0.03125,128
bayesfl_observability_v1,ola_sparse_bayesian_keep010_seed42,5,ola,global,,,layers.0.bias,db,20,-101.9098928622421,-101.14907933316763,-101.52948609770488,0,0.0,0.03125,128
bayesfl_observability_v1,ola_sparse_bayesian_keep010_seed42,5,ola,global,,,layers.0.bias,db,21,-101.14907933316763,-100.38826580409318,-100.76867256863041,0,0.0,0.03125,128
bayesfl_observability_v1,ola_sparse_bayesian_keep010_seed42,5,ola,global,,,layers.0.bias,db,22,-100.38826580409318,-99.62745227501873,-100.00785903955595,0,0.0,0.03125,128
bayesfl_observability_v1,ola_sparse_bayesian_keep010_seed42,5,ola,global,,,layers.0.bias,db,23,-99.62745227501873,-98.86663874594426,-99.24704551048148,0,0.0,0.03125,128
bayesfl_observability_v1,ola_sparse_bayesian_keep010_seed42,5,ola,global,,,layers.0.bias,db,24,-98.86663874594426,-98.10582521686979,-98.48623198140703,0,0.0,0.03125,128
bayesfl_observability_v1,ola_sparse_bayesian_keep010_seed42,5,ola,global,,,layers.0.bias,db,25,-98.10582521686979,-97.34501168779533,-97.72541845233256,0,0.0,0.03125,128
bayesfl_observability_v1,ola_sparse_bayesian_keep010_seed42,5,ola,global,,,layers.0.bias,db,26,-97.34501168779533,-96.58419815872087,-96.9646049232581,0,0.0,0.03125,128
bayesfl_observability_v1,ola_sparse_bayesian_keep010_seed42,5,ola,global,,,layers.0.bias,db,27,-96.58419815872087,-95.82338462964641,-96.20379139418364,1,0.010268613400584598,0.0390625,128
bayesfl_observability_v1,ola_sparse_bayesian_keep010_seed42,5,ola,global,,,layers.0.bias,db,28,-95.82338462964641,-95.06257110057194,-95.44297786510919,1,0.010268613400584405,0.046875,128
bayesfl_observability_v1,ola_sparse_bayesian_keep010_seed42,5,ola,global,,,layers.0.bias,db,29,-95.06257110057194,-94.30175757149749,-94.68216433603472,0,0.0,0.046875,128
bayesfl_observability_v1,ola_sparse_bayesian_keep010_seed42,5,ola,global,,,layers.0.bias,db,30,-94.30175757149749,-93.54094404242302,-93.92135080696025,0,0.0,0.046875,128
bayesfl_observability_v1,ola_sparse_bayesian_keep010_seed42,5,ola,global,,,layers.0.bias,db,31,-93.54094404242302,-92.78013051334855,-93.1605372778858,0,0.0,0.046875,128
bayesfl_observability_v1,ola_sparse_bayesian_keep010_seed42,5,ola,global,,,layers.0.bias,db,32,-92.78013051334855,-92.0193169842741,-92.39972374881133,0,0.0,0.046875,128
bayesfl_observability_v1,ola_sparse_bayesian_keep010_seed42,5,ola,global,,,layers.0.bias,db,33,-92.0193169842741,-91.25850345519964,-91.63891021973687,0,0.0,0.046875,128
bayesfl_observability_v1,ola_sparse_bayesian_keep010_seed42,5,ola,global,,,layers.0.bias,db,34,-91.25850345519964,-90.49768992612518,-90.8780966906624,0,0.0,0.046875,128
bayesfl_observability_v1,ola_sparse_bayesian_keep010_seed42,5,ola,global,,,layers.0.bias,db,35,-90.49768992612518,-89.73687639705071,-90.11728316158795,0,0.0,0.046875,128
bayesfl_observability_v1,ola_sparse_bayesian_keep010_seed42,5,ola,global,,,layers.0.bias,db,36,-89.73687639705071,-88.97606286797625,-89.35646963251348,0,0.0,0.046875,128
bayesfl_observability_v1,ola_sparse_bayesian_keep010_seed42,5,ola,global,,,layers.0.bias,db,37,-88.97606286797625,-88.21524933890178,-88.59565610343901,1,0.010268613400584405,0.0546875,128
bayesfl_observability_v1,ola_sparse_bayesian_keep010_seed42,5,ola,global,,,layers.0.bias,db,38,-88.21524933890178,-87.45443580982733,-87.83484257436456,1,0.010268613400584598,0.0625,128
bayesfl_observability_v1,ola_sparse_bayesian_keep010_seed42,5,ola,global,,,layers.0.bias,db,39,-87.45443580982733,-86.69362228075286,-87.0740290452901,0,0.0,0.0625,128
bayesfl_observability_v1,ola_sparse_bayesian_keep010_seed42,5,ola,global,,,layers.0.bias,db,40,-86.69362228075286,-85.93280875167841,-86.31321551621564,0,0.0,0.0625,128
bayesfl_observability_v1,ola_sparse_bayesian_keep010_seed42,5,ola,global,,,layers.0.bias,db,41,-85.93280875167841,-85.17199522260394,-85.55240198714117,1,0.010268613400584405,0.0703125,128
bayesfl_observability_v1,ola_sparse_bayesian_keep010_seed42,5,ola,global,,,layers.0.bias,db,42,-85.17199522260394,-84.41118169352947,-84.79158845806671,0,0.0,0.0703125,128
bayesfl_observability_v1,ola_sparse_bayesian_keep010_seed42,5,ola,global,,,layers.0.bias,db,43,-84.41118169352947,-83.65036816445502,-84.03077492899224,1,0.010268613400584598,0.078125,128
bayesfl_observability_v1,ola_sparse_bayesian_keep010_seed42,5,ola,global,,,layers.0.bias,db,44,-83.65036816445502,-82.88955463538056,-83.26996139991779,0,0.0,0.078125,128
bayesfl_observability_v1,ola_sparse_bayesian_keep010_seed42,5,ola,global,,,layers.0.bias,db,45,-82.88955463538056,-82.1287411063061,-82.50914787084332,1,0.010268613400584405,0.0859375,128
bayesfl_observability_v1,ola_sparse_bayesian_keep010_seed42,5,ola,global,,,layers.0.bias,db,46,-82.1287411063061,-81.36792757723163,-81.74833434176887,1,0.010268613400584405,0.09375,128
bayesfl_observability_v1,ola_sparse_bayesian_keep010_seed42,5,ola,global,,,layers.0.bias,db,47,-81.36792757723163,-80.60711404815717,-80.9875208126944,1,0.010268613400584598,0.1015625,128
bayesfl_observability_v1,ola_sparse_bayesian_keep010_seed42,5,ola,global,,,layers.0.bias,db,48,-80.60711404815717,-79.8463005190827,-80.22670728361993,0,0.0,0.1015625,128
bayesfl_observability_v1,ola_sparse_bayesian_keep010_seed42,5,ola,global,,,layers.0.bias,db,49,-79.8463005190827,-79.08548699000823,-79.46589375454548,2,0.02053722680116881,0.1171875,128
bayesfl_observability_v1,ola_sparse_bayesian_keep010_seed42,5,ola,global,,,layers.0.bias,db,50,-79.08548699000823,-78.32467346093378,-78.70508022547101,0,0.0,0.1171875,128
bayesfl_observability_v1,ola_sparse_bayesian_keep010_seed42,5,ola,global,,,layers.0.bias,db,51,-78.32467346093378,-77.56385993185933,-77.94426669639655,2,0.020537226801169196,0.1328125,128
bayesfl_observability_v1,ola_sparse_bayesian_keep010_seed42,5,ola,global,,,layers.0.bias,db,52,-77.56385993185933,-76.80304640278486,-77.18345316732209,2,0.02053722680116881,0.1484375,128
bayesfl_observability_v1,ola_sparse_bayesian_keep010_seed42,5,ola,global,,,layers.0.bias,db,53,-76.80304640278486,-76.04223287371039,-76.42263963824763,3,0.03080584020175322,0.171875,128
bayesfl_observability_v1,ola_sparse_bayesian_keep010_seed42,5,ola,global,,,layers.0.bias,db,54,-76.04223287371039,-75.28141934463594,-75.66182610917316,3,0.030805840201753792,0.1953125,128
bayesfl_observability_v1,ola_sparse_bayesian_keep010_seed42,5,ola,global,,,layers.0.bias,db,55,-75.28141934463594,-74.52060581556148,-74.90101258009871,2,0.020537226801169196,0.2109375,128
bayesfl_observability_v1,ola_sparse_bayesian_keep010_seed42,5,ola,global,,,layers.0.bias,db,56,-74.52060581556148,-73.75979228648701,-74.14019905102424,0,0.0,0.2109375,128
bayesfl_observability_v1,ola_sparse_bayesian_keep010_seed42,5,ola,global,,,layers.0.bias,db,57,-73.75979228648701,-72.99897875741254,-73.37938552194979,1,0.010268613400584405,0.21875,128
bayesfl_observability_v1,ola_sparse_bayesian_keep010_seed42,5,ola,global,,,layers.0.bias,db,58,-72.99897875741254,-72.23816522833809,-72.61857199287532,1,0.010268613400584598,0.2265625,128
bayesfl_observability_v1,ola_sparse_bayesian_keep010_seed42,5,ola,global,,,layers.0.bias,db,59,-72.23816522833809,-71.47735169926362,-71.85775846380085,2,0.02053722680116881,0.2421875,128
bayesfl_observability_v1,ola_sparse_bayesian_keep010_seed42,5,ola,global,,,layers.0.bias,db,60,-71.47735169926362,-70.71653817018915,-71.0969449347264,5,0.05134306700292203,0.28125,128
bayesfl_observability_v1,ola_sparse_bayesian_keep010_seed42,5,ola,global,,,layers.0.bias,db,61,-70.71653817018915,-69.9557246411147,-70.33613140565193,4,0.04107445360233839,0.3125,128
bayesfl_observability_v1,ola_sparse_bayesian_keep010_seed42,5,ola,global,,,layers.0.bias,db,62,-69.9557246411147,-69.19491111204024,-69.57531787657747,3,0.030805840201753792,0.3359375,128
bayesfl_observability_v1,ola_sparse_bayesian_keep010_seed42,5,ola,global,,,layers.0.bias,db,63,-69.19491111204024,-68.43409758296578,-68.814504347503,2,0.02053722680116881,0.3515625,128
bayesfl_observability_v1,ola_sparse_bayesian_keep010_seed42,5,ola,global,,,layers.0.bias,db,64,-68.43409758296578,-67.67328405389131,-68.05369081842855,2,0.02053722680116881,0.3671875,128
bayesfl_observability_v1,ola_sparse_bayesian_keep010_seed42,5,ola,global,,,layers.0.bias,db,65,-67.67328405389131,-66.91247052481685,-67.29287728935408,4,0.04107445360233839,0.3984375,128
bayesfl_observability_v1,ola_sparse_bayesian_keep010_seed42,5,ola,global,,,layers.0.bias,db,66,-66.91247052481685,-66.1516569957424,-66.53206376027963,4,0.04107445360233839,0.4296875,128
bayesfl_observability_v1,ola_sparse_bayesian_keep010_seed42,5,ola,global,,,layers.0.bias,db,67,-66.1516569957424,-65.39084346666793,-65.77125023120516,2,0.02053722680116881,0.4453125,128
bayesfl_observability_v1,ola_sparse_bayesian_keep010_seed42,5,ola,global,,,layers.0.bias,db,68,-65.39084346666793,-64.63002993759346,-65.0104367021307,5,0.05134306700292203,0.484375,128
bayesfl_observability_v1,ola_sparse_bayesian_keep010_seed42,5,ola,global,,,layers.0.bias,db,69,-64.63002993759346,-63.869216408519,-64.24962317305624,1,0.010268613400584502,0.4921875,128
bayesfl_observability_v1,ola_sparse_bayesian_keep010_seed42,5,ola,global,,,layers.0.bias,db,70,-63.869216408519,-63.10840287944454,-63.48880964398177,6,0.061611680403507015,0.5390625,128
bayesfl_observability_v1,ola_sparse_bayesian_keep010_seed42,5,ola,global,,,layers.0.bias,db,71,-63.10840287944454,-62.34758935037008,-62.72799611490731,8,0.08214890720467602,0.6015625,128
bayesfl_observability_v1,ola_sparse_bayesian_keep010_seed42,5,ola,global,,,layers.0.bias,db,72,-62.34758935037008,-61.58677582129562,-61.967182585832845,6,0.061611680403507015,0.6484375,128
bayesfl_observability_v1,ola_sparse_bayesian_keep010_seed42,5,ola,global,,,layers.0.bias,db,73,-61.58677582129562,-60.825962292221156,-61.20636905675839,8,0.08214890720467602,0.7109375,128
bayesfl_observability_v1,ola_sparse_bayesian_keep010_seed42,5,ola,global,,,layers.0.bias,db,74,-60.825962292221156,-60.065148763146695,-60.44555552768392,3,0.030805840201753507,0.734375,128
bayesfl_observability_v1,ola_sparse_bayesian_keep010_seed42,5,ola,global,,,layers.0.bias,db,75,-60.065148763146695,-59.304335234072234,-59.68474199860947,10,0.10268613400584502,0.8125,128
bayesfl_observability_v1,ola_sparse_bayesian_keep010_seed42,5,ola,global,,,layers.0.bias,db,76,-59.304335234072234,-58.54352170499777,-58.923928469535,11,0.11295474740642952,0.8984375,128
bayesfl_observability_v1,ola_sparse_bayesian_keep010_seed42,5,ola,global,,,layers.0.bias,db,77,-58.54352170499777,-57.78270817592331,-58.163114940460545,6,0.061611680403507015,0.9453125,128
bayesfl_observability_v1,ola_sparse_bayesian_keep010_seed42,5,ola,global,,,layers.0.bias,db,78,-57.78270817592331,-57.02189464684885,-57.40230141138608,3,0.030805840201753507,0.96875,128
bayesfl_observability_v1,ola_sparse_bayesian_keep010_seed42,5,ola,global,,,layers.0.bias,db,79,-57.02189464684885,-56.26108111777438,-56.641487882311615,4,0.04107445360233762,1.0,128
bayesfl_observability_v1,ola_sparse_bayesian_keep010_seed42,5,ola,global,,,layers.1.weight,raw,0,9.680253789479324e-06,0.0005435385806786128,0.00027660941723404607,146,213.6568715986093,0.1140625,1280
bayesfl_observability_v1,ola_sparse_bayesian_keep010_seed42,5,ola,global,,,layers.1.weight,raw,1,0.0005435385806786128,0.0010773969075677464,0.0008104677441231796,129,188.77901668644245,0.21484375,1280
bayesfl_observability_v1,ola_sparse_bayesian_keep010_seed42,5,ola,global,,,layers.1.weight,raw,2,0.0010773969075677464,0.00161125523445688,0.001344326071012313,144,210.73006513835438,0.32734375,1280
bayesfl_observability_v1,ola_sparse_bayesian_keep010_seed42,5,ola,global,,,layers.1.weight,raw,3,0.00161125523445688,0.002145113561346013,0.0018781843979014466,147,215.12027482873688,0.4421875,1280
bayesfl_observability_v1,ola_sparse_bayesian_keep010_seed42,5,ola,global,,,layers.1.weight,raw,4,0.002145113561346013,0.002678971888235147,0.00241204272479058,156,228.29090389988383,0.5640625,1280
bayesfl_observability_v1,ola_sparse_bayesian_keep010_seed42,5,ola,global,,,layers.1.weight,raw,5,0.002678971888235147,0.0032128302151242802,0.0029459010516797134,118,172.68158115504048,0.65625,1280
bayesfl_observability_v1,ola_sparse_bayesian_keep010_seed42,5,ola,global,,,layers.1.weight,raw,6,0.0032128302151242802,0.0037466885420134135,0.003479759378568847,83,121.46246810057933,0.72109375,1280
bayesfl_observability_v1,ola_sparse_bayesian_keep010_seed42,5,ola,global,,,layers.1.weight,raw,7,0.0037466885420134135,0.004280546868902548,0.004013617705457981,55,80.48717765701026,0.7640625,1280
bayesfl_observability_v1,ola_sparse_bayesian_keep010_seed42,5,ola,global,,,layers.1.weight,raw,8,0.004280546868902548,0.004814405195791681,0.0045474760323471145,42,61.46293566535334,0.796875,1280
bayesfl_observability_v1,ola_sparse_bayesian_keep010_seed42,5,ola,global,,,layers.1.weight,raw,9,0.004814405195791681,0.005348263522680815,0.005081334359236248,36,52.68251628458858,0.825,1280
bayesfl_observability_v1,ola_sparse_bayesian_keep010_seed42,5,ola,global,,,layers.1.weight,raw,10,0.005348263522680815,0.005882121849569948,0.005615192686125382,19,27.804661372421794,0.83984375,1280
bayesfl_observability_v1,ola_sparse_bayesian_keep010_seed42,5,ola,global,,,layers.1.weight,raw,11,0.005882121849569948,0.006415980176459082,0.006149051013014515,25,36.58508075318651,0.859375,1280
bayesfl_observability_v1,ola_sparse_bayesian_keep010_seed42,5,ola,global,,,layers.1.weight,raw,12,0.006415980176459082,0.006949838503348215,0.0066829093399036485,19,27.80466137242175,0.87421875,1280
bayesfl_observability_v1,ola_sparse_bayesian_keep010_seed42,5,ola,global,,,layers.1.weight,raw,13,0.006949838503348215,0.007483696830237348,0.007216767666792781,15,21.951048451911944,0.8859375,1280
bayesfl_observability_v1,ola_sparse_bayesian_keep010_seed42,5,ola,global,,,layers.1.weight,raw,14,0.007483696830237348,0.008017555157126481,0.007750625993681915,18,26.341258142294333,0.9,1280
bayesfl_observability_v1,ola_sparse_bayesian_keep010_seed42,5,ola,global,,,layers.1.weight,raw,15,0.008017555157126481,0.008551413484015615,0.008284484320571047,10,14.634032301274605,0.9078125,1280
bayesfl_observability_v1,ola_sparse_bayesian_keep010_seed42,5,ola,global,,,layers.1.weight,raw,16,0.008551413484015615,0.009085271810904749,0.008818342647460183,8,11.707225841019683,0.9140625,1280
bayesfl_observability_v1,ola_sparse_bayesian_keep010_seed42,5,ola,global,,,layers.1.weight,raw,17,0.009085271810904749,0.009619130137793882,0.009352200974349315,7,10.243822610892224,0.91953125,1280
bayesfl_observability_v1,ola_sparse_bayesian_keep010_seed42,5,ola,global,,,layers.1.weight,raw,18,0.009619130137793882,0.010152988464683016,0.00988605930123845,8,11.707225841019683,0.92578125,1280
bayesfl_observability_v1,ola_sparse_bayesian_keep010_seed42,5,ola,global,,,layers.1.weight,raw,19,0.010152988464683016,0.01068684679157215,0.010419917628127582,5,7.317016150637302,0.9296875,1280
bayesfl_observability_v1,ola_sparse_bayesian_keep010_seed42,5,ola,global,,,layers.1.weight,raw,20,0.01068684679157215,0.011220705118461282,0.010953775955016716,4,5.853612920509861,0.9328125,1280
bayesfl_observability_v1,ola_sparse_bayesian_keep010_seed42,5,ola,global,,,layers.1.weight,raw,21,0.011220705118461282,0.011754563445350415,0.01148763428190585,9,13.170629071147145,0.93984375,1280
bayesfl_observability_v1,ola_sparse_bayesian_keep010_seed42,5,ola,global,,,layers.1.weight,raw,22,0.011754563445350415,0.012288421772239549,0.012021492608794981,3,4.390209690382382,0.9421875,1280
bayesfl_observability_v1,ola_sparse_bayesian_keep010_seed42,5,ola,global,,,layers.1.weight,raw,23,0.012288421772239549,0.012822280099128683,0.012555350935684117,5,7.317016150637302,0.94609375,1280
bayesfl_observability_v1,ola_sparse_bayesian_keep010_seed42,5,ola,global,,,layers.1.weight,raw,24,0.012822280099128683,0.013356138426017817,0.013089209262573249,1,1.4634032301274604,0.946875,1280
bayesfl_observability_v1,ola_sparse_bayesian_keep010_seed42,5,ola,global,,,layers.1.weight,raw,25,0.013356138426017817,0.01388999675290695,0.013623067589462384,3,4.390209690382382,0.94921875,1280
bayesfl_observability_v1,ola_sparse_bayesian_keep010_seed42,5,ola,global,,,layers.1.weight,raw,26,0.01388999675290695,0.014423855079796084,0.014156925916351516,4,5.853612920509842,0.95234375,1280
bayesfl_observability_v1,ola_sparse_bayesian_keep010_seed42,5,ola,global,,,layers.1.weight,raw,27,0.014423855079796084,0.014957713406685216,0.01469078424324065,3,4.390209690382396,0.9546875,1280
bayesfl_observability_v1,ola_sparse_bayesian_keep010_seed42,5,ola,global,,,layers.1.weight,raw,28,0.014957713406685216,0.01549157173357435,0.015224642570129784,1,1.4634032301274604,0.95546875,1280
bayesfl_observability_v1,ola_sparse_bayesian_keep010_seed42,5,ola,global,,,layers.1.weight,raw,29,0.01549157173357435,0.016025430060463485,0.01575850089701892,3,4.390209690382368,0.9578125,1280
bayesfl_observability_v1,ola_sparse_bayesian_keep010_seed42,5,ola,global,,,layers.1.weight,raw,30,0.016025430060463485,0.01655928838735262,0.01629235922390805,4,5.853612920509823,0.9609375,1280
bayesfl_observability_v1,ola_sparse_bayesian_keep010_seed42,5,ola,global,,,layers.1.weight,raw,31,0.01655928838735262,0.017093146714241753,0.016826217550797187,3,4.390209690382396,0.96328125,1280
bayesfl_observability_v1,ola_sparse_bayesian_keep010_seed42,5,ola,global,,,layers.1.weight,raw,32,0.017093146714241753,0.017627005041130885,0.01736007587768632,3,4.390209690382396,0.965625,1280
bayesfl_observability_v1,ola_sparse_bayesian_keep010_seed42,5,ola,global,,,layers.1.weight,raw,33,0.017627005041130885,0.01816086336802002,0.017893934204575454,3,4.390209690382368,0.96796875,1280
bayesfl_observability_v1,ola_sparse_bayesian_keep010_seed42,5,ola,global,,,layers.1.weight,raw,34,0.01816086336802002,0.018694721694909152,0.018427792531464586,0,0.0,0.96796875,1280
bayesfl_observability_v1,ola_sparse_bayesian_keep010_seed42,5,ola,global,,,layers.1.weight,raw,35,0.018694721694909152,0.019228580021798287,0.018961650858353718,4,5.853612920509823,0.97109375,1280
bayesfl_observability_v1,ola_sparse_bayesian_keep010_seed42,5,ola,global,,,layers.1.weight,raw,36,0.019228580021798287,0.01976243834868742,0.019495509185242853,3,4.390209690382396,0.9734375,1280
bayesfl_observability_v1,ola_sparse_bayesian_keep010_seed42,5,ola,global,,,layers.1.weight,raw,37,0.01976243834868742,0.020296296675576555,0.02002936751213199,1,1.4634032301274558,0.97421875,1280
bayesfl_observability_v1,ola_sparse_bayesian_keep010_seed42,5,ola,global,,,layers.1.weight,raw,38,0.020296296675576555,0.020830155002465687,0.02056322583902112,2,2.9268064602549306,0.97578125,1280
bayesfl_observability_v1,ola_sparse_bayesian_keep010_seed42,5,ola,global,,,layers.1.weight,raw,39,0.020830155002465687,0.021364013329354822,0.021097084165910253,0,0.0,0.97578125,1280
bayesfl_observability_v1,ola_sparse_bayesian_keep010_seed42,5,ola,global,,,layers.1.weight,raw,40,0.021364013329354822,0.021897871656243954,0.02163094249279939,1,1.4634032301274653,0.9765625,1280
bayesfl_observability_v1,ola_sparse_bayesian_keep010_seed42,5,ola,global,,,layers.1.weight,raw,41,0.021897871656243954,0.022431729983133086,0.02216480081968852,0,0.0,0.9765625,1280
bayesfl_observability_v1,ola_sparse_bayesian_keep010_seed42,5,ola,global,,,layers.1.weight,raw,42,0.022431729983133086,0.022965588310022222,0.022698659146577656,4,5.853612920509823,0.9796875,1280
bayesfl_observability_v1,ola_sparse_bayesian_keep010_seed42,5,ola,global,,,layers.1.weight,raw,43,0.022965588310022222,0.023499446636911354,0.023232517473466788,2,2.9268064602549306,0.98125,1280
bayesfl_observability_v1,ola_sparse_bayesian_keep010_seed42,5,ola,global,,,layers.1.weight,raw,44,0.023499446636911354,0.02403330496380049,0.02376637580035592,4,5.853612920509823,0.984375,1280
bayesfl_observability_v1,ola_sparse_bayesian_keep010_seed42,5,ola,global,,,layers.1.weight,raw,45,0.02403330496380049,0.02456716329068962,0.024300234127245055,1,1.4634032301274653,0.98515625,1280
bayesfl_observability_v1,ola_sparse_bayesian_keep010_seed42,5,ola,global,,,layers.1.weight,raw,46,0.02456716329068962,0.025101021617578757,0.02483409245413419,3,4.390209690382368,0.9875,1280
bayesfl_observability_v1,ola_sparse_bayesian_keep010_seed42,5,ola,global,,,layers.1.weight,raw,47,0.025101021617578757,0.02563487994446789,0.025367950781023323,2,2.9268064602549306,0.9890625,1280
bayesfl_observability_v1,ola_sparse_bayesian_keep010_seed42,5,ola,global,,,layers.1.weight,raw,48,0.02563487994446789,0.02616873827135702,0.025901809107912455,0,0.0,0.9890625,1280
bayesfl_observability_v1,ola_sparse_bayesian_keep010_seed42,5,ola,global,,,layers.1.weight,raw,49,0.02616873827135702,0.026702596598246156,0.026435667434801587,0,0.0,0.9890625,1280
bayesfl_observability_v1,ola_sparse_bayesian_keep010_seed42,5,ola,global,,,layers.1.weight,raw,50,0.026702596598246156,0.027236454925135288,0.026969525761690722,1,1.4634032301274653,0.98984375,1280
bayesfl_observability_v1,ola_sparse_bayesian_keep010_seed42,5,ola,global,,,layers.1.weight,raw,51,0.027236454925135288,0.027770313252024423,0.027503384088579858,0,0.0,0.98984375,1280
bayesfl_observability_v1,ola_sparse_bayesian_keep010_seed42,5,ola,global,,,layers.1.weight,raw,52,0.027770313252024423,0.028304171578913555,0.02803724241546899,2,2.9268064602549306,0.99140625,1280
bayesfl_observability_v1,ola_sparse_bayesian_keep010_seed42,5,ola,global,,,layers.1.weight,raw,53,0.028304171578913555,0.02883802990580269,0.02857110074235812,0,0.0,0.99140625,1280
bayesfl_observability_v1,ola_sparse_bayesian_keep010_seed42,5,ola,global,,,layers.1.weight,raw,54,0.02883802990580269,0.029371888232691823,0.029104959069247257,1,1.4634032301274653,0.9921875,1280
bayesfl_observability_v1,ola_sparse_bayesian_keep010_seed42,5,ola,global,,,layers.1.weight,raw,55,0.029371888232691823,0.029905746559580955,0.02963881739613639,0,0.0,0.9921875,1280
bayesfl_observability_v1,ola_sparse_bayesian_keep010_seed42,5,ola,global,,,layers.1.weight,raw,56,0.029905746559580955,0.03043960488647009,0.030172675723025524,0,0.0,0.9921875,1280
bayesfl_observability_v1,ola_sparse_bayesian_keep010_seed42,5,ola,global,,,layers.1.weight,raw,57,0.03043960488647009,0.030973463213359222,0.030706534049914656,0,0.0,0.9921875,1280
bayesfl_observability_v1,ola_sparse_bayesian_keep010_seed42,5,ola,global,,,layers.1.weight,raw,58,0.030973463213359222,0.03150732154024836,0.03124039237680379,0,0.0,0.9921875,1280
bayesfl_observability_v1,ola_sparse_bayesian_keep010_seed42,5,ola,global,,,layers.1.weight,raw,59,0.03150732154024836,0.03204117986713749,0.03177425070369293,0,0.0,0.9921875,1280
bayesfl_observability_v1,ola_sparse_bayesian_keep010_seed42,5,ola,global,,,layers.1.weight,raw,60,0.03204117986713749,0.03257503819402662,0.03230810903058205,0,0.0,0.9921875,1280
bayesfl_observability_v1,ola_sparse_bayesian_keep010_seed42,5,ola,global,,,layers.1.weight,raw,61,0.03257503819402662,0.03310889652091576,0.03284196735747119,0,0.0,0.9921875,1280
bayesfl_observability_v1,ola_sparse_bayesian_keep010_seed42,5,ola,global,,,layers.1.weight,raw,62,0.03310889652091576,0.03364275484780489,0.03337582568436033,0,0.0,0.9921875,1280
bayesfl_observability_v1,ola_sparse_bayesian_keep010_seed42,5,ola,global,,,layers.1.weight,raw,63,0.03364275484780489,0.034176613174694025,0.033909684011249455,0,0.0,0.9921875,1280
bayesfl_observability_v1,ola_sparse_bayesian_keep010_seed42,5,ola,global,,,layers.1.weight,raw,64,0.034176613174694025,0.03471047150158316,0.034443542338138594,1,1.4634032301274653,0.99296875,1280
bayesfl_observability_v1,ola_sparse_bayesian_keep010_seed42,5,ola,global,,,layers.1.weight,raw,65,0.03471047150158316,0.03524432982847229,0.03497740066502772,1,1.4634032301274653,0.99375,1280
bayesfl_observability_v1,ola_sparse_bayesian_keep010_seed42,5,ola,global,,,layers.1.weight,raw,66,0.03524432982847229,0.03577818815536143,0.03551125899191686,1,1.4634032301274462,0.99453125,1280
bayesfl_observability_v1,ola_sparse_bayesian_keep010_seed42,5,ola,global,,,layers.1.weight,raw,67,0.03577818815536143,0.03631204648225056,0.036045117318806,1,1.4634032301274653,0.9953125,1280
bayesfl_observability_v1,ola_sparse_bayesian_keep010_seed42,5,ola,global,,,layers.1.weight,raw,68,0.03631204648225056,0.03684590480913969,0.03657897564569512,1,1.4634032301274653,0.99609375,1280
bayesfl_observability_v1,ola_sparse_bayesian_keep010_seed42,5,ola,global,,,layers.1.weight,raw,69,0.03684590480913969,0.037379763136028824,0.03711283397258426,1,1.4634032301274653,0.996875,1280
bayesfl_observability_v1,ola_sparse_bayesian_keep010_seed42,5,ola,global,,,layers.1.weight,raw,70,0.037379763136028824,0.03791362146291796,0.03764669229947339,0,0.0,0.996875,1280
bayesfl_observability_v1,ola_sparse_bayesian_keep010_seed42,5,ola,global,,,layers.1.weight,raw,71,0.03791362146291796,0.038447479789807094,0.038180550626362525,1,1.4634032301274653,0.99765625,1280
bayesfl_observability_v1,ola_sparse_bayesian_keep010_seed42,5,ola,global,,,layers.1.weight,raw,72,0.038447479789807094,0.038981338116696226,0.038714408953251664,0,0.0,0.99765625,1280
bayesfl_observability_v1,ola_sparse_bayesian_keep010_seed42,5,ola,global,,,layers.1.weight,raw,73,0.038981338116696226,0.03951519644358536,0.03924826728014079,0,0.0,0.99765625,1280
bayesfl_observability_v1,ola_sparse_bayesian_keep010_seed42,5,ola,global,,,layers.1.weight,raw,74,0.03951519644358536,0.04004905477047449,0.03978212560702993,1,1.4634032301274653,0.9984375,1280
bayesfl_observability_v1,ola_sparse_bayesian_keep010_seed42,5,ola,global,,,layers.1.weight,raw,75,0.04004905477047449,0.04058291309736363,0.04031598393391906,0,0.0,0.9984375,1280
bayesfl_observability_v1,ola_sparse_bayesian_keep010_seed42,5,ola,global,,,layers.1.weight,raw,76,0.04058291309736363,0.04111677142425276,0.04084984226080819,0,0.0,0.9984375,1280
bayesfl_observability_v1,ola_sparse_bayesian_keep010_seed42,5,ola,global,,,layers.1.weight,raw,77,0.04111677142425276,0.04165062975114189,0.04138370058769733,0,0.0,0.9984375,1280
bayesfl_observability_v1,ola_sparse_bayesian_keep010_seed42,5,ola,global,,,layers.1.weight,raw,78,0.04165062975114189,0.042184488078031025,0.041917558914586456,0,0.0,0.9984375,1280
bayesfl_observability_v1,ola_sparse_bayesian_keep010_seed42,5,ola,global,,,layers.1.weight,raw,79,0.042184488078031025,0.042718346404920164,0.042451417241475595,2,2.9268064602548924,1.0,1280
bayesfl_observability_v1,ola_sparse_bayesian_keep010_seed42,5,ola,global,,,layers.1.weight,db,0,-100.28226423356628,-99.37108232236093,-99.82667327796361,1,0.0008574028856285483,0.00078125,1280
bayesfl_observability_v1,ola_sparse_bayesian_keep010_seed42,5,ola,global,,,layers.1.weight,db,1,-99.37108232236093,-98.45990041115559,-98.91549136675826,1,0.0008574028856285483,0.0015625,1280
bayesfl_observability_v1,ola_sparse_bayesian_keep010_seed42,5,ola,global,,,layers.1.weight,db,2,-98.45990041115559,-97.54871849995024,-98.00430945555291,0,0.0,0.0015625,1280
bayesfl_observability_v1,ola_sparse_bayesian_keep010_seed42,5,ola,global,,,layers.1.weight,db,3,-97.54871849995024,-96.6375365887449,-97.09312754434757,1,0.0008574028856285483,0.00234375,1280
bayesfl_observability_v1,ola_sparse_bayesian_keep010_seed42,5,ola,global,,,layers.1.weight,db,4,-96.6375365887449,-95.72635467753955,-96.18194563314222,1,0.0008574028856285483,0.003125,1280
bayesfl_observability_v1,ola_sparse_bayesian_keep010_seed42,5,ola,global,,,layers.1.weight,db,5,-95.72635467753955,-94.81517276633419,-95.27076372193687,0,0.0,0.003125,1280
bayesfl_observability_v1,ola_sparse_bayesian_keep010_seed42,5,ola,global,,,layers.1.weight,db,6,-94.81517276633419,-93.90399085512884,-94.35958181073151,1,0.0008574028856285483,0.00390625,1280
bayesfl_observability_v1,ola_sparse_bayesian_keep010_seed42,5,ola,global,,,layers.1.weight,db,7,-93.90399085512884,-92.99280894392349,-93.44839989952617,1,0.0008574028856285483,0.0046875,1280
bayesfl_observability_v1,ola_sparse_bayesian_keep010_seed42,5,ola,global,,,layers.1.weight,db,8,-92.99280894392349,-92.08162703271815,-92.53721798832082,0,0.0,0.0046875,1280
bayesfl_observability_v1,ola_sparse_bayesian_keep010_seed42,5,ola,global,,,layers.1.weight,db,9,-92.08162703271815,-91.1704451215128,-91.62603607711547,0,0.0,0.0046875,1280
bayesfl_observability_v1,ola_sparse_bayesian_keep010_seed42,5,ola,global,,,layers.1.weight,db,10,-91.1704451215128,-90.25926321030745,-90.71485416591013,0,0.0,0.0046875,1280
bayesfl_observability_v1,ola_sparse_bayesian_keep010_seed42,5,ola,global,,,layers.1.weight,db,11,-90.25926321030745,-89.3480812991021,-89.80367225470478,0,0.0,0.0046875,1280
bayesfl_observability_v1,ola_sparse_bayesian_keep010_seed42,5,ola,global,,,layers.1.weight,db,12,-89.3480812991021,-88.43689938789676,-88.89249034349943,0,0.0,0.0046875,1280
bayesfl_observability_v1,ola_sparse_bayesian_keep010_seed42,5,ola,global,,,layers.1.weight,db,13,-88.43689938789676,-87.52571747669141,-87.98130843229409,1,0.0008574028856285483,0.00546875,1280
bayesfl_observability_v1,ola_sparse_bayesian_keep010_seed42,5,ola,global,,,layers.1.weight,db,14,-87.52571747669141,-86.61453556548605,-87.07012652108872,1,0.000857402885628535,0.00625,1280
bayesfl_observability_v1,ola_sparse_bayesian_keep010_seed42,5,ola,global,,,layers.1.weight,db,15,-86.61453556548605,-85.7033536542807,-86.15894460988338,1,0.0008574028856285483,0.00703125,1280
bayesfl_observability_v1,ola_sparse_bayesian_keep010_seed42,5,ola,global,,,layers.1.weight,db,16,-85.7033536542807,-84.79217174307536,-85.24776269867803,0,0.0,0.00703125,1280
bayesfl_observability_v1,ola_sparse_bayesian_keep010_seed42,5,ola,global,,,layers.1.weight,db,17,-84.79217174307536,-83.88098983187001,-84.33658078747268,1,0.0008574028856285483,0.0078125,1280
bayesfl_observability_v1,ola_sparse_bayesian_keep010_seed42,5,ola,global,,,layers.1.weight,db,18,-83.88098983187001,-82.96980792066466,-83.42539887626734,4,0.0034296115425141932,0.0109375,1280
bayesfl_observability_v1,ola_sparse_bayesian_keep010_seed42,5,ola,global,,,layers.1.weight,db,19,-82.96980792066466,-82.05862600945932,-82.51421696506199,0,0.0,0.0109375,1280
bayesfl_observability_v1,ola_sparse_bayesian_keep010_seed42,5,ola,global,,,layers.1.weight,db,20,-82.05862600945932,-81.14744409825397,-81.60303505385664,1,0.0008574028856285483,0.01171875,1280
bayesfl_observability_v1,ola_sparse_bayesian_keep010_seed42,5,ola,global,,,layers.1.weight,db,21,-81.14744409825397,-80.23626218704862,-80.6918531426513,1,0.0008574028856285483,0.0125,1280
bayesfl_observability_v1,ola_sparse_bayesian_keep010_seed42,5,ola,global,,,layers.1.weight,db,22,-80.23626218704862,-79.32508027584328,-79.78067123144595,5,0.004287014428142741,0.01640625,1280
bayesfl_observability_v1,ola_sparse_bayesian_keep010_seed42,5,ola,global,,,layers.1.weight,db,23,-79.32508027584328,-78.41389836463793,-78.8694893202406,3,0.002572208656885645,0.01875,1280
bayesfl_observability_v1,ola_sparse_bayesian_keep010_seed42,5,ola,global,,,layers.1.weight,db,24,-78.41389836463793,-77.50271645343258,-77.95830740903526,3,0.002572208656885645,0.02109375,1280
bayesfl_observability_v1,ola_sparse_bayesian_keep010_seed42,5,ola,global,,,layers.1.weight,db,25,-77.50271645343258,-76.59153454222722,-77.04712549782991,4,0.00342961154251414,0.02421875,1280
bayesfl_observability_v1,ola_sparse_bayesian_keep010_seed42,5,ola,global,,,layers.1.weight,db,26,-76.59153454222722,-75.68035263102188,-76.13594358662455,3,0.002572208656885645,0.0265625,1280
bayesfl_observability_v1,ola_sparse_bayesian_keep010_seed42,5,ola,global,,,layers.1.weight,db,27,-75.68035263102188,-74.76917071981653,-75.2247616754192,3,0.002572208656885645,0.02890625,1280
bayesfl_observability_v1,ola_sparse_bayesian_keep010_seed42,5,ola,global,,,layers.1.weight,db,28,-74.76917071981653,-73.85798880861118,-74.31357976421386,5,0.004287014428142741,0.0328125,1280
bayesfl_observability_v1,ola_sparse_bayesian_keep010_seed42,5,ola,global,,,layers.1.weight,db,29,-73.85798880861118,-72.94680689740584,-73.40239785300851,7,0.006001820199399838,0.03828125,1280
bayesfl_observability_v1,ola_sparse_bayesian_keep010_seed42,5,ola,global,,,layers.1.weight,db,30,-72.94680689740584,-72.03562498620049,-72.49121594180316,8,0.0068592230850283865,0.04453125,1280
bayesfl_observability_v1,ola_sparse_bayesian_keep010_seed42,5,ola,global,,,layers.1.weight,db,31,-72.03562498620049,-71.12444307499514,-71.58003403059782,6,0.00514441731377129,0.04921875,1280
bayesfl_observability_v1,ola_sparse_bayesian_keep010_seed42,5,ola,global,,,layers.1.weight,db,32,-71.12444307499514,-70.2132611637898,-70.66885211939247,12,0.01028883462754258,0.05859375,1280
bayesfl_observability_v1,ola_sparse_bayesian_keep010_seed42,5,ola,global,,,layers.1.weight,db,33,-70.2132611637898,-69.30207925258443,-69.75767020818711,14,0.01200364039879949,0.06953125,1280
bayesfl_observability_v1,ola_sparse_bayesian_keep010_seed42,5,ola,global,,,layers.1.weight,db,34,-69.30207925258443,-68.39089734137909,-68.84648829698176,10,0.008574028856285483,0.07734375,1280
bayesfl_observability_v1,ola_sparse_bayesian_keep010_seed42,5,ola,global,,,layers.1.weight,db,35,-68.39089734137909,-67.47971543017374,-67.93530638577641,12,0.01028883462754258,0.08671875,1280
bayesfl_observability_v1,ola_sparse_bayesian_keep010_seed42,5,ola,global,,,layers.1.weight,db,36,-67.47971543017374,-66.5685335189684,-67.02412447457107,9,0.0077166259706569346,0.09375,1280
bayesfl_observability_v1,ola_sparse_bayesian_keep010_seed42,5,ola,global,,,layers.1.weight,db,37,-66.5685335189684,-65.65735160776305,-66.11294256336572,20,0.017148057712570965,0.109375,1280
bayesfl_observability_v1,ola_sparse_bayesian_keep010_seed42,5,ola,global,,,layers.1.weight,db,38,-65.65735160776305,-64.7461696965577,-65.20176065216037,18,0.015433251941313869,0.1234375,1280
bayesfl_observability_v1,ola_sparse_bayesian_keep010_seed42,5,ola,global,,,layers.1.weight,db,39,-64.7461696965577,-63.834987785352354,-64.29057874095503,11,0.009431431741914032,0.13203125,1280
bayesfl_observability_v1,ola_sparse_bayesian_keep010_seed42,5,ola,global,,,layers.1.weight,db,40,-63.834987785352354,-62.92380587414701,-63.37939682974968,17,0.014575849055685321,0.1453125,1280
bayesfl_observability_v1,ola_sparse_bayesian_keep010_seed42,5,ola,global,,,layers.1.weight,db,41,-62.92380587414701,-62.01262396294165,-62.468214918544334,23,0.01972026636945646,0.16328125,1280
bayesfl_observability_v1,ola_sparse_bayesian_keep010_seed42,5,ola,global,,,layers.1.weight,db,42,-62.01262396294165,-61.101442051736306,-61.55703300733898,21,0.018005460598199515,0.1796875,1280
bayesfl_observability_v1,ola_sparse_bayesian_keep010_seed42,5,ola,global,,,layers.1.weight,db,43,-61.101442051736306,-60.19026014053096,-60.64585109613363,24,0.02057766925508516,0.1984375,1280
bayesfl_observability_v1,ola_sparse_bayesian_keep010_seed42,5,ola,global,,,layers.1.weight,db,44,-60.19026014053096,-59.27907822932561,-59.734669184928286,25,0.021435072140713708,0.21796875,1280
bayesfl_observability_v1,ola_sparse_bayesian_keep010_seed42,5,ola,global,,,layers.1.weight,db,45,-59.27907822932561,-58.367896318120266,-58.82348727372294,34,0.029151698111370642,0.24453125,1280
bayesfl_observability_v1,ola_sparse_bayesian_keep010_seed42,5,ola,global,,,layers.1.weight,db,46,-58.367896318120266,-57.45671440691491,-57.912305362517586,33,0.028294295225741874,0.2703125,1280
bayesfl_observability_v1,ola_sparse_bayesian_keep010_seed42,5,ola,global,,,layers.1.weight,db,47,-57.45671440691491,-56.545532495709566,-57.00112345131224,37,0.03172390676825629,0.29921875,1280
bayesfl_observability_v1,ola_sparse_bayesian_keep010_seed42,5,ola,global,,,layers.1.weight,db,48,-56.545532495709566,-55.63435058450422,-56.08994154010689,51,0.043727547167055965,0.3390625,1280
bayesfl_observability_v1,ola_sparse_bayesian_keep010_seed42,5,ola,global,,,layers.1.weight,db,49,-55.63435058450422,-54.72316867329887,-55.178759628901545,51,0.043727547167055965,0.37890625,1280
bayesfl_observability_v1,ola_sparse_bayesian_keep010_seed42,5,ola,global,,,layers.1.weight,db,50,-54.72316867329887,-53.811986762093525,-54.2675777176962,51,0.043727547167055965,0.41875,1280
bayesfl_observability_v1,ola_sparse_bayesian_keep010_seed42,5,ola,global,,,layers.1.weight,db,51,-53.811986762093525,-52.90080485088817,-53.35639580649085,73,0.06259041065088354,0.47578125,1280
bayesfl_observability_v1,ola_sparse_bayesian_keep010_seed42,5,ola,global,,,layers.1.weight,db,52,-52.90080485088817,-51.989622939682825,-52.4452138952855,73,0.06259041065088403,0.5328125,1280
bayesfl_observability_v1,ola_sparse_bayesian_keep010_seed42,5,ola,global,,,layers.1.weight,db,53,-51.989622939682825,-51.07844102847748,-51.53403198408015,66,0.05658859045148419,0.584375,1280
bayesfl_observability_v1,ola_sparse_bayesian_keep010_seed42,5,ola,global,,,layers.1.weight,db,54,-51.07844102847748,-50.16725911727213,-50.622850072874805,70,0.060018201993998384,0.6390625,1280
bayesfl_observability_v1,ola_sparse_bayesian_keep010_seed42,5,ola,global,,,layers.1.weight,db,55,-50.16725911727213,-49.256077206066784,-49.71166816166946,58,0.0497293673664558,0.684375,1280
bayesfl_observability_v1,ola_sparse_bayesian_keep010_seed42,5,ola,global,,,layers.1.weight,db,56,-49.256077206066784,-48.34489529486143,-48.800486250464104,54,0.04629975582394125,0.7265625,1280
bayesfl_observability_v1,ola_sparse_bayesian_keep010_seed42,5,ola,global,,,layers.1.weight,db,57,-48.34489529486143,-47.433713383656084,-47.88930433925876,44,0.03772572696765613,0.7609375,1280
bayesfl_observability_v1,ola_sparse_bayesian_keep010_seed42,5,ola,global,,,layers.1.weight,db,58,-47.433713383656084,-46.52253147245074,-46.97812242805341,40,0.03429611542514193,0.7921875,1280
bayesfl_observability_v1,ola_sparse_bayesian_keep010_seed42,5,ola,global,,,layers.1.weight,db,59,-46.52253147245074,-45.61134956124539,-46.066940516848064,38,0.03258130965388484,0.821875,1280
bayesfl_observability_v1,ola_sparse_bayesian_keep010_seed42,5,ola,global,,,layers.1.weight,db,60,-45.61134956124539,-44.700167650040044,-45.15575860564272,20,0.017148057712570965,0.8375,1280
bayesfl_observability_v1,ola_sparse_bayesian_keep010_seed42,5,ola,global,,,layers.1.weight,db,61,-44.700167650040044,-43.78898573883469,-44.24457669443737,29,0.02486468368322771,0.86015625,1280
bayesfl_observability_v1,ola_sparse_bayesian_keep010_seed42,5,ola,global,,,layers.1.weight,db,62,-43.78898573883469,-42.87780382762934,-43.333394783232016,27,0.023149877911970804,0.88125,1280
bayesfl_observability_v1,ola_sparse_bayesian_keep010_seed42,5,ola,global,,,layers.1.weight,db,63,-42.87780382762934,-41.966621916423996,-42.42221287202667,24,0.02057766925508516,0.9,1280
bayesfl_observability_v1,ola_sparse_bayesian_keep010_seed42,5,ola,global,,,layers.1.weight,db,64,-41.966621916423996,-41.05544000521865,-41.51103096082132,15,0.012861043284428225,0.91171875,1280
bayesfl_observability_v1,ola_sparse_bayesian_keep010_seed42,5,ola,global,,,layers.1.weight,db,65,-41.05544000521865,-40.1442580940133,-40.599849049615976,13,0.011146237513171129,0.921875,1280
bayesfl_observability_v1,ola_sparse_bayesian_keep010_seed42,5,ola,global,,,layers.1.weight,db,66,-40.1442580940133,-39.23307618280795,-39.68866713841062,12,0.010288834627542499,0.93125,1280
bayesfl_observability_v1,ola_sparse_bayesian_keep010_seed42,5,ola,global,,,layers.1.weight,db,67,-39.23307618280795,-38.3218942716026,-38.777485227205275,13,0.011146237513171129,0.94140625,1280
bayesfl_observability_v1,ola_sparse_bayesian_keep010_seed42,5,ola,global,,,layers.1.weight,db,68,-38.3218942716026,-37.410712360397255,-37.86630331599993,7,0.006001820199399838,0.946875,1280
bayesfl_observability_v1,ola_sparse_bayesian_keep010_seed42,5,ola,global,,,layers.1.weight,db,69,-37.410712360397255,-36.49953044919191,-36.95512140479458,10,0.008574028856285483,0.9546875,1280
bayesfl_observability_v1,ola_sparse_bayesian_keep010_seed42,5,ola,global,,,layers.1.weight,db,70,-36.49953044919191,-35.58834853798656,-36.043939493589235,9,0.0077166259706569346,0.96171875,1280
bayesfl_observability_v1,ola_sparse_bayesian_keep010_seed42,5,ola,global,,,layers.1.weight,db,71,-35.58834853798656,-34.677166626781215,-35.13275758238389,8,0.0068592230850283865,0.96796875,1280
bayesfl_observability_v1,ola_sparse_bayesian_keep010_seed42,5,ola,global,,,layers.1.weight,db,72,-34.677166626781215,-33.76598471557587,-34.22157567117854,8,0.0068592230850283865,0.97421875,1280
bayesfl_observability_v1,ola_sparse_bayesian_keep010_seed42,5,ola,global,,,layers.1.weight,db,73,-33.76598471557587,-32.85480280437051,-33.31039375997319,6,0.00514441731377121,0.97890625,1280
bayesfl_observability_v1,ola_sparse_bayesian_keep010_seed42,5,ola,global,,,layers.1.weight,db,74,-32.85480280437051,-31.94362089316516,-32.399211848767834,12,0.01028883462754258,0.98828125,1280
bayesfl_observability_v1,ola_sparse_bayesian_keep010_seed42,5,ola,global,,,layers.1.weight,db,75,-31.94362089316516,-31.032438981959814,-31.488029937562487,3,0.002572208656885645,0.990625,1280
bayesfl_observability_v1,ola_sparse_bayesian_keep010_seed42,5,ola,global,,,layers.1.weight,db,76,-31.032438981959814,-30.121257070754467,-30.57684802635714,2,0.0017148057712570966,0.9921875,1280
bayesfl_observability_v1,ola_sparse_bayesian_keep010_seed42,5,ola,global,,,layers.1.weight,db,77,-30.121257070754467,-29.21007515954912,-29.665666115151794,1,0.0008574028856285483,0.99296875,1280
bayesfl_observability_v1,ola_sparse_bayesian_keep010_seed42,5,ola,global,,,layers.1.weight,db,78,-29.21007515954912,-28.298893248343774,-28.754484203946447,6,0.00514441731377129,0.99765625,1280
bayesfl_observability_v1,ola_sparse_bayesian_keep010_seed42,5,ola,global,,,layers.1.weight,db,79,-28.298893248343774,-27.387711337138434,-27.843302292741104,3,0.002572208656885665,1.0,1280
bayesfl_observability_v1,ola_sparse_bayesian_keep010_seed42,5,ola,global,,,layers.1.bias,raw,0,0.00016235993507468302,0.00048142232148018743,0.0003218911282774352,1,313.41832901891314,0.1,10
bayesfl_observability_v1,ola_sparse_bayesian_keep010_seed42,5,ola,global,,,layers.1.bias,raw,1,0.00048142232148018743,0.0008004847078856919,0.0006409535146829396,2,626.8366580378263,0.3,10
bayesfl_observability_v1,ola_sparse_bayesian_keep010_seed42,5,ola,global,,,layers.1.bias,raw,2,0.0008004847078856919,0.0011195470942911964,0.0009600159010884441,0,0.0,0.3,10
bayesfl_observability_v1,ola_sparse_bayesian_keep010_seed42,5,ola,global,,,layers.1.bias,raw,3,0.0011195470942911964,0.0014386094806967007,0.0012790782874939487,0,0.0,0.3,10
bayesfl_observability_v1,ola_sparse_bayesian_keep010_seed42,5,ola,global,,,layers.1.bias,raw,4,0.0014386094806967007,0.0017576718671022053,0.001598140673899453,0,0.0,0.3,10
bayesfl_observability_v1,ola_sparse_bayesian_keep010_seed42,5,ola,global,,,layers.1.bias,raw,5,0.0017576718671022053,0.00207673425350771,0.0019172030603049576,0,0.0,0.3,10
bayesfl_observability_v1,ola_sparse_bayesian_keep010_seed42,5,ola,global,,,layers.1.bias,raw,6,0.00207673425350771,0.002395796639913214,0.002236265446710462,0,0.0,0.3,10
bayesfl_observability_v1,ola_sparse_bayesian_keep010_seed42,5,ola,global,,,layers.1.bias,raw,7,0.002395796639913214,0.0027148590263187185,0.0025553278331159664,0,0.0,0.3,10
bayesfl_observability_v1,ola_sparse_bayesian_keep010_seed42,5,ola,global,,,layers.1.bias,raw,8,0.0027148590263187185,0.003033921412724223,0.0028743902195214706,1,313.4183290189131,0.4,10
bayesfl_observability_v1,ola_sparse_bayesian_keep010_seed42,5,ola,global,,,layers.1.bias,raw,9,0.003033921412724223,0.0033529837991297276,0.0031934526059269755,1,313.4183290189131,0.5,10
bayesfl_observability_v1,ola_sparse_bayesian_keep010_seed42,5,ola,global,,,layers.1.bias,raw,10,0.0033529837991297276,0.0036720461855352317,0.0035125149923324796,1,313.4183290189135,0.6,10
bayesfl_observability_v1,ola_sparse_bayesian_keep010_seed42,5,ola,global,,,layers.1.bias,raw,11,0.0036720461855352317,0.003991108571940736,0.0038315773787379838,0,0.0,0.6,10
bayesfl_observability_v1,ola_sparse_bayesian_keep010_seed42,5,ola,global,,,layers.1.bias,raw,12,0.003991108571940736,0.004310170958346241,0.004150639765143489,0,0.0,0.6,10
bayesfl_observability_v1,ola_sparse_bayesian_keep010_seed42,5,ola,global,,,layers.1.bias,raw,13,0.004310170958346241,0.004629233344751745,0.004469702151548993,0,0.0,0.6,10
bayesfl_observability_v1,ola_sparse_bayesian_keep010_seed42,5,ola,global,,,layers.1.bias,raw,14,0.004629233344751745,0.00494829573115725,0.004788764537954498,0,0.0,0.6,10
bayesfl_observability_v1,ola_sparse_bayesian_keep010_seed42,5,ola,global,,,layers.1.bias,raw,15,0.00494829573115725,0.005267358117562754,0.005107826924360003,0,0.0,0.6,10
bayesfl_observability_v1,ola_sparse_bayesian_keep010_seed42,5,ola,global,,,layers.1.bias,raw,16,0.005267358117562754,0.0055864205039682585,0.005426889310765506,0,0.0,0.6,10
bayesfl_observability_v1,ola_sparse_bayesian_keep010_seed42,5,ola,global,,,layers.1.bias,raw,17,0.0055864205039682585,0.0059054828903737635,0.005745951697171011,0,0.0,0.6,10
bayesfl_observability_v1,ola_sparse_bayesian_keep010_seed42,5,ola,global,,,layers.1.bias,raw,18,0.0059054828903737635,0.006224545276779268,0.006065014083576516,1,313.4183290189135,0.7,10
bayesfl_observability_v1,ola_sparse_bayesian_keep010_seed42,5,ola,global,,,layers.1.bias,raw,19,0.006224545276779268,0.006543607663184773,0.00638407646998202,0,0.0,0.7,10
bayesfl_observability_v1,ola_sparse_bayesian_keep010_seed42,5,ola,global,,,layers.1.bias,raw,20,0.006543607663184773,0.006862670049590277,0.006703138856387524,0,0.0,0.7,10
bayesfl_observability_v1,ola_sparse_bayesian_keep010_seed42,5,ola,global,,,layers.1.bias,raw,21,0.006862670049590277,0.007181732435995781,0.007022201242793029,0,0.0,0.7,10
bayesfl_observability_v1,ola_sparse_bayesian_keep010_seed42,5,ola,global,,,layers.1.bias,raw,22,0.007181732435995781,0.007500794822401286,0.007341263629198533,1,313.41832901891263,0.8,10
bayesfl_observability_v1,ola_sparse_bayesian_keep010_seed42,5,ola,global,,,layers.1.bias,raw,23,0.007500794822401286,0.007819857208806789,0.0076603260156040374,0,0.0,0.8,10
bayesfl_observability_v1,ola_sparse_bayesian_keep010_seed42,5,ola,global,,,layers.1.bias,raw,24,0.007819857208806789,0.008138919595212294,0.00797938840200954,0,0.0,0.8,10
bayesfl_observability_v1,ola_sparse_bayesian_keep010_seed42,5,ola,global,,,layers.1.bias,raw,25,0.008138919595212294,0.008457981981617799,0.008298450788415047,0,0.0,0.8,10
bayesfl_observability_v1,ola_sparse_bayesian_keep010_seed42,5,ola,global,,,layers.1.bias,raw,26,0.008457981981617799,0.008777044368023304,0.00861751317482055,0,0.0,0.8,10
bayesfl_observability_v1,ola_sparse_bayesian_keep010_seed42,5,ola,global,,,layers.1.bias,raw,27,0.008777044368023304,0.009096106754428807,0.008936575561226056,1,313.41832901891433,0.9,10
bayesfl_observability_v1,ola_sparse_bayesian_keep010_seed42,5,ola,global,,,layers.1.bias,raw,28,0.009096106754428807,0.009415169140834312,0.00925563794763156,0,0.0,0.9,10
bayesfl_observability_v1,ola_sparse_bayesian_keep010_seed42,5,ola,global,,,layers.1.bias,raw,29,0.009415169140834312,0.009734231527239817,0.009574700334037064,0,0.0,0.9,10
bayesfl_observability_v1,ola_sparse_bayesian_keep010_seed42,5,ola,global,,,layers.1.bias,raw,30,0.009734231527239817,0.01005329391364532,0.009893762720442569,0,0.0,0.9,10
bayesfl_observability_v1,ola_sparse_bayesian_keep010_seed42,5,ola,global,,,layers.1.bias,raw,31,0.01005329391364532,0.010372356300050825,0.010212825106848074,0,0.0,0.9,10
bayesfl_observability_v1,ola_sparse_bayesian_keep010_seed42,5,ola,global,,,layers.1.bias,raw,32,0.010372356300050825,0.01069141868645633,0.010531887493253577,0,0.0,0.9,10
bayesfl_observability_v1,ola_sparse_bayesian_keep010_seed42,5,ola,global,,,layers.1.bias,raw,33,0.01069141868645633,0.011010481072861834,0.010850949879659082,0,0.0,0.9,10
bayesfl_observability_v1,ola_sparse_bayesian_keep010_seed42,5,ola,global,,,layers.1.bias,raw,34,0.011010481072861834,0.011329543459267339,0.011170012266064587,0,0.0,0.9,10
bayesfl_observability_v1,ola_sparse_bayesian_keep010_seed42,5,ola,global,,,layers.1.bias,raw,35,0.011329543459267339,0.011648605845672844,0.01148907465247009,0,0.0,0.9,10
bayesfl_observability_v1,ola_sparse_bayesian_keep010_seed42,5,ola,global,,,layers.1.bias,raw,36,0.011648605845672844,0.011967668232078347,0.011808137038875595,0,0.0,0.9,10
bayesfl_observability_v1,ola_sparse_bayesian_keep010_seed42,5,ola,global,,,layers.1.bias,raw,37,0.011967668232078347,0.012286730618483852,0.0121271994252811,0,0.0,0.9,10
bayesfl_observability_v1,ola_sparse_bayesian_keep010_seed42,5,ola,global,,,layers.1.bias,raw,38,0.012286730618483852,0.012605793004889357,0.012446261811686603,0,0.0,0.9,10
bayesfl_observability_v1,ola_sparse_bayesian_keep010_seed42,5,ola,global,,,layers.1.bias,raw,39,0.012605793004889357,0.012924855391294862,0.01276532419809211,0,0.0,0.9,10
bayesfl_observability_v1,ola_sparse_bayesian_keep010_seed42,5,ola,global,,,layers.1.bias,raw,40,0.012924855391294862,0.013243917777700365,0.013084386584497613,0,0.0,0.9,10
bayesfl_observability_v1,ola_sparse_bayesian_keep010_seed42,5,ola,global,,,layers.1.bias,raw,41,0.013243917777700365,0.01356298016410587,0.013403448970903117,0,0.0,0.9,10
bayesfl_observability_v1,ola_sparse_bayesian_keep010_seed42,5,ola,global,,,layers.1.bias,raw,42,0.01356298016410587,0.013882042550511375,0.013722511357308623,0,0.0,0.9,10
bayesfl_observability_v1,ola_sparse_bayesian_keep010_seed42,5,ola,global,,,layers.1.bias,raw,43,0.013882042550511375,0.014201104936916878,0.014041573743714127,0,0.0,0.9,10
bayesfl_observability_v1,ola_sparse_bayesian_keep010_seed42,5,ola,global,,,layers.1.bias,raw,44,0.014201104936916878,0.014520167323322383,0.01436063613011963,0,0.0,0.9,10
bayesfl_observability_v1,ola_sparse_bayesian_keep010_seed42,5,ola,global,,,layers.1.bias,raw,45,0.014520167323322383,0.014839229709727888,0.014679698516525137,0,0.0,0.9,10
bayesfl_observability_v1,ola_sparse_bayesian_keep010_seed42,5,ola,global,,,layers.1.bias,raw,46,0.014839229709727888,0.015158292096133391,0.01499876090293064,0,0.0,0.9,10
bayesfl_observability_v1,ola_sparse_bayesian_keep010_seed42,5,ola,global,,,layers.1.bias,raw,47,0.015158292096133391,0.015477354482538896,0.015317823289336143,0,0.0,0.9,10
bayesfl_observability_v1,ola_sparse_bayesian_keep010_seed42,5,ola,global,,,layers.1.bias,raw,48,0.015477354482538896,0.0157964168689444,0.015636885675741646,0,0.0,0.9,10
bayesfl_observability_v1,ola_sparse_bayesian_keep010_seed42,5,ola,global,,,layers.1.bias,raw,49,0.0157964168689444,0.016115479255349903,0.015955948062147153,0,0.0,0.9,10
bayesfl_observability_v1,ola_sparse_bayesian_keep010_seed42,5,ola,global,,,layers.1.bias,raw,50,0.016115479255349903,0.01643454164175541,0.016275010448552656,0,0.0,0.9,10
bayesfl_observability_v1,ola_sparse_bayesian_keep010_seed42,5,ola,global,,,layers.1.bias,raw,51,0.01643454164175541,0.016753604028160913,0.01659407283495816,0,0.0,0.9,10
bayesfl_observability_v1,ola_sparse_bayesian_keep010_seed42,5,ola,global,,,layers.1.bias,raw,52,0.016753604028160913,0.017072666414566416,0.016913135221363666,0,0.0,0.9,10
bayesfl_observability_v1,ola_sparse_bayesian_keep010_seed42,5,ola,global,,,layers.1.bias,raw,53,0.017072666414566416,0.017391728800971923,0.01723219760776917,0,0.0,0.9,10
bayesfl_observability_v1,ola_sparse_bayesian_keep010_seed42,5,ola,global,,,layers.1.bias,raw,54,0.017391728800971923,0.017710791187377426,0.017551259994174673,0,0.0,0.9,10
bayesfl_observability_v1,ola_sparse_bayesian_keep010_seed42,5,ola,global,,,layers.1.bias,raw,55,0.017710791187377426,0.01802985357378293,0.01787032238058018,0,0.0,0.9,10
bayesfl_observability_v1,ola_sparse_bayesian_keep010_seed42,5,ola,global,,,layers.1.bias,raw,56,0.01802985357378293,0.018348915960188436,0.018189384766985683,0,0.0,0.9,10
bayesfl_observability_v1,ola_sparse_bayesian_keep010_seed42,5,ola,global,,,layers.1.bias,raw,57,0.018348915960188436,0.01866797834659394,0.018508447153391186,0,0.0,0.9,10
bayesfl_observability_v1,ola_sparse_bayesian_keep010_seed42,5,ola,global,,,layers.1.bias,raw,58,0.01866797834659394,0.018987040732999443,0.018827509539796693,0,0.0,0.9,10
bayesfl_observability_v1,ola_sparse_bayesian_keep010_seed42,5,ola,global,,,layers.1.bias,raw,59,0.018987040732999443,0.01930610311940495,0.019146571926202196,0,0.0,0.9,10
bayesfl_observability_v1,ola_sparse_bayesian_keep010_seed42,5,ola,global,,,layers.1.bias,raw,60,0.01930610311940495,0.019625165505810453,0.0194656343126077,0,0.0,0.9,10
bayesfl_observability_v1,ola_sparse_bayesian_keep010_seed42,5,ola,global,,,layers.1.bias,raw,61,0.019625165505810453,0.019944227892215956,0.019784696699013206,0,0.0,0.9,10
bayesfl_observability_v1,ola_sparse_bayesian_keep010_seed42,5,ola,global,,,layers.1.bias,raw,62,0.019944227892215956,0.020263290278621462,0.02010375908541871,0,0.0,0.9,10
bayesfl_observability_v1,ola_sparse_bayesian_keep010_seed42,5,ola,global,,,layers.1.bias,raw,63,0.020263290278621462,0.020582352665026966,0.020422821471824212,0,0.0,0.9,10
bayesfl_observability_v1,ola_sparse_bayesian_keep010_seed42,5,ola,global,,,layers.1.bias,raw,64,0.020582352665026966,0.02090141505143247,0.02074188385822972,0,0.0,0.9,10
bayesfl_observability_v1,ola_sparse_bayesian_keep010_seed42,5,ola,global,,,layers.1.bias,raw,65,0.02090141505143247,0.021220477437837976,0.021060946244635222,0,0.0,0.9,10
bayesfl_observability_v1,ola_sparse_bayesian_keep010_seed42,5,ola,global,,,layers.1.bias,raw,66,0.021220477437837976,0.02153953982424348,0.021380008631040726,0,0.0,0.9,10
bayesfl_observability_v1,ola_sparse_bayesian_keep010_seed42,5,ola,global,,,layers.1.bias,raw,67,0.02153953982424348,0.021858602210648982,0.021699071017446232,0,0.0,0.9,10
bayesfl_observability_v1,ola_sparse_bayesian_keep010_seed42,5,ola,global,,,layers.1.bias,raw,68,0.021858602210648982,0.02217766459705449,0.022018133403851736,0,0.0,0.9,10
bayesfl_observability_v1,ola_sparse_bayesian_keep010_seed42,5,ola,global,,,layers.1.bias,raw,69,0.02217766459705449,0.022496726983459992,0.02233719579025724,0,0.0,0.9,10
bayesfl_observability_v1,ola_sparse_bayesian_keep010_seed42,5,ola,global,,,layers.1.bias,raw,70,0.022496726983459992,0.022815789369865495,0.022656258176662745,0,0.0,0.9,10
bayesfl_observability_v1,ola_sparse_bayesian_keep010_seed42,5,ola,global,,,layers.1.bias,raw,71,0.022815789369865495,0.023134851756271002,0.02297532056306825,0,0.0,0.9,10
bayesfl_observability_v1,ola_sparse_bayesian_keep010_seed42,5,ola,global,,,layers.1.bias,raw,72,0.023134851756271002,0.023453914142676505,0.023294382949473752,0,0.0,0.9,10
bayesfl_observability_v1,ola_sparse_bayesian_keep010_seed42,5,ola,global,,,layers.1.bias,raw,73,0.023453914142676505,0.02377297652908201,0.02361344533587926,0,0.0,0.9,10
bayesfl_observability_v1,ola_sparse_bayesian_keep010_seed42,5,ola,global,,,layers.1.bias,raw,74,0.02377297652908201,0.024092038915487515,0.023932507722284762,0,0.0,0.9,10
bayesfl_observability_v1,ola_sparse_bayesian_keep010_seed42,5,ola,global,,,layers.1.bias,raw,75,0.024092038915487515,0.02441110130189302,0.024251570108690265,0,0.0,0.9,10
bayesfl_observability_v1,ola_sparse_bayesian_keep010_seed42,5,ola,global,,,layers.1.bias,raw,76,0.02441110130189302,0.024730163688298522,0.024570632495095772,0,0.0,0.9,10
bayesfl_observability_v1,ola_sparse_bayesian_keep010_seed42,5,ola,global,,,layers.1.bias,raw,77,0.024730163688298522,0.02504922607470403,0.024889694881501275,0,0.0,0.9,10
bayesfl_observability_v1,ola_sparse_bayesian_keep010_seed42,5,ola,global,,,layers.1.bias,raw,78,0.02504922607470403,0.025368288461109532,0.02520875726790678,0,0.0,0.9,10
bayesfl_observability_v1,ola_sparse_bayesian_keep010_seed42,5,ola,global,,,layers.1.bias,raw,79,0.025368288461109532,0.02568735084751504,0.025527819654312285,1,313.4183290189109,1.0,10
bayesfl_observability_v1,ola_sparse_bayesian_keep010_seed42,5,ola,global,,,layers.1.bias,db,0,-75.79042256695436,-75.24061245548434,-75.51551751121934,1,0.18188097656594696,0.1,10
bayesfl_observability_v1,ola_sparse_bayesian_keep010_seed42,5,ola,global,,,layers.1.bias,db,1,-75.24061245548434,-74.69080234401433,-74.96570739974933,0,0.0,0.1,10
bayesfl_observability_v1,ola_sparse_bayesian_keep010_seed42,5,ola,global,,,layers.1.bias,db,2,-74.69080234401433,-74.1409922325443,-74.41589728827933,0,0.0,0.1,10
bayesfl_observability_v1,ola_sparse_bayesian_keep010_seed42,5,ola,global,,,layers.1.bias,db,3,-74.1409922325443,-73.59118212107428,-73.86608717680929,0,0.0,0.1,10
bayesfl_observability_v1,ola_sparse_bayesian_keep010_seed42,5,ola,global,,,layers.1.bias,db,4,-73.59118212107428,-73.04137200960426,-73.31627706533928,0,0.0,0.1,10
bayesfl_observability_v1,ola_sparse_bayesian_keep010_seed42,5,ola,global,,,layers.1.bias,db,5,-73.04137200960426,-72.49156189813425,-72.76646695386926,0,0.0,0.1,10
bayesfl_observability_v1,ola_sparse_bayesian_keep010_seed42,5,ola,global,,,layers.1.bias,db,6,-72.49156189813425,-71.94175178666423,-72.21665684239923,0,0.0,0.1,10
bayesfl_observability_v1,ola_sparse_bayesian_keep010_seed42,5,ola,global,,,layers.1.bias,db,7,-71.94175178666423,-71.3919416751942,-71.66684673092922,0,0.0,0.1,10
bayesfl_observability_v1,ola_sparse_bayesian_keep010_seed42,5,ola,global,,,layers.1.bias,db,8,-71.3919416751942,-70.84213156372418,-71.11703661945918,0,0.0,0.1,10
bayesfl_observability_v1,ola_sparse_bayesian_keep010_seed42,5,ola,global,,,layers.1.bias,db,9,-70.84213156372418,-70.29232145225417,-70.56722650798918,0,0.0,0.1,10
bayesfl_observability_v1,ola_sparse_bayesian_keep010_seed42,5,ola,global,,,layers.1.bias,db,10,-70.29232145225417,-69.74251134078415,-70.01741639651917,0,0.0,0.1,10
bayesfl_observability_v1,ola_sparse_bayesian_keep010_seed42,5,ola,global,,,layers.1.bias,db,11,-69.74251134078415,-69.19270122931412,-69.46760628504913,0,0.0,0.1,10
bayesfl_observability_v1,ola_sparse_bayesian_keep010_seed42,5,ola,global,,,layers.1.bias,db,12,-69.19270122931412,-68.6428911178441,-68.91779617357912,0,0.0,0.1,10
bayesfl_observability_v1,ola_sparse_bayesian_keep010_seed42,5,ola,global,,,layers.1.bias,db,13,-68.6428911178441,-68.09308100637409,-68.3679860621091,0,0.0,0.1,10
bayesfl_observability_v1,ola_sparse_bayesian_keep010_seed42,5,ola,global,,,layers.1.bias,db,14,-68.09308100637409,-67.54327089490407,-67.81817595063907,0,0.0,0.1,10
bayesfl_observability_v1,ola_sparse_bayesian_keep010_seed42,5,ola,global,,,layers.1.bias,db,15,-67.54327089490407,-66.99346078343405,-67.26836583916906,0,0.0,0.1,10
bayesfl_observability_v1,ola_sparse_bayesian_keep010_seed42,5,ola,global,,,layers.1.bias,db,16,-66.99346078343405,-66.44365067196402,-66.71855572769903,0,0.0,0.1,10
bayesfl_observability_v1,ola_sparse_bayesian_keep010_seed42,5,ola,global,,,layers.1.bias,db,17,-66.44365067196402,-65.89384056049401,-66.16874561622902,0,0.0,0.1,10
bayesfl_observability_v1,ola_sparse_bayesian_keep010_seed42,5,ola,global,,,layers.1.bias,db,18,-65.89384056049401,-65.34403044902399,-65.61893550475901,0,0.0,0.1,10
bayesfl_observability_v1,ola_sparse_bayesian_keep010_seed42,5,ola,global,,,layers.1.bias,db,19,-65.34403044902399,-64.79422033755397,-65.06912539328897,0,0.0,0.1,10
bayesfl_observability_v1,ola_sparse_bayesian_keep010_seed42,5,ola,global,,,layers.1.bias,db,20,-64.79422033755397,-64.24441022608394,-64.51931528181896,1,0.18188097656594696,0.2,10
bayesfl_observability_v1,ola_sparse_bayesian_keep010_seed42,5,ola,global,,,layers.1.bias,db,21,-64.24441022608394,-63.69460011461393,-63.96950517034894,0,0.0,0.2,10
bayesfl_observability_v1,ola_sparse_bayesian_keep010_seed42,5,ola,global,,,layers.1.bias,db,22,-63.69460011461393,-63.14479000314391,-63.419695058878915,1,0.18188097656594931,0.3,10
bayesfl_observability_v1,ola_sparse_bayesian_keep010_seed42,5,ola,global,,,layers.1.bias,db,23,-63.14479000314391,-62.59497989167389,-62.8698849474089,0,0.0,0.3,10
bayesfl_observability_v1,ola_sparse_bayesian_keep010_seed42,5,ola,global,,,layers.1.bias,db,24,-62.59497989167389,-62.04516978020387,-62.32007483593888,0,0.0,0.3,10
bayesfl_observability_v1,ola_sparse_bayesian_keep010_seed42,5,ola,global,,,layers.1.bias,db,25,-62.04516978020387,-61.495359668733855,-61.77026472446886,0,0.0,0.3,10
bayesfl_observability_v1,ola_sparse_bayesian_keep010_seed42,5,ola,global,,,layers.1.bias,db,26,-61.495359668733855,-60.94554955726383,-61.22045461299884,0,0.0,0.3,10
bayesfl_observability_v1,ola_sparse_bayesian_keep010_seed42,5,ola,global,,,layers.1.bias,db,27,-60.94554955726383,-60.39573944579381,-60.67064450152882,0,0.0,0.3,10
bayesfl_observability_v1,ola_sparse_bayesian_keep010_seed42,5,ola,global,,,layers.1.bias,db,28,-60.39573944579381,-59.84592933432379,-60.1208343900588,0,0.0,0.3,10
bayesfl_observability_v1,ola_sparse_bayesian_keep010_seed42,5,ola,global,,,layers.1.bias,db,29,-59.84592933432379,-59.296119222853775,-59.57102427858878,0,0.0,0.3,10
bayesfl_observability_v1,ola_sparse_bayesian_keep010_seed42,5,ola,global,,,layers.1.bias,db,30,-59.296119222853775,-58.74630911138375,-59.021214167118764,0,0.0,0.3,10
bayesfl_observability_v1,ola_sparse_bayesian_keep010_seed42,5,ola,global,,,layers.1.bias,db,31,-58.74630911138375,-58.19649899991373,-58.47140405564874,0,0.0,0.3,10
bayesfl_observability_v1,ola_sparse_bayesian_keep010_seed42,5,ola,global,,,layers.1.bias,db,32,-58.19649899991373,-57.64668888844371,-57.921593944178724,0,0.0,0.3,10
bayesfl_observability_v1,ola_sparse_bayesian_keep010_seed42,5,ola,global,,,layers.1.bias,db,33,-57.64668888844371,-57.096878776973696,-57.3717838327087,0,0.0,0.3,10
bayesfl_observability_v1,ola_sparse_bayesian_keep010_seed42,5,ola,global,,,layers.1.bias,db,34,-57.096878776973696,-56.54706866550367,-56.821973721238685,0,0.0,0.3,10
bayesfl_observability_v1,ola_sparse_bayesian_keep010_seed42,5,ola,global,,,layers.1.bias,db,35,-56.54706866550367,-55.99725855403365,-56.27216360976866,0,0.0,0.3,10
bayesfl_observability_v1,ola_sparse_bayesian_keep010_seed42,5,ola,global,,,layers.1.bias,db,36,-55.99725855403365,-55.44744844256363,-55.722353498298645,0,0.0,0.3,10
bayesfl_observability_v1,ola_sparse_bayesian_keep010_seed42,5,ola,global,,,layers.1.bias,db,37,-55.44744844256363,-54.89763833109362,-55.17254338682862,0,0.0,0.3,10
bayesfl_observability_v1,ola_sparse_bayesian_keep010_seed42,5,ola,global,,,layers.1.bias,db,38,-54.89763833109362,-54.347828219623594,-54.622733275358605,0,0.0,0.3,10
bayesfl_observability_v1,ola_sparse_bayesian_keep010_seed42,5,ola,global,,,layers.1.bias,db,39,-54.347828219623594,-53.79801810815357,-54.07292316388858,0,0.0,0.3,10
bayesfl_observability_v1,ola_sparse_bayesian_keep010_seed42,5,ola,global,,,layers.1.bias,db,40,-53.79801810815357,-53.248207996683554,-53.523113052418566,0,0.0,0.3,10
bayesfl_observability_v1,ola_sparse_bayesian_keep010_seed42,5,ola,global,,,layers.1.bias,db,41,-53.248207996683554,-52.69839788521354,-52.97330294094854,0,0.0,0.3,10
bayesfl_observability_v1,ola_sparse_bayesian_keep010_seed42,5,ola,global,,,layers.1.bias,db,42,-52.69839788521354,-52.148587773743515,-52.423492829478526,0,0.0,0.3,10
bayesfl_observability_v1,ola_sparse_bayesian_keep010_seed42,5,ola,global,,,layers.1.bias,db,43,-52.148587773743515,-51.59877766227349,-51.8736827180085,0,0.0,0.3,10
bayesfl_observability_v1,ola_sparse_bayesian_keep010_seed42,5,ola,global,,,layers.1.bias,db,44,-51.59877766227349,-51.048967550803475,-51.32387260653849,0,0.0,0.3,10
bayesfl_observability_v1,ola_sparse_bayesian_keep010_seed42,5,ola,global,,,layers.1.bias,db,45,-51.048967550803475,-50.49915743933346,-50.77406249506846,1,0.18188097656594931,0.4,10
bayesfl_observability_v1,ola_sparse_bayesian_keep010_seed42,5,ola,global,,,layers.1.bias,db,46,-50.49915743933346,-49.949347327863435,-50.22425238359845,1,0.18188097656594696,0.5,10
bayesfl_observability_v1,ola_sparse_bayesian_keep010_seed42,5,ola,global,,,layers.1.bias,db,47,-49.949347327863435,-49.39953721639342,-49.67444227212843,0,0.0,0.5,10
bayesfl_observability_v1,ola_sparse_bayesian_keep010_seed42,5,ola,global,,,layers.1.bias,db,48,-49.39953721639342,-48.8497271049234,-49.12463216065841,1,0.18188097656594931,0.6,10
bayesfl_observability_v1,ola_sparse_bayesian_keep010_seed42,5,ola,global,,,layers.1.bias,db,49,-48.8497271049234,-48.29991699345338,-48.57482204918839,0,0.0,0.6,10
bayesfl_observability_v1,ola_sparse_bayesian_keep010_seed42,5,ola,global,,,layers.1.bias,db,50,-48.29991699345338,-47.750106881983356,-48.02501193771837,0,0.0,0.6,10
bayesfl_observability_v1,ola_sparse_bayesian_keep010_seed42,5,ola,global,,,layers.1.bias,db,51,-47.750106881983356,-47.20029677051334,-47.47520182624835,0,0.0,0.6,10
bayesfl_observability_v1,ola_sparse_bayesian_keep010_seed42,5,ola,global,,,layers.1.bias,db,52,-47.20029677051334,-46.650486659043324,-46.92539171477833,0,0.0,0.6,10
bayesfl_observability_v1,ola_sparse_bayesian_keep010_seed42,5,ola,global,,,layers.1.bias,db,53,-46.650486659043324,-46.1006765475733,-46.37558160330831,0,0.0,0.6,10
bayesfl_observability_v1,ola_sparse_bayesian_keep010_seed42,5,ola,global,,,layers.1.bias,db,54,-46.1006765475733,-45.55086643610328,-45.82577149183829,0,0.0,0.6,10
bayesfl_observability_v1,ola_sparse_bayesian_keep010_seed42,5,ola,global,,,layers.1.bias,db,55,-45.55086643610328,-45.00105632463326,-45.27596138036827,0,0.0,0.6,10
bayesfl_observability_v1,ola_sparse_bayesian_keep010_seed42,5,ola,global,,,layers.1.bias,db,56,-45.00105632463326,-44.451246213163245,-44.72615126889825,0,0.0,0.6,10
bayesfl_observability_v1,ola_sparse_bayesian_keep010_seed42,5,ola,global,,,layers.1.bias,db,57,-44.451246213163245,-43.90143610169322,-44.17634115742823,1,0.18188097656594696,0.7,10
bayesfl_observability_v1,ola_sparse_bayesian_keep010_seed42,5,ola,global,,,layers.1.bias,db,58,-43.90143610169322,-43.3516259902232,-43.62653104595821,0,0.0,0.7,10
bayesfl_observability_v1,ola_sparse_bayesian_keep010_seed42,5,ola,global,,,layers.1.bias,db,59,-43.3516259902232,-42.80181587875318,-43.07672093448819,0,0.0,0.7,10
bayesfl_observability_v1,ola_sparse_bayesian_keep010_seed42,5,ola,global,,,layers.1.bias,db,60,-42.80181587875318,-42.25200576728316,-42.52691082301817,1,0.18188097656594696,0.8,10
bayesfl_observability_v1,ola_sparse_bayesian_keep010_seed42,5,ola,global,,,layers.1.bias,db,61,-42.25200576728316,-41.70219565581314,-41.97710071154815,0,0.0,0.8,10
bayesfl_observability_v1,ola_sparse_bayesian_keep010_seed42,5,ola,global,,,layers.1.bias,db,62,-41.70219565581314,-41.15238554434312,-41.42729060007813,0,0.0,0.8,10
bayesfl_observability_v1,ola_sparse_bayesian_keep010_seed42,5,ola,global,,,layers.1.bias,db,63,-41.15238554434312,-40.6025754328731,-40.877480488608114,1,0.18188097656594931,0.9,10
bayesfl_observability_v1,ola_sparse_bayesian_keep010_seed42,5,ola,global,,,layers.1.bias,db,64,-40.6025754328731,-40.052765321403086,-40.32767037713809,0,0.0,0.9,10
bayesfl_observability_v1,ola_sparse_bayesian_keep010_seed42,5,ola,global,,,layers.1.bias,db,65,-40.052765321403086,-39.50295520993306,-39.777860265668075,0,0.0,0.9,10
bayesfl_observability_v1,ola_sparse_bayesian_keep010_seed42,5,ola,global,,,layers.1.bias,db,66,-39.50295520993306,-38.95314509846305,-39.22805015419806,0,0.0,0.9,10
bayesfl_observability_v1,ola_sparse_bayesian_keep010_seed42,5,ola,global,,,layers.1.bias,db,67,-38.95314509846305,-38.40333498699302,-38.678240042728035,0,0.0,0.9,10
bayesfl_observability_v1,ola_sparse_bayesian_keep010_seed42,5,ola,global,,,layers.1.bias,db,68,-38.40333498699302,-37.85352487552301,-38.12842993125801,0,0.0,0.9,10
bayesfl_observability_v1,ola_sparse_bayesian_keep010_seed42,5,ola,global,,,layers.1.bias,db,69,-37.85352487552301,-37.303714764052984,-37.578619819787995,0,0.0,0.9,10
bayesfl_observability_v1,ola_sparse_bayesian_keep010_seed42,5,ola,global,,,layers.1.bias,db,70,-37.303714764052984,-36.75390465258297,-37.02880970831798,0,0.0,0.9,10
bayesfl_observability_v1,ola_sparse_bayesian_keep010_seed42,5,ola,global,,,layers.1.bias,db,71,-36.75390465258297,-36.204094541112944,-36.478999596847956,0,0.0,0.9,10
bayesfl_observability_v1,ola_sparse_bayesian_keep010_seed42,5,ola,global,,,layers.1.bias,db,72,-36.204094541112944,-35.65428442964293,-35.92918948537793,0,0.0,0.9,10
bayesfl_observability_v1,ola_sparse_bayesian_keep010_seed42,5,ola,global,,,layers.1.bias,db,73,-35.65428442964293,-35.104474318172905,-35.379379373907916,0,0.0,0.9,10
bayesfl_observability_v1,ola_sparse_bayesian_keep010_seed42,5,ola,global,,,layers.1.bias,db,74,-35.104474318172905,-34.55466420670289,-34.8295692624379,0,0.0,0.9,10
bayesfl_observability_v1,ola_sparse_bayesian_keep010_seed42,5,ola,global,,,layers.1.bias,db,75,-34.55466420670289,-34.004854095232865,-34.27975915096788,0,0.0,0.9,10
bayesfl_observability_v1,ola_sparse_bayesian_keep010_seed42,5,ola,global,,,layers.1.bias,db,76,-34.004854095232865,-33.45504398376285,-33.72994903949785,0,0.0,0.9,10
bayesfl_observability_v1,ola_sparse_bayesian_keep010_seed42,5,ola,global,,,layers.1.bias,db,77,-33.45504398376285,-32.905233872292825,-33.18013892802784,0,0.0,0.9,10
bayesfl_observability_v1,ola_sparse_bayesian_keep010_seed42,5,ola,global,,,layers.1.bias,db,78,-32.905233872292825,-32.35542376082281,-32.63032881655782,0,0.0,0.9,10
bayesfl_observability_v1,ola_sparse_bayesian_keep010_seed42,5,ola,global,,,layers.1.bias,db,79,-32.35542376082281,-31.805613649352786,-32.0805187050878,1,0.18188097656594696,1.0,10
bayesfl_observability_v1,ola_sparse_bayesian_keep010_seed42,10,ola,global,,,all,raw,0,1.1661136111430034e-08,0.0005747118577334753,0.00028736175943479335,49110,839.670342337805,0.4825587108185123,101770
bayesfl_observability_v1,ola_sparse_bayesian_keep010_seed42,10,ola,global,,,all,raw,1,0.0005747118577334753,0.0011494120543308391,0.0008620619560321572,46506,795.147809830217,0.9395303134519013,101770
bayesfl_observability_v1,ola_sparse_bayesian_keep010_seed42,10,ola,global,,,all,raw,2,0.0011494120543308391,0.001724112250928203,0.001436762152629521,5021,85.84778637503805,0.9888670531590842,101770
bayesfl_observability_v1,ola_sparse_bayesian_keep010_seed42,10,ola,global,,,all,raw,3,0.001724112250928203,0.002298812447525567,0.0020114623492268847,414,7.078467149823891,0.992935049621696,101770
bayesfl_observability_v1,ola_sparse_bayesian_keep010_seed42,10,ola,global,,,all,raw,4,0.002298812447525567,0.0028735126441229307,0.002586162545824249,146,2.4962710238509374,0.9943696570698635,101770
bayesfl_observability_v1,ola_sparse_bayesian_keep010_seed42,10,ola,global,,,all,raw,5,0.0028735126441229307,0.0034482128407202946,0.0031608627424216124,104,1.7781656608253251,0.9953915692247224,101770
bayesfl_observability_v1,ola_sparse_bayesian_keep010_seed42,10,ola,global,,,all,raw,6,0.0034482128407202946,0.004022913037317658,0.0037355629390189763,64,1.094255791277124,0.9960204382430972,101770
bayesfl_observability_v1,ola_sparse_bayesian_keep010_seed42,10,ola,global,,,all,raw,7,0.004022913037317658,0.004597613233915022,0.00431026313561634,72,1.2310377651867628,0.9967279158887687,101770
bayesfl_observability_v1,ola_sparse_bayesian_keep010_seed42,10,ola,global,,,all,raw,8,0.004597613233915022,0.005172313430512387,0.0048849633322137044,44,0.7523008565030217,0.9971602633389014,101770
bayesfl_observability_v1,ola_sparse_bayesian_keep010_seed42,10,ola,global,,,all,raw,9,0.005172313430512387,0.00574701362710975,0.005459663528811068,35,0.5984211358546772,0.9975041760833252,101770
bayesfl_observability_v1,ola_sparse_bayesian_keep010_seed42,10,ola,global,,,all,raw,10,0.00574701362710975,0.0063217138237071134,0.006034363725408432,36,0.6155188825933823,0.9978579149061609,101770
bayesfl_observability_v1,ola_sparse_bayesian_keep010_seed42,10,ola,global,,,all,raw,11,0.0063217138237071134,0.006896414020304478,0.006609063922005796,26,0.44454141520633095,0.9981133929448757,101770
bayesfl_observability_v1,ola_sparse_bayesian_keep010_seed42,10,ola,global,,,all,raw,12,0.006896414020304478,0.007471114216901842,0.00718376411860316,18,0.3077594412966907,0.9982902623562936,101770
bayesfl_observability_v1,ola_sparse_bayesian_keep010_seed42,10,ola,global,,,all,raw,13,0.007471114216901842,0.008045814413499205,0.007758464315200523,15,0.25646620108057594,0.9984376535324752,101770
bayesfl_observability_v1,ola_sparse_bayesian_keep010_seed42,10,ola,global,,,all,raw,14,0.008045814413499205,0.00862051461009657,0.008333164511797888,18,0.3077594412966907,0.9986145229438931,101770
bayesfl_observability_v1,ola_sparse_bayesian_keep010_seed42,10,ola,global,,,all,raw,15,0.00862051461009657,0.009195214806693934,0.008907864708395252,6,0.10258648043223022,0.9986734794143657,101770
bayesfl_observability_v1,ola_sparse_bayesian_keep010_seed42,10,ola,global,,,all,raw,16,0.009195214806693934,0.009769915003291298,0.009482564904992616,13,0.22227070760316547,0.998801218433723,101770
bayesfl_observability_v1,ola_sparse_bayesian_keep010_seed42,10,ola,global,,,all,raw,17,0.009769915003291298,0.010344615199888663,0.01005726510158998,9,0.15387972064834535,0.998889653139432,101770
bayesfl_observability_v1,ola_sparse_bayesian_keep010_seed42,10,ola,global,,,all,raw,18,0.010344615199888663,0.010919315396486025,0.010631965298187343,7,0.11968422717093562,0.9989584356883168,101770
bayesfl_observability_v1,ola_sparse_bayesian_keep010_seed42,10,ola,global,,,all,raw,19,0.010919315396486025,0.01149401559308339,0.011206665494784707,8,0.1367819739096403,0.9990370443156137,101770
bayesfl_observability_v1,ola_sparse_bayesian_keep010_seed42,10,ola,global,,,all,raw,20,0.01149401559308339,0.012068715789680754,0.011781365691382072,12,0.20517296086446044,0.9991549572565589,101770
bayesfl_observability_v1,ola_sparse_bayesian_keep010_seed42,10,ola,global,,,all,raw,21,0.012068715789680754,0.012643415986278116,0.012356065887979436,6,0.10258648043223052,0.9992139137270315,101770
bayesfl_observability_v1,ola_sparse_bayesian_keep010_seed42,10,ola,global,,,all,raw,22,0.012643415986278116,0.01321811618287548,0.012930766084576798,5,0.08548873369352519,0.9992630441190921,101770
bayesfl_observability_v1,ola_sparse_bayesian_keep010_seed42,10,ola,global,,,all,raw,23,0.01321811618287548,0.013792816379472845,0.013505466281174163,2,0.03419549347741008,0.9992826962759163,101770
bayesfl_observability_v1,ola_sparse_bayesian_keep010_seed42,10,ola,global,,,all,raw,24,0.013792816379472845,0.01436751657607021,0.014080166477771527,4,0.06839098695482015,0.9993220005895647,101770
bayesfl_observability_v1,ola_sparse_bayesian_keep010_seed42,10,ola,global,,,all,raw,25,0.01436751657607021,0.014942216772667574,0.014654866674368891,6,0.10258648043223022,0.9993809570600374,101770
bayesfl_observability_v1,ola_sparse_bayesian_keep010_seed42,10,ola,global,,,all,raw,26,0.014942216772667574,0.015516916969264936,0.015229566870966254,3,0.05129324021611526,0.9994104352952736,101770
bayesfl_observability_v1,ola_sparse_bayesian_keep010_seed42,10,ola,global,,,all,raw,27,0.015516916969264936,0.0160916171658623,0.015804267067563618,2,0.034195493477410174,0.9994300874520978,101770
bayesfl_observability_v1,ola_sparse_bayesian_keep010_seed42,10,ola,global,,,all,raw,28,0.0160916171658623,0.016666317362459663,0.01637896726416098,4,0.06839098695482015,0.9994693917657463,101770
bayesfl_observability_v1,ola_sparse_bayesian_keep010_seed42,10,ola,global,,,all,raw,29,0.016666317362459663,0.017241017559057027,0.016953667460758347,5,0.08548873369352519,0.9995185221578068,101770
bayesfl_observability_v1,ola_sparse_bayesian_keep010_seed42,10,ola,global,,,all,raw,30,0.017241017559057027,0.01781571775565439,0.017528367657355708,4,0.06839098695482015,0.9995578264714552,101770
bayesfl_observability_v1,ola_sparse_bayesian_keep010_seed42,10,ola,global,,,all,raw,31,0.01781571775565439,0.018390417952251756,0.018103067853953075,3,0.05129324021611511,0.9995873047066915,101770
bayesfl_observability_v1,ola_sparse_bayesian_keep010_seed42,10,ola,global,,,all,raw,32,0.018390417952251756,0.01896511814884912,0.018677768050550436,7,0.11968422717093526,0.9996560872555763,101770
bayesfl_observability_v1,ola_sparse_bayesian_keep010_seed42,10,ola,global,,,all,raw,33,0.01896511814884912,0.019539818345446484,0.019252468247147804,2,0.03419549347741008,0.9996757394124005,101770
bayesfl_observability_v1,ola_sparse_bayesian_keep010_seed42,10,ola,global,,,all,raw,34,0.019539818345446484,0.02011451854204385,0.019827168443745165,1,0.01709774673870504,0.9996855654908127,101770
bayesfl_observability_v1,ola_sparse_bayesian_keep010_seed42,10,ola,global,,,all,raw,35,0.02011451854204385,0.020689218738641213,0.020401868640342533,2,0.03419549347741008,0.9997052176476369,101770
bayesfl_observability_v1,ola_sparse_bayesian_keep010_seed42,10,ola,global,,,all,raw,36,0.020689218738641213,0.021263918935238574,0.020976568836939893,4,0.06839098695482056,0.9997445219612853,101770
bayesfl_observability_v1,ola_sparse_bayesian_keep010_seed42,10,ola,global,,,all,raw,37,0.021263918935238574,0.021838619131835938,0.021551269033537254,1,0.01709774673870504,0.9997543480396973,101770
bayesfl_observability_v1,ola_sparse_bayesian_keep010_seed42,10,ola,global,,,all,raw,38,0.021838619131835938,0.022413319328433302,0.022125969230134622,1,0.01709774673870504,0.9997641741181095,101770
bayesfl_observability_v1,ola_sparse_bayesian_keep010_seed42,10,ola,global,,,all,raw,39,0.022413319328433302,0.022988019525030667,0.022700669426731983,1,0.01709774673870504,0.9997740001965215,101770
bayesfl_observability_v1,ola_sparse_bayesian_keep010_seed42,10,ola,global,,,all,raw,40,0.022988019525030667,0.02356271972162803,0.02327536962332935,0,0.0,0.9997740001965215,101770
bayesfl_observability_v1,ola_sparse_bayesian_keep010_seed42,10,ola,global,,,all,raw,41,0.02356271972162803,0.024137419918225395,0.02385006981992671,3,0.05129324021611511,0.9998034784317579,101770
bayesfl_observability_v1,ola_sparse_bayesian_keep010_seed42,10,ola,global,,,all,raw,42,0.024137419918225395,0.02471212011482276,0.02442477001652408,0,0.0,0.9998034784317579,101770
bayesfl_observability_v1,ola_sparse_bayesian_keep010_seed42,10,ola,global,,,all,raw,43,0.02471212011482276,0.02528682031142012,0.02499947021312144,0,0.0,0.9998034784317579,101770
bayesfl_observability_v1,ola_sparse_bayesian_keep010_seed42,10,ola,global,,,all,raw,44,0.02528682031142012,0.025861520508017485,0.0255741704097188,2,0.03419549347741008,0.9998231305885821,101770
bayesfl_observability_v1,ola_sparse_bayesian_keep010_seed42,10,ola,global,,,all,raw,45,0.025861520508017485,0.02643622070461485,0.02614887060631617,1,0.01709774673870504,0.9998329566669942,101770
bayesfl_observability_v1,ola_sparse_bayesian_keep010_seed42,10,ola,global,,,all,raw,46,0.02643622070461485,0.027010920901212213,0.02672357080291353,0,0.0,0.9998329566669942,101770
bayesfl_observability_v1,ola_sparse_bayesian_keep010_seed42,10,ola,global,,,all,raw,47,0.027010920901212213,0.027585621097809578,0.027298270999510897,2,0.03419549347741008,0.9998526088238184,101770
bayesfl_observability_v1,ola_sparse_bayesian_keep010_seed42,10,ola,global,,,all,raw,48,0.027585621097809578,0.028160321294406942,0.027872971196108258,0,0.0,0.9998526088238184,101770
bayesfl_observability_v1,ola_sparse_bayesian_keep010_seed42,10,ola,global,,,all,raw,49,0.028160321294406942,0.028735021491004306,0.028447671392705626,1,0.01709774673870504,0.9998624349022305,101770
bayesfl_observability_v1,ola_sparse_bayesian_keep010_seed42,10,ola,global,,,all,raw,50,0.028735021491004306,0.02930972168760167,0.029022371589302987,1,0.01709774673870504,0.9998722609806426,101770
bayesfl_observability_v1,ola_sparse_bayesian_keep010_seed42,10,ola,global,,,all,raw,51,0.02930972168760167,0.029884421884199035,0.029597071785900354,2,0.03419549347741008,0.9998919131374668,101770
bayesfl_observability_v1,ola_sparse_bayesian_keep010_seed42,10,ola,global,,,all,raw,52,0.029884421884199035,0.030459122080796396,0.030171771982497715,1,0.01709774673870514,0.999901739215879,101770
bayesfl_observability_v1,ola_sparse_bayesian_keep010_seed42,10,ola,global,,,all,raw,53,0.030459122080796396,0.03103382227739376,0.030746472179095076,0,0.0,0.999901739215879,101770
bayesfl_observability_v1,ola_sparse_bayesian_keep010_seed42,10,ola,global,,,all,raw,54,0.03103382227739376,0.031608522473991124,0.031321172375692444,1,0.01709774673870504,0.999911565294291,101770
bayesfl_observability_v1,ola_sparse_bayesian_keep010_seed42,10,ola,global,,,all,raw,55,0.031608522473991124,0.032183222670588485,0.031895872572289805,0,0.0,0.999911565294291,101770
bayesfl_observability_v1,ola_sparse_bayesian_keep010_seed42,10,ola,global,,,all,raw,56,0.032183222670588485,0.03275792286718585,0.032470572768887165,0,0.0,0.999911565294291,101770
bayesfl_observability_v1,ola_sparse_bayesian_keep010_seed42,10,ola,global,,,all,raw,57,0.03275792286718585,0.033332623063783214,0.03304527296548453,0,0.0,0.999911565294291,101770
bayesfl_observability_v1,ola_sparse_bayesian_keep010_seed42,10,ola,global,,,all,raw,58,0.033332623063783214,0.03390732326038058,0.0336199731620819,0,0.0,0.999911565294291,101770
bayesfl_observability_v1,ola_sparse_bayesian_keep010_seed42,10,ola,global,,,all,raw,59,0.03390732326038058,0.03448202345697794,0.03419467335867926,1,0.01709774673870514,0.9999213913727032,101770
bayesfl_observability_v1,ola_sparse_bayesian_keep010_seed42,10,ola,global,,,all,raw,60,0.03448202345697794,0.03505672365357531,0.03476937355527662,0,0.0,0.9999213913727032,101770
bayesfl_observability_v1,ola_sparse_bayesian_keep010_seed42,10,ola,global,,,all,raw,61,0.03505672365357531,0.03563142385017267,0.03534407375187399,1,0.01709774673870514,0.9999312174511152,101770
bayesfl_observability_v1,ola_sparse_bayesian_keep010_seed42,10,ola,global,,,all,raw,62,0.03563142385017267,0.03620612404677004,0.03591877394847136,0,0.0,0.9999312174511152,101770
bayesfl_observability_v1,ola_sparse_bayesian_keep010_seed42,10,ola,global,,,all,raw,63,0.03620612404677004,0.0367808242433674,0.03649347414506872,0,0.0,0.9999312174511152,101770
bayesfl_observability_v1,ola_sparse_bayesian_keep010_seed42,10,ola,global,,,all,raw,64,0.0367808242433674,0.03735552443996476,0.03706817434166608,0,0.0,0.9999312174511152,101770
bayesfl_observability_v1,ola_sparse_bayesian_keep010_seed42,10,ola,global,,,all,raw,65,0.03735552443996476,0.03793022463656213,0.03764287453826344,2,0.03419549347740987,0.9999508696079394,101770
bayesfl_observability_v1,ola_sparse_bayesian_keep010_seed42,10,ola,global,,,all,raw,66,0.03793022463656213,0.03850492483315949,0.03821757473486081,0,0.0,0.9999508696079394,101770
bayesfl_observability_v1,ola_sparse_bayesian_keep010_seed42,10,ola,global,,,all,raw,67,0.03850492483315949,0.039079625029756856,0.038792274931458176,0,0.0,0.9999508696079394,101770
bayesfl_observability_v1,ola_sparse_bayesian_keep010_seed42,10,ola,global,,,all,raw,68,0.039079625029756856,0.03965432522635422,0.03936697512805554,1,0.01709774673870514,0.9999606956863516,101770
bayesfl_observability_v1,ola_sparse_bayesian_keep010_seed42,10,ola,global,,,all,raw,69,0.03965432522635422,0.040229025422951585,0.0399416753246529,0,0.0,0.9999606956863516,101770
bayesfl_observability_v1,ola_sparse_bayesian_keep010_seed42,10,ola,global,,,all,raw,70,0.040229025422951585,0.040803725619548946,0.040516375521250265,0,0.0,0.9999606956863516,101770
bayesfl_observability_v1,ola_sparse_bayesian_keep010_seed42,10,ola,global,,,all,raw,71,0.040803725619548946,0.041378425816146314,0.04109107571784763,0,0.0,0.9999606956863516,101770
bayesfl_observability_v1,ola_sparse_bayesian_keep010_seed42,10,ola,global,,,all,raw,72,0.041378425816146314,0.041953126012743674,0.041665775914444994,0,0.0,0.9999606956863516,101770
bayesfl_observability_v1,ola_sparse_bayesian_keep010_seed42,10,ola,global,,,all,raw,73,0.041953126012743674,0.042527826209341035,0.042240476111042355,1,0.01709774673870514,0.9999705217647636,101770
bayesfl_observability_v1,ola_sparse_bayesian_keep010_seed42,10,ola,global,,,all,raw,74,0.042527826209341035,0.0431025264059384,0.042815176307639716,0,0.0,0.9999705217647636,101770
bayesfl_observability_v1,ola_sparse_bayesian_keep010_seed42,10,ola,global,,,all,raw,75,0.0431025264059384,0.043677226602535764,0.043389876504237083,0,0.0,0.9999705217647636,101770
bayesfl_observability_v1,ola_sparse_bayesian_keep010_seed42,10,ola,global,,,all,raw,76,0.043677226602535764,0.04425192679913313,0.04396457670083445,1,0.017097746738704934,0.9999803478431758,101770
bayesfl_observability_v1,ola_sparse_bayesian_keep010_seed42,10,ola,global,,,all,raw,77,0.04425192679913313,0.04482662699573049,0.04453927689743181,1,0.01709774673870514,0.9999901739215878,101770
bayesfl_observability_v1,ola_sparse_bayesian_keep010_seed42,10,ola,global,,,all,raw,78,0.04482662699573049,0.04540132719232786,0.04511397709402917,0,0.0,0.9999901739215878,101770
bayesfl_observability_v1,ola_sparse_bayesian_keep010_seed42,10,ola,global,,,all,raw,79,0.04540132719232786,0.04597602738892522,0.04568867729062654,1,0.01709774673870514,1.0,101770
bayesfl_observability_v1,ola_sparse_bayesian_keep010_seed42,10,ola,global,,,all,db,0,-158.66443788272406,-157.01549954847653,-157.8399687156003,1,5.959033281004842e-06,9.826078412105729e-06,101770
bayesfl_observability_v1,ola_sparse_bayesian_keep010_seed42,10,ola,global,,,all,db,1,-157.01549954847653,-155.36656121422902,-156.1910303813528,1,5.959033281004943e-06,1.9652156824211458e-05,101770
bayesfl_observability_v1,ola_sparse_bayesian_keep010_seed42,10,ola,global,,,all,db,2,-155.36656121422902,-153.7176228799815,-154.54209204710526,0,0.0,1.9652156824211458e-05,101770
bayesfl_observability_v1,ola_sparse_bayesian_keep010_seed42,10,ola,global,,,all,db,3,-153.7176228799815,-152.06868454573396,-152.89315371285772,0,0.0,1.9652156824211458e-05,101770
bayesfl_observability_v1,ola_sparse_bayesian_keep010_seed42,10,ola,global,,,all,db,4,-152.06868454573396,-150.41974621148645,-151.2442153786102,0,0.0,1.9652156824211458e-05,101770
bayesfl_observability_v1,ola_sparse_bayesian_keep010_seed42,10,ola,global,,,all,db,5,-150.41974621148645,-148.77080787723892,-149.5952770443627,0,0.0,1.9652156824211458e-05,101770
bayesfl_observability_v1,ola_sparse_bayesian_keep010_seed42,10,ola,global,,,all,db,6,-148.77080787723892,-147.1218695429914,-147.94633871011516,1,5.959033281004842e-06,2.9478235236317185e-05,101770
bayesfl_observability_v1,ola_sparse_bayesian_keep010_seed42,10,ola,global,,,all,db,7,-147.1218695429914,-145.4729312087439,-146.29740037586765,0,0.0,2.9478235236317185e-05,101770
bayesfl_observability_v1,ola_sparse_bayesian_keep010_seed42,10,ola,global,,,all,db,8,-145.4729312087439,-143.82399287449635,-144.64846204162012,2,1.1918066562009683e-05,4.913039206052864e-05,101770
bayesfl_observability_v1,ola_sparse_bayesian_keep010_seed42,10,ola,global,,,all,db,9,-143.82399287449635,-142.17505454024882,-142.9995237073726,1,5.959033281004842e-06,5.895647047263437e-05,101770
bayesfl_observability_v1,ola_sparse_bayesian_keep010_seed42,10,ola,global,,,all,db,10,-142.17505454024882,-140.52611620600132,-141.35058537312506,0,0.0,5.895647047263437e-05,101770
bayesfl_observability_v1,ola_sparse_bayesian_keep010_seed42,10,ola,global,,,all,db,11,-140.52611620600132,-138.8771778717538,-139.70164703887755,1,5.959033281004842e-06,6.87825488847401e-05,101770
bayesfl_observability_v1,ola_sparse_bayesian_keep010_seed42,10,ola,global,,,all,db,12,-138.8771778717538,-137.22823953750625,-138.05270870463002,3,1.7877099843014524e-05,9.826078412105728e-05,101770
bayesfl_observability_v1,ola_sparse_bayesian_keep010_seed42,10,ola,global,,,all,db,13,-137.22823953750625,-135.57930120325875,-136.40377037038252,3,1.787709984301483e-05,0.00012773901935737446,101770
bayesfl_observability_v1,ola_sparse_bayesian_keep010_seed42,10,ola,global,,,all,db,14,-135.57930120325875,-133.93036286901122,-134.75483203613499,1,5.959033281004842e-06,0.0001375650977694802,101770
bayesfl_observability_v1,ola_sparse_bayesian_keep010_seed42,10,ola,global,,,all,db,15,-133.93036286901122,-132.2814245347637,-133.10589370188745,7,4.171323296703389e-05,0.0002063476466542203,101770
bayesfl_observability_v1,ola_sparse_bayesian_keep010_seed42,10,ola,global,,,all,db,16,-132.2814245347637,-130.63248620051618,-131.45695536763992,3,1.787709984301483e-05,0.00023582588189053748,101770
bayesfl_observability_v1,ola_sparse_bayesian_keep010_seed42,10,ola,global,,,all,db,17,-130.63248620051618,-128.98354786626865,-129.80801703339242,3,1.7877099843014524e-05,0.00026530411712685466,101770
bayesfl_observability_v1,ola_sparse_bayesian_keep010_seed42,10,ola,global,,,all,db,18,-128.98354786626865,-127.33460953202113,-128.15907869914489,6,3.575419968602936e-05,0.000324260587599489,101770
bayesfl_observability_v1,ola_sparse_bayesian_keep010_seed42,10,ola,global,,,all,db,19,-127.33460953202113,-125.68567119777362,-126.51014036489738,7,4.171323296703425e-05,0.0003930431364842291,101770
bayesfl_observability_v1,ola_sparse_bayesian_keep010_seed42,10,ola,global,,,all,db,20,-125.68567119777362,-124.03673286352608,-124.86120203064985,8,4.767226624803873e-05,0.00047165176378107497,101770
bayesfl_observability_v1,ola_sparse_bayesian_keep010_seed42,10,ola,global,,,all,db,21,-124.03673286352608,-122.38779452927857,-123.21226369640232,15,8.93854992150734e-05,0.0006190429399626609,101770
bayesfl_observability_v1,ola_sparse_bayesian_keep010_seed42,10,ola,global,,,all,db,22,-122.38779452927857,-120.73885619503105,-121.56332536215481,14,8.34264659340685e-05,0.0007566080377321411,101770
bayesfl_observability_v1,ola_sparse_bayesian_keep010_seed42,10,ola,global,,,all,db,23,-120.73885619503105,-119.08991786078352,-119.91438702790728,13,7.746743265306293e-05,0.0008843470570895156,101770
bayesfl_observability_v1,ola_sparse_bayesian_keep010_seed42,10,ola,global,,,all,db,24,-119.08991786078352,-117.440979526536,-118.26544869365975,20,0.00011918066562009785,0.0010808686253316302,101770
bayesfl_observability_v1,ola_sparse_bayesian_keep010_seed42,10,ola,global,,,all,db,25,-117.440979526536,-115.79204119228848,-116.61651035941225,23,0.00013705776546311255,0.001306868428810062,101770
bayesfl_observability_v1,ola_sparse_bayesian_keep010_seed42,10,ola,global,,,all,db,26,-115.79204119228848,-114.14310285804095,-114.96757202516471,18,0.00010726259905808714,0.001483737840227965,101770
bayesfl_observability_v1,ola_sparse_bayesian_keep010_seed42,10,ola,global,,,all,db,27,-114.14310285804095,-112.49416452379343,-113.31863369091718,35,0.00020856616483517126,0.0018276505846516655,101770
bayesfl_observability_v1,ola_sparse_bayesian_keep010_seed42,10,ola,global,,,all,db,28,-112.49416452379343,-110.84522618954591,-111.66969535666968,43,0.0002562384310832104,0.002250171956372212,101770
bayesfl_observability_v1,ola_sparse_bayesian_keep010_seed42,10,ola,global,,,all,db,29,-110.84522618954591,-109.19628785529838,-110.02075702242215,59,0.0003515829635792856,0.00282991058268645,101770
bayesfl_observability_v1,ola_sparse_bayesian_keep010_seed42,10,ola,global,,,all,db,30,-109.19628785529838,-107.54734952105086,-108.37181868817461,57,0.0003396648970172789,0.0033899970521764763,101770
bayesfl_observability_v1,ola_sparse_bayesian_keep010_seed42,10,ola,global,,,all,db,31,-107.54734952105086,-105.89841118680334,-106.72288035392711,79,0.0004707636291993865,0.004166257246732829,101770
bayesfl_observability_v1,ola_sparse_bayesian_keep010_seed42,10,ola,global,,,all,db,32,-105.89841118680334,-104.24947285255581,-105.07394201967958,96,0.0005720671949764648,0.005109560774294979,101770
bayesfl_observability_v1,ola_sparse_bayesian_keep010_seed42,10,ola,global,,,all,db,33,-104.24947285255581,-102.6005345183083,-103.42500368543205,100,0.0005959033281004893,0.006092168615505552,101770
bayesfl_observability_v1,ola_sparse_bayesian_keep010_seed42,10,ola,global,,,all,db,34,-102.6005345183083,-100.95159618406078,-101.77606535118454,127,0.0007567972266876214,0.007340080573842979,101770
bayesfl_observability_v1,ola_sparse_bayesian_keep010_seed42,10,ola,global,,,all,db,35,-100.95159618406078,-99.30265784981324,-100.12712701693701,165,0.0009832404913657988,0.008961383511840424,101770
bayesfl_observability_v1,ola_sparse_bayesian_keep010_seed42,10,ola,global,,,all,db,36,-99.30265784981324,-97.65371951556573,-98.47818868268948,192,0.0011441343899529395,0.010847990566964725,101770
bayesfl_observability_v1,ola_sparse_bayesian_keep010_seed42,10,ola,global,,,all,db,37,-97.65371951556573,-96.00478118131821,-96.82925034844197,250,0.0014897583202512232,0.013304510169991157,101770
bayesfl_observability_v1,ola_sparse_bayesian_keep010_seed42,10,ola,global,,,all,db,38,-96.00478118131821,-94.35584284707068,-95.18031201419444,291,0.0017340786847724087,0.016163898987913924,101770
bayesfl_observability_v1,ola_sparse_bayesian_keep010_seed42,10,ola,global,,,all,db,39,-94.35584284707068,-92.70690451282316,-93.53137367994691,340,0.0020260713155416635,0.01950476564802987,101770
bayesfl_observability_v1,ola_sparse_bayesian_keep010_seed42,10,ola,global,,,all,db,40,-92.70690451282316,-91.05796617857564,-91.8824353456994,411,0.002449162678493011,0.023543283875405326,101770
bayesfl_observability_v1,ola_sparse_bayesian_keep010_seed42,10,ola,global,,,all,db,41,-91.05796617857564,-89.40902784432811,-90.23349701145187,487,0.002902049207849358,0.028328584062100814,101770
bayesfl_observability_v1,ola_sparse_bayesian_keep010_seed42,10,ola,global,,,all,db,42,-89.40902784432811,-87.76008951008059,-88.58455867720434,592,0.0035277477023548964,0.03414562248206741,101770
bayesfl_observability_v1,ola_sparse_bayesian_keep010_seed42,10,ola,global,,,all,db,43,-87.76008951008059,-86.11115117583307,-86.93562034295684,732,0.004362012361695582,0.0413383118797288,101770
bayesfl_observability_v1,ola_sparse_bayesian_keep010_seed42,10,ola,global,,,all,db,44,-86.11115117583307,-84.46221284158554,-85.2866820087093,854,0.005089014421978134,0.049729782843667095,101770
bayesfl_observability_v1,ola_sparse_bayesian_keep010_seed42,10,ola,global,,,all,db,45,-84.46221284158554,-82.81327450733802,-83.63774367446177,1076,0.0064119198103612645,0.060302643215092856,101770
bayesfl_observability_v1,ola_sparse_bayesian_keep010_seed42,10,ola,global,,,all,db,46,-82.81327450733802,-81.1643361730905,-81.98880534021427,1237,0.007371324168603053,0.07245750221086764,101770
bayesfl_observability_v1,ola_sparse_bayesian_keep010_seed42,10,ola,global,,,all,db,47,-81.1643361730905,-79.51539783884297,-80.33986700596674,1512,0.00901005832087932,0.0873145327699715,101770
bayesfl_observability_v1,ola_sparse_bayesian_keep010_seed42,10,ola,global,,,all,db,48,-79.51539783884297,-77.86645950459545,-78.6909286717192,1893,0.011280450000942263,0.10591529920408765,101770
bayesfl_observability_v1,ola_sparse_bayesian_keep010_seed42,10,ola,global,,,all,db,49,-77.86645950459545,-76.21752117034794,-77.0419903374717,2248,0.013395906815698999,0.12800432347450133,101770
bayesfl_observability_v1,ola_sparse_bayesian_keep010_seed42,10,ola,global,,,all,db,50,-76.21752117034794,-74.5685828361004,-75.39305200322417,2751,0.016393300556044318,0.15503586518620419,101770
bayesfl_observability_v1,ola_sparse_bayesian_keep010_seed42,10,ola,global,,,all,db,51,-74.5685828361004,-72.91964450185289,-73.74411366897664,3266,0.01946220269576198,0.18712783728014148,101770
bayesfl_observability_v1,ola_sparse_bayesian_keep010_seed42,10,ola,global,,,all,db,52,-72.91964450185289,-71.27070616760537,-72.09517533472913,4181,0.024914718147881456,0.22821067112115553,101770
bayesfl_observability_v1,ola_sparse_bayesian_keep010_seed42,10,ola,global,,,all,db,53,-71.27070616760537,-69.62176783335784,-70.4462370004816,4998,0.029783248338462198,0.27732141102485997,101770
bayesfl_observability_v1,ola_sparse_bayesian_keep010_seed42,10,ola,global,,,all,db,54,-69.62176783335784,-67.97282949911032,-68.79729866623407,5815,0.03465177852904345,0.3344600569912548,101770
bayesfl_observability_v1,ola_sparse_bayesian_keep010_seed42,10,ola,global,,,all,db,55,-67.97282949911032,-66.3238911648628,-67.14836033198657,7242,0.04315531902103743,0.40562051685172446,101770
bayesfl_observability_v1,ola_sparse_bayesian_keep010_seed42,10,ola,global,,,all,db,56,-66.3238911648628,-64.67495283061527,-65.49942199773903,8615,0.051337071715856705,0.4902721823720153,101770
bayesfl_observability_v1,ola_sparse_bayesian_keep010_seed42,10,ola,global,,,all,db,57,-64.67495283061527,-63.02601449636775,-63.85048366349151,10398,0.06196202805588888,0.5924437457010907,101770
bayesfl_observability_v1,ola_sparse_bayesian_keep010_seed42,10,ola,global,,,all,db,58,-63.02601449636775,-61.37707616212023,-62.20154532924399,12398,0.07388009461789866,0.7142674658543775,101770
bayesfl_observability_v1,ola_sparse_bayesian_keep010_seed42,10,ola,global,,,all,db,59,-61.37707616212023,-59.7281378278727,-60.55260699499647,15127,0.09014229644176024,0.8629065539943008,101770
bayesfl_observability_v1,ola_sparse_bayesian_keep010_seed42,10,ola,global,,,all,db,60,-59.7281378278727,-58.07919949362518,-58.90366866074894,10532,0.06276053851554353,0.9663948118305984,101770
bayesfl_observability_v1,ola_sparse_bayesian_keep010_seed42,10,ola,global,,,all,db,61,-58.07919949362518,-56.430261159377665,-57.254730326501424,1786,0.010642833439874738,0.9839441878746192,101770
bayesfl_observability_v1,ola_sparse_bayesian_keep010_seed42,10,ola,global,,,all,db,62,-56.430261159377665,-54.78132282513013,-55.6057919922539,629,0.003748231933752045,0.9901247911958337,101770
bayesfl_observability_v1,ola_sparse_bayesian_keep010_seed42,10,ola,global,,,all,db,63,-54.78132282513013,-53.132384490882615,-53.956853658006374,251,0.0014957173535322282,0.9925911368772723,101770
bayesfl_observability_v1,ola_sparse_bayesian_keep010_seed42,10,ola,global,,,all,db,64,-53.132384490882615,-51.4834461566351,-52.307915323758856,139,0.0008283056260596801,0.993956961776555,101770
bayesfl_observability_v1,ola_sparse_bayesian_keep010_seed42,10,ola,global,,,all,db,65,-51.4834461566351,-49.834507822387565,-50.65897698951133,112,0.0006674117274725422,0.9950574825587108,101770
bayesfl_observability_v1,ola_sparse_bayesian_keep010_seed42,10,ola,global,,,all,db,66,-49.834507822387565,-48.18556948814005,-49.010038655263806,84,0.000500558795604411,0.9958828731453278,101770
bayesfl_observability_v1,ola_sparse_bayesian_keep010_seed42,10,ola,global,,,all,db,67,-48.18556948814005,-46.53663115389253,-47.36110032101629,96,0.0005720671949764698,0.9968261766728899,101770
bayesfl_observability_v1,ola_sparse_bayesian_keep010_seed42,10,ola,global,,,all,db,68,-46.53663115389253,-44.887692819645,-45.71216198676876,66,0.00039329619654631954,0.9974746978480888,101770
bayesfl_observability_v1,ola_sparse_bayesian_keep010_seed42,10,ola,global,,,all,db,69,-44.887692819645,-43.23875448539748,-44.06322365252124,63,0.0003754190967033083,0.9980937407880515,101770
bayesfl_observability_v1,ola_sparse_bayesian_keep010_seed42,10,ola,global,,,all,db,70,-43.23875448539748,-41.58981615114996,-42.41428531827372,42,0.0002502793978022055,0.9985064360813599,101770
bayesfl_observability_v1,ola_sparse_bayesian_keep010_seed42,10,ola,global,,,all,db,71,-41.58981615114996,-39.94087781690243,-40.765346984026195,36,0.0002145251981161743,0.9988601749041958,101770
bayesfl_observability_v1,ola_sparse_bayesian_keep010_seed42,10,ola,global,,,all,db,72,-39.94087781690243,-38.29193948265491,-39.11640864977867,31,0.0001847300317111517,0.999164783334971,101770
bayesfl_observability_v1,ola_sparse_bayesian_keep010_seed42,10,ola,global,,,all,db,73,-38.29193948265491,-36.64300114840739,-37.46747031553115,20,0.00011918066562009785,0.9993613049032132,101770
bayesfl_observability_v1,ola_sparse_bayesian_keep010_seed42,10,ola,global,,,all,db,74,-36.64300114840739,-34.99406281415986,-35.81853198128363,20,0.00011918066562009682,0.9995578264714552,101770
bayesfl_observability_v1,ola_sparse_bayesian_keep010_seed42,10,ola,global,,,all,db,75,-34.99406281415986,-33.34512447991234,-34.1695936470361,20,0.00011918066562009785,0.9997543480396973,101770
bayesfl_observability_v1,ola_sparse_bayesian_keep010_seed42,10,ola,global,,,all,db,76,-33.34512447991234,-31.696186145664825,-32.520655312788584,7,4.171323296703425e-05,0.9998231305885821,101770
bayesfl_observability_v1,ola_sparse_bayesian_keep010_seed42,10,ola,global,,,all,db,77,-31.696186145664825,-30.047247811417293,-30.87171697854106,8,4.767226624803873e-05,0.999901739215879,101770
bayesfl_observability_v1,ola_sparse_bayesian_keep010_seed42,10,ola,global,,,all,db,78,-30.047247811417293,-28.39830947716979,-29.22277864429354,5,2.9795166405024717e-05,0.9999508696079394,101770
bayesfl_observability_v1,ola_sparse_bayesian_keep010_seed42,10,ola,global,,,all,db,79,-28.39830947716979,-26.749371142922254,-27.573840310046023,5,2.9795166405024138e-05,1.0,101770
bayesfl_observability_v1,ola_sparse_bayesian_keep010_seed42,10,ola,global,,,layers.0.weight,raw,0,1.1661136111430034e-08,3.7873298665154614e-05,1.8942479900633022e-05,3187,838.7965542319043,0.03175821109693878,100352
bayesfl_observability_v1,ola_sparse_bayesian_keep010_seed42,10,ola,global,,,layers.0.weight,raw,1,3.7873298665154614e-05,7.57349361941978e-05,5.6804117429676206e-05,3179,836.6910090691007,0.06343670280612244,100352
bayesfl_observability_v1,ola_sparse_bayesian_keep010_seed42,10,ola,global,,,layers.0.weight,raw,2,7.57349361941978e-05,0.00011359657372324098,9.466575495871939e-05,3156,830.6375667260402,0.09488600127551021,100352
bayesfl_observability_v1,ola_sparse_bayesian_keep010_seed42,10,ola,global,,,layers.0.weight,raw,3,0.00011359657372324098,0.00015145821125228415,0.00013252739248776257,3155,830.3743735806901,0.12632533482142858,100352
bayesfl_observability_v1,ola_sparse_bayesian_keep010_seed42,10,ola,global,,,layers.0.weight,raw,4,0.00015145821125228415,0.00018931984878132734,0.00017038903001680573,3219,847.2187348831189,0.15840242346938777,100352
bayesfl_observability_v1,ola_sparse_bayesian_keep010_seed42,10,ola,global,,,layers.0.weight,raw,5,0.00018931984878132734,0.00022718148631037052,0.00020825066754584894,3171,834.585463906297,0.1900011957908163,100352
bayesfl_observability_v1,ola_sparse_bayesian_keep010_seed42,10,ola,global,,,layers.0.weight,raw,6,0.00022718148631037052,0.00026504312383941373,0.00024611230507489215,3320,873.8012425635144,0.2230847417091837,100352
bayesfl_observability_v1,ola_sparse_bayesian_keep010_seed42,10,ola,global,,,layers.0.weight,raw,7,0.00026504312383941373,0.0003029047613684569,0.0002839739426039353,3315,872.4852768367634,0.2561184630102041,100352
bayesfl_observability_v1,ola_sparse_bayesian_keep010_seed42,10,ola,global,,,layers.0.weight,raw,8,0.0003029047613684569,0.00034076639889750004,0.00032183558013297846,3257,857.2200744064369,0.28857421875,100352
bayesfl_observability_v1,ola_sparse_bayesian_keep010_seed42,10,ola,global,,,layers.0.weight,raw,9,0.00034076639889750004,0.00037862803642654325,0.0003596972176620216,3091,813.53001227826,0.31937579719387754,100352
bayesfl_observability_v1,ola_sparse_bayesian_keep010_seed42,10,ola,global,,,layers.0.weight,raw,10,0.00037862803642654325,0.00041648967395558646,0.0003975588551910649,3321,874.0644357088648,0.3524693080357143,100352
bayesfl_observability_v1,ola_sparse_bayesian_keep010_seed42,10,ola,global,,,layers.0.weight,raw,11,0.00041648967395558646,0.0004543513114846296,0.00043542049272010804,3226,849.0610869005727,0.38461615114795916,100352
bayesfl_observability_v1,ola_sparse_bayesian_keep010_seed42,10,ola,global,,,layers.0.weight,raw,12,0.0004543513114846296,0.0004922129490136728,0.0004732821302491512,3291,866.1686413483524,0.4174107142857143,100352
bayesfl_observability_v1,ola_sparse_bayesian_keep010_seed42,10,ola,global,,,layers.0.weight,raw,13,0.0004922129490136728,0.000530074586542716,0.0005111437677781945,3197,841.4284856854072,0.4492685746173469,100352
bayesfl_observability_v1,ola_sparse_bayesian_keep010_seed42,10,ola,global,,,layers.0.weight,raw,14,0.000530074586542716,0.0005679362240717592,0.0005490054053072376,3281,863.5367098948478,0.48196348852040816,100352
bayesfl_observability_v1,ola_sparse_bayesian_keep010_seed42,10,ola,global,,,layers.0.weight,raw,15,0.0005679362240717592,0.0006057978616008024,0.0005868670428362808,3201,842.4812582668113,0.5138612085459183,100352
bayesfl_observability_v1,ola_sparse_bayesian_keep010_seed42,10,ola,global,,,layers.0.weight,raw,16,0.0006057978616008024,0.0006436594991298455,0.0006247286803653239,3238,852.2194046447783,0.5461276307397959,100352
bayesfl_observability_v1,ola_sparse_bayesian_keep010_seed42,10,ola,global,,,layers.0.weight,raw,17,0.0006436594991298455,0.0006815211366588887,0.0006625903178943671,3242,853.27217722618,0.5784339126275511,100352
bayesfl_observability_v1,ola_sparse_bayesian_keep010_seed42,10,ola,global,,,layers.0.weight,raw,18,0.0006815211366588887,0.0007193827741879319,0.0007004519554234102,3074,809.0557288073011,0.6090660873724489,100352
bayesfl_observability_v1,ola_sparse_bayesian_keep010_seed42,10,ola,global,,,layers.0.weight,raw,19,0.0007193827741879319,0.0007572444117169751,0.0007383135929524535,3189,839.3229405226059,0.6408442283163265,100352
bayesfl_observability_v1,ola_sparse_bayesian_keep010_seed42,10,ola,global,,,layers.0.weight,raw,20,0.0007572444117169751,0.0007951060492460182,0.0007761752304814967,3232,850.6402457726755,0.6730508609693877,100352
bayesfl_observability_v1,ola_sparse_bayesian_keep010_seed42,10,ola,global,,,layers.0.weight,raw,21,0.0007951060492460182,0.0008329676867750615,0.0008140368680105399,3156,830.6375667260385,0.7045001594387755,100352
bayesfl_observability_v1,ola_sparse_bayesian_keep010_seed42,10,ola,global,,,layers.0.weight,raw,22,0.0008329676867750615,0.0008708293243041047,0.0008518985055395831,3189,839.3229405226059,0.7362783003826531,100352
bayesfl_observability_v1,ola_sparse_bayesian_keep010_seed42,10,ola,global,,,layers.0.weight,raw,23,0.0008708293243041047,0.0009086909618331478,0.0008897601430686262,3297,867.7478002204551,0.7691326530612245,100352
bayesfl_observability_v1,ola_sparse_bayesian_keep010_seed42,10,ola,global,,,layers.0.weight,raw,24,0.0009086909618331478,0.000946552599362191,0.0009276217805976694,3189,839.3229405226059,0.800910794005102,100352
bayesfl_observability_v1,ola_sparse_bayesian_keep010_seed42,10,ola,global,,,layers.0.weight,raw,25,0.000946552599362191,0.0009844142368912341,0.0009654834181267126,3200,842.2180651214609,0.8327985491071429,100352
bayesfl_observability_v1,ola_sparse_bayesian_keep010_seed42,10,ola,global,,,layers.0.weight,raw,26,0.0009844142368912341,0.0010222758744202773,0.0010033450556557557,3127,823.0049655108776,0.8639588647959183,100352
bayesfl_observability_v1,ola_sparse_bayesian_keep010_seed42,10,ola,global,,,layers.0.weight,raw,27,0.0010222758744202773,0.0010601375119493207,0.0010412066931847989,2942,774.3142336210386,0.8932756696428571,100352
bayesfl_observability_v1,ola_sparse_bayesian_keep010_seed42,10,ola,global,,,layers.0.weight,raw,28,0.0010601375119493207,0.0010979991494783638,0.0010790683307138422,2738,720.6228319695499,0.9205596301020408,100352
bayesfl_observability_v1,ola_sparse_bayesian_keep010_seed42,10,ola,global,,,layers.0.weight,raw,29,0.0010979991494783638,0.001135860787007407,0.0011169299682428854,2193,577.1825677535512,0.9424127072704082,100352
bayesfl_observability_v1,ola_sparse_bayesian_keep010_seed42,10,ola,global,,,layers.0.weight,raw,30,0.001135860787007407,0.0011737224245364501,0.0011547916057719286,1646,433.21591724685146,0.9588149713010204,100352
bayesfl_observability_v1,ola_sparse_bayesian_keep010_seed42,10,ola,global,,,layers.0.weight,raw,31,0.0011737224245364501,0.0012115840620654933,0.0011926532433009717,1075,282.93263125174076,0.9695272640306123,100352
bayesfl_observability_v1,ola_sparse_bayesian_keep010_seed42,10,ola,global,,,layers.0.weight,raw,32,0.0012115840620654933,0.0012494456995945365,0.0012305148808300149,655,172.39151020454904,0.9760542889030612,100352
bayesfl_observability_v1,ola_sparse_bayesian_keep010_seed42,10,ola,global,,,layers.0.weight,raw,33,0.0012494456995945365,0.0012873073371235796,0.001268376518359058,500,131.59657267522826,0.9810367506377551,100352
bayesfl_observability_v1,ola_sparse_bayesian_keep010_seed42,10,ola,global,,,layers.0.weight,raw,34,0.0012873073371235796,0.0013251689746526228,0.0013062381558881012,304,80.01071618653879,0.9840660873724489,100352
bayesfl_observability_v1,ola_sparse_bayesian_keep010_seed42,10,ola,global,,,layers.0.weight,raw,35,0.0013251689746526228,0.001363030612181666,0.0013440997934171443,272,71.58853553532417,0.9867765465561225,100352
bayesfl_observability_v1,ola_sparse_bayesian_keep010_seed42,10,ola,global,,,layers.0.weight,raw,36,0.001363030612181666,0.0014008922497107093,0.0013819614309461877,201,52.901822215441456,0.9887794961734694,100352
bayesfl_observability_v1,ola_sparse_bayesian_keep010_seed42,10,ola,global,,,layers.0.weight,raw,37,0.0014008922497107093,0.0014387538872397525,0.0014198230684752309,164,43.16367583747487,0.9904137436224489,100352
bayesfl_observability_v1,ola_sparse_bayesian_keep010_seed42,10,ola,global,,,layers.0.weight,raw,38,0.0014387538872397525,0.0014766155247687956,0.001457684706004274,153,40.26855123861985,0.9919383769132653,100352
bayesfl_observability_v1,ola_sparse_bayesian_keep010_seed42,10,ola,global,,,layers.0.weight,raw,39,0.0014766155247687956,0.0015144771622978388,0.0014955463435333172,101,26.58250768039611,0.9929448341836735,100352
bayesfl_observability_v1,ola_sparse_bayesian_keep010_seed42,10,ola,global,,,layers.0.weight,raw,40,0.0015144771622978388,0.001552338799826882,0.0015334079810623603,123,32.37275687810615,0.9941705197704082,100352
bayesfl_observability_v1,ola_sparse_bayesian_keep010_seed42,10,ola,global,,,layers.0.weight,raw,41,0.001552338799826882,0.001590200437355925,0.0015712696185914035,87,22.897803645489716,0.9950374681122449,100352
bayesfl_observability_v1,ola_sparse_bayesian_keep010_seed42,10,ola,global,,,layers.0.weight,raw,42,0.001590200437355925,0.0016280620748849682,0.0016091312561204467,75,19.73948590128424,0.9957848373724489,100352
bayesfl_observability_v1,ola_sparse_bayesian_keep010_seed42,10,ola,global,,,layers.0.weight,raw,43,0.0016280620748849682,0.0016659237124140116,0.0016469928936494898,58,15.265202430326392,0.9963628029336735,100352
bayesfl_observability_v1,ola_sparse_bayesian_keep010_seed42,10,ola,global,,,layers.0.weight,raw,44,0.0016659237124140116,0.0017037853499430548,0.0016848545311785332,51,13.422850412873283,0.9968710140306123,100352
bayesfl_observability_v1,ola_sparse_bayesian_keep010_seed42,10,ola,global,,,layers.0.weight,raw,45,0.0017037853499430548,0.001741646987472098,0.0017227161687075763,54,14.212429848924652,0.9974091198979592,100352
bayesfl_observability_v1,ola_sparse_bayesian_keep010_seed42,10,ola,global,,,layers.0.weight,raw,46,0.001741646987472098,0.001779508625001141,0.0017605778062366195,40,10.527725814018261,0.9978077168367347,100352
bayesfl_observability_v1,ola_sparse_bayesian_keep010_seed42,10,ola,global,,,layers.0.weight,raw,47,0.001779508625001141,0.0018173702625301842,0.0017984394437656627,32,8.422180651214608,0.9981265943877551,100352
bayesfl_observability_v1,ola_sparse_bayesian_keep010_seed42,10,ola,global,,,layers.0.weight,raw,48,0.0018173702625301842,0.0018552319000592274,0.0018363010812947058,22,5.790249197710043,0.9983458227040817,100352
bayesfl_observability_v1,ola_sparse_bayesian_keep010_seed42,10,ola,global,,,layers.0.weight,raw,49,0.0018552319000592274,0.0018930935375882705,0.001874162718823749,21,5.527056052359587,0.9985550860969388,100352
bayesfl_observability_v1,ola_sparse_bayesian_keep010_seed42,10,ola,global,,,layers.0.weight,raw,50,0.0018930935375882705,0.0019309551751173137,0.0019120243563527921,21,5.527056052359587,0.9987643494897959,100352
bayesfl_observability_v1,ola_sparse_bayesian_keep010_seed42,10,ola,global,,,layers.0.weight,raw,51,0.0019309551751173137,0.001968816812646357,0.0019498859938818353,13,3.4215108895559347,0.998893893494898,100352
bayesfl_observability_v1,ola_sparse_bayesian_keep010_seed42,10,ola,global,,,layers.0.weight,raw,52,0.001968816812646357,0.0020066784501754,0.0019877476314108782,20,5.2638629070091305,0.9990931919642857,100352
bayesfl_observability_v1,ola_sparse_bayesian_keep010_seed42,10,ola,global,,,layers.0.weight,raw,53,0.0020066784501754,0.002044540087704443,0.002025609268939922,10,2.6319314535045653,0.9991928411989796,100352
bayesfl_observability_v1,ola_sparse_bayesian_keep010_seed42,10,ola,global,,,layers.0.weight,raw,54,0.002044540087704443,0.0020824017252334863,0.0020634709064689645,10,2.6319314535045653,0.9992924904336735,100352
bayesfl_observability_v1,ola_sparse_bayesian_keep010_seed42,10,ola,global,,,layers.0.weight,raw,55,0.0020824017252334863,0.00212026336276253,0.002101332543998008,9,2.3687383081540814,0.999382174744898,100352
bayesfl_observability_v1,ola_sparse_bayesian_keep010_seed42,10,ola,global,,,layers.0.weight,raw,56,0.00212026336276253,0.002158125000291573,0.0021391941815270517,5,1.3159657267522826,0.9994319993622449,100352
bayesfl_observability_v1,ola_sparse_bayesian_keep010_seed42,10,ola,global,,,layers.0.weight,raw,57,0.002158125000291573,0.0021959866378206162,0.0021770558190560944,12,3.1583177442054784,0.9995515784438775,100352
bayesfl_observability_v1,ola_sparse_bayesian_keep010_seed42,10,ola,global,,,layers.0.weight,raw,58,0.0021959866378206162,0.0022338482753496594,0.002214917456585138,3,0.7895794360513696,0.9995814732142857,100352
bayesfl_observability_v1,ola_sparse_bayesian_keep010_seed42,10,ola,global,,,layers.0.weight,raw,59,0.0022338482753496594,0.0022717099128787025,0.0022527790941141808,8,2.105545162803652,0.9996611926020408,100352
bayesfl_observability_v1,ola_sparse_bayesian_keep010_seed42,10,ola,global,,,layers.0.weight,raw,60,0.0022717099128787025,0.0023095715504077457,0.0022906407316432243,7,1.8423520174531958,0.9997309470663265,100352
bayesfl_observability_v1,ola_sparse_bayesian_keep010_seed42,10,ola,global,,,layers.0.weight,raw,61,0.0023095715504077457,0.002347433187936789,0.002328502369172267,6,1.5791588721027392,0.9997907366071429,100352
bayesfl_observability_v1,ola_sparse_bayesian_keep010_seed42,10,ola,global,,,layers.0.weight,raw,62,0.002347433187936789,0.002385294825465832,0.0023663640067013107,1,0.2631931453504565,0.9998007015306123,100352
bayesfl_observability_v1,ola_sparse_bayesian_keep010_seed42,10,ola,global,,,layers.0.weight,raw,63,0.002385294825465832,0.002423156462994875,0.0024042256442303534,2,0.526386290700913,0.9998206313775511,100352
bayesfl_observability_v1,ola_sparse_bayesian_keep010_seed42,10,ola,global,,,layers.0.weight,raw,64,0.002423156462994875,0.0024610181005239183,0.002442087281759397,2,0.526386290700913,0.9998405612244898,100352
bayesfl_observability_v1,ola_sparse_bayesian_keep010_seed42,10,ola,global,,,layers.0.weight,raw,65,0.0024610181005239183,0.0024988797380529615,0.0024799489192884397,2,0.526386290700913,0.9998604910714286,100352
bayesfl_observability_v1,ola_sparse_bayesian_keep010_seed42,10,ola,global,,,layers.0.weight,raw,66,0.0024988797380529615,0.0025367413755820046,0.0025178105568174833,3,0.7895794360513696,0.9998903858418368,100352
bayesfl_observability_v1,ola_sparse_bayesian_keep010_seed42,10,ola,global,,,layers.0.weight,raw,67,0.0025367413755820046,0.002574603013111048,0.002555672194346526,0,0.0,0.9998903858418368,100352
bayesfl_observability_v1,ola_sparse_bayesian_keep010_seed42,10,ola,global,,,layers.0.weight,raw,68,0.002574603013111048,0.002612464650640091,0.0025935338318755696,0,0.0,0.9998903858418368,100352
bayesfl_observability_v1,ola_sparse_bayesian_keep010_seed42,10,ola,global,,,layers.0.weight,raw,69,0.002612464650640091,0.002650326288169134,0.0026313954694046123,1,0.2631931453504565,0.9999003507653061,100352
bayesfl_observability_v1,ola_sparse_bayesian_keep010_seed42,10,ola,global,,,layers.0.weight,raw,70,0.002650326288169134,0.0026881879256981773,0.002669257106933656,3,0.7895794360513696,0.9999302455357143,100352
bayesfl_observability_v1,ola_sparse_bayesian_keep010_seed42,10,ola,global,,,layers.0.weight,raw,71,0.0026881879256981773,0.0027260495632272204,0.0027071187444626986,0,0.0,0.9999302455357143,100352
bayesfl_observability_v1,ola_sparse_bayesian_keep010_seed42,10,ola,global,,,layers.0.weight,raw,72,0.0027260495632272204,0.002763911200756264,0.0027449803819917422,0,0.0,0.9999302455357143,100352
bayesfl_observability_v1,ola_sparse_bayesian_keep010_seed42,10,ola,global,,,layers.0.weight,raw,73,0.002763911200756264,0.002801772838285307,0.002782842019520786,1,0.2631931453504565,0.9999402104591837,100352
bayesfl_observability_v1,ola_sparse_bayesian_keep010_seed42,10,ola,global,,,layers.0.weight,raw,74,0.002801772838285307,0.0028396344758143503,0.0028207036570498285,0,0.0,0.9999402104591837,100352
bayesfl_observability_v1,ola_sparse_bayesian_keep010_seed42,10,ola,global,,,layers.0.weight,raw,75,0.0028396344758143503,0.0028774961133433935,0.002858565294578872,1,0.2631931453504565,0.9999501753826531,100352
bayesfl_observability_v1,ola_sparse_bayesian_keep010_seed42,10,ola,global,,,layers.0.weight,raw,76,0.0028774961133433935,0.0029153577508724366,0.002896426932107915,0,0.0,0.9999501753826531,100352
bayesfl_observability_v1,ola_sparse_bayesian_keep010_seed42,10,ola,global,,,layers.0.weight,raw,77,0.0029153577508724366,0.00295321938840148,0.0029342885696369584,2,0.526386290700913,0.9999701052295918,100352
bayesfl_observability_v1,ola_sparse_bayesian_keep010_seed42,10,ola,global,,,layers.0.weight,raw,78,0.00295321938840148,0.002991081025930523,0.002972150207166001,1,0.2631931453504565,0.9999800701530612,100352
bayesfl_observability_v1,ola_sparse_bayesian_keep010_seed42,10,ola,global,,,layers.0.weight,raw,79,0.002991081025930523,0.003028942663459566,0.0030100118446950447,2,0.526386290700913,1.0,100352
bayesfl_observability_v1,ola_sparse_bayesian_keep010_seed42,10,ola,global,,,layers.0.weight,db,0,-158.66443788272406,-157.31080964605195,-157.987623764388,1,7.36163977628488e-06,9.964923469387754e-06,100352
bayesfl_observability_v1,ola_sparse_bayesian_keep010_seed42,10,ola,global,,,layers.0.weight,db,1,-157.31080964605195,-155.95718140937984,-156.6339955277159,1,7.36163977628488e-06,1.992984693877551e-05,100352
bayesfl_observability_v1,ola_sparse_bayesian_keep010_seed42,10,ola,global,,,layers.0.weight,db,2,-155.95718140937984,-154.60355317270773,-155.28036729104377,0,0.0,1.992984693877551e-05,100352
bayesfl_observability_v1,ola_sparse_bayesian_keep010_seed42,10,ola,global,,,layers.0.weight,db,3,-154.60355317270773,-153.24992493603563,-153.9267390543717,0,0.0,1.992984693877551e-05,100352
bayesfl_observability_v1,ola_sparse_bayesian_keep010_seed42,10,ola,global,,,layers.0.weight,db,4,-153.24992493603563,-151.89629669936352,-152.57311081769956,0,0.0,1.992984693877551e-05,100352
bayesfl_observability_v1,ola_sparse_bayesian_keep010_seed42,10,ola,global,,,layers.0.weight,db,5,-151.89629669936352,-150.5426684626914,-151.21948258102748,0,0.0,1.992984693877551e-05,100352
bayesfl_observability_v1,ola_sparse_bayesian_keep010_seed42,10,ola,global,,,layers.0.weight,db,6,-150.5426684626914,-149.1890402260193,-149.86585434435534,0,0.0,1.992984693877551e-05,100352
bayesfl_observability_v1,ola_sparse_bayesian_keep010_seed42,10,ola,global,,,layers.0.weight,db,7,-149.1890402260193,-147.8354119893472,-148.51222610768326,0,0.0,1.992984693877551e-05,100352
bayesfl_observability_v1,ola_sparse_bayesian_keep010_seed42,10,ola,global,,,layers.0.weight,db,8,-147.8354119893472,-146.48178375267508,-147.15859787101112,1,7.36163977628488e-06,2.9894770408163265e-05,100352
bayesfl_observability_v1,ola_sparse_bayesian_keep010_seed42,10,ola,global,,,layers.0.weight,db,9,-146.48178375267508,-145.12815551600295,-145.80496963433902,0,0.0,2.9894770408163265e-05,100352
bayesfl_observability_v1,ola_sparse_bayesian_keep010_seed42,10,ola,global,,,layers.0.weight,db,10,-145.12815551600295,-143.77452727933087,-144.4513413976669,3,2.2084919328855105e-05,5.978954081632653e-05,100352
bayesfl_observability_v1,ola_sparse_bayesian_keep010_seed42,10,ola,global,,,layers.0.weight,db,11,-143.77452727933087,-142.42089904265873,-143.0977131609948,0,0.0,5.978954081632653e-05,100352
bayesfl_observability_v1,ola_sparse_bayesian_keep010_seed42,10,ola,global,,,layers.0.weight,db,12,-142.42089904265873,-141.06727080598662,-141.7440849243227,0,0.0,5.978954081632653e-05,100352
bayesfl_observability_v1,ola_sparse_bayesian_keep010_seed42,10,ola,global,,,layers.0.weight,db,13,-141.06727080598662,-139.71364256931452,-140.39045668765056,1,7.36163977628488e-06,6.975446428571428e-05,100352
bayesfl_observability_v1,ola_sparse_bayesian_keep010_seed42,10,ola,global,,,layers.0.weight,db,14,-139.71364256931452,-138.3600143326424,-139.03682845097848,0,0.0,6.975446428571428e-05,100352
bayesfl_observability_v1,ola_sparse_bayesian_keep010_seed42,10,ola,global,,,layers.0.weight,db,15,-138.3600143326424,-137.0063860959703,-137.68320021430634,3,2.208491932885464e-05,9.964923469387755e-05,100352
bayesfl_observability_v1,ola_sparse_bayesian_keep010_seed42,10,ola,global,,,layers.0.weight,db,16,-137.0063860959703,-135.6527578592982,-136.32957197763426,2,1.472327955256976e-05,0.00011957908163265306,100352
bayesfl_observability_v1,ola_sparse_bayesian_keep010_seed42,10,ola,global,,,layers.0.weight,db,17,-135.6527578592982,-134.29912962262608,-134.97594374096212,1,7.36163977628488e-06,0.00012954400510204082,100352
bayesfl_observability_v1,ola_sparse_bayesian_keep010_seed42,10,ola,global,,,layers.0.weight,db,18,-134.29912962262608,-132.94550138595397,-133.62231550429004,5,3.68081988814244e-05,0.0001793686224489796,100352
bayesfl_observability_v1,ola_sparse_bayesian_keep010_seed42,10,ola,global,,,layers.0.weight,db,19,-132.94550138595397,-131.59187314928187,-132.2686872676179,3,2.208491932885464e-05,0.00020926339285714285,100352
bayesfl_observability_v1,ola_sparse_bayesian_keep010_seed42,10,ola,global,,,layers.0.weight,db,20,-131.59187314928187,-130.23824491260976,-130.91505903094583,1,7.36163977628488e-06,0.0002192283163265306,100352
bayesfl_observability_v1,ola_sparse_bayesian_keep010_seed42,10,ola,global,,,layers.0.weight,db,21,-130.23824491260976,-128.88461667593765,-129.5614307942737,3,2.208491932885464e-05,0.0002491230867346939,100352
bayesfl_observability_v1,ola_sparse_bayesian_keep010_seed42,10,ola,global,,,layers.0.weight,db,22,-128.88461667593765,-127.53098843926554,-128.2078025576016,6,4.416983865770928e-05,0.0003089126275510204,100352
bayesfl_observability_v1,ola_sparse_bayesian_keep010_seed42,10,ola,global,,,layers.0.weight,db,23,-127.53098843926554,-126.17736020259343,-126.85417432092949,3,2.208491932885464e-05,0.00033880739795918367,100352
bayesfl_observability_v1,ola_sparse_bayesian_keep010_seed42,10,ola,global,,,layers.0.weight,db,24,-126.17736020259343,-124.82373196592133,-125.50054608425738,8,5.889311821027904e-05,0.0004185267857142857,100352
bayesfl_observability_v1,ola_sparse_bayesian_keep010_seed42,10,ola,global,,,layers.0.weight,db,25,-124.82373196592133,-123.47010372924922,-124.14691784758527,9,6.625475798656392e-05,0.0005082110969387755,100352
bayesfl_observability_v1,ola_sparse_bayesian_keep010_seed42,10,ola,global,,,layers.0.weight,db,26,-123.47010372924922,-122.11647549257711,-122.79328961091316,13,9.570131709170344e-05,0.0006377551020408163,100352
bayesfl_observability_v1,ola_sparse_bayesian_keep010_seed42,10,ola,global,,,layers.0.weight,db,27,-122.11647549257711,-120.762847255905,-121.43966137424106,11,8.097803753913368e-05,0.0007473692602040816,100352
bayesfl_observability_v1,ola_sparse_bayesian_keep010_seed42,10,ola,global,,,layers.0.weight,db,28,-120.762847255905,-119.40921901923289,-120.08603313756895,10,7.36163977628488e-05,0.0008470184948979591,100352
bayesfl_observability_v1,ola_sparse_bayesian_keep010_seed42,10,ola,global,,,layers.0.weight,db,29,-119.40921901923289,-118.05559078256077,-118.73240490089682,15,0.00011042459664427205,0.0009964923469387755,100352
bayesfl_observability_v1,ola_sparse_bayesian_keep010_seed42,10,ola,global,,,layers.0.weight,db,30,-118.05559078256077,-116.70196254588866,-117.37877666422472,13,9.570131709170344e-05,0.0011260363520408164,100352
bayesfl_observability_v1,ola_sparse_bayesian_keep010_seed42,10,ola,global,,,layers.0.weight,db,31,-116.70196254588866,-115.34833430921655,-116.02514842755261,24,0.00017667935463083713,0.0013651945153061226,100352
bayesfl_observability_v1,ola_sparse_bayesian_keep010_seed42,10,ola,global,,,layers.0.weight,db,32,-115.34833430921655,-113.99470607254445,-114.6715201908805,14,0.00010306295686798832,0.001504703443877551,100352
bayesfl_observability_v1,ola_sparse_bayesian_keep010_seed42,10,ola,global,,,layers.0.weight,db,33,-113.99470607254445,-112.64107783587234,-113.31789195420839,30,0.0002208491932885464,0.0018036511479591836,100352
bayesfl_observability_v1,ola_sparse_bayesian_keep010_seed42,10,ola,global,,,layers.0.weight,db,34,-112.64107783587234,-111.28744959920022,-111.96426371753628,32,0.00023557247284111368,0.002122528698979592,100352
bayesfl_observability_v1,ola_sparse_bayesian_keep010_seed42,10,ola,global,,,layers.0.weight,db,35,-111.28744959920022,-109.9338213625281,-110.61063548086416,49,0.0003607203490379591,0.002610809948979592,100352
bayesfl_observability_v1,ola_sparse_bayesian_keep010_seed42,10,ola,global,,,layers.0.weight,db,36,-109.9338213625281,-108.580193125856,-109.25700724419205,38,0.00027974231149882546,0.0029894770408163264,100352
bayesfl_observability_v1,ola_sparse_bayesian_keep010_seed42,10,ola,global,,,layers.0.weight,db,37,-108.580193125856,-107.22656488918389,-107.90337900751994,51,0.0003754436285905289,0.003497688137755102,100352
bayesfl_observability_v1,ola_sparse_bayesian_keep010_seed42,10,ola,global,,,layers.0.weight,db,38,-107.22656488918389,-105.87293665251178,-106.54975077084784,71,0.0005226764241162264,0.004205197704081632,100352
bayesfl_observability_v1,ola_sparse_bayesian_keep010_seed42,10,ola,global,,,layers.0.weight,db,39,-105.87293665251178,-104.51930841583967,-105.19612253417573,81,0.0005962928218790753,0.005012356505102041,100352
bayesfl_observability_v1,ola_sparse_bayesian_keep010_seed42,10,ola,global,,,layers.0.weight,db,40,-104.51930841583967,-103.16568017916757,-103.84249429750362,75,0.000552122983221366,0.0057597257653061226,100352
bayesfl_observability_v1,ola_sparse_bayesian_keep010_seed42,10,ola,global,,,layers.0.weight,db,41,-103.16568017916757,-101.81205194249546,-102.48886606083151,98,0.0007214406980759182,0.0067362882653061226,100352
bayesfl_observability_v1,ola_sparse_bayesian_keep010_seed42,10,ola,global,,,layers.0.weight,db,42,-101.81205194249546,-100.45842370582335,-101.1352378241594,122,0.0008981200527067554,0.007952008928571428,100352
bayesfl_observability_v1,ola_sparse_bayesian_keep010_seed42,10,ola,global,,,layers.0.weight,db,43,-100.45842370582335,-99.10479546915124,-99.7816095874873,126,0.0009275666118118949,0.009207589285714286,100352
bayesfl_observability_v1,ola_sparse_bayesian_keep010_seed42,10,ola,global,,,layers.0.weight,db,44,-99.10479546915124,-97.75116723247913,-98.42798135081519,157,0.0011557774448767261,0.010772082270408163,100352
bayesfl_observability_v1,ola_sparse_bayesian_keep010_seed42,10,ola,global,,,layers.0.weight,db,45,-97.75116723247913,-96.39753899580703,-97.07435311414308,196,0.0014428813961518364,0.012725207270408163,100352
bayesfl_observability_v1,ola_sparse_bayesian_keep010_seed42,10,ola,global,,,layers.0.weight,db,46,-96.39753899580703,-95.04391075913492,-95.72072487747097,245,0.0018036017451897957,0.015166613520408163,100352
bayesfl_observability_v1,ola_sparse_bayesian_keep010_seed42,10,ola,global,,,layers.0.weight,db,47,-95.04391075913492,-93.69028252246281,-94.36709664079886,246,0.0018109633849660806,0.017617984693877552,100352
bayesfl_observability_v1,ola_sparse_bayesian_keep010_seed42,10,ola,global,,,layers.0.weight,db,48,-93.69028252246281,-92.33665428579069,-93.01346840412674,286,0.0021054289760174534,0.020467952806122448,100352
bayesfl_observability_v1,ola_sparse_bayesian_keep010_seed42,10,ola,global,,,layers.0.weight,db,49,-92.33665428579069,-90.98302604911858,-91.65984016745463,351,0.0025839355614759927,0.023965640943877552,100352
bayesfl_observability_v1,ola_sparse_bayesian_keep010_seed42,10,ola,global,,,layers.0.weight,db,50,-90.98302604911858,-89.62939781244647,-90.30621193078252,404,0.0029741024696190916,0.027991470025510203,100352
bayesfl_observability_v1,ola_sparse_bayesian_keep010_seed42,10,ola,global,,,layers.0.weight,db,51,-89.62939781244647,-88.27576957577436,-88.95258369411042,439,0.0032317598617890623,0.03236607142857143,100352
bayesfl_observability_v1,ola_sparse_bayesian_keep010_seed42,10,ola,global,,,layers.0.weight,db,52,-88.27576957577436,-86.92214133910225,-87.59895545743831,572,0.004210857952034951,0.03806600765306122,100352
bayesfl_observability_v1,ola_sparse_bayesian_keep010_seed42,10,ola,global,,,layers.0.weight,db,53,-86.92214133910225,-85.56851310243015,-86.2453272207662,633,0.004659917978388329,0.04437380420918367,100352
bayesfl_observability_v1,ola_sparse_bayesian_keep010_seed42,10,ola,global,,,layers.0.weight,db,54,-85.56851310243015,-84.21488486575804,-84.89169898409409,728,0.005359273757135393,0.05162826849489796,100352
bayesfl_observability_v1,ola_sparse_bayesian_keep010_seed42,10,ola,global,,,layers.0.weight,db,55,-84.21488486575804,-82.86125662908593,-83.53807074742198,883,0.006500327922459549,0.060427295918367346,100352
bayesfl_observability_v1,ola_sparse_bayesian_keep010_seed42,10,ola,global,,,layers.0.weight,db,56,-82.86125662908593,-81.50762839241382,-82.18444251074988,1018,0.007494149292258008,0.07057158801020408,100352
bayesfl_observability_v1,ola_sparse_bayesian_keep010_seed42,10,ola,global,,,layers.0.weight,db,57,-81.50762839241382,-80.15400015574171,-80.83081427407777,1172,0.00862784181780588,0.08225047831632654,100352
bayesfl_observability_v1,ola_sparse_bayesian_keep010_seed42,10,ola,global,,,layers.0.weight,db,58,-80.15400015574171,-78.80037191906959,-79.47718603740566,1379,0.010151701251496743,0.09599210778061225,100352
bayesfl_observability_v1,ola_sparse_bayesian_keep010_seed42,10,ola,global,,,layers.0.weight,db,59,-78.80037191906959,-77.44674368239748,-78.12355780073354,1620,0.011925856437581506,0.1121352838010204,100352
bayesfl_observability_v1,ola_sparse_bayesian_keep010_seed42,10,ola,global,,,layers.0.weight,db,60,-77.44674368239748,-76.09311544572537,-76.76992956406143,1913,0.014082816892032975,0.1311981823979592,100352
bayesfl_observability_v1,ola_sparse_bayesian_keep010_seed42,10,ola,global,,,layers.0.weight,db,61,-76.09311544572537,-74.73948720905327,-75.41630132738932,2223,0.01636492522268129,0.15335020727040816,100352
bayesfl_observability_v1,ola_sparse_bayesian_keep010_seed42,10,ola,global,,,layers.0.weight,db,62,-74.73948720905327,-73.38585897238116,-74.06267309071721,2583,0.019015115542143846,0.17908960459183673,100352
bayesfl_observability_v1,ola_sparse_bayesian_keep010_seed42,10,ola,global,,,layers.0.weight,db,63,-73.38585897238116,-72.03223073570905,-72.7090448540451,3110,0.02289469970424598,0.21008051658163265,100352
bayesfl_observability_v1,ola_sparse_bayesian_keep010_seed42,10,ola,global,,,layers.0.weight,db,64,-72.03223073570905,-70.67860249903694,-71.355416617373,3679,0.027083472736952073,0.2467414700255102,100352
bayesfl_observability_v1,ola_sparse_bayesian_keep010_seed42,10,ola,global,,,layers.0.weight,db,65,-70.67860249903694,-69.32497426236483,-70.00178838070089,4276,0.031478371683394145,0.28935148278061223,100352
bayesfl_observability_v1,ola_sparse_bayesian_keep010_seed42,10,ola,global,,,layers.0.weight,db,66,-69.32497426236483,-67.97134602569272,-68.64816014402878,4851,0.035711314554757956,0.33769132653061223,100352
bayesfl_observability_v1,ola_sparse_bayesian_keep010_seed42,10,ola,global,,,layers.0.weight,db,67,-67.97134602569272,-66.61771778902062,-67.29453190735667,5785,0.04258708610580803,0.3953384088010204,100352
bayesfl_observability_v1,ola_sparse_bayesian_keep010_seed42,10,ola,global,,,layers.0.weight,db,68,-66.61771778902062,-65.26408955234851,-65.94090367068456,6732,0.04955855897394981,0.46242227359693877,100352
bayesfl_observability_v1,ola_sparse_bayesian_keep010_seed42,10,ola,global,,,layers.0.weight,db,69,-65.26408955234851,-63.910461315676386,-64.58727543401244,7913,0.05825265554974164,0.5412747130102041,100352
bayesfl_observability_v1,ola_sparse_bayesian_keep010_seed42,10,ola,global,,,layers.0.weight,db,70,-63.910461315676386,-62.55683307900428,-63.23364719734033,8979,0.06610016355126194,0.6307497608418368,100352
bayesfl_observability_v1,ola_sparse_bayesian_keep010_seed42,10,ola,global,,,layers.0.weight,db,71,-62.55683307900428,-61.20320484233217,-61.880018960668224,10566,0.07778308587622604,0.7360391422193877,100352
bayesfl_observability_v1,ola_sparse_bayesian_keep010_seed42,10,ola,global,,,layers.0.weight,db,72,-61.20320484233217,-59.84957660566006,-60.526390723996116,12422,0.09144628930101079,0.8598234215561225,100352
bayesfl_observability_v1,ola_sparse_bayesian_keep010_seed42,10,ola,global,,,layers.0.weight,db,73,-59.84957660566006,-58.49594836898795,-59.17276248732401,10437,0.07683343434508529,0.9638273278061225,100352
bayesfl_observability_v1,ola_sparse_bayesian_keep010_seed42,10,ola,global,,,layers.0.weight,db,74,-58.49594836898795,-57.142320132315845,-57.8191342506519,2435,0.017925592855253684,0.9880919164540817,100352
bayesfl_observability_v1,ola_sparse_bayesian_keep010_seed42,10,ola,global,,,layers.0.weight,db,75,-57.142320132315845,-55.78869189564374,-56.46550601397979,764,0.0056242927890816485,0.9957051179846939,100352
bayesfl_observability_v1,ola_sparse_bayesian_keep010_seed42,10,ola,global,,,layers.0.weight,db,76,-55.78869189564374,-54.43506365897163,-55.11187777730768,290,0.002134875535122615,0.9985949457908163,100352
bayesfl_observability_v1,ola_sparse_bayesian_keep010_seed42,10,ola,global,,,layers.0.weight,db,77,-54.43506365897163,-53.08143542229952,-53.758249540635575,99,0.0007288023378522031,0.9995814732142857,100352
bayesfl_observability_v1,ola_sparse_bayesian_keep010_seed42,10,ola,global,,,layers.0.weight,db,78,-53.08143542229952,-51.72780718562741,-52.40462130396347,31,0.00022821083306483127,0.9998903858418368,100352
bayesfl_observability_v1,ola_sparse_bayesian_keep010_seed42,10,ola,global,,,layers.0.weight,db,79,-51.72780718562741,-50.3741789489553,-51.05099306729136,11,8.097803753913327e-05,1.0,100352
bayesfl_observability_v1,ola_sparse_bayesian_keep010_seed42,10,ola,global,,,layers.0.bias,raw,0,1.1061839930252377e-06,2.0078316397530913e-05,1.0592250195278076e-05,4,1647.1527466558512,0.03125,128
bayesfl_observability_v1,ola_sparse_bayesian_keep010_seed42,10,ola,global,,,layers.0.bias,raw,1,2.0078316397530913e-05,3.9050448802036585e-05,2.9564382599783747e-05,3,1235.3645599918887,0.0546875,128
bayesfl_observability_v1,ola_sparse_bayesian_keep010_seed42,10,ola,global,,,layers.0.bias,raw,2,3.9050448802036585e-05,5.802258120654226e-05,4.853651500428942e-05,3,1235.3645599918884,0.078125,128
bayesfl_observability_v1,ola_sparse_bayesian_keep010_seed42,10,ola,global,,,layers.0.bias,raw,3,5.802258120654226e-05,7.699471361104794e-05,6.75086474087951e-05,1,411.7881866639626,0.0859375,128
bayesfl_observability_v1,ola_sparse_bayesian_keep010_seed42,10,ola,global,,,layers.0.bias,raw,4,7.699471361104794e-05,9.596684601555362e-05,8.648077981330078e-05,2,823.5763733279256,0.1015625,128
bayesfl_observability_v1,ola_sparse_bayesian_keep010_seed42,10,ola,global,,,layers.0.bias,raw,5,9.596684601555362e-05,0.00011493897842005929,0.00010545291221780645,2,823.5763733279256,0.1171875,128
bayesfl_observability_v1,ola_sparse_bayesian_keep010_seed42,10,ola,global,,,layers.0.bias,raw,6,0.00011493897842005929,0.00013391111082456495,0.00012442504462231211,3,1235.3645599918893,0.140625,128
bayesfl_observability_v1,ola_sparse_bayesian_keep010_seed42,10,ola,global,,,layers.0.bias,raw,7,0.00013391111082456495,0.00015288324322907063,0.0001433971770268178,3,1235.3645599918884,0.1640625,128
bayesfl_observability_v1,ola_sparse_bayesian_keep010_seed42,10,ola,global,,,layers.0.bias,raw,8,0.00015288324322907063,0.0001718553756335763,0.00016236930943132346,2,823.5763733279256,0.1796875,128
bayesfl_observability_v1,ola_sparse_bayesian_keep010_seed42,10,ola,global,,,layers.0.bias,raw,9,0.0001718553756335763,0.00019082750803808198,0.00018134144183582914,2,823.5763733279256,0.1953125,128
bayesfl_observability_v1,ola_sparse_bayesian_keep010_seed42,10,ola,global,,,layers.0.bias,raw,10,0.00019082750803808198,0.00020979964044258765,0.0002003135742403348,0,0.0,0.1953125,128
bayesfl_observability_v1,ola_sparse_bayesian_keep010_seed42,10,ola,global,,,layers.0.bias,raw,11,0.00020979964044258765,0.00022877177284709332,0.0002192857066448405,3,1235.3645599918884,0.21875,128
bayesfl_observability_v1,ola_sparse_bayesian_keep010_seed42,10,ola,global,,,layers.0.bias,raw,12,0.00022877177284709332,0.000247743905251599,0.0002382578390493462,3,1235.3645599918866,0.2421875,128
bayesfl_observability_v1,ola_sparse_bayesian_keep010_seed42,10,ola,global,,,layers.0.bias,raw,13,0.000247743905251599,0.0002667160376561047,0.00025722997145385186,3,1235.3645599918884,0.265625,128
bayesfl_observability_v1,ola_sparse_bayesian_keep010_seed42,10,ola,global,,,layers.0.bias,raw,14,0.0002667160376561047,0.0002856881700606104,0.00027620210385835754,2,823.5763733279256,0.28125,128
bayesfl_observability_v1,ola_sparse_bayesian_keep010_seed42,10,ola,global,,,layers.0.bias,raw,15,0.0002856881700606104,0.00030466030246511605,0.0002951742362628632,3,1235.3645599918884,0.3046875,128
bayesfl_observability_v1,ola_sparse_bayesian_keep010_seed42,10,ola,global,,,layers.0.bias,raw,16,0.00030466030246511605,0.0003236324348696217,0.0003141463686673689,5,2058.940933319814,0.34375,128
bayesfl_observability_v1,ola_sparse_bayesian_keep010_seed42,10,ola,global,,,layers.0.bias,raw,17,0.0003236324348696217,0.0003426045672741274,0.00033311850107187456,1,411.7881866639628,0.3515625,128
bayesfl_observability_v1,ola_sparse_bayesian_keep010_seed42,10,ola,global,,,layers.0.bias,raw,18,0.0003426045672741274,0.0003615766996786331,0.00035209063347638024,1,411.7881866639628,0.359375,128
bayesfl_observability_v1,ola_sparse_bayesian_keep010_seed42,10,ola,global,,,layers.0.bias,raw,19,0.0003615766996786331,0.00038054883208313875,0.0003710627658808859,2,823.5763733279256,0.375,128
bayesfl_observability_v1,ola_sparse_bayesian_keep010_seed42,10,ola,global,,,layers.0.bias,raw,20,0.00038054883208313875,0.0003995209644876444,0.0003900348982853916,0,0.0,0.375,128
bayesfl_observability_v1,ola_sparse_bayesian_keep010_seed42,10,ola,global,,,layers.0.bias,raw,21,0.0003995209644876444,0.0004184930968921501,0.00040900703068989726,0,0.0,0.375,128
bayesfl_observability_v1,ola_sparse_bayesian_keep010_seed42,10,ola,global,,,layers.0.bias,raw,22,0.0004184930968921501,0.0004374652292966558,0.00042797916309440294,2,823.5763733279256,0.390625,128
bayesfl_observability_v1,ola_sparse_bayesian_keep010_seed42,10,ola,global,,,layers.0.bias,raw,23,0.0004374652292966558,0.00045643736170116145,0.0004469512954989086,1,411.7881866639628,0.3984375,128
bayesfl_observability_v1,ola_sparse_bayesian_keep010_seed42,10,ola,global,,,layers.0.bias,raw,24,0.00045643736170116145,0.0004754094941056671,0.0004659234279034143,4,1647.1527466558512,0.4296875,128
bayesfl_observability_v1,ola_sparse_bayesian_keep010_seed42,10,ola,global,,,layers.0.bias,raw,25,0.0004754094941056671,0.0004943816265101727,0.0004848955603079199,3,1235.3645599918918,0.453125,128
bayesfl_observability_v1,ola_sparse_bayesian_keep010_seed42,10,ola,global,,,layers.0.bias,raw,26,0.0004943816265101727,0.0005133537589146784,0.0005038676927124256,0,0.0,0.453125,128
bayesfl_observability_v1,ola_sparse_bayesian_keep010_seed42,10,ola,global,,,layers.0.bias,raw,27,0.0005133537589146784,0.0005323258913191841,0.0005228398251169313,0,0.0,0.453125,128
bayesfl_observability_v1,ola_sparse_bayesian_keep010_seed42,10,ola,global,,,layers.0.bias,raw,28,0.0005323258913191841,0.0005512980237236898,0.0005418119575214369,1,411.7881866639628,0.4609375,128
bayesfl_observability_v1,ola_sparse_bayesian_keep010_seed42,10,ola,global,,,layers.0.bias,raw,29,0.0005512980237236898,0.0005702701561281954,0.0005607840899259426,3,1235.3645599918884,0.484375,128
bayesfl_observability_v1,ola_sparse_bayesian_keep010_seed42,10,ola,global,,,layers.0.bias,raw,30,0.0005702701561281954,0.0005892422885327011,0.0005797562223304483,1,411.7881866639628,0.4921875,128
bayesfl_observability_v1,ola_sparse_bayesian_keep010_seed42,10,ola,global,,,layers.0.bias,raw,31,0.0005892422885327011,0.0006082144209372068,0.000598728354734954,2,823.5763733279256,0.5078125,128
bayesfl_observability_v1,ola_sparse_bayesian_keep010_seed42,10,ola,global,,,layers.0.bias,raw,32,0.0006082144209372068,0.0006271865533417125,0.0006177004871394596,3,1235.3645599918884,0.53125,128
bayesfl_observability_v1,ola_sparse_bayesian_keep010_seed42,10,ola,global,,,layers.0.bias,raw,33,0.0006271865533417125,0.0006461586857462181,0.0006366726195439653,1,411.7881866639628,0.5390625,128
bayesfl_observability_v1,ola_sparse_bayesian_keep010_seed42,10,ola,global,,,layers.0.bias,raw,34,0.0006461586857462181,0.0006651308181507238,0.000655644751948471,2,823.5763733279256,0.5546875,128
bayesfl_observability_v1,ola_sparse_bayesian_keep010_seed42,10,ola,global,,,layers.0.bias,raw,35,0.0006651308181507238,0.0006841029505552295,0.0006746168843529767,3,1235.3645599918884,0.578125,128
bayesfl_observability_v1,ola_sparse_bayesian_keep010_seed42,10,ola,global,,,layers.0.bias,raw,36,0.0006841029505552295,0.0007030750829597352,0.0006935890167574823,1,411.7881866639628,0.5859375,128
bayesfl_observability_v1,ola_sparse_bayesian_keep010_seed42,10,ola,global,,,layers.0.bias,raw,37,0.0007030750829597352,0.0007220472153642408,0.000712561149161988,2,823.5763733279256,0.6015625,128
bayesfl_observability_v1,ola_sparse_bayesian_keep010_seed42,10,ola,global,,,layers.0.bias,raw,38,0.0007220472153642408,0.0007410193477687465,0.0007315332815664937,0,0.0,0.6015625,128
bayesfl_observability_v1,ola_sparse_bayesian_keep010_seed42,10,ola,global,,,layers.0.bias,raw,39,0.0007410193477687465,0.0007599914801732522,0.0007505054139709994,1,411.7881866639628,0.609375,128
bayesfl_observability_v1,ola_sparse_bayesian_keep010_seed42,10,ola,global,,,layers.0.bias,raw,40,0.0007599914801732522,0.0007789636125777579,0.000769477546375505,1,411.7881866639628,0.6171875,128
bayesfl_observability_v1,ola_sparse_bayesian_keep010_seed42,10,ola,global,,,layers.0.bias,raw,41,0.0007789636125777579,0.0007979357449822635,0.0007884496787800107,3,1235.3645599918884,0.640625,128
bayesfl_observability_v1,ola_sparse_bayesian_keep010_seed42,10,ola,global,,,layers.0.bias,raw,42,0.0007979357449822635,0.0008169078773867692,0.0008074218111845164,0,0.0,0.640625,128
bayesfl_observability_v1,ola_sparse_bayesian_keep010_seed42,10,ola,global,,,layers.0.bias,raw,43,0.0008169078773867692,0.0008358800097912749,0.000826393943589022,0,0.0,0.640625,128
bayesfl_observability_v1,ola_sparse_bayesian_keep010_seed42,10,ola,global,,,layers.0.bias,raw,44,0.0008358800097912749,0.0008548521421957806,0.0008453660759935277,3,1235.3645599918884,0.6640625,128
bayesfl_observability_v1,ola_sparse_bayesian_keep010_seed42,10,ola,global,,,layers.0.bias,raw,45,0.0008548521421957806,0.0008738242746002862,0.0008643382083980334,3,1235.3645599918884,0.6875,128
bayesfl_observability_v1,ola_sparse_bayesian_keep010_seed42,10,ola,global,,,layers.0.bias,raw,46,0.0008738242746002862,0.0008927964070047919,0.0008833103408025391,3,1235.3645599918884,0.7109375,128
bayesfl_observability_v1,ola_sparse_bayesian_keep010_seed42,10,ola,global,,,layers.0.bias,raw,47,0.0008927964070047919,0.0009117685394092976,0.0009022824732070447,2,823.5763733279256,0.7265625,128
bayesfl_observability_v1,ola_sparse_bayesian_keep010_seed42,10,ola,global,,,layers.0.bias,raw,48,0.0009117685394092976,0.0009307406718138033,0.0009212546056115504,4,1647.1527466558512,0.7578125,128
bayesfl_observability_v1,ola_sparse_bayesian_keep010_seed42,10,ola,global,,,layers.0.bias,raw,49,0.0009307406718138033,0.0009497128042183089,0.0009402267380160561,2,823.5763733279256,0.7734375,128
bayesfl_observability_v1,ola_sparse_bayesian_keep010_seed42,10,ola,global,,,layers.0.bias,raw,50,0.0009497128042183089,0.0009686849366228146,0.0009591988704205618,0,0.0,0.7734375,128
bayesfl_observability_v1,ola_sparse_bayesian_keep010_seed42,10,ola,global,,,layers.0.bias,raw,51,0.0009686849366228146,0.0009876570690273204,0.0009781710028250676,2,823.5763733279209,0.7890625,128
bayesfl_observability_v1,ola_sparse_bayesian_keep010_seed42,10,ola,global,,,layers.0.bias,raw,52,0.0009876570690273204,0.001006629201431826,0.0009971431352295732,2,823.5763733279256,0.8046875,128
bayesfl_observability_v1,ola_sparse_bayesian_keep010_seed42,10,ola,global,,,layers.0.bias,raw,53,0.001006629201431826,0.0010256013338363317,0.001016115267634079,0,0.0,0.8046875,128
bayesfl_observability_v1,ola_sparse_bayesian_keep010_seed42,10,ola,global,,,layers.0.bias,raw,54,0.0010256013338363317,0.0010445734662408374,0.0010350874000385846,2,823.5763733279256,0.8203125,128
bayesfl_observability_v1,ola_sparse_bayesian_keep010_seed42,10,ola,global,,,layers.0.bias,raw,55,0.0010445734662408374,0.001063545598645343,0.0010540595324430903,2,823.5763733279256,0.8359375,128
bayesfl_observability_v1,ola_sparse_bayesian_keep010_seed42,10,ola,global,,,layers.0.bias,raw,56,0.001063545598645343,0.0010825177310498488,0.001073031664847596,1,411.7881866639628,0.84375,128
bayesfl_observability_v1,ola_sparse_bayesian_keep010_seed42,10,ola,global,,,layers.0.bias,raw,57,0.0010825177310498488,0.0011014898634543544,0.0010920037972521016,3,1235.3645599918884,0.8671875,128
bayesfl_observability_v1,ola_sparse_bayesian_keep010_seed42,10,ola,global,,,layers.0.bias,raw,58,0.0011014898634543544,0.0011204619958588601,0.0011109759296566073,1,411.7881866639628,0.875,128
bayesfl_observability_v1,ola_sparse_bayesian_keep010_seed42,10,ola,global,,,layers.0.bias,raw,59,0.0011204619958588601,0.0011394341282633658,0.001129948062061113,0,0.0,0.875,128
bayesfl_observability_v1,ola_sparse_bayesian_keep010_seed42,10,ola,global,,,layers.0.bias,raw,60,0.0011394341282633658,0.0011584062606678715,0.0011489201944656186,1,411.7881866639628,0.8828125,128
bayesfl_observability_v1,ola_sparse_bayesian_keep010_seed42,10,ola,global,,,layers.0.bias,raw,61,0.0011584062606678715,0.0011773783930723771,0.0011678923268701243,1,411.7881866639628,0.890625,128
bayesfl_observability_v1,ola_sparse_bayesian_keep010_seed42,10,ola,global,,,layers.0.bias,raw,62,0.0011773783930723771,0.0011963505254768828,0.00118686445927463,1,411.7881866639628,0.8984375,128
bayesfl_observability_v1,ola_sparse_bayesian_keep010_seed42,10,ola,global,,,layers.0.bias,raw,63,0.0011963505254768828,0.0012153226578813885,0.0012058365916791357,1,411.7881866639628,0.90625,128
bayesfl_observability_v1,ola_sparse_bayesian_keep010_seed42,10,ola,global,,,layers.0.bias,raw,64,0.0012153226578813885,0.0012342947902858942,0.0012248087240836413,1,411.7881866639628,0.9140625,128
bayesfl_observability_v1,ola_sparse_bayesian_keep010_seed42,10,ola,global,,,layers.0.bias,raw,65,0.0012342947902858942,0.0012532669226903998,0.001243780856488147,3,1235.3645599918884,0.9375,128
bayesfl_observability_v1,ola_sparse_bayesian_keep010_seed42,10,ola,global,,,layers.0.bias,raw,66,0.0012532669226903998,0.0012722390550949055,0.0012627529888926527,0,0.0,0.9375,128
bayesfl_observability_v1,ola_sparse_bayesian_keep010_seed42,10,ola,global,,,layers.0.bias,raw,67,0.0012722390550949055,0.0012912111874994112,0.0012817251212971584,0,0.0,0.9375,128
bayesfl_observability_v1,ola_sparse_bayesian_keep010_seed42,10,ola,global,,,layers.0.bias,raw,68,0.0012912111874994112,0.0013101833199039169,0.001300697253701664,1,411.7881866639628,0.9453125,128
bayesfl_observability_v1,ola_sparse_bayesian_keep010_seed42,10,ola,global,,,layers.0.bias,raw,69,0.0013101833199039169,0.0013291554523084225,0.0013196693861061697,0,0.0,0.9453125,128
bayesfl_observability_v1,ola_sparse_bayesian_keep010_seed42,10,ola,global,,,layers.0.bias,raw,70,0.0013291554523084225,0.0013481275847129282,0.0013386415185106754,0,0.0,0.9453125,128
bayesfl_observability_v1,ola_sparse_bayesian_keep010_seed42,10,ola,global,,,layers.0.bias,raw,71,0.0013481275847129282,0.0013670997171174339,0.001357613650915181,1,411.7881866639628,0.953125,128
bayesfl_observability_v1,ola_sparse_bayesian_keep010_seed42,10,ola,global,,,layers.0.bias,raw,72,0.0013670997171174339,0.0013860718495219396,0.0013765857833196867,0,0.0,0.953125,128
bayesfl_observability_v1,ola_sparse_bayesian_keep010_seed42,10,ola,global,,,layers.0.bias,raw,73,0.0013860718495219396,0.0014050439819264452,0.0013955579157241924,1,411.7881866639628,0.9609375,128
bayesfl_observability_v1,ola_sparse_bayesian_keep010_seed42,10,ola,global,,,layers.0.bias,raw,74,0.0014050439819264452,0.001424016114330951,0.001414530048128698,0,0.0,0.9609375,128
bayesfl_observability_v1,ola_sparse_bayesian_keep010_seed42,10,ola,global,,,layers.0.bias,raw,75,0.001424016114330951,0.0014429882467354566,0.0014335021805332037,0,0.0,0.9609375,128
bayesfl_observability_v1,ola_sparse_bayesian_keep010_seed42,10,ola,global,,,layers.0.bias,raw,76,0.0014429882467354566,0.0014619603791399623,0.0014524743129377094,2,823.5763733279256,0.9765625,128
bayesfl_observability_v1,ola_sparse_bayesian_keep010_seed42,10,ola,global,,,layers.0.bias,raw,77,0.0014619603791399623,0.001480932511544468,0.001471446445342215,1,411.7881866639628,0.984375,128
bayesfl_observability_v1,ola_sparse_bayesian_keep010_seed42,10,ola,global,,,layers.0.bias,raw,78,0.001480932511544468,0.0014999046439489736,0.0014904185777467208,1,411.7881866639628,0.9921875,128
bayesfl_observability_v1,ola_sparse_bayesian_keep010_seed42,10,ola,global,,,layers.0.bias,raw,79,0.0014999046439489736,0.0015188767763534793,0.0015093907101512264,1,411.7881866639628,1.0,128
bayesfl_observability_v1,ola_sparse_bayesian_keep010_seed42,10,ola,global,,,layers.0.bias,db,0,-119.12344475300038,-118.3390210580692,-118.7312329055348,1,0.009959541062417088,0.0078125,128
bayesfl_observability_v1,ola_sparse_bayesian_keep010_seed42,10,ola,global,,,layers.0.bias,db,1,-118.3390210580692,-117.55459736313803,-117.94680921060362,0,0.0,0.0078125,128
bayesfl_observability_v1,ola_sparse_bayesian_keep010_seed42,10,ola,global,,,layers.0.bias,db,2,-117.55459736313803,-116.77017366820687,-117.16238551567244,0,0.0,0.0078125,128
bayesfl_observability_v1,ola_sparse_bayesian_keep010_seed42,10,ola,global,,,layers.0.bias,db,3,-116.77017366820687,-115.98574997327569,-116.37796182074128,0,0.0,0.0078125,128
bayesfl_observability_v1,ola_sparse_bayesian_keep010_seed42,10,ola,global,,,layers.0.bias,db,4,-115.98574997327569,-115.20132627834451,-115.5935381258101,0,0.0,0.0078125,128
bayesfl_observability_v1,ola_sparse_bayesian_keep010_seed42,10,ola,global,,,layers.0.bias,db,5,-115.20132627834451,-114.41690258341333,-114.80911443087892,0,0.0,0.0078125,128
bayesfl_observability_v1,ola_sparse_bayesian_keep010_seed42,10,ola,global,,,layers.0.bias,db,6,-114.41690258341333,-113.63247888848217,-114.02469073594776,0,0.0,0.0078125,128
bayesfl_observability_v1,ola_sparse_bayesian_keep010_seed42,10,ola,global,,,layers.0.bias,db,7,-113.63247888848217,-112.84805519355099,-113.24026704101658,0,0.0,0.0078125,128
bayesfl_observability_v1,ola_sparse_bayesian_keep010_seed42,10,ola,global,,,layers.0.bias,db,8,-112.84805519355099,-112.06363149861981,-112.4558433460854,0,0.0,0.0078125,128
bayesfl_observability_v1,ola_sparse_bayesian_keep010_seed42,10,ola,global,,,layers.0.bias,db,9,-112.06363149861981,-111.27920780368864,-111.67141965115422,0,0.0,0.0078125,128
bayesfl_observability_v1,ola_sparse_bayesian_keep010_seed42,10,ola,global,,,layers.0.bias,db,10,-111.27920780368864,-110.49478410875747,-110.88699595622305,0,0.0,0.0078125,128
bayesfl_observability_v1,ola_sparse_bayesian_keep010_seed42,10,ola,global,,,layers.0.bias,db,11,-110.49478410875747,-109.7103604138263,-110.10257226129188,0,0.0,0.0078125,128
bayesfl_observability_v1,ola_sparse_bayesian_keep010_seed42,10,ola,global,,,layers.0.bias,db,12,-109.7103604138263,-108.92593671889512,-109.3181485663607,1,0.009959541062417088,0.015625,128
bayesfl_observability_v1,ola_sparse_bayesian_keep010_seed42,10,ola,global,,,layers.0.bias,db,13,-108.92593671889512,-108.14151302396394,-108.53372487142953,0,0.0,0.015625,128
bayesfl_observability_v1,ola_sparse_bayesian_keep010_seed42,10,ola,global,,,layers.0.bias,db,14,-108.14151302396394,-107.35708932903277,-107.74930117649836,0,0.0,0.015625,128
bayesfl_observability_v1,ola_sparse_bayesian_keep010_seed42,10,ola,global,,,layers.0.bias,db,15,-107.35708932903277,-106.5726656341016,-106.96487748156719,0,0.0,0.015625,128
bayesfl_observability_v1,ola_sparse_bayesian_keep010_seed42,10,ola,global,,,layers.0.bias,db,16,-106.5726656341016,-105.78824193917042,-106.18045378663601,0,0.0,0.015625,128
bayesfl_observability_v1,ola_sparse_bayesian_keep010_seed42,10,ola,global,,,layers.0.bias,db,17,-105.78824193917042,-105.00381824423924,-105.39603009170483,0,0.0,0.015625,128
bayesfl_observability_v1,ola_sparse_bayesian_keep010_seed42,10,ola,global,,,layers.0.bias,db,18,-105.00381824423924,-104.21939454930808,-104.61160639677365,0,0.0,0.015625,128
bayesfl_observability_v1,ola_sparse_bayesian_keep010_seed42,10,ola,global,,,layers.0.bias,db,19,-104.21939454930808,-103.4349708543769,-103.82718270184249,0,0.0,0.015625,128
bayesfl_observability_v1,ola_sparse_bayesian_keep010_seed42,10,ola,global,,,layers.0.bias,db,20,-103.4349708543769,-102.65054715944572,-103.04275900691131,0,0.0,0.015625,128
bayesfl_observability_v1,ola_sparse_bayesian_keep010_seed42,10,ola,global,,,layers.0.bias,db,21,-102.65054715944572,-101.86612346451454,-102.25833531198013,0,0.0,0.015625,128
bayesfl_observability_v1,ola_sparse_bayesian_keep010_seed42,10,ola,global,,,layers.0.bias,db,22,-101.86612346451454,-101.08169976958337,-101.47391161704896,0,0.0,0.015625,128
bayesfl_observability_v1,ola_sparse_bayesian_keep010_seed42,10,ola,global,,,layers.0.bias,db,23,-101.08169976958337,-100.2972760746522,-100.68948792211779,1,0.009959541062417268,0.0234375,128
bayesfl_observability_v1,ola_sparse_bayesian_keep010_seed42,10,ola,global,,,layers.0.bias,db,24,-100.2972760746522,-99.51285237972102,-99.90506422718661,0,0.0,0.0234375,128
bayesfl_observability_v1,ola_sparse_bayesian_keep010_seed42,10,ola,global,,,layers.0.bias,db,25,-99.51285237972102,-98.72842868478985,-99.12064053225544,1,0.009959541062417088,0.03125,128
bayesfl_observability_v1,ola_sparse_bayesian_keep010_seed42,10,ola,global,,,layers.0.bias,db,26,-98.72842868478985,-97.94400498985868,-98.33621683732426,0,0.0,0.03125,128
bayesfl_observability_v1,ola_sparse_bayesian_keep010_seed42,10,ola,global,,,layers.0.bias,db,27,-97.94400498985868,-97.1595812949275,-97.5517931423931,0,0.0,0.03125,128
bayesfl_observability_v1,ola_sparse_bayesian_keep010_seed42,10,ola,global,,,layers.0.bias,db,28,-97.1595812949275,-96.37515759999633,-96.76736944746192,0,0.0,0.03125,128
bayesfl_observability_v1,ola_sparse_bayesian_keep010_seed42,10,ola,global,,,layers.0.bias,db,29,-96.37515759999633,-95.59073390506515,-95.98294575253074,0,0.0,0.03125,128
bayesfl_observability_v1,ola_sparse_bayesian_keep010_seed42,10,ola,global,,,layers.0.bias,db,30,-95.59073390506515,-94.80631021013397,-95.19852205759956,0,0.0,0.03125,128
bayesfl_observability_v1,ola_sparse_bayesian_keep010_seed42,10,ola,global,,,layers.0.bias,db,31,-94.80631021013397,-94.02188651520281,-94.4140983626684,0,0.0,0.03125,128
bayesfl_observability_v1,ola_sparse_bayesian_keep010_seed42,10,ola,global,,,layers.0.bias,db,32,-94.02188651520281,-93.23746282027163,-93.62967466773722,0,0.0,0.03125,128
bayesfl_observability_v1,ola_sparse_bayesian_keep010_seed42,10,ola,global,,,layers.0.bias,db,33,-93.23746282027163,-92.45303912534045,-92.84525097280604,0,0.0,0.03125,128
bayesfl_observability_v1,ola_sparse_bayesian_keep010_seed42,10,ola,global,,,layers.0.bias,db,34,-92.45303912534045,-91.66861543040929,-92.06082727787486,0,0.0,0.03125,128
bayesfl_observability_v1,ola_sparse_bayesian_keep010_seed42,10,ola,global,,,layers.0.bias,db,35,-91.66861543040929,-90.88419173547811,-91.2764035829437,1,0.009959541062417088,0.0390625,128
bayesfl_observability_v1,ola_sparse_bayesian_keep010_seed42,10,ola,global,,,layers.0.bias,db,36,-90.88419173547811,-90.09976804054693,-90.49197988801252,1,0.009959541062417088,0.046875,128
bayesfl_observability_v1,ola_sparse_bayesian_keep010_seed42,10,ola,global,,,layers.0.bias,db,37,-90.09976804054693,-89.31534434561576,-89.70755619308134,0,0.0,0.046875,128
bayesfl_observability_v1,ola_sparse_bayesian_keep010_seed42,10,ola,global,,,layers.0.bias,db,38,-89.31534434561576,-88.53092065068458,-88.92313249815017,1,0.009959541062417088,0.0546875,128
bayesfl_observability_v1,ola_sparse_bayesian_keep010_seed42,10,ola,global,,,layers.0.bias,db,39,-88.53092065068458,-87.74649695575341,-88.138708803219,0,0.0,0.0546875,128
bayesfl_observability_v1,ola_sparse_bayesian_keep010_seed42,10,ola,global,,,layers.0.bias,db,40,-87.74649695575341,-86.96207326082224,-87.35428510828783,0,0.0,0.0546875,128
bayesfl_observability_v1,ola_sparse_bayesian_keep010_seed42,10,ola,global,,,layers.0.bias,db,41,-86.96207326082224,-86.17764956589106,-86.56986141335665,0,0.0,0.0546875,128
bayesfl_observability_v1,ola_sparse_bayesian_keep010_seed42,10,ola,global,,,layers.0.bias,db,42,-86.17764956589106,-85.3932258709599,-85.78543771842547,3,0.029878623187251804,0.078125,128
bayesfl_observability_v1,ola_sparse_bayesian_keep010_seed42,10,ola,global,,,layers.0.bias,db,43,-85.3932258709599,-84.60880217602872,-85.0010140234943,1,0.009959541062417088,0.0859375,128
bayesfl_observability_v1,ola_sparse_bayesian_keep010_seed42,10,ola,global,,,layers.0.bias,db,44,-84.60880217602872,-83.82437848109754,-84.21659032856313,0,0.0,0.0859375,128
bayesfl_observability_v1,ola_sparse_bayesian_keep010_seed42,10,ola,global,,,layers.0.bias,db,45,-83.82437848109754,-83.03995478616636,-83.43216663363195,0,0.0,0.0859375,128
bayesfl_observability_v1,ola_sparse_bayesian_keep010_seed42,10,ola,global,,,layers.0.bias,db,46,-83.03995478616636,-82.25553109123518,-82.64774293870077,0,0.0,0.0859375,128
bayesfl_observability_v1,ola_sparse_bayesian_keep010_seed42,10,ola,global,,,layers.0.bias,db,47,-82.25553109123518,-81.471107396304,-81.8633192437696,0,0.0,0.0859375,128
bayesfl_observability_v1,ola_sparse_bayesian_keep010_seed42,10,ola,global,,,layers.0.bias,db,48,-81.471107396304,-80.68668370137284,-81.07889554883843,2,0.019919082124834536,0.1015625,128
bayesfl_observability_v1,ola_sparse_bayesian_keep010_seed42,10,ola,global,,,layers.0.bias,db,49,-80.68668370137284,-79.90226000644167,-80.29447185390725,1,0.009959541062417088,0.109375,128
bayesfl_observability_v1,ola_sparse_bayesian_keep010_seed42,10,ola,global,,,layers.0.bias,db,50,-79.90226000644167,-79.1178363115105,-79.51004815897608,1,0.009959541062417268,0.1171875,128
bayesfl_observability_v1,ola_sparse_bayesian_keep010_seed42,10,ola,global,,,layers.0.bias,db,51,-79.1178363115105,-78.33341261657932,-78.72562446404491,1,0.009959541062417088,0.125,128
bayesfl_observability_v1,ola_sparse_bayesian_keep010_seed42,10,ola,global,,,layers.0.bias,db,52,-78.33341261657932,-77.54898892164815,-77.94120076911373,2,0.019919082124834175,0.140625,128
bayesfl_observability_v1,ola_sparse_bayesian_keep010_seed42,10,ola,global,,,layers.0.bias,db,53,-77.54898892164815,-76.76456522671697,-77.15677707418256,0,0.0,0.140625,128
bayesfl_observability_v1,ola_sparse_bayesian_keep010_seed42,10,ola,global,,,layers.0.bias,db,54,-76.76456522671697,-75.98014153178579,-76.37235337925138,4,0.03983816424966835,0.171875,128
bayesfl_observability_v1,ola_sparse_bayesian_keep010_seed42,10,ola,global,,,layers.0.bias,db,55,-75.98014153178579,-75.19571783685461,-75.5879296843202,1,0.009959541062417088,0.1796875,128
bayesfl_observability_v1,ola_sparse_bayesian_keep010_seed42,10,ola,global,,,layers.0.bias,db,56,-75.19571783685461,-74.41129414192345,-74.80350598938904,2,0.019919082124834536,0.1953125,128
bayesfl_observability_v1,ola_sparse_bayesian_keep010_seed42,10,ola,global,,,layers.0.bias,db,57,-74.41129414192345,-73.62687044699227,-74.01908229445786,0,0.0,0.1953125,128
bayesfl_observability_v1,ola_sparse_bayesian_keep010_seed42,10,ola,global,,,layers.0.bias,db,58,-73.62687044699227,-72.84244675206111,-73.23465859952668,3,0.029878623187251804,0.21875,128
bayesfl_observability_v1,ola_sparse_bayesian_keep010_seed42,10,ola,global,,,layers.0.bias,db,59,-72.84244675206111,-72.05802305712993,-72.45023490459552,4,0.03983816424966835,0.25,128
bayesfl_observability_v1,ola_sparse_bayesian_keep010_seed42,10,ola,global,,,layers.0.bias,db,60,-72.05802305712993,-71.27359936219875,-71.66581120966434,2,0.019919082124834175,0.265625,128
bayesfl_observability_v1,ola_sparse_bayesian_keep010_seed42,10,ola,global,,,layers.0.bias,db,61,-71.27359936219875,-70.48917566726757,-70.88138751473316,5,0.04979770531208544,0.3046875,128
bayesfl_observability_v1,ola_sparse_bayesian_keep010_seed42,10,ola,global,,,layers.0.bias,db,62,-70.48917566726757,-69.7047519723364,-70.09696381980199,5,0.04979770531208544,0.34375,128
bayesfl_observability_v1,ola_sparse_bayesian_keep010_seed42,10,ola,global,,,layers.0.bias,db,63,-69.7047519723364,-68.92032827740522,-69.31254012487081,2,0.019919082124834175,0.359375,128
bayesfl_observability_v1,ola_sparse_bayesian_keep010_seed42,10,ola,global,,,layers.0.bias,db,64,-68.92032827740522,-68.13590458247404,-68.52811642993963,2,0.019919082124834175,0.375,128
bayesfl_observability_v1,ola_sparse_bayesian_keep010_seed42,10,ola,global,,,layers.0.bias,db,65,-68.13590458247404,-67.35148088754288,-67.74369273500847,2,0.019919082124834536,0.390625,128
bayesfl_observability_v1,ola_sparse_bayesian_keep010_seed42,10,ola,global,,,layers.0.bias,db,66,-67.35148088754288,-66.5670571926117,-66.95926904007729,4,0.03983816424966835,0.421875,128
bayesfl_observability_v1,ola_sparse_bayesian_keep010_seed42,10,ola,global,,,layers.0.bias,db,67,-66.5670571926117,-65.78263349768054,-66.17484534514611,4,0.03983816424966907,0.453125,128
bayesfl_observability_v1,ola_sparse_bayesian_keep010_seed42,10,ola,global,,,layers.0.bias,db,68,-65.78263349768054,-64.99820980274936,-65.39042165021495,1,0.009959541062417088,0.4609375,128
bayesfl_observability_v1,ola_sparse_bayesian_keep010_seed42,10,ola,global,,,layers.0.bias,db,69,-64.99820980274936,-64.21378610781818,-64.60599795528377,6,0.059757246374502526,0.5078125,128
bayesfl_observability_v1,ola_sparse_bayesian_keep010_seed42,10,ola,global,,,layers.0.bias,db,70,-64.21378610781818,-63.429362412887,-63.82157426035259,7,0.06971678743691961,0.5625,128
bayesfl_observability_v1,ola_sparse_bayesian_keep010_seed42,10,ola,global,,,layers.0.bias,db,71,-63.429362412887,-62.64493871795583,-63.03715056542141,5,0.04979770531208589,0.6015625,128
bayesfl_observability_v1,ola_sparse_bayesian_keep010_seed42,10,ola,global,,,layers.0.bias,db,72,-62.64493871795583,-61.860515023024654,-62.25272687049024,5,0.04979770531208544,0.640625,128
bayesfl_observability_v1,ola_sparse_bayesian_keep010_seed42,10,ola,global,,,layers.0.bias,db,73,-61.860515023024654,-61.07609132809348,-61.46830317555907,6,0.05975724637450307,0.6875,128
bayesfl_observability_v1,ola_sparse_bayesian_keep010_seed42,10,ola,global,,,layers.0.bias,db,74,-61.07609132809348,-60.291667633162305,-60.683879480627894,11,0.10955495168658796,0.7734375,128
bayesfl_observability_v1,ola_sparse_bayesian_keep010_seed42,10,ola,global,,,layers.0.bias,db,75,-60.291667633162305,-59.507243938231134,-59.899455785696716,8,0.07967632849933742,0.8359375,128
bayesfl_observability_v1,ola_sparse_bayesian_keep010_seed42,10,ola,global,,,layers.0.bias,db,76,-59.507243938231134,-58.72282024329996,-59.115032090765546,6,0.059757246374502526,0.8828125,128
bayesfl_observability_v1,ola_sparse_bayesian_keep010_seed42,10,ola,global,,,layers.0.bias,db,77,-58.72282024329996,-57.938396548368786,-58.330608395834375,7,0.06971678743692024,0.9375,128
bayesfl_observability_v1,ola_sparse_bayesian_keep010_seed42,10,ola,global,,,layers.0.bias,db,78,-57.938396548368786,-57.15397285343761,-57.5461847009032,2,0.019919082124834175,0.953125,128
bayesfl_observability_v1,ola_sparse_bayesian_keep010_seed42,10,ola,global,,,layers.0.bias,db,79,-57.15397285343761,-56.36954915850644,-56.76176100597202,6,0.05975724637450307,1.0,128
bayesfl_observability_v1,ola_sparse_bayesian_keep010_seed42,10,ola,global,,,layers.1.weight,raw,0,1.346123336957439e-07,0.0005748332720410898,0.0002874839421873928,150,203.91121158985413,0.1171875,1280
bayesfl_observability_v1,ola_sparse_bayesian_keep010_seed42,10,ola,global,,,layers.1.weight,raw,1,0.0005748332720410898,0.001149531931748484,0.0008621826018947869,135,183.5200904308687,0.22265625,1280
bayesfl_observability_v1,ola_sparse_bayesian_keep010_seed42,10,ola,global,,,layers.1.weight,raw,2,0.001149531931748484,0.0017242305914558782,0.001436881261602181,148,201.1923954353227,0.33828125,1280
bayesfl_observability_v1,ola_sparse_bayesian_keep010_seed42,10,ola,global,,,layers.1.weight,raw,3,0.0017242305914558782,0.002298929251163272,0.002011579921309575,161,218.86470043977687,0.4640625,1280
bayesfl_observability_v1,ola_sparse_bayesian_keep010_seed42,10,ola,global,,,layers.1.weight,raw,4,0.002298929251163272,0.002873627910870666,0.002586278581016969,122,165.8477854264147,0.559375,1280
bayesfl_observability_v1,ola_sparse_bayesian_keep010_seed42,10,ola,global,,,layers.1.weight,raw,5,0.002873627910870666,0.0034483265705780603,0.003160977240724363,99,134.58139964930365,0.63671875,1280
bayesfl_observability_v1,ola_sparse_bayesian_keep010_seed42,10,ola,global,,,layers.1.weight,raw,6,0.0034483265705780603,0.004023025230285454,0.0037356759004317573,63,85.64270886773875,0.6859375,1280
bayesfl_observability_v1,ola_sparse_bayesian_keep010_seed42,10,ola,global,,,layers.1.weight,raw,7,0.004023025230285454,0.004597723889992848,0.004310374560139151,71,96.5179734858643,0.74140625,1280
bayesfl_observability_v1,ola_sparse_bayesian_keep010_seed42,10,ola,global,,,layers.1.weight,raw,8,0.004597723889992848,0.005172422549700242,0.004885073219846546,44,59.81395539969055,0.77578125,1280
bayesfl_observability_v1,ola_sparse_bayesian_keep010_seed42,10,ola,global,,,layers.1.weight,raw,9,0.005172422549700242,0.005747121209407636,0.005459771879553939,35,47.5792827042993,0.803125,1280
bayesfl_observability_v1,ola_sparse_bayesian_keep010_seed42,10,ola,global,,,layers.1.weight,raw,10,0.005747121209407636,0.00632181986911503,0.006034470539261334,36,48.93869078156499,0.83125,1280
bayesfl_observability_v1,ola_sparse_bayesian_keep010_seed42,10,ola,global,,,layers.1.weight,raw,11,0.00632181986911503,0.006896518528822425,0.006609169198968728,26,35.344610008908,0.8515625,1280
bayesfl_observability_v1,ola_sparse_bayesian_keep010_seed42,10,ola,global,,,layers.1.weight,raw,12,0.006896518528822425,0.007471217188529819,0.0071838678586761216,17,23.109937313516802,0.86484375,1280
bayesfl_observability_v1,ola_sparse_bayesian_keep010_seed42,10,ola,global,,,layers.1.weight,raw,13,0.007471217188529819,0.008045915848237214,0.007758566518383516,15,20.391121158985385,0.8765625,1280
bayesfl_observability_v1,ola_sparse_bayesian_keep010_seed42,10,ola,global,,,layers.1.weight,raw,14,0.008045915848237214,0.008620614507944607,0.00833326517809091,18,24.469345390782536,0.890625,1280
bayesfl_observability_v1,ola_sparse_bayesian_keep010_seed42,10,ola,global,,,layers.1.weight,raw,15,0.008620614507944607,0.009195313167652002,0.008907963837798304,6,8.156448463594154,0.8953125,1280
bayesfl_observability_v1,ola_sparse_bayesian_keep010_seed42,10,ola,global,,,layers.1.weight,raw,16,0.009195313167652002,0.009770011827359397,0.0094826624975057,13,17.672305004454,0.90546875,1280
bayesfl_observability_v1,ola_sparse_bayesian_keep010_seed42,10,ola,global,,,layers.1.weight,raw,17,0.009770011827359397,0.01034471048706679,0.010057361157213094,9,12.234672695391268,0.9125,1280
bayesfl_observability_v1,ola_sparse_bayesian_keep010_seed42,10,ola,global,,,layers.1.weight,raw,18,0.01034471048706679,0.010919409146774185,0.010632059816920487,7,9.515856540859845,0.91796875,1280
bayesfl_observability_v1,ola_sparse_bayesian_keep010_seed42,10,ola,global,,,layers.1.weight,raw,19,0.010919409146774185,0.011494107806481578,0.01120675847662788,8,10.875264618125572,0.92421875,1280
bayesfl_observability_v1,ola_sparse_bayesian_keep010_seed42,10,ola,global,,,layers.1.weight,raw,20,0.011494107806481578,0.012068806466188972,0.011781457136335275,12,16.31289692718831,0.93359375,1280
bayesfl_observability_v1,ola_sparse_bayesian_keep010_seed42,10,ola,global,,,layers.1.weight,raw,21,0.012068806466188972,0.012643505125896366,0.01235615579604267,6,8.15644846359418,0.93828125,1280
bayesfl_observability_v1,ola_sparse_bayesian_keep010_seed42,10,ola,global,,,layers.1.weight,raw,22,0.012643505125896366,0.01321820378560376,0.012930854455750063,5,6.797040386328462,0.9421875,1280
bayesfl_observability_v1,ola_sparse_bayesian_keep010_seed42,10,ola,global,,,layers.1.weight,raw,23,0.01321820378560376,0.013792902445311155,0.013505553115457458,2,2.7188161545313845,0.94375,1280
bayesfl_observability_v1,ola_sparse_bayesian_keep010_seed42,10,ola,global,,,layers.1.weight,raw,24,0.013792902445311155,0.014367601105018548,0.014080251775164851,4,5.437632309062786,0.946875,1280
bayesfl_observability_v1,ola_sparse_bayesian_keep010_seed42,10,ola,global,,,layers.1.weight,raw,25,0.014367601105018548,0.014942299764725943,0.014654950434872246,6,8.156448463594154,0.9515625,1280
bayesfl_observability_v1,ola_sparse_bayesian_keep010_seed42,10,ola,global,,,layers.1.weight,raw,26,0.014942299764725943,0.015516998424433336,0.01522964909457964,3,4.07822423179709,0.95390625,1280
bayesfl_observability_v1,ola_sparse_bayesian_keep010_seed42,10,ola,global,,,layers.1.weight,raw,27,0.015516998424433336,0.01609169708414073,0.015804347754287032,2,2.7188161545313845,0.95546875,1280
bayesfl_observability_v1,ola_sparse_bayesian_keep010_seed42,10,ola,global,,,layers.1.weight,raw,28,0.01609169708414073,0.016666395743848126,0.01637904641399443,4,5.437632309062769,0.95859375,1280
bayesfl_observability_v1,ola_sparse_bayesian_keep010_seed42,10,ola,global,,,layers.1.weight,raw,29,0.016666395743848126,0.017241094403555517,0.01695374507370182,5,6.7970403863285025,0.9625,1280
bayesfl_observability_v1,ola_sparse_bayesian_keep010_seed42,10,ola,global,,,layers.1.weight,raw,30,0.017241094403555517,0.017815793063262912,0.017528443733409213,4,5.437632309062769,0.965625,1280
bayesfl_observability_v1,ola_sparse_bayesian_keep010_seed42,10,ola,global,,,layers.1.weight,raw,31,0.017815793063262912,0.018390491722970307,0.01810314239311661,3,4.078224231797077,0.96796875,1280
bayesfl_observability_v1,ola_sparse_bayesian_keep010_seed42,10,ola,global,,,layers.1.weight,raw,32,0.018390491722970307,0.018965190382677702,0.018677841052824003,7,9.515856540859845,0.9734375,1280
bayesfl_observability_v1,ola_sparse_bayesian_keep010_seed42,10,ola,global,,,layers.1.weight,raw,33,0.018965190382677702,0.019539889042385097,0.0192525397125314,2,2.7188161545313845,0.975,1280
bayesfl_observability_v1,ola_sparse_bayesian_keep010_seed42,10,ola,global,,,layers.1.weight,raw,34,0.019539889042385097,0.020114587702092488,0.019827238372238792,1,1.3594080772657005,0.97578125,1280
bayesfl_observability_v1,ola_sparse_bayesian_keep010_seed42,10,ola,global,,,layers.1.weight,raw,35,0.020114587702092488,0.020689286361799883,0.020401937031946184,2,2.7188161545313845,0.97734375,1280
bayesfl_observability_v1,ola_sparse_bayesian_keep010_seed42,10,ola,global,,,layers.1.weight,raw,36,0.020689286361799883,0.021263985021507278,0.020976635691653582,4,5.437632309062769,0.98046875,1280
bayesfl_observability_v1,ola_sparse_bayesian_keep010_seed42,10,ola,global,,,layers.1.weight,raw,37,0.021263985021507278,0.021838683681214673,0.021551334351360973,1,1.3594080772656922,0.98125,1280
bayesfl_observability_v1,ola_sparse_bayesian_keep010_seed42,10,ola,global,,,layers.1.weight,raw,38,0.021838683681214673,0.022413382340922064,0.022126033011068368,1,1.3594080772657005,0.98203125,1280
bayesfl_observability_v1,ola_sparse_bayesian_keep010_seed42,10,ola,global,,,layers.1.weight,raw,39,0.022413382340922064,0.02298808100062946,0.022700731670775763,1,1.3594080772656922,0.9828125,1280
bayesfl_observability_v1,ola_sparse_bayesian_keep010_seed42,10,ola,global,,,layers.1.weight,raw,40,0.02298808100062946,0.023562779660336854,0.023275430330483154,0,0.0,0.9828125,1280
bayesfl_observability_v1,ola_sparse_bayesian_keep010_seed42,10,ola,global,,,layers.1.weight,raw,41,0.023562779660336854,0.02413747832004425,0.023850128990190553,2,2.7188161545313845,0.984375,1280
bayesfl_observability_v1,ola_sparse_bayesian_keep010_seed42,10,ola,global,,,layers.1.weight,raw,42,0.02413747832004425,0.024712176979751643,0.024424827649897944,0,0.0,0.984375,1280
bayesfl_observability_v1,ola_sparse_bayesian_keep010_seed42,10,ola,global,,,layers.1.weight,raw,43,0.024712176979751643,0.025286875639459035,0.02499952630960534,0,0.0,0.984375,1280
bayesfl_observability_v1,ola_sparse_bayesian_keep010_seed42,10,ola,global,,,layers.1.weight,raw,44,0.025286875639459035,0.02586157429916643,0.025574224969312734,2,2.7188161545313845,0.9859375,1280
bayesfl_observability_v1,ola_sparse_bayesian_keep010_seed42,10,ola,global,,,layers.1.weight,raw,45,0.02586157429916643,0.026436272958873824,0.026148923629020125,1,1.3594080772656922,0.98671875,1280
bayesfl_observability_v1,ola_sparse_bayesian_keep010_seed42,10,ola,global,,,layers.1.weight,raw,46,0.026436272958873824,0.02701097161858122,0.026723622288727523,0,0.0,0.98671875,1280
bayesfl_observability_v1,ola_sparse_bayesian_keep010_seed42,10,ola,global,,,layers.1.weight,raw,47,0.02701097161858122,0.027585670278288614,0.027298320948434915,2,2.7188161545313845,0.98828125,1280
bayesfl_observability_v1,ola_sparse_bayesian_keep010_seed42,10,ola,global,,,layers.1.weight,raw,48,0.027585670278288614,0.028160368937996005,0.02787301960814231,0,0.0,0.98828125,1280
bayesfl_observability_v1,ola_sparse_bayesian_keep010_seed42,10,ola,global,,,layers.1.weight,raw,49,0.028160368937996005,0.0287350675977034,0.028447718267849705,1,1.3594080772656922,0.9890625,1280
bayesfl_observability_v1,ola_sparse_bayesian_keep010_seed42,10,ola,global,,,layers.1.weight,raw,50,0.0287350675977034,0.029309766257410795,0.029022416927557096,1,1.3594080772656922,0.98984375,1280
bayesfl_observability_v1,ola_sparse_bayesian_keep010_seed42,10,ola,global,,,layers.1.weight,raw,51,0.029309766257410795,0.02988446491711819,0.029597115587264494,2,2.7188161545313845,0.99140625,1280
bayesfl_observability_v1,ola_sparse_bayesian_keep010_seed42,10,ola,global,,,layers.1.weight,raw,52,0.02988446491711819,0.03045916357682558,0.030171814246971886,1,1.3594080772657005,0.9921875,1280
bayesfl_observability_v1,ola_sparse_bayesian_keep010_seed42,10,ola,global,,,layers.1.weight,raw,53,0.03045916357682558,0.031033862236532976,0.030746512906679277,0,0.0,0.9921875,1280
bayesfl_observability_v1,ola_sparse_bayesian_keep010_seed42,10,ola,global,,,layers.1.weight,raw,54,0.031033862236532976,0.03160856089624037,0.031321211566386675,1,1.3594080772657005,0.99296875,1280
bayesfl_observability_v1,ola_sparse_bayesian_keep010_seed42,10,ola,global,,,layers.1.weight,raw,55,0.03160856089624037,0.032183259555947766,0.03189591022609407,0,0.0,0.99296875,1280
bayesfl_observability_v1,ola_sparse_bayesian_keep010_seed42,10,ola,global,,,layers.1.weight,raw,56,0.032183259555947766,0.03275795821565516,0.03247060888580146,0,0.0,0.99296875,1280
bayesfl_observability_v1,ola_sparse_bayesian_keep010_seed42,10,ola,global,,,layers.1.weight,raw,57,0.03275795821565516,0.033332656875362555,0.033045307545508856,0,0.0,0.99296875,1280
bayesfl_observability_v1,ola_sparse_bayesian_keep010_seed42,10,ola,global,,,layers.1.weight,raw,58,0.033332656875362555,0.03390735553506995,0.033620006205216255,0,0.0,0.99296875,1280
bayesfl_observability_v1,ola_sparse_bayesian_keep010_seed42,10,ola,global,,,layers.1.weight,raw,59,0.03390735553506995,0.03448205419477734,0.03419470486492364,1,1.3594080772657005,0.99375,1280
bayesfl_observability_v1,ola_sparse_bayesian_keep010_seed42,10,ola,global,,,layers.1.weight,raw,60,0.03448205419477734,0.035056752854484736,0.03476940352463104,0,0.0,0.99375,1280
bayesfl_observability_v1,ola_sparse_bayesian_keep010_seed42,10,ola,global,,,layers.1.weight,raw,61,0.035056752854484736,0.03563145151419213,0.035344102184338436,1,1.3594080772657005,0.99453125,1280
bayesfl_observability_v1,ola_sparse_bayesian_keep010_seed42,10,ola,global,,,layers.1.weight,raw,62,0.03563145151419213,0.036206150173899526,0.03591880084404583,0,0.0,0.99453125,1280
bayesfl_observability_v1,ola_sparse_bayesian_keep010_seed42,10,ola,global,,,layers.1.weight,raw,63,0.036206150173899526,0.03678084883360692,0.03649349950375322,0,0.0,0.99453125,1280
bayesfl_observability_v1,ola_sparse_bayesian_keep010_seed42,10,ola,global,,,layers.1.weight,raw,64,0.03678084883360692,0.03735554749331431,0.03706819816346062,0,0.0,0.99453125,1280
bayesfl_observability_v1,ola_sparse_bayesian_keep010_seed42,10,ola,global,,,layers.1.weight,raw,65,0.03735554749331431,0.03793024615302171,0.03764289682316801,2,2.718816154531368,0.99609375,1280
bayesfl_observability_v1,ola_sparse_bayesian_keep010_seed42,10,ola,global,,,layers.1.weight,raw,66,0.03793024615302171,0.0385049448127291,0.0382175954828754,0,0.0,0.99609375,1280
bayesfl_observability_v1,ola_sparse_bayesian_keep010_seed42,10,ola,global,,,layers.1.weight,raw,67,0.0385049448127291,0.0390796434724365,0.0387922941425828,0,0.0,0.99609375,1280
bayesfl_observability_v1,ola_sparse_bayesian_keep010_seed42,10,ola,global,,,layers.1.weight,raw,68,0.0390796434724365,0.03965434213214389,0.039366992802290196,1,1.3594080772657005,0.996875,1280
bayesfl_observability_v1,ola_sparse_bayesian_keep010_seed42,10,ola,global,,,layers.1.weight,raw,69,0.03965434213214389,0.04022904079185128,0.03994169146199758,0,0.0,0.996875,1280
bayesfl_observability_v1,ola_sparse_bayesian_keep010_seed42,10,ola,global,,,layers.1.weight,raw,70,0.04022904079185128,0.04080373945155868,0.04051639012170498,0,0.0,0.996875,1280
bayesfl_observability_v1,ola_sparse_bayesian_keep010_seed42,10,ola,global,,,layers.1.weight,raw,71,0.04080373945155868,0.04137843811126607,0.04109108878141238,0,0.0,0.996875,1280
bayesfl_observability_v1,ola_sparse_bayesian_keep010_seed42,10,ola,global,,,layers.1.weight,raw,72,0.04137843811126607,0.04195313677097347,0.04166578744111977,0,0.0,0.996875,1280
bayesfl_observability_v1,ola_sparse_bayesian_keep010_seed42,10,ola,global,,,layers.1.weight,raw,73,0.04195313677097347,0.04252783543068086,0.04224048610082716,1,1.3594080772657005,0.99765625,1280
bayesfl_observability_v1,ola_sparse_bayesian_keep010_seed42,10,ola,global,,,layers.1.weight,raw,74,0.04252783543068086,0.04310253409038825,0.04281518476053456,0,0.0,0.99765625,1280
bayesfl_observability_v1,ola_sparse_bayesian_keep010_seed42,10,ola,global,,,layers.1.weight,raw,75,0.04310253409038825,0.04367723275009565,0.04338988342024195,0,0.0,0.99765625,1280
bayesfl_observability_v1,ola_sparse_bayesian_keep010_seed42,10,ola,global,,,layers.1.weight,raw,76,0.04367723275009565,0.04425193140980304,0.04396458207994934,1,1.3594080772657005,0.9984375,1280
bayesfl_observability_v1,ola_sparse_bayesian_keep010_seed42,10,ola,global,,,layers.1.weight,raw,77,0.04425193140980304,0.04482663006951043,0.04453928073965674,1,1.3594080772657005,0.99921875,1280
bayesfl_observability_v1,ola_sparse_bayesian_keep010_seed42,10,ola,global,,,layers.1.weight,raw,78,0.04482663006951043,0.04540132872921783,0.04511397939936413,0,0.0,0.99921875,1280
bayesfl_observability_v1,ola_sparse_bayesian_keep010_seed42,10,ola,global,,,layers.1.weight,raw,79,0.04540132872921783,0.04597602738892522,0.04568867805907152,1,1.3594080772657005,1.0,1280
bayesfl_observability_v1,ola_sparse_bayesian_keep010_seed42,10,ola,global,,,layers.1.weight,db,0,-137.41823840644838,-136.0348775656543,-136.72655798605135,1,0.0005647478061845032,0.00078125,1280
bayesfl_observability_v1,ola_sparse_bayesian_keep010_seed42,10,ola,global,,,layers.1.weight,db,1,-136.0348775656543,-134.65151672486022,-135.34319714525725,0,0.0,0.00078125,1280
bayesfl_observability_v1,ola_sparse_bayesian_keep010_seed42,10,ola,global,,,layers.1.weight,db,2,-134.65151672486022,-133.26815588406615,-133.95983630446318,0,0.0,0.00078125,1280
bayesfl_observability_v1,ola_sparse_bayesian_keep010_seed42,10,ola,global,,,layers.1.weight,db,3,-133.26815588406615,-131.88479504327208,-132.5764754636691,1,0.0005647478061845032,0.0015625,1280
bayesfl_observability_v1,ola_sparse_bayesian_keep010_seed42,10,ola,global,,,layers.1.weight,db,4,-131.88479504327208,-130.501434202478,-131.19311462287504,0,0.0,0.0015625,1280
bayesfl_observability_v1,ola_sparse_bayesian_keep010_seed42,10,ola,global,,,layers.1.weight,db,5,-130.501434202478,-129.1180733616839,-129.80975378208097,0,0.0,0.0015625,1280
bayesfl_observability_v1,ola_sparse_bayesian_keep010_seed42,10,ola,global,,,layers.1.weight,db,6,-129.1180733616839,-127.73471252088984,-128.42639294128688,0,0.0,0.0015625,1280
bayesfl_observability_v1,ola_sparse_bayesian_keep010_seed42,10,ola,global,,,layers.1.weight,db,7,-127.73471252088984,-126.35135168009577,-127.04303210049281,0,0.0,0.0015625,1280
bayesfl_observability_v1,ola_sparse_bayesian_keep010_seed42,10,ola,global,,,layers.1.weight,db,8,-126.35135168009577,-124.96799083930169,-125.65967125969874,0,0.0,0.0015625,1280
bayesfl_observability_v1,ola_sparse_bayesian_keep010_seed42,10,ola,global,,,layers.1.weight,db,9,-124.96799083930169,-123.58462999850761,-124.27631041890464,0,0.0,0.0015625,1280
bayesfl_observability_v1,ola_sparse_bayesian_keep010_seed42,10,ola,global,,,layers.1.weight,db,10,-123.58462999850761,-122.20126915771354,-122.89294957811057,0,0.0,0.0015625,1280
bayesfl_observability_v1,ola_sparse_bayesian_keep010_seed42,10,ola,global,,,layers.1.weight,db,11,-122.20126915771354,-120.81790831691947,-121.5095887373165,0,0.0,0.0015625,1280
bayesfl_observability_v1,ola_sparse_bayesian_keep010_seed42,10,ola,global,,,layers.1.weight,db,12,-120.81790831691947,-119.43454747612539,-120.12622789652244,0,0.0,0.0015625,1280
bayesfl_observability_v1,ola_sparse_bayesian_keep010_seed42,10,ola,global,,,layers.1.weight,db,13,-119.43454747612539,-118.0511866353313,-118.74286705572834,0,0.0,0.0015625,1280
bayesfl_observability_v1,ola_sparse_bayesian_keep010_seed42,10,ola,global,,,layers.1.weight,db,14,-118.0511866353313,-116.66782579453724,-117.35950621493427,0,0.0,0.0015625,1280
bayesfl_observability_v1,ola_sparse_bayesian_keep010_seed42,10,ola,global,,,layers.1.weight,db,15,-116.66782579453724,-115.28446495374315,-115.9761453741402,0,0.0,0.0015625,1280
bayesfl_observability_v1,ola_sparse_bayesian_keep010_seed42,10,ola,global,,,layers.1.weight,db,16,-115.28446495374315,-113.90110411294908,-114.59278453334612,0,0.0,0.0015625,1280
bayesfl_observability_v1,ola_sparse_bayesian_keep010_seed42,10,ola,global,,,layers.1.weight,db,17,-113.90110411294908,-112.517743272155,-113.20942369255204,0,0.0,0.0015625,1280
bayesfl_observability_v1,ola_sparse_bayesian_keep010_seed42,10,ola,global,,,layers.1.weight,db,18,-112.517743272155,-111.13438243136093,-111.82606285175797,0,0.0,0.0015625,1280
bayesfl_observability_v1,ola_sparse_bayesian_keep010_seed42,10,ola,global,,,layers.1.weight,db,19,-111.13438243136093,-109.75102159056685,-110.4427020109639,0,0.0,0.0015625,1280
bayesfl_observability_v1,ola_sparse_bayesian_keep010_seed42,10,ola,global,,,layers.1.weight,db,20,-109.75102159056685,-108.36766074977277,-109.0593411701698,0,0.0,0.0015625,1280
bayesfl_observability_v1,ola_sparse_bayesian_keep010_seed42,10,ola,global,,,layers.1.weight,db,21,-108.36766074977277,-106.9842999089787,-107.67598032937573,0,0.0,0.0015625,1280
bayesfl_observability_v1,ola_sparse_bayesian_keep010_seed42,10,ola,global,,,layers.1.weight,db,22,-106.9842999089787,-105.60093906818463,-106.29261948858166,0,0.0,0.0015625,1280
bayesfl_observability_v1,ola_sparse_bayesian_keep010_seed42,10,ola,global,,,layers.1.weight,db,23,-105.60093906818463,-104.21757822739055,-104.9092586477876,1,0.0005647478061844973,0.00234375,1280
bayesfl_observability_v1,ola_sparse_bayesian_keep010_seed42,10,ola,global,,,layers.1.weight,db,24,-104.21757822739055,-102.83421738659646,-103.5258978069935,0,0.0,0.00234375,1280
bayesfl_observability_v1,ola_sparse_bayesian_keep010_seed42,10,ola,global,,,layers.1.weight,db,25,-102.83421738659646,-101.4508565458024,-102.14253696619943,0,0.0,0.00234375,1280
bayesfl_observability_v1,ola_sparse_bayesian_keep010_seed42,10,ola,global,,,layers.1.weight,db,26,-101.4508565458024,-100.06749570500831,-100.75917612540536,0,0.0,0.00234375,1280
bayesfl_observability_v1,ola_sparse_bayesian_keep010_seed42,10,ola,global,,,layers.1.weight,db,27,-100.06749570500831,-98.68413486421423,-99.37581528461126,1,0.0005647478061844973,0.003125,1280
bayesfl_observability_v1,ola_sparse_bayesian_keep010_seed42,10,ola,global,,,layers.1.weight,db,28,-98.68413486421423,-97.30077402342016,-97.9924544438172,0,0.0,0.003125,1280
bayesfl_observability_v1,ola_sparse_bayesian_keep010_seed42,10,ola,global,,,layers.1.weight,db,29,-97.30077402342016,-95.91741318262609,-96.60909360302313,0,0.0,0.003125,1280
bayesfl_observability_v1,ola_sparse_bayesian_keep010_seed42,10,ola,global,,,layers.1.weight,db,30,-95.91741318262609,-94.53405234183201,-95.22573276222906,1,0.0005647478061844973,0.00390625,1280
bayesfl_observability_v1,ola_sparse_bayesian_keep010_seed42,10,ola,global,,,layers.1.weight,db,31,-94.53405234183201,-93.15069150103793,-93.84237192143496,0,0.0,0.00390625,1280
bayesfl_observability_v1,ola_sparse_bayesian_keep010_seed42,10,ola,global,,,layers.1.weight,db,32,-93.15069150103793,-91.76733066024386,-92.45901108064089,1,0.0005647478061845032,0.0046875,1280
bayesfl_observability_v1,ola_sparse_bayesian_keep010_seed42,10,ola,global,,,layers.1.weight,db,33,-91.76733066024386,-90.38396981944979,-91.07565023984682,0,0.0,0.0046875,1280
bayesfl_observability_v1,ola_sparse_bayesian_keep010_seed42,10,ola,global,,,layers.1.weight,db,34,-90.38396981944979,-89.0006089786557,-89.69228939905275,2,0.0011294956123689946,0.00625,1280
bayesfl_observability_v1,ola_sparse_bayesian_keep010_seed42,10,ola,global,,,layers.1.weight,db,35,-89.0006089786557,-87.61724813786162,-88.30892855825866,2,0.0011294956123689946,0.0078125,1280
bayesfl_observability_v1,ola_sparse_bayesian_keep010_seed42,10,ola,global,,,layers.1.weight,db,36,-87.61724813786162,-86.23388729706755,-86.92556771746459,3,0.0016942434185535094,0.01015625,1280
bayesfl_observability_v1,ola_sparse_bayesian_keep010_seed42,10,ola,global,,,layers.1.weight,db,37,-86.23388729706755,-84.85052645627347,-85.54220687667052,3,0.001694243418553492,0.0125,1280
bayesfl_observability_v1,ola_sparse_bayesian_keep010_seed42,10,ola,global,,,layers.1.weight,db,38,-84.85052645627347,-83.46716561547939,-84.15884603587642,2,0.0011294956123689946,0.0140625,1280
bayesfl_observability_v1,ola_sparse_bayesian_keep010_seed42,10,ola,global,,,layers.1.weight,db,39,-83.46716561547939,-82.08380477468532,-82.77548519508235,3,0.0016942434185535094,0.01640625,1280
bayesfl_observability_v1,ola_sparse_bayesian_keep010_seed42,10,ola,global,,,layers.1.weight,db,40,-82.08380477468532,-80.70044393389125,-81.39212435428828,1,0.0005647478061845032,0.0171875,1280
bayesfl_observability_v1,ola_sparse_bayesian_keep010_seed42,10,ola,global,,,layers.1.weight,db,41,-80.70044393389125,-79.31708309309717,-80.00876351349422,3,0.001694243418553492,0.01953125,1280
bayesfl_observability_v1,ola_sparse_bayesian_keep010_seed42,10,ola,global,,,layers.1.weight,db,42,-79.31708309309717,-77.93372225230308,-78.62540267270012,4,0.002258991224737989,0.02265625,1280
bayesfl_observability_v1,ola_sparse_bayesian_keep010_seed42,10,ola,global,,,layers.1.weight,db,43,-77.93372225230308,-76.55036141150902,-77.24204183190605,5,0.0028237390309225154,0.0265625,1280
bayesfl_observability_v1,ola_sparse_bayesian_keep010_seed42,10,ola,global,,,layers.1.weight,db,44,-76.55036141150902,-75.16700057071495,-75.85868099111198,5,0.0028237390309225154,0.03046875,1280
bayesfl_observability_v1,ola_sparse_bayesian_keep010_seed42,10,ola,global,,,layers.1.weight,db,45,-75.16700057071495,-73.78363972992086,-74.47532015031791,8,0.004517982449475978,0.03671875,1280
bayesfl_observability_v1,ola_sparse_bayesian_keep010_seed42,10,ola,global,,,layers.1.weight,db,46,-73.78363972992086,-72.40027888912678,-73.09195930952382,5,0.0028237390309224864,0.040625,1280
bayesfl_observability_v1,ola_sparse_bayesian_keep010_seed42,10,ola,global,,,layers.1.weight,db,47,-72.40027888912678,-71.01691804833271,-71.70859846872975,16,0.00903596489895205,0.053125,1280
bayesfl_observability_v1,ola_sparse_bayesian_keep010_seed42,10,ola,global,,,layers.1.weight,db,48,-71.01691804833271,-69.63355720753863,-70.32523762793568,17,0.009600712705136454,0.06640625,1280
bayesfl_observability_v1,ola_sparse_bayesian_keep010_seed42,10,ola,global,,,layers.1.weight,db,49,-69.63355720753863,-68.25019636674456,-68.9418767871416,23,0.012989199542243571,0.084375,1280
bayesfl_observability_v1,ola_sparse_bayesian_keep010_seed42,10,ola,global,,,layers.1.weight,db,50,-68.25019636674456,-66.86683552595048,-67.55851594634751,12,0.006776973674213968,0.09375,1280
bayesfl_observability_v1,ola_sparse_bayesian_keep010_seed42,10,ola,global,,,layers.1.weight,db,51,-66.86683552595048,-65.48347468515641,-66.17515510555344,21,0.011859703929874565,0.11015625,1280
bayesfl_observability_v1,ola_sparse_bayesian_keep010_seed42,10,ola,global,,,layers.1.weight,db,52,-65.48347468515641,-64.10011384436233,-64.79179426475937,18,0.010165460511320952,0.12421875,1280
bayesfl_observability_v1,ola_sparse_bayesian_keep010_seed42,10,ola,global,,,layers.1.weight,db,53,-64.10011384436233,-62.71675300356824,-63.408433423965285,28,0.015812938573165923,0.14609375,1280
bayesfl_observability_v1,ola_sparse_bayesian_keep010_seed42,10,ola,global,,,layers.1.weight,db,54,-62.71675300356824,-61.333392162774174,-62.02507258317121,35,0.01976617321645761,0.1734375,1280
bayesfl_observability_v1,ola_sparse_bayesian_keep010_seed42,10,ola,global,,,layers.1.weight,db,55,-61.333392162774174,-59.95003132198009,-60.64171174237713,28,0.015812938573165923,0.1953125,1280
bayesfl_observability_v1,ola_sparse_bayesian_keep010_seed42,10,ola,global,,,layers.1.weight,db,56,-59.95003132198009,-58.56667048118602,-59.25835090158306,40,0.022589912247380124,0.2265625,1280
bayesfl_observability_v1,ola_sparse_bayesian_keep010_seed42,10,ola,global,,,layers.1.weight,db,57,-58.56667048118602,-57.18330964039194,-57.87499006078898,46,0.025978399084486875,0.2625,1280
bayesfl_observability_v1,ola_sparse_bayesian_keep010_seed42,10,ola,global,,,layers.1.weight,db,58,-57.18330964039194,-55.79994879959787,-56.491629219994905,64,0.0361438595958082,0.3125,1280
bayesfl_observability_v1,ola_sparse_bayesian_keep010_seed42,10,ola,global,,,layers.1.weight,db,59,-55.79994879959787,-54.41658795880379,-55.10826837920083,94,0.05308629378134275,0.3859375,1280
bayesfl_observability_v1,ola_sparse_bayesian_keep010_seed42,10,ola,global,,,layers.1.weight,db,60,-54.41658795880379,-53.03322711800972,-53.724907538406754,85,0.04800356352568277,0.45234375,1280
bayesfl_observability_v1,ola_sparse_bayesian_keep010_seed42,10,ola,global,,,layers.1.weight,db,61,-53.03322711800972,-51.64986627721564,-52.34154669761268,84,0.047438815719497776,0.51796875,1280
bayesfl_observability_v1,ola_sparse_bayesian_keep010_seed42,10,ola,global,,,layers.1.weight,db,62,-51.64986627721564,-50.26650543642157,-50.9581858568186,88,0.04969780694423628,0.58671875,1280
bayesfl_observability_v1,ola_sparse_bayesian_keep010_seed42,10,ola,global,,,layers.1.weight,db,63,-50.26650543642157,-48.883144595627485,-49.574825016024526,85,0.048003563525682275,0.653125,1280
bayesfl_observability_v1,ola_sparse_bayesian_keep010_seed42,10,ola,global,,,layers.1.weight,db,64,-48.883144595627485,-47.4997837548334,-48.19146417523044,68,0.038402850820545814,0.70625,1280
bayesfl_observability_v1,ola_sparse_bayesian_keep010_seed42,10,ola,global,,,layers.1.weight,db,65,-47.4997837548334,-46.11642291403933,-46.80810333443637,71,0.04009709423909972,0.76171875,1280
bayesfl_observability_v1,ola_sparse_bayesian_keep010_seed42,10,ola,global,,,layers.1.weight,db,66,-46.11642291403933,-44.73306207324525,-45.42474249364229,56,0.031625877146331846,0.80546875,1280
bayesfl_observability_v1,ola_sparse_bayesian_keep010_seed42,10,ola,global,,,layers.1.weight,db,67,-44.73306207324525,-43.34970123245118,-44.041381652848216,52,0.02936688592159416,0.84609375,1280
bayesfl_observability_v1,ola_sparse_bayesian_keep010_seed42,10,ola,global,,,layers.1.weight,db,68,-43.34970123245118,-41.9663403916571,-42.65802081205414,36,0.020330921022641904,0.87421875,1280
bayesfl_observability_v1,ola_sparse_bayesian_keep010_seed42,10,ola,global,,,layers.1.weight,db,69,-41.9663403916571,-40.58297955086303,-41.274659971260064,34,0.019201425410273105,0.90078125,1280
bayesfl_observability_v1,ola_sparse_bayesian_keep010_seed42,10,ola,global,,,layers.1.weight,db,70,-40.58297955086303,-39.19961871006895,-39.89129913046599,23,0.012989199542243438,0.91875,1280
bayesfl_observability_v1,ola_sparse_bayesian_keep010_seed42,10,ola,global,,,layers.1.weight,db,71,-39.19961871006895,-37.81625786927488,-38.50793828967191,27,0.015248190766981584,0.93984375,1280
bayesfl_observability_v1,ola_sparse_bayesian_keep010_seed42,10,ola,global,,,layers.1.weight,db,72,-37.81625786927488,-36.432897028480795,-37.12457744887784,15,0.00847121709276746,0.9515625,1280
bayesfl_observability_v1,ola_sparse_bayesian_keep010_seed42,10,ola,global,,,layers.1.weight,db,73,-36.432897028480795,-35.049536187686726,-35.74121660808376,16,0.00903596489895205,0.9640625,1280
bayesfl_observability_v1,ola_sparse_bayesian_keep010_seed42,10,ola,global,,,layers.1.weight,db,74,-35.049536187686726,-33.66617534689264,-34.357855767289685,18,0.010165460511320952,0.978125,1280
bayesfl_observability_v1,ola_sparse_bayesian_keep010_seed42,10,ola,global,,,layers.1.weight,db,75,-33.66617534689264,-32.28281450609856,-32.9744949264956,8,0.004517982449475978,0.984375,1280
bayesfl_observability_v1,ola_sparse_bayesian_keep010_seed42,10,ola,global,,,layers.1.weight,db,76,-32.28281450609856,-30.899453665304492,-31.591134085701526,5,0.0028237390309225154,0.98828125,1280
bayesfl_observability_v1,ola_sparse_bayesian_keep010_seed42,10,ola,global,,,layers.1.weight,db,77,-30.899453665304492,-29.51609282451041,-30.20777324490745,6,0.003388486837106984,0.99296875,1280
bayesfl_observability_v1,ola_sparse_bayesian_keep010_seed42,10,ola,global,,,layers.1.weight,db,78,-29.51609282451041,-28.13273198371634,-28.824412404113374,5,0.0028237390309225154,0.996875,1280
bayesfl_observability_v1,ola_sparse_bayesian_keep010_seed42,10,ola,global,,,layers.1.weight,db,79,-28.13273198371634,-26.749371142922254,-27.4410515633193,4,0.0022589912247379836,1.0,1280
bayesfl_observability_v1,ola_sparse_bayesian_keep010_seed42,10,ola,global,,,layers.1.bias,raw,0,0.001167540393633001,0.001454082243536837,0.0013108113185849191,3,1046.9674852056714,0.3,10
bayesfl_observability_v1,ola_sparse_bayesian_keep010_seed42,10,ola,global,,,layers.1.bias,raw,1,0.001454082243536837,0.0017406240934406728,0.0015973531684887548,0,0.0,0.3,10
bayesfl_observability_v1,ola_sparse_bayesian_keep010_seed42,10,ola,global,,,layers.1.bias,raw,2,0.0017406240934406728,0.0020271659433445085,0.0018838950183925906,2,697.9783234704481,0.5,10
bayesfl_observability_v1,ola_sparse_bayesian_keep010_seed42,10,ola,global,,,layers.1.bias,raw,3,0.0020271659433445085,0.0023137077932483445,0.0021704368682964265,0,0.0,0.5,10
bayesfl_observability_v1,ola_sparse_bayesian_keep010_seed42,10,ola,global,,,layers.1.bias,raw,4,0.0023137077932483445,0.00260024964315218,0.0024569787182002626,0,0.0,0.5,10
bayesfl_observability_v1,ola_sparse_bayesian_keep010_seed42,10,ola,global,,,layers.1.bias,raw,5,0.00260024964315218,0.002886791493056016,0.0027435205681040978,1,348.98916173522406,0.6,10
bayesfl_observability_v1,ola_sparse_bayesian_keep010_seed42,10,ola,global,,,layers.1.bias,raw,6,0.002886791493056016,0.003173333342959852,0.003030062418007934,0,0.0,0.6,10
bayesfl_observability_v1,ola_sparse_bayesian_keep010_seed42,10,ola,global,,,layers.1.bias,raw,7,0.003173333342959852,0.0034598751928636875,0.00331660426791177,0,0.0,0.6,10
bayesfl_observability_v1,ola_sparse_bayesian_keep010_seed42,10,ola,global,,,layers.1.bias,raw,8,0.0034598751928636875,0.003746417042767523,0.003603146117815605,1,348.98916173522406,0.7,10
bayesfl_observability_v1,ola_sparse_bayesian_keep010_seed42,10,ola,global,,,layers.1.bias,raw,9,0.003746417042767523,0.004032958892671359,0.0038896879677194412,0,0.0,0.7,10
bayesfl_observability_v1,ola_sparse_bayesian_keep010_seed42,10,ola,global,,,layers.1.bias,raw,10,0.004032958892671359,0.0043195007425751945,0.004176229817623276,1,348.9891617352246,0.8,10
bayesfl_observability_v1,ola_sparse_bayesian_keep010_seed42,10,ola,global,,,layers.1.bias,raw,11,0.0043195007425751945,0.0046060425924790305,0.0044627716675271125,0,0.0,0.8,10
bayesfl_observability_v1,ola_sparse_bayesian_keep010_seed42,10,ola,global,,,layers.1.bias,raw,12,0.0046060425924790305,0.004892584442382867,0.004749313517430949,0,0.0,0.8,10
bayesfl_observability_v1,ola_sparse_bayesian_keep010_seed42,10,ola,global,,,layers.1.bias,raw,13,0.004892584442382867,0.005179126292286703,0.005035855367334785,0,0.0,0.8,10
bayesfl_observability_v1,ola_sparse_bayesian_keep010_seed42,10,ola,global,,,layers.1.bias,raw,14,0.005179126292286703,0.005465668142190538,0.005322397217238621,0,0.0,0.8,10
bayesfl_observability_v1,ola_sparse_bayesian_keep010_seed42,10,ola,global,,,layers.1.bias,raw,15,0.005465668142190538,0.005752209992094374,0.005608939067142456,0,0.0,0.8,10
bayesfl_observability_v1,ola_sparse_bayesian_keep010_seed42,10,ola,global,,,layers.1.bias,raw,16,0.005752209992094374,0.00603875184199821,0.005895480917046292,0,0.0,0.8,10
bayesfl_observability_v1,ola_sparse_bayesian_keep010_seed42,10,ola,global,,,layers.1.bias,raw,17,0.00603875184199821,0.006325293691902045,0.006182022766950127,0,0.0,0.8,10
bayesfl_observability_v1,ola_sparse_bayesian_keep010_seed42,10,ola,global,,,layers.1.bias,raw,18,0.006325293691902045,0.006611835541805881,0.006468564616853963,0,0.0,0.8,10
bayesfl_observability_v1,ola_sparse_bayesian_keep010_seed42,10,ola,global,,,layers.1.bias,raw,19,0.006611835541805881,0.006898377391709717,0.006755106466757799,0,0.0,0.8,10
bayesfl_observability_v1,ola_sparse_bayesian_keep010_seed42,10,ola,global,,,layers.1.bias,raw,20,0.006898377391709717,0.007184919241613553,0.0070416483166616355,0,0.0,0.8,10
bayesfl_observability_v1,ola_sparse_bayesian_keep010_seed42,10,ola,global,,,layers.1.bias,raw,21,0.007184919241613553,0.007471461091517389,0.007328190166565471,1,348.98916173522355,0.9,10
bayesfl_observability_v1,ola_sparse_bayesian_keep010_seed42,10,ola,global,,,layers.1.bias,raw,22,0.007471461091517389,0.007758002941421225,0.007614732016469307,0,0.0,0.9,10
bayesfl_observability_v1,ola_sparse_bayesian_keep010_seed42,10,ola,global,,,layers.1.bias,raw,23,0.007758002941421225,0.00804454479132506,0.007901273866373142,0,0.0,0.9,10
bayesfl_observability_v1,ola_sparse_bayesian_keep010_seed42,10,ola,global,,,layers.1.bias,raw,24,0.00804454479132506,0.008331086641228896,0.008187815716276978,0,0.0,0.9,10
bayesfl_observability_v1,ola_sparse_bayesian_keep010_seed42,10,ola,global,,,layers.1.bias,raw,25,0.008331086641228896,0.008617628491132732,0.008474357566180814,0,0.0,0.9,10
bayesfl_observability_v1,ola_sparse_bayesian_keep010_seed42,10,ola,global,,,layers.1.bias,raw,26,0.008617628491132732,0.008904170341036568,0.00876089941608465,0,0.0,0.9,10
bayesfl_observability_v1,ola_sparse_bayesian_keep010_seed42,10,ola,global,,,layers.1.bias,raw,27,0.008904170341036568,0.009190712190940404,0.009047441265988486,0,0.0,0.9,10
bayesfl_observability_v1,ola_sparse_bayesian_keep010_seed42,10,ola,global,,,layers.1.bias,raw,28,0.009190712190940404,0.009477254040844239,0.00933398311589232,0,0.0,0.9,10
bayesfl_observability_v1,ola_sparse_bayesian_keep010_seed42,10,ola,global,,,layers.1.bias,raw,29,0.009477254040844239,0.009763795890748075,0.009620524965796157,0,0.0,0.9,10
bayesfl_observability_v1,ola_sparse_bayesian_keep010_seed42,10,ola,global,,,layers.1.bias,raw,30,0.009763795890748075,0.01005033774065191,0.009907066815699993,0,0.0,0.9,10
bayesfl_observability_v1,ola_sparse_bayesian_keep010_seed42,10,ola,global,,,layers.1.bias,raw,31,0.01005033774065191,0.010336879590555747,0.010193608665603829,0,0.0,0.9,10
bayesfl_observability_v1,ola_sparse_bayesian_keep010_seed42,10,ola,global,,,layers.1.bias,raw,32,0.010336879590555747,0.010623421440459583,0.010480150515507665,0,0.0,0.9,10
bayesfl_observability_v1,ola_sparse_bayesian_keep010_seed42,10,ola,global,,,layers.1.bias,raw,33,0.010623421440459583,0.010909963290363419,0.010766692365411501,0,0.0,0.9,10
bayesfl_observability_v1,ola_sparse_bayesian_keep010_seed42,10,ola,global,,,layers.1.bias,raw,34,0.010909963290363419,0.011196505140267255,0.011053234215315337,0,0.0,0.9,10
bayesfl_observability_v1,ola_sparse_bayesian_keep010_seed42,10,ola,global,,,layers.1.bias,raw,35,0.011196505140267255,0.01148304699017109,0.011339776065219173,0,0.0,0.9,10
bayesfl_observability_v1,ola_sparse_bayesian_keep010_seed42,10,ola,global,,,layers.1.bias,raw,36,0.01148304699017109,0.011769588840074926,0.011626317915123007,0,0.0,0.9,10
bayesfl_observability_v1,ola_sparse_bayesian_keep010_seed42,10,ola,global,,,layers.1.bias,raw,37,0.011769588840074926,0.012056130689978762,0.011912859765026844,0,0.0,0.9,10
bayesfl_observability_v1,ola_sparse_bayesian_keep010_seed42,10,ola,global,,,layers.1.bias,raw,38,0.012056130689978762,0.012342672539882598,0.01219940161493068,0,0.0,0.9,10
bayesfl_observability_v1,ola_sparse_bayesian_keep010_seed42,10,ola,global,,,layers.1.bias,raw,39,0.012342672539882598,0.012629214389786434,0.012485943464834516,0,0.0,0.9,10
bayesfl_observability_v1,ola_sparse_bayesian_keep010_seed42,10,ola,global,,,layers.1.bias,raw,40,0.012629214389786434,0.01291575623969027,0.012772485314738352,0,0.0,0.9,10
bayesfl_observability_v1,ola_sparse_bayesian_keep010_seed42,10,ola,global,,,layers.1.bias,raw,41,0.01291575623969027,0.013202298089594104,0.013059027164642186,0,0.0,0.9,10
bayesfl_observability_v1,ola_sparse_bayesian_keep010_seed42,10,ola,global,,,layers.1.bias,raw,42,0.013202298089594104,0.01348883993949794,0.013345569014546022,0,0.0,0.9,10
bayesfl_observability_v1,ola_sparse_bayesian_keep010_seed42,10,ola,global,,,layers.1.bias,raw,43,0.01348883993949794,0.013775381789401776,0.013632110864449858,0,0.0,0.9,10
bayesfl_observability_v1,ola_sparse_bayesian_keep010_seed42,10,ola,global,,,layers.1.bias,raw,44,0.013775381789401776,0.014061923639305612,0.013918652714353694,0,0.0,0.9,10
bayesfl_observability_v1,ola_sparse_bayesian_keep010_seed42,10,ola,global,,,layers.1.bias,raw,45,0.014061923639305612,0.014348465489209448,0.01420519456425753,0,0.0,0.9,10
bayesfl_observability_v1,ola_sparse_bayesian_keep010_seed42,10,ola,global,,,layers.1.bias,raw,46,0.014348465489209448,0.014635007339113285,0.014491736414161367,0,0.0,0.9,10
bayesfl_observability_v1,ola_sparse_bayesian_keep010_seed42,10,ola,global,,,layers.1.bias,raw,47,0.014635007339113285,0.014921549189017119,0.014778278264065203,0,0.0,0.9,10
bayesfl_observability_v1,ola_sparse_bayesian_keep010_seed42,10,ola,global,,,layers.1.bias,raw,48,0.014921549189017119,0.015208091038920955,0.015064820113969037,0,0.0,0.9,10
bayesfl_observability_v1,ola_sparse_bayesian_keep010_seed42,10,ola,global,,,layers.1.bias,raw,49,0.015208091038920955,0.015494632888824791,0.015351361963872873,0,0.0,0.9,10
bayesfl_observability_v1,ola_sparse_bayesian_keep010_seed42,10,ola,global,,,layers.1.bias,raw,50,0.015494632888824791,0.01578117473872863,0.01563790381377671,0,0.0,0.9,10
bayesfl_observability_v1,ola_sparse_bayesian_keep010_seed42,10,ola,global,,,layers.1.bias,raw,51,0.01578117473872863,0.016067716588632465,0.015924445663680547,0,0.0,0.9,10
bayesfl_observability_v1,ola_sparse_bayesian_keep010_seed42,10,ola,global,,,layers.1.bias,raw,52,0.016067716588632465,0.0163542584385363,0.016210987513584383,0,0.0,0.9,10
bayesfl_observability_v1,ola_sparse_bayesian_keep010_seed42,10,ola,global,,,layers.1.bias,raw,53,0.0163542584385363,0.016640800288440137,0.01649752936348822,0,0.0,0.9,10
bayesfl_observability_v1,ola_sparse_bayesian_keep010_seed42,10,ola,global,,,layers.1.bias,raw,54,0.016640800288440137,0.016927342138343973,0.016784071213392055,0,0.0,0.9,10
bayesfl_observability_v1,ola_sparse_bayesian_keep010_seed42,10,ola,global,,,layers.1.bias,raw,55,0.016927342138343973,0.01721388398824781,0.01707061306329589,0,0.0,0.9,10
bayesfl_observability_v1,ola_sparse_bayesian_keep010_seed42,10,ola,global,,,layers.1.bias,raw,56,0.01721388398824781,0.017500425838151645,0.017357154913199727,0,0.0,0.9,10
bayesfl_observability_v1,ola_sparse_bayesian_keep010_seed42,10,ola,global,,,layers.1.bias,raw,57,0.017500425838151645,0.017786967688055474,0.01764369676310356,0,0.0,0.9,10
bayesfl_observability_v1,ola_sparse_bayesian_keep010_seed42,10,ola,global,,,layers.1.bias,raw,58,0.017786967688055474,0.01807350953795931,0.017930238613007392,0,0.0,0.9,10
bayesfl_observability_v1,ola_sparse_bayesian_keep010_seed42,10,ola,global,,,layers.1.bias,raw,59,0.01807350953795931,0.018360051387863147,0.01821678046291123,0,0.0,0.9,10
bayesfl_observability_v1,ola_sparse_bayesian_keep010_seed42,10,ola,global,,,layers.1.bias,raw,60,0.018360051387863147,0.018646593237766983,0.018503322312815065,0,0.0,0.9,10
bayesfl_observability_v1,ola_sparse_bayesian_keep010_seed42,10,ola,global,,,layers.1.bias,raw,61,0.018646593237766983,0.01893313508767082,0.0187898641627189,0,0.0,0.9,10
bayesfl_observability_v1,ola_sparse_bayesian_keep010_seed42,10,ola,global,,,layers.1.bias,raw,62,0.01893313508767082,0.019219676937574655,0.019076406012622737,0,0.0,0.9,10
bayesfl_observability_v1,ola_sparse_bayesian_keep010_seed42,10,ola,global,,,layers.1.bias,raw,63,0.019219676937574655,0.01950621878747849,0.019362947862526573,0,0.0,0.9,10
bayesfl_observability_v1,ola_sparse_bayesian_keep010_seed42,10,ola,global,,,layers.1.bias,raw,64,0.01950621878747849,0.019792760637382327,0.01964948971243041,0,0.0,0.9,10
bayesfl_observability_v1,ola_sparse_bayesian_keep010_seed42,10,ola,global,,,layers.1.bias,raw,65,0.019792760637382327,0.020079302487286163,0.019936031562334245,0,0.0,0.9,10
bayesfl_observability_v1,ola_sparse_bayesian_keep010_seed42,10,ola,global,,,layers.1.bias,raw,66,0.020079302487286163,0.02036584433719,0.02022257341223808,0,0.0,0.9,10
bayesfl_observability_v1,ola_sparse_bayesian_keep010_seed42,10,ola,global,,,layers.1.bias,raw,67,0.02036584433719,0.020652386187093835,0.020509115262141917,0,0.0,0.9,10
bayesfl_observability_v1,ola_sparse_bayesian_keep010_seed42,10,ola,global,,,layers.1.bias,raw,68,0.020652386187093835,0.02093892803699767,0.020795657112045753,0,0.0,0.9,10
bayesfl_observability_v1,ola_sparse_bayesian_keep010_seed42,10,ola,global,,,layers.1.bias,raw,69,0.02093892803699767,0.021225469886901507,0.02108219896194959,0,0.0,0.9,10
bayesfl_observability_v1,ola_sparse_bayesian_keep010_seed42,10,ola,global,,,layers.1.bias,raw,70,0.021225469886901507,0.021512011736805343,0.021368740811853425,0,0.0,0.9,10
bayesfl_observability_v1,ola_sparse_bayesian_keep010_seed42,10,ola,global,,,layers.1.bias,raw,71,0.021512011736805343,0.02179855358670918,0.02165528266175726,0,0.0,0.9,10
bayesfl_observability_v1,ola_sparse_bayesian_keep010_seed42,10,ola,global,,,layers.1.bias,raw,72,0.02179855358670918,0.022085095436613016,0.021941824511661098,0,0.0,0.9,10
bayesfl_observability_v1,ola_sparse_bayesian_keep010_seed42,10,ola,global,,,layers.1.bias,raw,73,0.022085095436613016,0.02237163728651685,0.022228366361564934,0,0.0,0.9,10
bayesfl_observability_v1,ola_sparse_bayesian_keep010_seed42,10,ola,global,,,layers.1.bias,raw,74,0.02237163728651685,0.022658179136420688,0.02251490821146877,0,0.0,0.9,10
bayesfl_observability_v1,ola_sparse_bayesian_keep010_seed42,10,ola,global,,,layers.1.bias,raw,75,0.022658179136420688,0.022944720986324524,0.022801450061372606,0,0.0,0.9,10
bayesfl_observability_v1,ola_sparse_bayesian_keep010_seed42,10,ola,global,,,layers.1.bias,raw,76,0.022944720986324524,0.02323126283622836,0.023087991911276442,0,0.0,0.9,10
bayesfl_observability_v1,ola_sparse_bayesian_keep010_seed42,10,ola,global,,,layers.1.bias,raw,77,0.02323126283622836,0.023517804686132196,0.023374533761180278,0,0.0,0.9,10
bayesfl_observability_v1,ola_sparse_bayesian_keep010_seed42,10,ola,global,,,layers.1.bias,raw,78,0.023517804686132196,0.023804346536036032,0.023661075611084114,0,0.0,0.9,10
bayesfl_observability_v1,ola_sparse_bayesian_keep010_seed42,10,ola,global,,,layers.1.bias,raw,79,0.023804346536036032,0.024090888385939865,0.023947617460987947,1,348.98916173522775,1.0,10
bayesfl_observability_v1,ola_sparse_bayesian_keep010_seed42,10,ola,global,,,layers.1.bias,db,0,-58.654561695104626,-58.32591647003047,-58.49023908256755,1,0.3042794855073164,0.1,10
bayesfl_observability_v1,ola_sparse_bayesian_keep010_seed42,10,ola,global,,,layers.1.bias,db,1,-58.32591647003047,-57.997271244956316,-58.16159385749339,0,0.0,0.1,10
bayesfl_observability_v1,ola_sparse_bayesian_keep010_seed42,10,ola,global,,,layers.1.bias,db,2,-57.997271244956316,-57.66862601988217,-57.832948632419246,1,0.304279485507323,0.2,10
bayesfl_observability_v1,ola_sparse_bayesian_keep010_seed42,10,ola,global,,,layers.1.bias,db,3,-57.66862601988217,-57.339980794808014,-57.50430340734509,0,0.0,0.2,10
bayesfl_observability_v1,ola_sparse_bayesian_keep010_seed42,10,ola,global,,,layers.1.bias,db,4,-57.339980794808014,-57.01133556973386,-57.175658182270936,0,0.0,0.2,10
bayesfl_observability_v1,ola_sparse_bayesian_keep010_seed42,10,ola,global,,,layers.1.bias,db,5,-57.01133556973386,-56.682690344659704,-56.84701295719678,1,0.3042794855073164,0.3,10
bayesfl_observability_v1,ola_sparse_bayesian_keep010_seed42,10,ola,global,,,layers.1.bias,db,6,-56.682690344659704,-56.35404511958555,-56.51836773212263,0,0.0,0.3,10
bayesfl_observability_v1,ola_sparse_bayesian_keep010_seed42,10,ola,global,,,layers.1.bias,db,7,-56.35404511958555,-56.025399894511395,-56.18972250704847,0,0.0,0.3,10
bayesfl_observability_v1,ola_sparse_bayesian_keep010_seed42,10,ola,global,,,layers.1.bias,db,8,-56.025399894511395,-55.69675466943724,-55.86107728197432,0,0.0,0.3,10
bayesfl_observability_v1,ola_sparse_bayesian_keep010_seed42,10,ola,global,,,layers.1.bias,db,9,-55.69675466943724,-55.36810944436309,-55.53243205690016,0,0.0,0.3,10
bayesfl_observability_v1,ola_sparse_bayesian_keep010_seed42,10,ola,global,,,layers.1.bias,db,10,-55.36810944436309,-55.03946421928894,-55.203786831826015,1,0.3042794855073164,0.4,10
bayesfl_observability_v1,ola_sparse_bayesian_keep010_seed42,10,ola,global,,,layers.1.bias,db,11,-55.03946421928894,-54.71081899421478,-54.87514160675186,0,0.0,0.4,10
bayesfl_observability_v1,ola_sparse_bayesian_keep010_seed42,10,ola,global,,,layers.1.bias,db,12,-54.71081899421478,-54.38217376914063,-54.546496381677706,0,0.0,0.4,10
bayesfl_observability_v1,ola_sparse_bayesian_keep010_seed42,10,ola,global,,,layers.1.bias,db,13,-54.38217376914063,-54.053528544066474,-54.21785115660355,1,0.3042794855073164,0.5,10
bayesfl_observability_v1,ola_sparse_bayesian_keep010_seed42,10,ola,global,,,layers.1.bias,db,14,-54.053528544066474,-53.724883318992326,-53.8892059315294,0,0.0,0.5,10
bayesfl_observability_v1,ola_sparse_bayesian_keep010_seed42,10,ola,global,,,layers.1.bias,db,15,-53.724883318992326,-53.39623809391817,-53.56056070645525,0,0.0,0.5,10
bayesfl_observability_v1,ola_sparse_bayesian_keep010_seed42,10,ola,global,,,layers.1.bias,db,16,-53.39623809391817,-53.06759286884402,-53.231915481381094,0,0.0,0.5,10
bayesfl_observability_v1,ola_sparse_bayesian_keep010_seed42,10,ola,global,,,layers.1.bias,db,17,-53.06759286884402,-52.73894764376986,-52.90327025630694,0,0.0,0.5,10
bayesfl_observability_v1,ola_sparse_bayesian_keep010_seed42,10,ola,global,,,layers.1.bias,db,18,-52.73894764376986,-52.41030241869571,-52.574625031232785,0,0.0,0.5,10
bayesfl_observability_v1,ola_sparse_bayesian_keep010_seed42,10,ola,global,,,layers.1.bias,db,19,-52.41030241869571,-52.08165719362155,-52.24597980615863,0,0.0,0.5,10
bayesfl_observability_v1,ola_sparse_bayesian_keep010_seed42,10,ola,global,,,layers.1.bias,db,20,-52.08165719362155,-51.7530119685474,-51.917334581084475,0,0.0,0.5,10
bayesfl_observability_v1,ola_sparse_bayesian_keep010_seed42,10,ola,global,,,layers.1.bias,db,21,-51.7530119685474,-51.42436674347325,-51.58868935601032,0,0.0,0.5,10
bayesfl_observability_v1,ola_sparse_bayesian_keep010_seed42,10,ola,global,,,layers.1.bias,db,22,-51.42436674347325,-51.095721518399095,-51.26004413093617,1,0.3042794855073164,0.6,10
bayesfl_observability_v1,ola_sparse_bayesian_keep010_seed42,10,ola,global,,,layers.1.bias,db,23,-51.095721518399095,-50.76707629332494,-50.93139890586202,0,0.0,0.6,10
bayesfl_observability_v1,ola_sparse_bayesian_keep010_seed42,10,ola,global,,,layers.1.bias,db,24,-50.76707629332494,-50.438431068250786,-50.60275368078786,0,0.0,0.6,10
bayesfl_observability_v1,ola_sparse_bayesian_keep010_seed42,10,ola,global,,,layers.1.bias,db,25,-50.438431068250786,-50.10978584317663,-50.27410845571371,0,0.0,0.6,10
bayesfl_observability_v1,ola_sparse_bayesian_keep010_seed42,10,ola,global,,,layers.1.bias,db,26,-50.10978584317663,-49.781140618102484,-49.94546323063956,0,0.0,0.6,10
bayesfl_observability_v1,ola_sparse_bayesian_keep010_seed42,10,ola,global,,,layers.1.bias,db,27,-49.781140618102484,-49.45249539302833,-49.616818005565406,0,0.0,0.6,10
bayesfl_observability_v1,ola_sparse_bayesian_keep010_seed42,10,ola,global,,,layers.1.bias,db,28,-49.45249539302833,-49.123850167954174,-49.28817278049125,0,0.0,0.6,10
bayesfl_observability_v1,ola_sparse_bayesian_keep010_seed42,10,ola,global,,,layers.1.bias,db,29,-49.123850167954174,-48.79520494288002,-48.9595275554171,0,0.0,0.6,10
bayesfl_observability_v1,ola_sparse_bayesian_keep010_seed42,10,ola,global,,,layers.1.bias,db,30,-48.79520494288002,-48.466559717805865,-48.63088233034294,1,0.3042794855073164,0.7,10
bayesfl_observability_v1,ola_sparse_bayesian_keep010_seed42,10,ola,global,,,layers.1.bias,db,31,-48.466559717805865,-48.13791449273171,-48.30223710526879,0,0.0,0.7,10
bayesfl_observability_v1,ola_sparse_bayesian_keep010_seed42,10,ola,global,,,layers.1.bias,db,32,-48.13791449273171,-47.809269267657555,-47.97359188019463,0,0.0,0.7,10
bayesfl_observability_v1,ola_sparse_bayesian_keep010_seed42,10,ola,global,,,layers.1.bias,db,33,-47.809269267657555,-47.4806240425834,-47.64494665512048,0,0.0,0.7,10
bayesfl_observability_v1,ola_sparse_bayesian_keep010_seed42,10,ola,global,,,layers.1.bias,db,34,-47.4806240425834,-47.15197881750925,-47.31630143004632,1,0.304279485507323,0.8,10
bayesfl_observability_v1,ola_sparse_bayesian_keep010_seed42,10,ola,global,,,layers.1.bias,db,35,-47.15197881750925,-46.8233335924351,-46.987656204972176,0,0.0,0.8,10
bayesfl_observability_v1,ola_sparse_bayesian_keep010_seed42,10,ola,global,,,layers.1.bias,db,36,-46.8233335924351,-46.49468836736094,-46.65901097989802,0,0.0,0.8,10
bayesfl_observability_v1,ola_sparse_bayesian_keep010_seed42,10,ola,global,,,layers.1.bias,db,37,-46.49468836736094,-46.16604314228679,-46.330365754823866,0,0.0,0.8,10
bayesfl_observability_v1,ola_sparse_bayesian_keep010_seed42,10,ola,global,,,layers.1.bias,db,38,-46.16604314228679,-45.83739791721264,-46.00172052974972,0,0.0,0.8,10
bayesfl_observability_v1,ola_sparse_bayesian_keep010_seed42,10,ola,global,,,layers.1.bias,db,39,-45.83739791721264,-45.508752692138486,-45.673075304675564,0,0.0,0.8,10
bayesfl_observability_v1,ola_sparse_bayesian_keep010_seed42,10,ola,global,,,layers.1.bias,db,40,-45.508752692138486,-45.18010746706433,-45.34443007960141,0,0.0,0.8,10
bayesfl_observability_v1,ola_sparse_bayesian_keep010_seed42,10,ola,global,,,layers.1.bias,db,41,-45.18010746706433,-44.85146224199018,-45.015784854527254,0,0.0,0.8,10
bayesfl_observability_v1,ola_sparse_bayesian_keep010_seed42,10,ola,global,,,layers.1.bias,db,42,-44.85146224199018,-44.52281701691602,-44.6871396294531,0,0.0,0.8,10
bayesfl_observability_v1,ola_sparse_bayesian_keep010_seed42,10,ola,global,,,layers.1.bias,db,43,-44.52281701691602,-44.19417179184187,-44.358494404378945,0,0.0,0.8,10
bayesfl_observability_v1,ola_sparse_bayesian_keep010_seed42,10,ola,global,,,layers.1.bias,db,44,-44.19417179184187,-43.86552656676771,-44.02984917930479,0,0.0,0.8,10
bayesfl_observability_v1,ola_sparse_bayesian_keep010_seed42,10,ola,global,,,layers.1.bias,db,45,-43.86552656676771,-43.53688134169356,-43.701203954230635,0,0.0,0.8,10
bayesfl_observability_v1,ola_sparse_bayesian_keep010_seed42,10,ola,global,,,layers.1.bias,db,46,-43.53688134169356,-43.20823611661941,-43.37255872915648,0,0.0,0.8,10
bayesfl_observability_v1,ola_sparse_bayesian_keep010_seed42,10,ola,global,,,layers.1.bias,db,47,-43.20823611661941,-42.879590891545256,-43.04391350408233,0,0.0,0.8,10
bayesfl_observability_v1,ola_sparse_bayesian_keep010_seed42,10,ola,global,,,layers.1.bias,db,48,-42.879590891545256,-42.5509456664711,-42.71526827900818,1,0.3042794855073164,0.9,10
bayesfl_observability_v1,ola_sparse_bayesian_keep010_seed42,10,ola,global,,,layers.1.bias,db,49,-42.5509456664711,-42.222300441396946,-42.386623053934024,0,0.0,0.9,10
bayesfl_observability_v1,ola_sparse_bayesian_keep010_seed42,10,ola,global,,,layers.1.bias,db,50,-42.222300441396946,-41.8936552163228,-42.057977828859876,0,0.0,0.9,10
bayesfl_observability_v1,ola_sparse_bayesian_keep010_seed42,10,ola,global,,,layers.1.bias,db,51,-41.8936552163228,-41.565009991248644,-41.72933260378572,0,0.0,0.9,10
bayesfl_observability_v1,ola_sparse_bayesian_keep010_seed42,10,ola,global,,,layers.1.bias,db,52,-41.565009991248644,-41.23636476617449,-41.40068737871157,0,0.0,0.9,10
bayesfl_observability_v1,ola_sparse_bayesian_keep010_seed42,10,ola,global,,,layers.1.bias,db,53,-41.23636476617449,-40.907719541100334,-41.07204215363741,0,0.0,0.9,10
bayesfl_observability_v1,ola_sparse_bayesian_keep010_seed42,10,ola,global,,,layers.1.bias,db,54,-40.907719541100334,-40.57907431602618,-40.74339692856326,0,0.0,0.9,10
bayesfl_observability_v1,ola_sparse_bayesian_keep010_seed42,10,ola,global,,,layers.1.bias,db,55,-40.57907431602618,-40.250429090952025,-40.4147517034891,0,0.0,0.9,10
bayesfl_observability_v1,ola_sparse_bayesian_keep010_seed42,10,ola,global,,,layers.1.bias,db,56,-40.250429090952025,-39.92178386587787,-40.08610647841495,0,0.0,0.9,10
bayesfl_observability_v1,ola_sparse_bayesian_keep010_seed42,10,ola,global,,,layers.1.bias,db,57,-39.92178386587787,-39.593138640803716,-39.75746125334079,0,0.0,0.9,10
bayesfl_observability_v1,ola_sparse_bayesian_keep010_seed42,10,ola,global,,,layers.1.bias,db,58,-39.593138640803716,-39.26449341572956,-39.42881602826664,0,0.0,0.9,10
bayesfl_observability_v1,ola_sparse_bayesian_keep010_seed42,10,ola,global,,,layers.1.bias,db,59,-39.26449341572956,-38.93584819065541,-39.10017080319248,0,0.0,0.9,10
bayesfl_observability_v1,ola_sparse_bayesian_keep010_seed42,10,ola,global,,,layers.1.bias,db,60,-38.93584819065541,-38.60720296558126,-38.771525578118336,0,0.0,0.9,10
bayesfl_observability_v1,ola_sparse_bayesian_keep010_seed42,10,ola,global,,,layers.1.bias,db,61,-38.60720296558126,-38.278557740507104,-38.44288035304418,0,0.0,0.9,10
bayesfl_observability_v1,ola_sparse_bayesian_keep010_seed42,10,ola,global,,,layers.1.bias,db,62,-38.278557740507104,-37.949912515432956,-38.11423512797003,0,0.0,0.9,10
bayesfl_observability_v1,ola_sparse_bayesian_keep010_seed42,10,ola,global,,,layers.1.bias,db,63,-37.949912515432956,-37.6212672903588,-37.78558990289588,0,0.0,0.9,10
bayesfl_observability_v1,ola_sparse_bayesian_keep010_seed42,10,ola,global,,,layers.1.bias,db,64,-37.6212672903588,-37.29262206528465,-37.456944677821724,0,0.0,0.9,10
bayesfl_observability_v1,ola_sparse_bayesian_keep010_seed42,10,ola,global,,,layers.1.bias,db,65,-37.29262206528465,-36.96397684021049,-37.12829945274757,0,0.0,0.9,10
bayesfl_observability_v1,ola_sparse_bayesian_keep010_seed42,10,ola,global,,,layers.1.bias,db,66,-36.96397684021049,-36.63533161513634,-36.799654227673415,0,0.0,0.9,10
bayesfl_observability_v1,ola_sparse_bayesian_keep010_seed42,10,ola,global,,,layers.1.bias,db,67,-36.63533161513634,-36.30668639006218,-36.47100900259926,0,0.0,0.9,10
bayesfl_observability_v1,ola_sparse_bayesian_keep010_seed42,10,ola,global,,,layers.1.bias,db,68,-36.30668639006218,-35.97804116498803,-36.142363777525105,0,0.0,0.9,10
bayesfl_observability_v1,ola_sparse_bayesian_keep010_seed42,10,ola,global,,,layers.1.bias,db,69,-35.97804116498803,-35.64939593991387,-35.81371855245095,0,0.0,0.9,10
bayesfl_observability_v1,ola_sparse_bayesian_keep010_seed42,10,ola,global,,,layers.1.bias,db,70,-35.64939593991387,-35.32075071483972,-35.485073327376796,0,0.0,0.9,10
bayesfl_observability_v1,ola_sparse_bayesian_keep010_seed42,10,ola,global,,,layers.1.bias,db,71,-35.32075071483972,-34.99210548976557,-35.15642810230264,0,0.0,0.9,10
bayesfl_observability_v1,ola_sparse_bayesian_keep010_seed42,10,ola,global,,,layers.1.bias,db,72,-34.99210548976557,-34.663460264691416,-34.82778287722849,0,0.0,0.9,10
bayesfl_observability_v1,ola_sparse_bayesian_keep010_seed42,10,ola,global,,,layers.1.bias,db,73,-34.663460264691416,-34.33481503961726,-34.49913765215434,0,0.0,0.9,10
bayesfl_observability_v1,ola_sparse_bayesian_keep010_seed42,10,ola,global,,,layers.1.bias,db,74,-34.33481503961726,-34.006169814543114,-34.17049242708019,0,0.0,0.9,10
bayesfl_observability_v1,ola_sparse_bayesian_keep010_seed42,10,ola,global,,,layers.1.bias,db,75,-34.006169814543114,-33.67752458946896,-33.841847202006036,0,0.0,0.9,10
bayesfl_observability_v1,ola_sparse_bayesian_keep010_seed42,10,ola,global,,,layers.1.bias,db,76,-33.67752458946896,-33.348879364394804,-33.51320197693188,0,0.0,0.9,10
bayesfl_observability_v1,ola_sparse_bayesian_keep010_seed42,10,ola,global,,,layers.1.bias,db,77,-33.348879364394804,-33.02023413932065,-33.18455675185773,0,0.0,0.9,10
bayesfl_observability_v1,ola_sparse_bayesian_keep010_seed42,10,ola,global,,,layers.1.bias,db,78,-33.02023413932065,-32.691588914246495,-32.85591152678357,0,0.0,0.9,10
bayesfl_observability_v1,ola_sparse_bayesian_keep010_seed42,10,ola,global,,,layers.1.bias,db,79,-32.691588914246495,-32.36294368917234,-32.52726630170942,1,0.3042794855073164,1.0,10
bayesfl_observability_v1,ola_sparse_bayesian_keep010_seed42,15,ola,global,,,all,raw,0,3.0441486514003406e-08,0.0006888182876136606,0.00034442436455008735,58438,833.6621696728331,0.5742163702466345,101770
bayesfl_observability_v1,ola_sparse_bayesian_keep010_seed42,15,ola,global,,,all,raw,1,0.0006888182876136606,0.0013776061337408072,0.0010332122106772338,40766,581.5577536685498,0.9747862827945367,101770
bayesfl_observability_v1,ola_sparse_bayesian_keep010_seed42,15,ola,global,,,all,raw,2,0.0013776061337408072,0.002066393979867954,0.0017220000568043807,1624,23.167585535930062,0.9907438341357964,101770
bayesfl_observability_v1,ola_sparse_bayesian_keep010_seed42,15,ola,global,,,all,raw,3,0.002066393979867954,0.0027551818259951002,0.002410787902931527,264,3.7661592250526716,0.9933379188365923,101770
bayesfl_observability_v1,ola_sparse_bayesian_keep010_seed42,15,ola,global,,,all,raw,4,0.0027551818259951002,0.0034439696721222466,0.0030995757490586734,114,1.6262960290000175,0.9944580917755723,101770
bayesfl_observability_v1,ola_sparse_bayesian_keep010_seed42,15,ola,global,,,all,raw,5,0.0034439696721222466,0.004132757518249394,0.0037883635951858202,85,1.2125891444298358,0.9952933084406014,101770
bayesfl_observability_v1,ola_sparse_bayesian_keep010_seed42,15,ola,global,,,all,raw,6,0.004132757518249394,0.00482154536437654,0.0044771514413129675,61,0.8702110330614128,0.9958926992237398,101770
bayesfl_observability_v1,ola_sparse_bayesian_keep010_seed42,15,ola,global,,,all,raw,7,0.00482154536437654,0.005510333210503687,0.005165939287440113,51,0.7275534866579025,0.9963938292227572,101770
bayesfl_observability_v1,ola_sparse_bayesian_keep010_seed42,15,ola,global,,,all,raw,8,0.005510333210503687,0.006199121056630833,0.00585472713356726,53,0.7560849959386046,0.9969146113785988,101770
bayesfl_observability_v1,ola_sparse_bayesian_keep010_seed42,15,ola,global,,,all,raw,9,0.006199121056630833,0.006887908902757979,0.006543514979694406,35,0.49930141241228604,0.9972585241230225,101770
bayesfl_observability_v1,ola_sparse_bayesian_keep010_seed42,15,ola,global,,,all,raw,10,0.006887908902757979,0.007576696748885127,0.007232302825821553,28,0.3994411299298283,0.9975336543185614,101770
bayesfl_observability_v1,ola_sparse_bayesian_keep010_seed42,15,ola,global,,,all,raw,11,0.007576696748885127,0.008265484595012274,0.0079210906719487,25,0.35664386600877523,0.9977793062788641,101770
bayesfl_observability_v1,ola_sparse_bayesian_keep010_seed42,15,ola,global,,,all,raw,12,0.008265484595012274,0.00895427244113942,0.008609878518075847,20,0.28531509280702094,0.9979758278471063,101770
bayesfl_observability_v1,ola_sparse_bayesian_keep010_seed42,15,ola,global,,,all,raw,13,0.00895427244113942,0.009643060287266567,0.009298666364202993,25,0.35664386600877523,0.9982214798074088,101770
bayesfl_observability_v1,ola_sparse_bayesian_keep010_seed42,15,ola,global,,,all,raw,14,0.009643060287266567,0.010331848133393712,0.009987454210330138,21,0.299580847447372,0.9984278274540631,101770
bayesfl_observability_v1,ola_sparse_bayesian_keep010_seed42,15,ola,global,,,all,raw,15,0.010331848133393712,0.01102063597952086,0.010676242056457286,15,0.21398631960526515,0.9985752186302447,101770
bayesfl_observability_v1,ola_sparse_bayesian_keep010_seed42,15,ola,global,,,all,raw,16,0.01102063597952086,0.011709423825648007,0.011365029902584433,11,0.1569233010438611,0.9986833054927778,101770
bayesfl_observability_v1,ola_sparse_bayesian_keep010_seed42,15,ola,global,,,all,raw,17,0.011709423825648007,0.012398211671775152,0.01205381774871158,16,0.22825207424561675,0.9988405227473716,101770
bayesfl_observability_v1,ola_sparse_bayesian_keep010_seed42,15,ola,global,,,all,raw,18,0.012398211671775152,0.0130869995179023,0.012742605594838726,8,0.11412603712280807,0.9989191313746684,101770
bayesfl_observability_v1,ola_sparse_bayesian_keep010_seed42,15,ola,global,,,all,raw,19,0.0130869995179023,0.013775787364029445,0.013431393440965871,6,0.08559452784210628,0.998978087845141,101770
bayesfl_observability_v1,ola_sparse_bayesian_keep010_seed42,15,ola,global,,,all,raw,20,0.013775787364029445,0.014464575210156592,0.014120181287093019,10,0.14265754640351008,0.9990763486292621,101770
bayesfl_observability_v1,ola_sparse_bayesian_keep010_seed42,15,ola,global,,,all,raw,21,0.014464575210156592,0.01515336305628374,0.014808969133220166,6,0.08559452784210606,0.9991353050997347,101770
bayesfl_observability_v1,ola_sparse_bayesian_keep010_seed42,15,ola,global,,,all,raw,22,0.01515336305628374,0.01584215090241089,0.015497756979347313,6,0.08559452784210585,0.9991942615702073,101770
bayesfl_observability_v1,ola_sparse_bayesian_keep010_seed42,15,ola,global,,,all,raw,23,0.01584215090241089,0.016530938748538036,0.016186544825474464,5,0.07132877320175504,0.9992433919622679,101770
bayesfl_observability_v1,ola_sparse_bayesian_keep010_seed42,15,ola,global,,,all,raw,24,0.016530938748538036,0.01721972659466518,0.016875332671601607,3,0.04279726392105324,0.9992728701975042,101770
bayesfl_observability_v1,ola_sparse_bayesian_keep010_seed42,15,ola,global,,,all,raw,25,0.01721972659466518,0.017908514440792327,0.01756412051772875,2,0.028531509280702017,0.9992925223543284,101770
bayesfl_observability_v1,ola_sparse_bayesian_keep010_seed42,15,ola,global,,,all,raw,26,0.017908514440792327,0.018597302286919474,0.018252908363855902,4,0.057063018561404034,0.9993318266679768,101770
bayesfl_observability_v1,ola_sparse_bayesian_keep010_seed42,15,ola,global,,,all,raw,27,0.018597302286919474,0.01928609013304662,0.018941696209983046,6,0.08559452784210606,0.9993907831384494,101770
bayesfl_observability_v1,ola_sparse_bayesian_keep010_seed42,15,ola,global,,,all,raw,28,0.01928609013304662,0.01997487797917377,0.019630484056110196,4,0.057063018561404034,0.9994300874520978,101770
bayesfl_observability_v1,ola_sparse_bayesian_keep010_seed42,15,ola,global,,,all,raw,29,0.01997487797917377,0.020663665825300912,0.02031927190223734,3,0.04279726392105324,0.9994595656873342,101770
bayesfl_observability_v1,ola_sparse_bayesian_keep010_seed42,15,ola,global,,,all,raw,30,0.020663665825300912,0.02135245367142806,0.021008059748364484,5,0.07132877320175504,0.9995086960793947,101770
bayesfl_observability_v1,ola_sparse_bayesian_keep010_seed42,15,ola,global,,,all,raw,31,0.02135245367142806,0.022041241517555207,0.021696847594491635,6,0.08559452784210606,0.9995676525498673,101770
bayesfl_observability_v1,ola_sparse_bayesian_keep010_seed42,15,ola,global,,,all,raw,32,0.022041241517555207,0.022730029363682354,0.02238563544061878,2,0.028531509280702017,0.9995873047066915,101770
bayesfl_observability_v1,ola_sparse_bayesian_keep010_seed42,15,ola,global,,,all,raw,33,0.022730029363682354,0.0234188172098095,0.02307442328674593,4,0.057063018561404034,0.99962660902034,101770
bayesfl_observability_v1,ola_sparse_bayesian_keep010_seed42,15,ola,global,,,all,raw,34,0.0234188172098095,0.024107605055936645,0.023763211132873073,3,0.04279726392105324,0.9996560872555763,101770
bayesfl_observability_v1,ola_sparse_bayesian_keep010_seed42,15,ola,global,,,all,raw,35,0.024107605055936645,0.024796392902063792,0.024451998979000217,0,0.0,0.9996560872555763,101770
bayesfl_observability_v1,ola_sparse_bayesian_keep010_seed42,15,ola,global,,,all,raw,36,0.024796392902063792,0.02548518074819094,0.025140786825127368,3,0.04279726392105303,0.9996855654908127,101770
bayesfl_observability_v1,ola_sparse_bayesian_keep010_seed42,15,ola,global,,,all,raw,37,0.02548518074819094,0.026173968594318087,0.02582957467125451,2,0.028531509280702017,0.9997052176476369,101770
bayesfl_observability_v1,ola_sparse_bayesian_keep010_seed42,15,ola,global,,,all,raw,38,0.026173968594318087,0.026862756440445234,0.026518362517381662,1,0.014265754640351009,0.9997150437260489,101770
bayesfl_observability_v1,ola_sparse_bayesian_keep010_seed42,15,ola,global,,,all,raw,39,0.026862756440445234,0.027551544286572378,0.027207150363508806,3,0.04279726392105324,0.9997445219612853,101770
bayesfl_observability_v1,ola_sparse_bayesian_keep010_seed42,15,ola,global,,,all,raw,40,0.027551544286572378,0.028240332132699525,0.02789593820963595,1,0.014265754640351009,0.9997543480396973,101770
bayesfl_observability_v1,ola_sparse_bayesian_keep010_seed42,15,ola,global,,,all,raw,41,0.028240332132699525,0.028929119978826672,0.0285847260557631,0,0.0,0.9997543480396973,101770
bayesfl_observability_v1,ola_sparse_bayesian_keep010_seed42,15,ola,global,,,all,raw,42,0.028929119978826672,0.02961790782495382,0.029273513901890244,1,0.014265754640351009,0.9997641741181095,101770
bayesfl_observability_v1,ola_sparse_bayesian_keep010_seed42,15,ola,global,,,all,raw,43,0.02961790782495382,0.030306695671080967,0.029962301748017395,1,0.014265754640351009,0.9997740001965215,101770
bayesfl_observability_v1,ola_sparse_bayesian_keep010_seed42,15,ola,global,,,all,raw,44,0.030306695671080967,0.030995483517208114,0.03065108959414454,0,0.0,0.9997740001965215,101770
bayesfl_observability_v1,ola_sparse_bayesian_keep010_seed42,15,ola,global,,,all,raw,45,0.030995483517208114,0.03168427136333526,0.03133987744027168,0,0.0,0.9997740001965215,101770
bayesfl_observability_v1,ola_sparse_bayesian_keep010_seed42,15,ola,global,,,all,raw,46,0.03168427136333526,0.0323730592094624,0.03202866528639883,1,0.014265754640351081,0.9997838262749337,101770
bayesfl_observability_v1,ola_sparse_bayesian_keep010_seed42,15,ola,global,,,all,raw,47,0.0323730592094624,0.03306184705558955,0.03271745313252598,0,0.0,0.9997838262749337,101770
bayesfl_observability_v1,ola_sparse_bayesian_keep010_seed42,15,ola,global,,,all,raw,48,0.03306184705558955,0.033750634901716696,0.03340624097865312,1,0.014265754640351081,0.9997936523533458,101770
bayesfl_observability_v1,ola_sparse_bayesian_keep010_seed42,15,ola,global,,,all,raw,49,0.033750634901716696,0.03443942274784384,0.03409502882478027,0,0.0,0.9997936523533458,101770
bayesfl_observability_v1,ola_sparse_bayesian_keep010_seed42,15,ola,global,,,all,raw,50,0.03443942274784384,0.03512821059397099,0.034783816670907415,1,0.01426575464035094,0.9998034784317579,101770
bayesfl_observability_v1,ola_sparse_bayesian_keep010_seed42,15,ola,global,,,all,raw,51,0.03512821059397099,0.035816998440098134,0.03547260451703456,0,0.0,0.9998034784317579,101770
bayesfl_observability_v1,ola_sparse_bayesian_keep010_seed42,15,ola,global,,,all,raw,52,0.035816998440098134,0.036505786286225285,0.03616139236316171,2,0.02853150928070188,0.9998231305885821,101770
bayesfl_observability_v1,ola_sparse_bayesian_keep010_seed42,15,ola,global,,,all,raw,53,0.036505786286225285,0.03719457413235243,0.03685018020928886,1,0.014265754640351081,0.9998329566669942,101770
bayesfl_observability_v1,ola_sparse_bayesian_keep010_seed42,15,ola,global,,,all,raw,54,0.03719457413235243,0.03788336197847957,0.037538968055416,0,0.0,0.9998329566669942,101770
bayesfl_observability_v1,ola_sparse_bayesian_keep010_seed42,15,ola,global,,,all,raw,55,0.03788336197847957,0.03857214982460672,0.03822775590154315,0,0.0,0.9998329566669942,101770
bayesfl_observability_v1,ola_sparse_bayesian_keep010_seed42,15,ola,global,,,all,raw,56,0.03857214982460672,0.03926093767073387,0.0389165437476703,0,0.0,0.9998329566669942,101770
bayesfl_observability_v1,ola_sparse_bayesian_keep010_seed42,15,ola,global,,,all,raw,57,0.03926093767073387,0.03994972551686102,0.03960533159379744,1,0.01426575464035094,0.9998427827454063,101770
bayesfl_observability_v1,ola_sparse_bayesian_keep010_seed42,15,ola,global,,,all,raw,58,0.03994972551686102,0.04063851336298816,0.040294119439924586,0,0.0,0.9998427827454063,101770
bayesfl_observability_v1,ola_sparse_bayesian_keep010_seed42,15,ola,global,,,all,raw,59,0.04063851336298816,0.041327301209115305,0.04098290728605174,1,0.014265754640351081,0.9998526088238184,101770
bayesfl_observability_v1,ola_sparse_bayesian_keep010_seed42,15,ola,global,,,all,raw,60,0.041327301209115305,0.042016089055242456,0.04167169513217888,1,0.01426575464035094,0.9998624349022305,101770
bayesfl_observability_v1,ola_sparse_bayesian_keep010_seed42,15,ola,global,,,all,raw,61,0.042016089055242456,0.0427048769013696,0.042360482978306024,2,0.028531509280702163,0.9998820870590547,101770
bayesfl_observability_v1,ola_sparse_bayesian_keep010_seed42,15,ola,global,,,all,raw,62,0.0427048769013696,0.04339366474749675,0.043049270824433175,1,0.01426575464035094,0.9998919131374668,101770
bayesfl_observability_v1,ola_sparse_bayesian_keep010_seed42,15,ola,global,,,all,raw,63,0.04339366474749675,0.044082452593623894,0.043738058670560326,2,0.028531509280702163,0.999911565294291,101770
bayesfl_observability_v1,ola_sparse_bayesian_keep010_seed42,15,ola,global,,,all,raw,64,0.044082452593623894,0.04477124043975104,0.04442684651668746,0,0.0,0.999911565294291,101770
bayesfl_observability_v1,ola_sparse_bayesian_keep010_seed42,15,ola,global,,,all,raw,65,0.04477124043975104,0.04546002828587819,0.04511563436281461,0,0.0,0.999911565294291,101770
bayesfl_observability_v1,ola_sparse_bayesian_keep010_seed42,15,ola,global,,,all,raw,66,0.04546002828587819,0.04614881613200533,0.045804422208941764,2,0.028531509280702163,0.9999312174511152,101770
bayesfl_observability_v1,ola_sparse_bayesian_keep010_seed42,15,ola,global,,,all,raw,67,0.04614881613200533,0.04683760397813248,0.04649321005506891,0,0.0,0.9999312174511152,101770
bayesfl_observability_v1,ola_sparse_bayesian_keep010_seed42,15,ola,global,,,all,raw,68,0.04683760397813248,0.04752639182425963,0.04718199790119605,2,0.028531509280702163,0.9999508696079394,101770
bayesfl_observability_v1,ola_sparse_bayesian_keep010_seed42,15,ola,global,,,all,raw,69,0.04752639182425963,0.04821517967038677,0.0478707857473232,1,0.014265754640351081,0.9999606956863516,101770
bayesfl_observability_v1,ola_sparse_bayesian_keep010_seed42,15,ola,global,,,all,raw,70,0.04821517967038677,0.04890396751651392,0.048559573593450346,0,0.0,0.9999606956863516,101770
bayesfl_observability_v1,ola_sparse_bayesian_keep010_seed42,15,ola,global,,,all,raw,71,0.04890396751651392,0.049592755362641065,0.04924836143957749,2,0.028531509280702163,0.9999803478431758,101770
bayesfl_observability_v1,ola_sparse_bayesian_keep010_seed42,15,ola,global,,,all,raw,72,0.049592755362641065,0.050281543208768216,0.04993714928570464,0,0.0,0.9999803478431758,101770
bayesfl_observability_v1,ola_sparse_bayesian_keep010_seed42,15,ola,global,,,all,raw,73,0.050281543208768216,0.05097033105489536,0.05062593713183179,1,0.014265754640351081,0.9999901739215878,101770
bayesfl_observability_v1,ola_sparse_bayesian_keep010_seed42,15,ola,global,,,all,raw,74,0.05097033105489536,0.051659118901022504,0.05131472497795893,0,0.0,0.9999901739215878,101770
bayesfl_observability_v1,ola_sparse_bayesian_keep010_seed42,15,ola,global,,,all,raw,75,0.051659118901022504,0.052347906747149654,0.05200351282408608,0,0.0,0.9999901739215878,101770
bayesfl_observability_v1,ola_sparse_bayesian_keep010_seed42,15,ola,global,,,all,raw,76,0.052347906747149654,0.0530366945932768,0.05269230067021323,0,0.0,0.9999901739215878,101770
bayesfl_observability_v1,ola_sparse_bayesian_keep010_seed42,15,ola,global,,,all,raw,77,0.0530366945932768,0.05372548243940395,0.05338108851634037,0,0.0,0.9999901739215878,101770
bayesfl_observability_v1,ola_sparse_bayesian_keep010_seed42,15,ola,global,,,all,raw,78,0.05372548243940395,0.05441427028553109,0.05406987636246752,0,0.0,0.9999901739215878,101770
bayesfl_observability_v1,ola_sparse_bayesian_keep010_seed42,15,ola,global,,,all,raw,79,0.05441427028553109,0.05510305813165824,0.05475866420859467,1,0.01426575464035094,1.0,101770
bayesfl_observability_v1,ola_sparse_bayesian_keep010_seed42,15,ola,global,,,all,db,0,-150.33039755366144,-148.76597365869614,-149.54818560617878,2,1.256191297477423e-05,1.9652156824211458e-05,101770
bayesfl_observability_v1,ola_sparse_bayesian_keep010_seed42,15,ola,global,,,all,db,1,-148.76597365869614,-147.20154976373084,-147.9837617112135,1,6.280956487387115e-06,2.9478235236317185e-05,101770
bayesfl_observability_v1,ola_sparse_bayesian_keep010_seed42,15,ola,global,,,all,db,2,-147.20154976373084,-145.6371258687655,-146.41933781624817,0,0.0,2.9478235236317185e-05,101770
bayesfl_observability_v1,ola_sparse_bayesian_keep010_seed42,15,ola,global,,,all,db,3,-145.6371258687655,-144.0727019738002,-144.85491392128284,1,6.280956487387115e-06,3.9304313648422916e-05,101770
bayesfl_observability_v1,ola_sparse_bayesian_keep010_seed42,15,ola,global,,,all,db,4,-144.0727019738002,-142.5082780788349,-143.29049002631757,0,0.0,3.9304313648422916e-05,101770
bayesfl_observability_v1,ola_sparse_bayesian_keep010_seed42,15,ola,global,,,all,db,5,-142.5082780788349,-140.9438541838696,-141.72606613135224,1,6.280956487387115e-06,4.913039206052864e-05,101770
bayesfl_observability_v1,ola_sparse_bayesian_keep010_seed42,15,ola,global,,,all,db,6,-140.9438541838696,-139.3794302889043,-140.16164223638697,3,1.8842869462161343e-05,7.860862729684583e-05,101770
bayesfl_observability_v1,ola_sparse_bayesian_keep010_seed42,15,ola,global,,,all,db,7,-139.3794302889043,-137.81500639393897,-138.59721834142164,1,6.280956487387e-06,8.843470570895156e-05,101770
bayesfl_observability_v1,ola_sparse_bayesian_keep010_seed42,15,ola,global,,,all,db,8,-137.81500639393897,-136.25058249897367,-137.0327944464563,1,6.280956487387115e-06,9.826078412105728e-05,101770
bayesfl_observability_v1,ola_sparse_bayesian_keep010_seed42,15,ola,global,,,all,db,9,-136.25058249897367,-134.68615860400837,-135.46837055149103,7,4.39666954117098e-05,0.00016704333300579738,101770
bayesfl_observability_v1,ola_sparse_bayesian_keep010_seed42,15,ola,global,,,all,db,10,-134.68615860400837,-133.12173470904307,-133.9039466565257,5,3.1404782436935575e-05,0.00021617372506632602,101770
bayesfl_observability_v1,ola_sparse_bayesian_keep010_seed42,15,ola,global,,,all,db,11,-133.12173470904307,-131.55731081407777,-132.33952276156043,3,1.8842869462161343e-05,0.00024565196030264323,101770
bayesfl_observability_v1,ola_sparse_bayesian_keep010_seed42,15,ola,global,,,all,db,12,-131.55731081407777,-129.99288691911244,-130.7750988665951,7,4.3966695411709e-05,0.00031443450918738333,101770
bayesfl_observability_v1,ola_sparse_bayesian_keep010_seed42,15,ola,global,,,all,db,13,-129.99288691911244,-128.42846302414713,-129.21067497162977,5,3.1404782436935575e-05,0.00036356490124791194,101770
bayesfl_observability_v1,ola_sparse_bayesian_keep010_seed42,15,ola,global,,,all,db,14,-128.42846302414713,-126.86403912918183,-127.64625107666448,7,4.39666954117098e-05,0.00043234745013265204,101770
bayesfl_observability_v1,ola_sparse_bayesian_keep010_seed42,15,ola,global,,,all,db,15,-126.86403912918183,-125.29961523421652,-126.08182718169917,8,5.024765189909646e-05,0.0005109560774294978,101770
bayesfl_observability_v1,ola_sparse_bayesian_keep010_seed42,15,ola,global,,,all,db,16,-125.29961523421652,-123.73519133925122,-124.51740328673387,3,1.8842869462161343e-05,0.0005404343126658151,101770
bayesfl_observability_v1,ola_sparse_bayesian_keep010_seed42,15,ola,global,,,all,db,17,-123.73519133925122,-122.1707674442859,-122.95297939176857,11,6.909052136125764e-05,0.000648521175198978,101770
bayesfl_observability_v1,ola_sparse_bayesian_keep010_seed42,15,ola,global,,,all,db,18,-122.1707674442859,-120.6063435493206,-121.38855549680325,14,8.79333908234196e-05,0.0007860862729684582,101770
bayesfl_observability_v1,ola_sparse_bayesian_keep010_seed42,15,ola,global,,,all,db,19,-120.6063435493206,-119.0419196543553,-119.82413160183795,10,6.280956487387115e-05,0.0008843470570895156,101770
bayesfl_observability_v1,ola_sparse_bayesian_keep010_seed42,15,ola,global,,,all,db,20,-119.0419196543553,-117.47749575938998,-118.25970770687263,19,0.00011933817326035409,0.0010710425469195243,101770
bayesfl_observability_v1,ola_sparse_bayesian_keep010_seed42,15,ola,global,,,all,db,21,-117.47749575938998,-115.91307186442467,-116.69528381190733,14,8.793339082341881e-05,0.0012086076446890047,101770
bayesfl_observability_v1,ola_sparse_bayesian_keep010_seed42,15,ola,global,,,all,db,22,-115.91307186442467,-114.34864796945936,-115.13085991694201,18,0.00011305721677296806,0.0013854770561069077,101770
bayesfl_observability_v1,ola_sparse_bayesian_keep010_seed42,15,ola,global,,,all,db,23,-114.34864796945936,-112.78422407449406,-113.56643602197671,33,0.00020727156408377478,0.0017097376437063968,101770
bayesfl_observability_v1,ola_sparse_bayesian_keep010_seed42,15,ola,global,,,all,db,24,-112.78422407449406,-111.21980017952876,-112.00201212701141,45,0.00028264304193242017,0.0021519111722511546,101770
bayesfl_observability_v1,ola_sparse_bayesian_keep010_seed42,15,ola,global,,,all,db,25,-111.21980017952876,-109.65537628456345,-110.4375882320461,58,0.0003642954762684493,0.0027218237201532868,101770
bayesfl_observability_v1,ola_sparse_bayesian_keep010_seed42,15,ola,global,,,all,db,26,-109.65537628456345,-108.09095238959813,-108.8731643370808,57,0.00035801451978106224,0.0032819101896433135,101770
bayesfl_observability_v1,ola_sparse_bayesian_keep010_seed42,15,ola,global,,,all,db,27,-108.09095238959813,-106.52652849463283,-107.30874044211548,66,0.00041454312816754956,0.003930431364842292,101770
bayesfl_observability_v1,ola_sparse_bayesian_keep010_seed42,15,ola,global,,,all,db,28,-106.52652849463283,-104.96210459966753,-105.74431654715018,78,0.000489914606016195,0.0046968654809865385,101770
bayesfl_observability_v1,ola_sparse_bayesian_keep010_seed42,15,ola,global,,,all,db,29,-104.96210459966753,-103.39768070470222,-104.17989265218488,104,0.00065321947468826,0.005718777635845534,101770
bayesfl_observability_v1,ola_sparse_bayesian_keep010_seed42,15,ola,global,,,all,db,30,-103.39768070470222,-101.83325680973691,-102.61546875721956,116,0.0007285909525368986,0.006858602731649798,101770
bayesfl_observability_v1,ola_sparse_bayesian_keep010_seed42,15,ola,global,,,all,db,31,-101.83325680973691,-100.2688329147716,-101.05104486225426,159,0.0009986720814945422,0.00842094919917461,101770
bayesfl_observability_v1,ola_sparse_bayesian_keep010_seed42,15,ola,global,,,all,db,32,-100.2688329147716,-98.70440901980629,-99.48662096728894,167,0.0010489197333936483,0.010061904293996267,101770
bayesfl_observability_v1,ola_sparse_bayesian_keep010_seed42,15,ola,global,,,all,db,33,-98.70440901980629,-97.13998512484099,-97.92219707232364,205,0.0012875960799143586,0.012076250368477941,101770
bayesfl_observability_v1,ola_sparse_bayesian_keep010_seed42,15,ola,global,,,all,db,34,-97.13998512484099,-95.57556122987567,-96.35777317735833,221,0.0013880913837125398,0.014247813697553307,101770
bayesfl_observability_v1,ola_sparse_bayesian_keep010_seed42,15,ola,global,,,all,db,35,-95.57556122987567,-94.01113733491037,-94.79334928239302,286,0.0017963535553927148,0.017058072123415546,101770
bayesfl_observability_v1,ola_sparse_bayesian_keep010_seed42,15,ola,global,,,all,db,36,-94.01113733491037,-92.44671343994506,-93.22892538742772,320,0.002009906075963858,0.020202417215289377,101770
bayesfl_observability_v1,ola_sparse_bayesian_keep010_seed42,15,ola,global,,,all,db,37,-92.44671343994506,-90.88228954497976,-91.6645014924624,404,0.0025375064209043944,0.024172152893780094,101770
bayesfl_observability_v1,ola_sparse_bayesian_keep010_seed42,15,ola,global,,,all,db,38,-90.88228954497976,-89.31786565001445,-90.1000775974971,489,0.003071387722332299,0.028977105237299794,101770
bayesfl_observability_v1,ola_sparse_bayesian_keep010_seed42,15,ola,global,,,all,db,39,-89.31786565001445,-87.75344175504914,-88.53565370253179,545,0.0034231212856259464,0.03433231797189742,101770
bayesfl_observability_v1,ola_sparse_bayesian_keep010_seed42,15,ola,global,,,all,db,40,-87.75344175504914,-86.18901786008384,-86.97122980756649,692,0.004346421889271883,0.04113196423307458,101770
bayesfl_observability_v1,ola_sparse_bayesian_keep010_seed42,15,ola,global,,,all,db,41,-86.18901786008384,-84.62459396511852,-85.40680591260119,796,0.004999641363960097,0.04895352264911074,101770
bayesfl_observability_v1,ola_sparse_bayesian_keep010_seed42,15,ola,global,,,all,db,42,-84.62459396511852,-83.06017007015322,-83.84238201763587,933,0.005860132402732178,0.05812125380760538,101770
bayesfl_observability_v1,ola_sparse_bayesian_keep010_seed42,15,ola,global,,,all,db,43,-83.06017007015322,-81.4957461751879,-82.27795812267055,1180,0.007411528655116728,0.06971602633389014,101770
bayesfl_observability_v1,ola_sparse_bayesian_keep010_seed42,15,ola,global,,,all,db,44,-81.4957461751879,-79.9313222802226,-80.71353422770525,1386,0.008705405691518541,0.08333497101306868,101770
bayesfl_observability_v1,ola_sparse_bayesian_keep010_seed42,15,ola,global,,,all,db,45,-79.9313222802226,-78.3668983852573,-79.14911033273995,1604,0.010074654205768932,0.09909600078608627,101770
bayesfl_observability_v1,ola_sparse_bayesian_keep010_seed42,15,ola,global,,,all,db,46,-78.3668983852573,-76.80247449029198,-77.58468643777465,2041,0.012819432190756984,0.11915102682519406,101770
bayesfl_observability_v1,ola_sparse_bayesian_keep010_seed42,15,ola,global,,,all,db,47,-76.80247449029198,-75.23805059532668,-76.02026254280933,2362,0.014835619223208365,0.14236022403458778,101770
bayesfl_observability_v1,ola_sparse_bayesian_keep010_seed42,15,ola,global,,,all,db,48,-75.23805059532668,-73.67362670036137,-74.45583864784402,2795,0.017555273382246824,0.16982411319642332,101770
bayesfl_observability_v1,ola_sparse_bayesian_keep010_seed42,15,ola,global,,,all,db,49,-73.67362670036137,-72.10920280539607,-72.89141475287872,3608,0.02266169100649271,0.20527660410730078,101770
bayesfl_observability_v1,ola_sparse_bayesian_keep010_seed42,15,ola,global,,,all,db,50,-72.10920280539607,-70.54477891043075,-71.32699085791342,4230,0.026568445941647253,0.24684091579050801,101770
bayesfl_observability_v1,ola_sparse_bayesian_keep010_seed42,15,ola,global,,,all,db,51,-70.54477891043075,-68.98035501546545,-69.7625669629481,4944,0.031053048873641895,0.29542104745995873,101770
bayesfl_observability_v1,ola_sparse_bayesian_keep010_seed42,15,ola,global,,,all,db,52,-68.98035501546545,-67.41593112050015,-68.1981430679828,5929,0.0372397910137182,0.3536798663653336,101770
bayesfl_observability_v1,ola_sparse_bayesian_keep010_seed42,15,ola,global,,,all,db,53,-67.41593112050015,-65.85150722553483,-66.63371917301748,7184,0.04512239140538862,0.42427041367790114,101770
bayesfl_observability_v1,ola_sparse_bayesian_keep010_seed42,15,ola,global,,,all,db,54,-65.85150722553483,-64.28708333056953,-65.06929527805218,8678,0.05450614039754538,0.5095411221381546,101770
bayesfl_observability_v1,ola_sparse_bayesian_keep010_seed42,15,ola,global,,,all,db,55,-64.28708333056953,-62.722659435604214,-63.50487138308687,10049,0.06311733174175253,0.6082833841014051,101770
bayesfl_observability_v1,ola_sparse_bayesian_keep010_seed42,15,ola,global,,,all,db,56,-62.722659435604214,-61.15823554063891,-61.94044748812156,12155,0.07634502610419037,0.7277193672005503,101770
bayesfl_observability_v1,ola_sparse_bayesian_keep010_seed42,15,ola,global,,,all,db,57,-61.15823554063891,-59.59381164567361,-60.37602359315626,14387,0.09036412098403843,0.8690871573155153,101770
bayesfl_observability_v1,ola_sparse_bayesian_keep010_seed42,15,ola,global,,,all,db,58,-59.59381164567361,-58.029387750708295,-58.81159969819095,9499,0.05966280567368966,0.9624250761521077,101770
bayesfl_observability_v1,ola_sparse_bayesian_keep010_seed42,15,ola,global,,,all,db,59,-58.029387750708295,-56.464963855742994,-57.247175803225645,1882,0.01182076010926255,0.9809177557236907,101770
bayesfl_observability_v1,ola_sparse_bayesian_keep010_seed42,15,ola,global,,,all,db,60,-56.464963855742994,-54.90053996077768,-55.682751908260336,742,0.004660469713641197,0.9882087059054732,101770
bayesfl_observability_v1,ola_sparse_bayesian_keep010_seed42,15,ola,global,,,all,db,61,-54.90053996077768,-53.33611606581238,-54.11832801329503,312,0.00195965842406478,0.9912744423700501,101770
bayesfl_observability_v1,ola_sparse_bayesian_keep010_seed42,15,ola,global,,,all,db,62,-53.33611606581238,-51.77169217084706,-52.55390411832972,164,0.0010300768639314774,0.9928859192296354,101770
bayesfl_observability_v1,ola_sparse_bayesian_keep010_seed42,15,ola,global,,,all,db,63,-51.77169217084706,-50.20726827588176,-50.98948022336441,105,0.0006595004311756471,0.9939176574629065,101770
bayesfl_observability_v1,ola_sparse_bayesian_keep010_seed42,15,ola,global,,,all,db,64,-50.20726827588176,-48.64284438091646,-49.42505632839911,89,0.0005590051273774532,0.994792178441584,101770
bayesfl_observability_v1,ola_sparse_bayesian_keep010_seed42,15,ola,global,,,all,db,65,-48.64284438091646,-47.07842048595114,-47.8606324334338,80,0.0005024765189909645,0.9955782647145525,101770
bayesfl_observability_v1,ola_sparse_bayesian_keep010_seed42,15,ola,global,,,all,db,66,-47.07842048595114,-45.51399659098584,-46.29620853846849,66,0.00041454312816754956,0.9962267858897514,101770
bayesfl_observability_v1,ola_sparse_bayesian_keep010_seed42,15,ola,global,,,all,db,67,-45.51399659098584,-43.949572696020525,-44.73178464350318,78,0.0004899146060161905,0.9969932200058956,101770
bayesfl_observability_v1,ola_sparse_bayesian_keep010_seed42,15,ola,global,,,all,db,68,-43.949572696020525,-42.38514880105522,-43.167360748537874,56,0.0003517335632936784,0.9975434803969736,101770
bayesfl_observability_v1,ola_sparse_bayesian_keep010_seed42,15,ola,global,,,all,db,69,-42.38514880105522,-40.82072490608991,-41.602936853572565,45,0.00028264304193241756,0.9979856539255183,101770
bayesfl_observability_v1,ola_sparse_bayesian_keep010_seed42,15,ola,global,,,all,db,70,-40.82072490608991,-39.256301011124606,-40.03851295860726,57,0.00035801451978106555,0.9985457403950083,101770
bayesfl_observability_v1,ola_sparse_bayesian_keep010_seed42,15,ola,global,,,all,db,71,-39.256301011124606,-37.691877116159304,-38.474089063641955,38,0.00023867634652071035,0.9989191313746684,101770
bayesfl_observability_v1,ola_sparse_bayesian_keep010_seed42,15,ola,global,,,all,db,72,-37.691877116159304,-36.12745322119399,-36.909665168676646,26,0.0001633048686720635,0.9991746094133831,101770
bayesfl_observability_v1,ola_sparse_bayesian_keep010_seed42,15,ola,global,,,all,db,73,-36.12745322119399,-34.56302932622869,-35.34524127371134,16,0.00010049530379819384,0.9993318266679768,101770
bayesfl_observability_v1,ola_sparse_bayesian_keep010_seed42,15,ola,global,,,all,db,74,-34.56302932622869,-32.99860543126337,-33.78081737874603,25,0.00015702391218467643,0.9995774786282795,101770
bayesfl_observability_v1,ola_sparse_bayesian_keep010_seed42,15,ola,global,,,all,db,75,-32.99860543126337,-31.43418153629807,-32.21639348378072,14,8.79333908234196e-05,0.9997150437260489,101770
bayesfl_observability_v1,ola_sparse_bayesian_keep010_seed42,15,ola,global,,,all,db,76,-31.43418153629807,-29.869757641332768,-30.65196958881542,7,4.39666954117098e-05,0.9997838262749337,101770
bayesfl_observability_v1,ola_sparse_bayesian_keep010_seed42,15,ola,global,,,all,db,77,-29.869757641332768,-28.305333746367452,-29.08754569385011,5,3.1404782436935283e-05,0.9998329566669942,101770
bayesfl_observability_v1,ola_sparse_bayesian_keep010_seed42,15,ola,global,,,all,db,78,-28.305333746367452,-26.74090985140215,-27.5231217988848,10,6.280956487387115e-05,0.9999312174511152,101770
bayesfl_observability_v1,ola_sparse_bayesian_keep010_seed42,15,ola,global,,,all,db,79,-26.74090985140215,-25.176485956436835,-25.958697903919493,7,4.3966695411709404e-05,1.0,101770
bayesfl_observability_v1,ola_sparse_bayesian_keep010_seed42,15,ola,global,,,layers.0.weight,raw,0,3.0441486514003406e-08,4.779696950515685e-05,2.3913705495835426e-05,4066,848.2378876420963,0.040517378826530615,100352
bayesfl_observability_v1,ola_sparse_bayesian_keep010_seed42,15,ola,global,,,layers.0.weight,raw,1,4.779696950515685e-05,9.556349752379969e-05,7.168023351447827e-05,3928,819.4487020802151,0.07965959821428571,100352
bayesfl_observability_v1,ola_sparse_bayesian_keep010_seed42,15,ola,global,,,layers.0.weight,raw,2,9.556349752379969e-05,0.00014333002554244254,0.00011944676153312112,3980,830.2968009875905,0.11931999362244898,100352
bayesfl_observability_v1,ola_sparse_bayesian_keep010_seed42,15,ola,global,,,layers.0.weight,raw,3,0.00014333002554244254,0.00019109655356108537,0.00016721328955176395,3942,822.3693440937393,0.1586017219387755,100352
bayesfl_observability_v1,ola_sparse_bayesian_keep010_seed42,15,ola,global,,,layers.0.weight,raw,4,0.00019109655356108537,0.0002388630815797282,0.0002149798175704068,4081,851.3671469423008,0.19926857461734693,100352
bayesfl_observability_v1,ola_sparse_bayesian_keep010_seed42,15,ola,global,,,layers.0.weight,raw,5,0.0002388630815797282,0.00028662960959837107,0.00026274634558904963,4127,860.9635421295941,0.2403938137755102,100352
bayesfl_observability_v1,ola_sparse_bayesian_keep010_seed42,15,ola,global,,,layers.0.weight,raw,6,0.00028662960959837107,0.0003343961376170139,0.00031051287360769246,4079,850.9499123689402,0.28104073660714285,100352
bayesfl_observability_v1,ola_sparse_bayesian_keep010_seed42,15,ola,global,,,layers.0.weight,raw,7,0.0003343961376170139,0.00038216266563565675,0.00035827940162633536,3950,824.0382823871817,0.32040218431122447,100352
bayesfl_observability_v1,ola_sparse_bayesian_keep010_seed42,15,ola,global,,,layers.0.weight,raw,8,0.00038216266563565675,0.0004299291936542996,0.00040604592964497814,4052,845.3172456285722,0.3607800542091837,100352
bayesfl_observability_v1,ola_sparse_bayesian_keep010_seed42,15,ola,global,,,layers.0.weight,raw,9,0.0004299291936542996,0.0004776957216729424,0.00045381245766362103,4118,859.085986549472,0.40181560905612246,100352
bayesfl_observability_v1,ola_sparse_bayesian_keep010_seed42,15,ola,global,,,layers.0.weight,raw,10,0.0004776957216729424,0.0005254622496915853,0.0005015789856822638,4012,836.9725541613593,0.44179488201530615,100352
bayesfl_observability_v1,ola_sparse_bayesian_keep010_seed42,15,ola,global,,,layers.0.weight,raw,11,0.0005254622496915853,0.0005732287777102282,0.0005493455137009068,4077,850.5326777955787,0.482421875,100352
bayesfl_observability_v1,ola_sparse_bayesian_keep010_seed42,15,ola,global,,,layers.0.weight,raw,12,0.0005732287777102282,0.000620995305728871,0.0005971120417195496,4095,854.2877889558259,0.5232282366071429,100352
bayesfl_observability_v1,ola_sparse_bayesian_keep010_seed42,15,ola,global,,,layers.0.weight,raw,13,0.000620995305728871,0.0006687618337475139,0.0006448785697381924,4036,841.9793690416865,0.5634466677295918,100352
bayesfl_observability_v1,ola_sparse_bayesian_keep010_seed42,15,ola,global,,,layers.0.weight,raw,14,0.0006687618337475139,0.0007165283617661567,0.0006926450977568353,3909,815.4849736332903,0.6023995535714286,100352
bayesfl_observability_v1,ola_sparse_bayesian_keep010_seed42,15,ola,global,,,layers.0.weight,raw,15,0.0007165283617661567,0.0007642948897847995,0.0007404116257754782,4086,852.4102333757014,0.6431162308673469,100352
bayesfl_observability_v1,ola_sparse_bayesian_keep010_seed42,15,ola,global,,,layers.0.weight,raw,16,0.0007642948897847995,0.0008120614178034424,0.0007881781537941209,3962,826.5416898273443,0.6825972576530612,100352
bayesfl_observability_v1,ola_sparse_bayesian_keep010_seed42,15,ola,global,,,layers.0.weight,raw,17,0.0008120614178034424,0.0008598279458220852,0.0008359446818127638,3967,827.5847762607476,0.7221281090561225,100352
bayesfl_observability_v1,ola_sparse_bayesian_keep010_seed42,15,ola,global,,,layers.0.weight,raw,18,0.0008598279458220852,0.0009075944738407281,0.0008837112098314067,4060,846.9861839220137,0.7625856983418368,100352
bayesfl_observability_v1,ola_sparse_bayesian_keep010_seed42,15,ola,global,,,layers.0.weight,raw,19,0.0009075944738407281,0.0009553610018593709,0.0009314777378500495,3973,828.8364799808295,0.8021763392857143,100352
bayesfl_observability_v1,ola_sparse_bayesian_keep010_seed42,15,ola,global,,,layers.0.weight,raw,20,0.0009553610018593709,0.0010031275298780138,0.0009792442658686923,4002,834.8863812945563,0.8420559630102041,100352
bayesfl_observability_v1,ola_sparse_bayesian_keep010_seed42,15,ola,global,,,layers.0.weight,raw,21,0.0010031275298780138,0.0010508940578966566,0.0010270107938873353,3844,801.9248499990708,0.8803611288265306,100352
bayesfl_observability_v1,ola_sparse_bayesian_keep010_seed42,15,ola,global,,,layers.0.weight,raw,22,0.0010508940578966566,0.0010986605859152994,0.0010747773219059779,3402,709.7160092863785,0.9142617984693877,100352
bayesfl_observability_v1,ola_sparse_bayesian_keep010_seed42,15,ola,global,,,layers.0.weight,raw,23,0.0010986605859152994,0.0011464271139339424,0.0011225438499246209,2576,537.3981304884488,0.9399314413265306,100352
bayesfl_observability_v1,ola_sparse_bayesian_keep010_seed42,15,ola,global,,,layers.0.weight,raw,24,0.0011464271139339424,0.0011941936419525851,0.0011703103779432639,1817,379.057609898104,0.9580377072704082,100352
bayesfl_observability_v1,ola_sparse_bayesian_keep010_seed42,15,ola,global,,,layers.0.weight,raw,25,0.0011941936419525851,0.001241960169971228,0.0012180769059619064,1183,246.79425014279417,0.9698262117346939,100352
bayesfl_observability_v1,ola_sparse_bayesian_keep010_seed42,15,ola,global,,,layers.0.weight,raw,26,0.001241960169971228,0.001289726697989871,0.0012658434339805494,718,149.7872118364543,0.9769810267857143,100352
bayesfl_observability_v1,ola_sparse_bayesian_keep010_seed42,15,ola,global,,,layers.0.weight,raw,27,0.001289726697989871,0.0013374932260085137,0.0013136099619991924,457,95.33810001289682,0.9815349968112245,100352
bayesfl_observability_v1,ola_sparse_bayesian_keep010_seed42,15,ola,global,,,layers.0.weight,raw,28,0.0013374932260085137,0.0013852597540271565,0.001361376490017835,337,70.3040256112609,0.9848931760204082,100352
bayesfl_observability_v1,ola_sparse_bayesian_keep010_seed42,15,ola,global,,,layers.0.weight,raw,29,0.0013852597540271565,0.0014330262820457993,0.001409143018036478,260,54.24049453687784,0.9874840561224489,100352
bayesfl_observability_v1,ola_sparse_bayesian_keep010_seed42,15,ola,global,,,layers.0.weight,raw,30,0.0014330262820457993,0.0014807928100644423,0.0014569095460551208,208,43.392395629502076,0.9895567602040817,100352
bayesfl_observability_v1,ola_sparse_bayesian_keep010_seed42,15,ola,global,,,layers.0.weight,raw,31,0.0014807928100644423,0.001528559338083085,0.0015046760740737635,158,32.961531295487305,0.9911312181122449,100352
bayesfl_observability_v1,ola_sparse_bayesian_keep010_seed42,15,ola,global,,,layers.0.weight,raw,32,0.001528559338083085,0.0015763258661017278,0.0015524426020924065,155,32.3356794354464,0.99267578125,100352
bayesfl_observability_v1,ola_sparse_bayesian_keep010_seed42,15,ola,global,,,layers.0.weight,raw,33,0.0015763258661017278,0.0016240923941203708,0.0016002091301110493,113,23.573753394873727,0.9938018176020408,100352
bayesfl_observability_v1,ola_sparse_bayesian_keep010_seed42,15,ola,global,,,layers.0.weight,raw,34,0.0016240923941203708,0.0016718589221390136,0.0016479756581296921,95,19.81864223462844,0.9947484853316326,100352
bayesfl_observability_v1,ola_sparse_bayesian_keep010_seed42,15,ola,global,,,layers.0.weight,raw,35,0.0016718589221390136,0.0017196254501576564,0.0016957421861483351,100,20.861728668029937,0.9957449776785714,100352
bayesfl_observability_v1,ola_sparse_bayesian_keep010_seed42,15,ola,global,,,layers.0.weight,raw,36,0.0017196254501576564,0.0017673919781762992,0.0017435087141669777,75,15.646296501022453,0.9964923469387755,100352
bayesfl_observability_v1,ola_sparse_bayesian_keep010_seed42,15,ola,global,,,layers.0.weight,raw,37,0.0017673919781762992,0.0018151585061949422,0.0017912752421856207,54,11.265333480736116,0.9970304528061225,100352
bayesfl_observability_v1,ola_sparse_bayesian_keep010_seed42,15,ola,global,,,layers.0.weight,raw,38,0.0018151585061949422,0.001862925034213585,0.0018390417702042637,46,9.596395187293771,0.9974888392857143,100352
bayesfl_observability_v1,ola_sparse_bayesian_keep010_seed42,15,ola,global,,,layers.0.weight,raw,39,0.001862925034213585,0.0019106915622322277,0.0018868082982229062,34,7.092987747130179,0.9978276466836735,100352
bayesfl_observability_v1,ola_sparse_bayesian_keep010_seed42,15,ola,global,,,layers.0.weight,raw,40,0.0019106915622322277,0.0019584580902508703,0.001934574826241549,30,6.25851860040901,0.9981265943877551,100352
bayesfl_observability_v1,ola_sparse_bayesian_keep010_seed42,15,ola,global,,,layers.0.weight,raw,41,0.0019584580902508703,0.0020062246182695133,0.001982341354260192,33,6.884370460449849,0.9984554368622449,100352
bayesfl_observability_v1,ola_sparse_bayesian_keep010_seed42,15,ola,global,,,layers.0.weight,raw,42,0.0020062246182695133,0.0020539911462881563,0.002030107882278835,20,4.172345733605969,0.9986547353316326,100352
bayesfl_observability_v1,ola_sparse_bayesian_keep010_seed42,15,ola,global,,,layers.0.weight,raw,43,0.0020539911462881563,0.002101757674306799,0.002077874410297478,22,4.5895803069666075,0.9988739636479592,100352
bayesfl_observability_v1,ola_sparse_bayesian_keep010_seed42,15,ola,global,,,layers.0.weight,raw,44,0.002101757674306799,0.002149524202325442,0.0021256409383161204,15,3.1292593002044766,0.9990234375,100352
bayesfl_observability_v1,ola_sparse_bayesian_keep010_seed42,15,ola,global,,,layers.0.weight,raw,45,0.002149524202325442,0.0021972907303440844,0.002173407466334763,13,2.7120247268439046,0.999152981505102,100352
bayesfl_observability_v1,ola_sparse_bayesian_keep010_seed42,15,ola,global,,,layers.0.weight,raw,46,0.0021972907303440844,0.0022450572583627274,0.002221173994353406,17,3.5464938735650735,0.9993223852040817,100352
bayesfl_observability_v1,ola_sparse_bayesian_keep010_seed42,15,ola,global,,,layers.0.weight,raw,47,0.0022450572583627274,0.0022928237863813704,0.002268940522372049,12,2.5034074401635813,0.9994419642857143,100352
bayesfl_observability_v1,ola_sparse_bayesian_keep010_seed42,15,ola,global,,,layers.0.weight,raw,48,0.0022928237863813704,0.002340590314400013,0.002316707050390692,7,1.4603210067621024,0.99951171875,100352
bayesfl_observability_v1,ola_sparse_bayesian_keep010_seed42,15,ola,global,,,layers.0.weight,raw,49,0.002340590314400013,0.002388356842418656,0.0023644735784093345,7,1.460321006762089,0.9995814732142857,100352
bayesfl_observability_v1,ola_sparse_bayesian_keep010_seed42,15,ola,global,,,layers.0.weight,raw,50,0.002388356842418656,0.002436123370437299,0.0024122401064279775,8,1.6689382934423875,0.9996611926020408,100352
bayesfl_observability_v1,ola_sparse_bayesian_keep010_seed42,15,ola,global,,,layers.0.weight,raw,51,0.002436123370437299,0.0024838898984559416,0.00246000663444662,6,1.2517037200818022,0.9997209821428571,100352
bayesfl_observability_v1,ola_sparse_bayesian_keep010_seed42,15,ola,global,,,layers.0.weight,raw,52,0.0024838898984559416,0.0025316564264745846,0.002507773162465263,4,0.8344691467211938,0.9997608418367347,100352
bayesfl_observability_v1,ola_sparse_bayesian_keep010_seed42,15,ola,global,,,layers.0.weight,raw,53,0.0025316564264745846,0.0025794229544932276,0.002555539690483906,5,1.0430864334014922,0.9998106664540817,100352
bayesfl_observability_v1,ola_sparse_bayesian_keep010_seed42,15,ola,global,,,layers.0.weight,raw,54,0.0025794229544932276,0.00262718948251187,0.002603306218502549,3,0.6258518600409011,0.9998405612244898,100352
bayesfl_observability_v1,ola_sparse_bayesian_keep010_seed42,15,ola,global,,,layers.0.weight,raw,55,0.00262718948251187,0.002674956010530513,0.0026510727465211916,2,0.4172345733605969,0.9998604910714286,100352
bayesfl_observability_v1,ola_sparse_bayesian_keep010_seed42,15,ola,global,,,layers.0.weight,raw,56,0.002674956010530513,0.002722722538549156,0.0026988392745398346,3,0.6258518600408953,0.9998903858418368,100352
bayesfl_observability_v1,ola_sparse_bayesian_keep010_seed42,15,ola,global,,,layers.0.weight,raw,57,0.002722722538549156,0.0027704890665677987,0.002746605802558477,1,0.20861728668030036,0.9999003507653061,100352
bayesfl_observability_v1,ola_sparse_bayesian_keep010_seed42,15,ola,global,,,layers.0.weight,raw,58,0.0027704890665677987,0.0028182555945864417,0.00279437233057712,1,0.20861728668029844,0.9999103156887755,100352
bayesfl_observability_v1,ola_sparse_bayesian_keep010_seed42,15,ola,global,,,layers.0.weight,raw,59,0.0028182555945864417,0.0028660221226050843,0.002842138858595763,2,0.4172345733606007,0.9999302455357143,100352
bayesfl_observability_v1,ola_sparse_bayesian_keep010_seed42,15,ola,global,,,layers.0.weight,raw,60,0.0028660221226050843,0.0029137886506237273,0.0028899053866144058,0,0.0,0.9999302455357143,100352
bayesfl_observability_v1,ola_sparse_bayesian_keep010_seed42,15,ola,global,,,layers.0.weight,raw,61,0.0029137886506237273,0.0029615551786423703,0.0029376719146330488,0,0.0,0.9999302455357143,100352
bayesfl_observability_v1,ola_sparse_bayesian_keep010_seed42,15,ola,global,,,layers.0.weight,raw,62,0.0029615551786423703,0.003009321706661013,0.0029854384426516913,0,0.0,0.9999302455357143,100352
bayesfl_observability_v1,ola_sparse_bayesian_keep010_seed42,15,ola,global,,,layers.0.weight,raw,63,0.003009321706661013,0.003057088234679656,0.0030332049706703343,0,0.0,0.9999302455357143,100352
bayesfl_observability_v1,ola_sparse_bayesian_keep010_seed42,15,ola,global,,,layers.0.weight,raw,64,0.003057088234679656,0.003104854762698299,0.0030809714986889773,0,0.0,0.9999302455357143,100352
bayesfl_observability_v1,ola_sparse_bayesian_keep010_seed42,15,ola,global,,,layers.0.weight,raw,65,0.003104854762698299,0.0031526212907169414,0.0031287380267076203,0,0.0,0.9999302455357143,100352
bayesfl_observability_v1,ola_sparse_bayesian_keep010_seed42,15,ola,global,,,layers.0.weight,raw,66,0.0031526212907169414,0.0032003878187355844,0.003176504554726263,1,0.20861728668029844,0.9999402104591837,100352
bayesfl_observability_v1,ola_sparse_bayesian_keep010_seed42,15,ola,global,,,layers.0.weight,raw,67,0.0032003878187355844,0.0032481543467542274,0.003224271082744906,2,0.4172345733605969,0.9999601403061225,100352
bayesfl_observability_v1,ola_sparse_bayesian_keep010_seed42,15,ola,global,,,layers.0.weight,raw,68,0.0032481543467542274,0.00329592087477287,0.0032720376107635485,1,0.20861728668030036,0.9999701052295918,100352
bayesfl_observability_v1,ola_sparse_bayesian_keep010_seed42,15,ola,global,,,layers.0.weight,raw,69,0.00329592087477287,0.003343687402791513,0.0033198041387821915,1,0.20861728668029844,0.9999800701530612,100352
bayesfl_observability_v1,ola_sparse_bayesian_keep010_seed42,15,ola,global,,,layers.0.weight,raw,70,0.003343687402791513,0.0033914539308101555,0.0033675706668008345,0,0.0,0.9999800701530612,100352
bayesfl_observability_v1,ola_sparse_bayesian_keep010_seed42,15,ola,global,,,layers.0.weight,raw,71,0.0033914539308101555,0.0034392204588287985,0.003415337194819477,0,0.0,0.9999800701530612,100352
bayesfl_observability_v1,ola_sparse_bayesian_keep010_seed42,15,ola,global,,,layers.0.weight,raw,72,0.0034392204588287985,0.0034869869868474415,0.00346310372283812,1,0.20861728668029844,0.9999900350765306,100352
bayesfl_observability_v1,ola_sparse_bayesian_keep010_seed42,15,ola,global,,,layers.0.weight,raw,73,0.0034869869868474415,0.003534753514866084,0.0035108702508567626,0,0.0,0.9999900350765306,100352
bayesfl_observability_v1,ola_sparse_bayesian_keep010_seed42,15,ola,global,,,layers.0.weight,raw,74,0.003534753514866084,0.003582520042884727,0.0035586367788754056,0,0.0,0.9999900350765306,100352
bayesfl_observability_v1,ola_sparse_bayesian_keep010_seed42,15,ola,global,,,layers.0.weight,raw,75,0.003582520042884727,0.00363028657090337,0.0036064033068940486,0,0.0,0.9999900350765306,100352
bayesfl_observability_v1,ola_sparse_bayesian_keep010_seed42,15,ola,global,,,layers.0.weight,raw,76,0.00363028657090337,0.0036780530989220126,0.0036541698349126916,0,0.0,0.9999900350765306,100352
bayesfl_observability_v1,ola_sparse_bayesian_keep010_seed42,15,ola,global,,,layers.0.weight,raw,77,0.0036780530989220126,0.0037258196269406556,0.003701936362931334,0,0.0,0.9999900350765306,100352
bayesfl_observability_v1,ola_sparse_bayesian_keep010_seed42,15,ola,global,,,layers.0.weight,raw,78,0.0037258196269406556,0.0037735861549592986,0.003749702890949977,0,0.0,0.9999900350765306,100352
bayesfl_observability_v1,ola_sparse_bayesian_keep010_seed42,15,ola,global,,,layers.0.weight,raw,79,0.0037735861549592986,0.003821352682977941,0.0037974694189686197,1,0.20861728668030036,1.0,100352
bayesfl_observability_v1,ola_sparse_bayesian_keep010_seed42,15,ola,global,,,layers.0.weight,db,0,-150.33039755366144,-149.05571330377452,-149.69305542871797,2,1.563512449498264e-05,1.992984693877551e-05,100352
bayesfl_observability_v1,ola_sparse_bayesian_keep010_seed42,15,ola,global,,,layers.0.weight,db,1,-149.05571330377452,-147.78102905388764,-148.41837117883108,0,0.0,1.992984693877551e-05,100352
bayesfl_observability_v1,ola_sparse_bayesian_keep010_seed42,15,ola,global,,,layers.0.weight,db,2,-147.78102905388764,-146.50634480400072,-147.1436869289442,1,7.81756224749132e-06,2.9894770408163265e-05,100352
bayesfl_observability_v1,ola_sparse_bayesian_keep010_seed42,15,ola,global,,,layers.0.weight,db,3,-146.50634480400072,-145.2316605541138,-145.86900267905725,1,7.81756224749132e-06,3.985969387755102e-05,100352
bayesfl_observability_v1,ola_sparse_bayesian_keep010_seed42,15,ola,global,,,layers.0.weight,db,4,-145.2316605541138,-143.9569763042269,-144.59431842917036,0,0.0,3.985969387755102e-05,100352
bayesfl_observability_v1,ola_sparse_bayesian_keep010_seed42,15,ola,global,,,layers.0.weight,db,5,-143.9569763042269,-142.68229205434,-143.31963417928347,0,0.0,3.985969387755102e-05,100352
bayesfl_observability_v1,ola_sparse_bayesian_keep010_seed42,15,ola,global,,,layers.0.weight,db,6,-142.68229205434,-141.40760780445308,-142.04494992939652,0,0.0,3.985969387755102e-05,100352
bayesfl_observability_v1,ola_sparse_bayesian_keep010_seed42,15,ola,global,,,layers.0.weight,db,7,-141.40760780445308,-140.1329235545662,-140.77026567950963,4,3.127024898996598e-05,7.971938775510203e-05,100352
bayesfl_observability_v1,ola_sparse_bayesian_keep010_seed42,15,ola,global,,,layers.0.weight,db,8,-140.1329235545662,-138.85823930467927,-139.49558142962275,0,0.0,7.971938775510203e-05,100352
bayesfl_observability_v1,ola_sparse_bayesian_keep010_seed42,15,ola,global,,,layers.0.weight,db,9,-138.85823930467927,-137.58355505479238,-138.22089717973583,2,1.563512449498299e-05,9.964923469387755e-05,100352
bayesfl_observability_v1,ola_sparse_bayesian_keep010_seed42,15,ola,global,,,layers.0.weight,db,10,-137.58355505479238,-136.30887080490547,-136.9462129298489,0,0.0,9.964923469387755e-05,100352
bayesfl_observability_v1,ola_sparse_bayesian_keep010_seed42,15,ola,global,,,layers.0.weight,db,11,-136.30887080490547,-135.03418655501855,-135.67152867996202,5,3.90878112374566e-05,0.00014947385204081633,100352
bayesfl_observability_v1,ola_sparse_bayesian_keep010_seed42,15,ola,global,,,layers.0.weight,db,12,-135.03418655501855,-133.75950230513166,-134.3968444300751,3,2.3452686742474484e-05,0.0001793686224489796,100352
bayesfl_observability_v1,ola_sparse_bayesian_keep010_seed42,15,ola,global,,,layers.0.weight,db,13,-133.75950230513166,-132.48481805524474,-133.1221601801882,5,3.90878112374566e-05,0.00022919323979591838,100352
bayesfl_observability_v1,ola_sparse_bayesian_keep010_seed42,15,ola,global,,,layers.0.weight,db,14,-132.48481805524474,-131.21013380535783,-131.8474759303013,3,2.3452686742473962e-05,0.00025908801020408165,100352
bayesfl_observability_v1,ola_sparse_bayesian_keep010_seed42,15,ola,global,,,layers.0.weight,db,15,-131.21013380535783,-129.93544955547094,-130.57279168041438,6,4.690537348494897e-05,0.00031887755102040814,100352
bayesfl_observability_v1,ola_sparse_bayesian_keep010_seed42,15,ola,global,,,layers.0.weight,db,16,-129.93544955547094,-128.66076530558402,-129.29810743052747,5,3.90878112374566e-05,0.0003687021683673469,100352
bayesfl_observability_v1,ola_sparse_bayesian_keep010_seed42,15,ola,global,,,layers.0.weight,db,17,-128.66076530558402,-127.38608105569712,-128.02342318064058,5,3.908781123745704e-05,0.0004185267857142857,100352
bayesfl_observability_v1,ola_sparse_bayesian_keep010_seed42,15,ola,global,,,layers.0.weight,db,18,-127.38608105569712,-126.1113968058102,-126.74873893075366,3,2.3452686742473962e-05,0.000448421556122449,100352
bayesfl_observability_v1,ola_sparse_bayesian_keep010_seed42,15,ola,global,,,layers.0.weight,db,19,-126.1113968058102,-124.8367125559233,-125.47405468086674,10,7.817562247491408e-05,0.0005480707908163265,100352
bayesfl_observability_v1,ola_sparse_bayesian_keep010_seed42,15,ola,global,,,layers.0.weight,db,20,-124.8367125559233,-123.5620283060364,-124.19937043097985,0,0.0,0.0005480707908163265,100352
bayesfl_observability_v1,ola_sparse_bayesian_keep010_seed42,15,ola,global,,,layers.0.weight,db,21,-123.5620283060364,-122.2873440561495,-122.92468618109294,11,8.599318472240548e-05,0.0006576849489795918,100352
bayesfl_observability_v1,ola_sparse_bayesian_keep010_seed42,15,ola,global,,,layers.0.weight,db,22,-122.2873440561495,-121.01265980626258,-121.65000193120603,9,7.035806022742188e-05,0.0007473692602040816,100352
bayesfl_observability_v1,ola_sparse_bayesian_keep010_seed42,15,ola,global,,,layers.0.weight,db,23,-121.01265980626258,-119.73797555637567,-120.37531768131913,14,0.0001094458714648797,0.0008868781887755102,100352
bayesfl_observability_v1,ola_sparse_bayesian_keep010_seed42,15,ola,global,,,layers.0.weight,db,24,-119.73797555637567,-118.46329130648877,-119.10063343143221,12,9.381074696989689e-05,0.0010064572704081632,100352
bayesfl_observability_v1,ola_sparse_bayesian_keep010_seed42,15,ola,global,,,layers.0.weight,db,25,-118.46329130648877,-117.18860705660185,-117.82594918154531,11,8.599318472240452e-05,0.0011160714285714285,100352
bayesfl_observability_v1,ola_sparse_bayesian_keep010_seed42,15,ola,global,,,layers.0.weight,db,26,-117.18860705660185,-115.91392280671495,-116.55126493165841,11,8.599318472240548e-05,0.0012256855867346938,100352
bayesfl_observability_v1,ola_sparse_bayesian_keep010_seed42,15,ola,global,,,layers.0.weight,db,27,-115.91392280671495,-114.63923855682805,-115.27658068177149,17,0.00013289855820735393,0.0013950892857142857,100352
bayesfl_observability_v1,ola_sparse_bayesian_keep010_seed42,15,ola,global,,,layers.0.weight,db,28,-114.63923855682805,-113.36455430694113,-114.00189643188459,22,0.00017198636944480903,0.0016143176020408164,100352
bayesfl_observability_v1,ola_sparse_bayesian_keep010_seed42,15,ola,global,,,layers.0.weight,db,29,-113.36455430694113,-112.08987005705423,-112.72721218199769,32,0.00025016199191972506,0.0019331951530612245,100352
bayesfl_observability_v1,ola_sparse_bayesian_keep010_seed42,15,ola,global,,,layers.0.weight,db,30,-112.08987005705423,-110.81518580716732,-111.45252793211077,42,0.0003283376143946391,0.00235172193877551,100352
bayesfl_observability_v1,ola_sparse_bayesian_keep010_seed42,15,ola,global,,,layers.0.weight,db,31,-110.81518580716732,-109.54050155728041,-110.17784368222387,41,0.0003205200521471441,0.002760283801020408,100352
bayesfl_observability_v1,ola_sparse_bayesian_keep010_seed42,15,ola,global,,,layers.0.weight,db,32,-109.54050155728041,-108.2658173073935,-108.90315943233696,50,0.00039087811237457036,0.0032585299744897957,100352
bayesfl_observability_v1,ola_sparse_bayesian_keep010_seed42,15,ola,global,,,layers.0.weight,db,33,-108.2658173073935,-106.9911330575066,-107.62847518245005,49,0.00038306055012707894,0.0037468112244897957,100352
bayesfl_observability_v1,ola_sparse_bayesian_keep010_seed42,15,ola,global,,,layers.0.weight,db,34,-106.9911330575066,-105.71644880761968,-106.35379093256314,52,0.00040651323686954866,0.004264987244897959,100352
bayesfl_observability_v1,ola_sparse_bayesian_keep010_seed42,15,ola,global,,,layers.0.weight,db,35,-105.71644880761968,-104.4417645577328,-105.07910668267624,84,0.0006566752287892855,0.00510204081632653,100352
bayesfl_observability_v1,ola_sparse_bayesian_keep010_seed42,15,ola,global,,,layers.0.weight,db,36,-104.4417645577328,-103.16708030784588,-103.80442243278934,90,0.0007035806022742188,0.005998883928571429,100352
bayesfl_observability_v1,ola_sparse_bayesian_keep010_seed42,15,ola,global,,,layers.0.weight,db,37,-103.16708030784588,-101.89239605795896,-102.52973818290242,87,0.0006801279155317448,0.006865832270408163,100352
bayesfl_observability_v1,ola_sparse_bayesian_keep010_seed42,15,ola,global,,,layers.0.weight,db,38,-101.89239605795896,-100.61771180807207,-101.25505393301552,127,0.0009928304054314199,0.008131377551020409,100352
bayesfl_observability_v1,ola_sparse_bayesian_keep010_seed42,15,ola,global,,,layers.0.weight,db,39,-100.61771180807207,-99.34302755818516,-99.98036968312861,133,0.0010397357789163457,0.00945671237244898,100352
bayesfl_observability_v1,ola_sparse_bayesian_keep010_seed42,15,ola,global,,,layers.0.weight,db,40,-99.34302755818516,-98.06834330829825,-98.70568543324171,152,0.0011882694616186938,0.010971380739795918,100352
bayesfl_observability_v1,ola_sparse_bayesian_keep010_seed42,15,ola,global,,,layers.0.weight,db,41,-98.06834330829825,-96.79365905841135,-97.4310011833548,163,0.0012742626463410993,0.012595663265306123,100352
bayesfl_observability_v1,ola_sparse_bayesian_keep010_seed42,15,ola,global,,,layers.0.weight,db,42,-96.79365905841135,-95.51897480852443,-96.15631693346789,191,0.0014931543892708421,0.014498963647959183,100352
bayesfl_observability_v1,ola_sparse_bayesian_keep010_seed42,15,ola,global,,,layers.0.weight,db,43,-95.51897480852443,-94.24429055863753,-94.88163268358099,234,0.0018293095659129893,0.01683075573979592,100352
bayesfl_observability_v1,ola_sparse_bayesian_keep010_seed42,15,ola,global,,,layers.0.weight,db,44,-94.24429055863753,-92.96960630875063,-93.60694843369407,246,0.0019231203128828862,0.019282126913265307,100352
bayesfl_observability_v1,ola_sparse_bayesian_keep010_seed42,15,ola,global,,,layers.0.weight,db,45,-92.96960630875063,-91.69492205886371,-92.33226418380717,306,0.002392174047732344,0.02233139349489796,100352
bayesfl_observability_v1,ola_sparse_bayesian_keep010_seed42,15,ola,global,,,layers.0.weight,db,46,-91.69492205886371,-90.42023780897681,-91.05757993392027,341,0.00266578872639457,0.025729432397959183,100352
bayesfl_observability_v1,ola_sparse_bayesian_keep010_seed42,15,ola,global,,,layers.0.weight,db,47,-90.42023780897681,-89.1455535590899,-89.78289568403335,406,0.0031739302724815115,0.02977519132653061,100352
bayesfl_observability_v1,ola_sparse_bayesian_keep010_seed42,15,ola,global,,,layers.0.weight,db,48,-89.1455535590899,-87.87086930920299,-88.50821143414645,449,0.003510085449123603,0.03424944196428571,100352
bayesfl_observability_v1,ola_sparse_bayesian_keep010_seed42,15,ola,global,,,layers.0.weight,db,49,-87.87086930920299,-86.59618505931608,-87.23352718425954,543,0.004244936300387834,0.03966039540816327,100352
bayesfl_observability_v1,ola_sparse_bayesian_keep010_seed42,15,ola,global,,,layers.0.weight,db,50,-86.59618505931608,-85.32150080942918,-85.95884293437263,610,0.004768712970969758,0.0457389987244898,100352
bayesfl_observability_v1,ola_sparse_bayesian_keep010_seed42,15,ola,global,,,layers.0.weight,db,51,-85.32150080942918,-84.04681655954228,-84.68415868448574,697,0.005448840886501511,0.05268455038265306,100352
bayesfl_observability_v1,ola_sparse_bayesian_keep010_seed42,15,ola,global,,,layers.0.weight,db,52,-84.04681655954228,-82.77213230965536,-83.40947443459882,797,0.006230597111250583,0.060626594387755105,100352
bayesfl_observability_v1,ola_sparse_bayesian_keep010_seed42,15,ola,global,,,layers.0.weight,db,53,-82.77213230965536,-81.49744805976846,-82.1347901847119,982,0.007676846127036562,0.07041214923469388,100352
bayesfl_observability_v1,ola_sparse_bayesian_keep010_seed42,15,ola,global,,,layers.0.weight,db,54,-81.49744805976846,-80.22276380988156,-80.86010593482501,1106,0.008646223845725496,0.08143335459183673,100352
bayesfl_observability_v1,ola_sparse_bayesian_keep010_seed42,15,ola,global,,,layers.0.weight,db,55,-80.22276380988156,-78.94807955999464,-79.5854216849381,1230,0.009615601564414324,0.09369021045918367,100352
bayesfl_observability_v1,ola_sparse_bayesian_keep010_seed42,15,ola,global,,,layers.0.weight,db,56,-78.94807955999464,-77.67339531010774,-78.31073743505118,1479,0.011562174564039792,0.10842833227040816,100352
bayesfl_observability_v1,ola_sparse_bayesian_keep010_seed42,15,ola,global,,,layers.0.weight,db,57,-77.67339531010774,-76.39871106022083,-77.03605318516429,1730,0.013524382688160135,0.12566764987244897,100352
bayesfl_observability_v1,ola_sparse_bayesian_keep010_seed42,15,ola,global,,,layers.0.weight,db,58,-76.39871106022083,-75.12402681033392,-75.76136893527737,1982,0.015494408374527797,0.1454181281887755,100352
bayesfl_observability_v1,ola_sparse_bayesian_keep010_seed42,15,ola,global,,,layers.0.weight,db,59,-75.12402681033392,-73.84934256044701,-74.48668468539046,2272,0.017761501426300477,0.1680584343112245,100352
bayesfl_observability_v1,ola_sparse_bayesian_keep010_seed42,15,ola,global,,,layers.0.weight,db,60,-73.84934256044701,-72.57465831056011,-73.21200043550357,2810,0.021967349915450855,0.19605986926020408,100352
bayesfl_observability_v1,ola_sparse_bayesian_keep010_seed42,15,ola,global,,,layers.0.weight,db,61,-72.57465831056011,-71.29997406067321,-71.93731618561665,3192,0.024953658693992572,0.2278679049744898,100352
bayesfl_observability_v1,ola_sparse_bayesian_keep010_seed42,15,ola,global,,,layers.0.weight,db,62,-71.29997406067321,-70.02528981078629,-70.66263193572975,3778,0.02953475017102221,0.26551538584183676,100352
bayesfl_observability_v1,ola_sparse_bayesian_keep010_seed42,15,ola,global,,,layers.0.weight,db,63,-70.02528981078629,-68.75060556089939,-69.38794768584285,4081,0.03190347153201243,0.30618223852040816,100352
bayesfl_observability_v1,ola_sparse_bayesian_keep010_seed42,15,ola,global,,,layers.0.weight,db,64,-68.75060556089939,-67.47592131101248,-68.11326343595593,4886,0.03819660914124302,0.35487085459183676,100352
bayesfl_observability_v1,ola_sparse_bayesian_keep010_seed42,15,ola,global,,,layers.0.weight,db,65,-67.47592131101248,-66.20123706112557,-66.83857918606903,5700,0.044560104810700524,0.4116709183673469,100352
bayesfl_observability_v1,ola_sparse_bayesian_keep010_seed42,15,ola,global,,,layers.0.weight,db,66,-66.20123706112557,-64.92655281123866,-65.56389493618212,6577,0.05141610690175098,0.4772102200255102,100352
bayesfl_observability_v1,ola_sparse_bayesian_keep010_seed42,15,ola,global,,,layers.0.weight,db,67,-64.92655281123866,-63.65186856135176,-64.2892106862952,7647,0.059780898506566794,0.5534119897959183,100352
bayesfl_observability_v1,ola_sparse_bayesian_keep010_seed42,15,ola,global,,,layers.0.weight,db,68,-63.65186856135176,-62.37718431146486,-63.01452643640831,8669,0.06777044712350301,0.6397979113520408,100352
bayesfl_observability_v1,ola_sparse_bayesian_keep010_seed42,15,ola,global,,,layers.0.weight,db,69,-62.37718431146486,-61.10250006157794,-61.7398421865214,10009,0.07824598053514062,0.7395368303571429,100352
bayesfl_observability_v1,ola_sparse_bayesian_keep010_seed42,15,ola,global,,,layers.0.weight,db,70,-61.10250006157794,-59.82781581169104,-60.46515793663449,11630,0.09091824893832506,0.8554288903061225,100352
bayesfl_observability_v1,ola_sparse_bayesian_keep010_seed42,15,ola,global,,,layers.0.weight,db,71,-59.82781581169104,-58.553131561804136,-59.19047368674759,9874,0.07719060963173016,0.9538225446428571,100352
bayesfl_observability_v1,ola_sparse_bayesian_keep010_seed42,15,ola,global,,,layers.0.weight,db,72,-58.553131561804136,-57.27844731191722,-57.91578943686068,3008,0.023515227240453893,0.9837970344387755,100352
bayesfl_observability_v1,ola_sparse_bayesian_keep010_seed42,15,ola,global,,,layers.0.weight,db,73,-57.27844731191722,-56.003763062030316,-56.64110518697377,918,0.007176522143197112,0.9929448341836735,100352
bayesfl_observability_v1,ola_sparse_bayesian_keep010_seed42,15,ola,global,,,layers.0.weight,db,74,-56.003763062030316,-54.72907881214341,-55.366420937086865,428,0.0033459166419263224,0.9972098214285714,100352
bayesfl_observability_v1,ola_sparse_bayesian_keep010_seed42,15,ola,global,,,layers.0.weight,db,75,-54.72907881214341,-53.454394562256496,-54.091736687199955,174,0.0013602558310634896,0.9989437181122449,100352
bayesfl_observability_v1,ola_sparse_bayesian_keep010_seed42,15,ola,global,,,layers.0.weight,db,76,-53.454394562256496,-52.17971031236959,-52.817052437313045,76,0.0005941347308093469,0.9997010522959183,100352
bayesfl_observability_v1,ola_sparse_bayesian_keep010_seed42,15,ola,global,,,layers.0.weight,db,77,-52.17971031236959,-50.90502606248269,-51.54236818742614,22,0.00017198636944481096,0.9999202806122449,100352
bayesfl_observability_v1,ola_sparse_bayesian_keep010_seed42,15,ola,global,,,layers.0.weight,db,78,-50.90502606248269,-49.63034181259579,-50.26768393753924,5,3.908781123745704e-05,0.9999701052295918,100352
bayesfl_observability_v1,ola_sparse_bayesian_keep010_seed42,15,ola,global,,,layers.0.weight,db,79,-49.63034181259579,-48.35565756270887,-48.99299968765233,3,2.3452686742473962e-05,1.0,100352
bayesfl_observability_v1,ola_sparse_bayesian_keep010_seed42,15,ola,global,,,layers.0.bias,raw,0,4.781461961581617e-06,2.6258562560187227e-05,1.5520012260884423e-05,2,727.519058183042,0.015625,128
bayesfl_observability_v1,ola_sparse_bayesian_keep010_seed42,15,ola,global,,,layers.0.bias,raw,1,2.6258562560187227e-05,4.773566315879284e-05,3.6997112859490035e-05,3,1091.2785872745626,0.0390625,128
bayesfl_observability_v1,ola_sparse_bayesian_keep010_seed42,15,ola,global,,,layers.0.bias,raw,2,4.773566315879284e-05,6.921276375739844e-05,5.8474213458095644e-05,5,1818.7976454576055,0.078125,128
bayesfl_observability_v1,ola_sparse_bayesian_keep010_seed42,15,ola,global,,,layers.0.bias,raw,3,6.921276375739844e-05,9.068986435600406e-05,7.995131405670125e-05,2,727.5190581830418,0.09375,128
bayesfl_observability_v1,ola_sparse_bayesian_keep010_seed42,15,ola,global,,,layers.0.bias,raw,4,9.068986435600406e-05,0.00011216696495460968,0.00010142841465530687,3,1091.2785872745626,0.1171875,128
bayesfl_observability_v1,ola_sparse_bayesian_keep010_seed42,15,ola,global,,,layers.0.bias,raw,5,0.00011216696495460968,0.0001336440655532153,0.00012290551525391248,1,363.7595290915209,0.125,128
bayesfl_observability_v1,ola_sparse_bayesian_keep010_seed42,15,ola,global,,,layers.0.bias,raw,6,0.0001336440655532153,0.0001551211661518209,0.0001443826158525181,2,727.5190581830418,0.140625,128
bayesfl_observability_v1,ola_sparse_bayesian_keep010_seed42,15,ola,global,,,layers.0.bias,raw,7,0.0001551211661518209,0.00017659826675042652,0.00016585971645112371,2,727.5190581830418,0.15625,128
bayesfl_observability_v1,ola_sparse_bayesian_keep010_seed42,15,ola,global,,,layers.0.bias,raw,8,0.00017659826675042652,0.00019807536734903214,0.00018733681704972933,2,727.5190581830418,0.171875,128
bayesfl_observability_v1,ola_sparse_bayesian_keep010_seed42,15,ola,global,,,layers.0.bias,raw,9,0.00019807536734903214,0.00021955246794763775,0.00020881391764833495,6,2182.557174549125,0.21875,128
bayesfl_observability_v1,ola_sparse_bayesian_keep010_seed42,15,ola,global,,,layers.0.bias,raw,10,0.00021955246794763775,0.00024102956854624337,0.00023029101824694056,2,727.5190581830418,0.234375,128
bayesfl_observability_v1,ola_sparse_bayesian_keep010_seed42,15,ola,global,,,layers.0.bias,raw,11,0.00024102956854624337,0.00026250666914484893,0.0002517681188455461,2,727.5190581830436,0.25,128
bayesfl_observability_v1,ola_sparse_bayesian_keep010_seed42,15,ola,global,,,layers.0.bias,raw,12,0.00026250666914484893,0.00028398376974345454,0.00027324521944415174,4,1455.0381163660836,0.28125,128
bayesfl_observability_v1,ola_sparse_bayesian_keep010_seed42,15,ola,global,,,layers.0.bias,raw,13,0.00028398376974345454,0.00030546087034206016,0.00029472232004275735,2,727.5190581830418,0.296875,128
bayesfl_observability_v1,ola_sparse_bayesian_keep010_seed42,15,ola,global,,,layers.0.bias,raw,14,0.00030546087034206016,0.0003269379709406658,0.00031619942064136297,3,1091.2785872745626,0.3203125,128
bayesfl_observability_v1,ola_sparse_bayesian_keep010_seed42,15,ola,global,,,layers.0.bias,raw,15,0.0003269379709406658,0.0003484150715392714,0.0003376765212399686,2,727.5190581830418,0.3359375,128
bayesfl_observability_v1,ola_sparse_bayesian_keep010_seed42,15,ola,global,,,layers.0.bias,raw,16,0.0003484150715392714,0.000369892172137877,0.0003591536218385742,1,363.7595290915209,0.34375,128
bayesfl_observability_v1,ola_sparse_bayesian_keep010_seed42,15,ola,global,,,layers.0.bias,raw,17,0.000369892172137877,0.0003913692727364826,0.0003806307224371798,1,363.7595290915209,0.3515625,128
bayesfl_observability_v1,ola_sparse_bayesian_keep010_seed42,15,ola,global,,,layers.0.bias,raw,18,0.0003913692727364826,0.00041284637333508824,0.00040210782303578543,4,1455.0381163660836,0.3828125,128
bayesfl_observability_v1,ola_sparse_bayesian_keep010_seed42,15,ola,global,,,layers.0.bias,raw,19,0.00041284637333508824,0.00043432347393369385,0.00042358492363439105,1,363.7595290915209,0.390625,128
bayesfl_observability_v1,ola_sparse_bayesian_keep010_seed42,15,ola,global,,,layers.0.bias,raw,20,0.00043432347393369385,0.00045580057453229947,0.00044506202423299666,1,363.7595290915209,0.3984375,128
bayesfl_observability_v1,ola_sparse_bayesian_keep010_seed42,15,ola,global,,,layers.0.bias,raw,21,0.00045580057453229947,0.0004772776751309051,0.0004665391248316023,2,727.5190581830418,0.4140625,128
bayesfl_observability_v1,ola_sparse_bayesian_keep010_seed42,15,ola,global,,,layers.0.bias,raw,22,0.0004772776751309051,0.0004987547757295107,0.0004880162254302079,4,1455.0381163660836,0.4453125,128
bayesfl_observability_v1,ola_sparse_bayesian_keep010_seed42,15,ola,global,,,layers.0.bias,raw,23,0.0004987547757295107,0.0005202318763281163,0.0005094933260288135,3,1091.2785872745626,0.46875,128
bayesfl_observability_v1,ola_sparse_bayesian_keep010_seed42,15,ola,global,,,layers.0.bias,raw,24,0.0005202318763281163,0.0005417089769267219,0.0005309704266274191,0,0.0,0.46875,128
bayesfl_observability_v1,ola_sparse_bayesian_keep010_seed42,15,ola,global,,,layers.0.bias,raw,25,0.0005417089769267219,0.0005631860775253275,0.0005524475272260247,1,363.7595290915209,0.4765625,128
bayesfl_observability_v1,ola_sparse_bayesian_keep010_seed42,15,ola,global,,,layers.0.bias,raw,26,0.0005631860775253275,0.0005846631781239332,0.0005739246278246304,0,0.0,0.4765625,128
bayesfl_observability_v1,ola_sparse_bayesian_keep010_seed42,15,ola,global,,,layers.0.bias,raw,27,0.0005846631781239332,0.0006061402787225388,0.000595401728423236,2,727.5190581830418,0.4921875,128
bayesfl_observability_v1,ola_sparse_bayesian_keep010_seed42,15,ola,global,,,layers.0.bias,raw,28,0.0006061402787225388,0.0006276173793211444,0.0006168788290218416,1,363.7595290915209,0.5,128
bayesfl_observability_v1,ola_sparse_bayesian_keep010_seed42,15,ola,global,,,layers.0.bias,raw,29,0.0006276173793211444,0.00064909447991975,0.0006383559296204472,1,363.7595290915209,0.5078125,128
bayesfl_observability_v1,ola_sparse_bayesian_keep010_seed42,15,ola,global,,,layers.0.bias,raw,30,0.00064909447991975,0.0006705715805183556,0.0006598330302190528,1,363.7595290915209,0.515625,128
bayesfl_observability_v1,ola_sparse_bayesian_keep010_seed42,15,ola,global,,,layers.0.bias,raw,31,0.0006705715805183556,0.0006920486811169612,0.0006813101308176584,2,727.5190581830418,0.53125,128
bayesfl_observability_v1,ola_sparse_bayesian_keep010_seed42,15,ola,global,,,layers.0.bias,raw,32,0.0006920486811169612,0.0007135257817155669,0.000702787231416264,5,1818.7976454576044,0.5703125,128
bayesfl_observability_v1,ola_sparse_bayesian_keep010_seed42,15,ola,global,,,layers.0.bias,raw,33,0.0007135257817155669,0.0007350028823141725,0.0007242643320148697,3,1091.2785872745626,0.59375,128
bayesfl_observability_v1,ola_sparse_bayesian_keep010_seed42,15,ola,global,,,layers.0.bias,raw,34,0.0007350028823141725,0.0007564799829127781,0.0007457414326134753,0,0.0,0.59375,128
bayesfl_observability_v1,ola_sparse_bayesian_keep010_seed42,15,ola,global,,,layers.0.bias,raw,35,0.0007564799829127781,0.0007779570835113837,0.0007672185332120809,2,727.5190581830418,0.609375,128
bayesfl_observability_v1,ola_sparse_bayesian_keep010_seed42,15,ola,global,,,layers.0.bias,raw,36,0.0007779570835113837,0.0007994341841099893,0.0007886956338106865,4,1455.0381163660836,0.640625,128
bayesfl_observability_v1,ola_sparse_bayesian_keep010_seed42,15,ola,global,,,layers.0.bias,raw,37,0.0007994341841099893,0.0008209112847085949,0.0008101727344092921,0,0.0,0.640625,128
bayesfl_observability_v1,ola_sparse_bayesian_keep010_seed42,15,ola,global,,,layers.0.bias,raw,38,0.0008209112847085949,0.0008423883853072005,0.0008316498350078977,2,727.5190581830418,0.65625,128
bayesfl_observability_v1,ola_sparse_bayesian_keep010_seed42,15,ola,global,,,layers.0.bias,raw,39,0.0008423883853072005,0.0008638654859058062,0.0008531269356065034,3,1091.2785872745626,0.6796875,128
bayesfl_observability_v1,ola_sparse_bayesian_keep010_seed42,15,ola,global,,,layers.0.bias,raw,40,0.0008638654859058062,0.0008853425865044118,0.000874604036205109,3,1091.2785872745626,0.703125,128
bayesfl_observability_v1,ola_sparse_bayesian_keep010_seed42,15,ola,global,,,layers.0.bias,raw,41,0.0008853425865044118,0.0009068196871030174,0.0008960811368037146,2,727.5190581830418,0.71875,128
bayesfl_observability_v1,ola_sparse_bayesian_keep010_seed42,15,ola,global,,,layers.0.bias,raw,42,0.0009068196871030174,0.000928296787701623,0.0009175582374023202,2,727.5190581830418,0.734375,128
bayesfl_observability_v1,ola_sparse_bayesian_keep010_seed42,15,ola,global,,,layers.0.bias,raw,43,0.000928296787701623,0.0009497738883002286,0.0009390353380009258,1,363.7595290915209,0.7421875,128
bayesfl_observability_v1,ola_sparse_bayesian_keep010_seed42,15,ola,global,,,layers.0.bias,raw,44,0.0009497738883002286,0.0009712509888988342,0.0009605124385995314,0,0.0,0.7421875,128
bayesfl_observability_v1,ola_sparse_bayesian_keep010_seed42,15,ola,global,,,layers.0.bias,raw,45,0.0009712509888988342,0.0009927280894974396,0.000981989539198137,3,1091.2785872745737,0.765625,128
bayesfl_observability_v1,ola_sparse_bayesian_keep010_seed42,15,ola,global,,,layers.0.bias,raw,46,0.0009927280894974396,0.0010142051900960453,0.0010034666397967424,2,727.5190581830418,0.78125,128
bayesfl_observability_v1,ola_sparse_bayesian_keep010_seed42,15,ola,global,,,layers.0.bias,raw,47,0.0010142051900960453,0.0010356822906946509,0.001024943740395348,1,363.7595290915209,0.7890625,128
bayesfl_observability_v1,ola_sparse_bayesian_keep010_seed42,15,ola,global,,,layers.0.bias,raw,48,0.0010356822906946509,0.0010571593912932565,0.0010464208409939537,6,2182.557174549125,0.8359375,128
bayesfl_observability_v1,ola_sparse_bayesian_keep010_seed42,15,ola,global,,,layers.0.bias,raw,49,0.0010571593912932565,0.001078636491891862,0.0010678979415925593,0,0.0,0.8359375,128
bayesfl_observability_v1,ola_sparse_bayesian_keep010_seed42,15,ola,global,,,layers.0.bias,raw,50,0.001078636491891862,0.0011001135924904677,0.001089375042191165,3,1091.2785872745626,0.859375,128
bayesfl_observability_v1,ola_sparse_bayesian_keep010_seed42,15,ola,global,,,layers.0.bias,raw,51,0.0011001135924904677,0.0011215906930890733,0.0011108521427897705,0,0.0,0.859375,128
bayesfl_observability_v1,ola_sparse_bayesian_keep010_seed42,15,ola,global,,,layers.0.bias,raw,52,0.0011215906930890733,0.001143067793687679,0.0011323292433883761,1,363.7595290915209,0.8671875,128
bayesfl_observability_v1,ola_sparse_bayesian_keep010_seed42,15,ola,global,,,layers.0.bias,raw,53,0.001143067793687679,0.0011645448942862846,0.0011538063439869818,0,0.0,0.8671875,128
bayesfl_observability_v1,ola_sparse_bayesian_keep010_seed42,15,ola,global,,,layers.0.bias,raw,54,0.0011645448942862846,0.0011860219948848902,0.0011752834445855874,2,727.5190581830418,0.8828125,128
bayesfl_observability_v1,ola_sparse_bayesian_keep010_seed42,15,ola,global,,,layers.0.bias,raw,55,0.0011860219948848902,0.0012074990954834958,0.001196760545184193,0,0.0,0.8828125,128
bayesfl_observability_v1,ola_sparse_bayesian_keep010_seed42,15,ola,global,,,layers.0.bias,raw,56,0.0012074990954834958,0.0012289761960821014,0.0012182376457827986,1,363.7595290915209,0.890625,128
bayesfl_observability_v1,ola_sparse_bayesian_keep010_seed42,15,ola,global,,,layers.0.bias,raw,57,0.0012289761960821014,0.001250453296680707,0.0012397147463814042,2,727.5190581830418,0.90625,128
bayesfl_observability_v1,ola_sparse_bayesian_keep010_seed42,15,ola,global,,,layers.0.bias,raw,58,0.001250453296680707,0.0012719303972793126,0.0012611918469800098,2,727.5190581830418,0.921875,128
bayesfl_observability_v1,ola_sparse_bayesian_keep010_seed42,15,ola,global,,,layers.0.bias,raw,59,0.0012719303972793126,0.0012934074978779183,0.0012826689475786154,2,727.5190581830418,0.9375,128
bayesfl_observability_v1,ola_sparse_bayesian_keep010_seed42,15,ola,global,,,layers.0.bias,raw,60,0.0012934074978779183,0.0013148845984765239,0.001304146048177221,0,0.0,0.9375,128
bayesfl_observability_v1,ola_sparse_bayesian_keep010_seed42,15,ola,global,,,layers.0.bias,raw,61,0.0013148845984765239,0.0013363616990751295,0.0013256231487758267,0,0.0,0.9375,128
bayesfl_observability_v1,ola_sparse_bayesian_keep010_seed42,15,ola,global,,,layers.0.bias,raw,62,0.0013363616990751295,0.001357838799673735,0.0013471002493744323,1,363.7595290915209,0.9453125,128
bayesfl_observability_v1,ola_sparse_bayesian_keep010_seed42,15,ola,global,,,layers.0.bias,raw,63,0.001357838799673735,0.0013793159002723407,0.001368577349973038,1,363.7595290915209,0.953125,128
bayesfl_observability_v1,ola_sparse_bayesian_keep010_seed42,15,ola,global,,,layers.0.bias,raw,64,0.0013793159002723407,0.0014007930008709463,0.0013900544505716435,1,363.7595290915209,0.9609375,128
bayesfl_observability_v1,ola_sparse_bayesian_keep010_seed42,15,ola,global,,,layers.0.bias,raw,65,0.0014007930008709463,0.001422270101469552,0.0014115315511702491,1,363.7595290915209,0.96875,128
bayesfl_observability_v1,ola_sparse_bayesian_keep010_seed42,15,ola,global,,,layers.0.bias,raw,66,0.001422270101469552,0.0014437472020681576,0.0014330086517688548,0,0.0,0.96875,128
bayesfl_observability_v1,ola_sparse_bayesian_keep010_seed42,15,ola,global,,,layers.0.bias,raw,67,0.0014437472020681576,0.0014652243026667632,0.0014544857523674604,0,0.0,0.96875,128
bayesfl_observability_v1,ola_sparse_bayesian_keep010_seed42,15,ola,global,,,layers.0.bias,raw,68,0.0014652243026667632,0.0014867014032653688,0.001475962852966066,1,363.7595290915209,0.9765625,128
bayesfl_observability_v1,ola_sparse_bayesian_keep010_seed42,15,ola,global,,,layers.0.bias,raw,69,0.0014867014032653688,0.0015081785038639744,0.0014974399535646716,0,0.0,0.9765625,128
bayesfl_observability_v1,ola_sparse_bayesian_keep010_seed42,15,ola,global,,,layers.0.bias,raw,70,0.0015081785038639744,0.00152965560446258,0.0015189170541632772,0,0.0,0.9765625,128
bayesfl_observability_v1,ola_sparse_bayesian_keep010_seed42,15,ola,global,,,layers.0.bias,raw,71,0.00152965560446258,0.0015511327050611856,0.0015403941547618828,0,0.0,0.9765625,128
bayesfl_observability_v1,ola_sparse_bayesian_keep010_seed42,15,ola,global,,,layers.0.bias,raw,72,0.0015511327050611856,0.0015726098056597913,0.0015618712553604884,0,0.0,0.9765625,128
bayesfl_observability_v1,ola_sparse_bayesian_keep010_seed42,15,ola,global,,,layers.0.bias,raw,73,0.0015726098056597913,0.0015940869062583969,0.001583348355959094,1,363.7595290915209,0.984375,128
bayesfl_observability_v1,ola_sparse_bayesian_keep010_seed42,15,ola,global,,,layers.0.bias,raw,74,0.0015940869062583969,0.0016155640068570025,0.0016048254565576997,0,0.0,0.984375,128
bayesfl_observability_v1,ola_sparse_bayesian_keep010_seed42,15,ola,global,,,layers.0.bias,raw,75,0.0016155640068570025,0.001637041107455608,0.0016263025571563053,0,0.0,0.984375,128
bayesfl_observability_v1,ola_sparse_bayesian_keep010_seed42,15,ola,global,,,layers.0.bias,raw,76,0.001637041107455608,0.0016585182080542137,0.001647779657754911,1,363.7595290915209,0.9921875,128
bayesfl_observability_v1,ola_sparse_bayesian_keep010_seed42,15,ola,global,,,layers.0.bias,raw,77,0.0016585182080542137,0.0016799953086528193,0.0016692567583535165,0,0.0,0.9921875,128
bayesfl_observability_v1,ola_sparse_bayesian_keep010_seed42,15,ola,global,,,layers.0.bias,raw,78,0.0016799953086528193,0.001701472409251425,0.0016907338589521221,0,0.0,0.9921875,128
bayesfl_observability_v1,ola_sparse_bayesian_keep010_seed42,15,ola,global,,,layers.0.bias,raw,79,0.001701472409251425,0.0017229495098500306,0.0017122109595507278,1,363.7595290915209,1.0,128
bayesfl_observability_v1,ola_sparse_bayesian_keep010_seed42,15,ola,global,,,layers.0.bias,db,0,-106.40878408058708,-105.76960614180226,-106.08919511119467,1,0.012222730989202702,0.0078125,128
bayesfl_observability_v1,ola_sparse_bayesian_keep010_seed42,15,ola,global,,,layers.0.bias,db,1,-105.76960614180226,-105.13042820301743,-105.45001717240984,0,0.0,0.0078125,128
bayesfl_observability_v1,ola_sparse_bayesian_keep010_seed42,15,ola,global,,,layers.0.bias,db,2,-105.13042820301743,-104.4912502642326,-104.81083923362502,0,0.0,0.0078125,128
bayesfl_observability_v1,ola_sparse_bayesian_keep010_seed42,15,ola,global,,,layers.0.bias,db,3,-104.4912502642326,-103.85207232544778,-104.17166129484019,0,0.0,0.0078125,128
bayesfl_observability_v1,ola_sparse_bayesian_keep010_seed42,15,ola,global,,,layers.0.bias,db,4,-103.85207232544778,-103.21289438666295,-103.53248335605537,0,0.0,0.0078125,128
bayesfl_observability_v1,ola_sparse_bayesian_keep010_seed42,15,ola,global,,,layers.0.bias,db,5,-103.21289438666295,-102.57371644787811,-102.89330541727054,0,0.0,0.0078125,128
bayesfl_observability_v1,ola_sparse_bayesian_keep010_seed42,15,ola,global,,,layers.0.bias,db,6,-102.57371644787811,-101.93453850909329,-102.2541274784857,0,0.0,0.0078125,128
bayesfl_observability_v1,ola_sparse_bayesian_keep010_seed42,15,ola,global,,,layers.0.bias,db,7,-101.93453850909329,-101.29536057030846,-101.61494953970087,0,0.0,0.0078125,128
bayesfl_observability_v1,ola_sparse_bayesian_keep010_seed42,15,ola,global,,,layers.0.bias,db,8,-101.29536057030846,-100.65618263152363,-100.97577160091605,0,0.0,0.0078125,128
bayesfl_observability_v1,ola_sparse_bayesian_keep010_seed42,15,ola,global,,,layers.0.bias,db,9,-100.65618263152363,-100.01700469273881,-100.33659366213122,0,0.0,0.0078125,128
bayesfl_observability_v1,ola_sparse_bayesian_keep010_seed42,15,ola,global,,,layers.0.bias,db,10,-100.01700469273881,-99.37782675395398,-99.6974157233464,0,0.0,0.0078125,128
bayesfl_observability_v1,ola_sparse_bayesian_keep010_seed42,15,ola,global,,,layers.0.bias,db,11,-99.37782675395398,-98.73864881516916,-99.05823778456157,0,0.0,0.0078125,128
bayesfl_observability_v1,ola_sparse_bayesian_keep010_seed42,15,ola,global,,,layers.0.bias,db,12,-98.73864881516916,-98.09947087638433,-98.41905984577674,0,0.0,0.0078125,128
bayesfl_observability_v1,ola_sparse_bayesian_keep010_seed42,15,ola,global,,,layers.0.bias,db,13,-98.09947087638433,-97.4602929375995,-97.77988190699192,0,0.0,0.0078125,128
bayesfl_observability_v1,ola_sparse_bayesian_keep010_seed42,15,ola,global,,,layers.0.bias,db,14,-97.4602929375995,-96.82111499881468,-97.14070396820709,0,0.0,0.0078125,128
bayesfl_observability_v1,ola_sparse_bayesian_keep010_seed42,15,ola,global,,,layers.0.bias,db,15,-96.82111499881468,-96.18193706002984,-96.50152602942225,0,0.0,0.0078125,128
bayesfl_observability_v1,ola_sparse_bayesian_keep010_seed42,15,ola,global,,,layers.0.bias,db,16,-96.18193706002984,-95.54275912124501,-95.86234809063743,0,0.0,0.0078125,128
bayesfl_observability_v1,ola_sparse_bayesian_keep010_seed42,15,ola,global,,,layers.0.bias,db,17,-95.54275912124501,-94.90358118246019,-95.2231701518526,0,0.0,0.0078125,128
bayesfl_observability_v1,ola_sparse_bayesian_keep010_seed42,15,ola,global,,,layers.0.bias,db,18,-94.90358118246019,-94.26440324367536,-94.58399221306777,0,0.0,0.0078125,128
bayesfl_observability_v1,ola_sparse_bayesian_keep010_seed42,15,ola,global,,,layers.0.bias,db,19,-94.26440324367536,-93.62522530489053,-93.94481427428295,1,0.012222730989202702,0.015625,128
bayesfl_observability_v1,ola_sparse_bayesian_keep010_seed42,15,ola,global,,,layers.0.bias,db,20,-93.62522530489053,-92.98604736610571,-93.30563633549812,0,0.0,0.015625,128
bayesfl_observability_v1,ola_sparse_bayesian_keep010_seed42,15,ola,global,,,layers.0.bias,db,21,-92.98604736610571,-92.34686942732088,-92.6664583967133,0,0.0,0.015625,128
bayesfl_observability_v1,ola_sparse_bayesian_keep010_seed42,15,ola,global,,,layers.0.bias,db,22,-92.34686942732088,-91.70769148853606,-92.02728045792847,0,0.0,0.015625,128
bayesfl_observability_v1,ola_sparse_bayesian_keep010_seed42,15,ola,global,,,layers.0.bias,db,23,-91.70769148853606,-91.06851354975123,-91.38810251914364,0,0.0,0.015625,128
bayesfl_observability_v1,ola_sparse_bayesian_keep010_seed42,15,ola,global,,,layers.0.bias,db,24,-91.06851354975123,-90.4293356109664,-90.74892458035882,0,0.0,0.015625,128
bayesfl_observability_v1,ola_sparse_bayesian_keep010_seed42,15,ola,global,,,layers.0.bias,db,25,-90.4293356109664,-89.79015767218158,-90.10974664157399,1,0.012222730989202702,0.0234375,128
bayesfl_observability_v1,ola_sparse_bayesian_keep010_seed42,15,ola,global,,,layers.0.bias,db,26,-89.79015767218158,-89.15097973339675,-89.47056870278917,1,0.012222730989202702,0.03125,128
bayesfl_observability_v1,ola_sparse_bayesian_keep010_seed42,15,ola,global,,,layers.0.bias,db,27,-89.15097973339675,-88.51180179461193,-88.83139076400434,0,0.0,0.03125,128
bayesfl_observability_v1,ola_sparse_bayesian_keep010_seed42,15,ola,global,,,layers.0.bias,db,28,-88.51180179461193,-87.87262385582709,-88.19221282521951,0,0.0,0.03125,128
bayesfl_observability_v1,ola_sparse_bayesian_keep010_seed42,15,ola,global,,,layers.0.bias,db,29,-87.87262385582709,-87.23344591704226,-87.55303488643467,0,0.0,0.03125,128
bayesfl_observability_v1,ola_sparse_bayesian_keep010_seed42,15,ola,global,,,layers.0.bias,db,30,-87.23344591704226,-86.59426797825743,-86.91385694764985,1,0.012222730989202702,0.0390625,128
bayesfl_observability_v1,ola_sparse_bayesian_keep010_seed42,15,ola,global,,,layers.0.bias,db,31,-86.59426797825743,-85.95509003947261,-86.27467900886502,1,0.012222730989202702,0.046875,128
bayesfl_observability_v1,ola_sparse_bayesian_keep010_seed42,15,ola,global,,,layers.0.bias,db,32,-85.95509003947261,-85.31591210068778,-85.6355010700802,0,0.0,0.046875,128
bayesfl_observability_v1,ola_sparse_bayesian_keep010_seed42,15,ola,global,,,layers.0.bias,db,33,-85.31591210068778,-84.67673416190296,-84.99632313129537,2,0.024445461978405403,0.0625,128
bayesfl_observability_v1,ola_sparse_bayesian_keep010_seed42,15,ola,global,,,layers.0.bias,db,34,-84.67673416190296,-84.03755622311813,-84.35714519251054,2,0.024445461978405403,0.078125,128
bayesfl_observability_v1,ola_sparse_bayesian_keep010_seed42,15,ola,global,,,layers.0.bias,db,35,-84.03755622311813,-83.39837828433329,-83.7179672537257,0,0.0,0.078125,128
bayesfl_observability_v1,ola_sparse_bayesian_keep010_seed42,15,ola,global,,,layers.0.bias,db,36,-83.39837828433329,-82.75920034554846,-83.07878931494088,0,0.0,0.078125,128
bayesfl_observability_v1,ola_sparse_bayesian_keep010_seed42,15,ola,global,,,layers.0.bias,db,37,-82.75920034554846,-82.12002240676364,-82.43961137615605,1,0.012222730989202702,0.0859375,128
bayesfl_observability_v1,ola_sparse_bayesian_keep010_seed42,15,ola,global,,,layers.0.bias,db,38,-82.12002240676364,-81.48084446797881,-81.80043343737123,0,0.0,0.0859375,128
bayesfl_observability_v1,ola_sparse_bayesian_keep010_seed42,15,ola,global,,,layers.0.bias,db,39,-81.48084446797881,-80.84166652919399,-81.1612554985864,1,0.012222730989202702,0.09375,128
bayesfl_observability_v1,ola_sparse_bayesian_keep010_seed42,15,ola,global,,,layers.0.bias,db,40,-80.84166652919399,-80.20248859040916,-80.52207755980157,1,0.012222730989202702,0.1015625,128
bayesfl_observability_v1,ola_sparse_bayesian_keep010_seed42,15,ola,global,,,layers.0.bias,db,41,-80.20248859040916,-79.56331065162433,-79.88289962101675,1,0.012222730989202702,0.109375,128
bayesfl_observability_v1,ola_sparse_bayesian_keep010_seed42,15,ola,global,,,layers.0.bias,db,42,-79.56331065162433,-78.92413271283951,-79.24372168223192,1,0.012222730989202702,0.1171875,128
bayesfl_observability_v1,ola_sparse_bayesian_keep010_seed42,15,ola,global,,,layers.0.bias,db,43,-78.92413271283951,-78.28495477405468,-78.6045437434471,0,0.0,0.1171875,128
bayesfl_observability_v1,ola_sparse_bayesian_keep010_seed42,15,ola,global,,,layers.0.bias,db,44,-78.28495477405468,-77.64577683526986,-77.96536580466227,1,0.012222730989202702,0.125,128
bayesfl_observability_v1,ola_sparse_bayesian_keep010_seed42,15,ola,global,,,layers.0.bias,db,45,-77.64577683526986,-77.00659889648503,-77.32618786587744,0,0.0,0.125,128
bayesfl_observability_v1,ola_sparse_bayesian_keep010_seed42,15,ola,global,,,layers.0.bias,db,46,-77.00659889648503,-76.3674209577002,-76.68700992709262,2,0.024445461978405403,0.140625,128
bayesfl_observability_v1,ola_sparse_bayesian_keep010_seed42,15,ola,global,,,layers.0.bias,db,47,-76.3674209577002,-75.72824301891538,-76.04783198830779,1,0.012222730989202702,0.1484375,128
bayesfl_observability_v1,ola_sparse_bayesian_keep010_seed42,15,ola,global,,,layers.0.bias,db,48,-75.72824301891538,-75.08906508013055,-75.40865404952297,1,0.012222730989202702,0.15625,128
bayesfl_observability_v1,ola_sparse_bayesian_keep010_seed42,15,ola,global,,,layers.0.bias,db,49,-75.08906508013055,-74.44988714134571,-74.76947611073814,2,0.02444546197840486,0.171875,128
bayesfl_observability_v1,ola_sparse_bayesian_keep010_seed42,15,ola,global,,,layers.0.bias,db,50,-74.44988714134571,-73.81070920256089,-74.1302981719533,0,0.0,0.171875,128
bayesfl_observability_v1,ola_sparse_bayesian_keep010_seed42,15,ola,global,,,layers.0.bias,db,51,-73.81070920256089,-73.17153126377606,-73.49112023316847,6,0.07333638593521621,0.21875,128
bayesfl_observability_v1,ola_sparse_bayesian_keep010_seed42,15,ola,global,,,layers.0.bias,db,52,-73.17153126377606,-72.53235332499123,-72.85194229438365,2,0.024445461978405403,0.234375,128
bayesfl_observability_v1,ola_sparse_bayesian_keep010_seed42,15,ola,global,,,layers.0.bias,db,53,-72.53235332499123,-71.89317538620641,-72.21276435559882,2,0.024445461978405403,0.25,128
bayesfl_observability_v1,ola_sparse_bayesian_keep010_seed42,15,ola,global,,,layers.0.bias,db,54,-71.89317538620641,-71.25399744742158,-71.573586416814,1,0.012222730989202702,0.2578125,128
bayesfl_observability_v1,ola_sparse_bayesian_keep010_seed42,15,ola,global,,,layers.0.bias,db,55,-71.25399744742158,-70.61481950863676,-70.93440847802917,4,0.04889092395681081,0.2890625,128
bayesfl_observability_v1,ola_sparse_bayesian_keep010_seed42,15,ola,global,,,layers.0.bias,db,56,-70.61481950863676,-69.97564156985192,-70.29523053924433,3,0.03666819296760729,0.3125,128
bayesfl_observability_v1,ola_sparse_bayesian_keep010_seed42,15,ola,global,,,layers.0.bias,db,57,-69.97564156985192,-69.33646363106709,-69.6560526004595,1,0.012222730989202702,0.3203125,128
bayesfl_observability_v1,ola_sparse_bayesian_keep010_seed42,15,ola,global,,,layers.0.bias,db,58,-69.33646363106709,-68.69728569228226,-69.01687466167468,3,0.03666819296760811,0.34375,128
bayesfl_observability_v1,ola_sparse_bayesian_keep010_seed42,15,ola,global,,,layers.0.bias,db,59,-68.69728569228226,-68.05810775349744,-68.37769672288985,1,0.012222730989202702,0.3515625,128
bayesfl_observability_v1,ola_sparse_bayesian_keep010_seed42,15,ola,global,,,layers.0.bias,db,60,-68.05810775349744,-67.41892981471261,-67.73851878410503,5,0.06111365494601351,0.390625,128
bayesfl_observability_v1,ola_sparse_bayesian_keep010_seed42,15,ola,global,,,layers.0.bias,db,61,-67.41892981471261,-66.77975187592779,-67.0993408453202,1,0.012222730989202702,0.3984375,128
bayesfl_observability_v1,ola_sparse_bayesian_keep010_seed42,15,ola,global,,,layers.0.bias,db,62,-66.77975187592779,-66.14057393714296,-66.46016290653537,6,0.07333638593521621,0.4453125,128
bayesfl_observability_v1,ola_sparse_bayesian_keep010_seed42,15,ola,global,,,layers.0.bias,db,63,-66.14057393714296,-65.50139599835813,-65.82098496775055,3,0.03666819296760811,0.46875,128
bayesfl_observability_v1,ola_sparse_bayesian_keep010_seed42,15,ola,global,,,layers.0.bias,db,64,-65.50139599835813,-64.86221805957331,-65.18180702896572,1,0.012222730989202702,0.4765625,128
bayesfl_observability_v1,ola_sparse_bayesian_keep010_seed42,15,ola,global,,,layers.0.bias,db,65,-64.86221805957331,-64.22304012078848,-64.5426290901809,3,0.03666819296760811,0.5,128
bayesfl_observability_v1,ola_sparse_bayesian_keep010_seed42,15,ola,global,,,layers.0.bias,db,66,-64.22304012078848,-63.58386218200365,-63.90345115139607,1,0.012222730989202566,0.5078125,128
bayesfl_observability_v1,ola_sparse_bayesian_keep010_seed42,15,ola,global,,,layers.0.bias,db,67,-63.58386218200365,-62.94468424321882,-63.264273212611236,8,0.09778184791362161,0.5703125,128
bayesfl_observability_v1,ola_sparse_bayesian_keep010_seed42,15,ola,global,,,layers.0.bias,db,68,-62.94468424321882,-62.305506304434,-62.62509527382641,3,0.03666819296760811,0.59375,128
bayesfl_observability_v1,ola_sparse_bayesian_keep010_seed42,15,ola,global,,,layers.0.bias,db,69,-62.305506304434,-61.66632836564917,-61.985917335041584,7,0.08555911692441891,0.6484375,128
bayesfl_observability_v1,ola_sparse_bayesian_keep010_seed42,15,ola,global,,,layers.0.bias,db,70,-61.66632836564917,-61.027150426864345,-61.34673939625676,7,0.08555911692441891,0.703125,128
bayesfl_observability_v1,ola_sparse_bayesian_keep010_seed42,15,ola,global,,,layers.0.bias,db,71,-61.027150426864345,-60.38797248807951,-60.707561457471925,5,0.06111365494601283,0.7421875,128
bayesfl_observability_v1,ola_sparse_bayesian_keep010_seed42,15,ola,global,,,layers.0.bias,db,72,-60.38797248807951,-59.748794549294686,-60.0683835186871,6,0.07333638593521621,0.7890625,128
bayesfl_observability_v1,ola_sparse_bayesian_keep010_seed42,15,ola,global,,,layers.0.bias,db,73,-59.748794549294686,-59.10961661050986,-59.42920557990227,9,0.11000457890282432,0.859375,128
bayesfl_observability_v1,ola_sparse_bayesian_keep010_seed42,15,ola,global,,,layers.0.bias,db,74,-59.10961661050986,-58.470438671725034,-58.79002764111745,3,0.03666819296760811,0.8828125,128
bayesfl_observability_v1,ola_sparse_bayesian_keep010_seed42,15,ola,global,,,layers.0.bias,db,75,-58.470438671725034,-57.83126073294021,-58.15084970233262,5,0.06111365494601351,0.921875,128
bayesfl_observability_v1,ola_sparse_bayesian_keep010_seed42,15,ola,global,,,layers.0.bias,db,76,-57.83126073294021,-57.19208279415538,-57.511671763547795,4,0.04889092395681081,0.953125,128
bayesfl_observability_v1,ola_sparse_bayesian_keep010_seed42,15,ola,global,,,layers.0.bias,db,77,-57.19208279415538,-56.55290485537055,-56.87249382476297,3,0.0366681929676077,0.9765625,128
bayesfl_observability_v1,ola_sparse_bayesian_keep010_seed42,15,ola,global,,,layers.0.bias,db,78,-56.55290485537055,-55.91372691658572,-56.233315885978136,1,0.012222730989202702,0.984375,128
bayesfl_observability_v1,ola_sparse_bayesian_keep010_seed42,15,ola,global,,,layers.0.bias,db,79,-55.91372691658572,-55.2745489778009,-55.59413794719331,2,0.024445461978405403,1.0,128
bayesfl_observability_v1,ola_sparse_bayesian_keep010_seed42,15,ola,global,,,layers.1.weight,raw,0,2.066762398213252e-06,0.0006908291545139636,0.0003464479584560884,160,181.48493795664885,0.125,1280
bayesfl_observability_v1,ola_sparse_bayesian_keep010_seed42,15,ola,global,,,layers.1.weight,raw,1,0.0006908291545139636,0.001379591546629714,0.0010352103505718389,140,158.79932071206773,0.234375,1280
bayesfl_observability_v1,ola_sparse_bayesian_keep010_seed42,15,ola,global,,,layers.1.weight,raw,2,0.001379591546629714,0.0020683539387454644,0.0017239727426875892,173,196.23058916562658,0.36953125,1280
bayesfl_observability_v1,ola_sparse_bayesian_keep010_seed42,15,ola,global,,,layers.1.weight,raw,3,0.0020683539387454644,0.0027571163308612147,0.0024127351348033396,144,163.33644416098397,0.48203125,1280
bayesfl_observability_v1,ola_sparse_bayesian_keep010_seed42,15,ola,global,,,layers.1.weight,raw,4,0.0027571163308612147,0.003445878722976965,0.00310149752691909,104,117.96520967182175,0.56328125,1280
bayesfl_observability_v1,ola_sparse_bayesian_keep010_seed42,15,ola,global,,,layers.1.weight,raw,5,0.003445878722976965,0.004134641115092715,0.0037902599190348402,83,94.1453115650116,0.628125,1280
bayesfl_observability_v1,ola_sparse_bayesian_keep010_seed42,15,ola,global,,,layers.1.weight,raw,6,0.004134641115092715,0.004823403507208466,0.004479022311150591,62,70.32541345820142,0.6765625,1280
bayesfl_observability_v1,ola_sparse_bayesian_keep010_seed42,15,ola,global,,,layers.1.weight,raw,7,0.004823403507208466,0.005512165899324216,0.005167784703266341,49,55.57976224922371,0.71484375,1280
bayesfl_observability_v1,ola_sparse_bayesian_keep010_seed42,15,ola,global,,,layers.1.weight,raw,8,0.005512165899324216,0.006200928291439966,0.005856547095382091,52,58.98260483591088,0.75546875,1280
bayesfl_observability_v1,ola_sparse_bayesian_keep010_seed42,15,ola,global,,,layers.1.weight,raw,9,0.006200928291439966,0.006889690683555717,0.006545309487497842,35,39.69983017801694,0.7828125,1280
bayesfl_observability_v1,ola_sparse_bayesian_keep010_seed42,15,ola,global,,,layers.1.weight,raw,10,0.006889690683555717,0.007578453075671467,0.007234071879613592,29,32.8941450046426,0.80546875,1280
bayesfl_observability_v1,ola_sparse_bayesian_keep010_seed42,15,ola,global,,,layers.1.weight,raw,11,0.007578453075671467,0.008267215467787217,0.007922834271729342,24,27.22274069349736,0.82421875,1280
bayesfl_observability_v1,ola_sparse_bayesian_keep010_seed42,15,ola,global,,,layers.1.weight,raw,12,0.008267215467787217,0.008955977859902967,0.008611596663845093,20,22.685617244581106,0.83984375,1280
bayesfl_observability_v1,ola_sparse_bayesian_keep010_seed42,15,ola,global,,,layers.1.weight,raw,13,0.008955977859902967,0.009644740252018717,0.009300359055960841,25,28.357021555726384,0.859375,1280
bayesfl_observability_v1,ola_sparse_bayesian_keep010_seed42,15,ola,global,,,layers.1.weight,raw,14,0.009644740252018717,0.010333502644134468,0.009989121448076593,21,23.81989810681016,0.87578125,1280
bayesfl_observability_v1,ola_sparse_bayesian_keep010_seed42,15,ola,global,,,layers.1.weight,raw,15,0.010333502644134468,0.011022265036250218,0.010677883840192342,15,17.01421293343583,0.8875,1280
bayesfl_observability_v1,ola_sparse_bayesian_keep010_seed42,15,ola,global,,,layers.1.weight,raw,16,0.011022265036250218,0.011711027428365968,0.011366646232308094,11,12.477089484519608,0.89609375,1280
bayesfl_observability_v1,ola_sparse_bayesian_keep010_seed42,15,ola,global,,,layers.1.weight,raw,17,0.011711027428365968,0.012399789820481719,0.012055408624423843,16,18.148493795664887,0.90859375,1280
bayesfl_observability_v1,ola_sparse_bayesian_keep010_seed42,15,ola,global,,,layers.1.weight,raw,18,0.012399789820481719,0.013088552212597469,0.012744171016539595,8,9.074246897832444,0.91484375,1280
bayesfl_observability_v1,ola_sparse_bayesian_keep010_seed42,15,ola,global,,,layers.1.weight,raw,19,0.013088552212597469,0.01377731460471322,0.013432933408655343,7,7.939966035603387,0.9203125,1280
bayesfl_observability_v1,ola_sparse_bayesian_keep010_seed42,15,ola,global,,,layers.1.weight,raw,20,0.01377731460471322,0.01446607699682897,0.014121695800771095,9,10.208527760061498,0.92734375,1280
bayesfl_observability_v1,ola_sparse_bayesian_keep010_seed42,15,ola,global,,,layers.1.weight,raw,21,0.01446607699682897,0.01515483938894472,0.014810458192886844,6,6.805685173374332,0.93203125,1280
bayesfl_observability_v1,ola_sparse_bayesian_keep010_seed42,15,ola,global,,,layers.1.weight,raw,22,0.01515483938894472,0.01584360178106047,0.015499220585002594,6,6.805685173374349,0.93671875,1280
bayesfl_observability_v1,ola_sparse_bayesian_keep010_seed42,15,ola,global,,,layers.1.weight,raw,23,0.01584360178106047,0.01653236417317622,0.016187982977118345,5,5.671404311145262,0.940625,1280
bayesfl_observability_v1,ola_sparse_bayesian_keep010_seed42,15,ola,global,,,layers.1.weight,raw,24,0.01653236417317622,0.017221126565291973,0.016876745369234097,3,3.4028425866871572,0.94296875,1280
bayesfl_observability_v1,ola_sparse_bayesian_keep010_seed42,15,ola,global,,,layers.1.weight,raw,25,0.017221126565291973,0.01790988895740772,0.017565507761349845,2,2.268561724458116,0.94453125,1280
bayesfl_observability_v1,ola_sparse_bayesian_keep010_seed42,15,ola,global,,,layers.1.weight,raw,26,0.01790988895740772,0.01859865134952347,0.018254270153465597,4,4.537123448916232,0.94765625,1280
bayesfl_observability_v1,ola_sparse_bayesian_keep010_seed42,15,ola,global,,,layers.1.weight,raw,27,0.01859865134952347,0.019287413741639222,0.018943032545581346,6,6.8056851733743144,0.95234375,1280
bayesfl_observability_v1,ola_sparse_bayesian_keep010_seed42,15,ola,global,,,layers.1.weight,raw,28,0.019287413741639222,0.019976176133754974,0.019631794937697098,4,4.53712344891621,0.95546875,1280
bayesfl_observability_v1,ola_sparse_bayesian_keep010_seed42,15,ola,global,,,layers.1.weight,raw,29,0.019976176133754974,0.020664938525870723,0.020320557329812847,3,3.4028425866871745,0.9578125,1280
bayesfl_observability_v1,ola_sparse_bayesian_keep010_seed42,15,ola,global,,,layers.1.weight,raw,30,0.020664938525870723,0.02135370091798647,0.0210093197219286,5,5.671404311145291,0.96171875,1280
bayesfl_observability_v1,ola_sparse_bayesian_keep010_seed42,15,ola,global,,,layers.1.weight,raw,31,0.02135370091798647,0.022042463310102223,0.021698082114044347,6,6.8056851733743144,0.96640625,1280
bayesfl_observability_v1,ola_sparse_bayesian_keep010_seed42,15,ola,global,,,layers.1.weight,raw,32,0.022042463310102223,0.022731225702217975,0.0223868445061601,2,2.268561724458105,0.96796875,1280
bayesfl_observability_v1,ola_sparse_bayesian_keep010_seed42,15,ola,global,,,layers.1.weight,raw,33,0.022731225702217975,0.023419988094333724,0.023075606898275848,3,3.4028425866871745,0.9703125,1280
bayesfl_observability_v1,ola_sparse_bayesian_keep010_seed42,15,ola,global,,,layers.1.weight,raw,34,0.023419988094333724,0.024108750486449473,0.0237643692903916,3,3.4028425866871745,0.97265625,1280
bayesfl_observability_v1,ola_sparse_bayesian_keep010_seed42,15,ola,global,,,layers.1.weight,raw,35,0.024108750486449473,0.024797512878565225,0.02445313168250735,0,0.0,0.97265625,1280
bayesfl_observability_v1,ola_sparse_bayesian_keep010_seed42,15,ola,global,,,layers.1.weight,raw,36,0.024797512878565225,0.025486275270680977,0.0251418940746231,3,3.4028425866871572,0.975,1280
bayesfl_observability_v1,ola_sparse_bayesian_keep010_seed42,15,ola,global,,,layers.1.weight,raw,37,0.025486275270680977,0.026175037662796725,0.02583065646673885,2,2.268561724458116,0.9765625,1280
bayesfl_observability_v1,ola_sparse_bayesian_keep010_seed42,15,ola,global,,,layers.1.weight,raw,38,0.026175037662796725,0.026863800054912474,0.0265194188588546,1,1.134280862229058,0.97734375,1280
bayesfl_observability_v1,ola_sparse_bayesian_keep010_seed42,15,ola,global,,,layers.1.weight,raw,39,0.026863800054912474,0.027552562447028226,0.02720818125097035,3,3.4028425866871572,0.9796875,1280
bayesfl_observability_v1,ola_sparse_bayesian_keep010_seed42,15,ola,global,,,layers.1.weight,raw,40,0.027552562447028226,0.028241324839143978,0.027896943643086102,1,1.1342808622290526,0.98046875,1280
bayesfl_observability_v1,ola_sparse_bayesian_keep010_seed42,15,ola,global,,,layers.1.weight,raw,41,0.028241324839143978,0.028930087231259727,0.02858570603520185,0,0.0,0.98046875,1280
bayesfl_observability_v1,ola_sparse_bayesian_keep010_seed42,15,ola,global,,,layers.1.weight,raw,42,0.028930087231259727,0.029618849623375475,0.029274468427317603,1,1.134280862229058,0.98125,1280
bayesfl_observability_v1,ola_sparse_bayesian_keep010_seed42,15,ola,global,,,layers.1.weight,raw,43,0.029618849623375475,0.030307612015491227,0.02996323081943335,1,1.1342808622290526,0.98203125,1280
bayesfl_observability_v1,ola_sparse_bayesian_keep010_seed42,15,ola,global,,,layers.1.weight,raw,44,0.030307612015491227,0.03099637440760698,0.030651993211549104,0,0.0,0.98203125,1280
bayesfl_observability_v1,ola_sparse_bayesian_keep010_seed42,15,ola,global,,,layers.1.weight,raw,45,0.03099637440760698,0.03168513679972273,0.03134075560366485,0,0.0,0.98203125,1280
bayesfl_observability_v1,ola_sparse_bayesian_keep010_seed42,15,ola,global,,,layers.1.weight,raw,46,0.03168513679972273,0.03237389919183848,0.032029517995780604,1,1.1342808622290526,0.9828125,1280
bayesfl_observability_v1,ola_sparse_bayesian_keep010_seed42,15,ola,global,,,layers.1.weight,raw,47,0.03237389919183848,0.03306266158395423,0.032718280387896356,0,0.0,0.9828125,1280
bayesfl_observability_v1,ola_sparse_bayesian_keep010_seed42,15,ola,global,,,layers.1.weight,raw,48,0.03306266158395423,0.033751423976069984,0.03340704278001211,1,1.1342808622290526,0.98359375,1280
bayesfl_observability_v1,ola_sparse_bayesian_keep010_seed42,15,ola,global,,,layers.1.weight,raw,49,0.033751423976069984,0.034440186368185736,0.03409580517212786,0,0.0,0.98359375,1280
bayesfl_observability_v1,ola_sparse_bayesian_keep010_seed42,15,ola,global,,,layers.1.weight,raw,50,0.034440186368185736,0.03512894876030148,0.03478456756424361,1,1.1342808622290639,0.984375,1280
bayesfl_observability_v1,ola_sparse_bayesian_keep010_seed42,15,ola,global,,,layers.1.weight,raw,51,0.03512894876030148,0.035817711152417234,0.03547332995635936,0,0.0,0.984375,1280
bayesfl_observability_v1,ola_sparse_bayesian_keep010_seed42,15,ola,global,,,layers.1.weight,raw,52,0.035817711152417234,0.036506473544532986,0.03616209234847511,2,2.268561724458105,0.9859375,1280
bayesfl_observability_v1,ola_sparse_bayesian_keep010_seed42,15,ola,global,,,layers.1.weight,raw,53,0.036506473544532986,0.03719523593664873,0.036850854740590855,1,1.1342808622290639,0.98671875,1280
bayesfl_observability_v1,ola_sparse_bayesian_keep010_seed42,15,ola,global,,,layers.1.weight,raw,54,0.03719523593664873,0.03788399832876448,0.03753961713270661,0,0.0,0.98671875,1280
bayesfl_observability_v1,ola_sparse_bayesian_keep010_seed42,15,ola,global,,,layers.1.weight,raw,55,0.03788399832876448,0.038572760720880235,0.03822837952482236,0,0.0,0.98671875,1280
bayesfl_observability_v1,ola_sparse_bayesian_keep010_seed42,15,ola,global,,,layers.1.weight,raw,56,0.038572760720880235,0.03926152311299599,0.03891714191693811,0,0.0,0.98671875,1280
bayesfl_observability_v1,ola_sparse_bayesian_keep010_seed42,15,ola,global,,,layers.1.weight,raw,57,0.03926152311299599,0.03995028550511174,0.03960590430905386,1,1.1342808622290526,0.9875,1280
bayesfl_observability_v1,ola_sparse_bayesian_keep010_seed42,15,ola,global,,,layers.1.weight,raw,58,0.03995028550511174,0.040639047897227484,0.040294666701169615,0,0.0,0.9875,1280
bayesfl_observability_v1,ola_sparse_bayesian_keep010_seed42,15,ola,global,,,layers.1.weight,raw,59,0.040639047897227484,0.041327810289343236,0.04098342909328536,1,1.1342808622290526,0.98828125,1280
bayesfl_observability_v1,ola_sparse_bayesian_keep010_seed42,15,ola,global,,,layers.1.weight,raw,60,0.041327810289343236,0.04201657268145899,0.04167219148540111,1,1.1342808622290526,0.9890625,1280
bayesfl_observability_v1,ola_sparse_bayesian_keep010_seed42,15,ola,global,,,layers.1.weight,raw,61,0.04201657268145899,0.042705335073574734,0.04236095387751686,2,2.2685617244581278,0.990625,1280
bayesfl_observability_v1,ola_sparse_bayesian_keep010_seed42,15,ola,global,,,layers.1.weight,raw,62,0.042705335073574734,0.043394097465690486,0.04304971626963261,1,1.1342808622290526,0.99140625,1280
bayesfl_observability_v1,ola_sparse_bayesian_keep010_seed42,15,ola,global,,,layers.1.weight,raw,63,0.043394097465690486,0.04408285985780624,0.04373847866174836,2,2.268561724458105,0.99296875,1280
bayesfl_observability_v1,ola_sparse_bayesian_keep010_seed42,15,ola,global,,,layers.1.weight,raw,64,0.04408285985780624,0.04477162224992199,0.044427241053864114,0,0.0,0.99296875,1280
bayesfl_observability_v1,ola_sparse_bayesian_keep010_seed42,15,ola,global,,,layers.1.weight,raw,65,0.04477162224992199,0.04546038464203774,0.045116003445979866,0,0.0,0.99296875,1280
bayesfl_observability_v1,ola_sparse_bayesian_keep010_seed42,15,ola,global,,,layers.1.weight,raw,66,0.04546038464203774,0.04614914703415349,0.04580476583809562,2,2.2685617244581278,0.99453125,1280
bayesfl_observability_v1,ola_sparse_bayesian_keep010_seed42,15,ola,global,,,layers.1.weight,raw,67,0.04614914703415349,0.04683790942626924,0.04649352823021136,0,0.0,0.99453125,1280
bayesfl_observability_v1,ola_sparse_bayesian_keep010_seed42,15,ola,global,,,layers.1.weight,raw,68,0.04683790942626924,0.04752667181838499,0.047182290622327115,2,2.268561724458105,0.99609375,1280
bayesfl_observability_v1,ola_sparse_bayesian_keep010_seed42,15,ola,global,,,layers.1.weight,raw,69,0.04752667181838499,0.048215434210500736,0.04787105301444286,1,1.1342808622290639,0.996875,1280
bayesfl_observability_v1,ola_sparse_bayesian_keep010_seed42,15,ola,global,,,layers.1.weight,raw,70,0.048215434210500736,0.04890419660261649,0.04855981540655861,0,0.0,0.996875,1280
bayesfl_observability_v1,ola_sparse_bayesian_keep010_seed42,15,ola,global,,,layers.1.weight,raw,71,0.04890419660261649,0.04959295899473224,0.049248577798674364,2,2.268561724458105,0.9984375,1280
bayesfl_observability_v1,ola_sparse_bayesian_keep010_seed42,15,ola,global,,,layers.1.weight,raw,72,0.04959295899473224,0.05028172138684799,0.04993734019079012,0,0.0,0.9984375,1280
bayesfl_observability_v1,ola_sparse_bayesian_keep010_seed42,15,ola,global,,,layers.1.weight,raw,73,0.05028172138684799,0.050970483778963745,0.05062610258290587,1,1.1342808622290526,0.99921875,1280
bayesfl_observability_v1,ola_sparse_bayesian_keep010_seed42,15,ola,global,,,layers.1.weight,raw,74,0.050970483778963745,0.05165924617107949,0.05131486497502162,0,0.0,0.99921875,1280
bayesfl_observability_v1,ola_sparse_bayesian_keep010_seed42,15,ola,global,,,layers.1.weight,raw,75,0.05165924617107949,0.05234800856319524,0.052003627367137366,0,0.0,0.99921875,1280
bayesfl_observability_v1,ola_sparse_bayesian_keep010_seed42,15,ola,global,,,layers.1.weight,raw,76,0.05234800856319524,0.053036770955310994,0.05269238975925312,0,0.0,0.99921875,1280
bayesfl_observability_v1,ola_sparse_bayesian_keep010_seed42,15,ola,global,,,layers.1.weight,raw,77,0.053036770955310994,0.05372553334742674,0.05338115215136886,0,0.0,0.99921875,1280
bayesfl_observability_v1,ola_sparse_bayesian_keep010_seed42,15,ola,global,,,layers.1.weight,raw,78,0.05372553334742674,0.05441429573954249,0.054069914543484615,0,0.0,0.99921875,1280
bayesfl_observability_v1,ola_sparse_bayesian_keep010_seed42,15,ola,global,,,layers.1.weight,raw,79,0.05441429573954249,0.05510305813165824,0.05475867693560037,1,1.1342808622290526,1.0,1280
bayesfl_observability_v1,ola_sparse_bayesian_keep010_seed42,15,ola,global,,,layers.1.weight,db,0,-113.69418476577862,-112.58771353066184,-113.14094914822023,1,0.0007060734840680706,0.00078125,1280
bayesfl_observability_v1,ola_sparse_bayesian_keep010_seed42,15,ola,global,,,layers.1.weight,db,1,-112.58771353066184,-111.48124229554507,-112.03447791310346,0,0.0,0.00078125,1280
bayesfl_observability_v1,ola_sparse_bayesian_keep010_seed42,15,ola,global,,,layers.1.weight,db,2,-111.48124229554507,-110.3747710604283,-110.92800667798669,0,0.0,0.00078125,1280
bayesfl_observability_v1,ola_sparse_bayesian_keep010_seed42,15,ola,global,,,layers.1.weight,db,3,-110.3747710604283,-109.26829982531153,-109.82153544286992,0,0.0,0.00078125,1280
bayesfl_observability_v1,ola_sparse_bayesian_keep010_seed42,15,ola,global,,,layers.1.weight,db,4,-109.26829982531153,-108.16182859019476,-108.71506420775314,1,0.0007060734840680706,0.0015625,1280
bayesfl_observability_v1,ola_sparse_bayesian_keep010_seed42,15,ola,global,,,layers.1.weight,db,5,-108.16182859019476,-107.05535735507799,-107.60859297263637,0,0.0,0.0015625,1280
bayesfl_observability_v1,ola_sparse_bayesian_keep010_seed42,15,ola,global,,,layers.1.weight,db,6,-107.05535735507799,-105.94888611996122,-106.5021217375196,0,0.0,0.0015625,1280
bayesfl_observability_v1,ola_sparse_bayesian_keep010_seed42,15,ola,global,,,layers.1.weight,db,7,-105.94888611996122,-104.84241488484443,-105.39565050240282,0,0.0,0.0015625,1280
bayesfl_observability_v1,ola_sparse_bayesian_keep010_seed42,15,ola,global,,,layers.1.weight,db,8,-104.84241488484443,-103.73594364972766,-104.28917926728604,0,0.0,0.0015625,1280
bayesfl_observability_v1,ola_sparse_bayesian_keep010_seed42,15,ola,global,,,layers.1.weight,db,9,-103.73594364972766,-102.62947241461089,-103.18270803216927,0,0.0,0.0015625,1280
bayesfl_observability_v1,ola_sparse_bayesian_keep010_seed42,15,ola,global,,,layers.1.weight,db,10,-102.62947241461089,-101.52300117949412,-102.0762367970525,0,0.0,0.0015625,1280
bayesfl_observability_v1,ola_sparse_bayesian_keep010_seed42,15,ola,global,,,layers.1.weight,db,11,-101.52300117949412,-100.41652994437734,-100.96976556193573,0,0.0,0.0015625,1280
bayesfl_observability_v1,ola_sparse_bayesian_keep010_seed42,15,ola,global,,,layers.1.weight,db,12,-100.41652994437734,-99.31005870926057,-99.86329432681896,0,0.0,0.0015625,1280
bayesfl_observability_v1,ola_sparse_bayesian_keep010_seed42,15,ola,global,,,layers.1.weight,db,13,-99.31005870926057,-98.2035874741438,-98.75682309170219,0,0.0,0.0015625,1280
bayesfl_observability_v1,ola_sparse_bayesian_keep010_seed42,15,ola,global,,,layers.1.weight,db,14,-98.2035874741438,-97.09711623902703,-97.65035185658542,0,0.0,0.0015625,1280
bayesfl_observability_v1,ola_sparse_bayesian_keep010_seed42,15,ola,global,,,layers.1.weight,db,15,-97.09711623902703,-95.99064500391026,-96.54388062146865,0,0.0,0.0015625,1280
bayesfl_observability_v1,ola_sparse_bayesian_keep010_seed42,15,ola,global,,,layers.1.weight,db,16,-95.99064500391026,-94.88417376879349,-95.43740938635187,0,0.0,0.0015625,1280
bayesfl_observability_v1,ola_sparse_bayesian_keep010_seed42,15,ola,global,,,layers.1.weight,db,17,-94.88417376879349,-93.77770253367672,-94.3309381512351,1,0.0007060734840680706,0.00234375,1280
bayesfl_observability_v1,ola_sparse_bayesian_keep010_seed42,15,ola,global,,,layers.1.weight,db,18,-93.77770253367672,-92.67123129855995,-93.22446691611833,1,0.0007060734840680706,0.003125,1280
bayesfl_observability_v1,ola_sparse_bayesian_keep010_seed42,15,ola,global,,,layers.1.weight,db,19,-92.67123129855995,-91.56476006344317,-92.11799568100156,3,0.0021182204522042117,0.00546875,1280
bayesfl_observability_v1,ola_sparse_bayesian_keep010_seed42,15,ola,global,,,layers.1.weight,db,20,-91.56476006344317,-90.4582888283264,-91.01152444588479,2,0.001412146968136141,0.00703125,1280
bayesfl_observability_v1,ola_sparse_bayesian_keep010_seed42,15,ola,global,,,layers.1.weight,db,21,-90.4582888283264,-89.35181759320963,-89.90505321076802,1,0.0007060734840680706,0.0078125,1280
bayesfl_observability_v1,ola_sparse_bayesian_keep010_seed42,15,ola,global,,,layers.1.weight,db,22,-89.35181759320963,-88.24534635809286,-88.79858197565125,0,0.0,0.0078125,1280
bayesfl_observability_v1,ola_sparse_bayesian_keep010_seed42,15,ola,global,,,layers.1.weight,db,23,-88.24534635809286,-87.13887512297609,-87.69211074053447,1,0.0007060734840680706,0.00859375,1280
bayesfl_observability_v1,ola_sparse_bayesian_keep010_seed42,15,ola,global,,,layers.1.weight,db,24,-87.13887512297609,-86.03240388785932,-86.5856395054177,2,0.001412146968136141,0.01015625,1280
bayesfl_observability_v1,ola_sparse_bayesian_keep010_seed42,15,ola,global,,,layers.1.weight,db,25,-86.03240388785932,-84.92593265274255,-85.47916827030093,0,0.0,0.01015625,1280
bayesfl_observability_v1,ola_sparse_bayesian_keep010_seed42,15,ola,global,,,layers.1.weight,db,26,-84.92593265274255,-83.81946141762576,-84.37269703518416,1,0.0007060734840680614,0.0109375,1280
bayesfl_observability_v1,ola_sparse_bayesian_keep010_seed42,15,ola,global,,,layers.1.weight,db,27,-83.81946141762576,-82.71299018250899,-83.26622580006737,1,0.0007060734840680706,0.01171875,1280
bayesfl_observability_v1,ola_sparse_bayesian_keep010_seed42,15,ola,global,,,layers.1.weight,db,28,-82.71299018250899,-81.60651894739222,-82.1597545649506,2,0.001412146968136141,0.01328125,1280
bayesfl_observability_v1,ola_sparse_bayesian_keep010_seed42,15,ola,global,,,layers.1.weight,db,29,-81.60651894739222,-80.50004771227545,-81.05328332983383,1,0.0007060734840680706,0.0140625,1280
bayesfl_observability_v1,ola_sparse_bayesian_keep010_seed42,15,ola,global,,,layers.1.weight,db,30,-80.50004771227545,-79.39357647715867,-79.94681209471706,1,0.0007060734840680706,0.01484375,1280
bayesfl_observability_v1,ola_sparse_bayesian_keep010_seed42,15,ola,global,,,layers.1.weight,db,31,-79.39357647715867,-78.2871052420419,-78.84034085960029,6,0.004236440904408423,0.01953125,1280
bayesfl_observability_v1,ola_sparse_bayesian_keep010_seed42,15,ola,global,,,layers.1.weight,db,32,-78.2871052420419,-77.18063400692513,-77.73386962448352,8,0.005648587872544564,0.02578125,1280
bayesfl_observability_v1,ola_sparse_bayesian_keep010_seed42,15,ola,global,,,layers.1.weight,db,33,-77.18063400692513,-76.07416277180836,-76.62739838936675,9,0.0063546613566126346,0.0328125,1280
bayesfl_observability_v1,ola_sparse_bayesian_keep010_seed42,15,ola,global,,,layers.1.weight,db,34,-76.07416277180836,-74.96769153669159,-75.52092715424997,6,0.004236440904408423,0.0375,1280
bayesfl_observability_v1,ola_sparse_bayesian_keep010_seed42,15,ola,global,,,layers.1.weight,db,35,-74.96769153669159,-73.86122030157482,-74.4144559191332,7,0.0049425143884764934,0.04296875,1280
bayesfl_observability_v1,ola_sparse_bayesian_keep010_seed42,15,ola,global,,,layers.1.weight,db,36,-73.86122030157482,-72.75474906645803,-73.30798468401642,4,0.002824293936272246,0.04609375,1280
bayesfl_observability_v1,ola_sparse_bayesian_keep010_seed42,15,ola,global,,,layers.1.weight,db,37,-72.75474906645803,-71.64827783134126,-72.20151344889965,5,0.0035303674203403528,0.05,1280
bayesfl_observability_v1,ola_sparse_bayesian_keep010_seed42,15,ola,global,,,layers.1.weight,db,38,-71.64827783134126,-70.54180659622449,-71.09504221378288,10,0.0070607348406807055,0.0578125,1280
bayesfl_observability_v1,ola_sparse_bayesian_keep010_seed42,15,ola,global,,,layers.1.weight,db,39,-70.54180659622449,-69.43533536110772,-69.9885709786661,12,0.008472881808816847,0.0671875,1280
bayesfl_observability_v1,ola_sparse_bayesian_keep010_seed42,15,ola,global,,,layers.1.weight,db,40,-69.43533536110772,-68.32886412599095,-68.88209974354933,9,0.0063546613566126346,0.07421875,1280
bayesfl_observability_v1,ola_sparse_bayesian_keep010_seed42,15,ola,global,,,layers.1.weight,db,41,-68.32886412599095,-67.22239289087418,-67.77562850843256,13,0.009178955292884917,0.084375,1280
bayesfl_observability_v1,ola_sparse_bayesian_keep010_seed42,15,ola,global,,,layers.1.weight,db,42,-67.22239289087418,-66.1159216557574,-66.66915727331579,16,0.011297175745089129,0.096875,1280
bayesfl_observability_v1,ola_sparse_bayesian_keep010_seed42,15,ola,global,,,layers.1.weight,db,43,-66.1159216557574,-65.00945042064063,-65.56268603819902,13,0.009178955292884917,0.10703125,1280
bayesfl_observability_v1,ola_sparse_bayesian_keep010_seed42,15,ola,global,,,layers.1.weight,db,44,-65.00945042064063,-63.90297918552386,-64.45621480308225,15,0.010591102261021059,0.11875,1280
bayesfl_observability_v1,ola_sparse_bayesian_keep010_seed42,15,ola,global,,,layers.1.weight,db,45,-63.90297918552386,-62.79650795040709,-63.349743567965476,15,0.010591102261021059,0.13046875,1280
bayesfl_observability_v1,ola_sparse_bayesian_keep010_seed42,15,ola,global,,,layers.1.weight,db,46,-62.79650795040709,-61.69003671529032,-62.243272332848704,23,0.01623969013356562,0.1484375,1280
bayesfl_observability_v1,ola_sparse_bayesian_keep010_seed42,15,ola,global,,,layers.1.weight,db,47,-61.69003671529032,-60.58356548017355,-61.13680109773193,29,0.020476131037974046,0.17109375,1280
bayesfl_observability_v1,ola_sparse_bayesian_keep010_seed42,15,ola,global,,,layers.1.weight,db,48,-60.58356548017355,-59.477094245056776,-60.03032986261516,22,0.015533616649497551,0.18828125,1280
bayesfl_observability_v1,ola_sparse_bayesian_keep010_seed42,15,ola,global,,,layers.1.weight,db,49,-59.477094245056776,-58.370623009940005,-58.92385862749839,22,0.015533616649497551,0.20546875,1280
bayesfl_observability_v1,ola_sparse_bayesian_keep010_seed42,15,ola,global,,,layers.1.weight,db,50,-58.370623009940005,-57.26415177482323,-57.81738739238162,35,0.02471257194238247,0.2328125,1280
bayesfl_observability_v1,ola_sparse_bayesian_keep010_seed42,15,ola,global,,,layers.1.weight,db,51,-57.26415177482323,-56.15768053970646,-56.71091615726485,41,0.02894901284679089,0.26484375,1280
bayesfl_observability_v1,ola_sparse_bayesian_keep010_seed42,15,ola,global,,,layers.1.weight,db,52,-56.15768053970646,-55.05120930458968,-55.604444922148076,56,0.0395401151078117,0.30859375,1280
bayesfl_observability_v1,ola_sparse_bayesian_keep010_seed42,15,ola,global,,,layers.1.weight,db,53,-55.05120930458968,-53.94473806947291,-54.4979736870313,60,0.042364409044084235,0.35546875,1280
bayesfl_observability_v1,ola_sparse_bayesian_keep010_seed42,15,ola,global,,,layers.1.weight,db,54,-53.94473806947291,-52.83826683435614,-53.391502451914526,66,0.04660084994849265,0.40703125,1280
bayesfl_observability_v1,ola_sparse_bayesian_keep010_seed42,15,ola,global,,,layers.1.weight,db,55,-52.83826683435614,-51.73179559923937,-52.285031216797755,63,0.044482629496288444,0.45625,1280
bayesfl_observability_v1,ola_sparse_bayesian_keep010_seed42,15,ola,global,,,layers.1.weight,db,56,-51.73179559923937,-50.6253243641226,-51.17855998168098,70,0.04942514388476494,0.5109375,1280
bayesfl_observability_v1,ola_sparse_bayesian_keep010_seed42,15,ola,global,,,layers.1.weight,db,57,-50.6253243641226,-49.51885312900582,-50.072088746564205,55,0.03883404162374363,0.55390625,1280
bayesfl_observability_v1,ola_sparse_bayesian_keep010_seed42,15,ola,global,,,layers.1.weight,db,58,-49.51885312900582,-48.41238189388905,-48.965617511447434,54,0.03812796813967581,0.59609375,1280
bayesfl_observability_v1,ola_sparse_bayesian_keep010_seed42,15,ola,global,,,layers.1.weight,db,59,-48.41238189388905,-47.30591065877228,-47.85914627633066,56,0.03954011510781195,0.63984375,1280
bayesfl_observability_v1,ola_sparse_bayesian_keep010_seed42,15,ola,global,,,layers.1.weight,db,60,-47.30591065877228,-46.199439423655505,-46.75267504121389,52,0.03671582117153967,0.68046875,1280
bayesfl_observability_v1,ola_sparse_bayesian_keep010_seed42,15,ola,global,,,layers.1.weight,db,61,-46.199439423655505,-45.092968188538734,-45.64620380609712,46,0.03247938026713124,0.71640625,1280
bayesfl_observability_v1,ola_sparse_bayesian_keep010_seed42,15,ola,global,,,layers.1.weight,db,62,-45.092968188538734,-43.98649695342196,-44.53973257098035,57,0.04024618859188002,0.7609375,1280
bayesfl_observability_v1,ola_sparse_bayesian_keep010_seed42,15,ola,global,,,layers.1.weight,db,63,-43.98649695342196,-42.88002571830519,-43.43326133586358,41,0.02894901284679089,0.79296875,1280
bayesfl_observability_v1,ola_sparse_bayesian_keep010_seed42,15,ola,global,,,layers.1.weight,db,64,-42.88002571830519,-41.77355448318842,-42.326790100746805,36,0.025418645426450538,0.82109375,1280
bayesfl_observability_v1,ola_sparse_bayesian_keep010_seed42,15,ola,global,,,layers.1.weight,db,65,-41.77355448318842,-40.66708324807165,-41.220318865630034,32,0.022594351490178258,0.84609375,1280
bayesfl_observability_v1,ola_sparse_bayesian_keep010_seed42,15,ola,global,,,layers.1.weight,db,66,-40.66708324807165,-39.56061201295488,-40.11384763051326,41,0.02894901284679089,0.878125,1280
bayesfl_observability_v1,ola_sparse_bayesian_keep010_seed42,15,ola,global,,,layers.1.weight,db,67,-39.56061201295488,-38.454140777838106,-39.00737639539649,30,0.021182204522042117,0.9015625,1280
bayesfl_observability_v1,ola_sparse_bayesian_keep010_seed42,15,ola,global,,,layers.1.weight,db,68,-38.454140777838106,-37.347669542721334,-37.90090516027972,20,0.014121469681361411,0.9171875,1280
bayesfl_observability_v1,ola_sparse_bayesian_keep010_seed42,15,ola,global,,,layers.1.weight,db,69,-37.347669542721334,-36.24119830760456,-36.79443392516295,22,0.015533616649497551,0.934375,1280
bayesfl_observability_v1,ola_sparse_bayesian_keep010_seed42,15,ola,global,,,layers.1.weight,db,70,-36.24119830760456,-35.13472707248779,-35.68796269004618,13,0.009178955292884917,0.94453125,1280
bayesfl_observability_v1,ola_sparse_bayesian_keep010_seed42,15,ola,global,,,layers.1.weight,db,71,-35.13472707248779,-34.02825583737102,-34.581491454929406,13,0.009178955292884917,0.9546875,1280
bayesfl_observability_v1,ola_sparse_bayesian_keep010_seed42,15,ola,global,,,layers.1.weight,db,72,-34.02825583737102,-32.921784602254235,-33.47502021981263,16,0.011297175745088983,0.9671875,1280
bayesfl_observability_v1,ola_sparse_bayesian_keep010_seed42,15,ola,global,,,layers.1.weight,db,73,-32.921784602254235,-31.815313367137463,-32.36854898469585,10,0.0070607348406807055,0.975,1280
bayesfl_observability_v1,ola_sparse_bayesian_keep010_seed42,15,ola,global,,,layers.1.weight,db,74,-31.815313367137463,-30.708842132020692,-31.262077749579078,7,0.0049425143884764934,0.98046875,1280
bayesfl_observability_v1,ola_sparse_bayesian_keep010_seed42,15,ola,global,,,layers.1.weight,db,75,-30.708842132020692,-29.60237089690392,-30.155606514462306,3,0.0021182204522042117,0.9828125,1280
bayesfl_observability_v1,ola_sparse_bayesian_keep010_seed42,15,ola,global,,,layers.1.weight,db,76,-29.60237089690392,-28.49589966178715,-29.049135279345535,5,0.0035303674203403528,0.98671875,1280
bayesfl_observability_v1,ola_sparse_bayesian_keep010_seed42,15,ola,global,,,layers.1.weight,db,77,-28.49589966178715,-27.389428426670378,-27.942664044228763,5,0.0035303674203403528,0.990625,1280
bayesfl_observability_v1,ola_sparse_bayesian_keep010_seed42,15,ola,global,,,layers.1.weight,db,78,-27.389428426670378,-26.282957191553606,-26.836192809111992,8,0.005648587872544564,0.996875,1280
bayesfl_observability_v1,ola_sparse_bayesian_keep010_seed42,15,ola,global,,,layers.1.weight,db,79,-26.282957191553606,-25.176485956436835,-25.72972157399522,4,0.002824293936272282,1.0,1280
bayesfl_observability_v1,ola_sparse_bayesian_keep010_seed42,15,ola,global,,,layers.1.bias,raw,0,0.0003173145572114391,0.0005976598761085567,0.0004574872166599979,1,356.7029419053665,0.1,10
bayesfl_observability_v1,ola_sparse_bayesian_keep010_seed42,15,ola,global,,,layers.1.bias,raw,1,0.0005976598761085567,0.0008780051950056744,0.0007378325355571156,0,0.0,0.1,10
bayesfl_observability_v1,ola_sparse_bayesian_keep010_seed42,15,ola,global,,,layers.1.bias,raw,2,0.0008780051950056744,0.001158350513902792,0.0010181778544542332,1,356.70294190536674,0.2,10
bayesfl_observability_v1,ola_sparse_bayesian_keep010_seed42,15,ola,global,,,layers.1.bias,raw,3,0.001158350513902792,0.0014386958327999096,0.0012985231733513508,2,713.4058838107329,0.4,10
bayesfl_observability_v1,ola_sparse_bayesian_keep010_seed42,15,ola,global,,,layers.1.bias,raw,4,0.0014386958327999096,0.0017190411516970273,0.0015788684922484683,0,0.0,0.4,10
bayesfl_observability_v1,ola_sparse_bayesian_keep010_seed42,15,ola,global,,,layers.1.bias,raw,5,0.0017190411516970273,0.001999386470594145,0.0018592138111455862,0,0.0,0.4,10
bayesfl_observability_v1,ola_sparse_bayesian_keep010_seed42,15,ola,global,,,layers.1.bias,raw,6,0.001999386470594145,0.002279731789491263,0.002139559130042704,1,356.7029419053662,0.5,10
bayesfl_observability_v1,ola_sparse_bayesian_keep010_seed42,15,ola,global,,,layers.1.bias,raw,7,0.002279731789491263,0.0025600771083883803,0.0024199044489398216,0,0.0,0.5,10
bayesfl_observability_v1,ola_sparse_bayesian_keep010_seed42,15,ola,global,,,layers.1.bias,raw,8,0.0025600771083883803,0.0028404224272854978,0.002700249767836939,0,0.0,0.5,10
bayesfl_observability_v1,ola_sparse_bayesian_keep010_seed42,15,ola,global,,,layers.1.bias,raw,9,0.0028404224272854978,0.0031207677461826157,0.0029805950867340565,1,356.7029419053662,0.6,10
bayesfl_observability_v1,ola_sparse_bayesian_keep010_seed42,15,ola,global,,,layers.1.bias,raw,10,0.0031207677461826157,0.003401113065079733,0.0032609404056311744,1,356.70294190536674,0.7,10
bayesfl_observability_v1,ola_sparse_bayesian_keep010_seed42,15,ola,global,,,layers.1.bias,raw,11,0.003401113065079733,0.0036814583839768506,0.003541285724528292,0,0.0,0.7,10
bayesfl_observability_v1,ola_sparse_bayesian_keep010_seed42,15,ola,global,,,layers.1.bias,raw,12,0.0036814583839768506,0.003961803702873968,0.0038216310434254093,0,0.0,0.7,10
bayesfl_observability_v1,ola_sparse_bayesian_keep010_seed42,15,ola,global,,,layers.1.bias,raw,13,0.003961803702873968,0.004242149021771086,0.004101976362322527,0,0.0,0.7,10
bayesfl_observability_v1,ola_sparse_bayesian_keep010_seed42,15,ola,global,,,layers.1.bias,raw,14,0.004242149021771086,0.004522494340668204,0.004382321681219645,0,0.0,0.7,10
bayesfl_observability_v1,ola_sparse_bayesian_keep010_seed42,15,ola,global,,,layers.1.bias,raw,15,0.004522494340668204,0.004802839659565321,0.004662667000116763,0,0.0,0.7,10
bayesfl_observability_v1,ola_sparse_bayesian_keep010_seed42,15,ola,global,,,layers.1.bias,raw,16,0.004802839659565321,0.005083184978462439,0.00494301231901388,0,0.0,0.7,10
bayesfl_observability_v1,ola_sparse_bayesian_keep010_seed42,15,ola,global,,,layers.1.bias,raw,17,0.005083184978462439,0.005363530297359556,0.005223357637910998,1,356.70294190536674,0.8,10
bayesfl_observability_v1,ola_sparse_bayesian_keep010_seed42,15,ola,global,,,layers.1.bias,raw,18,0.005363530297359556,0.005643875616256675,0.0055037029568081154,1,356.7029419053656,0.9,10
bayesfl_observability_v1,ola_sparse_bayesian_keep010_seed42,15,ola,global,,,layers.1.bias,raw,19,0.005643875616256675,0.005924220935153792,0.005784048275705233,0,0.0,0.9,10
bayesfl_observability_v1,ola_sparse_bayesian_keep010_seed42,15,ola,global,,,layers.1.bias,raw,20,0.005924220935153792,0.0062045662540509096,0.006064393594602351,0,0.0,0.9,10
bayesfl_observability_v1,ola_sparse_bayesian_keep010_seed42,15,ola,global,,,layers.1.bias,raw,21,0.0062045662540509096,0.006484911572948027,0.006344738913499468,0,0.0,0.9,10
bayesfl_observability_v1,ola_sparse_bayesian_keep010_seed42,15,ola,global,,,layers.1.bias,raw,22,0.006484911572948027,0.0067652568918451445,0.006625084232396586,0,0.0,0.9,10
bayesfl_observability_v1,ola_sparse_bayesian_keep010_seed42,15,ola,global,,,layers.1.bias,raw,23,0.0067652568918451445,0.007045602210742262,0.006905429551293703,0,0.0,0.9,10
bayesfl_observability_v1,ola_sparse_bayesian_keep010_seed42,15,ola,global,,,layers.1.bias,raw,24,0.007045602210742262,0.00732594752963938,0.007185774870190821,0,0.0,0.9,10
bayesfl_observability_v1,ola_sparse_bayesian_keep010_seed42,15,ola,global,,,layers.1.bias,raw,25,0.00732594752963938,0.007606292848536498,0.0074661201890879395,0,0.0,0.9,10
bayesfl_observability_v1,ola_sparse_bayesian_keep010_seed42,15,ola,global,,,layers.1.bias,raw,26,0.007606292848536498,0.007886638167433615,0.007746465507985056,0,0.0,0.9,10
bayesfl_observability_v1,ola_sparse_bayesian_keep010_seed42,15,ola,global,,,layers.1.bias,raw,27,0.007886638167433615,0.008166983486330734,0.008026810826882174,0,0.0,0.9,10
bayesfl_observability_v1,ola_sparse_bayesian_keep010_seed42,15,ola,global,,,layers.1.bias,raw,28,0.008166983486330734,0.00844732880522785,0.008307156145779291,0,0.0,0.9,10
bayesfl_observability_v1,ola_sparse_bayesian_keep010_seed42,15,ola,global,,,layers.1.bias,raw,29,0.00844732880522785,0.008727674124124968,0.00858750146467641,0,0.0,0.9,10
bayesfl_observability_v1,ola_sparse_bayesian_keep010_seed42,15,ola,global,,,layers.1.bias,raw,30,0.008727674124124968,0.009008019443022085,0.008867846783573528,0,0.0,0.9,10
bayesfl_observability_v1,ola_sparse_bayesian_keep010_seed42,15,ola,global,,,layers.1.bias,raw,31,0.009008019443022085,0.009288364761919203,0.009148192102470644,0,0.0,0.9,10
bayesfl_observability_v1,ola_sparse_bayesian_keep010_seed42,15,ola,global,,,layers.1.bias,raw,32,0.009288364761919203,0.009568710080816322,0.009428537421367763,0,0.0,0.9,10
bayesfl_observability_v1,ola_sparse_bayesian_keep010_seed42,15,ola,global,,,layers.1.bias,raw,33,0.009568710080816322,0.009849055399713438,0.00970888274026488,0,0.0,0.9,10
bayesfl_observability_v1,ola_sparse_bayesian_keep010_seed42,15,ola,global,,,layers.1.bias,raw,34,0.009849055399713438,0.010129400718610557,0.009989228059161998,0,0.0,0.9,10
bayesfl_observability_v1,ola_sparse_bayesian_keep010_seed42,15,ola,global,,,layers.1.bias,raw,35,0.010129400718610557,0.010409746037507673,0.010269573378059116,0,0.0,0.9,10
bayesfl_observability_v1,ola_sparse_bayesian_keep010_seed42,15,ola,global,,,layers.1.bias,raw,36,0.010409746037507673,0.010690091356404792,0.010549918696956232,0,0.0,0.9,10
bayesfl_observability_v1,ola_sparse_bayesian_keep010_seed42,15,ola,global,,,layers.1.bias,raw,37,0.010690091356404792,0.01097043667530191,0.01083026401585335,0,0.0,0.9,10
bayesfl_observability_v1,ola_sparse_bayesian_keep010_seed42,15,ola,global,,,layers.1.bias,raw,38,0.01097043667530191,0.011250781994199027,0.011110609334750467,0,0.0,0.9,10
bayesfl_observability_v1,ola_sparse_bayesian_keep010_seed42,15,ola,global,,,layers.1.bias,raw,39,0.011250781994199027,0.011531127313096145,0.011390954653647586,0,0.0,0.9,10
bayesfl_observability_v1,ola_sparse_bayesian_keep010_seed42,15,ola,global,,,layers.1.bias,raw,40,0.011531127313096145,0.011811472631993261,0.011671299972544704,0,0.0,0.9,10
bayesfl_observability_v1,ola_sparse_bayesian_keep010_seed42,15,ola,global,,,layers.1.bias,raw,41,0.011811472631993261,0.01209181795089038,0.01195164529144182,0,0.0,0.9,10
bayesfl_observability_v1,ola_sparse_bayesian_keep010_seed42,15,ola,global,,,layers.1.bias,raw,42,0.01209181795089038,0.012372163269787498,0.012231990610338939,0,0.0,0.9,10
bayesfl_observability_v1,ola_sparse_bayesian_keep010_seed42,15,ola,global,,,layers.1.bias,raw,43,0.012372163269787498,0.012652508588684615,0.012512335929236056,0,0.0,0.9,10
bayesfl_observability_v1,ola_sparse_bayesian_keep010_seed42,15,ola,global,,,layers.1.bias,raw,44,0.012652508588684615,0.012932853907581733,0.012792681248133174,0,0.0,0.9,10
bayesfl_observability_v1,ola_sparse_bayesian_keep010_seed42,15,ola,global,,,layers.1.bias,raw,45,0.012932853907581733,0.01321319922647885,0.013073026567030292,0,0.0,0.9,10
bayesfl_observability_v1,ola_sparse_bayesian_keep010_seed42,15,ola,global,,,layers.1.bias,raw,46,0.01321319922647885,0.013493544545375968,0.013353371885927409,0,0.0,0.9,10
bayesfl_observability_v1,ola_sparse_bayesian_keep010_seed42,15,ola,global,,,layers.1.bias,raw,47,0.013493544545375968,0.013773889864273085,0.013633717204824525,0,0.0,0.9,10
bayesfl_observability_v1,ola_sparse_bayesian_keep010_seed42,15,ola,global,,,layers.1.bias,raw,48,0.013773889864273085,0.014054235183170203,0.013914062523721644,0,0.0,0.9,10
bayesfl_observability_v1,ola_sparse_bayesian_keep010_seed42,15,ola,global,,,layers.1.bias,raw,49,0.014054235183170203,0.014334580502067321,0.014194407842618762,0,0.0,0.9,10
bayesfl_observability_v1,ola_sparse_bayesian_keep010_seed42,15,ola,global,,,layers.1.bias,raw,50,0.014334580502067321,0.014614925820964438,0.01447475316151588,0,0.0,0.9,10
bayesfl_observability_v1,ola_sparse_bayesian_keep010_seed42,15,ola,global,,,layers.1.bias,raw,51,0.014614925820964438,0.014895271139861556,0.014755098480412997,0,0.0,0.9,10
bayesfl_observability_v1,ola_sparse_bayesian_keep010_seed42,15,ola,global,,,layers.1.bias,raw,52,0.014895271139861556,0.015175616458758673,0.015035443799310114,0,0.0,0.9,10
bayesfl_observability_v1,ola_sparse_bayesian_keep010_seed42,15,ola,global,,,layers.1.bias,raw,53,0.015175616458758673,0.015455961777655791,0.015315789118207232,0,0.0,0.9,10
bayesfl_observability_v1,ola_sparse_bayesian_keep010_seed42,15,ola,global,,,layers.1.bias,raw,54,0.015455961777655791,0.01573630709655291,0.01559613443710435,0,0.0,0.9,10
bayesfl_observability_v1,ola_sparse_bayesian_keep010_seed42,15,ola,global,,,layers.1.bias,raw,55,0.01573630709655291,0.016016652415450028,0.01587647975600147,0,0.0,0.9,10
bayesfl_observability_v1,ola_sparse_bayesian_keep010_seed42,15,ola,global,,,layers.1.bias,raw,56,0.016016652415450028,0.016296997734347143,0.016156825074898587,0,0.0,0.9,10
bayesfl_observability_v1,ola_sparse_bayesian_keep010_seed42,15,ola,global,,,layers.1.bias,raw,57,0.016296997734347143,0.01657734305324426,0.016437170393795702,0,0.0,0.9,10
bayesfl_observability_v1,ola_sparse_bayesian_keep010_seed42,15,ola,global,,,layers.1.bias,raw,58,0.01657734305324426,0.01685768837214138,0.01671751571269282,0,0.0,0.9,10
bayesfl_observability_v1,ola_sparse_bayesian_keep010_seed42,15,ola,global,,,layers.1.bias,raw,59,0.01685768837214138,0.017138033691038498,0.01699786103158994,0,0.0,0.9,10
bayesfl_observability_v1,ola_sparse_bayesian_keep010_seed42,15,ola,global,,,layers.1.bias,raw,60,0.017138033691038498,0.017418379009935616,0.017278206350487057,0,0.0,0.9,10
bayesfl_observability_v1,ola_sparse_bayesian_keep010_seed42,15,ola,global,,,layers.1.bias,raw,61,0.017418379009935616,0.01769872432883273,0.01755855166938417,0,0.0,0.9,10
bayesfl_observability_v1,ola_sparse_bayesian_keep010_seed42,15,ola,global,,,layers.1.bias,raw,62,0.01769872432883273,0.01797906964772985,0.01783889698828129,0,0.0,0.9,10
bayesfl_observability_v1,ola_sparse_bayesian_keep010_seed42,15,ola,global,,,layers.1.bias,raw,63,0.01797906964772985,0.018259414966626968,0.01811924230717841,0,0.0,0.9,10
bayesfl_observability_v1,ola_sparse_bayesian_keep010_seed42,15,ola,global,,,layers.1.bias,raw,64,0.018259414966626968,0.018539760285524086,0.018399587626075527,0,0.0,0.9,10
bayesfl_observability_v1,ola_sparse_bayesian_keep010_seed42,15,ola,global,,,layers.1.bias,raw,65,0.018539760285524086,0.018820105604421204,0.018679932944972645,0,0.0,0.9,10
bayesfl_observability_v1,ola_sparse_bayesian_keep010_seed42,15,ola,global,,,layers.1.bias,raw,66,0.018820105604421204,0.01910045092331832,0.018960278263869763,0,0.0,0.9,10
bayesfl_observability_v1,ola_sparse_bayesian_keep010_seed42,15,ola,global,,,layers.1.bias,raw,67,0.01910045092331832,0.019380796242215437,0.019240623582766878,0,0.0,0.9,10
bayesfl_observability_v1,ola_sparse_bayesian_keep010_seed42,15,ola,global,,,layers.1.bias,raw,68,0.019380796242215437,0.019661141561112556,0.019520968901663997,0,0.0,0.9,10
bayesfl_observability_v1,ola_sparse_bayesian_keep010_seed42,15,ola,global,,,layers.1.bias,raw,69,0.019661141561112556,0.019941486880009674,0.019801314220561115,0,0.0,0.9,10
bayesfl_observability_v1,ola_sparse_bayesian_keep010_seed42,15,ola,global,,,layers.1.bias,raw,70,0.019941486880009674,0.020221832198906792,0.020081659539458233,0,0.0,0.9,10
bayesfl_observability_v1,ola_sparse_bayesian_keep010_seed42,15,ola,global,,,layers.1.bias,raw,71,0.020221832198906792,0.020502177517803907,0.020362004858355348,0,0.0,0.9,10
bayesfl_observability_v1,ola_sparse_bayesian_keep010_seed42,15,ola,global,,,layers.1.bias,raw,72,0.020502177517803907,0.020782522836701026,0.020642350177252466,0,0.0,0.9,10
bayesfl_observability_v1,ola_sparse_bayesian_keep010_seed42,15,ola,global,,,layers.1.bias,raw,73,0.020782522836701026,0.021062868155598144,0.020922695496149585,0,0.0,0.9,10
bayesfl_observability_v1,ola_sparse_bayesian_keep010_seed42,15,ola,global,,,layers.1.bias,raw,74,0.021062868155598144,0.021343213474495262,0.021203040815046703,0,0.0,0.9,10
bayesfl_observability_v1,ola_sparse_bayesian_keep010_seed42,15,ola,global,,,layers.1.bias,raw,75,0.021343213474495262,0.02162355879339238,0.02148338613394382,0,0.0,0.9,10
bayesfl_observability_v1,ola_sparse_bayesian_keep010_seed42,15,ola,global,,,layers.1.bias,raw,76,0.02162355879339238,0.021903904112289495,0.02176373145284094,0,0.0,0.9,10
bayesfl_observability_v1,ola_sparse_bayesian_keep010_seed42,15,ola,global,,,layers.1.bias,raw,77,0.021903904112289495,0.022184249431186614,0.022044076771738055,0,0.0,0.9,10
bayesfl_observability_v1,ola_sparse_bayesian_keep010_seed42,15,ola,global,,,layers.1.bias,raw,78,0.022184249431186614,0.022464594750083732,0.022324422090635173,0,0.0,0.9,10
bayesfl_observability_v1,ola_sparse_bayesian_keep010_seed42,15,ola,global,,,layers.1.bias,raw,79,0.022464594750083732,0.02274494006898085,0.02260476740953229,1,356.7029419053656,1.0,10
bayesfl_observability_v1,ola_sparse_bayesian_keep010_seed42,15,ola,global,,,layers.1.bias,db,0,-69.97020004517394,-69.50635134539505,-69.7382756952845,1,0.21558753974661973,0.1,10
bayesfl_observability_v1,ola_sparse_bayesian_keep010_seed42,15,ola,global,,,layers.1.bias,db,1,-69.50635134539505,-69.04250264561617,-69.2744269955056,0,0.0,0.1,10
bayesfl_observability_v1,ola_sparse_bayesian_keep010_seed42,15,ola,global,,,layers.1.bias,db,2,-69.04250264561617,-68.57865394583727,-68.81057829572671,0,0.0,0.1,10
bayesfl_observability_v1,ola_sparse_bayesian_keep010_seed42,15,ola,global,,,layers.1.bias,db,3,-68.57865394583727,-68.11480524605838,-68.34672959594783,0,0.0,0.1,10
bayesfl_observability_v1,ola_sparse_bayesian_keep010_seed42,15,ola,global,,,layers.1.bias,db,4,-68.11480524605838,-67.6509565462795,-67.88288089616894,0,0.0,0.1,10
bayesfl_observability_v1,ola_sparse_bayesian_keep010_seed42,15,ola,global,,,layers.1.bias,db,5,-67.6509565462795,-67.18710784650061,-67.41903219639005,0,0.0,0.1,10
bayesfl_observability_v1,ola_sparse_bayesian_keep010_seed42,15,ola,global,,,layers.1.bias,db,6,-67.18710784650061,-66.72325914672172,-66.95518349661117,0,0.0,0.1,10
bayesfl_observability_v1,ola_sparse_bayesian_keep010_seed42,15,ola,global,,,layers.1.bias,db,7,-66.72325914672172,-66.25941044694284,-66.49133479683228,0,0.0,0.1,10
bayesfl_observability_v1,ola_sparse_bayesian_keep010_seed42,15,ola,global,,,layers.1.bias,db,8,-66.25941044694284,-65.79556174716394,-66.02748609705338,0,0.0,0.1,10
bayesfl_observability_v1,ola_sparse_bayesian_keep010_seed42,15,ola,global,,,layers.1.bias,db,9,-65.79556174716394,-65.33171304738507,-65.5636373972745,0,0.0,0.1,10
bayesfl_observability_v1,ola_sparse_bayesian_keep010_seed42,15,ola,global,,,layers.1.bias,db,10,-65.33171304738507,-64.86786434760617,-65.09978869749563,0,0.0,0.1,10
bayesfl_observability_v1,ola_sparse_bayesian_keep010_seed42,15,ola,global,,,layers.1.bias,db,11,-64.86786434760617,-64.40401564782728,-64.63593999771672,0,0.0,0.1,10
bayesfl_observability_v1,ola_sparse_bayesian_keep010_seed42,15,ola,global,,,layers.1.bias,db,12,-64.40401564782728,-63.94016694804839,-64.17209129793784,0,0.0,0.1,10
bayesfl_observability_v1,ola_sparse_bayesian_keep010_seed42,15,ola,global,,,layers.1.bias,db,13,-63.94016694804839,-63.47631824826951,-63.70824259815895,0,0.0,0.1,10
bayesfl_observability_v1,ola_sparse_bayesian_keep010_seed42,15,ola,global,,,layers.1.bias,db,14,-63.47631824826951,-63.01246954849062,-63.24439389838007,0,0.0,0.1,10
bayesfl_observability_v1,ola_sparse_bayesian_keep010_seed42,15,ola,global,,,layers.1.bias,db,15,-63.01246954849062,-62.54862084871173,-62.780545198601175,0,0.0,0.1,10
bayesfl_observability_v1,ola_sparse_bayesian_keep010_seed42,15,ola,global,,,layers.1.bias,db,16,-62.54862084871173,-62.08477214893284,-62.31669649882228,0,0.0,0.1,10
bayesfl_observability_v1,ola_sparse_bayesian_keep010_seed42,15,ola,global,,,layers.1.bias,db,17,-62.08477214893284,-61.620923449153956,-61.8528477990434,0,0.0,0.1,10
bayesfl_observability_v1,ola_sparse_bayesian_keep010_seed42,15,ola,global,,,layers.1.bias,db,18,-61.620923449153956,-61.15707474937507,-61.38899909926451,0,0.0,0.1,10
bayesfl_observability_v1,ola_sparse_bayesian_keep010_seed42,15,ola,global,,,layers.1.bias,db,19,-61.15707474937507,-60.69322604959618,-60.925150399485624,0,0.0,0.1,10
bayesfl_observability_v1,ola_sparse_bayesian_keep010_seed42,15,ola,global,,,layers.1.bias,db,20,-60.69322604959618,-60.22937734981729,-60.46130169970674,0,0.0,0.1,10
bayesfl_observability_v1,ola_sparse_bayesian_keep010_seed42,15,ola,global,,,layers.1.bias,db,21,-60.22937734981729,-59.765528650038405,-59.997452999927845,1,0.21558753974662304,0.2,10
bayesfl_observability_v1,ola_sparse_bayesian_keep010_seed42,15,ola,global,,,layers.1.bias,db,22,-59.765528650038405,-59.30167995025951,-59.53360430014896,0,0.0,0.2,10
bayesfl_observability_v1,ola_sparse_bayesian_keep010_seed42,15,ola,global,,,layers.1.bias,db,23,-59.30167995025951,-58.837831250480626,-59.06975560037007,0,0.0,0.2,10
bayesfl_observability_v1,ola_sparse_bayesian_keep010_seed42,15,ola,global,,,layers.1.bias,db,24,-58.837831250480626,-58.37398255070174,-58.60590690059118,1,0.21558753974662304,0.3,10
bayesfl_observability_v1,ola_sparse_bayesian_keep010_seed42,15,ola,global,,,layers.1.bias,db,25,-58.37398255070174,-57.91013385092285,-58.14205820081229,1,0.21558753974661973,0.4,10
bayesfl_observability_v1,ola_sparse_bayesian_keep010_seed42,15,ola,global,,,layers.1.bias,db,26,-57.91013385092285,-57.44628515114396,-57.67820950103341,0,0.0,0.4,10
bayesfl_observability_v1,ola_sparse_bayesian_keep010_seed42,15,ola,global,,,layers.1.bias,db,27,-57.44628515114396,-56.982436451365075,-57.214360801254514,0,0.0,0.4,10
bayesfl_observability_v1,ola_sparse_bayesian_keep010_seed42,15,ola,global,,,layers.1.bias,db,28,-56.982436451365075,-56.51858775158618,-56.75051210147563,0,0.0,0.4,10
bayesfl_observability_v1,ola_sparse_bayesian_keep010_seed42,15,ola,global,,,layers.1.bias,db,29,-56.51858775158618,-56.054739051807296,-56.28666340169674,0,0.0,0.4,10
bayesfl_observability_v1,ola_sparse_bayesian_keep010_seed42,15,ola,global,,,layers.1.bias,db,30,-56.054739051807296,-55.59089035202841,-55.82281470191785,0,0.0,0.4,10
bayesfl_observability_v1,ola_sparse_bayesian_keep010_seed42,15,ola,global,,,layers.1.bias,db,31,-55.59089035202841,-55.127041652249524,-55.35896600213897,0,0.0,0.4,10
bayesfl_observability_v1,ola_sparse_bayesian_keep010_seed42,15,ola,global,,,layers.1.bias,db,32,-55.127041652249524,-54.66319295247064,-54.89511730236008,0,0.0,0.4,10
bayesfl_observability_v1,ola_sparse_bayesian_keep010_seed42,15,ola,global,,,layers.1.bias,db,33,-54.66319295247064,-54.199344252691745,-54.43126860258119,0,0.0,0.4,10
bayesfl_observability_v1,ola_sparse_bayesian_keep010_seed42,15,ola,global,,,layers.1.bias,db,34,-54.199344252691745,-53.73549555291286,-53.967419902802305,0,0.0,0.4,10
bayesfl_observability_v1,ola_sparse_bayesian_keep010_seed42,15,ola,global,,,layers.1.bias,db,35,-53.73549555291286,-53.27164685313397,-53.50357120302341,1,0.21558753974662304,0.5,10
bayesfl_observability_v1,ola_sparse_bayesian_keep010_seed42,15,ola,global,,,layers.1.bias,db,36,-53.27164685313397,-52.80779815335508,-53.039722503244526,0,0.0,0.5,10
bayesfl_observability_v1,ola_sparse_bayesian_keep010_seed42,15,ola,global,,,layers.1.bias,db,37,-52.80779815335508,-52.343949453576194,-52.57587380346564,0,0.0,0.5,10
bayesfl_observability_v1,ola_sparse_bayesian_keep010_seed42,15,ola,global,,,layers.1.bias,db,38,-52.343949453576194,-51.88010075379731,-52.11202510368675,0,0.0,0.5,10
bayesfl_observability_v1,ola_sparse_bayesian_keep010_seed42,15,ola,global,,,layers.1.bias,db,39,-51.88010075379731,-51.416252054018415,-51.64817640390786,0,0.0,0.5,10
bayesfl_observability_v1,ola_sparse_bayesian_keep010_seed42,15,ola,global,,,layers.1.bias,db,40,-51.416252054018415,-50.95240335423953,-51.184327704128975,0,0.0,0.5,10
bayesfl_observability_v1,ola_sparse_bayesian_keep010_seed42,15,ola,global,,,layers.1.bias,db,41,-50.95240335423953,-50.48855465446064,-50.72047900435008,1,0.21558753974662304,0.6,10
bayesfl_observability_v1,ola_sparse_bayesian_keep010_seed42,15,ola,global,,,layers.1.bias,db,42,-50.48855465446064,-50.02470595468175,-50.256630304571196,0,0.0,0.6,10
bayesfl_observability_v1,ola_sparse_bayesian_keep010_seed42,15,ola,global,,,layers.1.bias,db,43,-50.02470595468175,-49.56085725490287,-49.79278160479231,1,0.21558753974662634,0.7,10
bayesfl_observability_v1,ola_sparse_bayesian_keep010_seed42,15,ola,global,,,layers.1.bias,db,44,-49.56085725490287,-49.09700855512398,-49.328932905013424,0,0.0,0.7,10
bayesfl_observability_v1,ola_sparse_bayesian_keep010_seed42,15,ola,global,,,layers.1.bias,db,45,-49.09700855512398,-48.633159855345085,-48.86508420523453,0,0.0,0.7,10
bayesfl_observability_v1,ola_sparse_bayesian_keep010_seed42,15,ola,global,,,layers.1.bias,db,46,-48.633159855345085,-48.169311155566206,-48.401235505455645,0,0.0,0.7,10
bayesfl_observability_v1,ola_sparse_bayesian_keep010_seed42,15,ola,global,,,layers.1.bias,db,47,-48.169311155566206,-47.70546245578731,-47.93738680567676,0,0.0,0.7,10
bayesfl_observability_v1,ola_sparse_bayesian_keep010_seed42,15,ola,global,,,layers.1.bias,db,48,-47.70546245578731,-47.24161375600843,-47.47353810589787,0,0.0,0.7,10
bayesfl_observability_v1,ola_sparse_bayesian_keep010_seed42,15,ola,global,,,layers.1.bias,db,49,-47.24161375600843,-46.77776505622954,-47.00968940611898,0,0.0,0.7,10
bayesfl_observability_v1,ola_sparse_bayesian_keep010_seed42,15,ola,global,,,layers.1.bias,db,50,-46.77776505622954,-46.31391635645065,-46.545840706340094,0,0.0,0.7,10
bayesfl_observability_v1,ola_sparse_bayesian_keep010_seed42,15,ola,global,,,layers.1.bias,db,51,-46.31391635645065,-45.85006765667176,-46.08199200656121,0,0.0,0.7,10
bayesfl_observability_v1,ola_sparse_bayesian_keep010_seed42,15,ola,global,,,layers.1.bias,db,52,-45.85006765667176,-45.386218956892876,-45.618143306782315,1,0.21558753974662304,0.8,10
bayesfl_observability_v1,ola_sparse_bayesian_keep010_seed42,15,ola,global,,,layers.1.bias,db,53,-45.386218956892876,-44.92237025711398,-45.15429460700343,1,0.21558753974661973,0.9,10
bayesfl_observability_v1,ola_sparse_bayesian_keep010_seed42,15,ola,global,,,layers.1.bias,db,54,-44.92237025711398,-44.4585215573351,-44.69044590722454,0,0.0,0.9,10
bayesfl_observability_v1,ola_sparse_bayesian_keep010_seed42,15,ola,global,,,layers.1.bias,db,55,-44.4585215573351,-43.99467285755621,-44.22659720744565,0,0.0,0.9,10
bayesfl_observability_v1,ola_sparse_bayesian_keep010_seed42,15,ola,global,,,layers.1.bias,db,56,-43.99467285755621,-43.53082415777732,-43.762748507666764,0,0.0,0.9,10
bayesfl_observability_v1,ola_sparse_bayesian_keep010_seed42,15,ola,global,,,layers.1.bias,db,57,-43.53082415777732,-43.06697545799843,-43.29889980788788,0,0.0,0.9,10
bayesfl_observability_v1,ola_sparse_bayesian_keep010_seed42,15,ola,global,,,layers.1.bias,db,58,-43.06697545799843,-42.603126758219545,-42.835051108108985,0,0.0,0.9,10
bayesfl_observability_v1,ola_sparse_bayesian_keep010_seed42,15,ola,global,,,layers.1.bias,db,59,-42.603126758219545,-42.13927805844065,-42.3712024083301,0,0.0,0.9,10
bayesfl_observability_v1,ola_sparse_bayesian_keep010_seed42,15,ola,global,,,layers.1.bias,db,60,-42.13927805844065,-41.67542935866177,-41.90735370855121,0,0.0,0.9,10
bayesfl_observability_v1,ola_sparse_bayesian_keep010_seed42,15,ola,global,,,layers.1.bias,db,61,-41.67542935866177,-41.21158065888288,-41.44350500877233,0,0.0,0.9,10
bayesfl_observability_v1,ola_sparse_bayesian_keep010_seed42,15,ola,global,,,layers.1.bias,db,62,-41.21158065888288,-40.747731959103994,-40.97965630899344,0,0.0,0.9,10
bayesfl_observability_v1,ola_sparse_bayesian_keep010_seed42,15,ola,global,,,layers.1.bias,db,63,-40.747731959103994,-40.28388325932511,-40.51580760921455,0,0.0,0.9,10
bayesfl_observability_v1,ola_sparse_bayesian_keep010_seed42,15,ola,global,,,layers.1.bias,db,64,-40.28388325932511,-39.820034559546215,-40.05195890943566,0,0.0,0.9,10
bayesfl_observability_v1,ola_sparse_bayesian_keep010_seed42,15,ola,global,,,layers.1.bias,db,65,-39.820034559546215,-39.35618585976733,-39.588110209656776,0,0.0,0.9,10
bayesfl_observability_v1,ola_sparse_bayesian_keep010_seed42,15,ola,global,,,layers.1.bias,db,66,-39.35618585976733,-38.89233715998844,-39.12426150987788,0,0.0,0.9,10
bayesfl_observability_v1,ola_sparse_bayesian_keep010_seed42,15,ola,global,,,layers.1.bias,db,67,-38.89233715998844,-38.42848846020955,-38.660412810099,0,0.0,0.9,10
bayesfl_observability_v1,ola_sparse_bayesian_keep010_seed42,15,ola,global,,,layers.1.bias,db,68,-38.42848846020955,-37.964639760430664,-38.19656411032011,0,0.0,0.9,10
bayesfl_observability_v1,ola_sparse_bayesian_keep010_seed42,15,ola,global,,,layers.1.bias,db,69,-37.964639760430664,-37.50079106065178,-37.73271541054122,0,0.0,0.9,10
bayesfl_observability_v1,ola_sparse_bayesian_keep010_seed42,15,ola,global,,,layers.1.bias,db,70,-37.50079106065178,-37.036942360872885,-37.26886671076233,0,0.0,0.9,10
bayesfl_observability_v1,ola_sparse_bayesian_keep010_seed42,15,ola,global,,,layers.1.bias,db,71,-37.036942360872885,-36.573093661094,-36.805018010983446,0,0.0,0.9,10
bayesfl_observability_v1,ola_sparse_bayesian_keep010_seed42,15,ola,global,,,layers.1.bias,db,72,-36.573093661094,-36.10924496131511,-36.34116931120455,0,0.0,0.9,10
bayesfl_observability_v1,ola_sparse_bayesian_keep010_seed42,15,ola,global,,,layers.1.bias,db,73,-36.10924496131511,-35.64539626153623,-35.877320611425674,0,0.0,0.9,10
bayesfl_observability_v1,ola_sparse_bayesian_keep010_seed42,15,ola,global,,,layers.1.bias,db,74,-35.64539626153623,-35.181547561757334,-35.41347191164678,0,0.0,0.9,10
bayesfl_observability_v1,ola_sparse_bayesian_keep010_seed42,15,ola,global,,,layers.1.bias,db,75,-35.181547561757334,-34.71769886197845,-34.94962321186789,0,0.0,0.9,10
bayesfl_observability_v1,ola_sparse_bayesian_keep010_seed42,15,ola,global,,,layers.1.bias,db,76,-34.71769886197845,-34.25385016219956,-34.48577451208901,0,0.0,0.9,10
bayesfl_observability_v1,ola_sparse_bayesian_keep010_seed42,15,ola,global,,,layers.1.bias,db,77,-34.25385016219956,-33.79000146242067,-34.021925812310116,0,0.0,0.9,10
bayesfl_observability_v1,ola_sparse_bayesian_keep010_seed42,15,ola,global,,,layers.1.bias,db,78,-33.79000146242067,-33.32615276264178,-33.55807711253122,0,0.0,0.9,10
bayesfl_observability_v1,ola_sparse_bayesian_keep010_seed42,15,ola,global,,,layers.1.bias,db,79,-33.32615276264178,-32.8623040628629,-33.094228412752344,1,0.21558753974662304,1.0,10
bayesfl_observability_v1,ola_sparse_bayesian_keep010_seed42,20,ola,global,,,all,raw,0,6.760575423501642e-09,0.0006762607432265209,0.0003381337519009722,57548,836.1816343662207,0.5654711604598605,101770
bayesfl_observability_v1,ola_sparse_bayesian_keep010_seed42,20,ola,global,,,all,raw,1,0.0006762607432265209,0.0013525147258776184,0.0010143877345520696,41410,601.6939160197609,0.9723690675051587,101770
bayesfl_observability_v1,ola_sparse_bayesian_keep010_seed42,20,ola,global,,,all,raw,2,0.0013525147258776184,0.002028768708528716,0.0016906417172031672,1815,26.372239980098183,0.9902033998231305,101770
bayesfl_observability_v1,ola_sparse_bayesian_keep010_seed42,20,ola,global,,,all,raw,3,0.002028768708528716,0.0027050226911798135,0.0023668956998542648,296,4.300927291520145,0.9931119190331139,101770
bayesfl_observability_v1,ola_sparse_bayesian_keep010_seed42,20,ola,global,,,all,raw,4,0.0027050226911798135,0.003381276673830911,0.0030431496825053623,113,1.6419080538573523,0.9942222658936818,101770
bayesfl_observability_v1,ola_sparse_bayesian_keep010_seed42,20,ola,global,,,all,raw,5,0.003381276673830911,0.004057530656482008,0.0037194036651564595,81,1.1769429412605814,0.9950181782450624,101770
bayesfl_observability_v1,ola_sparse_bayesian_keep010_seed42,20,ola,global,,,all,raw,6,0.004057530656482008,0.004733784639133105,0.004395657647807557,73,1.060701663111387,0.9957354819691461,101770
bayesfl_observability_v1,ola_sparse_bayesian_keep010_seed42,20,ola,global,,,all,raw,7,0.004733784639133105,0.005410038621784203,0.005071911630458654,36,0.523085751671369,0.9960892207919819,101770
bayesfl_observability_v1,ola_sparse_bayesian_keep010_seed42,20,ola,global,,,all,raw,8,0.005410038621784203,0.0060862926044353005,0.005748165613109752,53,0.7700984677384042,0.9966100029478235,101770
bayesfl_observability_v1,ola_sparse_bayesian_keep010_seed42,20,ola,global,,,all,raw,9,0.0060862926044353005,0.006762546587086398,0.006424419595760849,40,0.5812063907459655,0.9970030460843078,101770
bayesfl_observability_v1,ola_sparse_bayesian_keep010_seed42,20,ola,global,,,all,raw,10,0.006762546587086398,0.007438800569737496,0.007100673578411947,25,0.3632539942162284,0.9972486980446104,101770
bayesfl_observability_v1,ola_sparse_bayesian_keep010_seed42,20,ola,global,,,all,raw,11,0.007438800569737496,0.008115054552388593,0.007776927561063044,30,0.4359047930594741,0.9975434803969736,101770
bayesfl_observability_v1,ola_sparse_bayesian_keep010_seed42,20,ola,global,,,all,raw,12,0.008115054552388593,0.00879130853503969,0.008453181543714142,27,0.39231431375352666,0.9978087845141004,101770
bayesfl_observability_v1,ola_sparse_bayesian_keep010_seed42,20,ola,global,,,all,raw,13,0.00879130853503969,0.009467562517690788,0.00912943552636524,23,0.33419367467893013,0.9980347843175789,101770
bayesfl_observability_v1,ola_sparse_bayesian_keep010_seed42,20,ola,global,,,all,raw,14,0.009467562517690788,0.010143816500341886,0.009805689509016337,21,0.30513335514163187,0.998241131964233,101770
bayesfl_observability_v1,ola_sparse_bayesian_keep010_seed42,20,ola,global,,,all,raw,15,0.010143816500341886,0.010820070482992983,0.010481943491667435,20,0.29060319537298274,0.9984376535324752,101770
bayesfl_observability_v1,ola_sparse_bayesian_keep010_seed42,20,ola,global,,,all,raw,16,0.010820070482992983,0.011496324465644081,0.011158197474318532,11,0.1598317574551405,0.9985457403950083,101770
bayesfl_observability_v1,ola_sparse_bayesian_keep010_seed42,20,ola,global,,,all,raw,17,0.011496324465644081,0.012172578448295179,0.01183445145696963,12,0.17436191722378963,0.9986636533359536,101770
bayesfl_observability_v1,ola_sparse_bayesian_keep010_seed42,20,ola,global,,,all,raw,18,0.012172578448295179,0.012848832430946276,0.012510705439620727,10,0.14530159768649137,0.9987619141200746,101770
bayesfl_observability_v1,ola_sparse_bayesian_keep010_seed42,20,ola,global,,,all,raw,19,0.012848832430946276,0.013525086413597374,0.013186959422271825,8,0.11624127814919309,0.9988405227473716,101770
bayesfl_observability_v1,ola_sparse_bayesian_keep010_seed42,20,ola,global,,,all,raw,20,0.013525086413597374,0.014201340396248471,0.013863213404922923,9,0.13077143791784224,0.9989289574530805,101770
bayesfl_observability_v1,ola_sparse_bayesian_keep010_seed42,20,ola,global,,,all,raw,21,0.014201340396248471,0.014877594378899569,0.01453946738757402,3,0.04359047930594741,0.9989584356883168,101770
bayesfl_observability_v1,ola_sparse_bayesian_keep010_seed42,20,ola,global,,,all,raw,22,0.014877594378899569,0.015553848361550666,0.015215721370225118,6,0.08718095861189482,0.9990173921587894,101770
bayesfl_observability_v1,ola_sparse_bayesian_keep010_seed42,20,ola,global,,,all,raw,23,0.015553848361550666,0.01623010234420176,0.015891975352876214,6,0.08718095861189526,0.9990763486292621,101770
bayesfl_observability_v1,ola_sparse_bayesian_keep010_seed42,20,ola,global,,,all,raw,24,0.01623010234420176,0.016906356326852858,0.01656822933552731,8,0.11624127814919309,0.9991549572565589,101770
bayesfl_observability_v1,ola_sparse_bayesian_keep010_seed42,20,ola,global,,,all,raw,25,0.016906356326852858,0.017582610309503956,0.017244483318178405,5,0.07265079884324568,0.9992040876486195,101770
bayesfl_observability_v1,ola_sparse_bayesian_keep010_seed42,20,ola,global,,,all,raw,26,0.017582610309503956,0.018258864292155053,0.017920737300829506,8,0.11624127814919309,0.9992826962759163,101770
bayesfl_observability_v1,ola_sparse_bayesian_keep010_seed42,20,ola,global,,,all,raw,27,0.018258864292155053,0.01893511827480615,0.0185969912834806,4,0.058120639074596546,0.9993220005895647,101770
bayesfl_observability_v1,ola_sparse_bayesian_keep010_seed42,20,ola,global,,,all,raw,28,0.01893511827480615,0.01961137225745725,0.0192732452661317,3,0.04359047930594741,0.999351478824801,101770
bayesfl_observability_v1,ola_sparse_bayesian_keep010_seed42,20,ola,global,,,all,raw,29,0.01961137225745725,0.020287626240108346,0.019949499248782795,6,0.08718095861189482,0.9994104352952736,101770
bayesfl_observability_v1,ola_sparse_bayesian_keep010_seed42,20,ola,global,,,all,raw,30,0.020287626240108346,0.020963880222759444,0.020625753231433896,5,0.07265079884324568,0.9994595656873342,101770
bayesfl_observability_v1,ola_sparse_bayesian_keep010_seed42,20,ola,global,,,all,raw,31,0.020963880222759444,0.02164013420541054,0.02130200721408499,6,0.08718095861189482,0.9995185221578068,101770
bayesfl_observability_v1,ola_sparse_bayesian_keep010_seed42,20,ola,global,,,all,raw,32,0.02164013420541054,0.02231638818806164,0.02197826119673609,2,0.029060319537298273,0.999538174314631,101770
bayesfl_observability_v1,ola_sparse_bayesian_keep010_seed42,20,ola,global,,,all,raw,33,0.02231638818806164,0.022992642170712736,0.022654515179387186,5,0.07265079884324568,0.9995873047066915,101770
bayesfl_observability_v1,ola_sparse_bayesian_keep010_seed42,20,ola,global,,,all,raw,34,0.022992642170712736,0.023668896153363834,0.023330769162038287,4,0.058120639074596546,0.99962660902034,101770
bayesfl_observability_v1,ola_sparse_bayesian_keep010_seed42,20,ola,global,,,all,raw,35,0.023668896153363834,0.02434515013601493,0.02400702314468938,0,0.0,0.99962660902034,101770
bayesfl_observability_v1,ola_sparse_bayesian_keep010_seed42,20,ola,global,,,all,raw,36,0.02434515013601493,0.02502140411866603,0.024683277127340482,0,0.0,0.99962660902034,101770
bayesfl_observability_v1,ola_sparse_bayesian_keep010_seed42,20,ola,global,,,all,raw,37,0.02502140411866603,0.025697658101317127,0.025359531109991576,2,0.029060319537298273,0.9996462611771642,101770
bayesfl_observability_v1,ola_sparse_bayesian_keep010_seed42,20,ola,global,,,all,raw,38,0.025697658101317127,0.026373912083968224,0.026035785092642677,2,0.029060319537298273,0.9996659133339884,101770
bayesfl_observability_v1,ola_sparse_bayesian_keep010_seed42,20,ola,global,,,all,raw,39,0.026373912083968224,0.02705016606661932,0.02671203907529377,3,0.04359047930594741,0.9996953915692247,101770
bayesfl_observability_v1,ola_sparse_bayesian_keep010_seed42,20,ola,global,,,all,raw,40,0.02705016606661932,0.02772642004927042,0.027388293057944872,1,0.014530159768649136,0.9997052176476369,101770
bayesfl_observability_v1,ola_sparse_bayesian_keep010_seed42,20,ola,global,,,all,raw,41,0.02772642004927042,0.028402674031921517,0.028064547040595966,1,0.014530159768649136,0.9997150437260489,101770
bayesfl_observability_v1,ola_sparse_bayesian_keep010_seed42,20,ola,global,,,all,raw,42,0.028402674031921517,0.029078928014572614,0.028740801023247067,2,0.029060319537298273,0.9997346958828731,101770
bayesfl_observability_v1,ola_sparse_bayesian_keep010_seed42,20,ola,global,,,all,raw,43,0.029078928014572614,0.029755181997223712,0.02941705500589816,1,0.014530159768649136,0.9997445219612853,101770
bayesfl_observability_v1,ola_sparse_bayesian_keep010_seed42,20,ola,global,,,all,raw,44,0.029755181997223712,0.03043143597987481,0.030093308988549262,1,0.014530159768649136,0.9997543480396973,101770
bayesfl_observability_v1,ola_sparse_bayesian_keep010_seed42,20,ola,global,,,all,raw,45,0.03043143597987481,0.031107689962525907,0.030769562971200357,2,0.029060319537298273,0.9997740001965215,101770
bayesfl_observability_v1,ola_sparse_bayesian_keep010_seed42,20,ola,global,,,all,raw,46,0.031107689962525907,0.03178394394517701,0.03144581695385146,2,0.029060319537298124,0.9997936523533458,101770
bayesfl_observability_v1,ola_sparse_bayesian_keep010_seed42,20,ola,global,,,all,raw,47,0.03178394394517701,0.0324601979278281,0.03212207093650256,0,0.0,0.9997936523533458,101770
bayesfl_observability_v1,ola_sparse_bayesian_keep010_seed42,20,ola,global,,,all,raw,48,0.0324601979278281,0.0331364519104792,0.03279832491915365,0,0.0,0.9997936523533458,101770
bayesfl_observability_v1,ola_sparse_bayesian_keep010_seed42,20,ola,global,,,all,raw,49,0.0331364519104792,0.0338127058931303,0.03347457890180475,1,0.014530159768649211,0.9998034784317579,101770
bayesfl_observability_v1,ola_sparse_bayesian_keep010_seed42,20,ola,global,,,all,raw,50,0.0338127058931303,0.0344889598757814,0.03415083288445585,2,0.029060319537298124,0.9998231305885821,101770
bayesfl_observability_v1,ola_sparse_bayesian_keep010_seed42,20,ola,global,,,all,raw,51,0.0344889598757814,0.03516521385843249,0.03482708686710695,1,0.014530159768649211,0.9998329566669942,101770
bayesfl_observability_v1,ola_sparse_bayesian_keep010_seed42,20,ola,global,,,all,raw,52,0.03516521385843249,0.035841467841083594,0.03550334084975804,1,0.014530159768649062,0.9998427827454063,101770
bayesfl_observability_v1,ola_sparse_bayesian_keep010_seed42,20,ola,global,,,all,raw,53,0.035841467841083594,0.03651772182373469,0.03617959483240914,0,0.0,0.9998427827454063,101770
bayesfl_observability_v1,ola_sparse_bayesian_keep010_seed42,20,ola,global,,,all,raw,54,0.03651772182373469,0.03719397580638579,0.03685584881506024,0,0.0,0.9998427827454063,101770
bayesfl_observability_v1,ola_sparse_bayesian_keep010_seed42,20,ola,global,,,all,raw,55,0.03719397580638579,0.03787022978903688,0.03753210279771134,0,0.0,0.9998427827454063,101770
bayesfl_observability_v1,ola_sparse_bayesian_keep010_seed42,20,ola,global,,,all,raw,56,0.03787022978903688,0.038546483771687984,0.03820835678036243,1,0.014530159768649062,0.9998526088238184,101770
bayesfl_observability_v1,ola_sparse_bayesian_keep010_seed42,20,ola,global,,,all,raw,57,0.038546483771687984,0.03922273775433908,0.03888461076301353,0,0.0,0.9998526088238184,101770
bayesfl_observability_v1,ola_sparse_bayesian_keep010_seed42,20,ola,global,,,all,raw,58,0.03922273775433908,0.03989899173699018,0.03956086474566463,2,0.029060319537298124,0.9998722609806426,101770
bayesfl_observability_v1,ola_sparse_bayesian_keep010_seed42,20,ola,global,,,all,raw,59,0.03989899173699018,0.04057524571964127,0.04023711872831573,0,0.0,0.9998722609806426,101770
bayesfl_observability_v1,ola_sparse_bayesian_keep010_seed42,20,ola,global,,,all,raw,60,0.04057524571964127,0.041251499702292374,0.040913372710966824,0,0.0,0.9998722609806426,101770
bayesfl_observability_v1,ola_sparse_bayesian_keep010_seed42,20,ola,global,,,all,raw,61,0.041251499702292374,0.04192775368494347,0.04158962669361792,1,0.014530159768649211,0.9998820870590547,101770
bayesfl_observability_v1,ola_sparse_bayesian_keep010_seed42,20,ola,global,,,all,raw,62,0.04192775368494347,0.04260400766759457,0.04226588067626902,0,0.0,0.9998820870590547,101770
bayesfl_observability_v1,ola_sparse_bayesian_keep010_seed42,20,ola,global,,,all,raw,63,0.04260400766759457,0.04328026165024566,0.04294213465892012,1,0.014530159768649211,0.9998919131374668,101770
bayesfl_observability_v1,ola_sparse_bayesian_keep010_seed42,20,ola,global,,,all,raw,64,0.04328026165024566,0.04395651563289676,0.04361838864157121,0,0.0,0.9998919131374668,101770
bayesfl_observability_v1,ola_sparse_bayesian_keep010_seed42,20,ola,global,,,all,raw,65,0.04395651563289676,0.04463276961554786,0.04429464262422231,3,0.043590479305947186,0.9999213913727032,101770
bayesfl_observability_v1,ola_sparse_bayesian_keep010_seed42,20,ola,global,,,all,raw,66,0.04463276961554786,0.04530902359819895,0.04497089660687341,1,0.014530159768649211,0.9999312174511152,101770
bayesfl_observability_v1,ola_sparse_bayesian_keep010_seed42,20,ola,global,,,all,raw,67,0.04530902359819895,0.045985277580850054,0.0456471505895245,0,0.0,0.9999312174511152,101770
bayesfl_observability_v1,ola_sparse_bayesian_keep010_seed42,20,ola,global,,,all,raw,68,0.045985277580850054,0.04666153156350115,0.0463234045721756,0,0.0,0.9999312174511152,101770
bayesfl_observability_v1,ola_sparse_bayesian_keep010_seed42,20,ola,global,,,all,raw,69,0.04666153156350115,0.04733778554615225,0.0469996585548267,1,0.014530159768649062,0.9999410435295274,101770
bayesfl_observability_v1,ola_sparse_bayesian_keep010_seed42,20,ola,global,,,all,raw,70,0.04733778554615225,0.04801403952880334,0.0476759125374778,2,0.029060319537298422,0.9999606956863516,101770
bayesfl_observability_v1,ola_sparse_bayesian_keep010_seed42,20,ola,global,,,all,raw,71,0.04801403952880334,0.048690293511454444,0.04835216652012889,1,0.014530159768649062,0.9999705217647636,101770
bayesfl_observability_v1,ola_sparse_bayesian_keep010_seed42,20,ola,global,,,all,raw,72,0.048690293511454444,0.04936654749410554,0.04902842050277999,0,0.0,0.9999705217647636,101770
bayesfl_observability_v1,ola_sparse_bayesian_keep010_seed42,20,ola,global,,,all,raw,73,0.04936654749410554,0.05004280147675664,0.04970467448543109,1,0.014530159768649062,0.9999803478431758,101770
bayesfl_observability_v1,ola_sparse_bayesian_keep010_seed42,20,ola,global,,,all,raw,74,0.05004280147675664,0.05071905545940773,0.05038092846808219,0,0.0,0.9999803478431758,101770
bayesfl_observability_v1,ola_sparse_bayesian_keep010_seed42,20,ola,global,,,all,raw,75,0.05071905545940773,0.051395309442058834,0.051057182450733284,0,0.0,0.9999803478431758,101770
bayesfl_observability_v1,ola_sparse_bayesian_keep010_seed42,20,ola,global,,,all,raw,76,0.051395309442058834,0.05207156342470993,0.05173343643338438,0,0.0,0.9999803478431758,101770
bayesfl_observability_v1,ola_sparse_bayesian_keep010_seed42,20,ola,global,,,all,raw,77,0.05207156342470993,0.05274781740736103,0.05240969041603548,0,0.0,0.9999803478431758,101770
bayesfl_observability_v1,ola_sparse_bayesian_keep010_seed42,20,ola,global,,,all,raw,78,0.05274781740736103,0.05342407139001212,0.05308594439868658,1,0.014530159768649211,0.9999901739215878,101770
bayesfl_observability_v1,ola_sparse_bayesian_keep010_seed42,20,ola,global,,,all,raw,79,0.05342407139001212,0.054100325372663224,0.053762198381337674,1,0.014530159768649062,1.0,101770
bayesfl_observability_v1,ola_sparse_bayesian_keep010_seed42,20,ola,global,,,all,db,0,-163.39904206335845,-161.6732540682974,-162.53614806582794,1,5.6936764192511295e-06,9.826078412105729e-06,101770
bayesfl_observability_v1,ola_sparse_bayesian_keep010_seed42,20,ola,global,,,all,db,1,-161.6732540682974,-159.94746607323634,-160.81036007076688,0,0.0,9.826078412105729e-06,101770
bayesfl_observability_v1,ola_sparse_bayesian_keep010_seed42,20,ola,global,,,all,db,2,-159.94746607323634,-158.2216780781753,-159.0845720757058,0,0.0,9.826078412105729e-06,101770
bayesfl_observability_v1,ola_sparse_bayesian_keep010_seed42,20,ola,global,,,all,db,3,-158.2216780781753,-156.49589008311423,-157.35878408064477,0,0.0,9.826078412105729e-06,101770
bayesfl_observability_v1,ola_sparse_bayesian_keep010_seed42,20,ola,global,,,all,db,4,-156.49589008311423,-154.7701020880532,-155.63299608558373,0,0.0,9.826078412105729e-06,101770
bayesfl_observability_v1,ola_sparse_bayesian_keep010_seed42,20,ola,global,,,all,db,5,-154.7701020880532,-153.04431409299215,-153.90720809052266,1,5.6936764192511295e-06,1.9652156824211458e-05,101770
bayesfl_observability_v1,ola_sparse_bayesian_keep010_seed42,20,ola,global,,,all,db,6,-153.04431409299215,-151.31852609793108,-152.18142009546162,0,0.0,1.9652156824211458e-05,101770
bayesfl_observability_v1,ola_sparse_bayesian_keep010_seed42,20,ola,global,,,all,db,7,-151.31852609793108,-149.59273810287004,-150.45563210040058,1,5.6936764192511295e-06,2.9478235236317185e-05,101770
bayesfl_observability_v1,ola_sparse_bayesian_keep010_seed42,20,ola,global,,,all,db,8,-149.59273810287004,-147.86695010780898,-148.7298441053395,1,5.6936764192510355e-06,3.9304313648422916e-05,101770
bayesfl_observability_v1,ola_sparse_bayesian_keep010_seed42,20,ola,global,,,all,db,9,-147.86695010780898,-146.14116211274793,-147.00405611027844,0,0.0,3.9304313648422916e-05,101770
bayesfl_observability_v1,ola_sparse_bayesian_keep010_seed42,20,ola,global,,,all,db,10,-146.14116211274793,-144.4153741176869,-145.27826811521743,0,0.0,3.9304313648422916e-05,101770
bayesfl_observability_v1,ola_sparse_bayesian_keep010_seed42,20,ola,global,,,all,db,11,-144.4153741176869,-142.68958612262583,-143.55248012015636,0,0.0,3.9304313648422916e-05,101770
bayesfl_observability_v1,ola_sparse_bayesian_keep010_seed42,20,ola,global,,,all,db,12,-142.68958612262583,-140.9637981275648,-141.8266921250953,1,5.6936764192511295e-06,4.913039206052864e-05,101770
bayesfl_observability_v1,ola_sparse_bayesian_keep010_seed42,20,ola,global,,,all,db,13,-140.9637981275648,-139.23801013250372,-140.10090413003425,2,1.1387352838502071e-05,6.87825488847401e-05,101770
bayesfl_observability_v1,ola_sparse_bayesian_keep010_seed42,20,ola,global,,,all,db,14,-139.23801013250372,-137.51222213744268,-138.3751161349732,1,5.6936764192511295e-06,7.860862729684583e-05,101770
bayesfl_observability_v1,ola_sparse_bayesian_keep010_seed42,20,ola,global,,,all,db,15,-137.51222213744268,-135.78643414238164,-136.64932813991214,1,5.6936764192511295e-06,8.843470570895156e-05,101770
bayesfl_observability_v1,ola_sparse_bayesian_keep010_seed42,20,ola,global,,,all,db,16,-135.78643414238164,-134.06064614732057,-134.9235401448511,4,2.2774705677004142e-05,0.00012773901935737446,101770
bayesfl_observability_v1,ola_sparse_bayesian_keep010_seed42,20,ola,global,,,all,db,17,-134.06064614732057,-132.33485815225953,-133.19775214979006,1,5.6936764192511295e-06,0.0001375650977694802,101770
bayesfl_observability_v1,ola_sparse_bayesian_keep010_seed42,20,ola,global,,,all,db,18,-132.33485815225953,-130.60907015719846,-131.471964154729,9,5.1243087773259314e-05,0.00022599980347843177,101770
bayesfl_observability_v1,ola_sparse_bayesian_keep010_seed42,20,ola,global,,,all,db,19,-130.60907015719846,-128.88328216213742,-129.74617615966793,4,2.2774705677004518e-05,0.00026530411712685466,101770
bayesfl_observability_v1,ola_sparse_bayesian_keep010_seed42,20,ola,global,,,all,db,20,-128.88328216213742,-127.15749416707638,-128.0203881646069,5,2.846838209625565e-05,0.00031443450918738333,101770
bayesfl_observability_v1,ola_sparse_bayesian_keep010_seed42,20,ola,global,,,all,db,21,-127.15749416707638,-125.43170617201531,-126.29460016954584,9,5.1243087773259314e-05,0.00040286921489633487,101770
bayesfl_observability_v1,ola_sparse_bayesian_keep010_seed42,20,ola,global,,,all,db,22,-125.43170617201531,-123.70591817695427,-124.56881217448479,12,6.832411703101356e-05,0.0005207821558416036,101770
bayesfl_observability_v1,ola_sparse_bayesian_keep010_seed42,20,ola,global,,,all,db,23,-123.70591817695427,-121.98013018189322,-122.84302417942374,16,9.109882270801731e-05,0.0006779994104352953,101770
bayesfl_observability_v1,ola_sparse_bayesian_keep010_seed42,20,ola,global,,,all,db,24,-121.98013018189322,-120.25434218683216,-121.1172361843627,9,5.124308777325974e-05,0.0007664341161442469,101770
bayesfl_observability_v1,ola_sparse_bayesian_keep010_seed42,20,ola,global,,,all,db,25,-120.25434218683216,-118.52855419177112,-119.39144818930164,15,8.540514628876695e-05,0.0009138252923258328,101770
bayesfl_observability_v1,ola_sparse_bayesian_keep010_seed42,20,ola,global,,,all,db,26,-118.52855419177112,-116.80276619671005,-117.66566019424059,22,0.00012526088122352279,0.0011299990173921587,101770
bayesfl_observability_v1,ola_sparse_bayesian_keep010_seed42,20,ola,global,,,all,db,27,-116.80276619671005,-115.07697820164901,-115.93987219917953,29,0.00016511661615828274,0.001414955291343225,101770
bayesfl_observability_v1,ola_sparse_bayesian_keep010_seed42,20,ola,global,,,all,db,28,-115.07697820164901,-113.35119020658796,-114.21408420411848,43,0.00024482808602779653,0.0018374766630637712,101770
bayesfl_observability_v1,ola_sparse_bayesian_keep010_seed42,20,ola,global,,,all,db,29,-113.35119020658796,-111.6254022115269,-112.48829620905744,42,0.00023913440960854546,0.002250171956372212,101770
bayesfl_observability_v1,ola_sparse_bayesian_keep010_seed42,20,ola,global,,,all,db,30,-111.6254022115269,-109.89961421646586,-110.76250821399638,55,0.00031315220305881214,0.002790606269038027,101770
bayesfl_observability_v1,ola_sparse_bayesian_keep010_seed42,20,ola,global,,,all,db,31,-109.89961421646586,-108.1738262214048,-109.03672021893533,65,0.00037008896725131726,0.003429301365824899,101770
bayesfl_observability_v1,ola_sparse_bayesian_keep010_seed42,20,ola,global,,,all,db,32,-108.1738262214048,-106.44803822634375,-107.31093222387427,83,0.00047257514279784373,0.004244865874029675,101770
bayesfl_observability_v1,ola_sparse_bayesian_keep010_seed42,20,ola,global,,,all,db,33,-106.44803822634375,-104.7222502312827,-105.58514422881322,75,0.00042702573144383116,0.004981821754937605,101770
bayesfl_observability_v1,ola_sparse_bayesian_keep010_seed42,20,ola,global,,,all,db,34,-104.7222502312827,-102.99646223622165,-103.85935623375218,112,0.0006376917589561213,0.006082342537093446,101770
bayesfl_observability_v1,ola_sparse_bayesian_keep010_seed42,20,ola,global,,,all,db,35,-102.99646223622165,-101.2706742411606,-102.13356823869113,128,0.0007287905816641446,0.007340080573842979,101770
bayesfl_observability_v1,ola_sparse_bayesian_keep010_seed42,20,ola,global,,,all,db,36,-101.2706742411606,-99.54488624609954,-100.40778024363007,162,0.0009223755799186677,0.008931905276604108,101770
bayesfl_observability_v1,ola_sparse_bayesian_keep010_seed42,20,ola,global,,,all,db,37,-99.54488624609954,-97.8190982510385,-98.68199224856902,198,0.0011273479310117236,0.010877468802201041,101770
bayesfl_observability_v1,ola_sparse_bayesian_keep010_seed42,20,ola,global,,,all,db,38,-97.8190982510385,-96.09331025597744,-96.95620425350796,255,0.001451887486909026,0.013383118797288002,101770
bayesfl_observability_v1,ola_sparse_bayesian_keep010_seed42,20,ola,global,,,all,db,39,-96.09331025597744,-94.36752226091639,-95.23041625844692,303,0.001725183955033078,0.01636042055615604,101770
bayesfl_observability_v1,ola_sparse_bayesian_keep010_seed42,20,ola,global,,,all,db,40,-94.36752226091639,-92.64173426585533,-93.50462826338585,324,0.0018447511598373508,0.019544069961678293,101770
bayesfl_observability_v1,ola_sparse_bayesian_keep010_seed42,20,ola,global,,,all,db,41,-92.64173426585533,-90.9159462707943,-91.77884026832481,437,0.0024881365952127434,0.023838066227768497,101770
bayesfl_observability_v1,ola_sparse_bayesian_keep010_seed42,20,ola,global,,,all,db,42,-90.9159462707943,-89.19015827573324,-90.05305227326377,548,0.003120134677749593,0.029222757197602436,101770
bayesfl_observability_v1,ola_sparse_bayesian_keep010_seed42,20,ola,global,,,all,db,43,-89.19015827573324,-87.46437028067218,-88.3272642782027,610,0.0034731426157431603,0.03521666502898693,101770
bayesfl_observability_v1,ola_sparse_bayesian_keep010_seed42,20,ola,global,,,all,db,44,-87.46437028067218,-85.73858228561113,-86.60147628314166,804,0.00457771584107787,0.043116832072319936,101770
bayesfl_observability_v1,ola_sparse_bayesian_keep010_seed42,20,ola,global,,,all,db,45,-85.73858228561113,-84.01279429055008,-84.8756882880806,941,0.005357749510515268,0.05236317185811143,101770
bayesfl_observability_v1,ola_sparse_bayesian_keep010_seed42,20,ola,global,,,all,db,46,-84.01279429055008,-82.28700629548904,-83.14990029301956,1158,0.006593277293492808,0.06374177065932986,101770
bayesfl_observability_v1,ola_sparse_bayesian_keep010_seed42,20,ola,global,,,all,db,47,-82.28700629548904,-80.56121830042798,-81.42411229795852,1442,0.00821028139656006,0.07791097572958632,101770
bayesfl_observability_v1,ola_sparse_bayesian_keep010_seed42,20,ola,global,,,all,db,48,-80.56121830042798,-78.83543030536693,-79.69832430289745,1693,0.009639394177792082,0.09454652648128133,101770
bayesfl_observability_v1,ola_sparse_bayesian_keep010_seed42,20,ola,global,,,all,db,49,-78.83543030536693,-77.10964231030587,-77.9725363078364,2105,0.011985188862523529,0.11523042153876388,101770
bayesfl_observability_v1,ola_sparse_bayesian_keep010_seed42,20,ola,global,,,all,db,50,-77.10964231030587,-75.38385431524482,-76.24674831277534,2600,0.014803558690052815,0.14077822541023877,101770
bayesfl_observability_v1,ola_sparse_bayesian_keep010_seed42,20,ola,global,,,all,db,51,-75.38385431524482,-73.65806632018378,-74.5209603177143,3091,0.01759915381190524,0.17115063378205758,101770
bayesfl_observability_v1,ola_sparse_bayesian_keep010_seed42,20,ola,global,,,all,db,52,-73.65806632018378,-71.93227832512272,-72.79517232265326,3909,0.022256581122852483,0.20956077429497888,101770
bayesfl_observability_v1,ola_sparse_bayesian_keep010_seed42,20,ola,global,,,all,db,53,-71.93227832512272,-70.20649033006167,-71.06938432759219,4860,0.027671267397560262,0.2573155153778127,101770
bayesfl_observability_v1,ola_sparse_bayesian_keep010_seed42,20,ola,global,,,all,db,54,-70.20649033006167,-68.48070233500061,-69.34359633253115,5692,0.03240840617837716,0.3132455536995185,101770
bayesfl_observability_v1,ola_sparse_bayesian_keep010_seed42,20,ola,global,,,all,db,55,-68.48070233500061,-66.75491433993956,-67.61780833747008,7085,0.040339697430393916,0.3828633192492876,101770
bayesfl_observability_v1,ola_sparse_bayesian_keep010_seed42,20,ola,global,,,all,db,56,-66.75491433993956,-65.02912634487852,-65.89202034240904,8681,0.049426804995519054,0.46816350594477746,101770
bayesfl_observability_v1,ola_sparse_bayesian_keep010_seed42,20,ola,global,,,all,db,57,-65.02912634487852,-63.303338349817466,-64.166232347348,10517,0.05988039490126364,0.5715043726048934,101770
bayesfl_observability_v1,ola_sparse_bayesian_keep010_seed42,20,ola,global,,,all,db,58,-63.303338349817466,-61.57755035475641,-62.44044435228694,12565,0.07154104420788986,0.6949690478530018,101770
bayesfl_observability_v1,ola_sparse_bayesian_keep010_seed42,20,ola,global,,,all,db,59,-61.57755035475641,-59.85176235969536,-60.714656357225884,15364,0.08747764450537363,0.8459369165765943,101770
bayesfl_observability_v1,ola_sparse_bayesian_keep010_seed42,20,ola,global,,,all,db,60,-59.85176235969536,-58.1259743646343,-58.98886836216483,11429,0.06507302779562062,0.9582391667485507,101770
bayesfl_observability_v1,ola_sparse_bayesian_keep010_seed42,20,ola,global,,,all,db,61,-58.1259743646343,-56.40018636957326,-57.26308036710378,2317,0.013192248263404868,0.9810061904293996,101770
bayesfl_observability_v1,ola_sparse_bayesian_keep010_seed42,20,ola,global,,,all,db,62,-56.40018636957326,-54.67439837451221,-55.537292372042735,783,0.0044581486362735975,0.9887000098260784,101770
bayesfl_observability_v1,ola_sparse_bayesian_keep010_seed42,20,ola,global,,,all,db,63,-54.67439837451221,-52.948610379451154,-53.81150437698168,291,0.001656859838002065,0.9915593986440012,101770
bayesfl_observability_v1,ola_sparse_bayesian_keep010_seed42,20,ola,global,,,all,db,64,-52.948610379451154,-51.2228223843901,-52.085716381920626,167,0.0009508439620149308,0.9932003537388229,101770
bayesfl_observability_v1,ola_sparse_bayesian_keep010_seed42,20,ola,global,,,all,db,65,-51.2228223843901,-49.497034389329045,-50.35992838685957,98,0.000557980289086606,0.9941633094232092,101770
bayesfl_observability_v1,ola_sparse_bayesian_keep010_seed42,20,ola,global,,,all,db,66,-49.497034389329045,-47.771246394268005,-48.634140391798525,92,0.0005238182305711039,0.9950673086371229,101770
bayesfl_observability_v1,ola_sparse_bayesian_keep010_seed42,20,ola,global,,,all,db,67,-47.771246394268005,-46.04545839920695,-46.90835239673748,85,0.000483962495636342,0.995902525302152,101770
bayesfl_observability_v1,ola_sparse_bayesian_keep010_seed42,20,ola,global,,,all,db,68,-46.04545839920695,-44.319670404145896,-45.18256440167642,72,0.0004099447021860779,0.9966100029478235,101770
bayesfl_observability_v1,ola_sparse_bayesian_keep010_seed42,20,ola,global,,,all,db,69,-44.319670404145896,-42.59388240908484,-43.45677640661537,64,0.00036439529083206925,0.9972388719661983,101770
bayesfl_observability_v1,ola_sparse_bayesian_keep010_seed42,20,ola,global,,,all,db,70,-42.59388240908484,-40.86809441402379,-41.730988411554314,62,0.0003530079379935671,0.9978480888277489,101770
bayesfl_observability_v1,ola_sparse_bayesian_keep010_seed42,20,ola,global,,,all,db,71,-40.86809441402379,-39.14230641896275,-40.00520041649327,65,0.00037008896725132344,0.9984867839245357,101770
bayesfl_observability_v1,ola_sparse_bayesian_keep010_seed42,20,ola,global,,,all,db,72,-39.14230641896275,-37.41651842390169,-38.27941242143222,35,0.0001992786746737879,0.9988306966689594,101770
bayesfl_observability_v1,ola_sparse_bayesian_keep010_seed42,20,ola,global,,,all,db,73,-37.41651842390169,-35.69073042884064,-36.553624426371165,27,0.00015372926331977922,0.9990960007860863,101770
bayesfl_observability_v1,ola_sparse_bayesian_keep010_seed42,20,ola,global,,,all,db,74,-35.69073042884064,-33.96494243377958,-34.82783643131011,27,0.00015372926331977922,0.9993613049032132,101770
bayesfl_observability_v1,ola_sparse_bayesian_keep010_seed42,20,ola,global,,,all,db,75,-33.96494243377958,-32.23915443871854,-33.10204843624906,27,0.0001537292633197805,0.99962660902034,101770
bayesfl_observability_v1,ola_sparse_bayesian_keep010_seed42,20,ola,global,,,all,db,76,-32.23915443871854,-30.513366443657475,-31.37626044118801,12,6.832411703101242e-05,0.9997445219612853,101770
bayesfl_observability_v1,ola_sparse_bayesian_keep010_seed42,20,ola,global,,,all,db,77,-30.513366443657475,-28.787578448596435,-29.650472446126955,10,5.69367641925113e-05,0.9998427827454063,101770
bayesfl_observability_v1,ola_sparse_bayesian_keep010_seed42,20,ola,global,,,all,db,78,-28.787578448596435,-27.061790453535394,-27.924684451065914,6,3.416205851550678e-05,0.999901739215879,101770
bayesfl_observability_v1,ola_sparse_bayesian_keep010_seed42,20,ola,global,,,all,db,79,-27.061790453535394,-25.33600245847432,-26.198896456004857,10,5.693676419251011e-05,1.0,101770
bayesfl_observability_v1,ola_sparse_bayesian_keep010_seed42,20,ola,global,,,layers.0.weight,raw,0,6.760575423501642e-09,4.7741224745037734e-05,2.387399266023062e-05,4036,842.5449373337756,0.04021843112244898,100352
bayesfl_observability_v1,ola_sparse_bayesian_keep010_seed42,20,ola,global,,,layers.0.weight,raw,1,4.7741224745037734e-05,9.547568891465196e-05,7.160845682984485e-05,4008,836.6997296416683,0.0801578443877551,100352
bayesfl_observability_v1,ola_sparse_bayesian_keep010_seed42,20,ola,global,,,layers.0.weight,raw,2,9.547568891465196e-05,0.00014321015308426622,0.00011934292099945908,3955,825.6355865101785,0.11956911670918367,100352
bayesfl_observability_v1,ola_sparse_bayesian_keep010_seed42,20,ola,global,,,layers.0.weight,raw,3,0.00014321015308426622,0.00019094461725388043,0.00016707738516907333,4004,835.8646999713674,0.15946867028061223,100352
bayesfl_observability_v1,ola_sparse_bayesian_keep010_seed42,20,ola,global,,,layers.0.weight,raw,4,0.00019094461725388043,0.00023867908142349465,0.00021481184933868754,4018,838.7873038174212,0.19950773278061223,100352
bayesfl_observability_v1,ola_sparse_bayesian_keep010_seed42,20,ola,global,,,layers.0.weight,raw,5,0.00023867908142349465,0.0002864135455931089,0.0002625463135083018,4154,867.1783126076567,0.24090202487244897,100352
bayesfl_observability_v1,ola_sparse_bayesian_keep010_seed42,20,ola,global,,,layers.0.weight,raw,6,0.0002864135455931089,0.0003341480097627231,0.000310280777677916,4032,841.7099076634748,0.2810805963010204,100352
bayesfl_observability_v1,ola_sparse_bayesian_keep010_seed42,20,ola,global,,,layers.0.weight,raw,7,0.0003341480097627231,0.00038188247393233733,0.0003580152418475302,4016,838.3697889822706,0.3210997289540816,100352
bayesfl_observability_v1,ola_sparse_bayesian_keep010_seed42,20,ola,global,,,layers.0.weight,raw,8,0.00038188247393233733,0.00042961693810195155,0.00040574970601714444,4063,848.1813876083081,0.3615872130102041,100352
bayesfl_observability_v1,ola_sparse_bayesian_keep010_seed42,20,ola,global,,,layers.0.weight,raw,9,0.00042961693810195155,0.00047735140227156577,0.00045348417018675866,4053,846.0938134325554,0.4019750478316326,100352
bayesfl_observability_v1,ola_sparse_bayesian_keep010_seed42,20,ola,global,,,layers.0.weight,raw,10,0.00047735140227156577,0.00052508586644118,0.0005012186343563729,4124,860.9155900803994,0.44307039221938777,100352
bayesfl_observability_v1,ola_sparse_bayesian_keep010_seed42,20,ola,global,,,layers.0.weight,raw,11,0.00052508586644118,0.0005728203306107943,0.0005489530985259871,4014,837.952274147118,0.4830695950255102,100352
bayesfl_observability_v1,ola_sparse_bayesian_keep010_seed42,20,ola,global,,,layers.0.weight,raw,12,0.0005728203306107943,0.0006205547947804085,0.0005966875626956014,4097,855.2791398058672,0.5238958864795918,100352
bayesfl_observability_v1,ola_sparse_bayesian_keep010_seed42,20,ola,global,,,layers.0.weight,raw,13,0.0006205547947804085,0.0006682892589500227,0.0006444220268652156,4127,861.5418623331252,0.5650211256377551,100352
bayesfl_observability_v1,ola_sparse_bayesian_keep010_seed42,20,ola,global,,,layers.0.weight,raw,14,0.0006682892589500227,0.000716023723119637,0.0006921564910348299,3862,806.2211466756795,0.6035056600765306,100352
bayesfl_observability_v1,ola_sparse_bayesian_keep010_seed42,20,ola,global,,,layers.0.weight,raw,15,0.000716023723119637,0.0007637581872892512,0.0007398909552044441,4006,836.2822148065179,0.643425143494898,100352
bayesfl_observability_v1,ola_sparse_bayesian_keep010_seed42,20,ola,global,,,layers.0.weight,raw,16,0.0007637581872892512,0.0008114926514588654,0.0007876254193740583,4030,841.2923928283243,0.6835837850765306,100352
bayesfl_observability_v1,ola_sparse_bayesian_keep010_seed42,20,ola,global,,,layers.0.weight,raw,17,0.0008114926514588654,0.0008592271156284796,0.0008353598835436725,3950,824.591799422303,0.7229452327806123,100352
bayesfl_observability_v1,ola_sparse_bayesian_keep010_seed42,20,ola,global,,,layers.0.weight,raw,18,0.0008592271156284796,0.0009069615797980938,0.0008830943477132867,4066,848.8076598610339,0.7634626116071429,100352
bayesfl_observability_v1,ola_sparse_bayesian_keep010_seed42,20,ola,global,,,layers.0.weight,raw,19,0.0009069615797980938,0.000954696043967708,0.0009308288118829009,4013,837.7435167295448,0.8034518494897959,100352
bayesfl_observability_v1,ola_sparse_bayesian_keep010_seed42,20,ola,global,,,layers.0.weight,raw,20,0.000954696043967708,0.0010024305081373223,0.000978563276052515,3850,803.7160576647764,0.8418168048469388,100352
bayesfl_observability_v1,ola_sparse_bayesian_keep010_seed42,20,ola,global,,,layers.0.weight,raw,21,0.0010024305081373223,0.0010501649723069365,0.0010262977402221295,3863,806.4299040932548,0.8803113042091837,100352
bayesfl_observability_v1,ola_sparse_bayesian_keep010_seed42,20,ola,global,,,layers.0.weight,raw,22,0.0010501649723069365,0.0010978994364765507,0.0010740322043917435,3244,677.2090626141648,0.9126375159438775,100352
bayesfl_observability_v1,ola_sparse_bayesian_keep010_seed42,20,ola,global,,,layers.0.weight,raw,23,0.0010978994364765507,0.0011456339006461651,0.001121766668561358,2461,513.7520046527287,0.9371611926020408,100352
bayesfl_observability_v1,ola_sparse_bayesian_keep010_seed42,20,ola,global,,,layers.0.weight,raw,24,0.0011456339006461651,0.0011933683648157794,0.0011695011327309724,1891,394.7602766348291,0.9560048628826531,100352
bayesfl_observability_v1,ola_sparse_bayesian_keep010_seed42,20,ola,global,,,layers.0.weight,raw,25,0.0011933683648157794,0.0012411028289853936,0.0012172355969005864,1222,255.10156427697575,0.9681819993622449,100352
bayesfl_observability_v1,ola_sparse_bayesian_keep010_seed42,20,ola,global,,,layers.0.weight,raw,26,0.0012411028289853936,0.0012888372931550078,0.0012649700610702008,779,162.62202829113266,0.975944674744898,100352
bayesfl_observability_v1,ola_sparse_bayesian_keep010_seed42,20,ola,global,,,layers.0.weight,raw,27,0.0012888372931550078,0.001336571757324622,0.0013127045252398148,495,103.33492169975696,0.9808773118622449,100352
bayesfl_observability_v1,ola_sparse_bayesian_keep010_seed42,20,ola,global,,,layers.0.weight,raw,28,0.001336571757324622,0.0013843062214942362,0.0013604389894094292,351,73.27385356891857,0.984375,100352
bayesfl_observability_v1,ola_sparse_bayesian_keep010_seed42,20,ola,global,,,layers.0.weight,raw,29,0.0013843062214942362,0.0014320406856638504,0.0014081734535790432,259,54.068171151994044,0.9869559151785714,100352
bayesfl_observability_v1,ola_sparse_bayesian_keep010_seed42,20,ola,global,,,layers.0.weight,raw,30,0.0014320406856638504,0.0014797751498334647,0.0014559079177486577,219,45.71787444898338,0.9891382334183674,100352
bayesfl_observability_v1,ola_sparse_bayesian_keep010_seed42,20,ola,global,,,layers.0.weight,raw,31,0.0014797751498334647,0.0015275096140030789,0.0015036423819182717,182,37.993849998698515,0.9909518494897959,100352
bayesfl_observability_v1,ola_sparse_bayesian_keep010_seed42,20,ola,global,,,layers.0.weight,raw,32,0.0015275096140030789,0.001575244078172693,0.001551376846087886,145,30.269825548413653,0.9923967633928571,100352
bayesfl_observability_v1,ola_sparse_bayesian_keep010_seed42,20,ola,global,,,layers.0.weight,raw,33,0.001575244078172693,0.0016229785423423073,0.0015991113102575,129,26.92970686720939,0.9936822385204082,100352
bayesfl_observability_v1,ola_sparse_bayesian_keep010_seed42,20,ola,global,,,layers.0.weight,raw,34,0.0016229785423423073,0.0016707130065119215,0.0016468457744271145,102,21.293256592677192,0.9946986607142857,100352
bayesfl_observability_v1,ola_sparse_bayesian_keep010_seed42,20,ola,global,,,layers.0.weight,raw,35,0.0016707130065119215,0.0017184474706815357,0.0016945802385967285,91,18.996924999349257,0.99560546875,100352
bayesfl_observability_v1,ola_sparse_bayesian_keep010_seed42,20,ola,global,,,layers.0.weight,raw,36,0.0017184474706815357,0.00176618193485115,0.001742314702766343,72,15.030534065419195,0.9963229432397959,100352
bayesfl_observability_v1,ola_sparse_bayesian_keep010_seed42,20,ola,global,,,layers.0.weight,raw,37,0.00176618193485115,0.0018139163990207642,0.001790049166935957,70,14.61301923026866,0.9970204878826531,100352
bayesfl_observability_v1,ola_sparse_bayesian_keep010_seed42,20,ola,global,,,layers.0.weight,raw,38,0.0018139163990207642,0.0018616508631903784,0.0018377836311055714,46,9.602841208462262,0.9974788743622449,100352
bayesfl_observability_v1,ola_sparse_bayesian_keep010_seed42,20,ola,global,,,layers.0.weight,raw,39,0.0018616508631903784,0.0019093853273599926,0.0018855180952751854,26,5.427692856956931,0.9977379623724489,100352
bayesfl_observability_v1,ola_sparse_bayesian_keep010_seed42,20,ola,global,,,layers.0.weight,raw,40,0.0019093853273599926,0.0019571197915296073,0.0019332525594447998,42,8.767811538161116,0.9981564891581632,100352
bayesfl_observability_v1,ola_sparse_bayesian_keep010_seed42,20,ola,global,,,layers.0.weight,raw,41,0.0019571197915296073,0.0020048542556992213,0.0019809870236144143,17,3.5488760987795476,0.9983258928571429,100352
bayesfl_observability_v1,ola_sparse_bayesian_keep010_seed42,20,ola,global,,,layers.0.weight,raw,42,0.0020048542556992213,0.0020525887198688357,0.0020287214877840283,20,4.175148351505312,0.9985251913265306,100352
bayesfl_observability_v1,ola_sparse_bayesian_keep010_seed42,20,ola,global,,,layers.0.weight,raw,43,0.0020525887198688357,0.0021003231840384497,0.0020764559519536427,27,5.636450274532223,0.9987942442602041,100352
bayesfl_observability_v1,ola_sparse_bayesian_keep010_seed42,20,ola,global,,,layers.0.weight,raw,44,0.0021003231840384497,0.002148057648208064,0.002124190416123257,21,4.383905769080578,0.9990035076530612,100352
bayesfl_observability_v1,ola_sparse_bayesian_keep010_seed42,20,ola,global,,,layers.0.weight,raw,45,0.002148057648208064,0.002195792112377678,0.002171924880292871,17,3.5488760987795476,0.9991729113520408,100352
bayesfl_observability_v1,ola_sparse_bayesian_keep010_seed42,20,ola,global,,,layers.0.weight,raw,46,0.002195792112377678,0.0022435265765472926,0.002219659344462485,13,2.713846428478453,0.9993024553571429,100352
bayesfl_observability_v1,ola_sparse_bayesian_keep010_seed42,20,ola,global,,,layers.0.weight,raw,47,0.0022435265765472926,0.002291261040716907,0.0022673938086321,10,2.087574175752656,0.9994021045918368,100352
bayesfl_observability_v1,ola_sparse_bayesian_keep010_seed42,20,ola,global,,,layers.0.weight,raw,48,0.002291261040716907,0.002338995504886521,0.002315128272801714,10,2.087574175752675,0.9995017538265306,100352
bayesfl_observability_v1,ola_sparse_bayesian_keep010_seed42,20,ola,global,,,layers.0.weight,raw,49,0.002338995504886521,0.0023867299690561354,0.002362862736971328,10,2.087574175752656,0.9996014030612245,100352
bayesfl_observability_v1,ola_sparse_bayesian_keep010_seed42,20,ola,global,,,layers.0.weight,raw,50,0.0023867299690561354,0.0024344644332257494,0.0024105972011409424,8,1.67005934060214,0.9996811224489796,100352
bayesfl_observability_v1,ola_sparse_bayesian_keep010_seed42,20,ola,global,,,layers.0.weight,raw,51,0.0024344644332257494,0.002482198897395364,0.002458331665310557,7,1.4613019230268594,0.9997508769132653,100352
bayesfl_observability_v1,ola_sparse_bayesian_keep010_seed42,20,ola,global,,,layers.0.weight,raw,52,0.002482198897395364,0.002529933361564978,0.002506066129480171,2,0.417514835150535,0.9997708067602041,100352
bayesfl_observability_v1,ola_sparse_bayesian_keep010_seed42,20,ola,global,,,layers.0.weight,raw,53,0.002529933361564978,0.0025776678257345923,0.002553800593649785,2,0.4175148351505312,0.9997907366071429,100352
bayesfl_observability_v1,ola_sparse_bayesian_keep010_seed42,20,ola,global,,,layers.0.weight,raw,54,0.0025776678257345923,0.0026254022899042063,0.0026015350578193993,6,1.2525445054516051,0.9998505261479592,100352
bayesfl_observability_v1,ola_sparse_bayesian_keep010_seed42,20,ola,global,,,layers.0.weight,raw,55,0.0026254022899042063,0.0026731367540738207,0.0026492695219890137,2,0.4175148351505312,0.999870455994898,100352
bayesfl_observability_v1,ola_sparse_bayesian_keep010_seed42,20,ola,global,,,layers.0.weight,raw,56,0.0026731367540738207,0.0027208712182434347,0.0026970039861586277,2,0.417514835150535,0.9998903858418368,100352
bayesfl_observability_v1,ola_sparse_bayesian_keep010_seed42,20,ola,global,,,layers.0.weight,raw,57,0.0027208712182434347,0.002768605682413049,0.0027447384503282417,0,0.0,0.9998903858418368,100352
bayesfl_observability_v1,ola_sparse_bayesian_keep010_seed42,20,ola,global,,,layers.0.weight,raw,58,0.002768605682413049,0.002816340146582663,0.002792472914497856,1,0.2087574175752675,0.9999003507653061,100352
bayesfl_observability_v1,ola_sparse_bayesian_keep010_seed42,20,ola,global,,,layers.0.weight,raw,59,0.002816340146582663,0.0028640746107522776,0.0028402073786674706,1,0.2087574175752656,0.9999103156887755,100352
bayesfl_observability_v1,ola_sparse_bayesian_keep010_seed42,20,ola,global,,,layers.0.weight,raw,60,0.0028640746107522776,0.0029118090749218916,0.0028879418428370846,1,0.2087574175752675,0.9999202806122449,100352
bayesfl_observability_v1,ola_sparse_bayesian_keep010_seed42,20,ola,global,,,layers.0.weight,raw,61,0.0029118090749218916,0.002959543539091506,0.0029356763070066986,0,0.0,0.9999202806122449,100352
bayesfl_observability_v1,ola_sparse_bayesian_keep010_seed42,20,ola,global,,,layers.0.weight,raw,62,0.002959543539091506,0.00300727800326112,0.002983410771176313,0,0.0,0.9999202806122449,100352
bayesfl_observability_v1,ola_sparse_bayesian_keep010_seed42,20,ola,global,,,layers.0.weight,raw,63,0.00300727800326112,0.0030550124674307345,0.0030311452353459275,1,0.2087574175752656,0.9999302455357143,100352
bayesfl_observability_v1,ola_sparse_bayesian_keep010_seed42,20,ola,global,,,layers.0.weight,raw,64,0.0030550124674307345,0.003102746931600349,0.0030788796995155415,0,0.0,0.9999302455357143,100352
bayesfl_observability_v1,ola_sparse_bayesian_keep010_seed42,20,ola,global,,,layers.0.weight,raw,65,0.003102746931600349,0.003150481395769963,0.003126614163685156,0,0.0,0.9999302455357143,100352
bayesfl_observability_v1,ola_sparse_bayesian_keep010_seed42,20,ola,global,,,layers.0.weight,raw,66,0.003150481395769963,0.0031982158599395774,0.0031743486278547704,0,0.0,0.9999302455357143,100352
bayesfl_observability_v1,ola_sparse_bayesian_keep010_seed42,20,ola,global,,,layers.0.weight,raw,67,0.0031982158599395774,0.0032459503241091914,0.0032220830920243844,0,0.0,0.9999302455357143,100352
bayesfl_observability_v1,ola_sparse_bayesian_keep010_seed42,20,ola,global,,,layers.0.weight,raw,68,0.0032459503241091914,0.003293684788278806,0.0032698175561939984,0,0.0,0.9999302455357143,100352
bayesfl_observability_v1,ola_sparse_bayesian_keep010_seed42,20,ola,global,,,layers.0.weight,raw,69,0.003293684788278806,0.00334141925244842,0.003317552020363613,2,0.417514835150535,0.9999501753826531,100352
bayesfl_observability_v1,ola_sparse_bayesian_keep010_seed42,20,ola,global,,,layers.0.weight,raw,70,0.00334141925244842,0.0033891537166180342,0.0033652864845332272,0,0.0,0.9999501753826531,100352
bayesfl_observability_v1,ola_sparse_bayesian_keep010_seed42,20,ola,global,,,layers.0.weight,raw,71,0.0033891537166180342,0.0034368881807876482,0.0034130209487028412,1,0.2087574175752675,0.9999601403061225,100352
bayesfl_observability_v1,ola_sparse_bayesian_keep010_seed42,20,ola,global,,,layers.0.weight,raw,72,0.0034368881807876482,0.0034846226449572627,0.0034607554128724552,0,0.0,0.9999601403061225,100352
bayesfl_observability_v1,ola_sparse_bayesian_keep010_seed42,20,ola,global,,,layers.0.weight,raw,73,0.0034846226449572627,0.0035323571091268767,0.0035084898770420697,0,0.0,0.9999601403061225,100352
bayesfl_observability_v1,ola_sparse_bayesian_keep010_seed42,20,ola,global,,,layers.0.weight,raw,74,0.0035323571091268767,0.003580091573296491,0.003556224341211684,2,0.4175148351505312,0.9999800701530612,100352
bayesfl_observability_v1,ola_sparse_bayesian_keep010_seed42,20,ola,global,,,layers.0.weight,raw,75,0.003580091573296491,0.003627826037466105,0.003603958805381298,0,0.0,0.9999800701530612,100352
bayesfl_observability_v1,ola_sparse_bayesian_keep010_seed42,20,ola,global,,,layers.0.weight,raw,76,0.003627826037466105,0.0036755605016357195,0.003651693269550912,0,0.0,0.9999800701530612,100352
bayesfl_observability_v1,ola_sparse_bayesian_keep010_seed42,20,ola,global,,,layers.0.weight,raw,77,0.0036755605016357195,0.0037232949658053335,0.0036994277337205265,1,0.2087574175752675,0.9999900350765306,100352
bayesfl_observability_v1,ola_sparse_bayesian_keep010_seed42,20,ola,global,,,layers.0.weight,raw,78,0.0037232949658053335,0.003771029429974948,0.003747162197890141,0,0.0,0.9999900350765306,100352
bayesfl_observability_v1,ola_sparse_bayesian_keep010_seed42,20,ola,global,,,layers.0.weight,raw,79,0.003771029429974948,0.0038187638941445624,0.003794896662059755,1,0.2087574175752656,1.0,100352
bayesfl_observability_v1,ola_sparse_bayesian_keep010_seed42,20,ola,global,,,layers.0.weight,db,0,-163.39904206335845,-161.96107333560772,-162.6800576994831,1,6.929861044318323e-06,9.964923469387754e-06,100352
bayesfl_observability_v1,ola_sparse_bayesian_keep010_seed42,20,ola,global,,,layers.0.weight,db,1,-161.96107333560772,-160.52310460785696,-161.24208897173236,0,0.0,9.964923469387754e-06,100352
bayesfl_observability_v1,ola_sparse_bayesian_keep010_seed42,20,ola,global,,,layers.0.weight,db,2,-160.52310460785696,-159.08513588010624,-159.8041202439816,0,0.0,9.964923469387754e-06,100352
bayesfl_observability_v1,ola_sparse_bayesian_keep010_seed42,20,ola,global,,,layers.0.weight,db,3,-159.08513588010624,-157.64716715235548,-158.36615151623084,0,0.0,9.964923469387754e-06,100352
bayesfl_observability_v1,ola_sparse_bayesian_keep010_seed42,20,ola,global,,,layers.0.weight,db,4,-157.64716715235548,-156.20919842460475,-156.92818278848011,0,0.0,9.964923469387754e-06,100352
bayesfl_observability_v1,ola_sparse_bayesian_keep010_seed42,20,ola,global,,,layers.0.weight,db,5,-156.20919842460475,-154.771229696854,-155.4902140607294,0,0.0,9.964923469387754e-06,100352
bayesfl_observability_v1,ola_sparse_bayesian_keep010_seed42,20,ola,global,,,layers.0.weight,db,6,-154.771229696854,-153.33326096910326,-154.05224533297863,1,6.929861044318323e-06,1.992984693877551e-05,100352
bayesfl_observability_v1,ola_sparse_bayesian_keep010_seed42,20,ola,global,,,layers.0.weight,db,7,-153.33326096910326,-151.8952922413525,-152.61427660522787,0,0.0,1.992984693877551e-05,100352
bayesfl_observability_v1,ola_sparse_bayesian_keep010_seed42,20,ola,global,,,layers.0.weight,db,8,-151.8952922413525,-150.45732351360178,-151.17630787747714,1,6.929861044318323e-06,2.9894770408163265e-05,100352
bayesfl_observability_v1,ola_sparse_bayesian_keep010_seed42,20,ola,global,,,layers.0.weight,db,9,-150.45732351360178,-149.01935478585105,-149.73833914972641,0,0.0,2.9894770408163265e-05,100352
bayesfl_observability_v1,ola_sparse_bayesian_keep010_seed42,20,ola,global,,,layers.0.weight,db,10,-149.01935478585105,-147.5813860581003,-148.30037042197569,1,6.929861044318186e-06,3.985969387755102e-05,100352
bayesfl_observability_v1,ola_sparse_bayesian_keep010_seed42,20,ola,global,,,layers.0.weight,db,11,-147.5813860581003,-146.14341733034956,-146.86240169422493,0,0.0,3.985969387755102e-05,100352
bayesfl_observability_v1,ola_sparse_bayesian_keep010_seed42,20,ola,global,,,layers.0.weight,db,12,-146.14341733034956,-144.7054486025988,-145.42443296647417,0,0.0,3.985969387755102e-05,100352
bayesfl_observability_v1,ola_sparse_bayesian_keep010_seed42,20,ola,global,,,layers.0.weight,db,13,-144.7054486025988,-143.26747987484808,-143.98646423872344,0,0.0,3.985969387755102e-05,100352
bayesfl_observability_v1,ola_sparse_bayesian_keep010_seed42,20,ola,global,,,layers.0.weight,db,14,-143.26747987484808,-141.82951114709732,-142.5484955109727,0,0.0,3.985969387755102e-05,100352
bayesfl_observability_v1,ola_sparse_bayesian_keep010_seed42,20,ola,global,,,layers.0.weight,db,15,-141.82951114709732,-140.3915424193466,-141.11052678322196,2,1.3859722088636645e-05,5.978954081632653e-05,100352
bayesfl_observability_v1,ola_sparse_bayesian_keep010_seed42,20,ola,global,,,layers.0.weight,db,16,-140.3915424193466,-138.95357369159584,-139.6725580554712,1,6.929861044318186e-06,6.975446428571428e-05,100352
bayesfl_observability_v1,ola_sparse_bayesian_keep010_seed42,20,ola,global,,,layers.0.weight,db,17,-138.95357369159584,-137.5156049638451,-138.23458932772047,1,6.929861044318323e-06,7.971938775510203e-05,100352
bayesfl_observability_v1,ola_sparse_bayesian_keep010_seed42,20,ola,global,,,layers.0.weight,db,18,-137.5156049638451,-136.07763623609435,-136.79662059996974,1,6.929861044318186e-06,8.96843112244898e-05,100352
bayesfl_observability_v1,ola_sparse_bayesian_keep010_seed42,20,ola,global,,,layers.0.weight,db,19,-136.07763623609435,-134.63966750834362,-135.35865187221899,3,2.078958313295497e-05,0.00011957908163265306,100352
bayesfl_observability_v1,ola_sparse_bayesian_keep010_seed42,20,ola,global,,,layers.0.weight,db,20,-134.63966750834362,-133.2016987805929,-133.92068314446826,1,6.929861044318323e-06,0.00012954400510204082,100352
bayesfl_observability_v1,ola_sparse_bayesian_keep010_seed42,20,ola,global,,,layers.0.weight,db,21,-133.2016987805929,-131.76373005284213,-132.4827144167175,4,2.7719444177272745e-05,0.00016940369897959184,100352
bayesfl_observability_v1,ola_sparse_bayesian_keep010_seed42,20,ola,global,,,layers.0.weight,db,22,-131.76373005284213,-130.3257613250914,-131.04474568896677,8,5.543888835454658e-05,0.0002491230867346939,100352
bayesfl_observability_v1,ola_sparse_bayesian_keep010_seed42,20,ola,global,,,layers.0.weight,db,23,-130.3257613250914,-128.88779259734065,-129.60677696121604,2,1.3859722088636373e-05,0.00026905293367346936,100352
bayesfl_observability_v1,ola_sparse_bayesian_keep010_seed42,20,ola,global,,,layers.0.weight,db,24,-128.88779259734065,-127.44982386958992,-128.16880823346528,2,1.3859722088636645e-05,0.0002889827806122449,100352
bayesfl_observability_v1,ola_sparse_bayesian_keep010_seed42,20,ola,global,,,layers.0.weight,db,25,-127.44982386958992,-126.01185514183918,-126.73083950571456,9,6.236874939886429e-05,0.0003786670918367347,100352
bayesfl_observability_v1,ola_sparse_bayesian_keep010_seed42,20,ola,global,,,layers.0.weight,db,26,-126.01185514183918,-124.57388641408843,-125.2928707779638,9,6.236874939886429e-05,0.00046835140306122447,100352
bayesfl_observability_v1,ola_sparse_bayesian_keep010_seed42,20,ola,global,,,layers.0.weight,db,27,-124.57388641408843,-123.13591768633769,-123.85490205021307,10,6.929861044318255e-05,0.000568000637755102,100352
bayesfl_observability_v1,ola_sparse_bayesian_keep010_seed42,20,ola,global,,,layers.0.weight,db,28,-123.13591768633769,-121.69794895858695,-122.41693332246231,14,9.701805462045556e-05,0.0007075095663265306,100352
bayesfl_observability_v1,ola_sparse_bayesian_keep010_seed42,20,ola,global,,,layers.0.weight,db,29,-121.69794895858695,-120.25998023083622,-120.97896459471158,7,4.850902731022826e-05,0.0007772640306122449,100352
bayesfl_observability_v1,ola_sparse_bayesian_keep010_seed42,20,ola,global,,,layers.0.weight,db,30,-120.25998023083622,-118.82201150308546,-119.54099586696084,12,8.315833253181824e-05,0.000896843112244898,100352
bayesfl_observability_v1,ola_sparse_bayesian_keep010_seed42,20,ola,global,,,layers.0.weight,db,31,-118.82201150308546,-117.38404277533473,-118.1030271392101,17,0.00011780763775341149,0.0010662468112244898,100352
bayesfl_observability_v1,ola_sparse_bayesian_keep010_seed42,20,ola,global,,,layers.0.weight,db,32,-117.38404277533473,-115.94607404758398,-116.66505841145936,15,0.00010394791566477279,0.0012157206632653062,100352
bayesfl_observability_v1,ola_sparse_bayesian_keep010_seed42,20,ola,global,,,layers.0.weight,db,33,-115.94607404758398,-114.50810531983325,-115.22708968370861,39,0.0002702645807284146,0.0016043526785714285,100352
bayesfl_observability_v1,ola_sparse_bayesian_keep010_seed42,20,ola,global,,,layers.0.weight,db,34,-114.50810531983325,-113.0701365920825,-113.78912095595788,34,0.00023561527550682064,0.0019431600765306123,100352
bayesfl_observability_v1,ola_sparse_bayesian_keep010_seed42,20,ola,global,,,layers.0.weight,db,35,-113.0701365920825,-111.63216786433176,-112.35115222820713,34,0.00023561527550682064,0.0022819674744897957,100352
bayesfl_observability_v1,ola_sparse_bayesian_keep010_seed42,20,ola,global,,,layers.0.weight,db,36,-111.63216786433176,-110.19419913658102,-110.9131835004564,47,0.00032570346908295796,0.0027503188775510204,100352
bayesfl_observability_v1,ola_sparse_bayesian_keep010_seed42,20,ola,global,,,layers.0.weight,db,37,-110.19419913658102,-108.75623040883028,-109.47521477270564,49,0.0003395631911715945,0.0032386001275510204,100352
bayesfl_observability_v1,ola_sparse_bayesian_keep010_seed42,20,ola,global,,,layers.0.weight,db,38,-108.75623040883028,-107.31826168107955,-108.03724604495491,67,0.00046430068996932767,0.00390625,100352
bayesfl_observability_v1,ola_sparse_bayesian_keep010_seed42,20,ola,global,,,layers.0.weight,db,39,-107.31826168107955,-105.88029295332879,-106.59927731720417,58,0.0004019319405704548,0.00448421556122449,100352
bayesfl_observability_v1,ola_sparse_bayesian_keep010_seed42,20,ola,global,,,layers.0.weight,db,40,-105.88029295332879,-104.44232422557806,-105.16130858945343,72,0.0004989499951909193,0.0052016900510204085,100352
bayesfl_observability_v1,ola_sparse_bayesian_keep010_seed42,20,ola,global,,,layers.0.weight,db,41,-104.44232422557806,-103.0043554978273,-103.72333986170268,94,0.0006514069381659095,0.006138392857142857,100352
bayesfl_observability_v1,ola_sparse_bayesian_keep010_seed42,20,ola,global,,,layers.0.weight,db,42,-103.0043554978273,-101.56638677007658,-102.28537113395194,101,0.0006999159654761506,0.00714485012755102,100352
bayesfl_observability_v1,ola_sparse_bayesian_keep010_seed42,20,ola,global,,,layers.0.weight,db,43,-101.56638677007658,-100.12841804232583,-100.84740240620121,145,0.0010048298514261469,0.008589764030612245,100352
bayesfl_observability_v1,ola_sparse_bayesian_keep010_seed42,20,ola,global,,,layers.0.weight,db,44,-100.12841804232583,-98.69044931457509,-99.40943367845045,130,0.0009008819357613731,0.009885204081632654,100352
bayesfl_observability_v1,ola_sparse_bayesian_keep010_seed42,20,ola,global,,,layers.0.weight,db,45,-98.69044931457509,-97.25248058682435,-97.97146495069973,196,0.001358252764686378,0.011838329081632654,100352
bayesfl_observability_v1,ola_sparse_bayesian_keep010_seed42,20,ola,global,,,layers.0.weight,db,46,-97.25248058682435,-95.8145118590736,-96.53349622294897,219,0.0015176395687056976,0.014020647321428572,100352
bayesfl_observability_v1,ola_sparse_bayesian_keep010_seed42,20,ola,global,,,layers.0.weight,db,47,-95.8145118590736,-94.37654313132286,-95.09552749519824,252,0.0017463249831682001,0.016531808035714284,100352
bayesfl_observability_v1,ola_sparse_bayesian_keep010_seed42,20,ola,global,,,layers.0.weight,db,48,-94.37654313132286,-92.93857440357212,-93.65755876744748,266,0.0018433430377886558,0.019182477678571428,100352
bayesfl_observability_v1,ola_sparse_bayesian_keep010_seed42,20,ola,global,,,layers.0.weight,db,49,-92.93857440357212,-91.50060567582138,-92.21959003969675,343,0.0023769423382011615,0.022600446428571428,100352
bayesfl_observability_v1,ola_sparse_bayesian_keep010_seed42,20,ola,global,,,layers.0.weight,db,50,-91.50060567582138,-90.06263694807065,-90.78162131194601,405,0.002806593722948921,0.02663624043367347,100352
bayesfl_observability_v1,ola_sparse_bayesian_keep010_seed42,20,ola,global,,,layers.0.weight,db,51,-90.06263694807065,-88.6246682203199,-89.34365258419527,491,0.003402561772760263,0.031529017857142856,100352
bayesfl_observability_v1,ola_sparse_bayesian_keep010_seed42,20,ola,global,,,layers.0.weight,db,52,-88.6246682203199,-87.18669949256916,-87.90568385644454,513,0.0035550187157352645,0.03664102359693878,100352
bayesfl_observability_v1,ola_sparse_bayesian_keep010_seed42,20,ola,global,,,layers.0.weight,db,53,-87.18669949256916,-85.74873076481842,-86.46771512869378,686,0.004753884676402323,0.04347696109693878,100352
bayesfl_observability_v1,ola_sparse_bayesian_keep010_seed42,20,ola,global,,,layers.0.weight,db,54,-85.74873076481842,-84.31076203706768,-85.02974640094305,794,0.005502309669188694,0.051389110331632654,100352
bayesfl_observability_v1,ola_sparse_bayesian_keep010_seed42,20,ola,global,,,layers.0.weight,db,55,-84.31076203706768,-82.87279330931693,-83.5917776731923,911,0.00631310341137393,0.060467155612244895,100352
bayesfl_observability_v1,ola_sparse_bayesian_keep010_seed42,20,ola,global,,,layers.0.weight,db,56,-82.87279330931693,-81.43482458156619,-82.15380894544157,1052,0.0072902138186228035,0.07095025510204081,100352
bayesfl_observability_v1,ola_sparse_bayesian_keep010_seed42,20,ola,global,,,layers.0.weight,db,57,-81.43482458156619,-79.99685585381545,-80.71584021769081,1291,0.008946450608214867,0.0838149713010204,100352
bayesfl_observability_v1,ola_sparse_bayesian_keep010_seed42,20,ola,global,,,layers.0.weight,db,58,-79.99685585381545,-78.5588871260647,-79.27787148994008,1479,0.010249264484546699,0.0985530931122449,100352
bayesfl_observability_v1,ola_sparse_bayesian_keep010_seed42,20,ola,global,,,layers.0.weight,db,59,-78.5588871260647,-77.12091839831398,-77.83990276218934,1769,0.012258924187399113,0.11618104272959184,100352
bayesfl_observability_v1,ola_sparse_bayesian_keep010_seed42,20,ola,global,,,layers.0.weight,db,60,-77.12091839831398,-75.68294967056323,-76.4019340344386,2122,0.014705165136043336,0.13732661033163265,100352
bayesfl_observability_v1,ola_sparse_bayesian_keep010_seed42,20,ola,global,,,layers.0.weight,db,61,-75.68294967056323,-74.24498094281249,-74.96396530668787,2465,0.017082107474244497,0.16189014668367346,100352
bayesfl_observability_v1,ola_sparse_bayesian_keep010_seed42,20,ola,global,,,layers.0.weight,db,62,-74.24498094281249,-72.80701221506175,-73.52599657893711,2911,0.020172825500010438,0.19089803890306123,100352
bayesfl_observability_v1,ola_sparse_bayesian_keep010_seed42,20,ola,global,,,layers.0.weight,db,63,-72.80701221506175,-71.369043487311,-72.08802785118638,3596,0.024919780315368442,0.22673190369897958,100352
bayesfl_observability_v1,ola_sparse_bayesian_keep010_seed42,20,ola,global,,,layers.0.weight,db,64,-71.369043487311,-69.93107475956026,-70.65005912343562,4168,0.028883660832718486,0.26826570471938777,100352
bayesfl_observability_v1,ola_sparse_bayesian_keep010_seed42,20,ola,global,,,layers.0.weight,db,65,-69.93107475956026,-68.49310603180952,-69.2120903956849,4792,0.033207894124373076,0.31601761798469385,100352
bayesfl_observability_v1,ola_sparse_bayesian_keep010_seed42,20,ola,global,,,layers.0.weight,db,66,-68.49310603180952,-67.05513730405877,-67.77412166793414,5809,0.04025556280644474,0.3739038584183674,100352
bayesfl_observability_v1,ola_sparse_bayesian_keep010_seed42,20,ola,global,,,layers.0.weight,db,67,-67.05513730405877,-65.61716857630803,-66.33615294018341,6821,0.04726858218329481,0.44187460140306123,100352
bayesfl_observability_v1,ola_sparse_bayesian_keep010_seed42,20,ola,global,,,layers.0.weight,db,68,-65.61716857630803,-64.1791998485573,-64.89818421243267,8053,0.05580617098989545,0.5221221301020408,100352
bayesfl_observability_v1,ola_sparse_bayesian_keep010_seed42,20,ola,global,,,layers.0.weight,db,69,-64.1791998485573,-62.74123112080656,-63.46021548468193,9284,0.06433682993545067,0.6146364795918368,100352
bayesfl_observability_v1,ola_sparse_bayesian_keep010_seed42,20,ola,global,,,layers.0.weight,db,70,-62.74123112080656,-61.30326239305582,-62.02224675693119,10985,0.07612452357183602,0.7241011639030612,100352
bayesfl_observability_v1,ola_sparse_bayesian_keep010_seed42,20,ola,global,,,layers.0.weight,db,71,-61.30326239305582,-59.865293665305074,-60.584278029180446,12974,0.08990801718898503,0.853386080994898,100352
bayesfl_observability_v1,ola_sparse_bayesian_keep010_seed42,20,ola,global,,,layers.0.weight,db,72,-59.865293665305074,-58.42732493755433,-59.1463093014297,10458,0.0724724868014803,0.9575992506377551,100352
bayesfl_observability_v1,ola_sparse_bayesian_keep010_seed42,20,ola,global,,,layers.0.weight,db,73,-58.42732493755433,-56.98935620980359,-57.70834057367896,2859,0.01981247272570589,0.9860889668367347,100352
bayesfl_observability_v1,ola_sparse_bayesian_keep010_seed42,20,ola,global,,,layers.0.weight,db,74,-56.98935620980359,-55.551387482052846,-56.27037184592822,859,0.0059527506370693805,0.9946488360969388,100352
bayesfl_observability_v1,ola_sparse_bayesian_keep010_seed42,20,ola,global,,,layers.0.weight,db,75,-55.551387482052846,-54.1134187543021,-54.832403118177474,355,0.0024601006707329802,0.9981863839285714,100352
bayesfl_observability_v1,ola_sparse_bayesian_keep010_seed42,20,ola,global,,,layers.0.weight,db,76,-54.1134187543021,-52.67545002655136,-53.39443439042673,127,0.0008800923526284183,0.9994519292091837,100352
bayesfl_observability_v1,ola_sparse_bayesian_keep010_seed42,20,ola,global,,,layers.0.weight,db,77,-52.67545002655136,-51.23748129880063,-51.956465662675996,44,0.0003049138859500062,0.9998903858418368,100352
bayesfl_observability_v1,ola_sparse_bayesian_keep010_seed42,20,ola,global,,,layers.0.weight,db,78,-51.23748129880063,-49.79951257104989,-50.51849693492526,4,2.771944417727302e-05,0.9999302455357143,100352
bayesfl_observability_v1,ola_sparse_bayesian_keep010_seed42,20,ola,global,,,layers.0.weight,db,79,-49.79951257104989,-48.361543843299145,-49.08052820717452,7,4.850902731022778e-05,1.0,100352
bayesfl_observability_v1,ola_sparse_bayesian_keep010_seed42,20,ola,global,,,layers.0.bias,raw,0,5.806560325739453e-06,2.6771374830494275e-05,1.6288967578116865e-05,2,745.2963629349665,0.015625,128
bayesfl_observability_v1,ola_sparse_bayesian_keep010_seed42,20,ola,global,,,layers.0.bias,raw,1,2.6771374830494275e-05,4.77361893352491e-05,3.725378208287169e-05,6,2235.8890888048995,0.0625,128
bayesfl_observability_v1,ola_sparse_bayesian_keep010_seed42,20,ola,global,,,layers.0.bias,raw,2,4.77361893352491e-05,6.870100384000392e-05,5.821859658762651e-05,2,745.2963629349664,0.078125,128
bayesfl_observability_v1,ola_sparse_bayesian_keep010_seed42,20,ola,global,,,layers.0.bias,raw,3,6.870100384000392e-05,8.966581834475874e-05,7.918341109238133e-05,2,745.2963629349666,0.09375,128
bayesfl_observability_v1,ola_sparse_bayesian_keep010_seed42,20,ola,global,,,layers.0.bias,raw,4,8.966581834475874e-05,0.00011063063284951356,0.00010014822559713615,2,745.2963629349666,0.109375,128
bayesfl_observability_v1,ola_sparse_bayesian_keep010_seed42,20,ola,global,,,layers.0.bias,raw,5,0.00011063063284951356,0.0001315954473542684,0.00012111304010189098,1,372.64818146748286,0.1171875,128
bayesfl_observability_v1,ola_sparse_bayesian_keep010_seed42,20,ola,global,,,layers.0.bias,raw,6,0.0001315954473542684,0.00015256026185902322,0.00014207785460664581,3,1117.94454440245,0.140625,128
bayesfl_observability_v1,ola_sparse_bayesian_keep010_seed42,20,ola,global,,,layers.0.bias,raw,7,0.00015256026185902322,0.00017352507636377804,0.00016304266911140063,5,1863.2409073374165,0.1796875,128
bayesfl_observability_v1,ola_sparse_bayesian_keep010_seed42,20,ola,global,,,layers.0.bias,raw,8,0.00017352507636377804,0.00019448989086853286,0.00018400748361615545,3,1117.94454440245,0.203125,128
bayesfl_observability_v1,ola_sparse_bayesian_keep010_seed42,20,ola,global,,,layers.0.bias,raw,9,0.00019448989086853286,0.00021545470537328768,0.00020497229812091027,1,372.6481814674833,0.2109375,128
bayesfl_observability_v1,ola_sparse_bayesian_keep010_seed42,20,ola,global,,,layers.0.bias,raw,10,0.00021545470537328768,0.0002364195198780425,0.0002259371126256651,4,1490.5927258699332,0.2421875,128
bayesfl_observability_v1,ola_sparse_bayesian_keep010_seed42,20,ola,global,,,layers.0.bias,raw,11,0.0002364195198780425,0.0002573843343827973,0.0002469019271304199,1,372.6481814674833,0.25,128
bayesfl_observability_v1,ola_sparse_bayesian_keep010_seed42,20,ola,global,,,layers.0.bias,raw,12,0.0002573843343827973,0.00027834914888755214,0.0002678667416351747,1,372.6481814674833,0.2578125,128
bayesfl_observability_v1,ola_sparse_bayesian_keep010_seed42,20,ola,global,,,layers.0.bias,raw,13,0.00027834914888755214,0.00029931396339230695,0.00028883155613992955,4,1490.5927258699332,0.2890625,128
bayesfl_observability_v1,ola_sparse_bayesian_keep010_seed42,20,ola,global,,,layers.0.bias,raw,14,0.00029931396339230695,0.0003202787778970618,0.00030979637064468436,2,745.2963629349666,0.3046875,128
bayesfl_observability_v1,ola_sparse_bayesian_keep010_seed42,20,ola,global,,,layers.0.bias,raw,15,0.0003202787778970618,0.0003412435924018166,0.0003307611851494392,2,745.2963629349666,0.3203125,128
bayesfl_observability_v1,ola_sparse_bayesian_keep010_seed42,20,ola,global,,,layers.0.bias,raw,16,0.0003412435924018166,0.0003622084069065714,0.000351725999654194,2,745.2963629349666,0.3359375,128
bayesfl_observability_v1,ola_sparse_bayesian_keep010_seed42,20,ola,global,,,layers.0.bias,raw,17,0.0003622084069065714,0.00038317322141132623,0.0003726908141589488,1,372.6481814674833,0.34375,128
bayesfl_observability_v1,ola_sparse_bayesian_keep010_seed42,20,ola,global,,,layers.0.bias,raw,18,0.00038317322141132623,0.00040413803591608105,0.00039365562866370364,5,1863.2409073374165,0.3828125,128
bayesfl_observability_v1,ola_sparse_bayesian_keep010_seed42,20,ola,global,,,layers.0.bias,raw,19,0.00040413803591608105,0.00042510285042083587,0.00041462044316845846,1,372.6481814674833,0.390625,128
bayesfl_observability_v1,ola_sparse_bayesian_keep010_seed42,20,ola,global,,,layers.0.bias,raw,20,0.00042510285042083587,0.0004460676649255907,0.0004355852576732133,1,372.6481814674833,0.3984375,128
bayesfl_observability_v1,ola_sparse_bayesian_keep010_seed42,20,ola,global,,,layers.0.bias,raw,21,0.0004460676649255907,0.0004670324794303455,0.0004565500721779681,3,1117.94454440245,0.421875,128
bayesfl_observability_v1,ola_sparse_bayesian_keep010_seed42,20,ola,global,,,layers.0.bias,raw,22,0.0004670324794303455,0.0004879972939351003,0.0004775148866827229,2,745.2963629349666,0.4375,128
bayesfl_observability_v1,ola_sparse_bayesian_keep010_seed42,20,ola,global,,,layers.0.bias,raw,23,0.0004879972939351003,0.0005089621084398553,0.0004984797011874778,3,1117.944544402444,0.4609375,128
bayesfl_observability_v1,ola_sparse_bayesian_keep010_seed42,20,ola,global,,,layers.0.bias,raw,24,0.0005089621084398553,0.0005299269229446101,0.0005194445156922326,1,372.6481814674833,0.46875,128
bayesfl_observability_v1,ola_sparse_bayesian_keep010_seed42,20,ola,global,,,layers.0.bias,raw,25,0.0005299269229446101,0.0005508917374493649,0.0005404093301969875,0,0.0,0.46875,128
bayesfl_observability_v1,ola_sparse_bayesian_keep010_seed42,20,ola,global,,,layers.0.bias,raw,26,0.0005508917374493649,0.0005718565519541197,0.0005613741447017422,1,372.6481814674833,0.4765625,128
bayesfl_observability_v1,ola_sparse_bayesian_keep010_seed42,20,ola,global,,,layers.0.bias,raw,27,0.0005718565519541197,0.0005928213664588745,0.0005823389592064972,0,0.0,0.4765625,128
bayesfl_observability_v1,ola_sparse_bayesian_keep010_seed42,20,ola,global,,,layers.0.bias,raw,28,0.0005928213664588745,0.0006137861809636293,0.0006033037737112519,1,372.6481814674833,0.484375,128
bayesfl_observability_v1,ola_sparse_bayesian_keep010_seed42,20,ola,global,,,layers.0.bias,raw,29,0.0006137861809636293,0.0006347509954683842,0.0006242685882160068,3,1117.94454440245,0.5078125,128
bayesfl_observability_v1,ola_sparse_bayesian_keep010_seed42,20,ola,global,,,layers.0.bias,raw,30,0.0006347509954683842,0.000655715809973139,0.0006452334027207615,2,745.2963629349666,0.5234375,128
bayesfl_observability_v1,ola_sparse_bayesian_keep010_seed42,20,ola,global,,,layers.0.bias,raw,31,0.000655715809973139,0.0006766806244778938,0.0006661982172255164,4,1490.5927258699332,0.5546875,128
bayesfl_observability_v1,ola_sparse_bayesian_keep010_seed42,20,ola,global,,,layers.0.bias,raw,32,0.0006766806244778938,0.0006976454389826486,0.0006871630317302712,1,372.6481814674833,0.5625,128
bayesfl_observability_v1,ola_sparse_bayesian_keep010_seed42,20,ola,global,,,layers.0.bias,raw,33,0.0006976454389826486,0.0007186102534874034,0.0007081278462350261,2,745.2963629349666,0.578125,128
bayesfl_observability_v1,ola_sparse_bayesian_keep010_seed42,20,ola,global,,,layers.0.bias,raw,34,0.0007186102534874034,0.0007395750679921583,0.0007290926607397808,4,1490.5927258699332,0.609375,128
bayesfl_observability_v1,ola_sparse_bayesian_keep010_seed42,20,ola,global,,,layers.0.bias,raw,35,0.0007395750679921583,0.0007605398824969131,0.0007500574752445357,0,0.0,0.609375,128
bayesfl_observability_v1,ola_sparse_bayesian_keep010_seed42,20,ola,global,,,layers.0.bias,raw,36,0.0007605398824969131,0.0007815046970016679,0.0007710222897492904,1,372.6481814674833,0.6171875,128
bayesfl_observability_v1,ola_sparse_bayesian_keep010_seed42,20,ola,global,,,layers.0.bias,raw,37,0.0007815046970016679,0.0008024695115064227,0.0007919871042540454,3,1117.94454440245,0.640625,128
bayesfl_observability_v1,ola_sparse_bayesian_keep010_seed42,20,ola,global,,,layers.0.bias,raw,38,0.0008024695115064227,0.0008234343260111775,0.0008129519187588001,0,0.0,0.640625,128
bayesfl_observability_v1,ola_sparse_bayesian_keep010_seed42,20,ola,global,,,layers.0.bias,raw,39,0.0008234343260111775,0.0008443991405159323,0.000833916733263555,2,745.2963629349666,0.65625,128
bayesfl_observability_v1,ola_sparse_bayesian_keep010_seed42,20,ola,global,,,layers.0.bias,raw,40,0.0008443991405159323,0.0008653639550206872,0.0008548815477683097,3,1117.94454440245,0.6796875,128
bayesfl_observability_v1,ola_sparse_bayesian_keep010_seed42,20,ola,global,,,layers.0.bias,raw,41,0.0008653639550206872,0.000886328769525442,0.0008758463622730646,3,1117.94454440245,0.703125,128
bayesfl_observability_v1,ola_sparse_bayesian_keep010_seed42,20,ola,global,,,layers.0.bias,raw,42,0.000886328769525442,0.0009072935840301968,0.0008968111767778193,1,372.6481814674833,0.7109375,128
bayesfl_observability_v1,ola_sparse_bayesian_keep010_seed42,20,ola,global,,,layers.0.bias,raw,43,0.0009072935840301968,0.0009282583985349516,0.0009177759912825743,2,745.2963629349666,0.7265625,128
bayesfl_observability_v1,ola_sparse_bayesian_keep010_seed42,20,ola,global,,,layers.0.bias,raw,44,0.0009282583985349516,0.0009492232130397064,0.000938740805787329,3,1117.94454440245,0.75,128
bayesfl_observability_v1,ola_sparse_bayesian_keep010_seed42,20,ola,global,,,layers.0.bias,raw,45,0.0009492232130397064,0.0009701880275444613,0.0009597056202920839,2,745.2963629349666,0.765625,128
bayesfl_observability_v1,ola_sparse_bayesian_keep010_seed42,20,ola,global,,,layers.0.bias,raw,46,0.0009701880275444613,0.000991152842049216,0.0009806704347968386,3,1117.94454440245,0.7890625,128
bayesfl_observability_v1,ola_sparse_bayesian_keep010_seed42,20,ola,global,,,layers.0.bias,raw,47,0.000991152842049216,0.001012117656553971,0.0010016352493015935,2,745.2963629349628,0.8046875,128
bayesfl_observability_v1,ola_sparse_bayesian_keep010_seed42,20,ola,global,,,layers.0.bias,raw,48,0.001012117656553971,0.0010330824710587257,0.0010226000638063485,2,745.2963629349705,0.8203125,128
bayesfl_observability_v1,ola_sparse_bayesian_keep010_seed42,20,ola,global,,,layers.0.bias,raw,49,0.0010330824710587257,0.0010540472855634806,0.0010435648783111032,1,372.6481814674814,0.828125,128
bayesfl_observability_v1,ola_sparse_bayesian_keep010_seed42,20,ola,global,,,layers.0.bias,raw,50,0.0010540472855634806,0.0010750121000682354,0.0010645296928158579,2,745.2963629349705,0.84375,128
bayesfl_observability_v1,ola_sparse_bayesian_keep010_seed42,20,ola,global,,,layers.0.bias,raw,51,0.0010750121000682354,0.0010959769145729903,0.0010854945073206128,2,745.2963629349628,0.859375,128
bayesfl_observability_v1,ola_sparse_bayesian_keep010_seed42,20,ola,global,,,layers.0.bias,raw,52,0.0010959769145729903,0.001116941729077745,0.0011064593218253677,0,0.0,0.859375,128
bayesfl_observability_v1,ola_sparse_bayesian_keep010_seed42,20,ola,global,,,layers.0.bias,raw,53,0.001116941729077745,0.0011379065435825,0.0011274241363301225,0,0.0,0.859375,128
bayesfl_observability_v1,ola_sparse_bayesian_keep010_seed42,20,ola,global,,,layers.0.bias,raw,54,0.0011379065435825,0.0011588713580872546,0.0011483889508348772,1,372.64818146748524,0.8671875,128
bayesfl_observability_v1,ola_sparse_bayesian_keep010_seed42,20,ola,global,,,layers.0.bias,raw,55,0.0011588713580872546,0.0011798361725920096,0.001169353765339632,1,372.6481814674814,0.875,128
bayesfl_observability_v1,ola_sparse_bayesian_keep010_seed42,20,ola,global,,,layers.0.bias,raw,56,0.0011798361725920096,0.0012008009870967643,0.001190318579844387,0,0.0,0.875,128
bayesfl_observability_v1,ola_sparse_bayesian_keep010_seed42,20,ola,global,,,layers.0.bias,raw,57,0.0012008009870967643,0.0012217658016015192,0.0012112833943491417,1,372.6481814674814,0.8828125,128
bayesfl_observability_v1,ola_sparse_bayesian_keep010_seed42,20,ola,global,,,layers.0.bias,raw,58,0.0012217658016015192,0.001242730616106274,0.0012322482088538964,1,372.64818146748524,0.890625,128
bayesfl_observability_v1,ola_sparse_bayesian_keep010_seed42,20,ola,global,,,layers.0.bias,raw,59,0.001242730616106274,0.0012636954306110288,0.0012532130233586514,3,1117.944544402444,0.9140625,128
bayesfl_observability_v1,ola_sparse_bayesian_keep010_seed42,20,ola,global,,,layers.0.bias,raw,60,0.0012636954306110288,0.0012846602451157835,0.0012741778378634063,2,745.2963629349705,0.9296875,128
bayesfl_observability_v1,ola_sparse_bayesian_keep010_seed42,20,ola,global,,,layers.0.bias,raw,61,0.0012846602451157835,0.0013056250596205385,0.001295142652368161,0,0.0,0.9296875,128
bayesfl_observability_v1,ola_sparse_bayesian_keep010_seed42,20,ola,global,,,layers.0.bias,raw,62,0.0013056250596205385,0.0013265898741252932,0.0013161074668729157,0,0.0,0.9296875,128
bayesfl_observability_v1,ola_sparse_bayesian_keep010_seed42,20,ola,global,,,layers.0.bias,raw,63,0.0013265898741252932,0.001347554688630048,0.0013370722813776706,0,0.0,0.9296875,128
bayesfl_observability_v1,ola_sparse_bayesian_keep010_seed42,20,ola,global,,,layers.0.bias,raw,64,0.001347554688630048,0.001368519503134803,0.0013580370958824256,2,745.2963629349628,0.9453125,128
bayesfl_observability_v1,ola_sparse_bayesian_keep010_seed42,20,ola,global,,,layers.0.bias,raw,65,0.001368519503134803,0.0013894843176395577,0.0013790019103871805,1,372.64818146748524,0.953125,128
bayesfl_observability_v1,ola_sparse_bayesian_keep010_seed42,20,ola,global,,,layers.0.bias,raw,66,0.0013894843176395577,0.0014104491321443127,0.0013999667248919352,1,372.6481814674814,0.9609375,128
bayesfl_observability_v1,ola_sparse_bayesian_keep010_seed42,20,ola,global,,,layers.0.bias,raw,67,0.0014104491321443127,0.0014314139466490674,0.00142093153939669,0,0.0,0.9609375,128
bayesfl_observability_v1,ola_sparse_bayesian_keep010_seed42,20,ola,global,,,layers.0.bias,raw,68,0.0014314139466490674,0.0014523787611538223,0.0014418963539014448,2,745.2963629349628,0.9765625,128
bayesfl_observability_v1,ola_sparse_bayesian_keep010_seed42,20,ola,global,,,layers.0.bias,raw,69,0.0014523787611538223,0.001473343575658577,0.0014628611684061998,0,0.0,0.9765625,128
bayesfl_observability_v1,ola_sparse_bayesian_keep010_seed42,20,ola,global,,,layers.0.bias,raw,70,0.001473343575658577,0.001494308390163332,0.0014838259829109545,0,0.0,0.9765625,128
bayesfl_observability_v1,ola_sparse_bayesian_keep010_seed42,20,ola,global,,,layers.0.bias,raw,71,0.001494308390163332,0.0015152732046680867,0.0015047907974157092,0,0.0,0.9765625,128
bayesfl_observability_v1,ola_sparse_bayesian_keep010_seed42,20,ola,global,,,layers.0.bias,raw,72,0.0015152732046680867,0.0015362380191728416,0.0015257556119204641,0,0.0,0.9765625,128
bayesfl_observability_v1,ola_sparse_bayesian_keep010_seed42,20,ola,global,,,layers.0.bias,raw,73,0.0015362380191728416,0.0015572028336775963,0.001546720426425219,0,0.0,0.9765625,128
bayesfl_observability_v1,ola_sparse_bayesian_keep010_seed42,20,ola,global,,,layers.0.bias,raw,74,0.0015572028336775963,0.0015781676481823512,0.0015676852409299738,0,0.0,0.9765625,128
bayesfl_observability_v1,ola_sparse_bayesian_keep010_seed42,20,ola,global,,,layers.0.bias,raw,75,0.0015781676481823512,0.001599132462687106,0.0015886500554347285,1,372.64818146748524,0.984375,128
bayesfl_observability_v1,ola_sparse_bayesian_keep010_seed42,20,ola,global,,,layers.0.bias,raw,76,0.001599132462687106,0.0016200972771918609,0.0016096148699394834,0,0.0,0.984375,128
bayesfl_observability_v1,ola_sparse_bayesian_keep010_seed42,20,ola,global,,,layers.0.bias,raw,77,0.0016200972771918609,0.0016410620916966156,0.0016305796844442383,1,372.64818146748524,0.9921875,128
bayesfl_observability_v1,ola_sparse_bayesian_keep010_seed42,20,ola,global,,,layers.0.bias,raw,78,0.0016410620916966156,0.0016620269062013705,0.001651544498948993,0,0.0,0.9921875,128
bayesfl_observability_v1,ola_sparse_bayesian_keep010_seed42,20,ola,global,,,layers.0.bias,raw,79,0.0016620269062013705,0.0016829917207061252,0.0016725093134537477,1,372.64818146748524,1.0,128
bayesfl_observability_v1,ola_sparse_bayesian_keep010_seed42,20,ola,global,,,layers.0.bias,db,0,-104.72161965638534,-104.1060789157368,-104.41384928606107,1,0.012692092471033938,0.0078125,128
bayesfl_observability_v1,ola_sparse_bayesian_keep010_seed42,20,ola,global,,,layers.0.bias,db,1,-104.1060789157368,-103.49053817508828,-103.79830854541254,0,0.0,0.0078125,128
bayesfl_observability_v1,ola_sparse_bayesian_keep010_seed42,20,ola,global,,,layers.0.bias,db,2,-103.49053817508828,-102.87499743443973,-103.18276780476401,0,0.0,0.0078125,128
bayesfl_observability_v1,ola_sparse_bayesian_keep010_seed42,20,ola,global,,,layers.0.bias,db,3,-102.87499743443973,-102.2594566937912,-102.56722706411546,0,0.0,0.0078125,128
bayesfl_observability_v1,ola_sparse_bayesian_keep010_seed42,20,ola,global,,,layers.0.bias,db,4,-102.2594566937912,-101.64391595314267,-101.95168632346693,1,0.012692092471034231,0.015625,128
bayesfl_observability_v1,ola_sparse_bayesian_keep010_seed42,20,ola,global,,,layers.0.bias,db,5,-101.64391595314267,-101.02837521249413,-101.3361455828184,0,0.0,0.015625,128
bayesfl_observability_v1,ola_sparse_bayesian_keep010_seed42,20,ola,global,,,layers.0.bias,db,6,-101.02837521249413,-100.41283447184558,-100.72060484216985,0,0.0,0.015625,128
bayesfl_observability_v1,ola_sparse_bayesian_keep010_seed42,20,ola,global,,,layers.0.bias,db,7,-100.41283447184558,-99.79729373119706,-100.10506410152132,0,0.0,0.015625,128
bayesfl_observability_v1,ola_sparse_bayesian_keep010_seed42,20,ola,global,,,layers.0.bias,db,8,-99.79729373119706,-99.18175299054852,-99.4895233608728,0,0.0,0.015625,128
bayesfl_observability_v1,ola_sparse_bayesian_keep010_seed42,20,ola,global,,,layers.0.bias,db,9,-99.18175299054852,-98.56621224989998,-98.87398262022424,0,0.0,0.015625,128
bayesfl_observability_v1,ola_sparse_bayesian_keep010_seed42,20,ola,global,,,layers.0.bias,db,10,-98.56621224989998,-97.95067150925144,-98.25844187957571,0,0.0,0.015625,128
bayesfl_observability_v1,ola_sparse_bayesian_keep010_seed42,20,ola,global,,,layers.0.bias,db,11,-97.95067150925144,-97.33513076860291,-97.64290113892717,0,0.0,0.015625,128
bayesfl_observability_v1,ola_sparse_bayesian_keep010_seed42,20,ola,global,,,layers.0.bias,db,12,-97.33513076860291,-96.71959002795437,-97.02736039827863,0,0.0,0.015625,128
bayesfl_observability_v1,ola_sparse_bayesian_keep010_seed42,20,ola,global,,,layers.0.bias,db,13,-96.71959002795437,-96.10404928730583,-96.4118196576301,0,0.0,0.015625,128
bayesfl_observability_v1,ola_sparse_bayesian_keep010_seed42,20,ola,global,,,layers.0.bias,db,14,-96.10404928730583,-95.4885085466573,-95.79627891698156,0,0.0,0.015625,128
bayesfl_observability_v1,ola_sparse_bayesian_keep010_seed42,20,ola,global,,,layers.0.bias,db,15,-95.4885085466573,-94.87296780600876,-95.18073817633302,0,0.0,0.015625,128
bayesfl_observability_v1,ola_sparse_bayesian_keep010_seed42,20,ola,global,,,layers.0.bias,db,16,-94.87296780600876,-94.25742706536022,-94.5651974356845,0,0.0,0.015625,128
bayesfl_observability_v1,ola_sparse_bayesian_keep010_seed42,20,ola,global,,,layers.0.bias,db,17,-94.25742706536022,-93.64188632471169,-93.94965669503596,0,0.0,0.015625,128
bayesfl_observability_v1,ola_sparse_bayesian_keep010_seed42,20,ola,global,,,layers.0.bias,db,18,-93.64188632471169,-93.02634558406315,-93.33411595438741,0,0.0,0.015625,128
bayesfl_observability_v1,ola_sparse_bayesian_keep010_seed42,20,ola,global,,,layers.0.bias,db,19,-93.02634558406315,-92.41080484341461,-92.71857521373889,0,0.0,0.015625,128
bayesfl_observability_v1,ola_sparse_bayesian_keep010_seed42,20,ola,global,,,layers.0.bias,db,20,-92.41080484341461,-91.79526410276608,-92.10303447309035,0,0.0,0.015625,128
bayesfl_observability_v1,ola_sparse_bayesian_keep010_seed42,20,ola,global,,,layers.0.bias,db,21,-91.79526410276608,-91.17972336211754,-91.4874937324418,0,0.0,0.015625,128
bayesfl_observability_v1,ola_sparse_bayesian_keep010_seed42,20,ola,global,,,layers.0.bias,db,22,-91.17972336211754,-90.564182621469,-90.87195299179328,0,0.0,0.015625,128
bayesfl_observability_v1,ola_sparse_bayesian_keep010_seed42,20,ola,global,,,layers.0.bias,db,23,-90.564182621469,-89.94864188082047,-90.25641225114474,2,0.025384184942068462,0.03125,128
bayesfl_observability_v1,ola_sparse_bayesian_keep010_seed42,20,ola,global,,,layers.0.bias,db,24,-89.94864188082047,-89.33310114017193,-89.6408715104962,1,0.012692092471033938,0.0390625,128
bayesfl_observability_v1,ola_sparse_bayesian_keep010_seed42,20,ola,global,,,layers.0.bias,db,25,-89.33310114017193,-88.71756039952339,-89.02533076984767,1,0.012692092471033938,0.046875,128
bayesfl_observability_v1,ola_sparse_bayesian_keep010_seed42,20,ola,global,,,layers.0.bias,db,26,-88.71756039952339,-88.10201965887487,-88.40979002919913,0,0.0,0.046875,128
bayesfl_observability_v1,ola_sparse_bayesian_keep010_seed42,20,ola,global,,,layers.0.bias,db,27,-88.10201965887487,-87.48647891822633,-87.79424928855059,0,0.0,0.046875,128
bayesfl_observability_v1,ola_sparse_bayesian_keep010_seed42,20,ola,global,,,layers.0.bias,db,28,-87.48647891822633,-86.87093817757778,-87.17870854790206,0,0.0,0.046875,128
bayesfl_observability_v1,ola_sparse_bayesian_keep010_seed42,20,ola,global,,,layers.0.bias,db,29,-86.87093817757778,-86.25539743692926,-86.56316780725352,2,0.025384184942068462,0.0625,128
bayesfl_observability_v1,ola_sparse_bayesian_keep010_seed42,20,ola,global,,,layers.0.bias,db,30,-86.25539743692926,-85.63985669628072,-85.94762706660498,0,0.0,0.0625,128
bayesfl_observability_v1,ola_sparse_bayesian_keep010_seed42,20,ola,global,,,layers.0.bias,db,31,-85.63985669628072,-85.02431595563218,-85.33208632595645,0,0.0,0.0625,128
bayesfl_observability_v1,ola_sparse_bayesian_keep010_seed42,20,ola,global,,,layers.0.bias,db,32,-85.02431595563218,-84.40877521498365,-84.71654558530791,0,0.0,0.0625,128
bayesfl_observability_v1,ola_sparse_bayesian_keep010_seed42,20,ola,global,,,layers.0.bias,db,33,-84.40877521498365,-83.79323447433511,-84.10100484465937,1,0.012692092471033938,0.0703125,128
bayesfl_observability_v1,ola_sparse_bayesian_keep010_seed42,20,ola,global,,,layers.0.bias,db,34,-83.79323447433511,-83.17769373368657,-83.48546410401084,1,0.012692092471033938,0.078125,128
bayesfl_observability_v1,ola_sparse_bayesian_keep010_seed42,20,ola,global,,,layers.0.bias,db,35,-83.17769373368657,-82.56215299303804,-82.8699233633623,0,0.0,0.078125,128
bayesfl_observability_v1,ola_sparse_bayesian_keep010_seed42,20,ola,global,,,layers.0.bias,db,36,-82.56215299303804,-81.9466122523895,-82.25438262271376,0,0.0,0.078125,128
bayesfl_observability_v1,ola_sparse_bayesian_keep010_seed42,20,ola,global,,,layers.0.bias,db,37,-81.9466122523895,-81.33107151174096,-81.63884188206524,0,0.0,0.078125,128
bayesfl_observability_v1,ola_sparse_bayesian_keep010_seed42,20,ola,global,,,layers.0.bias,db,38,-81.33107151174096,-80.71553077109243,-81.0233011414167,3,0.03807627741310269,0.1015625,128
bayesfl_observability_v1,ola_sparse_bayesian_keep010_seed42,20,ola,global,,,layers.0.bias,db,39,-80.71553077109243,-80.09999003044389,-80.40776040076815,0,0.0,0.1015625,128
bayesfl_observability_v1,ola_sparse_bayesian_keep010_seed42,20,ola,global,,,layers.0.bias,db,40,-80.09999003044389,-79.48444928979535,-79.79221966011963,0,0.0,0.1015625,128
bayesfl_observability_v1,ola_sparse_bayesian_keep010_seed42,20,ola,global,,,layers.0.bias,db,41,-79.48444928979535,-78.86890854914682,-79.17667891947109,1,0.012692092471034231,0.109375,128
bayesfl_observability_v1,ola_sparse_bayesian_keep010_seed42,20,ola,global,,,layers.0.bias,db,42,-78.86890854914682,-78.25336780849828,-78.56113817882255,0,0.0,0.109375,128
bayesfl_observability_v1,ola_sparse_bayesian_keep010_seed42,20,ola,global,,,layers.0.bias,db,43,-78.25336780849828,-77.63782706784974,-77.94559743817402,0,0.0,0.109375,128
bayesfl_observability_v1,ola_sparse_bayesian_keep010_seed42,20,ola,global,,,layers.0.bias,db,44,-77.63782706784974,-77.02228632720121,-77.33005669752548,2,0.025384184942068462,0.125,128
bayesfl_observability_v1,ola_sparse_bayesian_keep010_seed42,20,ola,global,,,layers.0.bias,db,45,-77.02228632720121,-76.40674558655267,-76.71451595687694,2,0.025384184942067876,0.140625,128
bayesfl_observability_v1,ola_sparse_bayesian_keep010_seed42,20,ola,global,,,layers.0.bias,db,46,-76.40674558655267,-75.79120484590413,-76.09897521622841,2,0.025384184942067876,0.15625,128
bayesfl_observability_v1,ola_sparse_bayesian_keep010_seed42,20,ola,global,,,layers.0.bias,db,47,-75.79120484590413,-75.1756641052556,-75.48343447557987,3,0.03807627741310269,0.1796875,128
bayesfl_observability_v1,ola_sparse_bayesian_keep010_seed42,20,ola,global,,,layers.0.bias,db,48,-75.1756641052556,-74.56012336460707,-74.86789373493133,3,0.038076277413101815,0.203125,128
bayesfl_observability_v1,ola_sparse_bayesian_keep010_seed42,20,ola,global,,,layers.0.bias,db,49,-74.56012336460707,-73.94458262395852,-74.2523529942828,0,0.0,0.203125,128
bayesfl_observability_v1,ola_sparse_bayesian_keep010_seed42,20,ola,global,,,layers.0.bias,db,50,-73.94458262395852,-73.32904188330998,-73.63681225363425,1,0.012692092471033938,0.2109375,128
bayesfl_observability_v1,ola_sparse_bayesian_keep010_seed42,20,ola,global,,,layers.0.bias,db,51,-73.32904188330998,-72.71350114266144,-73.02127151298572,3,0.038076277413101815,0.234375,128
bayesfl_observability_v1,ola_sparse_bayesian_keep010_seed42,20,ola,global,,,layers.0.bias,db,52,-72.71350114266144,-72.09796040201292,-72.40573077233718,1,0.012692092471034231,0.2421875,128
bayesfl_observability_v1,ola_sparse_bayesian_keep010_seed42,20,ola,global,,,layers.0.bias,db,53,-72.09796040201292,-71.48241966136439,-71.79019003168865,2,0.025384184942068462,0.2578125,128
bayesfl_observability_v1,ola_sparse_bayesian_keep010_seed42,20,ola,global,,,layers.0.bias,db,54,-71.48241966136439,-70.86687892071583,-71.17464929104011,3,0.038076277413100934,0.28125,128
bayesfl_observability_v1,ola_sparse_bayesian_keep010_seed42,20,ola,global,,,layers.0.bias,db,55,-70.86687892071583,-70.25133818006731,-70.55910855039157,1,0.012692092471034231,0.2890625,128
bayesfl_observability_v1,ola_sparse_bayesian_keep010_seed42,20,ola,global,,,layers.0.bias,db,56,-70.25133818006731,-69.63579743941878,-69.94356780974304,2,0.025384184942068462,0.3046875,128
bayesfl_observability_v1,ola_sparse_bayesian_keep010_seed42,20,ola,global,,,layers.0.bias,db,57,-69.63579743941878,-69.02025669877023,-69.3280270690945,4,0.05076836988413458,0.3359375,128
bayesfl_observability_v1,ola_sparse_bayesian_keep010_seed42,20,ola,global,,,layers.0.bias,db,58,-69.02025669877023,-68.4047159581217,-68.71248632844596,1,0.012692092471034231,0.34375,128
bayesfl_observability_v1,ola_sparse_bayesian_keep010_seed42,20,ola,global,,,layers.0.bias,db,59,-68.4047159581217,-67.78917521747316,-68.09694558779742,5,0.0634604623551697,0.3828125,128
bayesfl_observability_v1,ola_sparse_bayesian_keep010_seed42,20,ola,global,,,layers.0.bias,db,60,-67.78917521747316,-67.17363447682462,-67.4814048471489,2,0.025384184942067876,0.3984375,128
bayesfl_observability_v1,ola_sparse_bayesian_keep010_seed42,20,ola,global,,,layers.0.bias,db,61,-67.17363447682462,-66.55809373617609,-66.86586410650035,3,0.03807627741310269,0.421875,128
bayesfl_observability_v1,ola_sparse_bayesian_keep010_seed42,20,ola,global,,,layers.0.bias,db,62,-66.55809373617609,-65.94255299552755,-66.25032336585181,5,0.0634604623551697,0.4609375,128
bayesfl_observability_v1,ola_sparse_bayesian_keep010_seed42,20,ola,global,,,layers.0.bias,db,63,-65.94255299552755,-65.32701225487901,-65.63478262520329,1,0.012692092471033938,0.46875,128
bayesfl_observability_v1,ola_sparse_bayesian_keep010_seed42,20,ola,global,,,layers.0.bias,db,64,-65.32701225487901,-64.71147151423048,-65.01924188455475,1,0.012692092471034231,0.4765625,128
bayesfl_observability_v1,ola_sparse_bayesian_keep010_seed42,20,ola,global,,,layers.0.bias,db,65,-64.71147151423048,-64.09593077358194,-64.4037011439062,2,0.025384184942067876,0.4921875,128
bayesfl_observability_v1,ola_sparse_bayesian_keep010_seed42,20,ola,global,,,layers.0.bias,db,66,-64.09593077358194,-63.48039003293341,-63.78816040325768,8,0.10153673976827267,0.5546875,128
bayesfl_observability_v1,ola_sparse_bayesian_keep010_seed42,20,ola,global,,,layers.0.bias,db,67,-63.48039003293341,-62.86484929228487,-63.17261966260914,3,0.03807627741310225,0.578125,128
bayesfl_observability_v1,ola_sparse_bayesian_keep010_seed42,20,ola,global,,,layers.0.bias,db,68,-62.86484929228487,-62.24930855163633,-62.5570789219606,5,0.0634604623551697,0.6171875,128
bayesfl_observability_v1,ola_sparse_bayesian_keep010_seed42,20,ola,global,,,layers.0.bias,db,69,-62.24930855163633,-61.6337678109878,-61.94153818131207,3,0.03807627741310225,0.640625,128
bayesfl_observability_v1,ola_sparse_bayesian_keep010_seed42,20,ola,global,,,layers.0.bias,db,70,-61.6337678109878,-61.01822707033926,-61.32599744066353,8,0.1015367397682715,0.703125,128
bayesfl_observability_v1,ola_sparse_bayesian_keep010_seed42,20,ola,global,,,layers.0.bias,db,71,-61.01822707033926,-60.402686329690724,-60.71045670001499,6,0.0761525548262045,0.75,128
bayesfl_observability_v1,ola_sparse_bayesian_keep010_seed42,20,ola,global,,,layers.0.bias,db,72,-60.402686329690724,-59.78714558904219,-60.09491595936646,8,0.10153673976827267,0.8125,128
bayesfl_observability_v1,ola_sparse_bayesian_keep010_seed42,20,ola,global,,,layers.0.bias,db,73,-59.78714558904219,-59.17160484839365,-59.47937521871792,6,0.07615255482620363,0.859375,128
bayesfl_observability_v1,ola_sparse_bayesian_keep010_seed42,20,ola,global,,,layers.0.bias,db,74,-59.17160484839365,-58.556064107745115,-58.86383447806938,2,0.025384184942068167,0.875,128
bayesfl_observability_v1,ola_sparse_bayesian_keep010_seed42,20,ola,global,,,layers.0.bias,db,75,-58.556064107745115,-57.94052336709658,-58.24829373742085,5,0.06346046235517042,0.9140625,128
bayesfl_observability_v1,ola_sparse_bayesian_keep010_seed42,20,ola,global,,,layers.0.bias,db,76,-57.94052336709658,-57.32498262644804,-57.63275299677231,3,0.038076277413101815,0.9375,128
bayesfl_observability_v1,ola_sparse_bayesian_keep010_seed42,20,ola,global,,,layers.0.bias,db,77,-57.32498262644804,-56.70944188579951,-57.01721225612377,5,0.06346046235517042,0.9765625,128
bayesfl_observability_v1,ola_sparse_bayesian_keep010_seed42,20,ola,global,,,layers.0.bias,db,78,-56.70944188579951,-56.09390114515097,-56.40167151547524,0,0.0,0.9765625,128
bayesfl_observability_v1,ola_sparse_bayesian_keep010_seed42,20,ola,global,,,layers.0.bias,db,79,-56.09390114515097,-55.47836040450243,-55.7861307748267,3,0.038076277413101815,1.0,128
bayesfl_observability_v1,ola_sparse_bayesian_keep010_seed42,20,ola,global,,,layers.1.weight,raw,0,4.738598507421729e-06,0.0006809334331843692,0.00034283601584589546,154,177.92578977252816,0.1203125,1280
bayesfl_observability_v1,ola_sparse_bayesian_keep010_seed42,20,ola,global,,,layers.1.weight,raw,1,0.0006809334331843692,0.0013571282678613169,0.001019030850522843,116,134.0220234650212,0.2109375,1280
bayesfl_observability_v1,ola_sparse_bayesian_keep010_seed42,20,ola,global,,,layers.1.weight,raw,2,0.0013571282678613169,0.0020333231025382644,0.0016952256851997906,180,207.9652088250329,0.3515625,1280
bayesfl_observability_v1,ola_sparse_bayesian_keep010_seed42,20,ola,global,,,layers.1.weight,raw,3,0.0020333231025382644,0.002709517937215212,0.002371420519876738,146,168.6828916025267,0.465625,1280
bayesfl_observability_v1,ola_sparse_bayesian_keep010_seed42,20,ola,global,,,layers.1.weight,raw,4,0.002709517937215212,0.0033857127718921595,0.003047615354553686,108,124.77912529501975,0.55,1280
bayesfl_observability_v1,ola_sparse_bayesian_keep010_seed42,20,ola,global,,,layers.1.weight,raw,5,0.0033857127718921595,0.004061907606569107,0.003723810189230633,75,86.65217034376377,0.60859375,1280
bayesfl_observability_v1,ola_sparse_bayesian_keep010_seed42,20,ola,global,,,layers.1.weight,raw,6,0.004061907606569107,0.0047381024412460546,0.004400005023907581,70,80.87535898751274,0.66328125,1280
bayesfl_observability_v1,ola_sparse_bayesian_keep010_seed42,20,ola,global,,,layers.1.weight,raw,7,0.0047381024412460546,0.005414297275923002,0.005076199858584528,35,40.43767949375643,0.690625,1280
bayesfl_observability_v1,ola_sparse_bayesian_keep010_seed42,20,ola,global,,,layers.1.weight,raw,8,0.005414297275923002,0.006090492110599949,0.005752394693261475,53,61.23420037625973,0.73203125,1280
bayesfl_observability_v1,ola_sparse_bayesian_keep010_seed42,20,ola,global,,,layers.1.weight,raw,9,0.006090492110599949,0.006766686945276897,0.006428589527938422,40,46.21449085000729,0.76328125,1280
bayesfl_observability_v1,ola_sparse_bayesian_keep010_seed42,20,ola,global,,,layers.1.weight,raw,10,0.006766686945276897,0.007442881779953845,0.007104784362615371,24,27.72869451000437,0.78203125,1280
bayesfl_observability_v1,ola_sparse_bayesian_keep010_seed42,20,ola,global,,,layers.1.weight,raw,11,0.007442881779953845,0.008119076614630792,0.007780979197292318,30,34.66086813750551,0.80546875,1280
bayesfl_observability_v1,ola_sparse_bayesian_keep010_seed42,20,ola,global,,,layers.1.weight,raw,12,0.008119076614630792,0.008795271449307739,0.008457174031969265,27,31.194781323754956,0.8265625,1280
bayesfl_observability_v1,ola_sparse_bayesian_keep010_seed42,20,ola,global,,,layers.1.weight,raw,13,0.008795271449307739,0.009471466283984688,0.009133368866646212,23,26.573332238754155,0.84453125,1280
bayesfl_observability_v1,ola_sparse_bayesian_keep010_seed42,20,ola,global,,,layers.1.weight,raw,14,0.009471466283984688,0.010147661118661635,0.009809563701323161,21,24.262607696253855,0.8609375,1280
bayesfl_observability_v1,ola_sparse_bayesian_keep010_seed42,20,ola,global,,,layers.1.weight,raw,15,0.010147661118661635,0.010823855953338582,0.010485758536000108,20,23.107245425003672,0.8765625,1280
bayesfl_observability_v1,ola_sparse_bayesian_keep010_seed42,20,ola,global,,,layers.1.weight,raw,16,0.010823855953338582,0.011500050788015529,0.011161953370677056,12,13.864347255002203,0.8859375,1280
bayesfl_observability_v1,ola_sparse_bayesian_keep010_seed42,20,ola,global,,,layers.1.weight,raw,17,0.011500050788015529,0.012176245622692476,0.011838148205354003,11,12.70898498375202,0.89453125,1280
bayesfl_observability_v1,ola_sparse_bayesian_keep010_seed42,20,ola,global,,,layers.1.weight,raw,18,0.012176245622692476,0.012852440457369425,0.012514343040030951,10,11.553622712501806,0.90234375,1280
bayesfl_observability_v1,ola_sparse_bayesian_keep010_seed42,20,ola,global,,,layers.1.weight,raw,19,0.012852440457369425,0.013528635292046372,0.013190537874707899,8,9.24289817000147,0.90859375,1280
bayesfl_observability_v1,ola_sparse_bayesian_keep010_seed42,20,ola,global,,,layers.1.weight,raw,20,0.013528635292046372,0.01420483012672332,0.013866732709384846,9,10.398260441251653,0.915625,1280
bayesfl_observability_v1,ola_sparse_bayesian_keep010_seed42,20,ola,global,,,layers.1.weight,raw,21,0.01420483012672332,0.014881024961400268,0.014542927544061793,3,3.466086813750542,0.91796875,1280
bayesfl_observability_v1,ola_sparse_bayesian_keep010_seed42,20,ola,global,,,layers.1.weight,raw,22,0.014881024961400268,0.015557219796077215,0.015219122378738742,6,6.932173627501101,0.92265625,1280
bayesfl_observability_v1,ola_sparse_bayesian_keep010_seed42,20,ola,global,,,layers.1.weight,raw,23,0.015557219796077215,0.016233414630754162,0.015895317213415687,6,6.932173627501101,0.92734375,1280
bayesfl_observability_v1,ola_sparse_bayesian_keep010_seed42,20,ola,global,,,layers.1.weight,raw,24,0.016233414630754162,0.01690960946543111,0.016571512048092638,8,9.24289817000147,0.93359375,1280
bayesfl_observability_v1,ola_sparse_bayesian_keep010_seed42,20,ola,global,,,layers.1.weight,raw,25,0.01690960946543111,0.017585804300108056,0.01724770688276958,5,5.776811356250918,0.9375,1280
bayesfl_observability_v1,ola_sparse_bayesian_keep010_seed42,20,ola,global,,,layers.1.weight,raw,26,0.017585804300108056,0.018261999134785004,0.017923901717446532,8,9.24289817000147,0.94375,1280
bayesfl_observability_v1,ola_sparse_bayesian_keep010_seed42,20,ola,global,,,layers.1.weight,raw,27,0.018261999134785004,0.018938193969461954,0.01860009655212348,4,4.621449085000711,0.946875,1280
bayesfl_observability_v1,ola_sparse_bayesian_keep010_seed42,20,ola,global,,,layers.1.weight,raw,28,0.018938193969461954,0.0196143888041389,0.019276291386800426,3,3.4660868137505507,0.94921875,1280
bayesfl_observability_v1,ola_sparse_bayesian_keep010_seed42,20,ola,global,,,layers.1.weight,raw,29,0.0196143888041389,0.02029058363881585,0.019952486221477377,5,5.776811356250918,0.953125,1280
bayesfl_observability_v1,ola_sparse_bayesian_keep010_seed42,20,ola,global,,,layers.1.weight,raw,30,0.02029058363881585,0.020966778473492795,0.02062868105615432,5,5.776811356250918,0.95703125,1280
bayesfl_observability_v1,ola_sparse_bayesian_keep010_seed42,20,ola,global,,,layers.1.weight,raw,31,0.020966778473492795,0.021642973308169743,0.02130487589083127,6,6.932173627501101,0.96171875,1280
bayesfl_observability_v1,ola_sparse_bayesian_keep010_seed42,20,ola,global,,,layers.1.weight,raw,32,0.021642973308169743,0.02231916814284669,0.021981070725508214,2,2.3107245425003673,0.96328125,1280
bayesfl_observability_v1,ola_sparse_bayesian_keep010_seed42,20,ola,global,,,layers.1.weight,raw,33,0.02231916814284669,0.022995362977523637,0.022657265560185165,5,5.776811356250918,0.9671875,1280
bayesfl_observability_v1,ola_sparse_bayesian_keep010_seed42,20,ola,global,,,layers.1.weight,raw,34,0.022995362977523637,0.023671557812200584,0.02333346039486211,4,4.621449085000735,0.9703125,1280
bayesfl_observability_v1,ola_sparse_bayesian_keep010_seed42,20,ola,global,,,layers.1.weight,raw,35,0.023671557812200584,0.02434775264687753,0.02400965522953906,0,0.0,0.9703125,1280
bayesfl_observability_v1,ola_sparse_bayesian_keep010_seed42,20,ola,global,,,layers.1.weight,raw,36,0.02434775264687753,0.02502394748155448,0.024685850064216006,0,0.0,0.9703125,1280
bayesfl_observability_v1,ola_sparse_bayesian_keep010_seed42,20,ola,global,,,layers.1.weight,raw,37,0.02502394748155448,0.02570014231623143,0.025362044898892953,2,2.3107245425003673,0.971875,1280
bayesfl_observability_v1,ola_sparse_bayesian_keep010_seed42,20,ola,global,,,layers.1.weight,raw,38,0.02570014231623143,0.026376337150908376,0.026038239733569904,2,2.3107245425003673,0.9734375,1280
bayesfl_observability_v1,ola_sparse_bayesian_keep010_seed42,20,ola,global,,,layers.1.weight,raw,39,0.026376337150908376,0.027052531985585323,0.026714434568246848,3,3.4660868137505507,0.97578125,1280
bayesfl_observability_v1,ola_sparse_bayesian_keep010_seed42,20,ola,global,,,layers.1.weight,raw,40,0.027052531985585323,0.02772872682026227,0.027390629402923798,1,1.1553622712501836,0.9765625,1280
bayesfl_observability_v1,ola_sparse_bayesian_keep010_seed42,20,ola,global,,,layers.1.weight,raw,41,0.02772872682026227,0.028404921654939217,0.028066824237600742,1,1.1553622712501836,0.97734375,1280
bayesfl_observability_v1,ola_sparse_bayesian_keep010_seed42,20,ola,global,,,layers.1.weight,raw,42,0.028404921654939217,0.029081116489616164,0.028743019072277692,2,2.3107245425003673,0.97890625,1280
bayesfl_observability_v1,ola_sparse_bayesian_keep010_seed42,20,ola,global,,,layers.1.weight,raw,43,0.029081116489616164,0.029757311324293115,0.02941921390695464,1,1.1553622712501777,0.9796875,1280
bayesfl_observability_v1,ola_sparse_bayesian_keep010_seed42,20,ola,global,,,layers.1.weight,raw,44,0.029757311324293115,0.030433506158970062,0.030095408741631587,1,1.1553622712501836,0.98046875,1280
bayesfl_observability_v1,ola_sparse_bayesian_keep010_seed42,20,ola,global,,,layers.1.weight,raw,45,0.030433506158970062,0.03110970099364701,0.030771603576308537,2,2.3107245425003673,0.98203125,1280
bayesfl_observability_v1,ola_sparse_bayesian_keep010_seed42,20,ola,global,,,layers.1.weight,raw,46,0.03110970099364701,0.03178589582832395,0.03144779841098548,2,2.310724542500379,0.98359375,1280
bayesfl_observability_v1,ola_sparse_bayesian_keep010_seed42,20,ola,global,,,layers.1.weight,raw,47,0.03178589582832395,0.0324620906630009,0.032123993245662424,0,0.0,0.98359375,1280
bayesfl_observability_v1,ola_sparse_bayesian_keep010_seed42,20,ola,global,,,layers.1.weight,raw,48,0.0324620906630009,0.033138285497677854,0.03280018808033938,0,0.0,0.98359375,1280
bayesfl_observability_v1,ola_sparse_bayesian_keep010_seed42,20,ola,global,,,layers.1.weight,raw,49,0.033138285497677854,0.0338144803323548,0.033476382915016326,1,1.1553622712501894,0.984375,1280
bayesfl_observability_v1,ola_sparse_bayesian_keep010_seed42,20,ola,global,,,layers.1.weight,raw,50,0.0338144803323548,0.03449067516703175,0.03415257774969327,2,2.3107245425003553,0.9859375,1280
bayesfl_observability_v1,ola_sparse_bayesian_keep010_seed42,20,ola,global,,,layers.1.weight,raw,51,0.03449067516703175,0.03516687000170869,0.03482877258437022,1,1.1553622712501894,0.98671875,1280
bayesfl_observability_v1,ola_sparse_bayesian_keep010_seed42,20,ola,global,,,layers.1.weight,raw,52,0.03516687000170869,0.03584306483638564,0.03550496741904717,1,1.1553622712501777,0.9875,1280
bayesfl_observability_v1,ola_sparse_bayesian_keep010_seed42,20,ola,global,,,layers.1.weight,raw,53,0.03584306483638564,0.036519259671062586,0.036181162253724114,0,0.0,0.9875,1280
bayesfl_observability_v1,ola_sparse_bayesian_keep010_seed42,20,ola,global,,,layers.1.weight,raw,54,0.036519259671062586,0.037195454505739536,0.03685735708840106,0,0.0,0.9875,1280
bayesfl_observability_v1,ola_sparse_bayesian_keep010_seed42,20,ola,global,,,layers.1.weight,raw,55,0.037195454505739536,0.03787164934041649,0.037533551923078015,0,0.0,0.9875,1280
bayesfl_observability_v1,ola_sparse_bayesian_keep010_seed42,20,ola,global,,,layers.1.weight,raw,56,0.03787164934041649,0.03854784417509343,0.03820974675775496,1,1.1553622712501894,0.98828125,1280
bayesfl_observability_v1,ola_sparse_bayesian_keep010_seed42,20,ola,global,,,layers.1.weight,raw,57,0.03854784417509343,0.03922403900977038,0.0388859415924319,0,0.0,0.98828125,1280
bayesfl_observability_v1,ola_sparse_bayesian_keep010_seed42,20,ola,global,,,layers.1.weight,raw,58,0.03922403900977038,0.039900233844447325,0.03956213642710885,2,2.310724542500379,0.98984375,1280
bayesfl_observability_v1,ola_sparse_bayesian_keep010_seed42,20,ola,global,,,layers.1.weight,raw,59,0.039900233844447325,0.040576428679124275,0.040238331261785804,0,0.0,0.98984375,1280
bayesfl_observability_v1,ola_sparse_bayesian_keep010_seed42,20,ola,global,,,layers.1.weight,raw,60,0.040576428679124275,0.04125262351380122,0.04091452609646275,0,0.0,0.98984375,1280
bayesfl_observability_v1,ola_sparse_bayesian_keep010_seed42,20,ola,global,,,layers.1.weight,raw,61,0.04125262351380122,0.04192881834847817,0.04159072093113969,1,1.1553622712501777,0.990625,1280
bayesfl_observability_v1,ola_sparse_bayesian_keep010_seed42,20,ola,global,,,layers.1.weight,raw,62,0.04192881834847817,0.04260501318315511,0.04226691576581664,0,0.0,0.990625,1280
bayesfl_observability_v1,ola_sparse_bayesian_keep010_seed42,20,ola,global,,,layers.1.weight,raw,63,0.04260501318315511,0.043281208017832064,0.04294311060049359,1,1.1553622712501777,0.99140625,1280
bayesfl_observability_v1,ola_sparse_bayesian_keep010_seed42,20,ola,global,,,layers.1.weight,raw,64,0.043281208017832064,0.043957402852509014,0.043619305435170536,0,0.0,0.99140625,1280
bayesfl_observability_v1,ola_sparse_bayesian_keep010_seed42,20,ola,global,,,layers.1.weight,raw,65,0.043957402852509014,0.04463359768718596,0.044295500269847486,3,3.4660868137505685,0.99375,1280
bayesfl_observability_v1,ola_sparse_bayesian_keep010_seed42,20,ola,global,,,layers.1.weight,raw,66,0.04463359768718596,0.04530979252186291,0.04497169510452444,1,1.1553622712501777,0.99453125,1280
bayesfl_observability_v1,ola_sparse_bayesian_keep010_seed42,20,ola,global,,,layers.1.weight,raw,67,0.04530979252186291,0.04598598735653985,0.04564788993920138,0,0.0,0.99453125,1280
bayesfl_observability_v1,ola_sparse_bayesian_keep010_seed42,20,ola,global,,,layers.1.weight,raw,68,0.04598598735653985,0.0466621821912168,0.046324084773878324,0,0.0,0.99453125,1280
bayesfl_observability_v1,ola_sparse_bayesian_keep010_seed42,20,ola,global,,,layers.1.weight,raw,69,0.0466621821912168,0.047338377025893746,0.047000279608555275,1,1.1553622712501894,0.9953125,1280
bayesfl_observability_v1,ola_sparse_bayesian_keep010_seed42,20,ola,global,,,layers.1.weight,raw,70,0.047338377025893746,0.0480145718605707,0.047676474443232225,2,2.3107245425003553,0.996875,1280
bayesfl_observability_v1,ola_sparse_bayesian_keep010_seed42,20,ola,global,,,layers.1.weight,raw,71,0.0480145718605707,0.04869076669524764,0.04835266927790917,1,1.1553622712501894,0.99765625,1280
bayesfl_observability_v1,ola_sparse_bayesian_keep010_seed42,20,ola,global,,,layers.1.weight,raw,72,0.04869076669524764,0.04936696152992459,0.04902886411258611,0,0.0,0.99765625,1280
bayesfl_observability_v1,ola_sparse_bayesian_keep010_seed42,20,ola,global,,,layers.1.weight,raw,73,0.04936696152992459,0.05004315636460154,0.04970505894726307,1,1.1553622712501777,0.9984375,1280
bayesfl_observability_v1,ola_sparse_bayesian_keep010_seed42,20,ola,global,,,layers.1.weight,raw,74,0.05004315636460154,0.050719351199278485,0.050381253781940014,0,0.0,0.9984375,1280
bayesfl_observability_v1,ola_sparse_bayesian_keep010_seed42,20,ola,global,,,layers.1.weight,raw,75,0.050719351199278485,0.051395546033955436,0.05105744861661696,0,0.0,0.9984375,1280
bayesfl_observability_v1,ola_sparse_bayesian_keep010_seed42,20,ola,global,,,layers.1.weight,raw,76,0.051395546033955436,0.05207174086863238,0.05173364345129391,0,0.0,0.9984375,1280
bayesfl_observability_v1,ola_sparse_bayesian_keep010_seed42,20,ola,global,,,layers.1.weight,raw,77,0.05207174086863238,0.05274793570330933,0.05240983828597086,0,0.0,0.9984375,1280
bayesfl_observability_v1,ola_sparse_bayesian_keep010_seed42,20,ola,global,,,layers.1.weight,raw,78,0.05274793570330933,0.053424130537986274,0.0530860331206478,1,1.1553622712501894,0.99921875,1280
bayesfl_observability_v1,ola_sparse_bayesian_keep010_seed42,20,ola,global,,,layers.1.weight,raw,79,0.053424130537986274,0.054100325372663224,0.053762227955324746,1,1.1553622712501777,1.0,1280
bayesfl_observability_v1,ola_sparse_bayesian_keep010_seed42,20,ola,global,,,layers.1.weight,db,0,-106.48699990099269,-105.4726124329612,-105.97980616697694,1,0.0007701692150397801,0.00078125,1280
bayesfl_observability_v1,ola_sparse_bayesian_keep010_seed42,20,ola,global,,,layers.1.weight,db,1,-105.4726124329612,-104.45822496492973,-104.96541869894546,0,0.0,0.00078125,1280
bayesfl_observability_v1,ola_sparse_bayesian_keep010_seed42,20,ola,global,,,layers.1.weight,db,2,-104.45822496492973,-103.44383749689825,-103.951031230914,0,0.0,0.00078125,1280
bayesfl_observability_v1,ola_sparse_bayesian_keep010_seed42,20,ola,global,,,layers.1.weight,db,3,-103.44383749689825,-102.42945002886677,-102.93664376288251,0,0.0,0.00078125,1280
bayesfl_observability_v1,ola_sparse_bayesian_keep010_seed42,20,ola,global,,,layers.1.weight,db,4,-102.42945002886677,-101.41506256083528,-101.92225629485102,0,0.0,0.00078125,1280
bayesfl_observability_v1,ola_sparse_bayesian_keep010_seed42,20,ola,global,,,layers.1.weight,db,5,-101.41506256083528,-100.40067509280381,-100.90786882681954,0,0.0,0.00078125,1280
bayesfl_observability_v1,ola_sparse_bayesian_keep010_seed42,20,ola,global,,,layers.1.weight,db,6,-100.40067509280381,-99.38628762477234,-99.89348135878808,0,0.0,0.00078125,1280
bayesfl_observability_v1,ola_sparse_bayesian_keep010_seed42,20,ola,global,,,layers.1.weight,db,7,-99.38628762477234,-98.37190015674085,-98.8790938907566,0,0.0,0.00078125,1280
bayesfl_observability_v1,ola_sparse_bayesian_keep010_seed42,20,ola,global,,,layers.1.weight,db,8,-98.37190015674085,-97.35751268870936,-97.8647064227251,0,0.0,0.00078125,1280
bayesfl_observability_v1,ola_sparse_bayesian_keep010_seed42,20,ola,global,,,layers.1.weight,db,9,-97.35751268870936,-96.34312522067789,-96.85031895469362,0,0.0,0.00078125,1280
bayesfl_observability_v1,ola_sparse_bayesian_keep010_seed42,20,ola,global,,,layers.1.weight,db,10,-96.34312522067789,-95.32873775264642,-95.83593148666216,0,0.0,0.00078125,1280
bayesfl_observability_v1,ola_sparse_bayesian_keep010_seed42,20,ola,global,,,layers.1.weight,db,11,-95.32873775264642,-94.31435028461493,-94.82154401863068,2,0.0015403384300795601,0.00234375,1280
bayesfl_observability_v1,ola_sparse_bayesian_keep010_seed42,20,ola,global,,,layers.1.weight,db,12,-94.31435028461493,-93.29996281658345,-93.80715655059919,0,0.0,0.00234375,1280
bayesfl_observability_v1,ola_sparse_bayesian_keep010_seed42,20,ola,global,,,layers.1.weight,db,13,-93.29996281658345,-92.28557534855197,-92.7927690825677,2,0.0015403384300795816,0.00390625,1280
bayesfl_observability_v1,ola_sparse_bayesian_keep010_seed42,20,ola,global,,,layers.1.weight,db,14,-92.28557534855197,-91.2711878805205,-91.77838161453624,0,0.0,0.00390625,1280
bayesfl_observability_v1,ola_sparse_bayesian_keep010_seed42,20,ola,global,,,layers.1.weight,db,15,-91.2711878805205,-90.25680041248901,-90.76399414650476,1,0.0007701692150397801,0.0046875,1280
bayesfl_observability_v1,ola_sparse_bayesian_keep010_seed42,20,ola,global,,,layers.1.weight,db,16,-90.25680041248901,-89.24241294445753,-89.74960667847327,2,0.0015403384300795601,0.00625,1280
bayesfl_observability_v1,ola_sparse_bayesian_keep010_seed42,20,ola,global,,,layers.1.weight,db,17,-89.24241294445753,-88.22802547642605,-88.73521921044178,1,0.0007701692150397908,0.00703125,1280
bayesfl_observability_v1,ola_sparse_bayesian_keep010_seed42,20,ola,global,,,layers.1.weight,db,18,-88.22802547642605,-87.21363800839458,-87.72083174241033,2,0.0015403384300795816,0.00859375,1280
bayesfl_observability_v1,ola_sparse_bayesian_keep010_seed42,20,ola,global,,,layers.1.weight,db,19,-87.21363800839458,-86.1992505403631,-86.70644427437884,0,0.0,0.00859375,1280
bayesfl_observability_v1,ola_sparse_bayesian_keep010_seed42,20,ola,global,,,layers.1.weight,db,20,-86.1992505403631,-85.18486307233161,-85.69205680634735,2,0.0015403384300795601,0.01015625,1280
bayesfl_observability_v1,ola_sparse_bayesian_keep010_seed42,20,ola,global,,,layers.1.weight,db,21,-85.18486307233161,-84.17047560430014,-84.67766933831587,0,0.0,0.01015625,1280
bayesfl_observability_v1,ola_sparse_bayesian_keep010_seed42,20,ola,global,,,layers.1.weight,db,22,-84.17047560430014,-83.15608813626866,-83.66328187028441,2,0.0015403384300795816,0.01171875,1280
bayesfl_observability_v1,ola_sparse_bayesian_keep010_seed42,20,ola,global,,,layers.1.weight,db,23,-83.15608813626866,-82.14170066823718,-82.64889440225292,1,0.0007701692150397801,0.0125,1280
bayesfl_observability_v1,ola_sparse_bayesian_keep010_seed42,20,ola,global,,,layers.1.weight,db,24,-82.14170066823718,-81.12731320020569,-81.63450693422143,2,0.0015403384300795601,0.0140625,1280
bayesfl_observability_v1,ola_sparse_bayesian_keep010_seed42,20,ola,global,,,layers.1.weight,db,25,-81.12731320020569,-80.11292573217422,-80.62011946618995,4,0.003080676860159163,0.0171875,1280
bayesfl_observability_v1,ola_sparse_bayesian_keep010_seed42,20,ola,global,,,layers.1.weight,db,26,-80.11292573217422,-79.09853826414275,-79.60573199815849,5,0.003850846075198954,0.02109375,1280
bayesfl_observability_v1,ola_sparse_bayesian_keep010_seed42,20,ola,global,,,layers.1.weight,db,27,-79.09853826414275,-78.08415079611126,-78.591344530127,3,0.00231050764511934,0.0234375,1280
bayesfl_observability_v1,ola_sparse_bayesian_keep010_seed42,20,ola,global,,,layers.1.weight,db,28,-78.08415079611126,-77.06976332807977,-77.57695706209552,4,0.0030806768601591202,0.0265625,1280
bayesfl_observability_v1,ola_sparse_bayesian_keep010_seed42,20,ola,global,,,layers.1.weight,db,29,-77.06976332807977,-76.0553758600483,-76.56256959406403,2,0.0015403384300795816,0.028125,1280
bayesfl_observability_v1,ola_sparse_bayesian_keep010_seed42,20,ola,global,,,layers.1.weight,db,30,-76.0553758600483,-75.04098839201683,-75.54818212603257,5,0.003850846075198954,0.03203125,1280
bayesfl_observability_v1,ola_sparse_bayesian_keep010_seed42,20,ola,global,,,layers.1.weight,db,31,-75.04098839201683,-74.02660092398534,-74.53379465800109,2,0.0015403384300795601,0.03359375,1280
bayesfl_observability_v1,ola_sparse_bayesian_keep010_seed42,20,ola,global,,,layers.1.weight,db,32,-74.02660092398534,-73.01221345595386,-73.5194071899696,6,0.00462101529023868,0.03828125,1280
bayesfl_observability_v1,ola_sparse_bayesian_keep010_seed42,20,ola,global,,,layers.1.weight,db,33,-73.01221345595386,-71.99782598792238,-72.50501972193811,9,0.006931522935358117,0.0453125,1280
bayesfl_observability_v1,ola_sparse_bayesian_keep010_seed42,20,ola,global,,,layers.1.weight,db,34,-71.99782598792238,-70.98343851989091,-71.49063225390665,5,0.003850846075198954,0.04921875,1280
bayesfl_observability_v1,ola_sparse_bayesian_keep010_seed42,20,ola,global,,,layers.1.weight,db,35,-70.98343851989091,-69.96905105185942,-70.47624478587517,9,0.00693152293535802,0.05625,1280
bayesfl_observability_v1,ola_sparse_bayesian_keep010_seed42,20,ola,global,,,layers.1.weight,db,36,-69.96905105185942,-68.95466358382794,-69.46185731784368,10,0.0077016921503978006,0.0640625,1280
bayesfl_observability_v1,ola_sparse_bayesian_keep010_seed42,20,ola,global,,,layers.1.weight,db,37,-68.95466358382794,-67.94027611579646,-68.4474698498122,9,0.006931522935358117,0.07109375,1280
bayesfl_observability_v1,ola_sparse_bayesian_keep010_seed42,20,ola,global,,,layers.1.weight,db,38,-67.94027611579646,-66.92588864776499,-67.43308238178074,17,0.013092876655676444,0.084375,1280
bayesfl_observability_v1,ola_sparse_bayesian_keep010_seed42,20,ola,global,,,layers.1.weight,db,39,-66.92588864776499,-65.9115011797335,-66.41869491374925,11,0.00847186136543758,0.09296875,1280
bayesfl_observability_v1,ola_sparse_bayesian_keep010_seed42,20,ola,global,,,layers.1.weight,db,40,-65.9115011797335,-64.89711371170202,-65.40430744571776,12,0.00924203058047736,0.10234375,1280
bayesfl_observability_v1,ola_sparse_bayesian_keep010_seed42,20,ola,global,,,layers.1.weight,db,41,-64.89711371170202,-63.88272624367055,-64.38991997768628,14,0.01078236901055707,0.11328125,1280
bayesfl_observability_v1,ola_sparse_bayesian_keep010_seed42,20,ola,global,,,layers.1.weight,db,42,-63.88272624367055,-62.86833877563907,-63.3755325096548,20,0.015403384300795709,0.12890625,1280
bayesfl_observability_v1,ola_sparse_bayesian_keep010_seed42,20,ola,global,,,layers.1.weight,db,43,-62.86833877563907,-61.85395130760759,-62.36114504162333,16,0.012322707440636568,0.14140625,1280
bayesfl_observability_v1,ola_sparse_bayesian_keep010_seed42,20,ola,global,,,layers.1.weight,db,44,-61.85395130760759,-60.83956383957611,-61.346757573591844,19,0.014633215085755923,0.15625,1280
bayesfl_observability_v1,ola_sparse_bayesian_keep010_seed42,20,ola,global,,,layers.1.weight,db,45,-60.83956383957611,-59.82517637154463,-60.33237010556037,21,0.016173553515835493,0.17265625,1280
bayesfl_observability_v1,ola_sparse_bayesian_keep010_seed42,20,ola,global,,,layers.1.weight,db,46,-59.82517637154463,-58.81078890351315,-59.317982637528885,17,0.013092876655676352,0.1859375,1280
bayesfl_observability_v1,ola_sparse_bayesian_keep010_seed42,20,ola,global,,,layers.1.weight,db,47,-58.81078890351315,-57.79640143548167,-58.30359516949741,23,0.017713891945915064,0.20390625,1280
bayesfl_observability_v1,ola_sparse_bayesian_keep010_seed42,20,ola,global,,,layers.1.weight,db,48,-57.79640143548167,-56.78201396745019,-57.28920770146593,38,0.029266430171511846,0.23359375,1280
bayesfl_observability_v1,ola_sparse_bayesian_keep010_seed42,20,ola,global,,,layers.1.weight,db,49,-56.78201396745019,-55.76762649941871,-56.274820233434454,40,0.030806768601591417,0.26484375,1280
bayesfl_observability_v1,ola_sparse_bayesian_keep010_seed42,20,ola,global,,,layers.1.weight,db,50,-55.76762649941871,-54.75323903138723,-55.26043276540297,54,0.041589137612148414,0.30703125,1280
bayesfl_observability_v1,ola_sparse_bayesian_keep010_seed42,20,ola,global,,,layers.1.weight,db,51,-54.75323903138723,-53.73885156335575,-54.246045297371495,59,0.04543998368734734,0.353125,1280
bayesfl_observability_v1,ola_sparse_bayesian_keep010_seed42,20,ola,global,,,layers.1.weight,db,52,-53.73885156335575,-52.72446409532427,-53.23165782934001,51,0.039278629967029056,0.39296875,1280
bayesfl_observability_v1,ola_sparse_bayesian_keep010_seed42,20,ola,global,,,layers.1.weight,db,53,-52.72446409532427,-51.71007662729279,-52.217270361308536,56,0.043129476042227985,0.43671875,1280
bayesfl_observability_v1,ola_sparse_bayesian_keep010_seed42,20,ola,global,,,layers.1.weight,db,54,-51.71007662729279,-50.69568915926131,-51.20288289327705,67,0.05160133740766562,0.4890625,1280
bayesfl_observability_v1,ola_sparse_bayesian_keep010_seed42,20,ola,global,,,layers.1.weight,db,55,-50.69568915926131,-49.681301691229834,-50.18849542524558,61,0.04698032211742691,0.53671875,1280
bayesfl_observability_v1,ola_sparse_bayesian_keep010_seed42,20,ola,global,,,layers.1.weight,db,56,-49.681301691229834,-48.666914223198354,-49.17410795721409,51,0.039278629967029056,0.5765625,1280
bayesfl_observability_v1,ola_sparse_bayesian_keep010_seed42,20,ola,global,,,layers.1.weight,db,57,-48.666914223198354,-47.652526755166875,-48.15972048918262,53,0.04081896839710863,0.61796875,1280
bayesfl_observability_v1,ola_sparse_bayesian_keep010_seed42,20,ola,global,,,layers.1.weight,db,58,-47.652526755166875,-46.638139287135395,-47.14533302115113,52,0.04004879918206884,0.65859375,1280
bayesfl_observability_v1,ola_sparse_bayesian_keep010_seed42,20,ola,global,,,layers.1.weight,db,59,-46.638139287135395,-45.623751819103916,-46.13094555311966,33,0.025415584096312917,0.684375,1280
bayesfl_observability_v1,ola_sparse_bayesian_keep010_seed42,20,ola,global,,,layers.1.weight,db,60,-45.623751819103916,-44.609364351072436,-45.11655808508817,42,0.032347107031670985,0.7171875,1280
bayesfl_observability_v1,ola_sparse_bayesian_keep010_seed42,20,ola,global,,,layers.1.weight,db,61,-44.609364351072436,-43.59497688304096,-44.1021706170567,48,0.0369681223219097,0.7546875,1280
bayesfl_observability_v1,ola_sparse_bayesian_keep010_seed42,20,ola,global,,,layers.1.weight,db,62,-43.59497688304096,-42.58058941500948,-43.08778314902521,34,0.026185753311352703,0.78125,1280
bayesfl_observability_v1,ola_sparse_bayesian_keep010_seed42,20,ola,global,,,layers.1.weight,db,63,-42.58058941500948,-41.566201946978,-42.07339568099374,41,0.0315769378166312,0.81328125,1280
bayesfl_observability_v1,ola_sparse_bayesian_keep010_seed42,20,ola,global,,,layers.1.weight,db,64,-41.566201946978,-40.55181447894651,-41.059008212962254,36,0.02772609174143208,0.84140625,1280
bayesfl_observability_v1,ola_sparse_bayesian_keep010_seed42,20,ola,global,,,layers.1.weight,db,65,-40.55181447894651,-39.53742701091504,-40.044620744930775,36,0.02772609174143247,0.86953125,1280
bayesfl_observability_v1,ola_sparse_bayesian_keep010_seed42,20,ola,global,,,layers.1.weight,db,66,-39.53742701091504,-38.523039542883566,-39.0302332768993,25,0.01925423037599477,0.8890625,1280
bayesfl_observability_v1,ola_sparse_bayesian_keep010_seed42,20,ola,global,,,layers.1.weight,db,67,-38.523039542883566,-37.50865207485208,-38.01584580886782,24,0.01848406116095472,0.9078125,1280
bayesfl_observability_v1,ola_sparse_bayesian_keep010_seed42,20,ola,global,,,layers.1.weight,db,68,-37.50865207485208,-36.49426460682059,-37.001458340836336,14,0.01078236901055692,0.91875,1280
bayesfl_observability_v1,ola_sparse_bayesian_keep010_seed42,20,ola,global,,,layers.1.weight,db,69,-36.49426460682059,-35.47987713878912,-35.98707087280486,18,0.013863045870716234,0.9328125,1280
bayesfl_observability_v1,ola_sparse_bayesian_keep010_seed42,20,ola,global,,,layers.1.weight,db,70,-35.47987713878912,-34.46548967075765,-34.972683404773385,18,0.013863045870716234,0.946875,1280
bayesfl_observability_v1,ola_sparse_bayesian_keep010_seed42,20,ola,global,,,layers.1.weight,db,71,-34.46548967075765,-33.45110220272616,-33.958295936741905,17,0.013092876655676261,0.96015625,1280
bayesfl_observability_v1,ola_sparse_bayesian_keep010_seed42,20,ola,global,,,layers.1.weight,db,72,-33.45110220272616,-32.436714734694675,-32.94390846871042,13,0.010012199795517141,0.9703125,1280
bayesfl_observability_v1,ola_sparse_bayesian_keep010_seed42,20,ola,global,,,layers.1.weight,db,73,-32.436714734694675,-31.422327266663203,-31.92952100067894,7,0.005391184505278535,0.97578125,1280
bayesfl_observability_v1,ola_sparse_bayesian_keep010_seed42,20,ola,global,,,layers.1.weight,db,74,-31.422327266663203,-30.40793979863173,-30.915133532647467,5,0.003850846075198954,0.9796875,1280
bayesfl_observability_v1,ola_sparse_bayesian_keep010_seed42,20,ola,global,,,layers.1.weight,db,75,-30.40793979863173,-29.393552330600244,-29.900746064615987,6,0.00462101529023868,0.984375,1280
bayesfl_observability_v1,ola_sparse_bayesian_keep010_seed42,20,ola,global,,,layers.1.weight,db,76,-29.393552330600244,-28.379164862568757,-28.8863585965845,5,0.0038508460751989003,0.98828125,1280
bayesfl_observability_v1,ola_sparse_bayesian_keep010_seed42,20,ola,global,,,layers.1.weight,db,77,-28.379164862568757,-27.364777394537285,-27.87197112855302,4,0.003080676860159163,0.99140625,1280
bayesfl_observability_v1,ola_sparse_bayesian_keep010_seed42,20,ola,global,,,layers.1.weight,db,78,-27.364777394537285,-26.350389926505812,-26.85758366052155,7,0.005391184505278535,0.996875,1280
bayesfl_observability_v1,ola_sparse_bayesian_keep010_seed42,20,ola,global,,,layers.1.weight,db,79,-26.350389926505812,-25.33600245847432,-25.843196192490065,4,0.0030806768601590985,1.0,1280
bayesfl_observability_v1,ola_sparse_bayesian_keep010_seed42,20,ola,global,,,layers.1.bias,raw,0,0.0002684704776600366,0.0005178387795048475,0.000393154628582442,2,802.0265547802696,0.2,10
bayesfl_observability_v1,ola_sparse_bayesian_keep010_seed42,20,ola,global,,,layers.1.bias,raw,1,0.0005178387795048475,0.0007672070813496581,0.0006425229304272528,0,0.0,0.2,10
bayesfl_observability_v1,ola_sparse_bayesian_keep010_seed42,20,ola,global,,,layers.1.bias,raw,2,0.0007672070813496581,0.001016575383194469,0.0008918912322720636,0,0.0,0.2,10
bayesfl_observability_v1,ola_sparse_bayesian_keep010_seed42,20,ola,global,,,layers.1.bias,raw,3,0.001016575383194469,0.0012659436850392797,0.0011412595341168744,0,0.0,0.2,10
bayesfl_observability_v1,ola_sparse_bayesian_keep010_seed42,20,ola,global,,,layers.1.bias,raw,4,0.0012659436850392797,0.0015153119868840904,0.001390627835961685,1,401.0132773901351,0.3,10
bayesfl_observability_v1,ola_sparse_bayesian_keep010_seed42,20,ola,global,,,layers.1.bias,raw,5,0.0015153119868840904,0.0017646802887289013,0.0016399961378064957,1,401.01327739013476,0.4,10
bayesfl_observability_v1,ola_sparse_bayesian_keep010_seed42,20,ola,global,,,layers.1.bias,raw,6,0.0017646802887289013,0.0020140485905737124,0.0018893644396513068,0,0.0,0.4,10
bayesfl_observability_v1,ola_sparse_bayesian_keep010_seed42,20,ola,global,,,layers.1.bias,raw,7,0.0020140485905737124,0.002263416892418523,0.002138732741496118,2,802.0265547802702,0.6,10
bayesfl_observability_v1,ola_sparse_bayesian_keep010_seed42,20,ola,global,,,layers.1.bias,raw,8,0.002263416892418523,0.0025127851942633337,0.002388101043340928,0,0.0,0.6,10
bayesfl_observability_v1,ola_sparse_bayesian_keep010_seed42,20,ola,global,,,layers.1.bias,raw,9,0.0025127851942633337,0.0027621534961081444,0.0026374693451857393,0,0.0,0.6,10
bayesfl_observability_v1,ola_sparse_bayesian_keep010_seed42,20,ola,global,,,layers.1.bias,raw,10,0.0027621534961081444,0.0030115217979529555,0.00288683764703055,0,0.0,0.6,10
bayesfl_observability_v1,ola_sparse_bayesian_keep010_seed42,20,ola,global,,,layers.1.bias,raw,11,0.0030115217979529555,0.003260890099797766,0.0031362059488753606,0,0.0,0.6,10
bayesfl_observability_v1,ola_sparse_bayesian_keep010_seed42,20,ola,global,,,layers.1.bias,raw,12,0.003260890099797766,0.003510258401642577,0.0033855742507201718,0,0.0,0.6,10
bayesfl_observability_v1,ola_sparse_bayesian_keep010_seed42,20,ola,global,,,layers.1.bias,raw,13,0.003510258401642577,0.003759626703487388,0.0036349425525649824,0,0.0,0.6,10
bayesfl_observability_v1,ola_sparse_bayesian_keep010_seed42,20,ola,global,,,layers.1.bias,raw,14,0.003759626703487388,0.004008995005332199,0.003884310854409793,0,0.0,0.6,10
bayesfl_observability_v1,ola_sparse_bayesian_keep010_seed42,20,ola,global,,,layers.1.bias,raw,15,0.004008995005332199,0.004258363307177009,0.004133679156254604,0,0.0,0.6,10
bayesfl_observability_v1,ola_sparse_bayesian_keep010_seed42,20,ola,global,,,layers.1.bias,raw,16,0.004258363307177009,0.00450773160902182,0.0043830474580994145,1,401.0132773901344,0.7,10
bayesfl_observability_v1,ola_sparse_bayesian_keep010_seed42,20,ola,global,,,layers.1.bias,raw,17,0.00450773160902182,0.00475709991086663,0.004632415759944225,0,0.0,0.7,10
bayesfl_observability_v1,ola_sparse_bayesian_keep010_seed42,20,ola,global,,,layers.1.bias,raw,18,0.00475709991086663,0.005006468212711441,0.004881784061789036,2,802.0265547802688,0.9,10
bayesfl_observability_v1,ola_sparse_bayesian_keep010_seed42,20,ola,global,,,layers.1.bias,raw,19,0.005006468212711441,0.005255836514556252,0.005131152363633847,0,0.0,0.9,10
bayesfl_observability_v1,ola_sparse_bayesian_keep010_seed42,20,ola,global,,,layers.1.bias,raw,20,0.005255836514556252,0.005505204816401063,0.005380520665478657,0,0.0,0.9,10
bayesfl_observability_v1,ola_sparse_bayesian_keep010_seed42,20,ola,global,,,layers.1.bias,raw,21,0.005505204816401063,0.005754573118245874,0.005629888967323468,0,0.0,0.9,10
bayesfl_observability_v1,ola_sparse_bayesian_keep010_seed42,20,ola,global,,,layers.1.bias,raw,22,0.005754573118245874,0.006003941420090684,0.0058792572691682785,0,0.0,0.9,10
bayesfl_observability_v1,ola_sparse_bayesian_keep010_seed42,20,ola,global,,,layers.1.bias,raw,23,0.006003941420090684,0.006253309721935495,0.00612862557101309,0,0.0,0.9,10
bayesfl_observability_v1,ola_sparse_bayesian_keep010_seed42,20,ola,global,,,layers.1.bias,raw,24,0.006253309721935495,0.006502678023780306,0.006377993872857901,0,0.0,0.9,10
bayesfl_observability_v1,ola_sparse_bayesian_keep010_seed42,20,ola,global,,,layers.1.bias,raw,25,0.006502678023780306,0.0067520463256251165,0.006627362174702712,0,0.0,0.9,10
bayesfl_observability_v1,ola_sparse_bayesian_keep010_seed42,20,ola,global,,,layers.1.bias,raw,26,0.0067520463256251165,0.007001414627469928,0.006876730476547522,0,0.0,0.9,10
bayesfl_observability_v1,ola_sparse_bayesian_keep010_seed42,20,ola,global,,,layers.1.bias,raw,27,0.007001414627469928,0.007250782929314739,0.007126098778392333,0,0.0,0.9,10
bayesfl_observability_v1,ola_sparse_bayesian_keep010_seed42,20,ola,global,,,layers.1.bias,raw,28,0.007250782929314739,0.007500151231159549,0.0073754670802371435,0,0.0,0.9,10
bayesfl_observability_v1,ola_sparse_bayesian_keep010_seed42,20,ola,global,,,layers.1.bias,raw,29,0.007500151231159549,0.00774951953300436,0.0076248353820819546,0,0.0,0.9,10
bayesfl_observability_v1,ola_sparse_bayesian_keep010_seed42,20,ola,global,,,layers.1.bias,raw,30,0.00774951953300436,0.00799888783484917,0.007874203683926766,0,0.0,0.9,10
bayesfl_observability_v1,ola_sparse_bayesian_keep010_seed42,20,ola,global,,,layers.1.bias,raw,31,0.00799888783484917,0.008248256136693981,0.008123571985771575,0,0.0,0.9,10
bayesfl_observability_v1,ola_sparse_bayesian_keep010_seed42,20,ola,global,,,layers.1.bias,raw,32,0.008248256136693981,0.008497624438538793,0.008372940287616388,0,0.0,0.9,10
bayesfl_observability_v1,ola_sparse_bayesian_keep010_seed42,20,ola,global,,,layers.1.bias,raw,33,0.008497624438538793,0.008746992740383604,0.008622308589461197,0,0.0,0.9,10
bayesfl_observability_v1,ola_sparse_bayesian_keep010_seed42,20,ola,global,,,layers.1.bias,raw,34,0.008746992740383604,0.008996361042228413,0.008871676891306008,0,0.0,0.9,10
bayesfl_observability_v1,ola_sparse_bayesian_keep010_seed42,20,ola,global,,,layers.1.bias,raw,35,0.008996361042228413,0.009245729344073224,0.00912104519315082,0,0.0,0.9,10
bayesfl_observability_v1,ola_sparse_bayesian_keep010_seed42,20,ola,global,,,layers.1.bias,raw,36,0.009245729344073224,0.009495097645918035,0.009370413494995629,0,0.0,0.9,10
bayesfl_observability_v1,ola_sparse_bayesian_keep010_seed42,20,ola,global,,,layers.1.bias,raw,37,0.009495097645918035,0.009744465947762846,0.009619781796840442,0,0.0,0.9,10
bayesfl_observability_v1,ola_sparse_bayesian_keep010_seed42,20,ola,global,,,layers.1.bias,raw,38,0.009744465947762846,0.009993834249607658,0.009869150098685251,0,0.0,0.9,10
bayesfl_observability_v1,ola_sparse_bayesian_keep010_seed42,20,ola,global,,,layers.1.bias,raw,39,0.009993834249607658,0.010243202551452467,0.010118518400530062,0,0.0,0.9,10
bayesfl_observability_v1,ola_sparse_bayesian_keep010_seed42,20,ola,global,,,layers.1.bias,raw,40,0.010243202551452467,0.010492570853297278,0.010367886702374873,0,0.0,0.9,10
bayesfl_observability_v1,ola_sparse_bayesian_keep010_seed42,20,ola,global,,,layers.1.bias,raw,41,0.010492570853297278,0.010741939155142089,0.010617255004219683,0,0.0,0.9,10
bayesfl_observability_v1,ola_sparse_bayesian_keep010_seed42,20,ola,global,,,layers.1.bias,raw,42,0.010741939155142089,0.0109913074569869,0.010866623306064496,0,0.0,0.9,10
bayesfl_observability_v1,ola_sparse_bayesian_keep010_seed42,20,ola,global,,,layers.1.bias,raw,43,0.0109913074569869,0.011240675758831711,0.011115991607909305,0,0.0,0.9,10
bayesfl_observability_v1,ola_sparse_bayesian_keep010_seed42,20,ola,global,,,layers.1.bias,raw,44,0.011240675758831711,0.011490044060676522,0.011365359909754118,0,0.0,0.9,10
bayesfl_observability_v1,ola_sparse_bayesian_keep010_seed42,20,ola,global,,,layers.1.bias,raw,45,0.011490044060676522,0.011739412362521332,0.011614728211598927,0,0.0,0.9,10
bayesfl_observability_v1,ola_sparse_bayesian_keep010_seed42,20,ola,global,,,layers.1.bias,raw,46,0.011739412362521332,0.011988780664366143,0.011864096513443737,0,0.0,0.9,10
bayesfl_observability_v1,ola_sparse_bayesian_keep010_seed42,20,ola,global,,,layers.1.bias,raw,47,0.011988780664366143,0.012238148966210954,0.01211346481528855,0,0.0,0.9,10
bayesfl_observability_v1,ola_sparse_bayesian_keep010_seed42,20,ola,global,,,layers.1.bias,raw,48,0.012238148966210954,0.012487517268055765,0.012362833117133359,0,0.0,0.9,10
bayesfl_observability_v1,ola_sparse_bayesian_keep010_seed42,20,ola,global,,,layers.1.bias,raw,49,0.012487517268055765,0.012736885569900576,0.012612201418978172,0,0.0,0.9,10
bayesfl_observability_v1,ola_sparse_bayesian_keep010_seed42,20,ola,global,,,layers.1.bias,raw,50,0.012736885569900576,0.012986253871745386,0.012861569720822981,0,0.0,0.9,10
bayesfl_observability_v1,ola_sparse_bayesian_keep010_seed42,20,ola,global,,,layers.1.bias,raw,51,0.012986253871745386,0.013235622173590197,0.01311093802266779,0,0.0,0.9,10
bayesfl_observability_v1,ola_sparse_bayesian_keep010_seed42,20,ola,global,,,layers.1.bias,raw,52,0.013235622173590197,0.013484990475435008,0.013360306324512603,0,0.0,0.9,10
bayesfl_observability_v1,ola_sparse_bayesian_keep010_seed42,20,ola,global,,,layers.1.bias,raw,53,0.013484990475435008,0.013734358777279819,0.013609674626357413,0,0.0,0.9,10
bayesfl_observability_v1,ola_sparse_bayesian_keep010_seed42,20,ola,global,,,layers.1.bias,raw,54,0.013734358777279819,0.01398372707912463,0.013859042928202225,0,0.0,0.9,10
bayesfl_observability_v1,ola_sparse_bayesian_keep010_seed42,20,ola,global,,,layers.1.bias,raw,55,0.01398372707912463,0.014233095380969441,0.014108411230047035,0,0.0,0.9,10
bayesfl_observability_v1,ola_sparse_bayesian_keep010_seed42,20,ola,global,,,layers.1.bias,raw,56,0.014233095380969441,0.01448246368281425,0.014357779531891846,0,0.0,0.9,10
bayesfl_observability_v1,ola_sparse_bayesian_keep010_seed42,20,ola,global,,,layers.1.bias,raw,57,0.01448246368281425,0.014731831984659062,0.014607147833736657,0,0.0,0.9,10
bayesfl_observability_v1,ola_sparse_bayesian_keep010_seed42,20,ola,global,,,layers.1.bias,raw,58,0.014731831984659062,0.014981200286503873,0.014856516135581466,0,0.0,0.9,10
bayesfl_observability_v1,ola_sparse_bayesian_keep010_seed42,20,ola,global,,,layers.1.bias,raw,59,0.014981200286503873,0.015230568588348684,0.01510588443742628,0,0.0,0.9,10
bayesfl_observability_v1,ola_sparse_bayesian_keep010_seed42,20,ola,global,,,layers.1.bias,raw,60,0.015230568588348684,0.015479936890193495,0.015355252739271089,0,0.0,0.9,10
bayesfl_observability_v1,ola_sparse_bayesian_keep010_seed42,20,ola,global,,,layers.1.bias,raw,61,0.015479936890193495,0.015729305192038304,0.0156046210411159,0,0.0,0.9,10
bayesfl_observability_v1,ola_sparse_bayesian_keep010_seed42,20,ola,global,,,layers.1.bias,raw,62,0.015729305192038304,0.015978673493883117,0.01585398934296071,0,0.0,0.9,10
bayesfl_observability_v1,ola_sparse_bayesian_keep010_seed42,20,ola,global,,,layers.1.bias,raw,63,0.015978673493883117,0.016228041795727927,0.01610335764480552,0,0.0,0.9,10
bayesfl_observability_v1,ola_sparse_bayesian_keep010_seed42,20,ola,global,,,layers.1.bias,raw,64,0.016228041795727927,0.016477410097572736,0.016352725946650333,0,0.0,0.9,10
bayesfl_observability_v1,ola_sparse_bayesian_keep010_seed42,20,ola,global,,,layers.1.bias,raw,65,0.016477410097572736,0.01672677839941755,0.016602094248495142,0,0.0,0.9,10
bayesfl_observability_v1,ola_sparse_bayesian_keep010_seed42,20,ola,global,,,layers.1.bias,raw,66,0.01672677839941755,0.016976146701262358,0.016851462550339952,0,0.0,0.9,10
bayesfl_observability_v1,ola_sparse_bayesian_keep010_seed42,20,ola,global,,,layers.1.bias,raw,67,0.016976146701262358,0.01722551500310717,0.017100830852184765,0,0.0,0.9,10
bayesfl_observability_v1,ola_sparse_bayesian_keep010_seed42,20,ola,global,,,layers.1.bias,raw,68,0.01722551500310717,0.01747488330495198,0.017350199154029577,0,0.0,0.9,10
bayesfl_observability_v1,ola_sparse_bayesian_keep010_seed42,20,ola,global,,,layers.1.bias,raw,69,0.01747488330495198,0.01772425160679679,0.017599567455874383,0,0.0,0.9,10
bayesfl_observability_v1,ola_sparse_bayesian_keep010_seed42,20,ola,global,,,layers.1.bias,raw,70,0.01772425160679679,0.017973619908641603,0.017848935757719196,0,0.0,0.9,10
bayesfl_observability_v1,ola_sparse_bayesian_keep010_seed42,20,ola,global,,,layers.1.bias,raw,71,0.017973619908641603,0.018222988210486412,0.01809830405956401,0,0.0,0.9,10
bayesfl_observability_v1,ola_sparse_bayesian_keep010_seed42,20,ola,global,,,layers.1.bias,raw,72,0.018222988210486412,0.018472356512331225,0.01834767236140882,0,0.0,0.9,10
bayesfl_observability_v1,ola_sparse_bayesian_keep010_seed42,20,ola,global,,,layers.1.bias,raw,73,0.018472356512331225,0.018721724814176034,0.018597040663253628,0,0.0,0.9,10
bayesfl_observability_v1,ola_sparse_bayesian_keep010_seed42,20,ola,global,,,layers.1.bias,raw,74,0.018721724814176034,0.018971093116020844,0.01884640896509844,0,0.0,0.9,10
bayesfl_observability_v1,ola_sparse_bayesian_keep010_seed42,20,ola,global,,,layers.1.bias,raw,75,0.018971093116020844,0.019220461417865656,0.01909577726694325,0,0.0,0.9,10
bayesfl_observability_v1,ola_sparse_bayesian_keep010_seed42,20,ola,global,,,layers.1.bias,raw,76,0.019220461417865656,0.019469829719710466,0.01934514556878806,0,0.0,0.9,10
bayesfl_observability_v1,ola_sparse_bayesian_keep010_seed42,20,ola,global,,,layers.1.bias,raw,77,0.019469829719710466,0.01971919802155528,0.019594513870632872,0,0.0,0.9,10
bayesfl_observability_v1,ola_sparse_bayesian_keep010_seed42,20,ola,global,,,layers.1.bias,raw,78,0.01971919802155528,0.019968566323400088,0.019843882172477685,0,0.0,0.9,10
bayesfl_observability_v1,ola_sparse_bayesian_keep010_seed42,20,ola,global,,,layers.1.bias,raw,79,0.019968566323400088,0.0202179346252449,0.020093250474322494,1,401.0132773901316,1.0,10
bayesfl_observability_v1,ola_sparse_bayesian_keep010_seed42,20,ola,global,,,layers.1.bias,db,0,-71.42206925775574,-70.95285919504892,-71.18746422640233,1,0.2131241589813973,0.1,10
bayesfl_observability_v1,ola_sparse_bayesian_keep010_seed42,20,ola,global,,,layers.1.bias,db,1,-70.95285919504892,-70.4836491323421,-70.7182541636955,0,0.0,0.1,10
bayesfl_observability_v1,ola_sparse_bayesian_keep010_seed42,20,ola,global,,,layers.1.bias,db,2,-70.4836491323421,-70.01443906963527,-70.24904410098868,0,0.0,0.1,10
bayesfl_observability_v1,ola_sparse_bayesian_keep010_seed42,20,ola,global,,,layers.1.bias,db,3,-70.01443906963527,-69.54522900692845,-69.77983403828186,0,0.0,0.1,10
bayesfl_observability_v1,ola_sparse_bayesian_keep010_seed42,20,ola,global,,,layers.1.bias,db,4,-69.54522900692845,-69.07601894422163,-69.31062397557504,0,0.0,0.1,10
bayesfl_observability_v1,ola_sparse_bayesian_keep010_seed42,20,ola,global,,,layers.1.bias,db,5,-69.07601894422163,-68.60680888151481,-68.84141391286822,0,0.0,0.1,10
bayesfl_observability_v1,ola_sparse_bayesian_keep010_seed42,20,ola,global,,,layers.1.bias,db,6,-68.60680888151481,-68.13759881880799,-68.3722038501614,0,0.0,0.1,10
bayesfl_observability_v1,ola_sparse_bayesian_keep010_seed42,20,ola,global,,,layers.1.bias,db,7,-68.13759881880799,-67.66838875610117,-67.90299378745458,1,0.2131241589813973,0.2,10
bayesfl_observability_v1,ola_sparse_bayesian_keep010_seed42,20,ola,global,,,layers.1.bias,db,8,-67.66838875610117,-67.19917869339434,-67.43378372474776,0,0.0,0.2,10
bayesfl_observability_v1,ola_sparse_bayesian_keep010_seed42,20,ola,global,,,layers.1.bias,db,9,-67.19917869339434,-66.72996863068752,-66.96457366204093,0,0.0,0.2,10
bayesfl_observability_v1,ola_sparse_bayesian_keep010_seed42,20,ola,global,,,layers.1.bias,db,10,-66.72996863068752,-66.2607585679807,-66.49536359933411,0,0.0,0.2,10
bayesfl_observability_v1,ola_sparse_bayesian_keep010_seed42,20,ola,global,,,layers.1.bias,db,11,-66.2607585679807,-65.79154850527388,-66.02615353662729,0,0.0,0.2,10
bayesfl_observability_v1,ola_sparse_bayesian_keep010_seed42,20,ola,global,,,layers.1.bias,db,12,-65.79154850527388,-65.32233844256706,-65.55694347392047,0,0.0,0.2,10
bayesfl_observability_v1,ola_sparse_bayesian_keep010_seed42,20,ola,global,,,layers.1.bias,db,13,-65.32233844256706,-64.85312837986024,-65.08773341121365,0,0.0,0.2,10
bayesfl_observability_v1,ola_sparse_bayesian_keep010_seed42,20,ola,global,,,layers.1.bias,db,14,-64.85312837986024,-64.38391831715342,-64.61852334850683,0,0.0,0.2,10
bayesfl_observability_v1,ola_sparse_bayesian_keep010_seed42,20,ola,global,,,layers.1.bias,db,15,-64.38391831715342,-63.9147082544466,-64.1493132858,0,0.0,0.2,10
bayesfl_observability_v1,ola_sparse_bayesian_keep010_seed42,20,ola,global,,,layers.1.bias,db,16,-63.9147082544466,-63.44549819173978,-63.68010322309319,0,0.0,0.2,10
bayesfl_observability_v1,ola_sparse_bayesian_keep010_seed42,20,ola,global,,,layers.1.bias,db,17,-63.44549819173978,-62.97628812903296,-63.21089316038637,0,0.0,0.2,10
bayesfl_observability_v1,ola_sparse_bayesian_keep010_seed42,20,ola,global,,,layers.1.bias,db,18,-62.97628812903296,-62.50707806632614,-62.74168309767955,0,0.0,0.2,10
bayesfl_observability_v1,ola_sparse_bayesian_keep010_seed42,20,ola,global,,,layers.1.bias,db,19,-62.50707806632614,-62.037868003619316,-62.27247303497273,0,0.0,0.2,10
bayesfl_observability_v1,ola_sparse_bayesian_keep010_seed42,20,ola,global,,,layers.1.bias,db,20,-62.037868003619316,-61.568657940912495,-61.803262972265905,0,0.0,0.2,10
bayesfl_observability_v1,ola_sparse_bayesian_keep010_seed42,20,ola,global,,,layers.1.bias,db,21,-61.568657940912495,-61.09944787820567,-61.334052909559084,0,0.0,0.2,10
bayesfl_observability_v1,ola_sparse_bayesian_keep010_seed42,20,ola,global,,,layers.1.bias,db,22,-61.09944787820567,-60.63023781549885,-60.86484284685226,0,0.0,0.2,10
bayesfl_observability_v1,ola_sparse_bayesian_keep010_seed42,20,ola,global,,,layers.1.bias,db,23,-60.63023781549885,-60.16102775279203,-60.39563278414544,0,0.0,0.2,10
bayesfl_observability_v1,ola_sparse_bayesian_keep010_seed42,20,ola,global,,,layers.1.bias,db,24,-60.16102775279203,-59.69181769008521,-59.92642272143862,0,0.0,0.2,10
bayesfl_observability_v1,ola_sparse_bayesian_keep010_seed42,20,ola,global,,,layers.1.bias,db,25,-59.69181769008521,-59.22260762737839,-59.4572126587318,0,0.0,0.2,10
bayesfl_observability_v1,ola_sparse_bayesian_keep010_seed42,20,ola,global,,,layers.1.bias,db,26,-59.22260762737839,-58.753397564671566,-58.98800259602498,0,0.0,0.2,10
bayesfl_observability_v1,ola_sparse_bayesian_keep010_seed42,20,ola,global,,,layers.1.bias,db,27,-58.753397564671566,-58.284187501964745,-58.518792533318155,0,0.0,0.2,10
bayesfl_observability_v1,ola_sparse_bayesian_keep010_seed42,20,ola,global,,,layers.1.bias,db,28,-58.284187501964745,-57.81497743925792,-58.049582470611334,0,0.0,0.2,10
bayesfl_observability_v1,ola_sparse_bayesian_keep010_seed42,20,ola,global,,,layers.1.bias,db,29,-57.81497743925792,-57.34576737655111,-57.58037240790452,1,0.21312415898140052,0.3,10
bayesfl_observability_v1,ola_sparse_bayesian_keep010_seed42,20,ola,global,,,layers.1.bias,db,30,-57.34576737655111,-56.87655731384429,-57.1111623451977,0,0.0,0.3,10
bayesfl_observability_v1,ola_sparse_bayesian_keep010_seed42,20,ola,global,,,layers.1.bias,db,31,-56.87655731384429,-56.407347251137466,-56.64195228249088,0,0.0,0.3,10
bayesfl_observability_v1,ola_sparse_bayesian_keep010_seed42,20,ola,global,,,layers.1.bias,db,32,-56.407347251137466,-55.938137188430645,-56.172742219784055,0,0.0,0.3,10
bayesfl_observability_v1,ola_sparse_bayesian_keep010_seed42,20,ola,global,,,layers.1.bias,db,33,-55.938137188430645,-55.46892712572382,-55.703532157077234,1,0.2131241589813973,0.4,10
bayesfl_observability_v1,ola_sparse_bayesian_keep010_seed42,20,ola,global,,,layers.1.bias,db,34,-55.46892712572382,-54.999717063017,-55.23432209437041,0,0.0,0.4,10
bayesfl_observability_v1,ola_sparse_bayesian_keep010_seed42,20,ola,global,,,layers.1.bias,db,35,-54.999717063017,-54.53050700031018,-54.76511203166359,0,0.0,0.4,10
bayesfl_observability_v1,ola_sparse_bayesian_keep010_seed42,20,ola,global,,,layers.1.bias,db,36,-54.53050700031018,-54.06129693760336,-54.29590196895677,0,0.0,0.4,10
bayesfl_observability_v1,ola_sparse_bayesian_keep010_seed42,20,ola,global,,,layers.1.bias,db,37,-54.06129693760336,-53.59208687489654,-53.82669190624995,1,0.2131241589813973,0.5,10
bayesfl_observability_v1,ola_sparse_bayesian_keep010_seed42,20,ola,global,,,layers.1.bias,db,38,-53.59208687489654,-53.122876812189716,-53.35748184354313,0,0.0,0.5,10
bayesfl_observability_v1,ola_sparse_bayesian_keep010_seed42,20,ola,global,,,layers.1.bias,db,39,-53.122876812189716,-52.653666749482895,-52.888271780836305,1,0.2131241589813973,0.6,10
bayesfl_observability_v1,ola_sparse_bayesian_keep010_seed42,20,ola,global,,,layers.1.bias,db,40,-52.653666749482895,-52.18445668677607,-52.419061718129484,0,0.0,0.6,10
bayesfl_observability_v1,ola_sparse_bayesian_keep010_seed42,20,ola,global,,,layers.1.bias,db,41,-52.18445668677607,-51.71524662406925,-51.94985165542266,0,0.0,0.6,10
bayesfl_observability_v1,ola_sparse_bayesian_keep010_seed42,20,ola,global,,,layers.1.bias,db,42,-51.71524662406925,-51.24603656136243,-51.48064159271584,0,0.0,0.6,10
bayesfl_observability_v1,ola_sparse_bayesian_keep010_seed42,20,ola,global,,,layers.1.bias,db,43,-51.24603656136243,-50.77682649865561,-51.01143153000902,0,0.0,0.6,10
bayesfl_observability_v1,ola_sparse_bayesian_keep010_seed42,20,ola,global,,,layers.1.bias,db,44,-50.77682649865561,-50.30761643594879,-50.5422214673022,0,0.0,0.6,10
bayesfl_observability_v1,ola_sparse_bayesian_keep010_seed42,20,ola,global,,,layers.1.bias,db,45,-50.30761643594879,-49.838406373241966,-50.07301140459538,0,0.0,0.6,10
bayesfl_observability_v1,ola_sparse_bayesian_keep010_seed42,20,ola,global,,,layers.1.bias,db,46,-49.838406373241966,-49.369196310535145,-49.603801341888555,0,0.0,0.6,10
bayesfl_observability_v1,ola_sparse_bayesian_keep010_seed42,20,ola,global,,,layers.1.bias,db,47,-49.369196310535145,-48.89998624782832,-49.134591279181734,0,0.0,0.6,10
bayesfl_observability_v1,ola_sparse_bayesian_keep010_seed42,20,ola,global,,,layers.1.bias,db,48,-48.89998624782832,-48.4307761851215,-48.66538121647491,0,0.0,0.6,10
bayesfl_observability_v1,ola_sparse_bayesian_keep010_seed42,20,ola,global,,,layers.1.bias,db,49,-48.4307761851215,-47.96156612241468,-48.19617115376809,0,0.0,0.6,10
bayesfl_observability_v1,ola_sparse_bayesian_keep010_seed42,20,ola,global,,,layers.1.bias,db,50,-47.96156612241468,-47.49235605970786,-47.72696109106127,0,0.0,0.6,10
bayesfl_observability_v1,ola_sparse_bayesian_keep010_seed42,20,ola,global,,,layers.1.bias,db,51,-47.49235605970786,-47.02314599700104,-47.25775102835445,1,0.2131241589813973,0.7,10
bayesfl_observability_v1,ola_sparse_bayesian_keep010_seed42,20,ola,global,,,layers.1.bias,db,52,-47.02314599700104,-46.553935934294216,-46.78854096564763,0,0.0,0.7,10
bayesfl_observability_v1,ola_sparse_bayesian_keep010_seed42,20,ola,global,,,layers.1.bias,db,53,-46.553935934294216,-46.084725871587395,-46.319330902940806,1,0.2131241589813973,0.8,10
bayesfl_observability_v1,ola_sparse_bayesian_keep010_seed42,20,ola,global,,,layers.1.bias,db,54,-46.084725871587395,-45.61551580888057,-45.850120840233984,1,0.2131241589813973,0.9,10
bayesfl_observability_v1,ola_sparse_bayesian_keep010_seed42,20,ola,global,,,layers.1.bias,db,55,-45.61551580888057,-45.14630574617375,-45.38091077752716,0,0.0,0.9,10
bayesfl_observability_v1,ola_sparse_bayesian_keep010_seed42,20,ola,global,,,layers.1.bias,db,56,-45.14630574617375,-44.67709568346693,-44.91170071482034,0,0.0,0.9,10
bayesfl_observability_v1,ola_sparse_bayesian_keep010_seed42,20,ola,global,,,layers.1.bias,db,57,-44.67709568346693,-44.20788562076011,-44.44249065211352,0,0.0,0.9,10
bayesfl_observability_v1,ola_sparse_bayesian_keep010_seed42,20,ola,global,,,layers.1.bias,db,58,-44.20788562076011,-43.738675558053295,-43.9732805894067,0,0.0,0.9,10
bayesfl_observability_v1,ola_sparse_bayesian_keep010_seed42,20,ola,global,,,layers.1.bias,db,59,-43.738675558053295,-43.26946549534647,-43.504070526699884,0,0.0,0.9,10
bayesfl_observability_v1,ola_sparse_bayesian_keep010_seed42,20,ola,global,,,layers.1.bias,db,60,-43.26946549534647,-42.80025543263965,-43.03486046399306,0,0.0,0.9,10
bayesfl_observability_v1,ola_sparse_bayesian_keep010_seed42,20,ola,global,,,layers.1.bias,db,61,-42.80025543263965,-42.33104536993283,-42.56565040128624,0,0.0,0.9,10
bayesfl_observability_v1,ola_sparse_bayesian_keep010_seed42,20,ola,global,,,layers.1.bias,db,62,-42.33104536993283,-41.86183530722601,-42.09644033857942,0,0.0,0.9,10
bayesfl_observability_v1,ola_sparse_bayesian_keep010_seed42,20,ola,global,,,layers.1.bias,db,63,-41.86183530722601,-41.39262524451919,-41.6272302758726,0,0.0,0.9,10
bayesfl_observability_v1,ola_sparse_bayesian_keep010_seed42,20,ola,global,,,layers.1.bias,db,64,-41.39262524451919,-40.923415181812366,-41.15802021316578,0,0.0,0.9,10
bayesfl_observability_v1,ola_sparse_bayesian_keep010_seed42,20,ola,global,,,layers.1.bias,db,65,-40.923415181812366,-40.454205119105545,-40.688810150458956,0,0.0,0.9,10
bayesfl_observability_v1,ola_sparse_bayesian_keep010_seed42,20,ola,global,,,layers.1.bias,db,66,-40.454205119105545,-39.98499505639872,-40.219600087752134,0,0.0,0.9,10
bayesfl_observability_v1,ola_sparse_bayesian_keep010_seed42,20,ola,global,,,layers.1.bias,db,67,-39.98499505639872,-39.5157849936919,-39.75039002504531,0,0.0,0.9,10
bayesfl_observability_v1,ola_sparse_bayesian_keep010_seed42,20,ola,global,,,layers.1.bias,db,68,-39.5157849936919,-39.04657493098508,-39.28117996233849,0,0.0,0.9,10
bayesfl_observability_v1,ola_sparse_bayesian_keep010_seed42,20,ola,global,,,layers.1.bias,db,69,-39.04657493098508,-38.57736486827826,-38.81196989963167,0,0.0,0.9,10
bayesfl_observability_v1,ola_sparse_bayesian_keep010_seed42,20,ola,global,,,layers.1.bias,db,70,-38.57736486827826,-38.10815480557144,-38.34275983692485,0,0.0,0.9,10
bayesfl_observability_v1,ola_sparse_bayesian_keep010_seed42,20,ola,global,,,layers.1.bias,db,71,-38.10815480557144,-37.638944742864616,-37.87354977421803,0,0.0,0.9,10
bayesfl_observability_v1,ola_sparse_bayesian_keep010_seed42,20,ola,global,,,layers.1.bias,db,72,-37.638944742864616,-37.169734680157795,-37.404339711511206,0,0.0,0.9,10
bayesfl_observability_v1,ola_sparse_bayesian_keep010_seed42,20,ola,global,,,layers.1.bias,db,73,-37.169734680157795,-36.700524617450974,-36.935129648804384,0,0.0,0.9,10
bayesfl_observability_v1,ola_sparse_bayesian_keep010_seed42,20,ola,global,,,layers.1.bias,db,74,-36.700524617450974,-36.23131455474416,-36.46591958609757,0,0.0,0.9,10
bayesfl_observability_v1,ola_sparse_bayesian_keep010_seed42,20,ola,global,,,layers.1.bias,db,75,-36.23131455474416,-35.76210449203734,-35.99670952339075,0,0.0,0.9,10
bayesfl_observability_v1,ola_sparse_bayesian_keep010_seed42,20,ola,global,,,layers.1.bias,db,76,-35.76210449203734,-35.29289442933052,-35.52749946068393,0,0.0,0.9,10
bayesfl_observability_v1,ola_sparse_bayesian_keep010_seed42,20,ola,global,,,layers.1.bias,db,77,-35.29289442933052,-34.823684366623695,-35.058289397977106,0,0.0,0.9,10
bayesfl_observability_v1,ola_sparse_bayesian_keep010_seed42,20,ola,global,,,layers.1.bias,db,78,-34.823684366623695,-34.354474303916874,-34.589079335270284,0,0.0,0.9,10
bayesfl_observability_v1,ola_sparse_bayesian_keep010_seed42,20,ola,global,,,layers.1.bias,db,79,-34.354474303916874,-33.88526424121005,-34.11986927256346,1,0.2131241589813973,1.0,10
bayesfl_observability_v1,ola_sparse_bayesian_keep010_seed42,25,ola,global,,,all,raw,0,6.760575423501642e-09,0.0007133577297469794,0.00035668224516120144,56889,783.6195630819257,0.5589957747862828,101770
bayesfl_observability_v1,ola_sparse_bayesian_keep010_seed42,25,ola,global,,,all,raw,1,0.0007133577297469794,0.0014267086989185353,0.0010700332143327575,39825,548.570885403816,0.9503193475483934,101770
bayesfl_observability_v1,ola_sparse_bayesian_keep010_seed42,25,ola,global,,,all,raw,2,0.0014267086989185353,0.002140059668090091,0.0017833841835043131,3911,53.87220923576458,0.988749140218139,101770
bayesfl_observability_v1,ola_sparse_bayesian_keep010_seed42,25,ola,global,,,all,raw,3,0.002140059668090091,0.0028534106372616473,0.0024967351526758693,395,5.440941612919202,0.9926304411909207,101770
bayesfl_observability_v1,ola_sparse_bayesian_keep010_seed42,25,ola,global,,,all,raw,4,0.0028534106372616473,0.0035667616064332035,0.0032100861218474254,136,1.8733368591316748,0.9939667878549671,101770
bayesfl_observability_v1,ola_sparse_bayesian_keep010_seed42,25,ola,global,,,all,raw,5,0.0035667616064332035,0.004280112575604758,0.003923437091018981,101,1.391228108619849,0.9949592217745897,101770
bayesfl_observability_v1,ola_sparse_bayesian_keep010_seed42,25,ola,global,,,all,raw,6,0.004280112575604758,0.004993463544776314,0.004636788060190536,72,0.9917665724814748,0.9956666994202614,101770
bayesfl_observability_v1,ola_sparse_bayesian_keep010_seed42,25,ola,global,,,all,raw,7,0.004993463544776314,0.0057068145139478705,0.005350139029362093,56,0.7713740008189249,0.9962169598113393,101770
bayesfl_observability_v1,ola_sparse_bayesian_keep010_seed42,25,ola,global,,,all,raw,8,0.0057068145139478705,0.006420165483119427,0.006063489998533648,49,0.6749522507165593,0.9966984376535325,101770
bayesfl_observability_v1,ola_sparse_bayesian_keep010_seed42,25,ola,global,,,all,raw,9,0.006420165483119427,0.007133516452290983,0.006776840967705205,39,0.5372068934274655,0.9970816547116046,101770
bayesfl_observability_v1,ola_sparse_bayesian_keep010_seed42,25,ola,global,,,all,raw,10,0.007133516452290983,0.007846867421462539,0.00749019193687676,35,0.48210875051182805,0.9974255674560283,101770
bayesfl_observability_v1,ola_sparse_bayesian_keep010_seed42,25,ola,global,,,all,raw,11,0.007846867421462539,0.008560218390634094,0.008203542906048317,23,0.316814321764916,0.9976515672595068,101770
bayesfl_observability_v1,ola_sparse_bayesian_keep010_seed42,25,ola,global,,,all,raw,12,0.008560218390634094,0.009273569359805651,0.008916893875219873,19,0.2617161788492778,0.9978382627493367,101770
bayesfl_observability_v1,ola_sparse_bayesian_keep010_seed42,25,ola,global,,,all,raw,13,0.009273569359805651,0.009986920328977206,0.009630244844391428,29,0.39946153613837226,0.9981232190232878,101770
bayesfl_observability_v1,ola_sparse_bayesian_keep010_seed42,25,ola,global,,,all,raw,14,0.009986920328977206,0.010700271298148763,0.010343595813562985,22,0.30303978603600584,0.9983393927483541,101770
bayesfl_observability_v1,ola_sparse_bayesian_keep010_seed42,25,ola,global,,,all,raw,15,0.010700271298148763,0.011413622267320319,0.011056946782734542,18,0.247941643120369,0.9985162621597721,101770
bayesfl_observability_v1,ola_sparse_bayesian_keep010_seed42,25,ola,global,,,all,raw,16,0.011413622267320319,0.012126973236491874,0.011770297751906095,12,0.16529442874691266,0.9986341751007173,101770
bayesfl_observability_v1,ola_sparse_bayesian_keep010_seed42,25,ola,global,,,all,raw,17,0.012126973236491874,0.012840324205663431,0.012483648721077652,12,0.16529442874691228,0.9987520880416626,101770
bayesfl_observability_v1,ola_sparse_bayesian_keep010_seed42,25,ola,global,,,all,raw,18,0.012840324205663431,0.013553675174834986,0.01319699969024921,7,0.09642175010236573,0.9988208705905474,101770
bayesfl_observability_v1,ola_sparse_bayesian_keep010_seed42,25,ola,global,,,all,raw,19,0.013553675174834986,0.014267026144006543,0.013910350659420765,9,0.12397082156018421,0.9989093052962562,101770
bayesfl_observability_v1,ola_sparse_bayesian_keep010_seed42,25,ola,global,,,all,raw,20,0.014267026144006543,0.014980377113178098,0.01462370162859232,7,0.09642175010236573,0.998978087845141,101770
bayesfl_observability_v1,ola_sparse_bayesian_keep010_seed42,25,ola,global,,,all,raw,21,0.014980377113178098,0.015693728082349652,0.015337052597763875,7,0.09642175010236596,0.9990468703940257,101770
bayesfl_observability_v1,ola_sparse_bayesian_keep010_seed42,25,ola,global,,,all,raw,22,0.015693728082349652,0.01640707905152121,0.01605040356693543,8,0.11019628583127486,0.9991254790213225,101770
bayesfl_observability_v1,ola_sparse_bayesian_keep010_seed42,25,ola,global,,,all,raw,23,0.01640707905152121,0.017120430020692762,0.016763754536106984,6,0.08264721437345654,0.9991844354917953,101770
bayesfl_observability_v1,ola_sparse_bayesian_keep010_seed42,25,ola,global,,,all,raw,24,0.017120430020692762,0.01783378098986432,0.01747710550527854,6,0.08264721437345614,0.9992433919622679,101770
bayesfl_observability_v1,ola_sparse_bayesian_keep010_seed42,25,ola,global,,,all,raw,25,0.01783378098986432,0.018547131959035876,0.018190456474450098,6,0.08264721437345614,0.9993023484327405,101770
bayesfl_observability_v1,ola_sparse_bayesian_keep010_seed42,25,ola,global,,,all,raw,26,0.018547131959035876,0.019260482928207433,0.018903807443621655,7,0.09642175010236549,0.9993711309816252,101770
bayesfl_observability_v1,ola_sparse_bayesian_keep010_seed42,25,ola,global,,,all,raw,27,0.019260482928207433,0.019973833897378987,0.019617158412793212,3,0.04132360718672827,0.9994006092168616,101770
bayesfl_observability_v1,ola_sparse_bayesian_keep010_seed42,25,ola,global,,,all,raw,28,0.019973833897378987,0.020687184866550544,0.020330509381964765,9,0.12397082156018421,0.9994890439225705,101770
bayesfl_observability_v1,ola_sparse_bayesian_keep010_seed42,25,ola,global,,,all,raw,29,0.020687184866550544,0.0214005358357221,0.021043860351136322,2,0.027549071457818715,0.9995086960793947,101770
bayesfl_observability_v1,ola_sparse_bayesian_keep010_seed42,25,ola,global,,,all,raw,30,0.0214005358357221,0.022113886804893654,0.021757211320307876,1,0.013774535728909423,0.9995185221578068,101770
bayesfl_observability_v1,ola_sparse_bayesian_keep010_seed42,25,ola,global,,,all,raw,31,0.022113886804893654,0.02282723777406521,0.022470562289479433,6,0.08264721437345614,0.9995774786282795,101770
bayesfl_observability_v1,ola_sparse_bayesian_keep010_seed42,25,ola,global,,,all,raw,32,0.02282723777406521,0.02354058874323677,0.02318391325865099,3,0.04132360718672807,0.9996069568635157,101770
bayesfl_observability_v1,ola_sparse_bayesian_keep010_seed42,25,ola,global,,,all,raw,33,0.02354058874323677,0.024253939712408322,0.023897264227822547,3,0.04132360718672827,0.9996364350987521,101770
bayesfl_observability_v1,ola_sparse_bayesian_keep010_seed42,25,ola,global,,,all,raw,34,0.024253939712408322,0.02496729068157988,0.0246106151969941,2,0.027549071457818715,0.9996560872555763,101770
bayesfl_observability_v1,ola_sparse_bayesian_keep010_seed42,25,ola,global,,,all,raw,35,0.02496729068157988,0.025680641650751436,0.025323966166165657,2,0.027549071457818715,0.9996757394124005,101770
bayesfl_observability_v1,ola_sparse_bayesian_keep010_seed42,25,ola,global,,,all,raw,36,0.025680641650751436,0.02639399261992299,0.02603731713533721,0,0.0,0.9996757394124005,101770
bayesfl_observability_v1,ola_sparse_bayesian_keep010_seed42,25,ola,global,,,all,raw,37,0.02639399261992299,0.027107343589094546,0.026750668104508768,4,0.05509814291563743,0.9997150437260489,101770
bayesfl_observability_v1,ola_sparse_bayesian_keep010_seed42,25,ola,global,,,all,raw,38,0.027107343589094546,0.027820694558266103,0.027464019073680325,0,0.0,0.9997150437260489,101770
bayesfl_observability_v1,ola_sparse_bayesian_keep010_seed42,25,ola,global,,,all,raw,39,0.027820694558266103,0.02853404552743766,0.028177370042851882,0,0.0,0.9997150437260489,101770
bayesfl_observability_v1,ola_sparse_bayesian_keep010_seed42,25,ola,global,,,all,raw,40,0.02853404552743766,0.029247396496609214,0.02889072101202344,3,0.04132360718672827,0.9997445219612853,101770
bayesfl_observability_v1,ola_sparse_bayesian_keep010_seed42,25,ola,global,,,all,raw,41,0.029247396496609214,0.02996074746578077,0.029604071981194992,1,0.013774535728909357,0.9997543480396973,101770
bayesfl_observability_v1,ola_sparse_bayesian_keep010_seed42,25,ola,global,,,all,raw,42,0.02996074746578077,0.030674098434952328,0.03031742295036655,0,0.0,0.9997543480396973,101770
bayesfl_observability_v1,ola_sparse_bayesian_keep010_seed42,25,ola,global,,,all,raw,43,0.030674098434952328,0.031387449404123885,0.031030773919538106,2,0.027549071457818715,0.9997740001965215,101770
bayesfl_observability_v1,ola_sparse_bayesian_keep010_seed42,25,ola,global,,,all,raw,44,0.031387449404123885,0.03210080037329544,0.03174412488870966,1,0.013774535728909357,0.9997838262749337,101770
bayesfl_observability_v1,ola_sparse_bayesian_keep010_seed42,25,ola,global,,,all,raw,45,0.03210080037329544,0.032814151342467,0.032457475857881224,2,0.027549071457818715,0.9998034784317579,101770
bayesfl_observability_v1,ola_sparse_bayesian_keep010_seed42,25,ola,global,,,all,raw,46,0.032814151342467,0.033527502311638556,0.033170826827052774,0,0.0,0.9998034784317579,101770
bayesfl_observability_v1,ola_sparse_bayesian_keep010_seed42,25,ola,global,,,all,raw,47,0.033527502311638556,0.034240853280810106,0.03388417779622433,1,0.013774535728909491,0.99981330451017,101770
bayesfl_observability_v1,ola_sparse_bayesian_keep010_seed42,25,ola,global,,,all,raw,48,0.034240853280810106,0.03495420424998166,0.03459752876539589,1,0.013774535728909357,0.9998231305885821,101770
bayesfl_observability_v1,ola_sparse_bayesian_keep010_seed42,25,ola,global,,,all,raw,49,0.03495420424998166,0.03566755521915322,0.03531087973456744,0,0.0,0.9998231305885821,101770
bayesfl_observability_v1,ola_sparse_bayesian_keep010_seed42,25,ola,global,,,all,raw,50,0.03566755521915322,0.03638090618832478,0.036024230703739,1,0.013774535728909357,0.9998329566669942,101770
bayesfl_observability_v1,ola_sparse_bayesian_keep010_seed42,25,ola,global,,,all,raw,51,0.03638090618832478,0.037094257157496334,0.03673758167291055,0,0.0,0.9998329566669942,101770
bayesfl_observability_v1,ola_sparse_bayesian_keep010_seed42,25,ola,global,,,all,raw,52,0.037094257157496334,0.03780760812666789,0.037450932642082116,0,0.0,0.9998329566669942,101770
bayesfl_observability_v1,ola_sparse_bayesian_keep010_seed42,25,ola,global,,,all,raw,53,0.03780760812666789,0.03852095909583945,0.038164283611253666,0,0.0,0.9998329566669942,101770
bayesfl_observability_v1,ola_sparse_bayesian_keep010_seed42,25,ola,global,,,all,raw,54,0.03852095909583945,0.039234310065011,0.03887763458042522,0,0.0,0.9998329566669942,101770
bayesfl_observability_v1,ola_sparse_bayesian_keep010_seed42,25,ola,global,,,all,raw,55,0.039234310065011,0.039947661034182555,0.03959098554959678,0,0.0,0.9998329566669942,101770
bayesfl_observability_v1,ola_sparse_bayesian_keep010_seed42,25,ola,global,,,all,raw,56,0.039947661034182555,0.04066101200335411,0.04030433651876833,1,0.013774535728909357,0.9998427827454063,101770
bayesfl_observability_v1,ola_sparse_bayesian_keep010_seed42,25,ola,global,,,all,raw,57,0.04066101200335411,0.04137436297252567,0.041017687487939894,2,0.027549071457818715,0.9998624349022305,101770
bayesfl_observability_v1,ola_sparse_bayesian_keep010_seed42,25,ola,global,,,all,raw,58,0.04137436297252567,0.042087713941697226,0.041731038457111444,1,0.013774535728909357,0.9998722609806426,101770
bayesfl_observability_v1,ola_sparse_bayesian_keep010_seed42,25,ola,global,,,all,raw,59,0.042087713941697226,0.04280106491086878,0.04244438942628301,1,0.013774535728909357,0.9998820870590547,101770
bayesfl_observability_v1,ola_sparse_bayesian_keep010_seed42,25,ola,global,,,all,raw,60,0.04280106491086878,0.04351441588004033,0.04315774039545456,1,0.013774535728909491,0.9998919131374668,101770
bayesfl_observability_v1,ola_sparse_bayesian_keep010_seed42,25,ola,global,,,all,raw,61,0.04351441588004033,0.04422776684921189,0.04387109136462611,0,0.0,0.9998919131374668,101770
bayesfl_observability_v1,ola_sparse_bayesian_keep010_seed42,25,ola,global,,,all,raw,62,0.04422776684921189,0.04494111781838345,0.04458444233379767,0,0.0,0.9998919131374668,101770
bayesfl_observability_v1,ola_sparse_bayesian_keep010_seed42,25,ola,global,,,all,raw,63,0.04494111781838345,0.045654468787555004,0.04529779330296922,0,0.0,0.9998919131374668,101770
bayesfl_observability_v1,ola_sparse_bayesian_keep010_seed42,25,ola,global,,,all,raw,64,0.045654468787555004,0.04636781975672656,0.046011144272140786,1,0.013774535728909357,0.999901739215879,101770
bayesfl_observability_v1,ola_sparse_bayesian_keep010_seed42,25,ola,global,,,all,raw,65,0.04636781975672656,0.04708117072589812,0.046724495241312336,3,0.04132360718672807,0.9999312174511152,101770
bayesfl_observability_v1,ola_sparse_bayesian_keep010_seed42,25,ola,global,,,all,raw,66,0.04708117072589812,0.047794521695069675,0.0474378462104839,3,0.04132360718672807,0.9999606956863516,101770
bayesfl_observability_v1,ola_sparse_bayesian_keep010_seed42,25,ola,global,,,all,raw,67,0.047794521695069675,0.048507872664241225,0.04815119717965545,1,0.013774535728909491,0.9999705217647636,101770
bayesfl_observability_v1,ola_sparse_bayesian_keep010_seed42,25,ola,global,,,all,raw,68,0.048507872664241225,0.04922122363341278,0.048864548148827,0,0.0,0.9999705217647636,101770
bayesfl_observability_v1,ola_sparse_bayesian_keep010_seed42,25,ola,global,,,all,raw,69,0.04922122363341278,0.04993457460258434,0.049577899117998564,0,0.0,0.9999705217647636,101770
bayesfl_observability_v1,ola_sparse_bayesian_keep010_seed42,25,ola,global,,,all,raw,70,0.04993457460258434,0.050647925571755896,0.050291250087170114,0,0.0,0.9999705217647636,101770
bayesfl_observability_v1,ola_sparse_bayesian_keep010_seed42,25,ola,global,,,all,raw,71,0.050647925571755896,0.05136127654092745,0.05100460105634168,0,0.0,0.9999705217647636,101770
bayesfl_observability_v1,ola_sparse_bayesian_keep010_seed42,25,ola,global,,,all,raw,72,0.05136127654092745,0.05207462751009901,0.05171795202551323,1,0.013774535728909357,0.9999803478431758,101770
bayesfl_observability_v1,ola_sparse_bayesian_keep010_seed42,25,ola,global,,,all,raw,73,0.05207462751009901,0.05278797847927056,0.052431302994684785,0,0.0,0.9999803478431758,101770
bayesfl_observability_v1,ola_sparse_bayesian_keep010_seed42,25,ola,global,,,all,raw,74,0.05278797847927056,0.05350132944844212,0.05314465396385634,0,0.0,0.9999803478431758,101770
bayesfl_observability_v1,ola_sparse_bayesian_keep010_seed42,25,ola,global,,,all,raw,75,0.05350132944844212,0.054214680417613674,0.05385800493302789,0,0.0,0.9999803478431758,101770
bayesfl_observability_v1,ola_sparse_bayesian_keep010_seed42,25,ola,global,,,all,raw,76,0.054214680417613674,0.05492803138678523,0.054571355902199456,0,0.0,0.9999803478431758,101770
bayesfl_observability_v1,ola_sparse_bayesian_keep010_seed42,25,ola,global,,,all,raw,77,0.05492803138678523,0.05564138235595679,0.055284706871371006,1,0.013774535728909357,0.9999901739215878,101770
bayesfl_observability_v1,ola_sparse_bayesian_keep010_seed42,25,ola,global,,,all,raw,78,0.05564138235595679,0.056354733325128345,0.05599805784054257,0,0.0,0.9999901739215878,101770
bayesfl_observability_v1,ola_sparse_bayesian_keep010_seed42,25,ola,global,,,all,raw,79,0.056354733325128345,0.0570680842942999,0.05671140880971412,1,0.013774535728909357,1.0,101770
bayesfl_observability_v1,ola_sparse_bayesian_keep010_seed42,25,ola,global,,,all,db,0,-163.39904206335845,-161.66745571404962,-162.53324888870404,1,5.674610692113543e-06,9.826078412105729e-06,101770
bayesfl_observability_v1,ola_sparse_bayesian_keep010_seed42,25,ola,global,,,all,db,1,-161.66745571404962,-159.9358693647408,-160.8016625393952,0,0.0,9.826078412105729e-06,101770
bayesfl_observability_v1,ola_sparse_bayesian_keep010_seed42,25,ola,global,,,all,db,2,-159.9358693647408,-158.204283015432,-159.0700761900864,0,0.0,9.826078412105729e-06,101770
bayesfl_observability_v1,ola_sparse_bayesian_keep010_seed42,25,ola,global,,,all,db,3,-158.204283015432,-156.47269666612317,-157.33848984077758,0,0.0,9.826078412105729e-06,101770
bayesfl_observability_v1,ola_sparse_bayesian_keep010_seed42,25,ola,global,,,all,db,4,-156.47269666612317,-154.74111031681434,-155.60690349146876,0,0.0,9.826078412105729e-06,101770
bayesfl_observability_v1,ola_sparse_bayesian_keep010_seed42,25,ola,global,,,all,db,5,-154.74111031681434,-153.00952396750552,-153.87531714215993,1,5.674610692113543e-06,1.9652156824211458e-05,101770
bayesfl_observability_v1,ola_sparse_bayesian_keep010_seed42,25,ola,global,,,all,db,6,-153.00952396750552,-151.2779376181967,-152.1437307928511,0,0.0,1.9652156824211458e-05,101770
bayesfl_observability_v1,ola_sparse_bayesian_keep010_seed42,25,ola,global,,,all,db,7,-151.2779376181967,-149.54635126888786,-150.41214444354227,1,5.674610692113543e-06,2.9478235236317185e-05,101770
bayesfl_observability_v1,ola_sparse_bayesian_keep010_seed42,25,ola,global,,,all,db,8,-149.54635126888786,-147.81476491957903,-148.68055809423345,1,5.674610692113543e-06,3.9304313648422916e-05,101770
bayesfl_observability_v1,ola_sparse_bayesian_keep010_seed42,25,ola,global,,,all,db,9,-147.81476491957903,-146.08317857027023,-146.94897174492462,0,0.0,3.9304313648422916e-05,101770
bayesfl_observability_v1,ola_sparse_bayesian_keep010_seed42,25,ola,global,,,all,db,10,-146.08317857027023,-144.3515922209614,-145.21738539561582,1,5.674610692113543e-06,4.913039206052864e-05,101770
bayesfl_observability_v1,ola_sparse_bayesian_keep010_seed42,25,ola,global,,,all,db,11,-144.3515922209614,-142.62000587165258,-143.485799046307,1,5.674610692113543e-06,5.895647047263437e-05,101770
bayesfl_observability_v1,ola_sparse_bayesian_keep010_seed42,25,ola,global,,,all,db,12,-142.62000587165258,-140.88841952234375,-141.75421269699817,0,0.0,5.895647047263437e-05,101770
bayesfl_observability_v1,ola_sparse_bayesian_keep010_seed42,25,ola,global,,,all,db,13,-140.88841952234375,-139.15683317303493,-140.02262634768934,6,3.404766415268126e-05,0.00011791294094526874,101770
bayesfl_observability_v1,ola_sparse_bayesian_keep010_seed42,25,ola,global,,,all,db,14,-139.15683317303493,-137.42524682372613,-138.29103999838054,1,5.674610692113637e-06,0.00012773901935737446,101770
bayesfl_observability_v1,ola_sparse_bayesian_keep010_seed42,25,ola,global,,,all,db,15,-137.42524682372613,-135.6936604744173,-136.5594536490717,1,5.674610692113543e-06,0.0001375650977694802,101770
bayesfl_observability_v1,ola_sparse_bayesian_keep010_seed42,25,ola,global,,,all,db,16,-135.6936604744173,-133.96207412510847,-134.8278672997629,2,1.1349221384227086e-05,0.00015721725459369166,101770
bayesfl_observability_v1,ola_sparse_bayesian_keep010_seed42,25,ola,global,,,all,db,17,-133.96207412510847,-132.23048777579965,-133.09628095045406,3,1.702383207634063e-05,0.00018669548983000884,101770
bayesfl_observability_v1,ola_sparse_bayesian_keep010_seed42,25,ola,global,,,all,db,18,-132.23048777579965,-130.49890142649082,-131.36469460114523,8,4.5396885536908345e-05,0.00026530411712685466,101770
bayesfl_observability_v1,ola_sparse_bayesian_keep010_seed42,25,ola,global,,,all,db,19,-130.49890142649082,-128.767315077182,-129.6331082518364,3,1.702383207634063e-05,0.00029478235236317184,101770
bayesfl_observability_v1,ola_sparse_bayesian_keep010_seed42,25,ola,global,,,all,db,20,-128.767315077182,-127.03572872787318,-127.90152190252758,8,4.539688553690872e-05,0.0003733909796600177,101770
bayesfl_observability_v1,ola_sparse_bayesian_keep010_seed42,25,ola,global,,,all,db,21,-127.03572872787318,-125.30414237856435,-126.16993555321876,12,6.809532830536251e-05,0.0004913039206052865,101770
bayesfl_observability_v1,ola_sparse_bayesian_keep010_seed42,25,ola,global,,,all,db,22,-125.30414237856435,-123.57255602925554,-124.43834920390995,9,5.107149622902231e-05,0.000579738626314238,101770
bayesfl_observability_v1,ola_sparse_bayesian_keep010_seed42,25,ola,global,,,all,db,23,-123.57255602925554,-121.84096967994671,-122.70676285460112,12,6.809532830536251e-05,0.0006976515672595067,101770
bayesfl_observability_v1,ola_sparse_bayesian_keep010_seed42,25,ola,global,,,all,db,24,-121.84096967994671,-120.10938333063788,-120.9751765052923,9,5.107149622902189e-05,0.0007860862729684582,101770
bayesfl_observability_v1,ola_sparse_bayesian_keep010_seed42,25,ola,global,,,all,db,25,-120.10938333063788,-118.37779698132906,-119.24359015598347,19,0.00010781760315015732,0.0009727817627984671,101770
bayesfl_observability_v1,ola_sparse_bayesian_keep010_seed42,25,ola,global,,,all,db,26,-118.37779698132906,-116.64621063202024,-117.51200380667464,21,0.00011916682453438539,0.0011791294094526874,101770
bayesfl_observability_v1,ola_sparse_bayesian_keep010_seed42,25,ola,global,,,all,db,27,-116.64621063202024,-114.91462428271142,-115.78041745736583,24,0.00013619065661072503,0.001414955291343225,101770
bayesfl_observability_v1,ola_sparse_bayesian_keep010_seed42,25,ola,global,,,all,db,28,-114.91462428271142,-113.1830379334026,-114.04883110805702,40,0.0002269844276845436,0.0018079984278274541,101770
bayesfl_observability_v1,ola_sparse_bayesian_keep010_seed42,25,ola,global,,,all,db,29,-113.1830379334026,-111.45145158409377,-112.31724475874819,42,0.0002383336490687688,0.0022206937211358946,101770
bayesfl_observability_v1,ola_sparse_bayesian_keep010_seed42,25,ola,global,,,all,db,30,-111.45145158409377,-109.71986523478495,-110.58565840943936,48,0.00027238131322145006,0.0026923454849169695,101770
bayesfl_observability_v1,ola_sparse_bayesian_keep010_seed42,25,ola,global,,,all,db,31,-109.71986523478495,-107.98827888547612,-108.85407206013053,54,0.0003064289773741313,0.003222953719170679,101770
bayesfl_observability_v1,ola_sparse_bayesian_keep010_seed42,25,ola,global,,,all,db,32,-107.98827888547612,-106.25669253616731,-107.1224857108217,65,0.0003688496949873834,0.003861648815957551,101770
bayesfl_observability_v1,ola_sparse_bayesian_keep010_seed42,25,ola,global,,,all,db,33,-106.25669253616731,-104.52510618685848,-105.3908993615129,68,0.0003858735270637209,0.004529822147980741,101770
bayesfl_observability_v1,ola_sparse_bayesian_keep010_seed42,25,ola,global,,,all,db,34,-104.52510618685848,-102.79351983754967,-103.65931301220408,111,0.0006298817868246085,0.005620516851724476,101770
bayesfl_observability_v1,ola_sparse_bayesian_keep010_seed42,25,ola,global,,,all,db,35,-102.79351983754967,-101.06193348824084,-101.92772666289525,152,0.0008625408252012585,0.007114080770364547,101770
bayesfl_observability_v1,ola_sparse_bayesian_keep010_seed42,25,ola,global,,,all,db,36,-101.06193348824084,-99.33034713893201,-100.19614031358643,154,0.0008738900465854857,0.00862729684582883,101770
bayesfl_observability_v1,ola_sparse_bayesian_keep010_seed42,25,ola,global,,,all,db,37,-99.33034713893201,-97.59876078962319,-98.4645539642776,183,0.0010384537566567784,0.010425469195244178,101770
bayesfl_observability_v1,ola_sparse_bayesian_keep010_seed42,25,ola,global,,,all,db,38,-97.59876078962319,-95.86717444031437,-96.73296761496877,237,0.0013448827340309208,0.012754249778913236,101770
bayesfl_observability_v1,ola_sparse_bayesian_keep010_seed42,25,ola,global,,,all,db,39,-95.86717444031437,-94.13558809100554,-95.00138126565996,305,0.0017307562610946307,0.015751203694605483,101770
bayesfl_observability_v1,ola_sparse_bayesian_keep010_seed42,25,ola,global,,,all,db,40,-94.13558809100554,-92.40400174169672,-93.26979491635113,336,0.0019066691925501505,0.01905276604107301,101770
bayesfl_observability_v1,ola_sparse_bayesian_keep010_seed42,25,ola,global,,,all,db,41,-92.40400174169672,-90.6724153923879,-91.53820856704232,438,0.0024854794831457526,0.023356588385575316,101770
bayesfl_observability_v1,ola_sparse_bayesian_keep010_seed42,25,ola,global,,,all,db,42,-90.6724153923879,-88.94082904307908,-89.80662221773349,512,0.002905400674362134,0.02838754053257345,101770
bayesfl_observability_v1,ola_sparse_bayesian_keep010_seed42,25,ola,global,,,all,db,43,-88.94082904307908,-87.20924269377025,-88.07503586842466,605,0.0034331394687286934,0.03433231797189742,101770
bayesfl_observability_v1,ola_sparse_bayesian_keep010_seed42,25,ola,global,,,all,db,44,-87.20924269377025,-85.47765634446144,-86.34344951911584,757,0.004295680293929988,0.04177065932986145,101770
bayesfl_observability_v1,ola_sparse_bayesian_keep010_seed42,25,ola,global,,,all,db,45,-85.47765634446144,-83.74606999515261,-84.61186316980702,877,0.0049766335769835775,0.050388130097278175,101770
bayesfl_observability_v1,ola_sparse_bayesian_keep010_seed42,25,ola,global,,,all,db,46,-83.74606999515261,-82.01448364584378,-82.8802768204982,1095,0.00621369870786433,0.06114768595853395,101770
bayesfl_observability_v1,ola_sparse_bayesian_keep010_seed42,25,ola,global,,,all,db,47,-82.01448364584378,-80.28289729653497,-81.14869047118938,1413,0.008018224907956503,0.07503193475483934,101770
bayesfl_observability_v1,ola_sparse_bayesian_keep010_seed42,25,ola,global,,,all,db,48,-80.28289729653497,-78.55131094722614,-79.41710412188056,1720,0.009760330390435295,0.09193278962366119,101770
bayesfl_observability_v1,ola_sparse_bayesian_keep010_seed42,25,ola,global,,,all,db,49,-78.55131094722614,-76.81972459791731,-77.68551777257173,2082,0.011814539460980397,0.11239068487766532,101770
bayesfl_observability_v1,ola_sparse_bayesian_keep010_seed42,25,ola,global,,,all,db,50,-76.81972459791731,-75.0881382486085,-75.9539314232629,2472,0.014027637630904794,0.1366807507123907,101770
bayesfl_observability_v1,ola_sparse_bayesian_keep010_seed42,25,ola,global,,,all,db,51,-75.0881382486085,-73.35655189929967,-74.22234507395409,3129,0.017755856855623278,0.1674265500638695,101770
bayesfl_observability_v1,ola_sparse_bayesian_keep010_seed42,25,ola,global,,,all,db,52,-73.35655189929967,-71.62496554999085,-72.49075872464526,3744,0.021245742431273106,0.20421538763879335,101770
bayesfl_observability_v1,ola_sparse_bayesian_keep010_seed42,25,ola,global,,,all,db,53,-71.62496554999085,-69.89337920068203,-70.75917237533645,4645,0.026358566664867626,0.24985752186302446,101770
bayesfl_observability_v1,ola_sparse_bayesian_keep010_seed42,25,ola,global,,,all,db,54,-69.89337920068203,-68.1617928513732,-69.02758602602762,5612,0.031845915204141206,0.3050014739117618,101770
bayesfl_observability_v1,ola_sparse_bayesian_keep010_seed42,25,ola,global,,,all,db,55,-68.1617928513732,-66.43020650206438,-67.2959996767188,7010,0.03977902095171594,0.373882283580623,101770
bayesfl_observability_v1,ola_sparse_bayesian_keep010_seed42,25,ola,global,,,all,db,56,-66.43020650206438,-64.69862015275557,-65.56441332740997,8374,0.0475191899357592,0.45616586420359634,101770
bayesfl_observability_v1,ola_sparse_bayesian_keep010_seed42,25,ola,global,,,all,db,57,-64.69862015275557,-62.96703380344674,-63.83282697810115,10244,0.05813071193001114,0.5568242114572074,101770
bayesfl_observability_v1,ola_sparse_bayesian_keep010_seed42,25,ola,global,,,all,db,58,-62.96703380344674,-61.23544745413791,-62.101240628792326,12331,0.0699736244444521,0.6779895843568832,101770
bayesfl_observability_v1,ola_sparse_bayesian_keep010_seed42,25,ola,global,,,all,db,59,-61.23544745413791,-59.5038611048291,-60.369654279483505,14829,0.08414880195335242,0.823700501129999,101770
bayesfl_observability_v1,ola_sparse_bayesian_keep010_seed42,25,ola,global,,,all,db,60,-59.5038611048291,-57.77227475552027,-58.638067930174685,10378,0.05889110976275435,0.9256755428908323,101770
bayesfl_observability_v1,ola_sparse_bayesian_keep010_seed42,25,ola,global,,,all,db,61,-57.77227475552027,-56.040688406211444,-56.90648158086586,4254,0.024139793884251012,0.96747568045593,101770
bayesfl_observability_v1,ola_sparse_bayesian_keep010_seed42,25,ola,global,,,all,db,62,-56.040688406211444,-54.30910205690263,-55.17489523155704,1796,0.010191600803036008,0.9851233172840719,101770
bayesfl_observability_v1,ola_sparse_bayesian_keep010_seed42,25,ola,global,,,all,db,63,-54.30910205690263,-52.577515707593804,-53.44330888224822,560,0.003177781987583584,0.9906259211948512,101770
bayesfl_observability_v1,ola_sparse_bayesian_keep010_seed42,25,ola,global,,,all,db,64,-52.577515707593804,-50.84592935828498,-51.71172253293939,211,0.0011973428560359575,0.9926992237398055,101770
bayesfl_observability_v1,ola_sparse_bayesian_keep010_seed42,25,ola,global,,,all,db,65,-50.84592935828498,-49.114343008976164,-49.98013618363057,119,0.0006752786723615172,0.993868527070846,101770
bayesfl_observability_v1,ola_sparse_bayesian_keep010_seed42,25,ola,global,,,all,db,66,-49.114343008976164,-47.382756659667336,-48.24854983432175,111,0.0006298817868246033,0.9949592217745897,101770
bayesfl_observability_v1,ola_sparse_bayesian_keep010_seed42,25,ola,global,,,all,db,67,-47.382756659667336,-45.65117031035851,-46.51696348501292,93,0.0005277387943665595,0.9958730470669156,101770
bayesfl_observability_v1,ola_sparse_bayesian_keep010_seed42,25,ola,global,,,all,db,68,-45.65117031035851,-43.919583961049696,-44.7853771357041,78,0.00044261963398486,0.9966394811830599,101770
bayesfl_observability_v1,ola_sparse_bayesian_keep010_seed42,25,ola,global,,,all,db,69,-43.919583961049696,-42.18799761174087,-43.05379078639528,79,0.0004482942446769699,0.9974157413776162,101770
bayesfl_observability_v1,ola_sparse_bayesian_keep010_seed42,25,ola,global,,,all,db,70,-42.18799761174087,-40.45641126243204,-41.322204437086455,53,0.0003007543666820178,0.9979365235334577,101770
bayesfl_observability_v1,ola_sparse_bayesian_keep010_seed42,25,ola,global,,,all,db,71,-40.45641126243204,-38.72482491312323,-39.590618087777635,61,0.000346151252218929,0.9985359143165963,101770
bayesfl_observability_v1,ola_sparse_bayesian_keep010_seed42,25,ola,global,,,all,db,72,-38.72482491312323,-36.9932385638144,-37.859031738468815,38,0.00021563520630031463,0.9989093052962562,101770
bayesfl_observability_v1,ola_sparse_bayesian_keep010_seed42,25,ola,global,,,all,db,73,-36.9932385638144,-35.261652214505574,-36.12744538915999,29,0.00016456371007129276,0.9991942615702073,101770
bayesfl_observability_v1,ola_sparse_bayesian_keep010_seed42,25,ola,global,,,all,db,74,-35.261652214505574,-33.53006586519675,-34.39585903985116,31,0.00017591293145551983,0.9994988700009826,101770
bayesfl_observability_v1,ola_sparse_bayesian_keep010_seed42,25,ola,global,,,all,db,75,-33.53006586519675,-31.79847951588792,-32.66427269054233,18,0.00010214299245804378,0.9996757394124005,101770
bayesfl_observability_v1,ola_sparse_bayesian_keep010_seed42,25,ola,global,,,all,db,76,-31.79847951588792,-30.06689316657912,-30.93268634123352,10,5.674610692113637e-05,0.9997740001965215,101770
bayesfl_observability_v1,ola_sparse_bayesian_keep010_seed42,25,ola,global,,,all,db,77,-30.06689316657912,-28.335306817270293,-29.201099991924707,6,3.404766415268126e-05,0.9998329566669942,101770
bayesfl_observability_v1,ola_sparse_bayesian_keep010_seed42,25,ola,global,,,all,db,78,-28.335306817270293,-26.603720467961466,-27.46951364261588,8,4.5396885536908345e-05,0.999911565294291,101770
bayesfl_observability_v1,ola_sparse_bayesian_keep010_seed42,25,ola,global,,,all,db,79,-26.603720467961466,-24.872134118652628,-25.737927293307045,9,5.107149622902158e-05,1.0,101770
bayesfl_observability_v1,ola_sparse_bayesian_keep010_seed42,25,ola,global,,,layers.0.weight,raw,0,6.760575423501642e-09,5.5894468225342617e-05,2.795061440038306e-05,4427,789.3456012780914,0.044114716198979595,100352
bayesfl_observability_v1,ola_sparse_bayesian_keep010_seed42,25,ola,global,,,layers.0.weight,raw,1,5.5894468225342617e-05,0.00011178217587526172,8.383832205030218e-05,4352,775.972906429242,0.0874820631377551,100352
bayesfl_observability_v1,ola_sparse_bayesian_keep010_seed42,25,ola,global,,,layers.0.weight,raw,2,0.00011178217587526172,0.00016766988352518084,0.0001397260297002213,4444,792.3767454438305,0.13176618303571427,100352
bayesfl_observability_v1,ola_sparse_bayesian_keep010_seed42,25,ola,global,,,layers.0.weight,raw,3,0.00016766988352518084,0.00022355759117509996,0.0001956137373501404,4430,789.8805090720452,0.17591079400510204,100352
bayesfl_observability_v1,ola_sparse_bayesian_keep010_seed42,25,ola,global,,,layers.0.weight,raw,4,0.00022355759117509996,0.00027944529882501906,0.0002515014450000595,4442,792.0201402478616,0.22017498405612246,100352
bayesfl_observability_v1,ola_sparse_bayesian_keep010_seed42,25,ola,global,,,layers.0.weight,raw,5,0.00027944529882501906,0.00033533300647493815,0.00030738915264997863,4383,781.5002869667666,0.263851243622449,100352
bayesfl_observability_v1,ola_sparse_bayesian_keep010_seed42,25,ola,global,,,layers.0.weight,raw,6,0.00033533300647493815,0.0003912207141248573,0.0003632768602998977,4469,796.8343103934467,0.30838448660714285,100352
bayesfl_observability_v1,ola_sparse_bayesian_keep010_seed42,25,ola,global,,,layers.0.weight,raw,7,0.0003912207141248573,0.0004471084217747764,0.0004191645679498168,4545,810.3853078402816,0.3536750637755102,100352
bayesfl_observability_v1,ola_sparse_bayesian_keep010_seed42,25,ola,global,,,layers.0.weight,raw,8,0.0004471084217747764,0.0005029961294246955,0.00047505227559973596,4488,800.2220597551559,0.39839764030612246,100352
bayesfl_observability_v1,ola_sparse_bayesian_keep010_seed42,25,ola,global,,,layers.0.weight,raw,9,0.0005029961294246955,0.0005588838370746146,0.0005309399832496551,4399,784.3531285345205,0.44223333864795916,100352
bayesfl_observability_v1,ola_sparse_bayesian_keep010_seed42,25,ola,global,,,layers.0.weight,raw,10,0.0005588838370746146,0.0006147715447245338,0.0005868276908995741,4524,806.6409532826029,0.4873146524234694,100352
bayesfl_observability_v1,ola_sparse_bayesian_keep010_seed42,25,ola,global,,,layers.0.weight,raw,11,0.0006147715447245338,0.0006706592523744528,0.0006427153985494933,4440,791.6635350518931,0.5315589126275511,100352
bayesfl_observability_v1,ola_sparse_bayesian_keep010_seed42,25,ola,global,,,layers.0.weight,raw,12,0.0006706592523744528,0.000726546960024372,0.0006986031061994124,4354,776.3295116252107,0.5749461894132653,100352
bayesfl_observability_v1,ola_sparse_bayesian_keep010_seed42,25,ola,global,,,layers.0.weight,raw,13,0.000726546960024372,0.0007824346676742911,0.0007544908138493315,4399,784.3531285345205,0.618781887755102,100352
bayesfl_observability_v1,ola_sparse_bayesian_keep010_seed42,25,ola,global,,,layers.0.weight,raw,14,0.0007824346676742911,0.0008383223753242101,0.0008103785214992506,4417,787.562575298246,0.6627969547193877,100352
bayesfl_observability_v1,ola_sparse_bayesian_keep010_seed42,25,ola,global,,,layers.0.weight,raw,15,0.0008383223753242101,0.0008942100829741293,0.0008662662291491698,4335,772.9417622635021,0.7059948979591837,100352
bayesfl_observability_v1,ola_sparse_bayesian_keep010_seed42,25,ola,global,,,layers.0.weight,raw,16,0.0008942100829741293,0.0009500977906240484,0.0009221539367990888,4413,786.8493649063057,0.7499701052295918,100352
bayesfl_observability_v1,ola_sparse_bayesian_keep010_seed42,25,ola,global,,,layers.0.weight,raw,17,0.0009500977906240484,0.0010059854982739675,0.0009780416444490079,4327,771.5153414796265,0.7930883290816326,100352
bayesfl_observability_v1,ola_sparse_bayesian_keep010_seed42,25,ola,global,,,layers.0.weight,raw,18,0.0010059854982739675,0.0010618732059238867,0.0010339293520989271,4145,739.0642686464153,0.8343929368622449,100352
bayesfl_observability_v1,ola_sparse_bayesian_keep010_seed42,25,ola,global,,,layers.0.weight,raw,19,0.0010618732059238867,0.0011177609135738058,0.0010898170597488464,3481,620.6713435846036,0.8690808354591837,100352
bayesfl_observability_v1,ola_sparse_bayesian_keep010_seed42,25,ola,global,,,layers.0.weight,raw,20,0.0011177609135738058,0.0011736486212237248,0.0011457047673987652,2837,505.84447048248217,0.8973513233418368,100352
bayesfl_observability_v1,ola_sparse_bayesian_keep010_seed42,25,ola,global,,,layers.0.weight,raw,21,0.0011736486212237248,0.001229536328873644,0.0012015924750486844,2106,375.50527135569376,0.9183374521683674,100352
bayesfl_observability_v1,ola_sparse_bayesian_keep010_seed42,25,ola,global,,,layers.0.weight,raw,22,0.001229536328873644,0.0012854240365235631,0.0012574801826986037,1511,269.4152255548222,0.9333944515306123,100352
bayesfl_observability_v1,ola_sparse_bayesian_keep010_seed42,25,ola,global,,,layers.0.weight,raw,23,0.0012854240365235631,0.0013413117441734821,0.0013133678903485225,1239,220.9169189029945,0.9457409917091837,100352
bayesfl_observability_v1,ola_sparse_bayesian_keep010_seed42,25,ola,global,,,layers.0.weight,raw,24,0.0013413117441734821,0.0013971994518234014,0.0013692555979984418,996,177.58938759272127,0.9556660554846939,100352
bayesfl_observability_v1,ola_sparse_bayesian_keep010_seed42,25,ola,global,,,layers.0.weight,raw,25,0.0013971994518234014,0.0014530871594733204,0.001425143305648361,795,141.7505653978052,0.9635881696428571,100352
bayesfl_observability_v1,ola_sparse_bayesian_keep010_seed42,25,ola,global,,,layers.0.weight,raw,26,0.0014530871594733204,0.0015089748671232395,0.0014810310132982799,646,115.18347829809076,0.9700255102040817,100352
bayesfl_observability_v1,ola_sparse_bayesian_keep010_seed42,25,ola,global,,,layers.0.weight,raw,27,0.0015089748671232395,0.0015648625747731587,0.001536918720948199,557,99.31454707745557,0.9755759725765306,100352
bayesfl_observability_v1,ola_sparse_bayesian_keep010_seed42,25,ola,global,,,layers.0.weight,raw,28,0.0015648625747731587,0.0016207502824230778,0.0015928064285981184,456,81.30598468100524,0.9801199776785714,100352
bayesfl_observability_v1,ola_sparse_bayesian_keep010_seed42,25,ola,global,,,layers.0.weight,raw,29,0.0016207502824230778,0.0016766379900729968,0.0016486941362480372,361,64.36723787246248,0.9837173150510204,100352
bayesfl_observability_v1,ola_sparse_bayesian_keep010_seed42,25,ola,global,,,layers.0.weight,raw,30,0.0016766379900729968,0.001732525697722916,0.0017045818438979564,309,55.09550277725991,0.9867964764030612,100352
bayesfl_observability_v1,ola_sparse_bayesian_keep010_seed42,25,ola,global,,,layers.0.weight,raw,31,0.001732525697722916,0.001788413405372835,0.0017604695515478757,267,47.60679366190438,0.9894571109693877,100352
bayesfl_observability_v1,ola_sparse_bayesian_keep010_seed42,25,ola,global,,,layers.0.weight,raw,32,0.001788413405372835,0.0018443011130227541,0.0018163572591977945,183,32.62937543119289,0.9912806919642857,100352
bayesfl_observability_v1,ola_sparse_bayesian_keep010_seed42,25,ola,global,,,layers.0.weight,raw,33,0.0018443011130227541,0.0019001888206726734,0.0018722449668477138,174,31.024652049330825,0.9930145886479592,100352
bayesfl_observability_v1,ola_sparse_bayesian_keep010_seed42,25,ola,global,,,layers.0.weight,raw,34,0.0019001888206726734,0.001956076528322593,0.001928132674497633,141,25.14066631583695,0.9944196428571429,100352
bayesfl_observability_v1,ola_sparse_bayesian_keep010_seed42,25,ola,global,,,layers.0.weight,raw,35,0.001956076528322593,0.0020119642359725117,0.0019840203821475523,82,14.620813034742225,0.9952367665816326,100352
bayesfl_observability_v1,ola_sparse_bayesian_keep010_seed42,25,ola,global,,,layers.0.weight,raw,36,0.0020119642359725117,0.002067851943622431,0.0020399080897974715,93,16.58214161257337,0.9961635044642857,100352
bayesfl_observability_v1,ola_sparse_bayesian_keep010_seed42,25,ola,global,,,layers.0.weight,raw,37,0.002067851943622431,0.00212373965127235,0.0020957957974473904,74,13.194392250864833,0.9969009088010204,100352
bayesfl_observability_v1,ola_sparse_bayesian_keep010_seed42,25,ola,global,,,layers.0.weight,raw,38,0.00212373965127235,0.002179627358922269,0.0021516835050973096,54,9.62834029117171,0.9974390146683674,100352
bayesfl_observability_v1,ola_sparse_bayesian_keep010_seed42,25,ola,global,,,layers.0.weight,raw,39,0.002179627358922269,0.0022355150665721883,0.002207571212747229,45,8.023616909309697,0.9978874362244898,100352
bayesfl_observability_v1,ola_sparse_bayesian_keep010_seed42,25,ola,global,,,layers.0.weight,raw,40,0.0022355150665721883,0.0022914027742221075,0.0022634589203971477,38,6.775498723417076,0.9982661033163265,100352
bayesfl_observability_v1,ola_sparse_bayesian_keep010_seed42,25,ola,global,,,layers.0.weight,raw,41,0.0022914027742221075,0.0023472904818720264,0.002319346628047067,32,5.705683135509161,0.9985849808673469,100352
bayesfl_observability_v1,ola_sparse_bayesian_keep010_seed42,25,ola,global,,,layers.0.weight,raw,42,0.0023472904818720264,0.0024031781895219456,0.002375234335696986,27,4.814170145585818,0.9988540338010204,100352
bayesfl_observability_v1,ola_sparse_bayesian_keep010_seed42,25,ola,global,,,layers.0.weight,raw,43,0.0024031781895219456,0.002459065897171865,0.002431122043346905,21,3.744354557677858,0.9990632971938775,100352
bayesfl_observability_v1,ola_sparse_bayesian_keep010_seed42,25,ola,global,,,layers.0.weight,raw,44,0.002459065897171865,0.0025149536048217837,0.0024870097509968243,13,2.317933773800597,0.9991928411989796,100352
bayesfl_observability_v1,ola_sparse_bayesian_keep010_seed42,25,ola,global,,,layers.0.weight,raw,45,0.0025149536048217837,0.002570841312471703,0.0025428974586467435,15,2.6745389697698987,0.9993423150510204,100352
bayesfl_observability_v1,ola_sparse_bayesian_keep010_seed42,25,ola,global,,,layers.0.weight,raw,46,0.002570841312471703,0.002626729020121622,0.0025987851662966624,12,2.1396311758159188,0.9994618941326531,100352
bayesfl_observability_v1,ola_sparse_bayesian_keep010_seed42,25,ola,global,,,layers.0.weight,raw,47,0.002626729020121622,0.002682616727771541,0.0026546728739465816,13,2.317933773800597,0.9995914381377551,100352
bayesfl_observability_v1,ola_sparse_bayesian_keep010_seed42,25,ola,global,,,layers.0.weight,raw,48,0.002682616727771541,0.0027385044354214603,0.002710560581596501,5,0.8915129899232995,0.999641262755102,100352
bayesfl_observability_v1,ola_sparse_bayesian_keep010_seed42,25,ola,global,,,layers.0.weight,raw,49,0.0027385044354214603,0.0027943921430713795,0.0027664482892464197,6,1.0698155879079594,0.9997010522959183,100352
bayesfl_observability_v1,ola_sparse_bayesian_keep010_seed42,25,ola,global,,,layers.0.weight,raw,50,0.0027943921430713795,0.0028502798507212984,0.002822335996896339,4,0.7132103919386451,0.9997409119897959,100352
bayesfl_observability_v1,ola_sparse_bayesian_keep010_seed42,25,ola,global,,,layers.0.weight,raw,51,0.0028502798507212984,0.0029061675583712176,0.002878223704546258,3,0.5349077939539797,0.9997708067602041,100352
bayesfl_observability_v1,ola_sparse_bayesian_keep010_seed42,25,ola,global,,,layers.0.weight,raw,52,0.0029061675583712176,0.002962055266021137,0.002934111412196177,4,0.7132103919386397,0.9998106664540817,100352
bayesfl_observability_v1,ola_sparse_bayesian_keep010_seed42,25,ola,global,,,layers.0.weight,raw,53,0.002962055266021137,0.0030179429736710557,0.0029899991198460963,2,0.35660519596932255,0.9998305963010204,100352
bayesfl_observability_v1,ola_sparse_bayesian_keep010_seed42,25,ola,global,,,layers.0.weight,raw,54,0.0030179429736710557,0.003073830681320975,0.0030458868274960155,3,0.5349077939539797,0.9998604910714286,100352
bayesfl_observability_v1,ola_sparse_bayesian_keep010_seed42,25,ola,global,,,layers.0.weight,raw,55,0.003073830681320975,0.003129718388970894,0.0031017745351459344,1,0.17830259798465992,0.999870455994898,100352
bayesfl_observability_v1,ola_sparse_bayesian_keep010_seed42,25,ola,global,,,layers.0.weight,raw,56,0.003129718388970894,0.003185606096620813,0.0031576622427958536,1,0.17830259798466128,0.9998804209183674,100352
bayesfl_observability_v1,ola_sparse_bayesian_keep010_seed42,25,ola,global,,,layers.0.weight,raw,57,0.003185606096620813,0.0032414938042707323,0.003213549950445773,1,0.17830259798465992,0.9998903858418368,100352
bayesfl_observability_v1,ola_sparse_bayesian_keep010_seed42,25,ola,global,,,layers.0.weight,raw,58,0.0032414938042707323,0.0032973815119206515,0.0032694376580956917,1,0.17830259798465992,0.9999003507653061,100352
bayesfl_observability_v1,ola_sparse_bayesian_keep010_seed42,25,ola,global,,,layers.0.weight,raw,59,0.0032973815119206515,0.0033532692195705704,0.003325325365745611,1,0.17830259798466128,0.9999103156887755,100352
bayesfl_observability_v1,ola_sparse_bayesian_keep010_seed42,25,ola,global,,,layers.0.weight,raw,60,0.0033532692195705704,0.0034091569272204896,0.00338121307339553,2,0.35660519596931983,0.9999302455357143,100352
bayesfl_observability_v1,ola_sparse_bayesian_keep010_seed42,25,ola,global,,,layers.0.weight,raw,61,0.0034091569272204896,0.003465044634870409,0.003437100781045449,1,0.17830259798465992,0.9999402104591837,100352
bayesfl_observability_v1,ola_sparse_bayesian_keep010_seed42,25,ola,global,,,layers.0.weight,raw,62,0.003465044634870409,0.0035209323425203277,0.0034929884886953683,1,0.17830259798466128,0.9999501753826531,100352
bayesfl_observability_v1,ola_sparse_bayesian_keep010_seed42,25,ola,global,,,layers.0.weight,raw,63,0.0035209323425203277,0.003576820050170247,0.0035488761963452875,1,0.17830259798465992,0.9999601403061225,100352
bayesfl_observability_v1,ola_sparse_bayesian_keep010_seed42,25,ola,global,,,layers.0.weight,raw,64,0.003576820050170247,0.003632707757820166,0.0036047639039952064,0,0.0,0.9999601403061225,100352
bayesfl_observability_v1,ola_sparse_bayesian_keep010_seed42,25,ola,global,,,layers.0.weight,raw,65,0.003632707757820166,0.003688595465470085,0.0036606516116451256,0,0.0,0.9999601403061225,100352
bayesfl_observability_v1,ola_sparse_bayesian_keep010_seed42,25,ola,global,,,layers.0.weight,raw,66,0.003688595465470085,0.0037444831731200043,0.003716539319295045,1,0.17830259798465992,0.9999701052295918,100352
bayesfl_observability_v1,ola_sparse_bayesian_keep010_seed42,25,ola,global,,,layers.0.weight,raw,67,0.0037444831731200043,0.0038003708807699235,0.0037724270269449637,0,0.0,0.9999701052295918,100352
bayesfl_observability_v1,ola_sparse_bayesian_keep010_seed42,25,ola,global,,,layers.0.weight,raw,68,0.0038003708807699235,0.0038562585884198424,0.003828314734594883,1,0.17830259798466128,0.9999800701530612,100352
bayesfl_observability_v1,ola_sparse_bayesian_keep010_seed42,25,ola,global,,,layers.0.weight,raw,69,0.0038562585884198424,0.003912146296069762,0.003884202442244802,1,0.17830259798465992,0.9999900350765306,100352
bayesfl_observability_v1,ola_sparse_bayesian_keep010_seed42,25,ola,global,,,layers.0.weight,raw,70,0.003912146296069762,0.0039680340037196804,0.003940090149894721,0,0.0,0.9999900350765306,100352
bayesfl_observability_v1,ola_sparse_bayesian_keep010_seed42,25,ola,global,,,layers.0.weight,raw,71,0.0039680340037196804,0.004023921711369599,0.00399597785754464,0,0.0,0.9999900350765306,100352
bayesfl_observability_v1,ola_sparse_bayesian_keep010_seed42,25,ola,global,,,layers.0.weight,raw,72,0.004023921711369599,0.004079809419019519,0.0040518655651945595,0,0.0,0.9999900350765306,100352
bayesfl_observability_v1,ola_sparse_bayesian_keep010_seed42,25,ola,global,,,layers.0.weight,raw,73,0.004079809419019519,0.004135697126669438,0.004107753272844478,0,0.0,0.9999900350765306,100352
bayesfl_observability_v1,ola_sparse_bayesian_keep010_seed42,25,ola,global,,,layers.0.weight,raw,74,0.004135697126669438,0.004191584834319357,0.004163640980494397,0,0.0,0.9999900350765306,100352
bayesfl_observability_v1,ola_sparse_bayesian_keep010_seed42,25,ola,global,,,layers.0.weight,raw,75,0.004191584834319357,0.004247472541969276,0.004219528688144316,0,0.0,0.9999900350765306,100352
bayesfl_observability_v1,ola_sparse_bayesian_keep010_seed42,25,ola,global,,,layers.0.weight,raw,76,0.004247472541969276,0.004303360249619195,0.004275416395794236,0,0.0,0.9999900350765306,100352
bayesfl_observability_v1,ola_sparse_bayesian_keep010_seed42,25,ola,global,,,layers.0.weight,raw,77,0.004303360249619195,0.004359247957269114,0.0043313041034441545,0,0.0,0.9999900350765306,100352
bayesfl_observability_v1,ola_sparse_bayesian_keep010_seed42,25,ola,global,,,layers.0.weight,raw,78,0.004359247957269114,0.004415135664919034,0.004387191811094074,0,0.0,0.9999900350765306,100352
bayesfl_observability_v1,ola_sparse_bayesian_keep010_seed42,25,ola,global,,,layers.0.weight,raw,79,0.004415135664919034,0.0044710233725689524,0.004443079518743993,1,0.17830259798466128,1.0,100352
bayesfl_observability_v1,ola_sparse_bayesian_keep010_seed42,25,ola,global,,,layers.0.weight,db,0,-163.39904206335845,-161.94395230249793,-162.6714971829282,1,6.848322170513149e-06,9.964923469387754e-06,100352
bayesfl_observability_v1,ola_sparse_bayesian_keep010_seed42,25,ola,global,,,layers.0.weight,db,1,-161.94395230249793,-160.48886254163745,-161.21640742206768,0,0.0,9.964923469387754e-06,100352
bayesfl_observability_v1,ola_sparse_bayesian_keep010_seed42,25,ola,global,,,layers.0.weight,db,2,-160.48886254163745,-159.03377278077693,-159.7613176612072,0,0.0,9.964923469387754e-06,100352
bayesfl_observability_v1,ola_sparse_bayesian_keep010_seed42,25,ola,global,,,layers.0.weight,db,3,-159.03377278077693,-157.57868301991644,-158.3062279003467,0,0.0,9.964923469387754e-06,100352
bayesfl_observability_v1,ola_sparse_bayesian_keep010_seed42,25,ola,global,,,layers.0.weight,db,4,-157.57868301991644,-156.12359325905592,-156.85113813948618,0,0.0,9.964923469387754e-06,100352
bayesfl_observability_v1,ola_sparse_bayesian_keep010_seed42,25,ola,global,,,layers.0.weight,db,5,-156.12359325905592,-154.66850349819543,-155.39604837862566,0,0.0,9.964923469387754e-06,100352
bayesfl_observability_v1,ola_sparse_bayesian_keep010_seed42,25,ola,global,,,layers.0.weight,db,6,-154.66850349819543,-153.21341373733492,-153.94095861776518,1,6.848322170513149e-06,1.992984693877551e-05,100352
bayesfl_observability_v1,ola_sparse_bayesian_keep010_seed42,25,ola,global,,,layers.0.weight,db,7,-153.21341373733492,-151.75832397647443,-152.4858688569047,0,0.0,1.992984693877551e-05,100352
bayesfl_observability_v1,ola_sparse_bayesian_keep010_seed42,25,ola,global,,,layers.0.weight,db,8,-151.75832397647443,-150.3032342156139,-151.03077909604417,1,6.848322170513149e-06,2.9894770408163265e-05,100352
bayesfl_observability_v1,ola_sparse_bayesian_keep010_seed42,25,ola,global,,,layers.0.weight,db,9,-150.3032342156139,-148.84814445475342,-149.57568933518365,0,0.0,2.9894770408163265e-05,100352
bayesfl_observability_v1,ola_sparse_bayesian_keep010_seed42,25,ola,global,,,layers.0.weight,db,10,-148.84814445475342,-147.3930546938929,-148.12059957432317,1,6.848322170513149e-06,3.985969387755102e-05,100352
bayesfl_observability_v1,ola_sparse_bayesian_keep010_seed42,25,ola,global,,,layers.0.weight,db,11,-147.3930546938929,-145.93796493303242,-146.66550981346268,0,0.0,3.985969387755102e-05,100352
bayesfl_observability_v1,ola_sparse_bayesian_keep010_seed42,25,ola,global,,,layers.0.weight,db,12,-145.93796493303242,-144.4828751721719,-145.21042005260216,1,6.848322170513149e-06,4.982461734693878e-05,100352
bayesfl_observability_v1,ola_sparse_bayesian_keep010_seed42,25,ola,global,,,layers.0.weight,db,13,-144.4828751721719,-143.0277854113114,-143.75533029174164,0,0.0,4.982461734693878e-05,100352
bayesfl_observability_v1,ola_sparse_bayesian_keep010_seed42,25,ola,global,,,layers.0.weight,db,14,-143.0277854113114,-141.5726956504509,-142.30024053088115,1,6.848322170513149e-06,5.978954081632653e-05,100352
bayesfl_observability_v1,ola_sparse_bayesian_keep010_seed42,25,ola,global,,,layers.0.weight,db,15,-141.5726956504509,-140.1176058895904,-140.84515077002067,2,1.3696644341026566e-05,7.971938775510203e-05,100352
bayesfl_observability_v1,ola_sparse_bayesian_keep010_seed42,25,ola,global,,,layers.0.weight,db,16,-140.1176058895904,-138.6625161287299,-139.39006100916015,5,3.424161085256575e-05,0.00012954400510204082,100352
bayesfl_observability_v1,ola_sparse_bayesian_keep010_seed42,25,ola,global,,,layers.0.weight,db,17,-138.6625161287299,-137.2074263678694,-137.93497124829963,0,0.0,0.00012954400510204082,100352
bayesfl_observability_v1,ola_sparse_bayesian_keep010_seed42,25,ola,global,,,layers.0.weight,db,18,-137.2074263678694,-135.75233660700889,-136.47988148743914,1,6.848322170513149e-06,0.00013950892857142856,100352
bayesfl_observability_v1,ola_sparse_bayesian_keep010_seed42,25,ola,global,,,layers.0.weight,db,19,-135.75233660700889,-134.2972468461484,-135.02479172657866,2,1.3696644341026566e-05,0.00015943877551020407,100352
bayesfl_observability_v1,ola_sparse_bayesian_keep010_seed42,25,ola,global,,,layers.0.weight,db,20,-134.2972468461484,-132.84215708528788,-133.56970196571814,2,1.3696644341026299e-05,0.0001793686224489796,100352
bayesfl_observability_v1,ola_sparse_bayesian_keep010_seed42,25,ola,global,,,layers.0.weight,db,21,-132.84215708528788,-131.3870673244274,-132.11461220485762,5,3.424161085256642e-05,0.00022919323979591838,100352
bayesfl_observability_v1,ola_sparse_bayesian_keep010_seed42,25,ola,global,,,layers.0.weight,db,22,-131.3870673244274,-129.93197756356687,-130.65952244399713,7,4.793825519359205e-05,0.00029894770408163266,100352
bayesfl_observability_v1,ola_sparse_bayesian_keep010_seed42,25,ola,global,,,layers.0.weight,db,23,-129.93197756356687,-128.47688780270636,-129.20443268313662,1,6.848322170513149e-06,0.0003089126275510204,100352
bayesfl_observability_v1,ola_sparse_bayesian_keep010_seed42,25,ola,global,,,layers.0.weight,db,24,-128.47688780270636,-127.02179804184587,-127.74934292227611,7,4.793825519359298e-05,0.0003786670918367347,100352
bayesfl_observability_v1,ola_sparse_bayesian_keep010_seed42,25,ola,global,,,layers.0.weight,db,25,-127.02179804184587,-125.56670828098537,-126.29425316141561,10,6.848322170513217e-05,0.00047831632653061223,100352
bayesfl_observability_v1,ola_sparse_bayesian_keep010_seed42,25,ola,global,,,layers.0.weight,db,26,-125.56670828098537,-124.11161852012486,-124.83916340055512,10,6.848322170513217e-05,0.0005779655612244898,100352
bayesfl_observability_v1,ola_sparse_bayesian_keep010_seed42,25,ola,global,,,layers.0.weight,db,27,-124.11161852012486,-122.65652875926436,-123.3840736396946,9,6.163489953461895e-05,0.0006676498724489796,100352
bayesfl_observability_v1,ola_sparse_bayesian_keep010_seed42,25,ola,global,,,layers.0.weight,db,28,-122.65652875926436,-121.20143899840386,-121.92898387883412,7,4.7938255193592516e-05,0.0007374043367346938,100352
bayesfl_observability_v1,ola_sparse_bayesian_keep010_seed42,25,ola,global,,,layers.0.weight,db,29,-121.20143899840386,-119.74634923754336,-120.4738941179736,10,6.848322170513217e-05,0.0008370535714285714,100352
bayesfl_observability_v1,ola_sparse_bayesian_keep010_seed42,25,ola,global,,,layers.0.weight,db,30,-119.74634923754336,-118.29125947668285,-119.01880435711311,15,0.00010272483255769825,0.0009865274234693877,100352
bayesfl_observability_v1,ola_sparse_bayesian_keep010_seed42,25,ola,global,,,layers.0.weight,db,31,-118.29125947668285,-116.83616971582235,-117.5637145962526,18,0.0001232697990692379,0.0011658960459183674,100352
bayesfl_observability_v1,ola_sparse_bayesian_keep010_seed42,25,ola,global,,,layers.0.weight,db,32,-116.83616971582235,-115.38107995496185,-116.1086248353921,18,0.0001232697990692379,0.001345264668367347,100352
bayesfl_observability_v1,ola_sparse_bayesian_keep010_seed42,25,ola,global,,,layers.0.weight,db,33,-115.38107995496185,-113.92599019410135,-114.65353507453159,32,0.00021914630945642292,0.001664142219387755,100352
bayesfl_observability_v1,ola_sparse_bayesian_keep010_seed42,25,ola,global,,,layers.0.weight,db,34,-113.92599019410135,-112.47090043324084,-113.1984453136711,37,0.000253387920308989,0.002032844387755102,100352
bayesfl_observability_v1,ola_sparse_bayesian_keep010_seed42,25,ola,global,,,layers.0.weight,db,35,-112.47090043324084,-111.01581067238034,-111.74335555281058,33,0.00022599463162693614,0.002361686862244898,100352
bayesfl_observability_v1,ola_sparse_bayesian_keep010_seed42,25,ola,global,,,layers.0.weight,db,36,-111.01581067238034,-109.56072091151984,-110.2882657919501,48,0.0003287194641846344,0.00284000318877551,100352
bayesfl_observability_v1,ola_sparse_bayesian_keep010_seed42,25,ola,global,,,layers.0.weight,db,37,-109.56072091151984,-108.10563115065933,-108.83317603108958,38,0.00026023624247950225,0.003218670280612245,100352
bayesfl_observability_v1,ola_sparse_bayesian_keep010_seed42,25,ola,global,,,layers.0.weight,db,38,-108.10563115065933,-106.65054138979883,-107.37808627022909,57,0.0003903543637192534,0.003786670918367347,100352
bayesfl_observability_v1,ola_sparse_bayesian_keep010_seed42,25,ola,global,,,layers.0.weight,db,39,-106.65054138979883,-105.19545162893833,-105.92299650936857,47,0.00032187114201412116,0.004255022321428571,100352
bayesfl_observability_v1,ola_sparse_bayesian_keep010_seed42,25,ola,global,,,layers.0.weight,db,40,-105.19545162893833,-103.74036186807783,-104.46790674850809,77,0.0005273208071295177,0.005022321428571429,100352
bayesfl_observability_v1,ola_sparse_bayesian_keep010_seed42,25,ola,global,,,layers.0.weight,db,41,-103.74036186807783,-102.28527210721731,-103.01281698764757,111,0.0007601637609269596,0.00612842793367347,100352
bayesfl_observability_v1,ola_sparse_bayesian_keep010_seed42,25,ola,global,,,layers.0.weight,db,42,-102.28527210721731,-100.83018234635682,-101.55772722678707,127,0.0008697369156551871,0.007393973214285714,100352
bayesfl_observability_v1,ola_sparse_bayesian_keep010_seed42,25,ola,global,,,layers.0.weight,db,43,-100.83018234635682,-99.37509258549632,-100.10263746592656,128,0.0008765852378256917,0.008669483418367346,100352
bayesfl_observability_v1,ola_sparse_bayesian_keep010_seed42,25,ola,global,,,layers.0.weight,db,44,-99.37509258549632,-97.92000282463582,-98.64754770506607,132,0.0009039785265077446,0.009984853316326531,100352
bayesfl_observability_v1,ola_sparse_bayesian_keep010_seed42,25,ola,global,,,layers.0.weight,db,45,-97.92000282463582,-96.46491306377531,-97.19245794420556,207,0.0014176026892962358,0.012047592474489796,100352
bayesfl_observability_v1,ola_sparse_bayesian_keep010_seed42,25,ola,global,,,layers.0.weight,db,46,-96.46491306377531,-95.00982330291481,-95.73736818334507,248,0.0016983838982872778,0.01451889349489796,100352
bayesfl_observability_v1,ola_sparse_bayesian_keep010_seed42,25,ola,global,,,layers.0.weight,db,47,-95.00982330291481,-93.5547335420543,-94.28227842248455,244,0.0016709906096052086,0.016950334821428572,100352
bayesfl_observability_v1,ola_sparse_bayesian_keep010_seed42,25,ola,global,,,layers.0.weight,db,48,-93.5547335420543,-92.09964378119379,-92.82718866162404,304,0.002081889939836018,0.019979671556122448,100352
bayesfl_observability_v1,ola_sparse_bayesian_keep010_seed42,25,ola,global,,,layers.0.weight,db,49,-92.09964378119379,-90.64455402033329,-91.37209890076355,365,0.002499637592237324,0.02361686862244898,100352
bayesfl_observability_v1,ola_sparse_bayesian_keep010_seed42,25,ola,global,,,layers.0.weight,db,50,-90.64455402033329,-89.18946425947279,-89.91700913990303,437,0.002992716788514276,0.027971540178571428,100352
bayesfl_observability_v1,ola_sparse_bayesian_keep010_seed42,25,ola,global,,,layers.0.weight,db,51,-89.18946425947279,-87.73437449861228,-88.46191937904254,490,0.003355677863551476,0.03285435267857143,100352
bayesfl_observability_v1,ola_sparse_bayesian_keep010_seed42,25,ola,global,,,layers.0.weight,db,52,-87.73437449861228,-86.27928473775178,-87.00682961818202,588,0.004026813436261771,0.03871372767857143,100352
bayesfl_observability_v1,ola_sparse_bayesian_keep010_seed42,25,ola,global,,,layers.0.weight,db,53,-86.27928473775178,-84.82419497689128,-85.55173985732154,653,0.00447195437734513,0.045220822704081634,100352
bayesfl_observability_v1,ola_sparse_bayesian_keep010_seed42,25,ola,global,,,layers.0.weight,db,54,-84.82419497689128,-83.36910521603077,-84.09665009646102,764,0.005232118138272098,0.052834024234693876,100352
bayesfl_observability_v1,ola_sparse_bayesian_keep010_seed42,25,ola,global,,,layers.0.weight,db,55,-83.36910521603077,-81.91401545517027,-82.64156033560053,979,0.006704507404932439,0.06258968431122448,100352
bayesfl_observability_v1,ola_sparse_bayesian_keep010_seed42,25,ola,global,,,layers.0.weight,db,56,-81.91401545517027,-80.45892569430977,-81.18647057474001,1178,0.00806732351686457,0.07432836415816327,100352
bayesfl_observability_v1,ola_sparse_bayesian_keep010_seed42,25,ola,global,,,layers.0.weight,db,57,-80.45892569430977,-79.00383593344927,-79.73138081387953,1347,0.009224689963681303,0.08775111607142858,100352
bayesfl_observability_v1,ola_sparse_bayesian_keep010_seed42,25,ola,global,,,layers.0.weight,db,58,-79.00383593344927,-77.54874617258876,-78.27629105301901,1660,0.011368214803051939,0.10429288903061225,100352
bayesfl_observability_v1,ola_sparse_bayesian_keep010_seed42,25,ola,global,,,layers.0.weight,db,59,-77.54874617258876,-76.09365641172826,-76.82120129215852,1887,0.01292278393575844,0.12309669961734694,100352
bayesfl_observability_v1,ola_sparse_bayesian_keep010_seed42,25,ola,global,,,layers.0.weight,db,60,-76.09365641172826,-74.63856665086776,-75.366111531298,2235,0.01530600005109704,0.14536830357142858,100352
bayesfl_observability_v1,ola_sparse_bayesian_keep010_seed42,25,ola,global,,,layers.0.weight,db,61,-74.63856665086776,-73.18347689000726,-73.91102177043751,2724,0.018654829592478002,0.1725127551020408,100352
bayesfl_observability_v1,ola_sparse_bayesian_keep010_seed42,25,ola,global,,,layers.0.weight,db,62,-73.18347689000726,-71.72838712914675,-72.455932009577,3152,0.021585911481457658,0.20392219387755103,100352
bayesfl_observability_v1,ola_sparse_bayesian_keep010_seed42,25,ola,global,,,layers.0.weight,db,63,-71.72838712914675,-70.27329736828625,-71.00084224871651,3767,0.025797629616323287,0.2414600605867347,100352
bayesfl_observability_v1,ola_sparse_bayesian_keep010_seed42,25,ola,global,,,layers.0.weight,db,64,-70.27329736828625,-68.81820760742575,-69.54575248785599,4382,0.030009347751188915,0.28512635522959184,100352
bayesfl_observability_v1,ola_sparse_bayesian_keep010_seed42,25,ola,global,,,layers.0.weight,db,65,-68.81820760742575,-67.36311784656525,-68.0906627269955,5380,0.03684397327736111,0.33873764349489793,100352
bayesfl_observability_v1,ola_sparse_bayesian_keep010_seed42,25,ola,global,,,layers.0.weight,db,66,-67.36311784656525,-65.90802808570474,-66.63557296613499,6254,0.04282940685438966,0.401058274872449,100352
bayesfl_observability_v1,ola_sparse_bayesian_keep010_seed42,25,ola,global,,,layers.0.weight,db,67,-65.90802808570474,-64.45293832484424,-65.1804832052745,7374,0.05049952768536446,0.4745396205357143,100352
bayesfl_observability_v1,ola_sparse_bayesian_keep010_seed42,25,ola,global,,,layers.0.weight,db,68,-64.45293832484424,-62.99784856398374,-63.72539344441399,8606,0.058936660599436745,0.5602977519132653,100352
bayesfl_observability_v1,ola_sparse_bayesian_keep010_seed42,25,ola,global,,,layers.0.weight,db,69,-62.99784856398374,-61.542758803123235,-62.270303683553486,10191,0.06979125123970019,0.6618502869897959,100352
bayesfl_observability_v1,ola_sparse_bayesian_keep010_seed42,25,ola,global,,,layers.0.weight,db,70,-61.542758803123235,-60.08766904226273,-60.81521392269298,11950,0.08183744993763294,0.7809311224489796,100352
bayesfl_observability_v1,ola_sparse_bayesian_keep010_seed42,25,ola,global,,,layers.0.weight,db,71,-60.08766904226273,-58.63257928140223,-59.36012416183248,11536,0.07900224455904047,0.8958864795918368,100352
bayesfl_observability_v1,ola_sparse_bayesian_keep010_seed42,25,ola,global,,,layers.0.weight,db,72,-58.63257928140223,-57.17748952054173,-57.90503440097198,5789,0.03964493704510101,0.9535734215561225,100352
bayesfl_observability_v1,ola_sparse_bayesian_keep010_seed42,25,ola,global,,,layers.0.weight,db,73,-57.17748952054173,-55.722399759681224,-56.449944640111475,2781,0.019045183956197257,0.9812858737244898,100352
bayesfl_observability_v1,ola_sparse_bayesian_keep010_seed42,25,ola,global,,,layers.0.weight,db,74,-55.722399759681224,-54.26730999882072,-54.99485487925097,1269,0.008690520834381273,0.9939313616071429,100352
bayesfl_observability_v1,ola_sparse_bayesian_keep010_seed42,25,ola,global,,,layers.0.weight,db,75,-54.26730999882072,-52.81222023796022,-53.53976511839047,433,0.0029653234998322227,0.9982461734693877,100352
bayesfl_observability_v1,ola_sparse_bayesian_keep010_seed42,25,ola,global,,,layers.0.weight,db,76,-52.81222023796022,-51.357130477099716,-52.08467535752997,137,0.0009382201373603107,0.9996113679846939,100352
bayesfl_observability_v1,ola_sparse_bayesian_keep010_seed42,25,ola,global,,,layers.0.weight,db,77,-51.357130477099716,-49.90204071623921,-50.629585596669465,27,0.00018490469860385684,0.9998804209183674,100352
bayesfl_observability_v1,ola_sparse_bayesian_keep010_seed42,25,ola,global,,,layers.0.weight,db,78,-49.90204071623921,-48.44695095537871,-49.17449583580896,9,6.163489953461895e-05,0.9999701052295918,100352
bayesfl_observability_v1,ola_sparse_bayesian_keep010_seed42,25,ola,global,,,layers.0.weight,db,79,-48.44695095537871,-46.99186119451821,-47.71940607494846,3,2.054496651153965e-05,1.0,100352
bayesfl_observability_v1,ola_sparse_bayesian_keep010_seed42,25,ola,global,,,layers.0.bias,raw,0,8.020214628369947e-06,3.6344374259392476e-05,2.2182294443881212e-05,3,827.4737999403757,0.0234375,128
bayesfl_observability_v1,ola_sparse_bayesian_keep010_seed42,25,ola,global,,,layers.0.bias,raw,1,3.6344374259392476e-05,6.4668533890415e-05,5.050645407490374e-05,3,827.4737999403757,0.046875,128
bayesfl_observability_v1,ola_sparse_bayesian_keep010_seed42,25,ola,global,,,layers.0.bias,raw,2,6.4668533890415e-05,9.299269352143754e-05,7.883061370592628e-05,5,1379.122999900626,0.0859375,128
bayesfl_observability_v1,ola_sparse_bayesian_keep010_seed42,25,ola,global,,,layers.0.bias,raw,3,9.299269352143754e-05,0.00012131685315246006,0.0001071547733369488,3,827.4737999403759,0.109375,128
bayesfl_observability_v1,ola_sparse_bayesian_keep010_seed42,25,ola,global,,,layers.0.bias,raw,4,0.00012131685315246006,0.00014964101278348258,0.00013547893296797132,1,275.8245999801253,0.1171875,128
bayesfl_observability_v1,ola_sparse_bayesian_keep010_seed42,25,ola,global,,,layers.0.bias,raw,5,0.00014964101278348258,0.00017796517241450513,0.00016380309259899387,8,2206.596799841,0.1796875,128
bayesfl_observability_v1,ola_sparse_bayesian_keep010_seed42,25,ola,global,,,layers.0.bias,raw,6,0.00017796517241450513,0.00020628933204552765,0.00019212725223001639,4,1103.2983999205012,0.2109375,128
bayesfl_observability_v1,ola_sparse_bayesian_keep010_seed42,25,ola,global,,,layers.0.bias,raw,7,0.00020628933204552765,0.00023461349167655017,0.0002204514118610389,2,551.6491999602506,0.2265625,128
bayesfl_observability_v1,ola_sparse_bayesian_keep010_seed42,25,ola,global,,,layers.0.bias,raw,8,0.00023461349167655017,0.0002629376513075727,0.0002487755714920614,4,1103.2983999205012,0.2578125,128
bayesfl_observability_v1,ola_sparse_bayesian_keep010_seed42,25,ola,global,,,layers.0.bias,raw,9,0.0002629376513075727,0.0002912618109385952,0.00027709973112308395,3,827.4737999403759,0.28125,128
bayesfl_observability_v1,ola_sparse_bayesian_keep010_seed42,25,ola,global,,,layers.0.bias,raw,10,0.0002912618109385952,0.00031958597056961773,0.00030542389075410647,1,275.8245999801253,0.2890625,128
bayesfl_observability_v1,ola_sparse_bayesian_keep010_seed42,25,ola,global,,,layers.0.bias,raw,11,0.00031958597056961773,0.0003479101302006403,0.00033374805038512904,2,551.6491999602496,0.3046875,128
bayesfl_observability_v1,ola_sparse_bayesian_keep010_seed42,25,ola,global,,,layers.0.bias,raw,12,0.0003479101302006403,0.0003762342898316628,0.00036207221001615156,4,1103.2983999205012,0.3359375,128
bayesfl_observability_v1,ola_sparse_bayesian_keep010_seed42,25,ola,global,,,layers.0.bias,raw,13,0.0003762342898316628,0.00040455844946268534,0.0003903963696471741,3,827.4737999403759,0.359375,128
bayesfl_observability_v1,ola_sparse_bayesian_keep010_seed42,25,ola,global,,,layers.0.bias,raw,14,0.00040455844946268534,0.00043288260909370786,0.0004187205292781966,2,551.6491999602506,0.375,128
bayesfl_observability_v1,ola_sparse_bayesian_keep010_seed42,25,ola,global,,,layers.0.bias,raw,15,0.00043288260909370786,0.0004612067687247304,0.0004470446889092191,3,827.4737999403759,0.3984375,128
bayesfl_observability_v1,ola_sparse_bayesian_keep010_seed42,25,ola,global,,,layers.0.bias,raw,16,0.0004612067687247304,0.0004895309283557529,0.00047536884854024164,3,827.4737999403759,0.421875,128
bayesfl_observability_v1,ola_sparse_bayesian_keep010_seed42,25,ola,global,,,layers.0.bias,raw,17,0.0004895309283557529,0.0005178550879867754,0.0005036930081712642,2,551.6491999602506,0.4375,128
bayesfl_observability_v1,ola_sparse_bayesian_keep010_seed42,25,ola,global,,,layers.0.bias,raw,18,0.0005178550879867754,0.000546179247617798,0.0005320171678022867,1,275.8245999801253,0.4453125,128
bayesfl_observability_v1,ola_sparse_bayesian_keep010_seed42,25,ola,global,,,layers.0.bias,raw,19,0.000546179247617798,0.0005745034072488205,0.0005603413274333092,4,1103.2983999205012,0.4765625,128
bayesfl_observability_v1,ola_sparse_bayesian_keep010_seed42,25,ola,global,,,layers.0.bias,raw,20,0.0005745034072488205,0.000602827566879843,0.0005886654870643317,1,275.8245999801253,0.484375,128
bayesfl_observability_v1,ola_sparse_bayesian_keep010_seed42,25,ola,global,,,layers.0.bias,raw,21,0.000602827566879843,0.0006311517265108655,0.0006169896466953542,2,551.6491999602506,0.5,128
bayesfl_observability_v1,ola_sparse_bayesian_keep010_seed42,25,ola,global,,,layers.0.bias,raw,22,0.0006311517265108655,0.000659475886141888,0.0006453138063263768,1,275.8245999801253,0.5078125,128
bayesfl_observability_v1,ola_sparse_bayesian_keep010_seed42,25,ola,global,,,layers.0.bias,raw,23,0.000659475886141888,0.0006878000457729107,0.0006736379659573993,0,0.0,0.5078125,128
bayesfl_observability_v1,ola_sparse_bayesian_keep010_seed42,25,ola,global,,,layers.0.bias,raw,24,0.0006878000457729107,0.0007161242054039332,0.0007019621255884219,3,827.4737999403759,0.53125,128
bayesfl_observability_v1,ola_sparse_bayesian_keep010_seed42,25,ola,global,,,layers.0.bias,raw,25,0.0007161242054039332,0.0007444483650349557,0.0007302862852194444,4,1103.2983999205012,0.5625,128
bayesfl_observability_v1,ola_sparse_bayesian_keep010_seed42,25,ola,global,,,layers.0.bias,raw,26,0.0007444483650349557,0.0007727725246659782,0.000758610444850467,7,1930.772199860877,0.6171875,128
bayesfl_observability_v1,ola_sparse_bayesian_keep010_seed42,25,ola,global,,,layers.0.bias,raw,27,0.0007727725246659782,0.0008010966842970007,0.0007869346044814895,0,0.0,0.6171875,128
bayesfl_observability_v1,ola_sparse_bayesian_keep010_seed42,25,ola,global,,,layers.0.bias,raw,28,0.0008010966842970007,0.0008294208439280233,0.000815258764112512,1,275.8245999801253,0.625,128
bayesfl_observability_v1,ola_sparse_bayesian_keep010_seed42,25,ola,global,,,layers.0.bias,raw,29,0.0008294208439280233,0.0008577450035590458,0.0008435829237435345,3,827.4737999403759,0.6484375,128
bayesfl_observability_v1,ola_sparse_bayesian_keep010_seed42,25,ola,global,,,layers.0.bias,raw,30,0.0008577450035590458,0.0008860691631900683,0.000871907083374557,2,551.6491999602506,0.6640625,128
bayesfl_observability_v1,ola_sparse_bayesian_keep010_seed42,25,ola,global,,,layers.0.bias,raw,31,0.0008860691631900683,0.0009143933228210908,0.0009002312430055796,3,827.4737999403759,0.6875,128
bayesfl_observability_v1,ola_sparse_bayesian_keep010_seed42,25,ola,global,,,layers.0.bias,raw,32,0.0009143933228210908,0.0009427174824521133,0.0009285554026366021,2,551.6491999602506,0.703125,128
bayesfl_observability_v1,ola_sparse_bayesian_keep010_seed42,25,ola,global,,,layers.0.bias,raw,33,0.0009427174824521133,0.0009710416420831359,0.0009568795622676246,4,1103.2983999205012,0.734375,128
bayesfl_observability_v1,ola_sparse_bayesian_keep010_seed42,25,ola,global,,,layers.0.bias,raw,34,0.0009710416420831359,0.0009993658017141583,0.000985203721898647,2,551.6491999602528,0.75,128
bayesfl_observability_v1,ola_sparse_bayesian_keep010_seed42,25,ola,global,,,layers.0.bias,raw,35,0.0009993658017141583,0.0010276899613451808,0.0010135278815296695,3,827.4737999403759,0.7734375,128
bayesfl_observability_v1,ola_sparse_bayesian_keep010_seed42,25,ola,global,,,layers.0.bias,raw,36,0.0010276899613451808,0.0010560141209762033,0.001041852041160692,1,275.8245999801253,0.78125,128
bayesfl_observability_v1,ola_sparse_bayesian_keep010_seed42,25,ola,global,,,layers.0.bias,raw,37,0.0010560141209762033,0.0010843382806072258,0.0010701762007917146,1,275.8245999801253,0.7890625,128
bayesfl_observability_v1,ola_sparse_bayesian_keep010_seed42,25,ola,global,,,layers.0.bias,raw,38,0.0010843382806072258,0.0011126624402382484,0.001098500360422737,3,827.4737999403759,0.8125,128
bayesfl_observability_v1,ola_sparse_bayesian_keep010_seed42,25,ola,global,,,layers.0.bias,raw,39,0.0011126624402382484,0.0011409865998692709,0.0011268245200537596,1,275.8245999801253,0.8203125,128
bayesfl_observability_v1,ola_sparse_bayesian_keep010_seed42,25,ola,global,,,layers.0.bias,raw,40,0.0011409865998692709,0.0011693107595002934,0.0011551486796847821,3,827.4737999403759,0.84375,128
bayesfl_observability_v1,ola_sparse_bayesian_keep010_seed42,25,ola,global,,,layers.0.bias,raw,41,0.0011693107595002934,0.001197634919131316,0.0011834728393158047,1,275.8245999801253,0.8515625,128
bayesfl_observability_v1,ola_sparse_bayesian_keep010_seed42,25,ola,global,,,layers.0.bias,raw,42,0.001197634919131316,0.0012259590787623384,0.0012117969989468272,0,0.0,0.8515625,128
bayesfl_observability_v1,ola_sparse_bayesian_keep010_seed42,25,ola,global,,,layers.0.bias,raw,43,0.0012259590787623384,0.001254283238393361,0.0012401211585778497,1,275.8245999801253,0.859375,128
bayesfl_observability_v1,ola_sparse_bayesian_keep010_seed42,25,ola,global,,,layers.0.bias,raw,44,0.001254283238393361,0.0012826073980243835,0.0012684453182088722,1,275.8245999801253,0.8671875,128
bayesfl_observability_v1,ola_sparse_bayesian_keep010_seed42,25,ola,global,,,layers.0.bias,raw,45,0.0012826073980243835,0.001310931557655406,0.0012967694778398947,2,551.6491999602506,0.8828125,128
bayesfl_observability_v1,ola_sparse_bayesian_keep010_seed42,25,ola,global,,,layers.0.bias,raw,46,0.001310931557655406,0.0013392557172864285,0.0013250936374709173,1,275.8245999801253,0.890625,128
bayesfl_observability_v1,ola_sparse_bayesian_keep010_seed42,25,ola,global,,,layers.0.bias,raw,47,0.0013392557172864285,0.0013675798769174513,0.00135341779710194,1,275.8245999801232,0.8984375,128
bayesfl_observability_v1,ola_sparse_bayesian_keep010_seed42,25,ola,global,,,layers.0.bias,raw,48,0.0013675798769174513,0.0013959040365484738,0.0013817419567329625,1,275.8245999801253,0.90625,128
bayesfl_observability_v1,ola_sparse_bayesian_keep010_seed42,25,ola,global,,,layers.0.bias,raw,49,0.0013959040365484738,0.0014242281961794963,0.001410066116363985,1,275.8245999801253,0.9140625,128
bayesfl_observability_v1,ola_sparse_bayesian_keep010_seed42,25,ola,global,,,layers.0.bias,raw,50,0.0014242281961794963,0.0014525523558105188,0.0014383902759950076,6,1654.9475998807518,0.9609375,128
bayesfl_observability_v1,ola_sparse_bayesian_keep010_seed42,25,ola,global,,,layers.0.bias,raw,51,0.0014525523558105188,0.0014808765154415413,0.00146671443562603,0,0.0,0.9609375,128
bayesfl_observability_v1,ola_sparse_bayesian_keep010_seed42,25,ola,global,,,layers.0.bias,raw,52,0.0014808765154415413,0.0015092006750725639,0.0014950385952570526,1,275.8245999801253,0.96875,128
bayesfl_observability_v1,ola_sparse_bayesian_keep010_seed42,25,ola,global,,,layers.0.bias,raw,53,0.0015092006750725639,0.0015375248347035864,0.0015233627548880751,0,0.0,0.96875,128
bayesfl_observability_v1,ola_sparse_bayesian_keep010_seed42,25,ola,global,,,layers.0.bias,raw,54,0.0015375248347035864,0.001565848994334609,0.0015516869145190976,0,0.0,0.96875,128
bayesfl_observability_v1,ola_sparse_bayesian_keep010_seed42,25,ola,global,,,layers.0.bias,raw,55,0.001565848994334609,0.0015941731539656314,0.0015800110741501202,1,275.8245999801253,0.9765625,128
bayesfl_observability_v1,ola_sparse_bayesian_keep010_seed42,25,ola,global,,,layers.0.bias,raw,56,0.0015941731539656314,0.001622497313596654,0.0016083352337811427,0,0.0,0.9765625,128
bayesfl_observability_v1,ola_sparse_bayesian_keep010_seed42,25,ola,global,,,layers.0.bias,raw,57,0.001622497313596654,0.0016508214732276765,0.0016366593934121652,0,0.0,0.9765625,128
bayesfl_observability_v1,ola_sparse_bayesian_keep010_seed42,25,ola,global,,,layers.0.bias,raw,58,0.0016508214732276765,0.001679145632858699,0.0016649835530431877,1,275.8245999801253,0.984375,128
bayesfl_observability_v1,ola_sparse_bayesian_keep010_seed42,25,ola,global,,,layers.0.bias,raw,59,0.001679145632858699,0.0017074697924897215,0.0016933077126742102,0,0.0,0.984375,128
bayesfl_observability_v1,ola_sparse_bayesian_keep010_seed42,25,ola,global,,,layers.0.bias,raw,60,0.0017074697924897215,0.001735793952120744,0.0017216318723052328,1,275.8245999801253,0.9921875,128
bayesfl_observability_v1,ola_sparse_bayesian_keep010_seed42,25,ola,global,,,layers.0.bias,raw,61,0.001735793952120744,0.0017641181117517665,0.0017499560319362553,0,0.0,0.9921875,128
bayesfl_observability_v1,ola_sparse_bayesian_keep010_seed42,25,ola,global,,,layers.0.bias,raw,62,0.0017641181117517665,0.001792442271382789,0.0017782801915672778,0,0.0,0.9921875,128
bayesfl_observability_v1,ola_sparse_bayesian_keep010_seed42,25,ola,global,,,layers.0.bias,raw,63,0.001792442271382789,0.0018207664310138116,0.0018066043511983003,0,0.0,0.9921875,128
bayesfl_observability_v1,ola_sparse_bayesian_keep010_seed42,25,ola,global,,,layers.0.bias,raw,64,0.0018207664310138116,0.001849090590644834,0.0018349285108293228,0,0.0,0.9921875,128
bayesfl_observability_v1,ola_sparse_bayesian_keep010_seed42,25,ola,global,,,layers.0.bias,raw,65,0.001849090590644834,0.0018774147502758566,0.0018632526704603454,0,0.0,0.9921875,128
bayesfl_observability_v1,ola_sparse_bayesian_keep010_seed42,25,ola,global,,,layers.0.bias,raw,66,0.0018774147502758566,0.0019057389099068791,0.0018915768300913679,0,0.0,0.9921875,128
bayesfl_observability_v1,ola_sparse_bayesian_keep010_seed42,25,ola,global,,,layers.0.bias,raw,67,0.0019057389099068791,0.0019340630695379017,0.0019199009897223904,0,0.0,0.9921875,128
bayesfl_observability_v1,ola_sparse_bayesian_keep010_seed42,25,ola,global,,,layers.0.bias,raw,68,0.0019340630695379017,0.001962387229168924,0.001948225149353413,0,0.0,0.9921875,128
bayesfl_observability_v1,ola_sparse_bayesian_keep010_seed42,25,ola,global,,,layers.0.bias,raw,69,0.001962387229168924,0.0019907113887999467,0.0019765493089844354,0,0.0,0.9921875,128
bayesfl_observability_v1,ola_sparse_bayesian_keep010_seed42,25,ola,global,,,layers.0.bias,raw,70,0.0019907113887999467,0.0020190355484309692,0.002004873468615458,0,0.0,0.9921875,128
bayesfl_observability_v1,ola_sparse_bayesian_keep010_seed42,25,ola,global,,,layers.0.bias,raw,71,0.0020190355484309692,0.0020473597080619917,0.0020331976282464805,0,0.0,0.9921875,128
bayesfl_observability_v1,ola_sparse_bayesian_keep010_seed42,25,ola,global,,,layers.0.bias,raw,72,0.0020473597080619917,0.0020756838676930143,0.002061521787877503,0,0.0,0.9921875,128
bayesfl_observability_v1,ola_sparse_bayesian_keep010_seed42,25,ola,global,,,layers.0.bias,raw,73,0.0020756838676930143,0.002104008027324037,0.0020898459475085255,0,0.0,0.9921875,128
bayesfl_observability_v1,ola_sparse_bayesian_keep010_seed42,25,ola,global,,,layers.0.bias,raw,74,0.002104008027324037,0.0021323321869550593,0.002118170107139548,0,0.0,0.9921875,128
bayesfl_observability_v1,ola_sparse_bayesian_keep010_seed42,25,ola,global,,,layers.0.bias,raw,75,0.0021323321869550593,0.002160656346586082,0.0021464942667705706,0,0.0,0.9921875,128
bayesfl_observability_v1,ola_sparse_bayesian_keep010_seed42,25,ola,global,,,layers.0.bias,raw,76,0.002160656346586082,0.0021889805062171044,0.002174818426401593,0,0.0,0.9921875,128
bayesfl_observability_v1,ola_sparse_bayesian_keep010_seed42,25,ola,global,,,layers.0.bias,raw,77,0.0021889805062171044,0.002217304665848127,0.0022031425860326156,0,0.0,0.9921875,128
bayesfl_observability_v1,ola_sparse_bayesian_keep010_seed42,25,ola,global,,,layers.0.bias,raw,78,0.002217304665848127,0.0022456288254791494,0.002231466745663638,0,0.0,0.9921875,128
bayesfl_observability_v1,ola_sparse_bayesian_keep010_seed42,25,ola,global,,,layers.0.bias,raw,79,0.0022456288254791494,0.002273952985110172,0.0022597909052946607,1,275.8245999801253,1.0,128
bayesfl_observability_v1,ola_sparse_bayesian_keep010_seed42,25,ola,global,,,layers.0.bias,db,0,-101.91627910575731,-101.3031302465796,-101.60970467616846,1,0.012741604070628555,0.0078125,128
bayesfl_observability_v1,ola_sparse_bayesian_keep010_seed42,25,ola,global,,,layers.0.bias,db,1,-101.3031302465796,-100.6899813874019,-100.99655581699075,0,0.0,0.0078125,128
bayesfl_observability_v1,ola_sparse_bayesian_keep010_seed42,25,ola,global,,,layers.0.bias,db,2,-100.6899813874019,-100.07683252822419,-100.38340695781304,1,0.012741604070628555,0.015625,128
bayesfl_observability_v1,ola_sparse_bayesian_keep010_seed42,25,ola,global,,,layers.0.bias,db,3,-100.07683252822419,-99.46368366904649,-99.77025809863534,0,0.0,0.015625,128
bayesfl_observability_v1,ola_sparse_bayesian_keep010_seed42,25,ola,global,,,layers.0.bias,db,4,-99.46368366904649,-98.85053480986878,-99.15710923945764,0,0.0,0.015625,128
bayesfl_observability_v1,ola_sparse_bayesian_keep010_seed42,25,ola,global,,,layers.0.bias,db,5,-98.85053480986878,-98.23738595069108,-98.54396038027993,0,0.0,0.015625,128
bayesfl_observability_v1,ola_sparse_bayesian_keep010_seed42,25,ola,global,,,layers.0.bias,db,6,-98.23738595069108,-97.62423709151336,-97.93081152110221,0,0.0,0.015625,128
bayesfl_observability_v1,ola_sparse_bayesian_keep010_seed42,25,ola,global,,,layers.0.bias,db,7,-97.62423709151336,-97.01108823233567,-97.31766266192452,0,0.0,0.015625,128
bayesfl_observability_v1,ola_sparse_bayesian_keep010_seed42,25,ola,global,,,layers.0.bias,db,8,-97.01108823233567,-96.39793937315795,-96.70451380274682,0,0.0,0.015625,128
bayesfl_observability_v1,ola_sparse_bayesian_keep010_seed42,25,ola,global,,,layers.0.bias,db,9,-96.39793937315795,-95.78479051398025,-96.0913649435691,0,0.0,0.015625,128
bayesfl_observability_v1,ola_sparse_bayesian_keep010_seed42,25,ola,global,,,layers.0.bias,db,10,-95.78479051398025,-95.17164165480254,-95.47821608439139,0,0.0,0.015625,128
bayesfl_observability_v1,ola_sparse_bayesian_keep010_seed42,25,ola,global,,,layers.0.bias,db,11,-95.17164165480254,-94.55849279562483,-94.86506722521369,0,0.0,0.015625,128
bayesfl_observability_v1,ola_sparse_bayesian_keep010_seed42,25,ola,global,,,layers.0.bias,db,12,-94.55849279562483,-93.94534393644713,-94.25191836603598,1,0.01274160407062885,0.0234375,128
bayesfl_observability_v1,ola_sparse_bayesian_keep010_seed42,25,ola,global,,,layers.0.bias,db,13,-93.94534393644713,-93.33219507726943,-93.63876950685828,0,0.0,0.0234375,128
bayesfl_observability_v1,ola_sparse_bayesian_keep010_seed42,25,ola,global,,,layers.0.bias,db,14,-93.33219507726943,-92.71904621809172,-93.02562064768057,0,0.0,0.0234375,128
bayesfl_observability_v1,ola_sparse_bayesian_keep010_seed42,25,ola,global,,,layers.0.bias,db,15,-92.71904621809172,-92.105897358914,-92.41247178850287,0,0.0,0.0234375,128
bayesfl_observability_v1,ola_sparse_bayesian_keep010_seed42,25,ola,global,,,layers.0.bias,db,16,-92.105897358914,-91.49274849973631,-91.79932292932516,0,0.0,0.0234375,128
bayesfl_observability_v1,ola_sparse_bayesian_keep010_seed42,25,ola,global,,,layers.0.bias,db,17,-91.49274849973631,-90.8795996405586,-91.18617407014744,0,0.0,0.0234375,128
bayesfl_observability_v1,ola_sparse_bayesian_keep010_seed42,25,ola,global,,,layers.0.bias,db,18,-90.8795996405586,-90.2664507813809,-90.57302521096975,0,0.0,0.0234375,128
bayesfl_observability_v1,ola_sparse_bayesian_keep010_seed42,25,ola,global,,,layers.0.bias,db,19,-90.2664507813809,-89.65330192220318,-89.95987635179205,0,0.0,0.0234375,128
bayesfl_observability_v1,ola_sparse_bayesian_keep010_seed42,25,ola,global,,,layers.0.bias,db,20,-89.65330192220318,-89.04015306302549,-89.34672749261433,0,0.0,0.0234375,128
bayesfl_observability_v1,ola_sparse_bayesian_keep010_seed42,25,ola,global,,,layers.0.bias,db,21,-89.04015306302549,-88.42700420384777,-88.73357863343662,0,0.0,0.0234375,128
bayesfl_observability_v1,ola_sparse_bayesian_keep010_seed42,25,ola,global,,,layers.0.bias,db,22,-88.42700420384777,-87.81385534467007,-88.12042977425892,0,0.0,0.0234375,128
bayesfl_observability_v1,ola_sparse_bayesian_keep010_seed42,25,ola,global,,,layers.0.bias,db,23,-87.81385534467007,-87.20070648549236,-87.50728091508122,1,0.012741604070628555,0.03125,128
bayesfl_observability_v1,ola_sparse_bayesian_keep010_seed42,25,ola,global,,,layers.0.bias,db,24,-87.20070648549236,-86.58755762631466,-86.89413205590351,1,0.01274160407062885,0.0390625,128
bayesfl_observability_v1,ola_sparse_bayesian_keep010_seed42,25,ola,global,,,layers.0.bias,db,25,-86.58755762631466,-85.97440876713695,-86.2809831967258,0,0.0,0.0390625,128
bayesfl_observability_v1,ola_sparse_bayesian_keep010_seed42,25,ola,global,,,layers.0.bias,db,26,-85.97440876713695,-85.36125990795924,-85.6678343375481,0,0.0,0.0390625,128
bayesfl_observability_v1,ola_sparse_bayesian_keep010_seed42,25,ola,global,,,layers.0.bias,db,27,-85.36125990795924,-84.74811104878154,-85.05468547837039,1,0.01274160407062885,0.046875,128
bayesfl_observability_v1,ola_sparse_bayesian_keep010_seed42,25,ola,global,,,layers.0.bias,db,28,-84.74811104878154,-84.13496218960383,-84.44153661919268,0,0.0,0.046875,128
bayesfl_observability_v1,ola_sparse_bayesian_keep010_seed42,25,ola,global,,,layers.0.bias,db,29,-84.13496218960383,-83.52181333042613,-83.82838776001498,0,0.0,0.046875,128
bayesfl_observability_v1,ola_sparse_bayesian_keep010_seed42,25,ola,global,,,layers.0.bias,db,30,-83.52181333042613,-82.90866447124841,-83.21523890083728,1,0.012741604070628555,0.0546875,128
bayesfl_observability_v1,ola_sparse_bayesian_keep010_seed42,25,ola,global,,,layers.0.bias,db,31,-82.90866447124841,-82.29551561207072,-82.60209004165957,0,0.0,0.0546875,128
bayesfl_observability_v1,ola_sparse_bayesian_keep010_seed42,25,ola,global,,,layers.0.bias,db,32,-82.29551561207072,-81.682366752893,-81.98894118248185,1,0.012741604070628555,0.0625,128
bayesfl_observability_v1,ola_sparse_bayesian_keep010_seed42,25,ola,global,,,layers.0.bias,db,33,-81.682366752893,-81.0692178937153,-81.37579232330415,2,0.0254832081412577,0.078125,128
bayesfl_observability_v1,ola_sparse_bayesian_keep010_seed42,25,ola,global,,,layers.0.bias,db,34,-81.0692178937153,-80.45606903453759,-80.76264346412646,1,0.012741604070628555,0.0859375,128
bayesfl_observability_v1,ola_sparse_bayesian_keep010_seed42,25,ola,global,,,layers.0.bias,db,35,-80.45606903453759,-79.8429201753599,-80.14949460494874,0,0.0,0.0859375,128
bayesfl_observability_v1,ola_sparse_bayesian_keep010_seed42,25,ola,global,,,layers.0.bias,db,36,-79.8429201753599,-79.22977131618218,-79.53634574577103,1,0.012741604070628555,0.09375,128
bayesfl_observability_v1,ola_sparse_bayesian_keep010_seed42,25,ola,global,,,layers.0.bias,db,37,-79.22977131618218,-78.61662245700447,-78.92319688659333,0,0.0,0.09375,128
bayesfl_observability_v1,ola_sparse_bayesian_keep010_seed42,25,ola,global,,,layers.0.bias,db,38,-78.61662245700447,-78.00347359782677,-78.31004802741562,2,0.0254832081412577,0.109375,128
bayesfl_observability_v1,ola_sparse_bayesian_keep010_seed42,25,ola,global,,,layers.0.bias,db,39,-78.00347359782677,-77.39032473864907,-77.69689916823792,0,0.0,0.109375,128
bayesfl_observability_v1,ola_sparse_bayesian_keep010_seed42,25,ola,global,,,layers.0.bias,db,40,-77.39032473864907,-76.77717587947136,-77.0837503090602,0,0.0,0.109375,128
bayesfl_observability_v1,ola_sparse_bayesian_keep010_seed42,25,ola,global,,,layers.0.bias,db,41,-76.77717587947136,-76.16402702029364,-76.47060144988251,3,0.038224812211885666,0.1328125,128
bayesfl_observability_v1,ola_sparse_bayesian_keep010_seed42,25,ola,global,,,layers.0.bias,db,42,-76.16402702029364,-75.55087816111595,-75.8574525907048,1,0.01274160407062885,0.140625,128
bayesfl_observability_v1,ola_sparse_bayesian_keep010_seed42,25,ola,global,,,layers.0.bias,db,43,-75.55087816111595,-74.93772930193823,-75.24430373152708,5,0.06370802035314278,0.1796875,128
bayesfl_observability_v1,ola_sparse_bayesian_keep010_seed42,25,ola,global,,,layers.0.bias,db,44,-74.93772930193823,-74.32458044276053,-74.63115487234938,3,0.038224812211886554,0.203125,128
bayesfl_observability_v1,ola_sparse_bayesian_keep010_seed42,25,ola,global,,,layers.0.bias,db,45,-74.32458044276053,-73.71143158358282,-74.01800601317169,1,0.012741604070628555,0.2109375,128
bayesfl_observability_v1,ola_sparse_bayesian_keep010_seed42,25,ola,global,,,layers.0.bias,db,46,-73.71143158358282,-73.09828272440512,-73.40485715399397,1,0.01274160407062885,0.21875,128
bayesfl_observability_v1,ola_sparse_bayesian_keep010_seed42,25,ola,global,,,layers.0.bias,db,47,-73.09828272440512,-72.48513386522741,-72.79170829481626,2,0.02548320814125711,0.234375,128
bayesfl_observability_v1,ola_sparse_bayesian_keep010_seed42,25,ola,global,,,layers.0.bias,db,48,-72.48513386522741,-71.8719850060497,-72.17855943563856,2,0.02548320814125711,0.25,128
bayesfl_observability_v1,ola_sparse_bayesian_keep010_seed42,25,ola,global,,,layers.0.bias,db,49,-71.8719850060497,-71.258836146872,-71.56541057646085,2,0.0254832081412577,0.265625,128
bayesfl_observability_v1,ola_sparse_bayesian_keep010_seed42,25,ola,global,,,layers.0.bias,db,50,-71.258836146872,-70.6456872876943,-70.95226171728315,2,0.0254832081412577,0.28125,128
bayesfl_observability_v1,ola_sparse_bayesian_keep010_seed42,25,ola,global,,,layers.0.bias,db,51,-70.6456872876943,-70.03253842851659,-70.33911285810544,0,0.0,0.28125,128
bayesfl_observability_v1,ola_sparse_bayesian_keep010_seed42,25,ola,global,,,layers.0.bias,db,52,-70.03253842851659,-69.41938956933888,-69.72596399892774,3,0.038224812211885666,0.3046875,128
bayesfl_observability_v1,ola_sparse_bayesian_keep010_seed42,25,ola,global,,,layers.0.bias,db,53,-69.41938956933888,-68.80624071016118,-69.11281513975003,2,0.0254832081412577,0.3203125,128
bayesfl_observability_v1,ola_sparse_bayesian_keep010_seed42,25,ola,global,,,layers.0.bias,db,54,-68.80624071016118,-68.19309185098348,-68.49966628057233,4,0.0509664162825154,0.3515625,128
bayesfl_observability_v1,ola_sparse_bayesian_keep010_seed42,25,ola,global,,,layers.0.bias,db,55,-68.19309185098348,-67.57994299180577,-67.88651742139461,2,0.02548320814125711,0.3671875,128
bayesfl_observability_v1,ola_sparse_bayesian_keep010_seed42,25,ola,global,,,layers.0.bias,db,56,-67.57994299180577,-66.96679413262805,-67.27336856221692,3,0.038224812211885666,0.390625,128
bayesfl_observability_v1,ola_sparse_bayesian_keep010_seed42,25,ola,global,,,layers.0.bias,db,57,-66.96679413262805,-66.35364527345035,-66.6602197030392,3,0.038224812211886554,0.4140625,128
bayesfl_observability_v1,ola_sparse_bayesian_keep010_seed42,25,ola,global,,,layers.0.bias,db,58,-66.35364527345035,-65.74049641427264,-66.04707084386149,3,0.038224812211885666,0.4375,128
bayesfl_observability_v1,ola_sparse_bayesian_keep010_seed42,25,ola,global,,,layers.0.bias,db,59,-65.74049641427264,-65.12734755509493,-65.43392198468379,3,0.038224812211885666,0.4609375,128
bayesfl_observability_v1,ola_sparse_bayesian_keep010_seed42,25,ola,global,,,layers.0.bias,db,60,-65.12734755509493,-64.51419869591723,-64.82077312550608,3,0.038224812211886554,0.484375,128
bayesfl_observability_v1,ola_sparse_bayesian_keep010_seed42,25,ola,global,,,layers.0.bias,db,61,-64.51419869591723,-63.901049836739524,-64.20762426632838,3,0.03822481221188611,0.5078125,128
bayesfl_observability_v1,ola_sparse_bayesian_keep010_seed42,25,ola,global,,,layers.0.bias,db,62,-63.901049836739524,-63.28790097756182,-63.59447540715067,0,0.0,0.5078125,128
bayesfl_observability_v1,ola_sparse_bayesian_keep010_seed42,25,ola,global,,,layers.0.bias,db,63,-63.28790097756182,-62.67475211838411,-62.98132654797297,6,0.07644962442377222,0.5546875,128
bayesfl_observability_v1,ola_sparse_bayesian_keep010_seed42,25,ola,global,,,layers.0.bias,db,64,-62.67475211838411,-62.06160325920641,-62.36817768879526,8,0.10193283256502962,0.6171875,128
bayesfl_observability_v1,ola_sparse_bayesian_keep010_seed42,25,ola,global,,,layers.0.bias,db,65,-62.06160325920641,-61.4484544000287,-61.75502882961756,1,0.012741604070628703,0.625,128
bayesfl_observability_v1,ola_sparse_bayesian_keep010_seed42,25,ola,global,,,layers.0.bias,db,66,-61.4484544000287,-60.835305540850996,-61.141879970439845,7,0.08919122849440092,0.6796875,128
bayesfl_observability_v1,ola_sparse_bayesian_keep010_seed42,25,ola,global,,,layers.0.bias,db,67,-60.835305540850996,-60.22215668167329,-60.52873111126215,7,0.08919122849440092,0.734375,128
bayesfl_observability_v1,ola_sparse_bayesian_keep010_seed42,25,ola,global,,,layers.0.bias,db,68,-60.22215668167329,-59.609007822495585,-59.915582252084434,6,0.07644962442377222,0.78125,128
bayesfl_observability_v1,ola_sparse_bayesian_keep010_seed42,25,ola,global,,,layers.0.bias,db,69,-59.609007822495585,-58.99585896331788,-59.302433392906735,4,0.05096641628251481,0.8125,128
bayesfl_observability_v1,ola_sparse_bayesian_keep010_seed42,25,ola,global,,,layers.0.bias,db,70,-58.99585896331788,-58.382710104140166,-58.68928453372902,5,0.06370802035314278,0.8515625,128
bayesfl_observability_v1,ola_sparse_bayesian_keep010_seed42,25,ola,global,,,layers.0.bias,db,71,-58.382710104140166,-57.76956124496246,-58.07613567455131,2,0.025483208141257405,0.8671875,128
bayesfl_observability_v1,ola_sparse_bayesian_keep010_seed42,25,ola,global,,,layers.0.bias,db,72,-57.76956124496246,-57.156412385784755,-57.46298681537361,5,0.06370802035314352,0.90625,128
bayesfl_observability_v1,ola_sparse_bayesian_keep010_seed42,25,ola,global,,,layers.0.bias,db,73,-57.156412385784755,-56.54326352660705,-56.8498379561959,8,0.10193283256502962,0.96875,128
bayesfl_observability_v1,ola_sparse_bayesian_keep010_seed42,25,ola,global,,,layers.0.bias,db,74,-56.54326352660705,-55.93011466742934,-56.2366890970182,1,0.012741604070628703,0.9765625,128
bayesfl_observability_v1,ola_sparse_bayesian_keep010_seed42,25,ola,global,,,layers.0.bias,db,75,-55.93011466742934,-55.31696580825164,-55.62354023784049,1,0.012741604070628703,0.984375,128
bayesfl_observability_v1,ola_sparse_bayesian_keep010_seed42,25,ola,global,,,layers.0.bias,db,76,-55.31696580825164,-54.70381694907393,-55.01039137866279,1,0.012741604070628703,0.9921875,128
bayesfl_observability_v1,ola_sparse_bayesian_keep010_seed42,25,ola,global,,,layers.0.bias,db,77,-54.70381694907393,-54.090668089896226,-54.397242519485076,0,0.0,0.9921875,128
bayesfl_observability_v1,ola_sparse_bayesian_keep010_seed42,25,ola,global,,,layers.0.bias,db,78,-54.090668089896226,-53.47751923071852,-53.78409366030738,0,0.0,0.9921875,128
bayesfl_observability_v1,ola_sparse_bayesian_keep010_seed42,25,ola,global,,,layers.0.bias,db,79,-53.47751923071852,-52.864370371540815,-53.170944801129664,1,0.012741604070628703,1.0,128
bayesfl_observability_v1,ola_sparse_bayesian_keep010_seed42,25,ola,global,,,layers.1.weight,raw,0,4.421876309990084e-06,0.000717717656534864,0.00036106976642242704,155,169.76653073963783,0.12109375,1280
bayesfl_observability_v1,ola_sparse_bayesian_keep010_seed42,25,ola,global,,,layers.1.weight,raw,1,0.000717717656534864,0.001431013436759738,0.001074365546647301,122,133.62268871119878,0.21640625,1280
bayesfl_observability_v1,ola_sparse_bayesian_keep010_seed42,25,ola,global,,,layers.1.weight,raw,2,0.001431013436759738,0.0021443092169846118,0.001787661326872175,158,173.05233456040506,0.33984375,1280
bayesfl_observability_v1,ola_sparse_bayesian_keep010_seed42,25,ola,global,,,layers.1.weight,raw,3,0.0021443092169846118,0.0028576049972094857,0.002500957107097049,127,139.09902841247742,0.4390625,1280
bayesfl_observability_v1,ola_sparse_bayesian_keep010_seed42,25,ola,global,,,layers.1.weight,raw,4,0.0028576049972094857,0.0035709007774343596,0.0032142528873219224,113,123.76527724889725,0.52734375,1280
bayesfl_observability_v1,ola_sparse_bayesian_keep010_seed42,25,ola,global,,,layers.1.weight,raw,5,0.0035709007774343596,0.0042841965576592336,0.003927548667546797,96,105.14572226454987,0.60234375,1280
bayesfl_observability_v1,ola_sparse_bayesian_keep010_seed42,25,ola,global,,,layers.1.weight,raw,6,0.0042841965576592336,0.004997492337884108,0.00464084444777167,69,75.57348787764518,0.65625,1280
bayesfl_observability_v1,ola_sparse_bayesian_keep010_seed42,25,ola,global,,,layers.1.weight,raw,7,0.004997492337884108,0.005710788118108981,0.005354140227996545,56,61.3350046543208,0.7,1280
bayesfl_observability_v1,ola_sparse_bayesian_keep010_seed42,25,ola,global,,,layers.1.weight,raw,8,0.005710788118108981,0.006424083898333855,0.006067436008221418,50,54.76339701278643,0.7390625,1280
bayesfl_observability_v1,ola_sparse_bayesian_keep010_seed42,25,ola,global,,,layers.1.weight,raw,9,0.006424083898333855,0.007137379678558729,0.0067807317884462925,38,41.620181729717636,0.76875,1280
bayesfl_observability_v1,ola_sparse_bayesian_keep010_seed42,25,ola,global,,,layers.1.weight,raw,10,0.007137379678558729,0.007850675458783605,0.007494027568671167,35,38.3343779089504,0.79609375,1280
bayesfl_observability_v1,ola_sparse_bayesian_keep010_seed42,25,ola,global,,,layers.1.weight,raw,11,0.007850675458783605,0.008563971239008478,0.008207323348896041,23,25.191162625881756,0.8140625,1280
bayesfl_observability_v1,ola_sparse_bayesian_keep010_seed42,25,ola,global,,,layers.1.weight,raw,12,0.008563971239008478,0.009277267019233352,0.008920619129120915,20,21.90535880511457,0.8296875,1280
bayesfl_observability_v1,ola_sparse_bayesian_keep010_seed42,25,ola,global,,,layers.1.weight,raw,13,0.009277267019233352,0.009990562799458227,0.00963391490934579,28,30.667502327160324,0.8515625,1280
bayesfl_observability_v1,ola_sparse_bayesian_keep010_seed42,25,ola,global,,,layers.1.weight,raw,14,0.009990562799458227,0.0107038585796831,0.010347210689570664,22,24.09589468562603,0.86875,1280
bayesfl_observability_v1,ola_sparse_bayesian_keep010_seed42,25,ola,global,,,layers.1.weight,raw,15,0.0107038585796831,0.011417154359907974,0.011060506469795537,18,19.714822924603112,0.8828125,1280
bayesfl_observability_v1,ola_sparse_bayesian_keep010_seed42,25,ola,global,,,layers.1.weight,raw,16,0.011417154359907974,0.012130450140132847,0.01177380225002041,12,13.143215283068741,0.8921875,1280
bayesfl_observability_v1,ola_sparse_bayesian_keep010_seed42,25,ola,global,,,layers.1.weight,raw,17,0.012130450140132847,0.01284374592035772,0.012487098030245284,12,13.143215283068741,0.9015625,1280
bayesfl_observability_v1,ola_sparse_bayesian_keep010_seed42,25,ola,global,,,layers.1.weight,raw,18,0.01284374592035772,0.013557041700582596,0.013200393810470158,7,7.666875581790081,0.90703125,1280
bayesfl_observability_v1,ola_sparse_bayesian_keep010_seed42,25,ola,global,,,layers.1.weight,raw,19,0.013557041700582596,0.01427033748080747,0.013913689590695033,9,9.857411462301556,0.9140625,1280
bayesfl_observability_v1,ola_sparse_bayesian_keep010_seed42,25,ola,global,,,layers.1.weight,raw,20,0.01427033748080747,0.014983633261032343,0.014626985370919906,7,7.6668755817901,0.91953125,1280
bayesfl_observability_v1,ola_sparse_bayesian_keep010_seed42,25,ola,global,,,layers.1.weight,raw,21,0.014983633261032343,0.015696929041257218,0.015340281151144781,7,7.666875581790081,0.925,1280
bayesfl_observability_v1,ola_sparse_bayesian_keep010_seed42,25,ola,global,,,layers.1.weight,raw,22,0.015696929041257218,0.01641022482148209,0.016053576931369655,8,8.762143522045829,0.93125,1280
bayesfl_observability_v1,ola_sparse_bayesian_keep010_seed42,25,ola,global,,,layers.1.weight,raw,23,0.01641022482148209,0.017123520601706965,0.01676687271159453,6,6.571607641534371,0.9359375,1280
bayesfl_observability_v1,ola_sparse_bayesian_keep010_seed42,25,ola,global,,,layers.1.weight,raw,24,0.017123520601706965,0.01783681638193184,0.017480168491819402,6,6.571607641534371,0.940625,1280
bayesfl_observability_v1,ola_sparse_bayesian_keep010_seed42,25,ola,global,,,layers.1.weight,raw,25,0.01783681638193184,0.018550112162156712,0.018193464272044275,5,5.476339701278643,0.94453125,1280
bayesfl_observability_v1,ola_sparse_bayesian_keep010_seed42,25,ola,global,,,layers.1.weight,raw,26,0.018550112162156712,0.019263407942381586,0.01890676005226915,7,7.6668755817901,0.95,1280
bayesfl_observability_v1,ola_sparse_bayesian_keep010_seed42,25,ola,global,,,layers.1.weight,raw,27,0.019263407942381586,0.019976703722606463,0.019620055832494022,3,3.2858038207671694,0.95234375,1280
bayesfl_observability_v1,ola_sparse_bayesian_keep010_seed42,25,ola,global,,,layers.1.weight,raw,28,0.019976703722606463,0.020689999502831336,0.0203333516127189,9,9.857411462301556,0.959375,1280
bayesfl_observability_v1,ola_sparse_bayesian_keep010_seed42,25,ola,global,,,layers.1.weight,raw,29,0.020689999502831336,0.02140329528305621,0.021046647392943773,2,2.190535880511457,0.9609375,1280
bayesfl_observability_v1,ola_sparse_bayesian_keep010_seed42,25,ola,global,,,layers.1.weight,raw,30,0.02140329528305621,0.022116591063281083,0.021759943173168646,1,1.0952679402557286,0.96171875,1280
bayesfl_observability_v1,ola_sparse_bayesian_keep010_seed42,25,ola,global,,,layers.1.weight,raw,31,0.022116591063281083,0.022829886843505957,0.02247323895339352,6,6.571607641534371,0.96640625,1280
bayesfl_observability_v1,ola_sparse_bayesian_keep010_seed42,25,ola,global,,,layers.1.weight,raw,32,0.022829886843505957,0.02354318262373083,0.023186534733618393,3,3.2858038207671854,0.96875,1280
bayesfl_observability_v1,ola_sparse_bayesian_keep010_seed42,25,ola,global,,,layers.1.weight,raw,33,0.02354318262373083,0.024256478403955704,0.023899830513843267,3,3.2858038207671854,0.97109375,1280
bayesfl_observability_v1,ola_sparse_bayesian_keep010_seed42,25,ola,global,,,layers.1.weight,raw,34,0.024256478403955704,0.024969774184180577,0.02461312629406814,2,2.190535880511457,0.97265625,1280
bayesfl_observability_v1,ola_sparse_bayesian_keep010_seed42,25,ola,global,,,layers.1.weight,raw,35,0.024969774184180577,0.02568306996440545,0.025326422074293014,2,2.190535880511457,0.97421875,1280
bayesfl_observability_v1,ola_sparse_bayesian_keep010_seed42,25,ola,global,,,layers.1.weight,raw,36,0.02568306996440545,0.026396365744630328,0.02603971785451789,0,0.0,0.97421875,1280
bayesfl_observability_v1,ola_sparse_bayesian_keep010_seed42,25,ola,global,,,layers.1.weight,raw,37,0.026396365744630328,0.0271096615248552,0.026753013634742764,4,4.381071761022914,0.97734375,1280
bayesfl_observability_v1,ola_sparse_bayesian_keep010_seed42,25,ola,global,,,layers.1.weight,raw,38,0.0271096615248552,0.027822957305080075,0.027466309414967638,0,0.0,0.97734375,1280
bayesfl_observability_v1,ola_sparse_bayesian_keep010_seed42,25,ola,global,,,layers.1.weight,raw,39,0.027822957305080075,0.028536253085304948,0.02817960519519251,0,0.0,0.97734375,1280
bayesfl_observability_v1,ola_sparse_bayesian_keep010_seed42,25,ola,global,,,layers.1.weight,raw,40,0.028536253085304948,0.02924954886552982,0.028892900975417385,3,3.2858038207671854,0.9796875,1280
bayesfl_observability_v1,ola_sparse_bayesian_keep010_seed42,25,ola,global,,,layers.1.weight,raw,41,0.02924954886552982,0.029962844645754695,0.02960619675564226,1,1.0952679402557286,0.98046875,1280
bayesfl_observability_v1,ola_sparse_bayesian_keep010_seed42,25,ola,global,,,layers.1.weight,raw,42,0.029962844645754695,0.03067614042597957,0.030319492535867132,0,0.0,0.98046875,1280
bayesfl_observability_v1,ola_sparse_bayesian_keep010_seed42,25,ola,global,,,layers.1.weight,raw,43,0.03067614042597957,0.03138943620620444,0.031032788316092005,2,2.190535880511457,0.98203125,1280
bayesfl_observability_v1,ola_sparse_bayesian_keep010_seed42,25,ola,global,,,layers.1.weight,raw,44,0.03138943620620444,0.032102731986429316,0.03174608409631688,1,1.0952679402557286,0.9828125,1280
bayesfl_observability_v1,ola_sparse_bayesian_keep010_seed42,25,ola,global,,,layers.1.weight,raw,45,0.032102731986429316,0.03281602776665419,0.03245937987654175,2,2.190535880511457,0.984375,1280
bayesfl_observability_v1,ola_sparse_bayesian_keep010_seed42,25,ola,global,,,layers.1.weight,raw,46,0.03281602776665419,0.03352932354687906,0.033172675656766626,0,0.0,0.984375,1280
bayesfl_observability_v1,ola_sparse_bayesian_keep010_seed42,25,ola,global,,,layers.1.weight,raw,47,0.03352932354687906,0.034242619327103936,0.0338859714369915,1,1.0952679402557286,0.98515625,1280
bayesfl_observability_v1,ola_sparse_bayesian_keep010_seed42,25,ola,global,,,layers.1.weight,raw,48,0.034242619327103936,0.03495591510732881,0.03459926721721637,1,1.0952679402557286,0.9859375,1280
bayesfl_observability_v1,ola_sparse_bayesian_keep010_seed42,25,ola,global,,,layers.1.weight,raw,49,0.03495591510732881,0.03566921088755368,0.035312562997441246,0,0.0,0.9859375,1280
bayesfl_observability_v1,ola_sparse_bayesian_keep010_seed42,25,ola,global,,,layers.1.weight,raw,50,0.03566921088755368,0.03638250666777856,0.03602585877766612,1,1.0952679402557286,0.98671875,1280
bayesfl_observability_v1,ola_sparse_bayesian_keep010_seed42,25,ola,global,,,layers.1.weight,raw,51,0.03638250666777856,0.03709580244800343,0.03673915455789099,0,0.0,0.98671875,1280
bayesfl_observability_v1,ola_sparse_bayesian_keep010_seed42,25,ola,global,,,layers.1.weight,raw,52,0.03709580244800343,0.037809098228228304,0.03745245033811587,0,0.0,0.98671875,1280
bayesfl_observability_v1,ola_sparse_bayesian_keep010_seed42,25,ola,global,,,layers.1.weight,raw,53,0.037809098228228304,0.03852239400845318,0.03816574611834074,0,0.0,0.98671875,1280
bayesfl_observability_v1,ola_sparse_bayesian_keep010_seed42,25,ola,global,,,layers.1.weight,raw,54,0.03852239400845318,0.03923568978867805,0.038879041898565614,0,0.0,0.98671875,1280
bayesfl_observability_v1,ola_sparse_bayesian_keep010_seed42,25,ola,global,,,layers.1.weight,raw,55,0.03923568978867805,0.03994898556890293,0.03959233767879049,0,0.0,0.98671875,1280
bayesfl_observability_v1,ola_sparse_bayesian_keep010_seed42,25,ola,global,,,layers.1.weight,raw,56,0.03994898556890293,0.040662281349127805,0.04030563345901537,1,1.0952679402557286,0.9875,1280
bayesfl_observability_v1,ola_sparse_bayesian_keep010_seed42,25,ola,global,,,layers.1.weight,raw,57,0.040662281349127805,0.04137557712935268,0.04101892923924024,2,2.190535880511457,0.9890625,1280
bayesfl_observability_v1,ola_sparse_bayesian_keep010_seed42,25,ola,global,,,layers.1.weight,raw,58,0.04137557712935268,0.04208887290957755,0.041732225019465115,1,1.0952679402557286,0.98984375,1280
bayesfl_observability_v1,ola_sparse_bayesian_keep010_seed42,25,ola,global,,,layers.1.weight,raw,59,0.04208887290957755,0.042802168689802425,0.04244552079968999,1,1.0952679402557286,0.990625,1280
bayesfl_observability_v1,ola_sparse_bayesian_keep010_seed42,25,ola,global,,,layers.1.weight,raw,60,0.042802168689802425,0.0435154644700273,0.04315881657991486,1,1.0952679402557286,0.99140625,1280
bayesfl_observability_v1,ola_sparse_bayesian_keep010_seed42,25,ola,global,,,layers.1.weight,raw,61,0.0435154644700273,0.04422876025025217,0.043872112360139735,0,0.0,0.99140625,1280
bayesfl_observability_v1,ola_sparse_bayesian_keep010_seed42,25,ola,global,,,layers.1.weight,raw,62,0.04422876025025217,0.044942056030477046,0.04458540814036461,0,0.0,0.99140625,1280
bayesfl_observability_v1,ola_sparse_bayesian_keep010_seed42,25,ola,global,,,layers.1.weight,raw,63,0.044942056030477046,0.04565535181070192,0.04529870392058948,0,0.0,0.99140625,1280
bayesfl_observability_v1,ola_sparse_bayesian_keep010_seed42,25,ola,global,,,layers.1.weight,raw,64,0.04565535181070192,0.04636864759092679,0.046011999700814356,1,1.0952679402557286,0.9921875,1280
bayesfl_observability_v1,ola_sparse_bayesian_keep010_seed42,25,ola,global,,,layers.1.weight,raw,65,0.04636864759092679,0.047081943371151666,0.04672529548103923,3,3.2858038207671854,0.99453125,1280
bayesfl_observability_v1,ola_sparse_bayesian_keep010_seed42,25,ola,global,,,layers.1.weight,raw,66,0.047081943371151666,0.04779523915137654,0.0474385912612641,3,3.2858038207671854,0.996875,1280
bayesfl_observability_v1,ola_sparse_bayesian_keep010_seed42,25,ola,global,,,layers.1.weight,raw,67,0.04779523915137654,0.04850853493160141,0.048151887041488976,1,1.0952679402557286,0.99765625,1280
bayesfl_observability_v1,ola_sparse_bayesian_keep010_seed42,25,ola,global,,,layers.1.weight,raw,68,0.04850853493160141,0.04922183071182629,0.04886518282171385,0,0.0,0.99765625,1280
bayesfl_observability_v1,ola_sparse_bayesian_keep010_seed42,25,ola,global,,,layers.1.weight,raw,69,0.04922183071182629,0.04993512649205116,0.04957847860193872,0,0.0,0.99765625,1280
bayesfl_observability_v1,ola_sparse_bayesian_keep010_seed42,25,ola,global,,,layers.1.weight,raw,70,0.04993512649205116,0.050648422272276034,0.0502917743821636,0,0.0,0.99765625,1280
bayesfl_observability_v1,ola_sparse_bayesian_keep010_seed42,25,ola,global,,,layers.1.weight,raw,71,0.050648422272276034,0.05136171805250091,0.05100507016238847,0,0.0,0.99765625,1280
bayesfl_observability_v1,ola_sparse_bayesian_keep010_seed42,25,ola,global,,,layers.1.weight,raw,72,0.05136171805250091,0.05207501383272579,0.05171836594261335,1,1.095267940255718,0.9984375,1280
bayesfl_observability_v1,ola_sparse_bayesian_keep010_seed42,25,ola,global,,,layers.1.weight,raw,73,0.05207501383272579,0.05278830961295066,0.052431661722838224,0,0.0,0.9984375,1280
bayesfl_observability_v1,ola_sparse_bayesian_keep010_seed42,25,ola,global,,,layers.1.weight,raw,74,0.05278830961295066,0.053501605393175534,0.0531449575030631,0,0.0,0.9984375,1280
bayesfl_observability_v1,ola_sparse_bayesian_keep010_seed42,25,ola,global,,,layers.1.weight,raw,75,0.053501605393175534,0.05421490117340041,0.05385825328328797,0,0.0,0.9984375,1280
bayesfl_observability_v1,ola_sparse_bayesian_keep010_seed42,25,ola,global,,,layers.1.weight,raw,76,0.05421490117340041,0.05492819695362528,0.054571549063512845,0,0.0,0.9984375,1280
bayesfl_observability_v1,ola_sparse_bayesian_keep010_seed42,25,ola,global,,,layers.1.weight,raw,77,0.05492819695362528,0.055641492733850155,0.05528484484373772,1,1.0952679402557286,0.99921875,1280
bayesfl_observability_v1,ola_sparse_bayesian_keep010_seed42,25,ola,global,,,layers.1.weight,raw,78,0.055641492733850155,0.05635478851407503,0.05599814062396259,0,0.0,0.99921875,1280
bayesfl_observability_v1,ola_sparse_bayesian_keep010_seed42,25,ola,global,,,layers.1.weight,raw,79,0.05635478851407503,0.0570680842942999,0.056711436404187465,1,1.0952679402557286,1.0,1280
bayesfl_observability_v1,ola_sparse_bayesian_keep010_seed42,25,ola,global,,,layers.1.weight,db,0,-107.0878662316793,-106.06016958026646,-106.57401790597288,1,0.0007601951401962502,0.00078125,1280
bayesfl_observability_v1,ola_sparse_bayesian_keep010_seed42,25,ola,global,,,layers.1.weight,db,1,-106.06016958026646,-105.03247292885364,-105.54632125456004,0,0.0,0.00078125,1280
bayesfl_observability_v1,ola_sparse_bayesian_keep010_seed42,25,ola,global,,,layers.1.weight,db,2,-105.03247292885364,-104.0047762774408,-104.51862460314722,0,0.0,0.00078125,1280
bayesfl_observability_v1,ola_sparse_bayesian_keep010_seed42,25,ola,global,,,layers.1.weight,db,3,-104.0047762774408,-102.97707962602797,-103.49092795173439,1,0.0007601951401962607,0.0015625,1280
bayesfl_observability_v1,ola_sparse_bayesian_keep010_seed42,25,ola,global,,,layers.1.weight,db,4,-102.97707962602797,-101.94938297461513,-102.46323130032155,0,0.0,0.0015625,1280
bayesfl_observability_v1,ola_sparse_bayesian_keep010_seed42,25,ola,global,,,layers.1.weight,db,5,-101.94938297461513,-100.9216863232023,-101.43553464890871,0,0.0,0.0015625,1280
bayesfl_observability_v1,ola_sparse_bayesian_keep010_seed42,25,ola,global,,,layers.1.weight,db,6,-100.9216863232023,-99.89398967178947,-100.40783799749588,1,0.0007601951401962607,0.00234375,1280
bayesfl_observability_v1,ola_sparse_bayesian_keep010_seed42,25,ola,global,,,layers.1.weight,db,7,-99.89398967178947,-98.86629302037663,-99.38014134608305,0,0.0,0.00234375,1280
bayesfl_observability_v1,ola_sparse_bayesian_keep010_seed42,25,ola,global,,,layers.1.weight,db,8,-98.86629302037663,-97.8385963689638,-98.35244469467023,0,0.0,0.00234375,1280
bayesfl_observability_v1,ola_sparse_bayesian_keep010_seed42,25,ola,global,,,layers.1.weight,db,9,-97.8385963689638,-96.81089971755097,-97.32474804325739,0,0.0,0.00234375,1280
bayesfl_observability_v1,ola_sparse_bayesian_keep010_seed42,25,ola,global,,,layers.1.weight,db,10,-96.81089971755097,-95.78320306613813,-96.29705139184455,0,0.0,0.00234375,1280
bayesfl_observability_v1,ola_sparse_bayesian_keep010_seed42,25,ola,global,,,layers.1.weight,db,11,-95.78320306613813,-94.7555064147253,-95.26935474043171,1,0.0007601951401962607,0.003125,1280
bayesfl_observability_v1,ola_sparse_bayesian_keep010_seed42,25,ola,global,,,layers.1.weight,db,12,-94.7555064147253,-93.72780976331246,-94.24165808901888,1,0.0007601951401962502,0.00390625,1280
bayesfl_observability_v1,ola_sparse_bayesian_keep010_seed42,25,ola,global,,,layers.1.weight,db,13,-93.72780976331246,-92.70011311189964,-93.21396143760606,0,0.0,0.00390625,1280
bayesfl_observability_v1,ola_sparse_bayesian_keep010_seed42,25,ola,global,,,layers.1.weight,db,14,-92.70011311189964,-91.6724164604868,-92.18626478619322,2,0.0015203902803925004,0.00546875,1280
bayesfl_observability_v1,ola_sparse_bayesian_keep010_seed42,25,ola,global,,,layers.1.weight,db,15,-91.6724164604868,-90.64471980907396,-91.15856813478038,2,0.0015203902803925004,0.00703125,1280
bayesfl_observability_v1,ola_sparse_bayesian_keep010_seed42,25,ola,global,,,layers.1.weight,db,16,-90.64471980907396,-89.61702315766114,-90.13087148336754,0,0.0,0.00703125,1280
bayesfl_observability_v1,ola_sparse_bayesian_keep010_seed42,25,ola,global,,,layers.1.weight,db,17,-89.61702315766114,-88.5893265062483,-89.10317483195472,0,0.0,0.00703125,1280
bayesfl_observability_v1,ola_sparse_bayesian_keep010_seed42,25,ola,global,,,layers.1.weight,db,18,-88.5893265062483,-87.56162985483547,-88.0754781805419,0,0.0,0.00703125,1280
bayesfl_observability_v1,ola_sparse_bayesian_keep010_seed42,25,ola,global,,,layers.1.weight,db,19,-87.56162985483547,-86.53393320342263,-87.04778152912905,2,0.0015203902803925004,0.00859375,1280
bayesfl_observability_v1,ola_sparse_bayesian_keep010_seed42,25,ola,global,,,layers.1.weight,db,20,-86.53393320342263,-85.5062365520098,-86.02008487771622,3,0.002280585420588751,0.0109375,1280
bayesfl_observability_v1,ola_sparse_bayesian_keep010_seed42,25,ola,global,,,layers.1.weight,db,21,-85.5062365520098,-84.47853990059696,-84.99238822630338,0,0.0,0.0109375,1280
bayesfl_observability_v1,ola_sparse_bayesian_keep010_seed42,25,ola,global,,,layers.1.weight,db,22,-84.47853990059696,-83.45084324918413,-83.96469157489054,2,0.0015203902803925214,0.0125,1280
bayesfl_observability_v1,ola_sparse_bayesian_keep010_seed42,25,ola,global,,,layers.1.weight,db,23,-83.45084324918413,-82.42314659777131,-82.93699492347773,2,0.0015203902803925214,0.0140625,1280
bayesfl_observability_v1,ola_sparse_bayesian_keep010_seed42,25,ola,global,,,layers.1.weight,db,24,-82.42314659777131,-81.39544994635847,-81.90929827206489,2,0.0015203902803925004,0.015625,1280
bayesfl_observability_v1,ola_sparse_bayesian_keep010_seed42,25,ola,global,,,layers.1.weight,db,25,-81.39544994635847,-80.36775329494563,-80.88160162065205,2,0.0015203902803925004,0.0171875,1280
bayesfl_observability_v1,ola_sparse_bayesian_keep010_seed42,25,ola,global,,,layers.1.weight,db,26,-80.36775329494563,-79.34005664353279,-79.85390496923921,2,0.0015203902803925004,0.01875,1280
bayesfl_observability_v1,ola_sparse_bayesian_keep010_seed42,25,ola,global,,,layers.1.weight,db,27,-79.34005664353279,-78.31235999211997,-78.82620831782637,2,0.0015203902803925214,0.0203125,1280
bayesfl_observability_v1,ola_sparse_bayesian_keep010_seed42,25,ola,global,,,layers.1.weight,db,28,-78.31235999211997,-77.28466334070713,-77.79851166641355,5,0.003800975700981251,0.02421875,1280
bayesfl_observability_v1,ola_sparse_bayesian_keep010_seed42,25,ola,global,,,layers.1.weight,db,29,-77.28466334070713,-76.2569666892943,-76.77081501500072,3,0.002280585420588782,0.0265625,1280
bayesfl_observability_v1,ola_sparse_bayesian_keep010_seed42,25,ola,global,,,layers.1.weight,db,30,-76.2569666892943,-75.22927003788146,-75.74311836358788,6,0.004561170841177502,0.03125,1280
bayesfl_observability_v1,ola_sparse_bayesian_keep010_seed42,25,ola,global,,,layers.1.weight,db,31,-75.22927003788146,-74.20157338646862,-74.71542171217504,2,0.0015203902803925004,0.0328125,1280
bayesfl_observability_v1,ola_sparse_bayesian_keep010_seed42,25,ola,global,,,layers.1.weight,db,32,-74.20157338646862,-73.1738767350558,-73.6877250607622,9,0.0068417562617663465,0.03984375,1280
bayesfl_observability_v1,ola_sparse_bayesian_keep010_seed42,25,ola,global,,,layers.1.weight,db,33,-73.1738767350558,-72.14618008364297,-72.6600284093494,2,0.0015203902803925214,0.04140625,1280
bayesfl_observability_v1,ola_sparse_bayesian_keep010_seed42,25,ola,global,,,layers.1.weight,db,34,-72.14618008364297,-71.11848343223014,-71.63233175793656,9,0.006841756261766252,0.0484375,1280
bayesfl_observability_v1,ola_sparse_bayesian_keep010_seed42,25,ola,global,,,layers.1.weight,db,35,-71.11848343223014,-70.0907867808173,-70.60463510652372,6,0.004561170841177502,0.053125,1280
bayesfl_observability_v1,ola_sparse_bayesian_keep010_seed42,25,ola,global,,,layers.1.weight,db,36,-70.0907867808173,-69.06309012940446,-69.57693845511088,2,0.0015203902803925004,0.0546875,1280
bayesfl_observability_v1,ola_sparse_bayesian_keep010_seed42,25,ola,global,,,layers.1.weight,db,37,-69.06309012940446,-68.03539347799163,-68.54924180369804,14,0.01064273196274765,0.065625,1280
bayesfl_observability_v1,ola_sparse_bayesian_keep010_seed42,25,ola,global,,,layers.1.weight,db,38,-68.03539347799163,-67.0076968265788,-67.52154515228521,11,0.008362146542158753,0.07421875,1280
bayesfl_observability_v1,ola_sparse_bayesian_keep010_seed42,25,ola,global,,,layers.1.weight,db,39,-67.0076968265788,-65.98000017516597,-66.49384850087239,8,0.006081561121570086,0.08046875,1280
bayesfl_observability_v1,ola_sparse_bayesian_keep010_seed42,25,ola,global,,,layers.1.weight,db,40,-65.98000017516597,-64.95230352375313,-65.46615184945955,15,0.011402927102943753,0.0921875,1280
bayesfl_observability_v1,ola_sparse_bayesian_keep010_seed42,25,ola,global,,,layers.1.weight,db,41,-64.95230352375313,-63.9246068723403,-64.43845519804671,20,0.015203902803925109,0.1078125,1280
bayesfl_observability_v1,ola_sparse_bayesian_keep010_seed42,25,ola,global,,,layers.1.weight,db,42,-63.9246068723403,-62.89691022092747,-63.410758546633886,17,0.012923317383336344,0.12109375,1280
bayesfl_observability_v1,ola_sparse_bayesian_keep010_seed42,25,ola,global,,,layers.1.weight,db,43,-62.89691022092747,-61.86921356951463,-62.38306189522105,12,0.009122341682355003,0.13046875,1280
bayesfl_observability_v1,ola_sparse_bayesian_keep010_seed42,25,ola,global,,,layers.1.weight,db,44,-61.86921356951463,-60.841516918101796,-61.35536524380821,22,0.01672429308431762,0.14765625,1280
bayesfl_observability_v1,ola_sparse_bayesian_keep010_seed42,25,ola,global,,,layers.1.weight,db,45,-60.841516918101796,-59.813820266688964,-60.32766859239538,18,0.0136835125235326,0.16171875,1280
bayesfl_observability_v1,ola_sparse_bayesian_keep010_seed42,25,ola,global,,,layers.1.weight,db,46,-59.813820266688964,-58.78612361527613,-59.299971940982545,17,0.012923317383336344,0.175,1280
bayesfl_observability_v1,ola_sparse_bayesian_keep010_seed42,25,ola,global,,,layers.1.weight,db,47,-58.78612361527613,-57.7584269638633,-58.27227528956972,26,0.019765073645102643,0.1953125,1280
bayesfl_observability_v1,ola_sparse_bayesian_keep010_seed42,25,ola,global,,,layers.1.weight,db,48,-57.7584269638633,-56.73073031245046,-57.24457863815688,31,0.023566049346083758,0.21953125,1280
bayesfl_observability_v1,ola_sparse_bayesian_keep010_seed42,25,ola,global,,,layers.1.weight,db,49,-56.73073031245046,-55.70303366103763,-56.21688198674404,49,0.03724956186961652,0.2578125,1280
bayesfl_observability_v1,ola_sparse_bayesian_keep010_seed42,25,ola,global,,,layers.1.weight,db,50,-55.70303366103763,-54.6753370096248,-55.18918533533122,46,0.03496897644902775,0.29375,1280
bayesfl_observability_v1,ola_sparse_bayesian_keep010_seed42,25,ola,global,,,layers.1.weight,db,51,-54.6753370096248,-53.647640358211966,-54.16148868391838,44,0.03344858616863524,0.328125,1280
bayesfl_observability_v1,ola_sparse_bayesian_keep010_seed42,25,ola,global,,,layers.1.weight,db,52,-53.647640358211966,-52.61994370679913,-53.133792032505546,49,0.03724956186961626,0.36640625,1280
bayesfl_observability_v1,ola_sparse_bayesian_keep010_seed42,25,ola,global,,,layers.1.weight,db,53,-52.61994370679913,-51.592247055386295,-52.106095381092715,49,0.03724956186961652,0.4046875,1280
bayesfl_observability_v1,ola_sparse_bayesian_keep010_seed42,25,ola,global,,,layers.1.weight,db,54,-51.592247055386295,-50.56455040397346,-51.078398729679876,65,0.04941268411275661,0.45546875,1280
bayesfl_observability_v1,ola_sparse_bayesian_keep010_seed42,25,ola,global,,,layers.1.weight,db,55,-50.56455040397346,-49.53685375256063,-50.05070207826705,56,0.04257092785099031,0.49921875,1280
bayesfl_observability_v1,ola_sparse_bayesian_keep010_seed42,25,ola,global,,,layers.1.weight,db,56,-49.53685375256063,-48.5091571011478,-49.02300542685421,62,0.04713209869216784,0.54765625,1280
bayesfl_observability_v1,ola_sparse_bayesian_keep010_seed42,25,ola,global,,,layers.1.weight,db,57,-48.5091571011478,-47.48146044973496,-47.99530877544138,64,0.04865248897256001,0.59765625,1280
bayesfl_observability_v1,ola_sparse_bayesian_keep010_seed42,25,ola,global,,,layers.1.weight,db,58,-47.48146044973496,-46.45376379832213,-46.96761212402855,64,0.04865248897256035,0.64765625,1280
bayesfl_observability_v1,ola_sparse_bayesian_keep010_seed42,25,ola,global,,,layers.1.weight,db,59,-46.45376379832213,-45.4260671469093,-45.93991547261571,42,0.03192819588824273,0.68046875,1280
bayesfl_observability_v1,ola_sparse_bayesian_keep010_seed42,25,ola,global,,,layers.1.weight,db,60,-45.4260671469093,-44.398370495496465,-44.912218821202885,44,0.03344858616863524,0.71484375,1280
bayesfl_observability_v1,ola_sparse_bayesian_keep010_seed42,25,ola,global,,,layers.1.weight,db,61,-44.398370495496465,-43.370673844083626,-43.884522169790046,52,0.039530147290205014,0.75546875,1280
bayesfl_observability_v1,ola_sparse_bayesian_keep010_seed42,25,ola,global,,,layers.1.weight,db,62,-43.370673844083626,-42.3429771926708,-42.856825518377214,44,0.03344858616863547,0.78984375,1280
bayesfl_observability_v1,ola_sparse_bayesian_keep010_seed42,25,ola,global,,,layers.1.weight,db,63,-42.3429771926708,-41.31528054125796,-41.82912886696438,32,0.024326244486280006,0.81484375,1280
bayesfl_observability_v1,ola_sparse_bayesian_keep010_seed42,25,ola,global,,,layers.1.weight,db,64,-41.31528054125796,-40.28758388984512,-40.80143221555154,37,0.02812722018726126,0.84375,1280
bayesfl_observability_v1,ola_sparse_bayesian_keep010_seed42,25,ola,global,,,layers.1.weight,db,65,-40.28758388984512,-39.2598872384323,-39.77373556413871,40,0.03040780560785043,0.875,1280
bayesfl_observability_v1,ola_sparse_bayesian_keep010_seed42,25,ola,global,,,layers.1.weight,db,66,-39.2598872384323,-38.23219058701946,-38.74603891272588,26,0.019765073645102507,0.8953125,1280
bayesfl_observability_v1,ola_sparse_bayesian_keep010_seed42,25,ola,global,,,layers.1.weight,db,67,-38.23219058701946,-37.204493935606635,-37.71834226131305,21,0.015964097944121475,0.91171875,1280
bayesfl_observability_v1,ola_sparse_bayesian_keep010_seed42,25,ola,global,,,layers.1.weight,db,68,-37.204493935606635,-36.176797284193796,-36.690645609900216,15,0.011402927102943753,0.9234375,1280
bayesfl_observability_v1,ola_sparse_bayesian_keep010_seed42,25,ola,global,,,layers.1.weight,db,69,-36.176797284193796,-35.14910063278096,-35.66294895848738,21,0.015964097944121253,0.93984375,1280
bayesfl_observability_v1,ola_sparse_bayesian_keep010_seed42,25,ola,global,,,layers.1.weight,db,70,-35.14910063278096,-34.12140398136813,-34.635252307074545,14,0.01064273196274765,0.95078125,1280
bayesfl_observability_v1,ola_sparse_bayesian_keep010_seed42,25,ola,global,,,layers.1.weight,db,71,-34.12140398136813,-33.09370732995529,-33.60755565566171,14,0.010642731962747504,0.96171875,1280
bayesfl_observability_v1,ola_sparse_bayesian_keep010_seed42,25,ola,global,,,layers.1.weight,db,72,-33.09370732995529,-32.06601067854247,-32.57985900424888,14,0.01064273196274765,0.97265625,1280
bayesfl_observability_v1,ola_sparse_bayesian_keep010_seed42,25,ola,global,,,layers.1.weight,db,73,-32.06601067854247,-31.03831402712963,-31.55216235283605,6,0.004561170841177502,0.97734375,1280
bayesfl_observability_v1,ola_sparse_bayesian_keep010_seed42,25,ola,global,,,layers.1.weight,db,74,-31.03831402712963,-30.01061737571679,-30.52446570142321,7,0.005321365981373752,0.9828125,1280
bayesfl_observability_v1,ola_sparse_bayesian_keep010_seed42,25,ola,global,,,layers.1.weight,db,75,-30.01061737571679,-28.982920724303966,-29.49676905001038,4,0.003040780560785043,0.9859375,1280
bayesfl_observability_v1,ola_sparse_bayesian_keep010_seed42,25,ola,global,,,layers.1.weight,db,76,-28.982920724303966,-27.955224072891127,-28.469072398597547,1,0.0007601951401962502,0.98671875,1280
bayesfl_observability_v1,ola_sparse_bayesian_keep010_seed42,25,ola,global,,,layers.1.weight,db,77,-27.955224072891127,-26.92752742147829,-27.441375747184708,6,0.004561170841177502,0.99140625,1280
bayesfl_observability_v1,ola_sparse_bayesian_keep010_seed42,25,ola,global,,,layers.1.weight,db,78,-26.92752742147829,-25.899830770065464,-26.413679095771876,8,0.006081561121570086,0.99765625,1280
bayesfl_observability_v1,ola_sparse_bayesian_keep010_seed42,25,ola,global,,,layers.1.weight,db,79,-25.899830770065464,-24.872134118652628,-25.385982444359044,3,0.0022805854205887586,1.0,1280
bayesfl_observability_v1,ola_sparse_bayesian_keep010_seed42,25,ola,global,,,layers.1.bias,raw,0,0.00024785680957425694,0.0004762239566911726,0.0003620403831327148,2,875.7827144795364,0.2,10
bayesfl_observability_v1,ola_sparse_bayesian_keep010_seed42,25,ola,global,,,layers.1.bias,raw,1,0.0004762239566911726,0.0007045911038080883,0.0005904075302496305,1,437.89135723976807,0.3,10
bayesfl_observability_v1,ola_sparse_bayesian_keep010_seed42,25,ola,global,,,layers.1.bias,raw,2,0.0007045911038080883,0.0009329582509250039,0.0008187746773665461,0,0.0,0.3,10
bayesfl_observability_v1,ola_sparse_bayesian_keep010_seed42,25,ola,global,,,layers.1.bias,raw,3,0.0009329582509250039,0.0011613253980419195,0.0010471418244834617,1,437.89135723976824,0.4,10
bayesfl_observability_v1,ola_sparse_bayesian_keep010_seed42,25,ola,global,,,layers.1.bias,raw,4,0.0011613253980419195,0.001389692545158835,0.0012755089716003773,0,0.0,0.4,10
bayesfl_observability_v1,ola_sparse_bayesian_keep010_seed42,25,ola,global,,,layers.1.bias,raw,5,0.001389692545158835,0.0016180596922757509,0.0015038761187172929,0,0.0,0.4,10
bayesfl_observability_v1,ola_sparse_bayesian_keep010_seed42,25,ola,global,,,layers.1.bias,raw,6,0.0016180596922757509,0.0018464268393926665,0.0017322432658342087,1,437.89135723976824,0.5,10
bayesfl_observability_v1,ola_sparse_bayesian_keep010_seed42,25,ola,global,,,layers.1.bias,raw,7,0.0018464268393926665,0.002074793986509582,0.0019606104129511245,0,0.0,0.5,10
bayesfl_observability_v1,ola_sparse_bayesian_keep010_seed42,25,ola,global,,,layers.1.bias,raw,8,0.002074793986509582,0.0023031611336264976,0.0021889775600680396,1,437.89135723976824,0.6,10
bayesfl_observability_v1,ola_sparse_bayesian_keep010_seed42,25,ola,global,,,layers.1.bias,raw,9,0.0023031611336264976,0.0025315282807434132,0.0024173447071849557,0,0.0,0.6,10
bayesfl_observability_v1,ola_sparse_bayesian_keep010_seed42,25,ola,global,,,layers.1.bias,raw,10,0.0025315282807434132,0.002759895427860329,0.002645711854301871,0,0.0,0.6,10
bayesfl_observability_v1,ola_sparse_bayesian_keep010_seed42,25,ola,global,,,layers.1.bias,raw,11,0.002759895427860329,0.002988262574977245,0.002874079001418787,0,0.0,0.6,10
bayesfl_observability_v1,ola_sparse_bayesian_keep010_seed42,25,ola,global,,,layers.1.bias,raw,12,0.002988262574977245,0.0032166297220941604,0.003102446148535703,0,0.0,0.6,10
bayesfl_observability_v1,ola_sparse_bayesian_keep010_seed42,25,ola,global,,,layers.1.bias,raw,13,0.0032166297220941604,0.003444996869211076,0.003330813295652618,0,0.0,0.6,10
bayesfl_observability_v1,ola_sparse_bayesian_keep010_seed42,25,ola,global,,,layers.1.bias,raw,14,0.003444996869211076,0.0036733640163279916,0.003559180442769534,0,0.0,0.6,10
bayesfl_observability_v1,ola_sparse_bayesian_keep010_seed42,25,ola,global,,,layers.1.bias,raw,15,0.0036733640163279916,0.003901731163444907,0.003787547589886449,1,437.89135723976824,0.7,10
bayesfl_observability_v1,ola_sparse_bayesian_keep010_seed42,25,ola,global,,,layers.1.bias,raw,16,0.003901731163444907,0.004130098310561823,0.004015914737003365,0,0.0,0.7,10
bayesfl_observability_v1,ola_sparse_bayesian_keep010_seed42,25,ola,global,,,layers.1.bias,raw,17,0.004130098310561823,0.004358465457678738,0.004244281884120281,1,437.8913572397691,0.8,10
bayesfl_observability_v1,ola_sparse_bayesian_keep010_seed42,25,ola,global,,,layers.1.bias,raw,18,0.004358465457678738,0.004586832604795654,0.004472649031237196,1,437.89135723976744,0.9,10
bayesfl_observability_v1,ola_sparse_bayesian_keep010_seed42,25,ola,global,,,layers.1.bias,raw,19,0.004586832604795654,0.00481519975191257,0.0047010161783541116,0,0.0,0.9,10
bayesfl_observability_v1,ola_sparse_bayesian_keep010_seed42,25,ola,global,,,layers.1.bias,raw,20,0.00481519975191257,0.005043566899029486,0.004929383325471028,0,0.0,0.9,10
bayesfl_observability_v1,ola_sparse_bayesian_keep010_seed42,25,ola,global,,,layers.1.bias,raw,21,0.005043566899029486,0.005271934046146401,0.005157750472587944,0,0.0,0.9,10
bayesfl_observability_v1,ola_sparse_bayesian_keep010_seed42,25,ola,global,,,layers.1.bias,raw,22,0.005271934046146401,0.005500301193263317,0.005386117619704859,0,0.0,0.9,10
bayesfl_observability_v1,ola_sparse_bayesian_keep010_seed42,25,ola,global,,,layers.1.bias,raw,23,0.005500301193263317,0.005728668340380233,0.005614484766821775,0,0.0,0.9,10
bayesfl_observability_v1,ola_sparse_bayesian_keep010_seed42,25,ola,global,,,layers.1.bias,raw,24,0.005728668340380233,0.005957035487497148,0.00584285191393869,0,0.0,0.9,10
bayesfl_observability_v1,ola_sparse_bayesian_keep010_seed42,25,ola,global,,,layers.1.bias,raw,25,0.005957035487497148,0.006185402634614064,0.006071219061055606,0,0.0,0.9,10
bayesfl_observability_v1,ola_sparse_bayesian_keep010_seed42,25,ola,global,,,layers.1.bias,raw,26,0.006185402634614064,0.006413769781730979,0.006299586208172522,0,0.0,0.9,10
bayesfl_observability_v1,ola_sparse_bayesian_keep010_seed42,25,ola,global,,,layers.1.bias,raw,27,0.006413769781730979,0.006642136928847895,0.006527953355289437,0,0.0,0.9,10
bayesfl_observability_v1,ola_sparse_bayesian_keep010_seed42,25,ola,global,,,layers.1.bias,raw,28,0.006642136928847895,0.00687050407596481,0.006756320502406352,0,0.0,0.9,10
bayesfl_observability_v1,ola_sparse_bayesian_keep010_seed42,25,ola,global,,,layers.1.bias,raw,29,0.00687050407596481,0.007098871223081726,0.006984687649523268,0,0.0,0.9,10
bayesfl_observability_v1,ola_sparse_bayesian_keep010_seed42,25,ola,global,,,layers.1.bias,raw,30,0.007098871223081726,0.0073272383701986415,0.007213054796640184,0,0.0,0.9,10
bayesfl_observability_v1,ola_sparse_bayesian_keep010_seed42,25,ola,global,,,layers.1.bias,raw,31,0.0073272383701986415,0.0075556055173155575,0.0074414219437570995,0,0.0,0.9,10
bayesfl_observability_v1,ola_sparse_bayesian_keep010_seed42,25,ola,global,,,layers.1.bias,raw,32,0.0075556055173155575,0.0077839726644324736,0.0076697890908740156,0,0.0,0.9,10
bayesfl_observability_v1,ola_sparse_bayesian_keep010_seed42,25,ola,global,,,layers.1.bias,raw,33,0.0077839726644324736,0.008012339811549389,0.00789815623799093,0,0.0,0.9,10
bayesfl_observability_v1,ola_sparse_bayesian_keep010_seed42,25,ola,global,,,layers.1.bias,raw,34,0.008012339811549389,0.008240706958666305,0.008126523385107847,0,0.0,0.9,10
bayesfl_observability_v1,ola_sparse_bayesian_keep010_seed42,25,ola,global,,,layers.1.bias,raw,35,0.008240706958666305,0.00846907410578322,0.008354890532224763,0,0.0,0.9,10
bayesfl_observability_v1,ola_sparse_bayesian_keep010_seed42,25,ola,global,,,layers.1.bias,raw,36,0.00846907410578322,0.008697441252900137,0.008583257679341679,0,0.0,0.9,10
bayesfl_observability_v1,ola_sparse_bayesian_keep010_seed42,25,ola,global,,,layers.1.bias,raw,37,0.008697441252900137,0.008925808400017053,0.008811624826458595,0,0.0,0.9,10
bayesfl_observability_v1,ola_sparse_bayesian_keep010_seed42,25,ola,global,,,layers.1.bias,raw,38,0.008925808400017053,0.009154175547133967,0.009039991973575509,0,0.0,0.9,10
bayesfl_observability_v1,ola_sparse_bayesian_keep010_seed42,25,ola,global,,,layers.1.bias,raw,39,0.009154175547133967,0.009382542694250883,0.009268359120692425,0,0.0,0.9,10
bayesfl_observability_v1,ola_sparse_bayesian_keep010_seed42,25,ola,global,,,layers.1.bias,raw,40,0.009382542694250883,0.0096109098413678,0.009496726267809341,0,0.0,0.9,10
bayesfl_observability_v1,ola_sparse_bayesian_keep010_seed42,25,ola,global,,,layers.1.bias,raw,41,0.0096109098413678,0.009839276988484715,0.009725093414926257,0,0.0,0.9,10
bayesfl_observability_v1,ola_sparse_bayesian_keep010_seed42,25,ola,global,,,layers.1.bias,raw,42,0.009839276988484715,0.010067644135601631,0.009953460562043173,0,0.0,0.9,10
bayesfl_observability_v1,ola_sparse_bayesian_keep010_seed42,25,ola,global,,,layers.1.bias,raw,43,0.010067644135601631,0.010296011282718546,0.01018182770916009,0,0.0,0.9,10
bayesfl_observability_v1,ola_sparse_bayesian_keep010_seed42,25,ola,global,,,layers.1.bias,raw,44,0.010296011282718546,0.010524378429835462,0.010410194856277004,0,0.0,0.9,10
bayesfl_observability_v1,ola_sparse_bayesian_keep010_seed42,25,ola,global,,,layers.1.bias,raw,45,0.010524378429835462,0.010752745576952378,0.01063856200339392,0,0.0,0.9,10
bayesfl_observability_v1,ola_sparse_bayesian_keep010_seed42,25,ola,global,,,layers.1.bias,raw,46,0.010752745576952378,0.010981112724069294,0.010866929150510836,0,0.0,0.9,10
bayesfl_observability_v1,ola_sparse_bayesian_keep010_seed42,25,ola,global,,,layers.1.bias,raw,47,0.010981112724069294,0.01120947987118621,0.011095296297627752,0,0.0,0.9,10
bayesfl_observability_v1,ola_sparse_bayesian_keep010_seed42,25,ola,global,,,layers.1.bias,raw,48,0.01120947987118621,0.011437847018303124,0.011323663444744666,0,0.0,0.9,10
bayesfl_observability_v1,ola_sparse_bayesian_keep010_seed42,25,ola,global,,,layers.1.bias,raw,49,0.011437847018303124,0.01166621416542004,0.011552030591861582,0,0.0,0.9,10
bayesfl_observability_v1,ola_sparse_bayesian_keep010_seed42,25,ola,global,,,layers.1.bias,raw,50,0.01166621416542004,0.011894581312536956,0.011780397738978498,0,0.0,0.9,10
bayesfl_observability_v1,ola_sparse_bayesian_keep010_seed42,25,ola,global,,,layers.1.bias,raw,51,0.011894581312536956,0.012122948459653872,0.012008764886095414,0,0.0,0.9,10
bayesfl_observability_v1,ola_sparse_bayesian_keep010_seed42,25,ola,global,,,layers.1.bias,raw,52,0.012122948459653872,0.012351315606770786,0.01223713203321233,0,0.0,0.9,10
bayesfl_observability_v1,ola_sparse_bayesian_keep010_seed42,25,ola,global,,,layers.1.bias,raw,53,0.012351315606770786,0.012579682753887702,0.012465499180329244,0,0.0,0.9,10
bayesfl_observability_v1,ola_sparse_bayesian_keep010_seed42,25,ola,global,,,layers.1.bias,raw,54,0.012579682753887702,0.012808049901004618,0.01269386632744616,0,0.0,0.9,10
bayesfl_observability_v1,ola_sparse_bayesian_keep010_seed42,25,ola,global,,,layers.1.bias,raw,55,0.012808049901004618,0.013036417048121534,0.012922233474563076,0,0.0,0.9,10
bayesfl_observability_v1,ola_sparse_bayesian_keep010_seed42,25,ola,global,,,layers.1.bias,raw,56,0.013036417048121534,0.01326478419523845,0.013150600621679992,0,0.0,0.9,10
bayesfl_observability_v1,ola_sparse_bayesian_keep010_seed42,25,ola,global,,,layers.1.bias,raw,57,0.01326478419523845,0.013493151342355365,0.013378967768796907,0,0.0,0.9,10
bayesfl_observability_v1,ola_sparse_bayesian_keep010_seed42,25,ola,global,,,layers.1.bias,raw,58,0.013493151342355365,0.01372151848947228,0.013607334915913823,0,0.0,0.9,10
bayesfl_observability_v1,ola_sparse_bayesian_keep010_seed42,25,ola,global,,,layers.1.bias,raw,59,0.01372151848947228,0.013949885636589197,0.013835702063030739,0,0.0,0.9,10
bayesfl_observability_v1,ola_sparse_bayesian_keep010_seed42,25,ola,global,,,layers.1.bias,raw,60,0.013949885636589197,0.014178252783706113,0.014064069210147655,0,0.0,0.9,10
bayesfl_observability_v1,ola_sparse_bayesian_keep010_seed42,25,ola,global,,,layers.1.bias,raw,61,0.014178252783706113,0.014406619930823027,0.01429243635726457,0,0.0,0.9,10
bayesfl_observability_v1,ola_sparse_bayesian_keep010_seed42,25,ola,global,,,layers.1.bias,raw,62,0.014406619930823027,0.014634987077939943,0.014520803504381485,0,0.0,0.9,10
bayesfl_observability_v1,ola_sparse_bayesian_keep010_seed42,25,ola,global,,,layers.1.bias,raw,63,0.014634987077939943,0.014863354225056859,0.014749170651498401,0,0.0,0.9,10
bayesfl_observability_v1,ola_sparse_bayesian_keep010_seed42,25,ola,global,,,layers.1.bias,raw,64,0.014863354225056859,0.015091721372173775,0.014977537798615317,0,0.0,0.9,10
bayesfl_observability_v1,ola_sparse_bayesian_keep010_seed42,25,ola,global,,,layers.1.bias,raw,65,0.015091721372173775,0.015320088519290691,0.015205904945732233,0,0.0,0.9,10
bayesfl_observability_v1,ola_sparse_bayesian_keep010_seed42,25,ola,global,,,layers.1.bias,raw,66,0.015320088519290691,0.015548455666407605,0.015434272092849147,0,0.0,0.9,10
bayesfl_observability_v1,ola_sparse_bayesian_keep010_seed42,25,ola,global,,,layers.1.bias,raw,67,0.015548455666407605,0.01577682281352452,0.015662639239966063,0,0.0,0.9,10
bayesfl_observability_v1,ola_sparse_bayesian_keep010_seed42,25,ola,global,,,layers.1.bias,raw,68,0.01577682281352452,0.016005189960641434,0.015891006387082976,0,0.0,0.9,10
bayesfl_observability_v1,ola_sparse_bayesian_keep010_seed42,25,ola,global,,,layers.1.bias,raw,69,0.016005189960641434,0.01623355710775835,0.016119373534199892,0,0.0,0.9,10
bayesfl_observability_v1,ola_sparse_bayesian_keep010_seed42,25,ola,global,,,layers.1.bias,raw,70,0.01623355710775835,0.016461924254875266,0.016347740681316808,0,0.0,0.9,10
bayesfl_observability_v1,ola_sparse_bayesian_keep010_seed42,25,ola,global,,,layers.1.bias,raw,71,0.016461924254875266,0.016690291401992182,0.016576107828433724,0,0.0,0.9,10
bayesfl_observability_v1,ola_sparse_bayesian_keep010_seed42,25,ola,global,,,layers.1.bias,raw,72,0.016690291401992182,0.016918658549109098,0.01680447497555064,0,0.0,0.9,10
bayesfl_observability_v1,ola_sparse_bayesian_keep010_seed42,25,ola,global,,,layers.1.bias,raw,73,0.016918658549109098,0.017147025696226014,0.017032842122667556,0,0.0,0.9,10
bayesfl_observability_v1,ola_sparse_bayesian_keep010_seed42,25,ola,global,,,layers.1.bias,raw,74,0.017147025696226014,0.01737539284334293,0.017261209269784472,0,0.0,0.9,10
bayesfl_observability_v1,ola_sparse_bayesian_keep010_seed42,25,ola,global,,,layers.1.bias,raw,75,0.01737539284334293,0.017603759990459846,0.017489576416901388,0,0.0,0.9,10
bayesfl_observability_v1,ola_sparse_bayesian_keep010_seed42,25,ola,global,,,layers.1.bias,raw,76,0.017603759990459846,0.017832127137576762,0.017717943564018304,0,0.0,0.9,10
bayesfl_observability_v1,ola_sparse_bayesian_keep010_seed42,25,ola,global,,,layers.1.bias,raw,77,0.017832127137576762,0.018060494284693675,0.01794631071113522,0,0.0,0.9,10
bayesfl_observability_v1,ola_sparse_bayesian_keep010_seed42,25,ola,global,,,layers.1.bias,raw,78,0.018060494284693675,0.01828886143181059,0.018174677858252133,0,0.0,0.9,10
bayesfl_observability_v1,ola_sparse_bayesian_keep010_seed42,25,ola,global,,,layers.1.bias,raw,79,0.01828886143181059,0.018517228578927507,0.01840304500536905,1,437.89135723976744,1.0,10
bayesfl_observability_v1,ola_sparse_bayesian_keep010_seed42,25,ola,global,,,layers.1.bias,db,0,-72.115982862255,-71.64763907957433,-71.88181097091467,1,0.21351836769910626,0.1,10
bayesfl_observability_v1,ola_sparse_bayesian_keep010_seed42,25,ola,global,,,layers.1.bias,db,1,-71.64763907957433,-71.17929529689366,-71.413467188234,0,0.0,0.1,10
bayesfl_observability_v1,ola_sparse_bayesian_keep010_seed42,25,ola,global,,,layers.1.bias,db,2,-71.17929529689366,-70.710951514213,-70.94512340555332,0,0.0,0.1,10
bayesfl_observability_v1,ola_sparse_bayesian_keep010_seed42,25,ola,global,,,layers.1.bias,db,3,-70.710951514213,-70.24260773153233,-70.47677962287267,0,0.0,0.1,10
bayesfl_observability_v1,ola_sparse_bayesian_keep010_seed42,25,ola,global,,,layers.1.bias,db,4,-70.24260773153233,-69.77426394885165,-70.00843584019199,0,0.0,0.1,10
bayesfl_observability_v1,ola_sparse_bayesian_keep010_seed42,25,ola,global,,,layers.1.bias,db,5,-69.77426394885165,-69.30592016617099,-69.54009205751132,0,0.0,0.1,10
bayesfl_observability_v1,ola_sparse_bayesian_keep010_seed42,25,ola,global,,,layers.1.bias,db,6,-69.30592016617099,-68.83757638349032,-69.07174827483065,0,0.0,0.1,10
bayesfl_observability_v1,ola_sparse_bayesian_keep010_seed42,25,ola,global,,,layers.1.bias,db,7,-68.83757638349032,-68.36923260080965,-68.60340449214999,0,0.0,0.1,10
bayesfl_observability_v1,ola_sparse_bayesian_keep010_seed42,25,ola,global,,,layers.1.bias,db,8,-68.36923260080965,-67.90088881812899,-68.13506070946931,0,0.0,0.1,10
bayesfl_observability_v1,ola_sparse_bayesian_keep010_seed42,25,ola,global,,,layers.1.bias,db,9,-67.90088881812899,-67.43254503544831,-67.66671692678865,1,0.2135183676990998,0.2,10
bayesfl_observability_v1,ola_sparse_bayesian_keep010_seed42,25,ola,global,,,layers.1.bias,db,10,-67.43254503544831,-66.96420125276765,-67.19837314410799,0,0.0,0.2,10
bayesfl_observability_v1,ola_sparse_bayesian_keep010_seed42,25,ola,global,,,layers.1.bias,db,11,-66.96420125276765,-66.49585747008699,-66.73002936142731,0,0.0,0.2,10
bayesfl_observability_v1,ola_sparse_bayesian_keep010_seed42,25,ola,global,,,layers.1.bias,db,12,-66.49585747008699,-66.02751368740631,-66.26168557874665,0,0.0,0.2,10
bayesfl_observability_v1,ola_sparse_bayesian_keep010_seed42,25,ola,global,,,layers.1.bias,db,13,-66.02751368740631,-65.55916990472565,-65.79334179606599,1,0.21351836769910626,0.3,10
bayesfl_observability_v1,ola_sparse_bayesian_keep010_seed42,25,ola,global,,,layers.1.bias,db,14,-65.55916990472565,-65.09082612204499,-65.32499801338531,0,0.0,0.3,10
bayesfl_observability_v1,ola_sparse_bayesian_keep010_seed42,25,ola,global,,,layers.1.bias,db,15,-65.09082612204499,-64.62248233936431,-64.85665423070465,0,0.0,0.3,10
bayesfl_observability_v1,ola_sparse_bayesian_keep010_seed42,25,ola,global,,,layers.1.bias,db,16,-64.62248233936431,-64.15413855668365,-64.38831044802399,0,0.0,0.3,10
bayesfl_observability_v1,ola_sparse_bayesian_keep010_seed42,25,ola,global,,,layers.1.bias,db,17,-64.15413855668365,-63.68579477400298,-63.91996666534331,0,0.0,0.3,10
bayesfl_observability_v1,ola_sparse_bayesian_keep010_seed42,25,ola,global,,,layers.1.bias,db,18,-63.68579477400298,-63.21745099132231,-63.45162288266265,0,0.0,0.3,10
bayesfl_observability_v1,ola_sparse_bayesian_keep010_seed42,25,ola,global,,,layers.1.bias,db,19,-63.21745099132231,-62.74910720864165,-62.98327909998198,0,0.0,0.3,10
bayesfl_observability_v1,ola_sparse_bayesian_keep010_seed42,25,ola,global,,,layers.1.bias,db,20,-62.74910720864165,-62.28076342596098,-62.51493531730131,0,0.0,0.3,10
bayesfl_observability_v1,ola_sparse_bayesian_keep010_seed42,25,ola,global,,,layers.1.bias,db,21,-62.28076342596098,-61.81241964328031,-62.046591534620646,0,0.0,0.3,10
bayesfl_observability_v1,ola_sparse_bayesian_keep010_seed42,25,ola,global,,,layers.1.bias,db,22,-61.81241964328031,-61.34407586059964,-61.57824775193997,0,0.0,0.3,10
bayesfl_observability_v1,ola_sparse_bayesian_keep010_seed42,25,ola,global,,,layers.1.bias,db,23,-61.34407586059964,-60.87573207791897,-61.10990396925931,0,0.0,0.3,10
bayesfl_observability_v1,ola_sparse_bayesian_keep010_seed42,25,ola,global,,,layers.1.bias,db,24,-60.87573207791897,-60.407388295238306,-60.64156018657864,0,0.0,0.3,10
bayesfl_observability_v1,ola_sparse_bayesian_keep010_seed42,25,ola,global,,,layers.1.bias,db,25,-60.407388295238306,-59.939044512557636,-60.17321640389797,0,0.0,0.3,10
bayesfl_observability_v1,ola_sparse_bayesian_keep010_seed42,25,ola,global,,,layers.1.bias,db,26,-59.939044512557636,-59.47070072987697,-59.704872621217305,0,0.0,0.3,10
bayesfl_observability_v1,ola_sparse_bayesian_keep010_seed42,25,ola,global,,,layers.1.bias,db,27,-59.47070072987697,-59.002356947196304,-59.236528838536636,0,0.0,0.3,10
bayesfl_observability_v1,ola_sparse_bayesian_keep010_seed42,25,ola,global,,,layers.1.bias,db,28,-59.002356947196304,-58.534013164515635,-58.768185055855966,1,0.213518367699103,0.4,10
bayesfl_observability_v1,ola_sparse_bayesian_keep010_seed42,25,ola,global,,,layers.1.bias,db,29,-58.534013164515635,-58.065669381834965,-58.2998412731753,0,0.0,0.4,10
bayesfl_observability_v1,ola_sparse_bayesian_keep010_seed42,25,ola,global,,,layers.1.bias,db,30,-58.065669381834965,-57.5973255991543,-57.831497490494634,0,0.0,0.4,10
bayesfl_observability_v1,ola_sparse_bayesian_keep010_seed42,25,ola,global,,,layers.1.bias,db,31,-57.5973255991543,-57.12898181647363,-57.363153707813964,0,0.0,0.4,10
bayesfl_observability_v1,ola_sparse_bayesian_keep010_seed42,25,ola,global,,,layers.1.bias,db,32,-57.12898181647363,-56.660638033792964,-56.8948099251333,0,0.0,0.4,10
bayesfl_observability_v1,ola_sparse_bayesian_keep010_seed42,25,ola,global,,,layers.1.bias,db,33,-56.660638033792964,-56.192294251112294,-56.426466142452625,0,0.0,0.4,10
bayesfl_observability_v1,ola_sparse_bayesian_keep010_seed42,25,ola,global,,,layers.1.bias,db,34,-56.192294251112294,-55.723950468431624,-55.95812235977196,0,0.0,0.4,10
bayesfl_observability_v1,ola_sparse_bayesian_keep010_seed42,25,ola,global,,,layers.1.bias,db,35,-55.723950468431624,-55.25560668575096,-55.48977857709129,0,0.0,0.4,10
bayesfl_observability_v1,ola_sparse_bayesian_keep010_seed42,25,ola,global,,,layers.1.bias,db,36,-55.25560668575096,-54.78726290307029,-55.021434794410624,1,0.213518367699103,0.5,10
bayesfl_observability_v1,ola_sparse_bayesian_keep010_seed42,25,ola,global,,,layers.1.bias,db,37,-54.78726290307029,-54.31891912038962,-54.55309101172996,0,0.0,0.5,10
bayesfl_observability_v1,ola_sparse_bayesian_keep010_seed42,25,ola,global,,,layers.1.bias,db,38,-54.31891912038962,-53.85057533770896,-54.08474722904929,0,0.0,0.5,10
bayesfl_observability_v1,ola_sparse_bayesian_keep010_seed42,25,ola,global,,,layers.1.bias,db,39,-53.85057533770896,-53.38223155502829,-53.61640344636862,0,0.0,0.5,10
bayesfl_observability_v1,ola_sparse_bayesian_keep010_seed42,25,ola,global,,,layers.1.bias,db,40,-53.38223155502829,-52.91388777234762,-53.14805966368796,1,0.213518367699103,0.6,10
bayesfl_observability_v1,ola_sparse_bayesian_keep010_seed42,25,ola,global,,,layers.1.bias,db,41,-52.91388777234762,-52.44554398966696,-52.67971588100729,0,0.0,0.6,10
bayesfl_observability_v1,ola_sparse_bayesian_keep010_seed42,25,ola,global,,,layers.1.bias,db,42,-52.44554398966696,-51.97720020698629,-52.21137209832662,0,0.0,0.6,10
bayesfl_observability_v1,ola_sparse_bayesian_keep010_seed42,25,ola,global,,,layers.1.bias,db,43,-51.97720020698629,-51.50885642430562,-51.74302831564596,0,0.0,0.6,10
bayesfl_observability_v1,ola_sparse_bayesian_keep010_seed42,25,ola,global,,,layers.1.bias,db,44,-51.50885642430562,-51.04051264162496,-51.27468453296529,0,0.0,0.6,10
bayesfl_observability_v1,ola_sparse_bayesian_keep010_seed42,25,ola,global,,,layers.1.bias,db,45,-51.04051264162496,-50.57216885894428,-50.80634075028462,0,0.0,0.6,10
bayesfl_observability_v1,ola_sparse_bayesian_keep010_seed42,25,ola,global,,,layers.1.bias,db,46,-50.57216885894428,-50.10382507626362,-50.33799696760395,0,0.0,0.6,10
bayesfl_observability_v1,ola_sparse_bayesian_keep010_seed42,25,ola,global,,,layers.1.bias,db,47,-50.10382507626362,-49.63548129358295,-49.86965318492328,0,0.0,0.6,10
bayesfl_observability_v1,ola_sparse_bayesian_keep010_seed42,25,ola,global,,,layers.1.bias,db,48,-49.63548129358295,-49.16713751090228,-49.40130940224262,0,0.0,0.6,10
bayesfl_observability_v1,ola_sparse_bayesian_keep010_seed42,25,ola,global,,,layers.1.bias,db,49,-49.16713751090228,-48.69879372822162,-48.93296561956195,0,0.0,0.6,10
bayesfl_observability_v1,ola_sparse_bayesian_keep010_seed42,25,ola,global,,,layers.1.bias,db,50,-48.69879372822162,-48.23044994554095,-48.46462183688128,1,0.213518367699103,0.7,10
bayesfl_observability_v1,ola_sparse_bayesian_keep010_seed42,25,ola,global,,,layers.1.bias,db,51,-48.23044994554095,-47.76210616286028,-47.996278054200616,0,0.0,0.7,10
bayesfl_observability_v1,ola_sparse_bayesian_keep010_seed42,25,ola,global,,,layers.1.bias,db,52,-47.76210616286028,-47.293762380179615,-47.527934271519946,0,0.0,0.7,10
bayesfl_observability_v1,ola_sparse_bayesian_keep010_seed42,25,ola,global,,,layers.1.bias,db,53,-47.293762380179615,-46.825418597498945,-47.05959048883928,2,0.427036735398206,0.9,10
bayesfl_observability_v1,ola_sparse_bayesian_keep010_seed42,25,ola,global,,,layers.1.bias,db,54,-46.825418597498945,-46.357074814818276,-46.591246706158614,0,0.0,0.9,10
bayesfl_observability_v1,ola_sparse_bayesian_keep010_seed42,25,ola,global,,,layers.1.bias,db,55,-46.357074814818276,-45.88873103213761,-46.122902923477945,0,0.0,0.9,10
bayesfl_observability_v1,ola_sparse_bayesian_keep010_seed42,25,ola,global,,,layers.1.bias,db,56,-45.88873103213761,-45.42038724945694,-45.654559140797275,0,0.0,0.9,10
bayesfl_observability_v1,ola_sparse_bayesian_keep010_seed42,25,ola,global,,,layers.1.bias,db,57,-45.42038724945694,-44.952043466776274,-45.186215358116606,0,0.0,0.9,10
bayesfl_observability_v1,ola_sparse_bayesian_keep010_seed42,25,ola,global,,,layers.1.bias,db,58,-44.952043466776274,-44.483699684095605,-44.717871575435936,0,0.0,0.9,10
bayesfl_observability_v1,ola_sparse_bayesian_keep010_seed42,25,ola,global,,,layers.1.bias,db,59,-44.483699684095605,-44.015355901414935,-44.24952779275527,0,0.0,0.9,10
bayesfl_observability_v1,ola_sparse_bayesian_keep010_seed42,25,ola,global,,,layers.1.bias,db,60,-44.015355901414935,-43.54701211873427,-43.781184010074604,0,0.0,0.9,10
bayesfl_observability_v1,ola_sparse_bayesian_keep010_seed42,25,ola,global,,,layers.1.bias,db,61,-43.54701211873427,-43.0786683360536,-43.312840227393934,0,0.0,0.9,10
bayesfl_observability_v1,ola_sparse_bayesian_keep010_seed42,25,ola,global,,,layers.1.bias,db,62,-43.0786683360536,-42.610324553372934,-42.84449644471327,0,0.0,0.9,10
bayesfl_observability_v1,ola_sparse_bayesian_keep010_seed42,25,ola,global,,,layers.1.bias,db,63,-42.610324553372934,-42.14198077069227,-42.3761526620326,0,0.0,0.9,10
bayesfl_observability_v1,ola_sparse_bayesian_keep010_seed42,25,ola,global,,,layers.1.bias,db,64,-42.14198077069227,-41.6736369880116,-41.90780887935193,0,0.0,0.9,10
bayesfl_observability_v1,ola_sparse_bayesian_keep010_seed42,25,ola,global,,,layers.1.bias,db,65,-41.6736369880116,-41.20529320533093,-41.43946509667127,0,0.0,0.9,10
bayesfl_observability_v1,ola_sparse_bayesian_keep010_seed42,25,ola,global,,,layers.1.bias,db,66,-41.20529320533093,-40.73694942265027,-40.9711213139906,0,0.0,0.9,10
bayesfl_observability_v1,ola_sparse_bayesian_keep010_seed42,25,ola,global,,,layers.1.bias,db,67,-40.73694942265027,-40.26860563996959,-40.50277753130993,0,0.0,0.9,10
bayesfl_observability_v1,ola_sparse_bayesian_keep010_seed42,25,ola,global,,,layers.1.bias,db,68,-40.26860563996959,-39.80026185728893,-40.03443374862926,0,0.0,0.9,10
bayesfl_observability_v1,ola_sparse_bayesian_keep010_seed42,25,ola,global,,,layers.1.bias,db,69,-39.80026185728893,-39.33191807460826,-39.56608996594859,0,0.0,0.9,10
bayesfl_observability_v1,ola_sparse_bayesian_keep010_seed42,25,ola,global,,,layers.1.bias,db,70,-39.33191807460826,-38.86357429192759,-39.09774618326793,0,0.0,0.9,10
bayesfl_observability_v1,ola_sparse_bayesian_keep010_seed42,25,ola,global,,,layers.1.bias,db,71,-38.86357429192759,-38.39523050924693,-38.62940240058726,0,0.0,0.9,10
bayesfl_observability_v1,ola_sparse_bayesian_keep010_seed42,25,ola,global,,,layers.1.bias,db,72,-38.39523050924693,-37.92688672656626,-38.16105861790659,0,0.0,0.9,10
bayesfl_observability_v1,ola_sparse_bayesian_keep010_seed42,25,ola,global,,,layers.1.bias,db,73,-37.92688672656626,-37.45854294388559,-37.69271483522593,0,0.0,0.9,10
bayesfl_observability_v1,ola_sparse_bayesian_keep010_seed42,25,ola,global,,,layers.1.bias,db,74,-37.45854294388559,-36.99019916120493,-37.22437105254526,0,0.0,0.9,10
bayesfl_observability_v1,ola_sparse_bayesian_keep010_seed42,25,ola,global,,,layers.1.bias,db,75,-36.99019916120493,-36.52185537852426,-36.75602726986459,0,0.0,0.9,10
bayesfl_observability_v1,ola_sparse_bayesian_keep010_seed42,25,ola,global,,,layers.1.bias,db,76,-36.52185537852426,-36.05351159584359,-36.287683487183926,0,0.0,0.9,10
bayesfl_observability_v1,ola_sparse_bayesian_keep010_seed42,25,ola,global,,,layers.1.bias,db,77,-36.05351159584359,-35.58516781316292,-35.81933970450325,0,0.0,0.9,10
bayesfl_observability_v1,ola_sparse_bayesian_keep010_seed42,25,ola,global,,,layers.1.bias,db,78,-35.58516781316292,-35.116824030482256,-35.35099592182259,0,0.0,0.9,10
bayesfl_observability_v1,ola_sparse_bayesian_keep010_seed42,25,ola,global,,,layers.1.bias,db,79,-35.116824030482256,-34.64848024780159,-34.882652139141925,1,0.213518367699103,1.0,10
bayesfl_observability_v1,ola_sparse_bayesian_keep010_seed42,30,ola,global,,,all,raw,0,2.0005701773262004e-08,0.0007608277948702007,0.000380423900285987,58490,755.4172479651508,0.5747273263240641,101770
bayesfl_observability_v1,ola_sparse_bayesian_keep010_seed42,30,ola,global,,,all,raw,1,0.0007608277948702007,0.0015216355840386284,0.0011412316894544145,37466,483.88549516605116,0.9428711801120173,101770
bayesfl_observability_v1,ola_sparse_bayesian_keep010_seed42,30,ola,global,,,all,raw,2,0.0015216355840386284,0.002282443373207056,0.0019020394786228422,4624,59.720454002237254,0.9883069666895942,101770
bayesfl_observability_v1,ola_sparse_bayesian_keep010_seed42,30,ola,global,,,all,raw,3,0.002282443373207056,0.003043251162375483,0.0026628472677912695,438,5.656911516647907,0.9926107890340965,101770
bayesfl_observability_v1,ola_sparse_bayesian_keep010_seed42,30,ola,global,,,all,raw,4,0.003043251162375483,0.0038040589515439104,0.0034236550569596968,141,1.8210605567291207,0.9939962660902034,101770
bayesfl_observability_v1,ola_sparse_bayesian_keep010_seed42,30,ola,global,,,all,raw,5,0.0038040589515439104,0.004564866740712339,0.004184462846128124,99,1.278616986639594,0.9949690478530019,101770
bayesfl_observability_v1,ola_sparse_bayesian_keep010_seed42,30,ola,global,,,all,raw,6,0.004564866740712339,0.005325674529880766,0.004945270635296552,81,1.0461411708869417,0.9957649602043824,101770
bayesfl_observability_v1,ola_sparse_bayesian_keep010_seed42,30,ola,global,,,all,raw,7,0.005325674529880766,0.006086482319049193,0.0057060784244649795,56,0.7232580934527004,0.9963152205954604,101770
bayesfl_observability_v1,ola_sparse_bayesian_keep010_seed42,30,ola,global,,,all,raw,8,0.006086482319049193,0.00684729010821762,0.006466886213633407,58,0.7490887396474397,0.9968851331433625,101770
bayesfl_observability_v1,ola_sparse_bayesian_keep010_seed42,30,ola,global,,,all,raw,9,0.00684729010821762,0.007608097897386048,0.007227694002801834,37,0.47786695460267703,0.9972486980446104,101770
bayesfl_observability_v1,ola_sparse_bayesian_keep010_seed42,30,ola,global,,,all,raw,10,0.007608097897386048,0.008368905686554476,0.007988501791970262,34,0.43912098531056765,0.997582784710622,101770
bayesfl_observability_v1,ola_sparse_bayesian_keep010_seed42,30,ola,global,,,all,raw,11,0.008368905686554476,0.009129713475722905,0.00874930958113869,27,0.3487137236289798,0.9978480888277489,101770
bayesfl_observability_v1,ola_sparse_bayesian_keep010_seed42,30,ola,global,,,all,raw,12,0.009129713475722905,0.009890521264891332,0.009510117370307119,24,0.3099677543368716,0.9980839147096394,101770
bayesfl_observability_v1,ola_sparse_bayesian_keep010_seed42,30,ola,global,,,all,raw,13,0.009890521264891332,0.01065132905405976,0.010270925159475546,25,0.3228830774342413,0.998329566669942,101770
bayesfl_observability_v1,ola_sparse_bayesian_keep010_seed42,30,ola,global,,,all,raw,14,0.01065132905405976,0.011412136843228187,0.011031732948643973,16,0.2066451695579144,0.9984867839245357,101770
bayesfl_observability_v1,ola_sparse_bayesian_keep010_seed42,30,ola,global,,,all,raw,15,0.011412136843228187,0.012172944632396614,0.0117925407378124,22,0.2841371081421323,0.998702957649602,101770
bayesfl_observability_v1,ola_sparse_bayesian_keep010_seed42,30,ola,global,,,all,raw,16,0.012172944632396614,0.012933752421565041,0.012553348526980828,5,0.06457661548684825,0.9987520880416626,101770
bayesfl_observability_v1,ola_sparse_bayesian_keep010_seed42,30,ola,global,,,all,raw,17,0.012933752421565041,0.013694560210733469,0.013314156316149255,10,0.1291532309736965,0.9988503488257836,101770
bayesfl_observability_v1,ola_sparse_bayesian_keep010_seed42,30,ola,global,,,all,raw,18,0.013694560210733469,0.014455367999901896,0.014074964105317682,13,0.16789920026580546,0.998978087845141,101770
bayesfl_observability_v1,ola_sparse_bayesian_keep010_seed42,30,ola,global,,,all,raw,19,0.014455367999901896,0.015216175789070323,0.01483577189448611,5,0.06457661548684825,0.9990272182372015,101770
bayesfl_observability_v1,ola_sparse_bayesian_keep010_seed42,30,ola,global,,,all,raw,20,0.015216175789070323,0.01597698357823875,0.015596579683654535,9,0.11623790787632712,0.9991156529429105,101770
bayesfl_observability_v1,ola_sparse_bayesian_keep010_seed42,30,ola,global,,,all,raw,21,0.01597698357823875,0.016737791367407176,0.016357387472822962,8,0.1033225847789572,0.9991942615702073,101770
bayesfl_observability_v1,ola_sparse_bayesian_keep010_seed42,30,ola,global,,,all,raw,22,0.016737791367407176,0.017498599156575603,0.01711819526199139,8,0.1033225847789572,0.9992728701975042,101770
bayesfl_observability_v1,ola_sparse_bayesian_keep010_seed42,30,ola,global,,,all,raw,23,0.017498599156575603,0.018259406945744034,0.017879003051159817,7,0.09040726168158714,0.9993416527463889,101770
bayesfl_observability_v1,ola_sparse_bayesian_keep010_seed42,30,ola,global,,,all,raw,24,0.018259406945744034,0.01902021473491246,0.018639810840328248,5,0.06457661548684825,0.9993907831384494,101770
bayesfl_observability_v1,ola_sparse_bayesian_keep010_seed42,30,ola,global,,,all,raw,25,0.01902021473491246,0.01978102252408089,0.019400618629496675,4,0.0516612923894786,0.9994300874520978,101770
bayesfl_observability_v1,ola_sparse_bayesian_keep010_seed42,30,ola,global,,,all,raw,26,0.01978102252408089,0.020541830313249316,0.020161426418665102,7,0.09040726168158755,0.9994988700009826,101770
bayesfl_observability_v1,ola_sparse_bayesian_keep010_seed42,30,ola,global,,,all,raw,27,0.020541830313249316,0.021302638102417743,0.02092223420783353,4,0.0516612923894786,0.999538174314631,101770
bayesfl_observability_v1,ola_sparse_bayesian_keep010_seed42,30,ola,global,,,all,raw,28,0.021302638102417743,0.02206344589158617,0.021683041997001957,3,0.03874596929210895,0.9995676525498673,101770
bayesfl_observability_v1,ola_sparse_bayesian_keep010_seed42,30,ola,global,,,all,raw,29,0.02206344589158617,0.022824253680754598,0.022443849786170384,2,0.0258306461947393,0.9995873047066915,101770
bayesfl_observability_v1,ola_sparse_bayesian_keep010_seed42,30,ola,global,,,all,raw,30,0.022824253680754598,0.023585061469923025,0.02320465757533881,3,0.03874596929210895,0.9996167829419279,101770
bayesfl_observability_v1,ola_sparse_bayesian_keep010_seed42,30,ola,global,,,all,raw,31,0.023585061469923025,0.024345869259091452,0.02396546536450724,1,0.01291532309736965,0.99962660902034,101770
bayesfl_observability_v1,ola_sparse_bayesian_keep010_seed42,30,ola,global,,,all,raw,32,0.024345869259091452,0.02510667704825988,0.024726273153675666,1,0.01291532309736965,0.9996364350987521,101770
bayesfl_observability_v1,ola_sparse_bayesian_keep010_seed42,30,ola,global,,,all,raw,33,0.02510667704825988,0.025867484837428307,0.025487080942844093,5,0.06457661548684825,0.9996855654908127,101770
bayesfl_observability_v1,ola_sparse_bayesian_keep010_seed42,30,ola,global,,,all,raw,34,0.025867484837428307,0.026628292626596734,0.02624788873201252,4,0.0516612923894786,0.9997248698044611,101770
bayesfl_observability_v1,ola_sparse_bayesian_keep010_seed42,30,ola,global,,,all,raw,35,0.026628292626596734,0.02738910041576516,0.027008696521180948,0,0.0,0.9997248698044611,101770
bayesfl_observability_v1,ola_sparse_bayesian_keep010_seed42,30,ola,global,,,all,raw,36,0.02738910041576516,0.02814990820493359,0.027769504310349375,1,0.01291532309736965,0.9997346958828731,101770
bayesfl_observability_v1,ola_sparse_bayesian_keep010_seed42,30,ola,global,,,all,raw,37,0.02814990820493359,0.028910715994102016,0.028530312099517802,0,0.0,0.9997346958828731,101770
bayesfl_observability_v1,ola_sparse_bayesian_keep010_seed42,30,ola,global,,,all,raw,38,0.028910715994102016,0.029671523783270443,0.02929111988868623,1,0.01291532309736965,0.9997445219612853,101770
bayesfl_observability_v1,ola_sparse_bayesian_keep010_seed42,30,ola,global,,,all,raw,39,0.029671523783270443,0.03043233157243887,0.030051927677854657,0,0.0,0.9997445219612853,101770
bayesfl_observability_v1,ola_sparse_bayesian_keep010_seed42,30,ola,global,,,all,raw,40,0.03043233157243887,0.0311931393616073,0.030812735467023088,2,0.025830646194739182,0.9997641741181095,101770
bayesfl_observability_v1,ola_sparse_bayesian_keep010_seed42,30,ola,global,,,all,raw,41,0.0311931393616073,0.03195394715077573,0.031573543256191515,1,0.01291532309736965,0.9997740001965215,101770
bayesfl_observability_v1,ola_sparse_bayesian_keep010_seed42,30,ola,global,,,all,raw,42,0.03195394715077573,0.032714754939944156,0.03233435104535994,2,0.0258306461947393,0.9997936523533458,101770
bayesfl_observability_v1,ola_sparse_bayesian_keep010_seed42,30,ola,global,,,all,raw,43,0.032714754939944156,0.03347556272911258,0.03309515883452837,2,0.0258306461947393,0.99981330451017,101770
bayesfl_observability_v1,ola_sparse_bayesian_keep010_seed42,30,ola,global,,,all,raw,44,0.03347556272911258,0.03423637051828101,0.0338559666236968,0,0.0,0.99981330451017,101770
bayesfl_observability_v1,ola_sparse_bayesian_keep010_seed42,30,ola,global,,,all,raw,45,0.03423637051828101,0.03499717830744944,0.034616774412865224,0,0.0,0.99981330451017,101770
bayesfl_observability_v1,ola_sparse_bayesian_keep010_seed42,30,ola,global,,,all,raw,46,0.03499717830744944,0.035757986096617865,0.03537758220203365,1,0.01291532309736965,0.9998231305885821,101770
bayesfl_observability_v1,ola_sparse_bayesian_keep010_seed42,30,ola,global,,,all,raw,47,0.035757986096617865,0.0365187938857863,0.036138389991202086,1,0.012915323097369534,0.9998329566669942,101770
bayesfl_observability_v1,ola_sparse_bayesian_keep010_seed42,30,ola,global,,,all,raw,48,0.0365187938857863,0.03727960167495473,0.03689919778037051,0,0.0,0.9998329566669942,101770
bayesfl_observability_v1,ola_sparse_bayesian_keep010_seed42,30,ola,global,,,all,raw,49,0.03727960167495473,0.038040409464123154,0.03766000556953894,0,0.0,0.9998329566669942,101770
bayesfl_observability_v1,ola_sparse_bayesian_keep010_seed42,30,ola,global,,,all,raw,50,0.038040409464123154,0.03880121725329158,0.03842081335870737,1,0.01291532309736965,0.9998427827454063,101770
bayesfl_observability_v1,ola_sparse_bayesian_keep010_seed42,30,ola,global,,,all,raw,51,0.03880121725329158,0.03956202504246001,0.039181621147875795,1,0.01291532309736965,0.9998526088238184,101770
bayesfl_observability_v1,ola_sparse_bayesian_keep010_seed42,30,ola,global,,,all,raw,52,0.03956202504246001,0.040322832831628436,0.03994242893704422,2,0.0258306461947393,0.9998722609806426,101770
bayesfl_observability_v1,ola_sparse_bayesian_keep010_seed42,30,ola,global,,,all,raw,53,0.040322832831628436,0.04108364062079686,0.04070323672621265,0,0.0,0.9998722609806426,101770
bayesfl_observability_v1,ola_sparse_bayesian_keep010_seed42,30,ola,global,,,all,raw,54,0.04108364062079686,0.04184444840996529,0.04146404451538108,0,0.0,0.9998722609806426,101770
bayesfl_observability_v1,ola_sparse_bayesian_keep010_seed42,30,ola,global,,,all,raw,55,0.04184444840996529,0.04260525619913372,0.042224852304549504,2,0.0258306461947393,0.9998919131374668,101770
bayesfl_observability_v1,ola_sparse_bayesian_keep010_seed42,30,ola,global,,,all,raw,56,0.04260525619913372,0.043366063988302145,0.04298566009371793,0,0.0,0.9998919131374668,101770
bayesfl_observability_v1,ola_sparse_bayesian_keep010_seed42,30,ola,global,,,all,raw,57,0.043366063988302145,0.04412687177747057,0.04374646788288636,1,0.01291532309736965,0.999901739215879,101770
bayesfl_observability_v1,ola_sparse_bayesian_keep010_seed42,30,ola,global,,,all,raw,58,0.04412687177747057,0.044887679566639,0.044507275672054786,0,0.0,0.999901739215879,101770
bayesfl_observability_v1,ola_sparse_bayesian_keep010_seed42,30,ola,global,,,all,raw,59,0.044887679566639,0.04564848735580743,0.04526808346122321,0,0.0,0.999901739215879,101770
bayesfl_observability_v1,ola_sparse_bayesian_keep010_seed42,30,ola,global,,,all,raw,60,0.04564848735580743,0.046409295144975854,0.04602889125039164,0,0.0,0.999901739215879,101770
bayesfl_observability_v1,ola_sparse_bayesian_keep010_seed42,30,ola,global,,,all,raw,61,0.046409295144975854,0.04717010293414428,0.04678969903956007,0,0.0,0.999901739215879,101770
bayesfl_observability_v1,ola_sparse_bayesian_keep010_seed42,30,ola,global,,,all,raw,62,0.04717010293414428,0.04793091072331271,0.047550506828728495,1,0.01291532309736965,0.999911565294291,101770
bayesfl_observability_v1,ola_sparse_bayesian_keep010_seed42,30,ola,global,,,all,raw,63,0.04793091072331271,0.048691718512481136,0.04831131461789692,3,0.03874596929210895,0.9999410435295274,101770
bayesfl_observability_v1,ola_sparse_bayesian_keep010_seed42,30,ola,global,,,all,raw,64,0.048691718512481136,0.04945252630164956,0.04907212240706535,0,0.0,0.9999410435295274,101770
bayesfl_observability_v1,ola_sparse_bayesian_keep010_seed42,30,ola,global,,,all,raw,65,0.04945252630164956,0.05021333409081799,0.04983293019623378,0,0.0,0.9999410435295274,101770
bayesfl_observability_v1,ola_sparse_bayesian_keep010_seed42,30,ola,global,,,all,raw,66,0.05021333409081799,0.05097414187998642,0.050593737985402204,1,0.01291532309736965,0.9999508696079394,101770
bayesfl_observability_v1,ola_sparse_bayesian_keep010_seed42,30,ola,global,,,all,raw,67,0.05097414187998642,0.051734949669154845,0.05135454577457063,0,0.0,0.9999508696079394,101770
bayesfl_observability_v1,ola_sparse_bayesian_keep010_seed42,30,ola,global,,,all,raw,68,0.051734949669154845,0.05249575745832327,0.05211535356373906,1,0.01291532309736965,0.9999606956863516,101770
bayesfl_observability_v1,ola_sparse_bayesian_keep010_seed42,30,ola,global,,,all,raw,69,0.05249575745832327,0.0532565652474917,0.052876161352907486,0,0.0,0.9999606956863516,101770
bayesfl_observability_v1,ola_sparse_bayesian_keep010_seed42,30,ola,global,,,all,raw,70,0.0532565652474917,0.05401737303666013,0.05363696914207591,1,0.01291532309736965,0.9999705217647636,101770
bayesfl_observability_v1,ola_sparse_bayesian_keep010_seed42,30,ola,global,,,all,raw,71,0.05401737303666013,0.054778180825828554,0.05439777693124434,1,0.01291532309736965,0.9999803478431758,101770
bayesfl_observability_v1,ola_sparse_bayesian_keep010_seed42,30,ola,global,,,all,raw,72,0.054778180825828554,0.05553898861499698,0.05515858472041277,0,0.0,0.9999803478431758,101770
bayesfl_observability_v1,ola_sparse_bayesian_keep010_seed42,30,ola,global,,,all,raw,73,0.05553898861499698,0.05629979640416541,0.055919392509581195,0,0.0,0.9999803478431758,101770
bayesfl_observability_v1,ola_sparse_bayesian_keep010_seed42,30,ola,global,,,all,raw,74,0.05629979640416541,0.057060604193333836,0.05668020029874962,0,0.0,0.9999803478431758,101770
bayesfl_observability_v1,ola_sparse_bayesian_keep010_seed42,30,ola,global,,,all,raw,75,0.057060604193333836,0.05782141198250226,0.05744100808791805,0,0.0,0.9999803478431758,101770
bayesfl_observability_v1,ola_sparse_bayesian_keep010_seed42,30,ola,global,,,all,raw,76,0.05782141198250226,0.05858221977167069,0.05820181587708648,0,0.0,0.9999803478431758,101770
bayesfl_observability_v1,ola_sparse_bayesian_keep010_seed42,30,ola,global,,,all,raw,77,0.05858221977167069,0.05934302756083912,0.058962623666254904,0,0.0,0.9999803478431758,101770
bayesfl_observability_v1,ola_sparse_bayesian_keep010_seed42,30,ola,global,,,all,raw,78,0.05934302756083912,0.060103835350007545,0.05972343145542333,0,0.0,0.9999803478431758,101770
bayesfl_observability_v1,ola_sparse_bayesian_keep010_seed42,30,ola,global,,,all,raw,79,0.060103835350007545,0.06086464313917598,0.06048423924459176,2,0.025830646194739067,1.0,101770
bayesfl_observability_v1,ola_sparse_bayesian_keep010_seed42,30,ola,global,,,all,db,0,-153.97649003110982,-152.35569263571657,-153.1660913334132,2,1.2124992846155985e-05,1.9652156824211458e-05,101770
bayesfl_observability_v1,ola_sparse_bayesian_keep010_seed42,30,ola,global,,,all,db,1,-152.35569263571657,-150.7348952403233,-151.54529393801994,0,0.0,1.9652156824211458e-05,101770
bayesfl_observability_v1,ola_sparse_bayesian_keep010_seed42,30,ola,global,,,all,db,2,-150.7348952403233,-149.11409784493003,-149.92449654262668,1,6.062496423077887e-06,2.9478235236317185e-05,101770
bayesfl_observability_v1,ola_sparse_bayesian_keep010_seed42,30,ola,global,,,all,db,3,-149.11409784493003,-147.49330044953678,-148.3036991472334,1,6.0624964230779925e-06,3.9304313648422916e-05,101770
bayesfl_observability_v1,ola_sparse_bayesian_keep010_seed42,30,ola,global,,,all,db,4,-147.49330044953678,-145.87250305414352,-146.68290175184015,1,6.0624964230779925e-06,4.913039206052864e-05,101770
bayesfl_observability_v1,ola_sparse_bayesian_keep010_seed42,30,ola,global,,,all,db,5,-145.87250305414352,-144.25170565875027,-145.0621043564469,1,6.0624964230779925e-06,5.895647047263437e-05,101770
bayesfl_observability_v1,ola_sparse_bayesian_keep010_seed42,30,ola,global,,,all,db,6,-144.25170565875027,-142.63090826335701,-143.44130696105364,0,0.0,5.895647047263437e-05,101770
bayesfl_observability_v1,ola_sparse_bayesian_keep010_seed42,30,ola,global,,,all,db,7,-142.63090826335701,-141.01011086796376,-141.8205095656604,0,0.0,5.895647047263437e-05,101770
bayesfl_observability_v1,ola_sparse_bayesian_keep010_seed42,30,ola,global,,,all,db,8,-141.01011086796376,-139.38931347257048,-140.1997121702671,0,0.0,5.895647047263437e-05,101770
bayesfl_observability_v1,ola_sparse_bayesian_keep010_seed42,30,ola,global,,,all,db,9,-139.38931347257048,-137.76851607717722,-138.57891477487385,2,1.2124992846155985e-05,7.860862729684583e-05,101770
bayesfl_observability_v1,ola_sparse_bayesian_keep010_seed42,30,ola,global,,,all,db,10,-137.76851607717722,-136.14771868178397,-136.9581173794806,3,1.8187489269233977e-05,0.00010808686253316301,101770
bayesfl_observability_v1,ola_sparse_bayesian_keep010_seed42,30,ola,global,,,all,db,11,-136.14771868178397,-134.52692128639072,-135.33731998408734,2,1.2124992846155985e-05,0.00012773901935737446,101770
bayesfl_observability_v1,ola_sparse_bayesian_keep010_seed42,30,ola,global,,,all,db,12,-134.52692128639072,-132.90612389099743,-133.7165225886941,1,6.062496423077887e-06,0.0001375650977694802,101770
bayesfl_observability_v1,ola_sparse_bayesian_keep010_seed42,30,ola,global,,,all,db,13,-132.90612389099743,-131.28532649560418,-132.0957251933008,5,3.0312482115389966e-05,0.00018669548983000884,101770
bayesfl_observability_v1,ola_sparse_bayesian_keep010_seed42,30,ola,global,,,all,db,14,-131.28532649560418,-129.66452910021093,-130.47492779790755,8,4.849997138462394e-05,0.00026530411712685466,101770
bayesfl_observability_v1,ola_sparse_bayesian_keep010_seed42,30,ola,global,,,all,db,15,-129.66452910021093,-128.04373170481767,-128.8541304025143,1,6.0624964230779925e-06,0.0002751301955389604,101770
bayesfl_observability_v1,ola_sparse_bayesian_keep010_seed42,30,ola,global,,,all,db,16,-128.04373170481767,-126.42293430942442,-127.23333300712105,8,4.849997138462394e-05,0.00035373882283580625,101770
bayesfl_observability_v1,ola_sparse_bayesian_keep010_seed42,30,ola,global,,,all,db,17,-126.42293430942442,-124.80213691403115,-125.6125356117278,15,9.09374463461691e-05,0.0005011299990173921,101770
bayesfl_observability_v1,ola_sparse_bayesian_keep010_seed42,30,ola,global,,,all,db,18,-124.80213691403115,-123.1813395186379,-123.99173821633453,9,5.4562467807701936e-05,0.0005895647047263437,101770
bayesfl_observability_v1,ola_sparse_bayesian_keep010_seed42,30,ola,global,,,all,db,19,-123.1813395186379,-121.56054212324463,-122.37094082094126,11,6.668746065385735e-05,0.0006976515672595067,101770
bayesfl_observability_v1,ola_sparse_bayesian_keep010_seed42,30,ola,global,,,all,db,20,-121.56054212324463,-119.93974472785138,-120.750143425548,7,4.243747496154595e-05,0.0007664341161442469,101770
bayesfl_observability_v1,ola_sparse_bayesian_keep010_seed42,30,ola,global,,,all,db,21,-119.93974472785138,-118.31894733245812,-119.12934603015475,16,9.699994276924788e-05,0.0009236513707379384,101770
bayesfl_observability_v1,ola_sparse_bayesian_keep010_seed42,30,ola,global,,,all,db,22,-118.31894733245812,-116.69814993706487,-117.5085486347615,14,8.48749499230919e-05,0.0010612164685074187,101770
bayesfl_observability_v1,ola_sparse_bayesian_keep010_seed42,30,ola,global,,,all,db,23,-116.69814993706487,-115.0773525416716,-115.88775123936824,18,0.00010912493561540292,0.0012380858799253217,101770
bayesfl_observability_v1,ola_sparse_bayesian_keep010_seed42,30,ola,global,,,all,db,24,-115.0773525416716,-113.45655514627833,-114.26695384397496,41,0.00024856235334619553,0.0016409550948216568,101770
bayesfl_observability_v1,ola_sparse_bayesian_keep010_seed42,30,ola,global,,,all,db,25,-113.45655514627833,-111.83575775088508,-112.6461564485817,41,0.0002485623533461977,0.0020438243097179913,101770
bayesfl_observability_v1,ola_sparse_bayesian_keep010_seed42,30,ola,global,,,all,db,26,-111.83575775088508,-110.21496035549183,-111.02535905318845,41,0.0002485623533461977,0.0024466935246143266,101770
bayesfl_observability_v1,ola_sparse_bayesian_keep010_seed42,30,ola,global,,,all,db,27,-110.21496035549183,-108.59416296009857,-109.4045616577952,53,0.0003213123104231336,0.00296747568045593,101770
bayesfl_observability_v1,ola_sparse_bayesian_keep010_seed42,30,ola,global,,,all,db,28,-108.59416296009857,-106.9733655647053,-107.78376426240195,63,0.00038193727465391024,0.003586518620418591,101770
bayesfl_observability_v1,ola_sparse_bayesian_keep010_seed42,30,ola,global,,,all,db,29,-106.9733655647053,-105.35256816931205,-106.16296686700868,44,0.0002667498426154317,0.004018866070551243,101770
bayesfl_observability_v1,ola_sparse_bayesian_keep010_seed42,30,ola,global,,,all,db,30,-105.35256816931205,-103.73177077391878,-104.54216947161541,89,0.0005395621816539367,0.004893387049228653,101770
bayesfl_observability_v1,ola_sparse_bayesian_keep010_seed42,30,ola,global,,,all,db,31,-103.73177077391878,-102.11097337852553,-102.92137207622216,106,0.0006426246208462673,0.00593495136091186,101770
bayesfl_observability_v1,ola_sparse_bayesian_keep010_seed42,30,ola,global,,,all,db,32,-102.11097337852553,-100.49017598313227,-101.3005746808289,133,0.0008063120242693731,0.007241819789721922,101770
bayesfl_observability_v1,ola_sparse_bayesian_keep010_seed42,30,ola,global,,,all,db,33,-100.49017598313227,-98.869378587739,-99.67977728543565,141,0.0008548119956539896,0.00862729684582883,101770
bayesfl_observability_v1,ola_sparse_bayesian_keep010_seed42,30,ola,global,,,all,db,34,-98.869378587739,-97.24858119234575,-98.05897989004238,197,0.0011943117953463647,0.010563034293013657,101770
bayesfl_observability_v1,ola_sparse_bayesian_keep010_seed42,30,ola,global,,,all,db,35,-97.24858119234575,-95.62778379695249,-96.43818249464911,235,0.001424686659423316,0.012872162719858504,101770
bayesfl_observability_v1,ola_sparse_bayesian_keep010_seed42,30,ola,global,,,all,db,36,-95.62778379695249,-94.00698640155923,-94.81738509925586,239,0.0014489366451156402,0.015220595460351774,101770
bayesfl_observability_v1,ola_sparse_bayesian_keep010_seed42,30,ola,global,,,all,db,37,-94.00698640155923,-92.38618900616598,-93.1965877038626,312,0.0018914988840003338,0.01828633192492876,101770
bayesfl_observability_v1,ola_sparse_bayesian_keep010_seed42,30,ola,global,,,all,db,38,-92.38618900616598,-90.76539161077272,-91.57579030846935,396,0.002400748583538885,0.022177458976122628,101770
bayesfl_observability_v1,ola_sparse_bayesian_keep010_seed42,30,ola,global,,,all,db,39,-90.76539161077272,-89.14459421537946,-89.9549929130761,481,0.002916060779500489,0.026903802692345484,101770
bayesfl_observability_v1,ola_sparse_bayesian_keep010_seed42,30,ola,global,,,all,db,40,-89.14459421537946,-87.5237968199862,-88.33419551768283,542,0.003285873061308272,0.03222953719170679,101770
bayesfl_observability_v1,ola_sparse_bayesian_keep010_seed42,30,ola,global,,,all,db,41,-87.5237968199862,-85.90299942459293,-86.71339812228956,641,0.00388606020719296,0.03852805345386656,101770
bayesfl_observability_v1,ola_sparse_bayesian_keep010_seed42,30,ola,global,,,all,db,42,-85.90299942459293,-84.28220202919968,-85.09260072689631,735,0.004455934870962325,0.04575022108676427,101770
bayesfl_observability_v1,ola_sparse_bayesian_keep010_seed42,30,ola,global,,,all,db,43,-84.28220202919968,-82.66140463380643,-83.47180333150305,941,0.0057048091341163915,0.054996560872555764,101770
bayesfl_observability_v1,ola_sparse_bayesian_keep010_seed42,30,ola,global,,,all,db,44,-82.66140463380643,-81.04060723841316,-81.8510059361098,1210,0.007335620671924308,0.06688611575120369,101770
bayesfl_observability_v1,ola_sparse_bayesian_keep010_seed42,30,ola,global,,,all,db,45,-81.04060723841316,-79.4198098430199,-80.23020854071653,1421,0.008614807417193828,0.08084897317480594,101770
bayesfl_observability_v1,ola_sparse_bayesian_keep010_seed42,30,ola,global,,,all,db,46,-79.4198098430199,-77.79901244762664,-78.60941114532326,1648,0.009990994105232446,0.09704235039795618,101770
bayesfl_observability_v1,ola_sparse_bayesian_keep010_seed42,30,ola,global,,,all,db,47,-77.79901244762664,-76.17821505223338,-76.98861374993001,1957,0.011864305499963632,0.11627198585044708,101770
bayesfl_observability_v1,ola_sparse_bayesian_keep010_seed42,30,ola,global,,,all,db,48,-76.17821505223338,-74.55741765684013,-75.36781635453676,2445,0.014822803754425693,0.14029674756804558,101770
bayesfl_observability_v1,ola_sparse_bayesian_keep010_seed42,30,ola,global,,,all,db,49,-74.55741765684013,-72.93662026144686,-73.7470189591435,2950,0.017884364448079924,0.1692836788837575,101770
bayesfl_observability_v1,ola_sparse_bayesian_keep010_seed42,30,ola,global,,,all,db,50,-72.93662026144686,-71.31582286605361,-72.12622156375024,3586,0.02174011217315768,0.20451999606956864,101770
bayesfl_observability_v1,ola_sparse_bayesian_keep010_seed42,30,ola,global,,,all,db,51,-71.31582286605361,-69.69502547066034,-70.50542416835697,4228,0.025632234876773533,0.24606465559595164,101770
bayesfl_observability_v1,ola_sparse_bayesian_keep010_seed42,30,ola,global,,,all,db,52,-69.69502547066034,-68.07422807526709,-68.88462677296371,5249,0.03182204372473638,0.2976417411810946,101770
bayesfl_observability_v1,ola_sparse_bayesian_keep010_seed42,30,ola,global,,,all,db,53,-68.07422807526709,-66.45343067987383,-67.26382937757046,6352,0.03850897727939141,0.36005699125479024,101770
bayesfl_observability_v1,ola_sparse_bayesian_keep010_seed42,30,ola,global,,,all,db,54,-66.45343067987383,-64.83263328448056,-65.6430319821772,7491,0.04541416070527685,0.43366414463987424,101770
bayesfl_observability_v1,ola_sparse_bayesian_keep010_seed42,30,ola,global,,,all,db,55,-64.83263328448056,-63.21183588908731,-64.02223458678394,9077,0.05502928003227894,0.5228554583865579,101770
bayesfl_observability_v1,ola_sparse_bayesian_keep010_seed42,30,ola,global,,,all,db,56,-63.21183588908731,-61.59103849369406,-62.401437191390684,10762,0.06524458650516536,0.6286037142576397,101770
bayesfl_observability_v1,ola_sparse_bayesian_keep010_seed42,30,ola,global,,,all,db,57,-61.59103849369406,-59.97024109830079,-60.78063979599742,12943,0.07846689120389778,0.7557826471455242,101770
bayesfl_observability_v1,ola_sparse_bayesian_keep010_seed42,30,ola,global,,,all,db,58,-59.97024109830079,-58.349443702907536,-59.15984240060416,11922,0.07227708235593583,0.8729291539746488,101770
bayesfl_observability_v1,ola_sparse_bayesian_keep010_seed42,30,ola,global,,,all,db,59,-58.349443702907536,-56.72864630751428,-57.53904500521091,6087,0.03690241572727574,0.9327404932691363,101770
bayesfl_observability_v1,ola_sparse_bayesian_keep010_seed42,30,ola,global,,,all,db,60,-56.72864630751428,-55.107848912121014,-55.91824760981765,3653,0.022146299433503717,0.9686351577085586,101770
bayesfl_observability_v1,ola_sparse_bayesian_keep010_seed42,30,ola,global,,,all,db,61,-55.107848912121014,-53.48705151672776,-54.29745021442439,1648,0.009990994105232532,0.9848285349317087,101770
bayesfl_observability_v1,ola_sparse_bayesian_keep010_seed42,30,ola,global,,,all,db,62,-53.48705151672776,-51.86625412133449,-52.676652819031126,607,0.00367993532880831,0.9907929645278569,101770
bayesfl_observability_v1,ola_sparse_bayesian_keep010_seed42,30,ola,global,,,all,db,63,-51.86625412133449,-50.24545672594124,-51.055855423637865,192,0.0011639993132309746,0.9926795715829813,101770
bayesfl_observability_v1,ola_sparse_bayesian_keep010_seed42,30,ola,global,,,all,db,64,-50.24545672594124,-48.624659330547985,-49.43505802824461,118,0.0007153745779232032,0.9938390488356097,101770
bayesfl_observability_v1,ola_sparse_bayesian_keep010_seed42,30,ola,global,,,all,db,65,-48.624659330547985,-47.00386193515472,-47.81426063285135,108,0.0006547496136924176,0.9949002653041171,101770
bayesfl_observability_v1,ola_sparse_bayesian_keep010_seed42,30,ola,global,,,all,db,66,-47.00386193515472,-45.38306453976146,-46.19346323745809,93,0.0005638121673462533,0.995814090596443,101770
bayesfl_observability_v1,ola_sparse_bayesian_keep010_seed42,30,ola,global,,,all,db,67,-45.38306453976146,-43.762267144368195,-44.57266584206483,82,0.0004971247066923911,0.9966198290262356,101770
bayesfl_observability_v1,ola_sparse_bayesian_keep010_seed42,30,ola,global,,,all,db,68,-43.762267144368195,-42.14146974897494,-42.95186844667157,79,0.0004789372174231614,0.997396089220792,101770
bayesfl_observability_v1,ola_sparse_bayesian_keep010_seed42,30,ola,global,,,all,db,69,-42.14146974897494,-40.52067235358169,-41.331071051278315,54,0.0003273748068462116,0.9979266974550457,101770
bayesfl_observability_v1,ola_sparse_bayesian_keep010_seed42,30,ola,global,,,all,db,70,-40.52067235358169,-38.89987495818842,-39.710273655885054,54,0.0003273748068462088,0.9984573056892994,101770
bayesfl_observability_v1,ola_sparse_bayesian_keep010_seed42,30,ola,global,,,all,db,71,-38.89987495818842,-37.279077562795166,-38.08947626049179,40,0.00024249985692311973,0.9988503488257836,101770
bayesfl_observability_v1,ola_sparse_bayesian_keep010_seed42,30,ola,global,,,all,db,72,-37.279077562795166,-35.65828016740191,-36.46867886509854,30,0.00018187489269233978,0.9991451311781469,101770
bayesfl_observability_v1,ola_sparse_bayesian_keep010_seed42,30,ola,global,,,all,db,73,-35.65828016740191,-34.037482772008644,-34.84788146970528,32,0.0001939998855384941,0.9994595656873342,101770
bayesfl_observability_v1,ola_sparse_bayesian_keep010_seed42,30,ola,global,,,all,db,74,-34.037482772008644,-32.41668537661539,-33.22708407431202,17,0.00010306243919232588,0.99962660902034,101770
bayesfl_observability_v1,ola_sparse_bayesian_keep010_seed42,30,ola,global,,,all,db,75,-32.41668537661539,-30.795887981222137,-31.606286678918764,11,6.668746065385792e-05,0.9997346958828731,101770
bayesfl_observability_v1,ola_sparse_bayesian_keep010_seed42,30,ola,global,,,all,db,76,-30.795887981222137,-29.17509058582887,-29.985489283525503,8,4.8499971384623527e-05,0.99981330451017,101770
bayesfl_observability_v1,ola_sparse_bayesian_keep010_seed42,30,ola,global,,,all,db,77,-29.17509058582887,-27.554293190435615,-28.364691888132242,7,4.243747496154595e-05,0.9998820870590547,101770
bayesfl_observability_v1,ola_sparse_bayesian_keep010_seed42,30,ola,global,,,all,db,78,-27.554293190435615,-25.933495795042347,-26.74389449273898,6,3.637497853846764e-05,0.9999410435295274,101770
bayesfl_observability_v1,ola_sparse_bayesian_keep010_seed42,30,ola,global,,,all,db,79,-25.933495795042347,-24.312698399649094,-25.12309709734572,6,3.6374978538467955e-05,1.0,101770
bayesfl_observability_v1,ola_sparse_bayesian_keep010_seed42,30,ola,global,,,layers.0.weight,raw,0,2.0005701773262004e-08,5.82213054526526e-05,2.9120655577212934e-05,4447,761.3921829589008,0.044314014668367346,100352
bayesfl_observability_v1,ola_sparse_bayesian_keep010_seed42,30,ola,global,,,layers.0.weight,raw,1,5.82213054526526e-05,0.00011642260520353193,8.732195532809227e-05,4466,764.6452640194403,0.08881736288265306,100352
bayesfl_observability_v1,ola_sparse_bayesian_keep010_seed42,30,ola,global,,,layers.0.weight,raw,2,0.00011642260520353193,0.0001746239049544113,0.0001455232550789716,4347,744.2707036929032,0.13213488520408162,100352
bayesfl_observability_v1,ola_sparse_bayesian_keep010_seed42,30,ola,global,,,layers.0.weight,raw,3,0.0001746239049544113,0.00023282520470529062,0.00020372455482985097,4477,766.5286267387,0.17674784757653061,100352
bayesfl_observability_v1,ola_sparse_bayesian_keep010_seed42,30,ola,global,,,layers.0.weight,raw,4,0.00023282520470529062,0.0002910265044561699,0.0002619258545807303,4410,755.0572356304822,0.22069316007653061,100352
bayesfl_observability_v1,ola_sparse_bayesian_keep010_seed42,30,ola,global,,,layers.0.weight,raw,5,0.0002910265044561699,0.0003492278042070493,0.0003201271543316096,4439,760.0224646176207,0.26492745535714285,100352
bayesfl_observability_v1,ola_sparse_bayesian_keep010_seed42,30,ola,global,,,layers.0.weight,raw,6,0.0003492278042070493,0.0004074291039579286,0.00037832845408248894,4536,776.6302995056388,0.3101283482142857,100352
bayesfl_observability_v1,ola_sparse_bayesian_keep010_seed42,30,ola,global,,,layers.0.weight,raw,7,0.0004074291039579286,0.00046563040370880795,0.0004365297538333683,4549,778.8560918102178,0.3554587850765306,100352
bayesfl_observability_v1,ola_sparse_bayesian_keep010_seed42,30,ola,global,,,layers.0.weight,raw,8,0.00046563040370880795,0.0005238317034596873,0.0004947310535842476,4514,772.8635740671187,0.4004404496173469,100352
bayesfl_observability_v1,ola_sparse_bayesian_keep010_seed42,30,ola,global,,,layers.0.weight,raw,9,0.0005238317034596873,0.0005820330032105666,0.0005529323533351269,4445,761.0497533735812,0.44473453443877553,100352
bayesfl_observability_v1,ola_sparse_bayesian_keep010_seed42,30,ola,global,,,layers.0.weight,raw,10,0.0005820330032105666,0.0006402343029614459,0.0006111336530860063,4529,775.431795957019,0.4898656728316326,100352
bayesfl_observability_v1,ola_sparse_bayesian_keep010_seed42,30,ola,global,,,layers.0.weight,raw,11,0.0006402343029614459,0.0006984356027123253,0.0006693349528368856,4394,752.3177989479212,0.5336515465561225,100352
bayesfl_observability_v1,ola_sparse_bayesian_keep010_seed42,30,ola,global,,,layers.0.weight,raw,12,0.0006984356027123253,0.0007566369024632046,0.0007275362525877649,4395,752.4890137405825,0.5774473852040817,100352
bayesfl_observability_v1,ola_sparse_bayesian_keep010_seed42,30,ola,global,,,layers.0.weight,raw,13,0.0007566369024632046,0.0008148382022140839,0.0007857375523386443,4365,747.3525699607834,0.6209442761479592,100352
bayesfl_observability_v1,ola_sparse_bayesian_keep010_seed42,30,ola,global,,,layers.0.weight,raw,14,0.0008148382022140839,0.0008730395019649633,0.0008439388520895236,4438,759.8512498249601,0.665168606505102,100352
bayesfl_observability_v1,ola_sparse_bayesian_keep010_seed42,30,ola,global,,,layers.0.weight,raw,15,0.0008730395019649633,0.0009312408017158426,0.0009021401518404029,4476,766.3574119460404,0.7097716039540817,100352
bayesfl_observability_v1,ola_sparse_bayesian_keep010_seed42,30,ola,global,,,layers.0.weight,raw,16,0.0009312408017158426,0.000989442101466722,0.0009603414515912824,4406,754.3723764598409,0.7536770567602041,100352
bayesfl_observability_v1,ola_sparse_bayesian_keep010_seed42,30,ola,global,,,layers.0.weight,raw,17,0.000989442101466722,0.0010476434012176015,0.0010185427513421618,4141,709.0004564049481,0.7949418048469388,100352
bayesfl_observability_v1,ola_sparse_bayesian_keep010_seed42,30,ola,global,,,layers.0.weight,raw,18,0.0010476434012176015,0.0011058447009684807,0.001076744051093041,3807,651.8147156565195,0.832878268494898,100352
bayesfl_observability_v1,ola_sparse_bayesian_keep010_seed42,30,ola,global,,,layers.0.weight,raw,19,0.0011058447009684807,0.00116404600071936,0.0011349453508439204,3030,518.7808217597182,0.8630719866071429,100352
bayesfl_observability_v1,ola_sparse_bayesian_keep010_seed42,30,ola,global,,,layers.0.weight,raw,20,0.00116404600071936,0.0012222473004702395,0.0011931466505947998,2373,406.2927029821159,0.88671875,100352
bayesfl_observability_v1,ola_sparse_bayesian_keep010_seed42,30,ola,global,,,layers.0.weight,raw,21,0.0012222473004702395,0.0012804486002211187,0.0012513479503456792,1683,288.1544960467356,0.9034897161989796,100352
bayesfl_observability_v1,ola_sparse_bayesian_keep010_seed42,30,ola,global,,,layers.0.weight,raw,22,0.0012804486002211187,0.001338649899971998,0.0013095492500965584,1515,259.3904108798591,0.918586575255102,100352
bayesfl_observability_v1,ola_sparse_bayesian_keep010_seed42,30,ola,global,,,layers.0.weight,raw,23,0.001338649899971998,0.0013968511997228775,0.0013677505498474378,1252,214.36092041028616,0.9310626594387755,100352
bayesfl_observability_v1,ola_sparse_bayesian_keep010_seed42,30,ola,global,,,layers.0.weight,raw,24,0.0013968511997228775,0.0014550524994737567,0.001425951849598317,1039,177.89216957371258,0.9414162149234694,100352
bayesfl_observability_v1,ola_sparse_bayesian_keep010_seed42,30,ola,global,,,layers.0.weight,raw,25,0.0014550524994737567,0.0015132537992246361,0.0014841531493491964,922,157.8600388324951,0.9506038743622449,100352
bayesfl_observability_v1,ola_sparse_bayesian_keep010_seed42,30,ola,global,,,layers.0.weight,raw,26,0.0015132537992246361,0.0015714550989755155,0.0015423544491000758,798,136.62940454265842,0.9585558832908163,100352
bayesfl_observability_v1,ola_sparse_bayesian_keep010_seed42,30,ola,global,,,layers.0.weight,raw,27,0.0015714550989755155,0.0016296563987263947,0.0016005557488509552,752,128.75352408030014,0.9660495057397959,100352
bayesfl_observability_v1,ola_sparse_bayesian_keep010_seed42,30,ola,global,,,layers.0.weight,raw,28,0.0016296563987263947,0.0016878576984772741,0.0016587570486018344,582,99.64700932810428,0.9718490911989796,100352
bayesfl_observability_v1,ola_sparse_bayesian_keep010_seed42,30,ola,global,,,layers.0.weight,raw,29,0.0016878576984772741,0.0017460589982281536,0.0017169583483527138,499,85.43618153732652,0.9768215880102041,100352
bayesfl_observability_v1,ola_sparse_bayesian_keep010_seed42,30,ola,global,,,layers.0.weight,raw,30,0.0017460589982281536,0.0018042602979790327,0.001775159648103593,388,66.43133955206976,0.9806879783163265,100352
bayesfl_observability_v1,ola_sparse_bayesian_keep010_seed42,30,ola,global,,,layers.0.weight,raw,31,0.0018042602979790327,0.0018624615977299122,0.0018333609478544725,346,59.24031826035065,0.9841358418367347,100352
bayesfl_observability_v1,ola_sparse_bayesian_keep010_seed42,30,ola,global,,,layers.0.weight,raw,32,0.0018624615977299122,0.0019206628974807916,0.0018915622476053519,280,47.94014194479243,0.9869260204081632,100352
bayesfl_observability_v1,ola_sparse_bayesian_keep010_seed42,30,ola,global,,,layers.0.weight,raw,33,0.0019206628974807916,0.0019788641972316705,0.001949763547356231,229,39.2081875191341,0.9892079878826531,100352
bayesfl_observability_v1,ola_sparse_bayesian_keep010_seed42,30,ola,global,,,layers.0.weight,raw,34,0.0019788641972316705,0.00203706549698255,0.0020079648471071103,219,37.49603959253408,0.9913903061224489,100352
bayesfl_observability_v1,ola_sparse_bayesian_keep010_seed42,30,ola,global,,,layers.0.weight,raw,35,0.00203706549698255,0.0020952667967334294,0.0020661661468579897,160,27.394366825595675,0.9929846938775511,100352
bayesfl_observability_v1,ola_sparse_bayesian_keep010_seed42,30,ola,global,,,layers.0.weight,raw,36,0.0020952667967334294,0.002153468096484309,0.002124367446608869,130,22.257923045796485,0.9942801339285714,100352
bayesfl_observability_v1,ola_sparse_bayesian_keep010_seed42,30,ola,global,,,layers.0.weight,raw,37,0.002153468096484309,0.0022116693962351878,0.0021825687463597485,122,20.88820470451686,0.9954958545918368,100352
bayesfl_observability_v1,ola_sparse_bayesian_keep010_seed42,30,ola,global,,,layers.0.weight,raw,38,0.0022116693962351878,0.002269870695986067,0.0022407700461106275,95,16.26540530269743,0.9964425223214286,100352
bayesfl_observability_v1,ola_sparse_bayesian_keep010_seed42,30,ola,global,,,layers.0.weight,raw,39,0.002269870695986067,0.0023280719957369466,0.002298971345861507,82,14.039612998117784,0.9972596460459183,100352
bayesfl_observability_v1,ola_sparse_bayesian_keep010_seed42,30,ola,global,,,layers.0.weight,raw,40,0.0023280719957369466,0.002386273295487826,0.0023571726456123863,46,7.875880462358757,0.9977180325255102,100352
bayesfl_observability_v1,ola_sparse_bayesian_keep010_seed42,30,ola,global,,,layers.0.weight,raw,41,0.002386273295487826,0.0024444745952387054,0.0024153739453632657,37,6.334947328419,0.9980867346938775,100352
bayesfl_observability_v1,ola_sparse_bayesian_keep010_seed42,30,ola,global,,,layers.0.weight,raw,42,0.0024444745952387054,0.002502675894989585,0.002473575245114145,34,5.821302950439081,0.9984255420918368,100352
bayesfl_observability_v1,ola_sparse_bayesian_keep010_seed42,30,ola,global,,,layers.0.weight,raw,43,0.002502675894989585,0.002560877194740464,0.002531776544865024,32,5.478873365119176,0.9987444196428571,100352
bayesfl_observability_v1,ola_sparse_bayesian_keep010_seed42,30,ola,global,,,layers.0.weight,raw,44,0.002560877194740464,0.002619078494491343,0.0025899778446159035,26,4.451584609159298,0.9990035076530612,100352
bayesfl_observability_v1,ola_sparse_bayesian_keep010_seed42,30,ola,global,,,layers.0.weight,raw,45,0.002619078494491343,0.0026772797942422226,0.002648179144366783,19,3.2530810605394866,0.9991928411989796,100352
bayesfl_observability_v1,ola_sparse_bayesian_keep010_seed42,30,ola,global,,,layers.0.weight,raw,46,0.0026772797942422226,0.002735481093993102,0.0027063804441176623,17,2.9106514752195407,0.9993622448979592,100352
bayesfl_observability_v1,ola_sparse_bayesian_keep010_seed42,30,ola,global,,,layers.0.weight,raw,47,0.002735481093993102,0.0027936823937439815,0.0027645817438685417,9,1.5409331339397567,0.9994519292091837,100352
bayesfl_observability_v1,ola_sparse_bayesian_keep010_seed42,30,ola,global,,,layers.0.weight,raw,48,0.0027936823937439815,0.002851883693494861,0.002822783043619421,8,1.3697183412797838,0.9995316485969388,100352
bayesfl_observability_v1,ola_sparse_bayesian_keep010_seed42,30,ola,global,,,layers.0.weight,raw,49,0.002851883693494861,0.00291008499324574,0.0028809843433703006,3,0.5136443779799228,0.9995615433673469,100352
bayesfl_observability_v1,ola_sparse_bayesian_keep010_seed42,30,ola,global,,,layers.0.weight,raw,50,0.00291008499324574,0.0029682862929966193,0.0029391856431211795,5,0.8560739632998648,0.9996113679846939,100352
bayesfl_observability_v1,ola_sparse_bayesian_keep010_seed42,30,ola,global,,,layers.0.weight,raw,51,0.0029682862929966193,0.0030264875927474987,0.002997386942872059,6,1.0272887559598378,0.9996711575255102,100352
bayesfl_observability_v1,ola_sparse_bayesian_keep010_seed42,30,ola,global,,,layers.0.weight,raw,52,0.0030264875927474987,0.003084688892498378,0.0030555882426229384,4,0.6848591706398919,0.9997110172193877,100352
bayesfl_observability_v1,ola_sparse_bayesian_keep010_seed42,30,ola,global,,,layers.0.weight,raw,53,0.003084688892498378,0.0031428901922492575,0.003113789542373818,5,0.8560739632998648,0.9997608418367347,100352
bayesfl_observability_v1,ola_sparse_bayesian_keep010_seed42,30,ola,global,,,layers.0.weight,raw,54,0.0031428901922492575,0.003201091492000137,0.003171990842124697,4,0.6848591706398919,0.9998007015306123,100352
bayesfl_observability_v1,ola_sparse_bayesian_keep010_seed42,30,ola,global,,,layers.0.weight,raw,55,0.003201091492000137,0.003259292791751016,0.003230192141875576,1,0.17121479265997425,0.9998106664540817,100352
bayesfl_observability_v1,ola_sparse_bayesian_keep010_seed42,30,ola,global,,,layers.0.weight,raw,56,0.003259292791751016,0.0033174940915018953,0.0032883934416264556,2,0.34242958531994594,0.9998305963010204,100352
bayesfl_observability_v1,ola_sparse_bayesian_keep010_seed42,30,ola,global,,,layers.0.weight,raw,57,0.0033174940915018953,0.0033756953912527747,0.003346594741377335,0,0.0,0.9998305963010204,100352
bayesfl_observability_v1,ola_sparse_bayesian_keep010_seed42,30,ola,global,,,layers.0.weight,raw,58,0.0033756953912527747,0.003433896691003654,0.0034047960411282144,3,0.5136443779799189,0.9998604910714286,100352
bayesfl_observability_v1,ola_sparse_bayesian_keep010_seed42,30,ola,global,,,layers.0.weight,raw,59,0.003433896691003654,0.0034920979907545335,0.003462997340879094,2,0.34242958531994594,0.9998804209183674,100352
bayesfl_observability_v1,ola_sparse_bayesian_keep010_seed42,30,ola,global,,,layers.0.weight,raw,60,0.0034920979907545335,0.003550299290505413,0.0035211986406299732,4,0.6848591706398919,0.9999202806122449,100352
bayesfl_observability_v1,ola_sparse_bayesian_keep010_seed42,30,ola,global,,,layers.0.weight,raw,61,0.003550299290505413,0.003608500590256292,0.0035793999403808527,1,0.17121479265997425,0.9999302455357143,100352
bayesfl_observability_v1,ola_sparse_bayesian_keep010_seed42,30,ola,global,,,layers.0.weight,raw,62,0.003608500590256292,0.0036667018900071713,0.0036376012401317316,0,0.0,0.9999302455357143,100352
bayesfl_observability_v1,ola_sparse_bayesian_keep010_seed42,30,ola,global,,,layers.0.weight,raw,63,0.0036667018900071713,0.0037249031897580507,0.003695802539882611,2,0.34242958531994594,0.9999501753826531,100352
bayesfl_observability_v1,ola_sparse_bayesian_keep010_seed42,30,ola,global,,,layers.0.weight,raw,64,0.0037249031897580507,0.00378310448950893,0.0037540038396334905,0,0.0,0.9999501753826531,100352
bayesfl_observability_v1,ola_sparse_bayesian_keep010_seed42,30,ola,global,,,layers.0.weight,raw,65,0.00378310448950893,0.0038413057892598096,0.00381220513938437,0,0.0,0.9999501753826531,100352
bayesfl_observability_v1,ola_sparse_bayesian_keep010_seed42,30,ola,global,,,layers.0.weight,raw,66,0.0038413057892598096,0.0038995070890106886,0.003870406439135249,1,0.17121479265997425,0.9999601403061225,100352
bayesfl_observability_v1,ola_sparse_bayesian_keep010_seed42,30,ola,global,,,layers.0.weight,raw,67,0.0038995070890106886,0.003957708388761568,0.003928607738886128,0,0.0,0.9999601403061225,100352
bayesfl_observability_v1,ola_sparse_bayesian_keep010_seed42,30,ola,global,,,layers.0.weight,raw,68,0.003957708388761568,0.004015909688512447,0.003986809038637008,0,0.0,0.9999601403061225,100352
bayesfl_observability_v1,ola_sparse_bayesian_keep010_seed42,30,ola,global,,,layers.0.weight,raw,69,0.004015909688512447,0.004074110988263327,0.004045010338387887,0,0.0,0.9999601403061225,100352
bayesfl_observability_v1,ola_sparse_bayesian_keep010_seed42,30,ola,global,,,layers.0.weight,raw,70,0.004074110988263327,0.004132312288014206,0.0041032116381387665,1,0.17121479265997297,0.9999701052295918,100352
bayesfl_observability_v1,ola_sparse_bayesian_keep010_seed42,30,ola,global,,,layers.0.weight,raw,71,0.004132312288014206,0.004190513587765086,0.004161412937889646,0,0.0,0.9999701052295918,100352
bayesfl_observability_v1,ola_sparse_bayesian_keep010_seed42,30,ola,global,,,layers.0.weight,raw,72,0.004190513587765086,0.004248714887515965,0.004219614237640525,0,0.0,0.9999701052295918,100352
bayesfl_observability_v1,ola_sparse_bayesian_keep010_seed42,30,ola,global,,,layers.0.weight,raw,73,0.004248714887515965,0.0043069161872668444,0.004277815537391405,0,0.0,0.9999701052295918,100352
bayesfl_observability_v1,ola_sparse_bayesian_keep010_seed42,30,ola,global,,,layers.0.weight,raw,74,0.0043069161872668444,0.004365117487017724,0.004336016837142284,0,0.0,0.9999701052295918,100352
bayesfl_observability_v1,ola_sparse_bayesian_keep010_seed42,30,ola,global,,,layers.0.weight,raw,75,0.004365117487017724,0.004423318786768602,0.0043942181368931636,1,0.17121479265997552,0.9999800701530612,100352
bayesfl_observability_v1,ola_sparse_bayesian_keep010_seed42,30,ola,global,,,layers.0.weight,raw,76,0.004423318786768602,0.004481520086519482,0.004452419436644042,1,0.17121479265997297,0.9999900350765306,100352
bayesfl_observability_v1,ola_sparse_bayesian_keep010_seed42,30,ola,global,,,layers.0.weight,raw,77,0.004481520086519482,0.004539721386270361,0.0045106207363949215,0,0.0,0.9999900350765306,100352
bayesfl_observability_v1,ola_sparse_bayesian_keep010_seed42,30,ola,global,,,layers.0.weight,raw,78,0.004539721386270361,0.004597922686021241,0.004568822036145801,0,0.0,0.9999900350765306,100352
bayesfl_observability_v1,ola_sparse_bayesian_keep010_seed42,30,ola,global,,,layers.0.weight,raw,79,0.004597922686021241,0.00465612398577212,0.00462702333589668,1,0.17121479265997297,1.0,100352
bayesfl_observability_v1,ola_sparse_bayesian_keep010_seed42,30,ola,global,,,layers.0.weight,db,0,-153.97649003110982,-152.63477777159196,-153.3056339013509,2,1.4854039528517983e-05,1.992984693877551e-05,100352
bayesfl_observability_v1,ola_sparse_bayesian_keep010_seed42,30,ola,global,,,layers.0.weight,db,1,-152.63477777159196,-151.2930655120741,-151.96392164183302,0,0.0,1.992984693877551e-05,100352
bayesfl_observability_v1,ola_sparse_bayesian_keep010_seed42,30,ola,global,,,layers.0.weight,db,2,-151.2930655120741,-149.95135325255623,-150.62220938231516,1,7.427019764258992e-06,2.9894770408163265e-05,100352
bayesfl_observability_v1,ola_sparse_bayesian_keep010_seed42,30,ola,global,,,layers.0.weight,db,3,-149.95135325255623,-148.60964099303834,-149.28049712279727,0,0.0,2.9894770408163265e-05,100352
bayesfl_observability_v1,ola_sparse_bayesian_keep010_seed42,30,ola,global,,,layers.0.weight,db,4,-148.60964099303834,-147.26792873352048,-147.9387848632794,1,7.427019764258992e-06,3.985969387755102e-05,100352
bayesfl_observability_v1,ola_sparse_bayesian_keep010_seed42,30,ola,global,,,layers.0.weight,db,5,-147.26792873352048,-145.92621647400262,-146.59707260376155,1,7.427019764258992e-06,4.982461734693878e-05,100352
bayesfl_observability_v1,ola_sparse_bayesian_keep010_seed42,30,ola,global,,,layers.0.weight,db,6,-145.92621647400262,-144.58450421448475,-145.25536034424368,1,7.427019764258992e-06,5.978954081632653e-05,100352
bayesfl_observability_v1,ola_sparse_bayesian_keep010_seed42,30,ola,global,,,layers.0.weight,db,7,-144.58450421448475,-143.2427919549669,-143.91364808472582,0,0.0,5.978954081632653e-05,100352
bayesfl_observability_v1,ola_sparse_bayesian_keep010_seed42,30,ola,global,,,layers.0.weight,db,8,-143.2427919549669,-141.90107969544903,-142.57193582520796,0,0.0,5.978954081632653e-05,100352
bayesfl_observability_v1,ola_sparse_bayesian_keep010_seed42,30,ola,global,,,layers.0.weight,db,9,-141.90107969544903,-140.55936743593114,-141.2302235656901,0,0.0,5.978954081632653e-05,100352
bayesfl_observability_v1,ola_sparse_bayesian_keep010_seed42,30,ola,global,,,layers.0.weight,db,10,-140.55936743593114,-139.21765517641327,-139.8885113061722,2,1.4854039528517983e-05,7.971938775510203e-05,100352
bayesfl_observability_v1,ola_sparse_bayesian_keep010_seed42,30,ola,global,,,layers.0.weight,db,11,-139.21765517641327,-137.8759429168954,-138.54679904665434,0,0.0,7.971938775510203e-05,100352
bayesfl_observability_v1,ola_sparse_bayesian_keep010_seed42,30,ola,global,,,layers.0.weight,db,12,-137.8759429168954,-136.53423065737755,-137.20508678713648,2,1.4854039528517983e-05,9.964923469387755e-05,100352
bayesfl_observability_v1,ola_sparse_bayesian_keep010_seed42,30,ola,global,,,layers.0.weight,db,13,-136.53423065737755,-135.1925183978597,-135.86337452761862,2,1.4854039528517983e-05,0.00011957908163265306,100352
bayesfl_observability_v1,ola_sparse_bayesian_keep010_seed42,30,ola,global,,,layers.0.weight,db,14,-135.1925183978597,-133.85080613834182,-134.52166226810075,1,7.427019764258992e-06,0.00012954400510204082,100352
bayesfl_observability_v1,ola_sparse_bayesian_keep010_seed42,30,ola,global,,,layers.0.weight,db,15,-133.85080613834182,-132.50909387882393,-133.17995000858286,1,7.427019764258835e-06,0.00013950892857142856,100352
bayesfl_observability_v1,ola_sparse_bayesian_keep010_seed42,30,ola,global,,,layers.0.weight,db,16,-132.50909387882393,-131.16738161930607,-131.838237749065,5,3.713509882129496e-05,0.00018933354591836734,100352
bayesfl_observability_v1,ola_sparse_bayesian_keep010_seed42,30,ola,global,,,layers.0.weight,db,17,-131.16738161930607,-129.8256693597882,-130.49652548954714,8,5.941615811407193e-05,0.00026905293367346936,100352
bayesfl_observability_v1,ola_sparse_bayesian_keep010_seed42,30,ola,global,,,layers.0.weight,db,18,-129.8256693597882,-128.48395710027035,-129.15481323002928,0,0.0,0.00026905293367346936,100352
bayesfl_observability_v1,ola_sparse_bayesian_keep010_seed42,30,ola,global,,,layers.0.weight,db,19,-128.48395710027035,-127.14224484075248,-127.81310097051141,6,4.456211858555395e-05,0.0003288424744897959,100352
bayesfl_observability_v1,ola_sparse_bayesian_keep010_seed42,30,ola,global,,,layers.0.weight,db,20,-127.14224484075248,-125.80053258123462,-126.47138871099355,9,6.684317787833093e-05,0.0004185267857142857,100352
bayesfl_observability_v1,ola_sparse_bayesian_keep010_seed42,30,ola,global,,,layers.0.weight,db,21,-125.80053258123462,-124.45882032171674,-125.12967645147569,9,6.684317787833023e-05,0.0005082110969387755,100352
bayesfl_observability_v1,ola_sparse_bayesian_keep010_seed42,30,ola,global,,,layers.0.weight,db,22,-124.45882032171674,-123.11710806219888,-123.78796419195781,9,6.684317787833093e-05,0.0005978954081632653,100352
bayesfl_observability_v1,ola_sparse_bayesian_keep010_seed42,30,ola,global,,,layers.0.weight,db,23,-123.11710806219888,-121.775395802681,-122.44625193243994,9,6.684317787833023e-05,0.0006875797193877551,100352
bayesfl_observability_v1,ola_sparse_bayesian_keep010_seed42,30,ola,global,,,layers.0.weight,db,24,-121.775395802681,-120.43368354316314,-121.10453967292207,7,5.198913834981294e-05,0.0007573341836734694,100352
bayesfl_observability_v1,ola_sparse_bayesian_keep010_seed42,30,ola,global,,,layers.0.weight,db,25,-120.43368354316314,-119.09197128364528,-119.76282741340421,9,6.684317787833093e-05,0.0008470184948979591,100352
bayesfl_observability_v1,ola_sparse_bayesian_keep010_seed42,30,ola,global,,,layers.0.weight,db,26,-119.09197128364528,-117.75025902412742,-118.42111515388635,12,8.91242371711079e-05,0.0009665975765306122,100352
bayesfl_observability_v1,ola_sparse_bayesian_keep010_seed42,30,ola,global,,,layers.0.weight,db,27,-117.75025902412742,-116.40854676460954,-117.07940289436849,13,9.655125693536588e-05,0.001096141581632653,100352
bayesfl_observability_v1,ola_sparse_bayesian_keep010_seed42,30,ola,global,,,layers.0.weight,db,28,-116.40854676460954,-115.06683450509168,-115.73769063485061,15,0.00011140529646388488,0.0012456154336734694,100352
bayesfl_observability_v1,ola_sparse_bayesian_keep010_seed42,30,ola,global,,,layers.0.weight,db,29,-115.06683450509168,-113.7251222455738,-114.39597837533273,34,0.00025251867198480306,0.001584422831632653,100352
bayesfl_observability_v1,ola_sparse_bayesian_keep010_seed42,30,ola,global,,,layers.0.weight,db,30,-113.7251222455738,-112.38340998605594,-113.05426611581487,35,0.00025994569174906475,0.0019331951530612245,100352
bayesfl_observability_v1,ola_sparse_bayesian_keep010_seed42,30,ola,global,,,layers.0.weight,db,31,-112.38340998605594,-111.04169772653808,-111.712553856297,37,0.0002747997312775827,0.0023018973214285715,100352
bayesfl_observability_v1,ola_sparse_bayesian_keep010_seed42,30,ola,global,,,layers.0.weight,db,32,-111.04169772653808,-109.69998546702021,-110.37084159677914,31,0.00023023761269202876,0.002610809948979592,100352
bayesfl_observability_v1,ola_sparse_bayesian_keep010_seed42,30,ola,global,,,layers.0.weight,db,33,-109.69998546702021,-108.35827320750235,-109.02912933726128,48,0.0003564969486844316,0.0030891262755102043,100352
bayesfl_observability_v1,ola_sparse_bayesian_keep010_seed42,30,ola,global,,,layers.0.weight,db,34,-108.35827320750235,-107.01656094798447,-107.68741707774342,51,0.0003787780079772046,0.0035973373724489796,100352
bayesfl_observability_v1,ola_sparse_bayesian_keep010_seed42,30,ola,global,,,layers.0.weight,db,35,-107.01656094798447,-105.67484868846661,-106.34570481822554,41,0.00030450781033461866,0.0040058992346938774,100352
bayesfl_observability_v1,ola_sparse_bayesian_keep010_seed42,30,ola,global,,,layers.0.weight,db,36,-105.67484868846661,-104.33313642894873,-105.00399255870767,65,0.00048275628467682935,0.004653619260204082,100352
bayesfl_observability_v1,ola_sparse_bayesian_keep010_seed42,30,ola,global,,,layers.0.weight,db,37,-104.33313642894873,-102.99142416943087,-103.6622802991898,71,0.0005273184032623885,0.005361128826530612,100352
bayesfl_observability_v1,ola_sparse_bayesian_keep010_seed42,30,ola,global,,,layers.0.weight,db,38,-102.99142416943087,-101.64971190991301,-102.32056803967194,92,0.0006832858183118273,0.006277901785714286,100352
bayesfl_observability_v1,ola_sparse_bayesian_keep010_seed42,30,ola,global,,,layers.0.weight,db,39,-101.64971190991301,-100.30799965039515,-100.97885578015408,110,0.0008169721740684891,0.007374043367346939,100352
bayesfl_observability_v1,ola_sparse_bayesian_keep010_seed42,30,ola,global,,,layers.0.weight,db,40,-100.30799965039515,-98.96628739087727,-99.63714352063622,126,0.0009358044902966231,0.008629623724489796,100352
bayesfl_observability_v1,ola_sparse_bayesian_keep010_seed42,30,ola,global,,,layers.0.weight,db,41,-98.96628739087727,-97.6245751313594,-98.29543126111834,149,0.0011066259448745898,0.010114397321428572,100352
bayesfl_observability_v1,ola_sparse_bayesian_keep010_seed42,30,ola,global,,,layers.0.weight,db,42,-97.6245751313594,-96.28286287184153,-96.95371900160046,177,0.0013145824982738277,0.011878188775510204,100352
bayesfl_observability_v1,ola_sparse_bayesian_keep010_seed42,30,ola,global,,,layers.0.weight,db,43,-96.28286287184153,-94.94115061232367,-95.6120067420826,215,0.0015968092493156834,0.014020647321428572,100352
bayesfl_observability_v1,ola_sparse_bayesian_keep010_seed42,30,ola,global,,,layers.0.weight,db,44,-94.94115061232367,-93.5994383528058,-94.27029448256474,210,0.0015596741504943883,0.01611328125,100352
bayesfl_observability_v1,ola_sparse_bayesian_keep010_seed42,30,ola,global,,,layers.0.weight,db,45,-93.5994383528058,-92.25772609328794,-92.92858222304687,269,0.001997868316585669,0.018793845663265307,100352
bayesfl_observability_v1,ola_sparse_bayesian_keep010_seed42,30,ola,global,,,layers.0.weight,db,46,-92.25772609328794,-90.91601383377008,-91.58686996352901,326,0.0024212084431484314,0.022042410714285716,100352
bayesfl_observability_v1,ola_sparse_bayesian_keep010_seed42,30,ola,global,,,layers.0.weight,db,47,-90.91601383377008,-89.5743015742522,-90.24515770401115,377,0.0027999864511256104,0.0257991868622449,100352
bayesfl_observability_v1,ola_sparse_bayesian_keep010_seed42,30,ola,global,,,layers.0.weight,db,48,-89.5743015742522,-88.23258931473434,-88.90344544449327,434,0.0032233265776884026,0.030123963647959183,100352
bayesfl_observability_v1,ola_sparse_bayesian_keep010_seed42,30,ola,global,,,layers.0.weight,db,49,-88.23258931473434,-86.89087705521646,-87.5617331849754,484,0.003594677565901314,0.034946986607142856,100352
bayesfl_observability_v1,ola_sparse_bayesian_keep010_seed42,30,ola,global,,,layers.0.weight,db,50,-86.89087705521646,-85.5491647956986,-86.22002092545753,551,0.0040922878901067045,0.04043765943877551,100352
bayesfl_observability_v1,ola_sparse_bayesian_keep010_seed42,30,ola,global,,,layers.0.weight,db,51,-85.5491647956986,-84.20745253618074,-84.87830866593967,618,0.004589898214312057,0.046595982142857144,100352
bayesfl_observability_v1,ola_sparse_bayesian_keep010_seed42,30,ola,global,,,layers.0.weight,db,52,-84.20745253618074,-82.86574027666286,-83.53659640642181,784,0.005822783495178988,0.054408482142857144,100352
bayesfl_observability_v1,ola_sparse_bayesian_keep010_seed42,30,ola,global,,,layers.0.weight,db,53,-82.86574027666286,-81.524028017145,-82.19488414690393,937,0.006959117519110675,0.06374561543367346,100352
bayesfl_observability_v1,ola_sparse_bayesian_keep010_seed42,30,ola,global,,,layers.0.weight,db,54,-81.524028017145,-80.18231575762714,-80.85317188738607,1112,0.008258845977855998,0.07482661033163265,100352
bayesfl_observability_v1,ola_sparse_bayesian_keep010_seed42,30,ola,global,,,layers.0.weight,db,55,-80.18231575762714,-78.84060349810926,-79.51145962786819,1230,0.009135234310038463,0.0870834661989796,100352
bayesfl_observability_v1,ola_sparse_bayesian_keep010_seed42,30,ola,global,,,layers.0.weight,db,56,-78.84060349810926,-77.4988912385914,-78.16974736835033,1414,0.010501805946662215,0.10117386798469388,100352
bayesfl_observability_v1,ola_sparse_bayesian_keep010_seed42,30,ola,global,,,layers.0.weight,db,57,-77.4988912385914,-76.15717897907354,-76.82803510883247,1653,0.012276863670320114,0.11764588647959184,100352
bayesfl_observability_v1,ola_sparse_bayesian_keep010_seed42,30,ola,global,,,layers.0.weight,db,58,-76.15717897907354,-74.81546671955567,-75.4863228493146,2001,0.014861466548282243,0.13758569834183673,100352
bayesfl_observability_v1,ola_sparse_bayesian_keep010_seed42,30,ola,global,,,layers.0.weight,db,59,-74.81546671955567,-73.4737544600378,-74.14461058979674,2312,0.017171269694966608,0.16062460140306123,100352
bayesfl_observability_v1,ola_sparse_bayesian_keep010_seed42,30,ola,global,,,layers.0.weight,db,60,-73.4737544600378,-72.13204220051993,-72.80289833027886,2743,0.020372315213362416,0.18795838647959184,100352
bayesfl_observability_v1,ola_sparse_bayesian_keep010_seed42,30,ola,global,,,layers.0.weight,db,61,-72.13204220051993,-70.79032994100207,-71.461186070761,3107,0.02307575040755269,0.21891940369897958,100352
bayesfl_observability_v1,ola_sparse_bayesian_keep010_seed42,30,ola,global,,,layers.0.weight,db,62,-70.79032994100207,-69.4486176814842,-70.11947381124313,3652,0.02712347617907355,0.2553113042091837,100352
bayesfl_observability_v1,ola_sparse_bayesian_keep010_seed42,30,ola,global,,,layers.0.weight,db,63,-69.4486176814842,-68.10690542196633,-68.77776155172526,4423,0.03284970841731752,0.2993861607142857,100352
bayesfl_observability_v1,ola_sparse_bayesian_keep010_seed42,30,ola,global,,,layers.0.weight,db,64,-68.10690542196633,-66.76519316244847,-67.4360492922074,5106,0.037922362916306414,0.3502670599489796,100352
bayesfl_observability_v1,ola_sparse_bayesian_keep010_seed42,30,ola,global,,,layers.0.weight,db,65,-66.76519316244847,-65.42348090293059,-66.09433703268954,5911,0.04390111382653444,0.4091697225765306,100352
bayesfl_observability_v1,ola_sparse_bayesian_keep010_seed42,30,ola,global,,,layers.0.weight,db,66,-65.42348090293059,-64.08176864341273,-64.75262477317166,6867,0.0510013447211665,0.4775988520408163,100352
bayesfl_observability_v1,ola_sparse_bayesian_keep010_seed42,30,ola,global,,,layers.0.weight,db,67,-64.08176864341273,-62.74005638389487,-63.4109125136538,7939,0.05896310990845214,0.5567103794642857,100352
bayesfl_observability_v1,ola_sparse_bayesian_keep010_seed42,30,ola,global,,,layers.0.weight,db,68,-62.74005638389487,-61.39834412437699,-62.06920025413593,9239,0.0686182356019881,0.6487763073979592,100352
bayesfl_observability_v1,ola_sparse_bayesian_keep010_seed42,30,ola,global,,,layers.0.weight,db,69,-61.39834412437699,-60.05663186485913,-60.72748799461806,10806,0.08025637557258267,0.7564572704081632,100352
bayesfl_observability_v1,ola_sparse_bayesian_keep010_seed42,30,ola,global,,,layers.0.weight,db,70,-60.05663186485913,-58.714919605341265,-59.3857757351002,10478,0.07782031308990572,0.8608697385204082,100352
bayesfl_observability_v1,ola_sparse_bayesian_keep010_seed42,30,ola,global,,,layers.0.weight,db,71,-58.714919605341265,-57.3732073458234,-58.044063475582334,6132,0.04554248519443614,0.9219746492346939,100352
bayesfl_observability_v1,ola_sparse_bayesian_keep010_seed42,30,ola,global,,,layers.0.weight,db,72,-57.3732073458234,-56.031495086305526,-56.702351216064464,3787,0.028126123847248503,0.9597118144132653,100352
bayesfl_observability_v1,ola_sparse_bayesian_keep010_seed42,30,ola,global,,,layers.0.weight,db,73,-56.031495086305526,-54.68978282678766,-55.360638956546595,2336,0.017349518169309006,0.9829898756377551,100352
bayesfl_observability_v1,ola_sparse_bayesian_keep010_seed42,30,ola,global,,,layers.0.weight,db,74,-54.68978282678766,-53.3480705672698,-54.01892669702873,1129,0.008385105313848402,0.9942402742346939,100352
bayesfl_observability_v1,ola_sparse_bayesian_keep010_seed42,30,ola,global,,,layers.0.weight,db,75,-53.3480705672698,-52.006358307751924,-52.67721443751086,422,0.0031342023405172615,0.9984454719387755,100352
bayesfl_observability_v1,ola_sparse_bayesian_keep010_seed42,30,ola,global,,,layers.0.weight,db,76,-52.006358307751924,-50.66464604823406,-51.33550217799299,114,0.0008466802531255251,0.9995814732142857,100352
bayesfl_observability_v1,ola_sparse_bayesian_keep010_seed42,30,ola,global,,,layers.0.weight,db,77,-50.66464604823406,-49.3229337887162,-49.99378991847513,28,0.00020795655339925177,0.9998604910714286,100352
bayesfl_observability_v1,ola_sparse_bayesian_keep010_seed42,30,ola,global,,,layers.0.weight,db,78,-49.3229337887162,-47.98122152919832,-48.65207765895726,10,7.427019764258914e-05,0.9999601403061225,100352
bayesfl_observability_v1,ola_sparse_bayesian_keep010_seed42,30,ola,global,,,layers.0.weight,db,79,-47.98122152919832,-46.63950926968046,-47.31036539943939,4,2.9708079057035967e-05,1.0,100352
bayesfl_observability_v1,ola_sparse_bayesian_keep010_seed42,30,ola,global,,,layers.0.bias,raw,0,5.763440911241305e-06,3.901126328589884e-05,2.238735209857007e-05,4,939.9111811851976,0.03125,128
bayesfl_observability_v1,ola_sparse_bayesian_keep010_seed42,30,ola,global,,,layers.0.bias,raw,1,3.901126328589884e-05,7.225908566055637e-05,5.5635174473227605e-05,2,469.9555905925988,0.046875,128
bayesfl_observability_v1,ola_sparse_bayesian_keep010_seed42,30,ola,global,,,layers.0.bias,raw,2,7.225908566055637e-05,0.0001055069080352139,8.888299684788514e-05,4,939.9111811851974,0.078125,128
bayesfl_observability_v1,ola_sparse_bayesian_keep010_seed42,30,ola,global,,,layers.0.bias,raw,3,0.0001055069080352139,0.0001387547304098714,0.00012213081922254267,6,1409.8667717777973,0.125,128
bayesfl_observability_v1,ola_sparse_bayesian_keep010_seed42,30,ola,global,,,layers.0.bias,raw,4,0.0001387547304098714,0.00017200255278452894,0.0001553786415972002,3,704.9333858888983,0.1484375,128
bayesfl_observability_v1,ola_sparse_bayesian_keep010_seed42,30,ola,global,,,layers.0.bias,raw,5,0.00017200255278452894,0.0002052503751591865,0.0001886264639718577,6,1409.8667717777955,0.1953125,128
bayesfl_observability_v1,ola_sparse_bayesian_keep010_seed42,30,ola,global,,,layers.0.bias,raw,6,0.0002052503751591865,0.000238498197533844,0.00022187428634651524,1,234.97779529629943,0.203125,128
bayesfl_observability_v1,ola_sparse_bayesian_keep010_seed42,30,ola,global,,,layers.0.bias,raw,7,0.000238498197533844,0.00027174601990850156,0.0002551221087211728,2,469.9555905925985,0.21875,128
bayesfl_observability_v1,ola_sparse_bayesian_keep010_seed42,30,ola,global,,,layers.0.bias,raw,8,0.00027174601990850156,0.0003049938422831591,0.00028836993109583034,3,704.9333858888978,0.2421875,128
bayesfl_observability_v1,ola_sparse_bayesian_keep010_seed42,30,ola,global,,,layers.0.bias,raw,9,0.0003049938422831591,0.0003382416646578166,0.0003216177534704879,2,469.95559059259926,0.2578125,128
bayesfl_observability_v1,ola_sparse_bayesian_keep010_seed42,30,ola,global,,,layers.0.bias,raw,10,0.0003382416646578166,0.00037148948703247416,0.0003548655758451454,3,704.9333858888978,0.28125,128
bayesfl_observability_v1,ola_sparse_bayesian_keep010_seed42,30,ola,global,,,layers.0.bias,raw,11,0.00037148948703247416,0.0004047373094071317,0.00038811339821980293,7,1644.8445670740948,0.3359375,128
bayesfl_observability_v1,ola_sparse_bayesian_keep010_seed42,30,ola,global,,,layers.0.bias,raw,12,0.0004047373094071317,0.0004379851317817892,0.00042136122059446043,7,1644.8445670740975,0.390625,128
bayesfl_observability_v1,ola_sparse_bayesian_keep010_seed42,30,ola,global,,,layers.0.bias,raw,13,0.0004379851317817892,0.00047123295415644676,0.000454609042969118,5,1174.8889764814962,0.4296875,128
bayesfl_observability_v1,ola_sparse_bayesian_keep010_seed42,30,ola,global,,,layers.0.bias,raw,14,0.00047123295415644676,0.0005044807765311043,0.00048785686534377553,1,234.97779529629963,0.4375,128
bayesfl_observability_v1,ola_sparse_bayesian_keep010_seed42,30,ola,global,,,layers.0.bias,raw,15,0.0005044807765311043,0.0005377285989057618,0.0005211046877184331,3,704.9333858888978,0.4609375,128
bayesfl_observability_v1,ola_sparse_bayesian_keep010_seed42,30,ola,global,,,layers.0.bias,raw,16,0.0005377285989057618,0.0005709764212804194,0.0005543525100930905,1,234.97779529629926,0.46875,128
bayesfl_observability_v1,ola_sparse_bayesian_keep010_seed42,30,ola,global,,,layers.0.bias,raw,17,0.0005709764212804194,0.0006042242436550769,0.0005876003324677482,3,704.9333858888978,0.4921875,128
bayesfl_observability_v1,ola_sparse_bayesian_keep010_seed42,30,ola,global,,,layers.0.bias,raw,18,0.0006042242436550769,0.0006374720660297343,0.0006208481548424056,2,469.95559059260006,0.5078125,128
bayesfl_observability_v1,ola_sparse_bayesian_keep010_seed42,30,ola,global,,,layers.0.bias,raw,19,0.0006374720660297343,0.0006707198884043919,0.0006540959772170631,0,0.0,0.5078125,128
bayesfl_observability_v1,ola_sparse_bayesian_keep010_seed42,30,ola,global,,,layers.0.bias,raw,20,0.0006707198884043919,0.0007039677107790494,0.0006873437995917207,4,939.911181185197,0.5390625,128
bayesfl_observability_v1,ola_sparse_bayesian_keep010_seed42,30,ola,global,,,layers.0.bias,raw,21,0.0007039677107790494,0.000737215533153707,0.0007205916219663782,3,704.9333858888978,0.5625,128
bayesfl_observability_v1,ola_sparse_bayesian_keep010_seed42,30,ola,global,,,layers.0.bias,raw,22,0.000737215533153707,0.0007704633555283645,0.0007538394443410358,2,469.9555905925985,0.578125,128
bayesfl_observability_v1,ola_sparse_bayesian_keep010_seed42,30,ola,global,,,layers.0.bias,raw,23,0.0007704633555283645,0.0008037111779030221,0.0007870872667156933,4,939.911181185197,0.609375,128
bayesfl_observability_v1,ola_sparse_bayesian_keep010_seed42,30,ola,global,,,layers.0.bias,raw,24,0.0008037111779030221,0.0008369590002776795,0.0008203350890903508,3,704.9333858889,0.6328125,128
bayesfl_observability_v1,ola_sparse_bayesian_keep010_seed42,30,ola,global,,,layers.0.bias,raw,25,0.0008369590002776795,0.0008702068226523371,0.0008535829114650084,1,234.97779529629926,0.640625,128
bayesfl_observability_v1,ola_sparse_bayesian_keep010_seed42,30,ola,global,,,layers.0.bias,raw,26,0.0008702068226523371,0.0009034546450269946,0.0008868307338396658,2,469.9555905925985,0.65625,128
bayesfl_observability_v1,ola_sparse_bayesian_keep010_seed42,30,ola,global,,,layers.0.bias,raw,27,0.0009034546450269946,0.0009367024674016522,0.0009200785562143235,1,234.97779529629926,0.6640625,128
bayesfl_observability_v1,ola_sparse_bayesian_keep010_seed42,30,ola,global,,,layers.0.bias,raw,28,0.0009367024674016522,0.0009699502897763097,0.0009533263785889809,2,469.9555905925985,0.6796875,128
bayesfl_observability_v1,ola_sparse_bayesian_keep010_seed42,30,ola,global,,,layers.0.bias,raw,29,0.0009699502897763097,0.0010031981121509672,0.0009865742009636386,5,1174.8889764815,0.71875,128
bayesfl_observability_v1,ola_sparse_bayesian_keep010_seed42,30,ola,global,,,layers.0.bias,raw,30,0.0010031981121509672,0.0010364459345256248,0.001019822023338296,6,1409.866771777791,0.765625,128
bayesfl_observability_v1,ola_sparse_bayesian_keep010_seed42,30,ola,global,,,layers.0.bias,raw,31,0.0010364459345256248,0.0010696937569002823,0.0010530698457129535,0,0.0,0.765625,128
bayesfl_observability_v1,ola_sparse_bayesian_keep010_seed42,30,ola,global,,,layers.0.bias,raw,32,0.0010696937569002823,0.0011029415792749397,0.0010863176680876111,4,939.9111811852001,0.796875,128
bayesfl_observability_v1,ola_sparse_bayesian_keep010_seed42,30,ola,global,,,layers.0.bias,raw,33,0.0011029415792749397,0.0011361894016495974,0.0011195654904622686,0,0.0,0.796875,128
bayesfl_observability_v1,ola_sparse_bayesian_keep010_seed42,30,ola,global,,,layers.0.bias,raw,34,0.0011361894016495974,0.0011694372240242548,0.001152813312836926,2,469.95559059260006,0.8125,128
bayesfl_observability_v1,ola_sparse_bayesian_keep010_seed42,30,ola,global,,,layers.0.bias,raw,35,0.0011694372240242548,0.0012026850463989125,0.0011860611352115837,2,469.955590592597,0.828125,128
bayesfl_observability_v1,ola_sparse_bayesian_keep010_seed42,30,ola,global,,,layers.0.bias,raw,36,0.0012026850463989125,0.00123593286877357,0.0012193089575862413,3,704.9333858889,0.8515625,128
bayesfl_observability_v1,ola_sparse_bayesian_keep010_seed42,30,ola,global,,,layers.0.bias,raw,37,0.00123593286877357,0.0012691806911482274,0.0012525567799608985,0,0.0,0.8515625,128
bayesfl_observability_v1,ola_sparse_bayesian_keep010_seed42,30,ola,global,,,layers.0.bias,raw,38,0.0012691806911482274,0.001302428513522885,0.0012858046023355562,3,704.9333858888955,0.875,128
bayesfl_observability_v1,ola_sparse_bayesian_keep010_seed42,30,ola,global,,,layers.0.bias,raw,39,0.001302428513522885,0.0013356763358975425,0.0013190524247102139,0,0.0,0.875,128
bayesfl_observability_v1,ola_sparse_bayesian_keep010_seed42,30,ola,global,,,layers.0.bias,raw,40,0.0013356763358975425,0.0013689241582722001,0.0013523002470848713,0,0.0,0.875,128
bayesfl_observability_v1,ola_sparse_bayesian_keep010_seed42,30,ola,global,,,layers.0.bias,raw,41,0.0013689241582722001,0.0014021719806468576,0.0013855480694595287,1,234.97779529630003,0.8828125,128
bayesfl_observability_v1,ola_sparse_bayesian_keep010_seed42,30,ola,global,,,layers.0.bias,raw,42,0.0014021719806468576,0.001435419803021515,0.0014187958918341864,1,234.97779529630003,0.890625,128
bayesfl_observability_v1,ola_sparse_bayesian_keep010_seed42,30,ola,global,,,layers.0.bias,raw,43,0.001435419803021515,0.0014686676253961727,0.0014520437142088438,1,234.9777952962985,0.8984375,128
bayesfl_observability_v1,ola_sparse_bayesian_keep010_seed42,30,ola,global,,,layers.0.bias,raw,44,0.0014686676253961727,0.0015019154477708301,0.0014852915365835013,2,469.95559059260006,0.9140625,128
bayesfl_observability_v1,ola_sparse_bayesian_keep010_seed42,30,ola,global,,,layers.0.bias,raw,45,0.0015019154477708301,0.0015351632701454878,0.001518539358958159,5,1174.8889764814924,0.953125,128
bayesfl_observability_v1,ola_sparse_bayesian_keep010_seed42,30,ola,global,,,layers.0.bias,raw,46,0.0015351632701454878,0.0015684110925201452,0.0015517871813328166,1,234.97779529630003,0.9609375,128
bayesfl_observability_v1,ola_sparse_bayesian_keep010_seed42,30,ola,global,,,layers.0.bias,raw,47,0.0015684110925201452,0.0016016589148948029,0.001585035003707474,0,0.0,0.9609375,128
bayesfl_observability_v1,ola_sparse_bayesian_keep010_seed42,30,ola,global,,,layers.0.bias,raw,48,0.0016016589148948029,0.0016349067372694603,0.0016182828260821315,0,0.0,0.9609375,128
bayesfl_observability_v1,ola_sparse_bayesian_keep010_seed42,30,ola,global,,,layers.0.bias,raw,49,0.0016349067372694603,0.0016681545596441178,0.0016515306484567891,1,234.97779529630003,0.96875,128
bayesfl_observability_v1,ola_sparse_bayesian_keep010_seed42,30,ola,global,,,layers.0.bias,raw,50,0.0016681545596441178,0.0017014023820187754,0.0016847784708314466,0,0.0,0.96875,128
bayesfl_observability_v1,ola_sparse_bayesian_keep010_seed42,30,ola,global,,,layers.0.bias,raw,51,0.0017014023820187754,0.0017346502043934329,0.001718026293206104,1,234.97779529630003,0.9765625,128
bayesfl_observability_v1,ola_sparse_bayesian_keep010_seed42,30,ola,global,,,layers.0.bias,raw,52,0.0017346502043934329,0.0017678980267680905,0.0017512741155807617,1,234.9777952962985,0.984375,128
bayesfl_observability_v1,ola_sparse_bayesian_keep010_seed42,30,ola,global,,,layers.0.bias,raw,53,0.0017678980267680905,0.001801145849142748,0.0017845219379554193,1,234.97779529630003,0.9921875,128
bayesfl_observability_v1,ola_sparse_bayesian_keep010_seed42,30,ola,global,,,layers.0.bias,raw,54,0.001801145849142748,0.0018343936715174054,0.0018177697603300766,0,0.0,0.9921875,128
bayesfl_observability_v1,ola_sparse_bayesian_keep010_seed42,30,ola,global,,,layers.0.bias,raw,55,0.0018343936715174054,0.001867641493892063,0.0018510175827047342,0,0.0,0.9921875,128
bayesfl_observability_v1,ola_sparse_bayesian_keep010_seed42,30,ola,global,,,layers.0.bias,raw,56,0.001867641493892063,0.0019008893162667205,0.0018842654050793919,0,0.0,0.9921875,128
bayesfl_observability_v1,ola_sparse_bayesian_keep010_seed42,30,ola,global,,,layers.0.bias,raw,57,0.0019008893162667205,0.0019341371386413782,0.0019175132274540493,0,0.0,0.9921875,128
bayesfl_observability_v1,ola_sparse_bayesian_keep010_seed42,30,ola,global,,,layers.0.bias,raw,58,0.0019341371386413782,0.0019673849610160354,0.0019507610498287068,0,0.0,0.9921875,128
bayesfl_observability_v1,ola_sparse_bayesian_keep010_seed42,30,ola,global,,,layers.0.bias,raw,59,0.0019673849610160354,0.002000632783390693,0.001984008872203364,0,0.0,0.9921875,128
bayesfl_observability_v1,ola_sparse_bayesian_keep010_seed42,30,ola,global,,,layers.0.bias,raw,60,0.002000632783390693,0.0020338806057653507,0.002017256694578022,0,0.0,0.9921875,128
bayesfl_observability_v1,ola_sparse_bayesian_keep010_seed42,30,ola,global,,,layers.0.bias,raw,61,0.0020338806057653507,0.0020671284281400084,0.0020505045169526793,0,0.0,0.9921875,128
bayesfl_observability_v1,ola_sparse_bayesian_keep010_seed42,30,ola,global,,,layers.0.bias,raw,62,0.0020671284281400084,0.0021003762505146656,0.002083752339327337,0,0.0,0.9921875,128
bayesfl_observability_v1,ola_sparse_bayesian_keep010_seed42,30,ola,global,,,layers.0.bias,raw,63,0.0021003762505146656,0.0021336240728893232,0.0021170001617019946,0,0.0,0.9921875,128
bayesfl_observability_v1,ola_sparse_bayesian_keep010_seed42,30,ola,global,,,layers.0.bias,raw,64,0.0021336240728893232,0.002166871895263981,0.002150247984076652,0,0.0,0.9921875,128
bayesfl_observability_v1,ola_sparse_bayesian_keep010_seed42,30,ola,global,,,layers.0.bias,raw,65,0.002166871895263981,0.002200119717638638,0.0021834958064513095,0,0.0,0.9921875,128
bayesfl_observability_v1,ola_sparse_bayesian_keep010_seed42,30,ola,global,,,layers.0.bias,raw,66,0.002200119717638638,0.002233367540013296,0.002216743628825967,0,0.0,0.9921875,128
bayesfl_observability_v1,ola_sparse_bayesian_keep010_seed42,30,ola,global,,,layers.0.bias,raw,67,0.002233367540013296,0.0022666153623879534,0.0022499914512006244,0,0.0,0.9921875,128
bayesfl_observability_v1,ola_sparse_bayesian_keep010_seed42,30,ola,global,,,layers.0.bias,raw,68,0.0022666153623879534,0.002299863184762611,0.0022832392735752825,0,0.0,0.9921875,128
bayesfl_observability_v1,ola_sparse_bayesian_keep010_seed42,30,ola,global,,,layers.0.bias,raw,69,0.002299863184762611,0.0023331110071372683,0.0023164870959499397,0,0.0,0.9921875,128
bayesfl_observability_v1,ola_sparse_bayesian_keep010_seed42,30,ola,global,,,layers.0.bias,raw,70,0.0023331110071372683,0.002366358829511926,0.002349734918324597,0,0.0,0.9921875,128
bayesfl_observability_v1,ola_sparse_bayesian_keep010_seed42,30,ola,global,,,layers.0.bias,raw,71,0.002366358829511926,0.0023996066518865837,0.002382982740699255,0,0.0,0.9921875,128
bayesfl_observability_v1,ola_sparse_bayesian_keep010_seed42,30,ola,global,,,layers.0.bias,raw,72,0.0023996066518865837,0.002432854474261241,0.0024162305630739123,0,0.0,0.9921875,128
bayesfl_observability_v1,ola_sparse_bayesian_keep010_seed42,30,ola,global,,,layers.0.bias,raw,73,0.002432854474261241,0.0024661022966358985,0.0024494783854485695,0,0.0,0.9921875,128
bayesfl_observability_v1,ola_sparse_bayesian_keep010_seed42,30,ola,global,,,layers.0.bias,raw,74,0.0024661022966358985,0.002499350119010556,0.0024827262078232276,0,0.0,0.9921875,128
bayesfl_observability_v1,ola_sparse_bayesian_keep010_seed42,30,ola,global,,,layers.0.bias,raw,75,0.002499350119010556,0.0025325979413852134,0.002515974030197885,0,0.0,0.9921875,128
bayesfl_observability_v1,ola_sparse_bayesian_keep010_seed42,30,ola,global,,,layers.0.bias,raw,76,0.0025325979413852134,0.002565845763759871,0.002549221852572542,0,0.0,0.9921875,128
bayesfl_observability_v1,ola_sparse_bayesian_keep010_seed42,30,ola,global,,,layers.0.bias,raw,77,0.002565845763759871,0.0025990935861345287,0.0025824696749472,0,0.0,0.9921875,128
bayesfl_observability_v1,ola_sparse_bayesian_keep010_seed42,30,ola,global,,,layers.0.bias,raw,78,0.0025990935861345287,0.0026323414085091864,0.0026157174973218573,0,0.0,0.9921875,128
bayesfl_observability_v1,ola_sparse_bayesian_keep010_seed42,30,ola,global,,,layers.0.bias,raw,79,0.0026323414085091864,0.0026655892308838436,0.002648965319696515,1,234.97779529630157,1.0,128
bayesfl_observability_v1,ola_sparse_bayesian_keep010_seed42,30,ola,global,,,layers.0.bias,db,0,-104.78636159325681,-104.12008376701077,-104.45322268013379,1,0.01172558907448164,0.0078125,128
bayesfl_observability_v1,ola_sparse_bayesian_keep010_seed42,30,ola,global,,,layers.0.bias,db,1,-104.12008376701077,-103.45380594076471,-103.78694485388775,0,0.0,0.0078125,128
bayesfl_observability_v1,ola_sparse_bayesian_keep010_seed42,30,ola,global,,,layers.0.bias,db,2,-103.45380594076471,-102.78752811451866,-103.12066702764169,0,0.0,0.0078125,128
bayesfl_observability_v1,ola_sparse_bayesian_keep010_seed42,30,ola,global,,,layers.0.bias,db,3,-102.78752811451866,-102.12125028827262,-102.45438920139564,0,0.0,0.0078125,128
bayesfl_observability_v1,ola_sparse_bayesian_keep010_seed42,30,ola,global,,,layers.0.bias,db,4,-102.12125028827262,-101.45497246202657,-101.7881113751496,1,0.01172558907448164,0.015625,128
bayesfl_observability_v1,ola_sparse_bayesian_keep010_seed42,30,ola,global,,,layers.0.bias,db,5,-101.45497246202657,-100.78869463578052,-101.12183354890354,0,0.0,0.015625,128
bayesfl_observability_v1,ola_sparse_bayesian_keep010_seed42,30,ola,global,,,layers.0.bias,db,6,-100.78869463578052,-100.12241680953447,-100.4555557226575,1,0.01172558907448164,0.0234375,128
bayesfl_observability_v1,ola_sparse_bayesian_keep010_seed42,30,ola,global,,,layers.0.bias,db,7,-100.12241680953447,-99.45613898328843,-99.78927789641145,0,0.0,0.0234375,128
bayesfl_observability_v1,ola_sparse_bayesian_keep010_seed42,30,ola,global,,,layers.0.bias,db,8,-99.45613898328843,-98.78986115704238,-99.1230000701654,0,0.0,0.0234375,128
bayesfl_observability_v1,ola_sparse_bayesian_keep010_seed42,30,ola,global,,,layers.0.bias,db,9,-98.78986115704238,-98.12358333079632,-98.45672224391936,0,0.0,0.0234375,128
bayesfl_observability_v1,ola_sparse_bayesian_keep010_seed42,30,ola,global,,,layers.0.bias,db,10,-98.12358333079632,-97.45730550455028,-97.7904444176733,0,0.0,0.0234375,128
bayesfl_observability_v1,ola_sparse_bayesian_keep010_seed42,30,ola,global,,,layers.0.bias,db,11,-97.45730550455028,-96.79102767830423,-97.12416659142725,0,0.0,0.0234375,128
bayesfl_observability_v1,ola_sparse_bayesian_keep010_seed42,30,ola,global,,,layers.0.bias,db,12,-96.79102767830423,-96.12474985205819,-96.45788876518121,0,0.0,0.0234375,128
bayesfl_observability_v1,ola_sparse_bayesian_keep010_seed42,30,ola,global,,,layers.0.bias,db,13,-96.12474985205819,-95.45847202581213,-95.79161093893515,0,0.0,0.0234375,128
bayesfl_observability_v1,ola_sparse_bayesian_keep010_seed42,30,ola,global,,,layers.0.bias,db,14,-95.45847202581213,-94.79219419956608,-95.1253331126891,0,0.0,0.0234375,128
bayesfl_observability_v1,ola_sparse_bayesian_keep010_seed42,30,ola,global,,,layers.0.bias,db,15,-94.79219419956608,-94.12591637332004,-94.45905528644306,0,0.0,0.0234375,128
bayesfl_observability_v1,ola_sparse_bayesian_keep010_seed42,30,ola,global,,,layers.0.bias,db,16,-94.12591637332004,-93.45963854707398,-93.79277746019702,0,0.0,0.0234375,128
bayesfl_observability_v1,ola_sparse_bayesian_keep010_seed42,30,ola,global,,,layers.0.bias,db,17,-93.45963854707398,-92.79336072082793,-93.12649963395096,0,0.0,0.0234375,128
bayesfl_observability_v1,ola_sparse_bayesian_keep010_seed42,30,ola,global,,,layers.0.bias,db,18,-92.79336072082793,-92.12708289458189,-92.46022180770491,0,0.0,0.0234375,128
bayesfl_observability_v1,ola_sparse_bayesian_keep010_seed42,30,ola,global,,,layers.0.bias,db,19,-92.12708289458189,-91.46080506833584,-91.79394398145887,0,0.0,0.0234375,128
bayesfl_observability_v1,ola_sparse_bayesian_keep010_seed42,30,ola,global,,,layers.0.bias,db,20,-91.46080506833584,-90.79452724208979,-91.12766615521281,0,0.0,0.0234375,128
bayesfl_observability_v1,ola_sparse_bayesian_keep010_seed42,30,ola,global,,,layers.0.bias,db,21,-90.79452724208979,-90.12824941584374,-90.46138832896676,1,0.01172558907448164,0.03125,128
bayesfl_observability_v1,ola_sparse_bayesian_keep010_seed42,30,ola,global,,,layers.0.bias,db,22,-90.12824941584374,-89.4619715895977,-89.79511050272072,0,0.0,0.03125,128
bayesfl_observability_v1,ola_sparse_bayesian_keep010_seed42,30,ola,global,,,layers.0.bias,db,23,-89.4619715895977,-88.79569376335165,-89.12883267647467,0,0.0,0.03125,128
bayesfl_observability_v1,ola_sparse_bayesian_keep010_seed42,30,ola,global,,,layers.0.bias,db,24,-88.79569376335165,-88.12941593710559,-88.46255485022863,0,0.0,0.03125,128
bayesfl_observability_v1,ola_sparse_bayesian_keep010_seed42,30,ola,global,,,layers.0.bias,db,25,-88.12941593710559,-87.46313811085955,-87.79627702398257,0,0.0,0.03125,128
bayesfl_observability_v1,ola_sparse_bayesian_keep010_seed42,30,ola,global,,,layers.0.bias,db,26,-87.46313811085955,-86.7968602846135,-87.12999919773652,0,0.0,0.03125,128
bayesfl_observability_v1,ola_sparse_bayesian_keep010_seed42,30,ola,global,,,layers.0.bias,db,27,-86.7968602846135,-86.13058245836746,-86.46372137149048,1,0.01172558907448164,0.0390625,128
bayesfl_observability_v1,ola_sparse_bayesian_keep010_seed42,30,ola,global,,,layers.0.bias,db,28,-86.13058245836746,-85.4643046321214,-85.79744354524442,0,0.0,0.0390625,128
bayesfl_observability_v1,ola_sparse_bayesian_keep010_seed42,30,ola,global,,,layers.0.bias,db,29,-85.4643046321214,-84.79802680587535,-85.13116571899837,0,0.0,0.0390625,128
bayesfl_observability_v1,ola_sparse_bayesian_keep010_seed42,30,ola,global,,,layers.0.bias,db,30,-84.79802680587535,-84.13174897962931,-84.46488789275233,0,0.0,0.0390625,128
bayesfl_observability_v1,ola_sparse_bayesian_keep010_seed42,30,ola,global,,,layers.0.bias,db,31,-84.13174897962931,-83.46547115338325,-83.79861006650628,0,0.0,0.0390625,128
bayesfl_observability_v1,ola_sparse_bayesian_keep010_seed42,30,ola,global,,,layers.0.bias,db,32,-83.46547115338325,-82.7991933271372,-83.13233224026023,1,0.01172558907448164,0.046875,128
bayesfl_observability_v1,ola_sparse_bayesian_keep010_seed42,30,ola,global,,,layers.0.bias,db,33,-82.7991933271372,-82.13291550089116,-82.46605441401418,2,0.02345117814896328,0.0625,128
bayesfl_observability_v1,ola_sparse_bayesian_keep010_seed42,30,ola,global,,,layers.0.bias,db,34,-82.13291550089116,-81.46663767464511,-81.79977658776814,1,0.01172558907448164,0.0703125,128
bayesfl_observability_v1,ola_sparse_bayesian_keep010_seed42,30,ola,global,,,layers.0.bias,db,35,-81.46663767464511,-80.80035984839907,-81.13349876152209,1,0.01172558907448164,0.078125,128
bayesfl_observability_v1,ola_sparse_bayesian_keep010_seed42,30,ola,global,,,layers.0.bias,db,36,-80.80035984839907,-80.13408202215301,-80.46722093527603,0,0.0,0.078125,128
bayesfl_observability_v1,ola_sparse_bayesian_keep010_seed42,30,ola,global,,,layers.0.bias,db,37,-80.13408202215301,-79.46780419590696,-79.80094310902999,0,0.0,0.078125,128
bayesfl_observability_v1,ola_sparse_bayesian_keep010_seed42,30,ola,global,,,layers.0.bias,db,38,-79.46780419590696,-78.80152636966092,-79.13466528278394,0,0.0,0.078125,128
bayesfl_observability_v1,ola_sparse_bayesian_keep010_seed42,30,ola,global,,,layers.0.bias,db,39,-78.80152636966092,-78.13524854341486,-78.4683874565379,4,0.04690235629792555,0.109375,128
bayesfl_observability_v1,ola_sparse_bayesian_keep010_seed42,30,ola,global,,,layers.0.bias,db,40,-78.13524854341486,-77.46897071716882,-77.80210963029184,2,0.02345117814896328,0.125,128
bayesfl_observability_v1,ola_sparse_bayesian_keep010_seed42,30,ola,global,,,layers.0.bias,db,41,-77.46897071716882,-76.80269289092277,-77.1358318040458,1,0.01172558907448164,0.1328125,128
bayesfl_observability_v1,ola_sparse_bayesian_keep010_seed42,30,ola,global,,,layers.0.bias,db,42,-76.80269289092277,-76.13641506467673,-76.46955397779975,0,0.0,0.1328125,128
bayesfl_observability_v1,ola_sparse_bayesian_keep010_seed42,30,ola,global,,,layers.0.bias,db,43,-76.13641506467673,-75.47013723843067,-75.80327615155369,2,0.023451178148962776,0.1484375,128
bayesfl_observability_v1,ola_sparse_bayesian_keep010_seed42,30,ola,global,,,layers.0.bias,db,44,-75.47013723843067,-74.80385941218462,-75.13699832530764,2,0.02345117814896328,0.1640625,128
bayesfl_observability_v1,ola_sparse_bayesian_keep010_seed42,30,ola,global,,,layers.0.bias,db,45,-74.80385941218462,-74.13758158593858,-74.4707204990616,1,0.01172558907448164,0.171875,128
bayesfl_observability_v1,ola_sparse_bayesian_keep010_seed42,30,ola,global,,,layers.0.bias,db,46,-74.13758158593858,-73.47130375969252,-73.80444267281555,3,0.035176767223444164,0.1953125,128
bayesfl_observability_v1,ola_sparse_bayesian_keep010_seed42,30,ola,global,,,layers.0.bias,db,47,-73.47130375969252,-72.80502593344647,-73.1381648465695,1,0.01172558907448164,0.203125,128
bayesfl_observability_v1,ola_sparse_bayesian_keep010_seed42,30,ola,global,,,layers.0.bias,db,48,-72.80502593344647,-72.13874810720043,-72.47188702032345,0,0.0,0.203125,128
bayesfl_observability_v1,ola_sparse_bayesian_keep010_seed42,30,ola,global,,,layers.0.bias,db,49,-72.13874810720043,-71.47247028095438,-71.8056091940774,2,0.02345117814896328,0.21875,128
bayesfl_observability_v1,ola_sparse_bayesian_keep010_seed42,30,ola,global,,,layers.0.bias,db,50,-71.47247028095438,-70.80619245470834,-71.13933136783136,1,0.01172558907448164,0.2265625,128
bayesfl_observability_v1,ola_sparse_bayesian_keep010_seed42,30,ola,global,,,layers.0.bias,db,51,-70.80619245470834,-70.13991462846228,-70.4730535415853,2,0.023451178148962776,0.2421875,128
bayesfl_observability_v1,ola_sparse_bayesian_keep010_seed42,30,ola,global,,,layers.0.bias,db,52,-70.13991462846228,-69.47363680221623,-69.80677571533926,2,0.02345117814896328,0.2578125,128
bayesfl_observability_v1,ola_sparse_bayesian_keep010_seed42,30,ola,global,,,layers.0.bias,db,53,-69.47363680221623,-68.80735897597017,-69.14049788909321,2,0.023451178148962776,0.2734375,128
bayesfl_observability_v1,ola_sparse_bayesian_keep010_seed42,30,ola,global,,,layers.0.bias,db,54,-68.80735897597017,-68.14108114972413,-68.47422006284715,5,0.058627945372408195,0.3125,128
bayesfl_observability_v1,ola_sparse_bayesian_keep010_seed42,30,ola,global,,,layers.0.bias,db,55,-68.14108114972413,-67.47480332347808,-67.80794223660111,7,0.08207912352137148,0.3671875,128
bayesfl_observability_v1,ola_sparse_bayesian_keep010_seed42,30,ola,global,,,layers.0.bias,db,56,-67.47480332347808,-66.80852549723204,-67.14166441035506,5,0.058627945372408195,0.40625,128
bayesfl_observability_v1,ola_sparse_bayesian_keep010_seed42,30,ola,global,,,layers.0.bias,db,57,-66.80852549723204,-66.142247670986,-66.47538658410902,4,0.04690235629792656,0.4375,128
bayesfl_observability_v1,ola_sparse_bayesian_keep010_seed42,30,ola,global,,,layers.0.bias,db,58,-66.142247670986,-65.47596984473995,-65.80910875786297,3,0.03517676722344491,0.4609375,128
bayesfl_observability_v1,ola_sparse_bayesian_keep010_seed42,30,ola,global,,,layers.0.bias,db,59,-65.47596984473995,-64.80969201849389,-65.14283093161691,1,0.011725589074481388,0.46875,128
bayesfl_observability_v1,ola_sparse_bayesian_keep010_seed42,30,ola,global,,,layers.0.bias,db,60,-64.80969201849389,-64.14341419224785,-64.47655310537087,3,0.03517676722344491,0.4921875,128
bayesfl_observability_v1,ola_sparse_bayesian_keep010_seed42,30,ola,global,,,layers.0.bias,db,61,-64.14341419224785,-63.477136366001794,-63.810275279124824,2,0.02345117814896303,0.5078125,128
bayesfl_observability_v1,ola_sparse_bayesian_keep010_seed42,30,ola,global,,,layers.0.bias,db,62,-63.477136366001794,-62.81085853975575,-63.14399745287877,6,0.07035353444688983,0.5546875,128
bayesfl_observability_v1,ola_sparse_bayesian_keep010_seed42,30,ola,global,,,layers.0.bias,db,63,-62.81085853975575,-62.1445807135097,-62.47771962663272,3,0.03517676722344454,0.578125,128
bayesfl_observability_v1,ola_sparse_bayesian_keep010_seed42,30,ola,global,,,layers.0.bias,db,64,-62.1445807135097,-61.478302887263645,-61.811441800386675,7,0.08207912352137059,0.6328125,128
bayesfl_observability_v1,ola_sparse_bayesian_keep010_seed42,30,ola,global,,,layers.0.bias,db,65,-61.478302887263645,-60.8120250610176,-61.14516397414062,3,0.03517676722344491,0.65625,128
bayesfl_observability_v1,ola_sparse_bayesian_keep010_seed42,30,ola,global,,,layers.0.bias,db,66,-60.8120250610176,-60.14574723477155,-60.47888614789457,5,0.05862794537240757,0.6953125,128
bayesfl_observability_v1,ola_sparse_bayesian_keep010_seed42,30,ola,global,,,layers.0.bias,db,67,-60.14574723477155,-59.4794694085255,-59.812608321648526,9,0.10553030167033475,0.765625,128
bayesfl_observability_v1,ola_sparse_bayesian_keep010_seed42,30,ola,global,,,layers.0.bias,db,68,-59.4794694085255,-58.81319158227945,-59.14633049540248,5,0.05862794537240757,0.8046875,128
bayesfl_observability_v1,ola_sparse_bayesian_keep010_seed42,30,ola,global,,,layers.0.bias,db,69,-58.81319158227945,-58.146913756033406,-58.48005266915643,6,0.07035353444688983,0.8515625,128
bayesfl_observability_v1,ola_sparse_bayesian_keep010_seed42,30,ola,global,,,layers.0.bias,db,70,-58.146913756033406,-57.480635929787354,-57.81377484291038,3,0.03517676722344454,0.875,128
bayesfl_observability_v1,ola_sparse_bayesian_keep010_seed42,30,ola,global,,,layers.0.bias,db,71,-57.480635929787354,-56.81435810354131,-57.14749701666433,3,0.03517676722344491,0.8984375,128
bayesfl_observability_v1,ola_sparse_bayesian_keep010_seed42,30,ola,global,,,layers.0.bias,db,72,-56.81435810354131,-56.14808027729526,-56.48121919041829,7,0.08207912352137059,0.953125,128
bayesfl_observability_v1,ola_sparse_bayesian_keep010_seed42,30,ola,global,,,layers.0.bias,db,73,-56.14808027729526,-55.48180245104921,-55.814941364172235,2,0.02345117814896328,0.96875,128
bayesfl_observability_v1,ola_sparse_bayesian_keep010_seed42,30,ola,global,,,layers.0.bias,db,74,-55.48180245104921,-54.81552462480316,-55.14866353792618,3,0.03517676722344454,0.9921875,128
bayesfl_observability_v1,ola_sparse_bayesian_keep010_seed42,30,ola,global,,,layers.0.bias,db,75,-54.81552462480316,-54.149246798557115,-54.48238571168014,0,0.0,0.9921875,128
bayesfl_observability_v1,ola_sparse_bayesian_keep010_seed42,30,ola,global,,,layers.0.bias,db,76,-54.149246798557115,-53.48296897231106,-53.81610788543409,0,0.0,0.9921875,128
bayesfl_observability_v1,ola_sparse_bayesian_keep010_seed42,30,ola,global,,,layers.0.bias,db,77,-53.48296897231106,-52.81669114606502,-53.14983005918804,0,0.0,0.9921875,128
bayesfl_observability_v1,ola_sparse_bayesian_keep010_seed42,30,ola,global,,,layers.0.bias,db,78,-52.81669114606502,-52.150413319818966,-52.48355223294199,0,0.0,0.9921875,128
bayesfl_observability_v1,ola_sparse_bayesian_keep010_seed42,30,ola,global,,,layers.0.bias,db,79,-52.150413319818966,-51.48413549357292,-51.817274406695944,1,0.01172558907448164,1.0,128
bayesfl_observability_v1,ola_sparse_bayesian_keep010_seed42,30,ola,global,,,layers.1.weight,raw,0,4.4151030786644434e-07,0.0007612440306687179,0.0003808427704882922,162,166.3539441745947,0.1265625,1280
bayesfl_observability_v1,ola_sparse_bayesian_keep010_seed42,30,ola,global,,,layers.1.weight,raw,1,0.0007612440306687179,0.0015220465510295692,0.0011416452908491435,137,140.68203920937947,0.23359375,1280
bayesfl_observability_v1,ola_sparse_bayesian_keep010_seed42,30,ola,global,,,layers.1.weight,raw,2,0.0015220465510295692,0.002282849071390421,0.001902447811209995,135,138.62828681216217,0.3390625,1280
bayesfl_observability_v1,ola_sparse_bayesian_keep010_seed42,30,ola,global,,,layers.1.weight,raw,3,0.002282849071390421,0.003043651591751272,0.0026632503315708466,129,132.4670296205106,0.43984375,1280
bayesfl_observability_v1,ola_sparse_bayesian_keep010_seed42,30,ola,global,,,layers.1.weight,raw,4,0.003043651591751272,0.0038044541121121235,0.003424052851931698,114,117.06388664138146,0.52890625,1280
bayesfl_observability_v1,ola_sparse_bayesian_keep010_seed42,30,ola,global,,,layers.1.weight,raw,5,0.0038044541121121235,0.004565256632472975,0.0041848553722925496,93,95.4994864706006,0.6015625,1280
bayesfl_observability_v1,ola_sparse_bayesian_keep010_seed42,30,ola,global,,,layers.1.weight,raw,6,0.004565256632472975,0.0053260591528338265,0.004945657892653401,80,82.15009588868874,0.6640625,1280
bayesfl_observability_v1,ola_sparse_bayesian_keep010_seed42,30,ola,global,,,layers.1.weight,raw,7,0.0053260591528338265,0.006086861673194678,0.005706460413014252,56,57.50506712208212,0.7078125,1280
bayesfl_observability_v1,ola_sparse_bayesian_keep010_seed42,30,ola,global,,,layers.1.weight,raw,8,0.006086861673194678,0.006847664193555529,0.006467262933375103,58,59.558819519299334,0.753125,1280
bayesfl_observability_v1,ola_sparse_bayesian_keep010_seed42,30,ola,global,,,layers.1.weight,raw,9,0.006847664193555529,0.00760846671391638,0.007228065453735955,37,37.99441934851854,0.78203125,1280
bayesfl_observability_v1,ola_sparse_bayesian_keep010_seed42,30,ola,global,,,layers.1.weight,raw,10,0.00760846671391638,0.008369269234277232,0.007988867974096807,34,34.91379075269271,0.80859375,1280
bayesfl_observability_v1,ola_sparse_bayesian_keep010_seed42,30,ola,global,,,layers.1.weight,raw,11,0.008369269234277232,0.009130071754638083,0.008749670494457656,27,27.72565736243245,0.8296875,1280
bayesfl_observability_v1,ola_sparse_bayesian_keep010_seed42,30,ola,global,,,layers.1.weight,raw,12,0.009130071754638083,0.009890874274998934,0.00951047301481851,24,24.64502876660662,0.8484375,1280
bayesfl_observability_v1,ola_sparse_bayesian_keep010_seed42,30,ola,global,,,layers.1.weight,raw,13,0.009890874274998934,0.010651676795359786,0.010271275535179359,25,25.67190496521523,0.86796875,1280
bayesfl_observability_v1,ola_sparse_bayesian_keep010_seed42,30,ola,global,,,layers.1.weight,raw,14,0.010651676795359786,0.011412479315720637,0.011032078055540212,16,16.430019177737748,0.88046875,1280
bayesfl_observability_v1,ola_sparse_bayesian_keep010_seed42,30,ola,global,,,layers.1.weight,raw,15,0.011412479315720637,0.012173281836081488,0.011792880575901062,22,22.5912763693894,0.89765625,1280
bayesfl_observability_v1,ola_sparse_bayesian_keep010_seed42,30,ola,global,,,layers.1.weight,raw,16,0.012173281836081488,0.01293408435644234,0.012553683096261915,6,6.161257191651655,0.90234375,1280
bayesfl_observability_v1,ola_sparse_bayesian_keep010_seed42,30,ola,global,,,layers.1.weight,raw,17,0.01293408435644234,0.01369488687680319,0.013314485616622764,9,9.241885787477482,0.909375,1280
bayesfl_observability_v1,ola_sparse_bayesian_keep010_seed42,30,ola,global,,,layers.1.weight,raw,18,0.01369488687680319,0.014455689397164042,0.014075288136983617,13,13.34939058191192,0.91953125,1280
bayesfl_observability_v1,ola_sparse_bayesian_keep010_seed42,30,ola,global,,,layers.1.weight,raw,19,0.014455689397164042,0.015216491917524893,0.014836090657344467,5,5.134380993043046,0.9234375,1280
bayesfl_observability_v1,ola_sparse_bayesian_keep010_seed42,30,ola,global,,,layers.1.weight,raw,20,0.015216491917524893,0.015977294437885745,0.01559689317770532,9,9.241885787477482,0.93046875,1280
bayesfl_observability_v1,ola_sparse_bayesian_keep010_seed42,30,ola,global,,,layers.1.weight,raw,21,0.015977294437885745,0.016738096958246598,0.016357695698066173,8,8.215009588868854,0.93671875,1280
bayesfl_observability_v1,ola_sparse_bayesian_keep010_seed42,30,ola,global,,,layers.1.weight,raw,22,0.016738096958246598,0.017498899478607447,0.017118498218427022,7,7.188133390260281,0.9421875,1280
bayesfl_observability_v1,ola_sparse_bayesian_keep010_seed42,30,ola,global,,,layers.1.weight,raw,23,0.017498899478607447,0.0182597019989683,0.017879300738787872,7,7.188133390260249,0.94765625,1280
bayesfl_observability_v1,ola_sparse_bayesian_keep010_seed42,30,ola,global,,,layers.1.weight,raw,24,0.0182597019989683,0.01902050451932915,0.018640103259148725,5,5.134380993043058,0.9515625,1280
bayesfl_observability_v1,ola_sparse_bayesian_keep010_seed42,30,ola,global,,,layers.1.weight,raw,25,0.01902050451932915,0.019781307039690003,0.019400905779509578,4,4.107504794434427,0.9546875,1280
bayesfl_observability_v1,ola_sparse_bayesian_keep010_seed42,30,ola,global,,,layers.1.weight,raw,26,0.019781307039690003,0.020542109560050852,0.020161708299870428,7,7.188133390260281,0.96015625,1280
bayesfl_observability_v1,ola_sparse_bayesian_keep010_seed42,30,ola,global,,,layers.1.weight,raw,27,0.020542109560050852,0.021302912080411705,0.020922510820231277,4,4.107504794434427,0.96328125,1280
bayesfl_observability_v1,ola_sparse_bayesian_keep010_seed42,30,ola,global,,,layers.1.weight,raw,28,0.021302912080411705,0.022063714600772555,0.02168331334059213,3,3.080628595825835,0.965625,1280
bayesfl_observability_v1,ola_sparse_bayesian_keep010_seed42,30,ola,global,,,layers.1.weight,raw,29,0.022063714600772555,0.022824517121133408,0.022444115860952983,2,2.0537523972172136,0.9671875,1280
bayesfl_observability_v1,ola_sparse_bayesian_keep010_seed42,30,ola,global,,,layers.1.weight,raw,30,0.022824517121133408,0.023585319641494257,0.023204918381313833,3,3.080628595825835,0.96953125,1280
bayesfl_observability_v1,ola_sparse_bayesian_keep010_seed42,30,ola,global,,,layers.1.weight,raw,31,0.023585319641494257,0.02434612216185511,0.023965720901674682,1,1.0268761986086068,0.9703125,1280
bayesfl_observability_v1,ola_sparse_bayesian_keep010_seed42,30,ola,global,,,layers.1.weight,raw,32,0.02434612216185511,0.025106924682215963,0.02472652342203554,1,1.0268761986086068,0.97109375,1280
bayesfl_observability_v1,ola_sparse_bayesian_keep010_seed42,30,ola,global,,,layers.1.weight,raw,33,0.025106924682215963,0.025867727202576813,0.02548732594239639,5,5.134380993043058,0.975,1280
bayesfl_observability_v1,ola_sparse_bayesian_keep010_seed42,30,ola,global,,,layers.1.weight,raw,34,0.025867727202576813,0.026628529722937666,0.026248128462757238,4,4.107504794434427,0.978125,1280
bayesfl_observability_v1,ola_sparse_bayesian_keep010_seed42,30,ola,global,,,layers.1.weight,raw,35,0.026628529722937666,0.027389332243298516,0.02700893098311809,0,0.0,0.978125,1280
bayesfl_observability_v1,ola_sparse_bayesian_keep010_seed42,30,ola,global,,,layers.1.weight,raw,36,0.027389332243298516,0.02815013476365937,0.027769733503478944,1,1.0268761986086068,0.97890625,1280
bayesfl_observability_v1,ola_sparse_bayesian_keep010_seed42,30,ola,global,,,layers.1.weight,raw,37,0.02815013476365937,0.028910937284020218,0.028530536023839793,0,0.0,0.97890625,1280
bayesfl_observability_v1,ola_sparse_bayesian_keep010_seed42,30,ola,global,,,layers.1.weight,raw,38,0.028910937284020218,0.02967173980438107,0.029291338544200643,1,1.0268761986086068,0.9796875,1280
bayesfl_observability_v1,ola_sparse_bayesian_keep010_seed42,30,ola,global,,,layers.1.weight,raw,39,0.02967173980438107,0.03043254232474192,0.030052141064561496,0,0.0,0.9796875,1280
bayesfl_observability_v1,ola_sparse_bayesian_keep010_seed42,30,ola,global,,,layers.1.weight,raw,40,0.03043254232474192,0.031193344845102774,0.03081294358492235,2,2.0537523972172136,0.98125,1280
bayesfl_observability_v1,ola_sparse_bayesian_keep010_seed42,30,ola,global,,,layers.1.weight,raw,41,0.031193344845102774,0.03195414736546363,0.0315737461052832,1,1.0268761986086068,0.98203125,1280
bayesfl_observability_v1,ola_sparse_bayesian_keep010_seed42,30,ola,global,,,layers.1.weight,raw,42,0.03195414736546363,0.032714949885824476,0.032334548625644055,2,2.0537523972172234,0.98359375,1280
bayesfl_observability_v1,ola_sparse_bayesian_keep010_seed42,30,ola,global,,,layers.1.weight,raw,43,0.032714949885824476,0.03347575240618533,0.033095351146004905,2,2.0537523972172043,0.98515625,1280
bayesfl_observability_v1,ola_sparse_bayesian_keep010_seed42,30,ola,global,,,layers.1.weight,raw,44,0.03347575240618533,0.03423655492654618,0.033856153666365754,0,0.0,0.98515625,1280
bayesfl_observability_v1,ola_sparse_bayesian_keep010_seed42,30,ola,global,,,layers.1.weight,raw,45,0.03423655492654618,0.03499735744690703,0.03461695618672661,0,0.0,0.98515625,1280
bayesfl_observability_v1,ola_sparse_bayesian_keep010_seed42,30,ola,global,,,layers.1.weight,raw,46,0.03499735744690703,0.03575815996726788,0.03537775870708745,1,1.0268761986086117,0.9859375,1280
bayesfl_observability_v1,ola_sparse_bayesian_keep010_seed42,30,ola,global,,,layers.1.weight,raw,47,0.03575815996726788,0.03651896248762874,0.03613856122744831,1,1.0268761986086021,0.98671875,1280
bayesfl_observability_v1,ola_sparse_bayesian_keep010_seed42,30,ola,global,,,layers.1.weight,raw,48,0.03651896248762874,0.03727976500798959,0.036899363747809166,0,0.0,0.98671875,1280
bayesfl_observability_v1,ola_sparse_bayesian_keep010_seed42,30,ola,global,,,layers.1.weight,raw,49,0.03727976500798959,0.03804056752835044,0.03766016626817001,0,0.0,0.98671875,1280
bayesfl_observability_v1,ola_sparse_bayesian_keep010_seed42,30,ola,global,,,layers.1.weight,raw,50,0.03804056752835044,0.038801370048711294,0.038420968788530865,1,1.0268761986086021,0.9875,1280
bayesfl_observability_v1,ola_sparse_bayesian_keep010_seed42,30,ola,global,,,layers.1.weight,raw,51,0.038801370048711294,0.03956217256907214,0.03918177130889172,1,1.0268761986086117,0.98828125,1280
bayesfl_observability_v1,ola_sparse_bayesian_keep010_seed42,30,ola,global,,,layers.1.weight,raw,52,0.03956217256907214,0.04032297508943299,0.039942573829252564,2,2.0537523972172234,0.98984375,1280
bayesfl_observability_v1,ola_sparse_bayesian_keep010_seed42,30,ola,global,,,layers.1.weight,raw,53,0.04032297508943299,0.04108377760979384,0.04070337634961342,0,0.0,0.98984375,1280
bayesfl_observability_v1,ola_sparse_bayesian_keep010_seed42,30,ola,global,,,layers.1.weight,raw,54,0.04108377760979384,0.0418445801301547,0.04146417886997427,0,0.0,0.98984375,1280
bayesfl_observability_v1,ola_sparse_bayesian_keep010_seed42,30,ola,global,,,layers.1.weight,raw,55,0.0418445801301547,0.04260538265051555,0.04222498139033512,2,2.0537523972172234,0.99140625,1280
bayesfl_observability_v1,ola_sparse_bayesian_keep010_seed42,30,ola,global,,,layers.1.weight,raw,56,0.04260538265051555,0.0433661851708764,0.04298578391069598,0,0.0,0.99140625,1280
bayesfl_observability_v1,ola_sparse_bayesian_keep010_seed42,30,ola,global,,,layers.1.weight,raw,57,0.0433661851708764,0.04412698769123725,0.04374658643105682,1,1.0268761986086117,0.9921875,1280
bayesfl_observability_v1,ola_sparse_bayesian_keep010_seed42,30,ola,global,,,layers.1.weight,raw,58,0.04412698769123725,0.044887790211598104,0.044507388951417676,0,0.0,0.9921875,1280
bayesfl_observability_v1,ola_sparse_bayesian_keep010_seed42,30,ola,global,,,layers.1.weight,raw,59,0.044887790211598104,0.045648592731958954,0.04526819147177853,0,0.0,0.9921875,1280
bayesfl_observability_v1,ola_sparse_bayesian_keep010_seed42,30,ola,global,,,layers.1.weight,raw,60,0.045648592731958954,0.0464093952523198,0.046028993992139375,0,0.0,0.9921875,1280
bayesfl_observability_v1,ola_sparse_bayesian_keep010_seed42,30,ola,global,,,layers.1.weight,raw,61,0.0464093952523198,0.04717019777268065,0.04678979651250023,0,0.0,0.9921875,1280
bayesfl_observability_v1,ola_sparse_bayesian_keep010_seed42,30,ola,global,,,layers.1.weight,raw,62,0.04717019777268065,0.04793100029304151,0.04755059903286108,1,1.0268761986086021,0.99296875,1280
bayesfl_observability_v1,ola_sparse_bayesian_keep010_seed42,30,ola,global,,,layers.1.weight,raw,63,0.04793100029304151,0.04869180281340236,0.04831140155322193,3,3.080628595825835,0.9953125,1280
bayesfl_observability_v1,ola_sparse_bayesian_keep010_seed42,30,ola,global,,,layers.1.weight,raw,64,0.04869180281340236,0.04945260533376321,0.04907220407358279,0,0.0,0.9953125,1280
bayesfl_observability_v1,ola_sparse_bayesian_keep010_seed42,30,ola,global,,,layers.1.weight,raw,65,0.04945260533376321,0.050213407854124065,0.049833006593943636,0,0.0,0.9953125,1280
bayesfl_observability_v1,ola_sparse_bayesian_keep010_seed42,30,ola,global,,,layers.1.weight,raw,66,0.050213407854124065,0.050974210374484914,0.050593809114304486,1,1.0268761986086117,0.99609375,1280
bayesfl_observability_v1,ola_sparse_bayesian_keep010_seed42,30,ola,global,,,layers.1.weight,raw,67,0.050974210374484914,0.051735012894845764,0.05135461163466534,0,0.0,0.99609375,1280
bayesfl_observability_v1,ola_sparse_bayesian_keep010_seed42,30,ola,global,,,layers.1.weight,raw,68,0.051735012894845764,0.05249581541520661,0.052115414155026185,1,1.0268761986086117,0.996875,1280
bayesfl_observability_v1,ola_sparse_bayesian_keep010_seed42,30,ola,global,,,layers.1.weight,raw,69,0.05249581541520661,0.05325661793556747,0.05287621667538704,0,0.0,0.996875,1280
bayesfl_observability_v1,ola_sparse_bayesian_keep010_seed42,30,ola,global,,,layers.1.weight,raw,70,0.05325661793556747,0.05401742045592832,0.0536370191957479,1,1.0268761986086117,0.99765625,1280
bayesfl_observability_v1,ola_sparse_bayesian_keep010_seed42,30,ola,global,,,layers.1.weight,raw,71,0.05401742045592832,0.05477822297628917,0.05439782171610874,1,1.0268761986086117,0.9984375,1280
bayesfl_observability_v1,ola_sparse_bayesian_keep010_seed42,30,ola,global,,,layers.1.weight,raw,72,0.05477822297628917,0.05553902549665002,0.0551586242364696,0,0.0,0.9984375,1280
bayesfl_observability_v1,ola_sparse_bayesian_keep010_seed42,30,ola,global,,,layers.1.weight,raw,73,0.05553902549665002,0.056299828017010875,0.05591942675683045,0,0.0,0.9984375,1280
bayesfl_observability_v1,ola_sparse_bayesian_keep010_seed42,30,ola,global,,,layers.1.weight,raw,74,0.056299828017010875,0.057060630537371725,0.056680229277191296,0,0.0,0.9984375,1280
bayesfl_observability_v1,ola_sparse_bayesian_keep010_seed42,30,ola,global,,,layers.1.weight,raw,75,0.057060630537371725,0.057821433057732574,0.05744103179755215,0,0.0,0.9984375,1280
bayesfl_observability_v1,ola_sparse_bayesian_keep010_seed42,30,ola,global,,,layers.1.weight,raw,76,0.057821433057732574,0.058582235578093424,0.058201834317912995,0,0.0,0.9984375,1280
bayesfl_observability_v1,ola_sparse_bayesian_keep010_seed42,30,ola,global,,,layers.1.weight,raw,77,0.058582235578093424,0.05934303809845428,0.05896263683827385,0,0.0,0.9984375,1280
bayesfl_observability_v1,ola_sparse_bayesian_keep010_seed42,30,ola,global,,,layers.1.weight,raw,78,0.05934303809845428,0.06010384061881513,0.05972343935863471,0,0.0,0.9984375,1280
bayesfl_observability_v1,ola_sparse_bayesian_keep010_seed42,30,ola,global,,,layers.1.weight,raw,79,0.06010384061881513,0.06086464313917598,0.06048424187899555,2,2.0537523972172234,1.0,1280
bayesfl_observability_v1,ola_sparse_bayesian_keep010_seed42,30,ola,global,,,layers.1.weight,db,0,-127.10116337825784,-125.81630756602523,-126.45873547214154,1,0.0006080448814271812,0.00078125,1280
bayesfl_observability_v1,ola_sparse_bayesian_keep010_seed42,30,ola,global,,,layers.1.weight,db,1,-125.81630756602523,-124.53145175379262,-125.17387965990892,0,0.0,0.00078125,1280
bayesfl_observability_v1,ola_sparse_bayesian_keep010_seed42,30,ola,global,,,layers.1.weight,db,2,-124.53145175379262,-123.24659594156,-123.88902384767631,0,0.0,0.00078125,1280
bayesfl_observability_v1,ola_sparse_bayesian_keep010_seed42,30,ola,global,,,layers.1.weight,db,3,-123.24659594156,-121.9617401293274,-122.6041680354437,0,0.0,0.00078125,1280
bayesfl_observability_v1,ola_sparse_bayesian_keep010_seed42,30,ola,global,,,layers.1.weight,db,4,-121.9617401293274,-120.67688431709479,-121.31931222321109,0,0.0,0.00078125,1280
bayesfl_observability_v1,ola_sparse_bayesian_keep010_seed42,30,ola,global,,,layers.1.weight,db,5,-120.67688431709479,-119.39202850486218,-120.03445641097849,0,0.0,0.00078125,1280
bayesfl_observability_v1,ola_sparse_bayesian_keep010_seed42,30,ola,global,,,layers.1.weight,db,6,-119.39202850486218,-118.10717269262958,-118.74960059874587,0,0.0,0.00078125,1280
bayesfl_observability_v1,ola_sparse_bayesian_keep010_seed42,30,ola,global,,,layers.1.weight,db,7,-118.10717269262958,-116.82231688039697,-117.46474478651328,0,0.0,0.00078125,1280
bayesfl_observability_v1,ola_sparse_bayesian_keep010_seed42,30,ola,global,,,layers.1.weight,db,8,-116.82231688039697,-115.53746106816436,-116.17988897428066,0,0.0,0.00078125,1280
bayesfl_observability_v1,ola_sparse_bayesian_keep010_seed42,30,ola,global,,,layers.1.weight,db,9,-115.53746106816436,-114.25260525593174,-114.89503316204805,0,0.0,0.00078125,1280
bayesfl_observability_v1,ola_sparse_bayesian_keep010_seed42,30,ola,global,,,layers.1.weight,db,10,-114.25260525593174,-112.96774944369913,-113.61017734981544,0,0.0,0.00078125,1280
bayesfl_observability_v1,ola_sparse_bayesian_keep010_seed42,30,ola,global,,,layers.1.weight,db,11,-112.96774944369913,-111.68289363146653,-112.32532153758282,0,0.0,0.00078125,1280
bayesfl_observability_v1,ola_sparse_bayesian_keep010_seed42,30,ola,global,,,layers.1.weight,db,12,-111.68289363146653,-110.39803781923392,-111.04046572535023,0,0.0,0.00078125,1280
bayesfl_observability_v1,ola_sparse_bayesian_keep010_seed42,30,ola,global,,,layers.1.weight,db,13,-110.39803781923392,-109.11318200700131,-109.75560991311761,0,0.0,0.00078125,1280
bayesfl_observability_v1,ola_sparse_bayesian_keep010_seed42,30,ola,global,,,layers.1.weight,db,14,-109.11318200700131,-107.82832619476869,-108.470754100885,0,0.0,0.00078125,1280
bayesfl_observability_v1,ola_sparse_bayesian_keep010_seed42,30,ola,global,,,layers.1.weight,db,15,-107.82832619476869,-106.54347038253609,-107.1858982886524,0,0.0,0.00078125,1280
bayesfl_observability_v1,ola_sparse_bayesian_keep010_seed42,30,ola,global,,,layers.1.weight,db,16,-106.54347038253609,-105.25861457030348,-105.90104247641978,0,0.0,0.00078125,1280
bayesfl_observability_v1,ola_sparse_bayesian_keep010_seed42,30,ola,global,,,layers.1.weight,db,17,-105.25861457030348,-103.97375875807087,-104.61618666418718,0,0.0,0.00078125,1280
bayesfl_observability_v1,ola_sparse_bayesian_keep010_seed42,30,ola,global,,,layers.1.weight,db,18,-103.97375875807087,-102.68890294583827,-103.33133085195456,0,0.0,0.00078125,1280
bayesfl_observability_v1,ola_sparse_bayesian_keep010_seed42,30,ola,global,,,layers.1.weight,db,19,-102.68890294583827,-101.40404713360564,-102.04647503972195,0,0.0,0.00078125,1280
bayesfl_observability_v1,ola_sparse_bayesian_keep010_seed42,30,ola,global,,,layers.1.weight,db,20,-101.40404713360564,-100.11919132137305,-100.76161922748935,0,0.0,0.00078125,1280
bayesfl_observability_v1,ola_sparse_bayesian_keep010_seed42,30,ola,global,,,layers.1.weight,db,21,-100.11919132137305,-98.83433550914043,-99.47676341525674,0,0.0,0.00078125,1280
bayesfl_observability_v1,ola_sparse_bayesian_keep010_seed42,30,ola,global,,,layers.1.weight,db,22,-98.83433550914043,-97.54947969690782,-98.19190760302413,0,0.0,0.00078125,1280
bayesfl_observability_v1,ola_sparse_bayesian_keep010_seed42,30,ola,global,,,layers.1.weight,db,23,-97.54947969690782,-96.26462388467522,-96.90705179079151,0,0.0,0.00078125,1280
bayesfl_observability_v1,ola_sparse_bayesian_keep010_seed42,30,ola,global,,,layers.1.weight,db,24,-96.26462388467522,-94.9797680724426,-95.6221959785589,0,0.0,0.00078125,1280
bayesfl_observability_v1,ola_sparse_bayesian_keep010_seed42,30,ola,global,,,layers.1.weight,db,25,-94.9797680724426,-93.69491226021,-94.3373401663263,0,0.0,0.00078125,1280
bayesfl_observability_v1,ola_sparse_bayesian_keep010_seed42,30,ola,global,,,layers.1.weight,db,26,-93.69491226021,-92.41005644797738,-93.05248435409369,1,0.0006080448814271745,0.0015625,1280
bayesfl_observability_v1,ola_sparse_bayesian_keep010_seed42,30,ola,global,,,layers.1.weight,db,27,-92.41005644797738,-91.12520063574478,-91.76762854186109,1,0.0006080448814271812,0.00234375,1280
bayesfl_observability_v1,ola_sparse_bayesian_keep010_seed42,30,ola,global,,,layers.1.weight,db,28,-91.12520063574478,-89.84034482351217,-90.48277272962846,1,0.0006080448814271812,0.003125,1280
bayesfl_observability_v1,ola_sparse_bayesian_keep010_seed42,30,ola,global,,,layers.1.weight,db,29,-89.84034482351217,-88.55548901127956,-89.19791691739587,2,0.0012160897628543624,0.0046875,1280
bayesfl_observability_v1,ola_sparse_bayesian_keep010_seed42,30,ola,global,,,layers.1.weight,db,30,-88.55548901127956,-87.27063319904696,-87.91306110516325,0,0.0,0.0046875,1280
bayesfl_observability_v1,ola_sparse_bayesian_keep010_seed42,30,ola,global,,,layers.1.weight,db,31,-87.27063319904696,-85.98577738681433,-86.62820529293064,1,0.0006080448814271745,0.00546875,1280
bayesfl_observability_v1,ola_sparse_bayesian_keep010_seed42,30,ola,global,,,layers.1.weight,db,32,-85.98577738681433,-84.70092157458174,-85.34334948069804,0,0.0,0.00546875,1280
bayesfl_observability_v1,ola_sparse_bayesian_keep010_seed42,30,ola,global,,,layers.1.weight,db,33,-84.70092157458174,-83.41606576234912,-84.05849366846543,1,0.0006080448814271745,0.00625,1280
bayesfl_observability_v1,ola_sparse_bayesian_keep010_seed42,30,ola,global,,,layers.1.weight,db,34,-83.41606576234912,-82.13120995011651,-82.77363785623282,6,0.003648269288563087,0.0109375,1280
bayesfl_observability_v1,ola_sparse_bayesian_keep010_seed42,30,ola,global,,,layers.1.weight,db,35,-82.13120995011651,-80.8463541378839,-81.4887820440002,6,0.003648269288563087,0.015625,1280
bayesfl_observability_v1,ola_sparse_bayesian_keep010_seed42,30,ola,global,,,layers.1.weight,db,36,-80.8463541378839,-79.56149832565129,-80.2039262317676,2,0.001216089762854349,0.0171875,1280
bayesfl_observability_v1,ola_sparse_bayesian_keep010_seed42,30,ola,global,,,layers.1.weight,db,37,-79.56149832565129,-78.2766425134187,-78.91907041953499,3,0.0018241346442815637,0.01953125,1280
bayesfl_observability_v1,ola_sparse_bayesian_keep010_seed42,30,ola,global,,,layers.1.weight,db,38,-78.2766425134187,-76.99178670118607,-77.63421460730238,5,0.0030402244071358725,0.0234375,1280
bayesfl_observability_v1,ola_sparse_bayesian_keep010_seed42,30,ola,global,,,layers.1.weight,db,39,-76.99178670118607,-75.70693088895347,-76.34935879506978,6,0.003648269288563087,0.028125,1280
bayesfl_observability_v1,ola_sparse_bayesian_keep010_seed42,30,ola,global,,,layers.1.weight,db,40,-75.70693088895347,-74.42207507672086,-75.06450298283715,3,0.0018241346442815435,0.03046875,1280
bayesfl_observability_v1,ola_sparse_bayesian_keep010_seed42,30,ola,global,,,layers.1.weight,db,41,-74.42207507672086,-73.13721926448825,-73.77964717060456,8,0.00486435905141745,0.03671875,1280
bayesfl_observability_v1,ola_sparse_bayesian_keep010_seed42,30,ola,global,,,layers.1.weight,db,42,-73.13721926448825,-71.85236345225564,-72.49479135837194,16,0.0097287181028349,0.04921875,1280
bayesfl_observability_v1,ola_sparse_bayesian_keep010_seed42,30,ola,global,,,layers.1.weight,db,43,-71.85236345225564,-70.56750764002302,-71.20993554613933,5,0.0030402244071358725,0.053125,1280
bayesfl_observability_v1,ola_sparse_bayesian_keep010_seed42,30,ola,global,,,layers.1.weight,db,44,-70.56750764002302,-69.28265182779043,-69.92507973390673,8,0.0048643590514175035,0.059375,1280
bayesfl_observability_v1,ola_sparse_bayesian_keep010_seed42,30,ola,global,,,layers.1.weight,db,45,-69.28265182779043,-67.99779601555781,-68.64022392167412,18,0.010944807865689141,0.0734375,1280
bayesfl_observability_v1,ola_sparse_bayesian_keep010_seed42,30,ola,global,,,layers.1.weight,db,46,-67.99779601555781,-66.7129402033252,-67.35536810944151,11,0.006688493695698993,0.08203125,1280
bayesfl_observability_v1,ola_sparse_bayesian_keep010_seed42,30,ola,global,,,layers.1.weight,db,47,-66.7129402033252,-65.4280843910926,-66.0705122972089,13,0.007904583458553355,0.0921875,1280
bayesfl_observability_v1,ola_sparse_bayesian_keep010_seed42,30,ola,global,,,layers.1.weight,db,48,-65.4280843910926,-64.14322857885998,-64.78565648497629,19,0.011552852747116316,0.10703125,1280
bayesfl_observability_v1,ola_sparse_bayesian_keep010_seed42,30,ola,global,,,layers.1.weight,db,49,-64.14322857885998,-62.85837276662737,-63.50080067274367,19,0.011552852747116442,0.121875,1280
bayesfl_observability_v1,ola_sparse_bayesian_keep010_seed42,30,ola,global,,,layers.1.weight,db,50,-62.85837276662737,-61.57351695439476,-62.215944860511065,22,0.013376987391397987,0.1390625,1280
bayesfl_observability_v1,ola_sparse_bayesian_keep010_seed42,30,ola,global,,,layers.1.weight,db,51,-61.57351695439476,-60.288661142162155,-60.93108904827846,22,0.013376987391397987,0.15625,1280
bayesfl_observability_v1,ola_sparse_bayesian_keep010_seed42,30,ola,global,,,layers.1.weight,db,52,-60.288661142162155,-59.00380532992955,-59.64623323604585,30,0.018241346442815436,0.1796875,1280
bayesfl_observability_v1,ola_sparse_bayesian_keep010_seed42,30,ola,global,,,layers.1.weight,db,53,-59.00380532992955,-57.71894951769694,-58.361377423813245,30,0.018241346442815436,0.203125,1280
bayesfl_observability_v1,ola_sparse_bayesian_keep010_seed42,30,ola,global,,,layers.1.weight,db,54,-57.71894951769694,-56.434093705464335,-57.07652161158064,39,0.023713750375660068,0.23359375,1280
bayesfl_observability_v1,ola_sparse_bayesian_keep010_seed42,30,ola,global,,,layers.1.weight,db,55,-56.434093705464335,-55.149237893231714,-55.791665799348024,41,0.024929840138514153,0.265625,1280
bayesfl_observability_v1,ola_sparse_bayesian_keep010_seed42,30,ola,global,,,layers.1.weight,db,56,-55.149237893231714,-53.86438208099911,-54.50680998711541,47,0.028578109427077517,0.30234375,1280
bayesfl_observability_v1,ola_sparse_bayesian_keep010_seed42,30,ola,global,,,layers.1.weight,db,57,-53.86438208099911,-52.5795262687665,-53.221954174882804,57,0.03465855824134933,0.346875,1280
bayesfl_observability_v1,ola_sparse_bayesian_keep010_seed42,30,ola,global,,,layers.1.weight,db,58,-52.5795262687665,-51.29467045653389,-51.9370983626502,68,0.041347051937048324,0.4,1280
bayesfl_observability_v1,ola_sparse_bayesian_keep010_seed42,30,ola,global,,,layers.1.weight,db,59,-51.29467045653389,-50.00981464430129,-50.65224255041759,71,0.043171186581329866,0.45546875,1280
bayesfl_observability_v1,ola_sparse_bayesian_keep010_seed42,30,ola,global,,,layers.1.weight,db,60,-50.00981464430129,-48.72495883206868,-49.36738673818498,73,0.044387276344184226,0.5125,1280
bayesfl_observability_v1,ola_sparse_bayesian_keep010_seed42,30,ola,global,,,layers.1.weight,db,61,-48.72495883206868,-47.44010301983606,-48.08253092595237,82,0.049859680277028307,0.5765625,1280
bayesfl_observability_v1,ola_sparse_bayesian_keep010_seed42,30,ola,global,,,layers.1.weight,db,62,-47.44010301983606,-46.15524720760345,-46.797675113719755,77,0.04681945586989295,0.63671875,1280
bayesfl_observability_v1,ola_sparse_bayesian_keep010_seed42,30,ola,global,,,layers.1.weight,db,63,-46.15524720760345,-44.870391395370845,-45.51281930148715,67,0.04073900705562114,0.6890625,1280
bayesfl_observability_v1,ola_sparse_bayesian_keep010_seed42,30,ola,global,,,layers.1.weight,db,64,-44.870391395370845,-43.58553558313824,-44.22796348925454,64,0.0389148724113396,0.7390625,1280
bayesfl_observability_v1,ola_sparse_bayesian_keep010_seed42,30,ola,global,,,layers.1.weight,db,65,-43.58553558313824,-42.30067977090563,-42.943107677021935,60,0.03648269288563087,0.7859375,1280
bayesfl_observability_v1,ola_sparse_bayesian_keep010_seed42,30,ola,global,,,layers.1.weight,db,66,-42.30067977090563,-41.01582395867301,-41.65825186478932,50,0.030402244071358723,0.825,1280
bayesfl_observability_v1,ola_sparse_bayesian_keep010_seed42,30,ola,global,,,layers.1.weight,db,67,-41.01582395867301,-39.730968146440404,-40.37339605255671,44,0.026753974782795974,0.859375,1280
bayesfl_observability_v1,ola_sparse_bayesian_keep010_seed42,30,ola,global,,,layers.1.weight,db,68,-39.730968146440404,-38.4461123342078,-39.0885402403241,44,0.026753974782795974,0.89375,1280
bayesfl_observability_v1,ola_sparse_bayesian_keep010_seed42,30,ola,global,,,layers.1.weight,db,69,-38.4461123342078,-37.16125652197519,-37.80368442809149,26,0.01580916691710671,0.9140625,1280
bayesfl_observability_v1,ola_sparse_bayesian_keep010_seed42,30,ola,global,,,layers.1.weight,db,70,-37.16125652197519,-35.87640070974258,-36.51882861585889,21,0.012768942509970805,0.93046875,1280
bayesfl_observability_v1,ola_sparse_bayesian_keep010_seed42,30,ola,global,,,layers.1.weight,db,71,-35.87640070974258,-34.591544897509976,-35.23397280362628,27,0.016417211798533893,0.9515625,1280
bayesfl_observability_v1,ola_sparse_bayesian_keep010_seed42,30,ola,global,,,layers.1.weight,db,72,-34.591544897509976,-33.306689085277355,-33.949116991393666,18,0.010944807865689141,0.965625,1280
bayesfl_observability_v1,ola_sparse_bayesian_keep010_seed42,30,ola,global,,,layers.1.weight,db,73,-33.306689085277355,-32.02183327304475,-32.66426117916105,6,0.003648269288563087,0.9703125,1280
bayesfl_observability_v1,ola_sparse_bayesian_keep010_seed42,30,ola,global,,,layers.1.weight,db,74,-32.02183327304475,-30.73697746081214,-31.379405366928445,11,0.006688493695698993,0.97890625,1280
bayesfl_observability_v1,ola_sparse_bayesian_keep010_seed42,30,ola,global,,,layers.1.weight,db,75,-30.73697746081214,-29.452121648579535,-30.09454955469584,8,0.00486435905141745,0.98515625,1280
bayesfl_observability_v1,ola_sparse_bayesian_keep010_seed42,30,ola,global,,,layers.1.weight,db,76,-29.452121648579535,-28.167265836346928,-28.80969374246323,3,0.0018241346442815435,0.9875,1280
bayesfl_observability_v1,ola_sparse_bayesian_keep010_seed42,30,ola,global,,,layers.1.weight,db,77,-28.167265836346928,-26.88241002411432,-27.524837930230625,6,0.003648269288563087,0.9921875,1280
bayesfl_observability_v1,ola_sparse_bayesian_keep010_seed42,30,ola,global,,,layers.1.weight,db,78,-26.88241002411432,-25.5975542118817,-26.23998211799801,6,0.0036482692885630467,0.996875,1280
bayesfl_observability_v1,ola_sparse_bayesian_keep010_seed42,30,ola,global,,,layers.1.weight,db,79,-25.5975542118817,-24.312698399649094,-24.955126305765397,4,0.002432179525708725,1.0,1280
bayesfl_observability_v1,ola_sparse_bayesian_keep010_seed42,30,ola,global,,,layers.1.bias,raw,0,9.14293743716913e-05,0.0003086093197809661,0.00020001934707632868,1,460.4476707623735,0.1,10
bayesfl_observability_v1,ola_sparse_bayesian_keep010_seed42,30,ola,global,,,layers.1.bias,raw,1,0.0003086093197809661,0.0005257892651902409,0.0004171992924856035,2,920.8953415247469,0.3,10
bayesfl_observability_v1,ola_sparse_bayesian_keep010_seed42,30,ola,global,,,layers.1.bias,raw,2,0.0005257892651902409,0.0007429692105995157,0.0006343792378948783,0,0.0,0.3,10
bayesfl_observability_v1,ola_sparse_bayesian_keep010_seed42,30,ola,global,,,layers.1.bias,raw,3,0.0007429692105995157,0.0009601491560087905,0.0008515591833041531,0,0.0,0.3,10
bayesfl_observability_v1,ola_sparse_bayesian_keep010_seed42,30,ola,global,,,layers.1.bias,raw,4,0.0009601491560087905,0.0011773291014180653,0.001068739128713428,1,460.44767076237343,0.4,10
bayesfl_observability_v1,ola_sparse_bayesian_keep010_seed42,30,ola,global,,,layers.1.bias,raw,5,0.0011773291014180653,0.0013945090468273401,0.0012859190741227027,0,0.0,0.4,10
bayesfl_observability_v1,ola_sparse_bayesian_keep010_seed42,30,ola,global,,,layers.1.bias,raw,6,0.0013945090468273401,0.001611688992236615,0.0015030990195319775,1,460.44767076237343,0.5,10
bayesfl_observability_v1,ola_sparse_bayesian_keep010_seed42,30,ola,global,,,layers.1.bias,raw,7,0.001611688992236615,0.0018288689376458897,0.0017202789649412523,0,0.0,0.5,10
bayesfl_observability_v1,ola_sparse_bayesian_keep010_seed42,30,ola,global,,,layers.1.bias,raw,8,0.0018288689376458897,0.0020460488830551645,0.0019374589103505271,0,0.0,0.5,10
bayesfl_observability_v1,ola_sparse_bayesian_keep010_seed42,30,ola,global,,,layers.1.bias,raw,9,0.0020460488830551645,0.0022632288284644394,0.002154638855759802,1,460.44767076237343,0.6,10
bayesfl_observability_v1,ola_sparse_bayesian_keep010_seed42,30,ola,global,,,layers.1.bias,raw,10,0.0022632288284644394,0.002480408773873714,0.0023718188011690768,0,0.0,0.6,10
bayesfl_observability_v1,ola_sparse_bayesian_keep010_seed42,30,ola,global,,,layers.1.bias,raw,11,0.002480408773873714,0.002697588719282989,0.0025889987465783516,0,0.0,0.6,10
bayesfl_observability_v1,ola_sparse_bayesian_keep010_seed42,30,ola,global,,,layers.1.bias,raw,12,0.002697588719282989,0.0029147686646922638,0.0028061786919876264,0,0.0,0.6,10
bayesfl_observability_v1,ola_sparse_bayesian_keep010_seed42,30,ola,global,,,layers.1.bias,raw,13,0.0029147686646922638,0.0031319486101015386,0.003023358637396901,0,0.0,0.6,10
bayesfl_observability_v1,ola_sparse_bayesian_keep010_seed42,30,ola,global,,,layers.1.bias,raw,14,0.0031319486101015386,0.0033491285555108134,0.003240538582806176,1,460.44767076237343,0.7,10
bayesfl_observability_v1,ola_sparse_bayesian_keep010_seed42,30,ola,global,,,layers.1.bias,raw,15,0.0033491285555108134,0.003566308500920088,0.003457718528215451,0,0.0,0.7,10
bayesfl_observability_v1,ola_sparse_bayesian_keep010_seed42,30,ola,global,,,layers.1.bias,raw,16,0.003566308500920088,0.003783488446329363,0.0036748984736247256,0,0.0,0.7,10
bayesfl_observability_v1,ola_sparse_bayesian_keep010_seed42,30,ola,global,,,layers.1.bias,raw,17,0.003783488446329363,0.004000668391738638,0.0038920784190340004,2,920.8953415247469,0.9,10
bayesfl_observability_v1,ola_sparse_bayesian_keep010_seed42,30,ola,global,,,layers.1.bias,raw,18,0.004000668391738638,0.004217848337147913,0.004109258364443275,0,0.0,0.9,10
bayesfl_observability_v1,ola_sparse_bayesian_keep010_seed42,30,ola,global,,,layers.1.bias,raw,19,0.004217848337147913,0.004435028282557187,0.00432643830985255,0,0.0,0.9,10
bayesfl_observability_v1,ola_sparse_bayesian_keep010_seed42,30,ola,global,,,layers.1.bias,raw,20,0.004435028282557187,0.004652208227966462,0.004543618255261825,0,0.0,0.9,10
bayesfl_observability_v1,ola_sparse_bayesian_keep010_seed42,30,ola,global,,,layers.1.bias,raw,21,0.004652208227966462,0.004869388173375737,0.0047607982006711,0,0.0,0.9,10
bayesfl_observability_v1,ola_sparse_bayesian_keep010_seed42,30,ola,global,,,layers.1.bias,raw,22,0.004869388173375737,0.005086568118785012,0.0049779781460803744,0,0.0,0.9,10
bayesfl_observability_v1,ola_sparse_bayesian_keep010_seed42,30,ola,global,,,layers.1.bias,raw,23,0.005086568118785012,0.005303748064194287,0.005195158091489649,0,0.0,0.9,10
bayesfl_observability_v1,ola_sparse_bayesian_keep010_seed42,30,ola,global,,,layers.1.bias,raw,24,0.005303748064194287,0.0055209280096035615,0.005412338036898924,0,0.0,0.9,10
bayesfl_observability_v1,ola_sparse_bayesian_keep010_seed42,30,ola,global,,,layers.1.bias,raw,25,0.0055209280096035615,0.005738107955012836,0.005629517982308199,0,0.0,0.9,10
bayesfl_observability_v1,ola_sparse_bayesian_keep010_seed42,30,ola,global,,,layers.1.bias,raw,26,0.005738107955012836,0.005955287900422111,0.005846697927717474,0,0.0,0.9,10
bayesfl_observability_v1,ola_sparse_bayesian_keep010_seed42,30,ola,global,,,layers.1.bias,raw,27,0.005955287900422111,0.006172467845831386,0.0060638778731267485,0,0.0,0.9,10
bayesfl_observability_v1,ola_sparse_bayesian_keep010_seed42,30,ola,global,,,layers.1.bias,raw,28,0.006172467845831386,0.006389647791240661,0.006281057818536023,0,0.0,0.9,10
bayesfl_observability_v1,ola_sparse_bayesian_keep010_seed42,30,ola,global,,,layers.1.bias,raw,29,0.006389647791240661,0.0066068277366499355,0.006498237763945298,0,0.0,0.9,10
bayesfl_observability_v1,ola_sparse_bayesian_keep010_seed42,30,ola,global,,,layers.1.bias,raw,30,0.0066068277366499355,0.00682400768205921,0.006715417709354573,0,0.0,0.9,10
bayesfl_observability_v1,ola_sparse_bayesian_keep010_seed42,30,ola,global,,,layers.1.bias,raw,31,0.00682400768205921,0.007041187627468485,0.006932597654763848,0,0.0,0.9,10
bayesfl_observability_v1,ola_sparse_bayesian_keep010_seed42,30,ola,global,,,layers.1.bias,raw,32,0.007041187627468485,0.00725836757287776,0.0071497776001731225,0,0.0,0.9,10
bayesfl_observability_v1,ola_sparse_bayesian_keep010_seed42,30,ola,global,,,layers.1.bias,raw,33,0.00725836757287776,0.007475547518287035,0.007366957545582397,0,0.0,0.9,10
bayesfl_observability_v1,ola_sparse_bayesian_keep010_seed42,30,ola,global,,,layers.1.bias,raw,34,0.007475547518287035,0.0076927274636963095,0.007584137490991672,0,0.0,0.9,10
bayesfl_observability_v1,ola_sparse_bayesian_keep010_seed42,30,ola,global,,,layers.1.bias,raw,35,0.0076927274636963095,0.007909907409105585,0.007801317436400947,0,0.0,0.9,10
bayesfl_observability_v1,ola_sparse_bayesian_keep010_seed42,30,ola,global,,,layers.1.bias,raw,36,0.007909907409105585,0.00812708735451486,0.008018497381810222,0,0.0,0.9,10
bayesfl_observability_v1,ola_sparse_bayesian_keep010_seed42,30,ola,global,,,layers.1.bias,raw,37,0.00812708735451486,0.008344267299924135,0.008235677327219498,0,0.0,0.9,10
bayesfl_observability_v1,ola_sparse_bayesian_keep010_seed42,30,ola,global,,,layers.1.bias,raw,38,0.008344267299924135,0.00856144724533341,0.008452857272628771,0,0.0,0.9,10
bayesfl_observability_v1,ola_sparse_bayesian_keep010_seed42,30,ola,global,,,layers.1.bias,raw,39,0.00856144724533341,0.008778627190742684,0.008670037218038048,0,0.0,0.9,10
bayesfl_observability_v1,ola_sparse_bayesian_keep010_seed42,30,ola,global,,,layers.1.bias,raw,40,0.008778627190742684,0.00899580713615196,0.008887217163447321,0,0.0,0.9,10
bayesfl_observability_v1,ola_sparse_bayesian_keep010_seed42,30,ola,global,,,layers.1.bias,raw,41,0.00899580713615196,0.009212987081561234,0.009104397108856598,0,0.0,0.9,10
bayesfl_observability_v1,ola_sparse_bayesian_keep010_seed42,30,ola,global,,,layers.1.bias,raw,42,0.009212987081561234,0.009430167026970509,0.00932157705426587,0,0.0,0.9,10
bayesfl_observability_v1,ola_sparse_bayesian_keep010_seed42,30,ola,global,,,layers.1.bias,raw,43,0.009430167026970509,0.009647346972379784,0.009538756999675147,0,0.0,0.9,10
bayesfl_observability_v1,ola_sparse_bayesian_keep010_seed42,30,ola,global,,,layers.1.bias,raw,44,0.009647346972379784,0.009864526917789058,0.00975593694508442,0,0.0,0.9,10
bayesfl_observability_v1,ola_sparse_bayesian_keep010_seed42,30,ola,global,,,layers.1.bias,raw,45,0.009864526917789058,0.010081706863198333,0.009973116890493697,0,0.0,0.9,10
bayesfl_observability_v1,ola_sparse_bayesian_keep010_seed42,30,ola,global,,,layers.1.bias,raw,46,0.010081706863198333,0.010298886808607608,0.01019029683590297,0,0.0,0.9,10
bayesfl_observability_v1,ola_sparse_bayesian_keep010_seed42,30,ola,global,,,layers.1.bias,raw,47,0.010298886808607608,0.010516066754016883,0.010407476781312246,0,0.0,0.9,10
bayesfl_observability_v1,ola_sparse_bayesian_keep010_seed42,30,ola,global,,,layers.1.bias,raw,48,0.010516066754016883,0.010733246699426158,0.01062465672672152,0,0.0,0.9,10
bayesfl_observability_v1,ola_sparse_bayesian_keep010_seed42,30,ola,global,,,layers.1.bias,raw,49,0.010733246699426158,0.010950426644835433,0.010841836672130796,0,0.0,0.9,10
bayesfl_observability_v1,ola_sparse_bayesian_keep010_seed42,30,ola,global,,,layers.1.bias,raw,50,0.010950426644835433,0.011167606590244707,0.011059016617540069,0,0.0,0.9,10
bayesfl_observability_v1,ola_sparse_bayesian_keep010_seed42,30,ola,global,,,layers.1.bias,raw,51,0.011167606590244707,0.011384786535653982,0.011276196562949346,0,0.0,0.9,10
bayesfl_observability_v1,ola_sparse_bayesian_keep010_seed42,30,ola,global,,,layers.1.bias,raw,52,0.011384786535653982,0.011601966481063257,0.011493376508358619,0,0.0,0.9,10
bayesfl_observability_v1,ola_sparse_bayesian_keep010_seed42,30,ola,global,,,layers.1.bias,raw,53,0.011601966481063257,0.011819146426472532,0.011710556453767895,0,0.0,0.9,10
bayesfl_observability_v1,ola_sparse_bayesian_keep010_seed42,30,ola,global,,,layers.1.bias,raw,54,0.011819146426472532,0.012036326371881807,0.011927736399177168,0,0.0,0.9,10
bayesfl_observability_v1,ola_sparse_bayesian_keep010_seed42,30,ola,global,,,layers.1.bias,raw,55,0.012036326371881807,0.012253506317291081,0.012144916344586445,0,0.0,0.9,10
bayesfl_observability_v1,ola_sparse_bayesian_keep010_seed42,30,ola,global,,,layers.1.bias,raw,56,0.012253506317291081,0.012470686262700356,0.012362096289995718,0,0.0,0.9,10
bayesfl_observability_v1,ola_sparse_bayesian_keep010_seed42,30,ola,global,,,layers.1.bias,raw,57,0.012470686262700356,0.012687866208109631,0.012579276235404994,0,0.0,0.9,10
bayesfl_observability_v1,ola_sparse_bayesian_keep010_seed42,30,ola,global,,,layers.1.bias,raw,58,0.012687866208109631,0.012905046153518906,0.012796456180814268,0,0.0,0.9,10
bayesfl_observability_v1,ola_sparse_bayesian_keep010_seed42,30,ola,global,,,layers.1.bias,raw,59,0.012905046153518906,0.01312222609892818,0.013013636126223544,0,0.0,0.9,10
bayesfl_observability_v1,ola_sparse_bayesian_keep010_seed42,30,ola,global,,,layers.1.bias,raw,60,0.01312222609892818,0.013339406044337455,0.013230816071632817,0,0.0,0.9,10
bayesfl_observability_v1,ola_sparse_bayesian_keep010_seed42,30,ola,global,,,layers.1.bias,raw,61,0.013339406044337455,0.01355658598974673,0.013447996017042094,0,0.0,0.9,10
bayesfl_observability_v1,ola_sparse_bayesian_keep010_seed42,30,ola,global,,,layers.1.bias,raw,62,0.01355658598974673,0.013773765935156005,0.013665175962451367,0,0.0,0.9,10
bayesfl_observability_v1,ola_sparse_bayesian_keep010_seed42,30,ola,global,,,layers.1.bias,raw,63,0.013773765935156005,0.01399094588056528,0.013882355907860643,0,0.0,0.9,10
bayesfl_observability_v1,ola_sparse_bayesian_keep010_seed42,30,ola,global,,,layers.1.bias,raw,64,0.01399094588056528,0.014208125825974555,0.014099535853269916,0,0.0,0.9,10
bayesfl_observability_v1,ola_sparse_bayesian_keep010_seed42,30,ola,global,,,layers.1.bias,raw,65,0.014208125825974555,0.01442530577138383,0.014316715798679193,0,0.0,0.9,10
bayesfl_observability_v1,ola_sparse_bayesian_keep010_seed42,30,ola,global,,,layers.1.bias,raw,66,0.01442530577138383,0.014642485716793104,0.014533895744088466,0,0.0,0.9,10
bayesfl_observability_v1,ola_sparse_bayesian_keep010_seed42,30,ola,global,,,layers.1.bias,raw,67,0.014642485716793104,0.014859665662202379,0.014751075689497743,0,0.0,0.9,10
bayesfl_observability_v1,ola_sparse_bayesian_keep010_seed42,30,ola,global,,,layers.1.bias,raw,68,0.014859665662202379,0.015076845607611654,0.014968255634907016,0,0.0,0.9,10
bayesfl_observability_v1,ola_sparse_bayesian_keep010_seed42,30,ola,global,,,layers.1.bias,raw,69,0.015076845607611654,0.015294025553020929,0.015185435580316292,0,0.0,0.9,10
bayesfl_observability_v1,ola_sparse_bayesian_keep010_seed42,30,ola,global,,,layers.1.bias,raw,70,0.015294025553020929,0.015511205498430203,0.015402615525725565,0,0.0,0.9,10
bayesfl_observability_v1,ola_sparse_bayesian_keep010_seed42,30,ola,global,,,layers.1.bias,raw,71,0.015511205498430203,0.015728385443839477,0.01561979547113484,0,0.0,0.9,10
bayesfl_observability_v1,ola_sparse_bayesian_keep010_seed42,30,ola,global,,,layers.1.bias,raw,72,0.015728385443839477,0.015945565389248753,0.015836975416544115,0,0.0,0.9,10
bayesfl_observability_v1,ola_sparse_bayesian_keep010_seed42,30,ola,global,,,layers.1.bias,raw,73,0.015945565389248753,0.016162745334658026,0.01605415536195339,0,0.0,0.9,10
bayesfl_observability_v1,ola_sparse_bayesian_keep010_seed42,30,ola,global,,,layers.1.bias,raw,74,0.016162745334658026,0.0163799252800673,0.01627133530736266,0,0.0,0.9,10
bayesfl_observability_v1,ola_sparse_bayesian_keep010_seed42,30,ola,global,,,layers.1.bias,raw,75,0.0163799252800673,0.016597105225476576,0.016488515252771938,0,0.0,0.9,10
bayesfl_observability_v1,ola_sparse_bayesian_keep010_seed42,30,ola,global,,,layers.1.bias,raw,76,0.016597105225476576,0.016814285170885852,0.016705695198181214,0,0.0,0.9,10
bayesfl_observability_v1,ola_sparse_bayesian_keep010_seed42,30,ola,global,,,layers.1.bias,raw,77,0.016814285170885852,0.017031465116295125,0.01692287514359049,0,0.0,0.9,10
bayesfl_observability_v1,ola_sparse_bayesian_keep010_seed42,30,ola,global,,,layers.1.bias,raw,78,0.017031465116295125,0.0172486450617044,0.01714005508899976,0,0.0,0.9,10
bayesfl_observability_v1,ola_sparse_bayesian_keep010_seed42,30,ola,global,,,layers.1.bias,raw,79,0.0172486450617044,0.017465825007113675,0.017357235034409037,1,460.44767076236974,1.0,10
bayesfl_observability_v1,ola_sparse_bayesian_keep010_seed42,30,ola,global,,,layers.1.bias,db,0,-80.77828494480491,-80.20800910684399,-80.49314702582444,1,0.17535373821475617,0.1,10
bayesfl_observability_v1,ola_sparse_bayesian_keep010_seed42,30,ola,global,,,layers.1.bias,db,1,-80.20800910684399,-79.63773326888307,-79.92287118786354,0,0.0,0.1,10
bayesfl_observability_v1,ola_sparse_bayesian_keep010_seed42,30,ola,global,,,layers.1.bias,db,2,-79.63773326888307,-79.06745743092215,-79.3525953499026,0,0.0,0.1,10
bayesfl_observability_v1,ola_sparse_bayesian_keep010_seed42,30,ola,global,,,layers.1.bias,db,3,-79.06745743092215,-78.49718159296123,-78.7823195119417,0,0.0,0.1,10
bayesfl_observability_v1,ola_sparse_bayesian_keep010_seed42,30,ola,global,,,layers.1.bias,db,4,-78.49718159296123,-77.9269057550003,-78.21204367398076,0,0.0,0.1,10
bayesfl_observability_v1,ola_sparse_bayesian_keep010_seed42,30,ola,global,,,layers.1.bias,db,5,-77.9269057550003,-77.35662991703938,-77.64176783601985,0,0.0,0.1,10
bayesfl_observability_v1,ola_sparse_bayesian_keep010_seed42,30,ola,global,,,layers.1.bias,db,6,-77.35662991703938,-76.78635407907846,-77.07149199805892,0,0.0,0.1,10
bayesfl_observability_v1,ola_sparse_bayesian_keep010_seed42,30,ola,global,,,layers.1.bias,db,7,-76.78635407907846,-76.21607824111754,-76.50121616009801,0,0.0,0.1,10
bayesfl_observability_v1,ola_sparse_bayesian_keep010_seed42,30,ola,global,,,layers.1.bias,db,8,-76.21607824111754,-75.64580240315662,-75.93094032213708,0,0.0,0.1,10
bayesfl_observability_v1,ola_sparse_bayesian_keep010_seed42,30,ola,global,,,layers.1.bias,db,9,-75.64580240315662,-75.0755265651957,-75.36066448417617,0,0.0,0.1,10
bayesfl_observability_v1,ola_sparse_bayesian_keep010_seed42,30,ola,global,,,layers.1.bias,db,10,-75.0755265651957,-74.50525072723478,-74.79038864621523,0,0.0,0.1,10
bayesfl_observability_v1,ola_sparse_bayesian_keep010_seed42,30,ola,global,,,layers.1.bias,db,11,-74.50525072723478,-73.93497488927386,-74.22011280825433,0,0.0,0.1,10
bayesfl_observability_v1,ola_sparse_bayesian_keep010_seed42,30,ola,global,,,layers.1.bias,db,12,-73.93497488927386,-73.36469905131294,-73.64983697029339,0,0.0,0.1,10
bayesfl_observability_v1,ola_sparse_bayesian_keep010_seed42,30,ola,global,,,layers.1.bias,db,13,-73.36469905131294,-72.79442321335202,-73.07956113233249,0,0.0,0.1,10
bayesfl_observability_v1,ola_sparse_bayesian_keep010_seed42,30,ola,global,,,layers.1.bias,db,14,-72.79442321335202,-72.2241473753911,-72.50928529437155,0,0.0,0.1,10
bayesfl_observability_v1,ola_sparse_bayesian_keep010_seed42,30,ola,global,,,layers.1.bias,db,15,-72.2241473753911,-71.65387153743018,-71.93900945641064,0,0.0,0.1,10
bayesfl_observability_v1,ola_sparse_bayesian_keep010_seed42,30,ola,global,,,layers.1.bias,db,16,-71.65387153743018,-71.08359569946926,-71.36873361844971,0,0.0,0.1,10
bayesfl_observability_v1,ola_sparse_bayesian_keep010_seed42,30,ola,global,,,layers.1.bias,db,17,-71.08359569946926,-70.51331986150834,-70.7984577804888,0,0.0,0.1,10
bayesfl_observability_v1,ola_sparse_bayesian_keep010_seed42,30,ola,global,,,layers.1.bias,db,18,-70.51331986150834,-69.9430440235474,-70.22818194252787,0,0.0,0.1,10
bayesfl_observability_v1,ola_sparse_bayesian_keep010_seed42,30,ola,global,,,layers.1.bias,db,19,-69.9430440235474,-69.3727681855865,-69.65790610456695,0,0.0,0.1,10
bayesfl_observability_v1,ola_sparse_bayesian_keep010_seed42,30,ola,global,,,layers.1.bias,db,20,-69.3727681855865,-68.80249234762556,-69.08763026660603,0,0.0,0.1,10
bayesfl_observability_v1,ola_sparse_bayesian_keep010_seed42,30,ola,global,,,layers.1.bias,db,21,-68.80249234762556,-68.23221650966465,-68.5173544286451,0,0.0,0.1,10
bayesfl_observability_v1,ola_sparse_bayesian_keep010_seed42,30,ola,global,,,layers.1.bias,db,22,-68.23221650966465,-67.66194067170372,-67.94707859068419,0,0.0,0.1,10
bayesfl_observability_v1,ola_sparse_bayesian_keep010_seed42,30,ola,global,,,layers.1.bias,db,23,-67.66194067170372,-67.09166483374281,-67.37680275272326,1,0.17535373821476052,0.2,10
bayesfl_observability_v1,ola_sparse_bayesian_keep010_seed42,30,ola,global,,,layers.1.bias,db,24,-67.09166483374281,-66.52138899578188,-66.80652691476234,0,0.0,0.2,10
bayesfl_observability_v1,ola_sparse_bayesian_keep010_seed42,30,ola,global,,,layers.1.bias,db,25,-66.52138899578188,-65.95111315782096,-66.23625107680141,1,0.17535373821475617,0.3,10
bayesfl_observability_v1,ola_sparse_bayesian_keep010_seed42,30,ola,global,,,layers.1.bias,db,26,-65.95111315782096,-65.38083731986003,-65.6659752388405,0,0.0,0.3,10
bayesfl_observability_v1,ola_sparse_bayesian_keep010_seed42,30,ola,global,,,layers.1.bias,db,27,-65.38083731986003,-64.81056148189911,-65.09569940087957,0,0.0,0.3,10
bayesfl_observability_v1,ola_sparse_bayesian_keep010_seed42,30,ola,global,,,layers.1.bias,db,28,-64.81056148189911,-64.2402856439382,-64.52542356291866,0,0.0,0.3,10
bayesfl_observability_v1,ola_sparse_bayesian_keep010_seed42,30,ola,global,,,layers.1.bias,db,29,-64.2402856439382,-63.67000980597727,-63.95514772495773,0,0.0,0.3,10
bayesfl_observability_v1,ola_sparse_bayesian_keep010_seed42,30,ola,global,,,layers.1.bias,db,30,-63.67000980597727,-63.09973396801635,-63.38487188699681,0,0.0,0.3,10
bayesfl_observability_v1,ola_sparse_bayesian_keep010_seed42,30,ola,global,,,layers.1.bias,db,31,-63.09973396801635,-62.52945813005543,-62.81459604903589,0,0.0,0.3,10
bayesfl_observability_v1,ola_sparse_bayesian_keep010_seed42,30,ola,global,,,layers.1.bias,db,32,-62.52945813005543,-61.95918229209451,-62.24432021107497,0,0.0,0.3,10
bayesfl_observability_v1,ola_sparse_bayesian_keep010_seed42,30,ola,global,,,layers.1.bias,db,33,-61.95918229209451,-61.38890645413359,-61.67404437311405,0,0.0,0.3,10
bayesfl_observability_v1,ola_sparse_bayesian_keep010_seed42,30,ola,global,,,layers.1.bias,db,34,-61.38890645413359,-60.81863061617267,-61.10376853515313,0,0.0,0.3,10
bayesfl_observability_v1,ola_sparse_bayesian_keep010_seed42,30,ola,global,,,layers.1.bias,db,35,-60.81863061617267,-60.24835477821175,-60.53349269719221,0,0.0,0.3,10
bayesfl_observability_v1,ola_sparse_bayesian_keep010_seed42,30,ola,global,,,layers.1.bias,db,36,-60.24835477821175,-59.67807894025083,-59.96321685923129,0,0.0,0.3,10
bayesfl_observability_v1,ola_sparse_bayesian_keep010_seed42,30,ola,global,,,layers.1.bias,db,37,-59.67807894025083,-59.10780310228991,-59.39294102127037,1,0.17535373821475617,0.4,10
bayesfl_observability_v1,ola_sparse_bayesian_keep010_seed42,30,ola,global,,,layers.1.bias,db,38,-59.10780310228991,-58.537527264328986,-58.82266518330945,0,0.0,0.4,10
bayesfl_observability_v1,ola_sparse_bayesian_keep010_seed42,30,ola,global,,,layers.1.bias,db,39,-58.537527264328986,-57.967251426368065,-58.252389345348526,0,0.0,0.4,10
bayesfl_observability_v1,ola_sparse_bayesian_keep010_seed42,30,ola,global,,,layers.1.bias,db,40,-57.967251426368065,-57.396975588407145,-57.682113507387605,0,0.0,0.4,10
bayesfl_observability_v1,ola_sparse_bayesian_keep010_seed42,30,ola,global,,,layers.1.bias,db,41,-57.396975588407145,-56.826699750446224,-57.111837669426684,0,0.0,0.4,10
bayesfl_observability_v1,ola_sparse_bayesian_keep010_seed42,30,ola,global,,,layers.1.bias,db,42,-56.826699750446224,-56.2564239124853,-56.54156183146576,1,0.17535373821475617,0.5,10
bayesfl_observability_v1,ola_sparse_bayesian_keep010_seed42,30,ola,global,,,layers.1.bias,db,43,-56.2564239124853,-55.68614807452438,-55.97128599350484,0,0.0,0.5,10
bayesfl_observability_v1,ola_sparse_bayesian_keep010_seed42,30,ola,global,,,layers.1.bias,db,44,-55.68614807452438,-55.11587223656346,-55.40101015554392,0,0.0,0.5,10
bayesfl_observability_v1,ola_sparse_bayesian_keep010_seed42,30,ola,global,,,layers.1.bias,db,45,-55.11587223656346,-54.54559639860254,-54.830734317583,0,0.0,0.5,10
bayesfl_observability_v1,ola_sparse_bayesian_keep010_seed42,30,ola,global,,,layers.1.bias,db,46,-54.54559639860254,-53.97532056064162,-54.26045847962208,0,0.0,0.5,10
bayesfl_observability_v1,ola_sparse_bayesian_keep010_seed42,30,ola,global,,,layers.1.bias,db,47,-53.97532056064162,-53.4050447226807,-53.69018264166116,0,0.0,0.5,10
bayesfl_observability_v1,ola_sparse_bayesian_keep010_seed42,30,ola,global,,,layers.1.bias,db,48,-53.4050447226807,-52.83476888471978,-53.11990680370024,1,0.17535373821475617,0.6,10
bayesfl_observability_v1,ola_sparse_bayesian_keep010_seed42,30,ola,global,,,layers.1.bias,db,49,-52.83476888471978,-52.26449304675886,-52.54963096573932,0,0.0,0.6,10
bayesfl_observability_v1,ola_sparse_bayesian_keep010_seed42,30,ola,global,,,layers.1.bias,db,50,-52.26449304675886,-51.69421720879794,-51.9793551277784,0,0.0,0.6,10
bayesfl_observability_v1,ola_sparse_bayesian_keep010_seed42,30,ola,global,,,layers.1.bias,db,51,-51.69421720879794,-51.12394137083702,-51.40907928981748,0,0.0,0.6,10
bayesfl_observability_v1,ola_sparse_bayesian_keep010_seed42,30,ola,global,,,layers.1.bias,db,52,-51.12394137083702,-50.553665532876096,-50.838803451856556,0,0.0,0.6,10
bayesfl_observability_v1,ola_sparse_bayesian_keep010_seed42,30,ola,global,,,layers.1.bias,db,53,-50.553665532876096,-49.983389694915175,-50.268527613895635,0,0.0,0.6,10
bayesfl_observability_v1,ola_sparse_bayesian_keep010_seed42,30,ola,global,,,layers.1.bias,db,54,-49.983389694915175,-49.413113856954254,-49.698251775934715,1,0.17535373821475617,0.7,10
bayesfl_observability_v1,ola_sparse_bayesian_keep010_seed42,30,ola,global,,,layers.1.bias,db,55,-49.413113856954254,-48.84283801899333,-49.127975937973794,0,0.0,0.7,10
bayesfl_observability_v1,ola_sparse_bayesian_keep010_seed42,30,ola,global,,,layers.1.bias,db,56,-48.84283801899333,-48.272562181032406,-48.557700100012866,1,0.17535373821475397,0.8,10
bayesfl_observability_v1,ola_sparse_bayesian_keep010_seed42,30,ola,global,,,layers.1.bias,db,57,-48.272562181032406,-47.702286343071485,-47.987424262051945,1,0.17535373821475617,0.9,10
bayesfl_observability_v1,ola_sparse_bayesian_keep010_seed42,30,ola,global,,,layers.1.bias,db,58,-47.702286343071485,-47.132010505110564,-47.417148424091025,0,0.0,0.9,10
bayesfl_observability_v1,ola_sparse_bayesian_keep010_seed42,30,ola,global,,,layers.1.bias,db,59,-47.132010505110564,-46.56173466714964,-46.846872586130104,0,0.0,0.9,10
bayesfl_observability_v1,ola_sparse_bayesian_keep010_seed42,30,ola,global,,,layers.1.bias,db,60,-46.56173466714964,-45.99145882918872,-46.27659674816918,0,0.0,0.9,10
bayesfl_observability_v1,ola_sparse_bayesian_keep010_seed42,30,ola,global,,,layers.1.bias,db,61,-45.99145882918872,-45.4211829912278,-45.70632091020826,0,0.0,0.9,10
bayesfl_observability_v1,ola_sparse_bayesian_keep010_seed42,30,ola,global,,,layers.1.bias,db,62,-45.4211829912278,-44.85090715326688,-45.13604507224734,0,0.0,0.9,10
bayesfl_observability_v1,ola_sparse_bayesian_keep010_seed42,30,ola,global,,,layers.1.bias,db,63,-44.85090715326688,-44.28063131530596,-44.56576923428642,0,0.0,0.9,10
bayesfl_observability_v1,ola_sparse_bayesian_keep010_seed42,30,ola,global,,,layers.1.bias,db,64,-44.28063131530596,-43.71035547734504,-43.9954933963255,0,0.0,0.9,10
bayesfl_observability_v1,ola_sparse_bayesian_keep010_seed42,30,ola,global,,,layers.1.bias,db,65,-43.71035547734504,-43.14007963938412,-43.42521755836458,0,0.0,0.9,10
bayesfl_observability_v1,ola_sparse_bayesian_keep010_seed42,30,ola,global,,,layers.1.bias,db,66,-43.14007963938412,-42.5698038014232,-42.85494172040366,0,0.0,0.9,10
bayesfl_observability_v1,ola_sparse_bayesian_keep010_seed42,30,ola,global,,,layers.1.bias,db,67,-42.5698038014232,-41.99952796346228,-42.28466588244274,0,0.0,0.9,10
bayesfl_observability_v1,ola_sparse_bayesian_keep010_seed42,30,ola,global,,,layers.1.bias,db,68,-41.99952796346228,-41.42925212550136,-41.71439004448182,0,0.0,0.9,10
bayesfl_observability_v1,ola_sparse_bayesian_keep010_seed42,30,ola,global,,,layers.1.bias,db,69,-41.42925212550136,-40.858976287540436,-41.1441142065209,0,0.0,0.9,10
bayesfl_observability_v1,ola_sparse_bayesian_keep010_seed42,30,ola,global,,,layers.1.bias,db,70,-40.858976287540436,-40.288700449579515,-40.573838368559976,0,0.0,0.9,10
bayesfl_observability_v1,ola_sparse_bayesian_keep010_seed42,30,ola,global,,,layers.1.bias,db,71,-40.288700449579515,-39.718424611618595,-40.003562530599055,0,0.0,0.9,10
bayesfl_observability_v1,ola_sparse_bayesian_keep010_seed42,30,ola,global,,,layers.1.bias,db,72,-39.718424611618595,-39.148148773657674,-39.433286692638134,0,0.0,0.9,10
bayesfl_observability_v1,ola_sparse_bayesian_keep010_seed42,30,ola,global,,,layers.1.bias,db,73,-39.148148773657674,-38.57787293569675,-38.86301085467721,0,0.0,0.9,10
bayesfl_observability_v1,ola_sparse_bayesian_keep010_seed42,30,ola,global,,,layers.1.bias,db,74,-38.57787293569675,-38.007597097735825,-38.29273501671629,0,0.0,0.9,10
bayesfl_observability_v1,ola_sparse_bayesian_keep010_seed42,30,ola,global,,,layers.1.bias,db,75,-38.007597097735825,-37.437321259774905,-37.722459178755365,0,0.0,0.9,10
bayesfl_observability_v1,ola_sparse_bayesian_keep010_seed42,30,ola,global,,,layers.1.bias,db,76,-37.437321259774905,-36.867045421813984,-37.152183340794444,0,0.0,0.9,10
bayesfl_observability_v1,ola_sparse_bayesian_keep010_seed42,30,ola,global,,,layers.1.bias,db,77,-36.867045421813984,-36.29676958385306,-36.58190750283352,0,0.0,0.9,10
bayesfl_observability_v1,ola_sparse_bayesian_keep010_seed42,30,ola,global,,,layers.1.bias,db,78,-36.29676958385306,-35.72649374589214,-36.0116316648726,0,0.0,0.9,10
bayesfl_observability_v1,ola_sparse_bayesian_keep010_seed42,30,ola,global,,,layers.1.bias,db,79,-35.72649374589214,-35.15621790793122,-35.44135582691168,1,0.17535373821475617,1.0,10
bayesfl_observability_v1,ola_sparse_bayesian_keep010_seed42,35,ola,global,,,all,raw,0,7.970984640244946e-09,0.0007985278481135316,0.0003992679095490859,59690,734.507226704789,0.5865186204185909,101770
bayesfl_observability_v1,ola_sparse_bayesian_keep010_seed42,35,ola,global,,,all,raw,1,0.0007985278481135316,0.001597047725242423,0.0011977877866779774,35584,437.8741021119654,0.9361697946349612,101770
bayesfl_observability_v1,ola_sparse_bayesian_keep010_seed42,35,ola,global,,,all,raw,2,0.001597047725242423,0.002395567602371314,0.0019963076638068685,5111,62.8927196463089,0.9863908813992336,101770
bayesfl_observability_v1,ola_sparse_bayesian_keep010_seed42,35,ola,global,,,all,raw,3,0.002395567602371314,0.0031940874795002056,0.00279482754093576,585,7.198638425570474,0.9921391372703154,101770
bayesfl_observability_v1,ola_sparse_bayesian_keep010_seed42,35,ola,global,,,all,raw,4,0.0031940874795002056,0.003992607356629097,0.0035933474180646517,150,1.8458047245052487,0.9936130490321313,101770
bayesfl_observability_v1,ola_sparse_bayesian_keep010_seed42,35,ola,global,,,all,raw,5,0.003992607356629097,0.004791127233757989,0.004391867295193543,108,1.3289794016437797,0.9946742655006386,101770
bayesfl_observability_v1,ola_sparse_bayesian_keep010_seed42,35,ola,global,,,all,raw,6,0.004791127233757989,0.00558964711088688,0.005190387172322434,78,0.9598184567427298,0.9954406996167829,101770
bayesfl_observability_v1,ola_sparse_bayesian_keep010_seed42,35,ola,global,,,all,raw,7,0.00558964711088688,0.0063881669880157714,0.005988907049451326,64,0.7875433491222399,0.9960695686351577,101770
bayesfl_observability_v1,ola_sparse_bayesian_keep010_seed42,35,ola,global,,,all,raw,8,0.0063881669880157714,0.007186686865144663,0.006787426926580217,67,0.8244594436123449,0.9967279158887687,101770
bayesfl_observability_v1,ola_sparse_bayesian_keep010_seed42,35,ola,global,,,all,raw,9,0.007186686865144663,0.007985206742273553,0.007585946803709108,36,0.4429931338812605,0.9970816547116046,101770
bayesfl_observability_v1,ola_sparse_bayesian_keep010_seed42,35,ola,global,,,all,raw,10,0.007985206742273553,0.008783726619402445,0.008384466680837999,38,0.46760386354132993,0.9974550456912646,101770
bayesfl_observability_v1,ola_sparse_bayesian_keep010_seed42,35,ola,global,,,all,raw,11,0.008783726619402445,0.009582246496531336,0.00918298655796689,35,0.4306877690512249,0.9977989584356883,101770
bayesfl_observability_v1,ola_sparse_bayesian_keep010_seed42,35,ola,global,,,all,raw,12,0.009582246496531336,0.010380766373660227,0.009981506435095782,22,0.27071802626076996,0.9980151321607547,101770
bayesfl_observability_v1,ola_sparse_bayesian_keep010_seed42,35,ola,global,,,all,raw,13,0.010380766373660227,0.011179286250789119,0.010780026312224673,20,0.24610729660069997,0.9982116537289968,101770
bayesfl_observability_v1,ola_sparse_bayesian_keep010_seed42,35,ola,global,,,all,raw,14,0.011179286250789119,0.01197780612791801,0.011578546189353564,16,0.19688583728055997,0.9983688709835904,101770
bayesfl_observability_v1,ola_sparse_bayesian_keep010_seed42,35,ola,global,,,all,raw,15,0.01197780612791801,0.012776326005046901,0.012377066066482456,16,0.19688583728055997,0.9985260882381841,101770
bayesfl_observability_v1,ola_sparse_bayesian_keep010_seed42,35,ola,global,,,all,raw,16,0.012776326005046901,0.013574845882175793,0.013175585943611347,11,0.13535901313038498,0.9986341751007173,101770
bayesfl_observability_v1,ola_sparse_bayesian_keep010_seed42,35,ola,global,,,all,raw,17,0.013574845882175793,0.014373365759304684,0.013974105820740238,17,0.20919120211059497,0.998801218433723,101770
bayesfl_observability_v1,ola_sparse_bayesian_keep010_seed42,35,ola,global,,,all,raw,18,0.014373365759304684,0.015171885636433576,0.01477262569786913,12,0.14766437796041998,0.9989191313746684,101770
bayesfl_observability_v1,ola_sparse_bayesian_keep010_seed42,35,ola,global,,,all,raw,19,0.015171885636433576,0.015970405513562467,0.015571145574998021,11,0.13535901313038498,0.9990272182372015,101770
bayesfl_observability_v1,ola_sparse_bayesian_keep010_seed42,35,ola,global,,,all,raw,20,0.015970405513562467,0.016768925390691358,0.01636966545212691,9,0.11074828347031498,0.9991156529429105,101770
bayesfl_observability_v1,ola_sparse_bayesian_keep010_seed42,35,ola,global,,,all,raw,21,0.016768925390691358,0.01756744526782025,0.017168185329255806,7,0.08613755381024499,0.9991844354917953,101770
bayesfl_observability_v1,ola_sparse_bayesian_keep010_seed42,35,ola,global,,,all,raw,22,0.01756744526782025,0.01836596514494914,0.017966705206384694,7,0.08613755381024499,0.99925321804068,101770
bayesfl_observability_v1,ola_sparse_bayesian_keep010_seed42,35,ola,global,,,all,raw,23,0.01836596514494914,0.019164485022078032,0.01876522508351359,7,0.08613755381024499,0.9993220005895647,101770
bayesfl_observability_v1,ola_sparse_bayesian_keep010_seed42,35,ola,global,,,all,raw,24,0.019164485022078032,0.019963004899206924,0.019563744960642476,4,0.04922145932013999,0.9993613049032132,101770
bayesfl_observability_v1,ola_sparse_bayesian_keep010_seed42,35,ola,global,,,all,raw,25,0.019963004899206924,0.020761524776335815,0.02036226483777137,3,0.036916094490104995,0.9993907831384494,101770
bayesfl_observability_v1,ola_sparse_bayesian_keep010_seed42,35,ola,global,,,all,raw,26,0.020761524776335815,0.021560044653464706,0.02116078471490026,5,0.06152682415017499,0.99943991353051,101770
bayesfl_observability_v1,ola_sparse_bayesian_keep010_seed42,35,ola,global,,,all,raw,27,0.021560044653464706,0.022358564530593598,0.021959304592029154,3,0.036916094490104995,0.9994693917657463,101770
bayesfl_observability_v1,ola_sparse_bayesian_keep010_seed42,35,ola,global,,,all,raw,28,0.022358564530593598,0.02315708440772249,0.02275782446915804,3,0.036916094490104995,0.9994988700009826,101770
bayesfl_observability_v1,ola_sparse_bayesian_keep010_seed42,35,ola,global,,,all,raw,29,0.02315708440772249,0.02395560428485138,0.023556344346286937,5,0.06152682415017499,0.9995480003930431,101770
bayesfl_observability_v1,ola_sparse_bayesian_keep010_seed42,35,ola,global,,,all,raw,30,0.02395560428485138,0.024754124161980272,0.024354864223415824,3,0.036916094490104995,0.9995774786282795,101770
bayesfl_observability_v1,ola_sparse_bayesian_keep010_seed42,35,ola,global,,,all,raw,31,0.024754124161980272,0.025552644039109163,0.02515338410054472,3,0.036916094490104995,0.9996069568635157,101770
bayesfl_observability_v1,ola_sparse_bayesian_keep010_seed42,35,ola,global,,,all,raw,32,0.025552644039109163,0.026351163916238055,0.025951903977673607,1,0.012305364830034998,0.9996167829419279,101770
bayesfl_observability_v1,ola_sparse_bayesian_keep010_seed42,35,ola,global,,,all,raw,33,0.026351163916238055,0.027149683793366946,0.026750423854802502,0,0.0,0.9996167829419279,101770
bayesfl_observability_v1,ola_sparse_bayesian_keep010_seed42,35,ola,global,,,all,raw,34,0.027149683793366946,0.027948203670495837,0.02754894373193139,3,0.036916094490104995,0.9996462611771642,101770
bayesfl_observability_v1,ola_sparse_bayesian_keep010_seed42,35,ola,global,,,all,raw,35,0.027948203670495837,0.02874672354762473,0.028347463609060285,3,0.036916094490104995,0.9996757394124005,101770
bayesfl_observability_v1,ola_sparse_bayesian_keep010_seed42,35,ola,global,,,all,raw,36,0.02874672354762473,0.02954524342475362,0.029145983486189173,1,0.012305364830034998,0.9996855654908127,101770
bayesfl_observability_v1,ola_sparse_bayesian_keep010_seed42,35,ola,global,,,all,raw,37,0.02954524342475362,0.03034376330188251,0.029944503363318067,3,0.036916094490104995,0.9997150437260489,101770
bayesfl_observability_v1,ola_sparse_bayesian_keep010_seed42,35,ola,global,,,all,raw,38,0.03034376330188251,0.031142283179011403,0.030743023240446955,1,0.012305364830034998,0.9997248698044611,101770
bayesfl_observability_v1,ola_sparse_bayesian_keep010_seed42,35,ola,global,,,all,raw,39,0.031142283179011403,0.0319408030561403,0.03154154311757585,1,0.012305364830034946,0.9997346958828731,101770
bayesfl_observability_v1,ola_sparse_bayesian_keep010_seed42,35,ola,global,,,all,raw,40,0.0319408030561403,0.03273932293326919,0.032340062994704745,1,0.012305364830034946,0.9997445219612853,101770
bayesfl_observability_v1,ola_sparse_bayesian_keep010_seed42,35,ola,global,,,all,raw,41,0.03273932293326919,0.03353784281039808,0.03313858287183363,2,0.024610729660070104,0.9997641741181095,101770
bayesfl_observability_v1,ola_sparse_bayesian_keep010_seed42,35,ola,global,,,all,raw,42,0.03353784281039808,0.03433636268752697,0.03393710274896253,1,0.012305364830035052,0.9997740001965215,101770
bayesfl_observability_v1,ola_sparse_bayesian_keep010_seed42,35,ola,global,,,all,raw,43,0.03433636268752697,0.03513488256465586,0.034735622626091416,2,0.024610729660069892,0.9997936523533458,101770
bayesfl_observability_v1,ola_sparse_bayesian_keep010_seed42,35,ola,global,,,all,raw,44,0.03513488256465586,0.03593340244178476,0.03553414250322031,1,0.012305364830034946,0.9998034784317579,101770
bayesfl_observability_v1,ola_sparse_bayesian_keep010_seed42,35,ola,global,,,all,raw,45,0.03593340244178476,0.036731922318913646,0.0363326623803492,1,0.012305364830035052,0.99981330451017,101770
bayesfl_observability_v1,ola_sparse_bayesian_keep010_seed42,35,ola,global,,,all,raw,46,0.036731922318913646,0.037530442196042534,0.03713118225747809,0,0.0,0.99981330451017,101770
bayesfl_observability_v1,ola_sparse_bayesian_keep010_seed42,35,ola,global,,,all,raw,47,0.037530442196042534,0.03832896207317143,0.03792970213460698,1,0.012305364830034946,0.9998231305885821,101770
bayesfl_observability_v1,ola_sparse_bayesian_keep010_seed42,35,ola,global,,,all,raw,48,0.03832896207317143,0.03912748195030032,0.038728222011735876,0,0.0,0.9998231305885821,101770
bayesfl_observability_v1,ola_sparse_bayesian_keep010_seed42,35,ola,global,,,all,raw,49,0.03912748195030032,0.03992600182742921,0.039526741888864764,0,0.0,0.9998231305885821,101770
bayesfl_observability_v1,ola_sparse_bayesian_keep010_seed42,35,ola,global,,,all,raw,50,0.03992600182742921,0.0407245217045581,0.04032526176599366,3,0.036916094490105154,0.9998526088238184,101770
bayesfl_observability_v1,ola_sparse_bayesian_keep010_seed42,35,ola,global,,,all,raw,51,0.0407245217045581,0.041523041581686994,0.041123781643122546,1,0.012305364830034946,0.9998624349022305,101770
bayesfl_observability_v1,ola_sparse_bayesian_keep010_seed42,35,ola,global,,,all,raw,52,0.041523041581686994,0.04232156145881589,0.04192230152025144,2,0.024610729660069892,0.9998820870590547,101770
bayesfl_observability_v1,ola_sparse_bayesian_keep010_seed42,35,ola,global,,,all,raw,53,0.04232156145881589,0.04312008133594478,0.04272082139738033,2,0.024610729660070104,0.999901739215879,101770
bayesfl_observability_v1,ola_sparse_bayesian_keep010_seed42,35,ola,global,,,all,raw,54,0.04312008133594478,0.043918601213073664,0.043519341274509224,0,0.0,0.999901739215879,101770
bayesfl_observability_v1,ola_sparse_bayesian_keep010_seed42,35,ola,global,,,all,raw,55,0.043918601213073664,0.04471712109020256,0.04431786115163811,1,0.012305364830034946,0.999911565294291,101770
bayesfl_observability_v1,ola_sparse_bayesian_keep010_seed42,35,ola,global,,,all,raw,56,0.04471712109020256,0.045515640967331454,0.04511638102876701,0,0.0,0.999911565294291,101770
bayesfl_observability_v1,ola_sparse_bayesian_keep010_seed42,35,ola,global,,,all,raw,57,0.045515640967331454,0.04631416084446034,0.045914900905895895,1,0.012305364830035052,0.9999213913727032,101770
bayesfl_observability_v1,ola_sparse_bayesian_keep010_seed42,35,ola,global,,,all,raw,58,0.04631416084446034,0.04711268072158923,0.04671342078302479,0,0.0,0.9999213913727032,101770
bayesfl_observability_v1,ola_sparse_bayesian_keep010_seed42,35,ola,global,,,all,raw,59,0.04711268072158923,0.047911200598718125,0.04751194066015368,0,0.0,0.9999213913727032,101770
bayesfl_observability_v1,ola_sparse_bayesian_keep010_seed42,35,ola,global,,,all,raw,60,0.047911200598718125,0.04870972047584702,0.04831046053728257,1,0.012305364830034946,0.9999312174511152,101770
bayesfl_observability_v1,ola_sparse_bayesian_keep010_seed42,35,ola,global,,,all,raw,61,0.04870972047584702,0.04950824035297591,0.04910898041441146,0,0.0,0.9999312174511152,101770
bayesfl_observability_v1,ola_sparse_bayesian_keep010_seed42,35,ola,global,,,all,raw,62,0.04950824035297591,0.050306760230104795,0.049907500291540355,0,0.0,0.9999312174511152,101770
bayesfl_observability_v1,ola_sparse_bayesian_keep010_seed42,35,ola,global,,,all,raw,63,0.050306760230104795,0.05110528010723369,0.05070602016866924,0,0.0,0.9999312174511152,101770
bayesfl_observability_v1,ola_sparse_bayesian_keep010_seed42,35,ola,global,,,all,raw,64,0.05110528010723369,0.051903799984362585,0.05150454004579814,1,0.012305364830034946,0.9999410435295274,101770
bayesfl_observability_v1,ola_sparse_bayesian_keep010_seed42,35,ola,global,,,all,raw,65,0.051903799984362585,0.05270231986149147,0.052303059922927025,0,0.0,0.9999410435295274,101770
bayesfl_observability_v1,ola_sparse_bayesian_keep010_seed42,35,ola,global,,,all,raw,66,0.05270231986149147,0.05350083973862036,0.05310157980005592,0,0.0,0.9999410435295274,101770
bayesfl_observability_v1,ola_sparse_bayesian_keep010_seed42,35,ola,global,,,all,raw,67,0.05350083973862036,0.054299359615749256,0.05390009967718481,0,0.0,0.9999410435295274,101770
bayesfl_observability_v1,ola_sparse_bayesian_keep010_seed42,35,ola,global,,,all,raw,68,0.054299359615749256,0.05509787949287815,0.0546986195543137,0,0.0,0.9999410435295274,101770
bayesfl_observability_v1,ola_sparse_bayesian_keep010_seed42,35,ola,global,,,all,raw,69,0.05509787949287815,0.05589639937000704,0.05549713943144259,0,0.0,0.9999410435295274,101770
bayesfl_observability_v1,ola_sparse_bayesian_keep010_seed42,35,ola,global,,,all,raw,70,0.05589639937000704,0.056694919247135926,0.056295659308571486,0,0.0,0.9999410435295274,101770
bayesfl_observability_v1,ola_sparse_bayesian_keep010_seed42,35,ola,global,,,all,raw,71,0.056694919247135926,0.05749343912426482,0.057094179185700374,1,0.012305364830034946,0.9999508696079394,101770
bayesfl_observability_v1,ola_sparse_bayesian_keep010_seed42,35,ola,global,,,all,raw,72,0.05749343912426482,0.058291959001393716,0.05789269906282927,2,0.024610729660069892,0.9999705217647636,101770
bayesfl_observability_v1,ola_sparse_bayesian_keep010_seed42,35,ola,global,,,all,raw,73,0.058291959001393716,0.059090478878522604,0.058691218939958156,1,0.012305364830035052,0.9999803478431758,101770
bayesfl_observability_v1,ola_sparse_bayesian_keep010_seed42,35,ola,global,,,all,raw,74,0.059090478878522604,0.05988899875565149,0.05948973881708705,0,0.0,0.9999803478431758,101770
bayesfl_observability_v1,ola_sparse_bayesian_keep010_seed42,35,ola,global,,,all,raw,75,0.05988899875565149,0.060687518632780386,0.06028825869421594,1,0.012305364830034946,0.9999901739215878,101770
bayesfl_observability_v1,ola_sparse_bayesian_keep010_seed42,35,ola,global,,,all,raw,76,0.060687518632780386,0.06148603850990928,0.061086778571344834,0,0.0,0.9999901739215878,101770
bayesfl_observability_v1,ola_sparse_bayesian_keep010_seed42,35,ola,global,,,all,raw,77,0.06148603850990928,0.06228455838703817,0.06188529844847372,0,0.0,0.9999901739215878,101770
bayesfl_observability_v1,ola_sparse_bayesian_keep010_seed42,35,ola,global,,,all,raw,78,0.06228455838703817,0.06308307826416705,0.0626838183256026,0,0.0,0.9999901739215878,101770
bayesfl_observability_v1,ola_sparse_bayesian_keep010_seed42,35,ola,global,,,all,raw,79,0.06308307826416705,0.06388159814129594,0.0634823382027315,1,0.012305364830034946,1.0,101770
bayesfl_observability_v1,ola_sparse_bayesian_keep010_seed42,35,ola,global,,,all,db,0,-161.96867093466253,-160.2427186048646,-161.10569476976355,1,5.693134301835622e-06,9.826078412105729e-06,101770
bayesfl_observability_v1,ola_sparse_bayesian_keep010_seed42,35,ola,global,,,all,db,1,-160.2427186048646,-158.51676627506666,-159.37974243996564,0,0.0,9.826078412105729e-06,101770
bayesfl_observability_v1,ola_sparse_bayesian_keep010_seed42,35,ola,global,,,all,db,2,-158.51676627506666,-156.79081394526872,-157.65379011016768,0,0.0,9.826078412105729e-06,101770
bayesfl_observability_v1,ola_sparse_bayesian_keep010_seed42,35,ola,global,,,all,db,3,-156.79081394526872,-155.06486161547082,-155.92783778036977,0,0.0,9.826078412105729e-06,101770
bayesfl_observability_v1,ola_sparse_bayesian_keep010_seed42,35,ola,global,,,all,db,4,-155.06486161547082,-153.33890928567288,-154.20188545057187,2,1.1386268603671244e-05,2.9478235236317185e-05,101770
bayesfl_observability_v1,ola_sparse_bayesian_keep010_seed42,35,ola,global,,,all,db,5,-153.33890928567288,-151.61295695587495,-152.4759331207739,1,5.693134301835622e-06,3.9304313648422916e-05,101770
bayesfl_observability_v1,ola_sparse_bayesian_keep010_seed42,35,ola,global,,,all,db,6,-151.61295695587495,-149.88700462607702,-150.749980790976,1,5.693134301835622e-06,4.913039206052864e-05,101770
bayesfl_observability_v1,ola_sparse_bayesian_keep010_seed42,35,ola,global,,,all,db,7,-149.88700462607702,-148.16105229627908,-149.02402846117803,1,5.693134301835622e-06,5.895647047263437e-05,101770
bayesfl_observability_v1,ola_sparse_bayesian_keep010_seed42,35,ola,global,,,all,db,8,-148.16105229627908,-146.43509996648115,-147.29807613138013,1,5.693134301835622e-06,6.87825488847401e-05,101770
bayesfl_observability_v1,ola_sparse_bayesian_keep010_seed42,35,ola,global,,,all,db,9,-146.43509996648115,-144.7091476366832,-145.57212380158217,0,0.0,6.87825488847401e-05,101770
bayesfl_observability_v1,ola_sparse_bayesian_keep010_seed42,35,ola,global,,,all,db,10,-144.7091476366832,-142.98319530688528,-143.84617147178426,0,0.0,6.87825488847401e-05,101770
bayesfl_observability_v1,ola_sparse_bayesian_keep010_seed42,35,ola,global,,,all,db,11,-142.98319530688528,-141.25724297708734,-142.1202191419863,1,5.693134301835622e-06,7.860862729684583e-05,101770
bayesfl_observability_v1,ola_sparse_bayesian_keep010_seed42,35,ola,global,,,all,db,12,-141.25724297708734,-139.53129064728944,-140.3942668121884,0,0.0,7.860862729684583e-05,101770
bayesfl_observability_v1,ola_sparse_bayesian_keep010_seed42,35,ola,global,,,all,db,13,-139.53129064728944,-137.8053383174915,-138.66831448239049,3,1.7079402905506867e-05,0.00010808686253316301,101770
bayesfl_observability_v1,ola_sparse_bayesian_keep010_seed42,35,ola,global,,,all,db,14,-137.8053383174915,-136.07938598769357,-136.94236215259252,2,1.1386268603671244e-05,0.00012773901935737446,101770
bayesfl_observability_v1,ola_sparse_bayesian_keep010_seed42,35,ola,global,,,all,db,15,-136.07938598769357,-134.35343365789564,-135.21640982279462,2,1.1386268603671244e-05,0.00014739117618158592,101770
bayesfl_observability_v1,ola_sparse_bayesian_keep010_seed42,35,ola,global,,,all,db,16,-134.35343365789564,-132.6274813280977,-133.49045749299665,3,1.7079402905506867e-05,0.00017686941141790313,101770
bayesfl_observability_v1,ola_sparse_bayesian_keep010_seed42,35,ola,global,,,all,db,17,-132.6274813280977,-130.90152899829977,-131.76450516319875,9,5.12382087165206e-05,0.00026530411712685466,101770
bayesfl_observability_v1,ola_sparse_bayesian_keep010_seed42,35,ola,global,,,all,db,18,-130.90152899829977,-129.17557666850183,-130.0385528334008,6,3.4158805811013734e-05,0.000324260587599489,101770
bayesfl_observability_v1,ola_sparse_bayesian_keep010_seed42,35,ola,global,,,all,db,19,-129.17557666850183,-127.44962433870391,-128.31260050360288,3,1.707940290550701e-05,0.00035373882283580625,101770
bayesfl_observability_v1,ola_sparse_bayesian_keep010_seed42,35,ola,global,,,all,db,20,-127.44962433870391,-125.72367200890598,-126.58664817380495,12,6.831761162202747e-05,0.00047165176378107497,101770
bayesfl_observability_v1,ola_sparse_bayesian_keep010_seed42,35,ola,global,,,all,db,21,-125.72367200890598,-123.99771967910806,-124.86069584400701,12,6.831761162202804e-05,0.0005895647047263437,101770
bayesfl_observability_v1,ola_sparse_bayesian_keep010_seed42,35,ola,global,,,all,db,22,-123.99771967910806,-122.27176734931012,-123.13474351420909,8,4.554507441468498e-05,0.0006681733320231895,101770
bayesfl_observability_v1,ola_sparse_bayesian_keep010_seed42,35,ola,global,,,all,db,23,-122.27176734931012,-120.54581501951219,-121.40879118441116,8,4.554507441468498e-05,0.0007467819593200354,101770
bayesfl_observability_v1,ola_sparse_bayesian_keep010_seed42,35,ola,global,,,all,db,24,-120.54581501951219,-118.81986268971426,-119.68283885461322,11,6.262447732019185e-05,0.0008548688218531984,101770
bayesfl_observability_v1,ola_sparse_bayesian_keep010_seed42,35,ola,global,,,all,db,25,-118.81986268971426,-117.09391035991632,-117.95688652481529,20,0.00011386268603671245,0.001051390390095313,101770
bayesfl_observability_v1,ola_sparse_bayesian_keep010_seed42,35,ola,global,,,all,db,26,-117.09391035991632,-115.3679580301184,-116.23093419501737,13,7.401074592386371e-05,0.0011791294094526874,101770
bayesfl_observability_v1,ola_sparse_bayesian_keep010_seed42,35,ola,global,,,all,db,27,-115.3679580301184,-113.64200570032047,-114.50498186521943,37,0.00021064596916791804,0.0015426943107005994,101770
bayesfl_observability_v1,ola_sparse_bayesian_keep010_seed42,35,ola,global,,,all,db,28,-113.64200570032047,-111.91605337052253,-112.7790295354215,41,0.0002334185063752605,0.0019455635255969342,101770
bayesfl_observability_v1,ola_sparse_bayesian_keep010_seed42,35,ola,global,,,all,db,29,-111.91605337052253,-110.19010104072461,-111.05307720562357,43,0.0002448047749789338,0.0023680848973174806,101770
bayesfl_observability_v1,ola_sparse_bayesian_keep010_seed42,35,ola,global,,,all,db,30,-110.19010104072461,-108.46414871092668,-109.32712487582565,54,0.0003074292522991236,0.00289869313157119,101770
bayesfl_observability_v1,ola_sparse_bayesian_keep010_seed42,35,ola,global,,,all,db,31,-108.46414871092668,-106.73819638112874,-107.60117254602771,70,0.00039851940112849355,0.003586518620418591,101770
bayesfl_observability_v1,ola_sparse_bayesian_keep010_seed42,35,ola,global,,,all,db,32,-106.73819638112874,-105.01224405133081,-105.87522021622978,50,0.00028465671509178114,0.004077822541023878,101770
bayesfl_observability_v1,ola_sparse_bayesian_keep010_seed42,35,ola,global,,,all,db,33,-105.01224405133081,-103.28629172153288,-104.14926788643184,97,0.0005522340272780554,0.005030952146998133,101770
bayesfl_observability_v1,ola_sparse_bayesian_keep010_seed42,35,ola,global,,,all,db,34,-103.28629172153288,-101.56033939173496,-102.42331555663392,123,0.0007002555191257874,0.006239559791687137,101770
bayesfl_observability_v1,ola_sparse_bayesian_keep010_seed42,35,ola,global,,,all,db,35,-101.56033939173496,-99.83438706193702,-100.69736322683599,141,0.0008027319365588228,0.007625036847794045,101770
bayesfl_observability_v1,ola_sparse_bayesian_keep010_seed42,35,ola,global,,,all,db,36,-99.83438706193702,-98.10843473213909,-98.97141089703806,171,0.0009735259656138914,0.009305296256264126,101770
bayesfl_observability_v1,ola_sparse_bayesian_keep010_seed42,35,ola,global,,,all,db,37,-98.10843473213909,-96.38248240234117,-97.24545856724012,225,0.0012809552179130256,0.011516163898987915,101770
bayesfl_observability_v1,ola_sparse_bayesian_keep010_seed42,35,ola,global,,,all,db,38,-96.38248240234117,-94.65653007254323,-95.5195062374422,241,0.001372045366742385,0.013884248796305395,101770
bayesfl_observability_v1,ola_sparse_bayesian_keep010_seed42,35,ola,global,,,all,db,39,-94.65653007254323,-92.9305777427453,-93.79355390764427,329,0.0018730411853039198,0.017117028593888178,101770
bayesfl_observability_v1,ola_sparse_bayesian_keep010_seed42,35,ola,global,,,all,db,40,-92.9305777427453,-91.20462541294737,-92.06760157784633,352,0.0020039832742461392,0.020575808194949394,101770
bayesfl_observability_v1,ola_sparse_bayesian_keep010_seed42,35,ola,global,,,all,db,41,-91.20462541294737,-89.47867308314943,-90.3416492480484,457,0.0026017623759388795,0.025066326029281712,101770
bayesfl_observability_v1,ola_sparse_bayesian_keep010_seed42,35,ola,global,,,all,db,42,-89.47867308314943,-87.75272075335151,-88.61569691825048,542,0.003085678791594933,0.03039206052864302,101770
bayesfl_observability_v1,ola_sparse_bayesian_keep010_seed42,35,ola,global,,,all,db,43,-87.75272075335151,-86.02676842355358,-86.88974458845254,638,0.003632219684571127,0.03666109855556647,101770
bayesfl_observability_v1,ola_sparse_bayesian_keep010_seed42,35,ola,global,,,all,db,44,-86.02676842355358,-84.30081609375564,-85.16379225865461,816,0.004645597590297868,0.044679178539844745,101770
bayesfl_observability_v1,ola_sparse_bayesian_keep010_seed42,35,ola,global,,,all,db,45,-84.30081609375564,-82.57486376395772,-83.43783992885668,942,0.005362932512329201,0.053935344404048347,101770
bayesfl_observability_v1,ola_sparse_bayesian_keep010_seed42,35,ola,global,,,all,db,46,-82.57486376395772,-80.84891143415979,-81.71188759905876,1250,0.007116417877294528,0.06621794241918051,101770
bayesfl_observability_v1,ola_sparse_bayesian_keep010_seed42,35,ola,global,,,all,db,47,-80.84891143415979,-79.12295910436185,-79.98593526926082,1485,0.0084543044382259,0.08080966886115751,101770
bayesfl_observability_v1,ola_sparse_bayesian_keep010_seed42,35,ola,global,,,all,db,48,-79.12295910436185,-77.39700677456392,-78.25998293946289,1805,0.010276107414813298,0.09854574039500835,101770
bayesfl_observability_v1,ola_sparse_bayesian_keep010_seed42,35,ola,global,,,all,db,49,-77.39700677456392,-75.67105444476599,-76.53403060966495,2214,0.012604599344264068,0.12030067799941044,101770
bayesfl_observability_v1,ola_sparse_bayesian_keep010_seed42,35,ola,global,,,all,db,50,-75.67105444476599,-73.94510211496807,-74.80807827986703,2710,0.015428393957974665,0.14692935049621697,101770
bayesfl_observability_v1,ola_sparse_bayesian_keep010_seed42,35,ola,global,,,all,db,51,-73.94510211496807,-72.21914978517013,-73.0821259500691,3321,0.0189068990163961,0.17956175690282009,101770
bayesfl_observability_v1,ola_sparse_bayesian_keep010_seed42,35,ola,global,,,all,db,52,-72.21914978517013,-70.4931974553722,-71.35617362027116,3979,0.022652981387003942,0.21865972290458877,101770
bayesfl_observability_v1,ola_sparse_bayesian_keep010_seed42,35,ola,global,,,all,db,53,-70.4931974553722,-68.76724512557428,-69.63022129047323,4881,0.027788188527259904,0.26662081163407686,101770
bayesfl_observability_v1,ola_sparse_bayesian_keep010_seed42,35,ola,global,,,all,db,54,-68.76724512557428,-67.04129279577634,-67.90426896067531,6149,0.035007082821987244,0.32704136779011495,101770
bayesfl_observability_v1,ola_sparse_bayesian_keep010_seed42,35,ola,global,,,all,db,55,-67.04129279577634,-65.31534046597841,-66.17831663087738,7373,0.041975479207434045,0.3994890439225705,101770
bayesfl_observability_v1,ola_sparse_bayesian_keep010_seed42,35,ola,global,,,all,db,56,-65.31534046597841,-63.589388136180474,-64.45236430107944,8927,0.050822609912486605,0.48720644590743833,101770
bayesfl_observability_v1,ola_sparse_bayesian_keep010_seed42,35,ola,global,,,all,db,57,-63.589388136180474,-61.86343580638254,-62.72641197128151,10759,0.06125243195344946,0.5929252235432839,101770
bayesfl_observability_v1,ola_sparse_bayesian_keep010_seed42,35,ola,global,,,all,db,58,-61.86343580638254,-60.13748347658462,-61.00045964148358,13222,0.07527462173887123,0.7228456323081458,101770
bayesfl_observability_v1,ola_sparse_bayesian_keep010_seed42,35,ola,global,,,all,db,59,-60.13748347658462,-58.411531146786686,-59.27450731168565,12724,0.07243944085655646,0.8478726540237791,101770
bayesfl_observability_v1,ola_sparse_bayesian_keep010_seed42,35,ola,global,,,all,db,60,-58.411531146786686,-56.68557881698875,-57.54855498188772,6768,0.038531132954823494,0.9143755527169107,101770
bayesfl_observability_v1,ola_sparse_bayesian_keep010_seed42,35,ola,global,,,all,db,61,-56.68557881698875,-54.95962648719083,-55.82260265208979,4510,0.02567603570127887,0.9586911663555076,101770
bayesfl_observability_v1,ola_sparse_bayesian_keep010_seed42,35,ola,global,,,all,db,62,-54.95962648719083,-53.2336741573929,-54.096650322291865,2317,0.013190992177353138,0.9814581900363565,101770
bayesfl_observability_v1,ola_sparse_bayesian_keep010_seed42,35,ola,global,,,all,db,63,-53.2336741573929,-51.50772182759496,-52.37069799249393,844,0.004805005350749266,0.9897514002161737,101770
bayesfl_observability_v1,ola_sparse_bayesian_keep010_seed42,35,ola,global,,,all,db,64,-51.50772182759496,-49.78176949779703,-50.644745662695996,259,0.0014745217841754263,0.9922963545249092,101770
bayesfl_observability_v1,ola_sparse_bayesian_keep010_seed42,35,ola,global,,,all,db,65,-49.78176949779703,-48.055817167999095,-48.91879333289806,129,0.0007344143249367953,0.9935639186400708,101770
bayesfl_observability_v1,ola_sparse_bayesian_keep010_seed42,35,ola,global,,,all,db,66,-48.055817167999095,-46.329864838201175,-47.192841003100135,117,0.0006660967133147734,0.9947135698142872,101770
bayesfl_observability_v1,ola_sparse_bayesian_keep010_seed42,35,ola,global,,,all,db,67,-46.329864838201175,-44.60391250840324,-45.46688867330221,93,0.0005294614900707129,0.9956273951066129,101770
bayesfl_observability_v1,ola_sparse_bayesian_keep010_seed42,35,ola,global,,,all,db,68,-44.60391250840324,-42.877960178605306,-43.74093634350427,111,0.0006319379075037541,0.9967180898103567,101770
bayesfl_observability_v1,ola_sparse_bayesian_keep010_seed42,35,ola,global,,,all,db,69,-42.877960178605306,-41.152007848807386,-42.014984013706346,75,0.00042698507263767523,0.9974550456912646,101770
bayesfl_observability_v1,ola_sparse_bayesian_keep010_seed42,35,ola,global,,,all,db,70,-41.152007848807386,-39.42605551900945,-40.28903168390842,64,0.0003643605953174798,0.9980839147096394,101770
bayesfl_observability_v1,ola_sparse_bayesian_keep010_seed42,35,ola,global,,,all,db,71,-39.42605551900945,-37.70010318921152,-38.563079354110485,49,0.0002789635807899455,0.9985653925518325,101770
bayesfl_observability_v1,ola_sparse_bayesian_keep010_seed42,35,ola,global,,,all,db,72,-37.70010318921152,-35.974150859413584,-36.83712702431255,44,0.0002504979092807674,0.9989977400019652,101770
bayesfl_observability_v1,ola_sparse_bayesian_keep010_seed42,35,ola,global,,,all,db,73,-35.974150859413584,-34.24819852961565,-35.11117469451462,35,0.00019925970056424678,0.9993416527463889,101770
bayesfl_observability_v1,ola_sparse_bayesian_keep010_seed42,35,ola,global,,,all,db,74,-34.24819852961565,-32.522246199817715,-33.38522236471668,20,0.00011386268603671245,0.999538174314631,101770
bayesfl_observability_v1,ola_sparse_bayesian_keep010_seed42,35,ola,global,,,all,db,75,-32.522246199817715,-30.79629387001981,-31.659270034918762,15,8.539701452753576e-05,0.9996855654908127,101770
bayesfl_observability_v1,ola_sparse_bayesian_keep010_seed42,35,ola,global,,,all,db,76,-30.79629387001981,-29.070341540221875,-29.933317705120842,11,6.262447732019185e-05,0.9997936523533458,101770
bayesfl_observability_v1,ola_sparse_bayesian_keep010_seed42,35,ola,global,,,all,db,77,-29.070341540221875,-27.34438921042394,-28.207365375322908,11,6.262447732019185e-05,0.999901739215879,101770
bayesfl_observability_v1,ola_sparse_bayesian_keep010_seed42,35,ola,global,,,all,db,78,-27.34438921042394,-25.618436880626007,-26.481413045524974,4,2.277253720734249e-05,0.9999410435295274,101770
bayesfl_observability_v1,ola_sparse_bayesian_keep010_seed42,35,ola,global,,,all,db,79,-25.618436880626007,-23.892484550828087,-24.755460715727047,6,3.415880581101402e-05,1.0,101770
bayesfl_observability_v1,ola_sparse_bayesian_keep010_seed42,35,ola,global,,,layers.0.weight,raw,0,7.970984640244946e-09,5.73131916580155e-05,2.8660581321327874e-05,4252,739.3890834718098,0.04237085459183673,100352
bayesfl_observability_v1,ola_sparse_bayesian_keep010_seed42,35,ola,global,,,layers.0.weight,raw,1,5.73131916580155e-05,0.00011461841233139074,8.596580199470312e-05,4247,738.5196231196558,0.08469188456632654,100352
bayesfl_observability_v1,ola_sparse_bayesian_keep010_seed42,35,ola,global,,,layers.0.weight,raw,2,0.00011461841233139074,0.000171923633004766,0.00014327102266807837,4233,736.0851341336245,0.1268734056122449,100352
bayesfl_observability_v1,ola_sparse_bayesian_keep010_seed42,35,ola,global,,,layers.0.weight,raw,3,0.000171923633004766,0.00022922885367814125,0.00020057624334145362,4292,746.3447662890424,0.16964285714285715,100352
bayesfl_observability_v1,ola_sparse_bayesian_keep010_seed42,35,ola,global,,,layers.0.weight,raw,4,0.00022922885367814125,0.0002865340743515165,0.0002578814640148289,4244,737.9979469083634,0.21193399234693877,100352
bayesfl_observability_v1,ola_sparse_bayesian_keep010_seed42,35,ola,global,,,layers.0.weight,raw,5,0.0002865340743515165,0.00034383929502489175,0.0003151866846882041,4245,738.1718389787942,0.2542350924744898,100352
bayesfl_observability_v1,ola_sparse_bayesian_keep010_seed42,35,ola,global,,,layers.0.weight,raw,6,0.00034383929502489175,0.000401144515698267,0.0003724919053615794,4459,775.3847420509878,0.2986686862244898,100352
bayesfl_observability_v1,ola_sparse_bayesian_keep010_seed42,35,ola,global,,,layers.0.weight,raw,7,0.000401144515698267,0.00045844973637164225,0.0004297971260349546,4207,731.5639403024234,0.3405911192602041,100352
bayesfl_observability_v1,ola_sparse_bayesian_keep010_seed42,35,ola,global,,,layers.0.weight,raw,8,0.00045844973637164225,0.0005157549570450176,0.0004871023467083299,4334,753.6482332471356,0.3837790975765306,100352
bayesfl_observability_v1,ola_sparse_bayesian_keep010_seed42,35,ola,global,,,layers.0.weight,raw,9,0.0005157549570450176,0.0005730601777183928,0.0005444075673817052,4233,736.0851341336252,0.425960618622449,100352
bayesfl_observability_v1,ola_sparse_bayesian_keep010_seed42,35,ola,global,,,layers.0.weight,raw,10,0.0005730601777183928,0.000630365398391768,0.0006017127880550803,4265,741.6496803874111,0.46846101721938777,100352
bayesfl_observability_v1,ola_sparse_bayesian_keep010_seed42,35,ola,global,,,layers.0.weight,raw,11,0.000630365398391768,0.0006876706190651433,0.0006590180087284556,4280,744.2580614438718,0.5111108896683674,100352
bayesfl_observability_v1,ola_sparse_bayesian_keep010_seed42,35,ola,global,,,layers.0.weight,raw,12,0.0006876706190651433,0.0007449758397385186,0.0007163232294018309,4221,733.998429288454,0.5531728316326531,100352
bayesfl_observability_v1,ola_sparse_bayesian_keep010_seed42,35,ola,global,,,layers.0.weight,raw,13,0.0007449758397385186,0.0008022810604118938,0.0007736284500752062,4237,736.7807024153484,0.5953942123724489,100352
bayesfl_observability_v1,ola_sparse_bayesian_keep010_seed42,35,ola,global,,,layers.0.weight,raw,14,0.0008022810604118938,0.000859586281085269,0.0008309336707485813,4291,746.1708742186122,0.6381536989795918,100352
bayesfl_observability_v1,ola_sparse_bayesian_keep010_seed42,35,ola,global,,,layers.0.weight,raw,15,0.000859586281085269,0.0009168915017586443,0.0008882388914219566,4172,725.4777178373442,0.6797273596938775,100352
bayesfl_observability_v1,ola_sparse_bayesian_keep010_seed42,35,ola,global,,,layers.0.weight,raw,16,0.0009168915017586443,0.0009741967224320196,0.0009455441120953319,4322,751.5615284019659,0.7227957589285714,100352
bayesfl_observability_v1,ola_sparse_bayesian_keep010_seed42,35,ola,global,,,layers.0.weight,raw,17,0.0009741967224320196,0.001031501943105395,0.0010028493327687072,4067,707.2190504421077,0.7633231026785714,100352
bayesfl_observability_v1,ola_sparse_bayesian_keep010_seed42,35,ola,global,,,layers.0.weight,raw,18,0.001031501943105395,0.00108880716377877,0.0010601545534420825,3894,677.1357222575813,0.8021265146683674,100352
bayesfl_observability_v1,ola_sparse_bayesian_keep010_seed42,35,ola,global,,,layers.0.weight,raw,19,0.00108880716377877,0.0011461123844521454,0.0011174597741154578,3093,537.848173842499,0.8329480229591837,100352
bayesfl_observability_v1,ola_sparse_bayesian_keep010_seed42,35,ola,global,,,layers.0.weight,raw,20,0.0011461123844521454,0.0012034176051255207,0.001174764994788833,2477,430.7306584571193,0.8576311383928571,100352
bayesfl_observability_v1,ola_sparse_bayesian_keep010_seed42,35,ola,global,,,layers.0.weight,raw,21,0.0012034176051255207,0.0012607228257988958,0.0012320702154622082,1865,324.30871135346405,0.8762157206632653,100352
bayesfl_observability_v1,ola_sparse_bayesian_keep010_seed42,35,ola,global,,,layers.0.weight,raw,22,0.0012607228257988958,0.001318028046472271,0.0012893754361355835,1513,263.09870256181733,0.8912926498724489,100352
bayesfl_observability_v1,ola_sparse_bayesian_keep010_seed42,35,ola,global,,,layers.0.weight,raw,23,0.001318028046472271,0.0013753332671456464,0.0013466806568089586,1433,249.18733692735242,0.9055723852040817,100352
bayesfl_observability_v1,ola_sparse_bayesian_keep010_seed42,35,ola,global,,,layers.0.weight,raw,24,0.0013753332671456464,0.0014326384878190217,0.0014039858774823341,1197,208.148808305681,0.9175003985969388,100352
bayesfl_observability_v1,ola_sparse_bayesian_keep010_seed42,35,ola,global,,,layers.0.weight,raw,25,0.0014326384878190217,0.001489943708492397,0.0014612910981557092,1023,177.89158805071983,0.9276945153061225,100352
bayesfl_observability_v1,ola_sparse_bayesian_keep010_seed42,35,ola,global,,,layers.0.weight,raw,26,0.001489943708492397,0.001547248929165772,0.0015185963188290845,972,169.0230924587491,0.9373804209183674,100352
bayesfl_observability_v1,ola_sparse_bayesian_keep010_seed42,35,ola,global,,,layers.0.weight,raw,27,0.001547248929165772,0.0016045541498391474,0.0015759015395024598,913,158.76346030333062,0.9464783960459183,100352
bayesfl_observability_v1,ola_sparse_bayesian_keep010_seed42,35,ola,global,,,layers.0.weight,raw,28,0.0016045541498391474,0.0016618593705125227,0.001633206760175835,791,137.54862771077165,0.9543606505102041,100352
bayesfl_observability_v1,ola_sparse_bayesian_keep010_seed42,35,ola,global,,,layers.0.weight,raw,29,0.0016618593705125227,0.0017191645911858978,0.0016905119808492102,691,120.15942066769098,0.9612464126275511,100352
bayesfl_observability_v1,ola_sparse_bayesian_keep010_seed42,35,ola,global,,,layers.0.weight,raw,30,0.0017191645911858978,0.001776469811859273,0.0017478172015225855,574,99.81404842728563,0.9669662786989796,100352
bayesfl_observability_v1,ola_sparse_bayesian_keep010_seed42,35,ola,global,,,layers.0.weight,raw,31,0.001776469811859273,0.0018337750325326484,0.0018051224221959606,476,82.77262552506612,0.9717095822704082,100352
bayesfl_observability_v1,ola_sparse_bayesian_keep010_seed42,35,ola,global,,,layers.0.weight,raw,32,0.0018337750325326484,0.0018910802532060237,0.0018624276428693362,435,75.64305063740287,0.9760443239795918,100352
bayesfl_observability_v1,ola_sparse_bayesian_keep010_seed42,35,ola,global,,,layers.0.weight,raw,33,0.0018910802532060237,0.001948385473879399,0.0019197328635427112,384,66.7745550454315,0.9798708545918368,100352
bayesfl_observability_v1,ola_sparse_bayesian_keep010_seed42,35,ola,global,,,layers.0.weight,raw,34,0.001948385473879399,0.002005690694552774,0.0019770380842160863,315,54.77600218570593,0.9830098054846939,100352
bayesfl_observability_v1,ola_sparse_bayesian_keep010_seed42,35,ola,global,,,layers.0.weight,raw,35,0.002005690694552774,0.0020629959152261494,0.002034343304889462,284,49.385348002350185,0.98583984375,100352
bayesfl_observability_v1,ola_sparse_bayesian_keep010_seed42,35,ola,global,,,layers.0.weight,raw,36,0.0020629959152261494,0.0021203011358995245,0.002091648525562837,236,41.038528621671595,0.9881915656887755,100352
bayesfl_observability_v1,ola_sparse_bayesian_keep010_seed42,35,ola,global,,,layers.0.weight,raw,37,0.0021203011358995245,0.0021776063565728996,0.002148953746236212,201,34.95230615659318,0.9901945153061225,100352
bayesfl_observability_v1,ola_sparse_bayesian_keep010_seed42,35,ola,global,,,layers.0.weight,raw,38,0.0021776063565728996,0.002234911577246275,0.002206258966909587,140,24.344889860313472,0.9915896045918368,100352
bayesfl_observability_v1,ola_sparse_bayesian_keep010_seed42,35,ola,global,,,layers.0.weight,raw,39,0.002234911577246275,0.00229221679791965,0.0022635641875829626,138,23.997105719452033,0.9929647640306123,100352
bayesfl_observability_v1,ola_sparse_bayesian_keep010_seed42,35,ola,global,,,layers.0.weight,raw,40,0.00229221679791965,0.0023495220185930253,0.0023208694082563377,110,19.1281277473893,0.9940609056122449,100352
bayesfl_observability_v1,ola_sparse_bayesian_keep010_seed42,35,ola,global,,,layers.0.weight,raw,41,0.0023495220185930253,0.002406827239266401,0.0023781746289297133,105,18.258667395235104,0.9951072225765306,100352
bayesfl_observability_v1,ola_sparse_bayesian_keep010_seed42,35,ola,global,,,layers.0.weight,raw,42,0.002406827239266401,0.002464132459939776,0.0024354798496030883,84,14.606933916188193,0.9959442761479592,100352
bayesfl_observability_v1,ola_sparse_bayesian_keep010_seed42,35,ola,global,,,layers.0.weight,raw,43,0.002464132459939776,0.002521437680613151,0.0024927850702764634,83,14.433041845757382,0.9967713647959183,100352
bayesfl_observability_v1,ola_sparse_bayesian_keep010_seed42,35,ola,global,,,layers.0.weight,raw,44,0.002521437680613151,0.0025787429012865265,0.0025500902909498385,57,9.911848014556199,0.9973393654336735,100352
bayesfl_observability_v1,ola_sparse_bayesian_keep010_seed42,35,ola,global,,,layers.0.weight,raw,45,0.0025787429012865265,0.0026360481219599016,0.002607395511623214,53,9.216279732833026,0.9978675063775511,100352
bayesfl_observability_v1,ola_sparse_bayesian_keep010_seed42,35,ola,global,,,layers.0.weight,raw,46,0.0026360481219599016,0.002693353342633277,0.0026647007322965896,41,7.129574887663231,0.9982760682397959,100352
bayesfl_observability_v1,ola_sparse_bayesian_keep010_seed42,35,ola,global,,,layers.0.weight,raw,47,0.002693353342633277,0.002750658563306652,0.0027220059529699647,27,4.695085901631919,0.9985451211734694,100352
bayesfl_observability_v1,ola_sparse_bayesian_keep010_seed42,35,ola,global,,,layers.0.weight,raw,48,0.002750658563306652,0.0028079637839800273,0.0027793111736433397,20,3.4778414086162366,0.9987444196428571,100352
bayesfl_observability_v1,ola_sparse_bayesian_keep010_seed42,35,ola,global,,,layers.0.weight,raw,49,0.0028079637839800273,0.002865269004653403,0.002836616394316715,25,4.347301760770263,0.9989935427295918,100352
bayesfl_observability_v1,ola_sparse_bayesian_keep010_seed42,35,ola,global,,,layers.0.weight,raw,50,0.002865269004653403,0.002922574225326778,0.0028939216149900904,14,2.4344889860313654,0.9991330516581632,100352
bayesfl_observability_v1,ola_sparse_bayesian_keep010_seed42,35,ola,global,,,layers.0.weight,raw,51,0.002922574225326778,0.0029798794460001534,0.002951226835663466,17,2.9561651973237786,0.9993024553571429,100352
bayesfl_observability_v1,ola_sparse_bayesian_keep010_seed42,35,ola,global,,,layers.0.weight,raw,52,0.0029798794460001534,0.0030371846666735285,0.003008532056336841,11,1.91281277473893,0.9994120695153061,100352
bayesfl_observability_v1,ola_sparse_bayesian_keep010_seed42,35,ola,global,,,layers.0.weight,raw,53,0.0030371846666735285,0.0030944898873469036,0.003065837277010216,9,1.5650286338773065,0.9995017538265306,100352
bayesfl_observability_v1,ola_sparse_bayesian_keep010_seed42,35,ola,global,,,layers.0.weight,raw,54,0.0030944898873469036,0.003151795108020279,0.003123142497683591,5,0.8694603521540526,0.9995515784438775,100352
bayesfl_observability_v1,ola_sparse_bayesian_keep010_seed42,35,ola,global,,,layers.0.weight,raw,55,0.003151795108020279,0.003209100328693654,0.0031804477183569667,7,1.2172444930156827,0.9996213329081632,100352
bayesfl_observability_v1,ola_sparse_bayesian_keep010_seed42,35,ola,global,,,layers.0.weight,raw,56,0.003209100328693654,0.0032664055493670293,0.0032377529390303418,7,1.2172444930156827,0.9996910873724489,100352
bayesfl_observability_v1,ola_sparse_bayesian_keep010_seed42,35,ola,global,,,layers.0.weight,raw,57,0.0032664055493670293,0.003323710770040405,0.0032950581597037173,4,0.695568281723242,0.9997309470663265,100352
bayesfl_observability_v1,ola_sparse_bayesian_keep010_seed42,35,ola,global,,,layers.0.weight,raw,58,0.003323710770040405,0.00338101599071378,0.0033523633803770924,1,0.17389207043081184,0.9997409119897959,100352
bayesfl_observability_v1,ola_sparse_bayesian_keep010_seed42,35,ola,global,,,layers.0.weight,raw,59,0.00338101599071378,0.003438321211387155,0.0034096686010504675,4,0.6955682817232474,0.9997807716836735,100352
bayesfl_observability_v1,ola_sparse_bayesian_keep010_seed42,35,ola,global,,,layers.0.weight,raw,60,0.003438321211387155,0.0034956264320605305,0.0034669738217238425,2,0.347784140861621,0.9998007015306123,100352
bayesfl_observability_v1,ola_sparse_bayesian_keep010_seed42,35,ola,global,,,layers.0.weight,raw,61,0.0034956264320605305,0.0035529316527339056,0.003524279042397218,5,0.8694603521540591,0.9998505261479592,100352
bayesfl_observability_v1,ola_sparse_bayesian_keep010_seed42,35,ola,global,,,layers.0.weight,raw,62,0.0035529316527339056,0.003610236873407281,0.0035815842630705936,0,0.0,0.9998505261479592,100352
bayesfl_observability_v1,ola_sparse_bayesian_keep010_seed42,35,ola,global,,,layers.0.weight,raw,63,0.003610236873407281,0.0036675420940806562,0.0036388894837439687,1,0.17389207043081184,0.9998604910714286,100352
bayesfl_observability_v1,ola_sparse_bayesian_keep010_seed42,35,ola,global,,,layers.0.weight,raw,64,0.0036675420940806562,0.0037248473147540313,0.0036961947044173438,2,0.3477841408616237,0.9998804209183674,100352
bayesfl_observability_v1,ola_sparse_bayesian_keep010_seed42,35,ola,global,,,layers.0.weight,raw,65,0.0037248473147540313,0.003782152535427407,0.003753499925090719,1,0.1738920704308105,0.9998903858418368,100352
bayesfl_observability_v1,ola_sparse_bayesian_keep010_seed42,35,ola,global,,,layers.0.weight,raw,66,0.003782152535427407,0.003839457756100782,0.0038108051457640944,1,0.17389207043081184,0.9999003507653061,100352
bayesfl_observability_v1,ola_sparse_bayesian_keep010_seed42,35,ola,global,,,layers.0.weight,raw,67,0.003839457756100782,0.0038967629767741574,0.00386811036643747,1,0.1738920704308105,0.9999103156887755,100352
bayesfl_observability_v1,ola_sparse_bayesian_keep010_seed42,35,ola,global,,,layers.0.weight,raw,68,0.0038967629767741574,0.003954068197447533,0.003925415587110845,2,0.347784140861621,0.9999302455357143,100352
bayesfl_observability_v1,ola_sparse_bayesian_keep010_seed42,35,ola,global,,,layers.0.weight,raw,69,0.003954068197447533,0.004011373418120908,0.00398272080778422,1,0.17389207043081184,0.9999402104591837,100352
bayesfl_observability_v1,ola_sparse_bayesian_keep010_seed42,35,ola,global,,,layers.0.weight,raw,70,0.004011373418120908,0.004068678638794283,0.004040026028457596,3,0.5216762112924355,0.9999701052295918,100352
bayesfl_observability_v1,ola_sparse_bayesian_keep010_seed42,35,ola,global,,,layers.0.weight,raw,71,0.004068678638794283,0.004125983859467659,0.004097331249130971,1,0.1738920704308092,0.9999800701530612,100352
bayesfl_observability_v1,ola_sparse_bayesian_keep010_seed42,35,ola,global,,,layers.0.weight,raw,72,0.004125983859467659,0.004183289080141034,0.004154636469804346,0,0.0,0.9999800701530612,100352
bayesfl_observability_v1,ola_sparse_bayesian_keep010_seed42,35,ola,global,,,layers.0.weight,raw,73,0.004183289080141034,0.004240594300814409,0.004211941690477722,0,0.0,0.9999800701530612,100352
bayesfl_observability_v1,ola_sparse_bayesian_keep010_seed42,35,ola,global,,,layers.0.weight,raw,74,0.004240594300814409,0.004297899521487784,0.004269246911151096,0,0.0,0.9999800701530612,100352
bayesfl_observability_v1,ola_sparse_bayesian_keep010_seed42,35,ola,global,,,layers.0.weight,raw,75,0.004297899521487784,0.0043552047421611595,0.004326552131824472,1,0.17389207043081184,0.9999900350765306,100352
bayesfl_observability_v1,ola_sparse_bayesian_keep010_seed42,35,ola,global,,,layers.0.weight,raw,76,0.0043552047421611595,0.0044125099628345345,0.004383857352497847,0,0.0,0.9999900350765306,100352
bayesfl_observability_v1,ola_sparse_bayesian_keep010_seed42,35,ola,global,,,layers.0.weight,raw,77,0.0044125099628345345,0.0044698151835079105,0.0044411625731712225,0,0.0,0.9999900350765306,100352
bayesfl_observability_v1,ola_sparse_bayesian_keep010_seed42,35,ola,global,,,layers.0.weight,raw,78,0.0044698151835079105,0.004527120404181286,0.0044984677938445985,0,0.0,0.9999900350765306,100352
bayesfl_observability_v1,ola_sparse_bayesian_keep010_seed42,35,ola,global,,,layers.0.weight,raw,79,0.004527120404181286,0.004584425624854661,0.004555773014517973,1,0.17389207043081184,1.0,100352
bayesfl_observability_v1,ola_sparse_bayesian_keep010_seed42,35,ola,global,,,layers.0.weight,db,0,-161.96867093466253,-160.52874131511228,-161.2487061248874,1,6.920423980513905e-06,9.964923469387754e-06,100352
bayesfl_observability_v1,ola_sparse_bayesian_keep010_seed42,35,ola,global,,,layers.0.weight,db,1,-160.52874131511228,-159.08881169556204,-159.80877650533716,0,0.0,9.964923469387754e-06,100352
bayesfl_observability_v1,ola_sparse_bayesian_keep010_seed42,35,ola,global,,,layers.0.weight,db,2,-159.08881169556204,-157.6488820760118,-158.36884688578692,0,0.0,9.964923469387754e-06,100352
bayesfl_observability_v1,ola_sparse_bayesian_keep010_seed42,35,ola,global,,,layers.0.weight,db,3,-157.6488820760118,-156.20895245646156,-156.92891726623668,0,0.0,9.964923469387754e-06,100352
bayesfl_observability_v1,ola_sparse_bayesian_keep010_seed42,35,ola,global,,,layers.0.weight,db,4,-156.20895245646156,-154.76902283691132,-155.48898764668644,0,0.0,9.964923469387754e-06,100352
bayesfl_observability_v1,ola_sparse_bayesian_keep010_seed42,35,ola,global,,,layers.0.weight,db,5,-154.76902283691132,-153.32909321736108,-154.0490580271362,2,1.384084796102781e-05,2.9894770408163265e-05,100352
bayesfl_observability_v1,ola_sparse_bayesian_keep010_seed42,35,ola,global,,,layers.0.weight,db,6,-153.32909321736108,-151.88916359781084,-152.60912840758596,1,6.920423980513905e-06,3.985969387755102e-05,100352
bayesfl_observability_v1,ola_sparse_bayesian_keep010_seed42,35,ola,global,,,layers.0.weight,db,7,-151.88916359781084,-150.4492339782606,-151.16919878803571,1,6.920423980513905e-06,4.982461734693878e-05,100352
bayesfl_observability_v1,ola_sparse_bayesian_keep010_seed42,35,ola,global,,,layers.0.weight,db,8,-150.4492339782606,-149.00930435871035,-149.72926916848547,0,0.0,4.982461734693878e-05,100352
bayesfl_observability_v1,ola_sparse_bayesian_keep010_seed42,35,ola,global,,,layers.0.weight,db,9,-149.00930435871035,-147.56937473916008,-148.28933954893523,2,1.3840847961027536e-05,6.975446428571428e-05,100352
bayesfl_observability_v1,ola_sparse_bayesian_keep010_seed42,35,ola,global,,,layers.0.weight,db,10,-147.56937473916008,-146.12944511960984,-146.84940992938496,0,0.0,6.975446428571428e-05,100352
bayesfl_observability_v1,ola_sparse_bayesian_keep010_seed42,35,ola,global,,,layers.0.weight,db,11,-146.12944511960984,-144.6895155000596,-145.40948030983472,0,0.0,6.975446428571428e-05,100352
bayesfl_observability_v1,ola_sparse_bayesian_keep010_seed42,35,ola,global,,,layers.0.weight,db,12,-144.6895155000596,-143.24958588050936,-143.96955069028448,0,0.0,6.975446428571428e-05,100352
bayesfl_observability_v1,ola_sparse_bayesian_keep010_seed42,35,ola,global,,,layers.0.weight,db,13,-143.24958588050936,-141.80965626095912,-142.52962107073424,0,0.0,6.975446428571428e-05,100352
bayesfl_observability_v1,ola_sparse_bayesian_keep010_seed42,35,ola,global,,,layers.0.weight,db,14,-141.80965626095912,-140.36972664140887,-141.089691451184,1,6.920423980513905e-06,7.971938775510203e-05,100352
bayesfl_observability_v1,ola_sparse_bayesian_keep010_seed42,35,ola,global,,,layers.0.weight,db,15,-140.36972664140887,-138.92979702185863,-139.64976183163375,2,1.384084796102781e-05,9.964923469387755e-05,100352
bayesfl_observability_v1,ola_sparse_bayesian_keep010_seed42,35,ola,global,,,layers.0.weight,db,16,-138.92979702185863,-137.4898674023084,-138.2098322120835,1,6.920423980513905e-06,0.0001096141581632653,100352
bayesfl_observability_v1,ola_sparse_bayesian_keep010_seed42,35,ola,global,,,layers.0.weight,db,17,-137.4898674023084,-136.04993778275815,-136.76990259253327,2,1.384084796102781e-05,0.00012954400510204082,100352
bayesfl_observability_v1,ola_sparse_bayesian_keep010_seed42,35,ola,global,,,layers.0.weight,db,18,-136.04993778275815,-134.6100081632079,-135.32997297298303,1,6.920423980513905e-06,0.00013950892857142856,100352
bayesfl_observability_v1,ola_sparse_bayesian_keep010_seed42,35,ola,global,,,layers.0.weight,db,19,-134.6100081632079,-133.17007854365767,-133.8900433534328,2,1.384084796102781e-05,0.00015943877551020407,100352
bayesfl_observability_v1,ola_sparse_bayesian_keep010_seed42,35,ola,global,,,layers.0.weight,db,20,-133.17007854365767,-131.73014892410743,-132.45011373388255,9,6.228381582462514e-05,0.0002491230867346939,100352
bayesfl_observability_v1,ola_sparse_bayesian_keep010_seed42,35,ola,global,,,layers.0.weight,db,21,-131.73014892410743,-130.29021930455718,-131.0101841143323,7,4.8442967863597334e-05,0.00031887755102040814,100352
bayesfl_observability_v1,ola_sparse_bayesian_keep010_seed42,35,ola,global,,,layers.0.weight,db,22,-130.29021930455718,-128.85028968500694,-129.57025449478206,1,6.920423980513905e-06,0.0003288424744897959,100352
bayesfl_observability_v1,ola_sparse_bayesian_keep010_seed42,35,ola,global,,,layers.0.weight,db,23,-128.85028968500694,-127.4103600654567,-128.13032487523182,3,2.0761271941541713e-05,0.0003587372448979592,100352
bayesfl_observability_v1,ola_sparse_bayesian_keep010_seed42,35,ola,global,,,layers.0.weight,db,24,-127.4103600654567,-125.97043044590646,-126.69039525568158,8,5.536339184411124e-05,0.0004384566326530612,100352
bayesfl_observability_v1,ola_sparse_bayesian_keep010_seed42,35,ola,global,,,layers.0.weight,db,25,-125.97043044590646,-124.53050082635622,-125.25046563613134,11,7.612466378565295e-05,0.0005480707908163265,100352
bayesfl_observability_v1,ola_sparse_bayesian_keep010_seed42,35,ola,global,,,layers.0.weight,db,26,-124.53050082635622,-123.09057120680598,-123.8105360165811,10,6.920423980513904e-05,0.000647720025510204,100352
bayesfl_observability_v1,ola_sparse_bayesian_keep010_seed42,35,ola,global,,,layers.0.weight,db,27,-123.09057120680598,-121.65064158725573,-122.37060639703085,5,3.460211990256952e-05,0.0006975446428571429,100352
bayesfl_observability_v1,ola_sparse_bayesian_keep010_seed42,35,ola,global,,,layers.0.weight,db,28,-121.65064158725573,-120.21071196770549,-120.93067677748061,6,4.152254388308343e-05,0.0007573341836734694,100352
bayesfl_observability_v1,ola_sparse_bayesian_keep010_seed42,35,ola,global,,,layers.0.weight,db,29,-120.21071196770549,-118.77078234815524,-119.49074715793037,12,8.304508776616604e-05,0.0008769132653061224,100352
bayesfl_observability_v1,ola_sparse_bayesian_keep010_seed42,35,ola,global,,,layers.0.weight,db,30,-118.77078234815524,-117.330852728605,-118.05081753838012,14,9.688593572719467e-05,0.001016422193877551,100352
bayesfl_observability_v1,ola_sparse_bayesian_keep010_seed42,35,ola,global,,,layers.0.weight,db,31,-117.330852728605,-115.89092310905475,-116.61088791882987,14,9.688593572719467e-05,0.0011559311224489796,100352
bayesfl_observability_v1,ola_sparse_bayesian_keep010_seed42,35,ola,global,,,layers.0.weight,db,32,-115.89092310905475,-114.45099348950451,-115.17095829927963,23,0.0001591697515518198,0.0013851243622448979,100352
bayesfl_observability_v1,ola_sparse_bayesian_keep010_seed42,35,ola,global,,,layers.0.weight,db,33,-114.45099348950451,-113.01106386995427,-113.73102867972939,32,0.00022145356737644496,0.0017040019132653062,100352
bayesfl_observability_v1,ola_sparse_bayesian_keep010_seed42,35,ola,global,,,layers.0.weight,db,34,-113.01106386995427,-111.57113425040401,-112.29109906017914,32,0.00022145356737644277,0.0020228794642857145,100352
bayesfl_observability_v1,ola_sparse_bayesian_keep010_seed42,35,ola,global,,,layers.0.weight,db,35,-111.57113425040401,-110.13120463085377,-110.8511694406289,40,0.00027681695922055616,0.0024214764030612247,100352
bayesfl_observability_v1,ola_sparse_bayesian_keep010_seed42,35,ola,global,,,layers.0.weight,db,36,-110.13120463085377,-108.69127501130353,-109.41123982107865,38,0.0002629761112595284,0.002800143494897959,100352
bayesfl_observability_v1,ola_sparse_bayesian_keep010_seed42,35,ola,global,,,layers.0.weight,db,37,-108.69127501130353,-107.25134539175329,-107.97131020152841,64,0.0004429071347528899,0.0034378985969387753,100352
bayesfl_observability_v1,ola_sparse_bayesian_keep010_seed42,35,ola,global,,,layers.0.weight,db,38,-107.25134539175329,-105.81141577220305,-106.53138058197817,44,0.0003044986551426118,0.0038763552295918366,100352
bayesfl_observability_v1,ola_sparse_bayesian_keep010_seed42,35,ola,global,,,layers.0.weight,db,39,-105.81141577220305,-104.3714861526528,-105.09145096242793,63,0.000435986710772376,0.0045041454081632655,100352
bayesfl_observability_v1,ola_sparse_bayesian_keep010_seed42,35,ola,global,,,layers.0.weight,db,40,-104.3714861526528,-102.93155653310257,-103.65152134287769,81,0.0005605543424216263,0.005311304209183673,100352
bayesfl_observability_v1,ola_sparse_bayesian_keep010_seed42,35,ola,global,,,layers.0.weight,db,41,-102.93155653310257,-101.49162691355232,-102.21159172332744,103,0.0007128036699929321,0.006337691326530612,100352
bayesfl_observability_v1,ola_sparse_bayesian_keep010_seed42,35,ola,global,,,layers.0.weight,db,42,-101.49162691355232,-100.05169729400208,-100.7716621037772,119,0.0008235304536811547,0.007523517219387755,100352
bayesfl_observability_v1,ola_sparse_bayesian_keep010_seed42,35,ola,global,,,layers.0.weight,db,43,-100.05169729400208,-98.61176767445184,-99.33173248422696,136,0.000941177661349891,0.00887874681122449,100352
bayesfl_observability_v1,ola_sparse_bayesian_keep010_seed42,35,ola,global,,,layers.0.weight,db,44,-98.61176767445184,-97.1718380549016,-97.89180286467672,160,0.0011072678368822246,0.010473134566326531,100352
bayesfl_observability_v1,ola_sparse_bayesian_keep010_seed42,35,ola,global,,,layers.0.weight,db,45,-97.1718380549016,-95.73190843535136,-96.45187324512648,215,0.0014878911558104896,0.012615593112244899,100352
bayesfl_observability_v1,ola_sparse_bayesian_keep010_seed42,35,ola,global,,,layers.0.weight,db,46,-95.73190843535136,-94.29197881580112,-95.01194362557624,194,0.0013425622522196974,0.014548788265306123,100352
bayesfl_observability_v1,ola_sparse_bayesian_keep010_seed42,35,ola,global,,,layers.0.weight,db,47,-94.29197881580112,-92.85204919625087,-93.572014006026,288,0.0019930821063880045,0.017418686224489797,100352
bayesfl_observability_v1,ola_sparse_bayesian_keep010_seed42,35,ola,global,,,layers.0.weight,db,48,-92.85204919625087,-91.41211957670062,-92.13208438647575,286,0.001979241258426957,0.020268654336734693,100352
bayesfl_observability_v1,ola_sparse_bayesian_keep010_seed42,35,ola,global,,,layers.0.weight,db,49,-91.41211957670062,-89.97218995715038,-90.6921547669255,364,0.002519034328907061,0.023895886479591837,100352
bayesfl_observability_v1,ola_sparse_bayesian_keep010_seed42,35,ola,global,,,layers.0.weight,db,50,-89.97218995715038,-88.53226033760014,-89.25222514737526,411,0.002844294255991215,0.027991470025510203,100352
bayesfl_observability_v1,ola_sparse_bayesian_keep010_seed42,35,ola,global,,,layers.0.weight,db,51,-88.53226033760014,-87.0923307180499,-87.81229552782501,500,0.0034602119902569523,0.03297393176020408,100352
bayesfl_observability_v1,ola_sparse_bayesian_keep010_seed42,35,ola,global,,,layers.0.weight,db,52,-87.0923307180499,-85.65240109849965,-86.37236590827477,555,0.0038408353091852173,0.03850446428571429,100352
bayesfl_observability_v1,ola_sparse_bayesian_keep010_seed42,35,ola,global,,,layers.0.weight,db,53,-85.65240109849965,-84.21247147894941,-84.93243628872453,696,0.004816615090437678,0.04544005102040816,100352
bayesfl_observability_v1,ola_sparse_bayesian_keep010_seed42,35,ola,global,,,layers.0.weight,db,54,-84.21247147894941,-82.77254185939917,-83.49250666917429,801,0.0055432596083916374,0.05342195471938776,100352
bayesfl_observability_v1,ola_sparse_bayesian_keep010_seed42,35,ola,global,,,layers.0.weight,db,55,-82.77254185939917,-81.33261223984893,-82.05257704962405,976,0.006754333804981571,0.06314772002551021,100352
bayesfl_observability_v1,ola_sparse_bayesian_keep010_seed42,35,ola,global,,,layers.0.weight,db,56,-81.33261223984893,-79.89268262029869,-80.6126474300738,1119,0.007743954434195059,0.0742984693877551,100352
bayesfl_observability_v1,ola_sparse_bayesian_keep010_seed42,35,ola,global,,,layers.0.weight,db,57,-79.89268262029869,-78.45275300074844,-79.17271781052357,1411,0.00976471823650512,0.08835897640306123,100352
bayesfl_observability_v1,ola_sparse_bayesian_keep010_seed42,35,ola,global,,,layers.0.weight,db,58,-78.45275300074844,-77.01282338119819,-77.73278819097331,1607,0.011121121336685734,0.10437260841836735,100352
bayesfl_observability_v1,ola_sparse_bayesian_keep010_seed42,35,ola,global,,,layers.0.weight,db,59,-77.01282338119819,-75.57289376164795,-76.29285857142307,1849,0.01279586393997021,0.12279775191326531,100352
bayesfl_observability_v1,ola_sparse_bayesian_keep010_seed42,35,ola,global,,,layers.0.weight,db,60,-75.57289376164795,-74.1329641420977,-74.85292895187283,2257,0.015619396924019882,0.14528858418367346,100352
bayesfl_observability_v1,ola_sparse_bayesian_keep010_seed42,35,ola,global,,,layers.0.weight,db,61,-74.1329641420977,-72.69303452254746,-73.41299933232258,2652,0.018352964396322877,0.1717155612244898,100352
bayesfl_observability_v1,ola_sparse_bayesian_keep010_seed42,35,ola,global,,,layers.0.weight,db,62,-72.69303452254746,-71.25310490299722,-71.97306971277234,3065,0.021211099500275117,0.20225805165816327,100352
bayesfl_observability_v1,ola_sparse_bayesian_keep010_seed42,35,ola,global,,,layers.0.weight,db,63,-71.25310490299722,-69.81317528344698,-70.5331400932221,3688,0.02552252364013528,0.2390086894132653,100352
bayesfl_observability_v1,ola_sparse_bayesian_keep010_seed42,35,ola,global,,,layers.0.weight,db,64,-69.81317528344698,-68.37324566389674,-69.09321047367186,4395,0.03041526339435861,0.28280452806122447,100352
bayesfl_observability_v1,ola_sparse_bayesian_keep010_seed42,35,ola,global,,,layers.0.weight,db,65,-68.37324566389674,-66.9333160443465,-67.65328085412162,5201,0.03599312512265282,0.3346320950255102,100352
bayesfl_observability_v1,ola_sparse_bayesian_keep010_seed42,35,ola,global,,,layers.0.weight,db,66,-66.9333160443465,-65.49338642479626,-66.21335123457138,6094,0.042173063737251736,0.39535833864795916,100352
bayesfl_observability_v1,ola_sparse_bayesian_keep010_seed42,35,ola,global,,,layers.0.weight,db,67,-65.49338642479626,-64.05345680524601,-64.77342161502114,7091,0.0490727264458241,0.46601961096938777,100352
bayesfl_observability_v1,ola_sparse_bayesian_keep010_seed42,35,ola,global,,,layers.0.weight,db,68,-64.05345680524601,-62.61352718569577,-63.333491995470894,8416,0.058242288220005024,0.5498844068877551,100352
bayesfl_observability_v1,ola_sparse_bayesian_keep010_seed42,35,ola,global,,,layers.0.weight,db,69,-62.61352718569577,-61.17359756614552,-61.893562375920645,9875,0.06833918680757413,0.6482880261479592,100352
bayesfl_observability_v1,ola_sparse_bayesian_keep010_seed42,35,ola,global,,,layers.0.weight,db,70,-61.17359756614552,-59.733667946595276,-60.453632756370396,11520,0.07972328425552018,0.7630839445153061,100352
bayesfl_observability_v1,ola_sparse_bayesian_keep010_seed42,35,ola,global,,,layers.0.weight,db,71,-59.733667946595276,-58.293738327045034,-59.013703136820155,9995,0.06916963768523647,0.8626833545918368,100352
bayesfl_observability_v1,ola_sparse_bayesian_keep010_seed42,35,ola,global,,,layers.0.weight,db,72,-58.293738327045034,-56.85380870749479,-57.57377351726991,5570,0.038546761571462446,0.9181879783163265,100352
bayesfl_observability_v1,ola_sparse_bayesian_keep010_seed42,35,ola,global,,,layers.0.weight,db,73,-56.85380870749479,-55.41387908794455,-56.13384389771967,4044,0.02798619457719823,0.9584861288265306,100352
bayesfl_observability_v1,ola_sparse_bayesian_keep010_seed42,35,ola,global,,,layers.0.weight,db,74,-55.41387908794455,-53.97394946839431,-54.69391427816943,2435,0.016851232392551357,0.9827507174744898,100352
bayesfl_observability_v1,ola_sparse_bayesian_keep010_seed42,35,ola,global,,,layers.0.weight,db,75,-53.97394946839431,-52.53401984884407,-53.25398465861919,1159,0.008020771393415616,0.9943000637755102,100352
bayesfl_observability_v1,ola_sparse_bayesian_keep010_seed42,35,ola,global,,,layers.0.weight,db,76,-52.53401984884407,-51.094090229293826,-51.81405503906895,444,0.003072668247348174,0.9987244897959183,100352
bayesfl_observability_v1,ola_sparse_bayesian_keep010_seed42,35,ola,global,,,layers.0.weight,db,77,-51.094090229293826,-49.654160609743585,-50.374125419518705,98,0.0006782015500903626,0.9997010522959183,100352
bayesfl_observability_v1,ola_sparse_bayesian_keep010_seed42,35,ola,global,,,layers.0.weight,db,78,-49.654160609743585,-48.21423099019334,-48.934195799968464,21,0.000145328903590792,0.9999103156887755,100352
bayesfl_observability_v1,ola_sparse_bayesian_keep010_seed42,35,ola,global,,,layers.0.weight,db,79,-48.21423099019334,-46.7743013706431,-47.49426618041822,9,6.228381582462514e-05,1.0,100352
bayesfl_observability_v1,ola_sparse_bayesian_keep010_seed42,35,ola,global,,,layers.0.bias,raw,0,8.020214628369947e-06,4.2836806436921535e-05,2.5428510532645742e-05,4,897.5605703118946,0.03125,128
bayesfl_observability_v1,ola_sparse_bayesian_keep010_seed42,35,ola,global,,,layers.0.bias,raw,1,4.2836806436921535e-05,7.765339824547312e-05,6.024510234119733e-05,5,1121.9507128898683,0.0703125,128
bayesfl_observability_v1,ola_sparse_bayesian_keep010_seed42,35,ola,global,,,layers.0.bias,raw,2,7.765339824547312e-05,0.00011246999005402471,9.506169414974891e-05,4,897.5605703118946,0.1015625,128
bayesfl_observability_v1,ola_sparse_bayesian_keep010_seed42,35,ola,global,,,layers.0.bias,raw,3,0.00011246999005402471,0.0001472865818625763,0.0001298782859583005,4,897.5605703118946,0.1328125,128
bayesfl_observability_v1,ola_sparse_bayesian_keep010_seed42,35,ola,global,,,layers.0.bias,raw,4,0.0001472865818625763,0.00018210317367112788,0.0001646948777668521,2,448.7802851559473,0.1484375,128
bayesfl_observability_v1,ola_sparse_bayesian_keep010_seed42,35,ola,global,,,layers.0.bias,raw,5,0.00018210317367112788,0.00021691976547967947,0.00019951146957540366,3,673.170427733921,0.171875,128
bayesfl_observability_v1,ola_sparse_bayesian_keep010_seed42,35,ola,global,,,layers.0.bias,raw,6,0.00021691976547967947,0.00025173635728823103,0.00023432806138395525,2,448.78028515594764,0.1875,128
bayesfl_observability_v1,ola_sparse_bayesian_keep010_seed42,35,ola,global,,,layers.0.bias,raw,7,0.00025173635728823103,0.00028655294909678264,0.00026914465319250683,2,448.78028515594696,0.203125,128
bayesfl_observability_v1,ola_sparse_bayesian_keep010_seed42,35,ola,global,,,layers.0.bias,raw,8,0.00028655294909678264,0.00032136954090533426,0.00030396124500105845,4,897.5605703118939,0.234375,128
bayesfl_observability_v1,ola_sparse_bayesian_keep010_seed42,35,ola,global,,,layers.0.bias,raw,9,0.00032136954090533426,0.0003561861327138858,0.00033877783680961006,5,1121.9507128898692,0.2734375,128
bayesfl_observability_v1,ola_sparse_bayesian_keep010_seed42,35,ola,global,,,layers.0.bias,raw,10,0.0003561861327138858,0.0003910027245224374,0.00037359442861816157,6,1346.3408554678429,0.3203125,128
bayesfl_observability_v1,ola_sparse_bayesian_keep010_seed42,35,ola,global,,,layers.0.bias,raw,11,0.0003910027245224374,0.000425819316330989,0.0004084110204267132,6,1346.3408554678408,0.3671875,128
bayesfl_observability_v1,ola_sparse_bayesian_keep010_seed42,35,ola,global,,,layers.0.bias,raw,12,0.000425819316330989,0.0004606359081395406,0.0004432276122352648,2,448.78028515594696,0.3828125,128
bayesfl_observability_v1,ola_sparse_bayesian_keep010_seed42,35,ola,global,,,layers.0.bias,raw,13,0.0004606359081395406,0.0004954524999480921,0.00047804420404381635,3,673.1704277339226,0.40625,128
bayesfl_observability_v1,ola_sparse_bayesian_keep010_seed42,35,ola,global,,,layers.0.bias,raw,14,0.0004954524999480921,0.0005302690917566437,0.0005128607958523679,3,673.1704277339204,0.4296875,128
bayesfl_observability_v1,ola_sparse_bayesian_keep010_seed42,35,ola,global,,,layers.0.bias,raw,15,0.0005302690917566437,0.0005650856835651953,0.0005476773876609195,2,448.78028515594696,0.4453125,128
bayesfl_observability_v1,ola_sparse_bayesian_keep010_seed42,35,ola,global,,,layers.0.bias,raw,16,0.0005650856835651953,0.000599902275373747,0.0005824939794694711,3,673.1704277339204,0.46875,128
bayesfl_observability_v1,ola_sparse_bayesian_keep010_seed42,35,ola,global,,,layers.0.bias,raw,17,0.000599902275373747,0.0006347188671822986,0.0006173105712780228,4,897.5605703118939,0.5,128
bayesfl_observability_v1,ola_sparse_bayesian_keep010_seed42,35,ola,global,,,layers.0.bias,raw,18,0.0006347188671822986,0.0006695354589908501,0.0006521271630865744,3,673.1704277339226,0.5234375,128
bayesfl_observability_v1,ola_sparse_bayesian_keep010_seed42,35,ola,global,,,layers.0.bias,raw,19,0.0006695354589908501,0.0007043520507994017,0.0006869437548951259,3,673.1704277339204,0.546875,128
bayesfl_observability_v1,ola_sparse_bayesian_keep010_seed42,35,ola,global,,,layers.0.bias,raw,20,0.0007043520507994017,0.0007391686426079533,0.0007217603467036775,1,224.39014257797348,0.5546875,128
bayesfl_observability_v1,ola_sparse_bayesian_keep010_seed42,35,ola,global,,,layers.0.bias,raw,21,0.0007391686426079533,0.0007739852344165048,0.000756576938512229,1,224.3901425779742,0.5625,128
bayesfl_observability_v1,ola_sparse_bayesian_keep010_seed42,35,ola,global,,,layers.0.bias,raw,22,0.0007739852344165048,0.0008088018262250564,0.0007913935303207806,4,897.5605703118939,0.59375,128
bayesfl_observability_v1,ola_sparse_bayesian_keep010_seed42,35,ola,global,,,layers.0.bias,raw,23,0.0008088018262250564,0.000843618418033608,0.0008262101221293322,3,673.1704277339204,0.6171875,128
bayesfl_observability_v1,ola_sparse_bayesian_keep010_seed42,35,ola,global,,,layers.0.bias,raw,24,0.000843618418033608,0.0008784350098421596,0.0008610267139378838,2,448.78028515594696,0.6328125,128
bayesfl_observability_v1,ola_sparse_bayesian_keep010_seed42,35,ola,global,,,layers.0.bias,raw,25,0.0008784350098421596,0.0009132516016507113,0.0008958433057464354,3,673.1704277339204,0.65625,128
bayesfl_observability_v1,ola_sparse_bayesian_keep010_seed42,35,ola,global,,,layers.0.bias,raw,26,0.0009132516016507113,0.0009480681934592628,0.0009306598975549871,5,1121.9507128898708,0.6953125,128
bayesfl_observability_v1,ola_sparse_bayesian_keep010_seed42,35,ola,global,,,layers.0.bias,raw,27,0.0009480681934592628,0.0009828847852678144,0.0009654764893635386,1,224.39014257797348,0.703125,128
bayesfl_observability_v1,ola_sparse_bayesian_keep010_seed42,35,ola,global,,,layers.0.bias,raw,28,0.0009828847852678144,0.0010177013770763658,0.00100029308117209,1,224.39014257797487,0.7109375,128
bayesfl_observability_v1,ola_sparse_bayesian_keep010_seed42,35,ola,global,,,layers.0.bias,raw,29,0.0010177013770763658,0.0010525179688849174,0.0010351096729806415,1,224.39014257797348,0.71875,128
bayesfl_observability_v1,ola_sparse_bayesian_keep010_seed42,35,ola,global,,,layers.0.bias,raw,30,0.0010525179688849174,0.001087334560693469,0.0010699262647891933,4,897.5605703118939,0.75,128
bayesfl_observability_v1,ola_sparse_bayesian_keep010_seed42,35,ola,global,,,layers.0.bias,raw,31,0.001087334560693469,0.0011221511525020206,0.0011047428565977447,2,448.78028515594696,0.765625,128
bayesfl_observability_v1,ola_sparse_bayesian_keep010_seed42,35,ola,global,,,layers.0.bias,raw,32,0.0011221511525020206,0.0011569677443105722,0.0011395594484062965,3,673.1704277339204,0.7890625,128
bayesfl_observability_v1,ola_sparse_bayesian_keep010_seed42,35,ola,global,,,layers.0.bias,raw,33,0.0011569677443105722,0.0011917843361191238,0.001174376040214848,2,448.78028515594696,0.8046875,128
bayesfl_observability_v1,ola_sparse_bayesian_keep010_seed42,35,ola,global,,,layers.0.bias,raw,34,0.0011917843361191238,0.0012266009279276755,0.0012091926320233998,1,224.39014257797348,0.8125,128
bayesfl_observability_v1,ola_sparse_bayesian_keep010_seed42,35,ola,global,,,layers.0.bias,raw,35,0.0012266009279276755,0.001261417519736227,0.0012440092238319512,1,224.39014257797348,0.8203125,128
bayesfl_observability_v1,ola_sparse_bayesian_keep010_seed42,35,ola,global,,,layers.0.bias,raw,36,0.001261417519736227,0.0012962341115447785,0.0012788258156405028,4,897.5605703118995,0.8515625,128
bayesfl_observability_v1,ola_sparse_bayesian_keep010_seed42,35,ola,global,,,layers.0.bias,raw,37,0.0012962341115447785,0.00133105070335333,0.0013136424074490544,0,0.0,0.8515625,128
bayesfl_observability_v1,ola_sparse_bayesian_keep010_seed42,35,ola,global,,,layers.0.bias,raw,38,0.00133105070335333,0.0013658672951618817,0.0013484589992576058,2,448.78028515594696,0.8671875,128
bayesfl_observability_v1,ola_sparse_bayesian_keep010_seed42,35,ola,global,,,layers.0.bias,raw,39,0.0013658672951618817,0.0014006838869704333,0.0013832755910661576,0,0.0,0.8671875,128
bayesfl_observability_v1,ola_sparse_bayesian_keep010_seed42,35,ola,global,,,layers.0.bias,raw,40,0.0014006838869704333,0.001435500478778985,0.001418092182874709,4,897.5605703118939,0.8984375,128
bayesfl_observability_v1,ola_sparse_bayesian_keep010_seed42,35,ola,global,,,layers.0.bias,raw,41,0.001435500478778985,0.0014703170705875365,0.0014529087746832608,0,0.0,0.8984375,128
bayesfl_observability_v1,ola_sparse_bayesian_keep010_seed42,35,ola,global,,,layers.0.bias,raw,42,0.0014703170705875365,0.0015051336623960881,0.0014877253664918122,1,224.39014257797348,0.90625,128
bayesfl_observability_v1,ola_sparse_bayesian_keep010_seed42,35,ola,global,,,layers.0.bias,raw,43,0.0015051336623960881,0.0015399502542046395,0.0015225419583003638,0,0.0,0.90625,128
bayesfl_observability_v1,ola_sparse_bayesian_keep010_seed42,35,ola,global,,,layers.0.bias,raw,44,0.0015399502542046395,0.0015747668460131912,0.0015573585501089155,1,224.39014257797348,0.9140625,128
bayesfl_observability_v1,ola_sparse_bayesian_keep010_seed42,35,ola,global,,,layers.0.bias,raw,45,0.0015747668460131912,0.0016095834378217428,0.0015921751419174669,5,1121.9507128898674,0.953125,128
bayesfl_observability_v1,ola_sparse_bayesian_keep010_seed42,35,ola,global,,,layers.0.bias,raw,46,0.0016095834378217428,0.0016444000296302944,0.0016269917337260187,1,224.39014257797348,0.9609375,128
bayesfl_observability_v1,ola_sparse_bayesian_keep010_seed42,35,ola,global,,,layers.0.bias,raw,47,0.0016444000296302944,0.001679216621438846,0.00166180832553457,0,0.0,0.9609375,128
bayesfl_observability_v1,ola_sparse_bayesian_keep010_seed42,35,ola,global,,,layers.0.bias,raw,48,0.001679216621438846,0.0017140332132473976,0.001696624917343122,1,224.39014257797348,0.96875,128
bayesfl_observability_v1,ola_sparse_bayesian_keep010_seed42,35,ola,global,,,layers.0.bias,raw,49,0.0017140332132473976,0.0017488498050559492,0.0017314415091516733,1,224.39014257797348,0.9765625,128
bayesfl_observability_v1,ola_sparse_bayesian_keep010_seed42,35,ola,global,,,layers.0.bias,raw,50,0.0017488498050559492,0.0017836663968645008,0.0017662581009602251,0,0.0,0.9765625,128
bayesfl_observability_v1,ola_sparse_bayesian_keep010_seed42,35,ola,global,,,layers.0.bias,raw,51,0.0017836663968645008,0.0018184829886730525,0.0018010746927687765,1,224.39014257797348,0.984375,128
bayesfl_observability_v1,ola_sparse_bayesian_keep010_seed42,35,ola,global,,,layers.0.bias,raw,52,0.0018184829886730525,0.0018532995804816038,0.0018358912845773282,1,224.39014257797487,0.9921875,128
bayesfl_observability_v1,ola_sparse_bayesian_keep010_seed42,35,ola,global,,,layers.0.bias,raw,53,0.0018532995804816038,0.0018881161722901555,0.0018707078763858798,0,0.0,0.9921875,128
bayesfl_observability_v1,ola_sparse_bayesian_keep010_seed42,35,ola,global,,,layers.0.bias,raw,54,0.0018881161722901555,0.001922932764098707,0.0019055244681944312,0,0.0,0.9921875,128
bayesfl_observability_v1,ola_sparse_bayesian_keep010_seed42,35,ola,global,,,layers.0.bias,raw,55,0.001922932764098707,0.001957749355907259,0.001940341060002983,0,0.0,0.9921875,128
bayesfl_observability_v1,ola_sparse_bayesian_keep010_seed42,35,ola,global,,,layers.0.bias,raw,56,0.001957749355907259,0.0019925659477158103,0.0019751576518115344,0,0.0,0.9921875,128
bayesfl_observability_v1,ola_sparse_bayesian_keep010_seed42,35,ola,global,,,layers.0.bias,raw,57,0.0019925659477158103,0.0020273825395243617,0.0020099742436200862,0,0.0,0.9921875,128
bayesfl_observability_v1,ola_sparse_bayesian_keep010_seed42,35,ola,global,,,layers.0.bias,raw,58,0.0020273825395243617,0.0020621991313329135,0.0020447908354286376,0,0.0,0.9921875,128
bayesfl_observability_v1,ola_sparse_bayesian_keep010_seed42,35,ola,global,,,layers.0.bias,raw,59,0.0020621991313329135,0.002097015723141465,0.002079607427237189,0,0.0,0.9921875,128
bayesfl_observability_v1,ola_sparse_bayesian_keep010_seed42,35,ola,global,,,layers.0.bias,raw,60,0.002097015723141465,0.0021318323149500168,0.002114424019045741,0,0.0,0.9921875,128
bayesfl_observability_v1,ola_sparse_bayesian_keep010_seed42,35,ola,global,,,layers.0.bias,raw,61,0.0021318323149500168,0.002166648906758568,0.0021492406108542927,0,0.0,0.9921875,128
bayesfl_observability_v1,ola_sparse_bayesian_keep010_seed42,35,ola,global,,,layers.0.bias,raw,62,0.002166648906758568,0.00220146549856712,0.002184057202662844,0,0.0,0.9921875,128
bayesfl_observability_v1,ola_sparse_bayesian_keep010_seed42,35,ola,global,,,layers.0.bias,raw,63,0.00220146549856712,0.0022362820903756714,0.0022188737944713955,0,0.0,0.9921875,128
bayesfl_observability_v1,ola_sparse_bayesian_keep010_seed42,35,ola,global,,,layers.0.bias,raw,64,0.0022362820903756714,0.0022710986821842228,0.0022536903862799473,0,0.0,0.9921875,128
bayesfl_observability_v1,ola_sparse_bayesian_keep010_seed42,35,ola,global,,,layers.0.bias,raw,65,0.0022710986821842228,0.0023059152739927746,0.0022885069780884987,0,0.0,0.9921875,128
bayesfl_observability_v1,ola_sparse_bayesian_keep010_seed42,35,ola,global,,,layers.0.bias,raw,66,0.0023059152739927746,0.002340731865801326,0.00232332356989705,0,0.0,0.9921875,128
bayesfl_observability_v1,ola_sparse_bayesian_keep010_seed42,35,ola,global,,,layers.0.bias,raw,67,0.002340731865801326,0.002375548457609878,0.002358140161705602,0,0.0,0.9921875,128
bayesfl_observability_v1,ola_sparse_bayesian_keep010_seed42,35,ola,global,,,layers.0.bias,raw,68,0.002375548457609878,0.0024103650494184292,0.0023929567535141538,0,0.0,0.9921875,128
bayesfl_observability_v1,ola_sparse_bayesian_keep010_seed42,35,ola,global,,,layers.0.bias,raw,69,0.0024103650494184292,0.002445181641226981,0.002427773345322705,0,0.0,0.9921875,128
bayesfl_observability_v1,ola_sparse_bayesian_keep010_seed42,35,ola,global,,,layers.0.bias,raw,70,0.002445181641226981,0.0024799982330355325,0.0024625899371312565,0,0.0,0.9921875,128
bayesfl_observability_v1,ola_sparse_bayesian_keep010_seed42,35,ola,global,,,layers.0.bias,raw,71,0.0024799982330355325,0.0025148148248440843,0.0024974065289398084,0,0.0,0.9921875,128
bayesfl_observability_v1,ola_sparse_bayesian_keep010_seed42,35,ola,global,,,layers.0.bias,raw,72,0.0025148148248440843,0.0025496314166526357,0.00253222312074836,0,0.0,0.9921875,128
bayesfl_observability_v1,ola_sparse_bayesian_keep010_seed42,35,ola,global,,,layers.0.bias,raw,73,0.0025496314166526357,0.002584448008461187,0.002567039712556911,0,0.0,0.9921875,128
bayesfl_observability_v1,ola_sparse_bayesian_keep010_seed42,35,ola,global,,,layers.0.bias,raw,74,0.002584448008461187,0.002619264600269739,0.002601856304365463,0,0.0,0.9921875,128
bayesfl_observability_v1,ola_sparse_bayesian_keep010_seed42,35,ola,global,,,layers.0.bias,raw,75,0.002619264600269739,0.0026540811920782903,0.002636672896174015,0,0.0,0.9921875,128
bayesfl_observability_v1,ola_sparse_bayesian_keep010_seed42,35,ola,global,,,layers.0.bias,raw,76,0.0026540811920782903,0.002688897783886842,0.0026714894879825662,0,0.0,0.9921875,128
bayesfl_observability_v1,ola_sparse_bayesian_keep010_seed42,35,ola,global,,,layers.0.bias,raw,77,0.002688897783886842,0.0027237143756953935,0.0027063060797911176,0,0.0,0.9921875,128
bayesfl_observability_v1,ola_sparse_bayesian_keep010_seed42,35,ola,global,,,layers.0.bias,raw,78,0.0027237143756953935,0.0027585309675039454,0.0027411226715996695,0,0.0,0.9921875,128
bayesfl_observability_v1,ola_sparse_bayesian_keep010_seed42,35,ola,global,,,layers.0.bias,raw,79,0.0027585309675039454,0.0027933475593124968,0.0027759392634082213,1,224.39014257797487,1.0,128
bayesfl_observability_v1,ola_sparse_bayesian_keep010_seed42,35,ola,global,,,layers.0.bias,db,0,-101.91627910575731,-101.28079437297295,-101.59853673936513,1,0.012293765053598844,0.0078125,128
bayesfl_observability_v1,ola_sparse_bayesian_keep010_seed42,35,ola,global,,,layers.0.bias,db,1,-101.28079437297295,-100.6453096401886,-100.96305200658077,0,0.0,0.0078125,128
bayesfl_observability_v1,ola_sparse_bayesian_keep010_seed42,35,ola,global,,,layers.0.bias,db,2,-100.6453096401886,-100.00982490740424,-100.32756727379642,0,0.0,0.0078125,128
bayesfl_observability_v1,ola_sparse_bayesian_keep010_seed42,35,ola,global,,,layers.0.bias,db,3,-100.00982490740424,-99.37434017461987,-99.69208254101206,0,0.0,0.0078125,128
bayesfl_observability_v1,ola_sparse_bayesian_keep010_seed42,35,ola,global,,,layers.0.bias,db,4,-99.37434017461987,-98.73885544183553,-99.0565978082277,0,0.0,0.0078125,128
bayesfl_observability_v1,ola_sparse_bayesian_keep010_seed42,35,ola,global,,,layers.0.bias,db,5,-98.73885544183553,-98.10337070905116,-98.42111307544334,0,0.0,0.0078125,128
bayesfl_observability_v1,ola_sparse_bayesian_keep010_seed42,35,ola,global,,,layers.0.bias,db,6,-98.10337070905116,-97.4678859762668,-97.78562834265898,0,0.0,0.0078125,128
bayesfl_observability_v1,ola_sparse_bayesian_keep010_seed42,35,ola,global,,,layers.0.bias,db,7,-97.4678859762668,-96.83240124348245,-97.15014360987462,1,0.012293765053599118,0.015625,128
bayesfl_observability_v1,ola_sparse_bayesian_keep010_seed42,35,ola,global,,,layers.0.bias,db,8,-96.83240124348245,-96.19691651069809,-96.51465887709027,0,0.0,0.015625,128
bayesfl_observability_v1,ola_sparse_bayesian_keep010_seed42,35,ola,global,,,layers.0.bias,db,9,-96.19691651069809,-95.56143177791373,-95.8791741443059,0,0.0,0.015625,128
bayesfl_observability_v1,ola_sparse_bayesian_keep010_seed42,35,ola,global,,,layers.0.bias,db,10,-95.56143177791373,-94.92594704512938,-95.24368941152156,0,0.0,0.015625,128
bayesfl_observability_v1,ola_sparse_bayesian_keep010_seed42,35,ola,global,,,layers.0.bias,db,11,-94.92594704512938,-94.29046231234501,-94.6082046787372,0,0.0,0.015625,128
bayesfl_observability_v1,ola_sparse_bayesian_keep010_seed42,35,ola,global,,,layers.0.bias,db,12,-94.29046231234501,-93.65497757956065,-93.97271994595283,0,0.0,0.015625,128
bayesfl_observability_v1,ola_sparse_bayesian_keep010_seed42,35,ola,global,,,layers.0.bias,db,13,-93.65497757956065,-93.0194928467763,-93.33723521316847,0,0.0,0.015625,128
bayesfl_observability_v1,ola_sparse_bayesian_keep010_seed42,35,ola,global,,,layers.0.bias,db,14,-93.0194928467763,-92.38400811399194,-92.70175048038412,0,0.0,0.015625,128
bayesfl_observability_v1,ola_sparse_bayesian_keep010_seed42,35,ola,global,,,layers.0.bias,db,15,-92.38400811399194,-91.74852338120758,-92.06626574759976,0,0.0,0.015625,128
bayesfl_observability_v1,ola_sparse_bayesian_keep010_seed42,35,ola,global,,,layers.0.bias,db,16,-91.74852338120758,-91.11303864842323,-91.43078101481541,2,0.024587530107198236,0.03125,128
bayesfl_observability_v1,ola_sparse_bayesian_keep010_seed42,35,ola,global,,,layers.0.bias,db,17,-91.11303864842323,-90.47755391563886,-90.79529628203105,0,0.0,0.03125,128
bayesfl_observability_v1,ola_sparse_bayesian_keep010_seed42,35,ola,global,,,layers.0.bias,db,18,-90.47755391563886,-89.8420691828545,-90.15981154924668,0,0.0,0.03125,128
bayesfl_observability_v1,ola_sparse_bayesian_keep010_seed42,35,ola,global,,,layers.0.bias,db,19,-89.8420691828545,-89.20658445007015,-89.52432681646232,0,0.0,0.03125,128
bayesfl_observability_v1,ola_sparse_bayesian_keep010_seed42,35,ola,global,,,layers.0.bias,db,20,-89.20658445007015,-88.57109971728579,-88.88884208367797,0,0.0,0.03125,128
bayesfl_observability_v1,ola_sparse_bayesian_keep010_seed42,35,ola,global,,,layers.0.bias,db,21,-88.57109971728579,-87.93561498450143,-88.25335735089361,0,0.0,0.03125,128
bayesfl_observability_v1,ola_sparse_bayesian_keep010_seed42,35,ola,global,,,layers.0.bias,db,22,-87.93561498450143,-87.30013025171706,-87.61787261810925,0,0.0,0.03125,128
bayesfl_observability_v1,ola_sparse_bayesian_keep010_seed42,35,ola,global,,,layers.0.bias,db,23,-87.30013025171706,-86.66464551893272,-86.9823878853249,1,0.012293765053599118,0.0390625,128
bayesfl_observability_v1,ola_sparse_bayesian_keep010_seed42,35,ola,global,,,layers.0.bias,db,24,-86.66464551893272,-86.02916078614835,-86.34690315254053,1,0.012293765053598844,0.046875,128
bayesfl_observability_v1,ola_sparse_bayesian_keep010_seed42,35,ola,global,,,layers.0.bias,db,25,-86.02916078614835,-85.393676053364,-85.71141841975617,1,0.012293765053599118,0.0546875,128
bayesfl_observability_v1,ola_sparse_bayesian_keep010_seed42,35,ola,global,,,layers.0.bias,db,26,-85.393676053364,-84.75819132057964,-85.07593368697182,1,0.012293765053598844,0.0625,128
bayesfl_observability_v1,ola_sparse_bayesian_keep010_seed42,35,ola,global,,,layers.0.bias,db,27,-84.75819132057964,-84.12270658779528,-84.44044895418746,1,0.012293765053598844,0.0703125,128
bayesfl_observability_v1,ola_sparse_bayesian_keep010_seed42,35,ola,global,,,layers.0.bias,db,28,-84.12270658779528,-83.48722185501092,-83.8049642214031,0,0.0,0.0703125,128
bayesfl_observability_v1,ola_sparse_bayesian_keep010_seed42,35,ola,global,,,layers.0.bias,db,29,-83.48722185501092,-82.85173712222657,-83.16947948861875,0,0.0,0.0703125,128
bayesfl_observability_v1,ola_sparse_bayesian_keep010_seed42,35,ola,global,,,layers.0.bias,db,30,-82.85173712222657,-82.2162523894422,-82.53399475583439,0,0.0,0.0703125,128
bayesfl_observability_v1,ola_sparse_bayesian_keep010_seed42,35,ola,global,,,layers.0.bias,db,31,-82.2162523894422,-81.58076765665786,-81.89851002305002,0,0.0,0.0703125,128
bayesfl_observability_v1,ola_sparse_bayesian_keep010_seed42,35,ola,global,,,layers.0.bias,db,32,-81.58076765665786,-80.94528292387349,-81.26302529026567,1,0.012293765053598844,0.078125,128
bayesfl_observability_v1,ola_sparse_bayesian_keep010_seed42,35,ola,global,,,layers.0.bias,db,33,-80.94528292387349,-80.30979819108913,-80.62754055748131,1,0.012293765053598844,0.0859375,128
bayesfl_observability_v1,ola_sparse_bayesian_keep010_seed42,35,ola,global,,,layers.0.bias,db,34,-80.30979819108913,-79.67431345830477,-79.99205582469695,1,0.012293765053598844,0.09375,128
bayesfl_observability_v1,ola_sparse_bayesian_keep010_seed42,35,ola,global,,,layers.0.bias,db,35,-79.67431345830477,-79.03882872552042,-79.3565710919126,1,0.012293765053599118,0.1015625,128
bayesfl_observability_v1,ola_sparse_bayesian_keep010_seed42,35,ola,global,,,layers.0.bias,db,36,-79.03882872552042,-78.40334399273605,-78.72108635912824,0,0.0,0.1015625,128
bayesfl_observability_v1,ola_sparse_bayesian_keep010_seed42,35,ola,global,,,layers.0.bias,db,37,-78.40334399273605,-77.7678592599517,-78.08560162634387,0,0.0,0.1015625,128
bayesfl_observability_v1,ola_sparse_bayesian_keep010_seed42,35,ola,global,,,layers.0.bias,db,38,-77.7678592599517,-77.13237452716734,-77.45011689355952,3,0.03688129516079653,0.125,128
bayesfl_observability_v1,ola_sparse_bayesian_keep010_seed42,35,ola,global,,,layers.0.bias,db,39,-77.13237452716734,-76.49688979438298,-76.81463216077516,2,0.024587530107197688,0.140625,128
bayesfl_observability_v1,ola_sparse_bayesian_keep010_seed42,35,ola,global,,,layers.0.bias,db,40,-76.49688979438298,-75.86140506159862,-76.1791474279908,0,0.0,0.140625,128
bayesfl_observability_v1,ola_sparse_bayesian_keep010_seed42,35,ola,global,,,layers.0.bias,db,41,-75.86140506159862,-75.22592032881427,-75.54366269520645,0,0.0,0.140625,128
bayesfl_observability_v1,ola_sparse_bayesian_keep010_seed42,35,ola,global,,,layers.0.bias,db,42,-75.22592032881427,-74.5904355960299,-74.90817796242209,1,0.012293765053598844,0.1484375,128
bayesfl_observability_v1,ola_sparse_bayesian_keep010_seed42,35,ola,global,,,layers.0.bias,db,43,-74.5904355960299,-73.95495086324556,-74.27269322963772,2,0.024587530107198236,0.1640625,128
bayesfl_observability_v1,ola_sparse_bayesian_keep010_seed42,35,ola,global,,,layers.0.bias,db,44,-73.95495086324556,-73.3194661304612,-73.63720849685338,1,0.012293765053598844,0.171875,128
bayesfl_observability_v1,ola_sparse_bayesian_keep010_seed42,35,ola,global,,,layers.0.bias,db,45,-73.3194661304612,-72.68398139767683,-73.00172376406901,2,0.024587530107197688,0.1875,128
bayesfl_observability_v1,ola_sparse_bayesian_keep010_seed42,35,ola,global,,,layers.0.bias,db,46,-72.68398139767683,-72.04849666489247,-72.36623903128465,0,0.0,0.1875,128
bayesfl_observability_v1,ola_sparse_bayesian_keep010_seed42,35,ola,global,,,layers.0.bias,db,47,-72.04849666489247,-71.41301193210812,-71.7307542985003,0,0.0,0.1875,128
bayesfl_observability_v1,ola_sparse_bayesian_keep010_seed42,35,ola,global,,,layers.0.bias,db,48,-71.41301193210812,-70.77752719932376,-71.09526956571594,2,0.024587530107197688,0.203125,128
bayesfl_observability_v1,ola_sparse_bayesian_keep010_seed42,35,ola,global,,,layers.0.bias,db,49,-70.77752719932376,-70.14204246653941,-70.45978483293158,4,0.04917506021439647,0.234375,128
bayesfl_observability_v1,ola_sparse_bayesian_keep010_seed42,35,ola,global,,,layers.0.bias,db,50,-70.14204246653941,-69.50655773375505,-69.82430010014723,4,0.049175060214395376,0.265625,128
bayesfl_observability_v1,ola_sparse_bayesian_keep010_seed42,35,ola,global,,,layers.0.bias,db,51,-69.50655773375505,-68.87107300097068,-69.18881536736286,1,0.012293765053598844,0.2734375,128
bayesfl_observability_v1,ola_sparse_bayesian_keep010_seed42,35,ola,global,,,layers.0.bias,db,52,-68.87107300097068,-68.23558826818632,-68.5533306345785,6,0.07376259032159306,0.3203125,128
bayesfl_observability_v1,ola_sparse_bayesian_keep010_seed42,35,ola,global,,,layers.0.bias,db,53,-68.23558826818632,-67.60010353540196,-67.91784590179414,2,0.024587530107197688,0.3359375,128
bayesfl_observability_v1,ola_sparse_bayesian_keep010_seed42,35,ola,global,,,layers.0.bias,db,54,-67.60010353540196,-66.96461880261761,-67.28236116900979,5,0.061468825267995596,0.375,128
bayesfl_observability_v1,ola_sparse_bayesian_keep010_seed42,35,ola,global,,,layers.0.bias,db,55,-66.96461880261761,-66.32913406983326,-66.64687643622543,4,0.04917506021439647,0.40625,128
bayesfl_observability_v1,ola_sparse_bayesian_keep010_seed42,35,ola,global,,,layers.0.bias,db,56,-66.32913406983326,-65.6936493370489,-66.01139170344108,1,0.012293765053598844,0.4140625,128
bayesfl_observability_v1,ola_sparse_bayesian_keep010_seed42,35,ola,global,,,layers.0.bias,db,57,-65.6936493370489,-65.05816460426453,-65.37590697065671,3,0.03688129516079653,0.4375,128
bayesfl_observability_v1,ola_sparse_bayesian_keep010_seed42,35,ola,global,,,layers.0.bias,db,58,-65.05816460426453,-64.42267987148017,-64.74042223787235,4,0.049175060214395376,0.46875,128
bayesfl_observability_v1,ola_sparse_bayesian_keep010_seed42,35,ola,global,,,layers.0.bias,db,59,-64.42267987148017,-63.787195138695814,-64.10493750508799,7,0.08605635537519286,0.5234375,128
bayesfl_observability_v1,ola_sparse_bayesian_keep010_seed42,35,ola,global,,,layers.0.bias,db,60,-63.787195138695814,-63.15171040591146,-63.46945277230364,1,0.012293765053598981,0.53125,128
bayesfl_observability_v1,ola_sparse_bayesian_keep010_seed42,35,ola,global,,,layers.0.bias,db,61,-63.15171040591146,-62.5162256731271,-62.83396803951928,3,0.03688129516079694,0.5546875,128
bayesfl_observability_v1,ola_sparse_bayesian_keep010_seed42,35,ola,global,,,layers.0.bias,db,62,-62.5162256731271,-61.88074094034274,-62.19848330673492,5,0.061468825267994215,0.59375,128
bayesfl_observability_v1,ola_sparse_bayesian_keep010_seed42,35,ola,global,,,layers.0.bias,db,63,-61.88074094034274,-61.245256207558384,-61.562998573950566,5,0.0614688252679949,0.6328125,128
bayesfl_observability_v1,ola_sparse_bayesian_keep010_seed42,35,ola,global,,,layers.0.bias,db,64,-61.245256207558384,-60.60977147477403,-60.9275138411662,6,0.07376259032159388,0.6796875,128
bayesfl_observability_v1,ola_sparse_bayesian_keep010_seed42,35,ola,global,,,layers.0.bias,db,65,-60.60977147477403,-59.974286741989665,-60.29202910838185,4,0.049175060214395376,0.7109375,128
bayesfl_observability_v1,ola_sparse_bayesian_keep010_seed42,35,ola,global,,,layers.0.bias,db,66,-59.974286741989665,-59.33880200920531,-59.65654437559749,5,0.0614688252679949,0.75,128
bayesfl_observability_v1,ola_sparse_bayesian_keep010_seed42,35,ola,global,,,layers.0.bias,db,67,-59.33880200920531,-58.703317276420954,-59.02105964281313,5,0.0614688252679949,0.7890625,128
bayesfl_observability_v1,ola_sparse_bayesian_keep010_seed42,35,ola,global,,,layers.0.bias,db,68,-58.703317276420954,-58.06783254363659,-58.38557491002877,4,0.049175060214395376,0.8203125,128
bayesfl_observability_v1,ola_sparse_bayesian_keep010_seed42,35,ola,global,,,layers.0.bias,db,69,-58.06783254363659,-57.432347810852235,-57.75009017724442,4,0.049175060214395924,0.8515625,128
bayesfl_observability_v1,ola_sparse_bayesian_keep010_seed42,35,ola,global,,,layers.0.bias,db,70,-57.432347810852235,-56.79686307806788,-57.114605444460054,6,0.07376259032159388,0.8984375,128
bayesfl_observability_v1,ola_sparse_bayesian_keep010_seed42,35,ola,global,,,layers.0.bias,db,71,-56.79686307806788,-56.16137834528352,-56.4791207116757,1,0.012293765053598844,0.90625,128
bayesfl_observability_v1,ola_sparse_bayesian_keep010_seed42,35,ola,global,,,layers.0.bias,db,72,-56.16137834528352,-55.52589361249916,-55.84363597889134,7,0.08605635537519286,0.9609375,128
bayesfl_observability_v1,ola_sparse_bayesian_keep010_seed42,35,ola,global,,,layers.0.bias,db,73,-55.52589361249916,-54.890408879714805,-55.20815124610698,3,0.03688129516079694,0.984375,128
bayesfl_observability_v1,ola_sparse_bayesian_keep010_seed42,35,ola,global,,,layers.0.bias,db,74,-54.890408879714805,-54.25492414693044,-54.57266651332262,1,0.012293765053598844,0.9921875,128
bayesfl_observability_v1,ola_sparse_bayesian_keep010_seed42,35,ola,global,,,layers.0.bias,db,75,-54.25492414693044,-53.619439414146086,-53.93718178053827,0,0.0,0.9921875,128
bayesfl_observability_v1,ola_sparse_bayesian_keep010_seed42,35,ola,global,,,layers.0.bias,db,76,-53.619439414146086,-52.98395468136173,-53.301697047753905,0,0.0,0.9921875,128
bayesfl_observability_v1,ola_sparse_bayesian_keep010_seed42,35,ola,global,,,layers.0.bias,db,77,-52.98395468136173,-52.34846994857737,-52.66621231496955,0,0.0,0.9921875,128
bayesfl_observability_v1,ola_sparse_bayesian_keep010_seed42,35,ola,global,,,layers.0.bias,db,78,-52.34846994857737,-51.71298521579301,-52.03072758218519,0,0.0,0.9921875,128
bayesfl_observability_v1,ola_sparse_bayesian_keep010_seed42,35,ola,global,,,layers.0.bias,db,79,-51.71298521579301,-51.07750048300865,-51.39524284940083,1,0.012293765053598844,1.0,128
bayesfl_observability_v1,ola_sparse_bayesian_keep010_seed42,35,ola,global,,,layers.1.weight,raw,0,4.4151030786644434e-07,0.0007989559681952174,0.00039969873925154196,154,150.6704090472121,0.1203125,1280
bayesfl_observability_v1,ola_sparse_bayesian_keep010_seed42,35,ola,global,,,layers.1.weight,raw,1,0.0007989559681952174,0.0015974704260825682,0.001198213197138893,127,124.25416849997366,0.21953125,1280
bayesfl_observability_v1,ola_sparse_bayesian_keep010_seed42,35,ola,global,,,layers.1.weight,raw,2,0.0015974704260825682,0.0023959848839699193,0.0019967276550262435,132,129.14606489761036,0.32265625,1280
bayesfl_observability_v1,ola_sparse_bayesian_keep010_seed42,35,ola,global,,,layers.1.weight,raw,3,0.0023959848839699193,0.0031944993418572703,0.002795242112913595,110,107.62172074800863,0.40859375,1280
bayesfl_observability_v1,ola_sparse_bayesian_keep010_seed42,35,ola,global,,,layers.1.weight,raw,4,0.0031944993418572703,0.003993013799744621,0.0035937565708009456,116,113.49199642517274,0.49921875,1280
bayesfl_observability_v1,ola_sparse_bayesian_keep010_seed42,35,ola,global,,,layers.1.weight,raw,5,0.003993013799744621,0.004791528257631972,0.004392271028688296,101,98.81630723226253,0.578125,1280
bayesfl_observability_v1,ola_sparse_bayesian_keep010_seed42,35,ola,global,,,layers.1.weight,raw,6,0.004791528257631972,0.005590042715519323,0.005190785486575648,77,75.33520452360601,0.63828125,1280
bayesfl_observability_v1,ola_sparse_bayesian_keep010_seed42,35,ola,global,,,layers.1.weight,raw,7,0.005590042715519323,0.006388557173406674,0.005989299944462999,64,62.616273889750516,0.68828125,1280
bayesfl_observability_v1,ola_sparse_bayesian_keep010_seed42,35,ola,global,,,layers.1.weight,raw,8,0.006388557173406674,0.007187071631294025,0.006787814402350349,67,65.55141172833257,0.740625,1280
bayesfl_observability_v1,ola_sparse_bayesian_keep010_seed42,35,ola,global,,,layers.1.weight,raw,9,0.007187071631294025,0.007985586089181375,0.0075863288602377,36,35.22165406298467,0.76875,1280
bayesfl_observability_v1,ola_sparse_bayesian_keep010_seed42,35,ola,global,,,layers.1.weight,raw,10,0.007985586089181375,0.008784100547068727,0.00838484331812505,39,38.15679190156668,0.79921875,1280
bayesfl_observability_v1,ola_sparse_bayesian_keep010_seed42,35,ola,global,,,layers.1.weight,raw,11,0.008784100547068727,0.009582615004956076,0.009183357776012402,34,33.26489550393,0.82578125,1280
bayesfl_observability_v1,ola_sparse_bayesian_keep010_seed42,35,ola,global,,,layers.1.weight,raw,12,0.009582615004956076,0.010381129462843428,0.009981872233899753,22,21.524344149601717,0.84296875,1280
bayesfl_observability_v1,ola_sparse_bayesian_keep010_seed42,35,ola,global,,,layers.1.weight,raw,13,0.010381129462843428,0.01117964392073078,0.010780386691787103,20,19.567585590547015,0.85859375,1280
bayesfl_observability_v1,ola_sparse_bayesian_keep010_seed42,35,ola,global,,,layers.1.weight,raw,14,0.01117964392073078,0.011978158378618129,0.011578901149674454,16,15.654068472437647,0.87109375,1280
bayesfl_observability_v1,ola_sparse_bayesian_keep010_seed42,35,ola,global,,,layers.1.weight,raw,15,0.011978158378618129,0.01277667283650548,0.012377415607561806,16,15.654068472437611,0.88359375,1280
bayesfl_observability_v1,ola_sparse_bayesian_keep010_seed42,35,ola,global,,,layers.1.weight,raw,16,0.01277667283650548,0.013575187294392832,0.013175930065449155,11,10.762172074800858,0.8921875,1280
bayesfl_observability_v1,ola_sparse_bayesian_keep010_seed42,35,ola,global,,,layers.1.weight,raw,17,0.013575187294392832,0.014373701752280182,0.013974444523336507,17,16.632447751965,0.90546875,1280
bayesfl_observability_v1,ola_sparse_bayesian_keep010_seed42,35,ola,global,,,layers.1.weight,raw,18,0.014373701752280182,0.015172216210167533,0.014772958981223858,12,11.74055135432821,0.91484375,1280
bayesfl_observability_v1,ola_sparse_bayesian_keep010_seed42,35,ola,global,,,layers.1.weight,raw,19,0.015172216210167533,0.015970730668054885,0.015571473439111208,10,9.783792795273508,0.92265625,1280
bayesfl_observability_v1,ola_sparse_bayesian_keep010_seed42,35,ola,global,,,layers.1.weight,raw,20,0.015970730668054885,0.016769245125942234,0.01636998789699856,9,8.805413515746176,0.9296875,1280
bayesfl_observability_v1,ola_sparse_bayesian_keep010_seed42,35,ola,global,,,layers.1.weight,raw,21,0.016769245125942234,0.017567759583829588,0.01716850235488591,7,6.8486549566914405,0.93515625,1280
bayesfl_observability_v1,ola_sparse_bayesian_keep010_seed42,35,ola,global,,,layers.1.weight,raw,22,0.017567759583829588,0.018366274041716937,0.01796701681277326,7,6.84865495669147,0.940625,1280
bayesfl_observability_v1,ola_sparse_bayesian_keep010_seed42,35,ola,global,,,layers.1.weight,raw,23,0.018366274041716937,0.019164788499604287,0.018765531270660614,7,6.84865495669147,0.94609375,1280
bayesfl_observability_v1,ola_sparse_bayesian_keep010_seed42,35,ola,global,,,layers.1.weight,raw,24,0.019164788499604287,0.01996330295749164,0.019564045728547964,4,3.9135171181093944,0.94921875,1280
bayesfl_observability_v1,ola_sparse_bayesian_keep010_seed42,35,ola,global,,,layers.1.weight,raw,25,0.01996330295749164,0.02076181741537899,0.020362560186435313,3,2.9351378385820586,0.9515625,1280
bayesfl_observability_v1,ola_sparse_bayesian_keep010_seed42,35,ola,global,,,layers.1.weight,raw,26,0.02076181741537899,0.02156033187326634,0.021161074644322667,5,4.891896397636764,0.95546875,1280
bayesfl_observability_v1,ola_sparse_bayesian_keep010_seed42,35,ola,global,,,layers.1.weight,raw,27,0.02156033187326634,0.022358846331153693,0.021959589102210016,3,2.935137838582046,0.9578125,1280
bayesfl_observability_v1,ola_sparse_bayesian_keep010_seed42,35,ola,global,,,layers.1.weight,raw,28,0.022358846331153693,0.023157360789041043,0.022758103560097366,3,2.9351378385820586,0.96015625,1280
bayesfl_observability_v1,ola_sparse_bayesian_keep010_seed42,35,ola,global,,,layers.1.weight,raw,29,0.023157360789041043,0.023955875246928392,0.02355661801798472,5,4.891896397636764,0.9640625,1280
bayesfl_observability_v1,ola_sparse_bayesian_keep010_seed42,35,ola,global,,,layers.1.weight,raw,30,0.023955875246928392,0.024754389704815746,0.02435513247587207,3,2.935137838582046,0.96640625,1280
bayesfl_observability_v1,ola_sparse_bayesian_keep010_seed42,35,ola,global,,,layers.1.weight,raw,31,0.024754389704815746,0.025552904162703095,0.02515364693375942,3,2.9351378385820586,0.96875,1280
bayesfl_observability_v1,ola_sparse_bayesian_keep010_seed42,35,ola,global,,,layers.1.weight,raw,32,0.025552904162703095,0.026351418620590445,0.025952161391646772,1,0.9783792795273529,0.96953125,1280
bayesfl_observability_v1,ola_sparse_bayesian_keep010_seed42,35,ola,global,,,layers.1.weight,raw,33,0.026351418620590445,0.0271499330784778,0.02675067584953412,0,0.0,0.96953125,1280
bayesfl_observability_v1,ola_sparse_bayesian_keep010_seed42,35,ola,global,,,layers.1.weight,raw,34,0.0271499330784778,0.027948447536365148,0.02754919030742147,3,2.9351378385820586,0.971875,1280
bayesfl_observability_v1,ola_sparse_bayesian_keep010_seed42,35,ola,global,,,layers.1.weight,raw,35,0.027948447536365148,0.028746961994252498,0.028347704765308825,3,2.9351378385820586,0.97421875,1280
bayesfl_observability_v1,ola_sparse_bayesian_keep010_seed42,35,ola,global,,,layers.1.weight,raw,36,0.028746961994252498,0.02954547645213985,0.029146219223196174,1,0.9783792795273486,0.975,1280
bayesfl_observability_v1,ola_sparse_bayesian_keep010_seed42,35,ola,global,,,layers.1.weight,raw,37,0.02954547645213985,0.0303439909100272,0.029944733681083524,3,2.9351378385820586,0.97734375,1280
bayesfl_observability_v1,ola_sparse_bayesian_keep010_seed42,35,ola,global,,,layers.1.weight,raw,38,0.0303439909100272,0.03114250536791455,0.030743248138970877,1,0.9783792795273529,0.978125,1280
bayesfl_observability_v1,ola_sparse_bayesian_keep010_seed42,35,ola,global,,,layers.1.weight,raw,39,0.03114250536791455,0.03194101982580191,0.03154176259685823,1,0.9783792795273444,0.97890625,1280
bayesfl_observability_v1,ola_sparse_bayesian_keep010_seed42,35,ola,global,,,layers.1.weight,raw,40,0.03194101982580191,0.03273953428368926,0.032340277054745584,1,0.9783792795273486,0.9796875,1280
bayesfl_observability_v1,ola_sparse_bayesian_keep010_seed42,35,ola,global,,,layers.1.weight,raw,41,0.03273953428368926,0.03353804874157661,0.03313879151263294,2,1.9567585590547143,0.98125,1280
bayesfl_observability_v1,ola_sparse_bayesian_keep010_seed42,35,ola,global,,,layers.1.weight,raw,42,0.03353804874157661,0.03433656319946396,0.03393730597052028,1,0.9783792795273486,0.98203125,1280
bayesfl_observability_v1,ola_sparse_bayesian_keep010_seed42,35,ola,global,,,layers.1.weight,raw,43,0.03433656319946396,0.03513507765735131,0.034735820428407636,2,1.9567585590546972,0.98359375,1280
bayesfl_observability_v1,ola_sparse_bayesian_keep010_seed42,35,ola,global,,,layers.1.weight,raw,44,0.03513507765735131,0.03593359211523866,0.03553433488629498,1,0.9783792795273571,0.984375,1280
bayesfl_observability_v1,ola_sparse_bayesian_keep010_seed42,35,ola,global,,,layers.1.weight,raw,45,0.03593359211523866,0.03673210657312601,0.036332849344182336,1,0.9783792795273486,0.98515625,1280
bayesfl_observability_v1,ola_sparse_bayesian_keep010_seed42,35,ola,global,,,layers.1.weight,raw,46,0.03673210657312601,0.037530621031013366,0.03713136380206969,0,0.0,0.98515625,1280
bayesfl_observability_v1,ola_sparse_bayesian_keep010_seed42,35,ola,global,,,layers.1.weight,raw,47,0.037530621031013366,0.03832913548890071,0.03792987825995704,1,0.9783792795273571,0.9859375,1280
bayesfl_observability_v1,ola_sparse_bayesian_keep010_seed42,35,ola,global,,,layers.1.weight,raw,48,0.03832913548890071,0.039127649946788065,0.03872839271784439,0,0.0,0.9859375,1280
bayesfl_observability_v1,ola_sparse_bayesian_keep010_seed42,35,ola,global,,,layers.1.weight,raw,49,0.039127649946788065,0.03992616440467542,0.03952690717573174,0,0.0,0.9859375,1280
bayesfl_observability_v1,ola_sparse_bayesian_keep010_seed42,35,ola,global,,,layers.1.weight,raw,50,0.03992616440467542,0.040724678862562765,0.04032542163361909,3,2.9351378385820714,0.98828125,1280
bayesfl_observability_v1,ola_sparse_bayesian_keep010_seed42,35,ola,global,,,layers.1.weight,raw,51,0.040724678862562765,0.04152319332045012,0.04112393609150644,1,0.9783792795273486,0.9890625,1280
bayesfl_observability_v1,ola_sparse_bayesian_keep010_seed42,35,ola,global,,,layers.1.weight,raw,52,0.04152319332045012,0.04232170777833747,0.041922450549393794,2,1.9567585590546972,0.990625,1280
bayesfl_observability_v1,ola_sparse_bayesian_keep010_seed42,35,ola,global,,,layers.1.weight,raw,53,0.04232170777833747,0.04312022223622482,0.04272096500728115,2,1.9567585590547143,0.9921875,1280
bayesfl_observability_v1,ola_sparse_bayesian_keep010_seed42,35,ola,global,,,layers.1.weight,raw,54,0.04312022223622482,0.04391873669411217,0.043519479465168494,0,0.0,0.9921875,1280
bayesfl_observability_v1,ola_sparse_bayesian_keep010_seed42,35,ola,global,,,layers.1.weight,raw,55,0.04391873669411217,0.044717251151999524,0.04431799392305585,1,0.9783792795273486,0.99296875,1280
bayesfl_observability_v1,ola_sparse_bayesian_keep010_seed42,35,ola,global,,,layers.1.weight,raw,56,0.044717251151999524,0.04551576560988687,0.04511650838094319,0,0.0,0.99296875,1280
bayesfl_observability_v1,ola_sparse_bayesian_keep010_seed42,35,ola,global,,,layers.1.weight,raw,57,0.04551576560988687,0.04631428006777422,0.045915022838830546,1,0.9783792795273486,0.99375,1280
bayesfl_observability_v1,ola_sparse_bayesian_keep010_seed42,35,ola,global,,,layers.1.weight,raw,58,0.04631428006777422,0.047112794525661576,0.0467135372967179,0,0.0,0.99375,1280
bayesfl_observability_v1,ola_sparse_bayesian_keep010_seed42,35,ola,global,,,layers.1.weight,raw,59,0.047112794525661576,0.04791130898354892,0.04751205175460525,0,0.0,0.99375,1280
bayesfl_observability_v1,ola_sparse_bayesian_keep010_seed42,35,ola,global,,,layers.1.weight,raw,60,0.04791130898354892,0.048709823441436276,0.0483105662124926,1,0.9783792795273486,0.99453125,1280
bayesfl_observability_v1,ola_sparse_bayesian_keep010_seed42,35,ola,global,,,layers.1.weight,raw,61,0.048709823441436276,0.04950833789932363,0.04910908067037995,0,0.0,0.99453125,1280
bayesfl_observability_v1,ola_sparse_bayesian_keep010_seed42,35,ola,global,,,layers.1.weight,raw,62,0.04950833789932363,0.050306852357210975,0.0499075951282673,0,0.0,0.99453125,1280
bayesfl_observability_v1,ola_sparse_bayesian_keep010_seed42,35,ola,global,,,layers.1.weight,raw,63,0.050306852357210975,0.05110536681509833,0.05070610958615465,0,0.0,0.99453125,1280
bayesfl_observability_v1,ola_sparse_bayesian_keep010_seed42,35,ola,global,,,layers.1.weight,raw,64,0.05110536681509833,0.05190388127298568,0.051504624044042005,1,0.9783792795273486,0.9953125,1280
bayesfl_observability_v1,ola_sparse_bayesian_keep010_seed42,35,ola,global,,,layers.1.weight,raw,65,0.05190388127298568,0.05270239573087303,0.05230313850192936,0,0.0,0.9953125,1280
bayesfl_observability_v1,ola_sparse_bayesian_keep010_seed42,35,ola,global,,,layers.1.weight,raw,66,0.05270239573087303,0.05350091018876038,0.053101652959816704,0,0.0,0.9953125,1280
bayesfl_observability_v1,ola_sparse_bayesian_keep010_seed42,35,ola,global,,,layers.1.weight,raw,67,0.05350091018876038,0.054299424646647734,0.05390016741770406,0,0.0,0.9953125,1280
bayesfl_observability_v1,ola_sparse_bayesian_keep010_seed42,35,ola,global,,,layers.1.weight,raw,68,0.054299424646647734,0.05509793910453508,0.054698681875591404,0,0.0,0.9953125,1280
bayesfl_observability_v1,ola_sparse_bayesian_keep010_seed42,35,ola,global,,,layers.1.weight,raw,69,0.05509793910453508,0.055896453562422434,0.05549719633347876,0,0.0,0.9953125,1280
bayesfl_observability_v1,ola_sparse_bayesian_keep010_seed42,35,ola,global,,,layers.1.weight,raw,70,0.055896453562422434,0.05669496802030979,0.05629571079136611,0,0.0,0.9953125,1280
bayesfl_observability_v1,ola_sparse_bayesian_keep010_seed42,35,ola,global,,,layers.1.weight,raw,71,0.05669496802030979,0.05749348247819713,0.057094225249253464,1,0.9783792795273571,0.99609375,1280
bayesfl_observability_v1,ola_sparse_bayesian_keep010_seed42,35,ola,global,,,layers.1.weight,raw,72,0.05749348247819713,0.058291996936084486,0.05789273970714081,2,1.9567585590546972,0.99765625,1280
bayesfl_observability_v1,ola_sparse_bayesian_keep010_seed42,35,ola,global,,,layers.1.weight,raw,73,0.058291996936084486,0.05909051139397184,0.05869125416502816,1,0.9783792795273486,0.9984375,1280
bayesfl_observability_v1,ola_sparse_bayesian_keep010_seed42,35,ola,global,,,layers.1.weight,raw,74,0.05909051139397184,0.059889025851859186,0.05948976862291551,0,0.0,0.9984375,1280
bayesfl_observability_v1,ola_sparse_bayesian_keep010_seed42,35,ola,global,,,layers.1.weight,raw,75,0.059889025851859186,0.06068754030974654,0.06028828308080286,1,0.9783792795273486,0.99921875,1280
bayesfl_observability_v1,ola_sparse_bayesian_keep010_seed42,35,ola,global,,,layers.1.weight,raw,76,0.06068754030974654,0.06148605476763389,0.061086797538690216,0,0.0,0.99921875,1280
bayesfl_observability_v1,ola_sparse_bayesian_keep010_seed42,35,ola,global,,,layers.1.weight,raw,77,0.06148605476763389,0.06228456922552124,0.06188531199657757,0,0.0,0.99921875,1280
bayesfl_observability_v1,ola_sparse_bayesian_keep010_seed42,35,ola,global,,,layers.1.weight,raw,78,0.06228456922552124,0.06308308368340859,0.06268382645446491,0,0.0,0.99921875,1280
bayesfl_observability_v1,ola_sparse_bayesian_keep010_seed42,35,ola,global,,,layers.1.weight,raw,79,0.06308308368340859,0.06388159814129594,0.06348234091235228,1,0.9783792795273486,1.0,1280
bayesfl_observability_v1,ola_sparse_bayesian_keep010_seed42,35,ola,global,,,layers.1.weight,db,0,-127.10116337825784,-125.81105489291497,-126.4561091355864,1,0.0006055692283834321,0.00078125,1280
bayesfl_observability_v1,ola_sparse_bayesian_keep010_seed42,35,ola,global,,,layers.1.weight,db,1,-125.81105489291497,-124.5209464075721,-125.16600065024353,0,0.0,0.00078125,1280
bayesfl_observability_v1,ola_sparse_bayesian_keep010_seed42,35,ola,global,,,layers.1.weight,db,2,-124.5209464075721,-123.23083792222923,-123.87589216490066,0,0.0,0.00078125,1280
bayesfl_observability_v1,ola_sparse_bayesian_keep010_seed42,35,ola,global,,,layers.1.weight,db,3,-123.23083792222923,-121.94072943688634,-122.58578367955778,0,0.0,0.00078125,1280
bayesfl_observability_v1,ola_sparse_bayesian_keep010_seed42,35,ola,global,,,layers.1.weight,db,4,-121.94072943688634,-120.65062095154347,-121.29567519421491,0,0.0,0.00078125,1280
bayesfl_observability_v1,ola_sparse_bayesian_keep010_seed42,35,ola,global,,,layers.1.weight,db,5,-120.65062095154347,-119.3605124662006,-120.00556670887204,0,0.0,0.00078125,1280
bayesfl_observability_v1,ola_sparse_bayesian_keep010_seed42,35,ola,global,,,layers.1.weight,db,6,-119.3605124662006,-118.07040398085773,-118.71545822352917,0,0.0,0.00078125,1280
bayesfl_observability_v1,ola_sparse_bayesian_keep010_seed42,35,ola,global,,,layers.1.weight,db,7,-118.07040398085773,-116.78029549551486,-117.4253497381863,0,0.0,0.00078125,1280
bayesfl_observability_v1,ola_sparse_bayesian_keep010_seed42,35,ola,global,,,layers.1.weight,db,8,-116.78029549551486,-115.490187010172,-116.13524125284343,0,0.0,0.00078125,1280
bayesfl_observability_v1,ola_sparse_bayesian_keep010_seed42,35,ola,global,,,layers.1.weight,db,9,-115.490187010172,-114.20007852482912,-114.84513276750056,0,0.0,0.00078125,1280
bayesfl_observability_v1,ola_sparse_bayesian_keep010_seed42,35,ola,global,,,layers.1.weight,db,10,-114.20007852482912,-112.90997003948624,-113.55502428215769,0,0.0,0.00078125,1280
bayesfl_observability_v1,ola_sparse_bayesian_keep010_seed42,35,ola,global,,,layers.1.weight,db,11,-112.90997003948624,-111.61986155414337,-112.2649157968148,0,0.0,0.00078125,1280
bayesfl_observability_v1,ola_sparse_bayesian_keep010_seed42,35,ola,global,,,layers.1.weight,db,12,-111.61986155414337,-110.3297530688005,-110.97480731147193,0,0.0,0.00078125,1280
bayesfl_observability_v1,ola_sparse_bayesian_keep010_seed42,35,ola,global,,,layers.1.weight,db,13,-110.3297530688005,-109.03964458345763,-109.68469882612906,1,0.0006055692283834321,0.0015625,1280
bayesfl_observability_v1,ola_sparse_bayesian_keep010_seed42,35,ola,global,,,layers.1.weight,db,14,-109.03964458345763,-107.74953609811476,-108.3945903407862,0,0.0,0.0015625,1280
bayesfl_observability_v1,ola_sparse_bayesian_keep010_seed42,35,ola,global,,,layers.1.weight,db,15,-107.74953609811476,-106.45942761277189,-107.10448185544332,0,0.0,0.0015625,1280
bayesfl_observability_v1,ola_sparse_bayesian_keep010_seed42,35,ola,global,,,layers.1.weight,db,16,-106.45942761277189,-105.16931912742902,-105.81437337010045,0,0.0,0.0015625,1280
bayesfl_observability_v1,ola_sparse_bayesian_keep010_seed42,35,ola,global,,,layers.1.weight,db,17,-105.16931912742902,-103.87921064208615,-104.52426488475759,0,0.0,0.0015625,1280
bayesfl_observability_v1,ola_sparse_bayesian_keep010_seed42,35,ola,global,,,layers.1.weight,db,18,-103.87921064208615,-102.58910215674327,-103.2341563994147,0,0.0,0.0015625,1280
bayesfl_observability_v1,ola_sparse_bayesian_keep010_seed42,35,ola,global,,,layers.1.weight,db,19,-102.58910215674327,-101.2989936714004,-101.94404791407183,0,0.0,0.0015625,1280
bayesfl_observability_v1,ola_sparse_bayesian_keep010_seed42,35,ola,global,,,layers.1.weight,db,20,-101.2989936714004,-100.00888518605753,-100.65393942872896,0,0.0,0.0015625,1280
bayesfl_observability_v1,ola_sparse_bayesian_keep010_seed42,35,ola,global,,,layers.1.weight,db,21,-100.00888518605753,-98.71877670071466,-99.36383094338609,1,0.0006055692283834321,0.00234375,1280
bayesfl_observability_v1,ola_sparse_bayesian_keep010_seed42,35,ola,global,,,layers.1.weight,db,22,-98.71877670071466,-97.42866821537179,-98.07372245804322,0,0.0,0.00234375,1280
bayesfl_observability_v1,ola_sparse_bayesian_keep010_seed42,35,ola,global,,,layers.1.weight,db,23,-97.42866821537179,-96.1385597300289,-96.78361397270035,0,0.0,0.00234375,1280
bayesfl_observability_v1,ola_sparse_bayesian_keep010_seed42,35,ola,global,,,layers.1.weight,db,24,-96.1385597300289,-94.84845124468603,-95.49350548735747,1,0.0006055692283834321,0.003125,1280
bayesfl_observability_v1,ola_sparse_bayesian_keep010_seed42,35,ola,global,,,layers.1.weight,db,25,-94.84845124468603,-93.55834275934316,-94.2033970020146,1,0.0006055692283834321,0.00390625,1280
bayesfl_observability_v1,ola_sparse_bayesian_keep010_seed42,35,ola,global,,,layers.1.weight,db,26,-93.55834275934316,-92.26823427400029,-92.91328851667173,1,0.0006055692283834321,0.0046875,1280
bayesfl_observability_v1,ola_sparse_bayesian_keep010_seed42,35,ola,global,,,layers.1.weight,db,27,-92.26823427400029,-90.97812578865742,-91.62318003132886,1,0.0006055692283834321,0.00546875,1280
bayesfl_observability_v1,ola_sparse_bayesian_keep010_seed42,35,ola,global,,,layers.1.weight,db,28,-90.97812578865742,-89.68801730331455,-90.33307154598599,0,0.0,0.00546875,1280
bayesfl_observability_v1,ola_sparse_bayesian_keep010_seed42,35,ola,global,,,layers.1.weight,db,29,-89.68801730331455,-88.39790881797168,-89.04296306064312,1,0.0006055692283834321,0.00625,1280
bayesfl_observability_v1,ola_sparse_bayesian_keep010_seed42,35,ola,global,,,layers.1.weight,db,30,-88.39790881797168,-87.10780033262881,-87.75285457530025,1,0.0006055692283834321,0.00703125,1280
bayesfl_observability_v1,ola_sparse_bayesian_keep010_seed42,35,ola,global,,,layers.1.weight,db,31,-87.10780033262881,-85.81769184728594,-86.46274608995738,1,0.0006055692283834321,0.0078125,1280
bayesfl_observability_v1,ola_sparse_bayesian_keep010_seed42,35,ola,global,,,layers.1.weight,db,32,-85.81769184728594,-84.52758336194307,-85.17263760461451,3,0.0018167076851502962,0.01015625,1280
bayesfl_observability_v1,ola_sparse_bayesian_keep010_seed42,35,ola,global,,,layers.1.weight,db,33,-84.52758336194307,-83.23747487660019,-83.88252911927162,2,0.0012111384567668507,0.01171875,1280
bayesfl_observability_v1,ola_sparse_bayesian_keep010_seed42,35,ola,global,,,layers.1.weight,db,34,-83.23747487660019,-81.94736639125732,-82.59242063392875,2,0.0012111384567668642,0.01328125,1280
bayesfl_observability_v1,ola_sparse_bayesian_keep010_seed42,35,ola,global,,,layers.1.weight,db,35,-81.94736639125732,-80.65725790591445,-81.30231214858588,2,0.0012111384567668642,0.01484375,1280
bayesfl_observability_v1,ola_sparse_bayesian_keep010_seed42,35,ola,global,,,layers.1.weight,db,36,-80.65725790591445,-79.36714942057158,-80.01220366324301,2,0.0012111384567668642,0.01640625,1280
bayesfl_observability_v1,ola_sparse_bayesian_keep010_seed42,35,ola,global,,,layers.1.weight,db,37,-79.36714942057158,-78.0770409352287,-78.72209517790014,6,0.0036334153703005525,0.02109375,1280
bayesfl_observability_v1,ola_sparse_bayesian_keep010_seed42,35,ola,global,,,layers.1.weight,db,38,-78.0770409352287,-76.78693244988582,-77.43198669255726,3,0.0018167076851502962,0.0234375,1280
bayesfl_observability_v1,ola_sparse_bayesian_keep010_seed42,35,ola,global,,,layers.1.weight,db,39,-76.78693244988582,-75.49682396454295,-76.14187820721439,5,0.00302784614191716,0.02734375,1280
bayesfl_observability_v1,ola_sparse_bayesian_keep010_seed42,35,ola,global,,,layers.1.weight,db,40,-75.49682396454295,-74.20671547920008,-74.85176972187152,7,0.0042389845986840246,0.0328125,1280
bayesfl_observability_v1,ola_sparse_bayesian_keep010_seed42,35,ola,global,,,layers.1.weight,db,41,-74.20671547920008,-72.91660699385722,-73.56166123652865,7,0.0042389845986840246,0.03828125,1280
bayesfl_observability_v1,ola_sparse_bayesian_keep010_seed42,35,ola,global,,,layers.1.weight,db,42,-72.91660699385722,-71.62649850851435,-72.27155275118578,7,0.0042389845986840246,0.04375,1280
bayesfl_observability_v1,ola_sparse_bayesian_keep010_seed42,35,ola,global,,,layers.1.weight,db,43,-71.62649850851435,-70.33639002317148,-70.98144426584291,4,0.0024222769135337284,0.046875,1280
bayesfl_observability_v1,ola_sparse_bayesian_keep010_seed42,35,ola,global,,,layers.1.weight,db,44,-70.33639002317148,-69.0462815378286,-69.69133578050004,10,0.00605569228383432,0.0546875,1280
bayesfl_observability_v1,ola_sparse_bayesian_keep010_seed42,35,ola,global,,,layers.1.weight,db,45,-69.0462815378286,-67.75617305248574,-68.40122729515717,9,0.005450123055450888,0.06171875,1280
bayesfl_observability_v1,ola_sparse_bayesian_keep010_seed42,35,ola,global,,,layers.1.weight,db,46,-67.75617305248574,-66.46606456714287,-67.1111188098143,14,0.008477969197368049,0.07265625,1280
bayesfl_observability_v1,ola_sparse_bayesian_keep010_seed42,35,ola,global,,,layers.1.weight,db,47,-66.46606456714287,-65.17595608179998,-65.82101032447142,15,0.00908353842575138,0.084375,1280
bayesfl_observability_v1,ola_sparse_bayesian_keep010_seed42,35,ola,global,,,layers.1.weight,db,48,-65.17595608179998,-63.88584759645711,-64.53090183912855,18,0.010900246110901776,0.0984375,1280
bayesfl_observability_v1,ola_sparse_bayesian_keep010_seed42,35,ola,global,,,layers.1.weight,db,49,-63.88584759645711,-62.59573911111424,-63.240793353785676,20,0.01211138456766864,0.1140625,1280
bayesfl_observability_v1,ola_sparse_bayesian_keep010_seed42,35,ola,global,,,layers.1.weight,db,50,-62.59573911111424,-61.30563062577137,-61.950684868442806,22,0.013322523024435505,0.13125,1280
bayesfl_observability_v1,ola_sparse_bayesian_keep010_seed42,35,ola,global,,,layers.1.weight,db,51,-61.30563062577137,-60.0155221404285,-60.66057638309994,27,0.016350369166352664,0.15234375,1280
bayesfl_observability_v1,ola_sparse_bayesian_keep010_seed42,35,ola,global,,,layers.1.weight,db,52,-60.0155221404285,-58.72541365508563,-59.37046789775707,26,0.015744799937969234,0.17265625,1280
bayesfl_observability_v1,ola_sparse_bayesian_keep010_seed42,35,ola,global,,,layers.1.weight,db,53,-58.72541365508563,-57.43530516974275,-58.08035941241419,27,0.016350369166352484,0.19375,1280
bayesfl_observability_v1,ola_sparse_bayesian_keep010_seed42,35,ola,global,,,layers.1.weight,db,54,-57.43530516974275,-56.14519668439988,-56.79025092707131,23,0.013928092252818937,0.21171875,1280
bayesfl_observability_v1,ola_sparse_bayesian_keep010_seed42,35,ola,global,,,layers.1.weight,db,55,-56.14519668439988,-54.85508819905701,-55.50014244172844,45,0.027250615277254444,0.246875,1280
bayesfl_observability_v1,ola_sparse_bayesian_keep010_seed42,35,ola,global,,,layers.1.weight,db,56,-54.85508819905701,-53.56497971371414,-54.21003395638557,48,0.02906732296240474,0.284375,1280
bayesfl_observability_v1,ola_sparse_bayesian_keep010_seed42,35,ola,global,,,layers.1.weight,db,57,-53.56497971371414,-52.27487122837127,-52.9199254710427,59,0.03572858447462249,0.33046875,1280
bayesfl_observability_v1,ola_sparse_bayesian_keep010_seed42,35,ola,global,,,layers.1.weight,db,58,-52.27487122837127,-50.9847627430284,-51.62981698569983,50,0.030278461419171603,0.36953125,1280
bayesfl_observability_v1,ola_sparse_bayesian_keep010_seed42,35,ola,global,,,layers.1.weight,db,59,-50.9847627430284,-49.69465425768553,-50.33970850035696,60,0.036334153703005925,0.41640625,1280
bayesfl_observability_v1,ola_sparse_bayesian_keep010_seed42,35,ola,global,,,layers.1.weight,db,60,-49.69465425768553,-48.404545772342644,-49.049600015014086,85,0.05147338441259116,0.4828125,1280
bayesfl_observability_v1,ola_sparse_bayesian_keep010_seed42,35,ola,global,,,layers.1.weight,db,61,-48.404545772342644,-47.114437286999774,-47.75949152967121,78,0.0472343998139077,0.54375,1280
bayesfl_observability_v1,ola_sparse_bayesian_keep010_seed42,35,ola,global,,,layers.1.weight,db,62,-47.114437286999774,-45.824328801656904,-46.46938304432834,85,0.05147338441259172,0.61015625,1280
bayesfl_observability_v1,ola_sparse_bayesian_keep010_seed42,35,ola,global,,,layers.1.weight,db,63,-45.824328801656904,-44.534220316314034,-45.17927455898547,59,0.03572858447462249,0.65625,1280
bayesfl_observability_v1,ola_sparse_bayesian_keep010_seed42,35,ola,global,,,layers.1.weight,db,64,-44.534220316314034,-43.244111830971164,-43.8891660736426,82,0.04965667672744143,0.7203125,1280
bayesfl_observability_v1,ola_sparse_bayesian_keep010_seed42,35,ola,global,,,layers.1.weight,db,65,-43.244111830971164,-41.954003345628294,-42.59905758829973,62,0.037545292159772786,0.76875,1280
bayesfl_observability_v1,ola_sparse_bayesian_keep010_seed42,35,ola,global,,,layers.1.weight,db,66,-41.954003345628294,-40.663894860285424,-41.30894910295686,60,0.036334153703005925,0.815625,1280
bayesfl_observability_v1,ola_sparse_bayesian_keep010_seed42,35,ola,global,,,layers.1.weight,db,67,-40.663894860285424,-39.37378637494254,-40.01884061761398,44,0.026645046048870715,0.85,1280
bayesfl_observability_v1,ola_sparse_bayesian_keep010_seed42,35,ola,global,,,layers.1.weight,db,68,-39.37378637494254,-38.08367788959967,-38.728732132271105,37,0.022406061450186986,0.87890625,1280
bayesfl_observability_v1,ola_sparse_bayesian_keep010_seed42,35,ola,global,,,layers.1.weight,db,69,-38.08367788959967,-36.7935694042568,-37.438623646928235,37,0.022406061450186986,0.9078125,1280
bayesfl_observability_v1,ola_sparse_bayesian_keep010_seed42,35,ola,global,,,layers.1.weight,db,70,-36.7935694042568,-35.50346091891393,-36.148515161585365,28,0.016955938394736098,0.9296875,1280
bayesfl_observability_v1,ola_sparse_bayesian_keep010_seed42,35,ola,global,,,layers.1.weight,db,71,-35.50346091891393,-34.21335243357106,-34.858406676242495,23,0.013928092252818937,0.94765625,1280
bayesfl_observability_v1,ola_sparse_bayesian_keep010_seed42,35,ola,global,,,layers.1.weight,db,72,-34.21335243357106,-32.92324394822819,-33.568298190899625,14,0.008477969197368049,0.95859375,1280
bayesfl_observability_v1,ola_sparse_bayesian_keep010_seed42,35,ola,global,,,layers.1.weight,db,73,-32.92324394822819,-31.63313546288532,-32.278189705556755,14,0.008477969197368049,0.96953125,1280
bayesfl_observability_v1,ola_sparse_bayesian_keep010_seed42,35,ola,global,,,layers.1.weight,db,74,-31.63313546288532,-30.343026977542436,-30.98808122021388,10,0.0060556922838342535,0.97734375,1280
bayesfl_observability_v1,ola_sparse_bayesian_keep010_seed42,35,ola,global,,,layers.1.weight,db,75,-30.343026977542436,-29.052918492199566,-29.697972734871,8,0.004844553827067457,0.98359375,1280
bayesfl_observability_v1,ola_sparse_bayesian_keep010_seed42,35,ola,global,,,layers.1.weight,db,76,-29.052918492199566,-27.762810006856697,-28.40786424952813,7,0.0042389845986840246,0.9890625,1280
bayesfl_observability_v1,ola_sparse_bayesian_keep010_seed42,35,ola,global,,,layers.1.weight,db,77,-27.762810006856697,-26.472701521513827,-27.11775576418526,6,0.0036334153703005924,0.99375,1280
bayesfl_observability_v1,ola_sparse_bayesian_keep010_seed42,35,ola,global,,,layers.1.weight,db,78,-26.472701521513827,-25.182593036170957,-25.82764727884239,2,0.0012111384567668642,0.9953125,1280
bayesfl_observability_v1,ola_sparse_bayesian_keep010_seed42,35,ola,global,,,layers.1.weight,db,79,-25.182593036170957,-23.892484550828087,-24.53753879349952,6,0.0036334153703005924,1.0,1280
bayesfl_observability_v1,ola_sparse_bayesian_keep010_seed42,35,ola,global,,,layers.1.bias,raw,0,8.096782399911441e-05,0.0002740108838831296,0.000177489353941122,1,518.0191407040603,0.1,10
bayesfl_observability_v1,ola_sparse_bayesian_keep010_seed42,35,ola,global,,,layers.1.bias,raw,1,0.0002740108838831296,0.00046705394376714477,0.00037053241382513716,0,0.0,0.1,10
bayesfl_observability_v1,ola_sparse_bayesian_keep010_seed42,35,ola,global,,,layers.1.bias,raw,2,0.00046705394376714477,0.0006600970036511599,0.0005635754737091524,1,518.0191407040604,0.2,10
bayesfl_observability_v1,ola_sparse_bayesian_keep010_seed42,35,ola,global,,,layers.1.bias,raw,3,0.0006600970036511599,0.0008531400635351751,0.0007566185335931675,1,518.0191407040602,0.3,10
bayesfl_observability_v1,ola_sparse_bayesian_keep010_seed42,35,ola,global,,,layers.1.bias,raw,4,0.0008531400635351751,0.0010461831234191902,0.0009496615934771826,0,0.0,0.3,10
bayesfl_observability_v1,ola_sparse_bayesian_keep010_seed42,35,ola,global,,,layers.1.bias,raw,5,0.0010461831234191902,0.0012392261833032053,0.0011427046533611976,1,518.0191407040608,0.4,10
bayesfl_observability_v1,ola_sparse_bayesian_keep010_seed42,35,ola,global,,,layers.1.bias,raw,6,0.0012392261833032053,0.0014322692431872205,0.0013357477132452129,2,1036.0382814081204,0.6,10
bayesfl_observability_v1,ola_sparse_bayesian_keep010_seed42,35,ola,global,,,layers.1.bias,raw,7,0.0014322692431872205,0.0016253123030712357,0.001528790773129228,0,0.0,0.6,10
bayesfl_observability_v1,ola_sparse_bayesian_keep010_seed42,35,ola,global,,,layers.1.bias,raw,8,0.0016253123030712357,0.001818355362955251,0.0017218338330132433,0,0.0,0.6,10
bayesfl_observability_v1,ola_sparse_bayesian_keep010_seed42,35,ola,global,,,layers.1.bias,raw,9,0.001818355362955251,0.0020113984228392664,0.0019148768928972586,0,0.0,0.6,10
bayesfl_observability_v1,ola_sparse_bayesian_keep010_seed42,35,ola,global,,,layers.1.bias,raw,10,0.0020113984228392664,0.0022044414827232816,0.0021079199527812738,0,0.0,0.6,10
bayesfl_observability_v1,ola_sparse_bayesian_keep010_seed42,35,ola,global,,,layers.1.bias,raw,11,0.0022044414827232816,0.0023974845426072964,0.002300963012665289,0,0.0,0.6,10
bayesfl_observability_v1,ola_sparse_bayesian_keep010_seed42,35,ola,global,,,layers.1.bias,raw,12,0.0023974845426072964,0.0025905276024913116,0.0024940060725493042,0,0.0,0.6,10
bayesfl_observability_v1,ola_sparse_bayesian_keep010_seed42,35,ola,global,,,layers.1.bias,raw,13,0.0025905276024913116,0.002783570662375327,0.002687049132433319,0,0.0,0.6,10
bayesfl_observability_v1,ola_sparse_bayesian_keep010_seed42,35,ola,global,,,layers.1.bias,raw,14,0.002783570662375327,0.002976613722259342,0.0028800921923173347,1,518.0191407040602,0.7,10
bayesfl_observability_v1,ola_sparse_bayesian_keep010_seed42,35,ola,global,,,layers.1.bias,raw,15,0.002976613722259342,0.0031696567821433573,0.0030731352522013495,0,0.0,0.7,10
bayesfl_observability_v1,ola_sparse_bayesian_keep010_seed42,35,ola,global,,,layers.1.bias,raw,16,0.0031696567821433573,0.0033626998420273726,0.003266178312085365,0,0.0,0.7,10
bayesfl_observability_v1,ola_sparse_bayesian_keep010_seed42,35,ola,global,,,layers.1.bias,raw,17,0.0033626998420273726,0.0035557429019113878,0.00345922137196938,0,0.0,0.7,10
bayesfl_observability_v1,ola_sparse_bayesian_keep010_seed42,35,ola,global,,,layers.1.bias,raw,18,0.0035557429019113878,0.003748785961795403,0.0036522644318533956,0,0.0,0.7,10
bayesfl_observability_v1,ola_sparse_bayesian_keep010_seed42,35,ola,global,,,layers.1.bias,raw,19,0.003748785961795403,0.003941829021679418,0.0038453074917374104,0,0.0,0.7,10
bayesfl_observability_v1,ola_sparse_bayesian_keep010_seed42,35,ola,global,,,layers.1.bias,raw,20,0.003941829021679418,0.004134872081563433,0.004038350551621425,0,0.0,0.7,10
bayesfl_observability_v1,ola_sparse_bayesian_keep010_seed42,35,ola,global,,,layers.1.bias,raw,21,0.004134872081563433,0.004327915141447448,0.00423139361150544,1,518.019140704059,0.8,10
bayesfl_observability_v1,ola_sparse_bayesian_keep010_seed42,35,ola,global,,,layers.1.bias,raw,22,0.004327915141447448,0.004520958201331463,0.004424436671389456,0,0.0,0.8,10
bayesfl_observability_v1,ola_sparse_bayesian_keep010_seed42,35,ola,global,,,layers.1.bias,raw,23,0.004520958201331463,0.004714001261215478,0.0046174797312734705,0,0.0,0.8,10
bayesfl_observability_v1,ola_sparse_bayesian_keep010_seed42,35,ola,global,,,layers.1.bias,raw,24,0.004714001261215478,0.0049070443210994935,0.004810522791157486,0,0.0,0.8,10
bayesfl_observability_v1,ola_sparse_bayesian_keep010_seed42,35,ola,global,,,layers.1.bias,raw,25,0.0049070443210994935,0.005100087380983508,0.005003565851041501,1,518.0191407040613,0.9,10
bayesfl_observability_v1,ola_sparse_bayesian_keep010_seed42,35,ola,global,,,layers.1.bias,raw,26,0.005100087380983508,0.005293130440867524,0.005196608910925516,0,0.0,0.9,10
bayesfl_observability_v1,ola_sparse_bayesian_keep010_seed42,35,ola,global,,,layers.1.bias,raw,27,0.005293130440867524,0.005486173500751539,0.005389651970809531,0,0.0,0.9,10
bayesfl_observability_v1,ola_sparse_bayesian_keep010_seed42,35,ola,global,,,layers.1.bias,raw,28,0.005486173500751539,0.005679216560635554,0.005582695030693547,0,0.0,0.9,10
bayesfl_observability_v1,ola_sparse_bayesian_keep010_seed42,35,ola,global,,,layers.1.bias,raw,29,0.005679216560635554,0.005872259620519569,0.005775738090577562,0,0.0,0.9,10
bayesfl_observability_v1,ola_sparse_bayesian_keep010_seed42,35,ola,global,,,layers.1.bias,raw,30,0.005872259620519569,0.006065302680403585,0.005968781150461577,0,0.0,0.9,10
bayesfl_observability_v1,ola_sparse_bayesian_keep010_seed42,35,ola,global,,,layers.1.bias,raw,31,0.006065302680403585,0.0062583457402876,0.006161824210345592,0,0.0,0.9,10
bayesfl_observability_v1,ola_sparse_bayesian_keep010_seed42,35,ola,global,,,layers.1.bias,raw,32,0.0062583457402876,0.0064513888001716145,0.006354867270229607,0,0.0,0.9,10
bayesfl_observability_v1,ola_sparse_bayesian_keep010_seed42,35,ola,global,,,layers.1.bias,raw,33,0.0064513888001716145,0.00664443186005563,0.006547910330113623,0,0.0,0.9,10
bayesfl_observability_v1,ola_sparse_bayesian_keep010_seed42,35,ola,global,,,layers.1.bias,raw,34,0.00664443186005563,0.006837474919939645,0.0067409533899976375,0,0.0,0.9,10
bayesfl_observability_v1,ola_sparse_bayesian_keep010_seed42,35,ola,global,,,layers.1.bias,raw,35,0.006837474919939645,0.007030517979823661,0.006933996449881652,0,0.0,0.9,10
bayesfl_observability_v1,ola_sparse_bayesian_keep010_seed42,35,ola,global,,,layers.1.bias,raw,36,0.007030517979823661,0.007223561039707675,0.007127039509765668,0,0.0,0.9,10
bayesfl_observability_v1,ola_sparse_bayesian_keep010_seed42,35,ola,global,,,layers.1.bias,raw,37,0.007223561039707675,0.007416604099591691,0.007320082569649684,0,0.0,0.9,10
bayesfl_observability_v1,ola_sparse_bayesian_keep010_seed42,35,ola,global,,,layers.1.bias,raw,38,0.007416604099591691,0.007609647159475706,0.0075131256295336984,0,0.0,0.9,10
bayesfl_observability_v1,ola_sparse_bayesian_keep010_seed42,35,ola,global,,,layers.1.bias,raw,39,0.007609647159475706,0.0078026902193597215,0.007706168689417713,0,0.0,0.9,10
bayesfl_observability_v1,ola_sparse_bayesian_keep010_seed42,35,ola,global,,,layers.1.bias,raw,40,0.0078026902193597215,0.007995733279243737,0.00789921174930173,0,0.0,0.9,10
bayesfl_observability_v1,ola_sparse_bayesian_keep010_seed42,35,ola,global,,,layers.1.bias,raw,41,0.007995733279243737,0.008188776339127752,0.008092254809185745,0,0.0,0.9,10
bayesfl_observability_v1,ola_sparse_bayesian_keep010_seed42,35,ola,global,,,layers.1.bias,raw,42,0.008188776339127752,0.008381819399011767,0.00828529786906976,0,0.0,0.9,10
bayesfl_observability_v1,ola_sparse_bayesian_keep010_seed42,35,ola,global,,,layers.1.bias,raw,43,0.008381819399011767,0.008574862458895783,0.008478340928953776,0,0.0,0.9,10
bayesfl_observability_v1,ola_sparse_bayesian_keep010_seed42,35,ola,global,,,layers.1.bias,raw,44,0.008574862458895783,0.008767905518779798,0.00867138398883779,0,0.0,0.9,10
bayesfl_observability_v1,ola_sparse_bayesian_keep010_seed42,35,ola,global,,,layers.1.bias,raw,45,0.008767905518779798,0.008960948578663813,0.008864427048721805,0,0.0,0.9,10
bayesfl_observability_v1,ola_sparse_bayesian_keep010_seed42,35,ola,global,,,layers.1.bias,raw,46,0.008960948578663813,0.009153991638547828,0.00905747010860582,0,0.0,0.9,10
bayesfl_observability_v1,ola_sparse_bayesian_keep010_seed42,35,ola,global,,,layers.1.bias,raw,47,0.009153991638547828,0.009347034698431842,0.009250513168489835,0,0.0,0.9,10
bayesfl_observability_v1,ola_sparse_bayesian_keep010_seed42,35,ola,global,,,layers.1.bias,raw,48,0.009347034698431842,0.009540077758315859,0.00944355622837385,0,0.0,0.9,10
bayesfl_observability_v1,ola_sparse_bayesian_keep010_seed42,35,ola,global,,,layers.1.bias,raw,49,0.009540077758315859,0.009733120818199874,0.009636599288257866,0,0.0,0.9,10
bayesfl_observability_v1,ola_sparse_bayesian_keep010_seed42,35,ola,global,,,layers.1.bias,raw,50,0.009733120818199874,0.009926163878083889,0.009829642348141881,0,0.0,0.9,10
bayesfl_observability_v1,ola_sparse_bayesian_keep010_seed42,35,ola,global,,,layers.1.bias,raw,51,0.009926163878083889,0.010119206937967903,0.010022685408025896,0,0.0,0.9,10
bayesfl_observability_v1,ola_sparse_bayesian_keep010_seed42,35,ola,global,,,layers.1.bias,raw,52,0.010119206937967903,0.01031224999785192,0.010215728467909913,0,0.0,0.9,10
bayesfl_observability_v1,ola_sparse_bayesian_keep010_seed42,35,ola,global,,,layers.1.bias,raw,53,0.01031224999785192,0.010505293057735935,0.010408771527793927,0,0.0,0.9,10
bayesfl_observability_v1,ola_sparse_bayesian_keep010_seed42,35,ola,global,,,layers.1.bias,raw,54,0.010505293057735935,0.01069833611761995,0.010601814587677942,0,0.0,0.9,10
bayesfl_observability_v1,ola_sparse_bayesian_keep010_seed42,35,ola,global,,,layers.1.bias,raw,55,0.01069833611761995,0.010891379177503964,0.010794857647561957,0,0.0,0.9,10
bayesfl_observability_v1,ola_sparse_bayesian_keep010_seed42,35,ola,global,,,layers.1.bias,raw,56,0.010891379177503964,0.011084422237387979,0.010987900707445972,0,0.0,0.9,10
bayesfl_observability_v1,ola_sparse_bayesian_keep010_seed42,35,ola,global,,,layers.1.bias,raw,57,0.011084422237387979,0.011277465297271996,0.011180943767329986,0,0.0,0.9,10
bayesfl_observability_v1,ola_sparse_bayesian_keep010_seed42,35,ola,global,,,layers.1.bias,raw,58,0.011277465297271996,0.01147050835715601,0.011373986827214003,0,0.0,0.9,10
bayesfl_observability_v1,ola_sparse_bayesian_keep010_seed42,35,ola,global,,,layers.1.bias,raw,59,0.01147050835715601,0.011663551417040025,0.011567029887098018,0,0.0,0.9,10
bayesfl_observability_v1,ola_sparse_bayesian_keep010_seed42,35,ola,global,,,layers.1.bias,raw,60,0.011663551417040025,0.01185659447692404,0.011760072946982033,0,0.0,0.9,10
bayesfl_observability_v1,ola_sparse_bayesian_keep010_seed42,35,ola,global,,,layers.1.bias,raw,61,0.01185659447692404,0.012049637536808057,0.01195311600686605,0,0.0,0.9,10
bayesfl_observability_v1,ola_sparse_bayesian_keep010_seed42,35,ola,global,,,layers.1.bias,raw,62,0.012049637536808057,0.012242680596692071,0.012146159066750064,0,0.0,0.9,10
bayesfl_observability_v1,ola_sparse_bayesian_keep010_seed42,35,ola,global,,,layers.1.bias,raw,63,0.012242680596692071,0.012435723656576086,0.012339202126634079,0,0.0,0.9,10
bayesfl_observability_v1,ola_sparse_bayesian_keep010_seed42,35,ola,global,,,layers.1.bias,raw,64,0.012435723656576086,0.012628766716460101,0.012532245186518094,0,0.0,0.9,10
bayesfl_observability_v1,ola_sparse_bayesian_keep010_seed42,35,ola,global,,,layers.1.bias,raw,65,0.012628766716460101,0.012821809776344116,0.012725288246402108,0,0.0,0.9,10
bayesfl_observability_v1,ola_sparse_bayesian_keep010_seed42,35,ola,global,,,layers.1.bias,raw,66,0.012821809776344116,0.013014852836228132,0.012918331306286123,0,0.0,0.9,10
bayesfl_observability_v1,ola_sparse_bayesian_keep010_seed42,35,ola,global,,,layers.1.bias,raw,67,0.013014852836228132,0.013207895896112147,0.01311137436617014,0,0.0,0.9,10
bayesfl_observability_v1,ola_sparse_bayesian_keep010_seed42,35,ola,global,,,layers.1.bias,raw,68,0.013207895896112147,0.013400938955996162,0.013304417426054154,0,0.0,0.9,10
bayesfl_observability_v1,ola_sparse_bayesian_keep010_seed42,35,ola,global,,,layers.1.bias,raw,69,0.013400938955996162,0.013593982015880177,0.01349746048593817,0,0.0,0.9,10
bayesfl_observability_v1,ola_sparse_bayesian_keep010_seed42,35,ola,global,,,layers.1.bias,raw,70,0.013593982015880177,0.013787025075764193,0.013690503545822186,0,0.0,0.9,10
bayesfl_observability_v1,ola_sparse_bayesian_keep010_seed42,35,ola,global,,,layers.1.bias,raw,71,0.013787025075764193,0.013980068135648208,0.0138835466057062,0,0.0,0.9,10
bayesfl_observability_v1,ola_sparse_bayesian_keep010_seed42,35,ola,global,,,layers.1.bias,raw,72,0.013980068135648208,0.014173111195532223,0.014076589665590215,0,0.0,0.9,10
bayesfl_observability_v1,ola_sparse_bayesian_keep010_seed42,35,ola,global,,,layers.1.bias,raw,73,0.014173111195532223,0.014366154255416238,0.01426963272547423,0,0.0,0.9,10
bayesfl_observability_v1,ola_sparse_bayesian_keep010_seed42,35,ola,global,,,layers.1.bias,raw,74,0.014366154255416238,0.014559197315300252,0.014462675785358245,0,0.0,0.9,10
bayesfl_observability_v1,ola_sparse_bayesian_keep010_seed42,35,ola,global,,,layers.1.bias,raw,75,0.014559197315300252,0.014752240375184269,0.01465571884524226,0,0.0,0.9,10
bayesfl_observability_v1,ola_sparse_bayesian_keep010_seed42,35,ola,global,,,layers.1.bias,raw,76,0.014752240375184269,0.014945283435068284,0.014848761905126276,0,0.0,0.9,10
bayesfl_observability_v1,ola_sparse_bayesian_keep010_seed42,35,ola,global,,,layers.1.bias,raw,77,0.014945283435068284,0.015138326494952298,0.015041804965010291,0,0.0,0.9,10
bayesfl_observability_v1,ola_sparse_bayesian_keep010_seed42,35,ola,global,,,layers.1.bias,raw,78,0.015138326494952298,0.015331369554836313,0.015234848024894306,0,0.0,0.9,10
bayesfl_observability_v1,ola_sparse_bayesian_keep010_seed42,35,ola,global,,,layers.1.bias,raw,79,0.015331369554836313,0.015524412614720328,0.01542789108477832,1,518.0191407040613,1.0,10
bayesfl_observability_v1,ola_sparse_bayesian_keep010_seed42,35,ola,global,,,layers.1.bias,db,0,-81.83375053634123,-81.26307486035681,-81.54841269834901,1,0.1752308784275754,0.1,10
bayesfl_observability_v1,ola_sparse_bayesian_keep010_seed42,35,ola,global,,,layers.1.bias,db,1,-81.26307486035681,-80.69239918437239,-80.97773702236461,0,0.0,0.1,10
bayesfl_observability_v1,ola_sparse_bayesian_keep010_seed42,35,ola,global,,,layers.1.bias,db,2,-80.69239918437239,-80.12172350838797,-80.40706134638017,0,0.0,0.1,10
bayesfl_observability_v1,ola_sparse_bayesian_keep010_seed42,35,ola,global,,,layers.1.bias,db,3,-80.12172350838797,-79.55104783240355,-79.83638567039577,0,0.0,0.1,10
bayesfl_observability_v1,ola_sparse_bayesian_keep010_seed42,35,ola,global,,,layers.1.bias,db,4,-79.55104783240355,-78.98037215641914,-79.26570999441134,0,0.0,0.1,10
bayesfl_observability_v1,ola_sparse_bayesian_keep010_seed42,35,ola,global,,,layers.1.bias,db,5,-78.98037215641914,-78.40969648043472,-78.69503431842693,0,0.0,0.1,10
bayesfl_observability_v1,ola_sparse_bayesian_keep010_seed42,35,ola,global,,,layers.1.bias,db,6,-78.40969648043472,-77.8390208044503,-78.1243586424425,0,0.0,0.1,10
bayesfl_observability_v1,ola_sparse_bayesian_keep010_seed42,35,ola,global,,,layers.1.bias,db,7,-77.8390208044503,-77.26834512846588,-77.5536829664581,0,0.0,0.1,10
bayesfl_observability_v1,ola_sparse_bayesian_keep010_seed42,35,ola,global,,,layers.1.bias,db,8,-77.26834512846588,-76.69766945248146,-76.98300729047367,0,0.0,0.1,10
bayesfl_observability_v1,ola_sparse_bayesian_keep010_seed42,35,ola,global,,,layers.1.bias,db,9,-76.69766945248146,-76.12699377649705,-76.41233161448926,0,0.0,0.1,10
bayesfl_observability_v1,ola_sparse_bayesian_keep010_seed42,35,ola,global,,,layers.1.bias,db,10,-76.12699377649705,-75.55631810051263,-75.84165593850483,0,0.0,0.1,10
bayesfl_observability_v1,ola_sparse_bayesian_keep010_seed42,35,ola,global,,,layers.1.bias,db,11,-75.55631810051263,-74.98564242452821,-75.27098026252042,0,0.0,0.1,10
bayesfl_observability_v1,ola_sparse_bayesian_keep010_seed42,35,ola,global,,,layers.1.bias,db,12,-74.98564242452821,-74.41496674854379,-74.70030458653599,0,0.0,0.1,10
bayesfl_observability_v1,ola_sparse_bayesian_keep010_seed42,35,ola,global,,,layers.1.bias,db,13,-74.41496674854379,-73.84429107255937,-74.12962891055159,0,0.0,0.1,10
bayesfl_observability_v1,ola_sparse_bayesian_keep010_seed42,35,ola,global,,,layers.1.bias,db,14,-73.84429107255937,-73.27361539657495,-73.55895323456716,0,0.0,0.1,10
bayesfl_observability_v1,ola_sparse_bayesian_keep010_seed42,35,ola,global,,,layers.1.bias,db,15,-73.27361539657495,-72.70293972059054,-72.98827755858275,0,0.0,0.1,10
bayesfl_observability_v1,ola_sparse_bayesian_keep010_seed42,35,ola,global,,,layers.1.bias,db,16,-72.70293972059054,-72.13226404460612,-72.41760188259832,0,0.0,0.1,10
bayesfl_observability_v1,ola_sparse_bayesian_keep010_seed42,35,ola,global,,,layers.1.bias,db,17,-72.13226404460612,-71.5615883686217,-71.84692620661392,0,0.0,0.1,10
bayesfl_observability_v1,ola_sparse_bayesian_keep010_seed42,35,ola,global,,,layers.1.bias,db,18,-71.5615883686217,-70.9909126926373,-71.2762505306295,0,0.0,0.1,10
bayesfl_observability_v1,ola_sparse_bayesian_keep010_seed42,35,ola,global,,,layers.1.bias,db,19,-70.9909126926373,-70.42023701665286,-70.70557485464508,0,0.0,0.1,10
bayesfl_observability_v1,ola_sparse_bayesian_keep010_seed42,35,ola,global,,,layers.1.bias,db,20,-70.42023701665286,-69.84956134066846,-70.13489917866066,0,0.0,0.1,10
bayesfl_observability_v1,ola_sparse_bayesian_keep010_seed42,35,ola,global,,,layers.1.bias,db,21,-69.84956134066846,-69.27888566468403,-69.56422350267624,0,0.0,0.1,10
bayesfl_observability_v1,ola_sparse_bayesian_keep010_seed42,35,ola,global,,,layers.1.bias,db,22,-69.27888566468403,-68.70820998869962,-68.99354782669182,0,0.0,0.1,10
bayesfl_observability_v1,ola_sparse_bayesian_keep010_seed42,35,ola,global,,,layers.1.bias,db,23,-68.70820998869962,-68.13753431271519,-68.4228721507074,0,0.0,0.1,10
bayesfl_observability_v1,ola_sparse_bayesian_keep010_seed42,35,ola,global,,,layers.1.bias,db,24,-68.13753431271519,-67.56685863673079,-67.85219647472299,0,0.0,0.1,10
bayesfl_observability_v1,ola_sparse_bayesian_keep010_seed42,35,ola,global,,,layers.1.bias,db,25,-67.56685863673079,-66.99618296074637,-67.28152079873857,0,0.0,0.1,10
bayesfl_observability_v1,ola_sparse_bayesian_keep010_seed42,35,ola,global,,,layers.1.bias,db,26,-66.99618296074637,-66.42550728476195,-66.71084512275417,1,0.1752308784275754,0.2,10
bayesfl_observability_v1,ola_sparse_bayesian_keep010_seed42,35,ola,global,,,layers.1.bias,db,27,-66.42550728476195,-65.85483160877753,-66.14016944676973,0,0.0,0.2,10
bayesfl_observability_v1,ola_sparse_bayesian_keep010_seed42,35,ola,global,,,layers.1.bias,db,28,-65.85483160877753,-65.28415593279311,-65.56949377078533,0,0.0,0.2,10
bayesfl_observability_v1,ola_sparse_bayesian_keep010_seed42,35,ola,global,,,layers.1.bias,db,29,-65.28415593279311,-64.7134802568087,-64.9988180948009,0,0.0,0.2,10
bayesfl_observability_v1,ola_sparse_bayesian_keep010_seed42,35,ola,global,,,layers.1.bias,db,30,-64.7134802568087,-64.14280458082428,-64.42814241881649,0,0.0,0.2,10
bayesfl_observability_v1,ola_sparse_bayesian_keep010_seed42,35,ola,global,,,layers.1.bias,db,31,-64.14280458082428,-63.57212890483986,-63.85746674283207,0,0.0,0.2,10
bayesfl_observability_v1,ola_sparse_bayesian_keep010_seed42,35,ola,global,,,layers.1.bias,db,32,-63.57212890483986,-63.00145322885544,-63.28679106684765,0,0.0,0.2,10
bayesfl_observability_v1,ola_sparse_bayesian_keep010_seed42,35,ola,global,,,layers.1.bias,db,33,-63.00145322885544,-62.43077755287102,-62.71611539086323,0,0.0,0.2,10
bayesfl_observability_v1,ola_sparse_bayesian_keep010_seed42,35,ola,global,,,layers.1.bias,db,34,-62.43077755287102,-61.8601018768866,-62.14543971487881,0,0.0,0.2,10
bayesfl_observability_v1,ola_sparse_bayesian_keep010_seed42,35,ola,global,,,layers.1.bias,db,35,-61.8601018768866,-61.289426200902184,-61.57476403889439,1,0.1752308784275754,0.3,10
bayesfl_observability_v1,ola_sparse_bayesian_keep010_seed42,35,ola,global,,,layers.1.bias,db,36,-61.289426200902184,-60.718750524917766,-61.004088362909975,0,0.0,0.3,10
bayesfl_observability_v1,ola_sparse_bayesian_keep010_seed42,35,ola,global,,,layers.1.bias,db,37,-60.718750524917766,-60.14807484893335,-60.43341268692556,0,0.0,0.3,10
bayesfl_observability_v1,ola_sparse_bayesian_keep010_seed42,35,ola,global,,,layers.1.bias,db,38,-60.14807484893335,-59.57739917294893,-59.86273701094114,0,0.0,0.3,10
bayesfl_observability_v1,ola_sparse_bayesian_keep010_seed42,35,ola,global,,,layers.1.bias,db,39,-59.57739917294893,-59.00672349696451,-59.29206133495672,0,0.0,0.3,10
bayesfl_observability_v1,ola_sparse_bayesian_keep010_seed42,35,ola,global,,,layers.1.bias,db,40,-59.00672349696451,-58.43604782098009,-58.7213856589723,1,0.1752308784275754,0.4,10
bayesfl_observability_v1,ola_sparse_bayesian_keep010_seed42,35,ola,global,,,layers.1.bias,db,41,-58.43604782098009,-57.865372144995675,-58.150709982987884,2,0.3504617568551508,0.6,10
bayesfl_observability_v1,ola_sparse_bayesian_keep010_seed42,35,ola,global,,,layers.1.bias,db,42,-57.865372144995675,-57.29469646901126,-57.580034307003466,0,0.0,0.6,10
bayesfl_observability_v1,ola_sparse_bayesian_keep010_seed42,35,ola,global,,,layers.1.bias,db,43,-57.29469646901126,-56.72402079302684,-57.00935863101905,0,0.0,0.6,10
bayesfl_observability_v1,ola_sparse_bayesian_keep010_seed42,35,ola,global,,,layers.1.bias,db,44,-56.72402079302684,-56.15334511704242,-56.43868295503463,0,0.0,0.6,10
bayesfl_observability_v1,ola_sparse_bayesian_keep010_seed42,35,ola,global,,,layers.1.bias,db,45,-56.15334511704242,-55.582669441058,-55.86800727905021,0,0.0,0.6,10
bayesfl_observability_v1,ola_sparse_bayesian_keep010_seed42,35,ola,global,,,layers.1.bias,db,46,-55.582669441058,-55.01199376507358,-55.29733160306579,0,0.0,0.6,10
bayesfl_observability_v1,ola_sparse_bayesian_keep010_seed42,35,ola,global,,,layers.1.bias,db,47,-55.01199376507358,-54.441318089089165,-54.726655927081374,0,0.0,0.6,10
bayesfl_observability_v1,ola_sparse_bayesian_keep010_seed42,35,ola,global,,,layers.1.bias,db,48,-54.441318089089165,-53.87064241310475,-54.155980251096956,0,0.0,0.6,10
bayesfl_observability_v1,ola_sparse_bayesian_keep010_seed42,35,ola,global,,,layers.1.bias,db,49,-53.87064241310475,-53.29996673712033,-53.58530457511254,0,0.0,0.6,10
bayesfl_observability_v1,ola_sparse_bayesian_keep010_seed42,35,ola,global,,,layers.1.bias,db,50,-53.29996673712033,-52.72929106113591,-53.01462889912812,0,0.0,0.6,10
bayesfl_observability_v1,ola_sparse_bayesian_keep010_seed42,35,ola,global,,,layers.1.bias,db,51,-52.72929106113591,-52.15861538515149,-52.4439532231437,0,0.0,0.6,10
bayesfl_observability_v1,ola_sparse_bayesian_keep010_seed42,35,ola,global,,,layers.1.bias,db,52,-52.15861538515149,-51.587939709167074,-51.87327754715928,0,0.0,0.6,10
bayesfl_observability_v1,ola_sparse_bayesian_keep010_seed42,35,ola,global,,,layers.1.bias,db,53,-51.587939709167074,-51.017264033182656,-51.302601871174865,0,0.0,0.6,10
bayesfl_observability_v1,ola_sparse_bayesian_keep010_seed42,35,ola,global,,,layers.1.bias,db,54,-51.017264033182656,-50.44658835719824,-50.73192619519045,1,0.1752308784275754,0.7,10
bayesfl_observability_v1,ola_sparse_bayesian_keep010_seed42,35,ola,global,,,layers.1.bias,db,55,-50.44658835719824,-49.87591268121382,-50.16125051920603,0,0.0,0.7,10
bayesfl_observability_v1,ola_sparse_bayesian_keep010_seed42,35,ola,global,,,layers.1.bias,db,56,-49.87591268121382,-49.30523700522941,-49.59057484322162,0,0.0,0.7,10
bayesfl_observability_v1,ola_sparse_bayesian_keep010_seed42,35,ola,global,,,layers.1.bias,db,57,-49.30523700522941,-48.73456132924499,-49.0198991672372,0,0.0,0.7,10
bayesfl_observability_v1,ola_sparse_bayesian_keep010_seed42,35,ola,global,,,layers.1.bias,db,58,-48.73456132924499,-48.16388565326057,-48.44922349125278,0,0.0,0.7,10
bayesfl_observability_v1,ola_sparse_bayesian_keep010_seed42,35,ola,global,,,layers.1.bias,db,59,-48.16388565326057,-47.59320997727615,-47.87854781526836,0,0.0,0.7,10
bayesfl_observability_v1,ola_sparse_bayesian_keep010_seed42,35,ola,global,,,layers.1.bias,db,60,-47.59320997727615,-47.022534301291735,-47.307872139283944,1,0.1752308784275754,0.8,10
bayesfl_observability_v1,ola_sparse_bayesian_keep010_seed42,35,ola,global,,,layers.1.bias,db,61,-47.022534301291735,-46.45185862530732,-46.737196463299526,0,0.0,0.8,10
bayesfl_observability_v1,ola_sparse_bayesian_keep010_seed42,35,ola,global,,,layers.1.bias,db,62,-46.45185862530732,-45.8811829493229,-46.16652078731511,1,0.1752308784275754,0.9,10
bayesfl_observability_v1,ola_sparse_bayesian_keep010_seed42,35,ola,global,,,layers.1.bias,db,63,-45.8811829493229,-45.31050727333848,-45.59584511133069,0,0.0,0.9,10
bayesfl_observability_v1,ola_sparse_bayesian_keep010_seed42,35,ola,global,,,layers.1.bias,db,64,-45.31050727333848,-44.73983159735406,-45.02516943534627,0,0.0,0.9,10
bayesfl_observability_v1,ola_sparse_bayesian_keep010_seed42,35,ola,global,,,layers.1.bias,db,65,-44.73983159735406,-44.169155921369644,-44.45449375936185,0,0.0,0.9,10
bayesfl_observability_v1,ola_sparse_bayesian_keep010_seed42,35,ola,global,,,layers.1.bias,db,66,-44.169155921369644,-43.598480245385225,-43.883818083377435,0,0.0,0.9,10
bayesfl_observability_v1,ola_sparse_bayesian_keep010_seed42,35,ola,global,,,layers.1.bias,db,67,-43.598480245385225,-43.02780456940081,-43.313142407393016,0,0.0,0.9,10
bayesfl_observability_v1,ola_sparse_bayesian_keep010_seed42,35,ola,global,,,layers.1.bias,db,68,-43.02780456940081,-42.45712889341639,-42.7424667314086,0,0.0,0.9,10
bayesfl_observability_v1,ola_sparse_bayesian_keep010_seed42,35,ola,global,,,layers.1.bias,db,69,-42.45712889341639,-41.88645321743197,-42.17179105542418,0,0.0,0.9,10
bayesfl_observability_v1,ola_sparse_bayesian_keep010_seed42,35,ola,global,,,layers.1.bias,db,70,-41.88645321743197,-41.31577754144755,-41.60111537943976,0,0.0,0.9,10
bayesfl_observability_v1,ola_sparse_bayesian_keep010_seed42,35,ola,global,,,layers.1.bias,db,71,-41.31577754144755,-40.745101865463134,-41.03043970345534,0,0.0,0.9,10
bayesfl_observability_v1,ola_sparse_bayesian_keep010_seed42,35,ola,global,,,layers.1.bias,db,72,-40.745101865463134,-40.174426189478716,-40.459764027470925,0,0.0,0.9,10
bayesfl_observability_v1,ola_sparse_bayesian_keep010_seed42,35,ola,global,,,layers.1.bias,db,73,-40.174426189478716,-39.6037505134943,-39.88908835148651,0,0.0,0.9,10
bayesfl_observability_v1,ola_sparse_bayesian_keep010_seed42,35,ola,global,,,layers.1.bias,db,74,-39.6037505134943,-39.033074837509886,-39.31841267550209,0,0.0,0.9,10
bayesfl_observability_v1,ola_sparse_bayesian_keep010_seed42,35,ola,global,,,layers.1.bias,db,75,-39.033074837509886,-38.46239916152547,-38.74773699951768,0,0.0,0.9,10
bayesfl_observability_v1,ola_sparse_bayesian_keep010_seed42,35,ola,global,,,layers.1.bias,db,76,-38.46239916152547,-37.89172348554105,-38.17706132353326,0,0.0,0.9,10
bayesfl_observability_v1,ola_sparse_bayesian_keep010_seed42,35,ola,global,,,layers.1.bias,db,77,-37.89172348554105,-37.32104780955663,-37.60638564754884,0,0.0,0.9,10
bayesfl_observability_v1,ola_sparse_bayesian_keep010_seed42,35,ola,global,,,layers.1.bias,db,78,-37.32104780955663,-36.75037213357221,-37.03570997156442,0,0.0,0.9,10
bayesfl_observability_v1,ola_sparse_bayesian_keep010_seed42,35,ola,global,,,layers.1.bias,db,79,-36.75037213357221,-36.179696457587795,-36.465034295580004,1,0.1752308784275754,1.0,10
bayesfl_observability_v1,ola_sparse_bayesian_keep010_seed42,40,ola,global,,,all,raw,0,2.0005701773262004e-08,0.000838990732392571,0.00041950536904717214,61358,718.6287912428975,0.6029085192099833,101770
bayesfl_observability_v1,ola_sparse_bayesian_keep010_seed42,40,ola,global,,,all,raw,1,0.000838990732392571,0.001677961459083369,0.00125847609573797,33763,395.43439940568373,0.9346664046379091,101770
bayesfl_observability_v1,ola_sparse_bayesian_keep010_seed42,40,ola,global,,,all,raw,2,0.001677961459083369,0.0025169321857741664,0.0020974468224287677,5193,60.82074567170324,0.985693229831974,101770
bayesfl_observability_v1,ola_sparse_bayesian_keep010_seed42,40,ola,global,,,all,raw,3,0.0025169321857741664,0.0033559029124649643,0.002936417549119565,621,7.273191423479241,0.9917952245258917,101770
bayesfl_observability_v1,ola_sparse_bayesian_keep010_seed42,40,ola,global,,,all,raw,4,0.0033559029124649643,0.004194873639155762,0.0037753882758103634,155,1.8153698399988443,0.9933182666797681,101770
bayesfl_observability_v1,ola_sparse_bayesian_keep010_seed42,40,ola,global,,,all,raw,5,0.004194873639155762,0.00503384436584656,0.004614359002501161,108,1.26490285625726,0.9943794831482755,101770
bayesfl_observability_v1,ola_sparse_bayesian_keep010_seed42,40,ola,global,,,all,raw,6,0.00503384436584656,0.005872815092537358,0.005453329729191958,89,1.042373650063852,0.995254004126953,101770
bayesfl_observability_v1,ola_sparse_bayesian_keep010_seed42,40,ola,global,,,all,raw,7,0.005872815092537358,0.006711785819228155,0.006292300455882757,74,0.8666926978059003,0.9959811339294488,101770
bayesfl_observability_v1,ola_sparse_bayesian_keep010_seed42,40,ola,global,,,all,raw,8,0.006711785819228155,0.007550756545918953,0.007131271182573554,46,0.5387549202577218,0.9964331335364056,101770
bayesfl_observability_v1,ola_sparse_bayesian_keep010_seed42,40,ola,global,,,all,raw,9,0.007550756545918953,0.008389727272609752,0.007970241909264352,62,0.7261479359995366,0.9970423503979562,101770
bayesfl_observability_v1,ola_sparse_bayesian_keep010_seed42,40,ola,global,,,all,raw,10,0.008389727272609752,0.00922869799930055,0.00880921263595515,38,0.44505841238681365,0.9974157413776162,101770
bayesfl_observability_v1,ola_sparse_bayesian_keep010_seed42,40,ola,global,,,all,raw,11,0.00922869799930055,0.010067668725991347,0.00964818336264595,27,0.316225714064315,0.997681045494743,101770
bayesfl_observability_v1,ola_sparse_bayesian_keep010_seed42,40,ola,global,,,all,raw,12,0.010067668725991347,0.010906639452682144,0.010487154089336745,30,0.35136190451590554,0.9979758278471063,101770
bayesfl_observability_v1,ola_sparse_bayesian_keep010_seed42,40,ola,global,,,all,raw,13,0.010906639452682144,0.011745610179372944,0.011326124816027544,22,0.2576653966449969,0.9981920015721726,101770
bayesfl_observability_v1,ola_sparse_bayesian_keep010_seed42,40,ola,global,,,all,raw,14,0.011745610179372944,0.012584580906063741,0.012165095542718343,15,0.17568095225795277,0.9983393927483541,101770
bayesfl_observability_v1,ola_sparse_bayesian_keep010_seed42,40,ola,global,,,all,raw,15,0.012584580906063741,0.013423551632754539,0.013004066269409139,15,0.17568095225795277,0.9984867839245357,101770
bayesfl_observability_v1,ola_sparse_bayesian_keep010_seed42,40,ola,global,,,all,raw,16,0.013423551632754539,0.014262522359445336,0.013843036996099938,9,0.10540857135477166,0.9985752186302447,101770
bayesfl_observability_v1,ola_sparse_bayesian_keep010_seed42,40,ola,global,,,all,raw,17,0.014262522359445336,0.015101493086136134,0.014682007722790734,14,0.16396888877408924,0.9987127837280142,101770
bayesfl_observability_v1,ola_sparse_bayesian_keep010_seed42,40,ola,global,,,all,raw,18,0.015101493086136134,0.01594046381282693,0.015520978449481531,17,0.19910507922568021,0.99887982706102,101770
bayesfl_observability_v1,ola_sparse_bayesian_keep010_seed42,40,ola,global,,,all,raw,19,0.01594046381282693,0.01677943453951773,0.01635994917617233,10,0.11712063483863494,0.998978087845141,101770
bayesfl_observability_v1,ola_sparse_bayesian_keep010_seed42,40,ola,global,,,all,raw,20,0.01677943453951773,0.017618405266208524,0.017198919902863125,12,0.14054476180636252,0.9990960007860863,101770
bayesfl_observability_v1,ola_sparse_bayesian_keep010_seed42,40,ola,global,,,all,raw,21,0.017618405266208524,0.018457375992899323,0.018037890629553924,8,0.09369650787090796,0.9991746094133831,101770
bayesfl_observability_v1,ola_sparse_bayesian_keep010_seed42,40,ola,global,,,all,raw,22,0.018457375992899323,0.019296346719590123,0.018876861356244723,6,0.07027238090318097,0.9992335658838557,101770
bayesfl_observability_v1,ola_sparse_bayesian_keep010_seed42,40,ola,global,,,all,raw,23,0.019296346719590123,0.02013531744628092,0.019715832082935522,7,0.0819844443870448,0.9993023484327405,101770
bayesfl_observability_v1,ola_sparse_bayesian_keep010_seed42,40,ola,global,,,all,raw,24,0.02013531744628092,0.020974288172971717,0.020554802809626318,7,0.08198444438704446,0.9993711309816252,101770
bayesfl_observability_v1,ola_sparse_bayesian_keep010_seed42,40,ola,global,,,all,raw,25,0.020974288172971717,0.021813258899662513,0.021393773536317114,5,0.05856031741931771,0.9994202613736858,101770
bayesfl_observability_v1,ola_sparse_bayesian_keep010_seed42,40,ola,global,,,all,raw,26,0.021813258899662513,0.022652229626353312,0.022232744263007913,4,0.04684825393545398,0.9994595656873342,101770
bayesfl_observability_v1,ola_sparse_bayesian_keep010_seed42,40,ola,global,,,all,raw,27,0.022652229626353312,0.02349120035304411,0.023071714989698712,4,0.04684825393545398,0.9994988700009826,101770
bayesfl_observability_v1,ola_sparse_bayesian_keep010_seed42,40,ola,global,,,all,raw,28,0.02349120035304411,0.024330171079734907,0.02391068571638951,2,0.023424126967727086,0.9995185221578068,101770
bayesfl_observability_v1,ola_sparse_bayesian_keep010_seed42,40,ola,global,,,all,raw,29,0.024330171079734907,0.025169141806425707,0.024749656443080307,5,0.05856031741931747,0.9995676525498673,101770
bayesfl_observability_v1,ola_sparse_bayesian_keep010_seed42,40,ola,global,,,all,raw,30,0.025169141806425707,0.026008112533116502,0.025588627169771103,1,0.011712063483863543,0.9995774786282795,101770
bayesfl_observability_v1,ola_sparse_bayesian_keep010_seed42,40,ola,global,,,all,raw,31,0.026008112533116502,0.0268470832598073,0.026427597896461902,3,0.035136190451590485,0.9996069568635157,101770
bayesfl_observability_v1,ola_sparse_bayesian_keep010_seed42,40,ola,global,,,all,raw,32,0.0268470832598073,0.0276860539864981,0.0272665686231527,3,0.035136190451590485,0.9996364350987521,101770
bayesfl_observability_v1,ola_sparse_bayesian_keep010_seed42,40,ola,global,,,all,raw,33,0.0276860539864981,0.028525024713188896,0.0281055393498435,2,0.023424126967727086,0.9996560872555763,101770
bayesfl_observability_v1,ola_sparse_bayesian_keep010_seed42,40,ola,global,,,all,raw,34,0.028525024713188896,0.029363995439879696,0.028944510076534296,1,0.011712063483863494,0.9996659133339884,101770
bayesfl_observability_v1,ola_sparse_bayesian_keep010_seed42,40,ola,global,,,all,raw,35,0.029363995439879696,0.03020296616657049,0.02978348080322509,2,0.023424126967727086,0.9996855654908127,101770
bayesfl_observability_v1,ola_sparse_bayesian_keep010_seed42,40,ola,global,,,all,raw,36,0.03020296616657049,0.03104193689326129,0.03062245152991589,3,0.035136190451590485,0.9997150437260489,101770
bayesfl_observability_v1,ola_sparse_bayesian_keep010_seed42,40,ola,global,,,all,raw,37,0.03104193689326129,0.03188090761995209,0.03146142225660669,1,0.011712063483863494,0.9997248698044611,101770
bayesfl_observability_v1,ola_sparse_bayesian_keep010_seed42,40,ola,global,,,all,raw,38,0.03188090761995209,0.03271987834664289,0.03230039298329749,0,0.0,0.9997248698044611,101770
bayesfl_observability_v1,ola_sparse_bayesian_keep010_seed42,40,ola,global,,,all,raw,39,0.03271987834664289,0.03355884907333369,0.03313936370998829,1,0.011712063483863494,0.9997346958828731,101770
bayesfl_observability_v1,ola_sparse_bayesian_keep010_seed42,40,ola,global,,,all,raw,40,0.03355884907333369,0.03439781980002449,0.03397833443667909,2,0.02342412696772699,0.9997543480396973,101770
bayesfl_observability_v1,ola_sparse_bayesian_keep010_seed42,40,ola,global,,,all,raw,41,0.03439781980002449,0.03523679052671528,0.03481730516336988,2,0.023424126967727183,0.9997740001965215,101770
bayesfl_observability_v1,ola_sparse_bayesian_keep010_seed42,40,ola,global,,,all,raw,42,0.03523679052671528,0.03607576125340608,0.03565627589006068,0,0.0,0.9997740001965215,101770
bayesfl_observability_v1,ola_sparse_bayesian_keep010_seed42,40,ola,global,,,all,raw,43,0.03607576125340608,0.03691473198009688,0.03649524661675148,1,0.011712063483863494,0.9997838262749337,101770
bayesfl_observability_v1,ola_sparse_bayesian_keep010_seed42,40,ola,global,,,all,raw,44,0.03691473198009688,0.03775370270678768,0.03733421734344228,5,0.05856031741931747,0.9998329566669942,101770
bayesfl_observability_v1,ola_sparse_bayesian_keep010_seed42,40,ola,global,,,all,raw,45,0.03775370270678768,0.038592673433478476,0.03817318807013308,1,0.011712063483863494,0.9998427827454063,101770
bayesfl_observability_v1,ola_sparse_bayesian_keep010_seed42,40,ola,global,,,all,raw,46,0.038592673433478476,0.03943164416016927,0.039012158796823876,0,0.0,0.9998427827454063,101770
bayesfl_observability_v1,ola_sparse_bayesian_keep010_seed42,40,ola,global,,,all,raw,47,0.03943164416016927,0.04027061488686007,0.03985112952351467,0,0.0,0.9998427827454063,101770
bayesfl_observability_v1,ola_sparse_bayesian_keep010_seed42,40,ola,global,,,all,raw,48,0.04027061488686007,0.04110958561355087,0.04069010025020547,2,0.02342412696772699,0.9998624349022305,101770
bayesfl_observability_v1,ola_sparse_bayesian_keep010_seed42,40,ola,global,,,all,raw,49,0.04110958561355087,0.041948556340241666,0.04152907097689627,0,0.0,0.9998624349022305,101770
bayesfl_observability_v1,ola_sparse_bayesian_keep010_seed42,40,ola,global,,,all,raw,50,0.041948556340241666,0.042787527066932465,0.042368041703587066,0,0.0,0.9998624349022305,101770
bayesfl_observability_v1,ola_sparse_bayesian_keep010_seed42,40,ola,global,,,all,raw,51,0.042787527066932465,0.04362649779362326,0.04320701243027786,2,0.023424126967727183,0.9998820870590547,101770
bayesfl_observability_v1,ola_sparse_bayesian_keep010_seed42,40,ola,global,,,all,raw,52,0.04362649779362326,0.04446546852031406,0.04404598315696866,1,0.011712063483863494,0.9998919131374668,101770
bayesfl_observability_v1,ola_sparse_bayesian_keep010_seed42,40,ola,global,,,all,raw,53,0.04446546852031406,0.045304439247004856,0.044884953883659456,2,0.02342412696772699,0.999911565294291,101770
bayesfl_observability_v1,ola_sparse_bayesian_keep010_seed42,40,ola,global,,,all,raw,54,0.045304439247004856,0.046143409973695655,0.045723924610350256,0,0.0,0.999911565294291,101770
bayesfl_observability_v1,ola_sparse_bayesian_keep010_seed42,40,ola,global,,,all,raw,55,0.046143409973695655,0.046982380700386454,0.046562895337041055,1,0.011712063483863494,0.9999213913727032,101770
bayesfl_observability_v1,ola_sparse_bayesian_keep010_seed42,40,ola,global,,,all,raw,56,0.046982380700386454,0.04782135142707725,0.047401866063731854,0,0.0,0.9999213913727032,101770
bayesfl_observability_v1,ola_sparse_bayesian_keep010_seed42,40,ola,global,,,all,raw,57,0.04782135142707725,0.048660322153768046,0.048240836790422646,2,0.02342412696772699,0.9999410435295274,101770
bayesfl_observability_v1,ola_sparse_bayesian_keep010_seed42,40,ola,global,,,all,raw,58,0.048660322153768046,0.049499292880458845,0.049079807517113445,0,0.0,0.9999410435295274,101770
bayesfl_observability_v1,ola_sparse_bayesian_keep010_seed42,40,ola,global,,,all,raw,59,0.049499292880458845,0.050338263607149644,0.049918778243804245,0,0.0,0.9999410435295274,101770
bayesfl_observability_v1,ola_sparse_bayesian_keep010_seed42,40,ola,global,,,all,raw,60,0.050338263607149644,0.05117723433384044,0.050757748970495044,2,0.02342412696772699,0.9999606956863516,101770
bayesfl_observability_v1,ola_sparse_bayesian_keep010_seed42,40,ola,global,,,all,raw,61,0.05117723433384044,0.052016205060531236,0.051596719697185836,0,0.0,0.9999606956863516,101770
bayesfl_observability_v1,ola_sparse_bayesian_keep010_seed42,40,ola,global,,,all,raw,62,0.052016205060531236,0.052855175787222035,0.052435690423876635,1,0.011712063483863494,0.9999705217647636,101770
bayesfl_observability_v1,ola_sparse_bayesian_keep010_seed42,40,ola,global,,,all,raw,63,0.052855175787222035,0.053694146513912834,0.053274661150567434,1,0.011712063483863494,0.9999803478431758,101770
bayesfl_observability_v1,ola_sparse_bayesian_keep010_seed42,40,ola,global,,,all,raw,64,0.053694146513912834,0.05453311724060363,0.054113631877258234,0,0.0,0.9999803478431758,101770
bayesfl_observability_v1,ola_sparse_bayesian_keep010_seed42,40,ola,global,,,all,raw,65,0.05453311724060363,0.05537208796729443,0.05495260260394903,0,0.0,0.9999803478431758,101770
bayesfl_observability_v1,ola_sparse_bayesian_keep010_seed42,40,ola,global,,,all,raw,66,0.05537208796729443,0.056211058693985225,0.05579157333063983,0,0.0,0.9999803478431758,101770
bayesfl_observability_v1,ola_sparse_bayesian_keep010_seed42,40,ola,global,,,all,raw,67,0.056211058693985225,0.057050029420676024,0.056630544057330624,0,0.0,0.9999803478431758,101770
bayesfl_observability_v1,ola_sparse_bayesian_keep010_seed42,40,ola,global,,,all,raw,68,0.057050029420676024,0.05788900014736682,0.057469514784021423,0,0.0,0.9999803478431758,101770
bayesfl_observability_v1,ola_sparse_bayesian_keep010_seed42,40,ola,global,,,all,raw,69,0.05788900014736682,0.05872797087405762,0.05830848551071222,0,0.0,0.9999803478431758,101770
bayesfl_observability_v1,ola_sparse_bayesian_keep010_seed42,40,ola,global,,,all,raw,70,0.05872797087405762,0.05956694160074842,0.05914745623740302,1,0.011712063483863494,0.9999901739215878,101770
bayesfl_observability_v1,ola_sparse_bayesian_keep010_seed42,40,ola,global,,,all,raw,71,0.05956694160074842,0.060405912327439214,0.059986426964093814,0,0.0,0.9999901739215878,101770
bayesfl_observability_v1,ola_sparse_bayesian_keep010_seed42,40,ola,global,,,all,raw,72,0.060405912327439214,0.06124488305413001,0.06082539769078461,0,0.0,0.9999901739215878,101770
bayesfl_observability_v1,ola_sparse_bayesian_keep010_seed42,40,ola,global,,,all,raw,73,0.06124488305413001,0.06208385378082081,0.06166436841747541,0,0.0,0.9999901739215878,101770
bayesfl_observability_v1,ola_sparse_bayesian_keep010_seed42,40,ola,global,,,all,raw,74,0.06208385378082081,0.0629228245075116,0.06250333914416621,0,0.0,0.9999901739215878,101770
bayesfl_observability_v1,ola_sparse_bayesian_keep010_seed42,40,ola,global,,,all,raw,75,0.0629228245075116,0.0637617952342024,0.06334230987085701,0,0.0,0.9999901739215878,101770
bayesfl_observability_v1,ola_sparse_bayesian_keep010_seed42,40,ola,global,,,all,raw,76,0.0637617952342024,0.0646007659608932,0.0641812805975478,0,0.0,0.9999901739215878,101770
bayesfl_observability_v1,ola_sparse_bayesian_keep010_seed42,40,ola,global,,,all,raw,77,0.0646007659608932,0.065439736687584,0.06502025132423861,0,0.0,0.9999901739215878,101770
bayesfl_observability_v1,ola_sparse_bayesian_keep010_seed42,40,ola,global,,,all,raw,78,0.065439736687584,0.0662787074142748,0.0658592220509294,0,0.0,0.9999901739215878,101770
bayesfl_observability_v1,ola_sparse_bayesian_keep010_seed42,40,ola,global,,,all,raw,79,0.0662787074142748,0.0671176781409656,0.06669819277762021,1,0.011712063483863494,1.0,101770
bayesfl_observability_v1,ola_sparse_bayesian_keep010_seed42,40,ola,global,,,all,db,0,-153.97649003110982,-152.34507467467898,-153.1607823528944,2,1.204607811661519e-05,1.9652156824211458e-05,101770
bayesfl_observability_v1,ola_sparse_bayesian_keep010_seed42,40,ola,global,,,all,db,1,-152.34507467467898,-150.71365931824815,-151.52936699646358,0,0.0,1.9652156824211458e-05,101770
bayesfl_observability_v1,ola_sparse_bayesian_keep010_seed42,40,ola,global,,,all,db,2,-150.71365931824815,-149.08224396181728,-149.89795164003272,1,6.02303905830749e-06,2.9478235236317185e-05,101770
bayesfl_observability_v1,ola_sparse_bayesian_keep010_seed42,40,ola,global,,,all,db,3,-149.08224396181728,-147.45082860538645,-148.26653628360185,1,6.023039058307595e-06,3.9304313648422916e-05,101770
bayesfl_observability_v1,ola_sparse_bayesian_keep010_seed42,40,ola,global,,,all,db,4,-147.45082860538645,-145.8194132489556,-146.63512092717104,0,0.0,3.9304313648422916e-05,101770
bayesfl_observability_v1,ola_sparse_bayesian_keep010_seed42,40,ola,global,,,all,db,5,-145.8194132489556,-144.18799789252478,-145.00370557074018,0,0.0,3.9304313648422916e-05,101770
bayesfl_observability_v1,ola_sparse_bayesian_keep010_seed42,40,ola,global,,,all,db,6,-144.18799789252478,-142.5565825360939,-143.37229021430934,1,6.02303905830749e-06,4.913039206052864e-05,101770
bayesfl_observability_v1,ola_sparse_bayesian_keep010_seed42,40,ola,global,,,all,db,7,-142.5565825360939,-140.92516717966308,-141.7408748578785,0,0.0,4.913039206052864e-05,101770
bayesfl_observability_v1,ola_sparse_bayesian_keep010_seed42,40,ola,global,,,all,db,8,-140.92516717966308,-139.29375182323224,-140.10945950144765,1,6.023039058307595e-06,5.895647047263437e-05,101770
bayesfl_observability_v1,ola_sparse_bayesian_keep010_seed42,40,ola,global,,,all,db,9,-139.29375182323224,-137.6623364668014,-138.47804414501684,1,6.023039058307595e-06,6.87825488847401e-05,101770
bayesfl_observability_v1,ola_sparse_bayesian_keep010_seed42,40,ola,global,,,all,db,10,-137.6623364668014,-136.03092111037054,-136.84662878858597,1,6.02303905830749e-06,7.860862729684583e-05,101770
bayesfl_observability_v1,ola_sparse_bayesian_keep010_seed42,40,ola,global,,,all,db,11,-136.03092111037054,-134.3995057539397,-135.2152134321551,4,2.409215623323038e-05,0.00011791294094526874,101770
bayesfl_observability_v1,ola_sparse_bayesian_keep010_seed42,40,ola,global,,,all,db,12,-134.3995057539397,-132.76809039750887,-133.5837980757243,4,2.409215623323038e-05,0.00015721725459369166,101770
bayesfl_observability_v1,ola_sparse_bayesian_keep010_seed42,40,ola,global,,,all,db,13,-132.76809039750887,-131.13667504107804,-131.95238271929344,5,3.0115195291537975e-05,0.0002063476466542203,101770
bayesfl_observability_v1,ola_sparse_bayesian_keep010_seed42,40,ola,global,,,all,db,14,-131.13667504107804,-129.50525968464717,-130.3209673628626,6,3.6138234349844935e-05,0.00026530411712685466,101770
bayesfl_observability_v1,ola_sparse_bayesian_keep010_seed42,40,ola,global,,,all,db,15,-129.50525968464717,-127.87384432821634,-128.68955200643177,4,2.409215623323038e-05,0.0003046084307752776,101770
bayesfl_observability_v1,ola_sparse_bayesian_keep010_seed42,40,ola,global,,,all,db,16,-127.87384432821634,-126.2424289717855,-127.05813665000092,5,3.0115195291537975e-05,0.00035373882283580625,101770
bayesfl_observability_v1,ola_sparse_bayesian_keep010_seed42,40,ola,global,,,all,db,17,-126.2424289717855,-124.61101361535466,-125.42672129357008,14,8.432254681630633e-05,0.0004913039206052865,101770
bayesfl_observability_v1,ola_sparse_bayesian_keep010_seed42,40,ola,global,,,all,db,18,-124.61101361535466,-122.97959825892382,-123.79530593713923,8,4.818431246646034e-05,0.0005699125479021323,101770
bayesfl_observability_v1,ola_sparse_bayesian_keep010_seed42,40,ola,global,,,all,db,19,-122.97959825892382,-121.34818290249297,-122.1638905807084,8,4.818431246646034e-05,0.000648521175198978,101770
bayesfl_observability_v1,ola_sparse_bayesian_keep010_seed42,40,ola,global,,,all,db,20,-121.34818290249297,-119.71676754606213,-120.53247522427755,9,5.420735152476836e-05,0.0007369558809079297,101770
bayesfl_observability_v1,ola_sparse_bayesian_keep010_seed42,40,ola,global,,,all,db,21,-119.71676754606213,-118.0853521896313,-118.90105986784671,12,7.227646869969114e-05,0.0008548688218531984,101770
bayesfl_observability_v1,ola_sparse_bayesian_keep010_seed42,40,ola,global,,,all,db,22,-118.0853521896313,-116.45393683320044,-117.26964451141586,19,0.0001144377421078433,0.0010415643116832073,101770
bayesfl_observability_v1,ola_sparse_bayesian_keep010_seed42,40,ola,global,,,all,db,23,-116.45393683320044,-114.82252147676961,-115.63822915498503,19,0.00011443774210784431,0.001228259801513216,101770
bayesfl_observability_v1,ola_sparse_bayesian_keep010_seed42,40,ola,global,,,all,db,24,-114.82252147676961,-113.19110612033876,-114.00681379855419,31,0.0001867142108075338,0.0015328682322884937,101770
bayesfl_observability_v1,ola_sparse_bayesian_keep010_seed42,40,ola,global,,,all,db,25,-113.19110612033876,-111.55969076390792,-112.37539844212334,40,0.0002409215623323038,0.0019259113687727228,101770
bayesfl_observability_v1,ola_sparse_bayesian_keep010_seed42,40,ola,global,,,all,db,26,-111.55969076390792,-109.92827540747709,-110.7439830856925,42,0.000252967640448919,0.0023386066620811633,101770
bayesfl_observability_v1,ola_sparse_bayesian_keep010_seed42,40,ola,global,,,all,db,27,-109.92827540747709,-108.29686005104624,-109.11256772926166,43,0.0002589906795072243,0.0027611280338017095,101770
bayesfl_observability_v1,ola_sparse_bayesian_keep010_seed42,40,ola,global,,,all,db,28,-108.29686005104624,-106.66544469461539,-107.48115237283082,51,0.00030717499197368463,0.0032622580328191017,101770
bayesfl_observability_v1,ola_sparse_bayesian_keep010_seed42,40,ola,global,,,all,db,29,-106.66544469461539,-105.03402933818455,-105.84973701639997,57,0.0003433132263235329,0.0038223445023091284,101770
bayesfl_observability_v1,ola_sparse_bayesian_keep010_seed42,40,ola,global,,,all,db,30,-105.03402933818455,-103.40261398175372,-104.21832165996913,81,0.0004878661637229152,0.004618256853689692,101770
bayesfl_observability_v1,ola_sparse_bayesian_keep010_seed42,40,ola,global,,,all,db,31,-103.40261398175372,-101.77119862532287,-102.58690630353829,107,0.000644465179238907,0.005669647243785005,101770
bayesfl_observability_v1,ola_sparse_bayesian_keep010_seed42,40,ola,global,,,all,db,32,-101.77119862532287,-100.13978326889202,-100.95549094710745,130,0.0007829950775799805,0.0069470374373587504,101770
bayesfl_observability_v1,ola_sparse_bayesian_keep010_seed42,40,ola,global,,,all,db,33,-100.13978326889202,-98.50836791246118,-99.3240755906766,141,0.0008492485072213708,0.008332514493465658,101770
bayesfl_observability_v1,ola_sparse_bayesian_keep010_seed42,40,ola,global,,,all,db,34,-98.50836791246118,-96.87695255603035,-97.69266023424576,194,0.0011684695773116734,0.01023877370541417,101770
bayesfl_observability_v1,ola_sparse_bayesian_keep010_seed42,40,ola,global,,,all,db,35,-96.87695255603035,-95.2455371995995,-96.06124487781491,257,0.0015479210379850384,0.01276407585732534,101770
bayesfl_observability_v1,ola_sparse_bayesian_keep010_seed42,40,ola,global,,,all,db,36,-95.2455371995995,-93.61412184316865,-94.42982952138408,252,0.0015178058426935006,0.015240247617175986,101770
bayesfl_observability_v1,ola_sparse_bayesian_keep010_seed42,40,ola,global,,,all,db,37,-93.61412184316865,-91.98270648673781,-92.79841416495323,323,0.001945441615833353,0.018414070944286137,101770
bayesfl_observability_v1,ola_sparse_bayesian_keep010_seed42,40,ola,global,,,all,db,38,-91.98270648673781,-90.35129113030698,-91.1669988085224,356,0.002144201904757504,0.021912154858995773,101770
bayesfl_observability_v1,ola_sparse_bayesian_keep010_seed42,40,ola,global,,,all,db,39,-90.35129113030698,-88.71987577387613,-89.53558345209154,478,0.0028790126698710053,0.026609020339982314,101770
bayesfl_observability_v1,ola_sparse_bayesian_keep010_seed42,40,ola,global,,,all,db,40,-88.71987577387613,-87.08846041744529,-87.90416809566071,521,0.003138003349378257,0.0317284071926894,101770
bayesfl_observability_v1,ola_sparse_bayesian_keep010_seed42,40,ola,global,,,all,db,41,-87.08846041744529,-85.45704506101444,-86.27275273922987,660,0.003975205778482978,0.03821361894467918,101770
bayesfl_observability_v1,ola_sparse_bayesian_keep010_seed42,40,ola,global,,,all,db,42,-85.45704506101444,-83.8256297045836,-84.64133738279902,801,0.0048244542857043835,0.04608430775277587,101770
bayesfl_observability_v1,ola_sparse_bayesian_keep010_seed42,40,ola,global,,,all,db,43,-83.8256297045836,-82.19421434815276,-83.00992202636817,982,0.0059146243552580064,0.05573351675346369,101770
bayesfl_observability_v1,ola_sparse_bayesian_keep010_seed42,40,ola,global,,,all,db,44,-82.19421434815276,-80.56279899172192,-81.37850666993734,1169,0.007040932659161578,0.06722020241721528,101770
bayesfl_observability_v1,ola_sparse_bayesian_keep010_seed42,40,ola,global,,,all,db,45,-80.56279899172192,-78.93138363529107,-79.7470913135065,1394,0.008396116447280715,0.08091775572369067,101770
bayesfl_observability_v1,ola_sparse_bayesian_keep010_seed42,40,ola,global,,,all,db,46,-78.93138363529107,-77.29996827886023,-78.11567595707565,1717,0.010341558063114141,0.09778913235727621,101770
bayesfl_observability_v1,ola_sparse_bayesian_keep010_seed42,40,ola,global,,,all,db,47,-77.29996827886023,-75.6685529224294,-76.48426060064482,1992,0.01199789380414873,0.11736268055419083,101770
bayesfl_observability_v1,ola_sparse_bayesian_keep010_seed42,40,ola,global,,,all,db,48,-75.6685529224294,-74.03713756599855,-74.85284524421397,2530,0.015238288817518082,0.14222265893681832,101770
bayesfl_observability_v1,ola_sparse_bayesian_keep010_seed42,40,ola,global,,,all,db,49,-74.03713756599855,-72.40572220956771,-73.22142988778313,2988,0.017996840706223094,0.17158298123219023,101770
bayesfl_observability_v1,ola_sparse_bayesian_keep010_seed42,40,ola,global,,,all,db,50,-72.40572220956771,-70.77430685313686,-71.5900145313523,3627,0.021845562664481455,0.20722216763289772,101770
bayesfl_observability_v1,ola_sparse_bayesian_keep010_seed42,40,ola,global,,,all,db,51,-70.77430685313686,-69.14289149670603,-69.95859917492145,4408,0.02654955616901988,0.25053552127345974,101770
bayesfl_observability_v1,ola_sparse_bayesian_keep010_seed42,40,ola,global,,,all,db,52,-69.14289149670603,-67.51147614027518,-68.3271838184906,5333,0.032120867297954124,0.3029379974452196,101770
bayesfl_observability_v1,ola_sparse_bayesian_keep010_seed42,40,ola,global,,,all,db,53,-67.51147614027518,-65.88006078384434,-66.69576846205976,6388,0.03847517350446892,0.36570698634175103,101770
bayesfl_observability_v1,ola_sparse_bayesian_keep010_seed42,40,ola,global,,,all,db,54,-65.88006078384434,-64.24864542741349,-65.06435310562892,7767,0.04678094436587468,0.4420261373685762,101770
bayesfl_observability_v1,ola_sparse_bayesian_keep010_seed42,40,ola,global,,,all,db,55,-64.24864542741349,-62.61723007098266,-63.432937749198075,9208,0.055460143648896336,0.5325046673872458,101770
bayesfl_observability_v1,ola_sparse_bayesian_keep010_seed42,40,ola,global,,,all,db,56,-62.61723007098266,-60.98581471455181,-61.80152239276723,11087,0.06677743403945571,0.641446398742262,101770
bayesfl_observability_v1,ola_sparse_bayesian_keep010_seed42,40,ola,global,,,all,db,57,-60.98581471455181,-59.35439935812097,-60.17010703633639,13070,0.07872112049208027,0.7698732435884839,101770
bayesfl_observability_v1,ola_sparse_bayesian_keep010_seed42,40,ola,global,,,all,db,58,-59.35439935812097,-57.72298400169012,-58.53869167990555,9220,0.055532420117595536,0.8604696865480986,101770
bayesfl_observability_v1,ola_sparse_bayesian_keep010_seed42,40,ola,global,,,all,db,59,-57.72298400169012,-56.09156864525929,-56.907276323474704,5838,0.03516250202239974,0.9178343323179718,101770
bayesfl_observability_v1,ola_sparse_bayesian_keep010_seed42,40,ola,global,,,all,db,60,-56.09156864525929,-54.46015328882844,-55.27586096704386,4073,0.02453183808448662,0.9578559496904785,101770
bayesfl_observability_v1,ola_sparse_bayesian_keep010_seed42,40,ola,global,,,all,db,61,-54.46015328882844,-52.8287379323976,-53.64444561061302,2244,0.013515699646842244,0.9799056696472438,101770
bayesfl_observability_v1,ola_sparse_bayesian_keep010_seed42,40,ola,global,,,all,db,62,-52.8287379323976,-51.19732257596675,-52.013030254182176,906,0.005456873386826633,0.9888080966886116,101770
bayesfl_observability_v1,ola_sparse_bayesian_keep010_seed42,40,ola,global,,,all,db,63,-51.19732257596675,-49.565907219535916,-50.381614897751334,300,0.0018069117174922785,0.9917559202122433,101770
bayesfl_observability_v1,ola_sparse_bayesian_keep010_seed42,40,ola,global,,,all,db,64,-49.565907219535916,-47.93449186310508,-48.7501995413205,133,0.0008010641947549101,0.9930627886410534,101770
bayesfl_observability_v1,ola_sparse_bayesian_keep010_seed42,40,ola,global,,,all,db,65,-47.93449186310508,-46.30307650667423,-47.118784184889655,119,0.0007167416479385975,0.994232091972094,101770
bayesfl_observability_v1,ola_sparse_bayesian_keep010_seed42,40,ola,global,,,all,db,66,-46.30307650667423,-44.671661150243395,-45.48736882845881,101,0.0006083269448890671,0.9952245258917166,101770
bayesfl_observability_v1,ola_sparse_bayesian_keep010_seed42,40,ola,global,,,all,db,67,-44.671661150243395,-43.040245793812545,-43.85595347202797,94,0.000566165671480909,0.9961481772624545,101770
bayesfl_observability_v1,ola_sparse_bayesian_keep010_seed42,40,ola,global,,,all,db,68,-43.040245793812545,-41.40883043738171,-42.22453811559713,96,0.0005782117495975291,0.9970914807900167,101770
bayesfl_observability_v1,ola_sparse_bayesian_keep010_seed42,40,ola,global,,,all,db,69,-41.40883043738171,-39.77741508095086,-40.593122759166285,65,0.00039149753878999025,0.9977301758868036,101770
bayesfl_observability_v1,ola_sparse_bayesian_keep010_seed42,40,ola,global,,,all,db,70,-39.77741508095086,-38.145999724520024,-38.96170740273544,59,0.0003553593044401481,0.9983099145131178,101770
bayesfl_observability_v1,ola_sparse_bayesian_keep010_seed42,40,ola,global,,,all,db,71,-38.145999724520024,-36.514584368089174,-37.3302920463046,39,0.00023489852327399414,0.9986931315711899,101770
bayesfl_observability_v1,ola_sparse_bayesian_keep010_seed42,40,ola,global,,,all,db,72,-36.514584368089174,-34.88316901165834,-35.69887668987376,44,0.0002650137185655342,0.9991254790213225,101770
bayesfl_observability_v1,ola_sparse_bayesian_keep010_seed42,40,ola,global,,,all,db,73,-34.88316901165834,-33.25175365522749,-34.067461333442914,30,0.00018069117174922627,0.9994202613736858,101770
bayesfl_observability_v1,ola_sparse_bayesian_keep010_seed42,40,ola,global,,,all,db,74,-33.25175365522749,-31.620338298796653,-32.43604597701207,17,0.00010239166399122911,0.9995873047066915,101770
bayesfl_observability_v1,ola_sparse_bayesian_keep010_seed42,40,ola,global,,,all,db,75,-31.620338298796653,-29.988922942365804,-30.80463062058123,13,7.829950775799805e-05,0.9997150437260489,101770
bayesfl_observability_v1,ola_sparse_bayesian_keep010_seed42,40,ola,global,,,all,db,76,-29.988922942365804,-28.357507585934968,-29.173215264150386,12,7.227646869969114e-05,0.9998329566669942,101770
bayesfl_observability_v1,ola_sparse_bayesian_keep010_seed42,40,ola,global,,,all,db,77,-28.357507585934968,-26.72609222950412,-27.541799907719543,8,4.818431246646034e-05,0.999911565294291,101770
bayesfl_observability_v1,ola_sparse_bayesian_keep010_seed42,40,ola,global,,,all,db,78,-26.72609222950412,-25.09467687307327,-25.910384551288693,7,4.216127340815279e-05,0.9999803478431758,101770
bayesfl_observability_v1,ola_sparse_bayesian_keep010_seed42,40,ola,global,,,all,db,79,-25.09467687307327,-23.463261516642426,-24.278969194857847,2,1.2046078116615137e-05,1.0,101770
bayesfl_observability_v1,ola_sparse_bayesian_keep010_seed42,40,ola,global,,,layers.0.weight,raw,0,2.0005701773262004e-08,6.591109374378692e-05,3.296554972278009e-05,4796,725.3146727325333,0.04779177295918367,100352
bayesfl_observability_v1,ola_sparse_bayesian_keep010_seed42,40,ola,global,,,layers.0.weight,raw,1,6.591109374378692e-05,0.0001318021817858006,9.885663776479375e-05,4794,725.0122062301426,0.09556361607142858,100352
bayesfl_observability_v1,ola_sparse_bayesian_keep010_seed42,40,ola,global,,,layers.0.weight,raw,2,0.0001318021817858006,0.00019769326982781423,0.00016474772580680742,4762,720.1727421918941,0.14301658163265307,100352
bayesfl_observability_v1,ola_sparse_bayesian_keep010_seed42,40,ola,global,,,layers.0.weight,raw,3,0.00019769326982781423,0.0002635843578698279,0.00023063881384882104,4805,726.6757719932909,0.19089803890306123,100352
bayesfl_observability_v1,ola_sparse_bayesian_keep010_seed42,40,ola,global,,,layers.0.weight,raw,4,0.0002635843578698279,0.00032947544591184155,0.0002965299018908347,4790,724.4072732253616,0.23863002232142858,100352
bayesfl_observability_v1,ola_sparse_bayesian_keep010_seed42,40,ola,global,,,layers.0.weight,raw,5,0.00032947544591184155,0.00039536653395385517,0.0003624209899328484,4894,740.1355313496706,0.28739835778061223,100352
bayesfl_observability_v1,ola_sparse_bayesian_keep010_seed42,40,ola,global,,,layers.0.weight,raw,6,0.00039536653395385517,0.00046125762199586884,0.000428312077974862,4819,728.7930375100244,0.33541932397959184,100352
bayesfl_observability_v1,ola_sparse_bayesian_keep010_seed42,40,ola,global,,,layers.0.weight,raw,7,0.00046125762199586884,0.0005271487100378825,0.0004942031660168757,4845,732.7251020411015,0.38369937818877553,100352
bayesfl_observability_v1,ola_sparse_bayesian_keep010_seed42,40,ola,global,,,layers.0.weight,raw,8,0.0005271487100378825,0.0005930397980798962,0.0005600942540588893,4817,728.4905710076339,0.4317004145408163,100352
bayesfl_observability_v1,ola_sparse_bayesian_keep010_seed42,40,ola,global,,,layers.0.weight,raw,9,0.0005930397980798962,0.0006589308861219099,0.0006259853421009031,4854,734.0862013018591,0.48007015306122447,100352
bayesfl_observability_v1,ola_sparse_bayesian_keep010_seed42,40,ola,global,,,layers.0.weight,raw,10,0.0006589308861219099,0.0007248219741639235,0.0006918764301429166,4729,715.1820449024498,0.5271942761479592,100352
bayesfl_observability_v1,ola_sparse_bayesian_keep010_seed42,40,ola,global,,,layers.0.weight,raw,11,0.0007248219741639235,0.0007907130622059371,0.0007577675181849303,4736,716.2406776608179,0.5743881536989796,100352
bayesfl_observability_v1,ola_sparse_bayesian_keep010_seed42,40,ola,global,,,layers.0.weight,raw,12,0.0007907130622059371,0.0008566041502479508,0.000823658606226944,4753,718.8116429311364,0.6217514349489796,100352
bayesfl_observability_v1,ola_sparse_bayesian_keep010_seed42,40,ola,global,,,layers.0.weight,raw,13,0.0008566041502479508,0.0009224952382899644,0.0008895496942689575,4777,722.441240959823,0.6693538743622449,100352
bayesfl_observability_v1,ola_sparse_bayesian_keep010_seed42,40,ola,global,,,layers.0.weight,raw,14,0.0009224952382899644,0.0009883863263319783,0.0009554407823109713,4888,739.2281318424958,0.7180624202806123,100352
bayesfl_observability_v1,ola_sparse_bayesian_keep010_seed42,40,ola,global,,,layers.0.weight,raw,15,0.0009883863263319783,0.0010542774143739919,0.001021331870352985,4506,681.4570298859048,0.7629643654336735,100352
bayesfl_observability_v1,ola_sparse_bayesian_keep010_seed42,40,ola,global,,,layers.0.weight,raw,16,0.0010542774143739919,0.0011201685024160054,0.0010872229583949987,3931,594.4979104486223,0.8021364795918368,100352
bayesfl_observability_v1,ola_sparse_bayesian_keep010_seed42,40,ola,global,,,layers.0.weight,raw,17,0.0011201685024160054,0.0011860595904580192,0.0011531140464370124,3098,468.5206122029574,0.8330078125,100352
bayesfl_observability_v1,ola_sparse_bayesian_keep010_seed42,40,ola,global,,,layers.0.weight,raw,18,0.0011860595904580192,0.0012519506785000328,0.001219005134479026,2370,358.4228053327995,0.8566246811224489,100352
bayesfl_observability_v1,ola_sparse_bayesian_keep010_seed42,40,ola,global,,,layers.0.weight,raw,19,0.0012519506785000328,0.0013178417665420466,0.0012848962225210396,1767,267.22915486204835,0.8742327008928571,100352
bayesfl_observability_v1,ola_sparse_bayesian_keep010_seed42,40,ola,global,,,layers.0.weight,raw,20,0.0013178417665420466,0.0013837328545840601,0.0013507873105630534,1695,256.3403607759895,0.8911232461734694,100352
bayesfl_observability_v1,ola_sparse_bayesian_keep010_seed42,40,ola,global,,,layers.0.weight,raw,21,0.0013837328545840601,0.001449623942626074,0.0014166783986050671,1431,216.41478246043644,0.9053830516581632,100352
bayesfl_observability_v1,ola_sparse_bayesian_keep010_seed42,40,ola,global,,,layers.0.weight,raw,22,0.001449623942626074,0.0015155150306680875,0.0014825694866470807,1249,188.89033074289728,0.9178292410714286,100352
bayesfl_observability_v1,ola_sparse_bayesian_keep010_seed42,40,ola,global,,,layers.0.weight,raw,23,0.0015155150306680875,0.001581406118710101,0.0015484605746890943,1125,170.1374075946833,0.9290397799744898,100352
bayesfl_observability_v1,ola_sparse_bayesian_keep010_seed42,40,ola,global,,,layers.0.weight,raw,24,0.001581406118710101,0.0016472972067521148,0.0016143516627311078,1077,162.8782115373096,0.9397720025510204,100352
bayesfl_observability_v1,ola_sparse_bayesian_keep010_seed42,40,ola,global,,,layers.0.weight,raw,25,0.0016472972067521148,0.0017131882947941284,0.0016802427507731216,873,132.02662829347423,0.9484713807397959,100352
bayesfl_observability_v1,ola_sparse_bayesian_keep010_seed42,40,ola,global,,,layers.0.weight,raw,26,0.0017131882947941284,0.0017790793828361422,0.0017461338388151354,763,115.3909706619937,0.9560746173469388,100352
bayesfl_observability_v1,ola_sparse_bayesian_keep010_seed42,40,ola,global,,,layers.0.weight,raw,27,0.0017790793828361422,0.0018449704708781557,0.001812024926857149,689,104.19971007354381,0.9629404496173469,100352
bayesfl_observability_v1,ola_sparse_bayesian_keep010_seed42,40,ola,global,,,layers.0.weight,raw,28,0.0018449704708781557,0.0019108615589201695,0.0018779160148991625,579,87.56405244206339,0.9687101403061225,100352
bayesfl_observability_v1,ola_sparse_bayesian_keep010_seed42,40,ola,global,,,layers.0.weight,raw,29,0.0019108615589201695,0.001976752646962183,0.0019438071029411763,515,77.88512436556613,0.9738420758928571,100352
bayesfl_observability_v1,ola_sparse_bayesian_keep010_seed42,40,ola,global,,,layers.0.weight,raw,30,0.001976752646962183,0.0020426437350041966,0.00200969819098319,444,67.14756353070167,0.9782665019132653,100352
bayesfl_observability_v1,ola_sparse_bayesian_keep010_seed42,40,ola,global,,,layers.0.weight,raw,31,0.0020426437350041966,0.00210853482304621,0.002075589279025203,345,52.175471662369546,0.9817044005102041,100352
bayesfl_observability_v1,ola_sparse_bayesian_keep010_seed42,40,ola,global,,,layers.0.weight,raw,32,0.00210853482304621,0.0021744259110882238,0.002141480367067217,313,47.336007624120775,0.9848234215561225,100352
bayesfl_observability_v1,ola_sparse_bayesian_keep010_seed42,40,ola,global,,,layers.0.weight,raw,33,0.0021744259110882238,0.0022403169991302373,0.0022073714551092303,270,40.83297782272399,0.9875139508928571,100352
bayesfl_observability_v1,ola_sparse_bayesian_keep010_seed42,40,ola,global,,,layers.0.weight,raw,34,0.0022403169991302373,0.0023062080871722513,0.0022732625431512443,225,34.02748151893643,0.9897560586734694,100352
bayesfl_observability_v1,ola_sparse_bayesian_keep010_seed42,40,ola,global,,,layers.0.weight,raw,35,0.0023062080871722513,0.002372099175214265,0.0023391536311932583,168,25.40718620080604,0.9914301658163265,100352
bayesfl_observability_v1,ola_sparse_bayesian_keep010_seed42,40,ola,global,,,layers.0.weight,raw,36,0.002372099175214265,0.0024379902632562784,0.0024050447192352714,173,26.16335245678241,0.9931540975765306,100352
bayesfl_observability_v1,ola_sparse_bayesian_keep010_seed42,40,ola,global,,,layers.0.weight,raw,37,0.0024379902632562784,0.002503881351298292,0.0024709358072772854,120,18.147990143432885,0.9943498883928571,100352
bayesfl_observability_v1,ola_sparse_bayesian_keep010_seed42,40,ola,global,,,layers.0.weight,raw,38,0.002503881351298292,0.002569772439340306,0.002536826895319299,103,15.577024873113125,0.9953762755102041,100352
bayesfl_observability_v1,ola_sparse_bayesian_keep010_seed42,40,ola,global,,,layers.0.weight,raw,39,0.002569772439340306,0.0026356635273823196,0.0026027179833613126,76,11.493727090840828,0.9961336096938775,100352
bayesfl_observability_v1,ola_sparse_bayesian_keep010_seed42,40,ola,global,,,layers.0.weight,raw,40,0.0026356635273823196,0.002701554615424333,0.0026686090714033266,74,11.19126058845028,0.9968710140306123,100352
bayesfl_observability_v1,ola_sparse_bayesian_keep010_seed42,40,ola,global,,,layers.0.weight,raw,41,0.002701554615424333,0.0027674457034663467,0.0027345001594453397,46,6.956729554982606,0.9973294005102041,100352
bayesfl_observability_v1,ola_sparse_bayesian_keep010_seed42,40,ola,global,,,layers.0.weight,raw,42,0.0027674457034663467,0.0028333367915083603,0.0028003912474873537,48,7.259196057373154,0.9978077168367347,100352
bayesfl_observability_v1,ola_sparse_bayesian_keep010_seed42,40,ola,global,,,layers.0.weight,raw,43,0.0028333367915083603,0.0028992278795503743,0.0028662823355293673,34,5.141930540639284,0.9981465242346939,100352
bayesfl_observability_v1,ola_sparse_bayesian_keep010_seed42,40,ola,global,,,layers.0.weight,raw,44,0.0028992278795503743,0.002965118967592388,0.002932173423571381,32,4.839464038248769,0.9984654017857143,100352
bayesfl_observability_v1,ola_sparse_bayesian_keep010_seed42,40,ola,global,,,layers.0.weight,raw,45,0.002965118967592388,0.0030310100556344014,0.002998064511613395,25,3.780831279881851,0.9987145248724489,100352
bayesfl_observability_v1,ola_sparse_bayesian_keep010_seed42,40,ola,global,,,layers.0.weight,raw,46,0.0030310100556344014,0.003096901143676415,0.003063955599655408,18,2.7221985215149327,0.998893893494898,100352
bayesfl_observability_v1,ola_sparse_bayesian_keep010_seed42,40,ola,global,,,layers.0.weight,raw,47,0.003096901143676415,0.0031627922317184285,0.003129846687697422,17,2.570965270319659,0.9990632971938775,100352
bayesfl_observability_v1,ola_sparse_bayesian_keep010_seed42,40,ola,global,,,layers.0.weight,raw,48,0.0031627922317184285,0.0032286833197604425,0.0031957377757394355,14,2.1172655167338226,0.9992028061224489,100352
bayesfl_observability_v1,ola_sparse_bayesian_keep010_seed42,40,ola,global,,,layers.0.weight,raw,49,0.0032286833197604425,0.003294574407802456,0.003261628863781449,13,1.9660322655385627,0.9993323501275511,100352
bayesfl_observability_v1,ola_sparse_bayesian_keep010_seed42,40,ola,global,,,layers.0.weight,raw,50,0.003294574407802456,0.0033604654958444696,0.003327519951823463,10,1.5123325119527404,0.9994319993622449,100352
bayesfl_observability_v1,ola_sparse_bayesian_keep010_seed42,40,ola,global,,,layers.0.weight,raw,51,0.0033604654958444696,0.003426356583886483,0.003393411039865476,5,0.7561662559763702,0.9994818239795918,100352
bayesfl_observability_v1,ola_sparse_bayesian_keep010_seed42,40,ola,global,,,layers.0.weight,raw,52,0.003426356583886483,0.003492247671928497,0.00345930212790749,3,0.45369975358581915,0.99951171875,100352
bayesfl_observability_v1,ola_sparse_bayesian_keep010_seed42,40,ola,global,,,layers.0.weight,raw,53,0.003492247671928497,0.0035581387599705108,0.003525193215949504,3,0.45369975358582215,0.9995416135204082,100352
bayesfl_observability_v1,ola_sparse_bayesian_keep010_seed42,40,ola,global,,,layers.0.weight,raw,54,0.0035581387599705108,0.0036240298480125243,0.0035910843039915173,8,1.2098660095621923,0.9996213329081632,100352
bayesfl_observability_v1,ola_sparse_bayesian_keep010_seed42,40,ola,global,,,layers.0.weight,raw,55,0.0036240298480125243,0.003689920936054538,0.0036569753920335313,2,0.30246650239054806,0.999641262755102,100352
bayesfl_observability_v1,ola_sparse_bayesian_keep010_seed42,40,ola,global,,,layers.0.weight,raw,56,0.003689920936054538,0.0037558120240965514,0.0037228664800755444,8,1.2098660095621923,0.9997209821428571,100352
bayesfl_observability_v1,ola_sparse_bayesian_keep010_seed42,40,ola,global,,,layers.0.weight,raw,57,0.0037558120240965514,0.0038217031121385654,0.0037887575681175584,2,0.3024665023905461,0.9997409119897959,100352
bayesfl_observability_v1,ola_sparse_bayesian_keep010_seed42,40,ola,global,,,layers.0.weight,raw,58,0.0038217031121385654,0.003887594200180579,0.0038546486561595724,3,0.45369975358582215,0.9997708067602041,100352
bayesfl_observability_v1,ola_sparse_bayesian_keep010_seed42,40,ola,global,,,layers.0.weight,raw,59,0.003887594200180579,0.003953485288222593,0.0039205397442015864,6,0.9073995071716383,0.9998305963010204,100352
bayesfl_observability_v1,ola_sparse_bayesian_keep010_seed42,40,ola,global,,,layers.0.weight,raw,60,0.003953485288222593,0.004019376376264606,0.0039864308322435996,3,0.45369975358582515,0.9998604910714286,100352
bayesfl_observability_v1,ola_sparse_bayesian_keep010_seed42,40,ola,global,,,layers.0.weight,raw,61,0.004019376376264606,0.00408526746430662,0.004052321920285613,2,0.3024665023905461,0.9998804209183674,100352
bayesfl_observability_v1,ola_sparse_bayesian_keep010_seed42,40,ola,global,,,layers.0.weight,raw,62,0.00408526746430662,0.004151158552348633,0.004118213008327627,1,0.15123325119527503,0.9998903858418368,100352
bayesfl_observability_v1,ola_sparse_bayesian_keep010_seed42,40,ola,global,,,layers.0.weight,raw,63,0.004151158552348633,0.004217049640390647,0.004184104096369641,2,0.3024665023905461,0.9999103156887755,100352
bayesfl_observability_v1,ola_sparse_bayesian_keep010_seed42,40,ola,global,,,layers.0.weight,raw,64,0.004217049640390647,0.004282940728432661,0.004249995184411654,5,0.7561662559763652,0.9999601403061225,100352
bayesfl_observability_v1,ola_sparse_bayesian_keep010_seed42,40,ola,global,,,layers.0.weight,raw,65,0.004282940728432661,0.004348831816474674,0.004315886272453668,2,0.30246650239055006,0.9999800701530612,100352
bayesfl_observability_v1,ola_sparse_bayesian_keep010_seed42,40,ola,global,,,layers.0.weight,raw,66,0.004348831816474674,0.004414722904516688,0.004381777360495682,0,0.0,0.9999800701530612,100352
bayesfl_observability_v1,ola_sparse_bayesian_keep010_seed42,40,ola,global,,,layers.0.weight,raw,67,0.004414722904516688,0.0044806139925587015,0.004447668448537695,1,0.15123325119527503,0.9999900350765306,100352
bayesfl_observability_v1,ola_sparse_bayesian_keep010_seed42,40,ola,global,,,layers.0.weight,raw,68,0.0044806139925587015,0.0045465050806007155,0.004513559536579708,0,0.0,0.9999900350765306,100352
bayesfl_observability_v1,ola_sparse_bayesian_keep010_seed42,40,ola,global,,,layers.0.weight,raw,69,0.0045465050806007155,0.0046123961686427295,0.004579450624621723,0,0.0,0.9999900350765306,100352
bayesfl_observability_v1,ola_sparse_bayesian_keep010_seed42,40,ola,global,,,layers.0.weight,raw,70,0.0046123961686427295,0.004678287256684743,0.004645341712663736,0,0.0,0.9999900350765306,100352
bayesfl_observability_v1,ola_sparse_bayesian_keep010_seed42,40,ola,global,,,layers.0.weight,raw,71,0.004678287256684743,0.004744178344726757,0.004711232800705749,0,0.0,0.9999900350765306,100352
bayesfl_observability_v1,ola_sparse_bayesian_keep010_seed42,40,ola,global,,,layers.0.weight,raw,72,0.004744178344726757,0.00481006943276877,0.004777123888747763,0,0.0,0.9999900350765306,100352
bayesfl_observability_v1,ola_sparse_bayesian_keep010_seed42,40,ola,global,,,layers.0.weight,raw,73,0.00481006943276877,0.004875960520810784,0.004843014976789777,0,0.0,0.9999900350765306,100352
bayesfl_observability_v1,ola_sparse_bayesian_keep010_seed42,40,ola,global,,,layers.0.weight,raw,74,0.004875960520810784,0.004941851608852798,0.00490890606483179,0,0.0,0.9999900350765306,100352
bayesfl_observability_v1,ola_sparse_bayesian_keep010_seed42,40,ola,global,,,layers.0.weight,raw,75,0.004941851608852798,0.005007742696894811,0.004974797152873804,0,0.0,0.9999900350765306,100352
bayesfl_observability_v1,ola_sparse_bayesian_keep010_seed42,40,ola,global,,,layers.0.weight,raw,76,0.005007742696894811,0.005073633784936825,0.005040688240915818,0,0.0,0.9999900350765306,100352
bayesfl_observability_v1,ola_sparse_bayesian_keep010_seed42,40,ola,global,,,layers.0.weight,raw,77,0.005073633784936825,0.005139524872978839,0.0051065793289578314,0,0.0,0.9999900350765306,100352
bayesfl_observability_v1,ola_sparse_bayesian_keep010_seed42,40,ola,global,,,layers.0.weight,raw,78,0.005139524872978839,0.005205415961020852,0.0051724704169998454,0,0.0,0.9999900350765306,100352
bayesfl_observability_v1,ola_sparse_bayesian_keep010_seed42,40,ola,global,,,layers.0.weight,raw,79,0.005205415961020852,0.005271307049062866,0.0052383615050418594,1,0.15123325119527306,1.0,100352
bayesfl_observability_v1,ola_sparse_bayesian_keep010_seed42,40,ola,global,,,layers.0.weight,db,0,-153.97649003110982,-152.6213043271432,-153.29889717912653,2,1.4706358604906394e-05,1.992984693877551e-05,100352
bayesfl_observability_v1,ola_sparse_bayesian_keep010_seed42,40,ola,global,,,layers.0.weight,db,1,-152.6213043271432,-151.2661186231766,-151.9437114751599,0,0.0,1.992984693877551e-05,100352
bayesfl_observability_v1,ola_sparse_bayesian_keep010_seed42,40,ola,global,,,layers.0.weight,db,2,-151.2661186231766,-149.91093291920996,-150.58852577119328,1,7.353179302453043e-06,2.9894770408163265e-05,100352
bayesfl_observability_v1,ola_sparse_bayesian_keep010_seed42,40,ola,global,,,layers.0.weight,db,3,-149.91093291920996,-148.55574721524334,-149.23334006722666,0,0.0,2.9894770408163265e-05,100352
bayesfl_observability_v1,ola_sparse_bayesian_keep010_seed42,40,ola,global,,,layers.0.weight,db,4,-148.55574721524334,-147.20056151127673,-147.87815436326002,1,7.353179302453197e-06,3.985969387755102e-05,100352
bayesfl_observability_v1,ola_sparse_bayesian_keep010_seed42,40,ola,global,,,layers.0.weight,db,5,-147.20056151127673,-145.84537580731012,-146.52296865929344,0,0.0,3.985969387755102e-05,100352
bayesfl_observability_v1,ola_sparse_bayesian_keep010_seed42,40,ola,global,,,layers.0.weight,db,6,-145.84537580731012,-144.4901901033435,-145.1677829553268,0,0.0,3.985969387755102e-05,100352
bayesfl_observability_v1,ola_sparse_bayesian_keep010_seed42,40,ola,global,,,layers.0.weight,db,7,-144.4901901033435,-143.1350043993769,-143.81259725136022,1,7.353179302453197e-06,4.982461734693878e-05,100352
bayesfl_observability_v1,ola_sparse_bayesian_keep010_seed42,40,ola,global,,,layers.0.weight,db,8,-143.1350043993769,-141.77981869541026,-142.45741154739358,0,0.0,4.982461734693878e-05,100352
bayesfl_observability_v1,ola_sparse_bayesian_keep010_seed42,40,ola,global,,,layers.0.weight,db,9,-141.77981869541026,-140.42463299144364,-141.10222584342694,0,0.0,4.982461734693878e-05,100352
bayesfl_observability_v1,ola_sparse_bayesian_keep010_seed42,40,ola,global,,,layers.0.weight,db,10,-140.42463299144364,-139.06944728747703,-139.74704013946035,1,7.353179302453197e-06,5.978954081632653e-05,100352
bayesfl_observability_v1,ola_sparse_bayesian_keep010_seed42,40,ola,global,,,layers.0.weight,db,11,-139.06944728747703,-137.71426158351042,-138.3918544354937,1,7.353179302453197e-06,6.975446428571428e-05,100352
bayesfl_observability_v1,ola_sparse_bayesian_keep010_seed42,40,ola,global,,,layers.0.weight,db,12,-137.71426158351042,-136.3590758795438,-137.03666873152713,1,7.353179302453197e-06,7.971938775510203e-05,100352
bayesfl_observability_v1,ola_sparse_bayesian_keep010_seed42,40,ola,global,,,layers.0.weight,db,13,-136.3590758795438,-135.00389017557717,-135.6814830275605,3,2.2059537907359127e-05,0.0001096141581632653,100352
bayesfl_observability_v1,ola_sparse_bayesian_keep010_seed42,40,ola,global,,,layers.0.weight,db,14,-135.00389017557717,-133.64870447161056,-134.32629732359385,2,1.4706358604906394e-05,0.00012954400510204082,100352
bayesfl_observability_v1,ola_sparse_bayesian_keep010_seed42,40,ola,global,,,layers.0.weight,db,15,-133.64870447161056,-132.29351876764395,-132.97111161962727,4,2.941271720981279e-05,0.00016940369897959184,100352
bayesfl_observability_v1,ola_sparse_bayesian_keep010_seed42,40,ola,global,,,layers.0.weight,db,16,-132.29351876764395,-130.93833306367733,-131.61592591566063,5,3.6765896512265986e-05,0.0002192283163265306,100352
bayesfl_observability_v1,ola_sparse_bayesian_keep010_seed42,40,ola,global,,,layers.0.weight,db,17,-130.93833306367733,-129.58314735971072,-130.26074021169404,5,3.6765896512265986e-05,0.00026905293367346936,100352
bayesfl_observability_v1,ola_sparse_bayesian_keep010_seed42,40,ola,global,,,layers.0.weight,db,18,-129.58314735971072,-128.2279616557441,-128.9055545077274,3,2.205953790735959e-05,0.00029894770408163266,100352
bayesfl_observability_v1,ola_sparse_bayesian_keep010_seed42,40,ola,global,,,layers.0.weight,db,19,-128.2279616557441,-126.87277595177748,-127.55036880376079,4,2.941271720981248e-05,0.00033880739795918367,100352
bayesfl_observability_v1,ola_sparse_bayesian_keep010_seed42,40,ola,global,,,layers.0.weight,db,20,-126.87277595177748,-125.51759024781086,-126.19518309979418,10,7.35317930245312e-05,0.0004384566326530612,100352
bayesfl_observability_v1,ola_sparse_bayesian_keep010_seed42,40,ola,global,,,layers.0.weight,db,21,-125.51759024781086,-124.16240454384425,-124.83999739582755,7,5.147225511717238e-05,0.0005082110969387755,100352
bayesfl_observability_v1,ola_sparse_bayesian_keep010_seed42,40,ola,global,,,layers.0.weight,db,22,-124.16240454384425,-122.80721883987763,-123.48481169186094,6,4.411907581471918e-05,0.000568000637755102,100352
bayesfl_observability_v1,ola_sparse_bayesian_keep010_seed42,40,ola,global,,,layers.0.weight,db,23,-122.80721883987763,-121.45203313591102,-122.12962598789433,8,5.882543441962558e-05,0.000647720025510204,100352
bayesfl_observability_v1,ola_sparse_bayesian_keep010_seed42,40,ola,global,,,layers.0.weight,db,24,-121.45203313591102,-120.0968474319444,-120.7744402839277,8,5.882543441962496e-05,0.0007274394132653062,100352
bayesfl_observability_v1,ola_sparse_bayesian_keep010_seed42,40,ola,global,,,layers.0.weight,db,25,-120.0968474319444,-118.74166172797777,-119.41925457996109,10,7.35317930245312e-05,0.0008270886479591837,100352
bayesfl_observability_v1,ola_sparse_bayesian_keep010_seed42,40,ola,global,,,layers.0.weight,db,26,-118.74166172797777,-117.38647602401116,-118.06406887599447,11,8.088497232698517e-05,0.0009367028061224489,100352
bayesfl_observability_v1,ola_sparse_bayesian_keep010_seed42,40,ola,global,,,layers.0.weight,db,27,-117.38647602401116,-116.03129032004455,-116.70888317202785,15,0.00011029768953679796,0.0010861766581632653,100352
bayesfl_observability_v1,ola_sparse_bayesian_keep010_seed42,40,ola,global,,,layers.0.weight,db,28,-116.03129032004455,-114.67610461607794,-115.35369746806124,19,0.00013971040674661073,0.0012755102040816326,100352
bayesfl_observability_v1,ola_sparse_bayesian_keep010_seed42,40,ola,global,,,layers.0.weight,db,29,-114.67610461607794,-113.32091891211131,-113.99851176409462,27,0.00019853584116623425,0.0015445631377551021,100352
bayesfl_observability_v1,ola_sparse_bayesian_keep010_seed42,40,ola,global,,,layers.0.weight,db,30,-113.32091891211131,-111.9657332081447,-112.643326060128,30,0.00022059537907359592,0.0018435108418367347,100352
bayesfl_observability_v1,ola_sparse_bayesian_keep010_seed42,40,ola,global,,,layers.0.weight,db,31,-111.9657332081447,-110.61054750417807,-111.28814035616139,32,0.00023530173767849984,0.002162388392857143,100352
bayesfl_observability_v1,ola_sparse_bayesian_keep010_seed42,40,ola,global,,,layers.0.weight,db,32,-110.61054750417807,-109.25536180021146,-109.93295465219477,41,0.00030148035140058107,0.002570950255102041,100352
bayesfl_observability_v1,ola_sparse_bayesian_keep010_seed42,40,ola,global,,,layers.0.weight,db,33,-109.25536180021146,-107.90017609624485,-108.57776894822815,30,0.00022059537907359592,0.0028698979591836736,100352
bayesfl_observability_v1,ola_sparse_bayesian_keep010_seed42,40,ola,global,,,layers.0.weight,db,34,-107.90017609624485,-106.54499039227824,-107.22258324426154,46,0.00033824624791284704,0.00332828443877551,100352
bayesfl_observability_v1,ola_sparse_bayesian_keep010_seed42,40,ola,global,,,layers.0.weight,db,35,-106.54499039227824,-105.18980468831161,-105.86739754029492,50,0.000367658965122656,0.003826530612244898,100352
bayesfl_observability_v1,ola_sparse_bayesian_keep010_seed42,40,ola,global,,,layers.0.weight,db,36,-105.18980468831161,-103.83461898434498,-104.5122118363283,62,0.00045589711675209343,0.004444355867346939,100352
bayesfl_observability_v1,ola_sparse_bayesian_keep010_seed42,40,ola,global,,,layers.0.weight,db,37,-103.83461898434498,-102.47943328037837,-103.15702613236168,75,0.0005514884476839897,0.00519172512755102,100352
bayesfl_observability_v1,ola_sparse_bayesian_keep010_seed42,40,ola,global,,,layers.0.weight,db,38,-102.47943328037837,-101.12424757641176,-101.80184042839507,96,0.0007059052130355069,0.006148357780612245,100352
bayesfl_observability_v1,ola_sparse_bayesian_keep010_seed42,40,ola,global,,,layers.0.weight,db,39,-101.12424757641176,-99.76906187244515,-100.44665472442846,111,0.0008162029025723049,0.007254464285714286,100352
bayesfl_observability_v1,ola_sparse_bayesian_keep010_seed42,40,ola,global,,,layers.0.weight,db,40,-99.76906187244515,-98.41387616847854,-99.09146902046184,133,0.0009779728472262752,0.008579799107142858,100352
bayesfl_observability_v1,ola_sparse_bayesian_keep010_seed42,40,ola,global,,,layers.0.weight,db,41,-98.41387616847854,-97.05869046451191,-97.73628331649522,155,0.0011397427918802337,0.01012436224489796,100352
bayesfl_observability_v1,ola_sparse_bayesian_keep010_seed42,40,ola,global,,,layers.0.weight,db,42,-97.05869046451191,-95.70350476054529,-96.3810976125286,211,0.0015515208328176083,0.012226961096938776,100352
bayesfl_observability_v1,ola_sparse_bayesian_keep010_seed42,40,ola,global,,,layers.0.weight,db,43,-95.70350476054529,-94.34831905657867,-95.02591190856198,194,0.0014265167846759202,0.01416015625,100352
bayesfl_observability_v1,ola_sparse_bayesian_keep010_seed42,40,ola,global,,,layers.0.weight,db,44,-94.34831905657867,-92.99313335261206,-93.67072620459537,256,0.0018824139014280185,0.016711176658163265,100352
bayesfl_observability_v1,ola_sparse_bayesian_keep010_seed42,40,ola,global,,,layers.0.weight,db,45,-92.99313335261206,-91.63794764864545,-92.31554050062876,262,0.0019265329772427376,0.019321986607142856,100352
bayesfl_observability_v1,ola_sparse_bayesian_keep010_seed42,40,ola,global,,,layers.0.weight,db,46,-91.63794764864545,-90.28276194467882,-90.96035479666213,304,0.0022353665079457483,0.022351323341836735,100352
bayesfl_observability_v1,ola_sparse_bayesian_keep010_seed42,40,ola,global,,,layers.0.weight,db,47,-90.28276194467882,-88.92757624071221,-89.60516909269552,386,0.002838327210746934,0.02619778380102041,100352
bayesfl_observability_v1,ola_sparse_bayesian_keep010_seed42,40,ola,global,,,layers.0.weight,db,48,-88.92757624071221,-87.57239053674559,-88.24998338872891,434,0.003191279817264654,0.030522560586734693,100352
bayesfl_observability_v1,ola_sparse_bayesian_keep010_seed42,40,ola,global,,,layers.0.weight,db,49,-87.57239053674559,-86.21720483277898,-86.89479768476228,482,0.003544232423782441,0.035325653698979595,100352
bayesfl_observability_v1,ola_sparse_bayesian_keep010_seed42,40,ola,global,,,layers.0.weight,db,50,-86.21720483277898,-84.86201912881236,-85.53961198079567,606,0.0044560266572866375,0.04136439732142857,100352
bayesfl_observability_v1,ola_sparse_bayesian_keep010_seed42,40,ola,global,,,layers.0.weight,db,51,-84.86201912881236,-83.50683342484574,-84.18442627682904,706,0.005191344587531903,0.04839963329081633,100352
bayesfl_observability_v1,ola_sparse_bayesian_keep010_seed42,40,ola,global,,,layers.0.weight,db,52,-83.50683342484574,-82.15164772087913,-82.82924057286243,820,0.006029607028011622,0.05657087053571429,100352
bayesfl_observability_v1,ola_sparse_bayesian_keep010_seed42,40,ola,global,,,layers.0.weight,db,53,-82.15164772087913,-80.79646201691251,-81.47405486889582,961,0.007066405309657522,0.06614716198979592,100352
bayesfl_observability_v1,ola_sparse_bayesian_keep010_seed42,40,ola,global,,,layers.0.weight,db,54,-80.79646201691251,-79.44127631294589,-80.11886916492921,1097,0.008066437694791073,0.07707868303571429,100352
bayesfl_observability_v1,ola_sparse_bayesian_keep010_seed42,40,ola,global,,,layers.0.weight,db,55,-79.44127631294589,-78.08609060897928,-78.76368346096258,1327,0.009757668934355392,0.09030213647959184,100352
bayesfl_observability_v1,ola_sparse_bayesian_keep010_seed42,40,ola,global,,,layers.0.weight,db,56,-78.08609060897928,-76.73090490501266,-77.40849775699597,1525,0.011213598436241125,0.10549864477040816,100352
bayesfl_observability_v1,ola_sparse_bayesian_keep010_seed42,40,ola,global,,,layers.0.weight,db,57,-76.73090490501266,-75.37571920104604,-76.05331205302934,1770,0.013015127365342022,0.12313655931122448,100352
bayesfl_observability_v1,ola_sparse_bayesian_keep010_seed42,40,ola,global,,,layers.0.weight,db,58,-75.37571920104604,-74.02053349707943,-74.69812634906273,2095,0.015404910638639448,0.14401307397959184,100352
bayesfl_observability_v1,ola_sparse_bayesian_keep010_seed42,40,ola,global,,,layers.0.weight,db,59,-74.02053349707943,-72.6653477931128,-73.34294064509612,2452,0.01802999564961505,0.16844706632653061,100352
bayesfl_observability_v1,ola_sparse_bayesian_keep010_seed42,40,ola,global,,,layers.0.weight,db,60,-72.6653477931128,-71.31016208914619,-71.9877549411295,2894,0.021280100901299552,0.19728555484693877,100352
bayesfl_observability_v1,ola_sparse_bayesian_keep010_seed42,40,ola,global,,,layers.0.weight,db,61,-71.31016208914619,-69.95497638517958,-70.63256923716288,3300,0.02426549169809555,0.23016980229591838,100352
bayesfl_observability_v1,ola_sparse_bayesian_keep010_seed42,40,ola,global,,,layers.0.weight,db,62,-69.95497638517958,-68.59979068121295,-69.27738353319626,3942,0.0289862328102702,0.2694515306122449,100352
bayesfl_observability_v1,ola_sparse_bayesian_keep010_seed42,40,ola,global,,,layers.0.weight,db,63,-68.59979068121295,-67.24460497724634,-67.92219782922965,4681,0.03442023231478342,0.316097337372449,100352
bayesfl_observability_v1,ola_sparse_bayesian_keep010_seed42,40,ola,global,,,layers.0.weight,db,64,-67.24460497724634,-65.88941927327973,-66.56701212526303,5320,0.03911891388905101,0.36911073022959184,100352
bayesfl_observability_v1,ola_sparse_bayesian_keep010_seed42,40,ola,global,,,layers.0.weight,db,65,-65.88941927327973,-64.5342335693131,-65.21182642129642,6306,0.04636914868126937,0.431949537627551,100352
bayesfl_observability_v1,ola_sparse_bayesian_keep010_seed42,40,ola,global,,,layers.0.weight,db,66,-64.5342335693131,-63.17904786534649,-63.856640717329796,7254,0.05333996265999549,0.5042350924744898,100352
bayesfl_observability_v1,ola_sparse_bayesian_keep010_seed42,40,ola,global,,,layers.0.weight,db,67,-63.17904786534649,-61.82386216137988,-62.501455013363184,8467,0.06225936915387122,0.5886080994897959,100352
bayesfl_observability_v1,ola_sparse_bayesian_keep010_seed42,40,ola,global,,,layers.0.weight,db,68,-61.82386216137988,-60.46867645741325,-61.146269309396565,10001,0.07353914620383366,0.6882672991071429,100352
bayesfl_observability_v1,ola_sparse_bayesian_keep010_seed42,40,ola,global,,,layers.0.weight,db,69,-60.46867645741325,-59.11349075344664,-59.79108360542995,10771,0.07920109426672339,0.7955994897959183,100352
bayesfl_observability_v1,ola_sparse_bayesian_keep010_seed42,40,ola,global,,,layers.0.weight,db,70,-59.11349075344664,-57.758305049480015,-58.43589790146333,7282,0.05354585168046362,0.8681640625,100352
bayesfl_observability_v1,ola_sparse_bayesian_keep010_seed42,40,ola,global,,,layers.0.weight,db,71,-57.758305049480015,-56.4031193455134,-57.08071219749671,4937,0.03630264621621143,0.9173608896683674,100352
bayesfl_observability_v1,ola_sparse_bayesian_keep010_seed42,40,ola,global,,,layers.0.weight,db,72,-56.4031193455134,-55.04793364154679,-55.7255264935301,3777,0.027772958225365726,0.9549984056122449,100352
bayesfl_observability_v1,ola_sparse_bayesian_keep010_seed42,40,ola,global,,,layers.0.weight,db,73,-55.04793364154679,-53.692747937580165,-54.37034078956348,2481,0.018243237849386192,0.9797213807397959,100352
bayesfl_observability_v1,ola_sparse_bayesian_keep010_seed42,40,ola,global,,,layers.0.weight,db,74,-53.692747937580165,-52.33756223361355,-53.01515508559686,1293,0.009507660838071984,0.9926060267857143,100352
bayesfl_observability_v1,ola_sparse_bayesian_keep010_seed42,40,ola,global,,,layers.0.weight,db,75,-52.33756223361355,-50.98237652964694,-51.65996938163025,516,0.0037942405200658497,0.9977479272959183,100352
bayesfl_observability_v1,ola_sparse_bayesian_keep010_seed42,40,ola,global,,,layers.0.weight,db,76,-50.98237652964694,-49.627190825680316,-50.30478367766363,160,0.0011765086883924992,0.9993423150510204,100352
bayesfl_observability_v1,ola_sparse_bayesian_keep010_seed42,40,ola,global,,,layers.0.weight,db,77,-49.627190825680316,-48.272005121713704,-48.94959797369701,41,0.00030148035140058107,0.9997508769132653,100352
bayesfl_observability_v1,ola_sparse_bayesian_keep010_seed42,40,ola,global,,,layers.0.weight,db,78,-48.272005121713704,-46.91681941774709,-47.5944122697304,24,0.00017647630325887673,0.9999900350765306,100352
bayesfl_observability_v1,ola_sparse_bayesian_keep010_seed42,40,ola,global,,,layers.0.weight,db,79,-46.91681941774709,-45.561633713780466,-46.23922656576378,1,7.35317930245312e-06,1.0,100352
bayesfl_observability_v1,ola_sparse_bayesian_keep010_seed42,40,ola,global,,,layers.0.bias,raw,0,8.020214628369947e-06,4.662796270516493e-05,2.7324088666767438e-05,6,1214.1345283014323,0.046875,128
bayesfl_observability_v1,ola_sparse_bayesian_keep010_seed42,40,ola,global,,,layers.0.bias,raw,1,4.662796270516493e-05,8.523571078195991e-05,6.593183674356242e-05,4,809.4230188676215,0.078125,128
bayesfl_observability_v1,ola_sparse_bayesian_keep010_seed42,40,ola,global,,,layers.0.bias,raw,2,8.523571078195991e-05,0.0001238434588587549,0.00010453958482035741,3,607.067264150716,0.1015625,128
bayesfl_observability_v1,ola_sparse_bayesian_keep010_seed42,40,ola,global,,,layers.0.bias,raw,3,0.0001238434588587549,0.00016245120693554987,0.00014314733289715238,1,202.3557547169054,0.109375,128
bayesfl_observability_v1,ola_sparse_bayesian_keep010_seed42,40,ola,global,,,layers.0.bias,raw,4,0.00016245120693554987,0.00020105895501234484,0.00018175508097394735,8,1618.8460377352433,0.171875,128
bayesfl_observability_v1,ola_sparse_bayesian_keep010_seed42,40,ola,global,,,layers.0.bias,raw,5,0.00020105895501234484,0.00023966670308913984,0.00022036282905074232,4,809.4230188676211,0.203125,128
bayesfl_observability_v1,ola_sparse_bayesian_keep010_seed42,40,ola,global,,,layers.0.bias,raw,6,0.00023966670308913984,0.0002782744511659348,0.00025897057712753735,2,404.7115094338108,0.21875,128
bayesfl_observability_v1,ola_sparse_bayesian_keep010_seed42,40,ola,global,,,layers.0.bias,raw,7,0.0002782744511659348,0.0003168821992427298,0.00029757832520433227,2,404.7115094338108,0.234375,128
bayesfl_observability_v1,ola_sparse_bayesian_keep010_seed42,40,ola,global,,,layers.0.bias,raw,8,0.0003168821992427298,0.00035548994731952476,0.0003361860732811273,2,404.7115094338108,0.25,128
bayesfl_observability_v1,ola_sparse_bayesian_keep010_seed42,40,ola,global,,,layers.0.bias,raw,9,0.00035548994731952476,0.00039409769539631973,0.0003747938213579222,5,1011.778773584527,0.2890625,128
bayesfl_observability_v1,ola_sparse_bayesian_keep010_seed42,40,ola,global,,,layers.0.bias,raw,10,0.00039409769539631973,0.0004327054434731147,0.00041340156943471724,8,1618.8460377352433,0.3515625,128
bayesfl_observability_v1,ola_sparse_bayesian_keep010_seed42,40,ola,global,,,layers.0.bias,raw,11,0.0004327054434731147,0.00047131319154990973,0.0004520093175115122,3,607.0672641507153,0.375,128
bayesfl_observability_v1,ola_sparse_bayesian_keep010_seed42,40,ola,global,,,layers.0.bias,raw,12,0.00047131319154990973,0.0005099209396267046,0.0004906170655883072,2,404.7115094338114,0.390625,128
bayesfl_observability_v1,ola_sparse_bayesian_keep010_seed42,40,ola,global,,,layers.0.bias,raw,13,0.0005099209396267046,0.0005485286877034997,0.0005292248136651021,4,809.4230188676205,0.421875,128
bayesfl_observability_v1,ola_sparse_bayesian_keep010_seed42,40,ola,global,,,layers.0.bias,raw,14,0.0005485286877034997,0.0005871364357802946,0.0005678325617418971,5,1011.7787735845285,0.4609375,128
bayesfl_observability_v1,ola_sparse_bayesian_keep010_seed42,40,ola,global,,,layers.0.bias,raw,15,0.0005871364357802946,0.0006257441838570896,0.0006064403098186922,1,202.35575471690512,0.46875,128
bayesfl_observability_v1,ola_sparse_bayesian_keep010_seed42,40,ola,global,,,layers.0.bias,raw,16,0.0006257441838570896,0.0006643519319338846,0.0006450480578954871,2,404.71150943381025,0.484375,128
bayesfl_observability_v1,ola_sparse_bayesian_keep010_seed42,40,ola,global,,,layers.0.bias,raw,17,0.0006643519319338846,0.0007029596800106796,0.0006836558059722821,4,809.4230188676228,0.515625,128
bayesfl_observability_v1,ola_sparse_bayesian_keep010_seed42,40,ola,global,,,layers.0.bias,raw,18,0.0007029596800106796,0.0007415674280874746,0.0007222635540490771,3,607.0672641507153,0.5390625,128
bayesfl_observability_v1,ola_sparse_bayesian_keep010_seed42,40,ola,global,,,layers.0.bias,raw,19,0.0007415674280874746,0.0007801751761642695,0.000760871302125872,3,607.067264150717,0.5625,128
bayesfl_observability_v1,ola_sparse_bayesian_keep010_seed42,40,ola,global,,,layers.0.bias,raw,20,0.0007801751761642695,0.0008187829242410645,0.000799479050202667,3,607.0672641507153,0.5859375,128
bayesfl_observability_v1,ola_sparse_bayesian_keep010_seed42,40,ola,global,,,layers.0.bias,raw,21,0.0008187829242410645,0.0008573906723178595,0.000838086798279462,3,607.067264150717,0.609375,128
bayesfl_observability_v1,ola_sparse_bayesian_keep010_seed42,40,ola,global,,,layers.0.bias,raw,22,0.0008573906723178595,0.0008959984203946545,0.000876694546356257,3,607.0672641507153,0.6328125,128
bayesfl_observability_v1,ola_sparse_bayesian_keep010_seed42,40,ola,global,,,layers.0.bias,raw,23,0.0008959984203946545,0.0009346061684714495,0.0009153022944330519,5,1011.7787735845257,0.671875,128
bayesfl_observability_v1,ola_sparse_bayesian_keep010_seed42,40,ola,global,,,layers.0.bias,raw,24,0.0009346061684714495,0.0009732139165482444,0.000953910042509847,3,607.067264150717,0.6953125,128
bayesfl_observability_v1,ola_sparse_bayesian_keep010_seed42,40,ola,global,,,layers.0.bias,raw,25,0.0009732139165482444,0.0010118216646250392,0.0009925177905866418,3,607.0672641507188,0.71875,128
bayesfl_observability_v1,ola_sparse_bayesian_keep010_seed42,40,ola,global,,,layers.0.bias,raw,26,0.0010118216646250392,0.0010504294127018344,0.0010311255386634367,1,202.35575471690456,0.7265625,128
bayesfl_observability_v1,ola_sparse_bayesian_keep010_seed42,40,ola,global,,,layers.0.bias,raw,27,0.0010504294127018344,0.0010890371607786293,0.0010697332867402318,2,404.7115094338114,0.7421875,128
bayesfl_observability_v1,ola_sparse_bayesian_keep010_seed42,40,ola,global,,,layers.0.bias,raw,28,0.0010890371607786293,0.0011276449088554242,0.0011083410348170267,1,202.3557547169057,0.75,128
bayesfl_observability_v1,ola_sparse_bayesian_keep010_seed42,40,ola,global,,,layers.0.bias,raw,29,0.0011276449088554242,0.0011662526569322191,0.0011469487828938217,2,404.7115094338114,0.765625,128
bayesfl_observability_v1,ola_sparse_bayesian_keep010_seed42,40,ola,global,,,layers.0.bias,raw,30,0.0011662526569322191,0.0012048604050090143,0.0011855565309706168,2,404.7115094338091,0.78125,128
bayesfl_observability_v1,ola_sparse_bayesian_keep010_seed42,40,ola,global,,,layers.0.bias,raw,31,0.0012048604050090143,0.0012434681530858092,0.0012241642790474117,5,1011.7787735845285,0.8203125,128
bayesfl_observability_v1,ola_sparse_bayesian_keep010_seed42,40,ola,global,,,layers.0.bias,raw,32,0.0012434681530858092,0.001282075901162604,0.0012627720271242066,1,202.3557547169057,0.828125,128
bayesfl_observability_v1,ola_sparse_bayesian_keep010_seed42,40,ola,global,,,layers.0.bias,raw,33,0.001282075901162604,0.0013206836492393992,0.0013013797752010016,1,202.35575471690456,0.8359375,128
bayesfl_observability_v1,ola_sparse_bayesian_keep010_seed42,40,ola,global,,,layers.0.bias,raw,34,0.0013206836492393992,0.0013592913973161942,0.0013399875232777967,2,404.7115094338114,0.8515625,128
bayesfl_observability_v1,ola_sparse_bayesian_keep010_seed42,40,ola,global,,,layers.0.bias,raw,35,0.0013592913973161942,0.001397899145392989,0.0013785952713545916,2,404.7115094338114,0.8671875,128
bayesfl_observability_v1,ola_sparse_bayesian_keep010_seed42,40,ola,global,,,layers.0.bias,raw,36,0.001397899145392989,0.001436506893469784,0.0014172030194313865,3,607.067264150717,0.890625,128
bayesfl_observability_v1,ola_sparse_bayesian_keep010_seed42,40,ola,global,,,layers.0.bias,raw,37,0.001436506893469784,0.0014751146415465791,0.0014558107675081817,0,0.0,0.890625,128
bayesfl_observability_v1,ola_sparse_bayesian_keep010_seed42,40,ola,global,,,layers.0.bias,raw,38,0.0014751146415465791,0.001513722389623374,0.0014944185155849766,0,0.0,0.890625,128
bayesfl_observability_v1,ola_sparse_bayesian_keep010_seed42,40,ola,global,,,layers.0.bias,raw,39,0.001513722389623374,0.001552330137700169,0.0015330262636617715,1,202.3557547169057,0.8984375,128
bayesfl_observability_v1,ola_sparse_bayesian_keep010_seed42,40,ola,global,,,layers.0.bias,raw,40,0.001552330137700169,0.001590937885776964,0.0015716340117385664,1,202.35575471690456,0.90625,128
bayesfl_observability_v1,ola_sparse_bayesian_keep010_seed42,40,ola,global,,,layers.0.bias,raw,41,0.001590937885776964,0.001629545633853759,0.0016102417598153616,3,607.067264150717,0.9296875,128
bayesfl_observability_v1,ola_sparse_bayesian_keep010_seed42,40,ola,global,,,layers.0.bias,raw,42,0.001629545633853759,0.001668153381930554,0.0016488495078921565,0,0.0,0.9296875,128
bayesfl_observability_v1,ola_sparse_bayesian_keep010_seed42,40,ola,global,,,layers.0.bias,raw,43,0.001668153381930554,0.0017067611300073489,0.0016874572559689514,1,202.3557547169057,0.9375,128
bayesfl_observability_v1,ola_sparse_bayesian_keep010_seed42,40,ola,global,,,layers.0.bias,raw,44,0.0017067611300073489,0.001745368878084144,0.0017260650040457465,3,607.0672641507136,0.9609375,128
bayesfl_observability_v1,ola_sparse_bayesian_keep010_seed42,40,ola,global,,,layers.0.bias,raw,45,0.001745368878084144,0.001783976626160939,0.0017646727521225414,1,202.3557547169057,0.96875,128
bayesfl_observability_v1,ola_sparse_bayesian_keep010_seed42,40,ola,global,,,layers.0.bias,raw,46,0.001783976626160939,0.0018225843742377338,0.0018032805001993364,1,202.3557547169057,0.9765625,128
bayesfl_observability_v1,ola_sparse_bayesian_keep010_seed42,40,ola,global,,,layers.0.bias,raw,47,0.0018225843742377338,0.001861192122314529,0.0018418882482761313,0,0.0,0.9765625,128
bayesfl_observability_v1,ola_sparse_bayesian_keep010_seed42,40,ola,global,,,layers.0.bias,raw,48,0.001861192122314529,0.0018997998703913239,0.0018804959963529264,1,202.3557547169057,0.984375,128
bayesfl_observability_v1,ola_sparse_bayesian_keep010_seed42,40,ola,global,,,layers.0.bias,raw,49,0.0018997998703913239,0.0019384076184681188,0.0019191037444297213,0,0.0,0.984375,128
bayesfl_observability_v1,ola_sparse_bayesian_keep010_seed42,40,ola,global,,,layers.0.bias,raw,50,0.0019384076184681188,0.0019770153665449137,0.0019577114925065165,0,0.0,0.984375,128
bayesfl_observability_v1,ola_sparse_bayesian_keep010_seed42,40,ola,global,,,layers.0.bias,raw,51,0.0019770153665449137,0.0020156231146217086,0.001996319240583311,0,0.0,0.984375,128
bayesfl_observability_v1,ola_sparse_bayesian_keep010_seed42,40,ola,global,,,layers.0.bias,raw,52,0.0020156231146217086,0.0020542308626985036,0.0020349269886601063,1,202.3557547169057,0.9921875,128
bayesfl_observability_v1,ola_sparse_bayesian_keep010_seed42,40,ola,global,,,layers.0.bias,raw,53,0.0020542308626985036,0.002092838610775299,0.0020735347367369012,0,0.0,0.9921875,128
bayesfl_observability_v1,ola_sparse_bayesian_keep010_seed42,40,ola,global,,,layers.0.bias,raw,54,0.002092838610775299,0.002131446358852094,0.002112142484813696,0,0.0,0.9921875,128
bayesfl_observability_v1,ola_sparse_bayesian_keep010_seed42,40,ola,global,,,layers.0.bias,raw,55,0.002131446358852094,0.0021700541069288887,0.0021507502328904915,0,0.0,0.9921875,128
bayesfl_observability_v1,ola_sparse_bayesian_keep010_seed42,40,ola,global,,,layers.0.bias,raw,56,0.0021700541069288887,0.0022086618550056837,0.002189357980967286,0,0.0,0.9921875,128
bayesfl_observability_v1,ola_sparse_bayesian_keep010_seed42,40,ola,global,,,layers.0.bias,raw,57,0.0022086618550056837,0.0022472696030824786,0.0022279657290440813,0,0.0,0.9921875,128
bayesfl_observability_v1,ola_sparse_bayesian_keep010_seed42,40,ola,global,,,layers.0.bias,raw,58,0.0022472696030824786,0.0022858773511592735,0.002266573477120876,0,0.0,0.9921875,128
bayesfl_observability_v1,ola_sparse_bayesian_keep010_seed42,40,ola,global,,,layers.0.bias,raw,59,0.0022858773511592735,0.0023244850992360684,0.002305181225197671,0,0.0,0.9921875,128
bayesfl_observability_v1,ola_sparse_bayesian_keep010_seed42,40,ola,global,,,layers.0.bias,raw,60,0.0023244850992360684,0.0023630928473128638,0.002343788973274466,0,0.0,0.9921875,128
bayesfl_observability_v1,ola_sparse_bayesian_keep010_seed42,40,ola,global,,,layers.0.bias,raw,61,0.0023630928473128638,0.0024017005953896587,0.002382396721351261,0,0.0,0.9921875,128
bayesfl_observability_v1,ola_sparse_bayesian_keep010_seed42,40,ola,global,,,layers.0.bias,raw,62,0.0024017005953896587,0.0024403083434664536,0.0024210044694280564,0,0.0,0.9921875,128
bayesfl_observability_v1,ola_sparse_bayesian_keep010_seed42,40,ola,global,,,layers.0.bias,raw,63,0.0024403083434664536,0.0024789160915432485,0.002459612217504851,0,0.0,0.9921875,128
bayesfl_observability_v1,ola_sparse_bayesian_keep010_seed42,40,ola,global,,,layers.0.bias,raw,64,0.0024789160915432485,0.0025175238396200434,0.002498219965581646,0,0.0,0.9921875,128
bayesfl_observability_v1,ola_sparse_bayesian_keep010_seed42,40,ola,global,,,layers.0.bias,raw,65,0.0025175238396200434,0.0025561315876968384,0.0025368277136584407,0,0.0,0.9921875,128
bayesfl_observability_v1,ola_sparse_bayesian_keep010_seed42,40,ola,global,,,layers.0.bias,raw,66,0.0025561315876968384,0.0025947393357736333,0.002575435461735236,0,0.0,0.9921875,128
bayesfl_observability_v1,ola_sparse_bayesian_keep010_seed42,40,ola,global,,,layers.0.bias,raw,67,0.0025947393357736333,0.0026333470838504286,0.002614043209812031,0,0.0,0.9921875,128
bayesfl_observability_v1,ola_sparse_bayesian_keep010_seed42,40,ola,global,,,layers.0.bias,raw,68,0.0026333470838504286,0.0026719548319272235,0.002652650957888826,0,0.0,0.9921875,128
bayesfl_observability_v1,ola_sparse_bayesian_keep010_seed42,40,ola,global,,,layers.0.bias,raw,69,0.0026719548319272235,0.0027105625800040185,0.0026912587059656212,0,0.0,0.9921875,128
bayesfl_observability_v1,ola_sparse_bayesian_keep010_seed42,40,ola,global,,,layers.0.bias,raw,70,0.0027105625800040185,0.0027491703280808134,0.0027298664540424157,0,0.0,0.9921875,128
bayesfl_observability_v1,ola_sparse_bayesian_keep010_seed42,40,ola,global,,,layers.0.bias,raw,71,0.0027491703280808134,0.0027877780761576083,0.002768474202119211,0,0.0,0.9921875,128
bayesfl_observability_v1,ola_sparse_bayesian_keep010_seed42,40,ola,global,,,layers.0.bias,raw,72,0.0027877780761576083,0.0028263858242344032,0.0028070819501960055,0,0.0,0.9921875,128
bayesfl_observability_v1,ola_sparse_bayesian_keep010_seed42,40,ola,global,,,layers.0.bias,raw,73,0.0028263858242344032,0.002864993572311198,0.002845689698272801,0,0.0,0.9921875,128
bayesfl_observability_v1,ola_sparse_bayesian_keep010_seed42,40,ola,global,,,layers.0.bias,raw,74,0.002864993572311198,0.0029036013203879935,0.002884297446349596,0,0.0,0.9921875,128
bayesfl_observability_v1,ola_sparse_bayesian_keep010_seed42,40,ola,global,,,layers.0.bias,raw,75,0.0029036013203879935,0.0029422090684647884,0.0029229051944263907,0,0.0,0.9921875,128
bayesfl_observability_v1,ola_sparse_bayesian_keep010_seed42,40,ola,global,,,layers.0.bias,raw,76,0.0029422090684647884,0.0029808168165415833,0.002961512942503186,0,0.0,0.9921875,128
bayesfl_observability_v1,ola_sparse_bayesian_keep010_seed42,40,ola,global,,,layers.0.bias,raw,77,0.0029808168165415833,0.0030194245646183782,0.0030001206905799806,0,0.0,0.9921875,128
bayesfl_observability_v1,ola_sparse_bayesian_keep010_seed42,40,ola,global,,,layers.0.bias,raw,78,0.0030194245646183782,0.003058032312695173,0.003038728438656776,0,0.0,0.9921875,128
bayesfl_observability_v1,ola_sparse_bayesian_keep010_seed42,40,ola,global,,,layers.0.bias,raw,79,0.003058032312695173,0.003096640060771968,0.0030773361867335704,1,202.3557547169057,1.0,128
bayesfl_observability_v1,ola_sparse_bayesian_keep010_seed42,40,ola,global,,,layers.0.bias,db,0,-101.91627910575731,-101.26960293492702,-101.59294102034217,1,0.012081008010499696,0.0078125,128
bayesfl_observability_v1,ola_sparse_bayesian_keep010_seed42,40,ola,global,,,layers.0.bias,db,1,-101.26960293492702,-100.62292676409672,-100.94626484951186,0,0.0,0.0078125,128
bayesfl_observability_v1,ola_sparse_bayesian_keep010_seed42,40,ola,global,,,layers.0.bias,db,2,-100.62292676409672,-99.97625059326643,-100.29958867868157,0,0.0,0.0078125,128
bayesfl_observability_v1,ola_sparse_bayesian_keep010_seed42,40,ola,global,,,layers.0.bias,db,3,-99.97625059326643,-99.32957442243614,-99.65291250785128,0,0.0,0.0078125,128
bayesfl_observability_v1,ola_sparse_bayesian_keep010_seed42,40,ola,global,,,layers.0.bias,db,4,-99.32957442243614,-98.68289825160583,-99.006236337021,0,0.0,0.0078125,128
bayesfl_observability_v1,ola_sparse_bayesian_keep010_seed42,40,ola,global,,,layers.0.bias,db,5,-98.68289825160583,-98.03622208077554,-98.35956016619069,0,0.0,0.0078125,128
bayesfl_observability_v1,ola_sparse_bayesian_keep010_seed42,40,ola,global,,,layers.0.bias,db,6,-98.03622208077554,-97.38954590994524,-97.71288399536039,0,0.0,0.0078125,128
bayesfl_observability_v1,ola_sparse_bayesian_keep010_seed42,40,ola,global,,,layers.0.bias,db,7,-97.38954590994524,-96.74286973911495,-97.0662078245301,0,0.0,0.0078125,128
bayesfl_observability_v1,ola_sparse_bayesian_keep010_seed42,40,ola,global,,,layers.0.bias,db,8,-96.74286973911495,-96.09619356828466,-96.4195316536998,0,0.0,0.0078125,128
bayesfl_observability_v1,ola_sparse_bayesian_keep010_seed42,40,ola,global,,,layers.0.bias,db,9,-96.09619356828466,-95.44951739745436,-95.77285548286952,0,0.0,0.0078125,128
bayesfl_observability_v1,ola_sparse_bayesian_keep010_seed42,40,ola,global,,,layers.0.bias,db,10,-95.44951739745436,-94.80284122662407,-95.12617931203921,0,0.0,0.0078125,128
bayesfl_observability_v1,ola_sparse_bayesian_keep010_seed42,40,ola,global,,,layers.0.bias,db,11,-94.80284122662407,-94.15616505579378,-94.47950314120892,0,0.0,0.0078125,128
bayesfl_observability_v1,ola_sparse_bayesian_keep010_seed42,40,ola,global,,,layers.0.bias,db,12,-94.15616505579378,-93.50948888496347,-93.83282697037862,0,0.0,0.0078125,128
bayesfl_observability_v1,ola_sparse_bayesian_keep010_seed42,40,ola,global,,,layers.0.bias,db,13,-93.50948888496347,-92.86281271413318,-93.18615079954833,0,0.0,0.0078125,128
bayesfl_observability_v1,ola_sparse_bayesian_keep010_seed42,40,ola,global,,,layers.0.bias,db,14,-92.86281271413318,-92.2161365433029,-92.53947462871804,0,0.0,0.0078125,128
bayesfl_observability_v1,ola_sparse_bayesian_keep010_seed42,40,ola,global,,,layers.0.bias,db,15,-92.2161365433029,-91.56946037247259,-91.89279845788775,2,0.02416201602099886,0.0234375,128
bayesfl_observability_v1,ola_sparse_bayesian_keep010_seed42,40,ola,global,,,layers.0.bias,db,16,-91.56946037247259,-90.9227842016423,-91.24612228705745,1,0.012081008010499696,0.03125,128
bayesfl_observability_v1,ola_sparse_bayesian_keep010_seed42,40,ola,global,,,layers.0.bias,db,17,-90.9227842016423,-90.276108030812,-90.59944611622714,0,0.0,0.03125,128
bayesfl_observability_v1,ola_sparse_bayesian_keep010_seed42,40,ola,global,,,layers.0.bias,db,18,-90.276108030812,-89.62943185998171,-89.95276994539685,0,0.0,0.03125,128
bayesfl_observability_v1,ola_sparse_bayesian_keep010_seed42,40,ola,global,,,layers.0.bias,db,19,-89.62943185998171,-88.98275568915142,-89.30609377456656,0,0.0,0.03125,128
bayesfl_observability_v1,ola_sparse_bayesian_keep010_seed42,40,ola,global,,,layers.0.bias,db,20,-88.98275568915142,-88.33607951832113,-88.65941760373627,0,0.0,0.03125,128
bayesfl_observability_v1,ola_sparse_bayesian_keep010_seed42,40,ola,global,,,layers.0.bias,db,21,-88.33607951832113,-87.68940334749082,-88.01274143290598,0,0.0,0.03125,128
bayesfl_observability_v1,ola_sparse_bayesian_keep010_seed42,40,ola,global,,,layers.0.bias,db,22,-87.68940334749082,-87.04272717666053,-87.36606526207568,1,0.012081008010499696,0.0390625,128
bayesfl_observability_v1,ola_sparse_bayesian_keep010_seed42,40,ola,global,,,layers.0.bias,db,23,-87.04272717666053,-86.39605100583023,-86.71938909124538,2,0.02416201602099886,0.0546875,128
bayesfl_observability_v1,ola_sparse_bayesian_keep010_seed42,40,ola,global,,,layers.0.bias,db,24,-86.39605100583023,-85.74937483499994,-86.07271292041509,0,0.0,0.0546875,128
bayesfl_observability_v1,ola_sparse_bayesian_keep010_seed42,40,ola,global,,,layers.0.bias,db,25,-85.74937483499994,-85.10269866416965,-85.4260367495848,1,0.012081008010499696,0.0625,128
bayesfl_observability_v1,ola_sparse_bayesian_keep010_seed42,40,ola,global,,,layers.0.bias,db,26,-85.10269866416965,-84.45602249333935,-84.7793605787545,0,0.0,0.0625,128
bayesfl_observability_v1,ola_sparse_bayesian_keep010_seed42,40,ola,global,,,layers.0.bias,db,27,-84.45602249333935,-83.80934632250906,-84.1326844079242,0,0.0,0.0625,128
bayesfl_observability_v1,ola_sparse_bayesian_keep010_seed42,40,ola,global,,,layers.0.bias,db,28,-83.80934632250906,-83.16267015167875,-83.4860082370939,0,0.0,0.0625,128
bayesfl_observability_v1,ola_sparse_bayesian_keep010_seed42,40,ola,global,,,layers.0.bias,db,29,-83.16267015167875,-82.51599398084846,-82.83933206626361,0,0.0,0.0625,128
bayesfl_observability_v1,ola_sparse_bayesian_keep010_seed42,40,ola,global,,,layers.0.bias,db,30,-82.51599398084846,-81.86931781001817,-82.19265589543332,1,0.012081008010499696,0.0703125,128
bayesfl_observability_v1,ola_sparse_bayesian_keep010_seed42,40,ola,global,,,layers.0.bias,db,31,-81.86931781001817,-81.22264163918788,-81.54597972460303,1,0.012081008010499696,0.078125,128
bayesfl_observability_v1,ola_sparse_bayesian_keep010_seed42,40,ola,global,,,layers.0.bias,db,32,-81.22264163918788,-80.57596546835758,-80.89930355377274,1,0.01208100801049943,0.0859375,128
bayesfl_observability_v1,ola_sparse_bayesian_keep010_seed42,40,ola,global,,,layers.0.bias,db,33,-80.57596546835758,-79.92928929752729,-80.25262738294244,0,0.0,0.0859375,128
bayesfl_observability_v1,ola_sparse_bayesian_keep010_seed42,40,ola,global,,,layers.0.bias,db,34,-79.92928929752729,-79.28261312669699,-79.60595121211213,0,0.0,0.0859375,128
bayesfl_observability_v1,ola_sparse_bayesian_keep010_seed42,40,ola,global,,,layers.0.bias,db,35,-79.28261312669699,-78.6359369558667,-78.95927504128184,2,0.02416201602099939,0.1015625,128
bayesfl_observability_v1,ola_sparse_bayesian_keep010_seed42,40,ola,global,,,layers.0.bias,db,36,-78.6359369558667,-77.98926078503641,-78.31259887045155,0,0.0,0.1015625,128
bayesfl_observability_v1,ola_sparse_bayesian_keep010_seed42,40,ola,global,,,layers.0.bias,db,37,-77.98926078503641,-77.3425846142061,-77.66592269962126,0,0.0,0.1015625,128
bayesfl_observability_v1,ola_sparse_bayesian_keep010_seed42,40,ola,global,,,layers.0.bias,db,38,-77.3425846142061,-76.69590844337581,-77.01924652879096,0,0.0,0.1015625,128
bayesfl_observability_v1,ola_sparse_bayesian_keep010_seed42,40,ola,global,,,layers.0.bias,db,39,-76.69590844337581,-76.04923227254551,-76.37257035796065,1,0.01208100801049943,0.109375,128
bayesfl_observability_v1,ola_sparse_bayesian_keep010_seed42,40,ola,global,,,layers.0.bias,db,40,-76.04923227254551,-75.40255610171522,-75.72589418713036,1,0.012081008010499696,0.1171875,128
bayesfl_observability_v1,ola_sparse_bayesian_keep010_seed42,40,ola,global,,,layers.0.bias,db,41,-75.40255610171522,-74.75587993088493,-75.07921801630008,3,0.03624302403149909,0.140625,128
bayesfl_observability_v1,ola_sparse_bayesian_keep010_seed42,40,ola,global,,,layers.0.bias,db,42,-74.75587993088493,-74.10920376005464,-74.43254184546979,3,0.03624302403149909,0.1640625,128
bayesfl_observability_v1,ola_sparse_bayesian_keep010_seed42,40,ola,global,,,layers.0.bias,db,43,-74.10920376005464,-73.46252758922434,-73.7858656746395,2,0.02416201602099886,0.1796875,128
bayesfl_observability_v1,ola_sparse_bayesian_keep010_seed42,40,ola,global,,,layers.0.bias,db,44,-73.46252758922434,-72.81585141839405,-73.13918950380919,0,0.0,0.1796875,128
bayesfl_observability_v1,ola_sparse_bayesian_keep010_seed42,40,ola,global,,,layers.0.bias,db,45,-72.81585141839405,-72.16917524756374,-72.49251333297889,3,0.03624302403149829,0.203125,128
bayesfl_observability_v1,ola_sparse_bayesian_keep010_seed42,40,ola,global,,,layers.0.bias,db,46,-72.16917524756374,-71.52249907673345,-71.8458371621486,2,0.02416201602099939,0.21875,128
bayesfl_observability_v1,ola_sparse_bayesian_keep010_seed42,40,ola,global,,,layers.0.bias,db,47,-71.52249907673345,-70.87582290590316,-71.19916099131831,1,0.012081008010499696,0.2265625,128
bayesfl_observability_v1,ola_sparse_bayesian_keep010_seed42,40,ola,global,,,layers.0.bias,db,48,-70.87582290590316,-70.22914673507287,-70.55248482048802,1,0.012081008010499696,0.234375,128
bayesfl_observability_v1,ola_sparse_bayesian_keep010_seed42,40,ola,global,,,layers.0.bias,db,49,-70.22914673507287,-69.58247056424257,-69.90580864965773,1,0.01208100801049943,0.2421875,128
bayesfl_observability_v1,ola_sparse_bayesian_keep010_seed42,40,ola,global,,,layers.0.bias,db,50,-69.58247056424257,-68.93579439341227,-69.25913247882741,1,0.01208100801049943,0.25,128
bayesfl_observability_v1,ola_sparse_bayesian_keep010_seed42,40,ola,global,,,layers.0.bias,db,51,-68.93579439341227,-68.28911822258198,-68.61245630799712,4,0.04832403204199878,0.28125,128
bayesfl_observability_v1,ola_sparse_bayesian_keep010_seed42,40,ola,global,,,layers.0.bias,db,52,-68.28911822258198,-67.64244205175169,-67.96578013716683,3,0.03624302403149909,0.3046875,128
bayesfl_observability_v1,ola_sparse_bayesian_keep010_seed42,40,ola,global,,,layers.0.bias,db,53,-67.64244205175169,-66.9957658809214,-67.31910396633654,8,0.09664806408399756,0.3671875,128
bayesfl_observability_v1,ola_sparse_bayesian_keep010_seed42,40,ola,global,,,layers.0.bias,db,54,-66.9957658809214,-66.34908971009109,-66.67242779550625,1,0.01208100801049943,0.375,128
bayesfl_observability_v1,ola_sparse_bayesian_keep010_seed42,40,ola,global,,,layers.0.bias,db,55,-66.34908971009109,-65.7024135392608,-66.02575162467595,3,0.03624302403149909,0.3984375,128
bayesfl_observability_v1,ola_sparse_bayesian_keep010_seed42,40,ola,global,,,layers.0.bias,db,56,-65.7024135392608,-65.0557373684305,-65.37907545384564,5,0.06040504005249715,0.4375,128
bayesfl_observability_v1,ola_sparse_bayesian_keep010_seed42,40,ola,global,,,layers.0.bias,db,57,-65.0557373684305,-64.40906119760021,-64.73239928301535,4,0.04832403204199878,0.46875,128
bayesfl_observability_v1,ola_sparse_bayesian_keep010_seed42,40,ola,global,,,layers.0.bias,db,58,-64.40906119760021,-63.76238502676992,-64.08572311218506,1,0.012081008010499696,0.4765625,128
bayesfl_observability_v1,ola_sparse_bayesian_keep010_seed42,40,ola,global,,,layers.0.bias,db,59,-63.76238502676992,-63.11570885593962,-63.439046941354775,5,0.06040504005249782,0.515625,128
bayesfl_observability_v1,ola_sparse_bayesian_keep010_seed42,40,ola,global,,,layers.0.bias,db,60,-63.11570885593962,-62.469032685109326,-62.79237077052447,3,0.03624302403149869,0.5390625,128
bayesfl_observability_v1,ola_sparse_bayesian_keep010_seed42,40,ola,global,,,layers.0.bias,db,61,-62.469032685109326,-61.82235651427903,-62.14569459969418,5,0.06040504005249782,0.578125,128
bayesfl_observability_v1,ola_sparse_bayesian_keep010_seed42,40,ola,global,,,layers.0.bias,db,62,-61.82235651427903,-61.17568034344874,-61.499018428863884,5,0.06040504005249848,0.6171875,128
bayesfl_observability_v1,ola_sparse_bayesian_keep010_seed42,40,ola,global,,,layers.0.bias,db,63,-61.17568034344874,-60.52900417261844,-60.85234225803359,7,0.08456705607349695,0.671875,128
bayesfl_observability_v1,ola_sparse_bayesian_keep010_seed42,40,ola,global,,,layers.0.bias,db,64,-60.52900417261844,-59.882328001788146,-60.2056660872033,6,0.07248604806299738,0.71875,128
bayesfl_observability_v1,ola_sparse_bayesian_keep010_seed42,40,ola,global,,,layers.0.bias,db,65,-59.882328001788146,-59.235651830957856,-59.558989916373,3,0.03624302403149909,0.7421875,128
bayesfl_observability_v1,ola_sparse_bayesian_keep010_seed42,40,ola,global,,,layers.0.bias,db,66,-59.235651830957856,-58.58897566012756,-58.912313745542704,5,0.06040504005249782,0.78125,128
bayesfl_observability_v1,ola_sparse_bayesian_keep010_seed42,40,ola,global,,,layers.0.bias,db,67,-58.58897566012756,-57.94229948929726,-58.265637574712414,6,0.07248604806299738,0.828125,128
bayesfl_observability_v1,ola_sparse_bayesian_keep010_seed42,40,ola,global,,,layers.0.bias,db,68,-57.94229948929726,-57.295623318466966,-57.61896140388211,3,0.03624302403149869,0.8515625,128
bayesfl_observability_v1,ola_sparse_bayesian_keep010_seed42,40,ola,global,,,layers.0.bias,db,69,-57.295623318466966,-56.648947147636676,-56.97228523305182,5,0.06040504005249848,0.890625,128
bayesfl_observability_v1,ola_sparse_bayesian_keep010_seed42,40,ola,global,,,layers.0.bias,db,70,-56.648947147636676,-56.00227097680638,-56.32560906222153,2,0.024162016020999127,0.90625,128
bayesfl_observability_v1,ola_sparse_bayesian_keep010_seed42,40,ola,global,,,layers.0.bias,db,71,-56.00227097680638,-55.35559480597608,-55.67893289139123,4,0.048324032041998255,0.9375,128
bayesfl_observability_v1,ola_sparse_bayesian_keep010_seed42,40,ola,global,,,layers.0.bias,db,72,-55.35559480597608,-54.70891863514579,-55.03225672056094,5,0.06040504005249848,0.9765625,128
bayesfl_observability_v1,ola_sparse_bayesian_keep010_seed42,40,ola,global,,,layers.0.bias,db,73,-54.70891863514579,-54.062242464315496,-54.38558054973065,1,0.012081008010499564,0.984375,128
bayesfl_observability_v1,ola_sparse_bayesian_keep010_seed42,40,ola,global,,,layers.0.bias,db,74,-54.062242464315496,-53.4155662934852,-53.738904378900344,1,0.012081008010499564,0.9921875,128
bayesfl_observability_v1,ola_sparse_bayesian_keep010_seed42,40,ola,global,,,layers.0.bias,db,75,-53.4155662934852,-52.7688901226549,-53.092228208070054,0,0.0,0.9921875,128
bayesfl_observability_v1,ola_sparse_bayesian_keep010_seed42,40,ola,global,,,layers.0.bias,db,76,-52.7688901226549,-52.12221395182461,-52.44555203723976,0,0.0,0.9921875,128
bayesfl_observability_v1,ola_sparse_bayesian_keep010_seed42,40,ola,global,,,layers.0.bias,db,77,-52.12221395182461,-51.475537780994316,-51.79887586640946,0,0.0,0.9921875,128
bayesfl_observability_v1,ola_sparse_bayesian_keep010_seed42,40,ola,global,,,layers.0.bias,db,78,-51.475537780994316,-50.82886161016402,-51.15219969557917,0,0.0,0.9921875,128
bayesfl_observability_v1,ola_sparse_bayesian_keep010_seed42,40,ola,global,,,layers.0.bias,db,79,-50.82886161016402,-50.18218543933372,-50.50552352474887,1,0.012081008010499564,1.0,128
bayesfl_observability_v1,ola_sparse_bayesian_keep010_seed42,40,ola,global,,,layers.1.weight,raw,0,4.4151030786644434e-07,0.0008394069681910882,0.00041992423924947734,139,129.43768897707767,0.10859375,1280
bayesfl_observability_v1,ola_sparse_bayesian_keep010_seed42,40,ola,global,,,layers.1.weight,raw,1,0.0008394069681910882,0.0016783724260743098,0.001258889697132699,124,115.4695930442995,0.20546875,1280
bayesfl_observability_v1,ola_sparse_bayesian_keep010_seed42,40,ola,global,,,layers.1.weight,raw,2,0.0016783724260743098,0.002517337883957532,0.0020978551550159207,116,108.01994188015108,0.29609375,1280
bayesfl_observability_v1,ola_sparse_bayesian_keep010_seed42,40,ola,global,,,layers.1.weight,raw,3,0.002517337883957532,0.0033563033418407533,0.0029368206128991426,127,118.26321223085516,0.3953125,1280
bayesfl_observability_v1,ola_sparse_bayesian_keep010_seed42,40,ola,global,,,layers.1.weight,raw,4,0.0033563033418407533,0.004195268799723975,0.003775786070782364,109,101.50149711152136,0.48046875,1280
bayesfl_observability_v1,ola_sparse_bayesian_keep010_seed42,40,ola,global,,,layers.1.weight,raw,5,0.004195268799723975,0.005034234257607197,0.0046147515286655855,97,90.32702036529874,0.55625,1280
bayesfl_observability_v1,ola_sparse_bayesian_keep010_seed42,40,ola,global,,,layers.1.weight,raw,6,0.005034234257607197,0.005873199715490419,0.005453716986548808,86,80.08375001459484,0.6234375,1280
bayesfl_observability_v1,ola_sparse_bayesian_keep010_seed42,40,ola,global,,,layers.1.weight,raw,7,0.005873199715490419,0.00671216517337364,0.006292682444432029,74,68.9092732683723,0.68125,1280
bayesfl_observability_v1,ola_sparse_bayesian_keep010_seed42,40,ola,global,,,layers.1.weight,raw,8,0.00671216517337364,0.0075511306312568615,0.007131647902315251,46,42.83549419385305,0.7171875,1280
bayesfl_observability_v1,ola_sparse_bayesian_keep010_seed42,40,ola,global,,,layers.1.weight,raw,9,0.0075511306312568615,0.008390096089140082,0.007970613360198471,62,57.73479652214982,0.765625,1280
bayesfl_observability_v1,ola_sparse_bayesian_keep010_seed42,40,ola,global,,,layers.1.weight,raw,10,0.008390096089140082,0.009229061547023304,0.008809578818081693,38,35.385843029704695,0.7953125,1280
bayesfl_observability_v1,ola_sparse_bayesian_keep010_seed42,40,ola,global,,,layers.1.weight,raw,11,0.009229061547023304,0.010068027004906527,0.009648544275964916,27,25.14257267900065,0.81640625,1280
bayesfl_observability_v1,ola_sparse_bayesian_keep010_seed42,40,ola,global,,,layers.1.weight,raw,12,0.010068027004906527,0.010906992462789748,0.010487509733848138,30,27.93619186555634,0.83984375,1280
bayesfl_observability_v1,ola_sparse_bayesian_keep010_seed42,40,ola,global,,,layers.1.weight,raw,13,0.010906992462789748,0.01174595792067297,0.011326475191731359,22,20.486540701407982,0.85703125,1280
bayesfl_observability_v1,ola_sparse_bayesian_keep010_seed42,40,ola,global,,,layers.1.weight,raw,14,0.01174595792067297,0.012584923378556191,0.01216544064961458,15,13.96809593277817,0.86875,1280
bayesfl_observability_v1,ola_sparse_bayesian_keep010_seed42,40,ola,global,,,layers.1.weight,raw,15,0.012584923378556191,0.013423888836439413,0.013004406107497802,15,13.96809593277817,0.88046875,1280
bayesfl_observability_v1,ola_sparse_bayesian_keep010_seed42,40,ola,global,,,layers.1.weight,raw,16,0.013423888836439413,0.014262854294322634,0.013843371565381023,9,8.380857559666902,0.8875,1280
bayesfl_observability_v1,ola_sparse_bayesian_keep010_seed42,40,ola,global,,,layers.1.weight,raw,17,0.014262854294322634,0.015101819752205856,0.014682337023264245,13,12.10568314174108,0.89765625,1280
bayesfl_observability_v1,ola_sparse_bayesian_keep010_seed42,40,ola,global,,,layers.1.weight,raw,18,0.015101819752205856,0.015940785210089077,0.015521302481147466,17,15.830508723815258,0.9109375,1280
bayesfl_observability_v1,ola_sparse_bayesian_keep010_seed42,40,ola,global,,,layers.1.weight,raw,19,0.015940785210089077,0.0167797506679723,0.016360267939030688,10,9.312063955185446,0.91875,1280
bayesfl_observability_v1,ola_sparse_bayesian_keep010_seed42,40,ola,global,,,layers.1.weight,raw,20,0.0167797506679723,0.01761871612585552,0.01719923339691391,12,11.174476746222535,0.928125,1280
bayesfl_observability_v1,ola_sparse_bayesian_keep010_seed42,40,ola,global,,,layers.1.weight,raw,21,0.01761871612585552,0.01845768158373874,0.01803819885479713,8,7.4496511641483565,0.934375,1280
bayesfl_observability_v1,ola_sparse_bayesian_keep010_seed42,40,ola,global,,,layers.1.weight,raw,22,0.01845768158373874,0.019296647041621963,0.018877164312680352,6,5.587238373111267,0.9390625,1280
bayesfl_observability_v1,ola_sparse_bayesian_keep010_seed42,40,ola,global,,,layers.1.weight,raw,23,0.019296647041621963,0.020135612499505188,0.019716129770563577,7,6.518444768629785,0.94453125,1280
bayesfl_observability_v1,ola_sparse_bayesian_keep010_seed42,40,ola,global,,,layers.1.weight,raw,24,0.020135612499505188,0.02097457795738841,0.0205550952284468,7,6.518444768629812,0.95,1280
bayesfl_observability_v1,ola_sparse_bayesian_keep010_seed42,40,ola,global,,,layers.1.weight,raw,25,0.02097457795738841,0.02181354341527163,0.02139406068633002,5,4.656031977592723,0.95390625,1280
bayesfl_observability_v1,ola_sparse_bayesian_keep010_seed42,40,ola,global,,,layers.1.weight,raw,26,0.02181354341527163,0.022652508873154852,0.02223302614421324,4,3.7248255820741782,0.95703125,1280
bayesfl_observability_v1,ola_sparse_bayesian_keep010_seed42,40,ola,global,,,layers.1.weight,raw,27,0.022652508873154852,0.023491474331038074,0.023071991602096463,4,3.7248255820741782,0.96015625,1280
bayesfl_observability_v1,ola_sparse_bayesian_keep010_seed42,40,ola,global,,,layers.1.weight,raw,28,0.023491474331038074,0.024330439788921295,0.023910957059979684,2,1.8624127910370891,0.96171875,1280
bayesfl_observability_v1,ola_sparse_bayesian_keep010_seed42,40,ola,global,,,layers.1.weight,raw,29,0.024330439788921295,0.025169405246804517,0.024749922517862906,5,4.656031977592723,0.965625,1280
bayesfl_observability_v1,ola_sparse_bayesian_keep010_seed42,40,ola,global,,,layers.1.weight,raw,30,0.025169405246804517,0.026008370704687738,0.025588887975746127,1,0.9312063955185446,0.96640625,1280
bayesfl_observability_v1,ola_sparse_bayesian_keep010_seed42,40,ola,global,,,layers.1.weight,raw,31,0.026008370704687738,0.02684733616257096,0.02642785343362935,3,2.7936191865556337,0.96875,1280
bayesfl_observability_v1,ola_sparse_bayesian_keep010_seed42,40,ola,global,,,layers.1.weight,raw,32,0.02684733616257096,0.02768630162045418,0.02726681889151257,3,2.7936191865556337,0.97109375,1280
bayesfl_observability_v1,ola_sparse_bayesian_keep010_seed42,40,ola,global,,,layers.1.weight,raw,33,0.02768630162045418,0.028525267078337403,0.028105784349395792,2,1.8624127910370891,0.97265625,1280
bayesfl_observability_v1,ola_sparse_bayesian_keep010_seed42,40,ola,global,,,layers.1.weight,raw,34,0.028525267078337403,0.029364232536220624,0.028944749807279013,1,0.9312063955185446,0.9734375,1280
bayesfl_observability_v1,ola_sparse_bayesian_keep010_seed42,40,ola,global,,,layers.1.weight,raw,35,0.029364232536220624,0.030203197994103845,0.029783715265162235,2,1.8624127910370891,0.975,1280
bayesfl_observability_v1,ola_sparse_bayesian_keep010_seed42,40,ola,global,,,layers.1.weight,raw,36,0.030203197994103845,0.031042163451987067,0.030622680723045456,3,2.7936191865556337,0.97734375,1280
bayesfl_observability_v1,ola_sparse_bayesian_keep010_seed42,40,ola,global,,,layers.1.weight,raw,37,0.031042163451987067,0.03188112890987029,0.03146164618092868,1,0.9312063955185408,0.978125,1280
bayesfl_observability_v1,ola_sparse_bayesian_keep010_seed42,40,ola,global,,,layers.1.weight,raw,38,0.03188112890987029,0.03272009436775351,0.0323006116388119,0,0.0,0.978125,1280
bayesfl_observability_v1,ola_sparse_bayesian_keep010_seed42,40,ola,global,,,layers.1.weight,raw,39,0.03272009436775351,0.033559059825636735,0.03313957709669513,1,0.9312063955185446,0.97890625,1280
bayesfl_observability_v1,ola_sparse_bayesian_keep010_seed42,40,ola,global,,,layers.1.weight,raw,40,0.033559059825636735,0.034398025283519956,0.03397854255457834,2,1.8624127910370891,0.98046875,1280
bayesfl_observability_v1,ola_sparse_bayesian_keep010_seed42,40,ola,global,,,layers.1.weight,raw,41,0.034398025283519956,0.03523699074140318,0.03481750801246157,2,1.8624127910370891,0.98203125,1280
bayesfl_observability_v1,ola_sparse_bayesian_keep010_seed42,40,ola,global,,,layers.1.weight,raw,42,0.03523699074140318,0.0360759561992864,0.035656473470344785,0,0.0,0.98203125,1280
bayesfl_observability_v1,ola_sparse_bayesian_keep010_seed42,40,ola,global,,,layers.1.weight,raw,43,0.0360759561992864,0.03691492165716962,0.03649543892822801,1,0.9312063955185446,0.9828125,1280
bayesfl_observability_v1,ola_sparse_bayesian_keep010_seed42,40,ola,global,,,layers.1.weight,raw,44,0.03691492165716962,0.03775388711505284,0.03733440438611123,5,4.656031977592723,0.98671875,1280
bayesfl_observability_v1,ola_sparse_bayesian_keep010_seed42,40,ola,global,,,layers.1.weight,raw,45,0.03775388711505284,0.038592852572936064,0.038173369843994456,1,0.9312063955185446,0.9875,1280
bayesfl_observability_v1,ola_sparse_bayesian_keep010_seed42,40,ola,global,,,layers.1.weight,raw,46,0.038592852572936064,0.039431818030819285,0.03901233530187767,0,0.0,0.9875,1280
bayesfl_observability_v1,ola_sparse_bayesian_keep010_seed42,40,ola,global,,,layers.1.weight,raw,47,0.039431818030819285,0.04027078348870251,0.0398513007597609,0,0.0,0.9875,1280
bayesfl_observability_v1,ola_sparse_bayesian_keep010_seed42,40,ola,global,,,layers.1.weight,raw,48,0.04027078348870251,0.041109748946585735,0.04069026621764413,2,1.8624127910370891,0.9890625,1280
bayesfl_observability_v1,ola_sparse_bayesian_keep010_seed42,40,ola,global,,,layers.1.weight,raw,49,0.041109748946585735,0.041948714404468956,0.04152923167552734,0,0.0,0.9890625,1280
bayesfl_observability_v1,ola_sparse_bayesian_keep010_seed42,40,ola,global,,,layers.1.weight,raw,50,0.041948714404468956,0.04278767986235218,0.04236819713341057,0,0.0,0.9890625,1280
bayesfl_observability_v1,ola_sparse_bayesian_keep010_seed42,40,ola,global,,,layers.1.weight,raw,51,0.04278767986235218,0.0436266453202354,0.043207162591293785,2,1.8624127910370891,0.990625,1280
bayesfl_observability_v1,ola_sparse_bayesian_keep010_seed42,40,ola,global,,,layers.1.weight,raw,52,0.0436266453202354,0.04446561077811862,0.044046128049177014,1,0.9312063955185446,0.99140625,1280
bayesfl_observability_v1,ola_sparse_bayesian_keep010_seed42,40,ola,global,,,layers.1.weight,raw,53,0.04446561077811862,0.04530457623600184,0.04488509350706023,2,1.8624127910370891,0.99296875,1280
bayesfl_observability_v1,ola_sparse_bayesian_keep010_seed42,40,ola,global,,,layers.1.weight,raw,54,0.04530457623600184,0.046143541693885064,0.045724058964943456,0,0.0,0.99296875,1280
bayesfl_observability_v1,ola_sparse_bayesian_keep010_seed42,40,ola,global,,,layers.1.weight,raw,55,0.046143541693885064,0.046982507151768285,0.04656302442282667,1,0.9312063955185446,0.99375,1280
bayesfl_observability_v1,ola_sparse_bayesian_keep010_seed42,40,ola,global,,,layers.1.weight,raw,56,0.046982507151768285,0.04782147260965151,0.0474019898807099,0,0.0,0.99375,1280
bayesfl_observability_v1,ola_sparse_bayesian_keep010_seed42,40,ola,global,,,layers.1.weight,raw,57,0.04782147260965151,0.04866043806753473,0.048240955338593114,2,1.8624127910370891,0.9953125,1280
bayesfl_observability_v1,ola_sparse_bayesian_keep010_seed42,40,ola,global,,,layers.1.weight,raw,58,0.04866043806753473,0.04949940352541795,0.04907992079647634,0,0.0,0.9953125,1280
bayesfl_observability_v1,ola_sparse_bayesian_keep010_seed42,40,ola,global,,,layers.1.weight,raw,59,0.04949940352541795,0.05033836898330117,0.04991888625435956,0,0.0,0.9953125,1280
bayesfl_observability_v1,ola_sparse_bayesian_keep010_seed42,40,ola,global,,,layers.1.weight,raw,60,0.05033836898330117,0.05117733444118439,0.050757851712242785,2,1.8624127910370891,0.996875,1280
bayesfl_observability_v1,ola_sparse_bayesian_keep010_seed42,40,ola,global,,,layers.1.weight,raw,61,0.05117733444118439,0.052016299899067614,0.051596817170126,0,0.0,0.996875,1280
bayesfl_observability_v1,ola_sparse_bayesian_keep010_seed42,40,ola,global,,,layers.1.weight,raw,62,0.052016299899067614,0.052855265356950835,0.05243578262800923,1,0.9312063955185446,0.99765625,1280
bayesfl_observability_v1,ola_sparse_bayesian_keep010_seed42,40,ola,global,,,layers.1.weight,raw,63,0.052855265356950835,0.05369423081483406,0.05327474808589244,1,0.9312063955185446,0.9984375,1280
bayesfl_observability_v1,ola_sparse_bayesian_keep010_seed42,40,ola,global,,,layers.1.weight,raw,64,0.05369423081483406,0.05453319627271728,0.05411371354377567,0,0.0,0.9984375,1280
bayesfl_observability_v1,ola_sparse_bayesian_keep010_seed42,40,ola,global,,,layers.1.weight,raw,65,0.05453319627271728,0.0553721617306005,0.054952679001658886,0,0.0,0.9984375,1280
bayesfl_observability_v1,ola_sparse_bayesian_keep010_seed42,40,ola,global,,,layers.1.weight,raw,66,0.0553721617306005,0.05621112718848372,0.055791644459542114,0,0.0,0.9984375,1280
bayesfl_observability_v1,ola_sparse_bayesian_keep010_seed42,40,ola,global,,,layers.1.weight,raw,67,0.05621112718848372,0.05705009264636694,0.05663060991742533,0,0.0,0.9984375,1280
bayesfl_observability_v1,ola_sparse_bayesian_keep010_seed42,40,ola,global,,,layers.1.weight,raw,68,0.05705009264636694,0.057889058104250164,0.05746957537530856,0,0.0,0.9984375,1280
bayesfl_observability_v1,ola_sparse_bayesian_keep010_seed42,40,ola,global,,,layers.1.weight,raw,69,0.057889058104250164,0.058728023562133386,0.05830854083319177,0,0.0,0.9984375,1280
bayesfl_observability_v1,ola_sparse_bayesian_keep010_seed42,40,ola,global,,,layers.1.weight,raw,70,0.058728023562133386,0.05956698902001661,0.059147506291075,1,0.9312063955185446,0.99921875,1280
bayesfl_observability_v1,ola_sparse_bayesian_keep010_seed42,40,ola,global,,,layers.1.weight,raw,71,0.05956698902001661,0.06040595447789983,0.059986471748958214,0,0.0,0.99921875,1280
bayesfl_observability_v1,ola_sparse_bayesian_keep010_seed42,40,ola,global,,,layers.1.weight,raw,72,0.06040595447789983,0.06124491993578305,0.06082543720684144,0,0.0,0.99921875,1280
bayesfl_observability_v1,ola_sparse_bayesian_keep010_seed42,40,ola,global,,,layers.1.weight,raw,73,0.06124491993578305,0.06208388539366627,0.06166440266472466,0,0.0,0.99921875,1280
bayesfl_observability_v1,ola_sparse_bayesian_keep010_seed42,40,ola,global,,,layers.1.weight,raw,74,0.06208388539366627,0.0629228508515495,0.06250336812260789,0,0.0,0.99921875,1280
bayesfl_observability_v1,ola_sparse_bayesian_keep010_seed42,40,ola,global,,,layers.1.weight,raw,75,0.0629228508515495,0.06376181630943271,0.0633423335804911,0,0.0,0.99921875,1280
bayesfl_observability_v1,ola_sparse_bayesian_keep010_seed42,40,ola,global,,,layers.1.weight,raw,76,0.06376181630943271,0.06460078176731594,0.06418129903837433,0,0.0,0.99921875,1280
bayesfl_observability_v1,ola_sparse_bayesian_keep010_seed42,40,ola,global,,,layers.1.weight,raw,77,0.06460078176731594,0.06543974722519916,0.06502026449625756,0,0.0,0.99921875,1280
bayesfl_observability_v1,ola_sparse_bayesian_keep010_seed42,40,ola,global,,,layers.1.weight,raw,78,0.06543974722519916,0.06627871268308239,0.06585922995414077,0,0.0,0.99921875,1280
bayesfl_observability_v1,ola_sparse_bayesian_keep010_seed42,40,ola,global,,,layers.1.weight,raw,79,0.06627871268308239,0.0671176781409656,0.06669819541202399,1,0.9312063955185523,1.0,1280
bayesfl_observability_v1,ola_sparse_bayesian_keep010_seed42,40,ola,global,,,layers.1.weight,db,0,-127.10116337825784,-125.80568960498765,-126.45342649162274,1,0.0006030612244876838,0.00078125,1280
bayesfl_observability_v1,ola_sparse_bayesian_keep010_seed42,40,ola,global,,,layers.1.weight,db,1,-125.80568960498765,-124.51021583171745,-125.15795271835255,0,0.0,0.00078125,1280
bayesfl_observability_v1,ola_sparse_bayesian_keep010_seed42,40,ola,global,,,layers.1.weight,db,2,-124.51021583171745,-123.21474205844726,-123.86247894508236,0,0.0,0.00078125,1280
bayesfl_observability_v1,ola_sparse_bayesian_keep010_seed42,40,ola,global,,,layers.1.weight,db,3,-123.21474205844726,-121.91926828517707,-122.56700517181216,0,0.0,0.00078125,1280
bayesfl_observability_v1,ola_sparse_bayesian_keep010_seed42,40,ola,global,,,layers.1.weight,db,4,-121.91926828517707,-120.62379451190688,-121.27153139854198,0,0.0,0.00078125,1280
bayesfl_observability_v1,ola_sparse_bayesian_keep010_seed42,40,ola,global,,,layers.1.weight,db,5,-120.62379451190688,-119.32832073863668,-119.97605762527178,0,0.0,0.00078125,1280
bayesfl_observability_v1,ola_sparse_bayesian_keep010_seed42,40,ola,global,,,layers.1.weight,db,6,-119.32832073863668,-118.03284696536649,-118.68058385200158,0,0.0,0.00078125,1280
bayesfl_observability_v1,ola_sparse_bayesian_keep010_seed42,40,ola,global,,,layers.1.weight,db,7,-118.03284696536649,-116.7373731920963,-117.3851100787314,0,0.0,0.00078125,1280
bayesfl_observability_v1,ola_sparse_bayesian_keep010_seed42,40,ola,global,,,layers.1.weight,db,8,-116.7373731920963,-115.4418994188261,-116.0896363054612,0,0.0,0.00078125,1280
bayesfl_observability_v1,ola_sparse_bayesian_keep010_seed42,40,ola,global,,,layers.1.weight,db,9,-115.4418994188261,-114.14642564555591,-114.794162532191,0,0.0,0.00078125,1280
bayesfl_observability_v1,ola_sparse_bayesian_keep010_seed42,40,ola,global,,,layers.1.weight,db,10,-114.14642564555591,-112.85095187228572,-113.49868875892082,0,0.0,0.00078125,1280
bayesfl_observability_v1,ola_sparse_bayesian_keep010_seed42,40,ola,global,,,layers.1.weight,db,11,-112.85095187228572,-111.55547809901553,-112.20321498565062,0,0.0,0.00078125,1280
bayesfl_observability_v1,ola_sparse_bayesian_keep010_seed42,40,ola,global,,,layers.1.weight,db,12,-111.55547809901553,-110.26000432574533,-110.90774121238043,0,0.0,0.00078125,1280
bayesfl_observability_v1,ola_sparse_bayesian_keep010_seed42,40,ola,global,,,layers.1.weight,db,13,-110.26000432574533,-108.96453055247514,-109.61226743911024,0,0.0,0.00078125,1280
bayesfl_observability_v1,ola_sparse_bayesian_keep010_seed42,40,ola,global,,,layers.1.weight,db,14,-108.96453055247514,-107.66905677920495,-108.31679366584004,0,0.0,0.00078125,1280
bayesfl_observability_v1,ola_sparse_bayesian_keep010_seed42,40,ola,global,,,layers.1.weight,db,15,-107.66905677920495,-106.37358300593476,-107.02131989256986,1,0.0006030612244876838,0.0015625,1280
bayesfl_observability_v1,ola_sparse_bayesian_keep010_seed42,40,ola,global,,,layers.1.weight,db,16,-106.37358300593476,-105.07810923266456,-105.72584611929966,0,0.0,0.0015625,1280
bayesfl_observability_v1,ola_sparse_bayesian_keep010_seed42,40,ola,global,,,layers.1.weight,db,17,-105.07810923266456,-103.78263545939437,-104.43037234602946,0,0.0,0.0015625,1280
bayesfl_observability_v1,ola_sparse_bayesian_keep010_seed42,40,ola,global,,,layers.1.weight,db,18,-103.78263545939437,-102.48716168612418,-103.13489857275928,0,0.0,0.0015625,1280
bayesfl_observability_v1,ola_sparse_bayesian_keep010_seed42,40,ola,global,,,layers.1.weight,db,19,-102.48716168612418,-101.19168791285398,-101.83942479948908,0,0.0,0.0015625,1280
bayesfl_observability_v1,ola_sparse_bayesian_keep010_seed42,40,ola,global,,,layers.1.weight,db,20,-101.19168791285398,-99.89621413958379,-100.54395102621888,0,0.0,0.0015625,1280
bayesfl_observability_v1,ola_sparse_bayesian_keep010_seed42,40,ola,global,,,layers.1.weight,db,21,-99.89621413958379,-98.6007403663136,-99.2484772529487,0,0.0,0.0015625,1280
bayesfl_observability_v1,ola_sparse_bayesian_keep010_seed42,40,ola,global,,,layers.1.weight,db,22,-98.6007403663136,-97.3052665930434,-97.9530034796785,0,0.0,0.0015625,1280
bayesfl_observability_v1,ola_sparse_bayesian_keep010_seed42,40,ola,global,,,layers.1.weight,db,23,-97.3052665930434,-96.00979281977321,-96.6575297064083,0,0.0,0.0015625,1280
bayesfl_observability_v1,ola_sparse_bayesian_keep010_seed42,40,ola,global,,,layers.1.weight,db,24,-96.00979281977321,-94.71431904650302,-95.36205593313812,0,0.0,0.0015625,1280
bayesfl_observability_v1,ola_sparse_bayesian_keep010_seed42,40,ola,global,,,layers.1.weight,db,25,-94.71431904650302,-93.41884527323282,-94.06658215986792,1,0.0006030612244876772,0.00234375,1280
bayesfl_observability_v1,ola_sparse_bayesian_keep010_seed42,40,ola,global,,,layers.1.weight,db,26,-93.41884527323282,-92.12337149996264,-92.77110838659773,1,0.0006030612244876904,0.003125,1280
bayesfl_observability_v1,ola_sparse_bayesian_keep010_seed42,40,ola,global,,,layers.1.weight,db,27,-92.12337149996264,-90.82789772669244,-91.47563461332754,1,0.0006030612244876772,0.00390625,1280
bayesfl_observability_v1,ola_sparse_bayesian_keep010_seed42,40,ola,global,,,layers.1.weight,db,28,-90.82789772669244,-89.53242395342225,-90.18016084005734,0,0.0,0.00390625,1280
bayesfl_observability_v1,ola_sparse_bayesian_keep010_seed42,40,ola,global,,,layers.1.weight,db,29,-89.53242395342225,-88.23695018015206,-88.88468706678717,0,0.0,0.00390625,1280
bayesfl_observability_v1,ola_sparse_bayesian_keep010_seed42,40,ola,global,,,layers.1.weight,db,30,-88.23695018015206,-86.94147640688186,-87.58921329351696,0,0.0,0.00390625,1280
bayesfl_observability_v1,ola_sparse_bayesian_keep010_seed42,40,ola,global,,,layers.1.weight,db,31,-86.94147640688186,-85.64600263361167,-86.29373952024676,1,0.0006030612244876838,0.0046875,1280
bayesfl_observability_v1,ola_sparse_bayesian_keep010_seed42,40,ola,global,,,layers.1.weight,db,32,-85.64600263361167,-84.35052886034148,-84.99826574697659,2,0.0012061224489753675,0.00625,1280
bayesfl_observability_v1,ola_sparse_bayesian_keep010_seed42,40,ola,global,,,layers.1.weight,db,33,-84.35052886034148,-83.05505508707128,-83.70279197370638,1,0.0006030612244876772,0.00703125,1280
bayesfl_observability_v1,ola_sparse_bayesian_keep010_seed42,40,ola,global,,,layers.1.weight,db,34,-83.05505508707128,-81.75958131380109,-82.40731820043618,2,0.0012061224489753675,0.00859375,1280
bayesfl_observability_v1,ola_sparse_bayesian_keep010_seed42,40,ola,global,,,layers.1.weight,db,35,-81.75958131380109,-80.4641075405309,-81.111844427166,0,0.0,0.00859375,1280
bayesfl_observability_v1,ola_sparse_bayesian_keep010_seed42,40,ola,global,,,layers.1.weight,db,36,-80.4641075405309,-79.1686337672607,-79.8163706538958,2,0.0012061224489753543,0.01015625,1280
bayesfl_observability_v1,ola_sparse_bayesian_keep010_seed42,40,ola,global,,,layers.1.weight,db,37,-79.1686337672607,-77.87315999399053,-78.52089688062561,1,0.0006030612244876904,0.0109375,1280
bayesfl_observability_v1,ola_sparse_bayesian_keep010_seed42,40,ola,global,,,layers.1.weight,db,38,-77.87315999399053,-76.57768622072032,-77.22542310735543,4,0.0024122448979507086,0.0140625,1280
bayesfl_observability_v1,ola_sparse_bayesian_keep010_seed42,40,ola,global,,,layers.1.weight,db,39,-76.57768622072032,-75.28221244745014,-75.92994933408522,7,0.004221428571413786,0.01953125,1280
bayesfl_observability_v1,ola_sparse_bayesian_keep010_seed42,40,ola,global,,,layers.1.weight,db,40,-75.28221244745014,-73.98673867417995,-74.63447556081505,4,0.002412244897950735,0.02265625,1280
bayesfl_observability_v1,ola_sparse_bayesian_keep010_seed42,40,ola,global,,,layers.1.weight,db,41,-73.98673867417995,-72.69126490090974,-73.33900178754485,1,0.0006030612244876772,0.0234375,1280
bayesfl_observability_v1,ola_sparse_bayesian_keep010_seed42,40,ola,global,,,layers.1.weight,db,42,-72.69126490090974,-71.39579112763955,-72.04352801427464,4,0.002412244897950735,0.0265625,1280
bayesfl_observability_v1,ola_sparse_bayesian_keep010_seed42,40,ola,global,,,layers.1.weight,db,43,-71.39579112763955,-70.10031735436937,-70.74805424100447,3,0.0018091836734630514,0.02890625,1280
bayesfl_observability_v1,ola_sparse_bayesian_keep010_seed42,40,ola,global,,,layers.1.weight,db,44,-70.10031735436937,-68.80484358109916,-69.45258046773426,10,0.006030612244876772,0.03671875,1280
bayesfl_observability_v1,ola_sparse_bayesian_keep010_seed42,40,ola,global,,,layers.1.weight,db,45,-68.80484358109916,-67.50936980782897,-68.15710669446406,16,0.00964897959180294,0.04921875,1280
bayesfl_observability_v1,ola_sparse_bayesian_keep010_seed42,40,ola,global,,,layers.1.weight,db,46,-67.50936980782897,-66.21389603455879,-66.86163292119389,14,0.008442857142827572,0.06015625,1280
bayesfl_observability_v1,ola_sparse_bayesian_keep010_seed42,40,ola,global,,,layers.1.weight,db,47,-66.21389603455879,-64.91842226128858,-65.56615914792368,15,0.009045918367315157,0.071875,1280
bayesfl_observability_v1,ola_sparse_bayesian_keep010_seed42,40,ola,global,,,layers.1.weight,db,48,-64.91842226128858,-63.622948488018395,-64.27068537465348,18,0.010855102040778308,0.0859375,1280
bayesfl_observability_v1,ola_sparse_bayesian_keep010_seed42,40,ola,global,,,layers.1.weight,db,49,-63.622948488018395,-62.327474714748206,-62.9752116013833,19,0.011458163265265992,0.10078125,1280
bayesfl_observability_v1,ola_sparse_bayesian_keep010_seed42,40,ola,global,,,layers.1.weight,db,50,-62.327474714748206,-61.03200094147802,-61.67973782811311,21,0.01266428571424136,0.1171875,1280
bayesfl_observability_v1,ola_sparse_bayesian_keep010_seed42,40,ola,global,,,layers.1.weight,db,51,-61.03200094147802,-59.736527168207814,-60.384264054842916,23,0.013870408163216575,0.13515625,1280
bayesfl_observability_v1,ola_sparse_bayesian_keep010_seed42,40,ola,global,,,layers.1.weight,db,52,-59.736527168207814,-58.441053394937626,-59.08879028157272,23,0.013870408163216727,0.153125,1280
bayesfl_observability_v1,ola_sparse_bayesian_keep010_seed42,40,ola,global,,,layers.1.weight,db,53,-58.441053394937626,-57.14557962166744,-57.79331650830253,26,0.015679591836679777,0.1734375,1280
bayesfl_observability_v1,ola_sparse_bayesian_keep010_seed42,40,ola,global,,,layers.1.weight,db,54,-57.14557962166744,-55.85010584839725,-56.49784273503234,34,0.020504081632581248,0.2,1280
bayesfl_observability_v1,ola_sparse_bayesian_keep010_seed42,40,ola,global,,,layers.1.weight,db,55,-55.85010584839725,-54.554632075127046,-55.20236896176215,34,0.020504081632581023,0.2265625,1280
bayesfl_observability_v1,ola_sparse_bayesian_keep010_seed42,40,ola,global,,,layers.1.weight,db,56,-54.554632075127046,-53.25915830185686,-53.90689518849195,46,0.027740816326433455,0.2625,1280
bayesfl_observability_v1,ola_sparse_bayesian_keep010_seed42,40,ola,global,,,layers.1.weight,db,57,-53.25915830185686,-51.96368452858667,-52.61142141522176,45,0.02713775510194577,0.29765625,1280
bayesfl_observability_v1,ola_sparse_bayesian_keep010_seed42,40,ola,global,,,layers.1.weight,db,58,-51.96368452858667,-50.668210755316466,-51.31594764195157,66,0.03980204081618669,0.34921875,1280
bayesfl_observability_v1,ola_sparse_bayesian_keep010_seed42,40,ola,global,,,layers.1.weight,db,59,-50.668210755316466,-49.37273698204628,-50.02047386868137,65,0.03919897959169945,0.4,1280
bayesfl_observability_v1,ola_sparse_bayesian_keep010_seed42,40,ola,global,,,layers.1.weight,db,60,-49.37273698204628,-48.07726320877609,-48.72500009541118,70,0.042214285714137864,0.4546875,1280
bayesfl_observability_v1,ola_sparse_bayesian_keep010_seed42,40,ola,global,,,layers.1.weight,db,61,-48.07726320877609,-46.7817894355059,-47.429526322140994,85,0.05126020408145312,0.52109375,1280
bayesfl_observability_v1,ola_sparse_bayesian_keep010_seed42,40,ola,global,,,layers.1.weight,db,62,-46.7817894355059,-45.4863156622357,-46.1340525488708,73,0.044023469387600433,0.578125,1280
bayesfl_observability_v1,ola_sparse_bayesian_keep010_seed42,40,ola,global,,,layers.1.weight,db,63,-45.4863156622357,-44.19084188896551,-44.8385787756006,87,0.052466326530428486,0.64609375,1280
bayesfl_observability_v1,ola_sparse_bayesian_keep010_seed42,40,ola,global,,,layers.1.weight,db,64,-44.19084188896551,-42.89536811569532,-43.543105002330414,66,0.03980204081618713,0.69765625,1280
bayesfl_observability_v1,ola_sparse_bayesian_keep010_seed42,40,ola,global,,,layers.1.weight,db,65,-42.89536811569532,-41.59989434242512,-42.24763122906022,82,0.04945102040798953,0.76171875,1280
bayesfl_observability_v1,ola_sparse_bayesian_keep010_seed42,40,ola,global,,,layers.1.weight,db,66,-41.59989434242512,-40.30442056915493,-40.95215745579002,57,0.03437448979579798,0.80625,1280
bayesfl_observability_v1,ola_sparse_bayesian_keep010_seed42,40,ola,global,,,layers.1.weight,db,67,-40.30442056915493,-39.00894679588474,-39.656683682519834,53,0.03196224489784724,0.84765625,1280
bayesfl_observability_v1,ola_sparse_bayesian_keep010_seed42,40,ola,global,,,layers.1.weight,db,68,-39.00894679588474,-37.71347302261455,-38.361209909249645,39,0.023519387755019668,0.878125,1280
bayesfl_observability_v1,ola_sparse_bayesian_keep010_seed42,40,ola,global,,,layers.1.weight,db,69,-37.71347302261455,-36.41799924934435,-37.06573613597945,25,0.015076530612191929,0.89765625,1280
bayesfl_observability_v1,ola_sparse_bayesian_keep010_seed42,40,ola,global,,,layers.1.weight,db,70,-36.41799924934435,-35.12252547607416,-35.77026236270925,39,0.023519387755019668,0.928125,1280
bayesfl_observability_v1,ola_sparse_bayesian_keep010_seed42,40,ola,global,,,layers.1.weight,db,71,-35.12252547607416,-33.82705170280397,-34.474788589439065,23,0.013870408163216727,0.94609375,1280
bayesfl_observability_v1,ola_sparse_bayesian_keep010_seed42,40,ola,global,,,layers.1.weight,db,72,-33.82705170280397,-32.53157792953377,-33.17931481616887,19,0.011458163265265867,0.9609375,1280
bayesfl_observability_v1,ola_sparse_bayesian_keep010_seed42,40,ola,global,,,layers.1.weight,db,73,-32.53157792953377,-31.23610415626358,-31.883841042898673,11,0.006633673469364522,0.96953125,1280
bayesfl_observability_v1,ola_sparse_bayesian_keep010_seed42,40,ola,global,,,layers.1.weight,db,74,-31.23610415626358,-29.94063038299339,-30.588367269628485,11,0.006633673469364522,0.978125,1280
bayesfl_observability_v1,ola_sparse_bayesian_keep010_seed42,40,ola,global,,,layers.1.weight,db,75,-29.94063038299339,-28.6451566097232,-29.292893496358296,6,0.003618367346926103,0.9828125,1280
bayesfl_observability_v1,ola_sparse_bayesian_keep010_seed42,40,ola,global,,,layers.1.weight,db,76,-28.6451566097232,-27.349682836453,-27.9974197230881,8,0.004824489795901417,0.9890625,1280
bayesfl_observability_v1,ola_sparse_bayesian_keep010_seed42,40,ola,global,,,layers.1.weight,db,77,-27.349682836453,-26.05420906318281,-26.701945949817905,8,0.00482448979590147,0.9953125,1280
bayesfl_observability_v1,ola_sparse_bayesian_keep010_seed42,40,ola,global,,,layers.1.weight,db,78,-26.05420906318281,-24.75873528991262,-25.406472176547716,4,0.002412244897950735,0.9984375,1280
bayesfl_observability_v1,ola_sparse_bayesian_keep010_seed42,40,ola,global,,,layers.1.weight,db,79,-24.75873528991262,-23.463261516642426,-24.110998403277524,2,0.001206122448975361,1.0,1280
bayesfl_observability_v1,ola_sparse_bayesian_keep010_seed42,40,ola,global,,,layers.1.bias,raw,0,0.00029661078527638704,0.00048062537541610374,0.00038861808034624536,2,1086.8703391842248,0.2,10
bayesfl_observability_v1,ola_sparse_bayesian_keep010_seed42,40,ola,global,,,layers.1.bias,raw,1,0.00048062537541610374,0.0006646399655558204,0.0005726326704859621,0,0.0,0.2,10
bayesfl_observability_v1,ola_sparse_bayesian_keep010_seed42,40,ola,global,,,layers.1.bias,raw,2,0.0006646399655558204,0.000848654555695537,0.0007566472606256786,0,0.0,0.2,10
bayesfl_observability_v1,ola_sparse_bayesian_keep010_seed42,40,ola,global,,,layers.1.bias,raw,3,0.000848654555695537,0.0010326691458352538,0.0009406618507653954,2,1086.8703391842246,0.4,10
bayesfl_observability_v1,ola_sparse_bayesian_keep010_seed42,40,ola,global,,,layers.1.bias,raw,4,0.0010326691458352538,0.0012166837359749703,0.0011246764409051121,1,543.4351695921129,0.5,10
bayesfl_observability_v1,ola_sparse_bayesian_keep010_seed42,40,ola,global,,,layers.1.bias,raw,5,0.0012166837359749703,0.001400698326114687,0.0013086910310448287,0,0.0,0.5,10
bayesfl_observability_v1,ola_sparse_bayesian_keep010_seed42,40,ola,global,,,layers.1.bias,raw,6,0.001400698326114687,0.0015847129162544036,0.0014927056211845452,1,543.4351695921129,0.6,10
bayesfl_observability_v1,ola_sparse_bayesian_keep010_seed42,40,ola,global,,,layers.1.bias,raw,7,0.0015847129162544036,0.0017687275063941203,0.001676720211324262,0,0.0,0.6,10
bayesfl_observability_v1,ola_sparse_bayesian_keep010_seed42,40,ola,global,,,layers.1.bias,raw,8,0.0017687275063941203,0.001952742096533837,0.0018607348014639787,0,0.0,0.6,10
bayesfl_observability_v1,ola_sparse_bayesian_keep010_seed42,40,ola,global,,,layers.1.bias,raw,9,0.001952742096533837,0.0021367566866735536,0.0020447493916036954,0,0.0,0.6,10
bayesfl_observability_v1,ola_sparse_bayesian_keep010_seed42,40,ola,global,,,layers.1.bias,raw,10,0.0021367566866735536,0.0023207712768132703,0.002228763981743412,0,0.0,0.6,10
bayesfl_observability_v1,ola_sparse_bayesian_keep010_seed42,40,ola,global,,,layers.1.bias,raw,11,0.0023207712768132703,0.002504785866952987,0.0024127785718831285,0,0.0,0.6,10
bayesfl_observability_v1,ola_sparse_bayesian_keep010_seed42,40,ola,global,,,layers.1.bias,raw,12,0.002504785866952987,0.002688800457092704,0.0025967931620228457,0,0.0,0.6,10
bayesfl_observability_v1,ola_sparse_bayesian_keep010_seed42,40,ola,global,,,layers.1.bias,raw,13,0.002688800457092704,0.00287281504723242,0.002780807752162562,0,0.0,0.6,10
bayesfl_observability_v1,ola_sparse_bayesian_keep010_seed42,40,ola,global,,,layers.1.bias,raw,14,0.00287281504723242,0.003056829637372137,0.0029648223423022783,0,0.0,0.6,10
bayesfl_observability_v1,ola_sparse_bayesian_keep010_seed42,40,ola,global,,,layers.1.bias,raw,15,0.003056829637372137,0.0032408442275118536,0.0031488369324419955,0,0.0,0.6,10
bayesfl_observability_v1,ola_sparse_bayesian_keep010_seed42,40,ola,global,,,layers.1.bias,raw,16,0.0032408442275118536,0.0034248588176515704,0.003332851522581712,0,0.0,0.6,10
bayesfl_observability_v1,ola_sparse_bayesian_keep010_seed42,40,ola,global,,,layers.1.bias,raw,17,0.0034248588176515704,0.003608873407791287,0.003516866112721429,0,0.0,0.6,10
bayesfl_observability_v1,ola_sparse_bayesian_keep010_seed42,40,ola,global,,,layers.1.bias,raw,18,0.003608873407791287,0.0037928879979310035,0.0037008807028611453,0,0.0,0.6,10
bayesfl_observability_v1,ola_sparse_bayesian_keep010_seed42,40,ola,global,,,layers.1.bias,raw,19,0.0037928879979310035,0.003976902588070721,0.003884895293000862,0,0.0,0.6,10
bayesfl_observability_v1,ola_sparse_bayesian_keep010_seed42,40,ola,global,,,layers.1.bias,raw,20,0.003976902588070721,0.004160917178210437,0.004068909883140579,0,0.0,0.6,10
bayesfl_observability_v1,ola_sparse_bayesian_keep010_seed42,40,ola,global,,,layers.1.bias,raw,21,0.004160917178210437,0.004344931768350154,0.004252924473280295,0,0.0,0.6,10
bayesfl_observability_v1,ola_sparse_bayesian_keep010_seed42,40,ola,global,,,layers.1.bias,raw,22,0.004344931768350154,0.0045289463584898704,0.004436939063420012,1,543.4351695921135,0.7,10
bayesfl_observability_v1,ola_sparse_bayesian_keep010_seed42,40,ola,global,,,layers.1.bias,raw,23,0.0045289463584898704,0.004712960948629588,0.0046209536535597295,0,0.0,0.7,10
bayesfl_observability_v1,ola_sparse_bayesian_keep010_seed42,40,ola,global,,,layers.1.bias,raw,24,0.004712960948629588,0.004896975538769304,0.004804968243699446,0,0.0,0.7,10
bayesfl_observability_v1,ola_sparse_bayesian_keep010_seed42,40,ola,global,,,layers.1.bias,raw,25,0.004896975538769304,0.005080990128909021,0.004988982833839162,0,0.0,0.7,10
bayesfl_observability_v1,ola_sparse_bayesian_keep010_seed42,40,ola,global,,,layers.1.bias,raw,26,0.005080990128909021,0.005265004719048737,0.005172997423978879,2,1086.870339184227,0.9,10
bayesfl_observability_v1,ola_sparse_bayesian_keep010_seed42,40,ola,global,,,layers.1.bias,raw,27,0.005265004719048737,0.005449019309188454,0.005357012014118596,0,0.0,0.9,10
bayesfl_observability_v1,ola_sparse_bayesian_keep010_seed42,40,ola,global,,,layers.1.bias,raw,28,0.005449019309188454,0.005633033899328171,0.005541026604258313,0,0.0,0.9,10
bayesfl_observability_v1,ola_sparse_bayesian_keep010_seed42,40,ola,global,,,layers.1.bias,raw,29,0.005633033899328171,0.005817048489467887,0.005725041194398029,0,0.0,0.9,10
bayesfl_observability_v1,ola_sparse_bayesian_keep010_seed42,40,ola,global,,,layers.1.bias,raw,30,0.005817048489467887,0.006001063079607604,0.005909055784537745,0,0.0,0.9,10
bayesfl_observability_v1,ola_sparse_bayesian_keep010_seed42,40,ola,global,,,layers.1.bias,raw,31,0.006001063079607604,0.006185077669747321,0.006093070374677463,0,0.0,0.9,10
bayesfl_observability_v1,ola_sparse_bayesian_keep010_seed42,40,ola,global,,,layers.1.bias,raw,32,0.006185077669747321,0.006369092259887037,0.006277084964817179,0,0.0,0.9,10
bayesfl_observability_v1,ola_sparse_bayesian_keep010_seed42,40,ola,global,,,layers.1.bias,raw,33,0.006369092259887037,0.006553106850026754,0.006461099554956896,0,0.0,0.9,10
bayesfl_observability_v1,ola_sparse_bayesian_keep010_seed42,40,ola,global,,,layers.1.bias,raw,34,0.006553106850026754,0.0067371214401664705,0.006645114145096612,0,0.0,0.9,10
bayesfl_observability_v1,ola_sparse_bayesian_keep010_seed42,40,ola,global,,,layers.1.bias,raw,35,0.0067371214401664705,0.006921136030306188,0.006829128735236329,0,0.0,0.9,10
bayesfl_observability_v1,ola_sparse_bayesian_keep010_seed42,40,ola,global,,,layers.1.bias,raw,36,0.006921136030306188,0.007105150620445904,0.007013143325376046,0,0.0,0.9,10
bayesfl_observability_v1,ola_sparse_bayesian_keep010_seed42,40,ola,global,,,layers.1.bias,raw,37,0.007105150620445904,0.00728916521058562,0.007197157915515762,0,0.0,0.9,10
bayesfl_observability_v1,ola_sparse_bayesian_keep010_seed42,40,ola,global,,,layers.1.bias,raw,38,0.00728916521058562,0.0074731798007253375,0.007381172505655479,0,0.0,0.9,10
bayesfl_observability_v1,ola_sparse_bayesian_keep010_seed42,40,ola,global,,,layers.1.bias,raw,39,0.0074731798007253375,0.007657194390865054,0.007565187095795196,0,0.0,0.9,10
bayesfl_observability_v1,ola_sparse_bayesian_keep010_seed42,40,ola,global,,,layers.1.bias,raw,40,0.007657194390865054,0.007841208981004771,0.007749201685934912,0,0.0,0.9,10
bayesfl_observability_v1,ola_sparse_bayesian_keep010_seed42,40,ola,global,,,layers.1.bias,raw,41,0.007841208981004771,0.008025223571144487,0.007933216276074628,0,0.0,0.9,10
bayesfl_observability_v1,ola_sparse_bayesian_keep010_seed42,40,ola,global,,,layers.1.bias,raw,42,0.008025223571144487,0.008209238161284204,0.008117230866214346,0,0.0,0.9,10
bayesfl_observability_v1,ola_sparse_bayesian_keep010_seed42,40,ola,global,,,layers.1.bias,raw,43,0.008209238161284204,0.00839325275142392,0.008301245456354061,0,0.0,0.9,10
bayesfl_observability_v1,ola_sparse_bayesian_keep010_seed42,40,ola,global,,,layers.1.bias,raw,44,0.00839325275142392,0.008577267341563636,0.008485260046493779,0,0.0,0.9,10
bayesfl_observability_v1,ola_sparse_bayesian_keep010_seed42,40,ola,global,,,layers.1.bias,raw,45,0.008577267341563636,0.008761281931703353,0.008669274636633494,0,0.0,0.9,10
bayesfl_observability_v1,ola_sparse_bayesian_keep010_seed42,40,ola,global,,,layers.1.bias,raw,46,0.008761281931703353,0.00894529652184307,0.008853289226773212,0,0.0,0.9,10
bayesfl_observability_v1,ola_sparse_bayesian_keep010_seed42,40,ola,global,,,layers.1.bias,raw,47,0.00894529652184307,0.009129311111982787,0.00903730381691293,0,0.0,0.9,10
bayesfl_observability_v1,ola_sparse_bayesian_keep010_seed42,40,ola,global,,,layers.1.bias,raw,48,0.009129311111982787,0.009313325702122503,0.009221318407052644,0,0.0,0.9,10
bayesfl_observability_v1,ola_sparse_bayesian_keep010_seed42,40,ola,global,,,layers.1.bias,raw,49,0.009313325702122503,0.00949734029226222,0.009405332997192362,0,0.0,0.9,10
bayesfl_observability_v1,ola_sparse_bayesian_keep010_seed42,40,ola,global,,,layers.1.bias,raw,50,0.00949734029226222,0.009681354882401936,0.009589347587332077,0,0.0,0.9,10
bayesfl_observability_v1,ola_sparse_bayesian_keep010_seed42,40,ola,global,,,layers.1.bias,raw,51,0.009681354882401936,0.009865369472541654,0.009773362177471795,0,0.0,0.9,10
bayesfl_observability_v1,ola_sparse_bayesian_keep010_seed42,40,ola,global,,,layers.1.bias,raw,52,0.009865369472541654,0.01004938406268137,0.009957376767611513,0,0.0,0.9,10
bayesfl_observability_v1,ola_sparse_bayesian_keep010_seed42,40,ola,global,,,layers.1.bias,raw,53,0.01004938406268137,0.010233398652821087,0.010141391357751228,0,0.0,0.9,10
bayesfl_observability_v1,ola_sparse_bayesian_keep010_seed42,40,ola,global,,,layers.1.bias,raw,54,0.010233398652821087,0.010417413242960803,0.010325405947890946,0,0.0,0.9,10
bayesfl_observability_v1,ola_sparse_bayesian_keep010_seed42,40,ola,global,,,layers.1.bias,raw,55,0.010417413242960803,0.01060142783310052,0.01050942053803066,0,0.0,0.9,10
bayesfl_observability_v1,ola_sparse_bayesian_keep010_seed42,40,ola,global,,,layers.1.bias,raw,56,0.01060142783310052,0.010785442423240237,0.010693435128170378,0,0.0,0.9,10
bayesfl_observability_v1,ola_sparse_bayesian_keep010_seed42,40,ola,global,,,layers.1.bias,raw,57,0.010785442423240237,0.010969457013379954,0.010877449718310096,0,0.0,0.9,10
bayesfl_observability_v1,ola_sparse_bayesian_keep010_seed42,40,ola,global,,,layers.1.bias,raw,58,0.010969457013379954,0.01115347160351967,0.01106146430844981,0,0.0,0.9,10
bayesfl_observability_v1,ola_sparse_bayesian_keep010_seed42,40,ola,global,,,layers.1.bias,raw,59,0.01115347160351967,0.011337486193659386,0.011245478898589529,0,0.0,0.9,10
bayesfl_observability_v1,ola_sparse_bayesian_keep010_seed42,40,ola,global,,,layers.1.bias,raw,60,0.011337486193659386,0.011521500783799103,0.011429493488729243,0,0.0,0.9,10
bayesfl_observability_v1,ola_sparse_bayesian_keep010_seed42,40,ola,global,,,layers.1.bias,raw,61,0.011521500783799103,0.01170551537393882,0.011613508078868962,0,0.0,0.9,10
bayesfl_observability_v1,ola_sparse_bayesian_keep010_seed42,40,ola,global,,,layers.1.bias,raw,62,0.01170551537393882,0.011889529964078537,0.01179752266900868,0,0.0,0.9,10
bayesfl_observability_v1,ola_sparse_bayesian_keep010_seed42,40,ola,global,,,layers.1.bias,raw,63,0.011889529964078537,0.012073544554218253,0.011981537259148394,0,0.0,0.9,10
bayesfl_observability_v1,ola_sparse_bayesian_keep010_seed42,40,ola,global,,,layers.1.bias,raw,64,0.012073544554218253,0.01225755914435797,0.012165551849288112,0,0.0,0.9,10
bayesfl_observability_v1,ola_sparse_bayesian_keep010_seed42,40,ola,global,,,layers.1.bias,raw,65,0.01225755914435797,0.012441573734497686,0.012349566439427827,0,0.0,0.9,10
bayesfl_observability_v1,ola_sparse_bayesian_keep010_seed42,40,ola,global,,,layers.1.bias,raw,66,0.012441573734497686,0.012625588324637404,0.012533581029567545,0,0.0,0.9,10
bayesfl_observability_v1,ola_sparse_bayesian_keep010_seed42,40,ola,global,,,layers.1.bias,raw,67,0.012625588324637404,0.01280960291477712,0.012717595619707263,0,0.0,0.9,10
bayesfl_observability_v1,ola_sparse_bayesian_keep010_seed42,40,ola,global,,,layers.1.bias,raw,68,0.01280960291477712,0.012993617504916836,0.012901610209846977,0,0.0,0.9,10
bayesfl_observability_v1,ola_sparse_bayesian_keep010_seed42,40,ola,global,,,layers.1.bias,raw,69,0.012993617504916836,0.013177632095056553,0.013085624799986696,0,0.0,0.9,10
bayesfl_observability_v1,ola_sparse_bayesian_keep010_seed42,40,ola,global,,,layers.1.bias,raw,70,0.013177632095056553,0.013361646685196269,0.01326963939012641,0,0.0,0.9,10
bayesfl_observability_v1,ola_sparse_bayesian_keep010_seed42,40,ola,global,,,layers.1.bias,raw,71,0.013361646685196269,0.013545661275335987,0.013453653980266128,0,0.0,0.9,10
bayesfl_observability_v1,ola_sparse_bayesian_keep010_seed42,40,ola,global,,,layers.1.bias,raw,72,0.013545661275335987,0.013729675865475703,0.013637668570405846,0,0.0,0.9,10
bayesfl_observability_v1,ola_sparse_bayesian_keep010_seed42,40,ola,global,,,layers.1.bias,raw,73,0.013729675865475703,0.01391369045561542,0.01382168316054556,0,0.0,0.9,10
bayesfl_observability_v1,ola_sparse_bayesian_keep010_seed42,40,ola,global,,,layers.1.bias,raw,74,0.01391369045561542,0.014097705045755136,0.014005697750685279,0,0.0,0.9,10
bayesfl_observability_v1,ola_sparse_bayesian_keep010_seed42,40,ola,global,,,layers.1.bias,raw,75,0.014097705045755136,0.014281719635894852,0.014189712340824993,0,0.0,0.9,10
bayesfl_observability_v1,ola_sparse_bayesian_keep010_seed42,40,ola,global,,,layers.1.bias,raw,76,0.014281719635894852,0.01446573422603457,0.014373726930964711,0,0.0,0.9,10
bayesfl_observability_v1,ola_sparse_bayesian_keep010_seed42,40,ola,global,,,layers.1.bias,raw,77,0.01446573422603457,0.014649748816174287,0.01455774152110443,0,0.0,0.9,10
bayesfl_observability_v1,ola_sparse_bayesian_keep010_seed42,40,ola,global,,,layers.1.bias,raw,78,0.014649748816174287,0.014833763406314003,0.014741756111244144,0,0.0,0.9,10
bayesfl_observability_v1,ola_sparse_bayesian_keep010_seed42,40,ola,global,,,layers.1.bias,raw,79,0.014833763406314003,0.01501777799645372,0.014925770701383862,1,543.4351695921135,1.0,10
bayesfl_observability_v1,ola_sparse_bayesian_keep010_seed42,40,ola,global,,,layers.1.bias,db,0,-70.5562611972964,-70.13015651232612,-70.34320885481125,1,0.23468411291224664,0.1,10
bayesfl_observability_v1,ola_sparse_bayesian_keep010_seed42,40,ola,global,,,layers.1.bias,db,1,-70.13015651232612,-69.70405182735584,-69.91710416984098,0,0.0,0.1,10
bayesfl_observability_v1,ola_sparse_bayesian_keep010_seed42,40,ola,global,,,layers.1.bias,db,2,-69.70405182735584,-69.27794714238557,-69.49099948487071,0,0.0,0.1,10
bayesfl_observability_v1,ola_sparse_bayesian_keep010_seed42,40,ola,global,,,layers.1.bias,db,3,-69.27794714238557,-68.8518424574153,-69.06489479990043,0,0.0,0.1,10
bayesfl_observability_v1,ola_sparse_bayesian_keep010_seed42,40,ola,global,,,layers.1.bias,db,4,-68.8518424574153,-68.42573777244503,-68.63879011493017,0,0.0,0.1,10
bayesfl_observability_v1,ola_sparse_bayesian_keep010_seed42,40,ola,global,,,layers.1.bias,db,5,-68.42573777244503,-67.99963308747475,-68.21268542995989,0,0.0,0.1,10
bayesfl_observability_v1,ola_sparse_bayesian_keep010_seed42,40,ola,global,,,layers.1.bias,db,6,-67.99963308747475,-67.57352840250448,-67.7865807449896,0,0.0,0.1,10
bayesfl_observability_v1,ola_sparse_bayesian_keep010_seed42,40,ola,global,,,layers.1.bias,db,7,-67.57352840250448,-67.14742371753421,-67.36047606001935,0,0.0,0.1,10
bayesfl_observability_v1,ola_sparse_bayesian_keep010_seed42,40,ola,global,,,layers.1.bias,db,8,-67.14742371753421,-66.72131903256393,-66.93437137504907,1,0.2346841129122388,0.2,10
bayesfl_observability_v1,ola_sparse_bayesian_keep010_seed42,40,ola,global,,,layers.1.bias,db,9,-66.72131903256393,-66.29521434759366,-66.50826669007878,0,0.0,0.2,10
bayesfl_observability_v1,ola_sparse_bayesian_keep010_seed42,40,ola,global,,,layers.1.bias,db,10,-66.29521434759366,-65.86910966262339,-66.08216200510853,0,0.0,0.2,10
bayesfl_observability_v1,ola_sparse_bayesian_keep010_seed42,40,ola,global,,,layers.1.bias,db,11,-65.86910966262339,-65.44300497765312,-65.65605732013825,0,0.0,0.2,10
bayesfl_observability_v1,ola_sparse_bayesian_keep010_seed42,40,ola,global,,,layers.1.bias,db,12,-65.44300497765312,-65.01690029268283,-65.22995263516798,0,0.0,0.2,10
bayesfl_observability_v1,ola_sparse_bayesian_keep010_seed42,40,ola,global,,,layers.1.bias,db,13,-65.01690029268283,-64.59079560771256,-64.8038479501977,0,0.0,0.2,10
bayesfl_observability_v1,ola_sparse_bayesian_keep010_seed42,40,ola,global,,,layers.1.bias,db,14,-64.59079560771256,-64.1646909227423,-64.37774326522742,0,0.0,0.2,10
bayesfl_observability_v1,ola_sparse_bayesian_keep010_seed42,40,ola,global,,,layers.1.bias,db,15,-64.1646909227423,-63.73858623777202,-63.95163858025715,0,0.0,0.2,10
bayesfl_observability_v1,ola_sparse_bayesian_keep010_seed42,40,ola,global,,,layers.1.bias,db,16,-63.73858623777202,-63.31248155280174,-63.525533895286884,0,0.0,0.2,10
bayesfl_observability_v1,ola_sparse_bayesian_keep010_seed42,40,ola,global,,,layers.1.bias,db,17,-63.31248155280174,-62.88637686783147,-63.09942921031661,0,0.0,0.2,10
bayesfl_observability_v1,ola_sparse_bayesian_keep010_seed42,40,ola,global,,,layers.1.bias,db,18,-62.88637686783147,-62.460272182861196,-62.67332452534633,0,0.0,0.2,10
bayesfl_observability_v1,ola_sparse_bayesian_keep010_seed42,40,ola,global,,,layers.1.bias,db,19,-62.460272182861196,-62.03416749789092,-62.24721984037606,0,0.0,0.2,10
bayesfl_observability_v1,ola_sparse_bayesian_keep010_seed42,40,ola,global,,,layers.1.bias,db,20,-62.03416749789092,-61.60806281292065,-61.821115155405785,0,0.0,0.2,10
bayesfl_observability_v1,ola_sparse_bayesian_keep010_seed42,40,ola,global,,,layers.1.bias,db,21,-61.60806281292065,-61.181958127950374,-61.39501047043551,0,0.0,0.2,10
bayesfl_observability_v1,ola_sparse_bayesian_keep010_seed42,40,ola,global,,,layers.1.bias,db,22,-61.181958127950374,-60.755853442980104,-60.96890578546524,0,0.0,0.2,10
bayesfl_observability_v1,ola_sparse_bayesian_keep010_seed42,40,ola,global,,,layers.1.bias,db,23,-60.755853442980104,-60.32974875800983,-60.54280110049497,1,0.23468411291224273,0.3,10
bayesfl_observability_v1,ola_sparse_bayesian_keep010_seed42,40,ola,global,,,layers.1.bias,db,24,-60.32974875800983,-59.90364407303956,-60.11669641552469,1,0.23468411291224664,0.4,10
bayesfl_observability_v1,ola_sparse_bayesian_keep010_seed42,40,ola,global,,,layers.1.bias,db,25,-59.90364407303956,-59.47753938806928,-59.69059173055442,0,0.0,0.4,10
bayesfl_observability_v1,ola_sparse_bayesian_keep010_seed42,40,ola,global,,,layers.1.bias,db,26,-59.47753938806928,-59.051434703099005,-59.26448704558415,0,0.0,0.4,10
bayesfl_observability_v1,ola_sparse_bayesian_keep010_seed42,40,ola,global,,,layers.1.bias,db,27,-59.051434703099005,-58.625330018128736,-58.83838236061387,1,0.23468411291224664,0.5,10
bayesfl_observability_v1,ola_sparse_bayesian_keep010_seed42,40,ola,global,,,layers.1.bias,db,28,-58.625330018128736,-58.19922533315846,-58.412277675643594,0,0.0,0.5,10
bayesfl_observability_v1,ola_sparse_bayesian_keep010_seed42,40,ola,global,,,layers.1.bias,db,29,-58.19922533315846,-57.77312064818819,-57.986172990673325,0,0.0,0.5,10
bayesfl_observability_v1,ola_sparse_bayesian_keep010_seed42,40,ola,global,,,layers.1.bias,db,30,-57.77312064818819,-57.34701596321791,-57.560068305703055,0,0.0,0.5,10
bayesfl_observability_v1,ola_sparse_bayesian_keep010_seed42,40,ola,global,,,layers.1.bias,db,31,-57.34701596321791,-56.920911278247644,-57.13396362073278,0,0.0,0.5,10
bayesfl_observability_v1,ola_sparse_bayesian_keep010_seed42,40,ola,global,,,layers.1.bias,db,32,-56.920911278247644,-56.49480659327737,-56.7078589357625,1,0.23468411291224273,0.6,10
bayesfl_observability_v1,ola_sparse_bayesian_keep010_seed42,40,ola,global,,,layers.1.bias,db,33,-56.49480659327737,-56.06870190830709,-56.28175425079223,0,0.0,0.6,10
bayesfl_observability_v1,ola_sparse_bayesian_keep010_seed42,40,ola,global,,,layers.1.bias,db,34,-56.06870190830709,-55.64259722333682,-55.855649565821956,0,0.0,0.6,10
bayesfl_observability_v1,ola_sparse_bayesian_keep010_seed42,40,ola,global,,,layers.1.bias,db,35,-55.64259722333682,-55.216492538366545,-55.42954488085168,0,0.0,0.6,10
bayesfl_observability_v1,ola_sparse_bayesian_keep010_seed42,40,ola,global,,,layers.1.bias,db,36,-55.216492538366545,-54.79038785339627,-55.00344019588141,0,0.0,0.6,10
bayesfl_observability_v1,ola_sparse_bayesian_keep010_seed42,40,ola,global,,,layers.1.bias,db,37,-54.79038785339627,-54.364283168426,-54.577335510911134,0,0.0,0.6,10
bayesfl_observability_v1,ola_sparse_bayesian_keep010_seed42,40,ola,global,,,layers.1.bias,db,38,-54.364283168426,-53.93817848345573,-54.151230825940864,0,0.0,0.6,10
bayesfl_observability_v1,ola_sparse_bayesian_keep010_seed42,40,ola,global,,,layers.1.bias,db,39,-53.93817848345573,-53.51207379848545,-53.72512614097059,0,0.0,0.6,10
bayesfl_observability_v1,ola_sparse_bayesian_keep010_seed42,40,ola,global,,,layers.1.bias,db,40,-53.51207379848545,-53.085969113515176,-53.29902145600032,0,0.0,0.6,10
bayesfl_observability_v1,ola_sparse_bayesian_keep010_seed42,40,ola,global,,,layers.1.bias,db,41,-53.085969113515176,-52.65986442854491,-52.87291677103004,0,0.0,0.6,10
bayesfl_observability_v1,ola_sparse_bayesian_keep010_seed42,40,ola,global,,,layers.1.bias,db,42,-52.65986442854491,-52.23375974357463,-52.446812086059765,0,0.0,0.6,10
bayesfl_observability_v1,ola_sparse_bayesian_keep010_seed42,40,ola,global,,,layers.1.bias,db,43,-52.23375974357463,-51.807655058604354,-52.020707401089496,0,0.0,0.6,10
bayesfl_observability_v1,ola_sparse_bayesian_keep010_seed42,40,ola,global,,,layers.1.bias,db,44,-51.807655058604354,-51.381550373634084,-51.59460271611922,0,0.0,0.6,10
bayesfl_observability_v1,ola_sparse_bayesian_keep010_seed42,40,ola,global,,,layers.1.bias,db,45,-51.381550373634084,-50.955445688663815,-51.16849803114895,0,0.0,0.6,10
bayesfl_observability_v1,ola_sparse_bayesian_keep010_seed42,40,ola,global,,,layers.1.bias,db,46,-50.955445688663815,-50.52934100369354,-50.74239334617867,0,0.0,0.6,10
bayesfl_observability_v1,ola_sparse_bayesian_keep010_seed42,40,ola,global,,,layers.1.bias,db,47,-50.52934100369354,-50.10323631872326,-50.316288661208404,0,0.0,0.6,10
bayesfl_observability_v1,ola_sparse_bayesian_keep010_seed42,40,ola,global,,,layers.1.bias,db,48,-50.10323631872326,-49.67713163375299,-49.89018397623813,0,0.0,0.6,10
bayesfl_observability_v1,ola_sparse_bayesian_keep010_seed42,40,ola,global,,,layers.1.bias,db,49,-49.67713163375299,-49.251026948782716,-49.46407929126785,0,0.0,0.6,10
bayesfl_observability_v1,ola_sparse_bayesian_keep010_seed42,40,ola,global,,,layers.1.bias,db,50,-49.251026948782716,-48.82492226381244,-49.03797460629758,0,0.0,0.6,10
bayesfl_observability_v1,ola_sparse_bayesian_keep010_seed42,40,ola,global,,,layers.1.bias,db,51,-48.82492226381244,-48.39881757884217,-48.611869921327305,0,0.0,0.6,10
bayesfl_observability_v1,ola_sparse_bayesian_keep010_seed42,40,ola,global,,,layers.1.bias,db,52,-48.39881757884217,-47.9727128938719,-48.185765236357035,0,0.0,0.6,10
bayesfl_observability_v1,ola_sparse_bayesian_keep010_seed42,40,ola,global,,,layers.1.bias,db,53,-47.9727128938719,-47.546608208901624,-47.75966055138676,0,0.0,0.6,10
bayesfl_observability_v1,ola_sparse_bayesian_keep010_seed42,40,ola,global,,,layers.1.bias,db,54,-47.546608208901624,-47.12050352393135,-47.33355586641649,0,0.0,0.6,10
bayesfl_observability_v1,ola_sparse_bayesian_keep010_seed42,40,ola,global,,,layers.1.bias,db,55,-47.12050352393135,-46.69439883896108,-46.90745118144621,1,0.23468411291224664,0.7,10
bayesfl_observability_v1,ola_sparse_bayesian_keep010_seed42,40,ola,global,,,layers.1.bias,db,56,-46.69439883896108,-46.2682941539908,-46.481346496475936,0,0.0,0.7,10
bayesfl_observability_v1,ola_sparse_bayesian_keep010_seed42,40,ola,global,,,layers.1.bias,db,57,-46.2682941539908,-45.842189469020525,-46.05524181150567,0,0.0,0.7,10
bayesfl_observability_v1,ola_sparse_bayesian_keep010_seed42,40,ola,global,,,layers.1.bias,db,58,-45.842189469020525,-45.416084784050256,-45.62913712653539,2,0.4693682258244933,0.9,10
bayesfl_observability_v1,ola_sparse_bayesian_keep010_seed42,40,ola,global,,,layers.1.bias,db,59,-45.416084784050256,-44.989980099079986,-45.20303244156512,0,0.0,0.9,10
bayesfl_observability_v1,ola_sparse_bayesian_keep010_seed42,40,ola,global,,,layers.1.bias,db,60,-44.989980099079986,-44.5638754141097,-44.776927756594844,0,0.0,0.9,10
bayesfl_observability_v1,ola_sparse_bayesian_keep010_seed42,40,ola,global,,,layers.1.bias,db,61,-44.5638754141097,-44.13777072913943,-44.35082307162457,0,0.0,0.9,10
bayesfl_observability_v1,ola_sparse_bayesian_keep010_seed42,40,ola,global,,,layers.1.bias,db,62,-44.13777072913943,-43.711666044169164,-43.9247183866543,0,0.0,0.9,10
bayesfl_observability_v1,ola_sparse_bayesian_keep010_seed42,40,ola,global,,,layers.1.bias,db,63,-43.711666044169164,-43.28556135919889,-43.49861370168402,0,0.0,0.9,10
bayesfl_observability_v1,ola_sparse_bayesian_keep010_seed42,40,ola,global,,,layers.1.bias,db,64,-43.28556135919889,-42.85945667422861,-43.07250901671375,0,0.0,0.9,10
bayesfl_observability_v1,ola_sparse_bayesian_keep010_seed42,40,ola,global,,,layers.1.bias,db,65,-42.85945667422861,-42.43335198925834,-42.646404331743476,0,0.0,0.9,10
bayesfl_observability_v1,ola_sparse_bayesian_keep010_seed42,40,ola,global,,,layers.1.bias,db,66,-42.43335198925834,-42.00724730428807,-42.220299646773206,0,0.0,0.9,10
bayesfl_observability_v1,ola_sparse_bayesian_keep010_seed42,40,ola,global,,,layers.1.bias,db,67,-42.00724730428807,-41.58114261931779,-41.79419496180293,0,0.0,0.9,10
bayesfl_observability_v1,ola_sparse_bayesian_keep010_seed42,40,ola,global,,,layers.1.bias,db,68,-41.58114261931779,-41.15503793434752,-41.36809027683265,0,0.0,0.9,10
bayesfl_observability_v1,ola_sparse_bayesian_keep010_seed42,40,ola,global,,,layers.1.bias,db,69,-41.15503793434752,-40.72893324937725,-40.941985591862384,0,0.0,0.9,10
bayesfl_observability_v1,ola_sparse_bayesian_keep010_seed42,40,ola,global,,,layers.1.bias,db,70,-40.72893324937725,-40.30282856440697,-40.51588090689211,0,0.0,0.9,10
bayesfl_observability_v1,ola_sparse_bayesian_keep010_seed42,40,ola,global,,,layers.1.bias,db,71,-40.30282856440697,-39.876723879436696,-40.08977622192184,0,0.0,0.9,10
bayesfl_observability_v1,ola_sparse_bayesian_keep010_seed42,40,ola,global,,,layers.1.bias,db,72,-39.876723879436696,-39.45061919446643,-39.66367153695156,0,0.0,0.9,10
bayesfl_observability_v1,ola_sparse_bayesian_keep010_seed42,40,ola,global,,,layers.1.bias,db,73,-39.45061919446643,-39.02451450949615,-39.237566851981285,0,0.0,0.9,10
bayesfl_observability_v1,ola_sparse_bayesian_keep010_seed42,40,ola,global,,,layers.1.bias,db,74,-39.02451450949615,-38.59840982452587,-38.811462167011015,0,0.0,0.9,10
bayesfl_observability_v1,ola_sparse_bayesian_keep010_seed42,40,ola,global,,,layers.1.bias,db,75,-38.59840982452587,-38.172305139555604,-38.38535748204074,0,0.0,0.9,10
bayesfl_observability_v1,ola_sparse_bayesian_keep010_seed42,40,ola,global,,,layers.1.bias,db,76,-38.172305139555604,-37.74620045458533,-37.95925279707046,0,0.0,0.9,10
bayesfl_observability_v1,ola_sparse_bayesian_keep010_seed42,40,ola,global,,,layers.1.bias,db,77,-37.74620045458533,-37.32009576961506,-37.53314811210019,0,0.0,0.9,10
bayesfl_observability_v1,ola_sparse_bayesian_keep010_seed42,40,ola,global,,,layers.1.bias,db,78,-37.32009576961506,-36.89399108464478,-37.10704342712992,0,0.0,0.9,10
bayesfl_observability_v1,ola_sparse_bayesian_keep010_seed42,40,ola,global,,,layers.1.bias,db,79,-36.89399108464478,-36.46788639967451,-36.68093874215965,1,0.23468411291224664,1.0,10
bayesfl_observability_v1,ola_sparse_bayesian_keep010_seed42,45,ola,global,,,all,raw,0,2.0005701773262004e-08,0.0010618612011441893,0.0005309406034229813,76789,710.5909418713126,0.7545347351871868,101770
bayesfl_observability_v1,ola_sparse_bayesian_keep010_seed42,45,ola,global,,,all,raw,1,0.0010618612011441893,0.002123702396586605,0.0015927817988653972,22026,203.82445513885494,0.9709639382922276,101770
bayesfl_observability_v1,ola_sparse_bayesian_keep010_seed42,45,ola,global,,,all,raw,2,0.002123702396586605,0.003185543592029021,0.002654622994307813,2037,18.85001430663068,0.9909796600176869,101770
bayesfl_observability_v1,ola_sparse_bayesian_keep010_seed42,45,ola,global,,,all,raw,3,0.003185543592029021,0.004247384787471437,0.003716464189750229,219,2.026584748724654,0.9931315711899381,101770
bayesfl_observability_v1,ola_sparse_bayesian_keep010_seed42,45,ola,global,,,all,raw,4,0.004247384787471437,0.005309225982913853,0.004778305385192645,135,1.2492645711316361,0.9944580917755723,101770
bayesfl_observability_v1,ola_sparse_bayesian_keep010_seed42,45,ola,global,,,all,raw,5,0.005309225982913853,0.006371067178356269,0.005840146580635061,100,0.9253811638012112,0.9954406996167829,101770
bayesfl_observability_v1,ola_sparse_bayesian_keep010_seed42,45,ola,global,,,all,raw,6,0.006371067178356269,0.007432908373798685,0.006901987776077477,82,0.7588125543169938,0.9962464380465756,101770
bayesfl_observability_v1,ola_sparse_bayesian_keep010_seed42,45,ola,global,,,all,raw,7,0.007432908373798685,0.008494749569241102,0.007963828971519893,66,0.6107515681087994,0.9968949592217746,101770
bayesfl_observability_v1,ola_sparse_bayesian_keep010_seed42,45,ola,global,,,all,raw,8,0.008494749569241102,0.009556590764683518,0.00902567016696231,52,0.4811982051766298,0.9974059152992041,101770
bayesfl_observability_v1,ola_sparse_bayesian_keep010_seed42,45,ola,global,,,all,raw,9,0.009556590764683518,0.010618431960125933,0.010087511362404725,35,0.3238834073304245,0.9977498280436278,101770
bayesfl_observability_v1,ola_sparse_bayesian_keep010_seed42,45,ola,global,,,all,raw,10,0.010618431960125933,0.01168027315556835,0.011149352557847141,27,0.24985291422632702,0.9980151321607547,101770
bayesfl_observability_v1,ola_sparse_bayesian_keep010_seed42,45,ola,global,,,all,raw,11,0.01168027315556835,0.012742114351010766,0.012211193753289558,22,0.20358385603626647,0.998231305885821,101770
bayesfl_observability_v1,ola_sparse_bayesian_keep010_seed42,45,ola,global,,,all,raw,12,0.012742114351010766,0.013803955546453181,0.013273034948731974,23,0.21283766767427895,0.9984573056892994,101770
bayesfl_observability_v1,ola_sparse_bayesian_keep010_seed42,45,ola,global,,,all,raw,13,0.013803955546453181,0.014865796741895598,0.01433487614417439,16,0.1480609862081938,0.9986145229438931,101770
bayesfl_observability_v1,ola_sparse_bayesian_keep010_seed42,45,ola,global,,,all,raw,14,0.014865796741895598,0.01592763793733801,0.015396717339616804,17,0.15731479784620642,0.9987815662768988,101770
bayesfl_observability_v1,ola_sparse_bayesian_keep010_seed42,45,ola,global,,,all,raw,15,0.01592763793733801,0.016989479132780427,0.016458558535059217,11,0.10179192801813323,0.998889653139432,101770
bayesfl_observability_v1,ola_sparse_bayesian_keep010_seed42,45,ola,global,,,all,raw,16,0.016989479132780427,0.018051320328222844,0.017520399730501637,16,0.1480609862081938,0.9990468703940257,101770
bayesfl_observability_v1,ola_sparse_bayesian_keep010_seed42,45,ola,global,,,all,raw,17,0.018051320328222844,0.01911316152366526,0.01858224092594405,12,0.11104573965614535,0.999164783334971,101770
bayesfl_observability_v1,ola_sparse_bayesian_keep010_seed42,45,ola,global,,,all,raw,18,0.01911316152366526,0.020175002719107674,0.019644082121386467,8,0.07403049310409714,0.9992433919622679,101770
bayesfl_observability_v1,ola_sparse_bayesian_keep010_seed42,45,ola,global,,,all,raw,19,0.020175002719107674,0.02123684391455009,0.020705923316828884,11,0.10179192801813323,0.999351478824801,101770
bayesfl_observability_v1,ola_sparse_bayesian_keep010_seed42,45,ola,global,,,all,raw,20,0.02123684391455009,0.022298685109992507,0.021767764512271297,5,0.04626905819006056,0.9994006092168616,101770
bayesfl_observability_v1,ola_sparse_bayesian_keep010_seed42,45,ola,global,,,all,raw,21,0.022298685109992507,0.023360526305434923,0.022829605707713717,3,0.027761434914036338,0.9994300874520978,101770
bayesfl_observability_v1,ola_sparse_bayesian_keep010_seed42,45,ola,global,,,all,raw,22,0.023360526305434923,0.02442236750087734,0.02389144690315613,5,0.04626905819006056,0.9994792178441584,101770
bayesfl_observability_v1,ola_sparse_bayesian_keep010_seed42,45,ola,global,,,all,raw,23,0.02442236750087734,0.025484208696319757,0.02495328809859855,6,0.055522869828072675,0.999538174314631,101770
bayesfl_observability_v1,ola_sparse_bayesian_keep010_seed42,45,ola,global,,,all,raw,24,0.025484208696319757,0.02654604989176217,0.026015129294040963,2,0.018507623276024284,0.9995578264714552,101770
bayesfl_observability_v1,ola_sparse_bayesian_keep010_seed42,45,ola,global,,,all,raw,25,0.02654604989176217,0.027607891087204586,0.027076970489483376,3,0.027761434914036338,0.9995873047066915,101770
bayesfl_observability_v1,ola_sparse_bayesian_keep010_seed42,45,ola,global,,,all,raw,26,0.027607891087204586,0.028669732282647003,0.028138811684925796,3,0.027761434914036338,0.9996167829419279,101770
bayesfl_observability_v1,ola_sparse_bayesian_keep010_seed42,45,ola,global,,,all,raw,27,0.028669732282647003,0.02973157347808942,0.02920065288036821,1,0.009253811638012113,0.99962660902034,101770
bayesfl_observability_v1,ola_sparse_bayesian_keep010_seed42,45,ola,global,,,all,raw,28,0.02973157347808942,0.030793414673531836,0.03026249407581063,3,0.027761434914036338,0.9996560872555763,101770
bayesfl_observability_v1,ola_sparse_bayesian_keep010_seed42,45,ola,global,,,all,raw,29,0.030793414673531836,0.03185525586897425,0.03132433527125304,2,0.018507623276024225,0.9996757394124005,101770
bayesfl_observability_v1,ola_sparse_bayesian_keep010_seed42,45,ola,global,,,all,raw,30,0.03185525586897425,0.03291709706441667,0.03238617646669546,5,0.04626905819006041,0.9997248698044611,101770
bayesfl_observability_v1,ola_sparse_bayesian_keep010_seed42,45,ola,global,,,all,raw,31,0.03291709706441667,0.033978938259859086,0.03344801766213788,1,0.009253811638012142,0.9997346958828731,101770
bayesfl_observability_v1,ola_sparse_bayesian_keep010_seed42,45,ola,global,,,all,raw,32,0.033978938259859086,0.0350407794553015,0.03450985885758029,3,0.027761434914036428,0.9997641741181095,101770
bayesfl_observability_v1,ola_sparse_bayesian_keep010_seed42,45,ola,global,,,all,raw,33,0.0350407794553015,0.03610262065074392,0.03557170005302271,1,0.009253811638012081,0.9997740001965215,101770
bayesfl_observability_v1,ola_sparse_bayesian_keep010_seed42,45,ola,global,,,all,raw,34,0.03610262065074392,0.03716446184618633,0.03663354124846513,0,0.0,0.9997740001965215,101770
bayesfl_observability_v1,ola_sparse_bayesian_keep010_seed42,45,ola,global,,,all,raw,35,0.03716446184618633,0.03822630304162875,0.03769538244390754,0,0.0,0.9997740001965215,101770
bayesfl_observability_v1,ola_sparse_bayesian_keep010_seed42,45,ola,global,,,all,raw,36,0.03822630304162875,0.039288144237071165,0.038757223639349955,2,0.018507623276024284,0.9997936523533458,101770
bayesfl_observability_v1,ola_sparse_bayesian_keep010_seed42,45,ola,global,,,all,raw,37,0.039288144237071165,0.04034998543251358,0.039819064834792375,1,0.009253811638012142,0.9998034784317579,101770
bayesfl_observability_v1,ola_sparse_bayesian_keep010_seed42,45,ola,global,,,all,raw,38,0.04034998543251358,0.041411826627956,0.04088090603023479,2,0.018507623276024163,0.9998231305885821,101770
bayesfl_observability_v1,ola_sparse_bayesian_keep010_seed42,45,ola,global,,,all,raw,39,0.041411826627956,0.04247366782339841,0.0419427472256772,0,0.0,0.9998231305885821,101770
bayesfl_observability_v1,ola_sparse_bayesian_keep010_seed42,45,ola,global,,,all,raw,40,0.04247366782339841,0.04353550901884083,0.04300458842111962,2,0.018507623276024163,0.9998427827454063,101770
bayesfl_observability_v1,ola_sparse_bayesian_keep010_seed42,45,ola,global,,,all,raw,41,0.04353550901884083,0.044597350214283245,0.04406642961656204,2,0.018507623276024284,0.9998624349022305,101770
bayesfl_observability_v1,ola_sparse_bayesian_keep010_seed42,45,ola,global,,,all,raw,42,0.044597350214283245,0.04565919140972566,0.04512827081200445,0,0.0,0.9998624349022305,101770
bayesfl_observability_v1,ola_sparse_bayesian_keep010_seed42,45,ola,global,,,all,raw,43,0.04565919140972566,0.04672103260516808,0.04619011200744687,2,0.018507623276024163,0.9998820870590547,101770
bayesfl_observability_v1,ola_sparse_bayesian_keep010_seed42,45,ola,global,,,all,raw,44,0.04672103260516808,0.04778287380061049,0.04725195320288929,0,0.0,0.9998820870590547,101770
bayesfl_observability_v1,ola_sparse_bayesian_keep010_seed42,45,ola,global,,,all,raw,45,0.04778287380061049,0.04884471499605291,0.0483137943983317,1,0.009253811638012081,0.9998919131374668,101770
bayesfl_observability_v1,ola_sparse_bayesian_keep010_seed42,45,ola,global,,,all,raw,46,0.04884471499605291,0.049906556191495324,0.049375635593774114,0,0.0,0.9998919131374668,101770
bayesfl_observability_v1,ola_sparse_bayesian_keep010_seed42,45,ola,global,,,all,raw,47,0.049906556191495324,0.050968397386937744,0.050437476789216534,1,0.009253811638012081,0.999901739215879,101770
bayesfl_observability_v1,ola_sparse_bayesian_keep010_seed42,45,ola,global,,,all,raw,48,0.050968397386937744,0.05203023858238016,0.051499317984658954,2,0.018507623276024284,0.9999213913727032,101770
bayesfl_observability_v1,ola_sparse_bayesian_keep010_seed42,45,ola,global,,,all,raw,49,0.05203023858238016,0.05309207977782257,0.05256115918010136,0,0.0,0.9999213913727032,101770
bayesfl_observability_v1,ola_sparse_bayesian_keep010_seed42,45,ola,global,,,all,raw,50,0.05309207977782257,0.05415392097326499,0.05362300037554378,3,0.027761434914036244,0.9999508696079394,101770
bayesfl_observability_v1,ola_sparse_bayesian_keep010_seed42,45,ola,global,,,all,raw,51,0.05415392097326499,0.055215762168707404,0.0546848415709862,0,0.0,0.9999508696079394,101770
bayesfl_observability_v1,ola_sparse_bayesian_keep010_seed42,45,ola,global,,,all,raw,52,0.055215762168707404,0.056277603364149824,0.055746682766428614,1,0.009253811638012081,0.9999606956863516,101770
bayesfl_observability_v1,ola_sparse_bayesian_keep010_seed42,45,ola,global,,,all,raw,53,0.056277603364149824,0.05733944455959224,0.05680852396187103,0,0.0,0.9999606956863516,101770
bayesfl_observability_v1,ola_sparse_bayesian_keep010_seed42,45,ola,global,,,all,raw,54,0.05733944455959224,0.05840128575503465,0.05787036515731345,1,0.009253811638012142,0.9999705217647636,101770
bayesfl_observability_v1,ola_sparse_bayesian_keep010_seed42,45,ola,global,,,all,raw,55,0.05840128575503465,0.05946312695047707,0.05893220635275586,0,0.0,0.9999705217647636,101770
bayesfl_observability_v1,ola_sparse_bayesian_keep010_seed42,45,ola,global,,,all,raw,56,0.05946312695047707,0.06052496814591948,0.05999404754819827,1,0.009253811638012142,0.9999803478431758,101770
bayesfl_observability_v1,ola_sparse_bayesian_keep010_seed42,45,ola,global,,,all,raw,57,0.06052496814591948,0.0615868093413619,0.06105588874364069,0,0.0,0.9999803478431758,101770
bayesfl_observability_v1,ola_sparse_bayesian_keep010_seed42,45,ola,global,,,all,raw,58,0.0615868093413619,0.06264865053680431,0.062117729939083106,0,0.0,0.9999803478431758,101770
bayesfl_observability_v1,ola_sparse_bayesian_keep010_seed42,45,ola,global,,,all,raw,59,0.06264865053680431,0.06371049173224673,0.06317957113452552,0,0.0,0.9999803478431758,101770
bayesfl_observability_v1,ola_sparse_bayesian_keep010_seed42,45,ola,global,,,all,raw,60,0.06371049173224673,0.06477233292768915,0.06424141232996794,0,0.0,0.9999803478431758,101770
bayesfl_observability_v1,ola_sparse_bayesian_keep010_seed42,45,ola,global,,,all,raw,61,0.06477233292768915,0.06583417412313157,0.06530325352541036,0,0.0,0.9999803478431758,101770
bayesfl_observability_v1,ola_sparse_bayesian_keep010_seed42,45,ola,global,,,all,raw,62,0.06583417412313157,0.06689601531857398,0.06636509472085278,0,0.0,0.9999803478431758,101770
bayesfl_observability_v1,ola_sparse_bayesian_keep010_seed42,45,ola,global,,,all,raw,63,0.06689601531857398,0.0679578565140164,0.06742693591629519,0,0.0,0.9999803478431758,101770
bayesfl_observability_v1,ola_sparse_bayesian_keep010_seed42,45,ola,global,,,all,raw,64,0.0679578565140164,0.06901969770945882,0.0684887771117376,0,0.0,0.9999803478431758,101770
bayesfl_observability_v1,ola_sparse_bayesian_keep010_seed42,45,ola,global,,,all,raw,65,0.06901969770945882,0.07008153890490122,0.06955061830718001,1,0.009253811638012203,0.9999901739215878,101770
bayesfl_observability_v1,ola_sparse_bayesian_keep010_seed42,45,ola,global,,,all,raw,66,0.07008153890490122,0.07114338010034364,0.07061245950262243,0,0.0,0.9999901739215878,101770
bayesfl_observability_v1,ola_sparse_bayesian_keep010_seed42,45,ola,global,,,all,raw,67,0.07114338010034364,0.07220522129578606,0.07167430069806485,0,0.0,0.9999901739215878,101770
bayesfl_observability_v1,ola_sparse_bayesian_keep010_seed42,45,ola,global,,,all,raw,68,0.07220522129578606,0.07326706249122848,0.07273614189350727,0,0.0,0.9999901739215878,101770
bayesfl_observability_v1,ola_sparse_bayesian_keep010_seed42,45,ola,global,,,all,raw,69,0.07326706249122848,0.07432890368667089,0.07379798308894969,0,0.0,0.9999901739215878,101770
bayesfl_observability_v1,ola_sparse_bayesian_keep010_seed42,45,ola,global,,,all,raw,70,0.07432890368667089,0.07539074488211331,0.0748598242843921,0,0.0,0.9999901739215878,101770
bayesfl_observability_v1,ola_sparse_bayesian_keep010_seed42,45,ola,global,,,all,raw,71,0.07539074488211331,0.07645258607755573,0.07592166547983452,0,0.0,0.9999901739215878,101770
bayesfl_observability_v1,ola_sparse_bayesian_keep010_seed42,45,ola,global,,,all,raw,72,0.07645258607755573,0.07751442727299813,0.07698350667527692,0,0.0,0.9999901739215878,101770
bayesfl_observability_v1,ola_sparse_bayesian_keep010_seed42,45,ola,global,,,all,raw,73,0.07751442727299813,0.07857626846844055,0.07804534787071934,0,0.0,0.9999901739215878,101770
bayesfl_observability_v1,ola_sparse_bayesian_keep010_seed42,45,ola,global,,,all,raw,74,0.07857626846844055,0.07963810966388297,0.07910718906616176,0,0.0,0.9999901739215878,101770
bayesfl_observability_v1,ola_sparse_bayesian_keep010_seed42,45,ola,global,,,all,raw,75,0.07963810966388297,0.08069995085932538,0.08016903026160418,0,0.0,0.9999901739215878,101770
bayesfl_observability_v1,ola_sparse_bayesian_keep010_seed42,45,ola,global,,,all,raw,76,0.08069995085932538,0.0817617920547678,0.08123087145704659,0,0.0,0.9999901739215878,101770
bayesfl_observability_v1,ola_sparse_bayesian_keep010_seed42,45,ola,global,,,all,raw,77,0.0817617920547678,0.08282363325021022,0.08229271265248901,0,0.0,0.9999901739215878,101770
bayesfl_observability_v1,ola_sparse_bayesian_keep010_seed42,45,ola,global,,,all,raw,78,0.08282363325021022,0.08388547444565264,0.08335455384793143,0,0.0,0.9999901739215878,101770
bayesfl_observability_v1,ola_sparse_bayesian_keep010_seed42,45,ola,global,,,all,raw,79,0.08388547444565264,0.08494731564109505,0.08441639504337384,1,0.009253811638012203,1.0,101770
bayesfl_observability_v1,ola_sparse_bayesian_keep010_seed42,45,ola,global,,,all,db,0,-153.97649003110982,-152.31949649082094,-153.1479932609654,2,1.1860128809425111e-05,1.9652156824211458e-05,101770
bayesfl_observability_v1,ola_sparse_bayesian_keep010_seed42,45,ola,global,,,all,db,1,-152.31949649082094,-150.66250295053203,-151.49099972067648,1,5.930064404712454e-06,2.9478235236317185e-05,101770
bayesfl_observability_v1,ola_sparse_bayesian_keep010_seed42,45,ola,global,,,all,db,2,-150.66250295053203,-149.00550941024315,-149.83400618038758,0,0.0,2.9478235236317185e-05,101770
bayesfl_observability_v1,ola_sparse_bayesian_keep010_seed42,45,ola,global,,,all,db,3,-149.00550941024315,-147.34851586995427,-148.17701264009872,1,5.930064404712556e-06,3.9304313648422916e-05,101770
bayesfl_observability_v1,ola_sparse_bayesian_keep010_seed42,45,ola,global,,,all,db,4,-147.34851586995427,-145.6915223296654,-146.52001909980982,0,0.0,3.9304313648422916e-05,101770
bayesfl_observability_v1,ola_sparse_bayesian_keep010_seed42,45,ola,global,,,all,db,5,-145.6915223296654,-144.0345287893765,-144.86302555952096,0,0.0,3.9304313648422916e-05,101770
bayesfl_observability_v1,ola_sparse_bayesian_keep010_seed42,45,ola,global,,,all,db,6,-144.0345287893765,-142.3775352490876,-143.20603201923205,1,5.930064404712454e-06,4.913039206052864e-05,101770
bayesfl_observability_v1,ola_sparse_bayesian_keep010_seed42,45,ola,global,,,all,db,7,-142.3775352490876,-140.72054170879872,-141.54903847894315,0,0.0,4.913039206052864e-05,101770
bayesfl_observability_v1,ola_sparse_bayesian_keep010_seed42,45,ola,global,,,all,db,8,-140.72054170879872,-139.06354816850984,-139.8920449386543,2,1.1860128809425111e-05,6.87825488847401e-05,101770
bayesfl_observability_v1,ola_sparse_bayesian_keep010_seed42,45,ola,global,,,all,db,9,-139.06354816850984,-137.40655462822093,-138.23505139836539,1,5.930064404712454e-06,7.860862729684583e-05,101770
bayesfl_observability_v1,ola_sparse_bayesian_keep010_seed42,45,ola,global,,,all,db,10,-137.40655462822093,-135.74956108793205,-136.57805785807648,1,5.930064404712556e-06,8.843470570895156e-05,101770
bayesfl_observability_v1,ola_sparse_bayesian_keep010_seed42,45,ola,global,,,all,db,11,-135.74956108793205,-134.09256754764317,-134.92106431778762,4,2.3720257618850223e-05,0.00012773901935737446,101770
bayesfl_observability_v1,ola_sparse_bayesian_keep010_seed42,45,ola,global,,,all,db,12,-134.09256754764317,-132.4355740073543,-133.26407077749872,1,5.930064404712556e-06,0.0001375650977694802,101770
bayesfl_observability_v1,ola_sparse_bayesian_keep010_seed42,45,ola,global,,,all,db,13,-132.4355740073543,-130.7785804670654,-131.60707723720986,8,4.7440515237700446e-05,0.00021617372506632602,101770
bayesfl_observability_v1,ola_sparse_bayesian_keep010_seed42,45,ola,global,,,all,db,14,-130.7785804670654,-129.1215869267765,-129.95008369692096,6,3.558038642827472e-05,0.0002751301955389604,101770
bayesfl_observability_v1,ola_sparse_bayesian_keep010_seed42,45,ola,global,,,all,db,15,-129.1215869267765,-127.46459338648762,-128.29309015663205,3,1.7790193214137666e-05,0.0003046084307752776,101770
bayesfl_observability_v1,ola_sparse_bayesian_keep010_seed42,45,ola,global,,,all,db,16,-127.46459338648762,-125.80759984619874,-126.63609661634318,8,4.7440515237700446e-05,0.00038321705807212343,101770
bayesfl_observability_v1,ola_sparse_bayesian_keep010_seed42,45,ola,global,,,all,db,17,-125.80759984619874,-124.15060630590985,-124.97910307605429,12,7.116077285655006e-05,0.0005011299990173921,101770
bayesfl_observability_v1,ola_sparse_bayesian_keep010_seed42,45,ola,global,,,all,db,18,-124.15060630590985,-122.49361276562095,-123.3221095357654,11,6.523070845183754e-05,0.0006092168615505552,101770
bayesfl_observability_v1,ola_sparse_bayesian_keep010_seed42,45,ola,global,,,all,db,19,-122.49361276562095,-120.83661922533207,-121.66511599547651,7,4.151045083298789e-05,0.0006779994104352953,101770
bayesfl_observability_v1,ola_sparse_bayesian_keep010_seed42,45,ola,global,,,all,db,20,-120.83661922533207,-119.17962568504319,-120.00812245518763,12,7.116077285655066e-05,0.000795912351380564,101770
bayesfl_observability_v1,ola_sparse_bayesian_keep010_seed42,45,ola,global,,,all,db,21,-119.17962568504319,-117.5226321447543,-118.35112891489874,18,0.00010674115928482508,0.0009727817627984671,101770
bayesfl_observability_v1,ola_sparse_bayesian_keep010_seed42,45,ola,global,,,all,db,22,-117.5226321447543,-115.8656386044654,-116.69413537460986,20,0.00011860128809425009,0.0011693033310405817,101770
bayesfl_observability_v1,ola_sparse_bayesian_keep010_seed42,45,ola,global,,,all,db,23,-115.8656386044654,-114.20864506417652,-115.03714183432096,30,0.00017790193214137668,0.0014640856834037535,101770
bayesfl_observability_v1,ola_sparse_bayesian_keep010_seed42,45,ola,global,,,all,db,24,-114.20864506417652,-112.55165152388764,-113.38014829403208,39,0.00023127251178378967,0.001847302741475877,101770
bayesfl_observability_v1,ola_sparse_bayesian_keep010_seed42,45,ola,global,,,all,db,25,-112.55165152388764,-110.89465798359875,-111.72315475374319,42,0.0002490627049979252,0.0022599980347843174,101770
bayesfl_observability_v1,ola_sparse_bayesian_keep010_seed42,45,ola,global,,,all,db,26,-110.89465798359875,-109.23766444330985,-110.06616121345431,42,0.0002490627049979252,0.002672693328092758,101770
bayesfl_observability_v1,ola_sparse_bayesian_keep010_seed42,45,ola,global,,,all,db,27,-109.23766444330985,-107.58067090302097,-108.40916767316541,56,0.00033208360666390314,0.003222953719170679,101770
bayesfl_observability_v1,ola_sparse_bayesian_keep010_seed42,45,ola,global,,,all,db,28,-107.58067090302097,-105.92367736273209,-106.75217413287653,62,0.00036766399309217843,0.0038321705807212343,101770
bayesfl_observability_v1,ola_sparse_bayesian_keep010_seed42,45,ola,global,,,all,db,29,-105.92367736273209,-104.2666838224432,-105.09518059258764,70,0.00041510450832987533,0.004519996069568635,101770
bayesfl_observability_v1,ola_sparse_bayesian_keep010_seed42,45,ola,global,,,all,db,30,-104.2666838224432,-102.6096902821543,-103.43818705229876,92,0.0005455659252335504,0.005423995283482363,101770
bayesfl_observability_v1,ola_sparse_bayesian_keep010_seed42,45,ola,global,,,all,db,31,-102.6096902821543,-100.95269674186542,-101.78119351200986,123,0.0007293979217796444,0.006632602928171367,101770
bayesfl_observability_v1,ola_sparse_bayesian_keep010_seed42,45,ola,global,,,all,db,32,-100.95269674186542,-99.29570320157654,-100.12419997172098,137,0.0008124188234456201,0.007978775670629852,101770
bayesfl_observability_v1,ola_sparse_bayesian_keep010_seed42,45,ola,global,,,all,db,33,-99.29570320157654,-97.63870966128765,-98.46720643143209,158,0.0009369501759445757,0.009531296059742556,101770
bayesfl_observability_v1,ola_sparse_bayesian_keep010_seed42,45,ola,global,,,all,db,34,-97.63870966128765,-95.98171612099875,-96.81021289114321,207,0.0012275233317754885,0.011565294291048443,101770
bayesfl_observability_v1,ola_sparse_bayesian_keep010_seed42,45,ola,global,,,all,db,35,-95.98171612099875,-94.32472258070987,-95.15321935085431,246,0.0014587958435592888,0.013982509580426452,101770
bayesfl_observability_v1,ola_sparse_bayesian_keep010_seed42,45,ola,global,,,all,db,36,-94.32472258070987,-92.667729040421,-93.49622581056543,308,0.0018264598366514672,0.017008941731355018,101770
bayesfl_observability_v1,ola_sparse_bayesian_keep010_seed42,45,ola,global,,,all,db,37,-92.667729040421,-91.0107355001321,-91.83923227027654,350,0.0020755225416493766,0.020448069175592023,101770
bayesfl_observability_v1,ola_sparse_bayesian_keep010_seed42,45,ola,global,,,all,db,38,-91.0107355001321,-89.3537419598432,-90.18223872998766,419,0.0024846969855745393,0.02456519603026432,101770
bayesfl_observability_v1,ola_sparse_bayesian_keep010_seed42,45,ola,global,,,all,db,39,-89.3537419598432,-87.69674841955432,-88.52524518969877,517,0.0030658432972363913,0.02964527856932298,101770
bayesfl_observability_v1,ola_sparse_bayesian_keep010_seed42,45,ola,global,,,all,db,40,-87.69674841955432,-86.03975487926544,-86.86825164940988,622,0.0036885000597312095,0.03575709934165275,101770
bayesfl_observability_v1,ola_sparse_bayesian_keep010_seed42,45,ola,global,,,all,db,41,-86.03975487926544,-84.38276133897655,-85.21125810912099,738,0.004376387530677828,0.04300874520978677,101770
bayesfl_observability_v1,ola_sparse_bayesian_keep010_seed42,45,ola,global,,,all,db,42,-84.38276133897655,-82.72576779868766,-83.55426456883211,904,0.005360778221860104,0.05189152009433035,101770
bayesfl_observability_v1,ola_sparse_bayesian_keep010_seed42,45,ola,global,,,all,db,43,-82.72576779868766,-81.06877425839878,-81.89727102854322,1147,0.0068017838722053015,0.06316203203301562,101770
bayesfl_observability_v1,ola_sparse_bayesian_keep010_seed42,45,ola,global,,,all,db,44,-81.06877425839878,-79.4117807181099,-80.24027748825434,1373,0.00814197842767034,0.07665323769283679,101770
bayesfl_observability_v1,ola_sparse_bayesian_keep010_seed42,45,ola,global,,,all,db,45,-79.4117807181099,-77.754787177821,-78.58328394796544,1603,0.009505893240754145,0.09240444138744228,101770
bayesfl_observability_v1,ola_sparse_bayesian_keep010_seed42,45,ola,global,,,all,db,46,-77.754787177821,-76.0977936375321,-76.92629040767656,1957,0.011605136040022371,0.11163407683993318,101770
bayesfl_observability_v1,ola_sparse_bayesian_keep010_seed42,45,ola,global,,,all,db,47,-76.0977936375321,-74.44080009724323,-75.26929686738767,2430,0.01441005650345151,0.1355114473813501,101770
bayesfl_observability_v1,ola_sparse_bayesian_keep010_seed42,45,ola,global,,,all,db,48,-74.44080009724323,-72.78380655695435,-73.61230332709879,2858,0.016948124068668483,0.16359437948314828,101770
bayesfl_observability_v1,ola_sparse_bayesian_keep010_seed42,45,ola,global,,,all,db,49,-72.78380655695435,-71.12681301666545,-71.95530978680989,3490,0.02069592477244664,0.19788739314139728,101770
bayesfl_observability_v1,ola_sparse_bayesian_keep010_seed42,45,ola,global,,,all,db,50,-71.12681301666545,-69.46981947637656,-70.29831624652101,4231,0.025090102496338605,0.2394615309030166,101770
bayesfl_observability_v1,ola_sparse_bayesian_keep010_seed42,45,ola,global,,,all,db,51,-69.46981947637656,-67.81282593608768,-68.64132270623212,5198,0.030824474775695863,0.2905374864891422,101770
bayesfl_observability_v1,ola_sparse_bayesian_keep010_seed42,45,ola,global,,,all,db,52,-67.81282593608768,-66.1558323957988,-66.98432916594324,6284,0.0372645247192137,0.3522845632308146,101770
bayesfl_observability_v1,ola_sparse_bayesian_keep010_seed42,45,ola,global,,,all,db,53,-66.1558323957988,-64.4988388555099,-65.32733562565434,7513,0.04455257387260505,0.4261078903409649,101770
bayesfl_observability_v1,ola_sparse_bayesian_keep010_seed42,45,ola,global,,,all,db,54,-64.4988388555099,-62.84184531522101,-63.670342085365455,9081,0.05385091485919425,0.515338508401297,101770
bayesfl_observability_v1,ola_sparse_bayesian_keep010_seed42,45,ola,global,,,all,db,55,-62.84184531522101,-61.18485177493213,-62.01334854507657,10869,0.06445387001482077,0.6221381546624742,101770
bayesfl_observability_v1,ola_sparse_bayesian_keep010_seed42,45,ola,global,,,all,db,56,-61.18485177493213,-59.52785823464325,-60.35635500478769,13076,0.07754152215602138,0.7506239559791688,101770
bayesfl_observability_v1,ola_sparse_bayesian_keep010_seed42,45,ola,global,,,all,db,57,-59.52785823464325,-57.87086469435435,-58.6993614644988,10074,0.05973946881307377,0.8496118699027219,101770
bayesfl_observability_v1,ola_sparse_bayesian_keep010_seed42,45,ola,global,,,all,db,58,-57.87086469435435,-56.21387115406546,-57.042367924209906,6006,0.035615966814703304,0.9086272968458289,101770
bayesfl_observability_v1,ola_sparse_bayesian_keep010_seed42,45,ola,global,,,all,db,59,-56.21387115406546,-54.55687761377658,-55.38537438392102,4444,0.026353206214542596,0.9522943893092267,101770
bayesfl_observability_v1,ola_sparse_bayesian_keep010_seed42,45,ola,global,,,all,db,60,-54.55687761377658,-52.8998840734877,-53.72838084363214,2596,0.015394447194633794,0.9778028888670531,101770
bayesfl_observability_v1,ola_sparse_bayesian_keep010_seed42,45,ola,global,,,all,db,61,-52.8998840734877,-51.2428905331988,-52.07138730334325,1062,0.00629772839780468,0.9882381841407094,101770
bayesfl_observability_v1,ola_sparse_bayesian_keep010_seed42,45,ola,global,,,all,db,62,-51.2428905331988,-49.58589699290991,-50.414393763054356,326,0.0019332009959362765,0.9914414857030559,101770
bayesfl_observability_v1,ola_sparse_bayesian_keep010_seed42,45,ola,global,,,all,db,63,-49.58589699290991,-47.92890345262103,-48.75740022276547,132,0.0007827685014220574,0.9927385280534539,101770
bayesfl_observability_v1,ola_sparse_bayesian_keep010_seed42,45,ola,global,,,all,db,64,-47.92890345262103,-46.27190991233215,-47.10040668247659,125,0.0007412580505890695,0.9939667878549671,101770
bayesfl_observability_v1,ola_sparse_bayesian_keep010_seed42,45,ola,global,,,all,db,65,-46.27190991233215,-44.614916372043254,-45.4434131421877,111,0.000658237148923088,0.9950574825587108,101770
bayesfl_observability_v1,ola_sparse_bayesian_keep010_seed42,45,ola,global,,,all,db,66,-44.614916372043254,-42.95792283175436,-43.78641960189881,102,0.0006048665692806755,0.9960597425567456,101770
bayesfl_observability_v1,ola_sparse_bayesian_keep010_seed42,45,ola,global,,,all,db,67,-42.95792283175436,-41.30092929146548,-42.12942606160992,91,0.0005396358608288426,0.9969539156922472,101770
bayesfl_observability_v1,ola_sparse_bayesian_keep010_seed42,45,ola,global,,,all,db,68,-41.30092929146548,-39.6439357511766,-40.47243252132104,75,0.00044475483035344166,0.9976908715731552,101770
bayesfl_observability_v1,ola_sparse_bayesian_keep010_seed42,45,ola,global,,,all,db,69,-39.6439357511766,-37.986942210887705,-38.81543898103215,51,0.00030243328464033773,0.9981920015721726,101770
bayesfl_observability_v1,ola_sparse_bayesian_keep010_seed42,45,ola,global,,,all,db,70,-37.986942210887705,-36.32994867059881,-37.15844544074326,51,0.00030243328464033773,0.9986931315711899,101770
bayesfl_observability_v1,ola_sparse_bayesian_keep010_seed42,45,ola,global,,,all,db,71,-36.32994867059881,-34.67295513030993,-35.50145190045437,43,0.0002549927694026399,0.9991156529429105,101770
bayesfl_observability_v1,ola_sparse_bayesian_keep010_seed42,45,ola,global,,,all,db,72,-34.67295513030993,-33.01596159002105,-33.84445836016549,30,0.00017790193214137668,0.9994104352952736,101770
bayesfl_observability_v1,ola_sparse_bayesian_keep010_seed42,45,ola,global,,,all,db,73,-33.01596159002105,-31.358968049732155,-32.1874648198766,17,0.00010081109488011258,0.9995774786282795,101770
bayesfl_observability_v1,ola_sparse_bayesian_keep010_seed42,45,ola,global,,,all,db,74,-31.358968049732155,-29.70197450944326,-30.530471279587708,14,8.302090166597507e-05,0.9997150437260489,101770
bayesfl_observability_v1,ola_sparse_bayesian_keep010_seed42,45,ola,global,,,all,db,75,-29.70197450944326,-28.04498096915438,-28.87347773929882,8,4.7440515237700446e-05,0.9997936523533458,101770
bayesfl_observability_v1,ola_sparse_bayesian_keep010_seed42,45,ola,global,,,all,db,76,-28.04498096915438,-26.3879874288655,-27.21648419900994,9,5.3370579642413e-05,0.9998820870590547,101770
bayesfl_observability_v1,ola_sparse_bayesian_keep010_seed42,45,ola,global,,,all,db,77,-26.3879874288655,-24.73099388857659,-25.559490658721046,8,4.744051523769963e-05,0.9999606956863516,101770
bayesfl_observability_v1,ola_sparse_bayesian_keep010_seed42,45,ola,global,,,all,db,78,-24.73099388857659,-23.07400034828771,-23.90249711843215,3,1.7790193214137666e-05,0.9999901739215878,101770
bayesfl_observability_v1,ola_sparse_bayesian_keep010_seed42,45,ola,global,,,all,db,79,-23.07400034828771,-21.41700680799882,-22.245503578143264,1,5.930064404712518e-06,1.0,101770
bayesfl_observability_v1,ola_sparse_bayesian_keep010_seed42,45,ola,global,,,layers.0.weight,raw,0,2.0005701773262004e-08,6.394697973508076e-05,3.198349271842701e-05,4620,720.1646429343667,0.04603794642857143,100352
bayesfl_observability_v1,ola_sparse_bayesian_keep010_seed42,45,ola,global,,,layers.0.weight,raw,1,6.394697973508076e-05,0.00012787395376838827,9.59104667517345e-05,4631,721.8793206556388,0.09218550701530612,100352
bayesfl_observability_v1,ola_sparse_bayesian_keep010_seed42,45,ola,global,,,layers.0.weight,raw,2,0.00012787395376838827,0.00019180092780169577,0.000159837440785042,4654,725.4645558910266,0.13856226084183673,100352
bayesfl_observability_v1,ola_sparse_bayesian_keep010_seed42,45,ola,global,,,layers.0.weight,raw,3,0.00019180092780169577,0.00025572790183500324,0.0002237644148183495,4551,709.4089372282044,0.18391262755102042,100352
bayesfl_observability_v1,ola_sparse_bayesian_keep010_seed42,45,ola,global,,,layers.0.weight,raw,4,0.00025572790183500324,0.00031965487586831077,0.000287691388851657,4667,727.4909931979844,0.23041892538265307,100352
bayesfl_observability_v1,ola_sparse_bayesian_keep010_seed42,45,ola,global,,,layers.0.weight,raw,5,0.00031965487586831077,0.00038358184990161824,0.00035161836288496453,4656,725.7763154767127,0.27681560905612246,100352
bayesfl_observability_v1,ola_sparse_bayesian_keep010_seed42,45,ola,global,,,layers.0.weight,raw,6,0.00038358184990161824,0.0004475088239349257,0.00041554533691827195,4626,721.0999216914247,0.3229133450255102,100352
bayesfl_observability_v1,ola_sparse_bayesian_keep010_seed42,45,ola,global,,,layers.0.weight,raw,7,0.0004475088239349257,0.0005114357979682332,0.0004794723109515795,4681,729.6733102977855,0.3695591517857143,100352
bayesfl_observability_v1,ola_sparse_bayesian_keep010_seed42,45,ola,global,,,layers.0.weight,raw,8,0.0005114357979682332,0.0005753627720015408,0.000543399284984887,4614,719.2293641773088,0.4155373086734694,100352
bayesfl_observability_v1,ola_sparse_bayesian_keep010_seed42,45,ola,global,,,layers.0.weight,raw,9,0.0005753627720015408,0.0006392897460348483,0.0006073262590181945,4684,730.1409496763143,0.4622130102040816,100352
bayesfl_observability_v1,ola_sparse_bayesian_keep010_seed42,45,ola,global,,,layers.0.weight,raw,10,0.0006392897460348483,0.0007032167200681557,0.000671253233051502,4581,714.0853310134931,0.5078623246173469,100352
bayesfl_observability_v1,ola_sparse_bayesian_keep010_seed42,45,ola,global,,,layers.0.weight,raw,11,0.0007032167200681557,0.0007671436941014632,0.0007351802070848095,4586,714.8647299777066,0.5535614636479592,100352
bayesfl_observability_v1,ola_sparse_bayesian_keep010_seed42,45,ola,global,,,layers.0.weight,raw,12,0.0007671436941014632,0.0008310706681347708,0.000799107181118117,4646,724.2175175482827,0.5998584980867347,100352
bayesfl_observability_v1,ola_sparse_bayesian_keep010_seed42,45,ola,global,,,layers.0.weight,raw,13,0.0008310706681347708,0.0008949976421680782,0.0008630341551514244,4583,714.397090599179,0.6455277423469388,100352
bayesfl_observability_v1,ola_sparse_bayesian_keep010_seed42,45,ola,global,,,layers.0.weight,raw,14,0.0008949976421680782,0.0009589246162013857,0.0009269611291847319,4695,731.8556273975867,0.6923130580357143,100352
bayesfl_observability_v1,ola_sparse_bayesian_keep010_seed42,45,ola,global,,,layers.0.weight,raw,15,0.0009589246162013857,0.0010228515902346933,0.0009908881032180395,4451,693.820957943909,0.7366669323979592,100352
bayesfl_observability_v1,ola_sparse_bayesian_keep010_seed42,45,ola,global,,,layers.0.weight,raw,16,0.0010228515902346933,0.0010867785642680009,0.001054815077251347,4155,647.6805392624009,0.7780711894132653,100352
bayesfl_observability_v1,ola_sparse_bayesian_keep010_seed42,45,ola,global,,,layers.0.weight,raw,17,0.0010867785642680009,0.0011507055383013084,0.0011187420512846547,3366,524.6913827093241,0.8116131218112245,100352
bayesfl_observability_v1,ola_sparse_bayesian_keep010_seed42,45,ola,global,,,layers.0.weight,raw,18,0.0011507055383013084,0.001214632512334616,0.001182669025317962,2712,422.7459981900436,0.8386379942602041,100352
bayesfl_observability_v1,ola_sparse_bayesian_keep010_seed42,45,ola,global,,,layers.0.weight,raw,19,0.001214632512334616,0.0012785594863679234,0.0012465959993512698,2008,313.0066240286164,0.8586475605867347,100352
bayesfl_observability_v1,ola_sparse_bayesian_keep010_seed42,45,ola,global,,,layers.0.weight,raw,20,0.0012785594863679234,0.0013424864604012308,0.001310522973384577,1714,267.177964932794,0.8757274394132653,100352
bayesfl_observability_v1,ola_sparse_bayesian_keep010_seed42,45,ola,global,,,layers.0.weight,raw,21,0.0013424864604012308,0.0014064134344345383,0.0013744499474178844,1504,234.4432084357764,0.8907146843112245,100352
bayesfl_observability_v1,ola_sparse_bayesian_keep010_seed42,45,ola,global,,,layers.0.weight,raw,22,0.0014064134344345383,0.0014703404084678458,0.0014383769214511921,1311,204.3584084170897,0.9037786989795918,100352
bayesfl_observability_v1,ola_sparse_bayesian_keep010_seed42,45,ola,global,,,layers.0.weight,raw,23,0.0014703404084678458,0.0015342673825011533,0.0015023038954844995,1199,186.8998716186808,0.9157266422193877,100352
bayesfl_observability_v1,ola_sparse_bayesian_keep010_seed42,45,ola,global,,,layers.0.weight,raw,24,0.0015342673825011533,0.0015981943565344609,0.0015662308695178072,1117,174.11772860556002,0.9268574617346939,100352
bayesfl_observability_v1,ola_sparse_bayesian_keep010_seed42,45,ola,global,,,layers.0.weight,raw,25,0.0015981943565344609,0.0016621213305677684,0.0016301578435511145,1004,156.5033120143082,0.9368622448979592,100352
bayesfl_observability_v1,ola_sparse_bayesian_keep010_seed42,45,ola,global,,,layers.0.weight,raw,26,0.0016621213305677684,0.001726048304601076,0.0016940848175844223,870,135.61541977335472,0.9455317283163265,100352
bayesfl_observability_v1,ola_sparse_bayesian_keep010_seed42,45,ola,global,,,layers.0.weight,raw,27,0.001726048304601076,0.0017899752786343832,0.0017580117916177296,739,115.19516691093042,0.9528958067602041,100352
bayesfl_observability_v1,ola_sparse_bayesian_keep010_seed42,45,ola,global,,,layers.0.weight,raw,28,0.0017899752786343832,0.0018539022526676907,0.0018219387656510369,694,108.1805762329979,0.9598114636479592,100352
bayesfl_observability_v1,ola_sparse_bayesian_keep010_seed42,45,ola,global,,,layers.0.weight,raw,29,0.0018539022526676907,0.0019178292267009983,0.0018858657396843446,632,98.51602907673583,0.9661092952806123,100352
bayesfl_observability_v1,ola_sparse_bayesian_keep010_seed42,45,ola,global,,,layers.0.weight,raw,30,0.0019178292267009983,0.001981756200734306,0.001949792713717652,515,80.27809331411227,0.9712412308673469,100352
bayesfl_observability_v1,ola_sparse_bayesian_keep010_seed42,45,ola,global,,,layers.0.weight,raw,31,0.001981756200734306,0.002045683174767613,0.0020137196877509592,439,68.43122905804934,0.9756158322704082,100352
bayesfl_observability_v1,ola_sparse_bayesian_keep010_seed42,45,ola,global,,,layers.0.weight,raw,32,0.002045683174767613,0.0021096101488009204,0.002077646661784267,392,61.1048787944313,0.9795220822704082,100352
bayesfl_observability_v1,ola_sparse_bayesian_keep010_seed42,45,ola,global,,,layers.0.weight,raw,33,0.0021096101488009204,0.002173537122834228,0.0021415736358175743,317,49.41389433121069,0.9826809630102041,100352
bayesfl_observability_v1,ola_sparse_bayesian_keep010_seed42,45,ola,global,,,layers.0.weight,raw,34,0.002173537122834228,0.0022374640968675355,0.0022055006098508816,315,49.10213474552515,0.9858199139030612,100352
bayesfl_observability_v1,ola_sparse_bayesian_keep010_seed42,45,ola,global,,,layers.0.weight,raw,35,0.0022374640968675355,0.002301391070900843,0.0022694275838841893,229,35.69647256103233,0.9881018813775511,100352
bayesfl_observability_v1,ola_sparse_bayesian_keep010_seed42,45,ola,global,,,layers.0.weight,raw,36,0.002301391070900843,0.0023653180449341505,0.002333354557917497,214,33.358275668388515,0.990234375,100352
bayesfl_observability_v1,ola_sparse_bayesian_keep010_seed42,45,ola,global,,,layers.0.weight,raw,37,0.0023653180449341505,0.0024292450189674583,0.0023972815319508044,163,25.408406233398555,0.9918586575255102,100352
bayesfl_observability_v1,ola_sparse_bayesian_keep010_seed42,45,ola,global,,,layers.0.weight,raw,38,0.0024292450189674583,0.0024931719930007656,0.0024612085059841117,150,23.381968926440546,0.9933533960459183,100352
bayesfl_observability_v1,ola_sparse_bayesian_keep010_seed42,45,ola,global,,,layers.0.weight,raw,39,0.0024931719930007656,0.0025570989670340733,0.0025251354800174194,114,17.770296384094696,0.9944893973214286,100352
bayesfl_observability_v1,ola_sparse_bayesian_keep010_seed42,45,ola,global,,,layers.0.weight,raw,40,0.0025570989670340733,0.0026210259410673806,0.002589062454050727,97,15.120339905764887,0.9954559948979592,100352
bayesfl_observability_v1,ola_sparse_bayesian_keep010_seed42,45,ola,global,,,layers.0.weight,raw,41,0.0026210259410673806,0.002684952915100688,0.002652989428084034,76,11.846864256063212,0.9962133290816326,100352
bayesfl_observability_v1,ola_sparse_bayesian_keep010_seed42,45,ola,global,,,layers.0.weight,raw,42,0.002684952915100688,0.0027488798891339957,0.002716916402117342,60,9.352787570576156,0.9968112244897959,100352
bayesfl_observability_v1,ola_sparse_bayesian_keep010_seed42,45,ola,global,,,layers.0.weight,raw,43,0.0027488798891339957,0.002812806863167303,0.0027808433761506495,45,7.014590677932164,0.9972596460459183,100352
bayesfl_observability_v1,ola_sparse_bayesian_keep010_seed42,45,ola,global,,,layers.0.weight,raw,44,0.002812806863167303,0.0028767338372006107,0.002844770350183957,46,7.170470470775053,0.9977180325255102,100352
bayesfl_observability_v1,ola_sparse_bayesian_keep010_seed42,45,ola,global,,,layers.0.weight,raw,45,0.0028767338372006107,0.002940660811233918,0.002908697324217264,33,5.14403316381692,0.998046875,100352
bayesfl_observability_v1,ola_sparse_bayesian_keep010_seed42,45,ola,global,,,layers.0.weight,raw,46,0.002940660811233918,0.0030045877852672258,0.002972624298250572,26,4.052874613916334,0.9983059630102041,100352
bayesfl_observability_v1,ola_sparse_bayesian_keep010_seed42,45,ola,global,,,layers.0.weight,raw,47,0.0030045877852672258,0.003068514759300533,0.0030365512722838797,31,4.832273578131047,0.9986148756377551,100352
bayesfl_observability_v1,ola_sparse_bayesian_keep010_seed42,45,ola,global,,,layers.0.weight,raw,48,0.003068514759300533,0.0031324417333338404,0.0031004782463171865,22,3.4293554425446136,0.9988341039540817,100352
bayesfl_observability_v1,ola_sparse_bayesian_keep010_seed42,45,ola,global,,,layers.0.weight,raw,49,0.0031324417333338404,0.003196368707367148,0.0031644052203504943,20,3.1175958568587183,0.9990334024234694,100352
bayesfl_observability_v1,ola_sparse_bayesian_keep010_seed42,45,ola,global,,,layers.0.weight,raw,50,0.003196368707367148,0.0032602956814004555,0.003228332194383802,13,2.0264373069581807,0.9991629464285714,100352
bayesfl_observability_v1,ola_sparse_bayesian_keep010_seed42,45,ola,global,,,layers.0.weight,raw,51,0.0032602956814004555,0.003324222655433763,0.0032922591684171093,12,1.870557514115231,0.9992825255102041,100352
bayesfl_observability_v1,ola_sparse_bayesian_keep010_seed42,45,ola,global,,,layers.0.weight,raw,52,0.003324222655433763,0.0033881496294670705,0.0033561861424504166,10,1.5587979284293698,0.999382174744898,100352
bayesfl_observability_v1,ola_sparse_bayesian_keep010_seed42,45,ola,global,,,layers.0.weight,raw,53,0.0033881496294670705,0.0034520766035003782,0.0034201131164837244,4,0.6235191713717437,0.9994220344387755,100352
bayesfl_observability_v1,ola_sparse_bayesian_keep010_seed42,45,ola,global,,,layers.0.weight,raw,54,0.0034520766035003782,0.0035160035775336856,0.003484040090517032,7,1.091158549900559,0.9994917889030612,100352
bayesfl_observability_v1,ola_sparse_bayesian_keep010_seed42,45,ola,global,,,layers.0.weight,raw,55,0.0035160035775336856,0.003579930551566993,0.003547967064550339,5,0.7793989642146849,0.9995416135204082,100352
bayesfl_observability_v1,ola_sparse_bayesian_keep010_seed42,45,ola,global,,,layers.0.weight,raw,56,0.003579930551566993,0.0036438575256003006,0.0036118940385836467,5,0.7793989642146796,0.9995914381377551,100352
bayesfl_observability_v1,ola_sparse_bayesian_keep010_seed42,45,ola,global,,,layers.0.weight,raw,57,0.0036438575256003006,0.003707784499633608,0.0036758210126169545,6,0.9352787570576219,0.9996512276785714,100352
bayesfl_observability_v1,ola_sparse_bayesian_keep010_seed42,45,ola,global,,,layers.0.weight,raw,58,0.003707784499633608,0.0037717114736669157,0.003739747986650262,3,0.46763937852880777,0.9996811224489796,100352
bayesfl_observability_v1,ola_sparse_bayesian_keep010_seed42,45,ola,global,,,layers.0.weight,raw,59,0.0037717114736669157,0.003835638447700223,0.003803674960683569,7,1.091158549900559,0.9997508769132653,100352
bayesfl_observability_v1,ola_sparse_bayesian_keep010_seed42,45,ola,global,,,layers.0.weight,raw,60,0.003835638447700223,0.0038995654217335307,0.003867601934716877,3,0.46763937852880777,0.9997807716836735,100352
bayesfl_observability_v1,ola_sparse_bayesian_keep010_seed42,45,ola,global,,,layers.0.weight,raw,61,0.0038995654217335307,0.0039634923957668385,0.003931528908750185,4,0.6235191713717437,0.9998206313775511,100352
bayesfl_observability_v1,ola_sparse_bayesian_keep010_seed42,45,ola,global,,,layers.0.weight,raw,62,0.0039634923957668385,0.004027419369800145,0.003995455882783492,4,0.6235191713717522,0.9998604910714286,100352
bayesfl_observability_v1,ola_sparse_bayesian_keep010_seed42,45,ola,global,,,layers.0.weight,raw,63,0.004027419369800145,0.004091346343833453,0.004059382856816799,1,0.15587979284293593,0.999870455994898,100352
bayesfl_observability_v1,ola_sparse_bayesian_keep010_seed42,45,ola,global,,,layers.0.weight,raw,64,0.004091346343833453,0.004155273317866761,0.004123309830850107,6,0.9352787570576155,0.9999302455357143,100352
bayesfl_observability_v1,ola_sparse_bayesian_keep010_seed42,45,ola,global,,,layers.0.weight,raw,65,0.004155273317866761,0.004219200291900068,0.004187236804883414,0,0.0,0.9999302455357143,100352
bayesfl_observability_v1,ola_sparse_bayesian_keep010_seed42,45,ola,global,,,layers.0.weight,raw,66,0.004219200291900068,0.0042831272659333754,0.0042511637789167216,1,0.15587979284293593,0.9999402104591837,100352
bayesfl_observability_v1,ola_sparse_bayesian_keep010_seed42,45,ola,global,,,layers.0.weight,raw,67,0.0042831272659333754,0.004347054239966683,0.004315090752950029,0,0.0,0.9999402104591837,100352
bayesfl_observability_v1,ola_sparse_bayesian_keep010_seed42,45,ola,global,,,layers.0.weight,raw,68,0.004347054239966683,0.004410981213999991,0.004379017726983337,2,0.31175958568587187,0.9999601403061225,100352
bayesfl_observability_v1,ola_sparse_bayesian_keep010_seed42,45,ola,global,,,layers.0.weight,raw,69,0.004410981213999991,0.004474908188033298,0.004442944701016645,1,0.15587979284293804,0.9999701052295918,100352
bayesfl_observability_v1,ola_sparse_bayesian_keep010_seed42,45,ola,global,,,layers.0.weight,raw,70,0.004474908188033298,0.0045388351620666055,0.004506871675049952,0,0.0,0.9999701052295918,100352
bayesfl_observability_v1,ola_sparse_bayesian_keep010_seed42,45,ola,global,,,layers.0.weight,raw,71,0.0045388351620666055,0.004602762136099913,0.004570798649083259,0,0.0,0.9999701052295918,100352
bayesfl_observability_v1,ola_sparse_bayesian_keep010_seed42,45,ola,global,,,layers.0.weight,raw,72,0.004602762136099913,0.00466668911013322,0.004634725623116566,1,0.15587979284293804,0.9999800701530612,100352
bayesfl_observability_v1,ola_sparse_bayesian_keep010_seed42,45,ola,global,,,layers.0.weight,raw,73,0.00466668911013322,0.004730616084166528,0.004698652597149874,0,0.0,0.9999800701530612,100352
bayesfl_observability_v1,ola_sparse_bayesian_keep010_seed42,45,ola,global,,,layers.0.weight,raw,74,0.004730616084166528,0.004794543058199836,0.004762579571183182,0,0.0,0.9999800701530612,100352
bayesfl_observability_v1,ola_sparse_bayesian_keep010_seed42,45,ola,global,,,layers.0.weight,raw,75,0.004794543058199836,0.004858470032233143,0.0048265065452164895,1,0.15587979284293593,0.9999900350765306,100352
bayesfl_observability_v1,ola_sparse_bayesian_keep010_seed42,45,ola,global,,,layers.0.weight,raw,76,0.004858470032233143,0.00492239700626645,0.004890433519249797,0,0.0,0.9999900350765306,100352
bayesfl_observability_v1,ola_sparse_bayesian_keep010_seed42,45,ola,global,,,layers.0.weight,raw,77,0.00492239700626645,0.004986323980299758,0.004954360493283104,0,0.0,0.9999900350765306,100352
bayesfl_observability_v1,ola_sparse_bayesian_keep010_seed42,45,ola,global,,,layers.0.weight,raw,78,0.004986323980299758,0.005050250954333066,0.005018287467316412,0,0.0,0.9999900350765306,100352
bayesfl_observability_v1,ola_sparse_bayesian_keep010_seed42,45,ola,global,,,layers.0.weight,raw,79,0.005050250954333066,0.005114177928366373,0.005082214441349719,1,0.15587979284293804,1.0,100352
bayesfl_observability_v1,ola_sparse_bayesian_keep010_seed42,45,ola,global,,,layers.0.weight,db,0,-153.97649003110982,-152.6245899473053,-153.30053998920755,2,1.4742100527643329e-05,1.992984693877551e-05,100352
bayesfl_observability_v1,ola_sparse_bayesian_keep010_seed42,45,ola,global,,,layers.0.weight,db,1,-152.6245899473053,-151.27268986350083,-151.94863990540307,0,0.0,1.992984693877551e-05,100352
bayesfl_observability_v1,ola_sparse_bayesian_keep010_seed42,45,ola,global,,,layers.0.weight,db,2,-151.27268986350083,-149.92078977969632,-150.5967398215986,1,7.3710502638216644e-06,2.9894770408163265e-05,100352
bayesfl_observability_v1,ola_sparse_bayesian_keep010_seed42,45,ola,global,,,layers.0.weight,db,3,-149.92078977969632,-148.56888969589184,-149.24483973779408,0,0.0,2.9894770408163265e-05,100352
bayesfl_observability_v1,ola_sparse_bayesian_keep010_seed42,45,ola,global,,,layers.0.weight,db,4,-148.56888969589184,-147.21698961208733,-147.89293965398957,1,7.3710502638216644e-06,3.985969387755102e-05,100352
bayesfl_observability_v1,ola_sparse_bayesian_keep010_seed42,45,ola,global,,,layers.0.weight,db,5,-147.21698961208733,-145.86508952828282,-146.5410395701851,0,0.0,3.985969387755102e-05,100352
bayesfl_observability_v1,ola_sparse_bayesian_keep010_seed42,45,ola,global,,,layers.0.weight,db,6,-145.86508952828282,-144.51318944447834,-145.18913948638058,0,0.0,3.985969387755102e-05,100352
bayesfl_observability_v1,ola_sparse_bayesian_keep010_seed42,45,ola,global,,,layers.0.weight,db,7,-144.51318944447834,-143.16128936067383,-143.83723940257607,1,7.3710502638216644e-06,4.982461734693878e-05,100352
bayesfl_observability_v1,ola_sparse_bayesian_keep010_seed42,45,ola,global,,,layers.0.weight,db,8,-143.16128936067383,-141.80938927686935,-142.4853393187716,0,0.0,4.982461734693878e-05,100352
bayesfl_observability_v1,ola_sparse_bayesian_keep010_seed42,45,ola,global,,,layers.0.weight,db,9,-141.80938927686935,-140.45748919306484,-141.1334392349671,0,0.0,4.982461734693878e-05,100352
bayesfl_observability_v1,ola_sparse_bayesian_keep010_seed42,45,ola,global,,,layers.0.weight,db,10,-140.45748919306484,-139.10558910926034,-139.78153915116258,2,1.4742100527643329e-05,6.975446428571428e-05,100352
bayesfl_observability_v1,ola_sparse_bayesian_keep010_seed42,45,ola,global,,,layers.0.weight,db,11,-139.10558910926034,-137.75368902545586,-138.4296390673581,1,7.3710502638218195e-06,7.971938775510203e-05,100352
bayesfl_observability_v1,ola_sparse_bayesian_keep010_seed42,45,ola,global,,,layers.0.weight,db,12,-137.75368902545586,-136.40178894165135,-137.07773898355362,1,7.3710502638216644e-06,8.96843112244898e-05,100352
bayesfl_observability_v1,ola_sparse_bayesian_keep010_seed42,45,ola,global,,,layers.0.weight,db,13,-136.40178894165135,-135.04988885784687,-135.7258388997491,3,2.211315079146546e-05,0.00011957908163265306,100352
bayesfl_observability_v1,ola_sparse_bayesian_keep010_seed42,45,ola,global,,,layers.0.weight,db,14,-135.04988885784687,-133.69798877404236,-134.3739388159446,1,7.3710502638216644e-06,0.00012954400510204082,100352
bayesfl_observability_v1,ola_sparse_bayesian_keep010_seed42,45,ola,global,,,layers.0.weight,db,15,-133.69798877404236,-132.34608869023785,-133.02203873214012,1,7.3710502638216644e-06,0.00013950892857142856,100352
bayesfl_observability_v1,ola_sparse_bayesian_keep010_seed42,45,ola,global,,,layers.0.weight,db,16,-132.34608869023785,-130.99418860643337,-131.6701386483356,6,4.422630158293092e-05,0.0001992984693877551,100352
bayesfl_observability_v1,ola_sparse_bayesian_keep010_seed42,45,ola,global,,,layers.0.weight,db,17,-130.99418860643337,-129.64228852262886,-130.3182385645311,7,5.159735184675165e-05,0.00026905293367346936,100352
bayesfl_observability_v1,ola_sparse_bayesian_keep010_seed42,45,ola,global,,,layers.0.weight,db,18,-129.64228852262886,-128.29038843882438,-128.96633848072662,2,1.4742100527643639e-05,0.0002889827806122449,100352
bayesfl_observability_v1,ola_sparse_bayesian_keep010_seed42,45,ola,global,,,layers.0.weight,db,19,-128.29038843882438,-126.93848835501987,-127.61443839692213,2,1.4742100527643329e-05,0.0003089126275510204,100352
bayesfl_observability_v1,ola_sparse_bayesian_keep010_seed42,45,ola,global,,,layers.0.weight,db,20,-126.93848835501987,-125.58658827121538,-126.26253831311763,11,8.108155290203917e-05,0.0004185267857142857,100352
bayesfl_observability_v1,ola_sparse_bayesian_keep010_seed42,45,ola,global,,,layers.0.weight,db,21,-125.58658827121538,-124.23468818741088,-124.91063822931312,9,6.633945237439568e-05,0.0005082110969387755,100352
bayesfl_observability_v1,ola_sparse_bayesian_keep010_seed42,45,ola,global,,,layers.0.weight,db,22,-124.23468818741088,-122.88278810360637,-123.55873814550863,7,5.159735184675165e-05,0.0005779655612244898,100352
bayesfl_observability_v1,ola_sparse_bayesian_keep010_seed42,45,ola,global,,,layers.0.weight,db,23,-122.88278810360637,-121.53088801980188,-122.20683806170413,8,5.896840211057394e-05,0.0006576849489795918,100352
bayesfl_observability_v1,ola_sparse_bayesian_keep010_seed42,45,ola,global,,,layers.0.weight,db,24,-121.53088801980188,-120.17898793599738,-120.85493797789962,8,5.896840211057394e-05,0.0007374043367346938,100352
bayesfl_observability_v1,ola_sparse_bayesian_keep010_seed42,45,ola,global,,,layers.0.weight,db,25,-120.17898793599738,-118.82708785219288,-119.50303789409513,9,6.633945237439499e-05,0.0008270886479591837,100352
bayesfl_observability_v1,ola_sparse_bayesian_keep010_seed42,45,ola,global,,,layers.0.weight,db,26,-118.82708785219288,-117.4751877683884,-118.15113781029063,16,0.00011793680422114911,0.0009865274234693877,100352
bayesfl_observability_v1,ola_sparse_bayesian_keep010_seed42,45,ola,global,,,layers.0.weight,db,27,-117.4751877683884,-116.12328768458389,-116.79923772648614,17,0.0001253078544849683,0.0011559311224489796,100352
bayesfl_observability_v1,ola_sparse_bayesian_keep010_seed42,45,ola,global,,,layers.0.weight,db,28,-116.12328768458389,-114.77138760077939,-115.44733764268165,19,0.0001400499550126131,0.001345264668367347,100352
bayesfl_observability_v1,ola_sparse_bayesian_keep010_seed42,45,ola,global,,,layers.0.weight,db,29,-114.77138760077939,-113.4194875169749,-114.09543755887714,31,0.000228502558178474,0.0016541772959183674,100352
bayesfl_observability_v1,ola_sparse_bayesian_keep010_seed42,45,ola,global,,,layers.0.weight,db,30,-113.4194875169749,-112.06758743317039,-112.74353747507264,32,0.00023587360844229326,0.0019730548469387753,100352
bayesfl_observability_v1,ola_sparse_bayesian_keep010_seed42,45,ola,global,,,layers.0.weight,db,31,-112.06758743317039,-110.71568734936591,-111.39163739126815,32,0.00023587360844229822,0.002291932397959184,100352
bayesfl_observability_v1,ola_sparse_bayesian_keep010_seed42,45,ola,global,,,layers.0.weight,db,32,-110.71568734936591,-109.3637872655614,-110.03973730746365,38,0.00028009991002522327,0.0026705994897959183,100352
bayesfl_observability_v1,ola_sparse_bayesian_keep010_seed42,45,ola,global,,,layers.0.weight,db,33,-109.3637872655614,-108.0118871817569,-108.68783722365916,39,0.00028747096028904794,0.003059231505102041,100352
bayesfl_observability_v1,ola_sparse_bayesian_keep010_seed42,45,ola,global,,,layers.0.weight,db,34,-108.0118871817569,-106.65998709795241,-107.33593713985465,54,0.00039803671424637406,0.0035973373724489796,100352
bayesfl_observability_v1,ola_sparse_bayesian_keep010_seed42,45,ola,global,,,layers.0.weight,db,35,-106.65998709795241,-105.3080870141479,-105.98403705605016,48,0.0003538104126634399,0.0040756536989795915,100352
bayesfl_observability_v1,ola_sparse_bayesian_keep010_seed42,45,ola,global,,,layers.0.weight,db,36,-105.3080870141479,-103.95618693034342,-104.63213697224566,63,0.00046437616662077465,0.00470344387755102,100352
bayesfl_observability_v1,ola_sparse_bayesian_keep010_seed42,45,ola,global,,,layers.0.weight,db,37,-103.95618693034342,-102.60428684653891,-103.28023688844117,79,0.0005823129708419115,0.005490672831632653,100352
bayesfl_observability_v1,ola_sparse_bayesian_keep010_seed42,45,ola,global,,,layers.0.weight,db,38,-102.60428684653891,-101.25238676273442,-101.92833680463667,92,0.0006781366242716003,0.006407445790816327,100352
bayesfl_observability_v1,ola_sparse_bayesian_keep010_seed42,45,ola,global,,,layers.0.weight,db,39,-101.25238676273442,-99.90048667892992,-100.57643672083216,116,0.0008550418306033221,0.007563376913265306,100352
bayesfl_observability_v1,ola_sparse_bayesian_keep010_seed42,45,ola,global,,,layers.0.weight,db,40,-99.90048667892992,-98.54858659512541,-99.22453663702767,121,0.0008918970819224214,0.008769132653061224,100352
bayesfl_observability_v1,ola_sparse_bayesian_keep010_seed42,45,ola,global,,,layers.0.weight,db,41,-98.54858659512541,-97.19668651132093,-97.87263655322317,144,0.0010614312379903421,0.01020408163265306,100352
bayesfl_observability_v1,ola_sparse_bayesian_keep010_seed42,45,ola,global,,,layers.0.weight,db,42,-97.19668651132093,-95.84478642751642,-96.52073646941868,170,0.001253078544849683,0.01189811862244898,100352
bayesfl_observability_v1,ola_sparse_bayesian_keep010_seed42,45,ola,global,,,layers.0.weight,db,43,-95.84478642751642,-94.49288634371193,-95.16883638561418,201,0.0014815811030281702,0.013901068239795918,100352
bayesfl_observability_v1,ola_sparse_bayesian_keep010_seed42,45,ola,global,,,layers.0.weight,db,44,-94.49288634371193,-93.14098625990744,-93.81693630180968,239,0.0017616810130533964,0.01628268494897959,100352
bayesfl_observability_v1,ola_sparse_bayesian_keep010_seed42,45,ola,global,,,layers.0.weight,db,45,-93.14098625990744,-91.78908617610293,-92.46503621800518,266,0.001960699370176563,0.018933354591836735,100352
bayesfl_observability_v1,ola_sparse_bayesian_keep010_seed42,45,ola,global,,,layers.0.weight,db,46,-91.78908617610293,-90.43718609229845,-91.11313613420069,293,0.002159717727299793,0.021853077168367346,100352
bayesfl_observability_v1,ola_sparse_bayesian_keep010_seed42,45,ola,global,,,layers.0.weight,db,47,-90.43718609229845,-89.08528600849394,-89.76123605039619,373,0.002749401748405481,0.02556999362244898,100352
bayesfl_observability_v1,ola_sparse_bayesian_keep010_seed42,45,ola,global,,,layers.0.weight,db,48,-89.08528600849394,-87.73338592468944,-88.4093359665917,433,0.003191664764234814,0.02988480548469388,100352
bayesfl_observability_v1,ola_sparse_bayesian_keep010_seed42,45,ola,global,,,layers.0.weight,db,49,-87.73338592468944,-86.38148584088495,-87.05743588278719,480,0.0035381041266344363,0.03466796875,100352
bayesfl_observability_v1,ola_sparse_bayesian_keep010_seed42,45,ola,global,,,layers.0.weight,db,50,-86.38148584088495,-85.02958575708045,-85.70553579898271,584,0.004304693354071898,0.04048748405612245,100352
bayesfl_observability_v1,ola_sparse_bayesian_keep010_seed42,45,ola,global,,,layers.0.weight,db,51,-85.02958575708045,-83.67768567327595,-84.3536357151782,680,0.005012314179398732,0.047263632015306124,100352
bayesfl_observability_v1,ola_sparse_bayesian_keep010_seed42,45,ola,global,,,layers.0.weight,db,52,-83.67768567327595,-82.32578558947145,-83.00173563137369,762,0.005616740301032167,0.054856903698979595,100352
bayesfl_observability_v1,ola_sparse_bayesian_keep010_seed42,45,ola,global,,,layers.0.weight,db,53,-82.32578558947145,-80.97388550566696,-81.64983554756921,963,0.007098321404060338,0.064453125,100352
bayesfl_observability_v1,ola_sparse_bayesian_keep010_seed42,45,ola,global,,,layers.0.weight,db,54,-80.97388550566696,-79.62198542186246,-80.2979354637647,1099,0.008100784239940095,0.07540457589285714,100352
bayesfl_observability_v1,ola_sparse_bayesian_keep010_seed42,45,ola,global,,,layers.0.weight,db,55,-79.62198542186246,-78.27008533805797,-78.94603537996022,1287,0.009486541689538582,0.08822943239795919,100352
bayesfl_observability_v1,ola_sparse_bayesian_keep010_seed42,45,ola,global,,,layers.0.weight,db,56,-78.27008533805797,-76.91818525425346,-77.59413529615571,1457,0.010739620234388165,0.10274832589285714,100352
bayesfl_observability_v1,ola_sparse_bayesian_keep010_seed42,45,ola,global,,,layers.0.weight,db,57,-76.91818525425346,-75.56628517044896,-76.2422352123512,1724,0.012707690654828683,0.11992785395408163,100352
bayesfl_observability_v1,ola_sparse_bayesian_keep010_seed42,45,ola,global,,,layers.0.weight,db,58,-75.56628517044896,-74.21438508664447,-74.89033512854672,2079,0.015324413498485403,0.14064492984693877,100352
bayesfl_observability_v1,ola_sparse_bayesian_keep010_seed42,45,ola,global,,,layers.0.weight,db,59,-74.21438508664447,-72.86248500283997,-73.53843504474222,2325,0.01713769186338555,0.1638133769132653,100352
bayesfl_observability_v1,ola_sparse_bayesian_keep010_seed42,45,ola,global,,,layers.0.weight,db,60,-72.86248500283997,-71.51058491903548,-72.18653496093773,2731,0.020130338270497178,0.19102758290816327,100352
bayesfl_observability_v1,ola_sparse_bayesian_keep010_seed42,45,ola,global,,,layers.0.weight,db,61,-71.51058491903548,-70.15868483523097,-70.83463487713323,3252,0.023970655457948055,0.22343351403061223,100352
bayesfl_observability_v1,ola_sparse_bayesian_keep010_seed42,45,ola,global,,,layers.0.weight,db,62,-70.15868483523097,-68.80678475142648,-69.48273479332872,3765,0.027752004243288858,0.26095145089285715,100352
bayesfl_observability_v1,ola_sparse_bayesian_keep010_seed42,45,ola,global,,,layers.0.weight,db,63,-68.80678475142648,-67.45488466762198,-68.13083470952424,4488,0.03308127358403198,0.3056740274234694,100352
bayesfl_observability_v1,ola_sparse_bayesian_keep010_seed42,45,ola,global,,,layers.0.weight,db,64,-67.45488466762198,-66.10298458381749,-66.77893462571973,5265,0.03880857963902147,0.3581393494897959,100352
bayesfl_observability_v1,ola_sparse_bayesian_keep010_seed42,45,ola,global,,,layers.0.weight,db,65,-66.10298458381749,-64.751084500013,-65.42703454191525,5997,0.04420418843213899,0.4178989955357143,100352
bayesfl_observability_v1,ola_sparse_bayesian_keep010_seed42,45,ola,global,,,layers.0.weight,db,66,-64.751084500013,-63.399184416208485,-64.07513445811074,7115,0.052445022627091144,0.48879942602040816,100352
bayesfl_observability_v1,ola_sparse_bayesian_keep010_seed42,45,ola,global,,,layers.0.weight,db,67,-63.399184416208485,-62.04728433240399,-62.72323437430624,8151,0.06008143070041102,0.5700235172193877,100352
bayesfl_observability_v1,ola_sparse_bayesian_keep010_seed42,45,ola,global,,,layers.0.weight,db,68,-62.04728433240399,-60.695384248599495,-61.37133429050174,9602,0.07077682463321637,0.6657067123724489,100352
bayesfl_observability_v1,ola_sparse_bayesian_keep010_seed42,45,ola,global,,,layers.0.weight,db,69,-60.695384248599495,-59.343484164795,-60.01943420669725,10763,0.07933461398951341,0.7729591836734694,100352
bayesfl_observability_v1,ola_sparse_bayesian_keep010_seed42,45,ola,global,,,layers.0.weight,db,70,-59.343484164795,-57.991584080990506,-58.667534122892754,8072,0.059499117729569104,0.8533960459183674,100352
bayesfl_observability_v1,ola_sparse_bayesian_keep010_seed42,45,ola,global,,,layers.0.weight,db,71,-57.991584080990506,-56.639683997186,-57.31563403908825,5103,0.03761446949628196,0.9042470503826531,100352
bayesfl_observability_v1,ola_sparse_bayesian_keep010_seed42,45,ola,global,,,layers.0.weight,db,72,-56.639683997186,-55.2877839133815,-55.96373395528375,4083,0.030095998227184173,0.9449338329081632,100352
bayesfl_observability_v1,ola_sparse_bayesian_keep010_seed42,45,ola,global,,,layers.0.weight,db,73,-55.2877839133815,-53.93588382957701,-54.611833871479256,2834,0.020889556447670817,0.9731744260204082,100352
bayesfl_observability_v1,ola_sparse_bayesian_keep010_seed42,45,ola,global,,,layers.0.weight,db,74,-53.93588382957701,-52.583983745772514,-53.25993378767476,1657,0.012213830287152627,0.9896863042091837,100352
bayesfl_observability_v1,ola_sparse_bayesian_keep010_seed42,45,ola,global,,,layers.0.weight,db,75,-52.583983745772514,-51.23208366196802,-51.90803370387027,714,0.005262929888368724,0.9968012595663265,100352
bayesfl_observability_v1,ola_sparse_bayesian_keep010_seed42,45,ola,global,,,layers.0.weight,db,76,-51.23208366196802,-49.88018357816351,-50.556133620065765,226,0.0016658573596236962,0.9990533322704082,100352
bayesfl_observability_v1,ola_sparse_bayesian_keep010_seed42,45,ola,global,,,layers.0.weight,db,77,-49.88018357816351,-48.528283494359016,-49.20423353626126,63,0.00046437616662076977,0.9996811224489796,100352
bayesfl_observability_v1,ola_sparse_bayesian_keep010_seed42,45,ola,global,,,layers.0.weight,db,78,-48.528283494359016,-47.17638341055452,-47.85233345245677,27,0.00019901835712318703,0.9999501753826531,100352
bayesfl_observability_v1,ola_sparse_bayesian_keep010_seed42,45,ola,global,,,layers.0.weight,db,79,-47.17638341055452,-45.824483326750034,-46.50043336865228,5,3.685525131910891e-05,1.0,100352
bayesfl_observability_v1,ola_sparse_bayesian_keep010_seed42,45,ola,global,,,layers.0.bias,raw,0,8.020214628369947e-06,4.709116440191091e-05,2.755568951514043e-05,6,1199.7404790948794,0.046875,128
bayesfl_observability_v1,ola_sparse_bayesian_keep010_seed42,45,ola,global,,,layers.0.bias,raw,1,4.709116440191091e-05,8.616211417545187e-05,6.66266392886814e-05,4,799.8269860632529,0.078125,128
bayesfl_observability_v1,ola_sparse_bayesian_keep010_seed42,45,ola,global,,,layers.0.bias,raw,2,8.616211417545187e-05,0.00012523306394899281,0.00010569758906222234,4,799.8269860632532,0.109375,128
bayesfl_observability_v1,ola_sparse_bayesian_keep010_seed42,45,ola,global,,,layers.0.bias,raw,3,0.00012523306394899281,0.0001643040137225338,0.00014476853883576331,3,599.8702395474395,0.1328125,128
bayesfl_observability_v1,ola_sparse_bayesian_keep010_seed42,45,ola,global,,,layers.0.bias,raw,4,0.0001643040137225338,0.00020337496349607473,0.00018383948860930426,3,599.87023954744,0.15625,128
bayesfl_observability_v1,ola_sparse_bayesian_keep010_seed42,45,ola,global,,,layers.0.bias,raw,5,0.00020337496349607473,0.0002424459132696157,0.0002229104383828452,3,599.8702395474395,0.1796875,128
bayesfl_observability_v1,ola_sparse_bayesian_keep010_seed42,45,ola,global,,,layers.0.bias,raw,6,0.0002424459132696157,0.0002815168630431567,0.0002619813881563862,3,599.8702395474395,0.203125,128
bayesfl_observability_v1,ola_sparse_bayesian_keep010_seed42,45,ola,global,,,layers.0.bias,raw,7,0.0002815168630431567,0.00032058781281669763,0.00030105233792992715,2,399.9134930316266,0.21875,128
bayesfl_observability_v1,ola_sparse_bayesian_keep010_seed42,45,ola,global,,,layers.0.bias,raw,8,0.00032058781281669763,0.0003596587625902386,0.0003401232877034681,3,599.87023954744,0.2421875,128
bayesfl_observability_v1,ola_sparse_bayesian_keep010_seed42,45,ola,global,,,layers.0.bias,raw,9,0.0003596587625902386,0.0003987297123637795,0.00037919423747700905,6,1199.74047909488,0.2890625,128
bayesfl_observability_v1,ola_sparse_bayesian_keep010_seed42,45,ola,global,,,layers.0.bias,raw,10,0.0003987297123637795,0.0004378006621373205,0.00041826518725055005,4,799.8269860632521,0.3203125,128
bayesfl_observability_v1,ola_sparse_bayesian_keep010_seed42,45,ola,global,,,layers.0.bias,raw,11,0.0004378006621373205,0.00047687161191086147,0.000457336137024091,5,999.7837325790665,0.359375,128
bayesfl_observability_v1,ola_sparse_bayesian_keep010_seed42,45,ola,global,,,layers.0.bias,raw,12,0.00047687161191086147,0.0005159425616844025,0.0004964070867976319,4,799.8269860632521,0.390625,128
bayesfl_observability_v1,ola_sparse_bayesian_keep010_seed42,45,ola,global,,,layers.0.bias,raw,13,0.0005159425616844025,0.0005550135114579434,0.000535478036571173,4,799.8269860632532,0.421875,128
bayesfl_observability_v1,ola_sparse_bayesian_keep010_seed42,45,ola,global,,,layers.0.bias,raw,14,0.0005550135114579434,0.0005940844612314844,0.0005745489863447138,6,1199.74047909488,0.46875,128
bayesfl_observability_v1,ola_sparse_bayesian_keep010_seed42,45,ola,global,,,layers.0.bias,raw,15,0.0005940844612314844,0.0006331554110050253,0.0006136199361182549,3,599.87023954744,0.4921875,128
bayesfl_observability_v1,ola_sparse_bayesian_keep010_seed42,45,ola,global,,,layers.0.bias,raw,16,0.0006331554110050253,0.0006722263607785663,0.0006526908858917957,1,199.9567465158133,0.5,128
bayesfl_observability_v1,ola_sparse_bayesian_keep010_seed42,45,ola,global,,,layers.0.bias,raw,17,0.0006722263607785663,0.0007112973105521072,0.0006917618356653368,2,399.9134930316266,0.515625,128
bayesfl_observability_v1,ola_sparse_bayesian_keep010_seed42,45,ola,global,,,layers.0.bias,raw,18,0.0007112973105521072,0.0007503682603256481,0.0007308327854388776,4,799.8269860632532,0.546875,128
bayesfl_observability_v1,ola_sparse_bayesian_keep010_seed42,45,ola,global,,,layers.0.bias,raw,19,0.0007503682603256481,0.0007894392100991891,0.0007699037352124187,2,399.9134930316266,0.5625,128
bayesfl_observability_v1,ola_sparse_bayesian_keep010_seed42,45,ola,global,,,layers.0.bias,raw,20,0.0007894392100991891,0.0008285101598727301,0.0008089746849859596,4,799.826986063251,0.59375,128
bayesfl_observability_v1,ola_sparse_bayesian_keep010_seed42,45,ola,global,,,layers.0.bias,raw,21,0.0008285101598727301,0.0008675811096462711,0.0008480456347595006,6,1199.74047909488,0.640625,128
bayesfl_observability_v1,ola_sparse_bayesian_keep010_seed42,45,ola,global,,,layers.0.bias,raw,22,0.0008675811096462711,0.000906652059419812,0.0008871165845330416,2,399.9134930316266,0.65625,128
bayesfl_observability_v1,ola_sparse_bayesian_keep010_seed42,45,ola,global,,,layers.0.bias,raw,23,0.000906652059419812,0.000945723009193353,0.0009261875343065825,2,399.9134930316266,0.671875,128
bayesfl_observability_v1,ola_sparse_bayesian_keep010_seed42,45,ola,global,,,layers.0.bias,raw,24,0.000945723009193353,0.0009847939589668938,0.0009652584840801234,6,1199.740479094883,0.71875,128
bayesfl_observability_v1,ola_sparse_bayesian_keep010_seed42,45,ola,global,,,layers.0.bias,raw,25,0.0009847939589668938,0.0010238649087404349,0.0010043294338536644,1,199.95674651581274,0.7265625,128
bayesfl_observability_v1,ola_sparse_bayesian_keep010_seed42,45,ola,global,,,layers.0.bias,raw,26,0.0010238649087404349,0.0010629358585139757,0.0010434003836272054,1,199.95674651581385,0.734375,128
bayesfl_observability_v1,ola_sparse_bayesian_keep010_seed42,45,ola,global,,,layers.0.bias,raw,27,0.0010629358585139757,0.0011020068082875168,0.0010824713334007462,1,199.95674651581274,0.7421875,128
bayesfl_observability_v1,ola_sparse_bayesian_keep010_seed42,45,ola,global,,,layers.0.bias,raw,28,0.0011020068082875168,0.0011410777580610576,0.001121542283174287,2,399.9134930316277,0.7578125,128
bayesfl_observability_v1,ola_sparse_bayesian_keep010_seed42,45,ola,global,,,layers.0.bias,raw,29,0.0011410777580610576,0.0011801487078345987,0.0011606132329478281,2,399.9134930316255,0.7734375,128
bayesfl_observability_v1,ola_sparse_bayesian_keep010_seed42,45,ola,global,,,layers.0.bias,raw,30,0.0011801487078345987,0.0012192196576081395,0.0011996841827213692,3,599.8702395474415,0.796875,128
bayesfl_observability_v1,ola_sparse_bayesian_keep010_seed42,45,ola,global,,,layers.0.bias,raw,31,0.0012192196576081395,0.0012582906073816806,0.00123875513249491,1,199.95674651581274,0.8046875,128
bayesfl_observability_v1,ola_sparse_bayesian_keep010_seed42,45,ola,global,,,layers.0.bias,raw,32,0.0012582906073816806,0.0012973615571552216,0.001277826082268451,3,599.8702395474382,0.828125,128
bayesfl_observability_v1,ola_sparse_bayesian_keep010_seed42,45,ola,global,,,layers.0.bias,raw,33,0.0012973615571552216,0.0013364325069287624,0.001316897032041992,2,399.9134930316277,0.84375,128
bayesfl_observability_v1,ola_sparse_bayesian_keep010_seed42,45,ola,global,,,layers.0.bias,raw,34,0.0013364325069287624,0.0013755034567023035,0.001355967981815533,1,199.95674651581274,0.8515625,128
bayesfl_observability_v1,ola_sparse_bayesian_keep010_seed42,45,ola,global,,,layers.0.bias,raw,35,0.0013755034567023035,0.0014145744064758443,0.001395038931589074,1,199.95674651581385,0.859375,128
bayesfl_observability_v1,ola_sparse_bayesian_keep010_seed42,45,ola,global,,,layers.0.bias,raw,36,0.0014145744064758443,0.0014536453562493854,0.0014341098813626149,2,399.9134930316255,0.875,128
bayesfl_observability_v1,ola_sparse_bayesian_keep010_seed42,45,ola,global,,,layers.0.bias,raw,37,0.0014536453562493854,0.0014927163060229262,0.0014731808311361557,2,399.9134930316277,0.890625,128
bayesfl_observability_v1,ola_sparse_bayesian_keep010_seed42,45,ola,global,,,layers.0.bias,raw,38,0.0014927163060229262,0.0015317872557964673,0.0015122517809096968,0,0.0,0.890625,128
bayesfl_observability_v1,ola_sparse_bayesian_keep010_seed42,45,ola,global,,,layers.0.bias,raw,39,0.0015317872557964673,0.0015708582055700081,0.0015513227306832378,1,199.95674651581385,0.8984375,128
bayesfl_observability_v1,ola_sparse_bayesian_keep010_seed42,45,ola,global,,,layers.0.bias,raw,40,0.0015708582055700081,0.0016099291553435492,0.0015903936804567787,1,199.95674651581274,0.90625,128
bayesfl_observability_v1,ola_sparse_bayesian_keep010_seed42,45,ola,global,,,layers.0.bias,raw,41,0.0016099291553435492,0.0016490001051170902,0.0016294646302303197,1,199.95674651581274,0.9140625,128
bayesfl_observability_v1,ola_sparse_bayesian_keep010_seed42,45,ola,global,,,layers.0.bias,raw,42,0.0016490001051170902,0.001688071054890631,0.0016685355800038605,1,199.95674651581385,0.921875,128
bayesfl_observability_v1,ola_sparse_bayesian_keep010_seed42,45,ola,global,,,layers.0.bias,raw,43,0.001688071054890631,0.0017271420046641721,0.0017076065297774016,2,399.9134930316255,0.9375,128
bayesfl_observability_v1,ola_sparse_bayesian_keep010_seed42,45,ola,global,,,layers.0.bias,raw,44,0.0017271420046641721,0.001766212954437713,0.0017466774795509427,3,599.8702395474415,0.9609375,128
bayesfl_observability_v1,ola_sparse_bayesian_keep010_seed42,45,ola,global,,,layers.0.bias,raw,45,0.001766212954437713,0.001805283904211254,0.0017857484293244835,2,399.9134930316255,0.9765625,128
bayesfl_observability_v1,ola_sparse_bayesian_keep010_seed42,45,ola,global,,,layers.0.bias,raw,46,0.001805283904211254,0.0018443548539847949,0.0018248193790980243,0,0.0,0.9765625,128
bayesfl_observability_v1,ola_sparse_bayesian_keep010_seed42,45,ola,global,,,layers.0.bias,raw,47,0.0018443548539847949,0.001883425803758336,0.0018638903288715654,0,0.0,0.9765625,128
bayesfl_observability_v1,ola_sparse_bayesian_keep010_seed42,45,ola,global,,,layers.0.bias,raw,48,0.001883425803758336,0.001922496753531877,0.0019029612786451064,1,199.95674651581274,0.984375,128
bayesfl_observability_v1,ola_sparse_bayesian_keep010_seed42,45,ola,global,,,layers.0.bias,raw,49,0.001922496753531877,0.001961567703305418,0.0019420322284186475,0,0.0,0.984375,128
bayesfl_observability_v1,ola_sparse_bayesian_keep010_seed42,45,ola,global,,,layers.0.bias,raw,50,0.001961567703305418,0.002000638653078959,0.001981103178192188,0,0.0,0.984375,128
bayesfl_observability_v1,ola_sparse_bayesian_keep010_seed42,45,ola,global,,,layers.0.bias,raw,51,0.002000638653078959,0.0020397096028525,0.0020201741279657296,0,0.0,0.984375,128
bayesfl_observability_v1,ola_sparse_bayesian_keep010_seed42,45,ola,global,,,layers.0.bias,raw,52,0.0020397096028525,0.0020787805526260405,0.0020592450777392702,1,199.95674651581496,0.9921875,128
bayesfl_observability_v1,ola_sparse_bayesian_keep010_seed42,45,ola,global,,,layers.0.bias,raw,53,0.0020787805526260405,0.0021178515023995816,0.002098316027512811,0,0.0,0.9921875,128
bayesfl_observability_v1,ola_sparse_bayesian_keep010_seed42,45,ola,global,,,layers.0.bias,raw,54,0.0021178515023995816,0.0021569224521731226,0.0021373869772863523,0,0.0,0.9921875,128
bayesfl_observability_v1,ola_sparse_bayesian_keep010_seed42,45,ola,global,,,layers.0.bias,raw,55,0.0021569224521731226,0.0021959934019466637,0.002176457927059893,0,0.0,0.9921875,128
bayesfl_observability_v1,ola_sparse_bayesian_keep010_seed42,45,ola,global,,,layers.0.bias,raw,56,0.0021959934019466637,0.0022350643517202048,0.0022155288768334344,0,0.0,0.9921875,128
bayesfl_observability_v1,ola_sparse_bayesian_keep010_seed42,45,ola,global,,,layers.0.bias,raw,57,0.0022350643517202048,0.0022741353014937454,0.002254599826606975,0,0.0,0.9921875,128
bayesfl_observability_v1,ola_sparse_bayesian_keep010_seed42,45,ola,global,,,layers.0.bias,raw,58,0.0022741353014937454,0.0023132062512672864,0.0022936707763805157,0,0.0,0.9921875,128
bayesfl_observability_v1,ola_sparse_bayesian_keep010_seed42,45,ola,global,,,layers.0.bias,raw,59,0.0023132062512672864,0.0023522772010408275,0.002332741726154057,0,0.0,0.9921875,128
bayesfl_observability_v1,ola_sparse_bayesian_keep010_seed42,45,ola,global,,,layers.0.bias,raw,60,0.0023522772010408275,0.0023913481508143685,0.002371812675927598,0,0.0,0.9921875,128
bayesfl_observability_v1,ola_sparse_bayesian_keep010_seed42,45,ola,global,,,layers.0.bias,raw,61,0.0023913481508143685,0.002430419100587909,0.002410883625701139,0,0.0,0.9921875,128
bayesfl_observability_v1,ola_sparse_bayesian_keep010_seed42,45,ola,global,,,layers.0.bias,raw,62,0.002430419100587909,0.0024694900503614502,0.00244995457547468,0,0.0,0.9921875,128
bayesfl_observability_v1,ola_sparse_bayesian_keep010_seed42,45,ola,global,,,layers.0.bias,raw,63,0.0024694900503614502,0.0025085610001349913,0.0024890255252482205,0,0.0,0.9921875,128
bayesfl_observability_v1,ola_sparse_bayesian_keep010_seed42,45,ola,global,,,layers.0.bias,raw,64,0.0025085610001349913,0.0025476319499085323,0.002528096475021762,0,0.0,0.9921875,128
bayesfl_observability_v1,ola_sparse_bayesian_keep010_seed42,45,ola,global,,,layers.0.bias,raw,65,0.0025476319499085323,0.0025867028996820734,0.0025671674247953026,0,0.0,0.9921875,128
bayesfl_observability_v1,ola_sparse_bayesian_keep010_seed42,45,ola,global,,,layers.0.bias,raw,66,0.0025867028996820734,0.002625773849455614,0.0026062383745688437,0,0.0,0.9921875,128
bayesfl_observability_v1,ola_sparse_bayesian_keep010_seed42,45,ola,global,,,layers.0.bias,raw,67,0.002625773849455614,0.002664844799229155,0.0026453093243423847,0,0.0,0.9921875,128
bayesfl_observability_v1,ola_sparse_bayesian_keep010_seed42,45,ola,global,,,layers.0.bias,raw,68,0.002664844799229155,0.002703915749002696,0.0026843802741159254,0,0.0,0.9921875,128
bayesfl_observability_v1,ola_sparse_bayesian_keep010_seed42,45,ola,global,,,layers.0.bias,raw,69,0.002703915749002696,0.002742986698776237,0.002723451223889467,0,0.0,0.9921875,128
bayesfl_observability_v1,ola_sparse_bayesian_keep010_seed42,45,ola,global,,,layers.0.bias,raw,70,0.002742986698776237,0.002782057648549778,0.0027625221736630075,0,0.0,0.9921875,128
bayesfl_observability_v1,ola_sparse_bayesian_keep010_seed42,45,ola,global,,,layers.0.bias,raw,71,0.002782057648549778,0.002821128598323319,0.002801593123436548,0,0.0,0.9921875,128
bayesfl_observability_v1,ola_sparse_bayesian_keep010_seed42,45,ola,global,,,layers.0.bias,raw,72,0.002821128598323319,0.00286019954809686,0.0028406640732100896,0,0.0,0.9921875,128
bayesfl_observability_v1,ola_sparse_bayesian_keep010_seed42,45,ola,global,,,layers.0.bias,raw,73,0.00286019954809686,0.002899270497870401,0.00287973502298363,0,0.0,0.9921875,128
bayesfl_observability_v1,ola_sparse_bayesian_keep010_seed42,45,ola,global,,,layers.0.bias,raw,74,0.002899270497870401,0.002938341447643942,0.0029188059727571717,0,0.0,0.9921875,128
bayesfl_observability_v1,ola_sparse_bayesian_keep010_seed42,45,ola,global,,,layers.0.bias,raw,75,0.002938341447643942,0.0029774123974174826,0.0029578769225307123,0,0.0,0.9921875,128
bayesfl_observability_v1,ola_sparse_bayesian_keep010_seed42,45,ola,global,,,layers.0.bias,raw,76,0.0029774123974174826,0.0030164833471910237,0.002996947872304253,0,0.0,0.9921875,128
bayesfl_observability_v1,ola_sparse_bayesian_keep010_seed42,45,ola,global,,,layers.0.bias,raw,77,0.0030164833471910237,0.0030555542969645647,0.0030360188220777944,0,0.0,0.9921875,128
bayesfl_observability_v1,ola_sparse_bayesian_keep010_seed42,45,ola,global,,,layers.0.bias,raw,78,0.0030555542969645647,0.003094625246738106,0.003075089771851335,0,0.0,0.9921875,128
bayesfl_observability_v1,ola_sparse_bayesian_keep010_seed42,45,ola,global,,,layers.0.bias,raw,79,0.003094625246738106,0.0031336961965116464,0.003114160721624876,1,199.95674651581496,1.0,128
bayesfl_observability_v1,ola_sparse_bayesian_keep010_seed42,45,ola,global,,,layers.0.bias,db,0,-101.91627910575731,-101.26831139428029,-101.5922952500188,1,0.012056927932707705,0.0078125,128
bayesfl_observability_v1,ola_sparse_bayesian_keep010_seed42,45,ola,global,,,layers.0.bias,db,1,-101.26831139428029,-100.62034368280327,-100.94432753854178,0,0.0,0.0078125,128
bayesfl_observability_v1,ola_sparse_bayesian_keep010_seed42,45,ola,global,,,layers.0.bias,db,2,-100.62034368280327,-99.97237597132623,-100.29635982706475,0,0.0,0.0078125,128
bayesfl_observability_v1,ola_sparse_bayesian_keep010_seed42,45,ola,global,,,layers.0.bias,db,3,-99.97237597132623,-99.3244082598492,-99.64839211558771,0,0.0,0.0078125,128
bayesfl_observability_v1,ola_sparse_bayesian_keep010_seed42,45,ola,global,,,layers.0.bias,db,4,-99.3244082598492,-98.67644054837218,-99.0004244041107,0,0.0,0.0078125,128
bayesfl_observability_v1,ola_sparse_bayesian_keep010_seed42,45,ola,global,,,layers.0.bias,db,5,-98.67644054837218,-98.02847283689516,-98.35245669263367,0,0.0,0.0078125,128
bayesfl_observability_v1,ola_sparse_bayesian_keep010_seed42,45,ola,global,,,layers.0.bias,db,6,-98.02847283689516,-97.38050512541813,-97.70448898115664,0,0.0,0.0078125,128
bayesfl_observability_v1,ola_sparse_bayesian_keep010_seed42,45,ola,global,,,layers.0.bias,db,7,-97.38050512541813,-96.7325374139411,-97.05652126967962,0,0.0,0.0078125,128
bayesfl_observability_v1,ola_sparse_bayesian_keep010_seed42,45,ola,global,,,layers.0.bias,db,8,-96.7325374139411,-96.08456970246408,-96.40855355820258,1,0.012056927932707705,0.015625,128
bayesfl_observability_v1,ola_sparse_bayesian_keep010_seed42,45,ola,global,,,layers.0.bias,db,9,-96.08456970246408,-95.43660199098706,-95.76058584672558,0,0.0,0.015625,128
bayesfl_observability_v1,ola_sparse_bayesian_keep010_seed42,45,ola,global,,,layers.0.bias,db,10,-95.43660199098706,-94.78863427951003,-95.11261813524854,0,0.0,0.015625,128
bayesfl_observability_v1,ola_sparse_bayesian_keep010_seed42,45,ola,global,,,layers.0.bias,db,11,-94.78863427951003,-94.140666568033,-94.46465042377152,0,0.0,0.015625,128
bayesfl_observability_v1,ola_sparse_bayesian_keep010_seed42,45,ola,global,,,layers.0.bias,db,12,-94.140666568033,-93.49269885655598,-93.8166827122945,0,0.0,0.015625,128
bayesfl_observability_v1,ola_sparse_bayesian_keep010_seed42,45,ola,global,,,layers.0.bias,db,13,-93.49269885655598,-92.84473114507895,-93.16871500081746,0,0.0,0.015625,128
bayesfl_observability_v1,ola_sparse_bayesian_keep010_seed42,45,ola,global,,,layers.0.bias,db,14,-92.84473114507895,-92.19676343360193,-92.52074728934045,0,0.0,0.015625,128
bayesfl_observability_v1,ola_sparse_bayesian_keep010_seed42,45,ola,global,,,layers.0.bias,db,15,-92.19676343360193,-91.54879572212491,-91.87277957786341,0,0.0,0.015625,128
bayesfl_observability_v1,ola_sparse_bayesian_keep010_seed42,45,ola,global,,,layers.0.bias,db,16,-91.54879572212491,-90.90082801064787,-91.22481186638639,1,0.01205692793270744,0.0234375,128
bayesfl_observability_v1,ola_sparse_bayesian_keep010_seed42,45,ola,global,,,layers.0.bias,db,17,-90.90082801064787,-90.25286029917085,-90.57684415490937,1,0.012056927932707705,0.03125,128
bayesfl_observability_v1,ola_sparse_bayesian_keep010_seed42,45,ola,global,,,layers.0.bias,db,18,-90.25286029917085,-89.60489258769383,-89.92887644343233,0,0.0,0.03125,128
bayesfl_observability_v1,ola_sparse_bayesian_keep010_seed42,45,ola,global,,,layers.0.bias,db,19,-89.60489258769383,-88.9569248762168,-89.28090873195532,0,0.0,0.03125,128
bayesfl_observability_v1,ola_sparse_bayesian_keep010_seed42,45,ola,global,,,layers.0.bias,db,20,-88.9569248762168,-88.30895716473978,-88.63294102047828,0,0.0,0.03125,128
bayesfl_observability_v1,ola_sparse_bayesian_keep010_seed42,45,ola,global,,,layers.0.bias,db,21,-88.30895716473978,-87.66098945326274,-87.98497330900126,0,0.0,0.03125,128
bayesfl_observability_v1,ola_sparse_bayesian_keep010_seed42,45,ola,global,,,layers.0.bias,db,22,-87.66098945326274,-87.01302174178572,-87.33700559752424,0,0.0,0.03125,128
bayesfl_observability_v1,ola_sparse_bayesian_keep010_seed42,45,ola,global,,,layers.0.bias,db,23,-87.01302174178572,-86.3650540303087,-86.6890378860472,2,0.02411385586541541,0.046875,128
bayesfl_observability_v1,ola_sparse_bayesian_keep010_seed42,45,ola,global,,,layers.0.bias,db,24,-86.3650540303087,-85.71708631883168,-86.0410701745702,0,0.0,0.046875,128
bayesfl_observability_v1,ola_sparse_bayesian_keep010_seed42,45,ola,global,,,layers.0.bias,db,25,-85.71708631883168,-85.06911860735465,-85.39310246309316,1,0.012056927932707705,0.0546875,128
bayesfl_observability_v1,ola_sparse_bayesian_keep010_seed42,45,ola,global,,,layers.0.bias,db,26,-85.06911860735465,-84.42115089587762,-84.74513475161613,0,0.0,0.0546875,128
bayesfl_observability_v1,ola_sparse_bayesian_keep010_seed42,45,ola,global,,,layers.0.bias,db,27,-84.42115089587762,-83.7731831844006,-84.09716704013911,1,0.012056927932707705,0.0625,128
bayesfl_observability_v1,ola_sparse_bayesian_keep010_seed42,45,ola,global,,,layers.0.bias,db,28,-83.7731831844006,-83.12521547292357,-83.44919932866208,0,0.0,0.0625,128
bayesfl_observability_v1,ola_sparse_bayesian_keep010_seed42,45,ola,global,,,layers.0.bias,db,29,-83.12521547292357,-82.47724776144655,-82.80123161718507,0,0.0,0.0625,128
bayesfl_observability_v1,ola_sparse_bayesian_keep010_seed42,45,ola,global,,,layers.0.bias,db,30,-82.47724776144655,-81.82928004996953,-82.15326390570803,1,0.012056927932707705,0.0703125,128
bayesfl_observability_v1,ola_sparse_bayesian_keep010_seed42,45,ola,global,,,layers.0.bias,db,31,-81.82928004996953,-81.18131233849249,-81.50529619423101,2,0.02411385586541488,0.0859375,128
bayesfl_observability_v1,ola_sparse_bayesian_keep010_seed42,45,ola,global,,,layers.0.bias,db,32,-81.18131233849249,-80.53334462701547,-80.85732848275399,0,0.0,0.0859375,128
bayesfl_observability_v1,ola_sparse_bayesian_keep010_seed42,45,ola,global,,,layers.0.bias,db,33,-80.53334462701547,-79.88537691553844,-80.20936077127695,2,0.02411385586541541,0.1015625,128
bayesfl_observability_v1,ola_sparse_bayesian_keep010_seed42,45,ola,global,,,layers.0.bias,db,34,-79.88537691553844,-79.23740920406141,-79.56139305979993,1,0.01205692793270744,0.109375,128
bayesfl_observability_v1,ola_sparse_bayesian_keep010_seed42,45,ola,global,,,layers.0.bias,db,35,-79.23740920406141,-78.5894414925844,-78.9134253483229,0,0.0,0.109375,128
bayesfl_observability_v1,ola_sparse_bayesian_keep010_seed42,45,ola,global,,,layers.0.bias,db,36,-78.5894414925844,-77.94147378110736,-78.26545763684588,0,0.0,0.109375,128
bayesfl_observability_v1,ola_sparse_bayesian_keep010_seed42,45,ola,global,,,layers.0.bias,db,37,-77.94147378110736,-77.29350606963034,-77.61748992536886,1,0.012056927932707705,0.1171875,128
bayesfl_observability_v1,ola_sparse_bayesian_keep010_seed42,45,ola,global,,,layers.0.bias,db,38,-77.29350606963034,-76.64553835815332,-76.96952221389182,1,0.012056927932707705,0.125,128
bayesfl_observability_v1,ola_sparse_bayesian_keep010_seed42,45,ola,global,,,layers.0.bias,db,39,-76.64553835815332,-75.99757064667628,-76.3215545024148,0,0.0,0.125,128
bayesfl_observability_v1,ola_sparse_bayesian_keep010_seed42,45,ola,global,,,layers.0.bias,db,40,-75.99757064667628,-75.34960293519926,-75.67358679093778,2,0.02411385586541541,0.140625,128
bayesfl_observability_v1,ola_sparse_bayesian_keep010_seed42,45,ola,global,,,layers.0.bias,db,41,-75.34960293519926,-74.70163522372223,-75.02561907946074,1,0.012056927932707705,0.1484375,128
bayesfl_observability_v1,ola_sparse_bayesian_keep010_seed42,45,ola,global,,,layers.0.bias,db,42,-74.70163522372223,-74.05366751224521,-74.37765136798373,0,0.0,0.1484375,128
bayesfl_observability_v1,ola_sparse_bayesian_keep010_seed42,45,ola,global,,,layers.0.bias,db,43,-74.05366751224521,-73.40569980076819,-73.7296836565067,4,0.04822771173083082,0.1796875,128
bayesfl_observability_v1,ola_sparse_bayesian_keep010_seed42,45,ola,global,,,layers.0.bias,db,44,-73.40569980076819,-72.75773208929115,-73.08171594502967,0,0.0,0.1796875,128
bayesfl_observability_v1,ola_sparse_bayesian_keep010_seed42,45,ola,global,,,layers.0.bias,db,45,-72.75773208929115,-72.10976437781413,-72.43374823355265,1,0.012056927932707705,0.1875,128
bayesfl_observability_v1,ola_sparse_bayesian_keep010_seed42,45,ola,global,,,layers.0.bias,db,46,-72.10976437781413,-71.46179666633711,-71.78578052207561,1,0.012056927932707705,0.1953125,128
bayesfl_observability_v1,ola_sparse_bayesian_keep010_seed42,45,ola,global,,,layers.0.bias,db,47,-71.46179666633711,-70.81382895486009,-71.1378128105986,2,0.02411385586541541,0.2109375,128
bayesfl_observability_v1,ola_sparse_bayesian_keep010_seed42,45,ola,global,,,layers.0.bias,db,48,-70.81382895486009,-70.16586124338306,-70.48984509912157,0,0.0,0.2109375,128
bayesfl_observability_v1,ola_sparse_bayesian_keep010_seed42,45,ola,global,,,layers.0.bias,db,49,-70.16586124338306,-69.51789353190603,-69.84187738764454,3,0.036170783798122316,0.234375,128
bayesfl_observability_v1,ola_sparse_bayesian_keep010_seed42,45,ola,global,,,layers.0.bias,db,50,-69.51789353190603,-68.869925820429,-69.19390967616752,1,0.012056927932707705,0.2421875,128
bayesfl_observability_v1,ola_sparse_bayesian_keep010_seed42,45,ola,global,,,layers.0.bias,db,51,-68.869925820429,-68.22195810895198,-68.54594196469048,5,0.06028463966353852,0.28125,128
bayesfl_observability_v1,ola_sparse_bayesian_keep010_seed42,45,ola,global,,,layers.0.bias,db,52,-68.22195810895198,-67.57399039747496,-67.89797425321348,4,0.04822771173083082,0.3125,128
bayesfl_observability_v1,ola_sparse_bayesian_keep010_seed42,45,ola,global,,,layers.0.bias,db,53,-67.57399039747496,-66.92602268599794,-67.25000654173644,2,0.02411385586541541,0.328125,128
bayesfl_observability_v1,ola_sparse_bayesian_keep010_seed42,45,ola,global,,,layers.0.bias,db,54,-66.92602268599794,-66.2780549745209,-66.60203883025942,6,0.07234156759624463,0.375,128
bayesfl_observability_v1,ola_sparse_bayesian_keep010_seed42,45,ola,global,,,layers.0.bias,db,55,-66.2780549745209,-65.63008726304388,-65.9540711187824,2,0.02411385586541541,0.390625,128
bayesfl_observability_v1,ola_sparse_bayesian_keep010_seed42,45,ola,global,,,layers.0.bias,db,56,-65.63008726304388,-64.98211955156685,-65.30610340730536,7,0.08439849552895393,0.4453125,128
bayesfl_observability_v1,ola_sparse_bayesian_keep010_seed42,45,ola,global,,,layers.0.bias,db,57,-64.98211955156685,-64.33415184008983,-64.65813569582835,4,0.04822771173083082,0.4765625,128
bayesfl_observability_v1,ola_sparse_bayesian_keep010_seed42,45,ola,global,,,layers.0.bias,db,58,-64.33415184008983,-63.6861841286128,-64.01016798435131,2,0.024113855865415142,0.4921875,128
bayesfl_observability_v1,ola_sparse_bayesian_keep010_seed42,45,ola,global,,,layers.0.bias,db,59,-63.6861841286128,-63.03821641713578,-63.36220027287429,3,0.036170783798123114,0.515625,128
bayesfl_observability_v1,ola_sparse_bayesian_keep010_seed42,45,ola,global,,,layers.0.bias,db,60,-63.03821641713578,-62.39024870565875,-62.71423256139727,4,0.048227711730830285,0.546875,128
bayesfl_observability_v1,ola_sparse_bayesian_keep010_seed42,45,ola,global,,,layers.0.bias,db,61,-62.39024870565875,-61.742280994181726,-62.06626484992024,4,0.04822771173083082,0.578125,128
bayesfl_observability_v1,ola_sparse_bayesian_keep010_seed42,45,ola,global,,,layers.0.bias,db,62,-61.742280994181726,-61.0943132827047,-61.41829713844321,9,0.10851235139436814,0.6484375,128
bayesfl_observability_v1,ola_sparse_bayesian_keep010_seed42,45,ola,global,,,layers.0.bias,db,63,-61.0943132827047,-60.446345571227674,-60.770329426966185,3,0.036170783798123114,0.671875,128
bayesfl_observability_v1,ola_sparse_bayesian_keep010_seed42,45,ola,global,,,layers.0.bias,db,64,-60.446345571227674,-59.79837785975065,-60.12236171548916,7,0.08439849552895393,0.7265625,128
bayesfl_observability_v1,ola_sparse_bayesian_keep010_seed42,45,ola,global,,,layers.0.bias,db,65,-59.79837785975065,-59.15041014827362,-59.47439400401214,3,0.03617078379812272,0.75,128
bayesfl_observability_v1,ola_sparse_bayesian_keep010_seed42,45,ola,global,,,layers.0.bias,db,66,-59.15041014827362,-58.5024424367966,-58.82642629253511,5,0.06028463966353852,0.7890625,128
bayesfl_observability_v1,ola_sparse_bayesian_keep010_seed42,45,ola,global,,,layers.0.bias,db,67,-58.5024424367966,-57.85447472531957,-58.17845858105808,4,0.048227711730830285,0.8203125,128
bayesfl_observability_v1,ola_sparse_bayesian_keep010_seed42,45,ola,global,,,layers.0.bias,db,68,-57.85447472531957,-57.20650701384255,-57.53049086958106,4,0.04822771173083082,0.8515625,128
bayesfl_observability_v1,ola_sparse_bayesian_keep010_seed42,45,ola,global,,,layers.0.bias,db,69,-57.20650701384255,-56.55853930236552,-56.882523158104036,5,0.06028463966353786,0.890625,128
bayesfl_observability_v1,ola_sparse_bayesian_keep010_seed42,45,ola,global,,,layers.0.bias,db,70,-56.55853930236552,-55.910571590888495,-56.234555446627006,1,0.012056927932707705,0.8984375,128
bayesfl_observability_v1,ola_sparse_bayesian_keep010_seed42,45,ola,global,,,layers.0.bias,db,71,-55.910571590888495,-55.26260387941147,-55.58658773514998,5,0.06028463966353852,0.9375,128
bayesfl_observability_v1,ola_sparse_bayesian_keep010_seed42,45,ola,global,,,layers.0.bias,db,72,-55.26260387941147,-54.61463616793444,-54.938620023672954,5,0.06028463966353786,0.9765625,128
bayesfl_observability_v1,ola_sparse_bayesian_keep010_seed42,45,ola,global,,,layers.0.bias,db,73,-54.61463616793444,-53.96666845645742,-54.29065231219593,1,0.012056927932707705,0.984375,128
bayesfl_observability_v1,ola_sparse_bayesian_keep010_seed42,45,ola,global,,,layers.0.bias,db,74,-53.96666845645742,-53.31870074498039,-53.64268460071891,1,0.012056927932707571,0.9921875,128
bayesfl_observability_v1,ola_sparse_bayesian_keep010_seed42,45,ola,global,,,layers.0.bias,db,75,-53.31870074498039,-52.67073303350337,-52.99471688924188,0,0.0,0.9921875,128
bayesfl_observability_v1,ola_sparse_bayesian_keep010_seed42,45,ola,global,,,layers.0.bias,db,76,-52.67073303350337,-52.022765322026345,-52.346749177764856,0,0.0,0.9921875,128
bayesfl_observability_v1,ola_sparse_bayesian_keep010_seed42,45,ola,global,,,layers.0.bias,db,77,-52.022765322026345,-51.374797610549315,-51.698781466287826,0,0.0,0.9921875,128
bayesfl_observability_v1,ola_sparse_bayesian_keep010_seed42,45,ola,global,,,layers.0.bias,db,78,-51.374797610549315,-50.72682989907229,-51.050813754810804,0,0.0,0.9921875,128
bayesfl_observability_v1,ola_sparse_bayesian_keep010_seed42,45,ola,global,,,layers.0.bias,db,79,-50.72682989907229,-50.07886218759526,-50.40284604333378,1,0.012056927932707571,1.0,128
bayesfl_observability_v1,ola_sparse_bayesian_keep010_seed42,45,ola,global,,,layers.1.weight,raw,0,2.652335029839557e-06,0.0010644606263556546,0.000533556480692747,159,116.98792617723454,0.12421875,1280
bayesfl_observability_v1,ola_sparse_bayesian_keep010_seed42,45,ola,global,,,layers.1.weight,raw,1,0.0010644606263556546,0.0021262689176814696,0.001595364772018562,158,116.252153056623,0.24765625,1280
bayesfl_observability_v1,ola_sparse_bayesian_keep010_seed42,45,ola,global,,,layers.1.weight,raw,2,0.0021262689176814696,0.0031880772090072847,0.002657173063344377,150,110.3659680917307,0.36484375,1280
bayesfl_observability_v1,ola_sparse_bayesian_keep010_seed42,45,ola,global,,,layers.1.weight,raw,3,0.0031880772090072847,0.0042498855003331,0.003718981354670192,124,91.23586695583072,0.46171875,1280
bayesfl_observability_v1,ola_sparse_bayesian_keep010_seed42,45,ola,global,,,layers.1.weight,raw,4,0.0042498855003331,0.005311693791658915,0.004780789645996007,127,93.44318631766532,0.5609375,1280
bayesfl_observability_v1,ola_sparse_bayesian_keep010_seed42,45,ola,global,,,layers.1.weight,raw,5,0.005311693791658915,0.00637350208298473,0.005842597937321822,99,72.84153894054226,0.63828125,1280
bayesfl_observability_v1,ola_sparse_bayesian_keep010_seed42,45,ola,global,,,layers.1.weight,raw,6,0.00637350208298473,0.007435310374310545,0.006904406228647637,82,60.333395890146114,0.70234375,1280
bayesfl_observability_v1,ola_sparse_bayesian_keep010_seed42,45,ola,global,,,layers.1.weight,raw,7,0.007435310374310545,0.00849711866563636,0.007966214519973452,66,48.561025960361505,0.75390625,1280
bayesfl_observability_v1,ola_sparse_bayesian_keep010_seed42,45,ola,global,,,layers.1.weight,raw,8,0.00849711866563636,0.009558926956962175,0.009028022811299267,52,38.260202271799976,0.79453125,1280
bayesfl_observability_v1,ola_sparse_bayesian_keep010_seed42,45,ola,global,,,layers.1.weight,raw,9,0.009558926956962175,0.01062073524828799,0.010089831102625083,35,25.75205922140383,0.821875,1280
bayesfl_observability_v1,ola_sparse_bayesian_keep010_seed42,45,ola,global,,,layers.1.weight,raw,10,0.01062073524828799,0.011682543539613805,0.011151639393950898,27,19.865874256511525,0.84296875,1280
bayesfl_observability_v1,ola_sparse_bayesian_keep010_seed42,45,ola,global,,,layers.1.weight,raw,11,0.011682543539613805,0.01274435183093962,0.012213447685276713,22,16.187008653453837,0.86015625,1280
bayesfl_observability_v1,ola_sparse_bayesian_keep010_seed42,45,ola,global,,,layers.1.weight,raw,12,0.01274435183093962,0.013806160122265435,0.013275255976602528,23,16.922781774065374,0.878125,1280
bayesfl_observability_v1,ola_sparse_bayesian_keep010_seed42,45,ola,global,,,layers.1.weight,raw,13,0.013806160122265435,0.01486796841359125,0.014337064267928343,16,11.772369929784608,0.890625,1280
bayesfl_observability_v1,ola_sparse_bayesian_keep010_seed42,45,ola,global,,,layers.1.weight,raw,14,0.01486796841359125,0.015929776704917065,0.015398872559254158,16,11.772369929784608,0.903125,1280
bayesfl_observability_v1,ola_sparse_bayesian_keep010_seed42,45,ola,global,,,layers.1.weight,raw,15,0.015929776704917065,0.01699158499624288,0.016460680850579973,11,8.093504326726919,0.91171875,1280
bayesfl_observability_v1,ola_sparse_bayesian_keep010_seed42,45,ola,global,,,layers.1.weight,raw,16,0.01699158499624288,0.018053393287568695,0.017522489141905788,16,11.772369929784608,0.92421875,1280
bayesfl_observability_v1,ola_sparse_bayesian_keep010_seed42,45,ola,global,,,layers.1.weight,raw,17,0.018053393287568695,0.01911520157889451,0.018584297433231603,12,8.829277447338455,0.93359375,1280
bayesfl_observability_v1,ola_sparse_bayesian_keep010_seed42,45,ola,global,,,layers.1.weight,raw,18,0.01911520157889451,0.020177009870220326,0.019646105724557418,8,5.886184964892304,0.93984375,1280
bayesfl_observability_v1,ola_sparse_bayesian_keep010_seed42,45,ola,global,,,layers.1.weight,raw,19,0.020177009870220326,0.02123881816154614,0.020707914015883233,11,8.093504326726919,0.9484375,1280
bayesfl_observability_v1,ola_sparse_bayesian_keep010_seed42,45,ola,global,,,layers.1.weight,raw,20,0.02123881816154614,0.022300626452871956,0.021769722307209048,5,3.67886560305769,0.95234375,1280
bayesfl_observability_v1,ola_sparse_bayesian_keep010_seed42,45,ola,global,,,layers.1.weight,raw,21,0.022300626452871956,0.02336243474419777,0.022831530598534863,3,2.207319361834614,0.9546875,1280
bayesfl_observability_v1,ola_sparse_bayesian_keep010_seed42,45,ola,global,,,layers.1.weight,raw,22,0.02336243474419777,0.024424243035523586,0.02389333888986068,5,3.67886560305769,0.95859375,1280
bayesfl_observability_v1,ola_sparse_bayesian_keep010_seed42,45,ola,global,,,layers.1.weight,raw,23,0.024424243035523586,0.0254860513268494,0.024955147181186493,6,4.414638723669228,0.96328125,1280
bayesfl_observability_v1,ola_sparse_bayesian_keep010_seed42,45,ola,global,,,layers.1.weight,raw,24,0.0254860513268494,0.026547859618175216,0.02601695547251231,2,1.471546241223076,0.96484375,1280
bayesfl_observability_v1,ola_sparse_bayesian_keep010_seed42,45,ola,global,,,layers.1.weight,raw,25,0.026547859618175216,0.02760966790950103,0.027078763763838123,3,2.207319361834614,0.9671875,1280
bayesfl_observability_v1,ola_sparse_bayesian_keep010_seed42,45,ola,global,,,layers.1.weight,raw,26,0.02760966790950103,0.028671476200826846,0.02814057205516394,3,2.207319361834614,0.96953125,1280
bayesfl_observability_v1,ola_sparse_bayesian_keep010_seed42,45,ola,global,,,layers.1.weight,raw,27,0.028671476200826846,0.02973328449215266,0.029202380346489754,1,0.735773120611538,0.9703125,1280
bayesfl_observability_v1,ola_sparse_bayesian_keep010_seed42,45,ola,global,,,layers.1.weight,raw,28,0.02973328449215266,0.030795092783478476,0.03026418863781557,3,2.207319361834614,0.97265625,1280
bayesfl_observability_v1,ola_sparse_bayesian_keep010_seed42,45,ola,global,,,layers.1.weight,raw,29,0.030795092783478476,0.031856901074804295,0.031325996929141384,2,1.471546241223071,0.97421875,1280
bayesfl_observability_v1,ola_sparse_bayesian_keep010_seed42,45,ola,global,,,layers.1.weight,raw,30,0.031856901074804295,0.03291870936613011,0.032387805220467206,5,3.67886560305769,0.978125,1280
bayesfl_observability_v1,ola_sparse_bayesian_keep010_seed42,45,ola,global,,,layers.1.weight,raw,31,0.03291870936613011,0.033980517657455925,0.033449613511793014,1,0.735773120611538,0.97890625,1280
bayesfl_observability_v1,ola_sparse_bayesian_keep010_seed42,45,ola,global,,,layers.1.weight,raw,32,0.033980517657455925,0.03504232594878174,0.034511421803118836,3,2.207319361834614,0.98125,1280
bayesfl_observability_v1,ola_sparse_bayesian_keep010_seed42,45,ola,global,,,layers.1.weight,raw,33,0.03504232594878174,0.036104134240107555,0.035573230094444644,1,0.735773120611538,0.98203125,1280
bayesfl_observability_v1,ola_sparse_bayesian_keep010_seed42,45,ola,global,,,layers.1.weight,raw,34,0.036104134240107555,0.03716594253143337,0.036635038385770466,0,0.0,0.98203125,1280
bayesfl_observability_v1,ola_sparse_bayesian_keep010_seed42,45,ola,global,,,layers.1.weight,raw,35,0.03716594253143337,0.038227750822759185,0.037696846677096274,0,0.0,0.98203125,1280
bayesfl_observability_v1,ola_sparse_bayesian_keep010_seed42,45,ola,global,,,layers.1.weight,raw,36,0.038227750822759185,0.039289559114085,0.038758654968422096,2,1.471546241223076,0.98359375,1280
bayesfl_observability_v1,ola_sparse_bayesian_keep010_seed42,45,ola,global,,,layers.1.weight,raw,37,0.039289559114085,0.040351367405410815,0.039820463259747904,1,0.735773120611538,0.984375,1280
bayesfl_observability_v1,ola_sparse_bayesian_keep010_seed42,45,ola,global,,,layers.1.weight,raw,38,0.040351367405410815,0.04141317569673663,0.040882271551073726,2,1.471546241223076,0.9859375,1280
bayesfl_observability_v1,ola_sparse_bayesian_keep010_seed42,45,ola,global,,,layers.1.weight,raw,39,0.04141317569673663,0.042474983988062445,0.041944079842399534,0,0.0,0.9859375,1280
bayesfl_observability_v1,ola_sparse_bayesian_keep010_seed42,45,ola,global,,,layers.1.weight,raw,40,0.042474983988062445,0.04353679227938826,0.043005888133725356,2,1.471546241223076,0.9875,1280
bayesfl_observability_v1,ola_sparse_bayesian_keep010_seed42,45,ola,global,,,layers.1.weight,raw,41,0.04353679227938826,0.044598600570714075,0.044067696425051164,2,1.471546241223076,0.9890625,1280
bayesfl_observability_v1,ola_sparse_bayesian_keep010_seed42,45,ola,global,,,layers.1.weight,raw,42,0.044598600570714075,0.04566040886203989,0.045129504716376986,0,0.0,0.9890625,1280
bayesfl_observability_v1,ola_sparse_bayesian_keep010_seed42,45,ola,global,,,layers.1.weight,raw,43,0.04566040886203989,0.046722217153365705,0.046191313007702794,2,1.471546241223076,0.990625,1280
bayesfl_observability_v1,ola_sparse_bayesian_keep010_seed42,45,ola,global,,,layers.1.weight,raw,44,0.046722217153365705,0.04778402544469152,0.047253121299028616,0,0.0,0.990625,1280
bayesfl_observability_v1,ola_sparse_bayesian_keep010_seed42,45,ola,global,,,layers.1.weight,raw,45,0.04778402544469152,0.048845833736017336,0.048314929590354425,1,0.735773120611538,0.99140625,1280
bayesfl_observability_v1,ola_sparse_bayesian_keep010_seed42,45,ola,global,,,layers.1.weight,raw,46,0.048845833736017336,0.04990764202734315,0.04937673788168025,0,0.0,0.99140625,1280
bayesfl_observability_v1,ola_sparse_bayesian_keep010_seed42,45,ola,global,,,layers.1.weight,raw,47,0.04990764202734315,0.050969450318668966,0.050438546173006055,1,0.735773120611538,0.9921875,1280
bayesfl_observability_v1,ola_sparse_bayesian_keep010_seed42,45,ola,global,,,layers.1.weight,raw,48,0.050969450318668966,0.05203125860999478,0.05150035446433188,2,1.471546241223076,0.99375,1280
bayesfl_observability_v1,ola_sparse_bayesian_keep010_seed42,45,ola,global,,,layers.1.weight,raw,49,0.05203125860999478,0.053093066901320596,0.052562162755657685,0,0.0,0.99375,1280
bayesfl_observability_v1,ola_sparse_bayesian_keep010_seed42,45,ola,global,,,layers.1.weight,raw,50,0.053093066901320596,0.05415487519264641,0.05362397104698351,3,2.207319361834614,0.99609375,1280
bayesfl_observability_v1,ola_sparse_bayesian_keep010_seed42,45,ola,global,,,layers.1.weight,raw,51,0.05415487519264641,0.055216683483972226,0.054685779338309315,0,0.0,0.99609375,1280
bayesfl_observability_v1,ola_sparse_bayesian_keep010_seed42,45,ola,global,,,layers.1.weight,raw,52,0.055216683483972226,0.05627849177529804,0.05574758762963514,1,0.735773120611538,0.996875,1280
bayesfl_observability_v1,ola_sparse_bayesian_keep010_seed42,45,ola,global,,,layers.1.weight,raw,53,0.05627849177529804,0.057340300066623856,0.056809395920960945,0,0.0,0.996875,1280
bayesfl_observability_v1,ola_sparse_bayesian_keep010_seed42,45,ola,global,,,layers.1.weight,raw,54,0.057340300066623856,0.05840210835794967,0.05787120421228677,1,0.735773120611538,0.99765625,1280
bayesfl_observability_v1,ola_sparse_bayesian_keep010_seed42,45,ola,global,,,layers.1.weight,raw,55,0.05840210835794967,0.059463916649275486,0.058933012503612575,0,0.0,0.99765625,1280
bayesfl_observability_v1,ola_sparse_bayesian_keep010_seed42,45,ola,global,,,layers.1.weight,raw,56,0.059463916649275486,0.0605257249406013,0.0599948207949384,1,0.735773120611538,0.9984375,1280
bayesfl_observability_v1,ola_sparse_bayesian_keep010_seed42,45,ola,global,,,layers.1.weight,raw,57,0.0605257249406013,0.061587533231927116,0.061056629086264205,0,0.0,0.9984375,1280
bayesfl_observability_v1,ola_sparse_bayesian_keep010_seed42,45,ola,global,,,layers.1.weight,raw,58,0.061587533231927116,0.06264934152325292,0.06211843737759002,0,0.0,0.9984375,1280
bayesfl_observability_v1,ola_sparse_bayesian_keep010_seed42,45,ola,global,,,layers.1.weight,raw,59,0.06264934152325292,0.06371114981457875,0.06318024566891584,0,0.0,0.9984375,1280
bayesfl_observability_v1,ola_sparse_bayesian_keep010_seed42,45,ola,global,,,layers.1.weight,raw,60,0.06371114981457875,0.06477295810590457,0.06424205396024166,0,0.0,0.9984375,1280
bayesfl_observability_v1,ola_sparse_bayesian_keep010_seed42,45,ola,global,,,layers.1.weight,raw,61,0.06477295810590457,0.06583476639723038,0.06530386225156748,0,0.0,0.9984375,1280
bayesfl_observability_v1,ola_sparse_bayesian_keep010_seed42,45,ola,global,,,layers.1.weight,raw,62,0.06583476639723038,0.06689657468855618,0.06636567054289327,0,0.0,0.9984375,1280
bayesfl_observability_v1,ola_sparse_bayesian_keep010_seed42,45,ola,global,,,layers.1.weight,raw,63,0.06689657468855618,0.067958382979882,0.0674274788342191,0,0.0,0.9984375,1280
bayesfl_observability_v1,ola_sparse_bayesian_keep010_seed42,45,ola,global,,,layers.1.weight,raw,64,0.067958382979882,0.06902019127120783,0.06848928712554492,0,0.0,0.9984375,1280
bayesfl_observability_v1,ola_sparse_bayesian_keep010_seed42,45,ola,global,,,layers.1.weight,raw,65,0.06902019127120783,0.07008199956253364,0.06955109541687074,1,0.7357731206115428,0.99921875,1280
bayesfl_observability_v1,ola_sparse_bayesian_keep010_seed42,45,ola,global,,,layers.1.weight,raw,66,0.07008199956253364,0.07114380785385944,0.07061290370819653,0,0.0,0.99921875,1280
bayesfl_observability_v1,ola_sparse_bayesian_keep010_seed42,45,ola,global,,,layers.1.weight,raw,67,0.07114380785385944,0.07220561614518527,0.07167471199952236,0,0.0,0.99921875,1280
bayesfl_observability_v1,ola_sparse_bayesian_keep010_seed42,45,ola,global,,,layers.1.weight,raw,68,0.07220561614518527,0.07326742443651109,0.07273652029084818,0,0.0,0.99921875,1280
bayesfl_observability_v1,ola_sparse_bayesian_keep010_seed42,45,ola,global,,,layers.1.weight,raw,69,0.07326742443651109,0.0743292327278369,0.073798328582174,0,0.0,0.99921875,1280
bayesfl_observability_v1,ola_sparse_bayesian_keep010_seed42,45,ola,global,,,layers.1.weight,raw,70,0.0743292327278369,0.0753910410191627,0.0748601368734998,0,0.0,0.99921875,1280
bayesfl_observability_v1,ola_sparse_bayesian_keep010_seed42,45,ola,global,,,layers.1.weight,raw,71,0.0753910410191627,0.07645284931048853,0.07592194516482562,0,0.0,0.99921875,1280
bayesfl_observability_v1,ola_sparse_bayesian_keep010_seed42,45,ola,global,,,layers.1.weight,raw,72,0.07645284931048853,0.07751465760181435,0.07698375345615144,0,0.0,0.99921875,1280
bayesfl_observability_v1,ola_sparse_bayesian_keep010_seed42,45,ola,global,,,layers.1.weight,raw,73,0.07751465760181435,0.07857646589314016,0.07804556174747726,0,0.0,0.99921875,1280
bayesfl_observability_v1,ola_sparse_bayesian_keep010_seed42,45,ola,global,,,layers.1.weight,raw,74,0.07857646589314016,0.07963827418446597,0.07910737003880305,0,0.0,0.99921875,1280
bayesfl_observability_v1,ola_sparse_bayesian_keep010_seed42,45,ola,global,,,layers.1.weight,raw,75,0.07963827418446597,0.08070008247579179,0.08016917833012888,0,0.0,0.99921875,1280
bayesfl_observability_v1,ola_sparse_bayesian_keep010_seed42,45,ola,global,,,layers.1.weight,raw,76,0.08070008247579179,0.08176189076711761,0.0812309866214547,0,0.0,0.99921875,1280
bayesfl_observability_v1,ola_sparse_bayesian_keep010_seed42,45,ola,global,,,layers.1.weight,raw,77,0.08176189076711761,0.08282369905844342,0.08229279491278052,0,0.0,0.99921875,1280
bayesfl_observability_v1,ola_sparse_bayesian_keep010_seed42,45,ola,global,,,layers.1.weight,raw,78,0.08282369905844342,0.08388550734976923,0.08335460320410631,0,0.0,0.99921875,1280
bayesfl_observability_v1,ola_sparse_bayesian_keep010_seed42,45,ola,global,,,layers.1.weight,raw,79,0.08388550734976923,0.08494731564109505,0.08441641149543214,1,0.7357731206115332,1.0,1280
bayesfl_observability_v1,ola_sparse_bayesian_keep010_seed42,45,ola,global,,,layers.1.weight,db,0,-111.52742910262866,-110.40104882394579,-110.96423896328722,1,0.000693593464645484,0.00078125,1280
bayesfl_observability_v1,ola_sparse_bayesian_keep010_seed42,45,ola,global,,,layers.1.weight,db,1,-110.40104882394579,-109.27466854526291,-109.83785868460436,0,0.0,0.00078125,1280
bayesfl_observability_v1,ola_sparse_bayesian_keep010_seed42,45,ola,global,,,layers.1.weight,db,2,-109.27466854526291,-108.14828826658004,-108.71147840592147,0,0.0,0.00078125,1280
bayesfl_observability_v1,ola_sparse_bayesian_keep010_seed42,45,ola,global,,,layers.1.weight,db,3,-108.14828826658004,-107.02190798789717,-107.58509812723861,0,0.0,0.00078125,1280
bayesfl_observability_v1,ola_sparse_bayesian_keep010_seed42,45,ola,global,,,layers.1.weight,db,4,-107.02190798789717,-105.89552770921429,-106.45871784855572,0,0.0,0.00078125,1280
bayesfl_observability_v1,ola_sparse_bayesian_keep010_seed42,45,ola,global,,,layers.1.weight,db,5,-105.89552770921429,-104.76914743053142,-105.33233756987286,0,0.0,0.00078125,1280
bayesfl_observability_v1,ola_sparse_bayesian_keep010_seed42,45,ola,global,,,layers.1.weight,db,6,-104.76914743053142,-103.64276715184855,-104.20595729118997,0,0.0,0.00078125,1280
bayesfl_observability_v1,ola_sparse_bayesian_keep010_seed42,45,ola,global,,,layers.1.weight,db,7,-103.64276715184855,-102.51638687316567,-103.07957701250712,0,0.0,0.00078125,1280
bayesfl_observability_v1,ola_sparse_bayesian_keep010_seed42,45,ola,global,,,layers.1.weight,db,8,-102.51638687316567,-101.3900065944828,-101.95319673382423,0,0.0,0.00078125,1280
bayesfl_observability_v1,ola_sparse_bayesian_keep010_seed42,45,ola,global,,,layers.1.weight,db,9,-101.3900065944828,-100.26362631579993,-100.82681645514137,0,0.0,0.00078125,1280
bayesfl_observability_v1,ola_sparse_bayesian_keep010_seed42,45,ola,global,,,layers.1.weight,db,10,-100.26362631579993,-99.13724603711705,-99.70043617645848,0,0.0,0.00078125,1280
bayesfl_observability_v1,ola_sparse_bayesian_keep010_seed42,45,ola,global,,,layers.1.weight,db,11,-99.13724603711705,-98.01086575843418,-98.57405589777562,0,0.0,0.00078125,1280
bayesfl_observability_v1,ola_sparse_bayesian_keep010_seed42,45,ola,global,,,layers.1.weight,db,12,-98.01086575843418,-96.8844854797513,-97.44767561909273,0,0.0,0.00078125,1280
bayesfl_observability_v1,ola_sparse_bayesian_keep010_seed42,45,ola,global,,,layers.1.weight,db,13,-96.8844854797513,-95.75810520106845,-96.32129534040988,0,0.0,0.00078125,1280
bayesfl_observability_v1,ola_sparse_bayesian_keep010_seed42,45,ola,global,,,layers.1.weight,db,14,-95.75810520106845,-94.63172492238556,-95.194915061727,0,0.0,0.00078125,1280
bayesfl_observability_v1,ola_sparse_bayesian_keep010_seed42,45,ola,global,,,layers.1.weight,db,15,-94.63172492238556,-93.5053446437027,-94.06853478304413,1,0.0006935934646454928,0.0015625,1280
bayesfl_observability_v1,ola_sparse_bayesian_keep010_seed42,45,ola,global,,,layers.1.weight,db,16,-93.5053446437027,-92.37896436501981,-92.94215450436126,2,0.0013871869292909505,0.003125,1280
bayesfl_observability_v1,ola_sparse_bayesian_keep010_seed42,45,ola,global,,,layers.1.weight,db,17,-92.37896436501981,-91.25258408633695,-91.81577422567838,0,0.0,0.003125,1280
bayesfl_observability_v1,ola_sparse_bayesian_keep010_seed42,45,ola,global,,,layers.1.weight,db,18,-91.25258408633695,-90.12620380765406,-90.68939394699551,0,0.0,0.003125,1280
bayesfl_observability_v1,ola_sparse_bayesian_keep010_seed42,45,ola,global,,,layers.1.weight,db,19,-90.12620380765406,-88.9998235289712,-89.56301366831264,1,0.0006935934646454928,0.00390625,1280
bayesfl_observability_v1,ola_sparse_bayesian_keep010_seed42,45,ola,global,,,layers.1.weight,db,20,-88.9998235289712,-87.87344325028833,-88.43663338962978,0,0.0,0.00390625,1280
bayesfl_observability_v1,ola_sparse_bayesian_keep010_seed42,45,ola,global,,,layers.1.weight,db,21,-87.87344325028833,-86.74706297160546,-87.31025311094689,0,0.0,0.00390625,1280
bayesfl_observability_v1,ola_sparse_bayesian_keep010_seed42,45,ola,global,,,layers.1.weight,db,22,-86.74706297160546,-85.62068269292259,-86.18387283226403,0,0.0,0.00390625,1280
bayesfl_observability_v1,ola_sparse_bayesian_keep010_seed42,45,ola,global,,,layers.1.weight,db,23,-85.62068269292259,-84.49430241423971,-85.05749255358114,1,0.000693593464645484,0.0046875,1280
bayesfl_observability_v1,ola_sparse_bayesian_keep010_seed42,45,ola,global,,,layers.1.weight,db,24,-84.49430241423971,-83.36792213555684,-83.93111227489828,3,0.002080780393936452,0.00703125,1280
bayesfl_observability_v1,ola_sparse_bayesian_keep010_seed42,45,ola,global,,,layers.1.weight,db,25,-83.36792213555684,-82.24154185687397,-82.8047319962154,3,0.002080780393936452,0.009375,1280
bayesfl_observability_v1,ola_sparse_bayesian_keep010_seed42,45,ola,global,,,layers.1.weight,db,26,-82.24154185687397,-81.11516157819109,-81.67835171753254,1,0.000693593464645484,0.01015625,1280
bayesfl_observability_v1,ola_sparse_bayesian_keep010_seed42,45,ola,global,,,layers.1.weight,db,27,-81.11516157819109,-79.98878129950822,-80.55197143884965,1,0.000693593464645484,0.0109375,1280
bayesfl_observability_v1,ola_sparse_bayesian_keep010_seed42,45,ola,global,,,layers.1.weight,db,28,-79.98878129950822,-78.86240102082535,-79.42559116016679,3,0.002080780393936452,0.01328125,1280
bayesfl_observability_v1,ola_sparse_bayesian_keep010_seed42,45,ola,global,,,layers.1.weight,db,29,-78.86240102082535,-77.73602074214247,-78.2992108814839,2,0.001387186929290968,0.01484375,1280
bayesfl_observability_v1,ola_sparse_bayesian_keep010_seed42,45,ola,global,,,layers.1.weight,db,30,-77.73602074214247,-76.6096404634596,-77.17283060280104,2,0.001387186929290968,0.01640625,1280
bayesfl_observability_v1,ola_sparse_bayesian_keep010_seed42,45,ola,global,,,layers.1.weight,db,31,-76.6096404634596,-75.48326018477673,-76.04645032411815,5,0.0034679673232274203,0.0203125,1280
bayesfl_observability_v1,ola_sparse_bayesian_keep010_seed42,45,ola,global,,,layers.1.weight,db,32,-75.48326018477673,-74.35687990609385,-74.9200700454353,4,0.002774373858581936,0.0234375,1280
bayesfl_observability_v1,ola_sparse_bayesian_keep010_seed42,45,ola,global,,,layers.1.weight,db,33,-74.35687990609385,-73.23049962741098,-73.79368976675241,3,0.002080780393936452,0.02578125,1280
bayesfl_observability_v1,ola_sparse_bayesian_keep010_seed42,45,ola,global,,,layers.1.weight,db,34,-73.23049962741098,-72.1041193487281,-72.66730948806955,4,0.002774373858581936,0.02890625,1280
bayesfl_observability_v1,ola_sparse_bayesian_keep010_seed42,45,ola,global,,,layers.1.weight,db,35,-72.1041193487281,-70.97773907004523,-71.54092920938666,9,0.006242341181809356,0.0359375,1280
bayesfl_observability_v1,ola_sparse_bayesian_keep010_seed42,45,ola,global,,,layers.1.weight,db,36,-70.97773907004523,-69.85135879136236,-70.4145489307038,5,0.0034679673232274203,0.03984375,1280
bayesfl_observability_v1,ola_sparse_bayesian_keep010_seed42,45,ola,global,,,layers.1.weight,db,37,-69.85135879136236,-68.72497851267948,-69.28816865202091,7,0.0048551542525183886,0.0453125,1280
bayesfl_observability_v1,ola_sparse_bayesian_keep010_seed42,45,ola,global,,,layers.1.weight,db,38,-68.72497851267948,-67.59859823399661,-68.16178837333806,5,0.0034679673232274203,0.04921875,1280
bayesfl_observability_v1,ola_sparse_bayesian_keep010_seed42,45,ola,global,,,layers.1.weight,db,39,-67.59859823399661,-66.47221795531374,-67.03540809465517,11,0.007629528111100324,0.0578125,1280
bayesfl_observability_v1,ola_sparse_bayesian_keep010_seed42,45,ola,global,,,layers.1.weight,db,40,-66.47221795531374,-65.34583767663088,-65.90902781597231,16,0.011097495434327885,0.0703125,1280
bayesfl_observability_v1,ola_sparse_bayesian_keep010_seed42,45,ola,global,,,layers.1.weight,db,41,-65.34583767663088,-64.21945739794799,-64.78264753728944,11,0.007629528111100228,0.07890625,1280
bayesfl_observability_v1,ola_sparse_bayesian_keep010_seed42,45,ola,global,,,layers.1.weight,db,42,-64.21945739794799,-63.093077119265125,-63.65626725860656,11,0.007629528111100373,0.0875,1280
bayesfl_observability_v1,ola_sparse_bayesian_keep010_seed42,45,ola,global,,,layers.1.weight,db,43,-63.093077119265125,-61.96669684058225,-62.52988697992369,12,0.008323121575745808,0.096875,1280
bayesfl_observability_v1,ola_sparse_bayesian_keep010_seed42,45,ola,global,,,layers.1.weight,db,44,-61.96669684058225,-60.84031656189938,-61.403506701240815,17,0.011791088898973229,0.11015625,1280
bayesfl_observability_v1,ola_sparse_bayesian_keep010_seed42,45,ola,global,,,layers.1.weight,db,45,-60.84031656189938,-59.713936283216505,-60.27712642255794,12,0.008323121575745808,0.11953125,1280
bayesfl_observability_v1,ola_sparse_bayesian_keep010_seed42,45,ola,global,,,layers.1.weight,db,46,-59.713936283216505,-58.58755600453363,-59.15074614387507,32,0.02219499086865549,0.14453125,1280
bayesfl_observability_v1,ola_sparse_bayesian_keep010_seed42,45,ola,global,,,layers.1.weight,db,47,-58.58755600453363,-57.46117572585076,-58.024365865192195,21,0.014565462757555166,0.1609375,1280
bayesfl_observability_v1,ola_sparse_bayesian_keep010_seed42,45,ola,global,,,layers.1.weight,db,48,-57.46117572585076,-56.334795447167885,-56.89798558650932,29,0.02011421047471904,0.18359375,1280
bayesfl_observability_v1,ola_sparse_bayesian_keep010_seed42,45,ola,global,,,layers.1.weight,db,49,-56.334795447167885,-55.20841516848501,-55.77160530782645,30,0.02080780393936452,0.20703125,1280
bayesfl_observability_v1,ola_sparse_bayesian_keep010_seed42,45,ola,global,,,layers.1.weight,db,50,-55.20841516848501,-54.08203488980214,-54.645225029143575,33,0.022888584333300974,0.2328125,1280
bayesfl_observability_v1,ola_sparse_bayesian_keep010_seed42,45,ola,global,,,layers.1.weight,db,51,-54.08203488980214,-52.955654611119265,-53.5188447504607,38,0.026356551656528393,0.2625,1280
bayesfl_observability_v1,ola_sparse_bayesian_keep010_seed42,45,ola,global,,,layers.1.weight,db,52,-52.955654611119265,-51.82927433243639,-52.39246447177783,52,0.03606686016156517,0.303125,1280
bayesfl_observability_v1,ola_sparse_bayesian_keep010_seed42,45,ola,global,,,layers.1.weight,db,53,-51.82927433243639,-50.70289405375352,-51.266084193094954,45,0.03121170590904678,0.33828125,1280
bayesfl_observability_v1,ola_sparse_bayesian_keep010_seed42,45,ola,global,,,layers.1.weight,db,54,-50.70289405375352,-49.576513775070644,-50.13970391441208,52,0.03606686016156517,0.37890625,1280
bayesfl_observability_v1,ola_sparse_bayesian_keep010_seed42,45,ola,global,,,layers.1.weight,db,55,-49.576513775070644,-48.45013349638778,-49.01332363572921,49,0.033986079767628935,0.4171875,1280
bayesfl_observability_v1,ola_sparse_bayesian_keep010_seed42,45,ola,global,,,layers.1.weight,db,56,-48.45013349638778,-47.323753217704905,-47.88694335704634,63,0.0436963882726655,0.46640625,1280
bayesfl_observability_v1,ola_sparse_bayesian_keep010_seed42,45,ola,global,,,layers.1.weight,db,57,-47.323753217704905,-46.19737293902203,-46.76056307836347,77,0.053406696777702274,0.5265625,1280
bayesfl_observability_v1,ola_sparse_bayesian_keep010_seed42,45,ola,global,,,layers.1.weight,db,58,-46.19737293902203,-45.07099266033916,-45.634182799680595,76,0.052713103313056786,0.5859375,1280
bayesfl_observability_v1,ola_sparse_bayesian_keep010_seed42,45,ola,global,,,layers.1.weight,db,59,-45.07099266033916,-43.944612381656285,-44.50780252099772,64,0.04438998173731098,0.6359375,1280
bayesfl_observability_v1,ola_sparse_bayesian_keep010_seed42,45,ola,global,,,layers.1.weight,db,60,-43.944612381656285,-42.81823210297341,-43.38142224231485,71,0.04924513598982937,0.69140625,1280
bayesfl_observability_v1,ola_sparse_bayesian_keep010_seed42,45,ola,global,,,layers.1.weight,db,61,-42.81823210297341,-41.69185182429054,-42.255041963631975,58,0.04022842094943808,0.73671875,1280
bayesfl_observability_v1,ola_sparse_bayesian_keep010_seed42,45,ola,global,,,layers.1.weight,db,62,-41.69185182429054,-40.565471545607664,-41.1286616849491,69,0.0478579490605384,0.790625,1280
bayesfl_observability_v1,ola_sparse_bayesian_keep010_seed42,45,ola,global,,,layers.1.weight,db,63,-40.565471545607664,-39.43909126692479,-40.00228140626623,44,0.030518112444401297,0.825,1280
bayesfl_observability_v1,ola_sparse_bayesian_keep010_seed42,45,ola,global,,,layers.1.weight,db,64,-39.43909126692479,-38.31271098824192,-38.875901127583354,37,0.02566295819188291,0.85390625,1280
bayesfl_observability_v1,ola_sparse_bayesian_keep010_seed42,45,ola,global,,,layers.1.weight,db,65,-38.31271098824192,-37.186330709559044,-37.74952084890048,32,0.02219499086865549,0.87890625,1280
bayesfl_observability_v1,ola_sparse_bayesian_keep010_seed42,45,ola,global,,,layers.1.weight,db,66,-37.186330709559044,-36.05995043087617,-36.62314057021761,27,0.01872702354542807,0.9,1280
bayesfl_observability_v1,ola_sparse_bayesian_keep010_seed42,45,ola,global,,,layers.1.weight,db,67,-36.05995043087617,-34.9335701521933,-35.496760291534734,29,0.02011421047471904,0.92265625,1280
bayesfl_observability_v1,ola_sparse_bayesian_keep010_seed42,45,ola,global,,,layers.1.weight,db,68,-34.9335701521933,-33.807189873510424,-34.37038001285186,28,0.019420617010073554,0.94453125,1280
bayesfl_observability_v1,ola_sparse_bayesian_keep010_seed42,45,ola,global,,,layers.1.weight,db,69,-33.807189873510424,-32.68080959482755,-33.24399973416899,12,0.008323121575745808,0.95390625,1280
bayesfl_observability_v1,ola_sparse_bayesian_keep010_seed42,45,ola,global,,,layers.1.weight,db,70,-32.68080959482755,-31.554429316144677,-32.117619455486114,13,0.009016715040391293,0.9640625,1280
bayesfl_observability_v1,ola_sparse_bayesian_keep010_seed42,45,ola,global,,,layers.1.weight,db,71,-31.554429316144677,-30.428049037461804,-30.99123917680324,8,0.005548747717163872,0.9703125,1280
bayesfl_observability_v1,ola_sparse_bayesian_keep010_seed42,45,ola,global,,,layers.1.weight,db,72,-30.428049037461804,-29.30166875877893,-29.864858898120367,14,0.009710308505036777,0.98125,1280
bayesfl_observability_v1,ola_sparse_bayesian_keep010_seed42,45,ola,global,,,layers.1.weight,db,73,-29.30166875877893,-28.175288480096057,-28.738478619437494,2,0.001387186929290968,0.9828125,1280
bayesfl_observability_v1,ola_sparse_bayesian_keep010_seed42,45,ola,global,,,layers.1.weight,db,74,-28.175288480096057,-27.048908201413184,-27.61209834075462,7,0.0048551542525183886,0.98828125,1280
bayesfl_observability_v1,ola_sparse_bayesian_keep010_seed42,45,ola,global,,,layers.1.weight,db,75,-27.048908201413184,-25.92252792273031,-26.485718062071747,5,0.0034679673232274203,0.9921875,1280
bayesfl_observability_v1,ola_sparse_bayesian_keep010_seed42,45,ola,global,,,layers.1.weight,db,76,-25.92252792273031,-24.796147644047437,-25.359337783388874,6,0.004161560787872904,0.996875,1280
bayesfl_observability_v1,ola_sparse_bayesian_keep010_seed42,45,ola,global,,,layers.1.weight,db,77,-24.796147644047437,-23.669767365364564,-24.232957504706,2,0.001387186929290968,0.9984375,1280
bayesfl_observability_v1,ola_sparse_bayesian_keep010_seed42,45,ola,global,,,layers.1.weight,db,78,-23.669767365364564,-22.54338708668169,-23.106577226023127,1,0.000693593464645484,0.99921875,1280
bayesfl_observability_v1,ola_sparse_bayesian_keep010_seed42,45,ola,global,,,layers.1.weight,db,79,-22.54338708668169,-21.41700680799882,-21.980196947340254,1,0.0006935934646454862,1.0,1280
bayesfl_observability_v1,ola_sparse_bayesian_keep010_seed42,45,ola,global,,,layers.1.bias,raw,0,1.9565824087812672e-05,0.00021306161261274708,0.00011631371835027988,1,516.807113799863,0.1,10
bayesfl_observability_v1,ola_sparse_bayesian_keep010_seed42,45,ola,global,,,layers.1.bias,raw,1,0.00021306161261274708,0.0004065574011376815,0.0003098095068752143,0,0.0,0.1,10
bayesfl_observability_v1,ola_sparse_bayesian_keep010_seed42,45,ola,global,,,layers.1.bias,raw,2,0.0004065574011376815,0.0006000531896626159,0.0005033052954001487,0,0.0,0.1,10
bayesfl_observability_v1,ola_sparse_bayesian_keep010_seed42,45,ola,global,,,layers.1.bias,raw,3,0.0006000531896626159,0.0007935489781875503,0.0006968010839250832,1,516.807113799863,0.2,10
bayesfl_observability_v1,ola_sparse_bayesian_keep010_seed42,45,ola,global,,,layers.1.bias,raw,4,0.0007935489781875503,0.0009870447667124846,0.0008902968724500175,2,1033.6142275997267,0.4,10
bayesfl_observability_v1,ola_sparse_bayesian_keep010_seed42,45,ola,global,,,layers.1.bias,raw,5,0.0009870447667124846,0.0011805405552374193,0.001083792660974952,0,0.0,0.4,10
bayesfl_observability_v1,ola_sparse_bayesian_keep010_seed42,45,ola,global,,,layers.1.bias,raw,6,0.0011805405552374193,0.0013740363437623536,0.0012772884494998864,2,1033.6142275997267,0.6,10
bayesfl_observability_v1,ola_sparse_bayesian_keep010_seed42,45,ola,global,,,layers.1.bias,raw,7,0.0013740363437623536,0.0015675321322872878,0.0014707842380248207,0,0.0,0.6,10
bayesfl_observability_v1,ola_sparse_bayesian_keep010_seed42,45,ola,global,,,layers.1.bias,raw,8,0.0015675321322872878,0.0017610279208122226,0.0016642800265497552,0,0.0,0.6,10
bayesfl_observability_v1,ola_sparse_bayesian_keep010_seed42,45,ola,global,,,layers.1.bias,raw,9,0.0017610279208122226,0.001954523709337157,0.0018577758150746897,0,0.0,0.6,10
bayesfl_observability_v1,ola_sparse_bayesian_keep010_seed42,45,ola,global,,,layers.1.bias,raw,10,0.001954523709337157,0.002148019497862091,0.0020512716035996238,0,0.0,0.6,10
bayesfl_observability_v1,ola_sparse_bayesian_keep010_seed42,45,ola,global,,,layers.1.bias,raw,11,0.002148019497862091,0.002341515286387026,0.0022447673921245585,0,0.0,0.6,10
bayesfl_observability_v1,ola_sparse_bayesian_keep010_seed42,45,ola,global,,,layers.1.bias,raw,12,0.002341515286387026,0.00253501107491196,0.002438263180649493,0,0.0,0.6,10
bayesfl_observability_v1,ola_sparse_bayesian_keep010_seed42,45,ola,global,,,layers.1.bias,raw,13,0.00253501107491196,0.0027285068634368944,0.002631758969174427,0,0.0,0.6,10
bayesfl_observability_v1,ola_sparse_bayesian_keep010_seed42,45,ola,global,,,layers.1.bias,raw,14,0.0027285068634368944,0.002922002651961829,0.0028252547576993617,0,0.0,0.6,10
bayesfl_observability_v1,ola_sparse_bayesian_keep010_seed42,45,ola,global,,,layers.1.bias,raw,15,0.002922002651961829,0.0031154984404867633,0.0030187505462242964,0,0.0,0.6,10
bayesfl_observability_v1,ola_sparse_bayesian_keep010_seed42,45,ola,global,,,layers.1.bias,raw,16,0.0031154984404867633,0.0033089942290116976,0.0032122463347492303,0,0.0,0.6,10
bayesfl_observability_v1,ola_sparse_bayesian_keep010_seed42,45,ola,global,,,layers.1.bias,raw,17,0.0033089942290116976,0.0035024900175366323,0.003405742123274165,0,0.0,0.6,10
bayesfl_observability_v1,ola_sparse_bayesian_keep010_seed42,45,ola,global,,,layers.1.bias,raw,18,0.0035024900175366323,0.0036959858060615666,0.0035992379117990997,0,0.0,0.6,10
bayesfl_observability_v1,ola_sparse_bayesian_keep010_seed42,45,ola,global,,,layers.1.bias,raw,19,0.0036959858060615666,0.003889481594586501,0.0037927337003240335,1,516.8071137998634,0.7,10
bayesfl_observability_v1,ola_sparse_bayesian_keep010_seed42,45,ola,global,,,layers.1.bias,raw,20,0.003889481594586501,0.004082977383111436,0.003986229488848968,0,0.0,0.7,10
bayesfl_observability_v1,ola_sparse_bayesian_keep010_seed42,45,ola,global,,,layers.1.bias,raw,21,0.004082977383111436,0.004276473171636369,0.004179725277373902,0,0.0,0.7,10
bayesfl_observability_v1,ola_sparse_bayesian_keep010_seed42,45,ola,global,,,layers.1.bias,raw,22,0.004276473171636369,0.004469968960161304,0.004373221065898837,0,0.0,0.7,10
bayesfl_observability_v1,ola_sparse_bayesian_keep010_seed42,45,ola,global,,,layers.1.bias,raw,23,0.004469968960161304,0.004663464748686239,0.0045667168544237715,0,0.0,0.7,10
bayesfl_observability_v1,ola_sparse_bayesian_keep010_seed42,45,ola,global,,,layers.1.bias,raw,24,0.004663464748686239,0.004856960537211173,0.004760212642948706,0,0.0,0.7,10
bayesfl_observability_v1,ola_sparse_bayesian_keep010_seed42,45,ola,global,,,layers.1.bias,raw,25,0.004856960537211173,0.005050456325736107,0.00495370843147364,1,516.8071137998622,0.8,10
bayesfl_observability_v1,ola_sparse_bayesian_keep010_seed42,45,ola,global,,,layers.1.bias,raw,26,0.005050456325736107,0.005243952114261042,0.005147204219998575,0,0.0,0.8,10
bayesfl_observability_v1,ola_sparse_bayesian_keep010_seed42,45,ola,global,,,layers.1.bias,raw,27,0.005243952114261042,0.005437447902785976,0.005340700008523509,0,0.0,0.8,10
bayesfl_observability_v1,ola_sparse_bayesian_keep010_seed42,45,ola,global,,,layers.1.bias,raw,28,0.005437447902785976,0.005630943691310911,0.005534195797048443,0,0.0,0.8,10
bayesfl_observability_v1,ola_sparse_bayesian_keep010_seed42,45,ola,global,,,layers.1.bias,raw,29,0.005630943691310911,0.005824439479835845,0.005727691585573378,1,516.8071137998622,0.9,10
bayesfl_observability_v1,ola_sparse_bayesian_keep010_seed42,45,ola,global,,,layers.1.bias,raw,30,0.005824439479835845,0.006017935268360779,0.005921187374098313,0,0.0,0.9,10
bayesfl_observability_v1,ola_sparse_bayesian_keep010_seed42,45,ola,global,,,layers.1.bias,raw,31,0.006017935268360779,0.006211431056885714,0.0061146831626232466,0,0.0,0.9,10
bayesfl_observability_v1,ola_sparse_bayesian_keep010_seed42,45,ola,global,,,layers.1.bias,raw,32,0.006211431056885714,0.006404926845410649,0.006308178951148181,0,0.0,0.9,10
bayesfl_observability_v1,ola_sparse_bayesian_keep010_seed42,45,ola,global,,,layers.1.bias,raw,33,0.006404926845410649,0.0065984226339355825,0.006501674739673115,0,0.0,0.9,10
bayesfl_observability_v1,ola_sparse_bayesian_keep010_seed42,45,ola,global,,,layers.1.bias,raw,34,0.0065984226339355825,0.006791918422460517,0.00669517052819805,0,0.0,0.9,10
bayesfl_observability_v1,ola_sparse_bayesian_keep010_seed42,45,ola,global,,,layers.1.bias,raw,35,0.006791918422460517,0.006985414210985452,0.0068886663167229845,0,0.0,0.9,10
bayesfl_observability_v1,ola_sparse_bayesian_keep010_seed42,45,ola,global,,,layers.1.bias,raw,36,0.006985414210985452,0.007178909999510386,0.007082162105247919,0,0.0,0.9,10
bayesfl_observability_v1,ola_sparse_bayesian_keep010_seed42,45,ola,global,,,layers.1.bias,raw,37,0.007178909999510386,0.0073724057880353204,0.007275657893772853,0,0.0,0.9,10
bayesfl_observability_v1,ola_sparse_bayesian_keep010_seed42,45,ola,global,,,layers.1.bias,raw,38,0.0073724057880353204,0.007565901576560255,0.007469153682297788,0,0.0,0.9,10
bayesfl_observability_v1,ola_sparse_bayesian_keep010_seed42,45,ola,global,,,layers.1.bias,raw,39,0.007565901576560255,0.007759397365085189,0.007662649470822722,0,0.0,0.9,10
bayesfl_observability_v1,ola_sparse_bayesian_keep010_seed42,45,ola,global,,,layers.1.bias,raw,40,0.007759397365085189,0.007952893153610124,0.007856145259347656,0,0.0,0.9,10
bayesfl_observability_v1,ola_sparse_bayesian_keep010_seed42,45,ola,global,,,layers.1.bias,raw,41,0.007952893153610124,0.008146388942135058,0.008049641047872591,0,0.0,0.9,10
bayesfl_observability_v1,ola_sparse_bayesian_keep010_seed42,45,ola,global,,,layers.1.bias,raw,42,0.008146388942135058,0.008339884730659993,0.008243136836397526,0,0.0,0.9,10
bayesfl_observability_v1,ola_sparse_bayesian_keep010_seed42,45,ola,global,,,layers.1.bias,raw,43,0.008339884730659993,0.008533380519184926,0.00843663262492246,0,0.0,0.9,10
bayesfl_observability_v1,ola_sparse_bayesian_keep010_seed42,45,ola,global,,,layers.1.bias,raw,44,0.008533380519184926,0.00872687630770986,0.008630128413447393,0,0.0,0.9,10
bayesfl_observability_v1,ola_sparse_bayesian_keep010_seed42,45,ola,global,,,layers.1.bias,raw,45,0.00872687630770986,0.008920372096234796,0.008823624201972328,0,0.0,0.9,10
bayesfl_observability_v1,ola_sparse_bayesian_keep010_seed42,45,ola,global,,,layers.1.bias,raw,46,0.008920372096234796,0.00911386788475973,0.009017119990497263,0,0.0,0.9,10
bayesfl_observability_v1,ola_sparse_bayesian_keep010_seed42,45,ola,global,,,layers.1.bias,raw,47,0.00911386788475973,0.009307363673284665,0.009210615779022198,0,0.0,0.9,10
bayesfl_observability_v1,ola_sparse_bayesian_keep010_seed42,45,ola,global,,,layers.1.bias,raw,48,0.009307363673284665,0.0095008594618096,0.009404111567547132,0,0.0,0.9,10
bayesfl_observability_v1,ola_sparse_bayesian_keep010_seed42,45,ola,global,,,layers.1.bias,raw,49,0.0095008594618096,0.009694355250334533,0.009597607356072065,0,0.0,0.9,10
bayesfl_observability_v1,ola_sparse_bayesian_keep010_seed42,45,ola,global,,,layers.1.bias,raw,50,0.009694355250334533,0.009887851038859467,0.009791103144597,0,0.0,0.9,10
bayesfl_observability_v1,ola_sparse_bayesian_keep010_seed42,45,ola,global,,,layers.1.bias,raw,51,0.009887851038859467,0.010081346827384402,0.009984598933121935,0,0.0,0.9,10
bayesfl_observability_v1,ola_sparse_bayesian_keep010_seed42,45,ola,global,,,layers.1.bias,raw,52,0.010081346827384402,0.010274842615909337,0.01017809472164687,0,0.0,0.9,10
bayesfl_observability_v1,ola_sparse_bayesian_keep010_seed42,45,ola,global,,,layers.1.bias,raw,53,0.010274842615909337,0.010468338404434271,0.010371590510171804,0,0.0,0.9,10
bayesfl_observability_v1,ola_sparse_bayesian_keep010_seed42,45,ola,global,,,layers.1.bias,raw,54,0.010468338404434271,0.010661834192959206,0.010565086298696739,0,0.0,0.9,10
bayesfl_observability_v1,ola_sparse_bayesian_keep010_seed42,45,ola,global,,,layers.1.bias,raw,55,0.010661834192959206,0.010855329981484139,0.010758582087221674,0,0.0,0.9,10
bayesfl_observability_v1,ola_sparse_bayesian_keep010_seed42,45,ola,global,,,layers.1.bias,raw,56,0.010855329981484139,0.011048825770009074,0.010952077875746606,0,0.0,0.9,10
bayesfl_observability_v1,ola_sparse_bayesian_keep010_seed42,45,ola,global,,,layers.1.bias,raw,57,0.011048825770009074,0.011242321558534009,0.011145573664271541,0,0.0,0.9,10
bayesfl_observability_v1,ola_sparse_bayesian_keep010_seed42,45,ola,global,,,layers.1.bias,raw,58,0.011242321558534009,0.011435817347058943,0.011339069452796476,0,0.0,0.9,10
bayesfl_observability_v1,ola_sparse_bayesian_keep010_seed42,45,ola,global,,,layers.1.bias,raw,59,0.011435817347058943,0.011629313135583878,0.01153256524132141,0,0.0,0.9,10
bayesfl_observability_v1,ola_sparse_bayesian_keep010_seed42,45,ola,global,,,layers.1.bias,raw,60,0.011629313135583878,0.011822808924108813,0.011726061029846345,0,0.0,0.9,10
bayesfl_observability_v1,ola_sparse_bayesian_keep010_seed42,45,ola,global,,,layers.1.bias,raw,61,0.011822808924108813,0.012016304712633746,0.011919556818371278,0,0.0,0.9,10
bayesfl_observability_v1,ola_sparse_bayesian_keep010_seed42,45,ola,global,,,layers.1.bias,raw,62,0.012016304712633746,0.01220980050115868,0.012113052606896213,0,0.0,0.9,10
bayesfl_observability_v1,ola_sparse_bayesian_keep010_seed42,45,ola,global,,,layers.1.bias,raw,63,0.01220980050115868,0.012403296289683615,0.012306548395421148,0,0.0,0.9,10
bayesfl_observability_v1,ola_sparse_bayesian_keep010_seed42,45,ola,global,,,layers.1.bias,raw,64,0.012403296289683615,0.01259679207820855,0.012500044183946082,0,0.0,0.9,10
bayesfl_observability_v1,ola_sparse_bayesian_keep010_seed42,45,ola,global,,,layers.1.bias,raw,65,0.01259679207820855,0.012790287866733484,0.012693539972471017,0,0.0,0.9,10
bayesfl_observability_v1,ola_sparse_bayesian_keep010_seed42,45,ola,global,,,layers.1.bias,raw,66,0.012790287866733484,0.012983783655258417,0.012887035760995952,0,0.0,0.9,10
bayesfl_observability_v1,ola_sparse_bayesian_keep010_seed42,45,ola,global,,,layers.1.bias,raw,67,0.012983783655258417,0.013177279443783352,0.013080531549520885,0,0.0,0.9,10
bayesfl_observability_v1,ola_sparse_bayesian_keep010_seed42,45,ola,global,,,layers.1.bias,raw,68,0.013177279443783352,0.013370775232308287,0.01327402733804582,0,0.0,0.9,10
bayesfl_observability_v1,ola_sparse_bayesian_keep010_seed42,45,ola,global,,,layers.1.bias,raw,69,0.013370775232308287,0.013564271020833222,0.013467523126570754,0,0.0,0.9,10
bayesfl_observability_v1,ola_sparse_bayesian_keep010_seed42,45,ola,global,,,layers.1.bias,raw,70,0.013564271020833222,0.013757766809358156,0.013661018915095689,0,0.0,0.9,10
bayesfl_observability_v1,ola_sparse_bayesian_keep010_seed42,45,ola,global,,,layers.1.bias,raw,71,0.013757766809358156,0.013951262597883091,0.013854514703620624,0,0.0,0.9,10
bayesfl_observability_v1,ola_sparse_bayesian_keep010_seed42,45,ola,global,,,layers.1.bias,raw,72,0.013951262597883091,0.014144758386408024,0.014048010492145557,0,0.0,0.9,10
bayesfl_observability_v1,ola_sparse_bayesian_keep010_seed42,45,ola,global,,,layers.1.bias,raw,73,0.014144758386408024,0.014338254174932959,0.014241506280670491,0,0.0,0.9,10
bayesfl_observability_v1,ola_sparse_bayesian_keep010_seed42,45,ola,global,,,layers.1.bias,raw,74,0.014338254174932959,0.014531749963457893,0.014435002069195426,0,0.0,0.9,10
bayesfl_observability_v1,ola_sparse_bayesian_keep010_seed42,45,ola,global,,,layers.1.bias,raw,75,0.014531749963457893,0.014725245751982828,0.01462849785772036,0,0.0,0.9,10
bayesfl_observability_v1,ola_sparse_bayesian_keep010_seed42,45,ola,global,,,layers.1.bias,raw,76,0.014725245751982828,0.014918741540507763,0.014821993646245295,0,0.0,0.9,10
bayesfl_observability_v1,ola_sparse_bayesian_keep010_seed42,45,ola,global,,,layers.1.bias,raw,77,0.014918741540507763,0.015112237329032698,0.01501548943477023,0,0.0,0.9,10
bayesfl_observability_v1,ola_sparse_bayesian_keep010_seed42,45,ola,global,,,layers.1.bias,raw,78,0.015112237329032698,0.01530573311755763,0.015208985223295165,0,0.0,0.9,10
bayesfl_observability_v1,ola_sparse_bayesian_keep010_seed42,45,ola,global,,,layers.1.bias,raw,79,0.01530573311755763,0.015499228906082565,0.015402481011820098,1,516.8071137998622,1.0,10
bayesfl_observability_v1,ola_sparse_bayesian_keep010_seed42,45,ola,global,,,layers.1.bias,db,0,-94.1700366649224,-93.44533368351554,-93.80768517421897,1,0.1379875653414179,0.1,10
bayesfl_observability_v1,ola_sparse_bayesian_keep010_seed42,45,ola,global,,,layers.1.bias,db,1,-93.44533368351554,-92.72063070210869,-93.08298219281212,0,0.0,0.1,10
bayesfl_observability_v1,ola_sparse_bayesian_keep010_seed42,45,ola,global,,,layers.1.bias,db,2,-92.72063070210869,-91.99592772070183,-92.35827921140526,0,0.0,0.1,10
bayesfl_observability_v1,ola_sparse_bayesian_keep010_seed42,45,ola,global,,,layers.1.bias,db,3,-91.99592772070183,-91.27122473929498,-91.6335762299984,0,0.0,0.1,10
bayesfl_observability_v1,ola_sparse_bayesian_keep010_seed42,45,ola,global,,,layers.1.bias,db,4,-91.27122473929498,-90.54652175788812,-90.90887324859155,0,0.0,0.1,10
bayesfl_observability_v1,ola_sparse_bayesian_keep010_seed42,45,ola,global,,,layers.1.bias,db,5,-90.54652175788812,-89.82181877648125,-90.18417026718468,0,0.0,0.1,10
bayesfl_observability_v1,ola_sparse_bayesian_keep010_seed42,45,ola,global,,,layers.1.bias,db,6,-89.82181877648125,-89.0971157950744,-89.45946728577783,0,0.0,0.1,10
bayesfl_observability_v1,ola_sparse_bayesian_keep010_seed42,45,ola,global,,,layers.1.bias,db,7,-89.0971157950744,-88.37241281366754,-88.73476430437097,0,0.0,0.1,10
bayesfl_observability_v1,ola_sparse_bayesian_keep010_seed42,45,ola,global,,,layers.1.bias,db,8,-88.37241281366754,-87.64770983226069,-88.0100613229641,0,0.0,0.1,10
bayesfl_observability_v1,ola_sparse_bayesian_keep010_seed42,45,ola,global,,,layers.1.bias,db,9,-87.64770983226069,-86.92300685085382,-87.28535834155726,0,0.0,0.1,10
bayesfl_observability_v1,ola_sparse_bayesian_keep010_seed42,45,ola,global,,,layers.1.bias,db,10,-86.92300685085382,-86.19830386944697,-86.5606553601504,0,0.0,0.1,10
bayesfl_observability_v1,ola_sparse_bayesian_keep010_seed42,45,ola,global,,,layers.1.bias,db,11,-86.19830386944697,-85.47360088804011,-85.83595237874354,0,0.0,0.1,10
bayesfl_observability_v1,ola_sparse_bayesian_keep010_seed42,45,ola,global,,,layers.1.bias,db,12,-85.47360088804011,-84.74889790663325,-85.11124939733668,0,0.0,0.1,10
bayesfl_observability_v1,ola_sparse_bayesian_keep010_seed42,45,ola,global,,,layers.1.bias,db,13,-84.74889790663325,-84.0241949252264,-84.38654641592981,0,0.0,0.1,10
bayesfl_observability_v1,ola_sparse_bayesian_keep010_seed42,45,ola,global,,,layers.1.bias,db,14,-84.0241949252264,-83.29949194381953,-83.66184343452296,0,0.0,0.1,10
bayesfl_observability_v1,ola_sparse_bayesian_keep010_seed42,45,ola,global,,,layers.1.bias,db,15,-83.29949194381953,-82.57478896241268,-82.93714045311611,0,0.0,0.1,10
bayesfl_observability_v1,ola_sparse_bayesian_keep010_seed42,45,ola,global,,,layers.1.bias,db,16,-82.57478896241268,-81.85008598100582,-82.21243747170925,0,0.0,0.1,10
bayesfl_observability_v1,ola_sparse_bayesian_keep010_seed42,45,ola,global,,,layers.1.bias,db,17,-81.85008598100582,-81.12538299959897,-81.48773449030239,0,0.0,0.1,10
bayesfl_observability_v1,ola_sparse_bayesian_keep010_seed42,45,ola,global,,,layers.1.bias,db,18,-81.12538299959897,-80.4006800181921,-80.76303150889554,0,0.0,0.1,10
bayesfl_observability_v1,ola_sparse_bayesian_keep010_seed42,45,ola,global,,,layers.1.bias,db,19,-80.4006800181921,-79.67597703678524,-80.03832852748867,0,0.0,0.1,10
bayesfl_observability_v1,ola_sparse_bayesian_keep010_seed42,45,ola,global,,,layers.1.bias,db,20,-79.67597703678524,-78.95127405537839,-79.31362554608182,0,0.0,0.1,10
bayesfl_observability_v1,ola_sparse_bayesian_keep010_seed42,45,ola,global,,,layers.1.bias,db,21,-78.95127405537839,-78.22657107397153,-78.58892256467496,0,0.0,0.1,10
bayesfl_observability_v1,ola_sparse_bayesian_keep010_seed42,45,ola,global,,,layers.1.bias,db,22,-78.22657107397153,-77.50186809256468,-77.8642195832681,0,0.0,0.1,10
bayesfl_observability_v1,ola_sparse_bayesian_keep010_seed42,45,ola,global,,,layers.1.bias,db,23,-77.50186809256468,-76.77716511115781,-77.13951660186125,0,0.0,0.1,10
bayesfl_observability_v1,ola_sparse_bayesian_keep010_seed42,45,ola,global,,,layers.1.bias,db,24,-76.77716511115781,-76.05246212975095,-76.41481362045438,0,0.0,0.1,10
bayesfl_observability_v1,ola_sparse_bayesian_keep010_seed42,45,ola,global,,,layers.1.bias,db,25,-76.05246212975095,-75.3277591483441,-75.69011063904753,0,0.0,0.1,10
bayesfl_observability_v1,ola_sparse_bayesian_keep010_seed42,45,ola,global,,,layers.1.bias,db,26,-75.3277591483441,-74.60305616693724,-74.96540765764067,0,0.0,0.1,10
bayesfl_observability_v1,ola_sparse_bayesian_keep010_seed42,45,ola,global,,,layers.1.bias,db,27,-74.60305616693724,-73.87835318553039,-74.2407046762338,0,0.0,0.1,10
bayesfl_observability_v1,ola_sparse_bayesian_keep010_seed42,45,ola,global,,,layers.1.bias,db,28,-73.87835318553039,-73.15365020412352,-73.51600169482695,0,0.0,0.1,10
bayesfl_observability_v1,ola_sparse_bayesian_keep010_seed42,45,ola,global,,,layers.1.bias,db,29,-73.15365020412352,-72.42894722271666,-72.79129871342009,0,0.0,0.1,10
bayesfl_observability_v1,ola_sparse_bayesian_keep010_seed42,45,ola,global,,,layers.1.bias,db,30,-72.42894722271666,-71.70424424130981,-72.06659573201324,0,0.0,0.1,10
bayesfl_observability_v1,ola_sparse_bayesian_keep010_seed42,45,ola,global,,,layers.1.bias,db,31,-71.70424424130981,-70.97954125990294,-71.34189275060638,0,0.0,0.1,10
bayesfl_observability_v1,ola_sparse_bayesian_keep010_seed42,45,ola,global,,,layers.1.bias,db,32,-70.97954125990294,-70.2548382784961,-70.61718976919951,0,0.0,0.1,10
bayesfl_observability_v1,ola_sparse_bayesian_keep010_seed42,45,ola,global,,,layers.1.bias,db,33,-70.2548382784961,-69.53013529708923,-69.89248678779266,0,0.0,0.1,10
bayesfl_observability_v1,ola_sparse_bayesian_keep010_seed42,45,ola,global,,,layers.1.bias,db,34,-69.53013529708923,-68.80543231568237,-69.1677838063858,0,0.0,0.1,10
bayesfl_observability_v1,ola_sparse_bayesian_keep010_seed42,45,ola,global,,,layers.1.bias,db,35,-68.80543231568237,-68.08072933427552,-68.44308082497895,0,0.0,0.1,10
bayesfl_observability_v1,ola_sparse_bayesian_keep010_seed42,45,ola,global,,,layers.1.bias,db,36,-68.08072933427552,-67.35602635286865,-67.71837784357209,0,0.0,0.1,10
bayesfl_observability_v1,ola_sparse_bayesian_keep010_seed42,45,ola,global,,,layers.1.bias,db,37,-67.35602635286865,-66.6313233714618,-66.99367486216522,0,0.0,0.1,10
bayesfl_observability_v1,ola_sparse_bayesian_keep010_seed42,45,ola,global,,,layers.1.bias,db,38,-66.6313233714618,-65.90662039005494,-66.26897188075837,0,0.0,0.1,10
bayesfl_observability_v1,ola_sparse_bayesian_keep010_seed42,45,ola,global,,,layers.1.bias,db,39,-65.90662039005494,-65.18191740864808,-65.54426889935151,0,0.0,0.1,10
bayesfl_observability_v1,ola_sparse_bayesian_keep010_seed42,45,ola,global,,,layers.1.bias,db,40,-65.18191740864808,-64.45721442724123,-64.81956591794466,0,0.0,0.1,10
bayesfl_observability_v1,ola_sparse_bayesian_keep010_seed42,45,ola,global,,,layers.1.bias,db,41,-64.45721442724123,-63.73251144583437,-64.0948629365378,0,0.0,0.1,10
bayesfl_observability_v1,ola_sparse_bayesian_keep010_seed42,45,ola,global,,,layers.1.bias,db,42,-63.73251144583437,-63.00780846442751,-63.370159955130944,0,0.0,0.1,10
bayesfl_observability_v1,ola_sparse_bayesian_keep010_seed42,45,ola,global,,,layers.1.bias,db,43,-63.00780846442751,-62.28310548302065,-62.64545697372408,1,0.1379875653414179,0.2,10
bayesfl_observability_v1,ola_sparse_bayesian_keep010_seed42,45,ola,global,,,layers.1.bias,db,44,-62.28310548302065,-61.55840250161379,-61.920753992317216,0,0.0,0.2,10
bayesfl_observability_v1,ola_sparse_bayesian_keep010_seed42,45,ola,global,,,layers.1.bias,db,45,-61.55840250161379,-60.833699520206935,-61.19605101091037,0,0.0,0.2,10
bayesfl_observability_v1,ola_sparse_bayesian_keep010_seed42,45,ola,global,,,layers.1.bias,db,46,-60.833699520206935,-60.10899653880008,-60.4713480295035,2,0.2759751306828385,0.4,10
bayesfl_observability_v1,ola_sparse_bayesian_keep010_seed42,45,ola,global,,,layers.1.bias,db,47,-60.10899653880008,-59.38429355739322,-59.74664504809665,0,0.0,0.4,10
bayesfl_observability_v1,ola_sparse_bayesian_keep010_seed42,45,ola,global,,,layers.1.bias,db,48,-59.38429355739322,-58.659590575986364,-59.02194206668979,0,0.0,0.4,10
bayesfl_observability_v1,ola_sparse_bayesian_keep010_seed42,45,ola,global,,,layers.1.bias,db,49,-58.659590575986364,-57.9348875945795,-58.29723908528293,1,0.1379875653414179,0.5,10
bayesfl_observability_v1,ola_sparse_bayesian_keep010_seed42,45,ola,global,,,layers.1.bias,db,50,-57.9348875945795,-57.21018461317264,-57.572536103876075,1,0.13798756534141926,0.6,10
bayesfl_observability_v1,ola_sparse_bayesian_keep010_seed42,45,ola,global,,,layers.1.bias,db,51,-57.21018461317264,-56.485481631765786,-56.84783312246921,0,0.0,0.6,10
bayesfl_observability_v1,ola_sparse_bayesian_keep010_seed42,45,ola,global,,,layers.1.bias,db,52,-56.485481631765786,-55.76077865035893,-56.12313014106236,0,0.0,0.6,10
bayesfl_observability_v1,ola_sparse_bayesian_keep010_seed42,45,ola,global,,,layers.1.bias,db,53,-55.76077865035893,-55.03607566895207,-55.3984271596555,0,0.0,0.6,10
bayesfl_observability_v1,ola_sparse_bayesian_keep010_seed42,45,ola,global,,,layers.1.bias,db,54,-55.03607566895207,-54.311372687545216,-54.67372417824865,0,0.0,0.6,10
bayesfl_observability_v1,ola_sparse_bayesian_keep010_seed42,45,ola,global,,,layers.1.bias,db,55,-54.311372687545216,-53.58666970613835,-53.949021196841784,0,0.0,0.6,10
bayesfl_observability_v1,ola_sparse_bayesian_keep010_seed42,45,ola,global,,,layers.1.bias,db,56,-53.58666970613835,-52.861966724731495,-53.22431821543492,0,0.0,0.6,10
bayesfl_observability_v1,ola_sparse_bayesian_keep010_seed42,45,ola,global,,,layers.1.bias,db,57,-52.861966724731495,-52.13726374332464,-52.49961523402807,0,0.0,0.6,10
bayesfl_observability_v1,ola_sparse_bayesian_keep010_seed42,45,ola,global,,,layers.1.bias,db,58,-52.13726374332464,-51.41256076191778,-51.774912252621206,0,0.0,0.6,10
bayesfl_observability_v1,ola_sparse_bayesian_keep010_seed42,45,ola,global,,,layers.1.bias,db,59,-51.41256076191778,-50.687857780510924,-51.05020927121436,0,0.0,0.6,10
bayesfl_observability_v1,ola_sparse_bayesian_keep010_seed42,45,ola,global,,,layers.1.bias,db,60,-50.687857780510924,-49.96315479910407,-50.32550628980749,0,0.0,0.6,10
bayesfl_observability_v1,ola_sparse_bayesian_keep010_seed42,45,ola,global,,,layers.1.bias,db,61,-49.96315479910407,-49.238451817697204,-49.600803308400636,0,0.0,0.6,10
bayesfl_observability_v1,ola_sparse_bayesian_keep010_seed42,45,ola,global,,,layers.1.bias,db,62,-49.238451817697204,-48.51374883629035,-48.87610032699378,0,0.0,0.6,10
bayesfl_observability_v1,ola_sparse_bayesian_keep010_seed42,45,ola,global,,,layers.1.bias,db,63,-48.51374883629035,-47.78904585488349,-48.151397345586915,1,0.13798756534141926,0.7,10
bayesfl_observability_v1,ola_sparse_bayesian_keep010_seed42,45,ola,global,,,layers.1.bias,db,64,-47.78904585488349,-47.06434287347663,-47.426694364180065,0,0.0,0.7,10
bayesfl_observability_v1,ola_sparse_bayesian_keep010_seed42,45,ola,global,,,layers.1.bias,db,65,-47.06434287347663,-46.339639892069776,-46.7019913827732,0,0.0,0.7,10
bayesfl_observability_v1,ola_sparse_bayesian_keep010_seed42,45,ola,global,,,layers.1.bias,db,66,-46.339639892069776,-45.61493691066291,-45.977288401366344,1,0.1379875653414179,0.8,10
bayesfl_observability_v1,ola_sparse_bayesian_keep010_seed42,45,ola,global,,,layers.1.bias,db,67,-45.61493691066291,-44.890233929256055,-45.25258541995949,0,0.0,0.8,10
bayesfl_observability_v1,ola_sparse_bayesian_keep010_seed42,45,ola,global,,,layers.1.bias,db,68,-44.890233929256055,-44.1655309478492,-44.52788243855262,1,0.13798756534141926,0.9,10
bayesfl_observability_v1,ola_sparse_bayesian_keep010_seed42,45,ola,global,,,layers.1.bias,db,69,-44.1655309478492,-43.44082796644234,-43.803179457145774,0,0.0,0.9,10
bayesfl_observability_v1,ola_sparse_bayesian_keep010_seed42,45,ola,global,,,layers.1.bias,db,70,-43.44082796644234,-42.716124985035485,-43.07847647573891,0,0.0,0.9,10
bayesfl_observability_v1,ola_sparse_bayesian_keep010_seed42,45,ola,global,,,layers.1.bias,db,71,-42.716124985035485,-41.99142200362863,-42.35377349433206,0,0.0,0.9,10
bayesfl_observability_v1,ola_sparse_bayesian_keep010_seed42,45,ola,global,,,layers.1.bias,db,72,-41.99142200362863,-41.266719022221764,-41.629070512925196,0,0.0,0.9,10
bayesfl_observability_v1,ola_sparse_bayesian_keep010_seed42,45,ola,global,,,layers.1.bias,db,73,-41.266719022221764,-40.54201604081491,-40.90436753151833,0,0.0,0.9,10
bayesfl_observability_v1,ola_sparse_bayesian_keep010_seed42,45,ola,global,,,layers.1.bias,db,74,-40.54201604081491,-39.81731305940805,-40.17966455011148,0,0.0,0.9,10
bayesfl_observability_v1,ola_sparse_bayesian_keep010_seed42,45,ola,global,,,layers.1.bias,db,75,-39.81731305940805,-39.092610078001194,-39.45496156870462,0,0.0,0.9,10
bayesfl_observability_v1,ola_sparse_bayesian_keep010_seed42,45,ola,global,,,layers.1.bias,db,76,-39.092610078001194,-38.36790709659434,-38.73025858729777,0,0.0,0.9,10
bayesfl_observability_v1,ola_sparse_bayesian_keep010_seed42,45,ola,global,,,layers.1.bias,db,77,-38.36790709659434,-37.64320411518748,-38.005555605890905,0,0.0,0.9,10
bayesfl_observability_v1,ola_sparse_bayesian_keep010_seed42,45,ola,global,,,layers.1.bias,db,78,-37.64320411518748,-36.918501133780616,-37.28085262448405,0,0.0,0.9,10
bayesfl_observability_v1,ola_sparse_bayesian_keep010_seed42,45,ola,global,,,layers.1.bias,db,79,-36.918501133780616,-36.19379815237376,-36.55614964307719,1,0.13798756534141926,1.0,10
bayesfl_observability_v1,ola_sparse_bayesian_keep010_seed42,50,ola,global,,,all,raw,0,2.0005701773262004e-08,0.000914524847413166,0.0004572724265574696,65679,705.7010248529253,0.6453670040286922,101770
bayesfl_observability_v1,ola_sparse_bayesian_keep010_seed42,50,ola,global,,,all,raw,1,0.000914524847413166,0.0018290296891245589,0.0013717772682688624,30257,325.10232964836496,0.9426746585437752,101770
bayesfl_observability_v1,ola_sparse_bayesian_keep010_seed42,50,ola,global,,,all,raw,2,0.0018290296891245589,0.0027435345308359513,0.002286282109980255,4531,48.684226976790235,0.9871966198290263,101770
bayesfl_observability_v1,ola_sparse_bayesian_keep010_seed42,50,ola,global,,,all,raw,3,0.0027435345308359513,0.003658039372547344,0.003200786951691648,491,5.275646754712866,0.9920212243293701,101770
bayesfl_observability_v1,ola_sparse_bayesian_keep010_seed42,50,ola,global,,,all,raw,4,0.003658039372547344,0.004572544214258737,0.00411529179340304,148,1.5902153150662,0.9934754839343618,101770
bayesfl_observability_v1,ola_sparse_bayesian_keep010_seed42,50,ola,global,,,all,raw,5,0.004572544214258737,0.0054870490559701295,0.005029796635114433,106,1.1389379959257924,0.994517048246045,101770
bayesfl_observability_v1,ola_sparse_bayesian_keep010_seed42,50,ola,global,,,all,raw,6,0.0054870490559701295,0.006401553897681523,0.005944301476825826,89,0.9562781286546739,0.9953915692247224,101770
bayesfl_observability_v1,ola_sparse_bayesian_keep010_seed42,50,ola,global,,,all,raw,7,0.006401553897681523,0.007316058739392915,0.0068588063185372194,64,0.687660676785384,0.9960204382430972,101770
bayesfl_observability_v1,ola_sparse_bayesian_keep010_seed42,50,ola,global,,,all,raw,8,0.007316058739392915,0.008230563581104309,0.007773311160248612,51,0.5479796018133524,0.9965215682421146,101770
bayesfl_observability_v1,ola_sparse_bayesian_keep010_seed42,50,ola,global,,,all,raw,9,0.008230563581104309,0.009145068422815702,0.008687816001960006,47,0.505000809514266,0.9969833939274836,101770
bayesfl_observability_v1,ola_sparse_bayesian_keep010_seed42,50,ola,global,,,all,raw,10,0.009145068422815702,0.010059573264527095,0.009602320843671398,37,0.39755382876654977,0.9973469588287315,101770
bayesfl_observability_v1,ola_sparse_bayesian_keep010_seed42,50,ola,global,,,all,raw,11,0.010059573264527095,0.010974078106238487,0.010516825685382791,36,0.38680913069177886,0.9977006976515672,101770
bayesfl_observability_v1,ola_sparse_bayesian_keep010_seed42,50,ola,global,,,all,raw,12,0.010974078106238487,0.01188858294794988,0.011431330527094184,24,0.2578727537945188,0.9979365235334577,101770
bayesfl_observability_v1,ola_sparse_bayesian_keep010_seed42,50,ola,global,,,all,raw,13,0.01188858294794988,0.012803087789661273,0.012345835368805576,17,0.18265986727111747,0.9981035668664636,101770
bayesfl_observability_v1,ola_sparse_bayesian_keep010_seed42,50,ola,global,,,all,raw,14,0.012803087789661273,0.013717592631372665,0.013260340210516969,21,0.22563865957020435,0.9983099145131178,101770
bayesfl_observability_v1,ola_sparse_bayesian_keep010_seed42,50,ola,global,,,all,raw,15,0.013717592631372665,0.014632097473084058,0.014174845052228362,15,0.16117047112157423,0.9984573056892994,101770
bayesfl_observability_v1,ola_sparse_bayesian_keep010_seed42,50,ola,global,,,all,raw,16,0.014632097473084058,0.015546602314795452,0.015089349893939754,14,0.15042577304680263,0.9985948707870689,101770
bayesfl_observability_v1,ola_sparse_bayesian_keep010_seed42,50,ola,global,,,all,raw,17,0.015546602314795452,0.01646110715650684,0.016003854735651146,11,0.11819167882248822,0.998702957649602,101770
bayesfl_observability_v1,ola_sparse_bayesian_keep010_seed42,50,ola,global,,,all,raw,18,0.01646110715650684,0.017375611998218236,0.01691835957736254,13,0.13968107497203072,0.9988306966689594,101770
bayesfl_observability_v1,ola_sparse_bayesian_keep010_seed42,50,ola,global,,,all,raw,19,0.017375611998218236,0.018290116839929628,0.017832864419073932,19,0.2041492634206611,0.9990173921587894,101770
bayesfl_observability_v1,ola_sparse_bayesian_keep010_seed42,50,ola,global,,,all,raw,20,0.018290116839929628,0.01920462168164102,0.018747369260785324,11,0.11819167882248799,0.9991254790213225,101770
bayesfl_observability_v1,ola_sparse_bayesian_keep010_seed42,50,ola,global,,,all,raw,21,0.01920462168164102,0.020119126523352415,0.019661874102496715,6,0.06446818844862957,0.9991844354917953,101770
bayesfl_observability_v1,ola_sparse_bayesian_keep010_seed42,50,ola,global,,,all,raw,22,0.020119126523352415,0.021033631365063806,0.02057637894420811,9,0.09670228267294471,0.9992728701975042,101770
bayesfl_observability_v1,ola_sparse_bayesian_keep010_seed42,50,ola,global,,,all,raw,23,0.021033631365063806,0.021948136206775198,0.021490883785919502,9,0.09670228267294471,0.9993613049032132,101770
bayesfl_observability_v1,ola_sparse_bayesian_keep010_seed42,50,ola,global,,,all,raw,24,0.021948136206775198,0.022862641048486593,0.022405388627630897,4,0.042978792299086375,0.9994006092168616,101770
bayesfl_observability_v1,ola_sparse_bayesian_keep010_seed42,50,ola,global,,,all,raw,25,0.022862641048486593,0.023777145890197984,0.02331989346934229,4,0.04297879229908654,0.99943991353051,101770
bayesfl_observability_v1,ola_sparse_bayesian_keep010_seed42,50,ola,global,,,all,raw,26,0.023777145890197984,0.024691650731909376,0.02423439831105368,5,0.05372349037385818,0.9994890439225705,101770
bayesfl_observability_v1,ola_sparse_bayesian_keep010_seed42,50,ola,global,,,all,raw,27,0.024691650731909376,0.02560615557362077,0.02514890315276507,2,0.021489396149543188,0.9995086960793947,101770
bayesfl_observability_v1,ola_sparse_bayesian_keep010_seed42,50,ola,global,,,all,raw,28,0.02560615557362077,0.026520660415332162,0.026063407994476467,2,0.02148939614954327,0.9995283482362189,101770
bayesfl_observability_v1,ola_sparse_bayesian_keep010_seed42,50,ola,global,,,all,raw,29,0.026520660415332162,0.027435165257043554,0.026977912836187858,3,0.032234094224314905,0.9995578264714552,101770
bayesfl_observability_v1,ola_sparse_bayesian_keep010_seed42,50,ola,global,,,all,raw,30,0.027435165257043554,0.02834967009875495,0.027892417677899253,4,0.042978792299086375,0.9995971307851037,101770
bayesfl_observability_v1,ola_sparse_bayesian_keep010_seed42,50,ola,global,,,all,raw,31,0.02834967009875495,0.02926417494046634,0.028806922519610645,3,0.032234094224314905,0.99962660902034,101770
bayesfl_observability_v1,ola_sparse_bayesian_keep010_seed42,50,ola,global,,,all,raw,32,0.02926417494046634,0.030178679782177732,0.029721427361322036,2,0.02148939614954327,0.9996462611771642,101770
bayesfl_observability_v1,ola_sparse_bayesian_keep010_seed42,50,ola,global,,,all,raw,33,0.030178679782177732,0.031093184623889127,0.030635932203033428,3,0.03223409422431479,0.9996757394124005,101770
bayesfl_observability_v1,ola_sparse_bayesian_keep010_seed42,50,ola,global,,,all,raw,34,0.031093184623889127,0.03200768946560052,0.031550437044744827,1,0.010744698074771594,0.9996855654908127,101770
bayesfl_observability_v1,ola_sparse_bayesian_keep010_seed42,50,ola,global,,,all,raw,35,0.03200768946560052,0.032922194307311914,0.03246494188645622,3,0.032234094224314905,0.9997150437260489,101770
bayesfl_observability_v1,ola_sparse_bayesian_keep010_seed42,50,ola,global,,,all,raw,36,0.032922194307311914,0.033836699149023305,0.03337944672816761,2,0.02148939614954327,0.9997346958828731,101770
bayesfl_observability_v1,ola_sparse_bayesian_keep010_seed42,50,ola,global,,,all,raw,37,0.033836699149023305,0.034751203990734704,0.03429395156987901,0,0.0,0.9997346958828731,101770
bayesfl_observability_v1,ola_sparse_bayesian_keep010_seed42,50,ola,global,,,all,raw,38,0.034751203990734704,0.035665708832446096,0.0352084564115904,1,0.010744698074771636,0.9997445219612853,101770
bayesfl_observability_v1,ola_sparse_bayesian_keep010_seed42,50,ola,global,,,all,raw,39,0.035665708832446096,0.03658021367415749,0.03612296125330179,3,0.032234094224314905,0.9997740001965215,101770
bayesfl_observability_v1,ola_sparse_bayesian_keep010_seed42,50,ola,global,,,all,raw,40,0.03658021367415749,0.03749471851586888,0.03703746609501318,0,0.0,0.9997740001965215,101770
bayesfl_observability_v1,ola_sparse_bayesian_keep010_seed42,50,ola,global,,,all,raw,41,0.03749471851586888,0.03840922335758027,0.037951970936724574,1,0.010744698074771636,0.9997838262749337,101770
bayesfl_observability_v1,ola_sparse_bayesian_keep010_seed42,50,ola,global,,,all,raw,42,0.03840922335758027,0.03932372819929166,0.038866475778435966,3,0.032234094224314905,0.99981330451017,101770
bayesfl_observability_v1,ola_sparse_bayesian_keep010_seed42,50,ola,global,,,all,raw,43,0.03932372819929166,0.04023823304100306,0.03978098062014736,0,0.0,0.99981330451017,101770
bayesfl_observability_v1,ola_sparse_bayesian_keep010_seed42,50,ola,global,,,all,raw,44,0.04023823304100306,0.04115273788271445,0.040695485461858756,1,0.010744698074771636,0.9998231305885821,101770
bayesfl_observability_v1,ola_sparse_bayesian_keep010_seed42,50,ola,global,,,all,raw,45,0.04115273788271445,0.04206724272442584,0.04160999030357015,3,0.032234094224314905,0.9998526088238184,101770
bayesfl_observability_v1,ola_sparse_bayesian_keep010_seed42,50,ola,global,,,all,raw,46,0.04206724272442584,0.042981747566137235,0.04252449514528154,2,0.02148939614954327,0.9998722609806426,101770
bayesfl_observability_v1,ola_sparse_bayesian_keep010_seed42,50,ola,global,,,all,raw,47,0.042981747566137235,0.04389625240784863,0.04343899998699293,0,0.0,0.9998722609806426,101770
bayesfl_observability_v1,ola_sparse_bayesian_keep010_seed42,50,ola,global,,,all,raw,48,0.04389625240784863,0.04481075724956002,0.04435350482870432,0,0.0,0.9998722609806426,101770
bayesfl_observability_v1,ola_sparse_bayesian_keep010_seed42,50,ola,global,,,all,raw,49,0.04481075724956002,0.04572526209127142,0.04526800967041572,0,0.0,0.9998722609806426,101770
bayesfl_observability_v1,ola_sparse_bayesian_keep010_seed42,50,ola,global,,,all,raw,50,0.04572526209127142,0.04663976693298281,0.04618251451212711,0,0.0,0.9998722609806426,101770
bayesfl_observability_v1,ola_sparse_bayesian_keep010_seed42,50,ola,global,,,all,raw,51,0.04663976693298281,0.0475542717746942,0.047097019353838504,0,0.0,0.9998722609806426,101770
bayesfl_observability_v1,ola_sparse_bayesian_keep010_seed42,50,ola,global,,,all,raw,52,0.0475542717746942,0.04846877661640559,0.048011524195549896,1,0.010744698074771636,0.9998820870590547,101770
bayesfl_observability_v1,ola_sparse_bayesian_keep010_seed42,50,ola,global,,,all,raw,53,0.04846877661640559,0.04938328145811698,0.04892602903726129,1,0.010744698074771636,0.9998919131374668,101770
bayesfl_observability_v1,ola_sparse_bayesian_keep010_seed42,50,ola,global,,,all,raw,54,0.04938328145811698,0.050297786299828375,0.04984053387897268,0,0.0,0.9998919131374668,101770
bayesfl_observability_v1,ola_sparse_bayesian_keep010_seed42,50,ola,global,,,all,raw,55,0.050297786299828375,0.05121229114153977,0.05075503872068407,1,0.010744698074771554,0.999901739215879,101770
bayesfl_observability_v1,ola_sparse_bayesian_keep010_seed42,50,ola,global,,,all,raw,56,0.05121229114153977,0.052126795983251165,0.05166954356239547,2,0.02148939614954327,0.9999213913727032,101770
bayesfl_observability_v1,ola_sparse_bayesian_keep010_seed42,50,ola,global,,,all,raw,57,0.052126795983251165,0.053041300824962556,0.05258404840410686,0,0.0,0.9999213913727032,101770
bayesfl_observability_v1,ola_sparse_bayesian_keep010_seed42,50,ola,global,,,all,raw,58,0.053041300824962556,0.05395580566667395,0.05349855324581825,0,0.0,0.9999213913727032,101770
bayesfl_observability_v1,ola_sparse_bayesian_keep010_seed42,50,ola,global,,,all,raw,59,0.05395580566667395,0.05487031050838534,0.054413058087529644,0,0.0,0.9999213913727032,101770
bayesfl_observability_v1,ola_sparse_bayesian_keep010_seed42,50,ola,global,,,all,raw,60,0.05487031050838534,0.05578481535009673,0.055327562929241035,1,0.010744698074771636,0.9999312174511152,101770
bayesfl_observability_v1,ola_sparse_bayesian_keep010_seed42,50,ola,global,,,all,raw,61,0.05578481535009673,0.05669932019180813,0.056242067770952434,0,0.0,0.9999312174511152,101770
bayesfl_observability_v1,ola_sparse_bayesian_keep010_seed42,50,ola,global,,,all,raw,62,0.05669932019180813,0.05761382503351952,0.057156572612663825,1,0.010744698074771636,0.9999410435295274,101770
bayesfl_observability_v1,ola_sparse_bayesian_keep010_seed42,50,ola,global,,,all,raw,63,0.05761382503351952,0.05852832987523091,0.05807107745437522,1,0.010744698074771636,0.9999508696079394,101770
bayesfl_observability_v1,ola_sparse_bayesian_keep010_seed42,50,ola,global,,,all,raw,64,0.05852832987523091,0.059442834716942304,0.05898558229608661,1,0.010744698074771636,0.9999606956863516,101770
bayesfl_observability_v1,ola_sparse_bayesian_keep010_seed42,50,ola,global,,,all,raw,65,0.059442834716942304,0.060357339558653696,0.059900087137798,0,0.0,0.9999606956863516,101770
bayesfl_observability_v1,ola_sparse_bayesian_keep010_seed42,50,ola,global,,,all,raw,66,0.060357339558653696,0.061271844400365094,0.06081459197950939,1,0.010744698074771554,0.9999705217647636,101770
bayesfl_observability_v1,ola_sparse_bayesian_keep010_seed42,50,ola,global,,,all,raw,67,0.061271844400365094,0.062186349242076486,0.06172909682122079,2,0.02148939614954327,0.9999901739215878,101770
bayesfl_observability_v1,ola_sparse_bayesian_keep010_seed42,50,ola,global,,,all,raw,68,0.062186349242076486,0.06310085408378788,0.06264360166293217,0,0.0,0.9999901739215878,101770
bayesfl_observability_v1,ola_sparse_bayesian_keep010_seed42,50,ola,global,,,all,raw,69,0.06310085408378788,0.06401535892549927,0.06355810650464358,0,0.0,0.9999901739215878,101770
bayesfl_observability_v1,ola_sparse_bayesian_keep010_seed42,50,ola,global,,,all,raw,70,0.06401535892549927,0.06492986376721066,0.06447261134635496,0,0.0,0.9999901739215878,101770
bayesfl_observability_v1,ola_sparse_bayesian_keep010_seed42,50,ola,global,,,all,raw,71,0.06492986376721066,0.06584436860892205,0.06538711618806636,0,0.0,0.9999901739215878,101770
bayesfl_observability_v1,ola_sparse_bayesian_keep010_seed42,50,ola,global,,,all,raw,72,0.06584436860892205,0.06675887345063344,0.06630162102977774,0,0.0,0.9999901739215878,101770
bayesfl_observability_v1,ola_sparse_bayesian_keep010_seed42,50,ola,global,,,all,raw,73,0.06675887345063344,0.06767337829234484,0.06721612587148915,0,0.0,0.9999901739215878,101770
bayesfl_observability_v1,ola_sparse_bayesian_keep010_seed42,50,ola,global,,,all,raw,74,0.06767337829234484,0.06858788313405623,0.06813063071320052,0,0.0,0.9999901739215878,101770
bayesfl_observability_v1,ola_sparse_bayesian_keep010_seed42,50,ola,global,,,all,raw,75,0.06858788313405623,0.06950238797576763,0.06904513555491193,0,0.0,0.9999901739215878,101770
bayesfl_observability_v1,ola_sparse_bayesian_keep010_seed42,50,ola,global,,,all,raw,76,0.06950238797576763,0.07041689281747902,0.06995964039662333,0,0.0,0.9999901739215878,101770
bayesfl_observability_v1,ola_sparse_bayesian_keep010_seed42,50,ola,global,,,all,raw,77,0.07041689281747902,0.07133139765919042,0.07087414523833471,0,0.0,0.9999901739215878,101770
bayesfl_observability_v1,ola_sparse_bayesian_keep010_seed42,50,ola,global,,,all,raw,78,0.07133139765919042,0.0722459025009018,0.07178865008004612,0,0.0,0.9999901739215878,101770
bayesfl_observability_v1,ola_sparse_bayesian_keep010_seed42,50,ola,global,,,all,raw,79,0.0722459025009018,0.0731604073426132,0.0727031549217575,1,0.010744698074771636,1.0,101770
bayesfl_observability_v1,ola_sparse_bayesian_keep010_seed42,50,ola,global,,,all,db,0,-153.97649003110982,-152.33571487700033,-153.1561024540551,2,1.1977361294745717e-05,1.9652156824211458e-05,101770
bayesfl_observability_v1,ola_sparse_bayesian_keep010_seed42,50,ola,global,,,all,db,1,-152.33571487700033,-150.69493972289087,-151.5153272999456,0,0.0,1.9652156824211458e-05,101770
bayesfl_observability_v1,ola_sparse_bayesian_keep010_seed42,50,ola,global,,,all,db,2,-150.69493972289087,-149.05416456878137,-149.8745521458361,1,5.9886806473728585e-06,2.9478235236317185e-05,101770
bayesfl_observability_v1,ola_sparse_bayesian_keep010_seed42,50,ola,global,,,all,db,3,-149.05416456878137,-147.41338941467188,-148.23377699172664,1,5.9886806473728585e-06,3.9304313648422916e-05,101770
bayesfl_observability_v1,ola_sparse_bayesian_keep010_seed42,50,ola,global,,,all,db,4,-147.41338941467188,-145.7726142605624,-146.59300183761712,0,0.0,3.9304313648422916e-05,101770
bayesfl_observability_v1,ola_sparse_bayesian_keep010_seed42,50,ola,global,,,all,db,5,-145.7726142605624,-144.13183910645293,-144.95222668350766,0,0.0,3.9304313648422916e-05,101770
bayesfl_observability_v1,ola_sparse_bayesian_keep010_seed42,50,ola,global,,,all,db,6,-144.13183910645293,-142.49106395234344,-143.3114515293982,0,0.0,3.9304313648422916e-05,101770
bayesfl_observability_v1,ola_sparse_bayesian_keep010_seed42,50,ola,global,,,all,db,7,-142.49106395234344,-140.85028879823395,-141.67067637528868,0,0.0,3.9304313648422916e-05,101770
bayesfl_observability_v1,ola_sparse_bayesian_keep010_seed42,50,ola,global,,,all,db,8,-140.85028879823395,-139.20951364412448,-140.02990122117922,1,5.988680647372962e-06,4.913039206052864e-05,101770
bayesfl_observability_v1,ola_sparse_bayesian_keep010_seed42,50,ola,global,,,all,db,9,-139.20951364412448,-137.568738490015,-138.38912606706975,0,0.0,4.913039206052864e-05,101770
bayesfl_observability_v1,ola_sparse_bayesian_keep010_seed42,50,ola,global,,,all,db,10,-137.568738490015,-135.9279633359055,-136.74835091296023,2,1.1977361294745717e-05,6.87825488847401e-05,101770
bayesfl_observability_v1,ola_sparse_bayesian_keep010_seed42,50,ola,global,,,all,db,11,-135.9279633359055,-134.287188181796,-135.10757575885077,3,1.7966041942118578e-05,9.826078412105728e-05,101770
bayesfl_observability_v1,ola_sparse_bayesian_keep010_seed42,50,ola,global,,,all,db,12,-134.287188181796,-132.64641302768655,-133.46680060474128,1,5.988680647372962e-06,0.00010808686253316301,101770
bayesfl_observability_v1,ola_sparse_bayesian_keep010_seed42,50,ola,global,,,all,db,13,-132.64641302768655,-131.00563787357706,-131.8260254506318,6,3.5932083884237156e-05,0.00016704333300579738,101770
bayesfl_observability_v1,ola_sparse_bayesian_keep010_seed42,50,ola,global,,,all,db,14,-131.00563787357706,-129.36486271946757,-130.18525029652233,7,4.192076453161001e-05,0.00023582588189053748,101770
bayesfl_observability_v1,ola_sparse_bayesian_keep010_seed42,50,ola,global,,,all,db,15,-129.36486271946757,-127.72408756535809,-128.54447514241284,5,2.994340323686455e-05,0.00028495627395106615,101770
bayesfl_observability_v1,ola_sparse_bayesian_keep010_seed42,50,ola,global,,,all,db,16,-127.72408756535809,-126.08331241124861,-126.90369998830334,6,3.593208388423746e-05,0.0003439127444237005,101770
bayesfl_observability_v1,ola_sparse_bayesian_keep010_seed42,50,ola,global,,,all,db,17,-126.08331241124861,-124.44253725713912,-125.26292483419387,11,6.587548712110145e-05,0.00045199960695686353,101770
bayesfl_observability_v1,ola_sparse_bayesian_keep010_seed42,50,ola,global,,,all,db,18,-124.44253725713912,-122.80176210302965,-123.62214968008439,13,7.785284841584783e-05,0.000579738626314238,101770
bayesfl_observability_v1,ola_sparse_bayesian_keep010_seed42,50,ola,global,,,all,db,19,-122.80176210302965,-121.16098694892017,-121.9813745259749,9,5.389812582635619e-05,0.0006681733320231895,101770
bayesfl_observability_v1,ola_sparse_bayesian_keep010_seed42,50,ola,global,,,all,db,20,-121.16098694892017,-119.52021179481068,-120.34059937186542,6,3.5932083884237156e-05,0.0007271298024958239,101770
bayesfl_observability_v1,ola_sparse_bayesian_keep010_seed42,50,ola,global,,,all,db,21,-119.52021179481068,-117.87943664070119,-118.69982421775593,19,0.00011378493230008432,0.0009138252923258328,101770
bayesfl_observability_v1,ola_sparse_bayesian_keep010_seed42,50,ola,global,,,all,db,22,-117.87943664070119,-116.23866148659172,-117.05904906364646,21,0.0001257622935948322,0.001120172938980053,101770
bayesfl_observability_v1,ola_sparse_bayesian_keep010_seed42,50,ola,global,,,all,db,23,-116.23866148659172,-114.59788633248223,-115.41827390953698,24,0.00014372833553694863,0.0013559988208705907,101770
bayesfl_observability_v1,ola_sparse_bayesian_keep010_seed42,50,ola,global,,,all,db,24,-114.59788633248223,-112.95711117837274,-113.77749875542749,36,0.0002155925033054229,0.0017097376437063968,101770
bayesfl_observability_v1,ola_sparse_bayesian_keep010_seed42,50,ola,global,,,all,db,25,-112.95711117837274,-111.31633602426326,-112.13672360131801,44,0.00026350194848440806,0.0021420850938390487,101770
bayesfl_observability_v1,ola_sparse_bayesian_keep010_seed42,50,ola,global,,,all,db,26,-111.31633602426326,-109.67556087015379,-110.49594844720852,43,0.0002575132678370351,0.0025646064655595953,101770
bayesfl_observability_v1,ola_sparse_bayesian_keep010_seed42,50,ola,global,,,all,db,27,-109.67556087015379,-108.0347857160443,-108.85517329309904,36,0.0002155925033054229,0.0029183452883954015,101770
bayesfl_observability_v1,ola_sparse_bayesian_keep010_seed42,50,ola,global,,,all,db,28,-108.0347857160443,-106.39401056193482,-107.21439813898957,57,0.0003413547969002559,0.0034784317578854277,101770
bayesfl_observability_v1,ola_sparse_bayesian_keep010_seed42,50,ola,global,,,all,db,29,-106.39401056193482,-104.75323540782534,-105.57362298488007,62,0.0003712982001371204,0.004087648619435983,101770
bayesfl_observability_v1,ola_sparse_bayesian_keep010_seed42,50,ola,global,,,all,db,30,-104.75323540782534,-103.11246025371585,-103.9328478307706,82,0.0004910718130845744,0.004893387049228653,101770
bayesfl_observability_v1,ola_sparse_bayesian_keep010_seed42,50,ola,global,,,all,db,31,-103.11246025371585,-101.47168509960636,-102.2920726766611,107,0.000640788829268896,0.005944777439323966,101770
bayesfl_observability_v1,ola_sparse_bayesian_keep010_seed42,50,ola,global,,,all,db,32,-101.47168509960636,-99.83090994549688,-100.65129752255163,138,0.0008264379293374615,0.007300776260194556,101770
bayesfl_observability_v1,ola_sparse_bayesian_keep010_seed42,50,ola,global,,,all,db,33,-99.83090994549688,-98.19013479138741,-99.01052236844214,154,0.0009222568196954282,0.008813992335658839,101770
bayesfl_observability_v1,ola_sparse_bayesian_keep010_seed42,50,ola,global,,,all,db,34,-98.19013479138741,-96.54935963727792,-97.36974721433266,183,0.0010959285584692332,0.010612164685074187,101770
bayesfl_observability_v1,ola_sparse_bayesian_keep010_seed42,50,ola,global,,,all,db,35,-96.54935963727792,-94.90858448316844,-95.72897206022319,245,0.001467226758606363,0.01301955389604009,101770
bayesfl_observability_v1,ola_sparse_bayesian_keep010_seed42,50,ola,global,,,all,db,36,-94.90858448316844,-93.26780932905896,-94.0881969061137,269,0.0016109550941433128,0.01566276898889653,101770
bayesfl_observability_v1,ola_sparse_bayesian_keep010_seed42,50,ola,global,,,all,db,37,-93.26780932905896,-91.62703417494947,-92.44742175200422,333,0.001994230655575162,0.018934853100127737,101770
bayesfl_observability_v1,ola_sparse_bayesian_keep010_seed42,50,ola,global,,,all,db,38,-91.62703417494947,-89.98625902083998,-90.80664659789473,393,0.0023535514944175336,0.02279650191608529,101770
bayesfl_observability_v1,ola_sparse_bayesian_keep010_seed42,50,ola,global,,,all,db,39,-89.98625902083998,-88.3454838667305,-89.16587144378525,458,0.002742815736496793,0.027296845828829713,101770
bayesfl_observability_v1,ola_sparse_bayesian_keep010_seed42,50,ola,global,,,all,db,40,-88.3454838667305,-86.70470871262103,-87.52509628967576,567,0.00339558192706044,0.032868232288493664,101770
bayesfl_observability_v1,ola_sparse_bayesian_keep010_seed42,50,ola,global,,,all,db,41,-86.70470871262103,-85.06393355851154,-85.88432113556628,684,0.004096257562803036,0.03958926992237398,101770
bayesfl_observability_v1,ola_sparse_bayesian_keep010_seed42,50,ola,global,,,all,db,42,-85.06393355851154,-83.42315840440206,-84.2435459814568,830,0.004970604937319515,0.04774491500442173,101770
bayesfl_observability_v1,ola_sparse_bayesian_keep010_seed42,50,ola,global,,,all,db,43,-83.42315840440206,-81.78238325029257,-82.60277082734731,1000,0.005988680647372859,0.057570993416527466,101770
bayesfl_observability_v1,ola_sparse_bayesian_keep010_seed42,50,ola,global,,,all,db,44,-81.78238325029257,-80.14160809618309,-80.96199567323782,1223,0.007324156431737069,0.06958828731453277,101770
bayesfl_observability_v1,ola_sparse_bayesian_keep010_seed42,50,ola,global,,,all,db,45,-80.14160809618309,-78.50083294207361,-79.32122051912836,1457,0.00872550770322233,0.08390488356097081,101770
bayesfl_observability_v1,ola_sparse_bayesian_keep010_seed42,50,ola,global,,,all,db,46,-78.50083294207361,-76.86005778796412,-77.68044536501887,1741,0.010426293007076147,0.10101208607644689,101770
bayesfl_observability_v1,ola_sparse_bayesian_keep010_seed42,50,ola,global,,,all,db,47,-76.86005778796412,-75.21928263385465,-76.03967021090938,2127,0.01273792373696218,0.12191215485899577,101770
bayesfl_observability_v1,ola_sparse_bayesian_keep010_seed42,50,ola,global,,,all,db,48,-75.21928263385465,-73.57850747974516,-74.3988950567999,2585,0.01548073947345884,0.1473125675542891,101770
bayesfl_observability_v1,ola_sparse_bayesian_keep010_seed42,50,ola,global,,,all,db,49,-73.57850747974516,-71.93773232563568,-72.75811990269042,3153,0.018882310081166784,0.17829419278765846,101770
bayesfl_observability_v1,ola_sparse_bayesian_keep010_seed42,50,ola,global,,,all,db,50,-71.93773232563568,-70.29695717152619,-71.11734474858093,3743,0.022415631663116612,0.21507320428417018,101770
bayesfl_observability_v1,ola_sparse_bayesian_keep010_seed42,50,ola,global,,,all,db,51,-70.29695717152619,-68.65618201741671,-69.47656959447144,4566,0.027344315835904708,0.25993907831384494,101770
bayesfl_observability_v1,ola_sparse_bayesian_keep010_seed42,50,ola,global,,,all,db,52,-68.65618201741671,-67.01540686330723,-67.83579444036198,5604,0.03356056634787779,0.3150044217352854,101770
bayesfl_observability_v1,ola_sparse_bayesian_keep010_seed42,50,ola,global,,,all,db,53,-67.01540686330723,-65.37463170919774,-66.19501928625249,6780,0.040603254789187984,0.38162523336936227,101770
bayesfl_observability_v1,ola_sparse_bayesian_keep010_seed42,50,ola,global,,,all,db,54,-65.37463170919774,-63.733856555088266,-64.554244132143,8096,0.04848435852113108,0.46117716419377025,101770
bayesfl_observability_v1,ola_sparse_bayesian_keep010_seed42,50,ola,global,,,all,db,55,-63.733856555088266,-62.093081400978775,-62.91346897803352,9527,0.05705416052752123,0.5547902132259015,101770
bayesfl_observability_v1,ola_sparse_bayesian_keep010_seed42,50,ola,global,,,all,db,56,-62.093081400978775,-60.4523062468693,-61.27269382392404,11865,0.07105569588107957,0.671376633585536,101770
bayesfl_observability_v1,ola_sparse_bayesian_keep010_seed42,50,ola,global,,,all,db,57,-60.4523062468693,-58.81153109275982,-59.63191866981456,12459,0.07461297218561909,0.7937997445219613,101770
bayesfl_observability_v1,ola_sparse_bayesian_keep010_seed42,50,ola,global,,,all,db,58,-58.81153109275982,-57.17075593865033,-57.991143515705076,7720,0.04623261459771847,0.8696570698634175,101770
bayesfl_observability_v1,ola_sparse_bayesian_keep010_seed42,50,ola,global,,,all,db,59,-57.17075593865033,-55.529980784540854,-56.35036836159559,5356,0.032075373547329304,0.9222855458386557,101770
bayesfl_observability_v1,ola_sparse_bayesian_keep010_seed42,50,ola,global,,,all,db,60,-55.529980784540854,-53.88920563043136,-54.70959320748611,3950,0.023655288557122792,0.9610985555664734,101770
bayesfl_observability_v1,ola_sparse_bayesian_keep010_seed42,50,ola,global,,,all,db,61,-53.88920563043136,-52.248430476321886,-53.068818053376624,2034,0.012180976436756499,0.9810847990566964,101770
bayesfl_observability_v1,ola_sparse_bayesian_keep010_seed42,50,ola,global,,,all,db,62,-52.248430476321886,-50.607655322212395,-51.42804289926714,831,0.004976593617966846,0.9892502702171563,101770
bayesfl_observability_v1,ola_sparse_bayesian_keep010_seed42,50,ola,global,,,all,db,63,-50.607655322212395,-48.96688016810292,-49.787267745157656,259,0.0015510682876695837,0.9917952245258917,101770
bayesfl_observability_v1,ola_sparse_bayesian_keep010_seed42,50,ola,global,,,all,db,64,-48.96688016810292,-47.32610501399344,-48.14649259104818,138,0.0008264379293374615,0.9931512233467623,101770
bayesfl_observability_v1,ola_sparse_bayesian_keep010_seed42,50,ola,global,,,all,db,65,-47.32610501399344,-45.68532985988395,-46.505717436938696,107,0.000640788829268896,0.9942026137368576,101770
bayesfl_observability_v1,ola_sparse_bayesian_keep010_seed42,50,ola,global,,,all,db,66,-45.68532985988395,-44.04455470577447,-44.86494228282921,113,0.0006767209131531388,0.9953129605974256,101770
bayesfl_observability_v1,ola_sparse_bayesian_keep010_seed42,50,ola,global,,,all,db,67,-44.04455470577447,-42.40377955166498,-43.22416712871973,84,0.0005030491743793201,0.9961383511840425,101770
bayesfl_observability_v1,ola_sparse_bayesian_keep010_seed42,50,ola,global,,,all,db,68,-42.40377955166498,-40.763004397555505,-41.583391974610244,87,0.0005210152163214432,0.9969932200058956,101770
bayesfl_observability_v1,ola_sparse_bayesian_keep010_seed42,50,ola,global,,,all,db,69,-40.763004397555505,-39.122229243446014,-39.94261682050076,72,0.0004311850066108458,0.9977006976515672,101770
bayesfl_observability_v1,ola_sparse_bayesian_keep010_seed42,50,ola,global,,,all,db,70,-39.122229243446014,-37.48145408933654,-38.301841666391276,54,0.00032338875495813716,0.998231305885821,101770
bayesfl_observability_v1,ola_sparse_bayesian_keep010_seed42,50,ola,global,,,all,db,71,-37.48145408933654,-35.84067893522706,-36.6610665122818,45,0.00026949062913178096,0.9986734794143657,101770
bayesfl_observability_v1,ola_sparse_bayesian_keep010_seed42,50,ola,global,,,all,db,72,-35.84067893522706,-34.19990378111757,-35.020291358172315,47,0.00028146799042652436,0.9991353050997347,101770
bayesfl_observability_v1,ola_sparse_bayesian_keep010_seed42,50,ola,global,,,all,db,73,-34.19990378111757,-32.55912862700809,-33.37951620406283,29,0.0001736717387738144,0.9994202613736858,101770
bayesfl_observability_v1,ola_sparse_bayesian_keep010_seed42,50,ola,global,,,all,db,74,-32.55912862700809,-30.918353472898602,-31.738741049953347,21,0.00012576229359483003,0.99962660902034,101770
bayesfl_observability_v1,ola_sparse_bayesian_keep010_seed42,50,ola,global,,,all,db,75,-30.918353472898602,-29.277578318789125,-30.097965895843863,11,6.587548712110202e-05,0.9997346958828731,101770
bayesfl_observability_v1,ola_sparse_bayesian_keep010_seed42,50,ola,global,,,all,db,76,-29.277578318789125,-27.636803164679648,-28.457190741734387,10,5.98868064737291e-05,0.9998329566669942,101770
bayesfl_observability_v1,ola_sparse_bayesian_keep010_seed42,50,ola,global,,,all,db,77,-27.636803164679648,-25.996028010570157,-26.816415587624903,6,3.5932083884237156e-05,0.9998919131374668,101770
bayesfl_observability_v1,ola_sparse_bayesian_keep010_seed42,50,ola,global,,,all,db,78,-25.996028010570157,-24.35525285646068,-25.17564043351542,8,4.790944517898328e-05,0.9999705217647636,101770
bayesfl_observability_v1,ola_sparse_bayesian_keep010_seed42,50,ola,global,,,all,db,79,-24.35525285646068,-22.71447770235119,-23.534865279405935,3,1.7966041942118578e-05,1.0,101770
bayesfl_observability_v1,ola_sparse_bayesian_keep010_seed42,50,ola,global,,,layers.0.weight,raw,0,2.0005701773262004e-08,6.12512788886401e-05,3.063564229520668e-05,4410,717.6939203254324,0.0439453125,100352
bayesfl_observability_v1,ola_sparse_bayesian_keep010_seed42,50,ola,global,,,layers.0.weight,raw,1,6.12512788886401e-05,0.00012248255207550696,9.186691548207352e-05,4360,709.5568010473662,0.08739237882653061,100352
bayesfl_observability_v1,ola_sparse_bayesian_keep010_seed42,50,ola,global,,,layers.0.weight,raw,2,0.00012248255207550696,0.0001837138252623738,0.0001530981886689404,4355,708.7430891195597,0.13078962053571427,100352
bayesfl_observability_v1,ola_sparse_bayesian_keep010_seed42,50,ola,global,,,layers.0.weight,raw,3,0.0001837138252623738,0.0002449450984492406,0.0002143294618558072,4414,718.344889867678,0.17477479272959184,100352
bayesfl_observability_v1,ola_sparse_bayesian_keep010_seed42,50,ola,global,,,layers.0.weight,raw,4,0.0002449450984492406,0.00030617637163610743,0.000275560735042674,4331,704.8372718660883,0.2179328762755102,100352
bayesfl_observability_v1,ola_sparse_bayesian_keep010_seed42,50,ola,global,,,layers.0.weight,raw,5,0.00030617637163610743,0.0003674076448229743,0.0003367920082295409,4353,708.4176043484367,0.2613101881377551,100352
bayesfl_observability_v1,ola_sparse_bayesian_keep010_seed42,50,ola,global,,,layers.0.weight,raw,6,0.0003674076448229743,0.00042863891800984117,0.0003980232814164077,4473,727.9466906157954,0.30588329081632654,100352
bayesfl_observability_v1,ola_sparse_bayesian_keep010_seed42,50,ola,global,,,layers.0.weight,raw,7,0.00042863891800984117,0.000489870191196708,0.0004592545546032746,4484,729.7368568569706,0.35056600765306123,100352
bayesfl_observability_v1,ola_sparse_bayesian_keep010_seed42,50,ola,global,,,layers.0.weight,raw,8,0.000489870191196708,0.0005511014643835748,0.0005204858277901413,4365,710.3705129751733,0.39406289859693877,100352
bayesfl_observability_v1,ola_sparse_bayesian_keep010_seed42,50,ola,global,,,layers.0.weight,raw,9,0.0005511014643835748,0.0006123327375704416,0.0005817171009770083,4441,722.7389342778338,0.4383171237244898,100352
bayesfl_observability_v1,ola_sparse_bayesian_keep010_seed42,50,ola,global,,,layers.0.weight,raw,10,0.0006123327375704416,0.0006735640107573085,0.0006429483741638751,4394,715.0900421564503,0.4821029974489796,100352
bayesfl_observability_v1,ola_sparse_bayesian_keep010_seed42,50,ola,global,,,layers.0.weight,raw,11,0.0006735640107573085,0.0007347952839441754,0.0007041796473507419,4317,702.5588784682298,0.5251215720663265,100352
bayesfl_observability_v1,ola_sparse_bayesian_keep010_seed42,50,ola,global,,,layers.0.weight,raw,12,0.0007347952839441754,0.0007960265571310422,0.0007654109205376088,4259,693.119820105673,0.5675621811224489,100352
bayesfl_observability_v1,ola_sparse_bayesian_keep010_seed42,50,ola,global,,,layers.0.weight,raw,13,0.0007960265571310422,0.0008572578303179091,0.0008266421937244756,4400,716.0664964698183,0.6114078443877551,100352
bayesfl_observability_v1,ola_sparse_bayesian_keep010_seed42,50,ola,global,,,layers.0.weight,raw,14,0.0008572578303179091,0.0009184891035047759,0.0008878734669113424,4394,715.0900421564515,0.6551937181122449,100352
bayesfl_observability_v1,ola_sparse_bayesian_keep010_seed42,50,ola,global,,,layers.0.weight,raw,15,0.0009184891035047759,0.0009797203766916428,0.0009491047400982094,4538,738.5249456772807,0.7004145408163265,100352
bayesfl_observability_v1,ola_sparse_bayesian_keep010_seed42,50,ola,global,,,layers.0.weight,raw,16,0.0009797203766916428,0.0010409516498785098,0.0010103360132850763,4138,673.4279914527518,0.7416493941326531,100352
bayesfl_observability_v1,ola_sparse_bayesian_keep010_seed42,50,ola,global,,,layers.0.weight,raw,17,0.0010409516498785098,0.0011021829230653765,0.0010715672864719432,3803,618.9092922897111,0.7795459980867347,100352
bayesfl_observability_v1,ola_sparse_bayesian_keep010_seed42,50,ola,global,,,layers.0.weight,raw,18,0.0011021829230653765,0.0011634141962522434,0.00113279855965881,3068,499.29363890213693,0.8101183832908163,100352
bayesfl_observability_v1,ola_sparse_bayesian_keep010_seed42,50,ola,global,,,layers.0.weight,raw,19,0.0011634141962522434,0.00122464546943911,0.0011940298328456766,2448,398.3933598541185,0.8345125159438775,100352
bayesfl_observability_v1,ola_sparse_bayesian_keep010_seed42,50,ola,global,,,layers.0.weight,raw,20,0.00122464546943911,0.001285876742625977,0.0012552611060325436,1892,307.90859348202184,0.8533661511479592,100352
bayesfl_observability_v1,ola_sparse_bayesian_keep010_seed42,50,ola,global,,,layers.0.weight,raw,21,0.001285876742625977,0.001347108015812844,0.0013164923792194105,1584,257.7839387291346,0.8691505899234694,100352
bayesfl_observability_v1,ola_sparse_bayesian_keep010_seed42,50,ola,global,,,layers.0.weight,raw,22,0.001347108015812844,0.0014083392889997107,0.0013777236524062774,1461,237.7666253050928,0.8837093431122449,100352
bayesfl_observability_v1,ola_sparse_bayesian_keep010_seed42,50,ola,global,,,layers.0.weight,raw,23,0.0014083392889997107,0.0014695705621865776,0.0014389549255931441,1270,206.68282966287936,0.8963647959183674,100352
bayesfl_observability_v1,ola_sparse_bayesian_keep010_seed42,50,ola,global,,,layers.0.weight,raw,24,0.0014695705621865776,0.0015308018353734445,0.001500186198780011,1189,193.50069643241227,0.9082130899234694,100352
bayesfl_observability_v1,ola_sparse_bayesian_keep010_seed42,50,ola,global,,,layers.0.weight,raw,25,0.0015308018353734445,0.0015920331085603112,0.0015614174719668777,1121,182.43421421424299,0.9193837691326531,100352
bayesfl_observability_v1,ola_sparse_bayesian_keep010_seed42,50,ola,global,,,layers.0.weight,raw,26,0.0015920331085603112,0.0016532643817471781,0.0016226487451537447,962,156.5581749099921,0.9289700255102041,100352
bayesfl_observability_v1,ola_sparse_bayesian_keep010_seed42,50,ola,global,,,layers.0.weight,raw,27,0.0016532643817471781,0.001714495654934045,0.0016838800183406116,847,137.84280057044,0.9374103156887755,100352
bayesfl_observability_v1,ola_sparse_bayesian_keep010_seed42,50,ola,global,,,layers.0.weight,raw,28,0.001714495654934045,0.0017757269281209118,0.0017451112915274785,832,135.40166478702068,0.9457011320153061,100352
bayesfl_observability_v1,ola_sparse_bayesian_keep010_seed42,50,ola,global,,,layers.0.weight,raw,29,0.0017757269281209118,0.0018369582013077787,0.0018063425647143452,709,115.38435136297754,0.952766262755102,100352
bayesfl_observability_v1,ola_sparse_bayesian_keep010_seed42,50,ola,global,,,layers.0.weight,raw,30,0.0018369582013077787,0.0018981894744946454,0.001867573837901212,699,113.75692750736472,0.9597317442602041,100352
bayesfl_observability_v1,ola_sparse_bayesian_keep010_seed42,50,ola,global,,,layers.0.weight,raw,31,0.0018981894744946454,0.001959420747681512,0.0019288051110880789,568,92.43767499883143,0.9653918207908163,100352
bayesfl_observability_v1,ola_sparse_bayesian_keep010_seed42,50,ola,global,,,layers.0.weight,raw,32,0.001959420747681512,0.002020652020868379,0.0019900363842749458,493,80.23199608173191,0.9703045280612245,100352
bayesfl_observability_v1,ola_sparse_bayesian_keep010_seed42,50,ola,global,,,layers.0.weight,raw,33,0.002020652020868379,0.002081883294055246,0.0020512676574618123,415,67.53809000794877,0.9744399713010204,100352
bayesfl_observability_v1,ola_sparse_bayesian_keep010_seed42,50,ola,global,,,layers.0.weight,raw,34,0.002081883294055246,0.0021431145672421124,0.002112498930648679,366,59.56371311544439,0.9780871332908163,100352
bayesfl_observability_v1,ola_sparse_bayesian_keep010_seed42,50,ola,global,,,layers.0.weight,raw,35,0.0021431145672421124,0.0022043458404289794,0.002173730203835546,353,57.44806210314678,0.9816047512755102,100352
bayesfl_observability_v1,ola_sparse_bayesian_keep010_seed42,50,ola,global,,,layers.0.weight,raw,36,0.0022043458404289794,0.0022655771136158463,0.0022349614770224126,269,43.77770171599571,0.9842853156887755,100352
bayesfl_observability_v1,ola_sparse_bayesian_keep010_seed42,50,ola,global,,,layers.0.weight,raw,37,0.0022655771136158463,0.002326808386802713,0.00229619275020928,229,37.26800629354281,0.9865672831632653,100352
bayesfl_observability_v1,ola_sparse_bayesian_keep010_seed42,50,ola,global,,,layers.0.weight,raw,38,0.002326808386802713,0.00238803965998958,0.0023574240233961465,209,34.013158582316365,0.9886499521683674,100352
bayesfl_observability_v1,ola_sparse_bayesian_keep010_seed42,50,ola,global,,,layers.0.weight,raw,39,0.00238803965998958,0.0024492709331764466,0.0024186552965830134,172,27.99169031654764,0.990363919005102,100352
bayesfl_observability_v1,ola_sparse_bayesian_keep010_seed42,50,ola,global,,,layers.0.weight,raw,40,0.0024492709331764466,0.0025105022063633135,0.0024798865697698803,159,25.876039304250252,0.9919483418367347,100352
bayesfl_observability_v1,ola_sparse_bayesian_keep010_seed42,50,ola,global,,,layers.0.weight,raw,41,0.0025105022063633135,0.0025717334795501805,0.002541117842956747,129,20.993767737410582,0.9932338169642857,100352
bayesfl_observability_v1,ola_sparse_bayesian_keep010_seed42,50,ola,global,,,layers.0.weight,raw,42,0.0025717334795501805,0.0026329647527370474,0.002602349116143614,116,18.87811672511339,0.9943897480867347,100352
bayesfl_observability_v1,ola_sparse_bayesian_keep010_seed42,50,ola,global,,,layers.0.weight,raw,43,0.0026329647527370474,0.0026941960259239143,0.0026635803893304806,92,14.972299471641655,0.9953065210459183,100352
bayesfl_observability_v1,ola_sparse_bayesian_keep010_seed42,50,ola,global,,,layers.0.weight,raw,44,0.0026941960259239143,0.0027554272991107812,0.002724811662517348,74,12.042936531537853,0.9960439253826531,100352
bayesfl_observability_v1,ola_sparse_bayesian_keep010_seed42,50,ola,global,,,layers.0.weight,raw,45,0.0027554272991107812,0.0028166585722976477,0.0027860429357042145,59,9.601800748118086,0.9966318558673469,100352
bayesfl_observability_v1,ola_sparse_bayesian_keep010_seed42,50,ola,global,,,layers.0.weight,raw,46,0.0028166585722976477,0.0028778898454845147,0.002847274208891081,56,9.11357359143405,0.9971898915816326,100352
bayesfl_observability_v1,ola_sparse_bayesian_keep010_seed42,50,ola,global,,,layers.0.weight,raw,47,0.0028778898454845147,0.0029391211186713816,0.0029085054820779483,46,7.4861497358208275,0.9976482780612245,100352
bayesfl_observability_v1,ola_sparse_bayesian_keep010_seed42,50,ola,global,,,layers.0.weight,raw,48,0.0029391211186713816,0.0030003523918582485,0.002969736755264815,24,3.905817253471736,0.9978874362244898,100352
bayesfl_observability_v1,ola_sparse_bayesian_keep010_seed42,50,ola,global,,,layers.0.weight,raw,49,0.0030003523918582485,0.0030615836650451154,0.003030968028451682,36,5.858725880207604,0.9982461734693877,100352
bayesfl_observability_v1,ola_sparse_bayesian_keep010_seed42,50,ola,global,,,layers.0.weight,raw,50,0.0030615836650451154,0.003122814938231982,0.0030921993016385487,18,2.9293629401038226,0.9984255420918368,100352
bayesfl_observability_v1,ola_sparse_bayesian_keep010_seed42,50,ola,global,,,layers.0.weight,raw,51,0.003122814938231982,0.003184046211418849,0.003153430574825415,26,4.231302024594381,0.9986846301020408,100352
bayesfl_observability_v1,ola_sparse_bayesian_keep010_seed42,50,ola,global,,,layers.0.weight,raw,52,0.003184046211418849,0.0032452774846057158,0.0032146618480122825,20,3.254847711226447,0.9988839285714286,100352
bayesfl_observability_v1,ola_sparse_bayesian_keep010_seed42,50,ola,global,,,layers.0.weight,raw,53,0.0032452774846057158,0.0033065087577925827,0.003275893121199149,13,2.1156510122971905,0.9990134725765306,100352
bayesfl_observability_v1,ola_sparse_bayesian_keep010_seed42,50,ola,global,,,layers.0.weight,raw,54,0.0033065087577925827,0.0033677400309794496,0.0033371243943860164,12,1.952908626735868,0.9991330516581632,100352
bayesfl_observability_v1,ola_sparse_bayesian_keep010_seed42,50,ola,global,,,layers.0.weight,raw,55,0.0033677400309794496,0.0034289713041663165,0.003398355667572883,10,1.6274238556132234,0.9992327008928571,100352
bayesfl_observability_v1,ola_sparse_bayesian_keep010_seed42,50,ola,global,,,layers.0.weight,raw,56,0.0034289713041663165,0.003490202577353183,0.00345958694075975,9,1.4646814700519113,0.9993223852040817,100352
bayesfl_observability_v1,ola_sparse_bayesian_keep010_seed42,50,ola,global,,,layers.0.weight,raw,57,0.003490202577353183,0.00355143385054005,0.0035208182139466167,11,1.7901662411745456,0.9994319993622449,100352
bayesfl_observability_v1,ola_sparse_bayesian_keep010_seed42,50,ola,global,,,layers.0.weight,raw,58,0.00355143385054005,0.003612665123726917,0.003582049487133483,8,1.3019390844905787,0.99951171875,100352
bayesfl_observability_v1,ola_sparse_bayesian_keep010_seed42,50,ola,global,,,layers.0.weight,raw,59,0.003612665123726917,0.003673896396913784,0.0036432807603203506,8,1.3019390844905787,0.9995914381377551,100352
bayesfl_observability_v1,ola_sparse_bayesian_keep010_seed42,50,ola,global,,,layers.0.weight,raw,60,0.003673896396913784,0.0037351276701006507,0.003704512033507217,5,0.8137119278066117,0.999641262755102,100352
bayesfl_observability_v1,ola_sparse_bayesian_keep010_seed42,50,ola,global,,,layers.0.weight,raw,61,0.0037351276701006507,0.0037963589432875172,0.003765743306694084,4,0.6509695422452939,0.9996811224489796,100352
bayesfl_observability_v1,ola_sparse_bayesian_keep010_seed42,50,ola,global,,,layers.0.weight,raw,62,0.0037963589432875172,0.003857590216474384,0.003826974579880951,6,0.976454313367934,0.9997409119897959,100352
bayesfl_observability_v1,ola_sparse_bayesian_keep010_seed42,50,ola,global,,,layers.0.weight,raw,63,0.003857590216474384,0.003918821489661251,0.0038882058530678174,3,0.488227156683967,0.9997708067602041,100352
bayesfl_observability_v1,ola_sparse_bayesian_keep010_seed42,50,ola,global,,,layers.0.weight,raw,64,0.003918821489661251,0.0039800527628481176,0.003949437126254684,5,0.8137119278066174,0.9998206313775511,100352
bayesfl_observability_v1,ola_sparse_bayesian_keep010_seed42,50,ola,global,,,layers.0.weight,raw,65,0.0039800527628481176,0.004041284036034985,0.004010668399441551,7,1.1391966989292484,0.9998903858418368,100352
bayesfl_observability_v1,ola_sparse_bayesian_keep010_seed42,50,ola,global,,,layers.0.weight,raw,66,0.004041284036034985,0.004102515309221851,0.004071899672628419,1,0.16274238556132348,0.9999003507653061,100352
bayesfl_observability_v1,ola_sparse_bayesian_keep010_seed42,50,ola,global,,,layers.0.weight,raw,67,0.004102515309221851,0.004163746582408719,0.004133130945815285,2,0.32548477112264235,0.9999202806122449,100352
bayesfl_observability_v1,ola_sparse_bayesian_keep010_seed42,50,ola,global,,,layers.0.weight,raw,68,0.004163746582408719,0.004224977855595585,0.004194362219002152,1,0.16274238556132348,0.9999302455357143,100352
bayesfl_observability_v1,ola_sparse_bayesian_keep010_seed42,50,ola,global,,,layers.0.weight,raw,69,0.004224977855595585,0.004286209128782452,0.004255593492189019,2,0.32548477112264695,0.9999501753826531,100352
bayesfl_observability_v1,ola_sparse_bayesian_keep010_seed42,50,ola,global,,,layers.0.weight,raw,70,0.004286209128782452,0.004347440401969319,0.004316824765375885,1,0.16274238556132117,0.9999601403061225,100352
bayesfl_observability_v1,ola_sparse_bayesian_keep010_seed42,50,ola,global,,,layers.0.weight,raw,71,0.004347440401969319,0.004408671675156186,0.004378056038562752,0,0.0,0.9999601403061225,100352
bayesfl_observability_v1,ola_sparse_bayesian_keep010_seed42,50,ola,global,,,layers.0.weight,raw,72,0.004408671675156186,0.004469902948343053,0.004439287311749619,0,0.0,0.9999601403061225,100352
bayesfl_observability_v1,ola_sparse_bayesian_keep010_seed42,50,ola,global,,,layers.0.weight,raw,73,0.004469902948343053,0.0045311342215299194,0.004500518584936487,0,0.0,0.9999601403061225,100352
bayesfl_observability_v1,ola_sparse_bayesian_keep010_seed42,50,ola,global,,,layers.0.weight,raw,74,0.0045311342215299194,0.004592365494716786,0.004561749858123352,0,0.0,0.9999601403061225,100352
bayesfl_observability_v1,ola_sparse_bayesian_keep010_seed42,50,ola,global,,,layers.0.weight,raw,75,0.004592365494716786,0.004653596767903653,0.00462298113131022,1,0.16274238556132117,0.9999701052295918,100352
bayesfl_observability_v1,ola_sparse_bayesian_keep010_seed42,50,ola,global,,,layers.0.weight,raw,76,0.004653596767903653,0.00471482804109052,0.004684212404497087,1,0.16274238556132348,0.9999800701530612,100352
bayesfl_observability_v1,ola_sparse_bayesian_keep010_seed42,50,ola,global,,,layers.0.weight,raw,77,0.00471482804109052,0.004776059314277387,0.0047454436776839535,0,0.0,0.9999800701530612,100352
bayesfl_observability_v1,ola_sparse_bayesian_keep010_seed42,50,ola,global,,,layers.0.weight,raw,78,0.004776059314277387,0.004837290587464254,0.00480667495087082,1,0.16274238556132348,0.9999900350765306,100352
bayesfl_observability_v1,ola_sparse_bayesian_keep010_seed42,50,ola,global,,,layers.0.weight,raw,79,0.004837290587464254,0.004898521860651121,0.004867906224057687,1,0.16274238556132117,1.0,100352
bayesfl_observability_v1,ola_sparse_bayesian_keep010_seed42,50,ola,global,,,layers.0.weight,db,0,-153.97649003110982,-152.6292676430696,-153.3028788370897,2,1.4793286628621917e-05,1.992984693877551e-05,100352
bayesfl_observability_v1,ola_sparse_bayesian_keep010_seed42,50,ola,global,,,layers.0.weight,db,1,-152.6292676430696,-151.28204525502935,-151.95565644904946,0,0.0,1.992984693877551e-05,100352
bayesfl_observability_v1,ola_sparse_bayesian_keep010_seed42,50,ola,global,,,layers.0.weight,db,2,-151.28204525502935,-149.93482286698912,-150.60843406100923,1,7.396643314310958e-06,2.9894770408163265e-05,100352
bayesfl_observability_v1,ola_sparse_bayesian_keep010_seed42,50,ola,global,,,layers.0.weight,db,3,-149.93482286698912,-148.5876004789489,-149.261211672969,0,0.0,2.9894770408163265e-05,100352
bayesfl_observability_v1,ola_sparse_bayesian_keep010_seed42,50,ola,global,,,layers.0.weight,db,4,-148.5876004789489,-147.24037809090865,-147.9139892849288,1,7.396643314310802e-06,3.985969387755102e-05,100352
bayesfl_observability_v1,ola_sparse_bayesian_keep010_seed42,50,ola,global,,,layers.0.weight,db,5,-147.24037809090865,-145.89315570286843,-146.56676689688854,0,0.0,3.985969387755102e-05,100352
bayesfl_observability_v1,ola_sparse_bayesian_keep010_seed42,50,ola,global,,,layers.0.weight,db,6,-145.89315570286843,-144.5459333148282,-145.21954450884832,0,0.0,3.985969387755102e-05,100352
bayesfl_observability_v1,ola_sparse_bayesian_keep010_seed42,50,ola,global,,,layers.0.weight,db,7,-144.5459333148282,-143.19871092678795,-143.87232212080806,0,0.0,3.985969387755102e-05,100352
bayesfl_observability_v1,ola_sparse_bayesian_keep010_seed42,50,ola,global,,,layers.0.weight,db,8,-143.19871092678795,-141.85148853874773,-142.52509973276784,0,0.0,3.985969387755102e-05,100352
bayesfl_observability_v1,ola_sparse_bayesian_keep010_seed42,50,ola,global,,,layers.0.weight,db,9,-141.85148853874773,-140.5042661507075,-141.17787734472762,0,0.0,3.985969387755102e-05,100352
bayesfl_observability_v1,ola_sparse_bayesian_keep010_seed42,50,ola,global,,,layers.0.weight,db,10,-140.5042661507075,-139.15704376266729,-139.8306549566874,1,7.396643314310958e-06,4.982461734693878e-05,100352
bayesfl_observability_v1,ola_sparse_bayesian_keep010_seed42,50,ola,global,,,layers.0.weight,db,11,-139.15704376266729,-137.80982137462703,-138.48343256864717,0,0.0,4.982461734693878e-05,100352
bayesfl_observability_v1,ola_sparse_bayesian_keep010_seed42,50,ola,global,,,layers.0.weight,db,12,-137.80982137462703,-136.4625989865868,-137.13621018060692,2,1.4793286628621917e-05,6.975446428571428e-05,100352
bayesfl_observability_v1,ola_sparse_bayesian_keep010_seed42,50,ola,global,,,layers.0.weight,db,13,-136.4625989865868,-135.1153765985466,-135.7889877925667,1,7.396643314310958e-06,7.971938775510203e-05,100352
bayesfl_observability_v1,ola_sparse_bayesian_keep010_seed42,50,ola,global,,,layers.0.weight,db,14,-135.1153765985466,-133.76815421050634,-134.44176540452645,3,2.2189929942932407e-05,0.0001096141581632653,100352
bayesfl_observability_v1,ola_sparse_bayesian_keep010_seed42,50,ola,global,,,layers.0.weight,db,15,-133.76815421050634,-132.42093182246612,-133.09454301648623,0,0.0,0.0001096141581632653,100352
bayesfl_observability_v1,ola_sparse_bayesian_keep010_seed42,50,ola,global,,,layers.0.weight,db,16,-132.42093182246612,-131.0737094344259,-131.747320628446,6,4.437985988586575e-05,0.00016940369897959184,100352
bayesfl_observability_v1,ola_sparse_bayesian_keep010_seed42,50,ola,global,,,layers.0.weight,db,17,-131.0737094344259,-129.72648704638564,-130.40009824040578,7,5.177650320017561e-05,0.00023915816326530612,100352
bayesfl_observability_v1,ola_sparse_bayesian_keep010_seed42,50,ola,global,,,layers.0.weight,db,18,-129.72648704638564,-128.37926465834542,-129.05287585236553,2,1.4793286628621917e-05,0.00025908801020408165,100352
bayesfl_observability_v1,ola_sparse_bayesian_keep010_seed42,50,ola,global,,,layers.0.weight,db,19,-128.37926465834542,-127.0320422703052,-127.70565346432531,5,3.698321657155479e-05,0.0003089126275510204,100352
bayesfl_observability_v1,ola_sparse_bayesian_keep010_seed42,50,ola,global,,,layers.0.weight,db,20,-127.0320422703052,-125.68481988226496,-126.35843107628509,6,4.437985988586528e-05,0.0003687021683673469,100352
bayesfl_observability_v1,ola_sparse_bayesian_keep010_seed42,50,ola,global,,,layers.0.weight,db,21,-125.68481988226496,-124.33759749422472,-125.01120868824484,10,7.39664331431088e-05,0.00046835140306122447,100352
bayesfl_observability_v1,ola_sparse_bayesian_keep010_seed42,50,ola,global,,,layers.0.weight,db,22,-124.33759749422472,-122.9903751061845,-123.66398630020461,11,8.136307645742054e-05,0.0005779655612244898,100352
bayesfl_observability_v1,ola_sparse_bayesian_keep010_seed42,50,ola,global,,,layers.0.weight,db,23,-122.9903751061845,-121.64315271814426,-122.31676391216439,7,5.177650320017616e-05,0.000647720025510204,100352
bayesfl_observability_v1,ola_sparse_bayesian_keep010_seed42,50,ola,global,,,layers.0.weight,db,24,-121.64315271814426,-120.29593033010403,-120.96954152412414,7,5.177650320017616e-05,0.0007174744897959184,100352
bayesfl_observability_v1,ola_sparse_bayesian_keep010_seed42,50,ola,global,,,layers.0.weight,db,25,-120.29593033010403,-118.9487079420638,-119.62231913608392,9,6.656978982879862e-05,0.0008071588010204082,100352
bayesfl_observability_v1,ola_sparse_bayesian_keep010_seed42,50,ola,global,,,layers.0.weight,db,26,-118.9487079420638,-117.60148555402357,-118.2750967480437,14,0.00010355300640035232,0.0009466677295918367,100352
bayesfl_observability_v1,ola_sparse_bayesian_keep010_seed42,50,ola,global,,,layers.0.weight,db,27,-117.60148555402357,-116.25426316598333,-116.92787436000344,19,0.00014053622297190672,0.001136001275510204,100352
bayesfl_observability_v1,ola_sparse_bayesian_keep010_seed42,50,ola,global,,,layers.0.weight,db,28,-116.25426316598333,-114.90704077794311,-115.58065197196322,17,0.00012574293634328628,0.001305404974489796,100352
bayesfl_observability_v1,ola_sparse_bayesian_keep010_seed42,50,ola,global,,,layers.0.weight,db,29,-114.90704077794311,-113.55981838990287,-114.233429583923,34,0.0002514858726865699,0.0016442123724489796,100352
bayesfl_observability_v1,ola_sparse_bayesian_keep010_seed42,50,ola,global,,,layers.0.weight,db,30,-113.55981838990287,-112.21259600186264,-112.88620719588275,29,0.00021450265611501552,0.0019331951530612245,100352
bayesfl_observability_v1,ola_sparse_bayesian_keep010_seed42,50,ola,global,,,layers.0.weight,db,31,-112.21259600186264,-110.86537361382241,-111.53898480784252,34,0.00025148587268657255,0.002272002551020408,100352
bayesfl_observability_v1,ola_sparse_bayesian_keep010_seed42,50,ola,global,,,layers.0.weight,db,32,-110.86537361382241,-109.51815122578219,-110.1917624198023,38,0.00028107244594381643,0.002650669642857143,100352
bayesfl_observability_v1,ola_sparse_bayesian_keep010_seed42,50,ola,global,,,layers.0.weight,db,33,-109.51815122578219,-108.17092883774195,-108.84454003176208,30,0.0002218992994293264,0.0029496173469387753,100352
bayesfl_observability_v1,ola_sparse_bayesian_keep010_seed42,50,ola,global,,,layers.0.weight,db,34,-108.17092883774195,-106.82370644970172,-107.49731764372183,49,0.0003624355224012331,0.0034378985969387753,100352
bayesfl_observability_v1,ola_sparse_bayesian_keep010_seed42,50,ola,global,,,layers.0.weight,db,35,-106.82370644970172,-105.4764840616615,-106.1500952556816,37,0.0002736758026295054,0.0038066007653061226,100352
bayesfl_observability_v1,ola_sparse_bayesian_keep010_seed42,50,ola,global,,,layers.0.weight,db,36,-105.4764840616615,-104.12926167362126,-104.80287286764138,69,0.0005103683886874507,0.0044941804846938774,100352
bayesfl_observability_v1,ola_sparse_bayesian_keep010_seed42,50,ola,global,,,layers.0.weight,db,37,-104.12926167362126,-102.78203928558102,-103.45565047960113,66,0.0004881784587445181,0.00515186543367347,100352
bayesfl_observability_v1,ola_sparse_bayesian_keep010_seed42,50,ola,global,,,layers.0.weight,db,38,-102.78203928558102,-101.4348168975408,-102.10842809156091,87,0.0006435079683450533,0.006018813775510204,100352
bayesfl_observability_v1,ola_sparse_bayesian_keep010_seed42,50,ola,global,,,layers.0.weight,db,39,-101.4348168975408,-100.08759450950056,-100.76120570352069,117,0.000865407267774373,0.007184709821428571,100352
bayesfl_observability_v1,ola_sparse_bayesian_keep010_seed42,50,ola,global,,,layers.0.weight,db,40,-100.08759450950056,-98.74037212146033,-99.41398331548044,125,0.00092458041428886,0.00843032525510204,100352
bayesfl_observability_v1,ola_sparse_bayesian_keep010_seed42,50,ola,global,,,layers.0.weight,db,41,-98.74037212146033,-97.3931497334201,-98.06676092744021,136,0.0010059434907462902,0.009785554846938776,100352
bayesfl_observability_v1,ola_sparse_bayesian_keep010_seed42,50,ola,global,,,layers.0.weight,db,42,-97.3931497334201,-96.04592734537987,-96.71953853939999,163,0.0012056528602326735,0.01140983737244898,100352
bayesfl_observability_v1,ola_sparse_bayesian_keep010_seed42,50,ola,global,,,layers.0.weight,db,43,-96.04592734537987,-94.69870495733963,-95.37231615135974,196,0.0014497420896049324,0.01336296237244898,100352
bayesfl_observability_v1,ola_sparse_bayesian_keep010_seed42,50,ola,global,,,layers.0.weight,db,44,-94.69870495733963,-93.3514825692994,-94.02509376331952,233,0.0017234178922344533,0.015684789540816327,100352
bayesfl_observability_v1,ola_sparse_bayesian_keep010_seed42,50,ola,global,,,layers.0.weight,db,45,-93.3514825692994,-92.00426018125917,-92.6778713752793,268,0.001982300408235316,0.018355389030612245,100352
bayesfl_observability_v1,ola_sparse_bayesian_keep010_seed42,50,ola,global,,,layers.0.weight,db,46,-92.00426018125917,-90.65703779321893,-91.33064898723904,301,0.002226389637607575,0.02135483099489796,100352
bayesfl_observability_v1,ola_sparse_bayesian_keep010_seed42,50,ola,global,,,layers.0.weight,db,47,-90.65703779321893,-89.30981540517871,-89.98342659919882,348,0.0025740318733802133,0.0248226243622449,100352
bayesfl_observability_v1,ola_sparse_bayesian_keep010_seed42,50,ola,global,,,layers.0.weight,db,48,-89.30981540517871,-87.96259301713847,-88.6362042111586,420,0.0031065901920105696,0.029007892219387755,100352
bayesfl_observability_v1,ola_sparse_bayesian_keep010_seed42,50,ola,global,,,layers.0.weight,db,49,-87.96259301713847,-86.61537062909825,-87.28898182311836,457,0.0033802659946401076,0.03356186224489796,100352
bayesfl_observability_v1,ola_sparse_bayesian_keep010_seed42,50,ola,global,,,layers.0.weight,db,50,-86.61537062909825,-85.26814824105801,-85.94175943507813,550,0.004068153822870984,0.03904257015306122,100352
bayesfl_observability_v1,ola_sparse_bayesian_keep010_seed42,50,ola,global,,,layers.0.weight,db,51,-85.26814824105801,-83.92092585301779,-84.5945370470379,666,0.004926164447331098,0.04567920918367347,100352
bayesfl_observability_v1,ola_sparse_bayesian_keep010_seed42,50,ola,global,,,layers.0.weight,db,52,-83.92092585301779,-82.57370346497756,-83.24731465899768,731,0.005406946262761253,0.05296356823979592,100352
bayesfl_observability_v1,ola_sparse_bayesian_keep010_seed42,50,ola,global,,,layers.0.weight,db,53,-82.57370346497756,-81.22648107693732,-81.90009227095743,909,0.00672354877270859,0.062021683673469385,100352
bayesfl_observability_v1,ola_sparse_bayesian_keep010_seed42,50,ola,global,,,layers.0.weight,db,54,-81.22648107693732,-79.8792586888971,-80.55286988291721,1040,0.007692509046883397,0.07238520408163265,100352
bayesfl_observability_v1,ola_sparse_bayesian_keep010_seed42,50,ola,global,,,layers.0.weight,db,55,-79.8792586888971,-78.53203630085686,-79.20564749487698,1221,0.009031301486773584,0.0845523756377551,100352
bayesfl_observability_v1,ola_sparse_bayesian_keep010_seed42,50,ola,global,,,layers.0.weight,db,56,-78.53203630085686,-77.18481391281662,-77.85842510683673,1385,0.010244350990320568,0.09835379464285714,100352
bayesfl_observability_v1,ola_sparse_bayesian_keep010_seed42,50,ola,global,,,layers.0.weight,db,57,-77.18481391281662,-75.8375915247764,-76.51120271879651,1653,0.012226651398556013,0.1148258131377551,100352
bayesfl_observability_v1,ola_sparse_bayesian_keep010_seed42,50,ola,global,,,layers.0.weight,db,58,-75.8375915247764,-74.49036913673616,-75.16398033075629,1932,0.01429031488324862,0.13407804528061223,100352
bayesfl_observability_v1,ola_sparse_bayesian_keep010_seed42,50,ola,global,,,layers.0.weight,db,59,-74.49036913673616,-73.14314674869593,-73.81675794271604,2283,0.016886536686571738,0.1568279655612245,100352
bayesfl_observability_v1,ola_sparse_bayesian_keep010_seed42,50,ola,global,,,layers.0.weight,db,60,-73.14314674869593,-71.7959243606557,-72.46953555467582,2641,0.01953453499309524,0.18314532844387754,100352
bayesfl_observability_v1,ola_sparse_bayesian_keep010_seed42,50,ola,global,,,layers.0.weight,db,61,-71.7959243606557,-70.44870197261547,-71.12231316663559,3077,0.022759471478134577,0.2138073979591837,100352
bayesfl_observability_v1,ola_sparse_bayesian_keep010_seed42,50,ola,global,,,layers.0.weight,db,62,-70.44870197261547,-69.10147958457524,-69.77509077859536,3635,0.026886798447520333,0.25002989477040816,100352
bayesfl_observability_v1,ola_sparse_bayesian_keep010_seed42,50,ola,global,,,layers.0.weight,db,63,-69.10147958457524,-67.75425719653501,-68.42786839055512,4233,0.03130999114947795,0.29221141581632654,100352
bayesfl_observability_v1,ola_sparse_bayesian_keep010_seed42,50,ola,global,,,layers.0.weight,db,64,-67.75425719653501,-66.40703480849477,-67.0806460025149,4953,0.03663557433578179,0.3415676817602041,100352
bayesfl_observability_v1,ola_sparse_bayesian_keep010_seed42,50,ola,global,,,layers.0.weight,db,65,-66.40703480849477,-65.05981242045455,-65.73342361447466,5817,0.043026274159346845,0.3995336415816326,100352
bayesfl_observability_v1,ola_sparse_bayesian_keep010_seed42,50,ola,global,,,layers.0.weight,db,66,-65.05981242045455,-63.71259003241431,-64.38620122643442,6798,0.05028238125068536,0.4672751913265306,100352
bayesfl_observability_v1,ola_sparse_bayesian_keep010_seed42,50,ola,global,,,layers.0.weight,db,67,-63.71259003241431,-62.36536764437409,-63.0389788383942,7653,0.05660651128442176,0.5435367506377551,100352
bayesfl_observability_v1,ola_sparse_bayesian_keep010_seed42,50,ola,global,,,layers.0.weight,db,68,-62.36536764437409,-61.01814525633385,-61.69175645035397,9120,0.06745738702651523,0.6344168526785714,100352
bayesfl_observability_v1,ola_sparse_bayesian_keep010_seed42,50,ola,global,,,layers.0.weight,db,69,-61.01814525633385,-59.670922868293616,-60.344534062313734,10614,0.07850797213809568,0.7401845503826531,100352
bayesfl_observability_v1,ola_sparse_bayesian_keep010_seed42,50,ola,global,,,layers.0.weight,db,70,-59.670922868293616,-58.32370048025339,-58.997311674273504,9031,0.06679908577154225,0.8301777742346939,100352
bayesfl_observability_v1,ola_sparse_bayesian_keep010_seed42,50,ola,global,,,layers.0.weight,db,71,-58.32370048025339,-56.976478092213156,-57.650089286233275,5549,0.041043973751111074,0.8854731345663265,100352
bayesfl_observability_v1,ola_sparse_bayesian_keep010_seed42,50,ola,global,,,layers.0.weight,db,72,-56.976478092213156,-55.62925570417292,-56.30286689819304,4375,0.0323603145001101,0.929069674744898,100352
bayesfl_observability_v1,ola_sparse_bayesian_keep010_seed42,50,ola,global,,,layers.0.weight,db,73,-55.62925570417292,-54.2820333161327,-54.95564451015281,3417,0.025274330205000542,0.9631198182397959,100352
bayesfl_observability_v1,ola_sparse_bayesian_keep010_seed42,50,ola,global,,,layers.0.weight,db,74,-54.2820333161327,-52.93481092809246,-53.60842212211258,2085,0.015422001310338185,0.9838966836734694,100352
bayesfl_observability_v1,ola_sparse_bayesian_keep010_seed42,50,ola,global,,,layers.0.weight,db,75,-52.93481092809246,-51.587588540052224,-52.26119973407234,1056,0.0078108553399122895,0.9944196428571429,100352
bayesfl_observability_v1,ola_sparse_bayesian_keep010_seed42,50,ola,global,,,layers.0.weight,db,76,-51.587588540052224,-50.240366152012,-50.91397734603211,388,0.0028698976059526515,0.9982860331632653,100352
bayesfl_observability_v1,ola_sparse_bayesian_keep010_seed42,50,ola,global,,,layers.0.weight,db,77,-50.240366152012,-48.893143763971764,-49.56675495799188,120,0.0008875971977173056,0.9994818239795918,100352
bayesfl_observability_v1,ola_sparse_bayesian_keep010_seed42,50,ola,global,,,layers.0.weight,db,78,-48.893143763971764,-47.54592137593154,-48.21953256995165,45,0.0003328489491439931,0.9999302455357143,100352
bayesfl_observability_v1,ola_sparse_bayesian_keep010_seed42,50,ola,global,,,layers.0.weight,db,79,-47.54592137593154,-46.1986989878913,-46.872310181911416,7,5.177650320017588e-05,1.0,100352
bayesfl_observability_v1,ola_sparse_bayesian_keep010_seed42,50,ola,global,,,layers.0.bias,raw,0,8.020214628369947e-06,4.567989688186751e-05,2.6850055755118728e-05,6,1244.6998273769711,0.046875,128
bayesfl_observability_v1,ola_sparse_bayesian_keep010_seed42,50,ola,global,,,layers.0.bias,raw,1,4.567989688186751e-05,8.333957913536507e-05,6.450973800861628e-05,3,622.3499136884856,0.0703125,128
bayesfl_observability_v1,ola_sparse_bayesian_keep010_seed42,50,ola,global,,,layers.0.bias,raw,2,8.333957913536507e-05,0.00012099926138886262,0.00010216942026211384,5,1037.2498561474763,0.109375,128
bayesfl_observability_v1,ola_sparse_bayesian_keep010_seed42,50,ola,global,,,layers.0.bias,raw,3,0.00012099926138886262,0.00015865894364236019,0.0001398291025156114,1,207.44997122949516,0.1171875,128
bayesfl_observability_v1,ola_sparse_bayesian_keep010_seed42,50,ola,global,,,layers.0.bias,raw,4,0.00015865894364236019,0.00019631862589585775,0.00017748878476910897,6,1244.6998273769711,0.1640625,128
bayesfl_observability_v1,ola_sparse_bayesian_keep010_seed42,50,ola,global,,,layers.0.bias,raw,5,0.00019631862589585775,0.0002339783081493553,0.00021514846702260654,5,1037.2498561474765,0.203125,128
bayesfl_observability_v1,ola_sparse_bayesian_keep010_seed42,50,ola,global,,,layers.0.bias,raw,6,0.0002339783081493553,0.00027163799040285286,0.00025280814927610405,3,622.3499136884856,0.2265625,128
bayesfl_observability_v1,ola_sparse_bayesian_keep010_seed42,50,ola,global,,,layers.0.bias,raw,7,0.00027163799040285286,0.0003092976726563504,0.00029046783152960167,2,414.8999424589903,0.2421875,128
bayesfl_observability_v1,ola_sparse_bayesian_keep010_seed42,50,ola,global,,,layers.0.bias,raw,8,0.0003092976726563504,0.000346957354909848,0.0003281275137830992,3,622.3499136884856,0.265625,128
bayesfl_observability_v1,ola_sparse_bayesian_keep010_seed42,50,ola,global,,,layers.0.bias,raw,9,0.000346957354909848,0.00038461703716334556,0.0003657871960365968,6,1244.6998273769711,0.3125,128
bayesfl_observability_v1,ola_sparse_bayesian_keep010_seed42,50,ola,global,,,layers.0.bias,raw,10,0.00038461703716334556,0.0004222767194168431,0.0004034468782900943,2,414.8999424589903,0.328125,128
bayesfl_observability_v1,ola_sparse_bayesian_keep010_seed42,50,ola,global,,,layers.0.bias,raw,11,0.0004222767194168431,0.00045993640167034063,0.0004411065605435919,4,829.7998849179819,0.359375,128
bayesfl_observability_v1,ola_sparse_bayesian_keep010_seed42,50,ola,global,,,layers.0.bias,raw,12,0.00045993640167034063,0.0004975960839238383,0.00047876624279708944,2,414.89994245898976,0.375,128
bayesfl_observability_v1,ola_sparse_bayesian_keep010_seed42,50,ola,global,,,layers.0.bias,raw,13,0.0004975960839238383,0.0005352557661773358,0.000516425925050587,3,622.3499136884864,0.3984375,128
bayesfl_observability_v1,ola_sparse_bayesian_keep010_seed42,50,ola,global,,,layers.0.bias,raw,14,0.0005352557661773358,0.0005729154484308334,0.0005540856073040846,5,1037.2498561474745,0.4375,128
bayesfl_observability_v1,ola_sparse_bayesian_keep010_seed42,50,ola,global,,,layers.0.bias,raw,15,0.0005729154484308334,0.0006105751306843309,0.0005917452895575822,3,622.3499136884864,0.4609375,128
bayesfl_observability_v1,ola_sparse_bayesian_keep010_seed42,50,ola,global,,,layers.0.bias,raw,16,0.0006105751306843309,0.0006482348129378284,0.0006294049718110796,2,414.89994245899095,0.4765625,128
bayesfl_observability_v1,ola_sparse_bayesian_keep010_seed42,50,ola,global,,,layers.0.bias,raw,17,0.0006482348129378284,0.000685894495191326,0.0006670646540645772,2,414.89994245898976,0.4921875,128
bayesfl_observability_v1,ola_sparse_bayesian_keep010_seed42,50,ola,global,,,layers.0.bias,raw,18,0.000685894495191326,0.0007235541774448235,0.0007047243363180748,1,207.44997122949547,0.5,128
bayesfl_observability_v1,ola_sparse_bayesian_keep010_seed42,50,ola,global,,,layers.0.bias,raw,19,0.0007235541774448235,0.0007612138596983212,0.0007423840185715724,2,414.89994245898976,0.515625,128
bayesfl_observability_v1,ola_sparse_bayesian_keep010_seed42,50,ola,global,,,layers.0.bias,raw,20,0.0007612138596983212,0.0007988735419518187,0.0007800437008250699,4,829.7998849179819,0.546875,128
bayesfl_observability_v1,ola_sparse_bayesian_keep010_seed42,50,ola,global,,,layers.0.bias,raw,21,0.0007988735419518187,0.0008365332242053163,0.0008177033830785675,2,414.89994245898976,0.5625,128
bayesfl_observability_v1,ola_sparse_bayesian_keep010_seed42,50,ola,global,,,layers.0.bias,raw,22,0.0008365332242053163,0.0008741929064588138,0.0008553630653320651,3,622.3499136884864,0.5859375,128
bayesfl_observability_v1,ola_sparse_bayesian_keep010_seed42,50,ola,global,,,layers.0.bias,raw,23,0.0008741929064588138,0.0009118525887123113,0.0008930227475855625,3,622.3499136884864,0.609375,128
bayesfl_observability_v1,ola_sparse_bayesian_keep010_seed42,50,ola,global,,,layers.0.bias,raw,24,0.0009118525887123113,0.0009495122709658089,0.0009306824298390601,7,1452.1497986064642,0.6640625,128
bayesfl_observability_v1,ola_sparse_bayesian_keep010_seed42,50,ola,global,,,layers.0.bias,raw,25,0.0009495122709658089,0.0009871719532193065,0.0009683421120925577,6,1244.6998273769727,0.7109375,128
bayesfl_observability_v1,ola_sparse_bayesian_keep010_seed42,50,ola,global,,,layers.0.bias,raw,26,0.0009871719532193065,0.0010248316354728039,0.0010060017943460552,3,622.3499136884882,0.734375,128
bayesfl_observability_v1,ola_sparse_bayesian_keep010_seed42,50,ola,global,,,layers.0.bias,raw,27,0.0010248316354728039,0.0010624913177263015,0.0010436614765995528,1,207.44997122949488,0.7421875,128
bayesfl_observability_v1,ola_sparse_bayesian_keep010_seed42,50,ola,global,,,layers.0.bias,raw,28,0.0010624913177263015,0.001100150999979799,0.0010813211588530502,1,207.44997122949488,0.75,128
bayesfl_observability_v1,ola_sparse_bayesian_keep010_seed42,50,ola,global,,,layers.0.bias,raw,29,0.001100150999979799,0.0011378106822332967,0.001118980841106548,0,0.0,0.75,128
bayesfl_observability_v1,ola_sparse_bayesian_keep010_seed42,50,ola,global,,,layers.0.bias,raw,30,0.0011378106822332967,0.0011754703644867941,0.0011566405233600454,2,414.89994245899214,0.765625,128
bayesfl_observability_v1,ola_sparse_bayesian_keep010_seed42,50,ola,global,,,layers.0.bias,raw,31,0.0011754703644867941,0.0012131300467402917,0.0011943002056135428,3,622.3499136884847,0.7890625,128
bayesfl_observability_v1,ola_sparse_bayesian_keep010_seed42,50,ola,global,,,layers.0.bias,raw,32,0.0012131300467402917,0.0012507897289937894,0.0012319598878670407,1,207.44997122949488,0.796875,128
bayesfl_observability_v1,ola_sparse_bayesian_keep010_seed42,50,ola,global,,,layers.0.bias,raw,33,0.0012507897289937894,0.0012884494112472868,0.001269619570120538,1,207.44997122949607,0.8046875,128
bayesfl_observability_v1,ola_sparse_bayesian_keep010_seed42,50,ola,global,,,layers.0.bias,raw,34,0.0012884494112472868,0.0013261090935007844,0.0013072792523740355,0,0.0,0.8046875,128
bayesfl_observability_v1,ola_sparse_bayesian_keep010_seed42,50,ola,global,,,layers.0.bias,raw,35,0.0013261090935007844,0.001363768775754282,0.0013449389346275333,3,622.3499136884847,0.828125,128
bayesfl_observability_v1,ola_sparse_bayesian_keep010_seed42,50,ola,global,,,layers.0.bias,raw,36,0.001363768775754282,0.0014014284580077796,0.0013825986168810307,2,414.89994245898976,0.84375,128
bayesfl_observability_v1,ola_sparse_bayesian_keep010_seed42,50,ola,global,,,layers.0.bias,raw,37,0.0014014284580077796,0.001439088140261277,0.0014202582991345283,3,622.3499136884882,0.8671875,128
bayesfl_observability_v1,ola_sparse_bayesian_keep010_seed42,50,ola,global,,,layers.0.bias,raw,38,0.001439088140261277,0.0014767478225147746,0.001457917981388026,1,207.44997122949488,0.875,128
bayesfl_observability_v1,ola_sparse_bayesian_keep010_seed42,50,ola,global,,,layers.0.bias,raw,39,0.0014767478225147746,0.0015144075047682723,0.0014955776636415233,0,0.0,0.875,128
bayesfl_observability_v1,ola_sparse_bayesian_keep010_seed42,50,ola,global,,,layers.0.bias,raw,40,0.0015144075047682723,0.0015520671870217697,0.001533237345895021,2,414.89994245899214,0.890625,128
bayesfl_observability_v1,ola_sparse_bayesian_keep010_seed42,50,ola,global,,,layers.0.bias,raw,41,0.0015520671870217697,0.0015897268692752673,0.0015708970281485186,1,207.44997122949488,0.8984375,128
bayesfl_observability_v1,ola_sparse_bayesian_keep010_seed42,50,ola,global,,,layers.0.bias,raw,42,0.0015897268692752673,0.001627386551528765,0.001608556710402016,0,0.0,0.8984375,128
bayesfl_observability_v1,ola_sparse_bayesian_keep010_seed42,50,ola,global,,,layers.0.bias,raw,43,0.001627386551528765,0.0016650462337822625,0.0016462163926555138,0,0.0,0.8984375,128
bayesfl_observability_v1,ola_sparse_bayesian_keep010_seed42,50,ola,global,,,layers.0.bias,raw,44,0.0016650462337822625,0.00170270591603576,0.0016838760749090112,2,414.89994245899214,0.9140625,128
bayesfl_observability_v1,ola_sparse_bayesian_keep010_seed42,50,ola,global,,,layers.0.bias,raw,45,0.00170270591603576,0.0017403655982892576,0.0017215357571625086,1,207.44997122949488,0.921875,128
bayesfl_observability_v1,ola_sparse_bayesian_keep010_seed42,50,ola,global,,,layers.0.bias,raw,46,0.0017403655982892576,0.0017780252805427552,0.0017591954394160065,1,207.44997122949488,0.9296875,128
bayesfl_observability_v1,ola_sparse_bayesian_keep010_seed42,50,ola,global,,,layers.0.bias,raw,47,0.0017780252805427552,0.0018156849627962526,0.0017968551216695039,2,414.89994245899214,0.9453125,128
bayesfl_observability_v1,ola_sparse_bayesian_keep010_seed42,50,ola,global,,,layers.0.bias,raw,48,0.0018156849627962526,0.0018533446450497502,0.0018345148039230013,2,414.89994245898976,0.9609375,128
bayesfl_observability_v1,ola_sparse_bayesian_keep010_seed42,50,ola,global,,,layers.0.bias,raw,49,0.0018533446450497502,0.0018910043273032478,0.0018721744861764991,2,414.89994245898976,0.9765625,128
bayesfl_observability_v1,ola_sparse_bayesian_keep010_seed42,50,ola,global,,,layers.0.bias,raw,50,0.0018910043273032478,0.0019286640095567454,0.0019098341684299965,0,0.0,0.9765625,128
bayesfl_observability_v1,ola_sparse_bayesian_keep010_seed42,50,ola,global,,,layers.0.bias,raw,51,0.0019286640095567454,0.001966323691810243,0.0019474938506834944,0,0.0,0.9765625,128
bayesfl_observability_v1,ola_sparse_bayesian_keep010_seed42,50,ola,global,,,layers.0.bias,raw,52,0.001966323691810243,0.0020039833740637405,0.0019851535329369918,1,207.44997122949607,0.984375,128
bayesfl_observability_v1,ola_sparse_bayesian_keep010_seed42,50,ola,global,,,layers.0.bias,raw,53,0.0020039833740637405,0.002041643056317238,0.002022813215190489,0,0.0,0.984375,128
bayesfl_observability_v1,ola_sparse_bayesian_keep010_seed42,50,ola,global,,,layers.0.bias,raw,54,0.002041643056317238,0.0020793027385707357,0.002060472897443987,1,207.44997122949368,0.9921875,128
bayesfl_observability_v1,ola_sparse_bayesian_keep010_seed42,50,ola,global,,,layers.0.bias,raw,55,0.0020793027385707357,0.002116962420824233,0.0020981325796974844,0,0.0,0.9921875,128
bayesfl_observability_v1,ola_sparse_bayesian_keep010_seed42,50,ola,global,,,layers.0.bias,raw,56,0.002116962420824233,0.0021546221030777305,0.002135792261950982,0,0.0,0.9921875,128
bayesfl_observability_v1,ola_sparse_bayesian_keep010_seed42,50,ola,global,,,layers.0.bias,raw,57,0.0021546221030777305,0.0021922817853312284,0.002173451944204479,0,0.0,0.9921875,128
bayesfl_observability_v1,ola_sparse_bayesian_keep010_seed42,50,ola,global,,,layers.0.bias,raw,58,0.0021922817853312284,0.0022299414675847258,0.002211111626457977,0,0.0,0.9921875,128
bayesfl_observability_v1,ola_sparse_bayesian_keep010_seed42,50,ola,global,,,layers.0.bias,raw,59,0.0022299414675847258,0.0022676011498382236,0.002248771308711475,0,0.0,0.9921875,128
bayesfl_observability_v1,ola_sparse_bayesian_keep010_seed42,50,ola,global,,,layers.0.bias,raw,60,0.0022676011498382236,0.002305260832091721,0.0022864309909649723,0,0.0,0.9921875,128
bayesfl_observability_v1,ola_sparse_bayesian_keep010_seed42,50,ola,global,,,layers.0.bias,raw,61,0.002305260832091721,0.0023429205143452184,0.0023240906732184697,0,0.0,0.9921875,128
bayesfl_observability_v1,ola_sparse_bayesian_keep010_seed42,50,ola,global,,,layers.0.bias,raw,62,0.0023429205143452184,0.0023805801965987162,0.002361750355471967,0,0.0,0.9921875,128
bayesfl_observability_v1,ola_sparse_bayesian_keep010_seed42,50,ola,global,,,layers.0.bias,raw,63,0.0023805801965987162,0.0024182398788522136,0.002399410037725465,0,0.0,0.9921875,128
bayesfl_observability_v1,ola_sparse_bayesian_keep010_seed42,50,ola,global,,,layers.0.bias,raw,64,0.0024182398788522136,0.002455899561105711,0.0024370697199789623,0,0.0,0.9921875,128
bayesfl_observability_v1,ola_sparse_bayesian_keep010_seed42,50,ola,global,,,layers.0.bias,raw,65,0.002455899561105711,0.002493559243359209,0.00247472940223246,0,0.0,0.9921875,128
bayesfl_observability_v1,ola_sparse_bayesian_keep010_seed42,50,ola,global,,,layers.0.bias,raw,66,0.002493559243359209,0.0025312189256127063,0.0025123890844859576,0,0.0,0.9921875,128
bayesfl_observability_v1,ola_sparse_bayesian_keep010_seed42,50,ola,global,,,layers.0.bias,raw,67,0.0025312189256127063,0.0025688786078662037,0.002550048766739455,0,0.0,0.9921875,128
bayesfl_observability_v1,ola_sparse_bayesian_keep010_seed42,50,ola,global,,,layers.0.bias,raw,68,0.0025688786078662037,0.0026065382901197015,0.0025877084489929524,0,0.0,0.9921875,128
bayesfl_observability_v1,ola_sparse_bayesian_keep010_seed42,50,ola,global,,,layers.0.bias,raw,69,0.0026065382901197015,0.002644197972373199,0.0026253681312464502,0,0.0,0.9921875,128
bayesfl_observability_v1,ola_sparse_bayesian_keep010_seed42,50,ola,global,,,layers.0.bias,raw,70,0.002644197972373199,0.0026818576546266968,0.002663027813499948,0,0.0,0.9921875,128
bayesfl_observability_v1,ola_sparse_bayesian_keep010_seed42,50,ola,global,,,layers.0.bias,raw,71,0.0026818576546266968,0.002719517336880194,0.0027006874957534455,0,0.0,0.9921875,128
bayesfl_observability_v1,ola_sparse_bayesian_keep010_seed42,50,ola,global,,,layers.0.bias,raw,72,0.002719517336880194,0.0027571770191336916,0.002738347178006943,0,0.0,0.9921875,128
bayesfl_observability_v1,ola_sparse_bayesian_keep010_seed42,50,ola,global,,,layers.0.bias,raw,73,0.0027571770191336916,0.0027948367013871894,0.0027760068602604403,0,0.0,0.9921875,128
bayesfl_observability_v1,ola_sparse_bayesian_keep010_seed42,50,ola,global,,,layers.0.bias,raw,74,0.0027948367013871894,0.002832496383640687,0.002813666542513938,0,0.0,0.9921875,128
bayesfl_observability_v1,ola_sparse_bayesian_keep010_seed42,50,ola,global,,,layers.0.bias,raw,75,0.002832496383640687,0.002870156065894184,0.0028513262247674355,0,0.0,0.9921875,128
bayesfl_observability_v1,ola_sparse_bayesian_keep010_seed42,50,ola,global,,,layers.0.bias,raw,76,0.002870156065894184,0.002907815748147682,0.0028889859070209334,0,0.0,0.9921875,128
bayesfl_observability_v1,ola_sparse_bayesian_keep010_seed42,50,ola,global,,,layers.0.bias,raw,77,0.002907815748147682,0.0029454754304011795,0.0029266455892744308,0,0.0,0.9921875,128
bayesfl_observability_v1,ola_sparse_bayesian_keep010_seed42,50,ola,global,,,layers.0.bias,raw,78,0.0029454754304011795,0.002983135112654677,0.002964305271527928,0,0.0,0.9921875,128
bayesfl_observability_v1,ola_sparse_bayesian_keep010_seed42,50,ola,global,,,layers.0.bias,raw,79,0.002983135112654677,0.0030207947949081747,0.0030019649537814256,1,207.44997122949368,1.0,128
bayesfl_observability_v1,ola_sparse_bayesian_keep010_seed42,50,ola,global,,,layers.0.bias,db,0,-101.91627910575731,-101.27229531082652,-101.59428720829192,1,0.012131516447303805,0.0078125,128
bayesfl_observability_v1,ola_sparse_bayesian_keep010_seed42,50,ola,global,,,layers.0.bias,db,1,-101.27229531082652,-100.62831151589575,-100.95030341336113,0,0.0,0.0078125,128
bayesfl_observability_v1,ola_sparse_bayesian_keep010_seed42,50,ola,global,,,layers.0.bias,db,2,-100.62831151589575,-99.98432772096496,-100.30631961843035,0,0.0,0.0078125,128
bayesfl_observability_v1,ola_sparse_bayesian_keep010_seed42,50,ola,global,,,layers.0.bias,db,3,-99.98432772096496,-99.34034392603418,-99.66233582349957,0,0.0,0.0078125,128
bayesfl_observability_v1,ola_sparse_bayesian_keep010_seed42,50,ola,global,,,layers.0.bias,db,4,-99.34034392603418,-98.69636013110339,-99.01835202856878,0,0.0,0.0078125,128
bayesfl_observability_v1,ola_sparse_bayesian_keep010_seed42,50,ola,global,,,layers.0.bias,db,5,-98.69636013110339,-98.0523763361726,-98.374368233638,0,0.0,0.0078125,128
bayesfl_observability_v1,ola_sparse_bayesian_keep010_seed42,50,ola,global,,,layers.0.bias,db,6,-98.0523763361726,-97.40839254124182,-97.7303844387072,0,0.0,0.0078125,128
bayesfl_observability_v1,ola_sparse_bayesian_keep010_seed42,50,ola,global,,,layers.0.bias,db,7,-97.40839254124182,-96.76440874631103,-97.08640064377643,1,0.012131516447303805,0.015625,128
bayesfl_observability_v1,ola_sparse_bayesian_keep010_seed42,50,ola,global,,,layers.0.bias,db,8,-96.76440874631103,-96.12042495138026,-96.44241684884565,0,0.0,0.015625,128
bayesfl_observability_v1,ola_sparse_bayesian_keep010_seed42,50,ola,global,,,layers.0.bias,db,9,-96.12042495138026,-95.47644115644947,-95.79843305391486,0,0.0,0.015625,128
bayesfl_observability_v1,ola_sparse_bayesian_keep010_seed42,50,ola,global,,,layers.0.bias,db,10,-95.47644115644947,-94.83245736151868,-95.15444925898407,0,0.0,0.015625,128
bayesfl_observability_v1,ola_sparse_bayesian_keep010_seed42,50,ola,global,,,layers.0.bias,db,11,-94.83245736151868,-94.1884735665879,-94.51046546405328,0,0.0,0.015625,128
bayesfl_observability_v1,ola_sparse_bayesian_keep010_seed42,50,ola,global,,,layers.0.bias,db,12,-94.1884735665879,-93.54448977165711,-93.8664816691225,0,0.0,0.015625,128
bayesfl_observability_v1,ola_sparse_bayesian_keep010_seed42,50,ola,global,,,layers.0.bias,db,13,-93.54448977165711,-92.90050597672634,-93.22249787419173,1,0.012131516447304072,0.0234375,128
bayesfl_observability_v1,ola_sparse_bayesian_keep010_seed42,50,ola,global,,,layers.0.bias,db,14,-92.90050597672634,-92.25652218179555,-92.57851407926094,0,0.0,0.0234375,128
bayesfl_observability_v1,ola_sparse_bayesian_keep010_seed42,50,ola,global,,,layers.0.bias,db,15,-92.25652218179555,-91.61253838686476,-91.93453028433015,0,0.0,0.0234375,128
bayesfl_observability_v1,ola_sparse_bayesian_keep010_seed42,50,ola,global,,,layers.0.bias,db,16,-91.61253838686476,-90.96855459193398,-91.29054648939936,1,0.012131516447304072,0.03125,128
bayesfl_observability_v1,ola_sparse_bayesian_keep010_seed42,50,ola,global,,,layers.0.bias,db,17,-90.96855459193398,-90.32457079700319,-90.64656269446859,0,0.0,0.03125,128
bayesfl_observability_v1,ola_sparse_bayesian_keep010_seed42,50,ola,global,,,layers.0.bias,db,18,-90.32457079700319,-89.68058700207241,-90.00257889953781,0,0.0,0.03125,128
bayesfl_observability_v1,ola_sparse_bayesian_keep010_seed42,50,ola,global,,,layers.0.bias,db,19,-89.68058700207241,-89.03660320714162,-89.35859510460702,1,0.012131516447303805,0.0390625,128
bayesfl_observability_v1,ola_sparse_bayesian_keep010_seed42,50,ola,global,,,layers.0.bias,db,20,-89.03660320714162,-88.39261941221083,-88.71461130967623,1,0.012131516447303805,0.046875,128
bayesfl_observability_v1,ola_sparse_bayesian_keep010_seed42,50,ola,global,,,layers.0.bias,db,21,-88.39261941221083,-87.74863561728006,-88.07062751474544,0,0.0,0.046875,128
bayesfl_observability_v1,ola_sparse_bayesian_keep010_seed42,50,ola,global,,,layers.0.bias,db,22,-87.74863561728006,-87.10465182234927,-87.42664371981466,0,0.0,0.046875,128
bayesfl_observability_v1,ola_sparse_bayesian_keep010_seed42,50,ola,global,,,layers.0.bias,db,23,-87.10465182234927,-86.46066802741848,-86.78265992488387,1,0.012131516447303805,0.0546875,128
bayesfl_observability_v1,ola_sparse_bayesian_keep010_seed42,50,ola,global,,,layers.0.bias,db,24,-86.46066802741848,-85.8166842324877,-86.1386761299531,0,0.0,0.0546875,128
bayesfl_observability_v1,ola_sparse_bayesian_keep010_seed42,50,ola,global,,,layers.0.bias,db,25,-85.8166842324877,-85.17270043755691,-85.49469233502231,0,0.0,0.0546875,128
bayesfl_observability_v1,ola_sparse_bayesian_keep010_seed42,50,ola,global,,,layers.0.bias,db,26,-85.17270043755691,-84.52871664262614,-84.85070854009152,0,0.0,0.0546875,128
bayesfl_observability_v1,ola_sparse_bayesian_keep010_seed42,50,ola,global,,,layers.0.bias,db,27,-84.52871664262614,-83.88473284769535,-84.20672474516074,0,0.0,0.0546875,128
bayesfl_observability_v1,ola_sparse_bayesian_keep010_seed42,50,ola,global,,,layers.0.bias,db,28,-83.88473284769535,-83.24074905276456,-83.56274095022995,0,0.0,0.0546875,128
bayesfl_observability_v1,ola_sparse_bayesian_keep010_seed42,50,ola,global,,,layers.0.bias,db,29,-83.24074905276456,-82.59676525783378,-82.91875715529918,1,0.012131516447304072,0.0625,128
bayesfl_observability_v1,ola_sparse_bayesian_keep010_seed42,50,ola,global,,,layers.0.bias,db,30,-82.59676525783378,-81.95278146290299,-82.27477336036839,1,0.012131516447303805,0.0703125,128
bayesfl_observability_v1,ola_sparse_bayesian_keep010_seed42,50,ola,global,,,layers.0.bias,db,31,-81.95278146290299,-81.30879766797221,-81.6307895654376,1,0.012131516447304072,0.078125,128
bayesfl_observability_v1,ola_sparse_bayesian_keep010_seed42,50,ola,global,,,layers.0.bias,db,32,-81.30879766797221,-80.66481387304142,-80.98680577050682,0,0.0,0.078125,128
bayesfl_observability_v1,ola_sparse_bayesian_keep010_seed42,50,ola,global,,,layers.0.bias,db,33,-80.66481387304142,-80.02083007811063,-80.34282197557603,0,0.0,0.078125,128
bayesfl_observability_v1,ola_sparse_bayesian_keep010_seed42,50,ola,global,,,layers.0.bias,db,34,-80.02083007811063,-79.37684628317986,-79.69883818064525,1,0.012131516447304072,0.0859375,128
bayesfl_observability_v1,ola_sparse_bayesian_keep010_seed42,50,ola,global,,,layers.0.bias,db,35,-79.37684628317986,-78.73286248824907,-79.05485438571446,2,0.02426303289460761,0.1015625,128
bayesfl_observability_v1,ola_sparse_bayesian_keep010_seed42,50,ola,global,,,layers.0.bias,db,36,-78.73286248824907,-78.08887869331829,-78.41087059078367,2,0.024263032894608145,0.1171875,128
bayesfl_observability_v1,ola_sparse_bayesian_keep010_seed42,50,ola,global,,,layers.0.bias,db,37,-78.08887869331829,-77.4448948983875,-77.7668867958529,0,0.0,0.1171875,128
bayesfl_observability_v1,ola_sparse_bayesian_keep010_seed42,50,ola,global,,,layers.0.bias,db,38,-77.4448948983875,-76.80091110345671,-77.12290300092211,0,0.0,0.1171875,128
bayesfl_observability_v1,ola_sparse_bayesian_keep010_seed42,50,ola,global,,,layers.0.bias,db,39,-76.80091110345671,-76.15692730852594,-76.47891920599133,0,0.0,0.1171875,128
bayesfl_observability_v1,ola_sparse_bayesian_keep010_seed42,50,ola,global,,,layers.0.bias,db,40,-76.15692730852594,-75.51294351359515,-75.83493541106054,0,0.0,0.1171875,128
bayesfl_observability_v1,ola_sparse_bayesian_keep010_seed42,50,ola,global,,,layers.0.bias,db,41,-75.51294351359515,-74.86895971866437,-75.19095161612975,4,0.04852606578921629,0.1484375,128
bayesfl_observability_v1,ola_sparse_bayesian_keep010_seed42,50,ola,global,,,layers.0.bias,db,42,-74.86895971866437,-74.22497592373358,-74.54696782119898,2,0.02426303289460761,0.1640625,128
bayesfl_observability_v1,ola_sparse_bayesian_keep010_seed42,50,ola,global,,,layers.0.bias,db,43,-74.22497592373358,-73.58099212880279,-73.90298402626819,2,0.02426303289460761,0.1796875,128
bayesfl_observability_v1,ola_sparse_bayesian_keep010_seed42,50,ola,global,,,layers.0.bias,db,44,-73.58099212880279,-72.93700833387201,-73.25900023133741,2,0.024263032894608145,0.1953125,128
bayesfl_observability_v1,ola_sparse_bayesian_keep010_seed42,50,ola,global,,,layers.0.bias,db,45,-72.93700833387201,-72.29302453894122,-72.61501643640662,1,0.012131516447303805,0.203125,128
bayesfl_observability_v1,ola_sparse_bayesian_keep010_seed42,50,ola,global,,,layers.0.bias,db,46,-72.29302453894122,-71.64904074401045,-71.97103264147583,1,0.012131516447304072,0.2109375,128
bayesfl_observability_v1,ola_sparse_bayesian_keep010_seed42,50,ola,global,,,layers.0.bias,db,47,-71.64904074401045,-71.00505694907966,-71.32704884654505,3,0.036394549341911414,0.234375,128
bayesfl_observability_v1,ola_sparse_bayesian_keep010_seed42,50,ola,global,,,layers.0.bias,db,48,-71.00505694907966,-70.36107315414887,-70.68306505161426,1,0.012131516447303805,0.2421875,128
bayesfl_observability_v1,ola_sparse_bayesian_keep010_seed42,50,ola,global,,,layers.0.bias,db,49,-70.36107315414887,-69.7170893592181,-70.03908125668349,0,0.0,0.2421875,128
bayesfl_observability_v1,ola_sparse_bayesian_keep010_seed42,50,ola,global,,,layers.0.bias,db,50,-69.7170893592181,-69.07310556428732,-69.3950974617527,3,0.03639454934191222,0.265625,128
bayesfl_observability_v1,ola_sparse_bayesian_keep010_seed42,50,ola,global,,,layers.0.bias,db,51,-69.07310556428732,-68.42912176935653,-68.75111366682192,5,0.06065758223651902,0.3046875,128
bayesfl_observability_v1,ola_sparse_bayesian_keep010_seed42,50,ola,global,,,layers.0.bias,db,52,-68.42912176935653,-67.78513797442574,-68.10712987189113,1,0.012131516447303805,0.3125,128
bayesfl_observability_v1,ola_sparse_bayesian_keep010_seed42,50,ola,global,,,layers.0.bias,db,53,-67.78513797442574,-67.14115417949495,-67.46314607696034,3,0.036394549341911414,0.3359375,128
bayesfl_observability_v1,ola_sparse_bayesian_keep010_seed42,50,ola,global,,,layers.0.bias,db,54,-67.14115417949495,-66.49717038456417,-66.81916228202957,4,0.04852606578921629,0.3671875,128
bayesfl_observability_v1,ola_sparse_bayesian_keep010_seed42,50,ola,global,,,layers.0.bias,db,55,-66.49717038456417,-65.8531865896334,-66.17517848709878,3,0.03639454934191222,0.390625,128
bayesfl_observability_v1,ola_sparse_bayesian_keep010_seed42,50,ola,global,,,layers.0.bias,db,56,-65.8531865896334,-65.2092027947026,-65.531194692168,2,0.02426303289460761,0.40625,128
bayesfl_observability_v1,ola_sparse_bayesian_keep010_seed42,50,ola,global,,,layers.0.bias,db,57,-65.2092027947026,-64.56521899977182,-64.88721089723721,4,0.04852606578921522,0.4375,128
bayesfl_observability_v1,ola_sparse_bayesian_keep010_seed42,50,ola,global,,,layers.0.bias,db,58,-64.56521899977182,-63.92123520484103,-64.24322710230642,4,0.048526065789215755,0.46875,128
bayesfl_observability_v1,ola_sparse_bayesian_keep010_seed42,50,ola,global,,,layers.0.bias,db,59,-63.92123520484103,-63.27725140991025,-63.599243307375644,3,0.03639454934191182,0.4921875,128
bayesfl_observability_v1,ola_sparse_bayesian_keep010_seed42,50,ola,global,,,layers.0.bias,db,60,-63.27725140991025,-62.63326761497947,-62.955259512444854,2,0.024263032894607878,0.5078125,128
bayesfl_observability_v1,ola_sparse_bayesian_keep010_seed42,50,ola,global,,,layers.0.bias,db,61,-62.63326761497947,-61.989283820048676,-62.31127571751407,5,0.06065758223651902,0.546875,128
bayesfl_observability_v1,ola_sparse_bayesian_keep010_seed42,50,ola,global,,,layers.0.bias,db,62,-61.989283820048676,-61.34530002511789,-61.66729192258329,3,0.03639454934191182,0.5703125,128
bayesfl_observability_v1,ola_sparse_bayesian_keep010_seed42,50,ola,global,,,layers.0.bias,db,63,-61.34530002511789,-60.70131623018711,-61.0233081276525,5,0.060657582236519694,0.609375,128
bayesfl_observability_v1,ola_sparse_bayesian_keep010_seed42,50,ola,global,,,layers.0.bias,db,64,-60.70131623018711,-60.05733243525633,-60.37932433272172,15,0.18197274670955907,0.7265625,128
bayesfl_observability_v1,ola_sparse_bayesian_keep010_seed42,50,ola,global,,,layers.0.bias,db,65,-60.05733243525633,-59.413348640325545,-59.73534053779093,2,0.024263032894607878,0.7421875,128
bayesfl_observability_v1,ola_sparse_bayesian_keep010_seed42,50,ola,global,,,layers.0.bias,db,66,-59.413348640325545,-58.769364845394755,-59.09135674286015,2,0.02426303289460761,0.7578125,128
bayesfl_observability_v1,ola_sparse_bayesian_keep010_seed42,50,ola,global,,,layers.0.bias,db,67,-58.769364845394755,-58.12538105046397,-58.44737294792937,4,0.048526065789215755,0.7890625,128
bayesfl_observability_v1,ola_sparse_bayesian_keep010_seed42,50,ola,global,,,layers.0.bias,db,68,-58.12538105046397,-57.48139725553319,-57.80338915299858,3,0.03639454934191182,0.8125,128
bayesfl_observability_v1,ola_sparse_bayesian_keep010_seed42,50,ola,global,,,layers.0.bias,db,69,-57.48139725553319,-56.837413460602406,-57.1594053580678,7,0.08492061513112757,0.8671875,128
bayesfl_observability_v1,ola_sparse_bayesian_keep010_seed42,50,ola,global,,,layers.0.bias,db,70,-56.837413460602406,-56.19342966567162,-56.51542156313701,3,0.03639454934191182,0.890625,128
bayesfl_observability_v1,ola_sparse_bayesian_keep010_seed42,50,ola,global,,,layers.0.bias,db,71,-56.19342966567162,-55.54944587074083,-55.87143776820623,1,0.012131516447303805,0.8984375,128
bayesfl_observability_v1,ola_sparse_bayesian_keep010_seed42,50,ola,global,,,layers.0.bias,db,72,-55.54944587074083,-54.90546207581005,-55.227453973275445,5,0.060657582236519694,0.9375,128
bayesfl_observability_v1,ola_sparse_bayesian_keep010_seed42,50,ola,global,,,layers.0.bias,db,73,-54.90546207581005,-54.26147828087927,-54.583470178344655,5,0.060657582236519694,0.9765625,128
bayesfl_observability_v1,ola_sparse_bayesian_keep010_seed42,50,ola,global,,,layers.0.bias,db,74,-54.26147828087927,-53.617494485948484,-53.93948638341388,2,0.024263032894607878,0.9921875,128
bayesfl_observability_v1,ola_sparse_bayesian_keep010_seed42,50,ola,global,,,layers.0.bias,db,75,-53.617494485948484,-52.9735106910177,-53.29550258848309,0,0.0,0.9921875,128
bayesfl_observability_v1,ola_sparse_bayesian_keep010_seed42,50,ola,global,,,layers.0.bias,db,76,-52.9735106910177,-52.32952689608691,-52.651518793552306,0,0.0,0.9921875,128
bayesfl_observability_v1,ola_sparse_bayesian_keep010_seed42,50,ola,global,,,layers.0.bias,db,77,-52.32952689608691,-51.68554310115613,-52.00753499862152,0,0.0,0.9921875,128
bayesfl_observability_v1,ola_sparse_bayesian_keep010_seed42,50,ola,global,,,layers.0.bias,db,78,-51.68554310115613,-51.041559306225345,-51.36355120369073,0,0.0,0.9921875,128
bayesfl_observability_v1,ola_sparse_bayesian_keep010_seed42,50,ola,global,,,layers.0.bias,db,79,-51.041559306225345,-50.39757551129456,-50.71956740875996,1,0.012131516447303939,1.0,128
bayesfl_observability_v1,ola_sparse_bayesian_keep010_seed42,50,ola,global,,,layers.1.weight,raw,0,3.0459630645228497e-06,0.0009175129803088814,0.00046027947168670214,145,123.87680240383088,0.11328125,1280
bayesfl_observability_v1,ola_sparse_bayesian_keep010_seed42,50,ola,global,,,layers.1.weight,raw,1,0.0009175129803088814,0.0018319799975532397,0.0013747464889310606,138,117.89654297743905,0.22109375,1280
bayesfl_observability_v1,ola_sparse_bayesian_keep010_seed42,50,ola,global,,,layers.1.weight,raw,2,0.0018319799975532397,0.0027464470147975984,0.0022892135061754193,116,99.10144192306467,0.31171875,1280
bayesfl_observability_v1,ola_sparse_bayesian_keep010_seed42,50,ola,global,,,layers.1.weight,raw,3,0.0027464470147975984,0.0036609140320419567,0.0032036805234197776,115,98.24711914786589,0.4015625,1280
bayesfl_observability_v1,ola_sparse_bayesian_keep010_seed42,50,ola,global,,,layers.1.weight,raw,4,0.0036609140320419567,0.004575381049286315,0.004118147540664136,108,92.266859721474,0.4859375,1280
bayesfl_observability_v1,ola_sparse_bayesian_keep010_seed42,50,ola,global,,,layers.1.weight,raw,5,0.004575381049286315,0.0054898480665306745,0.005032614557908495,101,86.28660029508214,0.56484375,1280
bayesfl_observability_v1,ola_sparse_bayesian_keep010_seed42,50,ola,global,,,layers.1.weight,raw,6,0.0054898480665306745,0.006404315083775033,0.005947081575152854,89,76.0347269926962,0.634375,1280
bayesfl_observability_v1,ola_sparse_bayesian_keep010_seed42,50,ola,global,,,layers.1.weight,raw,7,0.006404315083775033,0.007318782101019391,0.0068615485923972114,64,54.676657612725364,0.684375,1280
bayesfl_observability_v1,ola_sparse_bayesian_keep010_seed42,50,ola,global,,,layers.1.weight,raw,8,0.007318782101019391,0.00823324911826375,0.007776015609641571,51,43.570461535140524,0.72421875,1280
bayesfl_observability_v1,ola_sparse_bayesian_keep010_seed42,50,ola,global,,,layers.1.weight,raw,9,0.00823324911826375,0.009147716135508107,0.008690482626885928,47,40.15317043434523,0.7609375,1280
bayesfl_observability_v1,ola_sparse_bayesian_keep010_seed42,50,ola,global,,,layers.1.weight,raw,10,0.009147716135508107,0.010062183152752466,0.009604949644130285,37,31.609942682356824,0.78984375,1280
bayesfl_observability_v1,ola_sparse_bayesian_keep010_seed42,50,ola,global,,,layers.1.weight,raw,11,0.010062183152752466,0.010976650169996825,0.010519416661374646,36,30.75561990715799,0.81796875,1280
bayesfl_observability_v1,ola_sparse_bayesian_keep010_seed42,50,ola,global,,,layers.1.weight,raw,12,0.010976650169996825,0.011891117187241182,0.011433883678619004,24,20.503746604772033,0.83671875,1280
bayesfl_observability_v1,ola_sparse_bayesian_keep010_seed42,50,ola,global,,,layers.1.weight,raw,13,0.011891117187241182,0.012805584204485541,0.012348350695863361,17,14.523487178380162,0.85,1280
bayesfl_observability_v1,ola_sparse_bayesian_keep010_seed42,50,ola,global,,,layers.1.weight,raw,14,0.012805584204485541,0.013720051221729899,0.01326281771310772,21,17.94077827917553,0.86640625,1280
bayesfl_observability_v1,ola_sparse_bayesian_keep010_seed42,50,ola,global,,,layers.1.weight,raw,15,0.013720051221729899,0.014634518238974258,0.01417728473035208,14,11.960518852783663,0.87734375,1280
bayesfl_observability_v1,ola_sparse_bayesian_keep010_seed42,50,ola,global,,,layers.1.weight,raw,16,0.014634518238974258,0.015548985256218617,0.015091751747596437,14,11.960518852783663,0.88828125,1280
bayesfl_observability_v1,ola_sparse_bayesian_keep010_seed42,50,ola,global,,,layers.1.weight,raw,17,0.015548985256218617,0.016463452273462978,0.016006218764840797,11,9.397550527187146,0.896875,1280
bayesfl_observability_v1,ola_sparse_bayesian_keep010_seed42,50,ola,global,,,layers.1.weight,raw,18,0.016463452273462978,0.017377919290707335,0.01692068578208516,13,11.106196077584851,0.90703125,1280
bayesfl_observability_v1,ola_sparse_bayesian_keep010_seed42,50,ola,global,,,layers.1.weight,raw,19,0.017377919290707335,0.018292386307951693,0.017835152799329512,19,16.23213272877786,0.921875,1280
bayesfl_observability_v1,ola_sparse_bayesian_keep010_seed42,50,ola,global,,,layers.1.weight,raw,20,0.018292386307951693,0.019206853325196054,0.018749619816573873,11,9.397550527187146,0.93046875,1280
bayesfl_observability_v1,ola_sparse_bayesian_keep010_seed42,50,ola,global,,,layers.1.weight,raw,21,0.019206853325196054,0.02012132034244041,0.019664086833818234,6,5.125936651193008,0.93515625,1280
bayesfl_observability_v1,ola_sparse_bayesian_keep010_seed42,50,ola,global,,,layers.1.weight,raw,22,0.02012132034244041,0.02103578735968477,0.020578553851062588,9,7.688904976789512,0.9421875,1280
bayesfl_observability_v1,ola_sparse_bayesian_keep010_seed42,50,ola,global,,,layers.1.weight,raw,23,0.02103578735968477,0.02195025437692913,0.02149302086830695,9,7.688904976789483,0.94921875,1280
bayesfl_observability_v1,ola_sparse_bayesian_keep010_seed42,50,ola,global,,,layers.1.weight,raw,24,0.02195025437692913,0.022864721394173487,0.02240748788555131,4,3.417291100795339,0.95234375,1280
bayesfl_observability_v1,ola_sparse_bayesian_keep010_seed42,50,ola,global,,,layers.1.weight,raw,25,0.022864721394173487,0.023779188411417844,0.023321954902795664,4,3.417291100795339,0.95546875,1280
bayesfl_observability_v1,ola_sparse_bayesian_keep010_seed42,50,ola,global,,,layers.1.weight,raw,26,0.023779188411417844,0.0246936554286622,0.024236421920040024,5,4.2716138759941735,0.959375,1280
bayesfl_observability_v1,ola_sparse_bayesian_keep010_seed42,50,ola,global,,,layers.1.weight,raw,27,0.0246936554286622,0.025608122445906562,0.025150888937284382,2,1.7086455503976627,0.9609375,1280
bayesfl_observability_v1,ola_sparse_bayesian_keep010_seed42,50,ola,global,,,layers.1.weight,raw,28,0.025608122445906562,0.02652258946315092,0.02606535595452874,2,1.7086455503976694,0.9625,1280
bayesfl_observability_v1,ola_sparse_bayesian_keep010_seed42,50,ola,global,,,layers.1.weight,raw,29,0.02652258946315092,0.027437056480395277,0.0269798229717731,3,2.562968325596504,0.96484375,1280
bayesfl_observability_v1,ola_sparse_bayesian_keep010_seed42,50,ola,global,,,layers.1.weight,raw,30,0.027437056480395277,0.028351523497639638,0.027894289989017457,4,3.4172911007953255,0.96796875,1280
bayesfl_observability_v1,ola_sparse_bayesian_keep010_seed42,50,ola,global,,,layers.1.weight,raw,31,0.028351523497639638,0.029265990514883995,0.028808757006261815,3,2.562968325596504,0.9703125,1280
bayesfl_observability_v1,ola_sparse_bayesian_keep010_seed42,50,ola,global,,,layers.1.weight,raw,32,0.029265990514883995,0.030180457532128353,0.029723224023506176,2,1.7086455503976694,0.971875,1280
bayesfl_observability_v1,ola_sparse_bayesian_keep010_seed42,50,ola,global,,,layers.1.weight,raw,33,0.030180457532128353,0.031094924549372713,0.030637691040750533,3,2.5629683255964943,0.97421875,1280
bayesfl_observability_v1,ola_sparse_bayesian_keep010_seed42,50,ola,global,,,layers.1.weight,raw,34,0.031094924549372713,0.03200939156661707,0.03155215805799489,1,0.8543227751988347,0.975,1280
bayesfl_observability_v1,ola_sparse_bayesian_keep010_seed42,50,ola,global,,,layers.1.weight,raw,35,0.03200939156661707,0.03292385858386143,0.03246662507523925,3,2.5629683255964943,0.97734375,1280
bayesfl_observability_v1,ola_sparse_bayesian_keep010_seed42,50,ola,global,,,layers.1.weight,raw,36,0.03292385858386143,0.033838325601105786,0.033381092092483605,2,1.7086455503976758,0.97890625,1280
bayesfl_observability_v1,ola_sparse_bayesian_keep010_seed42,50,ola,global,,,layers.1.weight,raw,37,0.033838325601105786,0.034752792618350146,0.034295559109727966,0,0.0,0.97890625,1280
bayesfl_observability_v1,ola_sparse_bayesian_keep010_seed42,50,ola,global,,,layers.1.weight,raw,38,0.034752792618350146,0.03566725963559451,0.03521002612697233,1,0.8543227751988314,0.9796875,1280
bayesfl_observability_v1,ola_sparse_bayesian_keep010_seed42,50,ola,global,,,layers.1.weight,raw,39,0.03566725963559451,0.03658172665283886,0.03612449314421669,3,2.562968325596514,0.98203125,1280
bayesfl_observability_v1,ola_sparse_bayesian_keep010_seed42,50,ola,global,,,layers.1.weight,raw,40,0.03658172665283886,0.03749619367008322,0.03703896016146104,0,0.0,0.98203125,1280
bayesfl_observability_v1,ola_sparse_bayesian_keep010_seed42,50,ola,global,,,layers.1.weight,raw,41,0.03749619367008322,0.03841066068732758,0.0379534271787054,1,0.8543227751988314,0.9828125,1280
bayesfl_observability_v1,ola_sparse_bayesian_keep010_seed42,50,ola,global,,,layers.1.weight,raw,42,0.03841066068732758,0.03932512770457194,0.038867894195949756,3,2.562968325596514,0.98515625,1280
bayesfl_observability_v1,ola_sparse_bayesian_keep010_seed42,50,ola,global,,,layers.1.weight,raw,43,0.03932512770457194,0.0402395947218163,0.03978236121319412,0,0.0,0.98515625,1280
bayesfl_observability_v1,ola_sparse_bayesian_keep010_seed42,50,ola,global,,,layers.1.weight,raw,44,0.0402395947218163,0.04115406173906066,0.04069682823043848,1,0.8543227751988314,0.9859375,1280
bayesfl_observability_v1,ola_sparse_bayesian_keep010_seed42,50,ola,global,,,layers.1.weight,raw,45,0.04115406173906066,0.04206852875630501,0.04161129524768284,3,2.562968325596514,0.98828125,1280
bayesfl_observability_v1,ola_sparse_bayesian_keep010_seed42,50,ola,global,,,layers.1.weight,raw,46,0.04206852875630501,0.04298299577354937,0.04252576226492719,2,1.7086455503976627,0.98984375,1280
bayesfl_observability_v1,ola_sparse_bayesian_keep010_seed42,50,ola,global,,,layers.1.weight,raw,47,0.04298299577354937,0.043897462790793734,0.043440229282171554,0,0.0,0.98984375,1280
bayesfl_observability_v1,ola_sparse_bayesian_keep010_seed42,50,ola,global,,,layers.1.weight,raw,48,0.043897462790793734,0.04481192980803809,0.04435469629941591,0,0.0,0.98984375,1280
bayesfl_observability_v1,ola_sparse_bayesian_keep010_seed42,50,ola,global,,,layers.1.weight,raw,49,0.04481192980803809,0.04572639682528245,0.04526916331666027,0,0.0,0.98984375,1280
bayesfl_observability_v1,ola_sparse_bayesian_keep010_seed42,50,ola,global,,,layers.1.weight,raw,50,0.04572639682528245,0.0466408638425268,0.04618363033390463,0,0.0,0.98984375,1280
bayesfl_observability_v1,ola_sparse_bayesian_keep010_seed42,50,ola,global,,,layers.1.weight,raw,51,0.0466408638425268,0.047555330859771164,0.04709809735114898,0,0.0,0.98984375,1280
bayesfl_observability_v1,ola_sparse_bayesian_keep010_seed42,50,ola,global,,,layers.1.weight,raw,52,0.047555330859771164,0.048469797877015525,0.048012564368393344,1,0.8543227751988314,0.990625,1280
bayesfl_observability_v1,ola_sparse_bayesian_keep010_seed42,50,ola,global,,,layers.1.weight,raw,53,0.048469797877015525,0.04938426489425988,0.0489270313856377,1,0.8543227751988379,0.99140625,1280
bayesfl_observability_v1,ola_sparse_bayesian_keep010_seed42,50,ola,global,,,layers.1.weight,raw,54,0.04938426489425988,0.05029873191150424,0.04984149840288206,0,0.0,0.99140625,1280
bayesfl_observability_v1,ola_sparse_bayesian_keep010_seed42,50,ola,global,,,layers.1.weight,raw,55,0.05029873191150424,0.0512131989287486,0.05075596542012642,1,0.8543227751988314,0.9921875,1280
bayesfl_observability_v1,ola_sparse_bayesian_keep010_seed42,50,ola,global,,,layers.1.weight,raw,56,0.0512131989287486,0.052127665945992954,0.05167043243737078,2,1.7086455503976758,0.99375,1280
bayesfl_observability_v1,ola_sparse_bayesian_keep010_seed42,50,ola,global,,,layers.1.weight,raw,57,0.052127665945992954,0.053042132963237315,0.052584899454615135,0,0.0,0.99375,1280
bayesfl_observability_v1,ola_sparse_bayesian_keep010_seed42,50,ola,global,,,layers.1.weight,raw,58,0.053042132963237315,0.053956599980481676,0.053499366471859496,0,0.0,0.99375,1280
bayesfl_observability_v1,ola_sparse_bayesian_keep010_seed42,50,ola,global,,,layers.1.weight,raw,59,0.053956599980481676,0.05487106699772603,0.05441383348910385,0,0.0,0.99375,1280
bayesfl_observability_v1,ola_sparse_bayesian_keep010_seed42,50,ola,global,,,layers.1.weight,raw,60,0.05487106699772603,0.05578553401497039,0.05532830050634821,1,0.8543227751988314,0.99453125,1280
bayesfl_observability_v1,ola_sparse_bayesian_keep010_seed42,50,ola,global,,,layers.1.weight,raw,61,0.05578553401497039,0.05670000103221475,0.05624276752359257,0,0.0,0.99453125,1280
bayesfl_observability_v1,ola_sparse_bayesian_keep010_seed42,50,ola,global,,,layers.1.weight,raw,62,0.05670000103221475,0.057614468049459105,0.05715723454083693,1,0.8543227751988379,0.9953125,1280
bayesfl_observability_v1,ola_sparse_bayesian_keep010_seed42,50,ola,global,,,layers.1.weight,raw,63,0.057614468049459105,0.058528935066703466,0.058071701558081286,1,0.8543227751988314,0.99609375,1280
bayesfl_observability_v1,ola_sparse_bayesian_keep010_seed42,50,ola,global,,,layers.1.weight,raw,64,0.058528935066703466,0.05944340208394783,0.05898616857532565,1,0.8543227751988314,0.996875,1280
bayesfl_observability_v1,ola_sparse_bayesian_keep010_seed42,50,ola,global,,,layers.1.weight,raw,65,0.05944340208394783,0.06035786910119218,0.05990063559257,0,0.0,0.996875,1280
bayesfl_observability_v1,ola_sparse_bayesian_keep010_seed42,50,ola,global,,,layers.1.weight,raw,66,0.06035786910119218,0.06127233611843654,0.06081510260981436,1,0.8543227751988314,0.99765625,1280
bayesfl_observability_v1,ola_sparse_bayesian_keep010_seed42,50,ola,global,,,layers.1.weight,raw,67,0.06127233611843654,0.0621868031356809,0.06172956962705872,2,1.7086455503976627,0.99921875,1280
bayesfl_observability_v1,ola_sparse_bayesian_keep010_seed42,50,ola,global,,,layers.1.weight,raw,68,0.0621868031356809,0.06310127015292526,0.06264403664430308,0,0.0,0.99921875,1280
bayesfl_observability_v1,ola_sparse_bayesian_keep010_seed42,50,ola,global,,,layers.1.weight,raw,69,0.06310127015292526,0.06401573717016962,0.06355850366154744,0,0.0,0.99921875,1280
bayesfl_observability_v1,ola_sparse_bayesian_keep010_seed42,50,ola,global,,,layers.1.weight,raw,70,0.06401573717016962,0.06493020418741398,0.06447297067879179,0,0.0,0.99921875,1280
bayesfl_observability_v1,ola_sparse_bayesian_keep010_seed42,50,ola,global,,,layers.1.weight,raw,71,0.06493020418741398,0.06584467120465834,0.06538743769603617,0,0.0,0.99921875,1280
bayesfl_observability_v1,ola_sparse_bayesian_keep010_seed42,50,ola,global,,,layers.1.weight,raw,72,0.06584467120465834,0.06675913822190269,0.06630190471328051,0,0.0,0.99921875,1280
bayesfl_observability_v1,ola_sparse_bayesian_keep010_seed42,50,ola,global,,,layers.1.weight,raw,73,0.06675913822190269,0.06767360523914705,0.06721637173052486,0,0.0,0.99921875,1280
bayesfl_observability_v1,ola_sparse_bayesian_keep010_seed42,50,ola,global,,,layers.1.weight,raw,74,0.06767360523914705,0.06858807225639141,0.06813083874776923,0,0.0,0.99921875,1280
bayesfl_observability_v1,ola_sparse_bayesian_keep010_seed42,50,ola,global,,,layers.1.weight,raw,75,0.06858807225639141,0.06950253927363577,0.06904530576501358,0,0.0,0.99921875,1280
bayesfl_observability_v1,ola_sparse_bayesian_keep010_seed42,50,ola,global,,,layers.1.weight,raw,76,0.06950253927363577,0.07041700629088013,0.06995977278225796,0,0.0,0.99921875,1280
bayesfl_observability_v1,ola_sparse_bayesian_keep010_seed42,50,ola,global,,,layers.1.weight,raw,77,0.07041700629088013,0.07133147330812449,0.0708742397995023,0,0.0,0.99921875,1280
bayesfl_observability_v1,ola_sparse_bayesian_keep010_seed42,50,ola,global,,,layers.1.weight,raw,78,0.07133147330812449,0.07224594032536884,0.07178870681674666,0,0.0,0.99921875,1280
bayesfl_observability_v1,ola_sparse_bayesian_keep010_seed42,50,ola,global,,,layers.1.weight,raw,79,0.07224594032536884,0.0731604073426132,0.07270317383399102,1,0.8543227751988314,1.0,1280
bayesfl_observability_v1,ola_sparse_bayesian_keep010_seed42,50,ola,global,,,layers.1.weight,db,0,-110.3255044932201,-109.23036665833423,-109.77793557577716,1,0.0007133805217143507,0.00078125,1280
bayesfl_observability_v1,ola_sparse_bayesian_keep010_seed42,50,ola,global,,,layers.1.weight,db,1,-109.23036665833423,-108.13522882344837,-108.6827977408913,0,0.0,0.00078125,1280
bayesfl_observability_v1,ola_sparse_bayesian_keep010_seed42,50,ola,global,,,layers.1.weight,db,2,-108.13522882344837,-107.04009098856251,-107.58765990600544,0,0.0,0.00078125,1280
bayesfl_observability_v1,ola_sparse_bayesian_keep010_seed42,50,ola,global,,,layers.1.weight,db,3,-107.04009098856251,-105.94495315367665,-106.49252207111958,0,0.0,0.00078125,1280
bayesfl_observability_v1,ola_sparse_bayesian_keep010_seed42,50,ola,global,,,layers.1.weight,db,4,-105.94495315367665,-104.84981531879079,-105.39738423623372,0,0.0,0.00078125,1280
bayesfl_observability_v1,ola_sparse_bayesian_keep010_seed42,50,ola,global,,,layers.1.weight,db,5,-104.84981531879079,-103.75467748390493,-104.30224640134786,0,0.0,0.00078125,1280
bayesfl_observability_v1,ola_sparse_bayesian_keep010_seed42,50,ola,global,,,layers.1.weight,db,6,-103.75467748390493,-102.65953964901907,-103.207108566462,0,0.0,0.00078125,1280
bayesfl_observability_v1,ola_sparse_bayesian_keep010_seed42,50,ola,global,,,layers.1.weight,db,7,-102.65953964901907,-101.5644018141332,-102.11197073157614,1,0.0007133805217143507,0.0015625,1280
bayesfl_observability_v1,ola_sparse_bayesian_keep010_seed42,50,ola,global,,,layers.1.weight,db,8,-101.5644018141332,-100.46926397924734,-101.01683289669027,0,0.0,0.0015625,1280
bayesfl_observability_v1,ola_sparse_bayesian_keep010_seed42,50,ola,global,,,layers.1.weight,db,9,-100.46926397924734,-99.37412614436148,-99.92169506180441,0,0.0,0.0015625,1280
bayesfl_observability_v1,ola_sparse_bayesian_keep010_seed42,50,ola,global,,,layers.1.weight,db,10,-99.37412614436148,-98.27898830947562,-98.82655722691855,0,0.0,0.0015625,1280
bayesfl_observability_v1,ola_sparse_bayesian_keep010_seed42,50,ola,global,,,layers.1.weight,db,11,-98.27898830947562,-97.18385047458976,-97.73141939203269,0,0.0,0.0015625,1280
bayesfl_observability_v1,ola_sparse_bayesian_keep010_seed42,50,ola,global,,,layers.1.weight,db,12,-97.18385047458976,-96.0887126397039,-96.63628155714683,0,0.0,0.0015625,1280
bayesfl_observability_v1,ola_sparse_bayesian_keep010_seed42,50,ola,global,,,layers.1.weight,db,13,-96.0887126397039,-94.99357480481804,-95.54114372226097,0,0.0,0.0015625,1280
bayesfl_observability_v1,ola_sparse_bayesian_keep010_seed42,50,ola,global,,,layers.1.weight,db,14,-94.99357480481804,-93.89843696993218,-94.44600588737511,2,0.0014267610434287013,0.003125,1280
bayesfl_observability_v1,ola_sparse_bayesian_keep010_seed42,50,ola,global,,,layers.1.weight,db,15,-93.89843696993218,-92.80329913504632,-93.35086805248925,0,0.0,0.003125,1280
bayesfl_observability_v1,ola_sparse_bayesian_keep010_seed42,50,ola,global,,,layers.1.weight,db,16,-92.80329913504632,-91.70816130016046,-92.25573021760339,0,0.0,0.003125,1280
bayesfl_observability_v1,ola_sparse_bayesian_keep010_seed42,50,ola,global,,,layers.1.weight,db,17,-91.70816130016046,-90.6130234652746,-91.16059238271752,0,0.0,0.003125,1280
bayesfl_observability_v1,ola_sparse_bayesian_keep010_seed42,50,ola,global,,,layers.1.weight,db,18,-90.6130234652746,-89.51788563038873,-90.06545454783166,0,0.0,0.003125,1280
bayesfl_observability_v1,ola_sparse_bayesian_keep010_seed42,50,ola,global,,,layers.1.weight,db,19,-89.51788563038873,-88.42274779550287,-88.9703167129458,1,0.0007133805217143507,0.00390625,1280
bayesfl_observability_v1,ola_sparse_bayesian_keep010_seed42,50,ola,global,,,layers.1.weight,db,20,-88.42274779550287,-87.32760996061701,-87.87517887805994,0,0.0,0.00390625,1280
bayesfl_observability_v1,ola_sparse_bayesian_keep010_seed42,50,ola,global,,,layers.1.weight,db,21,-87.32760996061701,-86.23247212573115,-86.78004104317408,1,0.0007133805217143507,0.0046875,1280
bayesfl_observability_v1,ola_sparse_bayesian_keep010_seed42,50,ola,global,,,layers.1.weight,db,22,-86.23247212573115,-85.13733429084529,-85.68490320828822,0,0.0,0.0046875,1280
bayesfl_observability_v1,ola_sparse_bayesian_keep010_seed42,50,ola,global,,,layers.1.weight,db,23,-85.13733429084529,-84.04219645595941,-84.58976537340234,0,0.0,0.0046875,1280
bayesfl_observability_v1,ola_sparse_bayesian_keep010_seed42,50,ola,global,,,layers.1.weight,db,24,-84.04219645595941,-82.94705862107355,-83.49462753851648,2,0.0014267610434287013,0.00625,1280
bayesfl_observability_v1,ola_sparse_bayesian_keep010_seed42,50,ola,global,,,layers.1.weight,db,25,-82.94705862107355,-81.85192078618769,-82.39948970363062,1,0.0007133805217143507,0.00703125,1280
bayesfl_observability_v1,ola_sparse_bayesian_keep010_seed42,50,ola,global,,,layers.1.weight,db,26,-81.85192078618769,-80.75678295130183,-81.30435186874476,0,0.0,0.00703125,1280
bayesfl_observability_v1,ola_sparse_bayesian_keep010_seed42,50,ola,global,,,layers.1.weight,db,27,-80.75678295130183,-79.66164511641597,-80.2092140338589,2,0.0014267610434287013,0.00859375,1280
bayesfl_observability_v1,ola_sparse_bayesian_keep010_seed42,50,ola,global,,,layers.1.weight,db,28,-79.66164511641597,-78.56650728153011,-79.11407619897304,2,0.0014267610434287013,0.01015625,1280
bayesfl_observability_v1,ola_sparse_bayesian_keep010_seed42,50,ola,global,,,layers.1.weight,db,29,-78.56650728153011,-77.47136944664425,-78.01893836408718,4,0.0028535220868574026,0.01328125,1280
bayesfl_observability_v1,ola_sparse_bayesian_keep010_seed42,50,ola,global,,,layers.1.weight,db,30,-77.47136944664425,-76.37623161175839,-76.92380052920132,4,0.0028535220868574026,0.01640625,1280
bayesfl_observability_v1,ola_sparse_bayesian_keep010_seed42,50,ola,global,,,layers.1.weight,db,31,-76.37623161175839,-75.28109377687252,-75.82866269431545,2,0.0014267610434287013,0.01796875,1280
bayesfl_observability_v1,ola_sparse_bayesian_keep010_seed42,50,ola,global,,,layers.1.weight,db,32,-75.28109377687252,-74.18595594198666,-74.7335248594296,3,0.002140141565143052,0.0203125,1280
bayesfl_observability_v1,ola_sparse_bayesian_keep010_seed42,50,ola,global,,,layers.1.weight,db,33,-74.18595594198666,-73.0908181071008,-73.63838702454373,1,0.0007133805217143507,0.02109375,1280
bayesfl_observability_v1,ola_sparse_bayesian_keep010_seed42,50,ola,global,,,layers.1.weight,db,34,-73.0908181071008,-71.99568027221494,-72.54324918965787,4,0.0028535220868574026,0.02421875,1280
bayesfl_observability_v1,ola_sparse_bayesian_keep010_seed42,50,ola,global,,,layers.1.weight,db,35,-71.99568027221494,-70.90054243732908,-71.44811135477201,2,0.0014267610434287013,0.02578125,1280
bayesfl_observability_v1,ola_sparse_bayesian_keep010_seed42,50,ola,global,,,layers.1.weight,db,36,-70.90054243732908,-69.80540460244322,-70.35297351988615,5,0.003566902608571753,0.0296875,1280
bayesfl_observability_v1,ola_sparse_bayesian_keep010_seed42,50,ola,global,,,layers.1.weight,db,37,-69.80540460244322,-68.71026676755736,-69.25783568500029,9,0.006420424695429155,0.03671875,1280
bayesfl_observability_v1,ola_sparse_bayesian_keep010_seed42,50,ola,global,,,layers.1.weight,db,38,-68.71026676755736,-67.6151289326715,-68.16269785011443,9,0.006420424695429155,0.04375,1280
bayesfl_observability_v1,ola_sparse_bayesian_keep010_seed42,50,ola,global,,,layers.1.weight,db,39,-67.6151289326715,-66.51999109778563,-67.06756001522857,12,0.008560566260572208,0.053125,1280
bayesfl_observability_v1,ola_sparse_bayesian_keep010_seed42,50,ola,global,,,layers.1.weight,db,40,-66.51999109778563,-65.42485326289977,-65.9724221803427,11,0.007847185738857856,0.06171875,1280
bayesfl_observability_v1,ola_sparse_bayesian_keep010_seed42,50,ola,global,,,layers.1.weight,db,41,-65.42485326289977,-64.32971542801391,-64.87728434545684,23,0.016407751999430065,0.0796875,1280
bayesfl_observability_v1,ola_sparse_bayesian_keep010_seed42,50,ola,global,,,layers.1.weight,db,42,-64.32971542801391,-63.23457759312806,-63.78214651057098,9,0.006420424695429197,0.08671875,1280
bayesfl_observability_v1,ola_sparse_bayesian_keep010_seed42,50,ola,global,,,layers.1.weight,db,43,-63.23457759312806,-62.1394397582422,-62.68700867568513,11,0.007847185738857856,0.0953125,1280
bayesfl_observability_v1,ola_sparse_bayesian_keep010_seed42,50,ola,global,,,layers.1.weight,db,44,-62.1394397582422,-61.044301923356336,-61.59187084079927,21,0.014980990956001363,0.11171875,1280
bayesfl_observability_v1,ola_sparse_bayesian_keep010_seed42,50,ola,global,,,layers.1.weight,db,45,-61.044301923356336,-59.949164088470475,-60.496733005913406,15,0.01070070782571526,0.1234375,1280
bayesfl_observability_v1,ola_sparse_bayesian_keep010_seed42,50,ola,global,,,layers.1.weight,db,46,-59.949164088470475,-58.854026253584614,-59.401595171027544,24,0.017121132521144417,0.1421875,1280
bayesfl_observability_v1,ola_sparse_bayesian_keep010_seed42,50,ola,global,,,layers.1.weight,db,47,-58.854026253584614,-57.758888418698746,-58.306457336141676,21,0.014980990956001266,0.15859375,1280
bayesfl_observability_v1,ola_sparse_bayesian_keep010_seed42,50,ola,global,,,layers.1.weight,db,48,-57.758888418698746,-56.663750583812885,-57.211319501255815,24,0.017121132521144417,0.17734375,1280
bayesfl_observability_v1,ola_sparse_bayesian_keep010_seed42,50,ola,global,,,layers.1.weight,db,49,-56.663750583812885,-55.56861274892702,-56.116181666369954,21,0.014980990956001363,0.19375,1280
bayesfl_observability_v1,ola_sparse_bayesian_keep010_seed42,50,ola,global,,,layers.1.weight,db,50,-55.56861274892702,-54.47347491404116,-55.02104383148409,45,0.03210212347714578,0.22890625,1280
bayesfl_observability_v1,ola_sparse_bayesian_keep010_seed42,50,ola,global,,,layers.1.weight,db,51,-54.47347491404116,-53.3783370791553,-53.92590599659823,25,0.017834513042858765,0.2484375,1280
bayesfl_observability_v1,ola_sparse_bayesian_keep010_seed42,50,ola,global,,,layers.1.weight,db,52,-53.3783370791553,-52.28319924426944,-52.83076816171237,37,0.026395079303430973,0.27734375,1280
bayesfl_observability_v1,ola_sparse_bayesian_keep010_seed42,50,ola,global,,,layers.1.weight,db,53,-52.28319924426944,-51.18806140938358,-51.73563032682651,45,0.03210212347714578,0.3125,1280
bayesfl_observability_v1,ola_sparse_bayesian_keep010_seed42,50,ola,global,,,layers.1.weight,db,54,-51.18806140938358,-50.09292357449772,-50.64049249194065,46,0.03281550399886013,0.3484375,1280
bayesfl_observability_v1,ola_sparse_bayesian_keep010_seed42,50,ola,global,,,layers.1.weight,db,55,-50.09292357449772,-48.99778573961186,-49.54535465705479,56,0.039949309216003634,0.3921875,1280
bayesfl_observability_v1,ola_sparse_bayesian_keep010_seed42,50,ola,global,,,layers.1.weight,db,56,-48.99778573961186,-47.902647904725995,-48.450216822168926,54,0.03852254817257494,0.434375,1280
bayesfl_observability_v1,ola_sparse_bayesian_keep010_seed42,50,ola,global,,,layers.1.weight,db,57,-47.902647904725995,-46.807510069840134,-47.355078987283065,66,0.04708311443314714,0.4859375,1280
bayesfl_observability_v1,ola_sparse_bayesian_keep010_seed42,50,ola,global,,,layers.1.weight,db,58,-46.807510069840134,-45.71237223495427,-46.259941152397204,68,0.04850987547657584,0.5390625,1280
bayesfl_observability_v1,ola_sparse_bayesian_keep010_seed42,50,ola,global,,,layers.1.weight,db,59,-45.71237223495427,-44.61723440006841,-45.16480331751134,72,0.05136339756343324,0.5953125,1280
bayesfl_observability_v1,ola_sparse_bayesian_keep010_seed42,50,ola,global,,,layers.1.weight,db,60,-44.61723440006841,-43.52209656518255,-44.06966548262548,69,0.049223255998290194,0.64921875,1280
bayesfl_observability_v1,ola_sparse_bayesian_keep010_seed42,50,ola,global,,,layers.1.weight,db,61,-43.52209656518255,-42.42695873029669,-42.97452764773962,54,0.03852254817257494,0.69140625,1280
bayesfl_observability_v1,ola_sparse_bayesian_keep010_seed42,50,ola,global,,,layers.1.weight,db,62,-42.42695873029669,-41.33182089541083,-41.87938981285376,62,0.04422959234628974,0.73984375,1280
bayesfl_observability_v1,ola_sparse_bayesian_keep010_seed42,50,ola,global,,,layers.1.weight,db,63,-41.33182089541083,-40.23668306052497,-40.7842519779679,54,0.03852254817257494,0.78203125,1280
bayesfl_observability_v1,ola_sparse_bayesian_keep010_seed42,50,ola,global,,,layers.1.weight,db,64,-40.23668306052497,-39.141545225639106,-39.68911414308204,46,0.03281550399886013,0.81796875,1280
bayesfl_observability_v1,ola_sparse_bayesian_keep010_seed42,50,ola,global,,,layers.1.weight,db,65,-39.141545225639106,-38.046407390753245,-38.593976308196176,35,0.024968318260002273,0.8453125,1280
bayesfl_observability_v1,ola_sparse_bayesian_keep010_seed42,50,ola,global,,,layers.1.weight,db,66,-38.046407390753245,-36.951269555867384,-37.498838473310315,32,0.02282817669485922,0.8703125,1280
bayesfl_observability_v1,ola_sparse_bayesian_keep010_seed42,50,ola,global,,,layers.1.weight,db,67,-36.951269555867384,-35.85613172098152,-36.40370063842445,31,0.02211479617314487,0.89453125,1280
bayesfl_observability_v1,ola_sparse_bayesian_keep010_seed42,50,ola,global,,,layers.1.weight,db,68,-35.85613172098152,-34.76099388609566,-35.30856280353859,35,0.024968318260002273,0.921875,1280
bayesfl_observability_v1,ola_sparse_bayesian_keep010_seed42,50,ola,global,,,layers.1.weight,db,69,-34.76099388609566,-33.6658560512098,-34.21342496865273,25,0.017834513042858765,0.94140625,1280
bayesfl_observability_v1,ola_sparse_bayesian_keep010_seed42,50,ola,global,,,layers.1.weight,db,70,-33.6658560512098,-32.57071821632394,-33.11828713376687,16,0.01141408834742961,0.95390625,1280
bayesfl_observability_v1,ola_sparse_bayesian_keep010_seed42,50,ola,global,,,layers.1.weight,db,71,-32.57071821632394,-31.47558038143808,-32.02314929888101,11,0.007847185738857856,0.9625,1280
bayesfl_observability_v1,ola_sparse_bayesian_keep010_seed42,50,ola,global,,,layers.1.weight,db,72,-31.47558038143808,-30.380442546552217,-30.928011463995148,12,0.008560566260572208,0.971875,1280
bayesfl_observability_v1,ola_sparse_bayesian_keep010_seed42,50,ola,global,,,layers.1.weight,db,73,-30.380442546552217,-29.285304711666356,-29.832873629109287,9,0.006420424695429155,0.97890625,1280
bayesfl_observability_v1,ola_sparse_bayesian_keep010_seed42,50,ola,global,,,layers.1.weight,db,74,-29.285304711666356,-28.190166876780495,-28.737735794223426,7,0.004993663652000454,0.984375,1280
bayesfl_observability_v1,ola_sparse_bayesian_keep010_seed42,50,ola,global,,,layers.1.weight,db,75,-28.190166876780495,-27.095029041894634,-27.642597959337564,7,0.004993663652000454,0.98984375,1280
bayesfl_observability_v1,ola_sparse_bayesian_keep010_seed42,50,ola,global,,,layers.1.weight,db,76,-27.095029041894634,-25.999891207008773,-26.547460124451703,2,0.0014267610434287013,0.99140625,1280
bayesfl_observability_v1,ola_sparse_bayesian_keep010_seed42,50,ola,global,,,layers.1.weight,db,77,-25.999891207008773,-24.90475337212291,-25.452322289565842,4,0.0028535220868574026,0.99453125,1280
bayesfl_observability_v1,ola_sparse_bayesian_keep010_seed42,50,ola,global,,,layers.1.weight,db,78,-24.90475337212291,-23.80961553723705,-24.35718445467998,6,0.004280283130286104,0.99921875,1280
bayesfl_observability_v1,ola_sparse_bayesian_keep010_seed42,50,ola,global,,,layers.1.weight,db,79,-23.80961553723705,-22.71447770235119,-23.26204661979412,1,0.0007133805217143507,1.0,1280
bayesfl_observability_v1,ola_sparse_bayesian_keep010_seed42,50,ola,global,,,layers.1.bias,raw,0,0.00030528055715693724,0.0004831793023215642,0.0003942299297392507,3,1686.3525356650543,0.3,10
bayesfl_observability_v1,ola_sparse_bayesian_keep010_seed42,50,ola,global,,,layers.1.bias,raw,1,0.0004831793023215642,0.000661078047486191,0.0005721286749038777,0,0.0,0.3,10
bayesfl_observability_v1,ola_sparse_bayesian_keep010_seed42,50,ola,global,,,layers.1.bias,raw,2,0.000661078047486191,0.000838976792650818,0.0007500274200685045,0,0.0,0.3,10
bayesfl_observability_v1,ola_sparse_bayesian_keep010_seed42,50,ola,global,,,layers.1.bias,raw,3,0.000838976792650818,0.001016875537815445,0.0009279261652331315,1,562.1175118883515,0.4,10
bayesfl_observability_v1,ola_sparse_bayesian_keep010_seed42,50,ola,global,,,layers.1.bias,raw,4,0.001016875537815445,0.001194774282980072,0.0011058249103977585,1,562.1175118883515,0.5,10
bayesfl_observability_v1,ola_sparse_bayesian_keep010_seed42,50,ola,global,,,layers.1.bias,raw,5,0.001194774282980072,0.0013726730281446988,0.0012837236555623853,0,0.0,0.5,10
bayesfl_observability_v1,ola_sparse_bayesian_keep010_seed42,50,ola,global,,,layers.1.bias,raw,6,0.0013726730281446988,0.0015505717733093256,0.0014616224007270122,0,0.0,0.5,10
bayesfl_observability_v1,ola_sparse_bayesian_keep010_seed42,50,ola,global,,,layers.1.bias,raw,7,0.0015505717733093256,0.0017284705184739528,0.0016395211458916392,1,562.1175118883508,0.6,10
bayesfl_observability_v1,ola_sparse_bayesian_keep010_seed42,50,ola,global,,,layers.1.bias,raw,8,0.0017284705184739528,0.0019063692636385795,0.0018174198910562661,0,0.0,0.6,10
bayesfl_observability_v1,ola_sparse_bayesian_keep010_seed42,50,ola,global,,,layers.1.bias,raw,9,0.0019063692636385795,0.0020842680088032067,0.001995318636220893,0,0.0,0.6,10
bayesfl_observability_v1,ola_sparse_bayesian_keep010_seed42,50,ola,global,,,layers.1.bias,raw,10,0.0020842680088032067,0.0022621667539678334,0.0021732173813855202,0,0.0,0.6,10
bayesfl_observability_v1,ola_sparse_bayesian_keep010_seed42,50,ola,global,,,layers.1.bias,raw,11,0.0022621667539678334,0.00244006549913246,0.0023511161265501465,0,0.0,0.6,10
bayesfl_observability_v1,ola_sparse_bayesian_keep010_seed42,50,ola,global,,,layers.1.bias,raw,12,0.00244006549913246,0.0026179642442970873,0.0025290148717147737,0,0.0,0.6,10
bayesfl_observability_v1,ola_sparse_bayesian_keep010_seed42,50,ola,global,,,layers.1.bias,raw,13,0.0026179642442970873,0.002795862989461714,0.002706913616879401,0,0.0,0.6,10
bayesfl_observability_v1,ola_sparse_bayesian_keep010_seed42,50,ola,global,,,layers.1.bias,raw,14,0.002795862989461714,0.002973761734626341,0.0028848123620440276,0,0.0,0.6,10
bayesfl_observability_v1,ola_sparse_bayesian_keep010_seed42,50,ola,global,,,layers.1.bias,raw,15,0.002973761734626341,0.003151660479790968,0.0030627111072086544,0,0.0,0.6,10
bayesfl_observability_v1,ola_sparse_bayesian_keep010_seed42,50,ola,global,,,layers.1.bias,raw,16,0.003151660479790968,0.0033295592249555947,0.0032406098523732815,0,0.0,0.6,10
bayesfl_observability_v1,ola_sparse_bayesian_keep010_seed42,50,ola,global,,,layers.1.bias,raw,17,0.0033295592249555947,0.003507457970120222,0.0034185085975379083,0,0.0,0.6,10
bayesfl_observability_v1,ola_sparse_bayesian_keep010_seed42,50,ola,global,,,layers.1.bias,raw,18,0.003507457970120222,0.0036853567152848486,0.003596407342702535,0,0.0,0.6,10
bayesfl_observability_v1,ola_sparse_bayesian_keep010_seed42,50,ola,global,,,layers.1.bias,raw,19,0.0036853567152848486,0.0038632554604494758,0.003774306087867162,0,0.0,0.6,10
bayesfl_observability_v1,ola_sparse_bayesian_keep010_seed42,50,ola,global,,,layers.1.bias,raw,20,0.0038632554604494758,0.004041154205614103,0.003952204833031789,1,562.1175118883508,0.7,10
bayesfl_observability_v1,ola_sparse_bayesian_keep010_seed42,50,ola,global,,,layers.1.bias,raw,21,0.004041154205614103,0.00421905295077873,0.0041301035781964165,0,0.0,0.7,10
bayesfl_observability_v1,ola_sparse_bayesian_keep010_seed42,50,ola,global,,,layers.1.bias,raw,22,0.00421905295077873,0.004396951695943357,0.004308002323361044,0,0.0,0.7,10
bayesfl_observability_v1,ola_sparse_bayesian_keep010_seed42,50,ola,global,,,layers.1.bias,raw,23,0.004396951695943357,0.004574850441107984,0.00448590106852567,1,562.1175118883535,0.8,10
bayesfl_observability_v1,ola_sparse_bayesian_keep010_seed42,50,ola,global,,,layers.1.bias,raw,24,0.004574850441107984,0.004752749186272611,0.004663799813690297,0,0.0,0.8,10
bayesfl_observability_v1,ola_sparse_bayesian_keep010_seed42,50,ola,global,,,layers.1.bias,raw,25,0.004752749186272611,0.004930647931437238,0.004841698558854924,0,0.0,0.8,10
bayesfl_observability_v1,ola_sparse_bayesian_keep010_seed42,50,ola,global,,,layers.1.bias,raw,26,0.004930647931437238,0.005108546676601864,0.0050195973040195515,1,562.1175118883535,0.9,10
bayesfl_observability_v1,ola_sparse_bayesian_keep010_seed42,50,ola,global,,,layers.1.bias,raw,27,0.005108546676601864,0.005286445421766491,0.005197496049184178,0,0.0,0.9,10
bayesfl_observability_v1,ola_sparse_bayesian_keep010_seed42,50,ola,global,,,layers.1.bias,raw,28,0.005286445421766491,0.0054643441669311186,0.005375394794348805,0,0.0,0.9,10
bayesfl_observability_v1,ola_sparse_bayesian_keep010_seed42,50,ola,global,,,layers.1.bias,raw,29,0.0054643441669311186,0.005642242912095746,0.005553293539513432,0,0.0,0.9,10
bayesfl_observability_v1,ola_sparse_bayesian_keep010_seed42,50,ola,global,,,layers.1.bias,raw,30,0.005642242912095746,0.005820141657260372,0.0057311922846780584,0,0.0,0.9,10
bayesfl_observability_v1,ola_sparse_bayesian_keep010_seed42,50,ola,global,,,layers.1.bias,raw,31,0.005820141657260372,0.005998040402424999,0.005909091029842686,0,0.0,0.9,10
bayesfl_observability_v1,ola_sparse_bayesian_keep010_seed42,50,ola,global,,,layers.1.bias,raw,32,0.005998040402424999,0.006175939147589626,0.006086989775007313,0,0.0,0.9,10
bayesfl_observability_v1,ola_sparse_bayesian_keep010_seed42,50,ola,global,,,layers.1.bias,raw,33,0.006175939147589626,0.006353837892754253,0.00626488852017194,0,0.0,0.9,10
bayesfl_observability_v1,ola_sparse_bayesian_keep010_seed42,50,ola,global,,,layers.1.bias,raw,34,0.006353837892754253,0.00653173663791888,0.006442787265336566,0,0.0,0.9,10
bayesfl_observability_v1,ola_sparse_bayesian_keep010_seed42,50,ola,global,,,layers.1.bias,raw,35,0.00653173663791888,0.006709635383083507,0.006620686010501193,0,0.0,0.9,10
bayesfl_observability_v1,ola_sparse_bayesian_keep010_seed42,50,ola,global,,,layers.1.bias,raw,36,0.006709635383083507,0.006887534128248134,0.006798584755665821,0,0.0,0.9,10
bayesfl_observability_v1,ola_sparse_bayesian_keep010_seed42,50,ola,global,,,layers.1.bias,raw,37,0.006887534128248134,0.0070654328734127605,0.006976483500830447,0,0.0,0.9,10
bayesfl_observability_v1,ola_sparse_bayesian_keep010_seed42,50,ola,global,,,layers.1.bias,raw,38,0.0070654328734127605,0.007243331618577388,0.007154382245995074,0,0.0,0.9,10
bayesfl_observability_v1,ola_sparse_bayesian_keep010_seed42,50,ola,global,,,layers.1.bias,raw,39,0.007243331618577388,0.007421230363742015,0.007332280991159701,0,0.0,0.9,10
bayesfl_observability_v1,ola_sparse_bayesian_keep010_seed42,50,ola,global,,,layers.1.bias,raw,40,0.007421230363742015,0.007599129108906641,0.007510179736324328,0,0.0,0.9,10
bayesfl_observability_v1,ola_sparse_bayesian_keep010_seed42,50,ola,global,,,layers.1.bias,raw,41,0.007599129108906641,0.007777027854071268,0.007688078481488955,0,0.0,0.9,10
bayesfl_observability_v1,ola_sparse_bayesian_keep010_seed42,50,ola,global,,,layers.1.bias,raw,42,0.007777027854071268,0.007954926599235895,0.007865977226653581,0,0.0,0.9,10
bayesfl_observability_v1,ola_sparse_bayesian_keep010_seed42,50,ola,global,,,layers.1.bias,raw,43,0.007954926599235895,0.008132825344400522,0.008043875971818208,0,0.0,0.9,10
bayesfl_observability_v1,ola_sparse_bayesian_keep010_seed42,50,ola,global,,,layers.1.bias,raw,44,0.008132825344400522,0.008310724089565149,0.008221774716982835,0,0.0,0.9,10
bayesfl_observability_v1,ola_sparse_bayesian_keep010_seed42,50,ola,global,,,layers.1.bias,raw,45,0.008310724089565149,0.008488622834729776,0.008399673462147463,0,0.0,0.9,10
bayesfl_observability_v1,ola_sparse_bayesian_keep010_seed42,50,ola,global,,,layers.1.bias,raw,46,0.008488622834729776,0.008666521579894402,0.00857757220731209,0,0.0,0.9,10
bayesfl_observability_v1,ola_sparse_bayesian_keep010_seed42,50,ola,global,,,layers.1.bias,raw,47,0.008666521579894402,0.008844420325059029,0.008755470952476715,0,0.0,0.9,10
bayesfl_observability_v1,ola_sparse_bayesian_keep010_seed42,50,ola,global,,,layers.1.bias,raw,48,0.008844420325059029,0.009022319070223656,0.008933369697641342,0,0.0,0.9,10
bayesfl_observability_v1,ola_sparse_bayesian_keep010_seed42,50,ola,global,,,layers.1.bias,raw,49,0.009022319070223656,0.009200217815388283,0.00911126844280597,0,0.0,0.9,10
bayesfl_observability_v1,ola_sparse_bayesian_keep010_seed42,50,ola,global,,,layers.1.bias,raw,50,0.009200217815388283,0.00937811656055291,0.009289167187970597,0,0.0,0.9,10
bayesfl_observability_v1,ola_sparse_bayesian_keep010_seed42,50,ola,global,,,layers.1.bias,raw,51,0.00937811656055291,0.009556015305717537,0.009467065933135224,0,0.0,0.9,10
bayesfl_observability_v1,ola_sparse_bayesian_keep010_seed42,50,ola,global,,,layers.1.bias,raw,52,0.009556015305717537,0.009733914050882165,0.009644964678299851,0,0.0,0.9,10
bayesfl_observability_v1,ola_sparse_bayesian_keep010_seed42,50,ola,global,,,layers.1.bias,raw,53,0.009733914050882165,0.00991181279604679,0.009822863423464476,0,0.0,0.9,10
bayesfl_observability_v1,ola_sparse_bayesian_keep010_seed42,50,ola,global,,,layers.1.bias,raw,54,0.00991181279604679,0.010089711541211417,0.010000762168629104,0,0.0,0.9,10
bayesfl_observability_v1,ola_sparse_bayesian_keep010_seed42,50,ola,global,,,layers.1.bias,raw,55,0.010089711541211417,0.010267610286376044,0.01017866091379373,0,0.0,0.9,10
bayesfl_observability_v1,ola_sparse_bayesian_keep010_seed42,50,ola,global,,,layers.1.bias,raw,56,0.010267610286376044,0.010445509031540672,0.010356559658958358,0,0.0,0.9,10
bayesfl_observability_v1,ola_sparse_bayesian_keep010_seed42,50,ola,global,,,layers.1.bias,raw,57,0.010445509031540672,0.010623407776705299,0.010534458404122985,0,0.0,0.9,10
bayesfl_observability_v1,ola_sparse_bayesian_keep010_seed42,50,ola,global,,,layers.1.bias,raw,58,0.010623407776705299,0.010801306521869926,0.010712357149287612,0,0.0,0.9,10
bayesfl_observability_v1,ola_sparse_bayesian_keep010_seed42,50,ola,global,,,layers.1.bias,raw,59,0.010801306521869926,0.010979205267034553,0.01089025589445224,0,0.0,0.9,10
bayesfl_observability_v1,ola_sparse_bayesian_keep010_seed42,50,ola,global,,,layers.1.bias,raw,60,0.010979205267034553,0.011157104012199178,0.011068154639616867,0,0.0,0.9,10
bayesfl_observability_v1,ola_sparse_bayesian_keep010_seed42,50,ola,global,,,layers.1.bias,raw,61,0.011157104012199178,0.011335002757363806,0.011246053384781492,0,0.0,0.9,10
bayesfl_observability_v1,ola_sparse_bayesian_keep010_seed42,50,ola,global,,,layers.1.bias,raw,62,0.011335002757363806,0.011512901502528433,0.01142395212994612,0,0.0,0.9,10
bayesfl_observability_v1,ola_sparse_bayesian_keep010_seed42,50,ola,global,,,layers.1.bias,raw,63,0.011512901502528433,0.01169080024769306,0.011601850875110746,0,0.0,0.9,10
bayesfl_observability_v1,ola_sparse_bayesian_keep010_seed42,50,ola,global,,,layers.1.bias,raw,64,0.01169080024769306,0.011868698992857687,0.011779749620275374,0,0.0,0.9,10
bayesfl_observability_v1,ola_sparse_bayesian_keep010_seed42,50,ola,global,,,layers.1.bias,raw,65,0.011868698992857687,0.012046597738022314,0.01195764836544,0,0.0,0.9,10
bayesfl_observability_v1,ola_sparse_bayesian_keep010_seed42,50,ola,global,,,layers.1.bias,raw,66,0.012046597738022314,0.012224496483186941,0.012135547110604628,0,0.0,0.9,10
bayesfl_observability_v1,ola_sparse_bayesian_keep010_seed42,50,ola,global,,,layers.1.bias,raw,67,0.012224496483186941,0.012402395228351567,0.012313445855769253,0,0.0,0.9,10
bayesfl_observability_v1,ola_sparse_bayesian_keep010_seed42,50,ola,global,,,layers.1.bias,raw,68,0.012402395228351567,0.012580293973516194,0.01249134460093388,0,0.0,0.9,10
bayesfl_observability_v1,ola_sparse_bayesian_keep010_seed42,50,ola,global,,,layers.1.bias,raw,69,0.012580293973516194,0.012758192718680821,0.012669243346098508,0,0.0,0.9,10
bayesfl_observability_v1,ola_sparse_bayesian_keep010_seed42,50,ola,global,,,layers.1.bias,raw,70,0.012758192718680821,0.012936091463845448,0.012847142091263135,0,0.0,0.9,10
bayesfl_observability_v1,ola_sparse_bayesian_keep010_seed42,50,ola,global,,,layers.1.bias,raw,71,0.012936091463845448,0.013113990209010076,0.013025040836427762,0,0.0,0.9,10
bayesfl_observability_v1,ola_sparse_bayesian_keep010_seed42,50,ola,global,,,layers.1.bias,raw,72,0.013113990209010076,0.013291888954174703,0.01320293958159239,0,0.0,0.9,10
bayesfl_observability_v1,ola_sparse_bayesian_keep010_seed42,50,ola,global,,,layers.1.bias,raw,73,0.013291888954174703,0.01346978769933933,0.013380838326757016,0,0.0,0.9,10
bayesfl_observability_v1,ola_sparse_bayesian_keep010_seed42,50,ola,global,,,layers.1.bias,raw,74,0.01346978769933933,0.013647686444503955,0.013558737071921644,0,0.0,0.9,10
bayesfl_observability_v1,ola_sparse_bayesian_keep010_seed42,50,ola,global,,,layers.1.bias,raw,75,0.013647686444503955,0.013825585189668583,0.013736635817086269,0,0.0,0.9,10
bayesfl_observability_v1,ola_sparse_bayesian_keep010_seed42,50,ola,global,,,layers.1.bias,raw,76,0.013825585189668583,0.01400348393483321,0.013914534562250896,0,0.0,0.9,10
bayesfl_observability_v1,ola_sparse_bayesian_keep010_seed42,50,ola,global,,,layers.1.bias,raw,77,0.01400348393483321,0.014181382679997837,0.014092433307415523,0,0.0,0.9,10
bayesfl_observability_v1,ola_sparse_bayesian_keep010_seed42,50,ola,global,,,layers.1.bias,raw,78,0.014181382679997837,0.014359281425162464,0.01427033205258015,0,0.0,0.9,10
bayesfl_observability_v1,ola_sparse_bayesian_keep010_seed42,50,ola,global,,,layers.1.bias,raw,79,0.014359281425162464,0.014537180170327091,0.014448230797744778,1,562.1175118883508,1.0,10
bayesfl_observability_v1,ola_sparse_bayesian_keep010_seed42,50,ola,global,,,layers.1.bias,db,0,-70.306017058738,-69.886571802243,-70.0962944304905,2,0.4768202689219975,0.2,10
bayesfl_observability_v1,ola_sparse_bayesian_keep010_seed42,50,ola,global,,,layers.1.bias,db,1,-69.886571802243,-69.467126545748,-69.67684917399549,1,0.23841013446099876,0.3,10
bayesfl_observability_v1,ola_sparse_bayesian_keep010_seed42,50,ola,global,,,layers.1.bias,db,2,-69.467126545748,-69.047681289253,-69.25740391750051,0,0.0,0.3,10
bayesfl_observability_v1,ola_sparse_bayesian_keep010_seed42,50,ola,global,,,layers.1.bias,db,3,-69.047681289253,-68.62823603275802,-68.83795866100552,0,0.0,0.3,10
bayesfl_observability_v1,ola_sparse_bayesian_keep010_seed42,50,ola,global,,,layers.1.bias,db,4,-68.62823603275802,-68.20879077626303,-68.41851340451052,0,0.0,0.3,10
bayesfl_observability_v1,ola_sparse_bayesian_keep010_seed42,50,ola,global,,,layers.1.bias,db,5,-68.20879077626303,-67.78934551976803,-67.99906814801554,0,0.0,0.3,10
bayesfl_observability_v1,ola_sparse_bayesian_keep010_seed42,50,ola,global,,,layers.1.bias,db,6,-67.78934551976803,-67.36990026327304,-67.57962289152053,0,0.0,0.3,10
bayesfl_observability_v1,ola_sparse_bayesian_keep010_seed42,50,ola,global,,,layers.1.bias,db,7,-67.36990026327304,-66.95045500677804,-67.16017763502555,0,0.0,0.3,10
bayesfl_observability_v1,ola_sparse_bayesian_keep010_seed42,50,ola,global,,,layers.1.bias,db,8,-66.95045500677804,-66.53100975028305,-66.74073237853054,0,0.0,0.3,10
bayesfl_observability_v1,ola_sparse_bayesian_keep010_seed42,50,ola,global,,,layers.1.bias,db,9,-66.53100975028305,-66.11156449378805,-66.32128712203556,0,0.0,0.3,10
bayesfl_observability_v1,ola_sparse_bayesian_keep010_seed42,50,ola,global,,,layers.1.bias,db,10,-66.11156449378805,-65.69211923729306,-65.90184186554055,0,0.0,0.3,10
bayesfl_observability_v1,ola_sparse_bayesian_keep010_seed42,50,ola,global,,,layers.1.bias,db,11,-65.69211923729306,-65.27267398079807,-65.48239660904557,0,0.0,0.3,10
bayesfl_observability_v1,ola_sparse_bayesian_keep010_seed42,50,ola,global,,,layers.1.bias,db,12,-65.27267398079807,-64.85322872430308,-65.06295135255058,0,0.0,0.3,10
bayesfl_observability_v1,ola_sparse_bayesian_keep010_seed42,50,ola,global,,,layers.1.bias,db,13,-64.85322872430308,-64.43378346780808,-64.64350609605557,0,0.0,0.3,10
bayesfl_observability_v1,ola_sparse_bayesian_keep010_seed42,50,ola,global,,,layers.1.bias,db,14,-64.43378346780808,-64.01433821131309,-64.2240608395606,0,0.0,0.3,10
bayesfl_observability_v1,ola_sparse_bayesian_keep010_seed42,50,ola,global,,,layers.1.bias,db,15,-64.01433821131309,-63.59489295481809,-63.80461558306559,0,0.0,0.3,10
bayesfl_observability_v1,ola_sparse_bayesian_keep010_seed42,50,ola,global,,,layers.1.bias,db,16,-63.59489295481809,-63.1754476983231,-63.385170326570595,0,0.0,0.3,10
bayesfl_observability_v1,ola_sparse_bayesian_keep010_seed42,50,ola,global,,,layers.1.bias,db,17,-63.1754476983231,-62.75600244182811,-62.96572507007561,0,0.0,0.3,10
bayesfl_observability_v1,ola_sparse_bayesian_keep010_seed42,50,ola,global,,,layers.1.bias,db,18,-62.75600244182811,-62.33655718533311,-62.54627981358061,0,0.0,0.3,10
bayesfl_observability_v1,ola_sparse_bayesian_keep010_seed42,50,ola,global,,,layers.1.bias,db,19,-62.33655718533311,-61.91711192883812,-62.126834557085616,0,0.0,0.3,10
bayesfl_observability_v1,ola_sparse_bayesian_keep010_seed42,50,ola,global,,,layers.1.bias,db,20,-61.91711192883812,-61.49766667234313,-61.70738930059062,0,0.0,0.3,10
bayesfl_observability_v1,ola_sparse_bayesian_keep010_seed42,50,ola,global,,,layers.1.bias,db,21,-61.49766667234313,-61.078221415848134,-61.28794404409563,0,0.0,0.3,10
bayesfl_observability_v1,ola_sparse_bayesian_keep010_seed42,50,ola,global,,,layers.1.bias,db,22,-61.078221415848134,-60.65877615935314,-60.868498787600636,0,0.0,0.3,10
bayesfl_observability_v1,ola_sparse_bayesian_keep010_seed42,50,ola,global,,,layers.1.bias,db,23,-60.65877615935314,-60.23933090285814,-60.44905353110564,1,0.23841013446099876,0.4,10
bayesfl_observability_v1,ola_sparse_bayesian_keep010_seed42,50,ola,global,,,layers.1.bias,db,24,-60.23933090285814,-59.819885646363154,-60.02960827461065,0,0.0,0.4,10
bayesfl_observability_v1,ola_sparse_bayesian_keep010_seed42,50,ola,global,,,layers.1.bias,db,25,-59.819885646363154,-59.40044038986816,-59.61016301811566,0,0.0,0.4,10
bayesfl_observability_v1,ola_sparse_bayesian_keep010_seed42,50,ola,global,,,layers.1.bias,db,26,-59.40044038986816,-58.98099513337316,-59.19071776162066,1,0.23841013446099876,0.5,10
bayesfl_observability_v1,ola_sparse_bayesian_keep010_seed42,50,ola,global,,,layers.1.bias,db,27,-58.98099513337316,-58.561549876878175,-58.771272505125665,0,0.0,0.5,10
bayesfl_observability_v1,ola_sparse_bayesian_keep010_seed42,50,ola,global,,,layers.1.bias,db,28,-58.561549876878175,-58.14210462038318,-58.35182724863068,0,0.0,0.5,10
bayesfl_observability_v1,ola_sparse_bayesian_keep010_seed42,50,ola,global,,,layers.1.bias,db,29,-58.14210462038318,-57.722659363888184,-57.93238199213568,0,0.0,0.5,10
bayesfl_observability_v1,ola_sparse_bayesian_keep010_seed42,50,ola,global,,,layers.1.bias,db,30,-57.722659363888184,-57.30321410739319,-57.512936735640686,0,0.0,0.5,10
bayesfl_observability_v1,ola_sparse_bayesian_keep010_seed42,50,ola,global,,,layers.1.bias,db,31,-57.30321410739319,-56.88376885089819,-57.09349147914569,0,0.0,0.5,10
bayesfl_observability_v1,ola_sparse_bayesian_keep010_seed42,50,ola,global,,,layers.1.bias,db,32,-56.88376885089819,-56.464323594403204,-56.6740462226507,0,0.0,0.5,10
bayesfl_observability_v1,ola_sparse_bayesian_keep010_seed42,50,ola,global,,,layers.1.bias,db,33,-56.464323594403204,-56.04487833790821,-56.25460096615571,1,0.23841013446099876,0.6,10
bayesfl_observability_v1,ola_sparse_bayesian_keep010_seed42,50,ola,global,,,layers.1.bias,db,34,-56.04487833790821,-55.62543308141321,-55.83515570966071,0,0.0,0.6,10
bayesfl_observability_v1,ola_sparse_bayesian_keep010_seed42,50,ola,global,,,layers.1.bias,db,35,-55.62543308141321,-55.205987824918225,-55.415710453165715,0,0.0,0.6,10
bayesfl_observability_v1,ola_sparse_bayesian_keep010_seed42,50,ola,global,,,layers.1.bias,db,36,-55.205987824918225,-54.78654256842323,-54.99626519667073,0,0.0,0.6,10
bayesfl_observability_v1,ola_sparse_bayesian_keep010_seed42,50,ola,global,,,layers.1.bias,db,37,-54.78654256842323,-54.367097311928234,-54.57681994017573,0,0.0,0.6,10
bayesfl_observability_v1,ola_sparse_bayesian_keep010_seed42,50,ola,global,,,layers.1.bias,db,38,-54.367097311928234,-53.94765205543324,-54.157374683680736,0,0.0,0.6,10
bayesfl_observability_v1,ola_sparse_bayesian_keep010_seed42,50,ola,global,,,layers.1.bias,db,39,-53.94765205543324,-53.52820679893824,-53.73792942718574,0,0.0,0.6,10
bayesfl_observability_v1,ola_sparse_bayesian_keep010_seed42,50,ola,global,,,layers.1.bias,db,40,-53.52820679893824,-53.108761542443254,-53.31848417069075,0,0.0,0.6,10
bayesfl_observability_v1,ola_sparse_bayesian_keep010_seed42,50,ola,global,,,layers.1.bias,db,41,-53.108761542443254,-52.68931628594826,-52.899038914195756,0,0.0,0.6,10
bayesfl_observability_v1,ola_sparse_bayesian_keep010_seed42,50,ola,global,,,layers.1.bias,db,42,-52.68931628594826,-52.26987102945327,-52.47959365770076,0,0.0,0.6,10
bayesfl_observability_v1,ola_sparse_bayesian_keep010_seed42,50,ola,global,,,layers.1.bias,db,43,-52.26987102945327,-51.850425772958275,-52.06014840120577,0,0.0,0.6,10
bayesfl_observability_v1,ola_sparse_bayesian_keep010_seed42,50,ola,global,,,layers.1.bias,db,44,-51.850425772958275,-51.43098051646328,-51.64070314471078,0,0.0,0.6,10
bayesfl_observability_v1,ola_sparse_bayesian_keep010_seed42,50,ola,global,,,layers.1.bias,db,45,-51.43098051646328,-51.011535259968284,-51.22125788821578,0,0.0,0.6,10
bayesfl_observability_v1,ola_sparse_bayesian_keep010_seed42,50,ola,global,,,layers.1.bias,db,46,-51.011535259968284,-50.59209000347329,-50.801812631720786,0,0.0,0.6,10
bayesfl_observability_v1,ola_sparse_bayesian_keep010_seed42,50,ola,global,,,layers.1.bias,db,47,-50.59209000347329,-50.1726447469783,-50.3823673752258,0,0.0,0.6,10
bayesfl_observability_v1,ola_sparse_bayesian_keep010_seed42,50,ola,global,,,layers.1.bias,db,48,-50.1726447469783,-49.753199490483304,-49.9629221187308,0,0.0,0.6,10
bayesfl_observability_v1,ola_sparse_bayesian_keep010_seed42,50,ola,global,,,layers.1.bias,db,49,-49.753199490483304,-49.333754233988316,-49.543476862235806,0,0.0,0.6,10
bayesfl_observability_v1,ola_sparse_bayesian_keep010_seed42,50,ola,global,,,layers.1.bias,db,50,-49.333754233988316,-48.91430897749332,-49.12403160574082,0,0.0,0.6,10
bayesfl_observability_v1,ola_sparse_bayesian_keep010_seed42,50,ola,global,,,layers.1.bias,db,51,-48.91430897749332,-48.494863720998325,-48.70458634924582,0,0.0,0.6,10
bayesfl_observability_v1,ola_sparse_bayesian_keep010_seed42,50,ola,global,,,layers.1.bias,db,52,-48.494863720998325,-48.07541846450333,-48.28514109275083,0,0.0,0.6,10
bayesfl_observability_v1,ola_sparse_bayesian_keep010_seed42,50,ola,global,,,layers.1.bias,db,53,-48.07541846450333,-47.655973208008334,-47.86569583625583,1,0.23841013446099876,0.7,10
bayesfl_observability_v1,ola_sparse_bayesian_keep010_seed42,50,ola,global,,,layers.1.bias,db,54,-47.655973208008334,-47.23652795151334,-47.446250579760836,0,0.0,0.7,10
bayesfl_observability_v1,ola_sparse_bayesian_keep010_seed42,50,ola,global,,,layers.1.bias,db,55,-47.23652795151334,-46.81708269501835,-47.02680532326585,1,0.23841013446100282,0.8,10
bayesfl_observability_v1,ola_sparse_bayesian_keep010_seed42,50,ola,global,,,layers.1.bias,db,56,-46.81708269501835,-46.397637438523354,-46.60736006677085,0,0.0,0.8,10
bayesfl_observability_v1,ola_sparse_bayesian_keep010_seed42,50,ola,global,,,layers.1.bias,db,57,-46.397637438523354,-45.978192182028366,-46.187914810275856,1,0.23841013446100282,0.9,10
bayesfl_observability_v1,ola_sparse_bayesian_keep010_seed42,50,ola,global,,,layers.1.bias,db,58,-45.978192182028366,-45.55874692553337,-45.76846955378087,0,0.0,0.9,10
bayesfl_observability_v1,ola_sparse_bayesian_keep010_seed42,50,ola,global,,,layers.1.bias,db,59,-45.55874692553337,-45.139301669038375,-45.34902429728587,0,0.0,0.9,10
bayesfl_observability_v1,ola_sparse_bayesian_keep010_seed42,50,ola,global,,,layers.1.bias,db,60,-45.139301669038375,-44.71985641254338,-44.92957904079088,0,0.0,0.9,10
bayesfl_observability_v1,ola_sparse_bayesian_keep010_seed42,50,ola,global,,,layers.1.bias,db,61,-44.71985641254338,-44.30041115604838,-44.51013378429588,0,0.0,0.9,10
bayesfl_observability_v1,ola_sparse_bayesian_keep010_seed42,50,ola,global,,,layers.1.bias,db,62,-44.30041115604838,-43.88096589955339,-44.090688527800886,0,0.0,0.9,10
bayesfl_observability_v1,ola_sparse_bayesian_keep010_seed42,50,ola,global,,,layers.1.bias,db,63,-43.88096589955339,-43.4615206430584,-43.6712432713059,0,0.0,0.9,10
bayesfl_observability_v1,ola_sparse_bayesian_keep010_seed42,50,ola,global,,,layers.1.bias,db,64,-43.4615206430584,-43.04207538656341,-43.2517980148109,0,0.0,0.9,10
bayesfl_observability_v1,ola_sparse_bayesian_keep010_seed42,50,ola,global,,,layers.1.bias,db,65,-43.04207538656341,-42.622630130068416,-42.83235275831591,0,0.0,0.9,10
bayesfl_observability_v1,ola_sparse_bayesian_keep010_seed42,50,ola,global,,,layers.1.bias,db,66,-42.622630130068416,-42.20318487357342,-42.41290750182092,0,0.0,0.9,10
bayesfl_observability_v1,ola_sparse_bayesian_keep010_seed42,50,ola,global,,,layers.1.bias,db,67,-42.20318487357342,-41.783739617078425,-41.99346224532592,0,0.0,0.9,10
bayesfl_observability_v1,ola_sparse_bayesian_keep010_seed42,50,ola,global,,,layers.1.bias,db,68,-41.783739617078425,-41.36429436058343,-41.57401698883093,0,0.0,0.9,10
bayesfl_observability_v1,ola_sparse_bayesian_keep010_seed42,50,ola,global,,,layers.1.bias,db,69,-41.36429436058343,-40.94484910408843,-41.15457173233593,0,0.0,0.9,10
bayesfl_observability_v1,ola_sparse_bayesian_keep010_seed42,50,ola,global,,,layers.1.bias,db,70,-40.94484910408843,-40.525403847593445,-40.73512647584094,0,0.0,0.9,10
bayesfl_observability_v1,ola_sparse_bayesian_keep010_seed42,50,ola,global,,,layers.1.bias,db,71,-40.525403847593445,-40.10595859109845,-40.31568121934595,0,0.0,0.9,10
bayesfl_observability_v1,ola_sparse_bayesian_keep010_seed42,50,ola,global,,,layers.1.bias,db,72,-40.10595859109845,-39.68651333460346,-39.89623596285095,0,0.0,0.9,10
bayesfl_observability_v1,ola_sparse_bayesian_keep010_seed42,50,ola,global,,,layers.1.bias,db,73,-39.68651333460346,-39.267068078108466,-39.47679070635596,0,0.0,0.9,10
bayesfl_observability_v1,ola_sparse_bayesian_keep010_seed42,50,ola,global,,,layers.1.bias,db,74,-39.267068078108466,-38.84762282161347,-39.05734544986097,0,0.0,0.9,10
bayesfl_observability_v1,ola_sparse_bayesian_keep010_seed42,50,ola,global,,,layers.1.bias,db,75,-38.84762282161347,-38.428177565118474,-38.63790019336597,0,0.0,0.9,10
bayesfl_observability_v1,ola_sparse_bayesian_keep010_seed42,50,ola,global,,,layers.1.bias,db,76,-38.428177565118474,-38.00873230862348,-38.21845493687098,0,0.0,0.9,10
bayesfl_observability_v1,ola_sparse_bayesian_keep010_seed42,50,ola,global,,,layers.1.bias,db,77,-38.00873230862348,-37.58928705212849,-37.79900968037599,0,0.0,0.9,10
bayesfl_observability_v1,ola_sparse_bayesian_keep010_seed42,50,ola,global,,,layers.1.bias,db,78,-37.58928705212849,-37.169841795633495,-37.37956442388099,0,0.0,0.9,10
bayesfl_observability_v1,ola_sparse_bayesian_keep010_seed42,50,ola,global,,,layers.1.bias,db,79,-37.169841795633495,-36.7503965391385,-36.960119167386,1,0.23841013446099876,1.0,10
bayesfl_observability_v1,ola_sparse_bayesian_keep010_seed42,55,ola,global,,,all,raw,0,9.874687449689848e-09,0.0009219694286826091,0.0004609896516850294,65836,701.6681974129087,0.6469096983393927,101770
bayesfl_observability_v1,ola_sparse_bayesian_keep010_seed42,55,ola,global,,,all,raw,1,0.0009219694286826091,0.0018439289826777685,0.0013829492056801887,29904,318.71143106257404,0.9407487471750025,101770
bayesfl_observability_v1,ola_sparse_bayesian_keep010_seed42,55,ola,global,,,all,raw,2,0.0018439289826777685,0.0027658885366729277,0.0023049087596753483,4714,50.24096060824552,0.9870688808096688,101770
bayesfl_observability_v1,ola_sparse_bayesian_keep010_seed42,55,ola,global,,,all,raw,3,0.0027658885366729277,0.0036878480906680873,0.0032268683136705075,507,5.403514431137138,0.9920507025646065,101770
bayesfl_observability_v1,ola_sparse_bayesian_keep010_seed42,55,ola,global,,,all,raw,4,0.0036878480906680873,0.004609807644663247,0.0041488278676656675,156,1.6626198249652733,0.993583570796895,101770
bayesfl_observability_v1,ola_sparse_bayesian_keep010_seed42,55,ola,global,,,all,raw,5,0.004609807644663247,0.005531767198658406,0.005070787421660826,112,1.1936757717699409,0.9946840915790508,101770
bayesfl_observability_v1,ola_sparse_bayesian_keep010_seed42,55,ola,global,,,all,raw,6,0.005531767198658406,0.006453726752653565,0.005992746975655985,82,0.8739411900458487,0.9954898300088435,101770
bayesfl_observability_v1,ola_sparse_bayesian_keep010_seed42,55,ola,global,,,all,raw,7,0.006453726752653565,0.007375686306648725,0.0069147065296511455,63,0.6714426216205911,0.9961088729488061,101770
bayesfl_observability_v1,ola_sparse_bayesian_keep010_seed42,55,ola,global,,,all,raw,8,0.007375686306648725,0.008297645860643884,0.007836666083646304,57,0.6074957052757735,0.9966689594182961,101770
bayesfl_observability_v1,ola_sparse_bayesian_keep010_seed42,55,ola,global,,,all,raw,9,0.008297645860643884,0.009219605414639044,0.008758625637641463,38,0.4049971368505149,0.9970423503979562,101770
bayesfl_observability_v1,ola_sparse_bayesian_keep010_seed42,55,ola,global,,,all,raw,10,0.009219605414639044,0.010141564968634203,0.009680585191636623,44,0.4689440531953339,0.9974746978480888,101770
bayesfl_observability_v1,ola_sparse_bayesian_keep010_seed42,55,ola,global,,,all,raw,11,0.010141564968634203,0.011063524522629362,0.010602544745631782,35,0.3730236786781065,0.9978186105925125,101770
bayesfl_observability_v1,ola_sparse_bayesian_keep010_seed42,55,ola,global,,,all,raw,12,0.011063524522629362,0.011985484076624522,0.011524504299626943,25,0.26644548477007557,0.9980642625528152,101770
bayesfl_observability_v1,ola_sparse_bayesian_keep010_seed42,55,ola,global,,,all,raw,13,0.011985484076624522,0.01290744363061968,0.012446463853622101,18,0.19184074903445478,0.998241131964233,101770
bayesfl_observability_v1,ola_sparse_bayesian_keep010_seed42,55,ola,global,,,all,raw,14,0.01290744363061968,0.013829403184614841,0.01336842340761726,14,0.14920947147124233,0.9983786970620026,101770
bayesfl_observability_v1,ola_sparse_bayesian_keep010_seed42,55,ola,global,,,all,raw,15,0.013829403184614841,0.01475136273861,0.01429038296161242,12,0.12789383268963653,0.9984966100029479,101770
bayesfl_observability_v1,ola_sparse_bayesian_keep010_seed42,55,ola,global,,,all,raw,16,0.01475136273861,0.01567332229260516,0.01521234251560758,14,0.1492094714712426,0.9986341751007173,101770
bayesfl_observability_v1,ola_sparse_bayesian_keep010_seed42,55,ola,global,,,all,raw,17,0.01567332229260516,0.016595281846600318,0.016134302069602736,9,0.09592037451722739,0.9987226098064262,101770
bayesfl_observability_v1,ola_sparse_bayesian_keep010_seed42,55,ola,global,,,all,raw,18,0.016595281846600318,0.01751724140059548,0.0170562616235979,19,0.20249856842525704,0.9989093052962562,101770
bayesfl_observability_v1,ola_sparse_bayesian_keep010_seed42,55,ola,global,,,all,raw,19,0.01751724140059548,0.01843920095459064,0.01797822117759306,11,0.11723601329883347,0.9990173921587894,101770
bayesfl_observability_v1,ola_sparse_bayesian_keep010_seed42,55,ola,global,,,all,raw,20,0.01843920095459064,0.019361160508585797,0.018900180731588216,17,0.18118292964365174,0.9991844354917953,101770
bayesfl_observability_v1,ola_sparse_bayesian_keep010_seed42,55,ola,global,,,all,raw,21,0.019361160508585797,0.020283120062580956,0.01982214028558338,12,0.12789383268963653,0.9993023484327405,101770
bayesfl_observability_v1,ola_sparse_bayesian_keep010_seed42,55,ola,global,,,all,raw,22,0.020283120062580956,0.021205079616576115,0.020744099839578534,6,0.06394691634481826,0.9993613049032132,101770
bayesfl_observability_v1,ola_sparse_bayesian_keep010_seed42,55,ola,global,,,all,raw,23,0.021205079616576115,0.022127039170571274,0.021666059393573696,1,0.010657819390803043,0.9993711309816252,101770
bayesfl_observability_v1,ola_sparse_bayesian_keep010_seed42,55,ola,global,,,all,raw,24,0.022127039170571274,0.023048998724566436,0.022588018947568855,4,0.042631277563212014,0.9994104352952736,101770
bayesfl_observability_v1,ola_sparse_bayesian_keep010_seed42,55,ola,global,,,all,raw,25,0.023048998724566436,0.023970958278561594,0.023509978501564013,6,0.06394691634481826,0.9994693917657463,101770
bayesfl_observability_v1,ola_sparse_bayesian_keep010_seed42,55,ola,global,,,all,raw,26,0.023970958278561594,0.024892917832556753,0.024431938055559176,1,0.010657819390803043,0.9994792178441584,101770
bayesfl_observability_v1,ola_sparse_bayesian_keep010_seed42,55,ola,global,,,all,raw,27,0.024892917832556753,0.025814877386551912,0.02535389760955433,3,0.03197345817240913,0.9995086960793947,101770
bayesfl_observability_v1,ola_sparse_bayesian_keep010_seed42,55,ola,global,,,all,raw,28,0.025814877386551912,0.02673683694054707,0.026275857163549493,4,0.042631277563212173,0.9995480003930431,101770
bayesfl_observability_v1,ola_sparse_bayesian_keep010_seed42,55,ola,global,,,all,raw,29,0.02673683694054707,0.027658796494542233,0.027197816717544652,1,0.010657819390803003,0.9995578264714552,101770
bayesfl_observability_v1,ola_sparse_bayesian_keep010_seed42,55,ola,global,,,all,raw,30,0.027658796494542233,0.02858075604853739,0.02811977627153981,7,0.0746047357356213,0.99962660902034,101770
bayesfl_observability_v1,ola_sparse_bayesian_keep010_seed42,55,ola,global,,,all,raw,31,0.02858075604853739,0.02950271560253255,0.029041735825534973,1,0.010657819390803043,0.9996364350987521,101770
bayesfl_observability_v1,ola_sparse_bayesian_keep010_seed42,55,ola,global,,,all,raw,32,0.02950271560253255,0.03042467515652771,0.029963695379530128,2,0.021315638781606087,0.9996560872555763,101770
bayesfl_observability_v1,ola_sparse_bayesian_keep010_seed42,55,ola,global,,,all,raw,33,0.03042467515652771,0.03134663471052287,0.03088565493352529,2,0.021315638781606087,0.9996757394124005,101770
bayesfl_observability_v1,ola_sparse_bayesian_keep010_seed42,55,ola,global,,,all,raw,34,0.03134663471052287,0.03226859426451803,0.03180761448752045,2,0.021315638781606007,0.9996953915692247,101770
bayesfl_observability_v1,ola_sparse_bayesian_keep010_seed42,55,ola,global,,,all,raw,35,0.03226859426451803,0.033190553818513185,0.03272957404151561,2,0.021315638781606167,0.9997150437260489,101770
bayesfl_observability_v1,ola_sparse_bayesian_keep010_seed42,55,ola,global,,,all,raw,36,0.033190553818513185,0.03411251337250835,0.03365153359551076,1,0.010657819390803003,0.9997248698044611,101770
bayesfl_observability_v1,ola_sparse_bayesian_keep010_seed42,55,ola,global,,,all,raw,37,0.03411251337250835,0.03503447292650351,0.03457349314950593,2,0.021315638781606007,0.9997445219612853,101770
bayesfl_observability_v1,ola_sparse_bayesian_keep010_seed42,55,ola,global,,,all,raw,38,0.03503447292650351,0.035956432480498665,0.03549545270350109,2,0.021315638781606167,0.9997641741181095,101770
bayesfl_observability_v1,ola_sparse_bayesian_keep010_seed42,55,ola,global,,,all,raw,39,0.035956432480498665,0.03687839203449383,0.03641741225749624,3,0.03197345817240901,0.9997936523533458,101770
bayesfl_observability_v1,ola_sparse_bayesian_keep010_seed42,55,ola,global,,,all,raw,40,0.03687839203449383,0.03780035158848898,0.037339371811491405,0,0.0,0.9997936523533458,101770
bayesfl_observability_v1,ola_sparse_bayesian_keep010_seed42,55,ola,global,,,all,raw,41,0.03780035158848898,0.038722311142484145,0.03826133136548657,1,0.010657819390803003,0.9998034784317579,101770
bayesfl_observability_v1,ola_sparse_bayesian_keep010_seed42,55,ola,global,,,all,raw,42,0.038722311142484145,0.03964427069647931,0.03918329091948172,2,0.021315638781606007,0.9998231305885821,101770
bayesfl_observability_v1,ola_sparse_bayesian_keep010_seed42,55,ola,global,,,all,raw,43,0.03964427069647931,0.04056623025047446,0.040105250473476885,2,0.021315638781606167,0.9998427827454063,101770
bayesfl_observability_v1,ola_sparse_bayesian_keep010_seed42,55,ola,global,,,all,raw,44,0.04056623025047446,0.041488189804469625,0.04102721002747205,1,0.010657819390803003,0.9998526088238184,101770
bayesfl_observability_v1,ola_sparse_bayesian_keep010_seed42,55,ola,global,,,all,raw,45,0.041488189804469625,0.04241014935846478,0.0419491695814672,2,0.021315638781606167,0.9998722609806426,101770
bayesfl_observability_v1,ola_sparse_bayesian_keep010_seed42,55,ola,global,,,all,raw,46,0.04241014935846478,0.04333210891245994,0.04287112913546236,0,0.0,0.9998722609806426,101770
bayesfl_observability_v1,ola_sparse_bayesian_keep010_seed42,55,ola,global,,,all,raw,47,0.04333210891245994,0.0442540684664551,0.04379308868945752,1,0.010657819390803083,0.9998820870590547,101770
bayesfl_observability_v1,ola_sparse_bayesian_keep010_seed42,55,ola,global,,,all,raw,48,0.0442540684664551,0.04517602802045026,0.04471504824345268,0,0.0,0.9998820870590547,101770
bayesfl_observability_v1,ola_sparse_bayesian_keep010_seed42,55,ola,global,,,all,raw,49,0.04517602802045026,0.04609798757444542,0.04563700779744784,0,0.0,0.9998820870590547,101770
bayesfl_observability_v1,ola_sparse_bayesian_keep010_seed42,55,ola,global,,,all,raw,50,0.04609798757444542,0.04701994712844058,0.046558967351443,1,0.010657819390803083,0.9998919131374668,101770
bayesfl_observability_v1,ola_sparse_bayesian_keep010_seed42,55,ola,global,,,all,raw,51,0.04701994712844058,0.04794190668243574,0.04748092690543816,1,0.010657819390803003,0.999901739215879,101770
bayesfl_observability_v1,ola_sparse_bayesian_keep010_seed42,55,ola,global,,,all,raw,52,0.04794190668243574,0.048863866236430895,0.04840288645943332,1,0.010657819390803083,0.999911565294291,101770
bayesfl_observability_v1,ola_sparse_bayesian_keep010_seed42,55,ola,global,,,all,raw,53,0.048863866236430895,0.04978582579042606,0.04932484601342847,1,0.010657819390803003,0.9999213913727032,101770
bayesfl_observability_v1,ola_sparse_bayesian_keep010_seed42,55,ola,global,,,all,raw,54,0.04978582579042606,0.05070778534442122,0.05024680556742364,0,0.0,0.9999213913727032,101770
bayesfl_observability_v1,ola_sparse_bayesian_keep010_seed42,55,ola,global,,,all,raw,55,0.05070778534442122,0.051629744898416374,0.0511687651214188,1,0.010657819390803083,0.9999312174511152,101770
bayesfl_observability_v1,ola_sparse_bayesian_keep010_seed42,55,ola,global,,,all,raw,56,0.051629744898416374,0.052551704452411536,0.05209072467541395,0,0.0,0.9999312174511152,101770
bayesfl_observability_v1,ola_sparse_bayesian_keep010_seed42,55,ola,global,,,all,raw,57,0.052551704452411536,0.05347366400640669,0.053012684229409114,1,0.010657819390803083,0.9999410435295274,101770
bayesfl_observability_v1,ola_sparse_bayesian_keep010_seed42,55,ola,global,,,all,raw,58,0.05347366400640669,0.054395623560401854,0.053934643783404276,0,0.0,0.9999410435295274,101770
bayesfl_observability_v1,ola_sparse_bayesian_keep010_seed42,55,ola,global,,,all,raw,59,0.054395623560401854,0.055317583114397016,0.05485660333739943,1,0.010657819390803003,0.9999508696079394,101770
bayesfl_observability_v1,ola_sparse_bayesian_keep010_seed42,55,ola,global,,,all,raw,60,0.055317583114397016,0.05623954266839217,0.055778562891394594,0,0.0,0.9999508696079394,101770
bayesfl_observability_v1,ola_sparse_bayesian_keep010_seed42,55,ola,global,,,all,raw,61,0.05623954266839217,0.057161502222387334,0.056700522445389756,0,0.0,0.9999508696079394,101770
bayesfl_observability_v1,ola_sparse_bayesian_keep010_seed42,55,ola,global,,,all,raw,62,0.057161502222387334,0.05808346177638249,0.05762248199938491,1,0.010657819390803083,0.9999606956863516,101770
bayesfl_observability_v1,ola_sparse_bayesian_keep010_seed42,55,ola,global,,,all,raw,63,0.05808346177638249,0.05900542133037765,0.05854444155338007,1,0.010657819390803003,0.9999705217647636,101770
bayesfl_observability_v1,ola_sparse_bayesian_keep010_seed42,55,ola,global,,,all,raw,64,0.05900542133037765,0.05992738088437281,0.059466401107375236,1,0.010657819390803003,0.9999803478431758,101770
bayesfl_observability_v1,ola_sparse_bayesian_keep010_seed42,55,ola,global,,,all,raw,65,0.05992738088437281,0.06084934043836797,0.06038836066137039,0,0.0,0.9999803478431758,101770
bayesfl_observability_v1,ola_sparse_bayesian_keep010_seed42,55,ola,global,,,all,raw,66,0.06084934043836797,0.06177129999236313,0.061310320215365546,1,0.010657819390803003,0.9999901739215878,101770
bayesfl_observability_v1,ola_sparse_bayesian_keep010_seed42,55,ola,global,,,all,raw,67,0.06177129999236313,0.0626932595463583,0.062232279769360715,0,0.0,0.9999901739215878,101770
bayesfl_observability_v1,ola_sparse_bayesian_keep010_seed42,55,ola,global,,,all,raw,68,0.0626932595463583,0.06361521910035345,0.06315423932335587,0,0.0,0.9999901739215878,101770
bayesfl_observability_v1,ola_sparse_bayesian_keep010_seed42,55,ola,global,,,all,raw,69,0.06361521910035345,0.06453717865434862,0.06407619887735103,0,0.0,0.9999901739215878,101770
bayesfl_observability_v1,ola_sparse_bayesian_keep010_seed42,55,ola,global,,,all,raw,70,0.06453717865434862,0.06545913820834377,0.0649981584313462,0,0.0,0.9999901739215878,101770
bayesfl_observability_v1,ola_sparse_bayesian_keep010_seed42,55,ola,global,,,all,raw,71,0.06545913820834377,0.06638109776233893,0.06592011798534135,0,0.0,0.9999901739215878,101770
bayesfl_observability_v1,ola_sparse_bayesian_keep010_seed42,55,ola,global,,,all,raw,72,0.06638109776233893,0.0673030573163341,0.06684207753933652,0,0.0,0.9999901739215878,101770
bayesfl_observability_v1,ola_sparse_bayesian_keep010_seed42,55,ola,global,,,all,raw,73,0.0673030573163341,0.06822501687032925,0.06776403709333167,0,0.0,0.9999901739215878,101770
bayesfl_observability_v1,ola_sparse_bayesian_keep010_seed42,55,ola,global,,,all,raw,74,0.06822501687032925,0.06914697642432441,0.06868599664732683,0,0.0,0.9999901739215878,101770
bayesfl_observability_v1,ola_sparse_bayesian_keep010_seed42,55,ola,global,,,all,raw,75,0.06914697642432441,0.07006893597831958,0.06960795620132199,0,0.0,0.9999901739215878,101770
bayesfl_observability_v1,ola_sparse_bayesian_keep010_seed42,55,ola,global,,,all,raw,76,0.07006893597831958,0.07099089553231473,0.07052991575531715,0,0.0,0.9999901739215878,101770
bayesfl_observability_v1,ola_sparse_bayesian_keep010_seed42,55,ola,global,,,all,raw,77,0.07099089553231473,0.07191285508630989,0.07145187530931231,0,0.0,0.9999901739215878,101770
bayesfl_observability_v1,ola_sparse_bayesian_keep010_seed42,55,ola,global,,,all,raw,78,0.07191285508630989,0.07283481464030504,0.07237383486330747,0,0.0,0.9999901739215878,101770
bayesfl_observability_v1,ola_sparse_bayesian_keep010_seed42,55,ola,global,,,all,raw,79,0.07283481464030504,0.07375677419430021,0.07329579441730263,1,0.010657819390802924,1.0,101770
bayesfl_observability_v1,ola_sparse_bayesian_keep010_seed42,55,ola,global,,,all,db,0,-160.1086532654926,-158.3903446211028,-159.24949894329768,2,1.1436919024050153e-05,1.9652156824211458e-05,101770
bayesfl_observability_v1,ola_sparse_bayesian_keep010_seed42,55,ola,global,,,all,db,1,-158.3903446211028,-156.67203597671303,-157.53119029890792,0,0.0,1.9652156824211458e-05,101770
bayesfl_observability_v1,ola_sparse_bayesian_keep010_seed42,55,ola,global,,,all,db,2,-156.67203597671303,-154.95372733232324,-155.81288165451815,0,0.0,1.9652156824211458e-05,101770
bayesfl_observability_v1,ola_sparse_bayesian_keep010_seed42,55,ola,global,,,all,db,3,-154.95372733232324,-153.23541868793345,-154.09457301012833,2,1.1436919024050153e-05,3.9304313648422916e-05,101770
bayesfl_observability_v1,ola_sparse_bayesian_keep010_seed42,55,ola,global,,,all,db,4,-153.23541868793345,-151.51711004354368,-152.37626436573856,0,0.0,3.9304313648422916e-05,101770
bayesfl_observability_v1,ola_sparse_bayesian_keep010_seed42,55,ola,global,,,all,db,5,-151.51711004354368,-149.7988013991539,-150.6579557213488,1,5.7184595120250765e-06,4.913039206052864e-05,101770
bayesfl_observability_v1,ola_sparse_bayesian_keep010_seed42,55,ola,global,,,all,db,6,-149.7988013991539,-148.0804927547641,-148.93964707695898,2,1.1436919024050153e-05,6.87825488847401e-05,101770
bayesfl_observability_v1,ola_sparse_bayesian_keep010_seed42,55,ola,global,,,all,db,7,-148.0804927547641,-146.3621841103743,-147.2213384325692,0,0.0,6.87825488847401e-05,101770
bayesfl_observability_v1,ola_sparse_bayesian_keep010_seed42,55,ola,global,,,all,db,8,-146.3621841103743,-144.64387546598454,-145.50302978817942,0,0.0,6.87825488847401e-05,101770
bayesfl_observability_v1,ola_sparse_bayesian_keep010_seed42,55,ola,global,,,all,db,9,-144.64387546598454,-142.92556682159474,-143.78472114378962,0,0.0,6.87825488847401e-05,101770
bayesfl_observability_v1,ola_sparse_bayesian_keep010_seed42,55,ola,global,,,all,db,10,-142.92556682159474,-141.20725817720495,-142.06641249939986,1,5.7184595120250765e-06,7.860862729684583e-05,101770
bayesfl_observability_v1,ola_sparse_bayesian_keep010_seed42,55,ola,global,,,all,db,11,-141.20725817720495,-139.48894953281518,-140.34810385501007,2,1.1436919024050341e-05,9.826078412105728e-05,101770
bayesfl_observability_v1,ola_sparse_bayesian_keep010_seed42,55,ola,global,,,all,db,12,-139.48894953281518,-137.7706408884254,-138.62979521062027,3,1.7155378536075228e-05,0.00012773901935737446,101770
bayesfl_observability_v1,ola_sparse_bayesian_keep010_seed42,55,ola,global,,,all,db,13,-137.7706408884254,-136.0523322440356,-136.9114865662305,3,1.7155378536075228e-05,0.00015721725459369166,101770
bayesfl_observability_v1,ola_sparse_bayesian_keep010_seed42,55,ola,global,,,all,db,14,-136.0523322440356,-134.33402359964583,-135.19317792184071,2,1.1436919024050341e-05,0.00017686941141790313,101770
bayesfl_observability_v1,ola_sparse_bayesian_keep010_seed42,55,ola,global,,,all,db,15,-134.33402359964583,-132.61571495525604,-133.47486927745092,2,1.1436919024050153e-05,0.00019652156824211456,101770
bayesfl_observability_v1,ola_sparse_bayesian_keep010_seed42,55,ola,global,,,all,db,16,-132.61571495525604,-130.89740631086624,-131.75656063306116,6,3.4310757072150455e-05,0.0002554780387147489,101770
bayesfl_observability_v1,ola_sparse_bayesian_keep010_seed42,55,ola,global,,,all,db,17,-130.89740631086624,-129.17909766647648,-130.03825198867136,6,3.4310757072151025e-05,0.00031443450918738333,101770
bayesfl_observability_v1,ola_sparse_bayesian_keep010_seed42,55,ola,global,,,all,db,18,-129.17909766647648,-127.46078902208669,-128.31994334428157,3,1.7155378536075228e-05,0.0003439127444237005,101770
bayesfl_observability_v1,ola_sparse_bayesian_keep010_seed42,55,ola,global,,,all,db,19,-127.46078902208669,-125.7424803776969,-126.60163469989179,7,4.0029216584175534e-05,0.0004126952933084406,101770
bayesfl_observability_v1,ola_sparse_bayesian_keep010_seed42,55,ola,global,,,all,db,20,-125.7424803776969,-124.02417173330711,-124.88332605550201,12,6.86215141443015e-05,0.0005306082342537093,101770
bayesfl_observability_v1,ola_sparse_bayesian_keep010_seed42,55,ola,global,,,all,db,21,-124.02417173330711,-122.30586308891733,-123.16501741111222,9,5.146613560822612e-05,0.0006190429399626609,101770
bayesfl_observability_v1,ola_sparse_bayesian_keep010_seed42,55,ola,global,,,all,db,22,-122.30586308891733,-120.58755444452754,-121.44670876672244,11,6.290305463227584e-05,0.0007271298024958239,101770
bayesfl_observability_v1,ola_sparse_bayesian_keep010_seed42,55,ola,global,,,all,db,23,-120.58755444452754,-118.86924580013776,-119.72840012233266,8,4.574767609620099e-05,0.0008057384297926697,101770
bayesfl_observability_v1,ola_sparse_bayesian_keep010_seed42,55,ola,global,,,all,db,24,-118.86924580013776,-117.15093715574798,-118.01009147794286,21,0.00012008764975252761,0.00101208607644689,101770
bayesfl_observability_v1,ola_sparse_bayesian_keep010_seed42,55,ola,global,,,all,db,25,-117.15093715574798,-115.43262851135819,-116.29178283355309,19,0.00010865073072847645,0.001198781566276899,101770
bayesfl_observability_v1,ola_sparse_bayesian_keep010_seed42,55,ola,global,,,all,db,26,-115.43262851135819,-113.71431986696841,-114.5734741891633,34,0.00019442762340885422,0.0015328682322884937,101770
bayesfl_observability_v1,ola_sparse_bayesian_keep010_seed42,55,ola,global,,,all,db,27,-113.71431986696841,-111.99601122257863,-112.85516554477351,42,0.00024017529950505522,0.0019455635255969342,101770
bayesfl_observability_v1,ola_sparse_bayesian_keep010_seed42,55,ola,global,,,all,db,28,-111.99601122257863,-110.27770257818884,-111.13685690038373,45,0.00025733067804112846,0.002387737054141692,101770
bayesfl_observability_v1,ola_sparse_bayesian_keep010_seed42,55,ola,global,,,all,db,29,-110.27770257818884,-108.55939393379906,-109.41854825599395,38,0.00021730146145695472,0.0027611280338017095,101770
bayesfl_observability_v1,ola_sparse_bayesian_keep010_seed42,55,ola,global,,,all,db,30,-108.55939393379906,-106.84108528940928,-107.70023961160416,64,0.00036598140876960793,0.0033899970521764763,101770
bayesfl_observability_v1,ola_sparse_bayesian_keep010_seed42,55,ola,global,,,all,db,31,-106.84108528940928,-105.12277664501948,-105.98193096721438,68,0.0003888552468177052,0.004058170384199666,101770
bayesfl_observability_v1,ola_sparse_bayesian_keep010_seed42,55,ola,global,,,all,db,32,-105.12277664501948,-103.40446800062969,-104.26362232282459,87,0.0004975059775461817,0.004913039206052864,101770
bayesfl_observability_v1,ola_sparse_bayesian_keep010_seed42,55,ola,global,,,all,db,33,-103.40446800062969,-101.68615935623991,-102.54531367843481,109,0.0006233120868107385,0.005984081752972389,101770
bayesfl_observability_v1,ola_sparse_bayesian_keep010_seed42,55,ola,global,,,all,db,34,-101.68615935623991,-99.96785071185013,-100.82700503404502,138,0.0007891474126594671,0.007340080573842979,101770
bayesfl_observability_v1,ola_sparse_bayesian_keep010_seed42,55,ola,global,,,all,db,35,-99.96785071185013,-98.24954206746034,-99.10869638965524,161,0.0009206719814360373,0.008922079198192002,101770
bayesfl_observability_v1,ola_sparse_bayesian_keep010_seed42,55,ola,global,,,all,db,36,-98.24954206746034,-96.53123342307056,-97.39038774526546,212,0.0012123134165493263,0.011005207821558416,101770
bayesfl_observability_v1,ola_sparse_bayesian_keep010_seed42,55,ola,global,,,all,db,37,-96.53123342307056,-94.81292477868078,-95.67207910087566,259,0.001481081013614507,0.0135501621302938,101770
bayesfl_observability_v1,ola_sparse_bayesian_keep010_seed42,55,ola,global,,,all,db,38,-94.81292477868078,-93.09461613429099,-93.95377045648588,305,0.0017441301511676483,0.016547116045986045,101770
bayesfl_observability_v1,ola_sparse_bayesian_keep010_seed42,55,ola,global,,,all,db,39,-93.09461613429099,-91.37630748990121,-92.2354618120961,370,0.002115830019449296,0.020182765058465165,101770
bayesfl_observability_v1,ola_sparse_bayesian_keep010_seed42,55,ola,global,,,all,db,40,-91.37630748990121,-89.65799884551143,-90.51715316770631,427,0.002441782211634728,0.024378500540434313,101770
bayesfl_observability_v1,ola_sparse_bayesian_keep010_seed42,55,ola,global,,,all,db,41,-89.65799884551143,-87.93969020112164,-88.79884452331653,499,0.002853511296500513,0.029281713668075072,101770
bayesfl_observability_v1,ola_sparse_bayesian_keep010_seed42,55,ola,global,,,all,db,42,-87.93969020112164,-86.22138155673186,-87.08053587892675,609,0.0034825418428233003,0.03526579542104746,101770
bayesfl_observability_v1,ola_sparse_bayesian_keep010_seed42,55,ola,global,,,all,db,43,-86.22138155673186,-84.50307291234208,-85.36222723453696,746,0.0042659707959707424,0.042596049916478335,101770
bayesfl_observability_v1,ola_sparse_bayesian_keep010_seed42,55,ola,global,,,all,db,44,-84.50307291234208,-82.78476426795228,-83.64391859014718,916,0.00523810891301497,0.05159673774196718,101770
bayesfl_observability_v1,ola_sparse_bayesian_keep010_seed42,55,ola,global,,,all,db,45,-82.78476426795228,-81.0664556235625,-81.9256099457574,1108,0.0063360531393238375,0.06248403262258033,101770
bayesfl_observability_v1,ola_sparse_bayesian_keep010_seed42,55,ola,global,,,all,db,46,-81.0664556235625,-79.34814697917271,-80.20730130136761,1342,0.007674172665137652,0.07567062985162622,101770
bayesfl_observability_v1,ola_sparse_bayesian_keep010_seed42,55,ola,global,,,all,db,47,-79.34814697917271,-77.62983833478293,-78.48899265697781,1684,0.009629885818250309,0.09221774589761227,101770
bayesfl_observability_v1,ola_sparse_bayesian_keep010_seed42,55,ola,global,,,all,db,48,-77.62983833478293,-75.91152969039315,-76.77068401258805,2050,0.011722841999651503,0.112361206642429,101770
bayesfl_observability_v1,ola_sparse_bayesian_keep010_seed42,55,ola,global,,,all,db,49,-75.91152969039315,-74.19322104600336,-75.05237536819826,2503,0.014313304158598767,0.13695588090792965,101770
bayesfl_observability_v1,ola_sparse_bayesian_keep010_seed42,55,ola,global,,,all,db,50,-74.19322104600336,-72.47491240161358,-73.33406672380846,3055,0.017469893809236754,0.16697455045691265,101770
bayesfl_observability_v1,ola_sparse_bayesian_keep010_seed42,55,ola,global,,,all,db,51,-72.47491240161358,-70.75660375722379,-71.61575807941868,3729,0.02132413552034151,0.2036159968556549,101770
bayesfl_observability_v1,ola_sparse_bayesian_keep010_seed42,55,ola,global,,,all,db,52,-70.75660375722379,-69.038295112834,-69.8974494350289,4502,0.025744504723137107,0.2478530018669549,101770
bayesfl_observability_v1,ola_sparse_bayesian_keep010_seed42,55,ola,global,,,all,db,53,-69.038295112834,-67.31998646844423,-68.17914079063911,5615,0.03210915016002107,0.30302643215092856,101770
bayesfl_observability_v1,ola_sparse_bayesian_keep010_seed42,55,ola,global,,,all,db,54,-67.31998646844423,-65.60167782405443,-66.46083214624933,6833,0.03907423384566735,0.370168025940847,101770
bayesfl_observability_v1,ola_sparse_bayesian_keep010_seed42,55,ola,global,,,all,db,55,-65.60167782405443,-63.883369179664655,-64.74252350185955,8218,0.046994300269822466,0.4509187383315319,101770
bayesfl_observability_v1,ola_sparse_bayesian_keep010_seed42,55,ola,global,,,all,db,56,-63.883369179664655,-62.165060535274876,-63.024214857469765,9838,0.05625820467930317,0.5475876977498281,101770
bayesfl_observability_v1,ola_sparse_bayesian_keep010_seed42,55,ola,global,,,all,db,57,-62.165060535274876,-60.44675189088508,-61.30590621307998,12166,0.06957077842329708,0.6671317677115063,101770
bayesfl_observability_v1,ola_sparse_bayesian_keep010_seed42,55,ola,global,,,all,db,58,-60.44675189088508,-58.7284432464953,-59.58759756869019,12979,0.07421988600657409,0.7946644394222266,101770
bayesfl_observability_v1,ola_sparse_bayesian_keep010_seed42,55,ola,global,,,all,db,59,-58.7284432464953,-57.01013460210552,-57.86928892430041,7739,0.04425515816356244,0.8707084602535128,101770
bayesfl_observability_v1,ola_sparse_bayesian_keep010_seed42,55,ola,global,,,all,db,60,-57.01013460210552,-55.29182595771573,-56.15098027991063,5505,0.031480119613698045,0.9248010219121549,101770
bayesfl_observability_v1,ola_sparse_bayesian_keep010_seed42,55,ola,global,,,all,db,61,-55.29182595771573,-53.57351731332595,-54.43267163552084,3900,0.022301992096897982,0.9631227277193672,101770
bayesfl_observability_v1,ola_sparse_bayesian_keep010_seed42,55,ola,global,,,all,db,62,-53.57351731332595,-51.85520866893616,-52.714362991131054,2010,0.011494103619170403,0.9828731453276998,101770
bayesfl_observability_v1,ola_sparse_bayesian_keep010_seed42,55,ola,global,,,all,db,63,-51.85520866893616,-50.13690002454638,-50.99605434674127,733,0.004191630822314416,0.9900756608037732,101770
bayesfl_observability_v1,ola_sparse_bayesian_keep010_seed42,55,ola,global,,,all,db,64,-50.13690002454638,-48.4185913801566,-49.27774570235149,216,0.0012351872545974267,0.992198093740788,101770
bayesfl_observability_v1,ola_sparse_bayesian_keep010_seed42,55,ola,global,,,all,db,65,-48.4185913801566,-46.700282735766805,-47.5594370579617,143,0.0008177397102195859,0.9936032229537192,101770
bayesfl_observability_v1,ola_sparse_bayesian_keep010_seed42,55,ola,global,,,all,db,66,-46.700282735766805,-44.981974091377026,-45.841128413571916,117,0.0006690597629069395,0.9947528741279356,101770
bayesfl_observability_v1,ola_sparse_bayesian_keep010_seed42,55,ola,global,,,all,db,67,-44.981974091377026,-43.26366544698723,-44.12281976918213,104,0.000594719789250608,0.9957747862827946,101770
bayesfl_observability_v1,ola_sparse_bayesian_keep010_seed42,55,ola,global,,,all,db,68,-43.26366544698723,-41.54535680259745,-42.40451112479234,96,0.000548972113154412,0.9967180898103567,101770
bayesfl_observability_v1,ola_sparse_bayesian_keep010_seed42,55,ola,global,,,all,db,69,-41.54535680259745,-39.827048158207674,-40.686202480402564,77,0.00044032138242593454,0.9974746978480888,101770
bayesfl_observability_v1,ola_sparse_bayesian_keep010_seed42,55,ola,global,,,all,db,70,-39.827048158207674,-38.10873951381788,-38.96789383601278,66,0.00037741832779365504,0.9981232190232878,101770
bayesfl_observability_v1,ola_sparse_bayesian_keep010_seed42,55,ola,global,,,all,db,71,-38.10873951381788,-36.3904308694281,-37.24958519162299,45,0.00025733067804113057,0.9985653925518325,101770
bayesfl_observability_v1,ola_sparse_bayesian_keep010_seed42,55,ola,global,,,all,db,72,-36.3904308694281,-34.67212222503832,-35.53127654723321,48,0.000274486056577206,0.9990370443156137,101770
bayesfl_observability_v1,ola_sparse_bayesian_keep010_seed42,55,ola,global,,,all,db,73,-34.67212222503832,-32.95381358064853,-33.812967902843425,37,0.00021158300194492783,0.9994006092168616,101770
bayesfl_observability_v1,ola_sparse_bayesian_keep010_seed42,55,ola,global,,,all,db,74,-32.95381358064853,-31.235504936258735,-32.09465925845363,16,9.149535219240122e-05,0.9995578264714552,101770
bayesfl_observability_v1,ola_sparse_bayesian_keep010_seed42,55,ola,global,,,all,db,75,-31.235504936258735,-29.51719629186897,-30.376350614063853,16,9.149535219240273e-05,0.9997150437260489,101770
bayesfl_observability_v1,ola_sparse_bayesian_keep010_seed42,55,ola,global,,,all,db,76,-29.51719629186897,-27.798887647479177,-28.658041969674073,13,7.4339973656326e-05,0.9998427827454063,101770
bayesfl_observability_v1,ola_sparse_bayesian_keep010_seed42,55,ola,global,,,all,db,77,-27.798887647479177,-26.080579003089383,-26.93973332528428,7,4.0029216584175534e-05,0.999911565294291,101770
bayesfl_observability_v1,ola_sparse_bayesian_keep010_seed42,55,ola,global,,,all,db,78,-26.080579003089383,-24.362270358699618,-25.2214246808945,7,4.00292165841762e-05,0.9999803478431758,101770
bayesfl_observability_v1,ola_sparse_bayesian_keep010_seed42,55,ola,global,,,all,db,79,-24.362270358699618,-22.64396171430983,-23.503116036504725,2,1.14369190240502e-05,1.0,101770
bayesfl_observability_v1,ola_sparse_bayesian_keep010_seed42,55,ola,global,,,layers.0.weight,raw,0,9.874687449689848e-09,6.26408293690619e-05,3.132535202825579e-05,4534,721.3839105580286,0.04518096301020408,100352
bayesfl_observability_v1,ola_sparse_bayesian_keep010_seed42,55,ola,global,,,layers.0.weight,raw,1,6.26408293690619e-05,0.00012527178405067412,9.3956306709868e-05,4399,699.9046807553522,0.08901666135204081,100352
bayesfl_observability_v1,ola_sparse_bayesian_keep010_seed42,55,ola,global,,,layers.0.weight,raw,2,0.00012527178405067412,0.00018790273873228633,0.0001565872613914802,4432,705.1551591515621,0.13318120216836735,100352
bayesfl_observability_v1,ola_sparse_bayesian_keep010_seed42,55,ola,global,,,layers.0.weight,raw,3,0.00018790273873228633,0.0002505336934138985,0.00021921821607309242,4479,712.6331132310127,0.1778140943877551,100352
bayesfl_observability_v1,ola_sparse_bayesian_keep010_seed42,55,ola,global,,,layers.0.weight,raw,4,0.0002505336934138985,0.00031316464809551074,0.0002818491707547046,4470,711.2011645775003,0.22235730229591838,100352
bayesfl_observability_v1,ola_sparse_bayesian_keep010_seed42,55,ola,global,,,layers.0.weight,raw,5,0.00031316464809551074,0.0003757956027771229,0.0003444801254363168,4414,702.2912618445389,0.2663424744897959,100352
bayesfl_observability_v1,ola_sparse_bayesian_keep010_seed42,55,ola,global,,,layers.0.weight,raw,6,0.0003757956027771229,0.0004384265574587351,0.00040711108011792904,4589,730.1347078850451,0.3120715082908163,100352
bayesfl_observability_v1,ola_sparse_bayesian_keep010_seed42,55,ola,global,,,layers.0.weight,raw,7,0.0004384265574587351,0.0005010575121403473,0.0004697420347995412,4510,717.5653808153303,0.3570133131377551,100352
bayesfl_observability_v1,ola_sparse_bayesian_keep010_seed42,55,ola,global,,,layers.0.weight,raw,8,0.0005010575121403473,0.0005636884668219596,0.0005323729894811534,4439,706.2688969931821,0.4012476084183674,100352
bayesfl_observability_v1,ola_sparse_bayesian_keep010_seed42,55,ola,global,,,layers.0.weight,raw,9,0.0005636884668219596,0.0006263194215035718,0.0005950039441627657,4482,713.1104294488493,0.44591039540816324,100352
bayesfl_observability_v1,ola_sparse_bayesian_keep010_seed42,55,ola,global,,,layers.0.weight,raw,10,0.0006263194215035718,0.0006889503761851839,0.0006576348988443779,4434,705.4733699634545,0.49009486607142855,100352
bayesfl_observability_v1,ola_sparse_bayesian_keep010_seed42,55,ola,global,,,layers.0.weight,raw,11,0.0006889503761851839,0.0007515813308667962,0.00072026585352599,4428,704.5187375277789,0.5342195471938775,100352
bayesfl_observability_v1,ola_sparse_bayesian_keep010_seed42,55,ola,global,,,layers.0.weight,raw,12,0.0007515813308667962,0.0008142122855484084,0.0007828968082076023,4372,695.6088347948169,0.5777861926020408,100352
bayesfl_observability_v1,ola_sparse_bayesian_keep010_seed42,55,ola,global,,,layers.0.weight,raw,13,0.0008142122855484084,0.0008768432402300205,0.0008455277628892145,4408,701.3366294088651,0.621711575255102,100352
bayesfl_observability_v1,ola_sparse_bayesian_keep010_seed42,55,ola,global,,,layers.0.weight,raw,14,0.0008768432402300205,0.0009394741949116328,0.0009081587175708266,4556,724.8842294888348,0.6671117665816326,100352
bayesfl_observability_v1,ola_sparse_bayesian_keep010_seed42,55,ola,global,,,layers.0.weight,raw,15,0.0009394741949116328,0.001002105149593245,0.0009707896722524389,4427,704.3596321218331,0.7112264827806123,100352
bayesfl_observability_v1,ola_sparse_bayesian_keep010_seed42,55,ola,global,,,layers.0.weight,raw,16,0.001002105149593245,0.0010647361042748571,0.001033420626934051,4175,664.2650698235053,0.7528300382653061,100352
bayesfl_observability_v1,ola_sparse_bayesian_keep010_seed42,55,ola,global,,,layers.0.weight,raw,17,0.0010647361042748571,0.0011273670589564695,0.0010960515816156634,3590,571.1884073452397,0.7886041135204082,100352
bayesfl_observability_v1,ola_sparse_bayesian_keep010_seed42,55,ola,global,,,layers.0.weight,raw,18,0.0011273670589564695,0.0011899980136380816,0.0011586825362972755,2873,457.1098312821391,0.8172333386479592,100352
bayesfl_observability_v1,ola_sparse_bayesian_keep010_seed42,55,ola,global,,,layers.0.weight,raw,19,0.0011899980136380816,0.001252628968319694,0.0012213134909788877,2172,345.5769417141673,0.8388771524234694,100352
bayesfl_observability_v1,ola_sparse_bayesian_keep010_seed42,55,ola,global,,,layers.0.weight,raw,20,0.001252628968319694,0.001315259923001306,0.0012839444456605,1772,281.9347793358686,0.8565349968112245,100352
bayesfl_observability_v1,ola_sparse_bayesian_keep010_seed42,55,ola,global,,,layers.0.weight,raw,21,0.001315259923001306,0.0013778908776829182,0.0013465754003421121,1551,246.7724846218579,0.8719905931122449,100352
bayesfl_observability_v1,ola_sparse_bayesian_keep010_seed42,55,ola,global,,,layers.0.weight,raw,22,0.0013778908776829182,0.0014405218323645305,0.0014092063550237245,1400,222.7475683240489,0.8859414859693877,100352
bayesfl_observability_v1,ola_sparse_bayesian_keep010_seed42,55,ola,global,,,layers.0.weight,raw,23,0.0014405218323645305,0.0015031527870461427,0.0014718373097053366,1262,200.7910223035362,0.8985172193877551,100352
bayesfl_observability_v1,ola_sparse_bayesian_keep010_seed42,55,ola,global,,,layers.0.weight,raw,24,0.0015031527870461427,0.0015657837417277548,0.0015344682643869487,1147,182.493900619775,0.9099469866071429,100352
bayesfl_observability_v1,ola_sparse_bayesian_keep010_seed42,55,ola,global,,,layers.0.weight,raw,25,0.0015657837417277548,0.0016284146964093671,0.0015970992190685609,1045,166.26514921330792,0.9203603316326531,100352
bayesfl_observability_v1,ola_sparse_bayesian_keep010_seed42,55,ola,global,,,layers.0.weight,raw,26,0.0016284146964093671,0.0016910456510909793,0.0016597301737501732,969,154.17313836143154,0.9300163424744898,100352
bayesfl_observability_v1,ola_sparse_bayesian_keep010_seed42,55,ola,global,,,layers.0.weight,raw,27,0.0016910456510909793,0.0017536766057725914,0.0017223611284317853,872,138.7399139846938,0.9387057557397959,100352
bayesfl_observability_v1,ola_sparse_bayesian_keep010_seed42,55,ola,global,,,layers.0.weight,raw,28,0.0017536766057725914,0.0018163075604542037,0.0017849920831133977,805,128.0798517863281,0.9467275191326531,100352
bayesfl_observability_v1,ola_sparse_bayesian_keep010_seed42,55,ola,global,,,layers.0.weight,raw,29,0.0018163075604542037,0.0018789385151358159,0.0018476230377950098,701,111.5328895679706,0.9537129304846939,100352
bayesfl_observability_v1,ola_sparse_bayesian_keep010_seed42,55,ola,global,,,layers.0.weight,raw,30,0.0018789385151358159,0.0019415694698174282,0.001910253992476622,639,101.66835439933375,0.9600805165816326,100352
bayesfl_observability_v1,ola_sparse_bayesian_keep010_seed42,55,ola,global,,,layers.0.weight,raw,31,0.0019415694698174282,0.0020042004244990403,0.001972884947158234,580,92.28113544853487,0.9658601721938775,100352
bayesfl_observability_v1,ola_sparse_bayesian_keep010_seed42,55,ola,global,,,layers.0.weight,raw,32,0.0020042004244990403,0.0020668313791806525,0.0020355159018398466,440,70.00637861612991,0.9702447385204082,100352
bayesfl_observability_v1,ola_sparse_bayesian_keep010_seed42,55,ola,global,,,layers.0.weight,raw,33,0.0020668313791806525,0.0021294623338622646,0.0020981468565214583,459,73.02938132909915,0.9748186383928571,100352
bayesfl_observability_v1,ola_sparse_bayesian_keep010_seed42,55,ola,global,,,layers.0.weight,raw,34,0.0021294623338622646,0.002192093288543877,0.002160777811203071,385,61.25558128911324,0.9786551339285714,100352
bayesfl_observability_v1,ola_sparse_bayesian_keep010_seed42,55,ola,global,,,layers.0.weight,raw,35,0.002192093288543877,0.0022547242432254893,0.0022234087658846834,320,50.91372990263993,0.9818439094387755,100352
bayesfl_observability_v1,ola_sparse_bayesian_keep010_seed42,55,ola,global,,,layers.0.weight,raw,36,0.0022547242432254893,0.0023173551979071014,0.002286039720566295,279,44.39040825886419,0.9846241230867347,100352
bayesfl_observability_v1,ola_sparse_bayesian_keep010_seed42,55,ola,global,,,layers.0.weight,raw,37,0.0023173551979071014,0.0023799861525887135,0.0023486706752479077,229,36.4351379615767,0.9869060905612245,100352
bayesfl_observability_v1,ola_sparse_bayesian_keep010_seed42,55,ola,global,,,layers.0.weight,raw,38,0.0023799861525887135,0.0024426171072703257,0.0024113016299295194,196,31.184659565366957,0.9888592155612245,100352
bayesfl_observability_v1,ola_sparse_bayesian_keep010_seed42,55,ola,global,,,layers.0.weight,raw,39,0.0024426171072703257,0.0025052480619519382,0.002473932584611132,181,28.79807847618051,0.9906628667091837,100352
bayesfl_observability_v1,ola_sparse_bayesian_keep010_seed42,55,ola,global,,,layers.0.weight,raw,40,0.0025052480619519382,0.0025678790166335503,0.0025365635392927445,137,21.79744061456772,0.9920280612244898,100352
bayesfl_observability_v1,ola_sparse_bayesian_keep010_seed42,55,ola,global,,,layers.0.weight,raw,41,0.0025678790166335503,0.0026305099713151625,0.002599194493974356,144,22.91117845618797,0.9934630102040817,100352
bayesfl_observability_v1,ola_sparse_bayesian_keep010_seed42,55,ola,global,,,layers.0.weight,raw,42,0.0026305099713151625,0.0026931409259967746,0.0026618254486559688,116,18.456227089706974,0.9946189413265306,100352
bayesfl_observability_v1,ola_sparse_bayesian_keep010_seed42,55,ola,global,,,layers.0.weight,raw,43,0.0026931409259967746,0.0027557718806783867,0.0027244564033375804,91,14.47859194106323,0.9955257493622449,100352
bayesfl_observability_v1,ola_sparse_bayesian_keep010_seed42,55,ola,global,,,layers.0.weight,raw,44,0.0027557718806783867,0.002818402835359999,0.002787087358019193,78,12.410221663768484,0.9963030133928571,100352
bayesfl_observability_v1,ola_sparse_bayesian_keep010_seed42,55,ola,global,,,layers.0.weight,raw,45,0.002818402835359999,0.0028810337900416114,0.002849718312700805,50,7.955270297287434,0.9968012595663265,100352
bayesfl_observability_v1,ola_sparse_bayesian_keep010_seed42,55,ola,global,,,layers.0.weight,raw,46,0.0028810337900416114,0.0029436647447232235,0.0029123492673824173,42,6.682427049721491,0.9972197863520408,100352
bayesfl_observability_v1,ola_sparse_bayesian_keep010_seed42,55,ola,global,,,layers.0.weight,raw,47,0.0029436647447232235,0.0030062956994048357,0.00297498022206403,39,6.205110831884242,0.9976084183673469,100352
bayesfl_observability_v1,ola_sparse_bayesian_keep010_seed42,55,ola,global,,,layers.0.weight,raw,48,0.0030062956994048357,0.003068926654086448,0.0030376111767456415,38,6.046005425938492,0.9979870854591837,100352
bayesfl_observability_v1,ola_sparse_bayesian_keep010_seed42,55,ola,global,,,layers.0.weight,raw,49,0.003068926654086448,0.00313155760876806,0.003100242131427254,34,5.409583802155493,0.9983258928571429,100352
bayesfl_observability_v1,ola_sparse_bayesian_keep010_seed42,55,ola,global,,,layers.0.weight,raw,50,0.00313155760876806,0.0031941885634496725,0.003162873086108866,24,3.8185297426979683,0.9985650510204082,100352
bayesfl_observability_v1,ola_sparse_bayesian_keep010_seed42,55,ola,global,,,layers.0.weight,raw,51,0.0031941885634496725,0.0032568195181312846,0.0032255040407904783,19,3.023002712969246,0.9987543845663265,100352
bayesfl_observability_v1,ola_sparse_bayesian_keep010_seed42,55,ola,global,,,layers.0.weight,raw,52,0.0032568195181312846,0.0033194504728128967,0.003288134995472091,17,2.7047919010777464,0.9989237882653061,100352
bayesfl_observability_v1,ola_sparse_bayesian_keep010_seed42,55,ola,global,,,layers.0.weight,raw,53,0.0033194504728128967,0.003382081427494509,0.0033507659501537026,12,1.9092648713489973,0.9990433673469388,100352
bayesfl_observability_v1,ola_sparse_bayesian_keep010_seed42,55,ola,global,,,layers.0.weight,raw,54,0.003382081427494509,0.003444712382176121,0.003413396904835315,18,2.863897307023496,0.9992227359693877,100352
bayesfl_observability_v1,ola_sparse_bayesian_keep010_seed42,55,ola,global,,,layers.0.weight,raw,55,0.003444712382176121,0.003507343336857733,0.003476027859516927,10,1.5910540594574978,0.9993223852040817,100352
bayesfl_observability_v1,ola_sparse_bayesian_keep010_seed42,55,ola,global,,,layers.0.weight,raw,56,0.003507343336857733,0.0035699742915393457,0.0035386588141985394,9,1.431948653511738,0.9994120695153061,100352
bayesfl_observability_v1,ola_sparse_bayesian_keep010_seed42,55,ola,global,,,layers.0.weight,raw,57,0.0035699742915393457,0.003632605246220958,0.003601289768880152,5,0.7955270297287489,0.9994618941326531,100352
bayesfl_observability_v1,ola_sparse_bayesian_keep010_seed42,55,ola,global,,,layers.0.weight,raw,58,0.003632605246220958,0.00369523620090257,0.0036639207235617637,7,1.1137378416202484,0.9995316485969388,100352
bayesfl_observability_v1,ola_sparse_bayesian_keep010_seed42,55,ola,global,,,layers.0.weight,raw,59,0.00369523620090257,0.003757867155584182,0.003726551678243376,3,0.4773162178372493,0.9995615433673469,100352
bayesfl_observability_v1,ola_sparse_bayesian_keep010_seed42,55,ola,global,,,layers.0.weight,raw,60,0.003757867155584182,0.003820498110265794,0.003789182632924988,3,0.4773162178372493,0.9995914381377551,100352
bayesfl_observability_v1,ola_sparse_bayesian_keep010_seed42,55,ola,global,,,layers.0.weight,raw,61,0.003820498110265794,0.0038831290649474067,0.0038518135876066005,5,0.7955270297287433,0.999641262755102,100352
bayesfl_observability_v1,ola_sparse_bayesian_keep010_seed42,55,ola,global,,,layers.0.weight,raw,62,0.0038831290649474067,0.0039457600196290184,0.003914444542288212,7,1.1137378416202561,0.9997110172193877,100352
bayesfl_observability_v1,ola_sparse_bayesian_keep010_seed42,55,ola,global,,,layers.0.weight,raw,63,0.0039457600196290184,0.004008390974310631,0.003977075496969825,9,1.431948653511738,0.9998007015306123,100352
bayesfl_observability_v1,ola_sparse_bayesian_keep010_seed42,55,ola,global,,,layers.0.weight,raw,64,0.004008390974310631,0.0040710219289922436,0.004039706451651437,2,0.31821081189149736,0.9998206313775511,100352
bayesfl_observability_v1,ola_sparse_bayesian_keep010_seed42,55,ola,global,,,layers.0.weight,raw,65,0.0040710219289922436,0.004133652883673855,0.00410233740633305,5,0.7955270297287544,0.999870455994898,100352
bayesfl_observability_v1,ola_sparse_bayesian_keep010_seed42,55,ola,global,,,layers.0.weight,raw,66,0.004133652883673855,0.004196283838355468,0.0041649683610146615,0,0.0,0.999870455994898,100352
bayesfl_observability_v1,ola_sparse_bayesian_keep010_seed42,55,ola,global,,,layers.0.weight,raw,67,0.004196283838355468,0.0042589147930370795,0.004227599315696273,1,0.15910540594575087,0.9998804209183674,100352
bayesfl_observability_v1,ola_sparse_bayesian_keep010_seed42,55,ola,global,,,layers.0.weight,raw,68,0.0042589147930370795,0.004321545747718692,0.004290230270377886,4,0.6364216237829947,0.9999202806122449,100352
bayesfl_observability_v1,ola_sparse_bayesian_keep010_seed42,55,ola,global,,,layers.0.weight,raw,69,0.004321545747718692,0.004384176702400305,0.004352861225059498,0,0.0,0.9999202806122449,100352
bayesfl_observability_v1,ola_sparse_bayesian_keep010_seed42,55,ola,global,,,layers.0.weight,raw,70,0.004384176702400305,0.004446807657081916,0.004415492179741111,2,0.31821081189150174,0.9999402104591837,100352
bayesfl_observability_v1,ola_sparse_bayesian_keep010_seed42,55,ola,global,,,layers.0.weight,raw,71,0.004446807657081916,0.004509438611763529,0.004478123134422723,2,0.31821081189149736,0.9999601403061225,100352
bayesfl_observability_v1,ola_sparse_bayesian_keep010_seed42,55,ola,global,,,layers.0.weight,raw,72,0.004509438611763529,0.004572069566445141,0.004540754089104334,0,0.0,0.9999601403061225,100352
bayesfl_observability_v1,ola_sparse_bayesian_keep010_seed42,55,ola,global,,,layers.0.weight,raw,73,0.004572069566445141,0.004634700521126753,0.004603385043785947,1,0.15910540594574868,0.9999701052295918,100352
bayesfl_observability_v1,ola_sparse_bayesian_keep010_seed42,55,ola,global,,,layers.0.weight,raw,74,0.004634700521126753,0.004697331475808366,0.004666015998467559,0,0.0,0.9999701052295918,100352
bayesfl_observability_v1,ola_sparse_bayesian_keep010_seed42,55,ola,global,,,layers.0.weight,raw,75,0.004697331475808366,0.004759962430489977,0.004728646953149172,0,0.0,0.9999701052295918,100352
bayesfl_observability_v1,ola_sparse_bayesian_keep010_seed42,55,ola,global,,,layers.0.weight,raw,76,0.004759962430489977,0.00482259338517159,0.004791277907830784,1,0.15910540594574868,0.9999800701530612,100352
bayesfl_observability_v1,ola_sparse_bayesian_keep010_seed42,55,ola,global,,,layers.0.weight,raw,77,0.00482259338517159,0.004885224339853202,0.004853908862512395,0,0.0,0.9999800701530612,100352
bayesfl_observability_v1,ola_sparse_bayesian_keep010_seed42,55,ola,global,,,layers.0.weight,raw,78,0.004885224339853202,0.004947855294534814,0.004916539817194008,0,0.0,0.9999800701530612,100352
bayesfl_observability_v1,ola_sparse_bayesian_keep010_seed42,55,ola,global,,,layers.0.weight,raw,79,0.004947855294534814,0.005010486249216427,0.0049791707718756205,2,0.31821081189149736,1.0,100352
bayesfl_observability_v1,ola_sparse_bayesian_keep010_seed42,55,ola,global,,,layers.0.weight,db,0,-160.1086532654926,-158.6823251310046,-159.39548919824858,2,1.3972834480986916e-05,1.992984693877551e-05,100352
bayesfl_observability_v1,ola_sparse_bayesian_keep010_seed42,55,ola,global,,,layers.0.weight,db,1,-158.6823251310046,-157.25599699651661,-157.96916106376062,0,0.0,1.992984693877551e-05,100352
bayesfl_observability_v1,ola_sparse_bayesian_keep010_seed42,55,ola,global,,,layers.0.weight,db,2,-157.25599699651661,-155.82966886202863,-156.5428329292726,0,0.0,1.992984693877551e-05,100352
bayesfl_observability_v1,ola_sparse_bayesian_keep010_seed42,55,ola,global,,,layers.0.weight,db,3,-155.82966886202863,-154.40334072754064,-155.11650479478465,0,0.0,1.992984693877551e-05,100352
bayesfl_observability_v1,ola_sparse_bayesian_keep010_seed42,55,ola,global,,,layers.0.weight,db,4,-154.40334072754064,-152.97701259305262,-153.69017666029663,2,1.3972834480986638e-05,3.985969387755102e-05,100352
bayesfl_observability_v1,ola_sparse_bayesian_keep010_seed42,55,ola,global,,,layers.0.weight,db,5,-152.97701259305262,-151.55068445856463,-152.2638485258086,0,0.0,3.985969387755102e-05,100352
bayesfl_observability_v1,ola_sparse_bayesian_keep010_seed42,55,ola,global,,,layers.0.weight,db,6,-151.55068445856463,-150.12435632407664,-150.83752039132065,1,6.986417240493458e-06,4.982461734693878e-05,100352
bayesfl_observability_v1,ola_sparse_bayesian_keep010_seed42,55,ola,global,,,layers.0.weight,db,7,-150.12435632407664,-148.69802818958865,-149.41119225683263,0,0.0,4.982461734693878e-05,100352
bayesfl_observability_v1,ola_sparse_bayesian_keep010_seed42,55,ola,global,,,layers.0.weight,db,8,-148.69802818958865,-147.27170005510067,-147.98486412234467,2,1.3972834480986916e-05,6.975446428571428e-05,100352
bayesfl_observability_v1,ola_sparse_bayesian_keep010_seed42,55,ola,global,,,layers.0.weight,db,9,-147.27170005510067,-145.84537192061268,-146.55853598785666,0,0.0,6.975446428571428e-05,100352
bayesfl_observability_v1,ola_sparse_bayesian_keep010_seed42,55,ola,global,,,layers.0.weight,db,10,-145.84537192061268,-144.4190437861247,-145.1322078533687,0,0.0,6.975446428571428e-05,100352
bayesfl_observability_v1,ola_sparse_bayesian_keep010_seed42,55,ola,global,,,layers.0.weight,db,11,-144.4190437861247,-142.9927156516367,-143.70587971888068,0,0.0,6.975446428571428e-05,100352
bayesfl_observability_v1,ola_sparse_bayesian_keep010_seed42,55,ola,global,,,layers.0.weight,db,12,-142.9927156516367,-141.5663875171487,-142.27955158439272,1,6.986417240493458e-06,7.971938775510203e-05,100352
bayesfl_observability_v1,ola_sparse_bayesian_keep010_seed42,55,ola,global,,,layers.0.weight,db,13,-141.5663875171487,-140.14005938266072,-140.8532234499047,1,6.986417240493458e-06,8.96843112244898e-05,100352
bayesfl_observability_v1,ola_sparse_bayesian_keep010_seed42,55,ola,global,,,layers.0.weight,db,14,-140.14005938266072,-138.71373124817273,-139.42689531541674,3,2.0959251721480374e-05,0.00011957908163265306,100352
bayesfl_observability_v1,ola_sparse_bayesian_keep010_seed42,55,ola,global,,,layers.0.weight,db,15,-138.71373124817273,-137.28740311368472,-138.00056718092873,2,1.3972834480986638e-05,0.00013950892857142856,100352
bayesfl_observability_v1,ola_sparse_bayesian_keep010_seed42,55,ola,global,,,layers.0.weight,db,16,-137.28740311368472,-135.86107497919673,-136.5742390464407,2,1.3972834480986916e-05,0.00015943877551020407,100352
bayesfl_observability_v1,ola_sparse_bayesian_keep010_seed42,55,ola,global,,,layers.0.weight,db,17,-135.86107497919673,-134.43474684470874,-135.14791091195275,2,1.3972834480986916e-05,0.0001793686224489796,100352
bayesfl_observability_v1,ola_sparse_bayesian_keep010_seed42,55,ola,global,,,layers.0.weight,db,18,-134.43474684470874,-133.00841871022075,-133.72158277746473,2,1.3972834480986916e-05,0.0001992984693877551,100352
bayesfl_observability_v1,ola_sparse_bayesian_keep010_seed42,55,ola,global,,,layers.0.weight,db,19,-133.00841871022075,-131.58209057573276,-132.29525464297677,5,3.4932086202467294e-05,0.0002491230867346939,100352
bayesfl_observability_v1,ola_sparse_bayesian_keep010_seed42,55,ola,global,,,layers.0.weight,db,20,-131.58209057573276,-130.15576244124478,-130.86892650848876,6,4.191850344296075e-05,0.0003089126275510204,100352
bayesfl_observability_v1,ola_sparse_bayesian_keep010_seed42,55,ola,global,,,layers.0.weight,db,21,-130.15576244124478,-128.7294343067568,-129.4425983740008,1,6.986417240493458e-06,0.00031887755102040814,100352
bayesfl_observability_v1,ola_sparse_bayesian_keep010_seed42,55,ola,global,,,layers.0.weight,db,22,-128.7294343067568,-127.3031061722688,-128.01627023951278,4,2.7945668961973832e-05,0.0003587372448979592,100352
bayesfl_observability_v1,ola_sparse_bayesian_keep010_seed42,55,ola,global,,,layers.0.weight,db,23,-127.3031061722688,-125.8767780377808,-126.58994210502479,5,3.493208620246694e-05,0.000408561862244898,100352
bayesfl_observability_v1,ola_sparse_bayesian_keep010_seed42,55,ola,global,,,layers.0.weight,db,24,-125.8767780377808,-124.4504499032928,-125.1636139705368,10,6.986417240493459e-05,0.0005082110969387755,100352
bayesfl_observability_v1,ola_sparse_bayesian_keep010_seed42,55,ola,global,,,layers.0.weight,db,25,-124.4504499032928,-123.0241217688048,-123.73728583604881,8,5.589133792394711e-05,0.0005879304846938776,100352
bayesfl_observability_v1,ola_sparse_bayesian_keep010_seed42,55,ola,global,,,layers.0.weight,db,26,-123.0241217688048,-121.59779363431682,-122.31095770156081,10,6.986417240493459e-05,0.0006875797193877551,100352
bayesfl_observability_v1,ola_sparse_bayesian_keep010_seed42,55,ola,global,,,layers.0.weight,db,27,-121.59779363431682,-120.17146549982883,-120.88462956707282,7,4.890492068345421e-05,0.0007573341836734694,100352
bayesfl_observability_v1,ola_sparse_bayesian_keep010_seed42,55,ola,global,,,layers.0.weight,db,28,-120.17146549982883,-118.74513736534084,-119.45830143258483,8,5.5891337923947665e-05,0.0008370535714285714,100352
bayesfl_observability_v1,ola_sparse_bayesian_keep010_seed42,55,ola,global,,,layers.0.weight,db,29,-118.74513736534084,-117.31880923085285,-118.03197329809684,15,0.00010479625860740187,0.0009865274234693877,100352
bayesfl_observability_v1,ola_sparse_bayesian_keep010_seed42,55,ola,global,,,layers.0.weight,db,30,-117.31880923085285,-115.89248109636486,-116.60564516360886,17,0.00011876909308838879,0.0011559311224489796,100352
bayesfl_observability_v1,ola_sparse_bayesian_keep010_seed42,55,ola,global,,,layers.0.weight,db,31,-115.89248109636486,-114.46615296187687,-115.17931702912087,25,0.00017466043101233646,0.0014050542091836734,100352
bayesfl_observability_v1,ola_sparse_bayesian_keep010_seed42,55,ola,global,,,layers.0.weight,db,32,-114.46615296187687,-113.03982482738888,-113.75298889463288,26,0.00018164684825282992,0.001664142219387755,100352
bayesfl_observability_v1,ola_sparse_bayesian_keep010_seed42,55,ola,global,,,layers.0.weight,db,33,-113.03982482738888,-111.61349669290088,-112.32666076014488,38,0.00026548385513874877,0.00204280931122449,100352
bayesfl_observability_v1,ola_sparse_bayesian_keep010_seed42,55,ola,global,,,layers.0.weight,db,34,-111.61349669290088,-110.18716855841289,-110.90033262565689,39,0.0002724702723792449,0.0024314413265306123,100352
bayesfl_observability_v1,ola_sparse_bayesian_keep010_seed42,55,ola,global,,,layers.0.weight,db,35,-110.18716855841289,-108.76084042392489,-109.4740044911689,25,0.00017466043101233472,0.002680564413265306,100352
bayesfl_observability_v1,ola_sparse_bayesian_keep010_seed42,55,ola,global,,,layers.0.weight,db,36,-108.76084042392489,-107.3345122894369,-108.0476763566809,53,0.0003702801137461533,0.003208705357142857,100352
bayesfl_observability_v1,ola_sparse_bayesian_keep010_seed42,55,ola,global,,,layers.0.weight,db,37,-107.3345122894369,-105.90818415494891,-106.6213482221929,54,0.00037726653098664676,0.0037468112244897957,100352
bayesfl_observability_v1,ola_sparse_bayesian_keep010_seed42,55,ola,global,,,layers.0.weight,db,38,-105.90818415494891,-104.48185602046092,-105.19502008770492,66,0.00046110353787256824,0.004404496173469388,100352
bayesfl_observability_v1,ola_sparse_bayesian_keep010_seed42,55,ola,global,,,layers.0.weight,db,39,-104.48185602046092,-103.05552788597294,-103.76869195321693,77,0.0005379541275179963,0.005171795280612245,100352
bayesfl_observability_v1,ola_sparse_bayesian_keep010_seed42,55,ola,global,,,layers.0.weight,db,40,-103.05552788597294,-101.62919975148495,-102.34236381872894,87,0.0006078182999229309,0.00603874362244898,100352
bayesfl_observability_v1,ola_sparse_bayesian_keep010_seed42,55,ola,global,,,layers.0.weight,db,41,-101.62919975148495,-100.20287161699696,-100.91603568424095,120,0.0008383700688592149,0.00723453443877551,100352
bayesfl_observability_v1,ola_sparse_bayesian_keep010_seed42,55,ola,global,,,layers.0.weight,db,42,-100.20287161699696,-98.77654348250897,-99.48970754975296,119,0.0008313836516187215,0.008420360331632654,100352
bayesfl_observability_v1,ola_sparse_bayesian_keep010_seed42,55,ola,global,,,layers.0.weight,db,43,-98.77654348250897,-97.35021534802097,-98.06337941526496,158,0.0011038539239979553,0.009994818239795918,100352
bayesfl_observability_v1,ola_sparse_bayesian_keep010_seed42,55,ola,global,,,layers.0.weight,db,44,-97.35021534802097,-95.92388721353298,-96.63705128077697,207,0.0014461883687821458,0.012057557397959183,100352
bayesfl_observability_v1,ola_sparse_bayesian_keep010_seed42,55,ola,global,,,layers.0.weight,db,45,-95.92388721353298,-94.49755907904499,-95.21072314628898,208,0.0014531747860226393,0.014130261479591837,100352
bayesfl_observability_v1,ola_sparse_bayesian_keep010_seed42,55,ola,global,,,layers.0.weight,db,46,-94.49755907904499,-93.07123094455699,-93.784395011801,260,0.0018164684825282811,0.016721141581632654,100352
bayesfl_observability_v1,ola_sparse_bayesian_keep010_seed42,55,ola,global,,,layers.0.weight,db,47,-93.07123094455699,-91.644902810069,-92.358066877313,301,0.002102911589388531,0.019720583545918366,100352
bayesfl_observability_v1,ola_sparse_bayesian_keep010_seed42,55,ola,global,,,layers.0.weight,db,48,-91.644902810069,-90.21857467558101,-90.931738742825,342,0.002389354696248763,0.02312858737244898,100352
bayesfl_observability_v1,ola_sparse_bayesian_keep010_seed42,55,ola,global,,,layers.0.weight,db,49,-90.21857467558101,-88.79224654109302,-89.50541060833702,379,0.0026478521341470208,0.026905293367346938,100352
bayesfl_observability_v1,ola_sparse_bayesian_keep010_seed42,55,ola,global,,,layers.0.weight,db,50,-88.79224654109302,-87.36591840660503,-88.07908247384903,446,0.0031159420892600824,0.031349649234693876,100352
bayesfl_observability_v1,ola_sparse_bayesian_keep010_seed42,55,ola,global,,,layers.0.weight,db,51,-87.36591840660503,-85.93959027211703,-86.65275433936102,556,0.003884447985714324,0.03689014668367347,100352
bayesfl_observability_v1,ola_sparse_bayesian_keep010_seed42,55,ola,global,,,layers.0.weight,db,52,-85.93959027211703,-84.51326213762904,-85.22642620487304,612,0.004275687351181996,0.04298867984693878,100352
bayesfl_observability_v1,ola_sparse_bayesian_keep010_seed42,55,ola,global,,,layers.0.weight,db,53,-84.51326213762904,-83.08693400314105,-83.80009807038505,733,0.0051210438372817045,0.05029296875,100352
bayesfl_observability_v1,ola_sparse_bayesian_keep010_seed42,55,ola,global,,,layers.0.weight,db,54,-83.08693400314105,-81.66060586865306,-82.37376993589706,869,0.006071196581988815,0.05895248724489796,100352
bayesfl_observability_v1,ola_sparse_bayesian_keep010_seed42,55,ola,global,,,layers.0.weight,db,55,-81.66060586865306,-80.23427773416508,-80.94744180140907,1042,0.0072798467645941835,0.0693359375,100352
bayesfl_observability_v1,ola_sparse_bayesian_keep010_seed42,55,ola,global,,,layers.0.weight,db,56,-80.23427773416508,-78.80794959967707,-79.52111366692108,1197,0.008362741436870587,0.08126395089285714,100352
bayesfl_observability_v1,ola_sparse_bayesian_keep010_seed42,55,ola,global,,,layers.0.weight,db,57,-78.80794959967707,-77.38162146518908,-78.09478553243308,1457,0.010179209919398968,0.0957828443877551,100352
bayesfl_observability_v1,ola_sparse_bayesian_keep010_seed42,55,ola,global,,,layers.0.weight,db,58,-77.38162146518908,-75.9552933307011,-76.66845739794509,1717,0.011995678401927268,0.11289261798469388,100352
bayesfl_observability_v1,ola_sparse_bayesian_keep010_seed42,55,ola,global,,,layers.0.weight,db,59,-75.9552933307011,-74.52896519621311,-75.2421292634571,2030,0.01418242699820172,0.13312141262755103,100352
bayesfl_observability_v1,ola_sparse_bayesian_keep010_seed42,55,ola,global,,,layers.0.weight,db,60,-74.52896519621311,-73.10263706172512,-73.81580112896911,2384,0.016655618701336403,0.15687779017857142,100352
bayesfl_observability_v1,ola_sparse_bayesian_keep010_seed42,55,ola,global,,,layers.0.weight,db,61,-73.10263706172512,-71.67630892723712,-72.38947299448111,2834,0.019799506459558264,0.1851183832908163,100352
bayesfl_observability_v1,ola_sparse_bayesian_keep010_seed42,55,ola,global,,,layers.0.weight,db,62,-71.67630892723712,-70.24998079274913,-70.96314485999312,3314,0.023152986734995322,0.21814213966836735,100352
bayesfl_observability_v1,ola_sparse_bayesian_keep010_seed42,55,ola,global,,,layers.0.weight,db,63,-70.24998079274913,-68.82365265826114,-69.53681672550513,3851,0.026904692793140308,0.2565170599489796,100352
bayesfl_observability_v1,ola_sparse_bayesian_keep010_seed42,55,ola,global,,,layers.0.weight,db,64,-68.82365265826114,-67.39732452377315,-68.11048859101714,4716,0.032947943706167146,0.30351163903061223,100352
bayesfl_observability_v1,ola_sparse_bayesian_keep010_seed42,55,ola,global,,,layers.0.weight,db,65,-67.39732452377315,-65.97099638928516,-66.68416045652916,5490,0.03835543065030909,0.358219068877551,100352
bayesfl_observability_v1,ola_sparse_bayesian_keep010_seed42,55,ola,global,,,layers.0.weight,db,66,-65.97099638928516,-64.54466825479716,-65.25783232204117,6395,0.04467813825295522,0.4219447544642857,100352
bayesfl_observability_v1,ola_sparse_bayesian_keep010_seed42,55,ola,global,,,layers.0.weight,db,67,-64.54466825479716,-63.11834012030917,-63.831504187553165,7510,0.05246799347610587,0.49678132971938777,100352
bayesfl_observability_v1,ola_sparse_bayesian_keep010_seed42,55,ola,global,,,layers.0.weight,db,68,-63.11834012030917,-61.69201198582118,-62.405176053065176,8786,0.06138266187497552,0.5843331473214286,100352
bayesfl_observability_v1,ola_sparse_bayesian_keep010_seed42,55,ola,global,,,layers.0.weight,db,69,-61.69201198582118,-60.26568385133319,-60.97884791857719,10456,0.0730499786665996,0.6885263871173469,100352
bayesfl_observability_v1,ola_sparse_bayesian_keep010_seed42,55,ola,global,,,layers.0.weight,db,70,-60.26568385133319,-58.839355716845205,-59.5525197840892,10824,0.0756209802111012,0.79638671875,100352
bayesfl_observability_v1,ola_sparse_bayesian_keep010_seed42,55,ola,global,,,layers.0.weight,db,71,-58.839355716845205,-57.4130275823572,-58.1261916496012,6852,0.0478709309318607,0.8646663743622449,100352
bayesfl_observability_v1,ola_sparse_bayesian_keep010_seed42,55,ola,global,,,layers.0.weight,db,72,-57.4130275823572,-55.98669944786921,-56.69986351511321,4911,0.03431029506806337,0.9136041135204082,100352
bayesfl_observability_v1,ola_sparse_bayesian_keep010_seed42,55,ola,global,,,layers.0.weight,db,73,-55.98669944786921,-54.560371313381225,-55.27353538062522,3941,0.02753347034478472,0.9528758769132653,100352
bayesfl_observability_v1,ola_sparse_bayesian_keep010_seed42,55,ola,global,,,layers.0.weight,db,74,-54.560371313381225,-53.134043178893236,-53.84720724613723,2653,0.018534964939029144,0.9793128188775511,100352
bayesfl_observability_v1,ola_sparse_bayesian_keep010_seed42,55,ola,global,,,layers.0.weight,db,75,-53.134043178893236,-51.70771504440525,-52.42087911164924,1344,0.009389744771223207,0.9927056760204082,100352
bayesfl_observability_v1,ola_sparse_bayesian_keep010_seed42,55,ola,global,,,layers.0.weight,db,76,-51.70771504440525,-50.281386909917245,-50.994550977161246,526,0.0036748554684995225,0.9979472257653061,100352
bayesfl_observability_v1,ola_sparse_bayesian_keep010_seed42,55,ola,global,,,layers.0.weight,db,77,-50.281386909917245,-48.85505877542926,-49.56822284267325,151,0.0010549490033145122,0.9994519292091837,100352
bayesfl_observability_v1,ola_sparse_bayesian_keep010_seed42,55,ola,global,,,layers.0.weight,db,78,-48.85505877542926,-47.42873064094127,-48.14189470818526,43,0.0003004159413412187,0.9998804209183674,100352
bayesfl_observability_v1,ola_sparse_bayesian_keep010_seed42,55,ola,global,,,layers.0.weight,db,79,-47.42873064094127,-46.002402506453286,-46.715566573697274,12,8.38370068859219e-05,1.0,100352
bayesfl_observability_v1,ola_sparse_bayesian_keep010_seed42,55,ola,global,,,layers.0.bias,raw,0,8.020214628369947e-06,4.842803065509862e-05,2.8224122641734285e-05,7,1353.38915530168,0.0546875,128
bayesfl_observability_v1,ola_sparse_bayesian_keep010_seed42,55,ola,global,,,layers.0.bias,raw,1,4.842803065509862e-05,8.88358466818273e-05,6.863193866846296e-05,3,580.0239237007199,0.078125,128
bayesfl_observability_v1,ola_sparse_bayesian_keep010_seed42,55,ola,global,,,layers.0.bias,raw,2,8.88358466818273e-05,0.00012924366270855597,0.00010903975469519163,3,580.0239237007199,0.1015625,128
bayesfl_observability_v1,ola_sparse_bayesian_keep010_seed42,55,ola,global,,,layers.0.bias,raw,3,0.00012924366270855597,0.00016965147873528464,0.0001494475707219203,5,966.7065395011999,0.140625,128
bayesfl_observability_v1,ola_sparse_bayesian_keep010_seed42,55,ola,global,,,layers.0.bias,raw,4,0.00016965147873528464,0.00021005929476201332,0.00018985538674864898,3,580.0239237007199,0.1640625,128
bayesfl_observability_v1,ola_sparse_bayesian_keep010_seed42,55,ola,global,,,layers.0.bias,raw,5,0.00021005929476201332,0.000250467110788742,0.00023026320277537765,2,386.68261580047994,0.1796875,128
bayesfl_observability_v1,ola_sparse_bayesian_keep010_seed42,55,ola,global,,,layers.0.bias,raw,6,0.000250467110788742,0.00029087492681547066,0.00027067101880210635,8,1546.7304632019197,0.2421875,128
bayesfl_observability_v1,ola_sparse_bayesian_keep010_seed42,55,ola,global,,,layers.0.bias,raw,7,0.00029087492681547066,0.00033128274284219934,0.000311078834828835,3,580.0239237007199,0.265625,128
bayesfl_observability_v1,ola_sparse_bayesian_keep010_seed42,55,ola,global,,,layers.0.bias,raw,8,0.00033128274284219934,0.000371690558868928,0.0003514866508555637,2,386.68261580047994,0.28125,128
bayesfl_observability_v1,ola_sparse_bayesian_keep010_seed42,55,ola,global,,,layers.0.bias,raw,9,0.000371690558868928,0.0004120983748956567,0.0003918944668822923,8,1546.7304632019197,0.34375,128
bayesfl_observability_v1,ola_sparse_bayesian_keep010_seed42,55,ola,global,,,layers.0.bias,raw,10,0.0004120983748956567,0.00045250619092238536,0.00043230228290902105,4,773.3652316009599,0.375,128
bayesfl_observability_v1,ola_sparse_bayesian_keep010_seed42,55,ola,global,,,layers.0.bias,raw,11,0.00045250619092238536,0.000492914006949114,0.00047271009893574967,3,580.0239237007199,0.3984375,128
bayesfl_observability_v1,ola_sparse_bayesian_keep010_seed42,55,ola,global,,,layers.0.bias,raw,12,0.000492914006949114,0.0005333218229758428,0.0005131179149624784,1,193.3413079002397,0.40625,128
bayesfl_observability_v1,ola_sparse_bayesian_keep010_seed42,55,ola,global,,,layers.0.bias,raw,13,0.0005333218229758428,0.0005737296390025714,0.0005535257309892071,4,773.3652316009609,0.4375,128
bayesfl_observability_v1,ola_sparse_bayesian_keep010_seed42,55,ola,global,,,layers.0.bias,raw,14,0.0005737296390025714,0.0006141374550293,0.0005939335470159356,5,966.7065395012012,0.4765625,128
bayesfl_observability_v1,ola_sparse_bayesian_keep010_seed42,55,ola,global,,,layers.0.bias,raw,15,0.0006141374550293,0.0006545452710560287,0.0006343413630426644,1,193.3413079002397,0.484375,128
bayesfl_observability_v1,ola_sparse_bayesian_keep010_seed42,55,ola,global,,,layers.0.bias,raw,16,0.0006545452710560287,0.0006949530870827575,0.0006747491790693931,2,386.6826158004794,0.5,128
bayesfl_observability_v1,ola_sparse_bayesian_keep010_seed42,55,ola,global,,,layers.0.bias,raw,17,0.0006949530870827575,0.0007353609031094861,0.0007151569950961218,1,193.34130790024022,0.5078125,128
bayesfl_observability_v1,ola_sparse_bayesian_keep010_seed42,55,ola,global,,,layers.0.bias,raw,18,0.0007353609031094861,0.0007757687191362147,0.0007555648111228503,1,193.34130790024022,0.515625,128
bayesfl_observability_v1,ola_sparse_bayesian_keep010_seed42,55,ola,global,,,layers.0.bias,raw,19,0.0007757687191362147,0.0008161765351629434,0.0007959726271495791,3,580.0239237007191,0.5390625,128
bayesfl_observability_v1,ola_sparse_bayesian_keep010_seed42,55,ola,global,,,layers.0.bias,raw,20,0.0008161765351629434,0.0008565843511896721,0.0008363804431763078,1,193.3413079002397,0.546875,128
bayesfl_observability_v1,ola_sparse_bayesian_keep010_seed42,55,ola,global,,,layers.0.bias,raw,21,0.0008565843511896721,0.0008969921672164008,0.0008767882592030365,10,1933.4130790024024,0.625,128
bayesfl_observability_v1,ola_sparse_bayesian_keep010_seed42,55,ola,global,,,layers.0.bias,raw,22,0.0008969921672164008,0.0009373999832431294,0.000917196075229765,2,386.68261580048045,0.640625,128
bayesfl_observability_v1,ola_sparse_bayesian_keep010_seed42,55,ola,global,,,layers.0.bias,raw,23,0.0009373999832431294,0.000977807799269858,0.0009576038912564938,7,1353.3891553016817,0.6953125,128
bayesfl_observability_v1,ola_sparse_bayesian_keep010_seed42,55,ola,global,,,layers.0.bias,raw,24,0.000977807799269858,0.0010182156152965867,0.0009980117072832225,3,580.0239237007191,0.71875,128
bayesfl_observability_v1,ola_sparse_bayesian_keep010_seed42,55,ola,global,,,layers.0.bias,raw,25,0.0010182156152965867,0.0010586234313233155,0.001038419523309951,2,386.6826158004794,0.734375,128
bayesfl_observability_v1,ola_sparse_bayesian_keep010_seed42,55,ola,global,,,layers.0.bias,raw,26,0.0010586234313233155,0.001099031247350044,0.0010788273393366797,1,193.34130790024076,0.7421875,128
bayesfl_observability_v1,ola_sparse_bayesian_keep010_seed42,55,ola,global,,,layers.0.bias,raw,27,0.001099031247350044,0.0011394390633767727,0.0011192351553634084,1,193.3413079002397,0.75,128
bayesfl_observability_v1,ola_sparse_bayesian_keep010_seed42,55,ola,global,,,layers.0.bias,raw,28,0.0011394390633767727,0.0011798468794035014,0.001159642971390137,3,580.0239237007191,0.7734375,128
bayesfl_observability_v1,ola_sparse_bayesian_keep010_seed42,55,ola,global,,,layers.0.bias,raw,29,0.0011798468794035014,0.00122025469543023,0.0012000507874168657,0,0.0,0.7734375,128
bayesfl_observability_v1,ola_sparse_bayesian_keep010_seed42,55,ola,global,,,layers.0.bias,raw,30,0.00122025469543023,0.0012606625114569587,0.0012404586034435944,2,386.6826158004794,0.7890625,128
bayesfl_observability_v1,ola_sparse_bayesian_keep010_seed42,55,ola,global,,,layers.0.bias,raw,31,0.0012606625114569587,0.0013010703274836874,0.001280866419470323,1,193.3413079002397,0.796875,128
bayesfl_observability_v1,ola_sparse_bayesian_keep010_seed42,55,ola,global,,,layers.0.bias,raw,32,0.0013010703274836874,0.0013414781435104161,0.0013212742354970519,2,386.6826158004794,0.8125,128
bayesfl_observability_v1,ola_sparse_bayesian_keep010_seed42,55,ola,global,,,layers.0.bias,raw,33,0.0013414781435104161,0.0013818859595371448,0.0013616820515237804,2,386.6826158004794,0.828125,128
bayesfl_observability_v1,ola_sparse_bayesian_keep010_seed42,55,ola,global,,,layers.0.bias,raw,34,0.0013818859595371448,0.0014222937755638734,0.001402089867550509,1,193.34130790024076,0.8359375,128
bayesfl_observability_v1,ola_sparse_bayesian_keep010_seed42,55,ola,global,,,layers.0.bias,raw,35,0.0014222937755638734,0.001462701591590602,0.0014424976835772378,3,580.0239237007191,0.859375,128
bayesfl_observability_v1,ola_sparse_bayesian_keep010_seed42,55,ola,global,,,layers.0.bias,raw,36,0.001462701591590602,0.0015031094076173308,0.0014829054996039663,2,386.6826158004794,0.875,128
bayesfl_observability_v1,ola_sparse_bayesian_keep010_seed42,55,ola,global,,,layers.0.bias,raw,37,0.0015031094076173308,0.0015435172236440593,0.001523313315630695,1,193.34130790024076,0.8828125,128
bayesfl_observability_v1,ola_sparse_bayesian_keep010_seed42,55,ola,global,,,layers.0.bias,raw,38,0.0015435172236440593,0.001583925039670788,0.0015637211316574238,0,0.0,0.8828125,128
bayesfl_observability_v1,ola_sparse_bayesian_keep010_seed42,55,ola,global,,,layers.0.bias,raw,39,0.001583925039670788,0.0016243328556975168,0.0016041289476841523,1,193.3413079002397,0.890625,128
bayesfl_observability_v1,ola_sparse_bayesian_keep010_seed42,55,ola,global,,,layers.0.bias,raw,40,0.0016243328556975168,0.0016647406717242455,0.0016445367637108813,2,386.6826158004794,0.90625,128
bayesfl_observability_v1,ola_sparse_bayesian_keep010_seed42,55,ola,global,,,layers.0.bias,raw,41,0.0016647406717242455,0.0017051484877509742,0.0016849445797376098,4,773.3652316009589,0.9375,128
bayesfl_observability_v1,ola_sparse_bayesian_keep010_seed42,55,ola,global,,,layers.0.bias,raw,42,0.0017051484877509742,0.0017455563037777027,0.0017253523957643385,0,0.0,0.9375,128
bayesfl_observability_v1,ola_sparse_bayesian_keep010_seed42,55,ola,global,,,layers.0.bias,raw,43,0.0017455563037777027,0.0017859641198044315,0.0017657602117910672,1,193.3413079002397,0.9453125,128
bayesfl_observability_v1,ola_sparse_bayesian_keep010_seed42,55,ola,global,,,layers.0.bias,raw,44,0.0017859641198044315,0.0018263719358311602,0.0018061680278177957,1,193.3413079002397,0.953125,128
bayesfl_observability_v1,ola_sparse_bayesian_keep010_seed42,55,ola,global,,,layers.0.bias,raw,45,0.0018263719358311602,0.0018667797518578887,0.0018465758438445245,1,193.34130790024076,0.9609375,128
bayesfl_observability_v1,ola_sparse_bayesian_keep010_seed42,55,ola,global,,,layers.0.bias,raw,46,0.0018667797518578887,0.0019071875678846174,0.0018869836598712532,0,0.0,0.9609375,128
bayesfl_observability_v1,ola_sparse_bayesian_keep010_seed42,55,ola,global,,,layers.0.bias,raw,47,0.0019071875678846174,0.0019475953839113462,0.0019273914758979817,1,193.3413079002397,0.96875,128
bayesfl_observability_v1,ola_sparse_bayesian_keep010_seed42,55,ola,global,,,layers.0.bias,raw,48,0.0019475953839113462,0.0019880031999380747,0.00196779929192471,1,193.34130790024076,0.9765625,128
bayesfl_observability_v1,ola_sparse_bayesian_keep010_seed42,55,ola,global,,,layers.0.bias,raw,49,0.0019880031999380747,0.0020284110159648036,0.002008207107951439,1,193.3413079002387,0.984375,128
bayesfl_observability_v1,ola_sparse_bayesian_keep010_seed42,55,ola,global,,,layers.0.bias,raw,50,0.0020284110159648036,0.002068818831991532,0.002048614923978168,1,193.34130790024076,0.9921875,128
bayesfl_observability_v1,ola_sparse_bayesian_keep010_seed42,55,ola,global,,,layers.0.bias,raw,51,0.002068818831991532,0.002109226648018261,0.0020890227400048966,0,0.0,0.9921875,128
bayesfl_observability_v1,ola_sparse_bayesian_keep010_seed42,55,ola,global,,,layers.0.bias,raw,52,0.002109226648018261,0.0021496344640449896,0.002129430556031625,0,0.0,0.9921875,128
bayesfl_observability_v1,ola_sparse_bayesian_keep010_seed42,55,ola,global,,,layers.0.bias,raw,53,0.0021496344640449896,0.002190042280071718,0.002169838372058354,0,0.0,0.9921875,128
bayesfl_observability_v1,ola_sparse_bayesian_keep010_seed42,55,ola,global,,,layers.0.bias,raw,54,0.002190042280071718,0.002230450096098447,0.0022102461880850826,0,0.0,0.9921875,128
bayesfl_observability_v1,ola_sparse_bayesian_keep010_seed42,55,ola,global,,,layers.0.bias,raw,55,0.002230450096098447,0.0022708579121251756,0.002250654004111811,0,0.0,0.9921875,128
bayesfl_observability_v1,ola_sparse_bayesian_keep010_seed42,55,ola,global,,,layers.0.bias,raw,56,0.0022708579121251756,0.002311265728151904,0.00229106182013854,0,0.0,0.9921875,128
bayesfl_observability_v1,ola_sparse_bayesian_keep010_seed42,55,ola,global,,,layers.0.bias,raw,57,0.002311265728151904,0.002351673544178633,0.0023314696361652685,0,0.0,0.9921875,128
bayesfl_observability_v1,ola_sparse_bayesian_keep010_seed42,55,ola,global,,,layers.0.bias,raw,58,0.002351673544178633,0.0023920813602053615,0.002371877452191997,0,0.0,0.9921875,128
bayesfl_observability_v1,ola_sparse_bayesian_keep010_seed42,55,ola,global,,,layers.0.bias,raw,59,0.0023920813602053615,0.00243248917623209,0.002412285268218726,0,0.0,0.9921875,128
bayesfl_observability_v1,ola_sparse_bayesian_keep010_seed42,55,ola,global,,,layers.0.bias,raw,60,0.00243248917623209,0.002472896992258819,0.0024526930842454545,0,0.0,0.9921875,128
bayesfl_observability_v1,ola_sparse_bayesian_keep010_seed42,55,ola,global,,,layers.0.bias,raw,61,0.002472896992258819,0.0025133048082855475,0.002493100900272183,0,0.0,0.9921875,128
bayesfl_observability_v1,ola_sparse_bayesian_keep010_seed42,55,ola,global,,,layers.0.bias,raw,62,0.0025133048082855475,0.0025537126243122764,0.002533508716298912,0,0.0,0.9921875,128
bayesfl_observability_v1,ola_sparse_bayesian_keep010_seed42,55,ola,global,,,layers.0.bias,raw,63,0.0025537126243122764,0.002594120440339005,0.002573916532325641,0,0.0,0.9921875,128
bayesfl_observability_v1,ola_sparse_bayesian_keep010_seed42,55,ola,global,,,layers.0.bias,raw,64,0.002594120440339005,0.0026345282563657335,0.002614324348352369,0,0.0,0.9921875,128
bayesfl_observability_v1,ola_sparse_bayesian_keep010_seed42,55,ola,global,,,layers.0.bias,raw,65,0.0026345282563657335,0.0026749360723924624,0.002654732164379098,0,0.0,0.9921875,128
bayesfl_observability_v1,ola_sparse_bayesian_keep010_seed42,55,ola,global,,,layers.0.bias,raw,66,0.0026749360723924624,0.002715343888419191,0.002695139980405827,0,0.0,0.9921875,128
bayesfl_observability_v1,ola_sparse_bayesian_keep010_seed42,55,ola,global,,,layers.0.bias,raw,67,0.002715343888419191,0.00275575170444592,0.0027355477964325554,0,0.0,0.9921875,128
bayesfl_observability_v1,ola_sparse_bayesian_keep010_seed42,55,ola,global,,,layers.0.bias,raw,68,0.00275575170444592,0.0027961595204726484,0.002775955612459284,0,0.0,0.9921875,128
bayesfl_observability_v1,ola_sparse_bayesian_keep010_seed42,55,ola,global,,,layers.0.bias,raw,69,0.0027961595204726484,0.002836567336499377,0.002816363428486013,0,0.0,0.9921875,128
bayesfl_observability_v1,ola_sparse_bayesian_keep010_seed42,55,ola,global,,,layers.0.bias,raw,70,0.002836567336499377,0.002876975152526106,0.0028567712445127414,0,0.0,0.9921875,128
bayesfl_observability_v1,ola_sparse_bayesian_keep010_seed42,55,ola,global,,,layers.0.bias,raw,71,0.002876975152526106,0.0029173829685528343,0.00289717906053947,0,0.0,0.9921875,128
bayesfl_observability_v1,ola_sparse_bayesian_keep010_seed42,55,ola,global,,,layers.0.bias,raw,72,0.0029173829685528343,0.002957790784579563,0.002937586876566199,0,0.0,0.9921875,128
bayesfl_observability_v1,ola_sparse_bayesian_keep010_seed42,55,ola,global,,,layers.0.bias,raw,73,0.002957790784579563,0.002998198600606292,0.0029779946925929273,0,0.0,0.9921875,128
bayesfl_observability_v1,ola_sparse_bayesian_keep010_seed42,55,ola,global,,,layers.0.bias,raw,74,0.002998198600606292,0.0030386064166330203,0.003018402508619656,0,0.0,0.9921875,128
bayesfl_observability_v1,ola_sparse_bayesian_keep010_seed42,55,ola,global,,,layers.0.bias,raw,75,0.0030386064166330203,0.003079014232659749,0.0030588103246463848,0,0.0,0.9921875,128
bayesfl_observability_v1,ola_sparse_bayesian_keep010_seed42,55,ola,global,,,layers.0.bias,raw,76,0.003079014232659749,0.0031194220486864778,0.0030992181406731133,0,0.0,0.9921875,128
bayesfl_observability_v1,ola_sparse_bayesian_keep010_seed42,55,ola,global,,,layers.0.bias,raw,77,0.0031194220486864778,0.0031598298647132063,0.003139625956699842,0,0.0,0.9921875,128
bayesfl_observability_v1,ola_sparse_bayesian_keep010_seed42,55,ola,global,,,layers.0.bias,raw,78,0.0031598298647132063,0.003200237680739935,0.0031800337727265707,0,0.0,0.9921875,128
bayesfl_observability_v1,ola_sparse_bayesian_keep010_seed42,55,ola,global,,,layers.0.bias,raw,79,0.003200237680739935,0.0032406454967666637,0.0032204415887532997,1,193.34130790024076,1.0,128
bayesfl_observability_v1,ola_sparse_bayesian_keep010_seed42,55,ola,global,,,layers.0.bias,db,0,-101.91627910575731,-101.26466773566483,-101.59047342071108,2,0.023979016814550634,0.015625,128
bayesfl_observability_v1,ola_sparse_bayesian_keep010_seed42,55,ola,global,,,layers.0.bias,db,1,-101.26466773566483,-100.61305636557235,-100.93886205061858,0,0.0,0.015625,128
bayesfl_observability_v1,ola_sparse_bayesian_keep010_seed42,55,ola,global,,,layers.0.bias,db,2,-100.61305636557235,-99.96144499547985,-100.2872506805261,0,0.0,0.015625,128
bayesfl_observability_v1,ola_sparse_bayesian_keep010_seed42,55,ola,global,,,layers.0.bias,db,3,-99.96144499547985,-99.30983362538737,-99.63563931043362,0,0.0,0.015625,128
bayesfl_observability_v1,ola_sparse_bayesian_keep010_seed42,55,ola,global,,,layers.0.bias,db,4,-99.30983362538737,-98.65822225529489,-98.98402794034112,0,0.0,0.015625,128
bayesfl_observability_v1,ola_sparse_bayesian_keep010_seed42,55,ola,global,,,layers.0.bias,db,5,-98.65822225529489,-98.0066108852024,-98.33241657024865,1,0.011989508407275317,0.0234375,128
bayesfl_observability_v1,ola_sparse_bayesian_keep010_seed42,55,ola,global,,,layers.0.bias,db,6,-98.0066108852024,-97.35499951510992,-97.68080520015616,0,0.0,0.0234375,128
bayesfl_observability_v1,ola_sparse_bayesian_keep010_seed42,55,ola,global,,,layers.0.bias,db,7,-97.35499951510992,-96.70338814501744,-97.02919383006369,0,0.0,0.0234375,128
bayesfl_observability_v1,ola_sparse_bayesian_keep010_seed42,55,ola,global,,,layers.0.bias,db,8,-96.70338814501744,-96.05177677492495,-96.3775824599712,0,0.0,0.0234375,128
bayesfl_observability_v1,ola_sparse_bayesian_keep010_seed42,55,ola,global,,,layers.0.bias,db,9,-96.05177677492495,-95.40016540483246,-95.7259710898787,0,0.0,0.0234375,128
bayesfl_observability_v1,ola_sparse_bayesian_keep010_seed42,55,ola,global,,,layers.0.bias,db,10,-95.40016540483246,-94.74855403473998,-95.07435971978623,0,0.0,0.0234375,128
bayesfl_observability_v1,ola_sparse_bayesian_keep010_seed42,55,ola,global,,,layers.0.bias,db,11,-94.74855403473998,-94.0969426646475,-94.42274834969373,0,0.0,0.0234375,128
bayesfl_observability_v1,ola_sparse_bayesian_keep010_seed42,55,ola,global,,,layers.0.bias,db,12,-94.0969426646475,-93.44533129455502,-93.77113697960127,0,0.0,0.0234375,128
bayesfl_observability_v1,ola_sparse_bayesian_keep010_seed42,55,ola,global,,,layers.0.bias,db,13,-93.44533129455502,-92.79371992446254,-93.11952560950877,0,0.0,0.0234375,128
bayesfl_observability_v1,ola_sparse_bayesian_keep010_seed42,55,ola,global,,,layers.0.bias,db,14,-92.79371992446254,-92.14210855437004,-92.46791423941629,0,0.0,0.0234375,128
bayesfl_observability_v1,ola_sparse_bayesian_keep010_seed42,55,ola,global,,,layers.0.bias,db,15,-92.14210855437004,-91.49049718427756,-91.8163028693238,0,0.0,0.0234375,128
bayesfl_observability_v1,ola_sparse_bayesian_keep010_seed42,55,ola,global,,,layers.0.bias,db,16,-91.49049718427756,-90.83888581418508,-91.16469149923131,1,0.011989508407275317,0.03125,128
bayesfl_observability_v1,ola_sparse_bayesian_keep010_seed42,55,ola,global,,,layers.0.bias,db,17,-90.83888581418508,-90.1872744440926,-90.51308012913884,0,0.0,0.03125,128
bayesfl_observability_v1,ola_sparse_bayesian_keep010_seed42,55,ola,global,,,layers.0.bias,db,18,-90.1872744440926,-89.53566307400011,-89.86146875904635,0,0.0,0.03125,128
bayesfl_observability_v1,ola_sparse_bayesian_keep010_seed42,55,ola,global,,,layers.0.bias,db,19,-89.53566307400011,-88.88405170390763,-89.20985738895388,1,0.011989508407275317,0.0390625,128
bayesfl_observability_v1,ola_sparse_bayesian_keep010_seed42,55,ola,global,,,layers.0.bias,db,20,-88.88405170390763,-88.23244033381513,-88.55824601886138,0,0.0,0.0390625,128
bayesfl_observability_v1,ola_sparse_bayesian_keep010_seed42,55,ola,global,,,layers.0.bias,db,21,-88.23244033381513,-87.58082896372265,-87.90663464876889,1,0.011989508407275317,0.046875,128
bayesfl_observability_v1,ola_sparse_bayesian_keep010_seed42,55,ola,global,,,layers.0.bias,db,22,-87.58082896372265,-86.92921759363017,-87.25502327867642,0,0.0,0.046875,128
bayesfl_observability_v1,ola_sparse_bayesian_keep010_seed42,55,ola,global,,,layers.0.bias,db,23,-86.92921759363017,-86.27760622353769,-86.60341190858392,1,0.011989508407275317,0.0546875,128
bayesfl_observability_v1,ola_sparse_bayesian_keep010_seed42,55,ola,global,,,layers.0.bias,db,24,-86.27760622353769,-85.6259948534452,-85.95180053849145,0,0.0,0.0546875,128
bayesfl_observability_v1,ola_sparse_bayesian_keep010_seed42,55,ola,global,,,layers.0.bias,db,25,-85.6259948534452,-84.97438348335271,-85.30018916839896,0,0.0,0.0546875,128
bayesfl_observability_v1,ola_sparse_bayesian_keep010_seed42,55,ola,global,,,layers.0.bias,db,26,-84.97438348335271,-84.32277211326023,-84.64857779830646,0,0.0,0.0546875,128
bayesfl_observability_v1,ola_sparse_bayesian_keep010_seed42,55,ola,global,,,layers.0.bias,db,27,-84.32277211326023,-83.67116074316775,-83.996966428214,0,0.0,0.0546875,128
bayesfl_observability_v1,ola_sparse_bayesian_keep010_seed42,55,ola,global,,,layers.0.bias,db,28,-83.67116074316775,-83.01954937307526,-83.3453550581215,0,0.0,0.0546875,128
bayesfl_observability_v1,ola_sparse_bayesian_keep010_seed42,55,ola,global,,,layers.0.bias,db,29,-83.01954937307526,-82.36793800298278,-82.69374368802903,0,0.0,0.0546875,128
bayesfl_observability_v1,ola_sparse_bayesian_keep010_seed42,55,ola,global,,,layers.0.bias,db,30,-82.36793800298278,-81.7163266328903,-82.04213231793653,2,0.023979016814550634,0.0703125,128
bayesfl_observability_v1,ola_sparse_bayesian_keep010_seed42,55,ola,global,,,layers.0.bias,db,31,-81.7163266328903,-81.06471526279782,-81.39052094784407,1,0.011989508407275317,0.078125,128
bayesfl_observability_v1,ola_sparse_bayesian_keep010_seed42,55,ola,global,,,layers.0.bias,db,32,-81.06471526279782,-80.41310389270532,-80.73890957775157,0,0.0,0.078125,128
bayesfl_observability_v1,ola_sparse_bayesian_keep010_seed42,55,ola,global,,,layers.0.bias,db,33,-80.41310389270532,-79.76149252261284,-80.08729820765907,1,0.011989508407275317,0.0859375,128
bayesfl_observability_v1,ola_sparse_bayesian_keep010_seed42,55,ola,global,,,layers.0.bias,db,34,-79.76149252261284,-79.10988115252036,-79.4356868375666,1,0.011989508407275317,0.09375,128
bayesfl_observability_v1,ola_sparse_bayesian_keep010_seed42,55,ola,global,,,layers.0.bias,db,35,-79.10988115252036,-78.45826978242788,-78.78407546747411,1,0.011989508407275317,0.1015625,128
bayesfl_observability_v1,ola_sparse_bayesian_keep010_seed42,55,ola,global,,,layers.0.bias,db,36,-78.45826978242788,-77.8066584123354,-78.13246409738164,0,0.0,0.1015625,128
bayesfl_observability_v1,ola_sparse_bayesian_keep010_seed42,55,ola,global,,,layers.0.bias,db,37,-77.8066584123354,-77.1550470422429,-77.48085272728915,2,0.02397901681455011,0.1171875,128
bayesfl_observability_v1,ola_sparse_bayesian_keep010_seed42,55,ola,global,,,layers.0.bias,db,38,-77.1550470422429,-76.50343567215042,-76.82924135719665,1,0.011989508407275317,0.125,128
bayesfl_observability_v1,ola_sparse_bayesian_keep010_seed42,55,ola,global,,,layers.0.bias,db,39,-76.50343567215042,-75.85182430205793,-76.17762998710418,0,0.0,0.125,128
bayesfl_observability_v1,ola_sparse_bayesian_keep010_seed42,55,ola,global,,,layers.0.bias,db,40,-75.85182430205793,-75.20021293196545,-75.52601861701169,2,0.023979016814550634,0.140625,128
bayesfl_observability_v1,ola_sparse_bayesian_keep010_seed42,55,ola,global,,,layers.0.bias,db,41,-75.20021293196545,-74.54860156187297,-74.87440724691922,1,0.011989508407275317,0.1484375,128
bayesfl_observability_v1,ola_sparse_bayesian_keep010_seed42,55,ola,global,,,layers.0.bias,db,42,-74.54860156187297,-73.89699019178047,-74.22279587682672,1,0.011989508407275055,0.15625,128
bayesfl_observability_v1,ola_sparse_bayesian_keep010_seed42,55,ola,global,,,layers.0.bias,db,43,-73.89699019178047,-73.245378821688,-73.57118450673424,1,0.011989508407275579,0.1640625,128
bayesfl_observability_v1,ola_sparse_bayesian_keep010_seed42,55,ola,global,,,layers.0.bias,db,44,-73.245378821688,-72.59376745159551,-72.91957313664176,1,0.011989508407275055,0.171875,128
bayesfl_observability_v1,ola_sparse_bayesian_keep010_seed42,55,ola,global,,,layers.0.bias,db,45,-72.59376745159551,-71.94215608150303,-72.26796176654926,1,0.011989508407275317,0.1796875,128
bayesfl_observability_v1,ola_sparse_bayesian_keep010_seed42,55,ola,global,,,layers.0.bias,db,46,-71.94215608150303,-71.29054471141055,-71.6163503964568,5,0.05994754203637658,0.21875,128
bayesfl_observability_v1,ola_sparse_bayesian_keep010_seed42,55,ola,global,,,layers.0.bias,db,47,-71.29054471141055,-70.63893334131807,-70.9647390263643,5,0.05994754203637658,0.2578125,128
bayesfl_observability_v1,ola_sparse_bayesian_keep010_seed42,55,ola,global,,,layers.0.bias,db,48,-70.63893334131807,-69.98732197122558,-70.31312765627183,0,0.0,0.2578125,128
bayesfl_observability_v1,ola_sparse_bayesian_keep010_seed42,55,ola,global,,,layers.0.bias,db,49,-69.98732197122558,-69.33571060113309,-69.66151628617934,1,0.011989508407275055,0.265625,128
bayesfl_observability_v1,ola_sparse_bayesian_keep010_seed42,55,ola,global,,,layers.0.bias,db,50,-69.33571060113309,-68.6840992310406,-69.00990491608684,2,0.023979016814550634,0.28125,128
bayesfl_observability_v1,ola_sparse_bayesian_keep010_seed42,55,ola,global,,,layers.0.bias,db,51,-68.6840992310406,-68.03248786094812,-68.35829354599437,4,0.04795803362910127,0.3125,128
bayesfl_observability_v1,ola_sparse_bayesian_keep010_seed42,55,ola,global,,,layers.0.bias,db,52,-68.03248786094812,-67.38087649085564,-67.70668217590188,5,0.05994754203637658,0.3515625,128
bayesfl_observability_v1,ola_sparse_bayesian_keep010_seed42,55,ola,global,,,layers.0.bias,db,53,-67.38087649085564,-66.72926512076316,-67.05507080580941,3,0.03596852522182595,0.375,128
bayesfl_observability_v1,ola_sparse_bayesian_keep010_seed42,55,ola,global,,,layers.0.bias,db,54,-66.72926512076316,-66.07765375067066,-66.40345943571691,3,0.035968525221825164,0.3984375,128
bayesfl_observability_v1,ola_sparse_bayesian_keep010_seed42,55,ola,global,,,layers.0.bias,db,55,-66.07765375067066,-65.4260423805782,-65.75184806562443,1,0.011989508407275579,0.40625,128
bayesfl_observability_v1,ola_sparse_bayesian_keep010_seed42,55,ola,global,,,layers.0.bias,db,56,-65.4260423805782,-64.7744310104857,-65.10023669553195,5,0.05994754203637528,0.4453125,128
bayesfl_observability_v1,ola_sparse_bayesian_keep010_seed42,55,ola,global,,,layers.0.bias,db,57,-64.7744310104857,-64.12281964039322,-64.44862532543945,4,0.04795803362910127,0.4765625,128
bayesfl_observability_v1,ola_sparse_bayesian_keep010_seed42,55,ola,global,,,layers.0.bias,db,58,-64.12281964039322,-63.471208270300735,-63.797013955346976,2,0.023979016814550634,0.4921875,128
bayesfl_observability_v1,ola_sparse_bayesian_keep010_seed42,55,ola,global,,,layers.0.bias,db,59,-63.471208270300735,-62.819596900208246,-63.14540258525449,2,0.02397901681455037,0.5078125,128
bayesfl_observability_v1,ola_sparse_bayesian_keep010_seed42,55,ola,global,,,layers.0.bias,db,60,-62.819596900208246,-62.167985530115764,-62.493791215162005,2,0.023979016814550634,0.5234375,128
bayesfl_observability_v1,ola_sparse_bayesian_keep010_seed42,55,ola,global,,,layers.0.bias,db,61,-62.167985530115764,-61.51637416002328,-61.84217984506952,3,0.03596852522182595,0.546875,128
bayesfl_observability_v1,ola_sparse_bayesian_keep010_seed42,55,ola,global,,,layers.0.bias,db,62,-61.51637416002328,-60.86476278993079,-61.19056847497704,10,0.11989508407275186,0.625,128
bayesfl_observability_v1,ola_sparse_bayesian_keep010_seed42,55,ola,global,,,layers.0.bias,db,63,-60.86476278993079,-60.21315141983831,-60.53895710488455,9,0.10790557566547786,0.6953125,128
bayesfl_observability_v1,ola_sparse_bayesian_keep010_seed42,55,ola,global,,,layers.0.bias,db,64,-60.21315141983831,-59.56154004974583,-59.88734573479207,5,0.05994754203637658,0.734375,128
bayesfl_observability_v1,ola_sparse_bayesian_keep010_seed42,55,ola,global,,,layers.0.bias,db,65,-59.56154004974583,-58.90992867965334,-59.23573436469958,1,0.011989508407275185,0.7421875,128
bayesfl_observability_v1,ola_sparse_bayesian_keep010_seed42,55,ola,global,,,layers.0.bias,db,66,-58.90992867965334,-58.25831730956086,-58.5841229946071,4,0.04795803362910127,0.7734375,128
bayesfl_observability_v1,ola_sparse_bayesian_keep010_seed42,55,ola,global,,,layers.0.bias,db,67,-58.25831730956086,-57.60670593946838,-57.93251162451462,4,0.04795803362910127,0.8046875,128
bayesfl_observability_v1,ola_sparse_bayesian_keep010_seed42,55,ola,global,,,layers.0.bias,db,68,-57.60670593946838,-56.95509456937589,-57.280900254422136,4,0.04795803362910074,0.8359375,128
bayesfl_observability_v1,ola_sparse_bayesian_keep010_seed42,55,ola,global,,,layers.0.bias,db,69,-56.95509456937589,-56.303483199283406,-56.62928888432965,5,0.05994754203637658,0.875,128
bayesfl_observability_v1,ola_sparse_bayesian_keep010_seed42,55,ola,global,,,layers.0.bias,db,70,-56.303483199283406,-55.651871829190924,-55.977677514237165,4,0.04795803362910127,0.90625,128
bayesfl_observability_v1,ola_sparse_bayesian_keep010_seed42,55,ola,global,,,layers.0.bias,db,71,-55.651871829190924,-55.000260459098435,-55.326066144144676,5,0.05994754203637593,0.9453125,128
bayesfl_observability_v1,ola_sparse_bayesian_keep010_seed42,55,ola,global,,,layers.0.bias,db,72,-55.000260459098435,-54.34864908900595,-54.674454774052194,3,0.03596852522182595,0.96875,128
bayesfl_observability_v1,ola_sparse_bayesian_keep010_seed42,55,ola,global,,,layers.0.bias,db,73,-54.34864908900595,-53.69703771891347,-54.02284340395971,3,0.03596852522182595,0.9921875,128
bayesfl_observability_v1,ola_sparse_bayesian_keep010_seed42,55,ola,global,,,layers.0.bias,db,74,-53.69703771891347,-53.04542634882098,-53.37123203386723,0,0.0,0.9921875,128
bayesfl_observability_v1,ola_sparse_bayesian_keep010_seed42,55,ola,global,,,layers.0.bias,db,75,-53.04542634882098,-52.3938149787285,-52.71962066377474,0,0.0,0.9921875,128
bayesfl_observability_v1,ola_sparse_bayesian_keep010_seed42,55,ola,global,,,layers.0.bias,db,76,-52.3938149787285,-51.74220360863602,-52.06800929368226,0,0.0,0.9921875,128
bayesfl_observability_v1,ola_sparse_bayesian_keep010_seed42,55,ola,global,,,layers.0.bias,db,77,-51.74220360863602,-51.09059223854353,-51.41639792358977,0,0.0,0.9921875,128
bayesfl_observability_v1,ola_sparse_bayesian_keep010_seed42,55,ola,global,,,layers.0.bias,db,78,-51.09059223854353,-50.43898086845105,-50.76478655349729,0,0.0,0.9921875,128
bayesfl_observability_v1,ola_sparse_bayesian_keep010_seed42,55,ola,global,,,layers.0.bias,db,79,-50.43898086845105,-49.78736949835856,-50.113175183404806,1,0.011989508407275185,1.0,128
bayesfl_observability_v1,ola_sparse_bayesian_keep010_seed42,55,ola,global,,,layers.1.weight,raw,0,1.9630437620954176e-06,0.0009238981831438219,0.00046293061345295864,133,112.70451202205203,0.10390625,1280
bayesfl_observability_v1,ola_sparse_bayesian_keep010_seed42,55,ola,global,,,layers.1.weight,raw,1,0.0009238981831438219,0.0018458333225255484,0.001384865752834685,146,123.72074252044807,0.21796875,1280
bayesfl_observability_v1,ola_sparse_bayesian_keep010_seed42,55,ola,global,,,layers.1.weight,raw,2,0.0018458333225255484,0.002767768461907275,0.0023068008922164118,124,105.07789090777783,0.31484375,1280
bayesfl_observability_v1,ola_sparse_bayesian_keep010_seed42,55,ola,global,,,layers.1.weight,raw,3,0.002767768461907275,0.003689703601289001,0.003228736031598138,119,100.84087917762552,0.4078125,1280
bayesfl_observability_v1,ola_sparse_bayesian_keep010_seed42,55,ola,global,,,layers.1.weight,raw,4,0.003689703601289001,0.004611638740670727,0.004150671170979864,110,93.21425806335132,0.49375,1280
bayesfl_observability_v1,ola_sparse_bayesian_keep010_seed42,55,ola,global,,,layers.1.weight,raw,5,0.004611638740670727,0.0055335738800524545,0.005072606310361591,108,91.5194533712903,0.578125,1280
bayesfl_observability_v1,ola_sparse_bayesian_keep010_seed42,55,ola,global,,,layers.1.weight,raw,6,0.0055335738800524545,0.006455509019434181,0.005994541449743318,82,69.48699237449826,0.6421875,1280
bayesfl_observability_v1,ola_sparse_bayesian_keep010_seed42,55,ola,global,,,layers.1.weight,raw,7,0.006455509019434181,0.007377444158815907,0.006916476589125043,64,54.23375014594986,0.6921875,1280
bayesfl_observability_v1,ola_sparse_bayesian_keep010_seed42,55,ola,global,,,layers.1.weight,raw,8,0.007377444158815907,0.008299379298197634,0.00783841172850677,56,47.45453137770608,0.7359375,1280
bayesfl_observability_v1,ola_sparse_bayesian_keep010_seed42,55,ola,global,,,layers.1.weight,raw,9,0.008299379298197634,0.00922131443757936,0.008760346867888496,38,32.20128914915776,0.765625,1280
bayesfl_observability_v1,ola_sparse_bayesian_keep010_seed42,55,ola,global,,,layers.1.weight,raw,10,0.00922131443757936,0.010143249576961087,0.009682282007270223,44,37.28570322534049,0.8,1280
bayesfl_observability_v1,ola_sparse_bayesian_keep010_seed42,55,ola,global,,,layers.1.weight,raw,11,0.010143249576961087,0.011065184716342814,0.01060421714665195,35,29.6590821110663,0.82734375,1280
bayesfl_observability_v1,ola_sparse_bayesian_keep010_seed42,55,ola,global,,,layers.1.weight,raw,12,0.011065184716342814,0.011987119855724539,0.011526152286033677,25,21.185058650761682,0.846875,1280
bayesfl_observability_v1,ola_sparse_bayesian_keep010_seed42,55,ola,global,,,layers.1.weight,raw,13,0.011987119855724539,0.012909054995106266,0.012448087425415403,18,15.253242228548384,0.8609375,1280
bayesfl_observability_v1,ola_sparse_bayesian_keep010_seed42,55,ola,global,,,layers.1.weight,raw,14,0.012909054995106266,0.013830990134487992,0.013370022564797128,13,11.016230498396075,0.87109375,1280
bayesfl_observability_v1,ola_sparse_bayesian_keep010_seed42,55,ola,global,,,layers.1.weight,raw,15,0.013830990134487992,0.014752925273869719,0.014291957704178855,12,10.16882815236559,0.88046875,1280
bayesfl_observability_v1,ola_sparse_bayesian_keep010_seed42,55,ola,global,,,layers.1.weight,raw,16,0.014752925273869719,0.015674860413251446,0.015213892843560582,14,11.86363284442652,0.89140625,1280
bayesfl_observability_v1,ola_sparse_bayesian_keep010_seed42,55,ola,global,,,layers.1.weight,raw,17,0.015674860413251446,0.016596795552633173,0.01613582798294231,9,7.626621114274192,0.8984375,1280
bayesfl_observability_v1,ola_sparse_bayesian_keep010_seed42,55,ola,global,,,layers.1.weight,raw,18,0.016596795552633173,0.017518730692014896,0.017057763122324036,19,16.10064457457891,0.91328125,1280
bayesfl_observability_v1,ola_sparse_bayesian_keep010_seed42,55,ola,global,,,layers.1.weight,raw,19,0.017518730692014896,0.018440665831396624,0.01797969826170576,11,9.321425806335123,0.921875,1280
bayesfl_observability_v1,ola_sparse_bayesian_keep010_seed42,55,ola,global,,,layers.1.weight,raw,20,0.018440665831396624,0.01936260097077835,0.018901633401087487,17,14.405839882517919,0.93515625,1280
bayesfl_observability_v1,ola_sparse_bayesian_keep010_seed42,55,ola,global,,,layers.1.weight,raw,21,0.01936260097077835,0.020284536110160078,0.019823568540469214,12,10.16882815236559,0.94453125,1280
bayesfl_observability_v1,ola_sparse_bayesian_keep010_seed42,55,ola,global,,,layers.1.weight,raw,22,0.020284536110160078,0.021206471249541805,0.02074550367985094,6,5.084414076182795,0.94921875,1280
bayesfl_observability_v1,ola_sparse_bayesian_keep010_seed42,55,ola,global,,,layers.1.weight,raw,23,0.021206471249541805,0.022128406388923532,0.02166743881923267,1,0.8474023460304657,0.95,1280
bayesfl_observability_v1,ola_sparse_bayesian_keep010_seed42,55,ola,global,,,layers.1.weight,raw,24,0.022128406388923532,0.023050341528305256,0.022589373958614392,4,3.3896093841218757,0.953125,1280
bayesfl_observability_v1,ola_sparse_bayesian_keep010_seed42,55,ola,global,,,layers.1.weight,raw,25,0.023050341528305256,0.023972276667686983,0.02351130909799612,6,5.084414076182795,0.9578125,1280
bayesfl_observability_v1,ola_sparse_bayesian_keep010_seed42,55,ola,global,,,layers.1.weight,raw,26,0.023972276667686983,0.02489421180706871,0.024433244237377846,1,0.8474023460304657,0.95859375,1280
bayesfl_observability_v1,ola_sparse_bayesian_keep010_seed42,55,ola,global,,,layers.1.weight,raw,27,0.02489421180706871,0.025816146946450437,0.025355179376759573,3,2.5422070380913975,0.9609375,1280
bayesfl_observability_v1,ola_sparse_bayesian_keep010_seed42,55,ola,global,,,layers.1.weight,raw,28,0.025816146946450437,0.026738082085832164,0.0262771145161413,4,3.389609384121863,0.9640625,1280
bayesfl_observability_v1,ola_sparse_bayesian_keep010_seed42,55,ola,global,,,layers.1.weight,raw,29,0.026738082085832164,0.027660017225213888,0.027199049655523028,1,0.8474023460304689,0.96484375,1280
bayesfl_observability_v1,ola_sparse_bayesian_keep010_seed42,55,ola,global,,,layers.1.weight,raw,30,0.027660017225213888,0.028581952364595615,0.02812098479490475,7,5.93181642221326,0.9703125,1280
bayesfl_observability_v1,ola_sparse_bayesian_keep010_seed42,55,ola,global,,,layers.1.weight,raw,31,0.028581952364595615,0.029503887503977342,0.02904291993428648,1,0.8474023460304657,0.97109375,1280
bayesfl_observability_v1,ola_sparse_bayesian_keep010_seed42,55,ola,global,,,layers.1.weight,raw,32,0.029503887503977342,0.03042582264335907,0.029964855073668206,2,1.6948046920609314,0.97265625,1280
bayesfl_observability_v1,ola_sparse_bayesian_keep010_seed42,55,ola,global,,,layers.1.weight,raw,33,0.03042582264335907,0.0313477577827408,0.030886790213049936,2,1.6948046920609252,0.97421875,1280
bayesfl_observability_v1,ola_sparse_bayesian_keep010_seed42,55,ola,global,,,layers.1.weight,raw,34,0.0313477577827408,0.03226969292212253,0.03180872535243166,2,1.6948046920609314,0.97578125,1280
bayesfl_observability_v1,ola_sparse_bayesian_keep010_seed42,55,ola,global,,,layers.1.weight,raw,35,0.03226969292212253,0.033191628061504254,0.03273066049181339,2,1.6948046920609314,0.97734375,1280
bayesfl_observability_v1,ola_sparse_bayesian_keep010_seed42,55,ola,global,,,layers.1.weight,raw,36,0.033191628061504254,0.03411356320088598,0.03365259563119512,1,0.8474023460304657,0.978125,1280
bayesfl_observability_v1,ola_sparse_bayesian_keep010_seed42,55,ola,global,,,layers.1.weight,raw,37,0.03411356320088598,0.0350354983402677,0.034574530770576845,2,1.6948046920609443,0.9796875,1280
bayesfl_observability_v1,ola_sparse_bayesian_keep010_seed42,55,ola,global,,,layers.1.weight,raw,38,0.0350354983402677,0.03595743347964943,0.035496465909958565,2,1.6948046920609314,0.98125,1280
bayesfl_observability_v1,ola_sparse_bayesian_keep010_seed42,55,ola,global,,,layers.1.weight,raw,39,0.03595743347964943,0.036879368619031155,0.03641840104934029,3,2.5422070380913975,0.98359375,1280
bayesfl_observability_v1,ola_sparse_bayesian_keep010_seed42,55,ola,global,,,layers.1.weight,raw,40,0.036879368619031155,0.03780130375841288,0.03734033618872202,0,0.0,0.98359375,1280
bayesfl_observability_v1,ola_sparse_bayesian_keep010_seed42,55,ola,global,,,layers.1.weight,raw,41,0.03780130375841288,0.03872323889779461,0.038262271328103746,1,0.8474023460304657,0.984375,1280
bayesfl_observability_v1,ola_sparse_bayesian_keep010_seed42,55,ola,global,,,layers.1.weight,raw,42,0.03872323889779461,0.03964517403717634,0.03918420646748547,2,1.6948046920609314,0.9859375,1280
bayesfl_observability_v1,ola_sparse_bayesian_keep010_seed42,55,ola,global,,,layers.1.weight,raw,43,0.03964517403717634,0.040567109176558064,0.0401061416068672,2,1.6948046920609314,0.9875,1280
bayesfl_observability_v1,ola_sparse_bayesian_keep010_seed42,55,ola,global,,,layers.1.weight,raw,44,0.040567109176558064,0.04148904431593979,0.04102807674624893,1,0.8474023460304657,0.98828125,1280
bayesfl_observability_v1,ola_sparse_bayesian_keep010_seed42,55,ola,global,,,layers.1.weight,raw,45,0.04148904431593979,0.04241097945532152,0.041950011885630654,2,1.6948046920609314,0.98984375,1280
bayesfl_observability_v1,ola_sparse_bayesian_keep010_seed42,55,ola,global,,,layers.1.weight,raw,46,0.04241097945532152,0.043332914594703245,0.04287194702501238,0,0.0,0.98984375,1280
bayesfl_observability_v1,ola_sparse_bayesian_keep010_seed42,55,ola,global,,,layers.1.weight,raw,47,0.043332914594703245,0.04425484973408497,0.04379388216439411,1,0.8474023460304657,0.990625,1280
bayesfl_observability_v1,ola_sparse_bayesian_keep010_seed42,55,ola,global,,,layers.1.weight,raw,48,0.04425484973408497,0.04517678487346669,0.04471581730377583,0,0.0,0.990625,1280
bayesfl_observability_v1,ola_sparse_bayesian_keep010_seed42,55,ola,global,,,layers.1.weight,raw,49,0.04517678487346669,0.04609872001284842,0.045637752443157556,0,0.0,0.990625,1280
bayesfl_observability_v1,ola_sparse_bayesian_keep010_seed42,55,ola,global,,,layers.1.weight,raw,50,0.04609872001284842,0.04702065515223015,0.04655968758253928,1,0.8474023460304657,0.99140625,1280
bayesfl_observability_v1,ola_sparse_bayesian_keep010_seed42,55,ola,global,,,layers.1.weight,raw,51,0.04702065515223015,0.047942590291611874,0.04748162272192101,1,0.8474023460304657,0.9921875,1280
bayesfl_observability_v1,ola_sparse_bayesian_keep010_seed42,55,ola,global,,,layers.1.weight,raw,52,0.047942590291611874,0.0488645254309936,0.04840355786130274,1,0.8474023460304657,0.99296875,1280
bayesfl_observability_v1,ola_sparse_bayesian_keep010_seed42,55,ola,global,,,layers.1.weight,raw,53,0.0488645254309936,0.04978646057037533,0.049325493000684464,1,0.8474023460304657,0.99375,1280
bayesfl_observability_v1,ola_sparse_bayesian_keep010_seed42,55,ola,global,,,layers.1.weight,raw,54,0.04978646057037533,0.050708395709757055,0.05024742814006619,0,0.0,0.99375,1280
bayesfl_observability_v1,ola_sparse_bayesian_keep010_seed42,55,ola,global,,,layers.1.weight,raw,55,0.050708395709757055,0.05163033084913878,0.05116936327944792,1,0.8474023460304657,0.99453125,1280
bayesfl_observability_v1,ola_sparse_bayesian_keep010_seed42,55,ola,global,,,layers.1.weight,raw,56,0.05163033084913878,0.05255226598852051,0.052091298418829646,0,0.0,0.99453125,1280
bayesfl_observability_v1,ola_sparse_bayesian_keep010_seed42,55,ola,global,,,layers.1.weight,raw,57,0.05255226598852051,0.053474201127902236,0.05301323355821137,1,0.8474023460304657,0.9953125,1280
bayesfl_observability_v1,ola_sparse_bayesian_keep010_seed42,55,ola,global,,,layers.1.weight,raw,58,0.053474201127902236,0.05439613626728396,0.0539351686975931,0,0.0,0.9953125,1280
bayesfl_observability_v1,ola_sparse_bayesian_keep010_seed42,55,ola,global,,,layers.1.weight,raw,59,0.05439613626728396,0.055318071406665684,0.05485710383697482,1,0.8474023460304657,0.99609375,1280
bayesfl_observability_v1,ola_sparse_bayesian_keep010_seed42,55,ola,global,,,layers.1.weight,raw,60,0.055318071406665684,0.05624000654604741,0.05577903897635655,0,0.0,0.99609375,1280
bayesfl_observability_v1,ola_sparse_bayesian_keep010_seed42,55,ola,global,,,layers.1.weight,raw,61,0.05624000654604741,0.05716194168542914,0.056700974115738274,0,0.0,0.99609375,1280
bayesfl_observability_v1,ola_sparse_bayesian_keep010_seed42,55,ola,global,,,layers.1.weight,raw,62,0.05716194168542914,0.058083876824810865,0.05762290925512,1,0.8474023460304657,0.996875,1280
bayesfl_observability_v1,ola_sparse_bayesian_keep010_seed42,55,ola,global,,,layers.1.weight,raw,63,0.058083876824810865,0.05900581196419259,0.05854484439450173,1,0.8474023460304657,0.99765625,1280
bayesfl_observability_v1,ola_sparse_bayesian_keep010_seed42,55,ola,global,,,layers.1.weight,raw,64,0.05900581196419259,0.05992774710357432,0.059466779533883456,1,0.8474023460304657,0.9984375,1280
bayesfl_observability_v1,ola_sparse_bayesian_keep010_seed42,55,ola,global,,,layers.1.weight,raw,65,0.05992774710357432,0.060849682242956046,0.06038871467326518,0,0.0,0.9984375,1280
bayesfl_observability_v1,ola_sparse_bayesian_keep010_seed42,55,ola,global,,,layers.1.weight,raw,66,0.060849682242956046,0.06177161738233777,0.06131064981264691,1,0.8474023460304657,0.99921875,1280
bayesfl_observability_v1,ola_sparse_bayesian_keep010_seed42,55,ola,global,,,layers.1.weight,raw,67,0.06177161738233777,0.0626935525217195,0.06223258495202864,0,0.0,0.99921875,1280
bayesfl_observability_v1,ola_sparse_bayesian_keep010_seed42,55,ola,global,,,layers.1.weight,raw,68,0.0626935525217195,0.06361548766110123,0.06315452009141037,0,0.0,0.99921875,1280
bayesfl_observability_v1,ola_sparse_bayesian_keep010_seed42,55,ola,global,,,layers.1.weight,raw,69,0.06361548766110123,0.06453742280048295,0.06407645523079208,0,0.0,0.99921875,1280
bayesfl_observability_v1,ola_sparse_bayesian_keep010_seed42,55,ola,global,,,layers.1.weight,raw,70,0.06453742280048295,0.06545935793986468,0.06499839037017383,0,0.0,0.99921875,1280
bayesfl_observability_v1,ola_sparse_bayesian_keep010_seed42,55,ola,global,,,layers.1.weight,raw,71,0.06545935793986468,0.06638129307924641,0.06592032550955554,0,0.0,0.99921875,1280
bayesfl_observability_v1,ola_sparse_bayesian_keep010_seed42,55,ola,global,,,layers.1.weight,raw,72,0.06638129307924641,0.06730322821862814,0.06684226064893728,0,0.0,0.99921875,1280
bayesfl_observability_v1,ola_sparse_bayesian_keep010_seed42,55,ola,global,,,layers.1.weight,raw,73,0.06730322821862814,0.06822516335800986,0.06776419578831899,0,0.0,0.99921875,1280
bayesfl_observability_v1,ola_sparse_bayesian_keep010_seed42,55,ola,global,,,layers.1.weight,raw,74,0.06822516335800986,0.06914709849739158,0.06868613092770072,0,0.0,0.99921875,1280
bayesfl_observability_v1,ola_sparse_bayesian_keep010_seed42,55,ola,global,,,layers.1.weight,raw,75,0.06914709849739158,0.0700690336367733,0.06960806606708245,0,0.0,0.99921875,1280
bayesfl_observability_v1,ola_sparse_bayesian_keep010_seed42,55,ola,global,,,layers.1.weight,raw,76,0.0700690336367733,0.07099096877615503,0.07053000120646416,0,0.0,0.99921875,1280
bayesfl_observability_v1,ola_sparse_bayesian_keep010_seed42,55,ola,global,,,layers.1.weight,raw,77,0.07099096877615503,0.07191290391553676,0.0714519363458459,0,0.0,0.99921875,1280
bayesfl_observability_v1,ola_sparse_bayesian_keep010_seed42,55,ola,global,,,layers.1.weight,raw,78,0.07191290391553676,0.07283483905491848,0.07237387148522761,0,0.0,0.99921875,1280
bayesfl_observability_v1,ola_sparse_bayesian_keep010_seed42,55,ola,global,,,layers.1.weight,raw,79,0.07283483905491848,0.07375677419430021,0.07329580662460936,1,0.8474023460304657,1.0,1280
bayesfl_observability_v1,ola_sparse_bayesian_keep010_seed42,55,ola,global,,,layers.1.weight,db,0,-114.1413959467732,-112.9976780188674,-113.5695369828203,2,0.00136615852726993,0.0015625,1280
bayesfl_observability_v1,ola_sparse_bayesian_keep010_seed42,55,ola,global,,,layers.1.weight,db,1,-112.9976780188674,-111.85396009096162,-112.42581905491451,0,0.0,0.0015625,1280
bayesfl_observability_v1,ola_sparse_bayesian_keep010_seed42,55,ola,global,,,layers.1.weight,db,2,-111.85396009096162,-110.71024216305582,-111.28210112700873,0,0.0,0.0015625,1280
bayesfl_observability_v1,ola_sparse_bayesian_keep010_seed42,55,ola,global,,,layers.1.weight,db,3,-110.71024216305582,-109.56652423515003,-110.13838319910292,1,0.000683079263634965,0.00234375,1280
bayesfl_observability_v1,ola_sparse_bayesian_keep010_seed42,55,ola,global,,,layers.1.weight,db,4,-109.56652423515003,-108.42280630724424,-108.99466527119714,0,0.0,0.00234375,1280
bayesfl_observability_v1,ola_sparse_bayesian_keep010_seed42,55,ola,global,,,layers.1.weight,db,5,-108.42280630724424,-107.27908837933845,-107.85094734329135,1,0.000683079263634965,0.003125,1280
bayesfl_observability_v1,ola_sparse_bayesian_keep010_seed42,55,ola,global,,,layers.1.weight,db,6,-107.27908837933845,-106.13537045143265,-106.70722941538554,0,0.0,0.003125,1280
bayesfl_observability_v1,ola_sparse_bayesian_keep010_seed42,55,ola,global,,,layers.1.weight,db,7,-106.13537045143265,-104.99165252352687,-105.56351148747976,0,0.0,0.003125,1280
bayesfl_observability_v1,ola_sparse_bayesian_keep010_seed42,55,ola,global,,,layers.1.weight,db,8,-104.99165252352687,-103.84793459562107,-104.41979355957398,0,0.0,0.003125,1280
bayesfl_observability_v1,ola_sparse_bayesian_keep010_seed42,55,ola,global,,,layers.1.weight,db,9,-103.84793459562107,-102.70421666771529,-103.27607563166818,0,0.0,0.003125,1280
bayesfl_observability_v1,ola_sparse_bayesian_keep010_seed42,55,ola,global,,,layers.1.weight,db,10,-102.70421666771529,-101.56049873980949,-102.13235770376238,0,0.0,0.003125,1280
bayesfl_observability_v1,ola_sparse_bayesian_keep010_seed42,55,ola,global,,,layers.1.weight,db,11,-101.56049873980949,-100.41678081190369,-100.9886397758566,0,0.0,0.003125,1280
bayesfl_observability_v1,ola_sparse_bayesian_keep010_seed42,55,ola,global,,,layers.1.weight,db,12,-100.41678081190369,-99.27306288399791,-99.8449218479508,0,0.0,0.003125,1280
bayesfl_observability_v1,ola_sparse_bayesian_keep010_seed42,55,ola,global,,,layers.1.weight,db,13,-99.27306288399791,-98.12934495609211,-98.701203920045,0,0.0,0.003125,1280
bayesfl_observability_v1,ola_sparse_bayesian_keep010_seed42,55,ola,global,,,layers.1.weight,db,14,-98.12934495609211,-96.98562702818631,-97.55748599213922,0,0.0,0.003125,1280
bayesfl_observability_v1,ola_sparse_bayesian_keep010_seed42,55,ola,global,,,layers.1.weight,db,15,-96.98562702818631,-95.84190910028053,-96.41376806423342,0,0.0,0.003125,1280
bayesfl_observability_v1,ola_sparse_bayesian_keep010_seed42,55,ola,global,,,layers.1.weight,db,16,-95.84190910028053,-94.69819117237473,-95.27005013632763,0,0.0,0.003125,1280
bayesfl_observability_v1,ola_sparse_bayesian_keep010_seed42,55,ola,global,,,layers.1.weight,db,17,-94.69819117237473,-93.55447324446894,-94.12633220842184,1,0.000683079263634965,0.00390625,1280
bayesfl_observability_v1,ola_sparse_bayesian_keep010_seed42,55,ola,global,,,layers.1.weight,db,18,-93.55447324446894,-92.41075531656315,-92.98261428051605,0,0.0,0.00390625,1280
bayesfl_observability_v1,ola_sparse_bayesian_keep010_seed42,55,ola,global,,,layers.1.weight,db,19,-92.41075531656315,-91.26703738865736,-91.83889635261025,2,0.00136615852726993,0.00546875,1280
bayesfl_observability_v1,ola_sparse_bayesian_keep010_seed42,55,ola,global,,,layers.1.weight,db,20,-91.26703738865736,-90.12331946075156,-90.69517842470447,0,0.0,0.00546875,1280
bayesfl_observability_v1,ola_sparse_bayesian_keep010_seed42,55,ola,global,,,layers.1.weight,db,21,-90.12331946075156,-88.97960153284578,-89.55146049679867,1,0.0006830792636349735,0.00625,1280
bayesfl_observability_v1,ola_sparse_bayesian_keep010_seed42,55,ola,global,,,layers.1.weight,db,22,-88.97960153284578,-87.83588360493998,-88.40774256889287,0,0.0,0.00625,1280
bayesfl_observability_v1,ola_sparse_bayesian_keep010_seed42,55,ola,global,,,layers.1.weight,db,23,-87.83588360493998,-86.69216567703418,-87.26402464098709,0,0.0,0.00625,1280
bayesfl_observability_v1,ola_sparse_bayesian_keep010_seed42,55,ola,global,,,layers.1.weight,db,24,-86.69216567703418,-85.5484477491284,-86.12030671308129,0,0.0,0.00625,1280
bayesfl_observability_v1,ola_sparse_bayesian_keep010_seed42,55,ola,global,,,layers.1.weight,db,25,-85.5484477491284,-84.4047298212226,-84.9765887851755,1,0.000683079263634965,0.00703125,1280
bayesfl_observability_v1,ola_sparse_bayesian_keep010_seed42,55,ola,global,,,layers.1.weight,db,26,-84.4047298212226,-83.2610118933168,-83.83287085726971,1,0.000683079263634965,0.0078125,1280
bayesfl_observability_v1,ola_sparse_bayesian_keep010_seed42,55,ola,global,,,layers.1.weight,db,27,-83.2610118933168,-82.11729396541102,-82.68915292936391,2,0.001366158527269947,0.009375,1280
bayesfl_observability_v1,ola_sparse_bayesian_keep010_seed42,55,ola,global,,,layers.1.weight,db,28,-82.11729396541102,-80.97357603750523,-81.54543500145812,1,0.000683079263634965,0.01015625,1280
bayesfl_observability_v1,ola_sparse_bayesian_keep010_seed42,55,ola,global,,,layers.1.weight,db,29,-80.97357603750523,-79.82985810959943,-80.40171707355233,1,0.000683079263634965,0.0109375,1280
bayesfl_observability_v1,ola_sparse_bayesian_keep010_seed42,55,ola,global,,,layers.1.weight,db,30,-79.82985810959943,-78.68614018169364,-79.25799914564654,2,0.001366158527269947,0.0125,1280
bayesfl_observability_v1,ola_sparse_bayesian_keep010_seed42,55,ola,global,,,layers.1.weight,db,31,-78.68614018169364,-77.54242225378785,-78.11428121774074,2,0.00136615852726993,0.0140625,1280
bayesfl_observability_v1,ola_sparse_bayesian_keep010_seed42,55,ola,global,,,layers.1.weight,db,32,-77.54242225378785,-76.39870432588205,-76.97056328983496,1,0.000683079263634965,0.01484375,1280
bayesfl_observability_v1,ola_sparse_bayesian_keep010_seed42,55,ola,global,,,layers.1.weight,db,33,-76.39870432588205,-75.25498639797627,-75.82684536192916,4,0.002732317054539894,0.01796875,1280
bayesfl_observability_v1,ola_sparse_bayesian_keep010_seed42,55,ola,global,,,layers.1.weight,db,34,-75.25498639797627,-74.11126847007047,-74.68312743402336,5,0.0034153963181748253,0.021875,1280
bayesfl_observability_v1,ola_sparse_bayesian_keep010_seed42,55,ola,global,,,layers.1.weight,db,35,-74.11126847007047,-72.96755054216467,-73.53940950611758,2,0.00136615852726993,0.0234375,1280
bayesfl_observability_v1,ola_sparse_bayesian_keep010_seed42,55,ola,global,,,layers.1.weight,db,36,-72.96755054216467,-71.82383261425889,-72.39569157821178,3,0.0020492377909049207,0.02578125,1280
bayesfl_observability_v1,ola_sparse_bayesian_keep010_seed42,55,ola,global,,,layers.1.weight,db,37,-71.82383261425889,-70.6801146863531,-71.25197365030598,4,0.00273231705453986,0.02890625,1280
bayesfl_observability_v1,ola_sparse_bayesian_keep010_seed42,55,ola,global,,,layers.1.weight,db,38,-70.6801146863531,-69.5363967584473,-70.1082557224002,7,0.004781554845444755,0.034375,1280
bayesfl_observability_v1,ola_sparse_bayesian_keep010_seed42,55,ola,global,,,layers.1.weight,db,39,-69.5363967584473,-68.39267883054151,-68.9645377944944,5,0.0034153963181748678,0.03828125,1280
bayesfl_observability_v1,ola_sparse_bayesian_keep010_seed42,55,ola,global,,,layers.1.weight,db,40,-68.39267883054151,-67.24896090263572,-67.82081986658861,5,0.0034153963181748253,0.0421875,1280
bayesfl_observability_v1,ola_sparse_bayesian_keep010_seed42,55,ola,global,,,layers.1.weight,db,41,-67.24896090263572,-66.10524297472992,-66.67710193868282,11,0.007513871899984616,0.05078125,1280
bayesfl_observability_v1,ola_sparse_bayesian_keep010_seed42,55,ola,global,,,layers.1.weight,db,42,-66.10524297472992,-64.96152504682414,-65.53338401077703,10,0.0068307926363497355,0.05859375,1280
bayesfl_observability_v1,ola_sparse_bayesian_keep010_seed42,55,ola,global,,,layers.1.weight,db,43,-64.96152504682414,-63.81780711891834,-64.38966608287123,18,0.012295426745429371,0.07265625,1280
bayesfl_observability_v1,ola_sparse_bayesian_keep010_seed42,55,ola,global,,,layers.1.weight,db,44,-63.81780711891834,-62.67408919101255,-63.24594815496545,10,0.006830792636349693,0.08046875,1280
bayesfl_observability_v1,ola_sparse_bayesian_keep010_seed42,55,ola,global,,,layers.1.weight,db,45,-62.67408919101255,-61.53037126310676,-62.10223022705965,16,0.010929268218159508,0.09296875,1280
bayesfl_observability_v1,ola_sparse_bayesian_keep010_seed42,55,ola,global,,,layers.1.weight,db,46,-61.53037126310676,-60.38665333520096,-60.95851229915386,21,0.014344664536334267,0.109375,1280
bayesfl_observability_v1,ola_sparse_bayesian_keep010_seed42,55,ola,global,,,layers.1.weight,db,47,-60.38665333520096,-59.24293540729517,-59.81479437124807,19,0.012978506009064417,0.12421875,1280
bayesfl_observability_v1,ola_sparse_bayesian_keep010_seed42,55,ola,global,,,layers.1.weight,db,48,-59.24293540729517,-58.09921747938938,-58.67107644334227,22,0.015027743799969325,0.14140625,1280
bayesfl_observability_v1,ola_sparse_bayesian_keep010_seed42,55,ola,global,,,layers.1.weight,db,49,-58.09921747938938,-56.955499551483584,-57.52735851543648,40,0.027323170545398602,0.17265625,1280
bayesfl_observability_v1,ola_sparse_bayesian_keep010_seed42,55,ola,global,,,layers.1.weight,db,50,-56.955499551483584,-55.811781623577794,-56.38364058753069,20,0.013661585272699386,0.18828125,1280
bayesfl_observability_v1,ola_sparse_bayesian_keep010_seed42,55,ola,global,,,layers.1.weight,db,51,-55.811781623577794,-54.668063695672004,-55.239922659624895,39,0.026640091281763804,0.21875,1280
bayesfl_observability_v1,ola_sparse_bayesian_keep010_seed42,55,ola,global,,,layers.1.weight,db,52,-54.668063695672004,-53.52434576776621,-54.096204731719105,35,0.023907774227223778,0.24609375,1280
bayesfl_observability_v1,ola_sparse_bayesian_keep010_seed42,55,ola,global,,,layers.1.weight,db,53,-53.52434576776621,-52.380627839860416,-52.952486803813315,35,0.023907774227223927,0.2734375,1280
bayesfl_observability_v1,ola_sparse_bayesian_keep010_seed42,55,ola,global,,,layers.1.weight,db,54,-52.380627839860416,-51.236909911954626,-51.80876887590752,47,0.03210472539084356,0.31015625,1280
bayesfl_observability_v1,ola_sparse_bayesian_keep010_seed42,55,ola,global,,,layers.1.weight,db,55,-51.236909911954626,-50.09319198404883,-50.66505094800173,60,0.04098475581809791,0.35703125,1280
bayesfl_observability_v1,ola_sparse_bayesian_keep010_seed42,55,ola,global,,,layers.1.weight,db,56,-50.09319198404883,-48.949474056143046,-49.52133302009594,52,0.03552012170901862,0.39765625,1280
bayesfl_observability_v1,ola_sparse_bayesian_keep010_seed42,55,ola,global,,,layers.1.weight,db,57,-48.949474056143046,-47.80575612823725,-48.37761509219015,54,0.036886280236288115,0.43984375,1280
bayesfl_observability_v1,ola_sparse_bayesian_keep010_seed42,55,ola,global,,,layers.1.weight,db,58,-47.80575612823725,-46.66203820033145,-47.23389716428435,75,0.05123094477262238,0.4984375,1280
bayesfl_observability_v1,ola_sparse_bayesian_keep010_seed42,55,ola,global,,,layers.1.weight,db,59,-46.66203820033145,-45.51832027242567,-46.09017923637856,74,0.050547865508988044,0.55625,1280
bayesfl_observability_v1,ola_sparse_bayesian_keep010_seed42,55,ola,global,,,layers.1.weight,db,60,-45.51832027242567,-44.37460234451987,-44.94646130847277,71,0.04849862771808252,0.61171875,1280
bayesfl_observability_v1,ola_sparse_bayesian_keep010_seed42,55,ola,global,,,layers.1.weight,db,61,-44.37460234451987,-43.230884416614074,-43.80274338056697,70,0.047815548454447555,0.66640625,1280
bayesfl_observability_v1,ola_sparse_bayesian_keep010_seed42,55,ola,global,,,layers.1.weight,db,62,-43.230884416614074,-42.08716648870829,-42.65902545266118,61,0.041667835081733384,0.7140625,1280
bayesfl_observability_v1,ola_sparse_bayesian_keep010_seed42,55,ola,global,,,layers.1.weight,db,63,-42.08716648870829,-40.943448560802494,-41.51530752475539,57,0.03893551802719301,0.75859375,1280
bayesfl_observability_v1,ola_sparse_bayesian_keep010_seed42,55,ola,global,,,layers.1.weight,db,64,-40.943448560802494,-39.7997306328967,-40.371589596849596,55,0.03756935949992308,0.8015625,1280
bayesfl_observability_v1,ola_sparse_bayesian_keep010_seed42,55,ola,global,,,layers.1.weight,db,65,-39.7997306328967,-38.656012704990914,-39.227871668943806,48,0.03278780465447873,0.8390625,1280
bayesfl_observability_v1,ola_sparse_bayesian_keep010_seed42,55,ola,global,,,layers.1.weight,db,66,-38.656012704990914,-37.51229477708512,-38.084153741038016,31,0.021175457172683917,0.86328125,1280
bayesfl_observability_v1,ola_sparse_bayesian_keep010_seed42,55,ola,global,,,layers.1.weight,db,67,-37.51229477708512,-36.36857684917932,-36.94043581313222,29,0.019809298645413986,0.8859375,1280
bayesfl_observability_v1,ola_sparse_bayesian_keep010_seed42,55,ola,global,,,layers.1.weight,db,68,-36.36857684917932,-35.22485892127354,-35.79671788522643,29,0.019809298645414232,0.90859375,1280
bayesfl_observability_v1,ola_sparse_bayesian_keep010_seed42,55,ola,global,,,layers.1.weight,db,69,-35.22485892127354,-34.08114099336774,-34.65299995732064,39,0.026640091281763638,0.9390625,1280
bayesfl_observability_v1,ola_sparse_bayesian_keep010_seed42,55,ola,global,,,layers.1.weight,db,70,-34.08114099336774,-32.93742306546194,-33.50928202941484,17,0.011612347481794407,0.95234375,1280
bayesfl_observability_v1,ola_sparse_bayesian_keep010_seed42,55,ola,global,,,layers.1.weight,db,71,-32.93742306546194,-31.79370513755616,-32.36556410150905,11,0.007513871899984709,0.9609375,1280
bayesfl_observability_v1,ola_sparse_bayesian_keep010_seed42,55,ola,global,,,layers.1.weight,db,72,-31.79370513755616,-30.649987209650362,-31.22184617360326,13,0.008880030427254547,0.97109375,1280
bayesfl_observability_v1,ola_sparse_bayesian_keep010_seed42,55,ola,global,,,layers.1.weight,db,73,-30.649987209650362,-29.506269281744565,-30.078128245697464,8,0.00546463410907972,0.97734375,1280
bayesfl_observability_v1,ola_sparse_bayesian_keep010_seed42,55,ola,global,,,layers.1.weight,db,74,-29.506269281744565,-28.362551353838782,-28.934410317791674,9,0.006147713372714762,0.984375,1280
bayesfl_observability_v1,ola_sparse_bayesian_keep010_seed42,55,ola,global,,,layers.1.weight,db,75,-28.362551353838782,-27.218833425932985,-27.790692389885884,7,0.004781554845444755,0.98984375,1280
bayesfl_observability_v1,ola_sparse_bayesian_keep010_seed42,55,ola,global,,,layers.1.weight,db,76,-27.218833425932985,-26.075115498027188,-26.646974461980086,5,0.0034153963181748253,0.99375,1280
bayesfl_observability_v1,ola_sparse_bayesian_keep010_seed42,55,ola,global,,,layers.1.weight,db,77,-26.075115498027188,-24.931397570121405,-25.503256534074296,3,0.0020492377909049207,0.99609375,1280
bayesfl_observability_v1,ola_sparse_bayesian_keep010_seed42,55,ola,global,,,layers.1.weight,db,78,-24.931397570121405,-23.787679642215608,-24.359538606168506,4,0.00273231705453986,0.99921875,1280
bayesfl_observability_v1,ola_sparse_bayesian_keep010_seed42,55,ola,global,,,layers.1.weight,db,79,-23.787679642215608,-22.64396171430983,-23.21582067826272,1,0.0006830792636349778,1.0,1280
bayesfl_observability_v1,ola_sparse_bayesian_keep010_seed42,55,ola,global,,,layers.1.bias,raw,0,2.065057566965961e-05,0.00019107249656771731,0.00010586153611868846,1,586.7789746356491,0.1,10
bayesfl_observability_v1,ola_sparse_bayesian_keep010_seed42,55,ola,global,,,layers.1.bias,raw,1,0.00019107249656771731,0.000361494417465775,0.00027628345701674617,1,586.7789746356491,0.2,10
bayesfl_observability_v1,ola_sparse_bayesian_keep010_seed42,55,ola,global,,,layers.1.bias,raw,2,0.000361494417465775,0.0005319163383638327,0.0004467053779148039,1,586.7789746356491,0.3,10
bayesfl_observability_v1,ola_sparse_bayesian_keep010_seed42,55,ola,global,,,layers.1.bias,raw,3,0.0005319163383638327,0.0007023382592618904,0.0006171272988128616,1,586.7789746356491,0.4,10
bayesfl_observability_v1,ola_sparse_bayesian_keep010_seed42,55,ola,global,,,layers.1.bias,raw,4,0.0007023382592618904,0.0008727601801599481,0.0007875492197109193,0,0.0,0.4,10
bayesfl_observability_v1,ola_sparse_bayesian_keep010_seed42,55,ola,global,,,layers.1.bias,raw,5,0.0008727601801599481,0.0010431821010580059,0.000957971140608977,1,586.7789746356491,0.5,10
bayesfl_observability_v1,ola_sparse_bayesian_keep010_seed42,55,ola,global,,,layers.1.bias,raw,6,0.0010431821010580059,0.0012136040219560636,0.0011283930615070348,1,586.7789746356491,0.6,10
bayesfl_observability_v1,ola_sparse_bayesian_keep010_seed42,55,ola,global,,,layers.1.bias,raw,7,0.0012136040219560636,0.0013840259428541213,0.0012988149824050923,0,0.0,0.6,10
bayesfl_observability_v1,ola_sparse_bayesian_keep010_seed42,55,ola,global,,,layers.1.bias,raw,8,0.0013840259428541213,0.001554447863752179,0.0014692369033031502,0,0.0,0.6,10
bayesfl_observability_v1,ola_sparse_bayesian_keep010_seed42,55,ola,global,,,layers.1.bias,raw,9,0.001554447863752179,0.0017248697846502367,0.0016396588242012077,0,0.0,0.6,10
bayesfl_observability_v1,ola_sparse_bayesian_keep010_seed42,55,ola,global,,,layers.1.bias,raw,10,0.0017248697846502367,0.0018952917055482944,0.0018100807450992656,0,0.0,0.6,10
bayesfl_observability_v1,ola_sparse_bayesian_keep010_seed42,55,ola,global,,,layers.1.bias,raw,11,0.0018952917055482944,0.002065713626446352,0.001980502665997323,0,0.0,0.6,10
bayesfl_observability_v1,ola_sparse_bayesian_keep010_seed42,55,ola,global,,,layers.1.bias,raw,12,0.002065713626446352,0.00223613554734441,0.002150924586895381,0,0.0,0.6,10
bayesfl_observability_v1,ola_sparse_bayesian_keep010_seed42,55,ola,global,,,layers.1.bias,raw,13,0.00223613554734441,0.0024065574682424675,0.0023213465077934385,0,0.0,0.6,10
bayesfl_observability_v1,ola_sparse_bayesian_keep010_seed42,55,ola,global,,,layers.1.bias,raw,14,0.0024065574682424675,0.002576979389140525,0.0024917684286914965,0,0.0,0.6,10
bayesfl_observability_v1,ola_sparse_bayesian_keep010_seed42,55,ola,global,,,layers.1.bias,raw,15,0.002576979389140525,0.002747401310038583,0.002662190349589554,0,0.0,0.6,10
bayesfl_observability_v1,ola_sparse_bayesian_keep010_seed42,55,ola,global,,,layers.1.bias,raw,16,0.002747401310038583,0.002917823230936641,0.002832612270487612,0,0.0,0.6,10
bayesfl_observability_v1,ola_sparse_bayesian_keep010_seed42,55,ola,global,,,layers.1.bias,raw,17,0.002917823230936641,0.0030882451518346983,0.0030030341913856694,0,0.0,0.6,10
bayesfl_observability_v1,ola_sparse_bayesian_keep010_seed42,55,ola,global,,,layers.1.bias,raw,18,0.0030882451518346983,0.003258667072732756,0.0031734561122837273,0,0.0,0.6,10
bayesfl_observability_v1,ola_sparse_bayesian_keep010_seed42,55,ola,global,,,layers.1.bias,raw,19,0.003258667072732756,0.0034290889936308138,0.003343878033181785,0,0.0,0.6,10
bayesfl_observability_v1,ola_sparse_bayesian_keep010_seed42,55,ola,global,,,layers.1.bias,raw,20,0.0034290889936308138,0.0035995109145288717,0.0035142999540798427,0,0.0,0.6,10
bayesfl_observability_v1,ola_sparse_bayesian_keep010_seed42,55,ola,global,,,layers.1.bias,raw,21,0.0035995109145288717,0.003769932835426929,0.0036847218749779,0,0.0,0.6,10
bayesfl_observability_v1,ola_sparse_bayesian_keep010_seed42,55,ola,global,,,layers.1.bias,raw,22,0.003769932835426929,0.003940354756324987,0.003855143795875958,0,0.0,0.6,10
bayesfl_observability_v1,ola_sparse_bayesian_keep010_seed42,55,ola,global,,,layers.1.bias,raw,23,0.003940354756324987,0.004110776677223045,0.004025565716774016,1,586.7789746356483,0.7,10
bayesfl_observability_v1,ola_sparse_bayesian_keep010_seed42,55,ola,global,,,layers.1.bias,raw,24,0.004110776677223045,0.004281198598121103,0.004195987637672074,1,586.7789746356483,0.8,10
bayesfl_observability_v1,ola_sparse_bayesian_keep010_seed42,55,ola,global,,,layers.1.bias,raw,25,0.004281198598121103,0.004451620519019161,0.004366409558570132,0,0.0,0.8,10
bayesfl_observability_v1,ola_sparse_bayesian_keep010_seed42,55,ola,global,,,layers.1.bias,raw,26,0.004451620519019161,0.004622042439917218,0.004536831479468189,0,0.0,0.8,10
bayesfl_observability_v1,ola_sparse_bayesian_keep010_seed42,55,ola,global,,,layers.1.bias,raw,27,0.004622042439917218,0.004792464360815276,0.004707253400366247,1,586.7789746356483,0.9,10
bayesfl_observability_v1,ola_sparse_bayesian_keep010_seed42,55,ola,global,,,layers.1.bias,raw,28,0.004792464360815276,0.004962886281713334,0.004877675321264305,0,0.0,0.9,10
bayesfl_observability_v1,ola_sparse_bayesian_keep010_seed42,55,ola,global,,,layers.1.bias,raw,29,0.004962886281713334,0.005133308202611391,0.005048097242162363,0,0.0,0.9,10
bayesfl_observability_v1,ola_sparse_bayesian_keep010_seed42,55,ola,global,,,layers.1.bias,raw,30,0.005133308202611391,0.005303730123509449,0.00521851916306042,0,0.0,0.9,10
bayesfl_observability_v1,ola_sparse_bayesian_keep010_seed42,55,ola,global,,,layers.1.bias,raw,31,0.005303730123509449,0.005474152044407507,0.005388941083958478,0,0.0,0.9,10
bayesfl_observability_v1,ola_sparse_bayesian_keep010_seed42,55,ola,global,,,layers.1.bias,raw,32,0.005474152044407507,0.005644573965305565,0.005559363004856536,0,0.0,0.9,10
bayesfl_observability_v1,ola_sparse_bayesian_keep010_seed42,55,ola,global,,,layers.1.bias,raw,33,0.005644573965305565,0.0058149958862036225,0.0057297849257545936,0,0.0,0.9,10
bayesfl_observability_v1,ola_sparse_bayesian_keep010_seed42,55,ola,global,,,layers.1.bias,raw,34,0.0058149958862036225,0.00598541780710168,0.005900206846652651,0,0.0,0.9,10
bayesfl_observability_v1,ola_sparse_bayesian_keep010_seed42,55,ola,global,,,layers.1.bias,raw,35,0.00598541780710168,0.0061558397279997375,0.0060706287675507085,0,0.0,0.9,10
bayesfl_observability_v1,ola_sparse_bayesian_keep010_seed42,55,ola,global,,,layers.1.bias,raw,36,0.0061558397279997375,0.006326261648897795,0.0062410506884487665,0,0.0,0.9,10
bayesfl_observability_v1,ola_sparse_bayesian_keep010_seed42,55,ola,global,,,layers.1.bias,raw,37,0.006326261648897795,0.0064966835697958525,0.006411472609346824,0,0.0,0.9,10
bayesfl_observability_v1,ola_sparse_bayesian_keep010_seed42,55,ola,global,,,layers.1.bias,raw,38,0.0064966835697958525,0.00666710549069391,0.0065818945302448814,0,0.0,0.9,10
bayesfl_observability_v1,ola_sparse_bayesian_keep010_seed42,55,ola,global,,,layers.1.bias,raw,39,0.00666710549069391,0.006837527411591968,0.006752316451142939,0,0.0,0.9,10
bayesfl_observability_v1,ola_sparse_bayesian_keep010_seed42,55,ola,global,,,layers.1.bias,raw,40,0.006837527411591968,0.007007949332490026,0.006922738372040997,0,0.0,0.9,10
bayesfl_observability_v1,ola_sparse_bayesian_keep010_seed42,55,ola,global,,,layers.1.bias,raw,41,0.007007949332490026,0.007178371253388084,0.007093160292939055,0,0.0,0.9,10
bayesfl_observability_v1,ola_sparse_bayesian_keep010_seed42,55,ola,global,,,layers.1.bias,raw,42,0.007178371253388084,0.007348793174286141,0.007263582213837112,0,0.0,0.9,10
bayesfl_observability_v1,ola_sparse_bayesian_keep010_seed42,55,ola,global,,,layers.1.bias,raw,43,0.007348793174286141,0.007519215095184199,0.00743400413473517,0,0.0,0.9,10
bayesfl_observability_v1,ola_sparse_bayesian_keep010_seed42,55,ola,global,,,layers.1.bias,raw,44,0.007519215095184199,0.007689637016082257,0.007604426055633228,0,0.0,0.9,10
bayesfl_observability_v1,ola_sparse_bayesian_keep010_seed42,55,ola,global,,,layers.1.bias,raw,45,0.007689637016082257,0.007860058936980314,0.007774847976531286,0,0.0,0.9,10
bayesfl_observability_v1,ola_sparse_bayesian_keep010_seed42,55,ola,global,,,layers.1.bias,raw,46,0.007860058936980314,0.008030480857878372,0.007945269897429344,0,0.0,0.9,10
bayesfl_observability_v1,ola_sparse_bayesian_keep010_seed42,55,ola,global,,,layers.1.bias,raw,47,0.008030480857878372,0.00820090277877643,0.0081156918183274,0,0.0,0.9,10
bayesfl_observability_v1,ola_sparse_bayesian_keep010_seed42,55,ola,global,,,layers.1.bias,raw,48,0.00820090277877643,0.008371324699674488,0.00828611373922546,0,0.0,0.9,10
bayesfl_observability_v1,ola_sparse_bayesian_keep010_seed42,55,ola,global,,,layers.1.bias,raw,49,0.008371324699674488,0.008541746620572546,0.008456535660123516,0,0.0,0.9,10
bayesfl_observability_v1,ola_sparse_bayesian_keep010_seed42,55,ola,global,,,layers.1.bias,raw,50,0.008541746620572546,0.008712168541470604,0.008626957581021576,0,0.0,0.9,10
bayesfl_observability_v1,ola_sparse_bayesian_keep010_seed42,55,ola,global,,,layers.1.bias,raw,51,0.008712168541470604,0.008882590462368662,0.008797379501919632,0,0.0,0.9,10
bayesfl_observability_v1,ola_sparse_bayesian_keep010_seed42,55,ola,global,,,layers.1.bias,raw,52,0.008882590462368662,0.009053012383266718,0.00896780142281769,0,0.0,0.9,10
bayesfl_observability_v1,ola_sparse_bayesian_keep010_seed42,55,ola,global,,,layers.1.bias,raw,53,0.009053012383266718,0.009223434304164776,0.009138223343715748,0,0.0,0.9,10
bayesfl_observability_v1,ola_sparse_bayesian_keep010_seed42,55,ola,global,,,layers.1.bias,raw,54,0.009223434304164776,0.009393856225062834,0.009308645264613804,0,0.0,0.9,10
bayesfl_observability_v1,ola_sparse_bayesian_keep010_seed42,55,ola,global,,,layers.1.bias,raw,55,0.009393856225062834,0.009564278145960892,0.009479067185511864,0,0.0,0.9,10
bayesfl_observability_v1,ola_sparse_bayesian_keep010_seed42,55,ola,global,,,layers.1.bias,raw,56,0.009564278145960892,0.00973470006685895,0.00964948910640992,0,0.0,0.9,10
bayesfl_observability_v1,ola_sparse_bayesian_keep010_seed42,55,ola,global,,,layers.1.bias,raw,57,0.00973470006685895,0.009905121987757008,0.00981991102730798,0,0.0,0.9,10
bayesfl_observability_v1,ola_sparse_bayesian_keep010_seed42,55,ola,global,,,layers.1.bias,raw,58,0.009905121987757008,0.010075543908655065,0.009990332948206036,0,0.0,0.9,10
bayesfl_observability_v1,ola_sparse_bayesian_keep010_seed42,55,ola,global,,,layers.1.bias,raw,59,0.010075543908655065,0.010245965829553122,0.010160754869104094,0,0.0,0.9,10
bayesfl_observability_v1,ola_sparse_bayesian_keep010_seed42,55,ola,global,,,layers.1.bias,raw,60,0.010245965829553122,0.01041638775045118,0.010331176790002151,0,0.0,0.9,10
bayesfl_observability_v1,ola_sparse_bayesian_keep010_seed42,55,ola,global,,,layers.1.bias,raw,61,0.01041638775045118,0.010586809671349237,0.010501598710900208,0,0.0,0.9,10
bayesfl_observability_v1,ola_sparse_bayesian_keep010_seed42,55,ola,global,,,layers.1.bias,raw,62,0.010586809671349237,0.010757231592247295,0.010672020631798267,0,0.0,0.9,10
bayesfl_observability_v1,ola_sparse_bayesian_keep010_seed42,55,ola,global,,,layers.1.bias,raw,63,0.010757231592247295,0.010927653513145353,0.010842442552696323,0,0.0,0.9,10
bayesfl_observability_v1,ola_sparse_bayesian_keep010_seed42,55,ola,global,,,layers.1.bias,raw,64,0.010927653513145353,0.011098075434043411,0.011012864473594383,0,0.0,0.9,10
bayesfl_observability_v1,ola_sparse_bayesian_keep010_seed42,55,ola,global,,,layers.1.bias,raw,65,0.011098075434043411,0.01126849735494147,0.01118328639449244,0,0.0,0.9,10
bayesfl_observability_v1,ola_sparse_bayesian_keep010_seed42,55,ola,global,,,layers.1.bias,raw,66,0.01126849735494147,0.011438919275839527,0.011353708315390499,0,0.0,0.9,10
bayesfl_observability_v1,ola_sparse_bayesian_keep010_seed42,55,ola,global,,,layers.1.bias,raw,67,0.011438919275839527,0.011609341196737585,0.011524130236288555,0,0.0,0.9,10
bayesfl_observability_v1,ola_sparse_bayesian_keep010_seed42,55,ola,global,,,layers.1.bias,raw,68,0.011609341196737585,0.011779763117635641,0.011694552157186613,0,0.0,0.9,10
bayesfl_observability_v1,ola_sparse_bayesian_keep010_seed42,55,ola,global,,,layers.1.bias,raw,69,0.011779763117635641,0.011950185038533699,0.011864974078084671,0,0.0,0.9,10
bayesfl_observability_v1,ola_sparse_bayesian_keep010_seed42,55,ola,global,,,layers.1.bias,raw,70,0.011950185038533699,0.012120606959431757,0.012035395998982727,0,0.0,0.9,10
bayesfl_observability_v1,ola_sparse_bayesian_keep010_seed42,55,ola,global,,,layers.1.bias,raw,71,0.012120606959431757,0.012291028880329815,0.012205817919880787,0,0.0,0.9,10
bayesfl_observability_v1,ola_sparse_bayesian_keep010_seed42,55,ola,global,,,layers.1.bias,raw,72,0.012291028880329815,0.012461450801227873,0.012376239840778843,0,0.0,0.9,10
bayesfl_observability_v1,ola_sparse_bayesian_keep010_seed42,55,ola,global,,,layers.1.bias,raw,73,0.012461450801227873,0.01263187272212593,0.012546661761676903,0,0.0,0.9,10
bayesfl_observability_v1,ola_sparse_bayesian_keep010_seed42,55,ola,global,,,layers.1.bias,raw,74,0.01263187272212593,0.012802294643023989,0.012717083682574959,0,0.0,0.9,10
bayesfl_observability_v1,ola_sparse_bayesian_keep010_seed42,55,ola,global,,,layers.1.bias,raw,75,0.012802294643023989,0.012972716563922045,0.012887505603473017,0,0.0,0.9,10
bayesfl_observability_v1,ola_sparse_bayesian_keep010_seed42,55,ola,global,,,layers.1.bias,raw,76,0.012972716563922045,0.013143138484820103,0.013057927524371075,0,0.0,0.9,10
bayesfl_observability_v1,ola_sparse_bayesian_keep010_seed42,55,ola,global,,,layers.1.bias,raw,77,0.013143138484820103,0.01331356040571816,0.013228349445269131,0,0.0,0.9,10
bayesfl_observability_v1,ola_sparse_bayesian_keep010_seed42,55,ola,global,,,layers.1.bias,raw,78,0.01331356040571816,0.013483982326616219,0.01339877136616719,0,0.0,0.9,10
bayesfl_observability_v1,ola_sparse_bayesian_keep010_seed42,55,ola,global,,,layers.1.bias,raw,79,0.013483982326616219,0.013654404247514277,0.013569193287065247,1,586.7789746356483,1.0,10
bayesfl_observability_v1,ola_sparse_bayesian_keep010_seed42,55,ola,global,,,layers.1.bias,db,0,-93.70135632232675,-92.9962711792206,-93.34881375077367,1,0.1418268431518286,0.1,10
bayesfl_observability_v1,ola_sparse_bayesian_keep010_seed42,55,ola,global,,,layers.1.bias,db,1,-92.9962711792206,-92.29118603611444,-92.64372860766753,0,0.0,0.1,10
bayesfl_observability_v1,ola_sparse_bayesian_keep010_seed42,55,ola,global,,,layers.1.bias,db,2,-92.29118603611444,-91.5861008930083,-91.93864346456137,0,0.0,0.1,10
bayesfl_observability_v1,ola_sparse_bayesian_keep010_seed42,55,ola,global,,,layers.1.bias,db,3,-91.5861008930083,-90.88101574990215,-91.23355832145522,0,0.0,0.1,10
bayesfl_observability_v1,ola_sparse_bayesian_keep010_seed42,55,ola,global,,,layers.1.bias,db,4,-90.88101574990215,-90.175930606796,-90.52847317834907,0,0.0,0.1,10
bayesfl_observability_v1,ola_sparse_bayesian_keep010_seed42,55,ola,global,,,layers.1.bias,db,5,-90.175930606796,-89.47084546368984,-89.82338803524291,0,0.0,0.1,10
bayesfl_observability_v1,ola_sparse_bayesian_keep010_seed42,55,ola,global,,,layers.1.bias,db,6,-89.47084546368984,-88.7657603205837,-89.11830289213677,0,0.0,0.1,10
bayesfl_observability_v1,ola_sparse_bayesian_keep010_seed42,55,ola,global,,,layers.1.bias,db,7,-88.7657603205837,-88.06067517747755,-88.41321774903062,0,0.0,0.1,10
bayesfl_observability_v1,ola_sparse_bayesian_keep010_seed42,55,ola,global,,,layers.1.bias,db,8,-88.06067517747755,-87.3555900343714,-87.70813260592448,0,0.0,0.1,10
bayesfl_observability_v1,ola_sparse_bayesian_keep010_seed42,55,ola,global,,,layers.1.bias,db,9,-87.3555900343714,-86.65050489126524,-87.00304746281833,0,0.0,0.1,10
bayesfl_observability_v1,ola_sparse_bayesian_keep010_seed42,55,ola,global,,,layers.1.bias,db,10,-86.65050489126524,-85.9454197481591,-86.29796231971217,0,0.0,0.1,10
bayesfl_observability_v1,ola_sparse_bayesian_keep010_seed42,55,ola,global,,,layers.1.bias,db,11,-85.9454197481591,-85.24033460505295,-85.59287717660602,0,0.0,0.1,10
bayesfl_observability_v1,ola_sparse_bayesian_keep010_seed42,55,ola,global,,,layers.1.bias,db,12,-85.24033460505295,-84.53524946194679,-84.88779203349986,0,0.0,0.1,10
bayesfl_observability_v1,ola_sparse_bayesian_keep010_seed42,55,ola,global,,,layers.1.bias,db,13,-84.53524946194679,-83.83016431884064,-84.18270689039372,0,0.0,0.1,10
bayesfl_observability_v1,ola_sparse_bayesian_keep010_seed42,55,ola,global,,,layers.1.bias,db,14,-83.83016431884064,-83.1250791757345,-83.47762174728757,0,0.0,0.1,10
bayesfl_observability_v1,ola_sparse_bayesian_keep010_seed42,55,ola,global,,,layers.1.bias,db,15,-83.1250791757345,-82.41999403262835,-82.77253660418143,0,0.0,0.1,10
bayesfl_observability_v1,ola_sparse_bayesian_keep010_seed42,55,ola,global,,,layers.1.bias,db,16,-82.41999403262835,-81.7149088895222,-82.06745146107528,0,0.0,0.1,10
bayesfl_observability_v1,ola_sparse_bayesian_keep010_seed42,55,ola,global,,,layers.1.bias,db,17,-81.7149088895222,-81.00982374641605,-81.36236631796913,0,0.0,0.1,10
bayesfl_observability_v1,ola_sparse_bayesian_keep010_seed42,55,ola,global,,,layers.1.bias,db,18,-81.00982374641605,-80.3047386033099,-80.65728117486297,0,0.0,0.1,10
bayesfl_observability_v1,ola_sparse_bayesian_keep010_seed42,55,ola,global,,,layers.1.bias,db,19,-80.3047386033099,-79.59965346020375,-79.95219603175683,0,0.0,0.1,10
bayesfl_observability_v1,ola_sparse_bayesian_keep010_seed42,55,ola,global,,,layers.1.bias,db,20,-79.59965346020375,-78.8945683170976,-79.24711088865067,0,0.0,0.1,10
bayesfl_observability_v1,ola_sparse_bayesian_keep010_seed42,55,ola,global,,,layers.1.bias,db,21,-78.8945683170976,-78.18948317399145,-78.54202574554452,0,0.0,0.1,10
bayesfl_observability_v1,ola_sparse_bayesian_keep010_seed42,55,ola,global,,,layers.1.bias,db,22,-78.18948317399145,-77.4843980308853,-77.83694060243837,0,0.0,0.1,10
bayesfl_observability_v1,ola_sparse_bayesian_keep010_seed42,55,ola,global,,,layers.1.bias,db,23,-77.4843980308853,-76.77931288777916,-77.13185545933223,0,0.0,0.1,10
bayesfl_observability_v1,ola_sparse_bayesian_keep010_seed42,55,ola,global,,,layers.1.bias,db,24,-76.77931288777916,-76.074227744673,-76.42677031622608,0,0.0,0.1,10
bayesfl_observability_v1,ola_sparse_bayesian_keep010_seed42,55,ola,global,,,layers.1.bias,db,25,-76.074227744673,-75.36914260156685,-75.72168517311992,0,0.0,0.1,10
bayesfl_observability_v1,ola_sparse_bayesian_keep010_seed42,55,ola,global,,,layers.1.bias,db,26,-75.36914260156685,-74.6640574584607,-75.01660003001378,0,0.0,0.1,10
bayesfl_observability_v1,ola_sparse_bayesian_keep010_seed42,55,ola,global,,,layers.1.bias,db,27,-74.6640574584607,-73.95897231535454,-74.31151488690762,0,0.0,0.1,10
bayesfl_observability_v1,ola_sparse_bayesian_keep010_seed42,55,ola,global,,,layers.1.bias,db,28,-73.95897231535454,-73.2538871722484,-73.60642974380147,0,0.0,0.1,10
bayesfl_observability_v1,ola_sparse_bayesian_keep010_seed42,55,ola,global,,,layers.1.bias,db,29,-73.2538871722484,-72.54880202914225,-72.90134460069532,0,0.0,0.1,10
bayesfl_observability_v1,ola_sparse_bayesian_keep010_seed42,55,ola,global,,,layers.1.bias,db,30,-72.54880202914225,-71.8437168860361,-72.19625945758918,0,0.0,0.1,10
bayesfl_observability_v1,ola_sparse_bayesian_keep010_seed42,55,ola,global,,,layers.1.bias,db,31,-71.8437168860361,-71.13863174292996,-71.49117431448303,0,0.0,0.1,10
bayesfl_observability_v1,ola_sparse_bayesian_keep010_seed42,55,ola,global,,,layers.1.bias,db,32,-71.13863174292996,-70.4335465998238,-70.78608917137689,0,0.0,0.1,10
bayesfl_observability_v1,ola_sparse_bayesian_keep010_seed42,55,ola,global,,,layers.1.bias,db,33,-70.4335465998238,-69.72846145671765,-70.08100402827073,0,0.0,0.1,10
bayesfl_observability_v1,ola_sparse_bayesian_keep010_seed42,55,ola,global,,,layers.1.bias,db,34,-69.72846145671765,-69.02337631361151,-69.37591888516458,1,0.1418268431518286,0.2,10
bayesfl_observability_v1,ola_sparse_bayesian_keep010_seed42,55,ola,global,,,layers.1.bias,db,35,-69.02337631361151,-68.31829117050535,-68.67083374205842,0,0.0,0.2,10
bayesfl_observability_v1,ola_sparse_bayesian_keep010_seed42,55,ola,global,,,layers.1.bias,db,36,-68.31829117050535,-67.6132060273992,-67.96574859895227,0,0.0,0.2,10
bayesfl_observability_v1,ola_sparse_bayesian_keep010_seed42,55,ola,global,,,layers.1.bias,db,37,-67.6132060273992,-66.90812088429306,-67.26066345584613,0,0.0,0.2,10
bayesfl_observability_v1,ola_sparse_bayesian_keep010_seed42,55,ola,global,,,layers.1.bias,db,38,-66.90812088429306,-66.20303574118691,-66.55557831273998,1,0.1418268431518286,0.3,10
bayesfl_observability_v1,ola_sparse_bayesian_keep010_seed42,55,ola,global,,,layers.1.bias,db,39,-66.20303574118691,-65.49795059808076,-65.85049316963384,0,0.0,0.3,10
bayesfl_observability_v1,ola_sparse_bayesian_keep010_seed42,55,ola,global,,,layers.1.bias,db,40,-65.49795059808076,-64.7928654549746,-65.14540802652769,1,0.14182684315182575,0.4,10
bayesfl_observability_v1,ola_sparse_bayesian_keep010_seed42,55,ola,global,,,layers.1.bias,db,41,-64.7928654549746,-64.08778031186846,-64.44032288342153,0,0.0,0.4,10
bayesfl_observability_v1,ola_sparse_bayesian_keep010_seed42,55,ola,global,,,layers.1.bias,db,42,-64.08778031186846,-63.382695168762304,-63.735237740315384,0,0.0,0.4,10
bayesfl_observability_v1,ola_sparse_bayesian_keep010_seed42,55,ola,global,,,layers.1.bias,db,43,-63.382695168762304,-62.67761002565615,-63.030152597209224,0,0.0,0.4,10
bayesfl_observability_v1,ola_sparse_bayesian_keep010_seed42,55,ola,global,,,layers.1.bias,db,44,-62.67761002565615,-61.972524882550005,-62.32506745410308,0,0.0,0.4,10
bayesfl_observability_v1,ola_sparse_bayesian_keep010_seed42,55,ola,global,,,layers.1.bias,db,45,-61.972524882550005,-61.26743973944386,-61.61998231099693,0,0.0,0.4,10
bayesfl_observability_v1,ola_sparse_bayesian_keep010_seed42,55,ola,global,,,layers.1.bias,db,46,-61.26743973944386,-60.562354596337705,-60.914897167890786,0,0.0,0.4,10
bayesfl_observability_v1,ola_sparse_bayesian_keep010_seed42,55,ola,global,,,layers.1.bias,db,47,-60.562354596337705,-59.85726945323155,-60.209812024784625,1,0.14182684315182717,0.5,10
bayesfl_observability_v1,ola_sparse_bayesian_keep010_seed42,55,ola,global,,,layers.1.bias,db,48,-59.85726945323155,-59.152184310125406,-59.50472688167848,1,0.1418268431518286,0.6,10
bayesfl_observability_v1,ola_sparse_bayesian_keep010_seed42,55,ola,global,,,layers.1.bias,db,49,-59.152184310125406,-58.44709916701925,-58.79964173857233,0,0.0,0.6,10
bayesfl_observability_v1,ola_sparse_bayesian_keep010_seed42,55,ola,global,,,layers.1.bias,db,50,-58.44709916701925,-57.74201402391311,-58.09455659546618,0,0.0,0.6,10
bayesfl_observability_v1,ola_sparse_bayesian_keep010_seed42,55,ola,global,,,layers.1.bias,db,51,-57.74201402391311,-57.036928880806954,-57.38947145236003,0,0.0,0.6,10
bayesfl_observability_v1,ola_sparse_bayesian_keep010_seed42,55,ola,global,,,layers.1.bias,db,52,-57.036928880806954,-56.33184373770081,-56.68438630925388,0,0.0,0.6,10
bayesfl_observability_v1,ola_sparse_bayesian_keep010_seed42,55,ola,global,,,layers.1.bias,db,53,-56.33184373770081,-55.626758594594655,-55.979301166147735,0,0.0,0.6,10
bayesfl_observability_v1,ola_sparse_bayesian_keep010_seed42,55,ola,global,,,layers.1.bias,db,54,-55.626758594594655,-54.92167345148851,-55.27421602304158,0,0.0,0.6,10
bayesfl_observability_v1,ola_sparse_bayesian_keep010_seed42,55,ola,global,,,layers.1.bias,db,55,-54.92167345148851,-54.216588308382356,-54.56913087993543,0,0.0,0.6,10
bayesfl_observability_v1,ola_sparse_bayesian_keep010_seed42,55,ola,global,,,layers.1.bias,db,56,-54.216588308382356,-53.51150316527621,-53.86404573682928,0,0.0,0.6,10
bayesfl_observability_v1,ola_sparse_bayesian_keep010_seed42,55,ola,global,,,layers.1.bias,db,57,-53.51150316527621,-52.80641802217006,-53.15896059372314,0,0.0,0.6,10
bayesfl_observability_v1,ola_sparse_bayesian_keep010_seed42,55,ola,global,,,layers.1.bias,db,58,-52.80641802217006,-52.10133287906391,-52.453875450616984,0,0.0,0.6,10
bayesfl_observability_v1,ola_sparse_bayesian_keep010_seed42,55,ola,global,,,layers.1.bias,db,59,-52.10133287906391,-51.39624773595776,-51.74879030751083,0,0.0,0.6,10
bayesfl_observability_v1,ola_sparse_bayesian_keep010_seed42,55,ola,global,,,layers.1.bias,db,60,-51.39624773595776,-50.69116259285161,-51.043705164404685,0,0.0,0.6,10
bayesfl_observability_v1,ola_sparse_bayesian_keep010_seed42,55,ola,global,,,layers.1.bias,db,61,-50.69116259285161,-49.98607744974546,-50.33862002129854,0,0.0,0.6,10
bayesfl_observability_v1,ola_sparse_bayesian_keep010_seed42,55,ola,global,,,layers.1.bias,db,62,-49.98607744974546,-49.28099230663931,-49.633534878192386,0,0.0,0.6,10
bayesfl_observability_v1,ola_sparse_bayesian_keep010_seed42,55,ola,global,,,layers.1.bias,db,63,-49.28099230663931,-48.57590716353316,-48.92844973508623,0,0.0,0.6,10
bayesfl_observability_v1,ola_sparse_bayesian_keep010_seed42,55,ola,global,,,layers.1.bias,db,64,-48.57590716353316,-47.870822020427006,-48.223364591980086,1,0.14182684315182717,0.7,10
bayesfl_observability_v1,ola_sparse_bayesian_keep010_seed42,55,ola,global,,,layers.1.bias,db,65,-47.870822020427006,-47.16573687732086,-47.51827944887393,1,0.1418268431518286,0.8,10
bayesfl_observability_v1,ola_sparse_bayesian_keep010_seed42,55,ola,global,,,layers.1.bias,db,66,-47.16573687732086,-46.46065173421471,-46.81319430576778,0,0.0,0.8,10
bayesfl_observability_v1,ola_sparse_bayesian_keep010_seed42,55,ola,global,,,layers.1.bias,db,67,-46.46065173421471,-45.75556659110856,-46.108109162661634,1,0.1418268431518286,0.9,10
bayesfl_observability_v1,ola_sparse_bayesian_keep010_seed42,55,ola,global,,,layers.1.bias,db,68,-45.75556659110856,-45.05048144800241,-45.40302401955549,0,0.0,0.9,10
bayesfl_observability_v1,ola_sparse_bayesian_keep010_seed42,55,ola,global,,,layers.1.bias,db,69,-45.05048144800241,-44.34539630489626,-44.697938876449335,0,0.0,0.9,10
bayesfl_observability_v1,ola_sparse_bayesian_keep010_seed42,55,ola,global,,,layers.1.bias,db,70,-44.34539630489626,-43.64031116179011,-43.99285373334318,0,0.0,0.9,10
bayesfl_observability_v1,ola_sparse_bayesian_keep010_seed42,55,ola,global,,,layers.1.bias,db,71,-43.64031116179011,-42.93522601868396,-43.287768590237036,0,0.0,0.9,10
bayesfl_observability_v1,ola_sparse_bayesian_keep010_seed42,55,ola,global,,,layers.1.bias,db,72,-42.93522601868396,-42.23014087557781,-42.58268344713089,0,0.0,0.9,10
bayesfl_observability_v1,ola_sparse_bayesian_keep010_seed42,55,ola,global,,,layers.1.bias,db,73,-42.23014087557781,-41.525055732471664,-41.87759830402474,0,0.0,0.9,10
bayesfl_observability_v1,ola_sparse_bayesian_keep010_seed42,55,ola,global,,,layers.1.bias,db,74,-41.525055732471664,-40.81997058936551,-41.172513160918584,0,0.0,0.9,10
bayesfl_observability_v1,ola_sparse_bayesian_keep010_seed42,55,ola,global,,,layers.1.bias,db,75,-40.81997058936551,-40.114885446259365,-40.46742801781244,0,0.0,0.9,10
bayesfl_observability_v1,ola_sparse_bayesian_keep010_seed42,55,ola,global,,,layers.1.bias,db,76,-40.114885446259365,-39.40980030315321,-39.76234287470629,0,0.0,0.9,10
bayesfl_observability_v1,ola_sparse_bayesian_keep010_seed42,55,ola,global,,,layers.1.bias,db,77,-39.40980030315321,-38.704715160047066,-39.05725773160014,0,0.0,0.9,10
bayesfl_observability_v1,ola_sparse_bayesian_keep010_seed42,55,ola,global,,,layers.1.bias,db,78,-38.704715160047066,-37.99963001694091,-38.352172588493985,0,0.0,0.9,10
bayesfl_observability_v1,ola_sparse_bayesian_keep010_seed42,55,ola,global,,,layers.1.bias,db,79,-37.99963001694091,-37.29454487383476,-37.64708744538784,1,0.14182684315182717,1.0,10
bayesfl_observability_v1,ola_sparse_bayesian_keep010_seed42,60,ola,global,,,all,raw,0,1.5087448239582758e-08,0.0009849319263831638,0.0004924735069157017,70302,701.3718694005386,0.6907929645278569,101770
bayesfl_observability_v1,ola_sparse_bayesian_keep010_seed42,60,ola,global,,,all,raw,1,0.0009849319263831638,0.001969848765318088,0.001477390345850626,26593,265.3065648625718,0.9520978677409846,101770
bayesfl_observability_v1,ola_sparse_bayesian_keep010_seed42,60,ola,global,,,all,raw,2,0.001969848765318088,0.0029547656042530125,0.00246230718478555,3724,37.15269610605112,0.9886901837476663,101770
bayesfl_observability_v1,ola_sparse_bayesian_keep010_seed42,60,ola,global,,,all,raw,3,0.0029547656042530125,0.003939682443187937,0.003447224023720475,388,3.8709038907486124,0.9925027021715633,101770
bayesfl_observability_v1,ola_sparse_bayesian_keep010_seed42,60,ola,global,,,all,raw,4,0.003939682443187937,0.004924599282122861,0.004432140862655399,153,1.526413132176644,0.9940060921686155,101770
bayesfl_observability_v1,ola_sparse_bayesian_keep010_seed42,60,ola,global,,,all,raw,5,0.004924599282122861,0.005909516121057785,0.0054170577015903235,104,1.037561867623339,0.9950280043234745,101770
bayesfl_observability_v1,ola_sparse_bayesian_keep010_seed42,60,ola,global,,,all,raw,6,0.005909516121057785,0.00689443295999271,0.006401974540525247,71,0.7083355057813179,0.995725655890734,101770
bayesfl_observability_v1,ola_sparse_bayesian_keep010_seed42,60,ola,global,,,all,raw,7,0.00689443295999271,0.007879349798927635,0.007386891379460173,71,0.7083355057813179,0.9964233074579936,101770
bayesfl_observability_v1,ola_sparse_bayesian_keep010_seed42,60,ola,global,,,all,raw,8,0.007879349798927635,0.008864266637862559,0.008371808218395097,54,0.5387340466505803,0.9969539156922472,101770
bayesfl_observability_v1,ola_sparse_bayesian_keep010_seed42,60,ola,global,,,all,raw,9,0.008864266637862559,0.009849183476797483,0.00935672505733002,40,0.3990622567782076,0.9973469588287315,101770
bayesfl_observability_v1,ola_sparse_bayesian_keep010_seed42,60,ola,global,,,all,raw,10,0.009849183476797483,0.010834100315732408,0.010341641896264946,33,0.3292263618420207,0.997671219416331,101770
bayesfl_observability_v1,ola_sparse_bayesian_keep010_seed42,60,ola,global,,,all,raw,11,0.010834100315732408,0.011819017154667332,0.01132655873519987,23,0.22946079764746938,0.9978972192198093,101770
bayesfl_observability_v1,ola_sparse_bayesian_keep010_seed42,60,ola,global,,,all,raw,12,0.011819017154667332,0.012803933993602256,0.012311475574134794,26,0.25939046690583495,0.9981526972585241,101770
bayesfl_observability_v1,ola_sparse_bayesian_keep010_seed42,60,ola,global,,,all,raw,13,0.012803933993602256,0.013788850832537182,0.013296392413069718,19,0.18955457196964828,0.9983393927483541,101770
bayesfl_observability_v1,ola_sparse_bayesian_keep010_seed42,60,ola,global,,,all,raw,14,0.013788850832537182,0.014773767671472105,0.014281309252004644,16,0.15962490271128305,0.9984966100029479,101770
bayesfl_observability_v1,ola_sparse_bayesian_keep010_seed42,60,ola,global,,,all,raw,15,0.014773767671472105,0.015758684510407028,0.015266226090939566,15,0.1496483462918281,0.9986440011791294,101770
bayesfl_observability_v1,ola_sparse_bayesian_keep010_seed42,60,ola,global,,,all,raw,16,0.015758684510407028,0.01674360134934195,0.01625114292987449,10,0.0997655641945519,0.9987422619632504,101770
bayesfl_observability_v1,ola_sparse_bayesian_keep010_seed42,60,ola,global,,,all,raw,17,0.01674360134934195,0.017728518188276875,0.017236059768809413,18,0.17957801555019343,0.9989191313746684,101770
bayesfl_observability_v1,ola_sparse_bayesian_keep010_seed42,60,ola,global,,,all,raw,18,0.017728518188276875,0.0187134350272118,0.018220976607744337,16,0.15962490271128305,0.9990763486292621,101770
bayesfl_observability_v1,ola_sparse_bayesian_keep010_seed42,60,ola,global,,,all,raw,19,0.0187134350272118,0.019698351866146723,0.01920589344667926,12,0.11971867703346228,0.9991942615702073,101770
bayesfl_observability_v1,ola_sparse_bayesian_keep010_seed42,60,ola,global,,,all,raw,20,0.019698351866146723,0.02068326870508165,0.02019081028561419,12,0.11971867703346187,0.9993121745111526,101770
bayesfl_observability_v1,ola_sparse_bayesian_keep010_seed42,60,ola,global,,,all,raw,21,0.02068326870508165,0.021668185544016574,0.021175727124549112,4,0.03990622567782076,0.999351478824801,101770
bayesfl_observability_v1,ola_sparse_bayesian_keep010_seed42,60,ola,global,,,all,raw,22,0.021668185544016574,0.022653102382951498,0.022160643963484036,5,0.04988278209727595,0.9994006092168616,101770
bayesfl_observability_v1,ola_sparse_bayesian_keep010_seed42,60,ola,global,,,all,raw,23,0.022653102382951498,0.023638019221886422,0.02314556080241896,5,0.04988278209727595,0.999449739608922,101770
bayesfl_observability_v1,ola_sparse_bayesian_keep010_seed42,60,ola,global,,,all,raw,24,0.023638019221886422,0.024622936060821346,0.024130477641353884,4,0.03990622567782076,0.9994890439225705,101770
bayesfl_observability_v1,ola_sparse_bayesian_keep010_seed42,60,ola,global,,,all,raw,25,0.024622936060821346,0.02560785289975627,0.025115394480288808,5,0.04988278209727595,0.999538174314631,101770
bayesfl_observability_v1,ola_sparse_bayesian_keep010_seed42,60,ola,global,,,all,raw,26,0.02560785289975627,0.026592769738691194,0.026100311319223732,2,0.01995311283891038,0.9995578264714552,101770
bayesfl_observability_v1,ola_sparse_bayesian_keep010_seed42,60,ola,global,,,all,raw,27,0.026592769738691194,0.02757768657762612,0.027085228158158656,0,0.0,0.9995578264714552,101770
bayesfl_observability_v1,ola_sparse_bayesian_keep010_seed42,60,ola,global,,,all,raw,28,0.02757768657762612,0.028562603416561045,0.028070144997093583,6,0.05985933851673114,0.9996167829419279,101770
bayesfl_observability_v1,ola_sparse_bayesian_keep010_seed42,60,ola,global,,,all,raw,29,0.028562603416561045,0.02954752025549597,0.029055061836028507,3,0.02992966925836557,0.9996462611771642,101770
bayesfl_observability_v1,ola_sparse_bayesian_keep010_seed42,60,ola,global,,,all,raw,30,0.02954752025549597,0.030532437094430893,0.03003997867496343,3,0.02992966925836557,0.9996757394124005,101770
bayesfl_observability_v1,ola_sparse_bayesian_keep010_seed42,60,ola,global,,,all,raw,31,0.030532437094430893,0.03151735393336582,0.031024895513898358,3,0.029929669258365467,0.9997052176476369,101770
bayesfl_observability_v1,ola_sparse_bayesian_keep010_seed42,60,ola,global,,,all,raw,32,0.03151735393336582,0.032502270772300744,0.03200981235283328,1,0.00997655641945519,0.9997150437260489,101770
bayesfl_observability_v1,ola_sparse_bayesian_keep010_seed42,60,ola,global,,,all,raw,33,0.032502270772300744,0.03348718761123567,0.032994729191768206,1,0.00997655641945519,0.9997248698044611,101770
bayesfl_observability_v1,ola_sparse_bayesian_keep010_seed42,60,ola,global,,,all,raw,34,0.03348718761123567,0.03447210445017059,0.03397964603070313,1,0.00997655641945519,0.9997346958828731,101770
bayesfl_observability_v1,ola_sparse_bayesian_keep010_seed42,60,ola,global,,,all,raw,35,0.03447210445017059,0.035457021289105516,0.034964562869638054,2,0.01995311283891038,0.9997543480396973,101770
bayesfl_observability_v1,ola_sparse_bayesian_keep010_seed42,60,ola,global,,,all,raw,36,0.035457021289105516,0.03644193812804044,0.03594947970857298,2,0.01995311283891038,0.9997740001965215,101770
bayesfl_observability_v1,ola_sparse_bayesian_keep010_seed42,60,ola,global,,,all,raw,37,0.03644193812804044,0.03742685496697536,0.0369343965475079,3,0.02992966925836557,0.9998034784317579,101770
bayesfl_observability_v1,ola_sparse_bayesian_keep010_seed42,60,ola,global,,,all,raw,38,0.03742685496697536,0.03841177180591029,0.037919313386442825,2,0.01995311283891038,0.9998231305885821,101770
bayesfl_observability_v1,ola_sparse_bayesian_keep010_seed42,60,ola,global,,,all,raw,39,0.03841177180591029,0.03939668864484521,0.03890423022537775,1,0.00997655641945519,0.9998329566669942,101770
bayesfl_observability_v1,ola_sparse_bayesian_keep010_seed42,60,ola,global,,,all,raw,40,0.03939668864484521,0.04038160548378014,0.03988914706431268,1,0.009976556419455121,0.9998427827454063,101770
bayesfl_observability_v1,ola_sparse_bayesian_keep010_seed42,60,ola,global,,,all,raw,41,0.04038160548378014,0.041366522322715066,0.040874063903247604,2,0.01995311283891038,0.9998624349022305,101770
bayesfl_observability_v1,ola_sparse_bayesian_keep010_seed42,60,ola,global,,,all,raw,42,0.041366522322715066,0.04235143916164999,0.04185898074218253,1,0.00997655641945519,0.9998722609806426,101770
bayesfl_observability_v1,ola_sparse_bayesian_keep010_seed42,60,ola,global,,,all,raw,43,0.04235143916164999,0.043336356000584914,0.04284389758111745,0,0.0,0.9998722609806426,101770
bayesfl_observability_v1,ola_sparse_bayesian_keep010_seed42,60,ola,global,,,all,raw,44,0.043336356000584914,0.04432127283951984,0.043828814420052375,0,0.0,0.9998722609806426,101770
bayesfl_observability_v1,ola_sparse_bayesian_keep010_seed42,60,ola,global,,,all,raw,45,0.04432127283951984,0.04530618967845476,0.0448137312589873,0,0.0,0.9998722609806426,101770
bayesfl_observability_v1,ola_sparse_bayesian_keep010_seed42,60,ola,global,,,all,raw,46,0.04530618967845476,0.046291106517389685,0.04579864809792222,0,0.0,0.9998722609806426,101770
bayesfl_observability_v1,ola_sparse_bayesian_keep010_seed42,60,ola,global,,,all,raw,47,0.046291106517389685,0.04727602335632461,0.04678356493685715,0,0.0,0.9998722609806426,101770
bayesfl_observability_v1,ola_sparse_bayesian_keep010_seed42,60,ola,global,,,all,raw,48,0.04727602335632461,0.04826094019525953,0.04776848177579207,2,0.01995311283891038,0.9998919131374668,101770
bayesfl_observability_v1,ola_sparse_bayesian_keep010_seed42,60,ola,global,,,all,raw,49,0.04826094019525953,0.04924585703419446,0.048753398614726995,1,0.00997655641945519,0.999901739215879,101770
bayesfl_observability_v1,ola_sparse_bayesian_keep010_seed42,60,ola,global,,,all,raw,50,0.04924585703419446,0.05023077387312938,0.04973831545366192,0,0.0,0.999901739215879,101770
bayesfl_observability_v1,ola_sparse_bayesian_keep010_seed42,60,ola,global,,,all,raw,51,0.05023077387312938,0.051215690712064305,0.05072323229259684,1,0.00997655641945519,0.999911565294291,101770
bayesfl_observability_v1,ola_sparse_bayesian_keep010_seed42,60,ola,global,,,all,raw,52,0.051215690712064305,0.05220060755099923,0.051708149131531767,1,0.00997655641945519,0.9999213913727032,101770
bayesfl_observability_v1,ola_sparse_bayesian_keep010_seed42,60,ola,global,,,all,raw,53,0.05220060755099923,0.05318552438993415,0.05269306597046669,0,0.0,0.9999213913727032,101770
bayesfl_observability_v1,ola_sparse_bayesian_keep010_seed42,60,ola,global,,,all,raw,54,0.05318552438993415,0.054170441228869076,0.053677982809401614,1,0.00997655641945519,0.9999312174511152,101770
bayesfl_observability_v1,ola_sparse_bayesian_keep010_seed42,60,ola,global,,,all,raw,55,0.054170441228869076,0.05515535806780401,0.05466289964833654,0,0.0,0.9999312174511152,101770
bayesfl_observability_v1,ola_sparse_bayesian_keep010_seed42,60,ola,global,,,all,raw,56,0.05515535806780401,0.05614027490673893,0.05564781648727147,1,0.00997655641945519,0.9999410435295274,101770
bayesfl_observability_v1,ola_sparse_bayesian_keep010_seed42,60,ola,global,,,all,raw,57,0.05614027490673893,0.057125191745673855,0.05663273332620639,1,0.00997655641945519,0.9999508696079394,101770
bayesfl_observability_v1,ola_sparse_bayesian_keep010_seed42,60,ola,global,,,all,raw,58,0.057125191745673855,0.05811010858460878,0.05761765016514132,0,0.0,0.9999508696079394,101770
bayesfl_observability_v1,ola_sparse_bayesian_keep010_seed42,60,ola,global,,,all,raw,59,0.05811010858460878,0.0590950254235437,0.05860256700407624,1,0.00997655641945519,0.9999606956863516,101770
bayesfl_observability_v1,ola_sparse_bayesian_keep010_seed42,60,ola,global,,,all,raw,60,0.0590950254235437,0.060079942262478626,0.059587483843011164,0,0.0,0.9999606956863516,101770
bayesfl_observability_v1,ola_sparse_bayesian_keep010_seed42,60,ola,global,,,all,raw,61,0.060079942262478626,0.06106485910141355,0.06057240068194609,1,0.00997655641945519,0.9999705217647636,101770
bayesfl_observability_v1,ola_sparse_bayesian_keep010_seed42,60,ola,global,,,all,raw,62,0.06106485910141355,0.062049775940348474,0.06155731752088101,0,0.0,0.9999705217647636,101770
bayesfl_observability_v1,ola_sparse_bayesian_keep010_seed42,60,ola,global,,,all,raw,63,0.062049775940348474,0.06303469277928339,0.06254223435981593,1,0.00997655641945526,0.9999803478431758,101770
bayesfl_observability_v1,ola_sparse_bayesian_keep010_seed42,60,ola,global,,,all,raw,64,0.06303469277928339,0.06401960961821831,0.06352715119875085,1,0.00997655641945519,0.9999901739215878,101770
bayesfl_observability_v1,ola_sparse_bayesian_keep010_seed42,60,ola,global,,,all,raw,65,0.06401960961821831,0.06500452645715324,0.06451206803768578,0,0.0,0.9999901739215878,101770
bayesfl_observability_v1,ola_sparse_bayesian_keep010_seed42,60,ola,global,,,all,raw,66,0.06500452645715324,0.06598944329608816,0.0654969848766207,0,0.0,0.9999901739215878,101770
bayesfl_observability_v1,ola_sparse_bayesian_keep010_seed42,60,ola,global,,,all,raw,67,0.06598944329608816,0.06697436013502309,0.06648190171555562,0,0.0,0.9999901739215878,101770
bayesfl_observability_v1,ola_sparse_bayesian_keep010_seed42,60,ola,global,,,all,raw,68,0.06697436013502309,0.06795927697395801,0.06746681855449055,0,0.0,0.9999901739215878,101770
bayesfl_observability_v1,ola_sparse_bayesian_keep010_seed42,60,ola,global,,,all,raw,69,0.06795927697395801,0.06894419381289293,0.06845173539342547,0,0.0,0.9999901739215878,101770
bayesfl_observability_v1,ola_sparse_bayesian_keep010_seed42,60,ola,global,,,all,raw,70,0.06894419381289293,0.06992911065182786,0.0694366522323604,0,0.0,0.9999901739215878,101770
bayesfl_observability_v1,ola_sparse_bayesian_keep010_seed42,60,ola,global,,,all,raw,71,0.06992911065182786,0.07091402749076278,0.07042156907129532,0,0.0,0.9999901739215878,101770
bayesfl_observability_v1,ola_sparse_bayesian_keep010_seed42,60,ola,global,,,all,raw,72,0.07091402749076278,0.0718989443296977,0.07140648591023024,0,0.0,0.9999901739215878,101770
bayesfl_observability_v1,ola_sparse_bayesian_keep010_seed42,60,ola,global,,,all,raw,73,0.0718989443296977,0.07288386116863263,0.07239140274916517,0,0.0,0.9999901739215878,101770
bayesfl_observability_v1,ola_sparse_bayesian_keep010_seed42,60,ola,global,,,all,raw,74,0.07288386116863263,0.07386877800756755,0.07337631958810009,0,0.0,0.9999901739215878,101770
bayesfl_observability_v1,ola_sparse_bayesian_keep010_seed42,60,ola,global,,,all,raw,75,0.07386877800756755,0.07485369484650248,0.07436123642703502,0,0.0,0.9999901739215878,101770
bayesfl_observability_v1,ola_sparse_bayesian_keep010_seed42,60,ola,global,,,all,raw,76,0.07485369484650248,0.0758386116854374,0.07534615326596994,0,0.0,0.9999901739215878,101770
bayesfl_observability_v1,ola_sparse_bayesian_keep010_seed42,60,ola,global,,,all,raw,77,0.0758386116854374,0.07682352852437233,0.07633107010490486,0,0.0,0.9999901739215878,101770
bayesfl_observability_v1,ola_sparse_bayesian_keep010_seed42,60,ola,global,,,all,raw,78,0.07682352852437233,0.07780844536330725,0.07731598694383979,0,0.0,0.9999901739215878,101770
bayesfl_observability_v1,ola_sparse_bayesian_keep010_seed42,60,ola,global,,,all,raw,79,0.07780844536330725,0.07879336220224217,0.07830090378277471,1,0.00997655641945519,1.0,101770
bayesfl_observability_v1,ola_sparse_bayesian_keep010_seed42,60,ola,global,,,all,db,0,-156.42710845251963,-154.7476471886834,-155.58737782060152,2,1.1701464777652529e-05,1.9652156824211458e-05,101770
bayesfl_observability_v1,ola_sparse_bayesian_keep010_seed42,60,ola,global,,,all,db,1,-154.7476471886834,-153.0681859248472,-153.90791655676531,1,5.8507323888263636e-06,2.9478235236317185e-05,101770
bayesfl_observability_v1,ola_sparse_bayesian_keep010_seed42,60,ola,global,,,all,db,2,-153.0681859248472,-151.38872466101097,-152.22845529292908,0,0.0,2.9478235236317185e-05,101770
bayesfl_observability_v1,ola_sparse_bayesian_keep010_seed42,60,ola,global,,,all,db,3,-151.38872466101097,-149.70926339717474,-150.54899402909285,1,5.8507323888262645e-06,3.9304313648422916e-05,101770
bayesfl_observability_v1,ola_sparse_bayesian_keep010_seed42,60,ola,global,,,all,db,4,-149.70926339717474,-148.0298021333385,-148.86953276525662,2,1.1701464777652529e-05,5.895647047263437e-05,101770
bayesfl_observability_v1,ola_sparse_bayesian_keep010_seed42,60,ola,global,,,all,db,5,-148.0298021333385,-146.3503408695023,-147.1900715014204,1,5.8507323888263636e-06,6.87825488847401e-05,101770
bayesfl_observability_v1,ola_sparse_bayesian_keep010_seed42,60,ola,global,,,all,db,6,-146.3503408695023,-144.67087960566607,-145.5106102375842,0,0.0,6.87825488847401e-05,101770
bayesfl_observability_v1,ola_sparse_bayesian_keep010_seed42,60,ola,global,,,all,db,7,-144.67087960566607,-142.99141834182984,-143.83114897374796,0,0.0,6.87825488847401e-05,101770
bayesfl_observability_v1,ola_sparse_bayesian_keep010_seed42,60,ola,global,,,all,db,8,-142.99141834182984,-141.3119570779936,-142.15168770991173,1,5.8507323888262645e-06,7.860862729684583e-05,101770
bayesfl_observability_v1,ola_sparse_bayesian_keep010_seed42,60,ola,global,,,all,db,9,-141.3119570779936,-139.6324958141574,-140.47222644607552,0,0.0,7.860862729684583e-05,101770
bayesfl_observability_v1,ola_sparse_bayesian_keep010_seed42,60,ola,global,,,all,db,10,-139.6324958141574,-137.95303455032118,-138.7927651822393,1,5.8507323888262645e-06,8.843470570895156e-05,101770
bayesfl_observability_v1,ola_sparse_bayesian_keep010_seed42,60,ola,global,,,all,db,11,-137.95303455032118,-136.27357328648495,-137.11330391840306,1,5.8507323888262645e-06,9.826078412105728e-05,101770
bayesfl_observability_v1,ola_sparse_bayesian_keep010_seed42,60,ola,global,,,all,db,12,-136.27357328648495,-134.59411202264874,-135.43384265456683,2,1.1701464777652727e-05,0.00011791294094526874,101770
bayesfl_observability_v1,ola_sparse_bayesian_keep010_seed42,60,ola,global,,,all,db,13,-134.59411202264874,-132.9146507588125,-133.75438139073063,1,5.8507323888262645e-06,0.00012773901935737446,101770
bayesfl_observability_v1,ola_sparse_bayesian_keep010_seed42,60,ola,global,,,all,db,14,-132.9146507588125,-131.23518949497628,-132.0749201268944,6,3.5104394332957585e-05,0.00018669548983000884,101770
bayesfl_observability_v1,ola_sparse_bayesian_keep010_seed42,60,ola,global,,,all,db,15,-131.23518949497628,-129.55572823114005,-130.39545886305817,5,2.925366194413132e-05,0.00023582588189053748,101770
bayesfl_observability_v1,ola_sparse_bayesian_keep010_seed42,60,ola,global,,,all,db,16,-129.55572823114005,-127.87626696730383,-128.71599759922194,3,1.755219716647894e-05,0.00026530411712685466,101770
bayesfl_observability_v1,ola_sparse_bayesian_keep010_seed42,60,ola,global,,,all,db,17,-127.87626696730383,-126.19680570346762,-127.03653633538573,3,1.755219716647894e-05,0.00029478235236317184,101770
bayesfl_observability_v1,ola_sparse_bayesian_keep010_seed42,60,ola,global,,,all,db,18,-126.19680570346762,-124.51734443963139,-125.3570750715495,15,8.776098583239396e-05,0.0004421735285447578,101770
bayesfl_observability_v1,ola_sparse_bayesian_keep010_seed42,60,ola,global,,,all,db,19,-124.51734443963139,-122.83788317579517,-123.67761380771327,9,5.2656591499436825e-05,0.0005306082342537093,101770
bayesfl_observability_v1,ola_sparse_bayesian_keep010_seed42,60,ola,global,,,all,db,20,-122.83788317579517,-121.15842191195895,-121.99815254387707,6,3.510439433295788e-05,0.0005895647047263437,101770
bayesfl_observability_v1,ola_sparse_bayesian_keep010_seed42,60,ola,global,,,all,db,21,-121.15842191195895,-119.47896064812272,-120.31869128004084,15,8.776098583239396e-05,0.0007369558809079297,101770
bayesfl_observability_v1,ola_sparse_bayesian_keep010_seed42,60,ola,global,,,all,db,22,-119.47896064812272,-117.79949938428649,-118.6392300162046,18,0.00010531318299887276,0.0009138252923258328,101770
bayesfl_observability_v1,ola_sparse_bayesian_keep010_seed42,60,ola,global,,,all,db,23,-117.79949938428649,-116.12003812045027,-116.95976875236838,21,0.0001228653801653526,0.001120172938980053,101770
bayesfl_observability_v1,ola_sparse_bayesian_keep010_seed42,60,ola,global,,,all,db,24,-116.12003812045027,-114.44057685661406,-115.28030748853217,31,0.00018137270405361574,0.0014247813697553307,101770
bayesfl_observability_v1,ola_sparse_bayesian_keep010_seed42,60,ola,global,,,all,db,25,-114.44057685661406,-112.76111559277783,-113.60084622469594,32,0.00018722343644244046,0.0017392158789427139,101770
bayesfl_observability_v1,ola_sparse_bayesian_keep010_seed42,60,ola,global,,,all,db,26,-112.76111559277783,-111.08165432894161,-111.92138496085971,46,0.0002691336898860104,0.0021912154858995773,101770
bayesfl_observability_v1,ola_sparse_bayesian_keep010_seed42,60,ola,global,,,all,db,27,-111.08165432894161,-109.4021930651054,-110.24192369702351,56,0.0003276410137742736,0.002741475876977498,101770
bayesfl_observability_v1,ola_sparse_bayesian_keep010_seed42,60,ola,global,,,all,db,28,-109.4021930651054,-107.72273180126916,-108.56246243318728,54,0.00031593954899661824,0.0032720841112312076,101770
bayesfl_observability_v1,ola_sparse_bayesian_keep010_seed42,60,ola,global,,,all,db,29,-107.72273180126916,-106.04327053743293,-106.88300116935105,59,0.0003451932109407496,0.0038518227375454457,101770
bayesfl_observability_v1,ola_sparse_bayesian_keep010_seed42,60,ola,global,,,all,db,30,-106.04327053743293,-104.36380927359671,-105.20353990551482,77,0.0004505063939396262,0.004608430775277587,101770
bayesfl_observability_v1,ola_sparse_bayesian_keep010_seed42,60,ola,global,,,all,db,31,-104.36380927359671,-102.6843480097605,-103.52407864167861,86,0.000503162985439063,0.0054534735187186795,101770
bayesfl_observability_v1,ola_sparse_bayesian_keep010_seed42,60,ola,global,,,all,db,32,-102.6843480097605,-101.00488674592427,-101.84461737784238,115,0.0006728342247150203,0.006583472536110838,101770
bayesfl_observability_v1,ola_sparse_bayesian_keep010_seed42,60,ola,global,,,all,db,33,-101.00488674592427,-99.32542548208804,-100.16515611400615,134,0.0007839981401027194,0.007900167043333005,101770
bayesfl_observability_v1,ola_sparse_bayesian_keep010_seed42,60,ola,global,,,all,db,34,-99.32542548208804,-97.64596421825182,-98.48569485016992,160,0.0009361171822122103,0.009472339589269923,101770
bayesfl_observability_v1,ola_sparse_bayesian_keep010_seed42,60,ola,global,,,all,db,35,-97.64596421825182,-95.9665029544156,-96.80623358633372,222,0.0012988625903194418,0.011653728996757394,101770
bayesfl_observability_v1,ola_sparse_bayesian_keep010_seed42,60,ola,global,,,all,db,36,-95.9665029544156,-94.28704169057937,-95.12677232249749,256,0.0014977874915395237,0.014169205070256461,101770
bayesfl_observability_v1,ola_sparse_bayesian_keep010_seed42,60,ola,global,,,all,db,37,-94.28704169057937,-92.60758042674316,-93.44731105866126,305,0.0017844733785920257,0.01716615898594871,101770
bayesfl_observability_v1,ola_sparse_bayesian_keep010_seed42,60,ola,global,,,all,db,38,-92.60758042674316,-90.92811916290692,-91.76784979482504,353,0.0020653085332556715,0.02063476466542203,101770
bayesfl_observability_v1,ola_sparse_bayesian_keep010_seed42,60,ola,global,,,all,db,39,-90.92811916290692,-89.24865789907071,-90.08838853098882,439,0.0025684715186947518,0.024948413088336445,101770
bayesfl_observability_v1,ola_sparse_bayesian_keep010_seed42,60,ola,global,,,all,db,40,-89.24865789907071,-87.56919663523448,-88.40892726715259,506,0.00296047058874609,0.029920408764861944,101770
bayesfl_observability_v1,ola_sparse_bayesian_keep010_seed42,60,ola,global,,,all,db,41,-87.56919663523448,-85.88973537139826,-86.72946600331636,647,0.003785423855570625,0.03627788149749435,101770
bayesfl_observability_v1,ola_sparse_bayesian_keep010_seed42,60,ola,global,,,all,db,42,-85.88973537139826,-84.21027410756204,-85.05000473948016,777,0.004546019066118046,0.0439127444237005,101770
bayesfl_observability_v1,ola_sparse_bayesian_keep010_seed42,60,ola,global,,,all,db,43,-84.21027410756204,-82.53081284372581,-83.37054347564393,881,0.005154495234555939,0.05256951950476565,101770
bayesfl_observability_v1,ola_sparse_bayesian_keep010_seed42,60,ola,global,,,all,db,44,-82.53081284372581,-80.8513515798896,-81.6910822118077,1183,0.006921416415981529,0.06419377026628673,101770
bayesfl_observability_v1,ola_sparse_bayesian_keep010_seed42,60,ola,global,,,all,db,45,-80.8513515798896,-79.17189031605336,-80.01162094797148,1333,0.0077990262743054106,0.07729193278962367,101770
bayesfl_observability_v1,ola_sparse_bayesian_keep010_seed42,60,ola,global,,,all,db,46,-79.17189031605336,-77.49242905221715,-78.33215968413526,1654,0.009677111371118723,0.09354426648324654,101770
bayesfl_observability_v1,ola_sparse_bayesian_keep010_seed42,60,ola,global,,,all,db,47,-77.49242905221715,-75.81296778838092,-76.65269842029903,2024,0.01184188235498436,0.11343224918934854,101770
bayesfl_observability_v1,ola_sparse_bayesian_keep010_seed42,60,ola,global,,,all,db,48,-75.81296778838092,-74.1335065245447,-74.9732371564628,2475,0.014480562662345127,0.1377517932593102,101770
bayesfl_observability_v1,ola_sparse_bayesian_keep010_seed42,60,ola,global,,,all,db,49,-74.1335065245447,-72.45404526070847,-73.29377589262658,2997,0.017534644969312313,0.16720055026039107,101770
bayesfl_observability_v1,ola_sparse_bayesian_keep010_seed42,60,ola,global,,,all,db,50,-72.45404526070847,-70.77458399687225,-71.61431462879037,3617,0.021162099050384776,0.2027414758769775,101770
bayesfl_observability_v1,ola_sparse_bayesian_keep010_seed42,60,ola,global,,,all,db,51,-70.77458399687225,-69.09512273303602,-69.93485336495414,4409,0.025795879102335,0.24606465559595164,101770
bayesfl_observability_v1,ola_sparse_bayesian_keep010_seed42,60,ola,global,,,all,db,52,-69.09512273303602,-67.4156614691998,-68.2553921011179,5404,0.0316173578292174,0.29916478333497104,101770
bayesfl_observability_v1,ola_sparse_bayesian_keep010_seed42,60,ola,global,,,all,db,53,-67.4156614691998,-65.73620020536359,-66.5759308372817,6570,0.038439311794588885,0.36372211850250563,101770
bayesfl_observability_v1,ola_sparse_bayesian_keep010_seed42,60,ola,global,,,all,db,54,-65.73620020536359,-64.05673894152736,-64.89646957344547,7811,0.04570007068912195,0.4404736169794635,101770
bayesfl_observability_v1,ola_sparse_bayesian_keep010_seed42,60,ola,global,,,all,db,55,-64.05673894152736,-62.37727767769114,-63.21700830960925,9486,0.055500047440406416,0.5336837967966984,101770
bayesfl_observability_v1,ola_sparse_bayesian_keep010_seed42,60,ola,global,,,all,db,56,-62.37727767769114,-60.69781641385491,-61.537547045773024,11381,0.0665871853172317,0.6455143952048737,101770
bayesfl_observability_v1,ola_sparse_bayesian_keep010_seed42,60,ola,global,,,all,db,57,-60.69781641385491,-59.01835515001869,-59.8580857819368,13074,0.07649247525151523,0.7739805443647441,101770
bayesfl_observability_v1,ola_sparse_bayesian_keep010_seed42,60,ola,global,,,all,db,58,-59.01835515001869,-57.33889388618246,-58.17862451810058,8427,0.049304121840638926,0.856784907143559,101770
bayesfl_observability_v1,ola_sparse_bayesian_keep010_seed42,60,ola,global,,,all,db,59,-57.33889388618246,-55.659432622346245,-56.49916325426435,5667,0.03315610044747872,0.9124692935049622,101770
bayesfl_observability_v1,ola_sparse_bayesian_keep010_seed42,60,ola,global,,,all,db,60,-55.659432622346245,-53.979971358510014,-54.81970199042813,4298,0.025146447807175284,0.9547017785201926,101770
bayesfl_observability_v1,ola_sparse_bayesian_keep010_seed42,60,ola,global,,,all,db,61,-53.979971358510014,-52.3005100946738,-53.140240726591905,2486,0.014544920718622217,0.9791294094526874,101770
bayesfl_observability_v1,ola_sparse_bayesian_keep010_seed42,60,ola,global,,,all,db,62,-52.3005100946738,-50.621048830837566,-51.46077946275568,961,0.00562255382566204,0.988572270806721,101770
bayesfl_observability_v1,ola_sparse_bayesian_keep010_seed42,60,ola,global,,,all,db,63,-50.621048830837566,-48.94158756700135,-49.78131819891946,324,0.0018956372939797257,0.9917559202122433,101770
bayesfl_observability_v1,ola_sparse_bayesian_keep010_seed42,60,ola,global,,,all,db,64,-48.94158756700135,-47.26212630316513,-48.10185693508324,150,0.0008776098583239471,0.9932298319740591,101770
bayesfl_observability_v1,ola_sparse_bayesian_keep010_seed42,60,ola,global,,,all,db,65,-47.26212630316513,-45.5826650393289,-46.42239567124702,113,0.0006611327599373678,0.9943401788346271,101770
bayesfl_observability_v1,ola_sparse_bayesian_keep010_seed42,60,ola,global,,,all,db,66,-45.5826650393289,-43.903203775492685,-44.74293440741079,113,0.0006611327599373735,0.9954505256951951,101770
bayesfl_observability_v1,ola_sparse_bayesian_keep010_seed42,60,ola,global,,,all,db,67,-43.903203775492685,-42.223742511656454,-43.06347314357457,90,0.0005265659149943638,0.9963348727522846,101770
bayesfl_observability_v1,ola_sparse_bayesian_keep010_seed42,60,ola,global,,,all,db,68,-42.223742511656454,-40.54428124782024,-41.384011879738345,81,0.0004739093234949314,0.9971307851036652,101770
bayesfl_observability_v1,ola_sparse_bayesian_keep010_seed42,60,ola,global,,,all,db,69,-40.54428124782024,-38.864819983984006,-39.70455061590212,71,0.0004154019996066648,0.9978284366709246,101770
bayesfl_observability_v1,ola_sparse_bayesian_keep010_seed42,60,ola,global,,,all,db,70,-38.864819983984006,-37.18535872014779,-38.0250893520659,52,0.0003042380842189683,0.9983393927483541,101770
bayesfl_observability_v1,ola_sparse_bayesian_keep010_seed42,60,ola,global,,,all,db,71,-37.18535872014779,-35.50589745631156,-36.345628088229674,42,0.00024573076033070307,0.9987520880416626,101770
bayesfl_observability_v1,ola_sparse_bayesian_keep010_seed42,60,ola,global,,,all,db,72,-35.50589745631156,-33.82643619247534,-34.66616682439345,54,0.00031593954899662095,0.9992826962759163,101770
bayesfl_observability_v1,ola_sparse_bayesian_keep010_seed42,60,ola,global,,,all,db,73,-33.82643619247534,-32.14697492863911,-32.986705560557226,21,0.00012286538016535153,0.9994890439225705,101770
bayesfl_observability_v1,ola_sparse_bayesian_keep010_seed42,60,ola,global,,,all,db,74,-32.14697492863911,-30.467513664802894,-31.307244296721002,17,9.946245061004734e-05,0.9996560872555763,101770
bayesfl_observability_v1,ola_sparse_bayesian_keep010_seed42,60,ola,global,,,all,db,75,-30.467513664802894,-28.788052400966677,-29.627783032884786,12,7.020878866591577e-05,0.9997740001965215,101770
bayesfl_observability_v1,ola_sparse_bayesian_keep010_seed42,60,ola,global,,,all,db,76,-28.788052400966677,-27.108591137130446,-27.94832176904856,10,5.850732388826264e-05,0.9998722609806426,101770
bayesfl_observability_v1,ola_sparse_bayesian_keep010_seed42,60,ola,global,,,all,db,77,-27.108591137130446,-25.429129873294215,-26.26886050521233,6,3.5104394332957585e-05,0.9999312174511152,101770
bayesfl_observability_v1,ola_sparse_bayesian_keep010_seed42,60,ola,global,,,all,db,78,-25.429129873294215,-23.749668609458013,-24.589399241376114,6,3.510439433295818e-05,0.9999901739215878,101770
bayesfl_observability_v1,ola_sparse_bayesian_keep010_seed42,60,ola,global,,,all,db,79,-23.749668609458013,-22.070207345621778,-22.909937977539897,1,5.850732388826253e-06,1.0,101770
bayesfl_observability_v1,ola_sparse_bayesian_keep010_seed42,60,ola,global,,,layers.0.weight,raw,0,1.5087448239582758e-08,6.0810928159381996e-05,3.0413007803810788e-05,4406,722.1785617659142,0.04390545280612245,100352
bayesfl_observability_v1,ola_sparse_bayesian_keep010_seed42,60,ola,global,,,layers.0.weight,raw,1,6.0810928159381996e-05,0.00012160676887052442,9.12088485149532e-05,4256,697.5923647017092,0.08631616709183673,100352
bayesfl_observability_v1,ola_sparse_bayesian_keep010_seed42,60,ola,global,,,layers.0.weight,raw,2,0.00012160676887052442,0.00018240260958166685,0.00015200468922609565,4340,711.3606350576639,0.12956393494897958,100352
bayesfl_observability_v1,ola_sparse_bayesian_keep010_seed42,60,ola,global,,,layers.0.weight,raw,3,0.00018240260958166685,0.00024319845029280925,0.00021280052993723805,4305,705.6238557426831,0.17246293048469388,100352
bayesfl_observability_v1,ola_sparse_bayesian_keep010_seed42,60,ola,global,,,layers.0.weight,raw,4,0.00024319845029280925,0.00030399429100395165,0.00027359637064838045,4293,703.6569599775466,0.2152423469387755,100352
bayesfl_observability_v1,ola_sparse_bayesian_keep010_seed42,60,ola,global,,,layers.0.weight,raw,5,0.00030399429100395165,0.0003647901317150941,0.00033439221135952285,4305,705.6238557426825,0.2581413424744898,100352
bayesfl_observability_v1,ola_sparse_bayesian_keep010_seed42,60,ola,global,,,layers.0.weight,raw,6,0.0003647901317150941,0.0004255859724262365,0.0003951880520706653,4422,724.801089452763,0.30220623405612246,100352
bayesfl_observability_v1,ola_sparse_bayesian_keep010_seed42,60,ola,global,,,layers.0.weight,raw,7,0.0004255859724262365,0.0004863818131373789,0.0004559838927818077,4361,714.802702646653,0.34566326530612246,100352
bayesfl_observability_v1,ola_sparse_bayesian_keep010_seed42,60,ola,global,,,layers.0.weight,raw,8,0.0004863818131373789,0.0005471776538485213,0.0005167797334929501,4343,711.852358998949,0.38894092793367346,100352
bayesfl_observability_v1,ola_sparse_bayesian_keep010_seed42,60,ola,global,,,layers.0.weight,raw,9,0.0005471776538485213,0.0006079734945596637,0.0005775755742040925,4337,710.8689111163801,0.43215880102040816,100352
bayesfl_observability_v1,ola_sparse_bayesian_keep010_seed42,60,ola,global,,,layers.0.weight,raw,10,0.0006079734945596637,0.0006687693352708061,0.0006383714149152349,4322,708.4102914099597,0.47522720025510207,100352
bayesfl_observability_v1,ola_sparse_bayesian_keep010_seed42,60,ola,global,,,layers.0.weight,raw,11,0.0006687693352708061,0.0007295651759819486,0.0006991672556263774,4292,703.4930519971174,0.5179966517857143,100352
bayesfl_observability_v1,ola_sparse_bayesian_keep010_seed42,60,ola,global,,,layers.0.weight,raw,12,0.0007295651759819486,0.000790361016693091,0.0007599630963375198,4222,692.0194933671563,0.5600685586734694,100352
bayesfl_observability_v1,ola_sparse_bayesian_keep010_seed42,60,ola,global,,,layers.0.weight,raw,13,0.000790361016693091,0.0008511568574042334,0.0008207589370486622,4261,698.4119046038496,0.6025290975765306,100352
bayesfl_observability_v1,ola_sparse_bayesian_keep010_seed42,60,ola,global,,,layers.0.weight,raw,14,0.0008511568574042334,0.0009119526981153758,0.0008815547777598046,4247,696.1171928778572,0.6448501275510204,100352
bayesfl_observability_v1,ola_sparse_bayesian_keep010_seed42,60,ola,global,,,layers.0.weight,raw,15,0.0009119526981153758,0.0009727485388265182,0.000942350618470947,4468,732.3408565524525,0.6893734056122449,100352
bayesfl_observability_v1,ola_sparse_bayesian_keep010_seed42,60,ola,global,,,layers.0.weight,raw,16,0.0009727485388265182,0.0010335443795376606,0.0010031464591820894,4065,666.2859404399551,0.7298808195153061,100352
bayesfl_observability_v1,ola_sparse_bayesian_keep010_seed42,60,ola,global,,,layers.0.weight,raw,17,0.0010335443795376606,0.001094340220248803,0.0010639422998932318,3909,640.716295493182,0.7688337053571429,100352
bayesfl_observability_v1,ola_sparse_bayesian_keep010_seed42,60,ola,global,,,layers.0.weight,raw,18,0.001094340220248803,0.0011551360609599454,0.0011247381406043742,3105,508.9342792290432,0.7997747927295918,100352
bayesfl_observability_v1,ola_sparse_bayesian_keep010_seed42,60,ola,global,,,layers.0.weight,raw,19,0.0011551360609599454,0.0012159319016710878,0.0011855339813155166,2582,423.2104054651818,0.8255042251275511,100352
bayesfl_observability_v1,ola_sparse_bayesian_keep010_seed42,60,ola,global,,,layers.0.weight,raw,20,0.0012159319016710878,0.0012767277423822302,0.001246329822026659,1905,312.2447027154033,0.8444874043367347,100352
bayesfl_observability_v1,ola_sparse_bayesian_keep010_seed42,60,ola,global,,,layers.0.weight,raw,21,0.0012767277423822302,0.0013375235830933726,0.0013071256627378014,1584,259.63024099800464,0.8602718431122449,100352
bayesfl_observability_v1,ola_sparse_bayesian_keep010_seed42,60,ola,global,,,layers.0.weight,raw,22,0.0013375235830933726,0.001398319423804515,0.0013679215034489438,1472,241.27254719006493,0.8749402104591837,100352
bayesfl_observability_v1,ola_sparse_bayesian_keep010_seed42,60,ola,global,,,layers.0.weight,raw,23,0.001398319423804515,0.0014591152645156576,0.0014287173441600862,1274,208.81876706531358,0.8876355229591837,100352
bayesfl_observability_v1,ola_sparse_bayesian_keep010_seed42,60,ola,global,,,layers.0.weight,raw,24,0.0014591152645156576,0.0015199111052268,0.0014895131848712288,1160,190.13325729651856,0.8991948341836735,100352
bayesfl_observability_v1,ola_sparse_bayesian_keep010_seed42,60,ola,global,,,layers.0.weight,raw,25,0.0015199111052268,0.0015807069459379424,0.0015503090255823712,1133,185.70774182496166,0.9104850924744898,100352
bayesfl_observability_v1,ola_sparse_bayesian_keep010_seed42,60,ola,global,,,layers.0.weight,raw,26,0.0015807069459379424,0.0016415027866490848,0.0016111048662935136,1014,166.2026921540257,0.9205895248724489,100352
bayesfl_observability_v1,ola_sparse_bayesian_keep010_seed42,60,ola,global,,,layers.0.weight,raw,27,0.0016415027866490848,0.0017022986273602272,0.001671900707004656,921,150.9592499742186,0.9297672193877551,100352
bayesfl_observability_v1,ola_sparse_bayesian_keep010_seed42,60,ola,global,,,layers.0.weight,raw,28,0.0017022986273602272,0.0017630944680713696,0.0017326965477157984,870,142.5999429723889,0.9384367028061225,100352
bayesfl_observability_v1,ola_sparse_bayesian_keep010_seed42,60,ola,global,,,layers.0.weight,raw,29,0.0017630944680713696,0.001823890308782512,0.0017934923884269408,762,124.89788108616132,0.9460299744897959,100352
bayesfl_observability_v1,ola_sparse_bayesian_keep010_seed42,60,ola,global,,,layers.0.weight,raw,30,0.001823890308782512,0.0018846861494936544,0.0018542882291380832,693,113.58823043662703,0.9529356664540817,100352
bayesfl_observability_v1,ola_sparse_bayesian_keep010_seed42,60,ola,global,,,layers.0.weight,raw,31,0.0018846861494936544,0.0019454819902047968,0.0019150840698492256,599,98.1808802763919,0.9589046556122449,100352
bayesfl_observability_v1,ola_sparse_bayesian_keep010_seed42,60,ola,global,,,layers.0.weight,raw,32,0.0019454819902047968,0.0020062778309159392,0.0019758799105603683,569,93.26364086355092,0.9645746970663265,100352
bayesfl_observability_v1,ola_sparse_bayesian_keep010_seed42,60,ola,global,,,layers.0.weight,raw,33,0.0020062778309159392,0.0020670736716270816,0.0020366757512715102,474,77.69238272288776,0.9692980707908163,100352
bayesfl_observability_v1,ola_sparse_bayesian_keep010_seed42,60,ola,global,,,layers.0.weight,raw,34,0.0020670736716270816,0.002127869512338224,0.002097471591982653,445,72.9390512904748,0.9737324617346939,100352
bayesfl_observability_v1,ola_sparse_bayesian_keep010_seed42,60,ola,global,,,layers.0.weight,raw,35,0.002127869512338224,0.0021886653530493664,0.002158267432693795,392,64.25192832778903,0.9776387117346939,100352
bayesfl_observability_v1,ola_sparse_bayesian_keep010_seed42,60,ola,global,,,layers.0.weight,raw,36,0.0021886653530493664,0.002249461193760509,0.002219063273404938,326,53.43400161953883,0.9808872767857143,100352
bayesfl_observability_v1,ola_sparse_bayesian_keep010_seed42,60,ola,global,,,layers.0.weight,raw,37,0.002249461193760509,0.0023102570344716513,0.00227985911411608,248,40.64917914615224,0.9833585778061225,100352
bayesfl_observability_v1,ola_sparse_bayesian_keep010_seed42,60,ola,global,,,layers.0.weight,raw,38,0.0023102570344716513,0.0023710528751827937,0.0023406549548272227,241,39.50182328315601,0.9857601243622449,100352
bayesfl_observability_v1,ola_sparse_bayesian_keep010_seed42,60,ola,global,,,layers.0.weight,raw,39,0.0023710528751827937,0.002431848715893936,0.0024014507955383646,258,42.28825895043258,0.9883310746173469,100352
bayesfl_observability_v1,ola_sparse_bayesian_keep010_seed42,60,ola,global,,,layers.0.weight,raw,40,0.002431848715893936,0.0024926445566050785,0.0024622466362495075,152,24.914013025061053,0.9898457429846939,100352
bayesfl_observability_v1,ola_sparse_bayesian_keep010_seed42,60,ola,global,,,layers.0.weight,raw,41,0.0024926445566050785,0.002553440397316221,0.0025230424769606494,145,23.76665716206482,0.9912906568877551,100352
bayesfl_observability_v1,ola_sparse_bayesian_keep010_seed42,60,ola,global,,,layers.0.weight,raw,42,0.002553440397316221,0.0026142362380273633,0.0025838383176717923,133,21.79976139692842,0.9926159917091837,100352
bayesfl_observability_v1,ola_sparse_bayesian_keep010_seed42,60,ola,global,,,layers.0.weight,raw,43,0.0026142362380273633,0.0026750320787385057,0.0026446341583829342,112,18.35769380793972,0.9937320631377551,100352
bayesfl_observability_v1,ola_sparse_bayesian_keep010_seed42,60,ola,global,,,layers.0.weight,raw,44,0.0026750320787385057,0.002735827919449648,0.002705429999094077,101,16.554706023231358,0.9947385204081632,100352
bayesfl_observability_v1,ola_sparse_bayesian_keep010_seed42,60,ola,global,,,layers.0.weight,raw,45,0.002735827919449648,0.0027966237601607905,0.002766225839805219,79,12.948730453814626,0.9955257493622449,100352
bayesfl_observability_v1,ola_sparse_bayesian_keep010_seed42,60,ola,global,,,layers.0.weight,raw,46,0.0027966237601607905,0.002857419600871933,0.002827021680516362,61,9.998386806110027,0.9961336096938775,100352
bayesfl_observability_v1,ola_sparse_bayesian_keep010_seed42,60,ola,global,,,layers.0.weight,raw,47,0.002857419600871933,0.0029182154415830757,0.0028878175212275043,60,9.834478825681924,0.9967315051020408,100352
bayesfl_observability_v1,ola_sparse_bayesian_keep010_seed42,60,ola,global,,,layers.0.weight,raw,48,0.0029182154415830757,0.002979011282294218,0.0029486133619386467,45,7.375859119261496,0.9971799266581632,100352
bayesfl_observability_v1,ola_sparse_bayesian_keep010_seed42,60,ola,global,,,layers.0.weight,raw,49,0.002979011282294218,0.0030398071230053605,0.0030094092026497895,49,8.031491040973629,0.9976682079081632,100352
bayesfl_observability_v1,ola_sparse_bayesian_keep010_seed42,60,ola,global,,,layers.0.weight,raw,50,0.0030398071230053605,0.003100602963716503,0.0030702050433609315,40,6.556319217121329,0.9980668048469388,100352
bayesfl_observability_v1,ola_sparse_bayesian_keep010_seed42,60,ola,global,,,layers.0.weight,raw,51,0.003100602963716503,0.0031613988044276453,0.0031310008840720743,29,4.753331432412964,0.9983557876275511,100352
bayesfl_observability_v1,ola_sparse_bayesian_keep010_seed42,60,ola,global,,,layers.0.weight,raw,52,0.0031613988044276453,0.0032221946451387877,0.0031917967247832163,23,3.7698835498447645,0.9985849808673469,100352
bayesfl_observability_v1,ola_sparse_bayesian_keep010_seed42,60,ola,global,,,layers.0.weight,raw,53,0.0032221946451387877,0.00328299048584993,0.003252592565494359,18,2.950343647704598,0.9987643494897959,100352
bayesfl_observability_v1,ola_sparse_bayesian_keep010_seed42,60,ola,global,,,layers.0.weight,raw,54,0.00328299048584993,0.0033437863265610725,0.003313388406205501,25,4.0976995107008305,0.9990134725765306,100352
bayesfl_observability_v1,ola_sparse_bayesian_keep010_seed42,60,ola,global,,,layers.0.weight,raw,55,0.0033437863265610725,0.003404582167272215,0.003374184246916644,11,1.8029877847083655,0.9991230867346939,100352
bayesfl_observability_v1,ola_sparse_bayesian_keep010_seed42,60,ola,global,,,layers.0.weight,raw,56,0.003404582167272215,0.0034653780079833573,0.003434980087627786,19,3.1142516281326316,0.9993124202806123,100352
bayesfl_observability_v1,ola_sparse_bayesian_keep010_seed42,60,ola,global,,,layers.0.weight,raw,57,0.0034653780079833573,0.0035261738486944997,0.0034957759283389287,2,0.32781596085606646,0.9993323501275511,100352
bayesfl_observability_v1,ola_sparse_bayesian_keep010_seed42,60,ola,global,,,layers.0.weight,raw,58,0.0035261738486944997,0.003586969689405642,0.0035565717690500707,9,1.475171823852299,0.9994220344387755,100352
bayesfl_observability_v1,ola_sparse_bayesian_keep010_seed42,60,ola,global,,,layers.0.weight,raw,59,0.003586969689405642,0.0036477655301167845,0.0036173676097612135,3,0.4917239412840997,0.9994519292091837,100352
bayesfl_observability_v1,ola_sparse_bayesian_keep010_seed42,60,ola,global,,,layers.0.weight,raw,60,0.0036477655301167845,0.003708561370827927,0.0036781634504723555,9,1.475171823852299,0.9995416135204082,100352
bayesfl_observability_v1,ola_sparse_bayesian_keep010_seed42,60,ola,global,,,layers.0.weight,raw,61,0.003708561370827927,0.0037693572115390693,0.0037389592911834984,6,0.9834478825681994,0.9996014030612245,100352
bayesfl_observability_v1,ola_sparse_bayesian_keep010_seed42,60,ola,global,,,layers.0.weight,raw,62,0.0037693572115390693,0.0038301530522502117,0.0037997551318946403,7,1.1473558629962326,0.9996711575255102,100352
bayesfl_observability_v1,ola_sparse_bayesian_keep010_seed42,60,ola,global,,,layers.0.weight,raw,63,0.0038301530522502117,0.003890948892961354,0.003860550972605783,3,0.4917239412840997,0.9997010522959183,100352
bayesfl_observability_v1,ola_sparse_bayesian_keep010_seed42,60,ola,global,,,layers.0.weight,raw,64,0.003890948892961354,0.003951744733672497,0.003921346813316925,5,0.8195399021401604,0.9997508769132653,100352
bayesfl_observability_v1,ola_sparse_bayesian_keep010_seed42,60,ola,global,,,layers.0.weight,raw,65,0.003951744733672497,0.004012540574383639,0.003982142654028068,4,0.6556319217121376,0.9997907366071429,100352
bayesfl_observability_v1,ola_sparse_bayesian_keep010_seed42,60,ola,global,,,layers.0.weight,raw,66,0.004012540574383639,0.004073336415094782,0.004042938494739211,5,0.8195399021401604,0.9998405612244898,100352
bayesfl_observability_v1,ola_sparse_bayesian_keep010_seed42,60,ola,global,,,layers.0.weight,raw,67,0.004073336415094782,0.004134132255805924,0.004103734335450353,2,0.3278159608560688,0.9998604910714286,100352
bayesfl_observability_v1,ola_sparse_bayesian_keep010_seed42,60,ola,global,,,layers.0.weight,raw,68,0.004134132255805924,0.004194928096517067,0.004164530176161495,2,0.3278159608560641,0.9998804209183674,100352
bayesfl_observability_v1,ola_sparse_bayesian_keep010_seed42,60,ola,global,,,layers.0.weight,raw,69,0.004194928096517067,0.0042557239372282086,0.004225326016872638,2,0.3278159608560688,0.9999003507653061,100352
bayesfl_observability_v1,ola_sparse_bayesian_keep010_seed42,60,ola,global,,,layers.0.weight,raw,70,0.0042557239372282086,0.004316519777939351,0.00428612185758378,4,0.6556319217121283,0.9999402104591837,100352
bayesfl_observability_v1,ola_sparse_bayesian_keep010_seed42,60,ola,global,,,layers.0.weight,raw,71,0.004316519777939351,0.004377315618650493,0.004346917698294922,1,0.1639079804280344,0.9999501753826531,100352
bayesfl_observability_v1,ola_sparse_bayesian_keep010_seed42,60,ola,global,,,layers.0.weight,raw,72,0.004377315618650493,0.004438111459361636,0.004407713539006064,0,0.0,0.9999501753826531,100352
bayesfl_observability_v1,ola_sparse_bayesian_keep010_seed42,60,ola,global,,,layers.0.weight,raw,73,0.004438111459361636,0.004498907300072778,0.004468509379717207,0,0.0,0.9999501753826531,100352
bayesfl_observability_v1,ola_sparse_bayesian_keep010_seed42,60,ola,global,,,layers.0.weight,raw,74,0.004498907300072778,0.004559703140783921,0.00452930522042835,0,0.0,0.9999501753826531,100352
bayesfl_observability_v1,ola_sparse_bayesian_keep010_seed42,60,ola,global,,,layers.0.weight,raw,75,0.004559703140783921,0.004620498981495063,0.004590101061139492,0,0.0,0.9999501753826531,100352
bayesfl_observability_v1,ola_sparse_bayesian_keep010_seed42,60,ola,global,,,layers.0.weight,raw,76,0.004620498981495063,0.004681294822206206,0.004650896901850634,2,0.3278159608560641,0.9999701052295918,100352
bayesfl_observability_v1,ola_sparse_bayesian_keep010_seed42,60,ola,global,,,layers.0.weight,raw,77,0.004681294822206206,0.004742090662917348,0.004711692742561777,1,0.1639079804280344,0.9999800701530612,100352
bayesfl_observability_v1,ola_sparse_bayesian_keep010_seed42,60,ola,global,,,layers.0.weight,raw,78,0.004742090662917348,0.004802886503628491,0.00477248858327292,1,0.16390798042803206,0.9999900350765306,100352
bayesfl_observability_v1,ola_sparse_bayesian_keep010_seed42,60,ola,global,,,layers.0.weight,raw,79,0.004802886503628491,0.004863682344339633,0.004833284423984062,1,0.1639079804280344,1.0,100352
bayesfl_observability_v1,ola_sparse_bayesian_keep010_seed42,60,ola,global,,,layers.0.weight,db,0,-156.42710845251963,-155.05002829617746,-155.73856837434855,2,1.447253948652745e-05,1.992984693877551e-05,100352
bayesfl_observability_v1,ola_sparse_bayesian_keep010_seed42,60,ola,global,,,layers.0.weight,db,1,-155.05002829617746,-153.6729481398353,-154.3614882180064,1,7.236269743263874e-06,2.9894770408163265e-05,100352
bayesfl_observability_v1,ola_sparse_bayesian_keep010_seed42,60,ola,global,,,layers.0.weight,db,2,-153.6729481398353,-152.29586798349314,-152.98440806166423,0,0.0,2.9894770408163265e-05,100352
bayesfl_observability_v1,ola_sparse_bayesian_keep010_seed42,60,ola,global,,,layers.0.weight,db,3,-152.29586798349314,-150.918787827151,-151.60732790532205,0,0.0,2.9894770408163265e-05,100352
bayesfl_observability_v1,ola_sparse_bayesian_keep010_seed42,60,ola,global,,,layers.0.weight,db,4,-150.918787827151,-149.54170767080882,-150.2302477489799,1,7.236269743263725e-06,3.985969387755102e-05,100352
bayesfl_observability_v1,ola_sparse_bayesian_keep010_seed42,60,ola,global,,,layers.0.weight,db,5,-149.54170767080882,-148.16462751446667,-148.85316759263776,2,1.4472539486527748e-05,5.978954081632653e-05,100352
bayesfl_observability_v1,ola_sparse_bayesian_keep010_seed42,60,ola,global,,,layers.0.weight,db,6,-148.16462751446667,-146.7875473581245,-147.4760874362956,0,0.0,5.978954081632653e-05,100352
bayesfl_observability_v1,ola_sparse_bayesian_keep010_seed42,60,ola,global,,,layers.0.weight,db,7,-146.7875473581245,-145.41046720178235,-146.0990072799534,1,7.236269743263874e-06,6.975446428571428e-05,100352
bayesfl_observability_v1,ola_sparse_bayesian_keep010_seed42,60,ola,global,,,layers.0.weight,db,8,-145.41046720178235,-144.03338704544018,-144.72192712361127,0,0.0,6.975446428571428e-05,100352
bayesfl_observability_v1,ola_sparse_bayesian_keep010_seed42,60,ola,global,,,layers.0.weight,db,9,-144.03338704544018,-142.65630688909803,-143.34484696726912,0,0.0,6.975446428571428e-05,100352
bayesfl_observability_v1,ola_sparse_bayesian_keep010_seed42,60,ola,global,,,layers.0.weight,db,10,-142.65630688909803,-141.27922673275586,-141.96776681092695,1,7.236269743263725e-06,7.971938775510203e-05,100352
bayesfl_observability_v1,ola_sparse_bayesian_keep010_seed42,60,ola,global,,,layers.0.weight,db,11,-141.27922673275586,-139.9021465764137,-140.59068665458477,0,0.0,7.971938775510203e-05,100352
bayesfl_observability_v1,ola_sparse_bayesian_keep010_seed42,60,ola,global,,,layers.0.weight,db,12,-139.9021465764137,-138.52506642007154,-139.21360649824263,1,7.236269743263725e-06,8.96843112244898e-05,100352
bayesfl_observability_v1,ola_sparse_bayesian_keep010_seed42,60,ola,global,,,layers.0.weight,db,13,-138.52506642007154,-137.1479862637294,-137.83652634190048,0,0.0,8.96843112244898e-05,100352
bayesfl_observability_v1,ola_sparse_bayesian_keep010_seed42,60,ola,global,,,layers.0.weight,db,14,-137.1479862637294,-135.77090610738722,-136.4594461855583,1,7.236269743263725e-06,9.964923469387755e-05,100352
bayesfl_observability_v1,ola_sparse_bayesian_keep010_seed42,60,ola,global,,,layers.0.weight,db,15,-135.77090610738722,-134.39382595104507,-135.08236602921613,2,1.4472539486527748e-05,0.00011957908163265306,100352
bayesfl_observability_v1,ola_sparse_bayesian_keep010_seed42,60,ola,global,,,layers.0.weight,db,16,-134.39382595104507,-133.0167457947029,-133.705285872874,1,7.236269743263725e-06,0.00012954400510204082,100352
bayesfl_observability_v1,ola_sparse_bayesian_keep010_seed42,60,ola,global,,,layers.0.weight,db,17,-133.0167457947029,-131.63966563836075,-132.32820571653184,6,4.341761845958324e-05,0.00018933354591836734,100352
bayesfl_observability_v1,ola_sparse_bayesian_keep010_seed42,60,ola,global,,,layers.0.weight,db,18,-131.63966563836075,-130.26258548201858,-130.95112556018967,4,2.89450789730549e-05,0.00022919323979591838,100352
bayesfl_observability_v1,ola_sparse_bayesian_keep010_seed42,60,ola,global,,,layers.0.weight,db,19,-130.26258548201858,-128.88550532567643,-129.5740454038475,1,7.236269743263874e-06,0.00023915816326530612,100352
bayesfl_observability_v1,ola_sparse_bayesian_keep010_seed42,60,ola,global,,,layers.0.weight,db,20,-128.88550532567643,-127.50842516933426,-128.19696524750535,4,2.89450789730549e-05,0.00027901785714285713,100352
bayesfl_observability_v1,ola_sparse_bayesian_keep010_seed42,60,ola,global,,,layers.0.weight,db,21,-127.50842516933426,-126.1313450129921,-126.81988509116317,3,2.1708809229791398e-05,0.0003089126275510204,100352
bayesfl_observability_v1,ola_sparse_bayesian_keep010_seed42,60,ola,global,,,layers.0.weight,db,22,-126.1313450129921,-124.75426485664994,-125.44280493482103,12,8.683523691916559e-05,0.00042849170918367346,100352
bayesfl_observability_v1,ola_sparse_bayesian_keep010_seed42,60,ola,global,,,layers.0.weight,db,23,-124.75426485664994,-123.37718470030778,-124.06572477847885,7,5.0653888202846597e-05,0.0004982461734693878,100352
bayesfl_observability_v1,ola_sparse_bayesian_keep010_seed42,60,ola,global,,,layers.0.weight,db,24,-123.37718470030778,-122.00010454396562,-122.6886446221367,8,5.78901579461104e-05,0.0005779655612244898,100352
bayesfl_observability_v1,ola_sparse_bayesian_keep010_seed42,60,ola,global,,,layers.0.weight,db,25,-122.00010454396562,-120.62302438762346,-121.31156446579453,7,5.0653888202846597e-05,0.000647720025510204,100352
bayesfl_observability_v1,ola_sparse_bayesian_keep010_seed42,60,ola,global,,,layers.0.weight,db,26,-120.62302438762346,-119.2459442312813,-119.93448430945239,12,8.683523691916559e-05,0.0007672991071428571,100352
bayesfl_observability_v1,ola_sparse_bayesian_keep010_seed42,60,ola,global,,,layers.0.weight,db,27,-119.2459442312813,-117.86886407493914,-118.55740415311021,15,0.000108544046148957,0.0009167729591836735,100352
bayesfl_observability_v1,ola_sparse_bayesian_keep010_seed42,60,ola,global,,,layers.0.weight,db,28,-117.86886407493914,-116.49178391859698,-117.18032399676807,20,0.00014472539486527598,0.0011160714285714285,100352
bayesfl_observability_v1,ola_sparse_bayesian_keep010_seed42,60,ola,global,,,layers.0.weight,db,29,-116.49178391859698,-115.11470376225482,-115.80324384042589,13,9.407150666242939e-05,0.0012456154336734694,100352
bayesfl_observability_v1,ola_sparse_bayesian_keep010_seed42,60,ola,global,,,layers.0.weight,db,30,-115.11470376225482,-113.73762360591266,-114.42616368408375,31,0.0002243243620411778,0.0015545280612244898,100352
bayesfl_observability_v1,ola_sparse_bayesian_keep010_seed42,60,ola,global,,,layers.0.weight,db,31,-113.73762360591266,-112.3605434495705,-113.04908352774157,32,0.0002315606317844416,0.0018734056122448979,100352
bayesfl_observability_v1,ola_sparse_bayesian_keep010_seed42,60,ola,global,,,layers.0.weight,db,32,-112.3605434495705,-110.98346329322834,-111.67200337139943,38,0.0002749782502440244,0.0022520727040816328,100352
bayesfl_observability_v1,ola_sparse_bayesian_keep010_seed42,60,ola,global,,,layers.0.weight,db,33,-110.98346329322834,-109.60638313688618,-110.29492321505725,41,0.0002966870594738158,0.0026606345663265306,100352
bayesfl_observability_v1,ola_sparse_bayesian_keep010_seed42,60,ola,global,,,layers.0.weight,db,34,-109.60638313688618,-108.22930298054402,-108.9178430587151,44,0.00031839586870360717,0.003099091198979592,100352
bayesfl_observability_v1,ola_sparse_bayesian_keep010_seed42,60,ola,global,,,layers.0.weight,db,35,-108.22930298054402,-106.85222282420186,-107.54076290237293,52,0.00037628602664971757,0.003617267219387755,100352
bayesfl_observability_v1,ola_sparse_bayesian_keep010_seed42,60,ola,global,,,layers.0.weight,db,36,-106.85222282420186,-105.4751426678597,-106.16368274603079,45,0.000325632138446871,0.004065688775510204,100352
bayesfl_observability_v1,ola_sparse_bayesian_keep010_seed42,60,ola,global,,,layers.0.weight,db,37,-105.4751426678597,-104.09806251151754,-104.78660258968861,73,0.0005282476912582574,0.00479312818877551,100352
bayesfl_observability_v1,ola_sparse_bayesian_keep010_seed42,60,ola,global,,,layers.0.weight,db,38,-104.09806251151754,-102.72098235517538,-103.40952243334647,70,0.000506538882028466,0.005490672831632653,100352
bayesfl_observability_v1,ola_sparse_bayesian_keep010_seed42,60,ola,global,,,layers.0.weight,db,39,-102.72098235517538,-101.34390219883322,-102.0324422770043,93,0.0006729730861235333,0.006417410714285714,100352
bayesfl_observability_v1,ola_sparse_bayesian_keep010_seed42,60,ola,global,,,layers.0.weight,db,40,-101.34390219883322,-99.96682204249106,-100.65536212066215,103,0.0007453357835561714,0.007443797831632653,100352
bayesfl_observability_v1,ola_sparse_bayesian_keep010_seed42,60,ola,global,,,layers.0.weight,db,41,-99.96682204249106,-98.58974188614889,-99.27828196431997,123,0.0008900611784214381,0.008669483418367346,100352
bayesfl_observability_v1,ola_sparse_bayesian_keep010_seed42,60,ola,global,,,layers.0.weight,db,42,-98.58974188614889,-97.21266172980674,-97.90120180797781,152,0.0010999130009761088,0.010184151785714286,100352
bayesfl_observability_v1,ola_sparse_bayesian_keep010_seed42,60,ola,global,,,layers.0.weight,db,43,-97.21266172980674,-95.83558157346457,-96.52412165163565,181,0.0013097648235307342,0.011987802933673469,100352
bayesfl_observability_v1,ola_sparse_bayesian_keep010_seed42,60,ola,global,,,layers.0.weight,db,44,-95.83558157346457,-94.45850141712242,-95.1470414952935,214,0.0015485617250584692,0.01412029655612245,100352
bayesfl_observability_v1,ola_sparse_bayesian_keep010_seed42,60,ola,global,,,layers.0.weight,db,45,-94.45850141712242,-93.08142126078025,-93.76996133895133,246,0.0017801223568428763,0.016571667729591837,100352
bayesfl_observability_v1,ola_sparse_bayesian_keep010_seed42,60,ola,global,,,layers.0.weight,db,46,-93.08142126078025,-91.7043411044381,-92.39288118260917,264,0.001910375212221663,0.019202407525510203,100352
bayesfl_observability_v1,ola_sparse_bayesian_keep010_seed42,60,ola,global,,,layers.0.weight,db,47,-91.7043411044381,-90.32726094809593,-91.01580102626701,315,0.0022794249691280733,0.022341358418367346,100352
bayesfl_observability_v1,ola_sparse_bayesian_keep010_seed42,60,ola,global,,,layers.0.weight,db,48,-90.32726094809593,-88.95018079175377,-89.63872086992484,376,0.0027208374234671887,0.026088169642857144,100352
bayesfl_observability_v1,ola_sparse_bayesian_keep010_seed42,60,ola,global,,,layers.0.weight,db,49,-88.95018079175377,-87.5731006354116,-88.2616407135827,418,0.0030247607526842682,0.030253507653061226,100352
bayesfl_observability_v1,ola_sparse_bayesian_keep010_seed42,60,ola,global,,,layers.0.weight,db,50,-87.5731006354116,-86.19602047906945,-86.88456055724052,510,0.0036904975690645377,0.03533561862244898,100352
bayesfl_observability_v1,ola_sparse_bayesian_keep010_seed42,60,ola,global,,,layers.0.weight,db,51,-86.19602047906945,-84.81894032272729,-85.50748040089837,607,0.004392415734161126,0.041384327168367346,100352
bayesfl_observability_v1,ola_sparse_bayesian_keep010_seed42,60,ola,global,,,layers.0.weight,db,52,-84.81894032272729,-83.44186016638513,-84.1304002445562,674,0.004877245806959801,0.04810068558673469,100352
bayesfl_observability_v1,ola_sparse_bayesian_keep010_seed42,60,ola,global,,,layers.0.weight,db,53,-83.44186016638513,-82.06478001004297,-82.75332008821405,811,0.005868614761786942,0.05618223852040816,100352
bayesfl_observability_v1,ola_sparse_bayesian_keep010_seed42,60,ola,global,,,layers.0.weight,db,54,-82.06478001004297,-80.6876998537008,-81.37623993187188,993,0.007185615855060953,0.06607740752551021,100352
bayesfl_observability_v1,ola_sparse_bayesian_keep010_seed42,60,ola,global,,,layers.0.weight,db,55,-80.6876998537008,-79.31061969735865,-79.99915977552973,1100,0.00795989671759018,0.07703882334183673,100352
bayesfl_observability_v1,ola_sparse_bayesian_keep010_seed42,60,ola,global,,,layers.0.weight,db,56,-79.31061969735865,-77.93353954101649,-78.62207961918756,1310,0.009479513363675578,0.09009287308673469,100352
bayesfl_observability_v1,ola_sparse_bayesian_keep010_seed42,60,ola,global,,,layers.0.weight,db,57,-77.93353954101649,-76.55645938467433,-77.24499946284541,1523,0.011020838818990767,0.10526945153061225,100352
bayesfl_observability_v1,ola_sparse_bayesian_keep010_seed42,60,ola,global,,,layers.0.weight,db,58,-76.55645938467433,-75.17937922833217,-75.86791930650324,1806,0.013068703156334422,0.12326610331632654,100352
bayesfl_observability_v1,ola_sparse_bayesian_keep010_seed42,60,ola,global,,,layers.0.weight,db,59,-75.17937922833217,-73.80229907199,-74.4908391501611,2120,0.015340891855719255,0.14439174107142858,100352
bayesfl_observability_v1,ola_sparse_bayesian_keep010_seed42,60,ola,global,,,layers.0.weight,db,60,-73.80229907199,-72.42521891564785,-73.11375899381892,2531,0.018314998720200676,0.16961296237244897,100352
bayesfl_observability_v1,ola_sparse_bayesian_keep010_seed42,60,ola,global,,,layers.0.weight,db,61,-72.42521891564785,-71.04813875930569,-71.73667883747677,2882,0.02085492940008627,0.1983318718112245,100352
bayesfl_observability_v1,ola_sparse_bayesian_keep010_seed42,60,ola,global,,,layers.0.weight,db,62,-71.04813875930569,-69.67105860296353,-70.3595986811346,3490,0.025254581403990662,0.23310945471938777,100352
bayesfl_observability_v1,ola_sparse_bayesian_keep010_seed42,60,ola,global,,,layers.0.weight,db,63,-69.67105860296353,-68.29397844662137,-68.98251852479245,4012,0.029031914209974363,0.27308872767857145,100352
bayesfl_observability_v1,ola_sparse_bayesian_keep010_seed42,60,ola,global,,,layers.0.weight,db,64,-68.29397844662137,-66.9168982902792,-67.60543836845028,4708,0.03406835795128597,0.320003587372449,100352
bayesfl_observability_v1,ola_sparse_bayesian_keep010_seed42,60,ola,global,,,layers.0.weight,db,65,-66.9168982902792,-65.53981813393705,-66.22835821210813,5611,0.04060270952945318,0.3759167729591837,100352
bayesfl_observability_v1,ola_sparse_bayesian_keep010_seed42,60,ola,global,,,layers.0.weight,db,66,-65.53981813393705,-64.16273797759489,-64.85127805576596,6434,0.04655815952815929,0.44003109056122447,100352
bayesfl_observability_v1,ola_sparse_bayesian_keep010_seed42,60,ola,global,,,layers.0.weight,db,67,-64.16273797759489,-62.78565782125273,-63.47419789942381,7559,0.054698962989331065,0.5153559470663265,100352
bayesfl_observability_v1,ola_sparse_bayesian_keep010_seed42,60,ola,global,,,layers.0.weight,db,68,-62.78565782125273,-61.40857766491057,-62.09711774308165,8693,0.06290489287819222,0.6019810267857143,100352
bayesfl_observability_v1,ola_sparse_bayesian_keep010_seed42,60,ola,global,,,layers.0.weight,db,69,-61.40857766491057,-60.03149750856841,-60.72003758673949,10401,0.07526444159968679,0.7056261957908163,100352
bayesfl_observability_v1,ola_sparse_bayesian_keep010_seed42,60,ola,global,,,layers.0.weight,db,70,-60.03149750856841,-58.65441735222625,-59.34295743039733,9988,0.07227586219571883,0.8051558514030612,100352
bayesfl_observability_v1,ola_sparse_bayesian_keep010_seed42,60,ola,global,,,layers.0.weight,db,71,-58.65441735222625,-57.27733719588409,-57.96587727405517,6295,0.04555231803384562,0.8678850446428571,100352
bayesfl_observability_v1,ola_sparse_bayesian_keep010_seed42,60,ola,global,,,layers.0.weight,db,72,-57.27733719588409,-55.90025703954193,-56.58879711771301,4639,0.033569055339000765,0.9141123246173469,100352
bayesfl_observability_v1,ola_sparse_bayesian_keep010_seed42,60,ola,global,,,layers.0.weight,db,73,-55.90025703954193,-54.52317688319977,-55.21171696137085,3832,0.02772938565618688,0.9522979113520408,100352
bayesfl_observability_v1,ola_sparse_bayesian_keep010_seed42,60,ola,global,,,layers.0.weight,db,74,-54.52317688319977,-53.14609672685761,-53.83463680502869,2621,0.01896626299709442,0.9784159757653061,100352
bayesfl_observability_v1,ola_sparse_bayesian_keep010_seed42,60,ola,global,,,layers.0.weight,db,75,-53.14609672685761,-51.76901657051545,-52.45755664868653,1355,0.009805145502122449,0.9919184470663265,100352
bayesfl_observability_v1,ola_sparse_bayesian_keep010_seed42,60,ola,global,,,layers.0.weight,db,76,-51.76901657051545,-50.39193641417329,-51.08047649234437,567,0.004102964944430574,0.9975685586734694,100352
bayesfl_observability_v1,ola_sparse_bayesian_keep010_seed42,60,ola,global,,,layers.0.weight,db,77,-50.39193641417329,-49.01485625783113,-49.70339633600221,181,0.0013097648235307477,0.9993722098214286,100352
bayesfl_observability_v1,ola_sparse_bayesian_keep010_seed42,60,ola,global,,,layers.0.weight,db,78,-49.01485625783113,-47.63777610148897,-48.32631617966005,50,0.00036181348716319,0.999870455994898,100352
bayesfl_observability_v1,ola_sparse_bayesian_keep010_seed42,60,ola,global,,,layers.0.weight,db,79,-47.63777610148897,-46.26069594514681,-46.94923602331789,13,9.407150666242939e-05,1.0,100352
bayesfl_observability_v1,ola_sparse_bayesian_keep010_seed42,60,ola,global,,,layers.0.bias,raw,0,6.359356670381096e-06,4.868159242192302e-05,2.7520474546152056e-05,6,1107.5738123851881,0.046875,128
bayesfl_observability_v1,ola_sparse_bayesian_keep010_seed42,60,ola,global,,,layers.0.bias,raw,1,4.868159242192302e-05,9.100382817346494e-05,6.984271029769398e-05,4,738.3825415901255,0.078125,128
bayesfl_observability_v1,ola_sparse_bayesian_keep010_seed42,60,ola,global,,,layers.0.bias,raw,2,9.100382817346494e-05,0.00013332606392500688,0.0001121649460492359,3,553.786906192594,0.1015625,128
bayesfl_observability_v1,ola_sparse_bayesian_keep010_seed42,60,ola,global,,,layers.0.bias,raw,3,0.00013332606392500688,0.0001756482996765488,0.00015448718180077786,4,738.3825415901255,0.1328125,128
bayesfl_observability_v1,ola_sparse_bayesian_keep010_seed42,60,ola,global,,,layers.0.bias,raw,4,0.0001756482996765488,0.00021797053542809073,0.00019680941755231975,4,738.3825415901255,0.1640625,128
bayesfl_observability_v1,ola_sparse_bayesian_keep010_seed42,60,ola,global,,,layers.0.bias,raw,5,0.00021797053542809073,0.00026029277117963265,0.0002391316533038617,4,738.3825415901255,0.1953125,128
bayesfl_observability_v1,ola_sparse_bayesian_keep010_seed42,60,ola,global,,,layers.0.bias,raw,6,0.00026029277117963265,0.0003026150069311746,0.0002814538890554036,5,922.9781769876563,0.234375,128
bayesfl_observability_v1,ola_sparse_bayesian_keep010_seed42,60,ola,global,,,layers.0.bias,raw,7,0.0003026150069311746,0.0003449372426827165,0.00032377612480694555,7,1292.1694477827205,0.2890625,128
bayesfl_observability_v1,ola_sparse_bayesian_keep010_seed42,60,ola,global,,,layers.0.bias,raw,8,0.0003449372426827165,0.0003872594784342584,0.00036609836055848745,5,922.9781769876574,0.328125,128
bayesfl_observability_v1,ola_sparse_bayesian_keep010_seed42,60,ola,global,,,layers.0.bias,raw,9,0.0003872594784342584,0.00042958171418580035,0.0004084205963100294,3,553.7869061925937,0.3515625,128
bayesfl_observability_v1,ola_sparse_bayesian_keep010_seed42,60,ola,global,,,layers.0.bias,raw,10,0.00042958171418580035,0.0004719039499373423,0.0004507428320615713,6,1107.5738123851875,0.3984375,128
bayesfl_observability_v1,ola_sparse_bayesian_keep010_seed42,60,ola,global,,,layers.0.bias,raw,11,0.0004719039499373423,0.0005142261856888842,0.0004930650678131132,3,553.7869061925944,0.421875,128
bayesfl_observability_v1,ola_sparse_bayesian_keep010_seed42,60,ola,global,,,layers.0.bias,raw,12,0.0005142261856888842,0.0005565484214404261,0.0005353873035646552,1,184.59563539753148,0.4296875,128
bayesfl_observability_v1,ola_sparse_bayesian_keep010_seed42,60,ola,global,,,layers.0.bias,raw,13,0.0005565484214404261,0.0005988706571919681,0.0005777095393161971,3,553.786906192593,0.453125,128
bayesfl_observability_v1,ola_sparse_bayesian_keep010_seed42,60,ola,global,,,layers.0.bias,raw,14,0.0005988706571919681,0.00064119289294351,0.000620031775067739,3,553.7869061925944,0.4765625,128
bayesfl_observability_v1,ola_sparse_bayesian_keep010_seed42,60,ola,global,,,layers.0.bias,raw,15,0.00064119289294351,0.0006835151286950519,0.000662354010819281,2,369.19127079506296,0.4921875,128
bayesfl_observability_v1,ola_sparse_bayesian_keep010_seed42,60,ola,global,,,layers.0.bias,raw,16,0.0006835151286950519,0.0007258373644465938,0.0007046762465708228,1,184.59563539753148,0.5,128
bayesfl_observability_v1,ola_sparse_bayesian_keep010_seed42,60,ola,global,,,layers.0.bias,raw,17,0.0007258373644465938,0.0007681596001981357,0.0007469984823223648,1,184.59563539753148,0.5078125,128
bayesfl_observability_v1,ola_sparse_bayesian_keep010_seed42,60,ola,global,,,layers.0.bias,raw,18,0.0007681596001981357,0.0008104818359496777,0.0007893207180739067,5,922.978176987655,0.546875,128
bayesfl_observability_v1,ola_sparse_bayesian_keep010_seed42,60,ola,global,,,layers.0.bias,raw,19,0.0008104818359496777,0.0008528040717012196,0.0008316429538254486,3,553.7869061925944,0.5703125,128
bayesfl_observability_v1,ola_sparse_bayesian_keep010_seed42,60,ola,global,,,layers.0.bias,raw,20,0.0008528040717012196,0.0008951263074527615,0.0008739651895769906,1,184.59563539753148,0.578125,128
bayesfl_observability_v1,ola_sparse_bayesian_keep010_seed42,60,ola,global,,,layers.0.bias,raw,21,0.0008951263074527615,0.0009374485432043035,0.0009162874253285325,5,922.978176987655,0.6171875,128
bayesfl_observability_v1,ola_sparse_bayesian_keep010_seed42,60,ola,global,,,layers.0.bias,raw,22,0.0009374485432043035,0.0009797707789558454,0.0009586096610800744,7,1292.1694477827205,0.671875,128
bayesfl_observability_v1,ola_sparse_bayesian_keep010_seed42,60,ola,global,,,layers.0.bias,raw,23,0.0009797707789558454,0.0010220930147073872,0.0010009318968316164,4,738.3825415901279,0.703125,128
bayesfl_observability_v1,ola_sparse_bayesian_keep010_seed42,60,ola,global,,,layers.0.bias,raw,24,0.0010220930147073872,0.0010644152504589292,0.0010432541325831582,3,553.786906192593,0.7265625,128
bayesfl_observability_v1,ola_sparse_bayesian_keep010_seed42,60,ola,global,,,layers.0.bias,raw,25,0.0010644152504589292,0.001106737486210471,0.0010855763683347,2,369.19127079506393,0.7421875,128
bayesfl_observability_v1,ola_sparse_bayesian_keep010_seed42,60,ola,global,,,layers.0.bias,raw,26,0.001106737486210471,0.001149059721962013,0.001127898604086242,1,184.59563539753103,0.75,128
bayesfl_observability_v1,ola_sparse_bayesian_keep010_seed42,60,ola,global,,,layers.0.bias,raw,27,0.001149059721962013,0.001191381957713555,0.001170220839837784,2,369.19127079506205,0.765625,128
bayesfl_observability_v1,ola_sparse_bayesian_keep010_seed42,60,ola,global,,,layers.0.bias,raw,28,0.001191381957713555,0.0012337041934650968,0.001212543075589326,2,369.19127079506393,0.78125,128
bayesfl_observability_v1,ola_sparse_bayesian_keep010_seed42,60,ola,global,,,layers.0.bias,raw,29,0.0012337041934650968,0.0012760264292166388,0.0012548653113408678,1,184.59563539753103,0.7890625,128
bayesfl_observability_v1,ola_sparse_bayesian_keep010_seed42,60,ola,global,,,layers.0.bias,raw,30,0.0012760264292166388,0.0013183486649681806,0.0012971875470924096,0,0.0,0.7890625,128
bayesfl_observability_v1,ola_sparse_bayesian_keep010_seed42,60,ola,global,,,layers.0.bias,raw,31,0.0013183486649681806,0.0013606709007197226,0.0013395097828439516,2,369.19127079506205,0.8046875,128
bayesfl_observability_v1,ola_sparse_bayesian_keep010_seed42,60,ola,global,,,layers.0.bias,raw,32,0.0013606709007197226,0.0014029931364712646,0.0013818320185954936,5,922.978176987655,0.84375,128
bayesfl_observability_v1,ola_sparse_bayesian_keep010_seed42,60,ola,global,,,layers.0.bias,raw,33,0.0014029931364712646,0.0014453153722228064,0.0014241542543470356,2,369.19127079506393,0.859375,128
bayesfl_observability_v1,ola_sparse_bayesian_keep010_seed42,60,ola,global,,,layers.0.bias,raw,34,0.0014453153722228064,0.0014876376079743484,0.0014664764900985774,2,369.19127079506205,0.875,128
bayesfl_observability_v1,ola_sparse_bayesian_keep010_seed42,60,ola,global,,,layers.0.bias,raw,35,0.0014876376079743484,0.0015299598437258902,0.0015087987258501192,0,0.0,0.875,128
bayesfl_observability_v1,ola_sparse_bayesian_keep010_seed42,60,ola,global,,,layers.0.bias,raw,36,0.0015299598437258902,0.0015722820794774322,0.0015511209616016612,1,184.59563539753103,0.8828125,128
bayesfl_observability_v1,ola_sparse_bayesian_keep010_seed42,60,ola,global,,,layers.0.bias,raw,37,0.0015722820794774322,0.0016146043152289742,0.0015934431973532032,1,184.59563539753103,0.890625,128
bayesfl_observability_v1,ola_sparse_bayesian_keep010_seed42,60,ola,global,,,layers.0.bias,raw,38,0.0016146043152289742,0.001656926550980516,0.0016357654331047452,0,0.0,0.890625,128
bayesfl_observability_v1,ola_sparse_bayesian_keep010_seed42,60,ola,global,,,layers.0.bias,raw,39,0.001656926550980516,0.001699248786732058,0.001678087668856287,2,369.19127079506205,0.90625,128
bayesfl_observability_v1,ola_sparse_bayesian_keep010_seed42,60,ola,global,,,layers.0.bias,raw,40,0.001699248786732058,0.0017415710224836,0.001720409904607829,1,184.59563539753103,0.9140625,128
bayesfl_observability_v1,ola_sparse_bayesian_keep010_seed42,60,ola,global,,,layers.0.bias,raw,41,0.0017415710224836,0.0017838932582351418,0.0017627321403593708,3,553.7869061925959,0.9375,128
bayesfl_observability_v1,ola_sparse_bayesian_keep010_seed42,60,ola,global,,,layers.0.bias,raw,42,0.0017838932582351418,0.0018262154939866838,0.0018050543761109128,2,369.19127079506205,0.953125,128
bayesfl_observability_v1,ola_sparse_bayesian_keep010_seed42,60,ola,global,,,layers.0.bias,raw,43,0.0018262154939866838,0.0018685377297382258,0.0018473766118624548,1,184.59563539753103,0.9609375,128
bayesfl_observability_v1,ola_sparse_bayesian_keep010_seed42,60,ola,global,,,layers.0.bias,raw,44,0.0018685377297382258,0.0019108599654897676,0.0018896988476139968,0,0.0,0.9609375,128
bayesfl_observability_v1,ola_sparse_bayesian_keep010_seed42,60,ola,global,,,layers.0.bias,raw,45,0.0019108599654897676,0.0019531822012413096,0.0019320210833655386,1,184.59563539753103,0.96875,128
bayesfl_observability_v1,ola_sparse_bayesian_keep010_seed42,60,ola,global,,,layers.0.bias,raw,46,0.0019531822012413096,0.0019955044369928516,0.0019743433191170808,1,184.59563539753103,0.9765625,128
bayesfl_observability_v1,ola_sparse_bayesian_keep010_seed42,60,ola,global,,,layers.0.bias,raw,47,0.0019955044369928516,0.0020378266727443936,0.0020166655548686224,0,0.0,0.9765625,128
bayesfl_observability_v1,ola_sparse_bayesian_keep010_seed42,60,ola,global,,,layers.0.bias,raw,48,0.0020378266727443936,0.0020801489084959356,0.002058987790620165,0,0.0,0.9765625,128
bayesfl_observability_v1,ola_sparse_bayesian_keep010_seed42,60,ola,global,,,layers.0.bias,raw,49,0.0020801489084959356,0.0021224711442474776,0.0021013100263717064,2,369.19127079506205,0.9921875,128
bayesfl_observability_v1,ola_sparse_bayesian_keep010_seed42,60,ola,global,,,layers.0.bias,raw,50,0.0021224711442474776,0.002164793379999019,0.0021436322621232484,0,0.0,0.9921875,128
bayesfl_observability_v1,ola_sparse_bayesian_keep010_seed42,60,ola,global,,,layers.0.bias,raw,51,0.002164793379999019,0.002207115615750561,0.0021859544978747904,0,0.0,0.9921875,128
bayesfl_observability_v1,ola_sparse_bayesian_keep010_seed42,60,ola,global,,,layers.0.bias,raw,52,0.002207115615750561,0.002249437851502103,0.002228276733626332,0,0.0,0.9921875,128
bayesfl_observability_v1,ola_sparse_bayesian_keep010_seed42,60,ola,global,,,layers.0.bias,raw,53,0.002249437851502103,0.002291760087253645,0.0022705989693778744,0,0.0,0.9921875,128
bayesfl_observability_v1,ola_sparse_bayesian_keep010_seed42,60,ola,global,,,layers.0.bias,raw,54,0.002291760087253645,0.002334082323005187,0.002312921205129416,0,0.0,0.9921875,128
bayesfl_observability_v1,ola_sparse_bayesian_keep010_seed42,60,ola,global,,,layers.0.bias,raw,55,0.002334082323005187,0.002376404558756729,0.0023552434408809584,0,0.0,0.9921875,128
bayesfl_observability_v1,ola_sparse_bayesian_keep010_seed42,60,ola,global,,,layers.0.bias,raw,56,0.002376404558756729,0.0024187267945082708,0.0023975656766325,0,0.0,0.9921875,128
bayesfl_observability_v1,ola_sparse_bayesian_keep010_seed42,60,ola,global,,,layers.0.bias,raw,57,0.0024187267945082708,0.0024610490302598128,0.0024398879123840415,0,0.0,0.9921875,128
bayesfl_observability_v1,ola_sparse_bayesian_keep010_seed42,60,ola,global,,,layers.0.bias,raw,58,0.0024610490302598128,0.0025033712660113548,0.002482210148135584,0,0.0,0.9921875,128
bayesfl_observability_v1,ola_sparse_bayesian_keep010_seed42,60,ola,global,,,layers.0.bias,raw,59,0.0025033712660113548,0.0025456935017628968,0.0025245323838871256,0,0.0,0.9921875,128
bayesfl_observability_v1,ola_sparse_bayesian_keep010_seed42,60,ola,global,,,layers.0.bias,raw,60,0.0025456935017628968,0.0025880157375144388,0.002566854619638668,0,0.0,0.9921875,128
bayesfl_observability_v1,ola_sparse_bayesian_keep010_seed42,60,ola,global,,,layers.0.bias,raw,61,0.0025880157375144388,0.0026303379732659803,0.0026091768553902096,0,0.0,0.9921875,128
bayesfl_observability_v1,ola_sparse_bayesian_keep010_seed42,60,ola,global,,,layers.0.bias,raw,62,0.0026303379732659803,0.0026726602090175224,0.002651499091141751,0,0.0,0.9921875,128
bayesfl_observability_v1,ola_sparse_bayesian_keep010_seed42,60,ola,global,,,layers.0.bias,raw,63,0.0026726602090175224,0.0027149824447690644,0.0026938213268932936,0,0.0,0.9921875,128
bayesfl_observability_v1,ola_sparse_bayesian_keep010_seed42,60,ola,global,,,layers.0.bias,raw,64,0.0027149824447690644,0.0027573046805206064,0.002736143562644835,0,0.0,0.9921875,128
bayesfl_observability_v1,ola_sparse_bayesian_keep010_seed42,60,ola,global,,,layers.0.bias,raw,65,0.0027573046805206064,0.0027996269162721484,0.0027784657983963776,0,0.0,0.9921875,128
bayesfl_observability_v1,ola_sparse_bayesian_keep010_seed42,60,ola,global,,,layers.0.bias,raw,66,0.0027996269162721484,0.00284194915202369,0.002820788034147919,0,0.0,0.9921875,128
bayesfl_observability_v1,ola_sparse_bayesian_keep010_seed42,60,ola,global,,,layers.0.bias,raw,67,0.00284194915202369,0.002884271387775232,0.0028631102698994607,0,0.0,0.9921875,128
bayesfl_observability_v1,ola_sparse_bayesian_keep010_seed42,60,ola,global,,,layers.0.bias,raw,68,0.002884271387775232,0.002926593623526774,0.002905432505651003,0,0.0,0.9921875,128
bayesfl_observability_v1,ola_sparse_bayesian_keep010_seed42,60,ola,global,,,layers.0.bias,raw,69,0.002926593623526774,0.002968915859278316,0.0029477547414025447,0,0.0,0.9921875,128
bayesfl_observability_v1,ola_sparse_bayesian_keep010_seed42,60,ola,global,,,layers.0.bias,raw,70,0.002968915859278316,0.003011238095029858,0.002990076977154087,0,0.0,0.9921875,128
bayesfl_observability_v1,ola_sparse_bayesian_keep010_seed42,60,ola,global,,,layers.0.bias,raw,71,0.003011238095029858,0.0030535603307813995,0.0030323992129056287,0,0.0,0.9921875,128
bayesfl_observability_v1,ola_sparse_bayesian_keep010_seed42,60,ola,global,,,layers.0.bias,raw,72,0.0030535603307813995,0.0030958825665329415,0.0030747214486571703,0,0.0,0.9921875,128
bayesfl_observability_v1,ola_sparse_bayesian_keep010_seed42,60,ola,global,,,layers.0.bias,raw,73,0.0030958825665329415,0.0031382048022844835,0.0031170436844087128,0,0.0,0.9921875,128
bayesfl_observability_v1,ola_sparse_bayesian_keep010_seed42,60,ola,global,,,layers.0.bias,raw,74,0.0031382048022844835,0.0031805270380360256,0.0031593659201602543,0,0.0,0.9921875,128
bayesfl_observability_v1,ola_sparse_bayesian_keep010_seed42,60,ola,global,,,layers.0.bias,raw,75,0.0031805270380360256,0.0032228492737875676,0.0032016881559117968,0,0.0,0.9921875,128
bayesfl_observability_v1,ola_sparse_bayesian_keep010_seed42,60,ola,global,,,layers.0.bias,raw,76,0.0032228492737875676,0.0032651715095391096,0.0032440103916633383,0,0.0,0.9921875,128
bayesfl_observability_v1,ola_sparse_bayesian_keep010_seed42,60,ola,global,,,layers.0.bias,raw,77,0.0032651715095391096,0.003307493745290651,0.0032863326274148803,0,0.0,0.9921875,128
bayesfl_observability_v1,ola_sparse_bayesian_keep010_seed42,60,ola,global,,,layers.0.bias,raw,78,0.003307493745290651,0.003349815981042193,0.0033286548631664224,0,0.0,0.9921875,128
bayesfl_observability_v1,ola_sparse_bayesian_keep010_seed42,60,ola,global,,,layers.0.bias,raw,79,0.003349815981042193,0.003392138216793735,0.003370977098917964,1,184.59563539753103,1.0,128
bayesfl_observability_v1,ola_sparse_bayesian_keep010_seed42,60,ola,global,,,layers.0.bias,db,0,-103.9317349646947,-103.2499698926536,-103.59085242867414,1,0.01145922594217176,0.0078125,128
bayesfl_observability_v1,ola_sparse_bayesian_keep010_seed42,60,ola,global,,,layers.0.bias,db,1,-103.2499698926536,-102.56820482061251,-102.90908735663305,0,0.0,0.0078125,128
bayesfl_observability_v1,ola_sparse_bayesian_keep010_seed42,60,ola,global,,,layers.0.bias,db,2,-102.56820482061251,-101.8864397485714,-102.22732228459196,1,0.01145922594217176,0.015625,128
bayesfl_observability_v1,ola_sparse_bayesian_keep010_seed42,60,ola,global,,,layers.0.bias,db,3,-101.8864397485714,-101.20467467653032,-101.54555721255086,0,0.0,0.015625,128
bayesfl_observability_v1,ola_sparse_bayesian_keep010_seed42,60,ola,global,,,layers.0.bias,db,4,-101.20467467653032,-100.52290960448921,-100.86379214050976,0,0.0,0.015625,128
bayesfl_observability_v1,ola_sparse_bayesian_keep010_seed42,60,ola,global,,,layers.0.bias,db,5,-100.52290960448921,-99.84114453244811,-100.18202706846867,0,0.0,0.015625,128
bayesfl_observability_v1,ola_sparse_bayesian_keep010_seed42,60,ola,global,,,layers.0.bias,db,6,-99.84114453244811,-99.15937946040702,-99.50026199642757,0,0.0,0.015625,128
bayesfl_observability_v1,ola_sparse_bayesian_keep010_seed42,60,ola,global,,,layers.0.bias,db,7,-99.15937946040702,-98.47761438836592,-98.81849692438647,0,0.0,0.015625,128
bayesfl_observability_v1,ola_sparse_bayesian_keep010_seed42,60,ola,global,,,layers.0.bias,db,8,-98.47761438836592,-97.79584931632483,-98.13673185234538,0,0.0,0.015625,128
bayesfl_observability_v1,ola_sparse_bayesian_keep010_seed42,60,ola,global,,,layers.0.bias,db,9,-97.79584931632483,-97.11408424428373,-97.45496678030429,0,0.0,0.015625,128
bayesfl_observability_v1,ola_sparse_bayesian_keep010_seed42,60,ola,global,,,layers.0.bias,db,10,-97.11408424428373,-96.43231917224264,-96.77320170826319,0,0.0,0.015625,128
bayesfl_observability_v1,ola_sparse_bayesian_keep010_seed42,60,ola,global,,,layers.0.bias,db,11,-96.43231917224264,-95.75055410020154,-96.09143663622208,0,0.0,0.015625,128
bayesfl_observability_v1,ola_sparse_bayesian_keep010_seed42,60,ola,global,,,layers.0.bias,db,12,-95.75055410020154,-95.06878902816044,-95.409671564181,0,0.0,0.015625,128
bayesfl_observability_v1,ola_sparse_bayesian_keep010_seed42,60,ola,global,,,layers.0.bias,db,13,-95.06878902816044,-94.38702395611935,-94.7279064921399,0,0.0,0.015625,128
bayesfl_observability_v1,ola_sparse_bayesian_keep010_seed42,60,ola,global,,,layers.0.bias,db,14,-94.38702395611935,-93.70525888407825,-94.04614142009879,0,0.0,0.015625,128
bayesfl_observability_v1,ola_sparse_bayesian_keep010_seed42,60,ola,global,,,layers.0.bias,db,15,-93.70525888407825,-93.02349381203716,-93.3643763480577,0,0.0,0.015625,128
bayesfl_observability_v1,ola_sparse_bayesian_keep010_seed42,60,ola,global,,,layers.0.bias,db,16,-93.02349381203716,-92.34172873999606,-92.68261127601662,0,0.0,0.015625,128
bayesfl_observability_v1,ola_sparse_bayesian_keep010_seed42,60,ola,global,,,layers.0.bias,db,17,-92.34172873999606,-91.65996366795497,-92.00084620397551,0,0.0,0.015625,128
bayesfl_observability_v1,ola_sparse_bayesian_keep010_seed42,60,ola,global,,,layers.0.bias,db,18,-91.65996366795497,-90.97819859591387,-91.31908113193441,1,0.01145922594217176,0.0234375,128
bayesfl_observability_v1,ola_sparse_bayesian_keep010_seed42,60,ola,global,,,layers.0.bias,db,19,-90.97819859591387,-90.29643352387276,-90.63731605989332,0,0.0,0.0234375,128
bayesfl_observability_v1,ola_sparse_bayesian_keep010_seed42,60,ola,global,,,layers.0.bias,db,20,-90.29643352387276,-89.61466845183168,-89.95555098785222,0,0.0,0.0234375,128
bayesfl_observability_v1,ola_sparse_bayesian_keep010_seed42,60,ola,global,,,layers.0.bias,db,21,-89.61466845183168,-88.93290337979057,-89.27378591581112,0,0.0,0.0234375,128
bayesfl_observability_v1,ola_sparse_bayesian_keep010_seed42,60,ola,global,,,layers.0.bias,db,22,-88.93290337979057,-88.25113830774949,-88.59202084377003,0,0.0,0.0234375,128
bayesfl_observability_v1,ola_sparse_bayesian_keep010_seed42,60,ola,global,,,layers.0.bias,db,23,-88.25113830774949,-87.56937323570838,-87.91025577172894,1,0.01145922594217176,0.03125,128
bayesfl_observability_v1,ola_sparse_bayesian_keep010_seed42,60,ola,global,,,layers.0.bias,db,24,-87.56937323570838,-86.8876081636673,-87.22849069968784,0,0.0,0.03125,128
bayesfl_observability_v1,ola_sparse_bayesian_keep010_seed42,60,ola,global,,,layers.0.bias,db,25,-86.8876081636673,-86.20584309162619,-86.54672562764674,2,0.02291845188434352,0.046875,128
bayesfl_observability_v1,ola_sparse_bayesian_keep010_seed42,60,ola,global,,,layers.0.bias,db,26,-86.20584309162619,-85.52407801958509,-85.86496055560565,0,0.0,0.046875,128
bayesfl_observability_v1,ola_sparse_bayesian_keep010_seed42,60,ola,global,,,layers.0.bias,db,27,-85.52407801958509,-84.842312947544,-85.18319548356455,1,0.011459225942172,0.0546875,128
bayesfl_observability_v1,ola_sparse_bayesian_keep010_seed42,60,ola,global,,,layers.0.bias,db,28,-84.842312947544,-84.1605478755029,-84.50143041152344,0,0.0,0.0546875,128
bayesfl_observability_v1,ola_sparse_bayesian_keep010_seed42,60,ola,global,,,layers.0.bias,db,29,-84.1605478755029,-83.47878280346181,-83.81966533948236,0,0.0,0.0546875,128
bayesfl_observability_v1,ola_sparse_bayesian_keep010_seed42,60,ola,global,,,layers.0.bias,db,30,-83.47878280346181,-82.79701773142071,-83.13790026744127,0,0.0,0.0546875,128
bayesfl_observability_v1,ola_sparse_bayesian_keep010_seed42,60,ola,global,,,layers.0.bias,db,31,-82.79701773142071,-82.11525265937962,-82.45613519540017,0,0.0,0.0546875,128
bayesfl_observability_v1,ola_sparse_bayesian_keep010_seed42,60,ola,global,,,layers.0.bias,db,32,-82.11525265937962,-81.43348758733852,-81.77437012335906,0,0.0,0.0546875,128
bayesfl_observability_v1,ola_sparse_bayesian_keep010_seed42,60,ola,global,,,layers.0.bias,db,33,-81.43348758733852,-80.75172251529742,-81.09260505131797,3,0.03437767782651528,0.078125,128
bayesfl_observability_v1,ola_sparse_bayesian_keep010_seed42,60,ola,global,,,layers.0.bias,db,34,-80.75172251529742,-80.06995744325633,-80.41083997927687,0,0.0,0.078125,128
bayesfl_observability_v1,ola_sparse_bayesian_keep010_seed42,60,ola,global,,,layers.0.bias,db,35,-80.06995744325633,-79.38819237121523,-79.72907490723577,1,0.01145922594217176,0.0859375,128
bayesfl_observability_v1,ola_sparse_bayesian_keep010_seed42,60,ola,global,,,layers.0.bias,db,36,-79.38819237121523,-78.70642729917412,-79.04730983519468,0,0.0,0.0859375,128
bayesfl_observability_v1,ola_sparse_bayesian_keep010_seed42,60,ola,global,,,layers.0.bias,db,37,-78.70642729917412,-78.02466222713304,-78.36554476315358,2,0.022918451884344,0.1015625,128
bayesfl_observability_v1,ola_sparse_bayesian_keep010_seed42,60,ola,global,,,layers.0.bias,db,38,-78.02466222713304,-77.34289715509195,-77.68377969111249,0,0.0,0.1015625,128
bayesfl_observability_v1,ola_sparse_bayesian_keep010_seed42,60,ola,global,,,layers.0.bias,db,39,-77.34289715509195,-76.66113208305084,-77.00201461907139,2,0.02291845188434352,0.1171875,128
bayesfl_observability_v1,ola_sparse_bayesian_keep010_seed42,60,ola,global,,,layers.0.bias,db,40,-76.66113208305084,-75.97936701100974,-76.3202495470303,2,0.02291845188434352,0.1328125,128
bayesfl_observability_v1,ola_sparse_bayesian_keep010_seed42,60,ola,global,,,layers.0.bias,db,41,-75.97936701100974,-75.29760193896865,-75.6384844749892,0,0.0,0.1328125,128
bayesfl_observability_v1,ola_sparse_bayesian_keep010_seed42,60,ola,global,,,layers.0.bias,db,42,-75.29760193896865,-74.61583686692755,-74.9567194029481,1,0.01145922594217176,0.140625,128
bayesfl_observability_v1,ola_sparse_bayesian_keep010_seed42,60,ola,global,,,layers.0.bias,db,43,-74.61583686692755,-73.93407179488645,-74.27495433090701,1,0.01145922594217176,0.1484375,128
bayesfl_observability_v1,ola_sparse_bayesian_keep010_seed42,60,ola,global,,,layers.0.bias,db,44,-73.93407179488645,-73.25230672284536,-73.5931892588659,2,0.022918451884344,0.1640625,128
bayesfl_observability_v1,ola_sparse_bayesian_keep010_seed42,60,ola,global,,,layers.0.bias,db,45,-73.25230672284536,-72.57054165080427,-72.91142418682482,0,0.0,0.1640625,128
bayesfl_observability_v1,ola_sparse_bayesian_keep010_seed42,60,ola,global,,,layers.0.bias,db,46,-72.57054165080427,-71.88877657876317,-72.22965911478371,4,0.04583690376868704,0.1953125,128
bayesfl_observability_v1,ola_sparse_bayesian_keep010_seed42,60,ola,global,,,layers.0.bias,db,47,-71.88877657876317,-71.20701150672207,-71.54789404274263,3,0.03437767782651528,0.21875,128
bayesfl_observability_v1,ola_sparse_bayesian_keep010_seed42,60,ola,global,,,layers.0.bias,db,48,-71.20701150672207,-70.52524643468098,-70.86612897070152,2,0.022918451884344,0.234375,128
bayesfl_observability_v1,ola_sparse_bayesian_keep010_seed42,60,ola,global,,,layers.0.bias,db,49,-70.52524643468098,-69.84348136263988,-70.18436389866042,4,0.04583690376868704,0.265625,128
bayesfl_observability_v1,ola_sparse_bayesian_keep010_seed42,60,ola,global,,,layers.0.bias,db,50,-69.84348136263988,-69.16171629059878,-69.50259882661933,3,0.03437767782651528,0.2890625,128
bayesfl_observability_v1,ola_sparse_bayesian_keep010_seed42,60,ola,global,,,layers.0.bias,db,51,-69.16171629059878,-68.47995121855769,-68.82083375457823,3,0.034377677826516,0.3125,128
bayesfl_observability_v1,ola_sparse_bayesian_keep010_seed42,60,ola,global,,,layers.0.bias,db,52,-68.47995121855769,-67.7981861465166,-68.13906868253714,5,0.05729612971086,0.3515625,128
bayesfl_observability_v1,ola_sparse_bayesian_keep010_seed42,60,ola,global,,,layers.0.bias,db,53,-67.7981861465166,-67.1164210744755,-67.45730361049604,1,0.01145922594217176,0.359375,128
bayesfl_observability_v1,ola_sparse_bayesian_keep010_seed42,60,ola,global,,,layers.0.bias,db,54,-67.1164210744755,-66.4346560024344,-66.77553853845495,5,0.057296129710858804,0.3984375,128
bayesfl_observability_v1,ola_sparse_bayesian_keep010_seed42,60,ola,global,,,layers.0.bias,db,55,-66.4346560024344,-65.7528909303933,-66.09377346641385,3,0.034377677826516,0.421875,128
bayesfl_observability_v1,ola_sparse_bayesian_keep010_seed42,60,ola,global,,,layers.0.bias,db,56,-65.7528909303933,-65.0711258583522,-65.41200839437275,1,0.01145922594217176,0.4296875,128
bayesfl_observability_v1,ola_sparse_bayesian_keep010_seed42,60,ola,global,,,layers.0.bias,db,57,-65.0711258583522,-64.3893607863111,-64.73024332233166,3,0.03437767782651528,0.453125,128
bayesfl_observability_v1,ola_sparse_bayesian_keep010_seed42,60,ola,global,,,layers.0.bias,db,58,-64.3893607863111,-63.70759571427001,-64.04847825029056,3,0.034377677826516,0.4765625,128
bayesfl_observability_v1,ola_sparse_bayesian_keep010_seed42,60,ola,global,,,layers.0.bias,db,59,-63.70759571427001,-63.02583064222892,-63.36671317824947,2,0.02291845188434376,0.4921875,128
bayesfl_observability_v1,ola_sparse_bayesian_keep010_seed42,60,ola,global,,,layers.0.bias,db,60,-63.02583064222892,-62.344065570187816,-62.68494810620837,2,0.02291845188434352,0.5078125,128
bayesfl_observability_v1,ola_sparse_bayesian_keep010_seed42,60,ola,global,,,layers.0.bias,db,61,-62.344065570187816,-61.66230049814672,-62.003183034167265,7,0.08021458159520317,0.5625,128
bayesfl_observability_v1,ola_sparse_bayesian_keep010_seed42,60,ola,global,,,layers.0.bias,db,62,-61.66230049814672,-60.980535426105625,-61.321417962126176,2,0.02291845188434376,0.578125,128
bayesfl_observability_v1,ola_sparse_bayesian_keep010_seed42,60,ola,global,,,layers.0.bias,db,63,-60.980535426105625,-60.29877035406453,-60.639652890085074,12,0.13751071130606257,0.671875,128
bayesfl_observability_v1,ola_sparse_bayesian_keep010_seed42,60,ola,global,,,layers.0.bias,db,64,-60.29877035406453,-59.617005282023435,-59.957887818043986,7,0.08021458159520317,0.7265625,128
bayesfl_observability_v1,ola_sparse_bayesian_keep010_seed42,60,ola,global,,,layers.0.bias,db,65,-59.617005282023435,-58.93524020998234,-59.27612274600288,2,0.02291845188434376,0.7421875,128
bayesfl_observability_v1,ola_sparse_bayesian_keep010_seed42,60,ola,global,,,layers.0.bias,db,66,-58.93524020998234,-58.253475137941244,-58.594357673961795,4,0.04583690376868752,0.7734375,128
bayesfl_observability_v1,ola_sparse_bayesian_keep010_seed42,60,ola,global,,,layers.0.bias,db,67,-58.253475137941244,-57.57171006590014,-57.91259260192069,2,0.02291845188434352,0.7890625,128
bayesfl_observability_v1,ola_sparse_bayesian_keep010_seed42,60,ola,global,,,layers.0.bias,db,68,-57.57171006590014,-56.88994499385905,-57.23082752987959,8,0.09167380753737504,0.8515625,128
bayesfl_observability_v1,ola_sparse_bayesian_keep010_seed42,60,ola,global,,,layers.0.bias,db,69,-56.88994499385905,-56.20817992181795,-56.5490624578385,4,0.04583690376868752,0.8828125,128
bayesfl_observability_v1,ola_sparse_bayesian_keep010_seed42,60,ola,global,,,layers.0.bias,db,70,-56.20817992181795,-55.526414849776856,-55.8672973857974,2,0.02291845188434376,0.8984375,128
bayesfl_observability_v1,ola_sparse_bayesian_keep010_seed42,60,ola,global,,,layers.0.bias,db,71,-55.526414849776856,-54.84464977773576,-55.18553231375631,6,0.06875535565303129,0.9453125,128
bayesfl_observability_v1,ola_sparse_bayesian_keep010_seed42,60,ola,global,,,layers.0.bias,db,72,-54.84464977773576,-54.162884705694665,-54.50376724171521,3,0.03437767782651564,0.96875,128
bayesfl_observability_v1,ola_sparse_bayesian_keep010_seed42,60,ola,global,,,layers.0.bias,db,73,-54.162884705694665,-53.48111963365356,-53.822002169674114,3,0.03437767782651528,0.9921875,128
bayesfl_observability_v1,ola_sparse_bayesian_keep010_seed42,60,ola,global,,,layers.0.bias,db,74,-53.48111963365356,-52.79935456161247,-53.14023709763302,0,0.0,0.9921875,128
bayesfl_observability_v1,ola_sparse_bayesian_keep010_seed42,60,ola,global,,,layers.0.bias,db,75,-52.79935456161247,-52.11758948957137,-52.45847202559192,0,0.0,0.9921875,128
bayesfl_observability_v1,ola_sparse_bayesian_keep010_seed42,60,ola,global,,,layers.0.bias,db,76,-52.11758948957137,-51.43582441753028,-51.77670695355083,0,0.0,0.9921875,128
bayesfl_observability_v1,ola_sparse_bayesian_keep010_seed42,60,ola,global,,,layers.0.bias,db,77,-51.43582441753028,-50.75405934548918,-51.094941881509726,0,0.0,0.9921875,128
bayesfl_observability_v1,ola_sparse_bayesian_keep010_seed42,60,ola,global,,,layers.0.bias,db,78,-50.75405934548918,-50.07229427344809,-50.41317680946864,0,0.0,0.9921875,128
bayesfl_observability_v1,ola_sparse_bayesian_keep010_seed42,60,ola,global,,,layers.0.bias,db,79,-50.07229427344809,-49.39052920140699,-49.731411737427536,1,0.01145922594217188,1.0,128
bayesfl_observability_v1,ola_sparse_bayesian_keep010_seed42,60,ola,global,,,layers.1.weight,raw,0,4.331233941780909e-06,0.0009891941210455359,0.0004967626774936584,151,119.78190217616763,0.11796875,1280
bayesfl_observability_v1,ola_sparse_bayesian_keep010_seed42,60,ola,global,,,layers.1.weight,raw,1,0.0009891941210455359,0.001974057008149291,0.0014816255645974134,150,118.98864454586185,0.23515625,1280
bayesfl_observability_v1,ola_sparse_bayesian_keep010_seed42,60,ola,global,,,layers.1.weight,raw,2,0.001974057008149291,0.002958919895253046,0.002466488451701169,135,107.0897800912757,0.340625,1280
bayesfl_observability_v1,ola_sparse_bayesian_keep010_seed42,60,ola,global,,,layers.1.weight,raw,3,0.002958919895253046,0.003943782782356801,0.0034513513388049234,112,88.84485459424357,0.428125,1280
bayesfl_observability_v1,ola_sparse_bayesian_keep010_seed42,60,ola,global,,,layers.1.weight,raw,4,0.003943782782356801,0.004928645669460555,0.004436214225908678,123,97.57068852760678,0.52421875,1280
bayesfl_observability_v1,ola_sparse_bayesian_keep010_seed42,60,ola,global,,,layers.1.weight,raw,5,0.004928645669460555,0.005913508556564311,0.005421077113012433,104,82.49879355179753,0.60546875,1280
bayesfl_observability_v1,ola_sparse_bayesian_keep010_seed42,60,ola,global,,,layers.1.weight,raw,6,0.005913508556564311,0.006898371443668066,0.006405940000116189,71,56.32129175170793,0.6609375,1280
bayesfl_observability_v1,ola_sparse_bayesian_keep010_seed42,60,ola,global,,,layers.1.weight,raw,7,0.006898371443668066,0.00788323433077182,0.0073908028872199435,71,56.32129175170798,0.71640625,1280
bayesfl_observability_v1,ola_sparse_bayesian_keep010_seed42,60,ola,global,,,layers.1.weight,raw,8,0.00788323433077182,0.008868097217875575,0.008375665774323698,54,42.835912036510294,0.75859375,1280
bayesfl_observability_v1,ola_sparse_bayesian_keep010_seed42,60,ola,global,,,layers.1.weight,raw,9,0.008868097217875575,0.00985296010497933,0.009360528661427453,40,31.730305212229847,0.78984375,1280
bayesfl_observability_v1,ola_sparse_bayesian_keep010_seed42,60,ola,global,,,layers.1.weight,raw,10,0.00985296010497933,0.010837822992083086,0.010345391548531209,33,26.17750180008958,0.815625,1280
bayesfl_observability_v1,ola_sparse_bayesian_keep010_seed42,60,ola,global,,,layers.1.weight,raw,11,0.010837822992083086,0.01182268587918684,0.011330254435634964,23,18.244925497032163,0.83359375,1280
bayesfl_observability_v1,ola_sparse_bayesian_keep010_seed42,60,ola,global,,,layers.1.weight,raw,12,0.01182268587918684,0.012807548766290595,0.012315117322738718,26,20.6246983879494,0.85390625,1280
bayesfl_observability_v1,ola_sparse_bayesian_keep010_seed42,60,ola,global,,,layers.1.weight,raw,13,0.012807548766290595,0.013792411653394352,0.013299980209842473,19,15.071894975809151,0.86875,1280
bayesfl_observability_v1,ola_sparse_bayesian_keep010_seed42,60,ola,global,,,layers.1.weight,raw,14,0.013792411653394352,0.014777274540498106,0.014284843096946229,15,11.898864454586192,0.88046875,1280
bayesfl_observability_v1,ola_sparse_bayesian_keep010_seed42,60,ola,global,,,layers.1.weight,raw,15,0.014777274540498106,0.015762137427601863,0.015269705984049985,15,11.898864454586171,0.8921875,1280
bayesfl_observability_v1,ola_sparse_bayesian_keep010_seed42,60,ola,global,,,layers.1.weight,raw,16,0.015762137427601863,0.016747000314705617,0.01625456887115374,10,7.932576303057462,0.9,1280
bayesfl_observability_v1,ola_sparse_bayesian_keep010_seed42,60,ola,global,,,layers.1.weight,raw,17,0.016747000314705617,0.017731863201809372,0.017239431758257494,18,14.278637345503432,0.9140625,1280
bayesfl_observability_v1,ola_sparse_bayesian_keep010_seed42,60,ola,global,,,layers.1.weight,raw,18,0.017731863201809372,0.018716726088913126,0.01822429464536125,16,12.692122084891938,0.9265625,1280
bayesfl_observability_v1,ola_sparse_bayesian_keep010_seed42,60,ola,global,,,layers.1.weight,raw,19,0.018716726088913126,0.01970158897601688,0.019209157532465004,12,9.519091563668955,0.9359375,1280
bayesfl_observability_v1,ola_sparse_bayesian_keep010_seed42,60,ola,global,,,layers.1.weight,raw,20,0.01970158897601688,0.02068645186312064,0.02019402041956876,12,9.51909156366892,0.9453125,1280
bayesfl_observability_v1,ola_sparse_bayesian_keep010_seed42,60,ola,global,,,layers.1.weight,raw,21,0.02068645186312064,0.021671314750224394,0.021178883306672516,4,3.1730305212229846,0.9484375,1280
bayesfl_observability_v1,ola_sparse_bayesian_keep010_seed42,60,ola,global,,,layers.1.weight,raw,22,0.021671314750224394,0.022656177637328148,0.02216374619377627,5,3.966288151528731,0.95234375,1280
bayesfl_observability_v1,ola_sparse_bayesian_keep010_seed42,60,ola,global,,,layers.1.weight,raw,23,0.022656177637328148,0.023641040524431903,0.023148609080880025,5,3.966288151528731,0.95625,1280
bayesfl_observability_v1,ola_sparse_bayesian_keep010_seed42,60,ola,global,,,layers.1.weight,raw,24,0.023641040524431903,0.024625903411535657,0.02413347196798378,4,3.1730305212229846,0.959375,1280
bayesfl_observability_v1,ola_sparse_bayesian_keep010_seed42,60,ola,global,,,layers.1.weight,raw,25,0.024625903411535657,0.025610766298639412,0.025118334855087535,5,3.966288151528731,0.96328125,1280
bayesfl_observability_v1,ola_sparse_bayesian_keep010_seed42,60,ola,global,,,layers.1.weight,raw,26,0.025610766298639412,0.026595629185743166,0.02610319774219129,2,1.5865152606114923,0.96484375,1280
bayesfl_observability_v1,ola_sparse_bayesian_keep010_seed42,60,ola,global,,,layers.1.weight,raw,27,0.026595629185743166,0.027580492072846925,0.027088060629295044,0,0.0,0.96484375,1280
bayesfl_observability_v1,ola_sparse_bayesian_keep010_seed42,60,ola,global,,,layers.1.weight,raw,28,0.027580492072846925,0.02856535495995068,0.028072923516398802,6,4.759545781834477,0.96953125,1280
bayesfl_observability_v1,ola_sparse_bayesian_keep010_seed42,60,ola,global,,,layers.1.weight,raw,29,0.02856535495995068,0.029550217847054434,0.029057786403502556,3,2.3797728909172386,0.971875,1280
bayesfl_observability_v1,ola_sparse_bayesian_keep010_seed42,60,ola,global,,,layers.1.weight,raw,30,0.029550217847054434,0.03053508073415819,0.03004264929060631,3,2.3797728909172386,0.97421875,1280
bayesfl_observability_v1,ola_sparse_bayesian_keep010_seed42,60,ola,global,,,layers.1.weight,raw,31,0.03053508073415819,0.03151994362126194,0.031027512177710062,3,2.379772890917247,0.9765625,1280
bayesfl_observability_v1,ola_sparse_bayesian_keep010_seed42,60,ola,global,,,layers.1.weight,raw,32,0.03151994362126194,0.032504806508365694,0.03201237506481382,1,0.7932576303057461,0.97734375,1280
bayesfl_observability_v1,ola_sparse_bayesian_keep010_seed42,60,ola,global,,,layers.1.weight,raw,33,0.032504806508365694,0.03348966939546945,0.03299723795191757,1,0.7932576303057461,0.978125,1280
bayesfl_observability_v1,ola_sparse_bayesian_keep010_seed42,60,ola,global,,,layers.1.weight,raw,34,0.03348966939546945,0.0344745322825732,0.033982100839021326,1,0.7932576303057461,0.97890625,1280
bayesfl_observability_v1,ola_sparse_bayesian_keep010_seed42,60,ola,global,,,layers.1.weight,raw,35,0.0344745322825732,0.03545939516967696,0.03496696372612508,2,1.5865152606114923,0.98046875,1280
bayesfl_observability_v1,ola_sparse_bayesian_keep010_seed42,60,ola,global,,,layers.1.weight,raw,36,0.03545939516967696,0.03644425805678071,0.035951826613228835,2,1.5865152606114923,0.98203125,1280
bayesfl_observability_v1,ola_sparse_bayesian_keep010_seed42,60,ola,global,,,layers.1.weight,raw,37,0.03644425805678071,0.03742912094388447,0.03693668950033259,3,2.3797728909172386,0.984375,1280
bayesfl_observability_v1,ola_sparse_bayesian_keep010_seed42,60,ola,global,,,layers.1.weight,raw,38,0.03742912094388447,0.03841398383098822,0.037921552387436344,2,1.5865152606114923,0.9859375,1280
bayesfl_observability_v1,ola_sparse_bayesian_keep010_seed42,60,ola,global,,,layers.1.weight,raw,39,0.03841398383098822,0.039398846718091976,0.0389064152745401,1,0.7932576303057461,0.98671875,1280
bayesfl_observability_v1,ola_sparse_bayesian_keep010_seed42,60,ola,global,,,layers.1.weight,raw,40,0.039398846718091976,0.04038370960519574,0.03989127816164385,1,0.7932576303057406,0.9875,1280
bayesfl_observability_v1,ola_sparse_bayesian_keep010_seed42,60,ola,global,,,layers.1.weight,raw,41,0.04038370960519574,0.04136857249229949,0.040876141048747615,2,1.5865152606114923,0.9890625,1280
bayesfl_observability_v1,ola_sparse_bayesian_keep010_seed42,60,ola,global,,,layers.1.weight,raw,42,0.04136857249229949,0.04235343537940325,0.04186100393585137,1,0.7932576303057461,0.98984375,1280
bayesfl_observability_v1,ola_sparse_bayesian_keep010_seed42,60,ola,global,,,layers.1.weight,raw,43,0.04235343537940325,0.043338298266507,0.042845866822955124,0,0.0,0.98984375,1280
bayesfl_observability_v1,ola_sparse_bayesian_keep010_seed42,60,ola,global,,,layers.1.weight,raw,44,0.043338298266507,0.044323161153610756,0.04383072971005888,0,0.0,0.98984375,1280
bayesfl_observability_v1,ola_sparse_bayesian_keep010_seed42,60,ola,global,,,layers.1.weight,raw,45,0.044323161153610756,0.04530802404071451,0.04481559259716263,0,0.0,0.98984375,1280
bayesfl_observability_v1,ola_sparse_bayesian_keep010_seed42,60,ola,global,,,layers.1.weight,raw,46,0.04530802404071451,0.046292886927818265,0.04580045548426639,0,0.0,0.98984375,1280
bayesfl_observability_v1,ola_sparse_bayesian_keep010_seed42,60,ola,global,,,layers.1.weight,raw,47,0.046292886927818265,0.04727774981492202,0.04678531837137014,0,0.0,0.98984375,1280
bayesfl_observability_v1,ola_sparse_bayesian_keep010_seed42,60,ola,global,,,layers.1.weight,raw,48,0.04727774981492202,0.048262612702025774,0.0477701812584739,2,1.5865152606114923,0.99140625,1280
bayesfl_observability_v1,ola_sparse_bayesian_keep010_seed42,60,ola,global,,,layers.1.weight,raw,49,0.048262612702025774,0.04924747558912953,0.04875504414557765,1,0.7932576303057461,0.9921875,1280
bayesfl_observability_v1,ola_sparse_bayesian_keep010_seed42,60,ola,global,,,layers.1.weight,raw,50,0.04924747558912953,0.05023233847623328,0.049739907032681406,0,0.0,0.9921875,1280
bayesfl_observability_v1,ola_sparse_bayesian_keep010_seed42,60,ola,global,,,layers.1.weight,raw,51,0.05023233847623328,0.05121720136333704,0.05072476991978516,1,0.7932576303057461,0.99296875,1280
bayesfl_observability_v1,ola_sparse_bayesian_keep010_seed42,60,ola,global,,,layers.1.weight,raw,52,0.05121720136333704,0.05220206425044079,0.051709632806888915,1,0.7932576303057461,0.99375,1280
bayesfl_observability_v1,ola_sparse_bayesian_keep010_seed42,60,ola,global,,,layers.1.weight,raw,53,0.05220206425044079,0.05318692713754455,0.05269449569399267,0,0.0,0.99375,1280
bayesfl_observability_v1,ola_sparse_bayesian_keep010_seed42,60,ola,global,,,layers.1.weight,raw,54,0.05318692713754455,0.0541717900246483,0.053679358581096424,1,0.7932576303057461,0.99453125,1280
bayesfl_observability_v1,ola_sparse_bayesian_keep010_seed42,60,ola,global,,,layers.1.weight,raw,55,0.0541717900246483,0.05515665291175206,0.054664221468200186,0,0.0,0.99453125,1280
bayesfl_observability_v1,ola_sparse_bayesian_keep010_seed42,60,ola,global,,,layers.1.weight,raw,56,0.05515665291175206,0.05614151579885582,0.05564908435530394,1,0.7932576303057461,0.9953125,1280
bayesfl_observability_v1,ola_sparse_bayesian_keep010_seed42,60,ola,global,,,layers.1.weight,raw,57,0.05614151579885582,0.05712637868595957,0.056633947242407695,1,0.7932576303057461,0.99609375,1280
bayesfl_observability_v1,ola_sparse_bayesian_keep010_seed42,60,ola,global,,,layers.1.weight,raw,58,0.05712637868595957,0.05811124157306333,0.05761881012951145,0,0.0,0.99609375,1280
bayesfl_observability_v1,ola_sparse_bayesian_keep010_seed42,60,ola,global,,,layers.1.weight,raw,59,0.05811124157306333,0.05909610446016708,0.058603673016615204,1,0.7932576303057461,0.996875,1280
bayesfl_observability_v1,ola_sparse_bayesian_keep010_seed42,60,ola,global,,,layers.1.weight,raw,60,0.05909610446016708,0.060080967347270836,0.05958853590371896,0,0.0,0.996875,1280
bayesfl_observability_v1,ola_sparse_bayesian_keep010_seed42,60,ola,global,,,layers.1.weight,raw,61,0.060080967347270836,0.06106583023437459,0.06057339879082271,1,0.7932576303057461,0.99765625,1280
bayesfl_observability_v1,ola_sparse_bayesian_keep010_seed42,60,ola,global,,,layers.1.weight,raw,62,0.06106583023437459,0.062050693121478345,0.06155826167792647,0,0.0,0.99765625,1280
bayesfl_observability_v1,ola_sparse_bayesian_keep010_seed42,60,ola,global,,,layers.1.weight,raw,63,0.062050693121478345,0.0630355560085821,0.06254312456503022,1,0.7932576303057461,0.9984375,1280
bayesfl_observability_v1,ola_sparse_bayesian_keep010_seed42,60,ola,global,,,layers.1.weight,raw,64,0.0630355560085821,0.06402041889568585,0.06352798745213398,1,0.7932576303057461,0.99921875,1280
bayesfl_observability_v1,ola_sparse_bayesian_keep010_seed42,60,ola,global,,,layers.1.weight,raw,65,0.06402041889568585,0.06500528178278961,0.06451285033923773,0,0.0,0.99921875,1280
bayesfl_observability_v1,ola_sparse_bayesian_keep010_seed42,60,ola,global,,,layers.1.weight,raw,66,0.06500528178278961,0.06599014466989336,0.06549771322634149,0,0.0,0.99921875,1280
bayesfl_observability_v1,ola_sparse_bayesian_keep010_seed42,60,ola,global,,,layers.1.weight,raw,67,0.06599014466989336,0.06697500755699712,0.06648257611344524,0,0.0,0.99921875,1280
bayesfl_observability_v1,ola_sparse_bayesian_keep010_seed42,60,ola,global,,,layers.1.weight,raw,68,0.06697500755699712,0.06795987044410087,0.067467439000549,0,0.0,0.99921875,1280
bayesfl_observability_v1,ola_sparse_bayesian_keep010_seed42,60,ola,global,,,layers.1.weight,raw,69,0.06795987044410087,0.06894473333120463,0.06845230188765275,0,0.0,0.99921875,1280
bayesfl_observability_v1,ola_sparse_bayesian_keep010_seed42,60,ola,global,,,layers.1.weight,raw,70,0.06894473333120463,0.06992959621830838,0.0694371647747565,0,0.0,0.99921875,1280
bayesfl_observability_v1,ola_sparse_bayesian_keep010_seed42,60,ola,global,,,layers.1.weight,raw,71,0.06992959621830838,0.07091445910541214,0.07042202766186026,0,0.0,0.99921875,1280
bayesfl_observability_v1,ola_sparse_bayesian_keep010_seed42,60,ola,global,,,layers.1.weight,raw,72,0.07091445910541214,0.07189932199251589,0.07140689054896401,0,0.0,0.99921875,1280
bayesfl_observability_v1,ola_sparse_bayesian_keep010_seed42,60,ola,global,,,layers.1.weight,raw,73,0.07189932199251589,0.07288418487961965,0.07239175343606777,0,0.0,0.99921875,1280
bayesfl_observability_v1,ola_sparse_bayesian_keep010_seed42,60,ola,global,,,layers.1.weight,raw,74,0.07288418487961965,0.0738690477667234,0.07337661632317152,0,0.0,0.99921875,1280
bayesfl_observability_v1,ola_sparse_bayesian_keep010_seed42,60,ola,global,,,layers.1.weight,raw,75,0.0738690477667234,0.07485391065382715,0.07436147921027528,0,0.0,0.99921875,1280
bayesfl_observability_v1,ola_sparse_bayesian_keep010_seed42,60,ola,global,,,layers.1.weight,raw,76,0.07485391065382715,0.07583877354093091,0.07534634209737903,0,0.0,0.99921875,1280
bayesfl_observability_v1,ola_sparse_bayesian_keep010_seed42,60,ola,global,,,layers.1.weight,raw,77,0.07583877354093091,0.07682363642803466,0.07633120498448279,0,0.0,0.99921875,1280
bayesfl_observability_v1,ola_sparse_bayesian_keep010_seed42,60,ola,global,,,layers.1.weight,raw,78,0.07682363642803466,0.07780849931513842,0.07731606787158654,0,0.0,0.99921875,1280
bayesfl_observability_v1,ola_sparse_bayesian_keep010_seed42,60,ola,global,,,layers.1.weight,raw,79,0.07780849931513842,0.07879336220224217,0.0783009307586903,1,0.7932576303057461,1.0,1280
bayesfl_observability_v1,ola_sparse_bayesian_keep010_seed42,60,ola,global,,,layers.1.weight,db,0,-107.26776515869051,-106.20279568602714,-106.73528042235883,1,0.0007335891028370843,0.00078125,1280
bayesfl_observability_v1,ola_sparse_bayesian_keep010_seed42,60,ola,global,,,layers.1.weight,db,1,-106.20279568602714,-105.1378262133638,-105.67031094969548,0,0.0,0.00078125,1280
bayesfl_observability_v1,ola_sparse_bayesian_keep010_seed42,60,ola,global,,,layers.1.weight,db,2,-105.1378262133638,-104.07285674070043,-104.60534147703211,0,0.0,0.00078125,1280
bayesfl_observability_v1,ola_sparse_bayesian_keep010_seed42,60,ola,global,,,layers.1.weight,db,3,-104.07285674070043,-103.00788726803707,-103.54037200436875,0,0.0,0.00078125,1280
bayesfl_observability_v1,ola_sparse_bayesian_keep010_seed42,60,ola,global,,,layers.1.weight,db,4,-103.00788726803707,-101.94291779537372,-102.47540253170538,0,0.0,0.00078125,1280
bayesfl_observability_v1,ola_sparse_bayesian_keep010_seed42,60,ola,global,,,layers.1.weight,db,5,-101.94291779537372,-100.87794832271035,-101.41043305904203,0,0.0,0.00078125,1280
bayesfl_observability_v1,ola_sparse_bayesian_keep010_seed42,60,ola,global,,,layers.1.weight,db,6,-100.87794832271035,-99.81297885004699,-100.34546358637867,0,0.0,0.00078125,1280
bayesfl_observability_v1,ola_sparse_bayesian_keep010_seed42,60,ola,global,,,layers.1.weight,db,7,-99.81297885004699,-98.74800937738364,-99.28049411371532,0,0.0,0.00078125,1280
bayesfl_observability_v1,ola_sparse_bayesian_keep010_seed42,60,ola,global,,,layers.1.weight,db,8,-98.74800937738364,-97.68303990472027,-98.21552464105196,0,0.0,0.00078125,1280
bayesfl_observability_v1,ola_sparse_bayesian_keep010_seed42,60,ola,global,,,layers.1.weight,db,9,-97.68303990472027,-96.61807043205692,-97.15055516838859,0,0.0,0.00078125,1280
bayesfl_observability_v1,ola_sparse_bayesian_keep010_seed42,60,ola,global,,,layers.1.weight,db,10,-96.61807043205692,-95.55310095939356,-96.08558569572524,0,0.0,0.00078125,1280
bayesfl_observability_v1,ola_sparse_bayesian_keep010_seed42,60,ola,global,,,layers.1.weight,db,11,-95.55310095939356,-94.4881314867302,-95.02061622306188,1,0.0007335891028370843,0.0015625,1280
bayesfl_observability_v1,ola_sparse_bayesian_keep010_seed42,60,ola,global,,,layers.1.weight,db,12,-94.4881314867302,-93.42316201406683,-93.95564675039851,0,0.0,0.0015625,1280
bayesfl_observability_v1,ola_sparse_bayesian_keep010_seed42,60,ola,global,,,layers.1.weight,db,13,-93.42316201406683,-92.35819254140348,-92.89067727773516,0,0.0,0.0015625,1280
bayesfl_observability_v1,ola_sparse_bayesian_keep010_seed42,60,ola,global,,,layers.1.weight,db,14,-92.35819254140348,-91.29322306874012,-91.8257078050718,1,0.0007335891028370843,0.00234375,1280
bayesfl_observability_v1,ola_sparse_bayesian_keep010_seed42,60,ola,global,,,layers.1.weight,db,15,-91.29322306874012,-90.22825359607677,-90.76073833240844,1,0.0007335891028370941,0.003125,1280
bayesfl_observability_v1,ola_sparse_bayesian_keep010_seed42,60,ola,global,,,layers.1.weight,db,16,-90.22825359607677,-89.1632841234134,-89.69576885974509,0,0.0,0.003125,1280
bayesfl_observability_v1,ola_sparse_bayesian_keep010_seed42,60,ola,global,,,layers.1.weight,db,17,-89.1632841234134,-88.09831465075004,-88.63079938708172,1,0.0007335891028370843,0.00390625,1280
bayesfl_observability_v1,ola_sparse_bayesian_keep010_seed42,60,ola,global,,,layers.1.weight,db,18,-88.09831465075004,-87.03334517808668,-87.56582991441836,1,0.0007335891028370843,0.0046875,1280
bayesfl_observability_v1,ola_sparse_bayesian_keep010_seed42,60,ola,global,,,layers.1.weight,db,19,-87.03334517808668,-85.96837570542333,-86.50086044175501,2,0.0014671782056741882,0.00625,1280
bayesfl_observability_v1,ola_sparse_bayesian_keep010_seed42,60,ola,global,,,layers.1.weight,db,20,-85.96837570542333,-84.90340623275996,-85.43589096909164,1,0.0007335891028370843,0.00703125,1280
bayesfl_observability_v1,ola_sparse_bayesian_keep010_seed42,60,ola,global,,,layers.1.weight,db,21,-84.90340623275996,-83.83843676009661,-84.37092149642828,1,0.0007335891028370941,0.0078125,1280
bayesfl_observability_v1,ola_sparse_bayesian_keep010_seed42,60,ola,global,,,layers.1.weight,db,22,-83.83843676009661,-82.77346728743325,-83.30595202376493,2,0.0014671782056741686,0.009375,1280
bayesfl_observability_v1,ola_sparse_bayesian_keep010_seed42,60,ola,global,,,layers.1.weight,db,23,-82.77346728743325,-81.70849781476988,-82.24098255110157,1,0.0007335891028370843,0.01015625,1280
bayesfl_observability_v1,ola_sparse_bayesian_keep010_seed42,60,ola,global,,,layers.1.weight,db,24,-81.70849781476988,-80.64352834210652,-81.1760130784382,2,0.0014671782056741686,0.01171875,1280
bayesfl_observability_v1,ola_sparse_bayesian_keep010_seed42,60,ola,global,,,layers.1.weight,db,25,-80.64352834210652,-79.57855886944317,-80.11104360577485,2,0.0014671782056741882,0.01328125,1280
bayesfl_observability_v1,ola_sparse_bayesian_keep010_seed42,60,ola,global,,,layers.1.weight,db,26,-79.57855886944317,-78.5135893967798,-79.04607413311149,1,0.0007335891028370843,0.0140625,1280
bayesfl_observability_v1,ola_sparse_bayesian_keep010_seed42,60,ola,global,,,layers.1.weight,db,27,-78.5135893967798,-77.44861992411646,-77.98110466044812,0,0.0,0.0140625,1280
bayesfl_observability_v1,ola_sparse_bayesian_keep010_seed42,60,ola,global,,,layers.1.weight,db,28,-77.44861992411646,-76.3836504514531,-76.91613518778477,3,0.0022007673085112527,0.01640625,1280
bayesfl_observability_v1,ola_sparse_bayesian_keep010_seed42,60,ola,global,,,layers.1.weight,db,29,-76.3836504514531,-75.31868097878973,-75.85116571512141,8,0.0058687128226966746,0.02265625,1280
bayesfl_observability_v1,ola_sparse_bayesian_keep010_seed42,60,ola,global,,,layers.1.weight,db,30,-75.31868097878973,-74.25371150612636,-74.78619624245805,1,0.0007335891028370843,0.0234375,1280
bayesfl_observability_v1,ola_sparse_bayesian_keep010_seed42,60,ola,global,,,layers.1.weight,db,31,-74.25371150612636,-73.18874203346301,-73.7212267697947,2,0.0014671782056741882,0.025,1280
bayesfl_observability_v1,ola_sparse_bayesian_keep010_seed42,60,ola,global,,,layers.1.weight,db,32,-73.18874203346301,-72.12377256079967,-72.65625729713133,3,0.0022007673085112822,0.02734375,1280
bayesfl_observability_v1,ola_sparse_bayesian_keep010_seed42,60,ola,global,,,layers.1.weight,db,33,-72.12377256079967,-71.0588030881363,-71.59128782446798,3,0.0022007673085112527,0.0296875,1280
bayesfl_observability_v1,ola_sparse_bayesian_keep010_seed42,60,ola,global,,,layers.1.weight,db,34,-71.0588030881363,-69.99383361547294,-70.52631835180462,6,0.0044015346170225055,0.034375,1280
bayesfl_observability_v1,ola_sparse_bayesian_keep010_seed42,60,ola,global,,,layers.1.weight,db,35,-69.99383361547294,-68.92886414280957,-69.46134887914125,7,0.00513512371985959,0.03984375,1280
bayesfl_observability_v1,ola_sparse_bayesian_keep010_seed42,60,ola,global,,,layers.1.weight,db,36,-68.92886414280957,-67.86389467014621,-68.39637940647789,8,0.0058687128226966746,0.04609375,1280
bayesfl_observability_v1,ola_sparse_bayesian_keep010_seed42,60,ola,global,,,layers.1.weight,db,37,-67.86389467014621,-66.79892519748286,-67.33140993381454,6,0.0044015346170225645,0.05078125,1280
bayesfl_observability_v1,ola_sparse_bayesian_keep010_seed42,60,ola,global,,,layers.1.weight,db,38,-66.79892519748286,-65.73395572481951,-66.26644046115118,8,0.005868712822696753,0.05703125,1280
bayesfl_observability_v1,ola_sparse_bayesian_keep010_seed42,60,ola,global,,,layers.1.weight,db,39,-65.73395572481951,-64.66898625215615,-65.20147098848783,14,0.01027024743971918,0.06796875,1280
bayesfl_observability_v1,ola_sparse_bayesian_keep010_seed42,60,ola,global,,,layers.1.weight,db,40,-64.66898625215615,-63.60401677949278,-64.13650151582446,11,0.008069480131207927,0.0765625,1280
bayesfl_observability_v1,ola_sparse_bayesian_keep010_seed42,60,ola,global,,,layers.1.weight,db,41,-63.60401677949278,-62.539047306829424,-63.0715320431611,11,0.00806948013120798,0.08515625,1280
bayesfl_observability_v1,ola_sparse_bayesian_keep010_seed42,60,ola,global,,,layers.1.weight,db,42,-62.539047306829424,-61.47407783416607,-62.00656257049775,15,0.011003836542556338,0.096875,1280
bayesfl_observability_v1,ola_sparse_bayesian_keep010_seed42,60,ola,global,,,layers.1.weight,db,43,-61.47407783416607,-60.4091083615027,-60.941593097834385,22,0.016138960262415854,0.1140625,1280
bayesfl_observability_v1,ola_sparse_bayesian_keep010_seed42,60,ola,global,,,layers.1.weight,db,44,-60.4091083615027,-59.344138888839346,-59.87662362517102,19,0.013938192953904695,0.12890625,1280
bayesfl_observability_v1,ola_sparse_bayesian_keep010_seed42,60,ola,global,,,layers.1.weight,db,45,-59.344138888839346,-58.27916941617599,-58.81165415250767,22,0.01613896026241596,0.14609375,1280
bayesfl_observability_v1,ola_sparse_bayesian_keep010_seed42,60,ola,global,,,layers.1.weight,db,46,-58.27916941617599,-57.214199943512625,-57.74668467984431,27,0.019806905776601276,0.1671875,1280
bayesfl_observability_v1,ola_sparse_bayesian_keep010_seed42,60,ola,global,,,layers.1.weight,db,47,-57.214199943512625,-56.14923047084927,-56.68171520718094,27,0.019806905776601408,0.18828125,1280
bayesfl_observability_v1,ola_sparse_bayesian_keep010_seed42,60,ola,global,,,layers.1.weight,db,48,-56.14923047084927,-55.08426099818591,-55.61674573451759,29,0.021274083982275586,0.2109375,1280
bayesfl_observability_v1,ola_sparse_bayesian_keep010_seed42,60,ola,global,,,layers.1.weight,db,49,-55.08426099818591,-54.01929152552255,-54.55177626185423,32,0.023474851290786698,0.2359375,1280
bayesfl_observability_v1,ola_sparse_bayesian_keep010_seed42,60,ola,global,,,layers.1.weight,db,50,-54.01929152552255,-52.95432205285919,-53.486806789190865,32,0.023474851290786854,0.2609375,1280
bayesfl_observability_v1,ola_sparse_bayesian_keep010_seed42,60,ola,global,,,layers.1.weight,db,51,-52.95432205285919,-51.88935258019583,-52.421837316527515,46,0.0337450987305061,0.296875,1280
bayesfl_observability_v1,ola_sparse_bayesian_keep010_seed42,60,ola,global,,,layers.1.weight,db,52,-51.88935258019583,-50.82438310753247,-51.35686784386415,42,0.03081074231915754,0.3296875,1280
bayesfl_observability_v1,ola_sparse_bayesian_keep010_seed42,60,ola,global,,,layers.1.weight,db,53,-50.82438310753247,-49.75941363486911,-50.29189837120079,55,0.04034740065603991,0.37265625,1280
bayesfl_observability_v1,ola_sparse_bayesian_keep010_seed42,60,ola,global,,,layers.1.weight,db,54,-49.75941363486911,-48.694444162205755,-49.22692889853744,39,0.02860997501064648,0.403125,1280
bayesfl_observability_v1,ola_sparse_bayesian_keep010_seed42,60,ola,global,,,layers.1.weight,db,55,-48.694444162205755,-47.62947468954239,-48.16195942587407,60,0.04401534617022506,0.45,1280
bayesfl_observability_v1,ola_sparse_bayesian_keep010_seed42,60,ola,global,,,layers.1.weight,db,56,-47.62947468954239,-46.564505216879034,-47.09698995321071,64,0.04694970258157371,0.5,1280
bayesfl_observability_v1,ola_sparse_bayesian_keep010_seed42,60,ola,global,,,layers.1.weight,db,57,-46.564505216879034,-45.49953574421568,-46.03202048054736,70,0.051351237198596245,0.5546875,1280
bayesfl_observability_v1,ola_sparse_bayesian_keep010_seed42,60,ola,global,,,layers.1.weight,db,58,-45.49953574421568,-44.43456627155232,-44.967051007883995,71,0.05208482630143333,0.61015625,1280
bayesfl_observability_v1,ola_sparse_bayesian_keep010_seed42,60,ola,global,,,layers.1.weight,db,59,-44.43456627155232,-43.369596798888956,-43.90208153522064,59,0.043281757067387974,0.65625,1280
bayesfl_observability_v1,ola_sparse_bayesian_keep010_seed42,60,ola,global,,,layers.1.weight,db,60,-43.369596798888956,-42.3046273262256,-42.83711206255728,59,0.04328175706738826,0.70234375,1280
bayesfl_observability_v1,ola_sparse_bayesian_keep010_seed42,60,ola,global,,,layers.1.weight,db,61,-42.3046273262256,-41.239657853562235,-41.77214258989392,60,0.04401534617022506,0.74921875,1280
bayesfl_observability_v1,ola_sparse_bayesian_keep010_seed42,60,ola,global,,,layers.1.weight,db,62,-41.239657853562235,-40.174688380898885,-40.70717311723056,50,0.0366794551418547,0.78828125,1280
bayesfl_observability_v1,ola_sparse_bayesian_keep010_seed42,60,ola,global,,,layers.1.weight,db,63,-40.174688380898885,-39.10971890823552,-39.6422036445672,44,0.03227792052483171,0.82265625,1280
bayesfl_observability_v1,ola_sparse_bayesian_keep010_seed42,60,ola,global,,,layers.1.weight,db,64,-39.10971890823552,-38.04474943557216,-38.57723417190384,31,0.022741262187949612,0.846875,1280
bayesfl_observability_v1,ola_sparse_bayesian_keep010_seed42,60,ola,global,,,layers.1.weight,db,65,-38.04474943557216,-36.97977996290881,-37.51226469924048,35,0.025675618599298292,0.87421875,1280
bayesfl_observability_v1,ola_sparse_bayesian_keep010_seed42,60,ola,global,,,layers.1.weight,db,66,-36.97977996290881,-35.91481049024544,-36.447295226577126,25,0.018339727570927108,0.89375,1280
bayesfl_observability_v1,ola_sparse_bayesian_keep010_seed42,60,ola,global,,,layers.1.weight,db,67,-35.91481049024544,-34.84984101758208,-35.38232575391376,32,0.023474851290786698,0.91875,1280
bayesfl_observability_v1,ola_sparse_bayesian_keep010_seed42,60,ola,global,,,layers.1.weight,db,68,-34.84984101758208,-33.78487154491873,-34.317356281250404,31,0.022741262187949918,0.94296875,1280
bayesfl_observability_v1,ola_sparse_bayesian_keep010_seed42,60,ola,global,,,layers.1.weight,db,69,-33.78487154491873,-32.719902072255366,-33.25238680858705,14,0.01027024743971918,0.95390625,1280
bayesfl_observability_v1,ola_sparse_bayesian_keep010_seed42,60,ola,global,,,layers.1.weight,db,70,-32.719902072255366,-31.654932599592,-32.18741733592368,13,0.009536658336882095,0.9640625,1280
bayesfl_observability_v1,ola_sparse_bayesian_keep010_seed42,60,ola,global,,,layers.1.weight,db,71,-31.654932599592,-30.58996312692865,-31.122447863260327,10,0.007335891028370941,0.971875,1280
bayesfl_observability_v1,ola_sparse_bayesian_keep010_seed42,60,ola,global,,,layers.1.weight,db,72,-30.58996312692865,-29.524993654265288,-30.05747839059697,8,0.0058687128226966746,0.978125,1280
bayesfl_observability_v1,ola_sparse_bayesian_keep010_seed42,60,ola,global,,,layers.1.weight,db,73,-29.524993654265288,-28.460024181601923,-28.992508917933606,9,0.006602301925533759,0.98515625,1280
bayesfl_observability_v1,ola_sparse_bayesian_keep010_seed42,60,ola,global,,,layers.1.weight,db,74,-28.460024181601923,-27.395054708938574,-27.92753944527025,6,0.0044015346170225645,0.98984375,1280
bayesfl_observability_v1,ola_sparse_bayesian_keep010_seed42,60,ola,global,,,layers.1.weight,db,75,-27.395054708938574,-26.33008523627521,-26.86256997260689,2,0.0014671782056741686,0.99140625,1280
bayesfl_observability_v1,ola_sparse_bayesian_keep010_seed42,60,ola,global,,,layers.1.weight,db,76,-26.33008523627521,-25.265115763611846,-25.797600499943528,4,0.0029343564113483373,0.99453125,1280
bayesfl_observability_v1,ola_sparse_bayesian_keep010_seed42,60,ola,global,,,layers.1.weight,db,77,-25.265115763611846,-24.200146290948496,-24.73263102728017,4,0.0029343564113483763,0.99765625,1280
bayesfl_observability_v1,ola_sparse_bayesian_keep010_seed42,60,ola,global,,,layers.1.weight,db,78,-24.200146290948496,-23.13517681828513,-23.667661554616814,2,0.0014671782056741686,0.99921875,1280
bayesfl_observability_v1,ola_sparse_bayesian_keep010_seed42,60,ola,global,,,layers.1.weight,db,79,-23.13517681828513,-22.070207345621778,-22.602692081953457,1,0.0007335891028370916,1.0,1280
bayesfl_observability_v1,ola_sparse_bayesian_keep010_seed42,60,ola,global,,,layers.1.bias,raw,0,0.000234023197882709,0.00040565064309657406,0.00031983692048964153,1,582.6573941911793,0.1,10
bayesfl_observability_v1,ola_sparse_bayesian_keep010_seed42,60,ola,global,,,layers.1.bias,raw,1,0.00040565064309657406,0.0005772780883104391,0.0004914643657035066,2,1165.3147883823585,0.3,10
bayesfl_observability_v1,ola_sparse_bayesian_keep010_seed42,60,ola,global,,,layers.1.bias,raw,2,0.0005772780883104391,0.0007489055335243042,0.0006630918109173716,0,0.0,0.3,10
bayesfl_observability_v1,ola_sparse_bayesian_keep010_seed42,60,ola,global,,,layers.1.bias,raw,3,0.0007489055335243042,0.0009205329787381692,0.0008347192561312367,0,0.0,0.3,10
bayesfl_observability_v1,ola_sparse_bayesian_keep010_seed42,60,ola,global,,,layers.1.bias,raw,4,0.0009205329787381692,0.0010921604239520343,0.0010063467013451018,1,582.6573941911793,0.4,10
bayesfl_observability_v1,ola_sparse_bayesian_keep010_seed42,60,ola,global,,,layers.1.bias,raw,5,0.0010921604239520343,0.0012637878691658993,0.0011779741465589668,1,582.6573941911793,0.5,10
bayesfl_observability_v1,ola_sparse_bayesian_keep010_seed42,60,ola,global,,,layers.1.bias,raw,6,0.0012637878691658993,0.0014354153143797644,0.0013496015917728319,1,582.6573941911793,0.6,10
bayesfl_observability_v1,ola_sparse_bayesian_keep010_seed42,60,ola,global,,,layers.1.bias,raw,7,0.0014354153143797644,0.0016070427595936295,0.001521229036986697,0,0.0,0.6,10
bayesfl_observability_v1,ola_sparse_bayesian_keep010_seed42,60,ola,global,,,layers.1.bias,raw,8,0.0016070427595936295,0.0017786702048074945,0.001692856482200562,0,0.0,0.6,10
bayesfl_observability_v1,ola_sparse_bayesian_keep010_seed42,60,ola,global,,,layers.1.bias,raw,9,0.0017786702048074945,0.0019502976500213596,0.001864483927414427,0,0.0,0.6,10
bayesfl_observability_v1,ola_sparse_bayesian_keep010_seed42,60,ola,global,,,layers.1.bias,raw,10,0.0019502976500213596,0.0021219250952352244,0.002036111372628292,0,0.0,0.6,10
bayesfl_observability_v1,ola_sparse_bayesian_keep010_seed42,60,ola,global,,,layers.1.bias,raw,11,0.0021219250952352244,0.00229355254044909,0.002207738817842157,0,0.0,0.6,10
bayesfl_observability_v1,ola_sparse_bayesian_keep010_seed42,60,ola,global,,,layers.1.bias,raw,12,0.00229355254044909,0.0024651799856629545,0.0023793662630560222,0,0.0,0.6,10
bayesfl_observability_v1,ola_sparse_bayesian_keep010_seed42,60,ola,global,,,layers.1.bias,raw,13,0.0024651799856629545,0.00263680743087682,0.0025509937082698873,0,0.0,0.6,10
bayesfl_observability_v1,ola_sparse_bayesian_keep010_seed42,60,ola,global,,,layers.1.bias,raw,14,0.00263680743087682,0.0028084348760906847,0.0027226211534837523,0,0.0,0.6,10
bayesfl_observability_v1,ola_sparse_bayesian_keep010_seed42,60,ola,global,,,layers.1.bias,raw,15,0.0028084348760906847,0.00298006232130455,0.0028942485986976174,0,0.0,0.6,10
bayesfl_observability_v1,ola_sparse_bayesian_keep010_seed42,60,ola,global,,,layers.1.bias,raw,16,0.00298006232130455,0.0031516897665184148,0.0030658760439114825,0,0.0,0.6,10
bayesfl_observability_v1,ola_sparse_bayesian_keep010_seed42,60,ola,global,,,layers.1.bias,raw,17,0.0031516897665184148,0.0033233172117322803,0.0032375034891253475,0,0.0,0.6,10
bayesfl_observability_v1,ola_sparse_bayesian_keep010_seed42,60,ola,global,,,layers.1.bias,raw,18,0.0033233172117322803,0.003494944656946145,0.0034091309343392126,0,0.0,0.6,10
bayesfl_observability_v1,ola_sparse_bayesian_keep010_seed42,60,ola,global,,,layers.1.bias,raw,19,0.003494944656946145,0.0036665721021600104,0.0035807583795530776,0,0.0,0.6,10
bayesfl_observability_v1,ola_sparse_bayesian_keep010_seed42,60,ola,global,,,layers.1.bias,raw,20,0.0036665721021600104,0.003838199547373875,0.0037523858247669427,0,0.0,0.6,10
bayesfl_observability_v1,ola_sparse_bayesian_keep010_seed42,60,ola,global,,,layers.1.bias,raw,21,0.003838199547373875,0.0040098269925877405,0.003924013269980807,1,582.6573941911778,0.7,10
bayesfl_observability_v1,ola_sparse_bayesian_keep010_seed42,60,ola,global,,,layers.1.bias,raw,22,0.0040098269925877405,0.004181454437801606,0.004095640715194674,0,0.0,0.7,10
bayesfl_observability_v1,ola_sparse_bayesian_keep010_seed42,60,ola,global,,,layers.1.bias,raw,23,0.004181454437801606,0.004353081883015471,0.004267268160408538,0,0.0,0.7,10
bayesfl_observability_v1,ola_sparse_bayesian_keep010_seed42,60,ola,global,,,layers.1.bias,raw,24,0.004353081883015471,0.004524709328229335,0.004438895605622403,0,0.0,0.7,10
bayesfl_observability_v1,ola_sparse_bayesian_keep010_seed42,60,ola,global,,,layers.1.bias,raw,25,0.004524709328229335,0.004696336773443201,0.0046105230508362675,1,582.6573941911778,0.8,10
bayesfl_observability_v1,ola_sparse_bayesian_keep010_seed42,60,ola,global,,,layers.1.bias,raw,26,0.004696336773443201,0.004867964218657066,0.004782150496050134,1,582.6573941911778,0.9,10
bayesfl_observability_v1,ola_sparse_bayesian_keep010_seed42,60,ola,global,,,layers.1.bias,raw,27,0.004867964218657066,0.005039591663870931,0.0049537779412639985,0,0.0,0.9,10
bayesfl_observability_v1,ola_sparse_bayesian_keep010_seed42,60,ola,global,,,layers.1.bias,raw,28,0.005039591663870931,0.0052112191090847955,0.005125405386477863,0,0.0,0.9,10
bayesfl_observability_v1,ola_sparse_bayesian_keep010_seed42,60,ola,global,,,layers.1.bias,raw,29,0.0052112191090847955,0.005382846554298661,0.005297032831691728,0,0.0,0.9,10
bayesfl_observability_v1,ola_sparse_bayesian_keep010_seed42,60,ola,global,,,layers.1.bias,raw,30,0.005382846554298661,0.0055544739995125264,0.005468660276905594,0,0.0,0.9,10
bayesfl_observability_v1,ola_sparse_bayesian_keep010_seed42,60,ola,global,,,layers.1.bias,raw,31,0.0055544739995125264,0.005726101444726391,0.005640287722119459,0,0.0,0.9,10
bayesfl_observability_v1,ola_sparse_bayesian_keep010_seed42,60,ola,global,,,layers.1.bias,raw,32,0.005726101444726391,0.005897728889940256,0.005811915167333323,0,0.0,0.9,10
bayesfl_observability_v1,ola_sparse_bayesian_keep010_seed42,60,ola,global,,,layers.1.bias,raw,33,0.005897728889940256,0.006069356335154121,0.005983542612547188,0,0.0,0.9,10
bayesfl_observability_v1,ola_sparse_bayesian_keep010_seed42,60,ola,global,,,layers.1.bias,raw,34,0.006069356335154121,0.006240983780367987,0.006155170057761054,0,0.0,0.9,10
bayesfl_observability_v1,ola_sparse_bayesian_keep010_seed42,60,ola,global,,,layers.1.bias,raw,35,0.006240983780367987,0.006412611225581851,0.006326797502974919,0,0.0,0.9,10
bayesfl_observability_v1,ola_sparse_bayesian_keep010_seed42,60,ola,global,,,layers.1.bias,raw,36,0.006412611225581851,0.006584238670795716,0.006498424948188784,0,0.0,0.9,10
bayesfl_observability_v1,ola_sparse_bayesian_keep010_seed42,60,ola,global,,,layers.1.bias,raw,37,0.006584238670795716,0.006755866116009581,0.006670052393402648,0,0.0,0.9,10
bayesfl_observability_v1,ola_sparse_bayesian_keep010_seed42,60,ola,global,,,layers.1.bias,raw,38,0.006755866116009581,0.006927493561223447,0.006841679838616515,0,0.0,0.9,10
bayesfl_observability_v1,ola_sparse_bayesian_keep010_seed42,60,ola,global,,,layers.1.bias,raw,39,0.006927493561223447,0.0070991210064373115,0.007013307283830379,0,0.0,0.9,10
bayesfl_observability_v1,ola_sparse_bayesian_keep010_seed42,60,ola,global,,,layers.1.bias,raw,40,0.0070991210064373115,0.007270748451651176,0.007184934729044244,0,0.0,0.9,10
bayesfl_observability_v1,ola_sparse_bayesian_keep010_seed42,60,ola,global,,,layers.1.bias,raw,41,0.007270748451651176,0.007442375896865042,0.0073565621742581085,0,0.0,0.9,10
bayesfl_observability_v1,ola_sparse_bayesian_keep010_seed42,60,ola,global,,,layers.1.bias,raw,42,0.007442375896865042,0.007614003342078907,0.007528189619471975,0,0.0,0.9,10
bayesfl_observability_v1,ola_sparse_bayesian_keep010_seed42,60,ola,global,,,layers.1.bias,raw,43,0.007614003342078907,0.007785630787292772,0.0076998170646858394,0,0.0,0.9,10
bayesfl_observability_v1,ola_sparse_bayesian_keep010_seed42,60,ola,global,,,layers.1.bias,raw,44,0.007785630787292772,0.007957258232506636,0.007871444509899704,0,0.0,0.9,10
bayesfl_observability_v1,ola_sparse_bayesian_keep010_seed42,60,ola,global,,,layers.1.bias,raw,45,0.007957258232506636,0.008128885677720502,0.008043071955113569,0,0.0,0.9,10
bayesfl_observability_v1,ola_sparse_bayesian_keep010_seed42,60,ola,global,,,layers.1.bias,raw,46,0.008128885677720502,0.008300513122934366,0.008214699400327433,0,0.0,0.9,10
bayesfl_observability_v1,ola_sparse_bayesian_keep010_seed42,60,ola,global,,,layers.1.bias,raw,47,0.008300513122934366,0.008472140568148231,0.0083863268455413,0,0.0,0.9,10
bayesfl_observability_v1,ola_sparse_bayesian_keep010_seed42,60,ola,global,,,layers.1.bias,raw,48,0.008472140568148231,0.008643768013362096,0.008557954290755163,0,0.0,0.9,10
bayesfl_observability_v1,ola_sparse_bayesian_keep010_seed42,60,ola,global,,,layers.1.bias,raw,49,0.008643768013362096,0.00881539545857596,0.008729581735969029,0,0.0,0.9,10
bayesfl_observability_v1,ola_sparse_bayesian_keep010_seed42,60,ola,global,,,layers.1.bias,raw,50,0.00881539545857596,0.008987022903789827,0.008901209181182894,0,0.0,0.9,10
bayesfl_observability_v1,ola_sparse_bayesian_keep010_seed42,60,ola,global,,,layers.1.bias,raw,51,0.008987022903789827,0.009158650349003691,0.009072836626396758,0,0.0,0.9,10
bayesfl_observability_v1,ola_sparse_bayesian_keep010_seed42,60,ola,global,,,layers.1.bias,raw,52,0.009158650349003691,0.009330277794217556,0.009244464071610625,0,0.0,0.9,10
bayesfl_observability_v1,ola_sparse_bayesian_keep010_seed42,60,ola,global,,,layers.1.bias,raw,53,0.009330277794217556,0.009501905239431422,0.00941609151682449,0,0.0,0.9,10
bayesfl_observability_v1,ola_sparse_bayesian_keep010_seed42,60,ola,global,,,layers.1.bias,raw,54,0.009501905239431422,0.009673532684645287,0.009587718962038354,0,0.0,0.9,10
bayesfl_observability_v1,ola_sparse_bayesian_keep010_seed42,60,ola,global,,,layers.1.bias,raw,55,0.009673532684645287,0.009845160129859152,0.00975934640725222,0,0.0,0.9,10
bayesfl_observability_v1,ola_sparse_bayesian_keep010_seed42,60,ola,global,,,layers.1.bias,raw,56,0.009845160129859152,0.010016787575073016,0.009930973852466083,0,0.0,0.9,10
bayesfl_observability_v1,ola_sparse_bayesian_keep010_seed42,60,ola,global,,,layers.1.bias,raw,57,0.010016787575073016,0.01018841502028688,0.01010260129767995,0,0.0,0.9,10
bayesfl_observability_v1,ola_sparse_bayesian_keep010_seed42,60,ola,global,,,layers.1.bias,raw,58,0.01018841502028688,0.010360042465500747,0.010274228742893814,0,0.0,0.9,10
bayesfl_observability_v1,ola_sparse_bayesian_keep010_seed42,60,ola,global,,,layers.1.bias,raw,59,0.010360042465500747,0.010531669910714612,0.010445856188107679,0,0.0,0.9,10
bayesfl_observability_v1,ola_sparse_bayesian_keep010_seed42,60,ola,global,,,layers.1.bias,raw,60,0.010531669910714612,0.010703297355928476,0.010617483633321545,0,0.0,0.9,10
bayesfl_observability_v1,ola_sparse_bayesian_keep010_seed42,60,ola,global,,,layers.1.bias,raw,61,0.010703297355928476,0.010874924801142343,0.01078911107853541,0,0.0,0.9,10
bayesfl_observability_v1,ola_sparse_bayesian_keep010_seed42,60,ola,global,,,layers.1.bias,raw,62,0.010874924801142343,0.011046552246356207,0.010960738523749274,0,0.0,0.9,10
bayesfl_observability_v1,ola_sparse_bayesian_keep010_seed42,60,ola,global,,,layers.1.bias,raw,63,0.011046552246356207,0.011218179691570072,0.01113236596896314,0,0.0,0.9,10
bayesfl_observability_v1,ola_sparse_bayesian_keep010_seed42,60,ola,global,,,layers.1.bias,raw,64,0.011218179691570072,0.011389807136783937,0.011303993414177003,0,0.0,0.9,10
bayesfl_observability_v1,ola_sparse_bayesian_keep010_seed42,60,ola,global,,,layers.1.bias,raw,65,0.011389807136783937,0.011561434581997801,0.01147562085939087,0,0.0,0.9,10
bayesfl_observability_v1,ola_sparse_bayesian_keep010_seed42,60,ola,global,,,layers.1.bias,raw,66,0.011561434581997801,0.011733062027211668,0.011647248304604734,0,0.0,0.9,10
bayesfl_observability_v1,ola_sparse_bayesian_keep010_seed42,60,ola,global,,,layers.1.bias,raw,67,0.011733062027211668,0.011904689472425532,0.011818875749818599,0,0.0,0.9,10
bayesfl_observability_v1,ola_sparse_bayesian_keep010_seed42,60,ola,global,,,layers.1.bias,raw,68,0.011904689472425532,0.012076316917639397,0.011990503195032465,0,0.0,0.9,10
bayesfl_observability_v1,ola_sparse_bayesian_keep010_seed42,60,ola,global,,,layers.1.bias,raw,69,0.012076316917639397,0.012247944362853263,0.01216213064024633,0,0.0,0.9,10
bayesfl_observability_v1,ola_sparse_bayesian_keep010_seed42,60,ola,global,,,layers.1.bias,raw,70,0.012247944362853263,0.012419571808067128,0.012333758085460195,0,0.0,0.9,10
bayesfl_observability_v1,ola_sparse_bayesian_keep010_seed42,60,ola,global,,,layers.1.bias,raw,71,0.012419571808067128,0.012591199253280993,0.012505385530674061,0,0.0,0.9,10
bayesfl_observability_v1,ola_sparse_bayesian_keep010_seed42,60,ola,global,,,layers.1.bias,raw,72,0.012591199253280993,0.012762826698494857,0.012677012975887924,0,0.0,0.9,10
bayesfl_observability_v1,ola_sparse_bayesian_keep010_seed42,60,ola,global,,,layers.1.bias,raw,73,0.012762826698494857,0.012934454143708722,0.01284864042110179,0,0.0,0.9,10
bayesfl_observability_v1,ola_sparse_bayesian_keep010_seed42,60,ola,global,,,layers.1.bias,raw,74,0.012934454143708722,0.013106081588922588,0.013020267866315655,0,0.0,0.9,10
bayesfl_observability_v1,ola_sparse_bayesian_keep010_seed42,60,ola,global,,,layers.1.bias,raw,75,0.013106081588922588,0.013277709034136453,0.01319189531152952,0,0.0,0.9,10
bayesfl_observability_v1,ola_sparse_bayesian_keep010_seed42,60,ola,global,,,layers.1.bias,raw,76,0.013277709034136453,0.013449336479350317,0.013363522756743386,0,0.0,0.9,10
bayesfl_observability_v1,ola_sparse_bayesian_keep010_seed42,60,ola,global,,,layers.1.bias,raw,77,0.013449336479350317,0.013620963924564184,0.01353515020195725,0,0.0,0.9,10
bayesfl_observability_v1,ola_sparse_bayesian_keep010_seed42,60,ola,global,,,layers.1.bias,raw,78,0.013620963924564184,0.013792591369778048,0.013706777647171115,0,0.0,0.9,10
bayesfl_observability_v1,ola_sparse_bayesian_keep010_seed42,60,ola,global,,,layers.1.bias,raw,79,0.013792591369778048,0.013964218814991913,0.013878405092384982,1,582.6573941911807,1.0,10
bayesfl_observability_v1,ola_sparse_bayesian_keep010_seed42,60,ola,global,,,layers.1.bias,db,0,-72.61482177082686,-72.17088233731982,-72.39285205407334,1,0.22525595261952353,0.1,10
bayesfl_observability_v1,ola_sparse_bayesian_keep010_seed42,60,ola,global,,,layers.1.bias,db,1,-72.17088233731982,-71.72694290381277,-71.94891262056629,0,0.0,0.1,10
bayesfl_observability_v1,ola_sparse_bayesian_keep010_seed42,60,ola,global,,,layers.1.bias,db,2,-71.72694290381277,-71.28300347030573,-71.50497318705925,0,0.0,0.1,10
bayesfl_observability_v1,ola_sparse_bayesian_keep010_seed42,60,ola,global,,,layers.1.bias,db,3,-71.28300347030573,-70.83906403679869,-71.06103375355221,0,0.0,0.1,10
bayesfl_observability_v1,ola_sparse_bayesian_keep010_seed42,60,ola,global,,,layers.1.bias,db,4,-70.83906403679869,-70.39512460329165,-70.61709432004517,0,0.0,0.1,10
bayesfl_observability_v1,ola_sparse_bayesian_keep010_seed42,60,ola,global,,,layers.1.bias,db,5,-70.39512460329165,-69.9511851697846,-70.17315488653813,0,0.0,0.1,10
bayesfl_observability_v1,ola_sparse_bayesian_keep010_seed42,60,ola,global,,,layers.1.bias,db,6,-69.9511851697846,-69.50724573627755,-69.72921545303107,0,0.0,0.1,10
bayesfl_observability_v1,ola_sparse_bayesian_keep010_seed42,60,ola,global,,,layers.1.bias,db,7,-69.50724573627755,-69.06330630277051,-69.28527601952403,0,0.0,0.1,10
bayesfl_observability_v1,ola_sparse_bayesian_keep010_seed42,60,ola,global,,,layers.1.bias,db,8,-69.06330630277051,-68.61936686926347,-68.841336586017,0,0.0,0.1,10
bayesfl_observability_v1,ola_sparse_bayesian_keep010_seed42,60,ola,global,,,layers.1.bias,db,9,-68.61936686926347,-68.17542743575642,-68.39739715250994,0,0.0,0.1,10
bayesfl_observability_v1,ola_sparse_bayesian_keep010_seed42,60,ola,global,,,layers.1.bias,db,10,-68.17542743575642,-67.73148800224938,-67.9534577190029,0,0.0,0.1,10
bayesfl_observability_v1,ola_sparse_bayesian_keep010_seed42,60,ola,global,,,layers.1.bias,db,11,-67.73148800224938,-67.28754856874234,-67.50951828549586,1,0.22525595261952353,0.2,10
bayesfl_observability_v1,ola_sparse_bayesian_keep010_seed42,60,ola,global,,,layers.1.bias,db,12,-67.28754856874234,-66.84360913523528,-67.06557885198882,0,0.0,0.2,10
bayesfl_observability_v1,ola_sparse_bayesian_keep010_seed42,60,ola,global,,,layers.1.bias,db,13,-66.84360913523528,-66.39966970172824,-66.62163941848176,1,0.22525595261952353,0.3,10
bayesfl_observability_v1,ola_sparse_bayesian_keep010_seed42,60,ola,global,,,layers.1.bias,db,14,-66.39966970172824,-65.9557302682212,-66.17769998497472,0,0.0,0.3,10
bayesfl_observability_v1,ola_sparse_bayesian_keep010_seed42,60,ola,global,,,layers.1.bias,db,15,-65.9557302682212,-65.51179083471416,-65.73376055146768,0,0.0,0.3,10
bayesfl_observability_v1,ola_sparse_bayesian_keep010_seed42,60,ola,global,,,layers.1.bias,db,16,-65.51179083471416,-65.06785140120711,-65.28982111796063,0,0.0,0.3,10
bayesfl_observability_v1,ola_sparse_bayesian_keep010_seed42,60,ola,global,,,layers.1.bias,db,17,-65.06785140120711,-64.62391196770007,-64.84588168445359,0,0.0,0.3,10
bayesfl_observability_v1,ola_sparse_bayesian_keep010_seed42,60,ola,global,,,layers.1.bias,db,18,-64.62391196770007,-64.17997253419303,-64.40194225094655,0,0.0,0.3,10
bayesfl_observability_v1,ola_sparse_bayesian_keep010_seed42,60,ola,global,,,layers.1.bias,db,19,-64.17997253419303,-63.73603310068598,-63.95800281743951,0,0.0,0.3,10
bayesfl_observability_v1,ola_sparse_bayesian_keep010_seed42,60,ola,global,,,layers.1.bias,db,20,-63.73603310068598,-63.29209366717894,-63.51406338393246,0,0.0,0.3,10
bayesfl_observability_v1,ola_sparse_bayesian_keep010_seed42,60,ola,global,,,layers.1.bias,db,21,-63.29209366717894,-62.84815423367189,-63.07012395042541,0,0.0,0.3,10
bayesfl_observability_v1,ola_sparse_bayesian_keep010_seed42,60,ola,global,,,layers.1.bias,db,22,-62.84815423367189,-62.40421480016485,-62.62618451691837,0,0.0,0.3,10
bayesfl_observability_v1,ola_sparse_bayesian_keep010_seed42,60,ola,global,,,layers.1.bias,db,23,-62.40421480016485,-61.960275366657804,-62.18224508341133,0,0.0,0.3,10
bayesfl_observability_v1,ola_sparse_bayesian_keep010_seed42,60,ola,global,,,layers.1.bias,db,24,-61.960275366657804,-61.516335933150756,-61.73830564990428,0,0.0,0.3,10
bayesfl_observability_v1,ola_sparse_bayesian_keep010_seed42,60,ola,global,,,layers.1.bias,db,25,-61.516335933150756,-61.072396499643716,-61.294366216397236,0,0.0,0.3,10
bayesfl_observability_v1,ola_sparse_bayesian_keep010_seed42,60,ola,global,,,layers.1.bias,db,26,-61.072396499643716,-60.628457066136676,-60.850426782890196,0,0.0,0.3,10
bayesfl_observability_v1,ola_sparse_bayesian_keep010_seed42,60,ola,global,,,layers.1.bias,db,27,-60.628457066136676,-60.18451763262963,-60.406487349383156,1,0.22525595261951992,0.4,10
bayesfl_observability_v1,ola_sparse_bayesian_keep010_seed42,60,ola,global,,,layers.1.bias,db,28,-60.18451763262963,-59.74057819912258,-59.9625479158761,0,0.0,0.4,10
bayesfl_observability_v1,ola_sparse_bayesian_keep010_seed42,60,ola,global,,,layers.1.bias,db,29,-59.74057819912258,-59.29663876561554,-59.51860848236906,0,0.0,0.4,10
bayesfl_observability_v1,ola_sparse_bayesian_keep010_seed42,60,ola,global,,,layers.1.bias,db,30,-59.29663876561554,-58.85269933210849,-59.07466904886202,0,0.0,0.4,10
bayesfl_observability_v1,ola_sparse_bayesian_keep010_seed42,60,ola,global,,,layers.1.bias,db,31,-58.85269933210849,-58.40875989860145,-58.63072961535497,1,0.22525595261952353,0.5,10
bayesfl_observability_v1,ola_sparse_bayesian_keep010_seed42,60,ola,global,,,layers.1.bias,db,32,-58.40875989860145,-57.964820465094405,-58.186790181847925,0,0.0,0.5,10
bayesfl_observability_v1,ola_sparse_bayesian_keep010_seed42,60,ola,global,,,layers.1.bias,db,33,-57.964820465094405,-57.520881031587365,-57.742850748340885,1,0.22525595261952353,0.6,10
bayesfl_observability_v1,ola_sparse_bayesian_keep010_seed42,60,ola,global,,,layers.1.bias,db,34,-57.520881031587365,-57.07694159808032,-57.298911314833845,0,0.0,0.6,10
bayesfl_observability_v1,ola_sparse_bayesian_keep010_seed42,60,ola,global,,,layers.1.bias,db,35,-57.07694159808032,-56.63300216457327,-56.85497188132679,0,0.0,0.6,10
bayesfl_observability_v1,ola_sparse_bayesian_keep010_seed42,60,ola,global,,,layers.1.bias,db,36,-56.63300216457327,-56.18906273106623,-56.41103244781975,0,0.0,0.6,10
bayesfl_observability_v1,ola_sparse_bayesian_keep010_seed42,60,ola,global,,,layers.1.bias,db,37,-56.18906273106623,-55.74512329755919,-55.96709301431271,0,0.0,0.6,10
bayesfl_observability_v1,ola_sparse_bayesian_keep010_seed42,60,ola,global,,,layers.1.bias,db,38,-55.74512329755919,-55.30118386405214,-55.52315358080567,0,0.0,0.6,10
bayesfl_observability_v1,ola_sparse_bayesian_keep010_seed42,60,ola,global,,,layers.1.bias,db,39,-55.30118386405214,-54.857244430545094,-55.079214147298615,0,0.0,0.6,10
bayesfl_observability_v1,ola_sparse_bayesian_keep010_seed42,60,ola,global,,,layers.1.bias,db,40,-54.857244430545094,-54.413304997038054,-54.635274713791574,0,0.0,0.6,10
bayesfl_observability_v1,ola_sparse_bayesian_keep010_seed42,60,ola,global,,,layers.1.bias,db,41,-54.413304997038054,-53.969365563531014,-54.191335280284534,0,0.0,0.6,10
bayesfl_observability_v1,ola_sparse_bayesian_keep010_seed42,60,ola,global,,,layers.1.bias,db,42,-53.969365563531014,-53.525426130023966,-53.74739584677749,0,0.0,0.6,10
bayesfl_observability_v1,ola_sparse_bayesian_keep010_seed42,60,ola,global,,,layers.1.bias,db,43,-53.525426130023966,-53.08148669651692,-53.30345641327044,0,0.0,0.6,10
bayesfl_observability_v1,ola_sparse_bayesian_keep010_seed42,60,ola,global,,,layers.1.bias,db,44,-53.08148669651692,-52.63754726300988,-52.8595169797634,0,0.0,0.6,10
bayesfl_observability_v1,ola_sparse_bayesian_keep010_seed42,60,ola,global,,,layers.1.bias,db,45,-52.63754726300988,-52.19360782950283,-52.41557754625636,0,0.0,0.6,10
bayesfl_observability_v1,ola_sparse_bayesian_keep010_seed42,60,ola,global,,,layers.1.bias,db,46,-52.19360782950283,-51.74966839599578,-51.971638112749304,0,0.0,0.6,10
bayesfl_observability_v1,ola_sparse_bayesian_keep010_seed42,60,ola,global,,,layers.1.bias,db,47,-51.74966839599578,-51.30572896248874,-51.52769867924226,0,0.0,0.6,10
bayesfl_observability_v1,ola_sparse_bayesian_keep010_seed42,60,ola,global,,,layers.1.bias,db,48,-51.30572896248874,-50.8617895289817,-51.08375924573522,0,0.0,0.6,10
bayesfl_observability_v1,ola_sparse_bayesian_keep010_seed42,60,ola,global,,,layers.1.bias,db,49,-50.8617895289817,-50.417850095474655,-50.63981981222818,0,0.0,0.6,10
bayesfl_observability_v1,ola_sparse_bayesian_keep010_seed42,60,ola,global,,,layers.1.bias,db,50,-50.417850095474655,-49.97391066196761,-50.19588037872113,0,0.0,0.6,10
bayesfl_observability_v1,ola_sparse_bayesian_keep010_seed42,60,ola,global,,,layers.1.bias,db,51,-49.97391066196761,-49.52997122846057,-49.75194094521409,0,0.0,0.6,10
bayesfl_observability_v1,ola_sparse_bayesian_keep010_seed42,60,ola,global,,,layers.1.bias,db,52,-49.52997122846057,-49.08603179495353,-49.30800151170705,0,0.0,0.6,10
bayesfl_observability_v1,ola_sparse_bayesian_keep010_seed42,60,ola,global,,,layers.1.bias,db,53,-49.08603179495353,-48.64209236144648,-48.86406207820001,0,0.0,0.6,10
bayesfl_observability_v1,ola_sparse_bayesian_keep010_seed42,60,ola,global,,,layers.1.bias,db,54,-48.64209236144648,-48.19815292793943,-48.42012264469295,1,0.22525595261951992,0.7,10
bayesfl_observability_v1,ola_sparse_bayesian_keep010_seed42,60,ola,global,,,layers.1.bias,db,55,-48.19815292793943,-47.75421349443239,-47.97618321118591,0,0.0,0.7,10
bayesfl_observability_v1,ola_sparse_bayesian_keep010_seed42,60,ola,global,,,layers.1.bias,db,56,-47.75421349443239,-47.31027406092535,-47.53224377767887,0,0.0,0.7,10
bayesfl_observability_v1,ola_sparse_bayesian_keep010_seed42,60,ola,global,,,layers.1.bias,db,57,-47.31027406092535,-46.8663346274183,-47.088304344171824,1,0.22525595261951634,0.8,10
bayesfl_observability_v1,ola_sparse_bayesian_keep010_seed42,60,ola,global,,,layers.1.bias,db,58,-46.8663346274183,-46.42239519391126,-46.64436491066478,1,0.22525595261952353,0.9,10
bayesfl_observability_v1,ola_sparse_bayesian_keep010_seed42,60,ola,global,,,layers.1.bias,db,59,-46.42239519391126,-45.978455760404216,-46.20042547715774,0,0.0,0.9,10
bayesfl_observability_v1,ola_sparse_bayesian_keep010_seed42,60,ola,global,,,layers.1.bias,db,60,-45.978455760404216,-45.53451632689717,-45.756486043650696,0,0.0,0.9,10
bayesfl_observability_v1,ola_sparse_bayesian_keep010_seed42,60,ola,global,,,layers.1.bias,db,61,-45.53451632689717,-45.09057689339012,-45.31254661014364,0,0.0,0.9,10
bayesfl_observability_v1,ola_sparse_bayesian_keep010_seed42,60,ola,global,,,layers.1.bias,db,62,-45.09057689339012,-44.64663745988308,-44.8686071766366,0,0.0,0.9,10
bayesfl_observability_v1,ola_sparse_bayesian_keep010_seed42,60,ola,global,,,layers.1.bias,db,63,-44.64663745988308,-44.20269802637604,-44.42466774312956,0,0.0,0.9,10
bayesfl_observability_v1,ola_sparse_bayesian_keep010_seed42,60,ola,global,,,layers.1.bias,db,64,-44.20269802637604,-43.75875859286899,-43.98072830962252,0,0.0,0.9,10
bayesfl_observability_v1,ola_sparse_bayesian_keep010_seed42,60,ola,global,,,layers.1.bias,db,65,-43.75875859286899,-43.314819159361946,-43.536788876115466,0,0.0,0.9,10
bayesfl_observability_v1,ola_sparse_bayesian_keep010_seed42,60,ola,global,,,layers.1.bias,db,66,-43.314819159361946,-42.870879725854905,-43.092849442608426,0,0.0,0.9,10
bayesfl_observability_v1,ola_sparse_bayesian_keep010_seed42,60,ola,global,,,layers.1.bias,db,67,-42.870879725854905,-42.426940292347865,-42.648910009101385,0,0.0,0.9,10
bayesfl_observability_v1,ola_sparse_bayesian_keep010_seed42,60,ola,global,,,layers.1.bias,db,68,-42.426940292347865,-41.98300085884082,-42.204970575594345,0,0.0,0.9,10
bayesfl_observability_v1,ola_sparse_bayesian_keep010_seed42,60,ola,global,,,layers.1.bias,db,69,-41.98300085884082,-41.53906142533377,-41.76103114208729,0,0.0,0.9,10
bayesfl_observability_v1,ola_sparse_bayesian_keep010_seed42,60,ola,global,,,layers.1.bias,db,70,-41.53906142533377,-41.09512199182673,-41.31709170858025,0,0.0,0.9,10
bayesfl_observability_v1,ola_sparse_bayesian_keep010_seed42,60,ola,global,,,layers.1.bias,db,71,-41.09512199182673,-40.65118255831968,-40.87315227507321,0,0.0,0.9,10
bayesfl_observability_v1,ola_sparse_bayesian_keep010_seed42,60,ola,global,,,layers.1.bias,db,72,-40.65118255831968,-40.20724312481264,-40.42921284156616,0,0.0,0.9,10
bayesfl_observability_v1,ola_sparse_bayesian_keep010_seed42,60,ola,global,,,layers.1.bias,db,73,-40.20724312481264,-39.763303691305595,-39.985273408059115,0,0.0,0.9,10
bayesfl_observability_v1,ola_sparse_bayesian_keep010_seed42,60,ola,global,,,layers.1.bias,db,74,-39.763303691305595,-39.319364257798554,-39.541333974552074,0,0.0,0.9,10
bayesfl_observability_v1,ola_sparse_bayesian_keep010_seed42,60,ola,global,,,layers.1.bias,db,75,-39.319364257798554,-38.87542482429151,-39.097394541045034,0,0.0,0.9,10
bayesfl_observability_v1,ola_sparse_bayesian_keep010_seed42,60,ola,global,,,layers.1.bias,db,76,-38.87542482429151,-38.43148539078446,-38.65345510753798,0,0.0,0.9,10
bayesfl_observability_v1,ola_sparse_bayesian_keep010_seed42,60,ola,global,,,layers.1.bias,db,77,-38.43148539078446,-37.98754595727742,-38.20951567403094,0,0.0,0.9,10
bayesfl_observability_v1,ola_sparse_bayesian_keep010_seed42,60,ola,global,,,layers.1.bias,db,78,-37.98754595727742,-37.54360652377037,-37.7655762405239,0,0.0,0.9,10
bayesfl_observability_v1,ola_sparse_bayesian_keep010_seed42,60,ola,global,,,layers.1.bias,db,79,-37.54360652377037,-37.09966709026333,-37.32163680701685,1,0.22525595261952353,1.0,10
bayesfl_observability_v1,ola_sparse_bayesian_keep010_seed42,65,ola,global,,,all,raw,0,2.0005701773262004e-08,0.0009820748487457853,0.0004910474272237793,69734,697.732674344209,0.6852117519897809,101770
bayesfl_observability_v1,ola_sparse_bayesian_keep010_seed42,65,ola,global,,,all,raw,1,0.0009820748487457853,0.001964129691789797,0.0014731022702677912,26860,268.7512495036203,0.9491402181389408,101770
bayesfl_observability_v1,ola_sparse_bayesian_keep010_seed42,65,ola,global,,,all,raw,2,0.001964129691789797,0.0029461845348338093,0.002455157113311803,3967,39.692338301595726,0.9881202711997642,101770
bayesfl_observability_v1,ola_sparse_bayesian_keep010_seed42,65,ola,global,,,all,raw,3,0.0029461845348338093,0.003928239377877821,0.003437211956355815,432,4.322432605568278,0.9923651370737938,101770
bayesfl_observability_v1,ola_sparse_bayesian_keep010_seed42,65,ola,global,,,all,raw,4,0.003928239377877821,0.004910294220921833,0.004419266799399827,158,1.5808897029624722,0.9939176574629065,101770
bayesfl_observability_v1,ola_sparse_bayesian_keep010_seed42,65,ola,global,,,all,raw,5,0.004910294220921833,0.0058923490639658455,0.005401321642443839,95,0.9505349479837641,0.9948511349120566,101770
bayesfl_observability_v1,ola_sparse_bayesian_keep010_seed42,65,ola,global,,,all,raw,6,0.0058923490639658455,0.006874403907009857,0.006383376485487851,78,0.780439220449828,0.9956175690282009,101770
bayesfl_observability_v1,ola_sparse_bayesian_keep010_seed42,65,ola,global,,,all,raw,7,0.006874403907009857,0.00785645875005387,0.007365431328531864,67,0.670377279104339,0.9962759162818119,101770
bayesfl_observability_v1,ola_sparse_bayesian_keep010_seed42,65,ola,global,,,all,raw,8,0.00785645875005387,0.008838513593097883,0.008347486171575876,57,0.5703209687902585,0.9968360027513019,101770
bayesfl_observability_v1,ola_sparse_bayesian_keep010_seed42,65,ola,global,,,all,raw,9,0.008838513593097883,0.009820568436141893,0.009329541014619889,39,0.39021961022491436,0.9972192198093741,101770
bayesfl_observability_v1,ola_sparse_bayesian_keep010_seed42,65,ola,global,,,all,raw,10,0.009820568436141893,0.010802623279185906,0.0103115958576639,46,0.46025902744477,0.997671219416331,101770
bayesfl_observability_v1,ola_sparse_bayesian_keep010_seed42,65,ola,global,,,all,raw,11,0.010802623279185906,0.011784678122229919,0.011293650700707912,28,0.2801576688794252,0.9979463496118699,101770
bayesfl_observability_v1,ola_sparse_bayesian_keep010_seed42,65,ola,global,,,all,raw,12,0.011784678122229919,0.01276673296527393,0.012275705543751923,21,0.21011825165956927,0.9981526972585241,101770
bayesfl_observability_v1,ola_sparse_bayesian_keep010_seed42,65,ola,global,,,all,raw,13,0.01276673296527393,0.013748787808317942,0.013257760386795936,17,0.17009572753393673,0.99831974059153,101770
bayesfl_observability_v1,ola_sparse_bayesian_keep010_seed42,65,ola,global,,,all,raw,14,0.013748787808317942,0.014730842651361953,0.014239815229839949,17,0.17009572753393704,0.9984867839245357,101770
bayesfl_observability_v1,ola_sparse_bayesian_keep010_seed42,65,ola,global,,,all,raw,15,0.014730842651361953,0.015712897494405964,0.015221870072883958,12,0.12006757237689673,0.998604696865481,101770
bayesfl_observability_v1,ola_sparse_bayesian_keep010_seed42,65,ola,global,,,all,raw,16,0.015712897494405964,0.016694952337449977,0.01620392491592797,15,0.15008446547112064,0.9987520880416626,101770
bayesfl_observability_v1,ola_sparse_bayesian_keep010_seed42,65,ola,global,,,all,raw,17,0.016694952337449977,0.01767700718049399,0.017185979758971983,20,0.20011262062816088,0.9989486096099047,101770
bayesfl_observability_v1,ola_sparse_bayesian_keep010_seed42,65,ola,global,,,all,raw,18,0.01767700718049399,0.018659062023538,0.018168034602015992,10,0.10005631031408078,0.9990468703940257,101770
bayesfl_observability_v1,ola_sparse_bayesian_keep010_seed42,65,ola,global,,,all,raw,19,0.018659062023538,0.01964111686658201,0.019150089445060005,13,0.13007320340830456,0.9991746094133831,101770
bayesfl_observability_v1,ola_sparse_bayesian_keep010_seed42,65,ola,global,,,all,raw,20,0.01964111686658201,0.020623171709626024,0.020132144288104017,8,0.08004504825126435,0.99925321804068,101770
bayesfl_observability_v1,ola_sparse_bayesian_keep010_seed42,65,ola,global,,,all,raw,21,0.020623171709626024,0.021605226552670036,0.02111419913114803,9,0.0900506792826724,0.9993416527463889,101770
bayesfl_observability_v1,ola_sparse_bayesian_keep010_seed42,65,ola,global,,,all,raw,22,0.021605226552670036,0.02258728139571405,0.022096253974192043,3,0.03001689309422413,0.9993711309816252,101770
bayesfl_observability_v1,ola_sparse_bayesian_keep010_seed42,65,ola,global,,,all,raw,23,0.02258728139571405,0.02356933623875806,0.023078308817236055,8,0.08004504825126435,0.999449739608922,101770
bayesfl_observability_v1,ola_sparse_bayesian_keep010_seed42,65,ola,global,,,all,raw,24,0.02356933623875806,0.02455139108180207,0.024060363660280068,2,0.020011262062816157,0.9994693917657463,101770
bayesfl_observability_v1,ola_sparse_bayesian_keep010_seed42,65,ola,global,,,all,raw,25,0.02455139108180207,0.025533445924846083,0.025042418503324077,1,0.010005631031408044,0.9994792178441584,101770
bayesfl_observability_v1,ola_sparse_bayesian_keep010_seed42,65,ola,global,,,all,raw,26,0.025533445924846083,0.026515500767890096,0.02602447334636809,2,0.020011262062816088,0.9994988700009826,101770
bayesfl_observability_v1,ola_sparse_bayesian_keep010_seed42,65,ola,global,,,all,raw,27,0.026515500767890096,0.02749755561093411,0.027006528189412102,5,0.05002815515704022,0.9995480003930431,101770
bayesfl_observability_v1,ola_sparse_bayesian_keep010_seed42,65,ola,global,,,all,raw,28,0.02749755561093411,0.02847961045397812,0.027988583032456115,5,0.05002815515704022,0.9995971307851037,101770
bayesfl_observability_v1,ola_sparse_bayesian_keep010_seed42,65,ola,global,,,all,raw,29,0.02847961045397812,0.02946166529702213,0.028970637875500124,2,0.020011262062816157,0.9996167829419279,101770
bayesfl_observability_v1,ola_sparse_bayesian_keep010_seed42,65,ola,global,,,all,raw,30,0.02946166529702213,0.030443720140066143,0.029952692718544137,2,0.020011262062816088,0.9996364350987521,101770
bayesfl_observability_v1,ola_sparse_bayesian_keep010_seed42,65,ola,global,,,all,raw,31,0.030443720140066143,0.03142577498311016,0.03093474756158815,4,0.04002252412563203,0.9996757394124005,101770
bayesfl_observability_v1,ola_sparse_bayesian_keep010_seed42,65,ola,global,,,all,raw,32,0.03142577498311016,0.03240782982615417,0.03191680240463217,1,0.010005631031408044,0.9996855654908127,101770
bayesfl_observability_v1,ola_sparse_bayesian_keep010_seed42,65,ola,global,,,all,raw,33,0.03240782982615417,0.033389884669198185,0.032898857247676175,1,0.010005631031408044,0.9996953915692247,101770
bayesfl_observability_v1,ola_sparse_bayesian_keep010_seed42,65,ola,global,,,all,raw,34,0.033389884669198185,0.0343719395122422,0.033880912090720194,0,0.0,0.9996953915692247,101770
bayesfl_observability_v1,ola_sparse_bayesian_keep010_seed42,65,ola,global,,,all,raw,35,0.0343719395122422,0.03535399435528621,0.0348629669337642,3,0.03001689309422413,0.9997248698044611,101770
bayesfl_observability_v1,ola_sparse_bayesian_keep010_seed42,65,ola,global,,,all,raw,36,0.03535399435528621,0.03633604919833022,0.03584502177680822,2,0.020011262062816088,0.9997445219612853,101770
bayesfl_observability_v1,ola_sparse_bayesian_keep010_seed42,65,ola,global,,,all,raw,37,0.03633604919833022,0.03731810404137423,0.036827076619852225,4,0.04002252412563246,0.9997838262749337,101770
bayesfl_observability_v1,ola_sparse_bayesian_keep010_seed42,65,ola,global,,,all,raw,38,0.03731810404137423,0.03830015888441824,0.03780913146289623,2,0.020011262062816088,0.9998034784317579,101770
bayesfl_observability_v1,ola_sparse_bayesian_keep010_seed42,65,ola,global,,,all,raw,39,0.03830015888441824,0.039282213727462253,0.03879118630594025,4,0.040022524125632175,0.9998427827454063,101770
bayesfl_observability_v1,ola_sparse_bayesian_keep010_seed42,65,ola,global,,,all,raw,40,0.039282213727462253,0.040264268570506266,0.039773241148984256,1,0.010005631031408044,0.9998526088238184,101770
bayesfl_observability_v1,ola_sparse_bayesian_keep010_seed42,65,ola,global,,,all,raw,41,0.040264268570506266,0.04124632341355028,0.040755295992028276,1,0.010005631031408044,0.9998624349022305,101770
bayesfl_observability_v1,ola_sparse_bayesian_keep010_seed42,65,ola,global,,,all,raw,42,0.04124632341355028,0.04222837825659429,0.04173735083507228,0,0.0,0.9998624349022305,101770
bayesfl_observability_v1,ola_sparse_bayesian_keep010_seed42,65,ola,global,,,all,raw,43,0.04222837825659429,0.043210433099638304,0.0427194056781163,0,0.0,0.9998624349022305,101770
bayesfl_observability_v1,ola_sparse_bayesian_keep010_seed42,65,ola,global,,,all,raw,44,0.043210433099638304,0.04419248794268232,0.04370146052116031,0,0.0,0.9998624349022305,101770
bayesfl_observability_v1,ola_sparse_bayesian_keep010_seed42,65,ola,global,,,all,raw,45,0.04419248794268232,0.04517454278572633,0.044683515364204326,1,0.010005631031408044,0.9998722609806426,101770
bayesfl_observability_v1,ola_sparse_bayesian_keep010_seed42,65,ola,global,,,all,raw,46,0.04517454278572633,0.04615659762877034,0.04566557020724833,2,0.020011262062816088,0.9998919131374668,101770
bayesfl_observability_v1,ola_sparse_bayesian_keep010_seed42,65,ola,global,,,all,raw,47,0.04615659762877034,0.047138652471814355,0.04664762505029235,1,0.010005631031408044,0.999901739215879,101770
bayesfl_observability_v1,ola_sparse_bayesian_keep010_seed42,65,ola,global,,,all,raw,48,0.047138652471814355,0.04812070731485836,0.04762967989333636,1,0.010005631031408115,0.999911565294291,101770
bayesfl_observability_v1,ola_sparse_bayesian_keep010_seed42,65,ola,global,,,all,raw,49,0.04812070731485836,0.04910276215790237,0.04861173473638036,0,0.0,0.999911565294291,101770
bayesfl_observability_v1,ola_sparse_bayesian_keep010_seed42,65,ola,global,,,all,raw,50,0.04910276215790237,0.050084817000946386,0.04959378957942438,0,0.0,0.999911565294291,101770
bayesfl_observability_v1,ola_sparse_bayesian_keep010_seed42,65,ola,global,,,all,raw,51,0.050084817000946386,0.0510668718439904,0.05057584442246839,1,0.010005631031408044,0.9999213913727032,101770
bayesfl_observability_v1,ola_sparse_bayesian_keep010_seed42,65,ola,global,,,all,raw,52,0.0510668718439904,0.05204892668703441,0.05155789926551241,0,0.0,0.9999213913727032,101770
bayesfl_observability_v1,ola_sparse_bayesian_keep010_seed42,65,ola,global,,,all,raw,53,0.05204892668703441,0.05303098153007842,0.052539954108556414,1,0.010005631031408044,0.9999312174511152,101770
bayesfl_observability_v1,ola_sparse_bayesian_keep010_seed42,65,ola,global,,,all,raw,54,0.05303098153007842,0.054013036373122436,0.05352200895160043,1,0.010005631031408044,0.9999410435295274,101770
bayesfl_observability_v1,ola_sparse_bayesian_keep010_seed42,65,ola,global,,,all,raw,55,0.054013036373122436,0.05499509121616645,0.05450406379464444,0,0.0,0.9999410435295274,101770
bayesfl_observability_v1,ola_sparse_bayesian_keep010_seed42,65,ola,global,,,all,raw,56,0.05499509121616645,0.05597714605921046,0.05548611863768846,1,0.010005631031408044,0.9999508696079394,101770
bayesfl_observability_v1,ola_sparse_bayesian_keep010_seed42,65,ola,global,,,all,raw,57,0.05597714605921046,0.056959200902254474,0.056468173480732464,2,0.020011262062816088,0.9999705217647636,101770
bayesfl_observability_v1,ola_sparse_bayesian_keep010_seed42,65,ola,global,,,all,raw,58,0.056959200902254474,0.05794125574529848,0.05745022832377648,0,0.0,0.9999705217647636,101770
bayesfl_observability_v1,ola_sparse_bayesian_keep010_seed42,65,ola,global,,,all,raw,59,0.05794125574529848,0.05892331058834249,0.05843228316682049,0,0.0,0.9999705217647636,101770
bayesfl_observability_v1,ola_sparse_bayesian_keep010_seed42,65,ola,global,,,all,raw,60,0.05892331058834249,0.059905365431386505,0.059414338009864495,0,0.0,0.9999705217647636,101770
bayesfl_observability_v1,ola_sparse_bayesian_keep010_seed42,65,ola,global,,,all,raw,61,0.059905365431386505,0.06088742027443052,0.060396392852908515,0,0.0,0.9999705217647636,101770
bayesfl_observability_v1,ola_sparse_bayesian_keep010_seed42,65,ola,global,,,all,raw,62,0.06088742027443052,0.06186947511747453,0.06137844769595252,1,0.010005631031408044,0.9999803478431758,101770
bayesfl_observability_v1,ola_sparse_bayesian_keep010_seed42,65,ola,global,,,all,raw,63,0.06186947511747453,0.06285152996051854,0.06236050253899654,0,0.0,0.9999803478431758,101770
bayesfl_observability_v1,ola_sparse_bayesian_keep010_seed42,65,ola,global,,,all,raw,64,0.06285152996051854,0.06383358480356255,0.06334255738204055,1,0.010005631031408115,0.9999901739215878,101770
bayesfl_observability_v1,ola_sparse_bayesian_keep010_seed42,65,ola,global,,,all,raw,65,0.06383358480356255,0.06481563964660657,0.06432461222508457,0,0.0,0.9999901739215878,101770
bayesfl_observability_v1,ola_sparse_bayesian_keep010_seed42,65,ola,global,,,all,raw,66,0.06481563964660657,0.06579769448965057,0.06530666706812857,0,0.0,0.9999901739215878,101770
bayesfl_observability_v1,ola_sparse_bayesian_keep010_seed42,65,ola,global,,,all,raw,67,0.06579769448965057,0.0667797493326946,0.06628872191117258,0,0.0,0.9999901739215878,101770
bayesfl_observability_v1,ola_sparse_bayesian_keep010_seed42,65,ola,global,,,all,raw,68,0.0667797493326946,0.0677618041757386,0.0672707767542166,0,0.0,0.9999901739215878,101770
bayesfl_observability_v1,ola_sparse_bayesian_keep010_seed42,65,ola,global,,,all,raw,69,0.0677618041757386,0.06874385901878262,0.06825283159726062,0,0.0,0.9999901739215878,101770
bayesfl_observability_v1,ola_sparse_bayesian_keep010_seed42,65,ola,global,,,all,raw,70,0.06874385901878262,0.06972591386182662,0.06923488644030462,0,0.0,0.9999901739215878,101770
bayesfl_observability_v1,ola_sparse_bayesian_keep010_seed42,65,ola,global,,,all,raw,71,0.06972591386182662,0.07070796870487064,0.07021694128334863,0,0.0,0.9999901739215878,101770
bayesfl_observability_v1,ola_sparse_bayesian_keep010_seed42,65,ola,global,,,all,raw,72,0.07070796870487064,0.07169002354791465,0.07119899612639265,0,0.0,0.9999901739215878,101770
bayesfl_observability_v1,ola_sparse_bayesian_keep010_seed42,65,ola,global,,,all,raw,73,0.07169002354791465,0.07267207839095867,0.07218105096943667,0,0.0,0.9999901739215878,101770
bayesfl_observability_v1,ola_sparse_bayesian_keep010_seed42,65,ola,global,,,all,raw,74,0.07267207839095867,0.07365413323400267,0.07316310581248067,0,0.0,0.9999901739215878,101770
bayesfl_observability_v1,ola_sparse_bayesian_keep010_seed42,65,ola,global,,,all,raw,75,0.07365413323400267,0.07463618807704668,0.07414516065552468,0,0.0,0.9999901739215878,101770
bayesfl_observability_v1,ola_sparse_bayesian_keep010_seed42,65,ola,global,,,all,raw,76,0.07463618807704668,0.0756182429200907,0.07512721549856868,0,0.0,0.9999901739215878,101770
bayesfl_observability_v1,ola_sparse_bayesian_keep010_seed42,65,ola,global,,,all,raw,77,0.0756182429200907,0.0766002977631347,0.0761092703416127,0,0.0,0.9999901739215878,101770
bayesfl_observability_v1,ola_sparse_bayesian_keep010_seed42,65,ola,global,,,all,raw,78,0.0766002977631347,0.07758235260617873,0.07709132518465672,0,0.0,0.9999901739215878,101770
bayesfl_observability_v1,ola_sparse_bayesian_keep010_seed42,65,ola,global,,,all,raw,79,0.07758235260617873,0.07856440744922273,0.07807338002770073,1,0.010005631031408115,1.0,101770
bayesfl_observability_v1,ola_sparse_bayesian_keep010_seed42,65,ola,global,,,all,db,0,-153.97649003110982,-152.32797744589328,-153.15223373850154,2,1.1921144552032699e-05,1.9652156824211458e-05,101770
bayesfl_observability_v1,ola_sparse_bayesian_keep010_seed42,65,ola,global,,,all,db,1,-152.32797744589328,-150.67946486067672,-151.503721153285,0,0.0,1.9652156824211458e-05,101770
bayesfl_observability_v1,ola_sparse_bayesian_keep010_seed42,65,ola,global,,,all,db,2,-150.67946486067672,-149.03095227546018,-149.85520856806846,2,1.1921144552032699e-05,3.9304313648422916e-05,101770
bayesfl_observability_v1,ola_sparse_bayesian_keep010_seed42,65,ola,global,,,all,db,3,-149.03095227546018,-147.38243969024361,-148.2066959828519,1,5.960572276016247e-06,4.913039206052864e-05,101770
bayesfl_observability_v1,ola_sparse_bayesian_keep010_seed42,65,ola,global,,,all,db,4,-147.38243969024361,-145.73392710502708,-146.55818339763533,0,0.0,4.913039206052864e-05,101770
bayesfl_observability_v1,ola_sparse_bayesian_keep010_seed42,65,ola,global,,,all,db,5,-145.73392710502708,-144.08541451981054,-144.90967081241882,0,0.0,4.913039206052864e-05,101770
bayesfl_observability_v1,ola_sparse_bayesian_keep010_seed42,65,ola,global,,,all,db,6,-144.08541451981054,-142.43690193459398,-143.26115822720226,1,5.960572276016247e-06,5.895647047263437e-05,101770
bayesfl_observability_v1,ola_sparse_bayesian_keep010_seed42,65,ola,global,,,all,db,7,-142.43690193459398,-140.78838934937744,-141.6126456419857,0,0.0,5.895647047263437e-05,101770
bayesfl_observability_v1,ola_sparse_bayesian_keep010_seed42,65,ola,global,,,all,db,8,-140.78838934937744,-139.13987676416087,-139.96413305676916,2,1.1921144552032494e-05,7.860862729684583e-05,101770
bayesfl_observability_v1,ola_sparse_bayesian_keep010_seed42,65,ola,global,,,all,db,9,-139.13987676416087,-137.49136417894434,-138.31562047155262,1,5.960572276016349e-06,8.843470570895156e-05,101770
bayesfl_observability_v1,ola_sparse_bayesian_keep010_seed42,65,ola,global,,,all,db,10,-137.49136417894434,-135.8428515937278,-136.66710788633605,3,1.7881716828049047e-05,0.00011791294094526874,101770
bayesfl_observability_v1,ola_sparse_bayesian_keep010_seed42,65,ola,global,,,all,db,11,-135.8428515937278,-134.19433900851124,-135.01859530111952,1,5.960572276016247e-06,0.00012773901935737446,101770
bayesfl_observability_v1,ola_sparse_bayesian_keep010_seed42,65,ola,global,,,all,db,12,-134.19433900851124,-132.5458264232947,-133.37008271590298,1,5.960572276016349e-06,0.0001375650977694802,101770
bayesfl_observability_v1,ola_sparse_bayesian_keep010_seed42,65,ola,global,,,all,db,13,-132.5458264232947,-130.89731383807816,-131.72157013068642,8,4.7684578208130795e-05,0.00021617372506632602,101770
bayesfl_observability_v1,ola_sparse_bayesian_keep010_seed42,65,ola,global,,,all,db,14,-130.89731383807816,-129.2488012528616,-130.07305754546988,5,2.9802861380081233e-05,0.00026530411712685466,101770
bayesfl_observability_v1,ola_sparse_bayesian_keep010_seed42,65,ola,global,,,all,db,15,-129.2488012528616,-127.60028866764506,-128.42454496025334,3,1.7881716828049047e-05,0.00029478235236317184,101770
bayesfl_observability_v1,ola_sparse_bayesian_keep010_seed42,65,ola,global,,,all,db,16,-127.60028866764506,-125.95177608242851,-126.77603237503678,6,3.576343365609778e-05,0.00035373882283580625,101770
bayesfl_observability_v1,ola_sparse_bayesian_keep010_seed42,65,ola,global,,,all,db,17,-125.95177608242851,-124.30326349721196,-125.12751978982024,15,8.940858414024446e-05,0.0005011299990173921,101770
bayesfl_observability_v1,ola_sparse_bayesian_keep010_seed42,65,ola,global,,,all,db,18,-124.30326349721196,-122.65475091199541,-123.47900720460368,10,5.9605722760162974e-05,0.0005993907831384495,101770
bayesfl_observability_v1,ola_sparse_bayesian_keep010_seed42,65,ola,global,,,all,db,19,-122.65475091199541,-121.00623832677886,-121.83049461938714,9,5.3645150484146674e-05,0.000687825488847401,101770
bayesfl_observability_v1,ola_sparse_bayesian_keep010_seed42,65,ola,global,,,all,db,20,-121.00623832677886,-119.35772574156232,-120.18198203417059,12,7.152686731219619e-05,0.0008057384297926697,101770
bayesfl_observability_v1,ola_sparse_bayesian_keep010_seed42,65,ola,global,,,all,db,21,-119.35772574156232,-117.70921315634577,-118.53346944895404,14,8.344801186422816e-05,0.0009433035275621499,101770
bayesfl_observability_v1,ola_sparse_bayesian_keep010_seed42,65,ola,global,,,all,db,22,-117.70921315634577,-116.06070057112922,-116.8849568637375,20,0.00011921144552032595,0.0011398250958042646,101770
bayesfl_observability_v1,ola_sparse_bayesian_keep010_seed42,65,ola,global,,,all,db,23,-116.06070057112922,-114.41218798591267,-115.23644427852093,25,0.00014901430690040742,0.0013854770561069077,101770
bayesfl_observability_v1,ola_sparse_bayesian_keep010_seed42,65,ola,global,,,all,db,24,-114.41218798591267,-112.76367540069612,-113.5879316933044,29,0.00017285659600447262,0.0016704333300579738,101770
bayesfl_observability_v1,ola_sparse_bayesian_keep010_seed42,65,ola,global,,,all,db,25,-112.76367540069612,-111.11516281547958,-111.93941910808785,45,0.0002682257524207357,0.002112606858602732,101770
bayesfl_observability_v1,ola_sparse_bayesian_keep010_seed42,65,ola,global,,,all,db,26,-111.11516281547958,-109.46665023026303,-110.2909065228713,41,0.0002443834633166682,0.0025154760734990666,101770
bayesfl_observability_v1,ola_sparse_bayesian_keep010_seed42,65,ola,global,,,all,db,27,-109.46665023026303,-107.81813764504648,-108.64239393765476,44,0.0002622651801447171,0.0029478235236317187,101770
bayesfl_observability_v1,ola_sparse_bayesian_keep010_seed42,65,ola,global,,,all,db,28,-107.81813764504648,-106.16962505982994,-106.99388135243821,62,0.00036955548111301367,0.0035570403851822737,101770
bayesfl_observability_v1,ola_sparse_bayesian_keep010_seed42,65,ola,global,,,all,db,29,-106.16962505982994,-104.52111247461337,-105.34536876722166,71,0.0004232006315971535,0.0042546919524417805,101770
bayesfl_observability_v1,ola_sparse_bayesian_keep010_seed42,65,ola,global,,,all,db,30,-104.52111247461337,-102.87259988939684,-103.6968561820051,86,0.000512609215737406,0.005099734695882873,101770
bayesfl_observability_v1,ola_sparse_bayesian_keep010_seed42,65,ola,global,,,all,db,31,-102.87259988939684,-101.22408730418029,-102.04834359678856,112,0.0006675840949138253,0.0062002554780387145,101770
bayesfl_observability_v1,ola_sparse_bayesian_keep010_seed42,65,ola,global,,,all,db,32,-101.22408730418029,-99.57557471896374,-100.39983101157202,129,0.0007689138236061023,0.007467819593200354,101770
bayesfl_observability_v1,ola_sparse_bayesian_keep010_seed42,65,ola,global,,,all,db,33,-99.57557471896374,-97.9270621337472,-98.75131842635547,135,0.0008046772572622072,0.008794340178834627,101770
bayesfl_observability_v1,ola_sparse_bayesian_keep010_seed42,65,ola,global,,,all,db,34,-97.9270621337472,-96.27854954853063,-97.10280584113892,207,0.001233838461135363,0.010828338410140513,101770
bayesfl_observability_v1,ola_sparse_bayesian_keep010_seed42,65,ola,global,,,all,db,35,-96.27854954853063,-94.6300369633141,-95.45429325592237,233,0.0013888133403118094,0.013117814680161148,101770
bayesfl_observability_v1,ola_sparse_bayesian_keep010_seed42,65,ola,global,,,all,db,36,-94.6300369633141,-92.98152437809755,-93.80578067070581,295,0.0017583688214248077,0.016016507811732337,101770
bayesfl_observability_v1,ola_sparse_bayesian_keep010_seed42,65,ola,global,,,all,db,37,-92.98152437809755,-91.333011792881,-92.15726808548928,357,0.0021279243025378184,0.01952441780485408,101770
bayesfl_observability_v1,ola_sparse_bayesian_keep010_seed42,65,ola,global,,,all,db,38,-91.333011792881,-89.68449920766446,-90.50875550027273,389,0.0023186626153703597,0.02334676230716321,101770
bayesfl_observability_v1,ola_sparse_bayesian_keep010_seed42,65,ola,global,,,all,db,39,-89.68449920766446,-88.03598662244791,-88.86024291505618,478,0.00284915354793579,0.02804362778814975,101770
bayesfl_observability_v1,ola_sparse_bayesian_keep010_seed42,65,ola,global,,,all,db,40,-88.03598662244791,-86.38747403723136,-87.21173032983964,571,0.003403486769605306,0.03365431856146212,101770
bayesfl_observability_v1,ola_sparse_bayesian_keep010_seed42,65,ola,global,,,all,db,41,-86.38747403723136,-84.7389614520148,-85.56321774462307,727,0.004333336044663848,0.04079787756706298,101770
bayesfl_observability_v1,ola_sparse_bayesian_keep010_seed42,65,ola,global,,,all,db,42,-84.7389614520148,-83.09044886679825,-83.91470515940654,810,0.004828063543573201,0.048757001080868625,101770
bayesfl_observability_v1,ola_sparse_bayesian_keep010_seed42,65,ola,global,,,all,db,43,-83.09044886679825,-81.44193628158172,-82.26619257418999,1039,0.006193034594780987,0.05896629655104648,101770
bayesfl_observability_v1,ola_sparse_bayesian_keep010_seed42,65,ola,global,,,all,db,44,-81.44193628158172,-79.79342369636517,-80.61767998897344,1283,0.00764741423012891,0.07157315515377813,101770
bayesfl_observability_v1,ola_sparse_bayesian_keep010_seed42,65,ola,global,,,all,db,45,-79.79342369636517,-78.14491111114862,-78.9691674037569,1492,0.008893173835816316,0.08623366414463987,101770
bayesfl_observability_v1,ola_sparse_bayesian_keep010_seed42,65,ola,global,,,all,db,46,-78.14491111114862,-76.49639852593207,-77.32065481854033,1848,0.011015137566078118,0.10439225705021125,101770
bayesfl_observability_v1,ola_sparse_bayesian_keep010_seed42,65,ola,global,,,all,db,47,-76.49639852593207,-74.84788594071551,-75.6721422333238,2292,0.013661631656629354,0.1269136287707576,101770
bayesfl_observability_v1,ola_sparse_bayesian_keep010_seed42,65,ola,global,,,all,db,48,-74.84788594071551,-73.19937335549898,-74.02362964810725,2674,0.01593857026606772,0.1531885624447283,101770
bayesfl_observability_v1,ola_sparse_bayesian_keep010_seed42,65,ola,global,,,all,db,49,-73.19937335549898,-71.55086077028243,-72.3751170628907,3242,0.019324175318844835,0.18504470865677508,101770
bayesfl_observability_v1,ola_sparse_bayesian_keep010_seed42,65,ola,global,,,all,db,50,-71.55086077028243,-69.90234818506588,-70.72660447767416,3896,0.023222389587359494,0.223327110150339,101770
bayesfl_observability_v1,ola_sparse_bayesian_keep010_seed42,65,ola,global,,,all,db,51,-69.90234818506588,-68.25383559984932,-69.07809189245759,4770,0.028431929756597737,0.27019750417608335,101770
bayesfl_observability_v1,ola_sparse_bayesian_keep010_seed42,65,ola,global,,,all,db,52,-68.25383559984932,-66.60532301463279,-67.42957930724106,5764,0.034356738598958235,0.3268350201434607,101770
bayesfl_observability_v1,ola_sparse_bayesian_keep010_seed42,65,ola,global,,,all,db,53,-66.60532301463279,-64.95681042941624,-65.78106672202452,7026,0.0418789808112905,0.3958730470669156,101770
bayesfl_observability_v1,ola_sparse_bayesian_keep010_seed42,65,ola,global,,,all,db,54,-64.95681042941624,-63.308297844199686,-64.13255413680795,8323,0.04960984305328364,0.47765549769087157,101770
bayesfl_observability_v1,ola_sparse_bayesian_keep010_seed42,65,ola,global,,,all,db,55,-63.308297844199686,-61.659785258983135,-62.48404155159141,10094,0.060166016554108505,0.5768399331826668,101770
bayesfl_observability_v1,ola_sparse_bayesian_keep010_seed42,65,ola,global,,,all,db,56,-61.659785258983135,-60.011272673766584,-60.83552896637486,12157,0.07246267715953013,0.6962955684386362,101770
bayesfl_observability_v1,ola_sparse_bayesian_keep010_seed42,65,ola,global,,,all,db,57,-60.011272673766584,-58.36276008855005,-59.187016381158315,11491,0.06849293602370386,0.8092070354721431,101770
bayesfl_observability_v1,ola_sparse_bayesian_keep010_seed42,65,ola,global,,,all,db,58,-58.36276008855005,-56.714247503333496,-57.53850379594177,6710,0.039995439972069356,0.8751400216173725,101770
bayesfl_observability_v1,ola_sparse_bayesian_keep010_seed42,65,ola,global,,,all,db,59,-56.714247503333496,-55.065734918116945,-55.88999121072522,5240,0.031233398726325398,0.9266286724968065,101770
bayesfl_observability_v1,ola_sparse_bayesian_keep010_seed42,65,ola,global,,,all,db,60,-55.065734918116945,-53.417222332900394,-54.24147862550867,3677,0.021917024258911927,0.9627591628181192,101770
bayesfl_observability_v1,ola_sparse_bayesian_keep010_seed42,65,ola,global,,,all,db,61,-53.417222332900394,-51.76870974768386,-52.592966040292126,1962,0.011694642805544078,0.9820379286626707,101770
bayesfl_observability_v1,ola_sparse_bayesian_keep010_seed42,65,ola,global,,,all,db,62,-51.76870974768386,-50.120197162467306,-50.94445345507558,774,0.0046134829416366145,0.9896433133536405,101770
bayesfl_observability_v1,ola_sparse_bayesian_keep010_seed42,65,ola,global,,,all,db,63,-50.120197162467306,-48.471684577250755,-49.29594086985903,243,0.0014484190630719602,0.9920310504077823,101770
bayesfl_observability_v1,ola_sparse_bayesian_keep010_seed42,65,ola,global,,,all,db,64,-48.471684577250755,-46.823171992034204,-47.64742828464248,150,0.0008940858414024447,0.9935049621695982,101770
bayesfl_observability_v1,ola_sparse_bayesian_keep010_seed42,65,ola,global,,,all,db,65,-46.823171992034204,-45.17465940681765,-45.99891569942593,102,0.0006079783721536624,0.9945072221676329,101770
bayesfl_observability_v1,ola_sparse_bayesian_keep010_seed42,65,ola,global,,,all,db,66,-45.17465940681765,-43.52614682160112,-44.350403114209385,99,0.0005900966553256186,0.9954800039304313,101770
bayesfl_observability_v1,ola_sparse_bayesian_keep010_seed42,65,ola,global,,,all,db,67,-43.52614682160112,-41.877634236384566,-42.70189052899284,91,0.0005424120771174831,0.996374177065933,101770
bayesfl_observability_v1,ola_sparse_bayesian_keep010_seed42,65,ola,global,,,all,db,68,-41.877634236384566,-40.229121651168015,-41.05337794377629,82,0.0004887669266333364,0.9971799154957257,101770
bayesfl_observability_v1,ola_sparse_bayesian_keep010_seed42,65,ola,global,,,all,db,69,-40.229121651168015,-38.580609065951464,-39.40486535855974,78,0.0004649246375292712,0.9979463496118699,101770
bayesfl_observability_v1,ola_sparse_bayesian_keep010_seed42,65,ola,global,,,all,db,70,-38.580609065951464,-36.93209648073493,-37.756352773343195,47,0.0002801468969727684,0.9984081752972389,101770
bayesfl_observability_v1,ola_sparse_bayesian_keep010_seed42,65,ola,global,,,all,db,71,-36.93209648073493,-35.283583895518376,-36.10784018812665,43,0.0002563046078687008,0.9988306966689594,101770
bayesfl_observability_v1,ola_sparse_bayesian_keep010_seed42,65,ola,global,,,all,db,72,-35.283583895518376,-33.635071310301825,-34.4593276029101,46,0.0002741863246967497,0.9992826962759163,101770
bayesfl_observability_v1,ola_sparse_bayesian_keep010_seed42,65,ola,global,,,all,db,73,-33.635071310301825,-31.986558725085274,-32.81081501769355,19,0.00011325087324430966,0.9994693917657463,101770
bayesfl_observability_v1,ola_sparse_bayesian_keep010_seed42,65,ola,global,,,all,db,74,-31.986558725085274,-30.338046139868723,-31.162302432477,17,0.00010132972869227706,0.9996364350987521,101770
bayesfl_observability_v1,ola_sparse_bayesian_keep010_seed42,65,ola,global,,,all,db,75,-30.338046139868723,-28.689533554652186,-29.513789847260455,15,8.940858414024524e-05,0.9997838262749337,101770
bayesfl_observability_v1,ola_sparse_bayesian_keep010_seed42,65,ola,global,,,all,db,76,-28.689533554652186,-27.041020969435635,-27.86527726204391,8,4.768457820813038e-05,0.9998624349022305,101770
bayesfl_observability_v1,ola_sparse_bayesian_keep010_seed42,65,ola,global,,,all,db,77,-27.041020969435635,-25.3925083842191,-26.216764676827367,7,4.172400593211444e-05,0.9999312174511152,101770
bayesfl_observability_v1,ola_sparse_bayesian_keep010_seed42,65,ola,global,,,all,db,78,-25.3925083842191,-23.743995799002533,-24.568252091610816,6,3.576343365609748e-05,0.9999901739215878,101770
bayesfl_observability_v1,ola_sparse_bayesian_keep010_seed42,65,ola,global,,,all,db,79,-23.743995799002533,-22.09548321378599,-22.91973950639426,1,5.960572276016323e-06,1.0,101770
bayesfl_observability_v1,ola_sparse_bayesian_keep010_seed42,65,ola,global,,,layers.0.weight,raw,0,2.0005701773262004e-08,6.543220699410513e-05,3.2726106347939195e-05,4648,708.0783610800745,0.04631696428571429,100352
bayesfl_observability_v1,ola_sparse_bayesian_keep010_seed42,65,ola,global,,,layers.0.weight,raw,1,6.543220699410513e-05,0.00013084440828643702,9.813830764027107e-05,4609,702.1370839539723,0.09224529655612244,100352
bayesfl_observability_v1,ola_sparse_bayesian_keep010_seed42,65,ola,global,,,layers.0.weight,raw,2,0.00013084440828643702,0.0001962566095787689,0.00016355050893260297,4690,714.4766595235691,0.13898078762755103,100352
bayesfl_observability_v1,ola_sparse_bayesian_keep010_seed42,65,ola,global,,,layers.0.weight,raw,3,0.0001962566095787689,0.00026166881087110074,0.00022896271022493483,4628,705.0315522974585,0.18509845344387754,100352
bayesfl_observability_v1,ola_sparse_bayesian_keep010_seed42,65,ola,global,,,layers.0.weight,raw,4,0.00026166881087110074,0.0003270810121634326,0.00029437491151726664,4604,701.3753817583184,0.23097696109693877,100352
bayesfl_observability_v1,ola_sparse_bayesian_keep010_seed42,65,ola,global,,,layers.0.weight,raw,5,0.0003270810121634326,0.0003924932134557645,0.00035978711280959855,4671,711.5821911800831,0.277523118622449,100352
bayesfl_observability_v1,ola_sparse_bayesian_keep010_seed42,65,ola,global,,,layers.0.weight,raw,6,0.0003924932134557645,0.00045790541474809637,0.00042519931410193047,4625,704.5745309800658,0.3236108896683674,100352
bayesfl_observability_v1,ola_sparse_bayesian_keep010_seed42,65,ola,global,,,layers.0.weight,raw,7,0.00045790541474809637,0.0005233176160404282,0.0004906115153942623,4707,717.0664469887934,0.37051578443877553,100352
bayesfl_observability_v1,ola_sparse_bayesian_keep010_seed42,65,ola,global,,,layers.0.weight,raw,8,0.0005233176160404282,0.0005887298173327601,0.0005560237166865942,4641,707.0119780061584,0.4167629942602041,100352
bayesfl_observability_v1,ola_sparse_bayesian_keep010_seed42,65,ola,global,,,layers.0.weight,raw,9,0.0005887298173327601,0.000654142018625092,0.000621435917978926,4638,706.554956688767,0.46298030931122447,100352
bayesfl_observability_v1,ola_sparse_bayesian_keep010_seed42,65,ola,global,,,layers.0.weight,raw,10,0.000654142018625092,0.0007195542199174239,0.0006868481192712579,4532,690.4068701408985,0.5081413424744898,100352
bayesfl_observability_v1,ola_sparse_bayesian_keep010_seed42,65,ola,global,,,layers.0.weight,raw,11,0.0007195542199174239,0.0007849664212097558,0.0007522603205635898,4575,696.9575090235239,0.5537308673469388,100352
bayesfl_observability_v1,ola_sparse_bayesian_keep010_seed42,65,ola,global,,,layers.0.weight,raw,12,0.0007849664212097558,0.0008503786225020876,0.0008176725218559217,4582,698.0238920974408,0.5993901466836735,100352
bayesfl_observability_v1,ola_sparse_bayesian_keep010_seed42,65,ola,global,,,layers.0.weight,raw,13,0.0008503786225020876,0.0009157908237944195,0.0008830847231482535,4525,689.3404870669826,0.6444814253826531,100352
bayesfl_observability_v1,ola_sparse_bayesian_keep010_seed42,65,ola,global,,,layers.0.weight,raw,14,0.0009157908237944195,0.0009812030250867514,0.0009484969244405854,4764,725.7498520192498,0.6919543207908163,100352
bayesfl_observability_v1,ola_sparse_bayesian_keep010_seed42,65,ola,global,,,layers.0.weight,raw,15,0.0009812030250867514,0.0010466152263790833,0.0010139091257329175,4388,668.4698469060596,0.7356804049744898,100352
bayesfl_observability_v1,ola_sparse_bayesian_keep010_seed42,65,ola,global,,,layers.0.weight,raw,16,0.0010466152263790833,0.0011120274276714152,0.0010793213270252492,3939,600.0689897363193,0.7749322385204082,100352
bayesfl_observability_v1,ola_sparse_bayesian_keep010_seed42,65,ola,global,,,layers.0.weight,raw,17,0.0011120274276714152,0.0011774396289637471,0.0011447335283175813,3107,473.321744379473,0.8058932557397959,100352
bayesfl_observability_v1,ola_sparse_bayesian_keep010_seed42,65,ola,global,,,layers.0.weight,raw,18,0.0011774396289637471,0.0012428518302560788,0.001210145729609913,2433,370.6442884052982,0.8301379145408163,100352
bayesfl_observability_v1,ola_sparse_bayesian_keep010_seed42,65,ola,global,,,layers.0.weight,raw,19,0.0012428518302560788,0.0013082640315484108,0.0012755579309022447,1909,290.81789830074473,0.8491609534438775,100352
bayesfl_observability_v1,ola_sparse_bayesian_keep010_seed42,65,ola,global,,,layers.0.weight,raw,20,0.0013082640315484108,0.0013736762328407427,0.0013409701321945768,1632,248.61959666150625,0.8654237085459183,100352
bayesfl_observability_v1,ola_sparse_bayesian_keep010_seed42,65,ola,global,,,layers.0.weight,raw,21,0.0013736762328407427,0.0014390884341330746,0.0014063823334869085,1468,223.63576464405097,0.8800522161989796,100352
bayesfl_observability_v1,ola_sparse_bayesian_keep010_seed42,65,ola,global,,,layers.0.weight,raw,22,0.0014390884341330746,0.0015045006354254065,0.0014717945347792406,1319,200.93703921355805,0.893195950255102,100352
bayesfl_observability_v1,ola_sparse_bayesian_keep010_seed42,65,ola,global,,,layers.0.weight,raw,23,0.0015045006354254065,0.0015699128367177384,0.0015372067360715723,1216,185.24597398308308,0.9053132971938775,100352
bayesfl_observability_v1,ola_sparse_bayesian_keep010_seed42,65,ola,global,,,layers.0.weight,raw,24,0.0015699128367177384,0.00163532503801007,0.0016026189373639043,1068,162.69958899172153,0.9159558354591837,100352
bayesfl_observability_v1,ola_sparse_bayesian_keep010_seed42,65,ola,global,,,layers.0.weight,raw,25,0.00163532503801007,0.001700737239302402,0.0016680311386562362,1080,164.52767426129088,0.9267179528061225,100352
bayesfl_observability_v1,ola_sparse_bayesian_keep010_seed42,65,ola,global,,,layers.0.weight,raw,26,0.001700737239302402,0.001766149440594734,0.0017334433399485679,935,142.43831058732127,0.93603515625,100352
bayesfl_observability_v1,ola_sparse_bayesian_keep010_seed42,65,ola,global,,,layers.0.weight,raw,27,0.001766149440594734,0.0018315616418870658,0.0017988555412409,800,121.87235130465992,0.9440070950255102,100352
bayesfl_observability_v1,ola_sparse_bayesian_keep010_seed42,65,ola,global,,,layers.0.weight,raw,28,0.0018315616418870658,0.0018969738431793978,0.0018642677425332317,770,117.30213813073517,0.9516800860969388,100352
bayesfl_observability_v1,ola_sparse_bayesian_keep010_seed42,65,ola,global,,,layers.0.weight,raw,29,0.0018969738431793978,0.0019623860444717292,0.0019296799438255634,653,99.4783067524293,0.9581871811224489,100352
bayesfl_observability_v1,ola_sparse_bayesian_keep010_seed42,65,ola,global,,,layers.0.weight,raw,30,0.0019623860444717292,0.0020277982457640614,0.0019950921451178955,598,91.09958260023298,0.9641462053571429,100352
bayesfl_observability_v1,ola_sparse_bayesian_keep010_seed42,65,ola,global,,,layers.0.weight,raw,31,0.0020277982457640614,0.002093210447056393,0.0020605043464102272,504,76.77958132193599,0.9691685267857143,100352
bayesfl_observability_v1,ola_sparse_bayesian_keep010_seed42,65,ola,global,,,layers.0.weight,raw,32,0.002093210447056393,0.0021586226483487248,0.002125916547702559,453,69.0102189262639,0.9736826371173469,100352
bayesfl_observability_v1,ola_sparse_bayesian_keep010_seed42,65,ola,global,,,layers.0.weight,raw,33,0.0021586226483487248,0.002224034849641057,0.0021913287489948906,393,59.869792578413985,0.9775988520408163,100352
bayesfl_observability_v1,ola_sparse_bayesian_keep010_seed42,65,ola,global,,,layers.0.weight,raw,34,0.002224034849641057,0.0022894470509333886,0.0022567409502872227,339,51.64340886534981,0.9809769610969388,100352
bayesfl_observability_v1,ola_sparse_bayesian_keep010_seed42,65,ola,global,,,layers.0.weight,raw,35,0.0022894470509333886,0.0023548592522257207,0.002322153151579555,289,44.02638690880825,0.9838568239795918,100352
bayesfl_observability_v1,ola_sparse_bayesian_keep010_seed42,65,ola,global,,,layers.0.weight,raw,36,0.0023548592522257207,0.0024202714535180524,0.0023875653528718866,246,37.47574802618305,0.9863081951530612,100352
bayesfl_observability_v1,ola_sparse_bayesian_keep010_seed42,65,ola,global,,,layers.0.weight,raw,37,0.0024202714535180524,0.002485683654810384,0.0024529775541642183,221,33.667237047912415,0.9885104432397959,100352
bayesfl_observability_v1,ola_sparse_bayesian_keep010_seed42,65,ola,global,,,layers.0.weight,raw,38,0.002485683654810384,0.0025510958561027162,0.00251838975545655,165,25.136172456586024,0.9901546556122449,100352
bayesfl_observability_v1,ola_sparse_bayesian_keep010_seed42,65,ola,global,,,layers.0.weight,raw,39,0.0025510958561027162,0.002616508057395048,0.002583801956748882,157,23.917448943539586,0.9917191485969388,100352
bayesfl_observability_v1,ola_sparse_bayesian_keep010_seed42,65,ola,global,,,layers.0.weight,raw,40,0.002616508057395048,0.00268192025868738,0.0026492141580412142,125,19.04255489135305,0.9929647640306123,100352
bayesfl_observability_v1,ola_sparse_bayesian_keep010_seed42,65,ola,global,,,layers.0.weight,raw,41,0.00268192025868738,0.0027473324599797118,0.002714626359333546,109,16.605107865259967,0.9940509406887755,100352
bayesfl_observability_v1,ola_sparse_bayesian_keep010_seed42,65,ola,global,,,layers.0.weight,raw,42,0.0027473324599797118,0.0028127446612720435,0.0027800385606258776,94,14.320001278297587,0.994987643494898,100352
bayesfl_observability_v1,ola_sparse_bayesian_keep010_seed42,65,ola,global,,,layers.0.weight,raw,43,0.0028127446612720435,0.0028781568625643756,0.0028454507619182093,86,13.101277765250897,0.9958446269132653,100352
bayesfl_observability_v1,ola_sparse_bayesian_keep010_seed42,65,ola,global,,,layers.0.weight,raw,44,0.0028781568625643756,0.0029435690638567073,0.0029108629632105414,63,9.597447665241999,0.9964724170918368,100352
bayesfl_observability_v1,ola_sparse_bayesian_keep010_seed42,65,ola,global,,,layers.0.weight,raw,45,0.0029435690638567073,0.0030089812651490394,0.0029762751645028736,57,8.68340503045699,0.9970404177295918,100352
bayesfl_observability_v1,ola_sparse_bayesian_keep010_seed42,65,ola,global,,,layers.0.weight,raw,46,0.0030089812651490394,0.003074393466441371,0.0030416873657952053,50,7.61702195654127,0.9975386639030612,100352
bayesfl_observability_v1,ola_sparse_bayesian_keep010_seed42,65,ola,global,,,layers.0.weight,raw,47,0.003074393466441371,0.0031398056677337033,0.003107099567087537,46,7.007660200017922,0.9979970503826531,100352
bayesfl_observability_v1,ola_sparse_bayesian_keep010_seed42,65,ola,global,,,layers.0.weight,raw,48,0.0031398056677337033,0.003205217869026035,0.003172511768379869,33,5.027234491317238,0.9983258928571429,100352
bayesfl_observability_v1,ola_sparse_bayesian_keep010_seed42,65,ola,global,,,layers.0.weight,raw,49,0.003205217869026035,0.0032706300703183666,0.003237923969672201,30,4.570213173924762,0.9986248405612245,100352
bayesfl_observability_v1,ola_sparse_bayesian_keep010_seed42,65,ola,global,,,layers.0.weight,raw,50,0.0032706300703183666,0.0033360422716106988,0.003303336170964533,21,3.1991492217473123,0.9988341039540817,100352
bayesfl_observability_v1,ola_sparse_bayesian_keep010_seed42,65,ola,global,,,layers.0.weight,raw,51,0.0033360422716106988,0.0034014544729030305,0.0033687483722568646,23,3.503830100008984,0.9990632971938775,100352
bayesfl_observability_v1,ola_sparse_bayesian_keep010_seed42,65,ola,global,,,layers.0.weight,raw,52,0.0034014544729030305,0.0034668666741953626,0.0034341605735491963,8,1.218723513046595,0.9991430165816326,100352
bayesfl_observability_v1,ola_sparse_bayesian_keep010_seed42,65,ola,global,,,layers.0.weight,raw,53,0.0034668666741953626,0.0035322788754876943,0.0034995727748415285,7,1.0663830739157778,0.9992127710459183,100352
bayesfl_observability_v1,ola_sparse_bayesian_keep010_seed42,65,ola,global,,,layers.0.weight,raw,54,0.0035322788754876943,0.003597691076780026,0.00356498497613386,12,1.8280852695699048,0.9993323501275511,100352
bayesfl_observability_v1,ola_sparse_bayesian_keep010_seed42,65,ola,global,,,layers.0.weight,raw,55,0.003597691076780026,0.003663103278072358,0.0036303971774261923,7,1.0663830739157707,0.9994021045918368,100352
bayesfl_observability_v1,ola_sparse_bayesian_keep010_seed42,65,ola,global,,,layers.0.weight,raw,56,0.003663103278072358,0.00372851547936469,0.003695809378718524,8,1.2187235130466032,0.9994818239795918,100352
bayesfl_observability_v1,ola_sparse_bayesian_keep010_seed42,65,ola,global,,,layers.0.weight,raw,57,0.00372851547936469,0.003793927680657022,0.0037612215800108557,7,1.0663830739157707,0.9995515784438775,100352
bayesfl_observability_v1,ola_sparse_bayesian_keep010_seed42,65,ola,global,,,layers.0.weight,raw,58,0.003793927680657022,0.0038593398819493537,0.003826633781303188,5,0.761702195654127,0.9996014030612245,100352
bayesfl_observability_v1,ola_sparse_bayesian_keep010_seed42,65,ola,global,,,layers.0.weight,raw,59,0.0038593398819493537,0.003924752083241685,0.0038920459825955195,4,0.6093617565233016,0.999641262755102,100352
bayesfl_observability_v1,ola_sparse_bayesian_keep010_seed42,65,ola,global,,,layers.0.weight,raw,60,0.003924752083241685,0.003990164284534017,0.003957458183887852,2,0.3046808782616508,0.9996611926020408,100352
bayesfl_observability_v1,ola_sparse_bayesian_keep010_seed42,65,ola,global,,,layers.0.weight,raw,61,0.003990164284534017,0.00405557648582635,0.004022870385180183,5,0.7617021956541169,0.9997110172193877,100352
bayesfl_observability_v1,ola_sparse_bayesian_keep010_seed42,65,ola,global,,,layers.0.weight,raw,62,0.00405557648582635,0.004120988687118681,0.004088282586472515,9,1.3710639521774286,0.9998007015306123,100352
bayesfl_observability_v1,ola_sparse_bayesian_keep010_seed42,65,ola,global,,,layers.0.weight,raw,63,0.004120988687118681,0.004186400888411013,0.004153694787764848,2,0.3046808782616508,0.9998206313775511,100352
bayesfl_observability_v1,ola_sparse_bayesian_keep010_seed42,65,ola,global,,,layers.0.weight,raw,64,0.004186400888411013,0.004251813089703345,0.004219106989057178,4,0.6093617565233016,0.9998604910714286,100352
bayesfl_observability_v1,ola_sparse_bayesian_keep010_seed42,65,ola,global,,,layers.0.weight,raw,65,0.004251813089703345,0.004317225290995676,0.004284519190349511,2,0.3046808782616508,0.9998804209183674,100352
bayesfl_observability_v1,ola_sparse_bayesian_keep010_seed42,65,ola,global,,,layers.0.weight,raw,66,0.004317225290995676,0.004382637492288009,0.004349931391641843,4,0.6093617565232935,0.9999202806122449,100352
bayesfl_observability_v1,ola_sparse_bayesian_keep010_seed42,65,ola,global,,,layers.0.weight,raw,67,0.004382637492288009,0.004448049693580341,0.004415343592934174,2,0.3046808782616508,0.9999402104591837,100352
bayesfl_observability_v1,ola_sparse_bayesian_keep010_seed42,65,ola,global,,,layers.0.weight,raw,68,0.004448049693580341,0.004513461894872672,0.004480755794226507,1,0.1523404391308254,0.9999501753826531,100352
bayesfl_observability_v1,ola_sparse_bayesian_keep010_seed42,65,ola,global,,,layers.0.weight,raw,69,0.004513461894872672,0.004578874096165004,0.004546167995518838,1,0.1523404391308254,0.9999601403061225,100352
bayesfl_observability_v1,ola_sparse_bayesian_keep010_seed42,65,ola,global,,,layers.0.weight,raw,70,0.004578874096165004,0.004644286297457336,0.00461158019681117,0,0.0,0.9999601403061225,100352
bayesfl_observability_v1,ola_sparse_bayesian_keep010_seed42,65,ola,global,,,layers.0.weight,raw,71,0.004644286297457336,0.004709698498749668,0.004676992398103502,1,0.15234043913082337,0.9999701052295918,100352
bayesfl_observability_v1,ola_sparse_bayesian_keep010_seed42,65,ola,global,,,layers.0.weight,raw,72,0.004709698498749668,0.004775110700042,0.004742404599395834,0,0.0,0.9999701052295918,100352
bayesfl_observability_v1,ola_sparse_bayesian_keep010_seed42,65,ola,global,,,layers.0.weight,raw,73,0.004775110700042,0.004840522901334332,0.004807816800688166,1,0.1523404391308254,0.9999800701530612,100352
bayesfl_observability_v1,ola_sparse_bayesian_keep010_seed42,65,ola,global,,,layers.0.weight,raw,74,0.004840522901334332,0.004905935102626663,0.004873229001980497,0,0.0,0.9999800701530612,100352
bayesfl_observability_v1,ola_sparse_bayesian_keep010_seed42,65,ola,global,,,layers.0.weight,raw,75,0.004905935102626663,0.004971347303918995,0.00493864120327283,1,0.1523404391308254,0.9999900350765306,100352
bayesfl_observability_v1,ola_sparse_bayesian_keep010_seed42,65,ola,global,,,layers.0.weight,raw,76,0.004971347303918995,0.005036759505211328,0.005004053404565161,0,0.0,0.9999900350765306,100352
bayesfl_observability_v1,ola_sparse_bayesian_keep010_seed42,65,ola,global,,,layers.0.weight,raw,77,0.005036759505211328,0.005102171706503659,0.005069465605857493,0,0.0,0.9999900350765306,100352
bayesfl_observability_v1,ola_sparse_bayesian_keep010_seed42,65,ola,global,,,layers.0.weight,raw,78,0.005102171706503659,0.005167583907795991,0.005134877807149826,0,0.0,0.9999900350765306,100352
bayesfl_observability_v1,ola_sparse_bayesian_keep010_seed42,65,ola,global,,,layers.0.weight,raw,79,0.005167583907795991,0.005232996109088323,0.0052002900084421565,1,0.1523404391308254,1.0,100352
bayesfl_observability_v1,ola_sparse_bayesian_keep010_seed42,65,ola,global,,,layers.0.weight,db,0,-153.97649003110982,-152.62209630274344,-153.29929316692665,2,1.4714958081513144e-05,1.992984693877551e-05,100352
bayesfl_observability_v1,ola_sparse_bayesian_keep010_seed42,65,ola,global,,,layers.0.weight,db,1,-152.62209630274344,-151.2677025743771,-151.94489943856027,0,0.0,1.992984693877551e-05,100352
bayesfl_observability_v1,ola_sparse_bayesian_keep010_seed42,65,ola,global,,,layers.0.weight,db,2,-151.2677025743771,-149.91330884601072,-150.5905057101939,1,7.357479040756572e-06,2.9894770408163265e-05,100352
bayesfl_observability_v1,ola_sparse_bayesian_keep010_seed42,65,ola,global,,,layers.0.weight,db,3,-149.91330884601072,-148.55891511764435,-149.23611198182755,1,7.357479040756572e-06,3.985969387755102e-05,100352
bayesfl_observability_v1,ola_sparse_bayesian_keep010_seed42,65,ola,global,,,layers.0.weight,db,4,-148.55891511764435,-147.204521389278,-147.88171825346117,1,7.357479040756726e-06,4.982461734693878e-05,100352
bayesfl_observability_v1,ola_sparse_bayesian_keep010_seed42,65,ola,global,,,layers.0.weight,db,5,-147.204521389278,-145.85012766091162,-146.5273245250948,0,0.0,4.982461734693878e-05,100352
bayesfl_observability_v1,ola_sparse_bayesian_keep010_seed42,65,ola,global,,,layers.0.weight,db,6,-145.85012766091162,-144.49573393254525,-145.17293079672845,0,0.0,4.982461734693878e-05,100352
bayesfl_observability_v1,ola_sparse_bayesian_keep010_seed42,65,ola,global,,,layers.0.weight,db,7,-144.49573393254525,-143.1413402041789,-143.81853706836208,0,0.0,4.982461734693878e-05,100352
bayesfl_observability_v1,ola_sparse_bayesian_keep010_seed42,65,ola,global,,,layers.0.weight,db,8,-143.1413402041789,-141.78694647581253,-142.4641433399957,1,7.357479040756572e-06,5.978954081632653e-05,100352
bayesfl_observability_v1,ola_sparse_bayesian_keep010_seed42,65,ola,global,,,layers.0.weight,db,9,-141.78694647581253,-140.43255274744618,-141.10974961162935,0,0.0,5.978954081632653e-05,100352
bayesfl_observability_v1,ola_sparse_bayesian_keep010_seed42,65,ola,global,,,layers.0.weight,db,10,-140.43255274744618,-139.0781590190798,-139.755355883263,2,1.4714958081513144e-05,7.971938775510203e-05,100352
bayesfl_observability_v1,ola_sparse_bayesian_keep010_seed42,65,ola,global,,,layers.0.weight,db,11,-139.0781590190798,-137.72376529071343,-138.4009621548966,1,7.357479040756572e-06,8.96843112244898e-05,100352
bayesfl_observability_v1,ola_sparse_bayesian_keep010_seed42,65,ola,global,,,layers.0.weight,db,12,-137.72376529071343,-136.36937156234708,-137.04656842653026,2,1.4714958081513452e-05,0.0001096141581632653,100352
bayesfl_observability_v1,ola_sparse_bayesian_keep010_seed42,65,ola,global,,,layers.0.weight,db,13,-136.36937156234708,-135.0149778339807,-135.6921746981639,2,1.4714958081513144e-05,0.00012954400510204082,100352
bayesfl_observability_v1,ola_sparse_bayesian_keep010_seed42,65,ola,global,,,layers.0.weight,db,14,-135.0149778339807,-133.66058410561433,-134.3377809697975,0,0.0,0.00012954400510204082,100352
bayesfl_observability_v1,ola_sparse_bayesian_keep010_seed42,65,ola,global,,,layers.0.weight,db,15,-133.66058410561433,-132.306190377248,-132.98338724143116,1,7.357479040756726e-06,0.00013950892857142856,100352
bayesfl_observability_v1,ola_sparse_bayesian_keep010_seed42,65,ola,global,,,layers.0.weight,db,16,-132.306190377248,-130.9517966488816,-131.6289935130648,8,5.8859832326052576e-05,0.0002192283163265306,100352
bayesfl_observability_v1,ola_sparse_bayesian_keep010_seed42,65,ola,global,,,layers.0.weight,db,17,-130.9517966488816,-129.59740292051526,-130.27459978469844,4,2.9429916163026905e-05,0.00025908801020408165,100352
bayesfl_observability_v1,ola_sparse_bayesian_keep010_seed42,65,ola,global,,,layers.0.weight,db,18,-129.59740292051526,-128.2430091921489,-128.92020605633206,2,1.4714958081513144e-05,0.00027901785714285713,100352
bayesfl_observability_v1,ola_sparse_bayesian_keep010_seed42,65,ola,global,,,layers.0.weight,db,19,-128.2430091921489,-126.88861546378251,-127.5658123279657,3,2.2072437122269714e-05,0.0003089126275510204,100352
bayesfl_observability_v1,ola_sparse_bayesian_keep010_seed42,65,ola,global,,,layers.0.weight,db,20,-126.88861546378251,-125.53422173541615,-126.21141859959934,12,8.828974848907979e-05,0.00042849170918367346,100352
bayesfl_observability_v1,ola_sparse_bayesian_keep010_seed42,65,ola,global,,,layers.0.weight,db,21,-125.53422173541615,-124.17982800704979,-124.85702487123297,8,5.885983232605319e-05,0.0005082110969387755,100352
bayesfl_observability_v1,ola_sparse_bayesian_keep010_seed42,65,ola,global,,,layers.0.weight,db,22,-124.17982800704979,-122.82543427868342,-123.5026311428666,8,5.8859832326052576e-05,0.0005879304846938776,100352
bayesfl_observability_v1,ola_sparse_bayesian_keep010_seed42,65,ola,global,,,layers.0.weight,db,23,-122.82543427868342,-121.47104055031706,-122.14823741450024,8,5.885983232605319e-05,0.0006676498724489796,100352
bayesfl_observability_v1,ola_sparse_bayesian_keep010_seed42,65,ola,global,,,layers.0.weight,db,24,-121.47104055031706,-120.1166468219507,-120.79384368613387,7,5.150235328529654e-05,0.0007374043367346938,100352
bayesfl_observability_v1,ola_sparse_bayesian_keep010_seed42,65,ola,global,,,layers.0.weight,db,25,-120.1166468219507,-118.76225309358432,-119.43944995776751,12,8.828974848907886e-05,0.0008569834183673469,100352
bayesfl_observability_v1,ola_sparse_bayesian_keep010_seed42,65,ola,global,,,layers.0.weight,db,26,-118.76225309358432,-117.40785936521797,-118.08505622940115,14,0.00010300470657059417,0.0009964923469387755,100352
bayesfl_observability_v1,ola_sparse_bayesian_keep010_seed42,65,ola,global,,,layers.0.weight,db,27,-117.40785936521797,-116.0534656368516,-116.73066250103479,16,0.00011771966465210515,0.0011559311224489796,100352
bayesfl_observability_v1,ola_sparse_bayesian_keep010_seed42,65,ola,global,,,layers.0.weight,db,28,-116.0534656368516,-114.69907190848524,-115.37626877266842,20,0.00014714958081513298,0.0013552295918367347,100352
bayesfl_observability_v1,ola_sparse_bayesian_keep010_seed42,65,ola,global,,,layers.0.weight,db,29,-114.69907190848524,-113.34467818011888,-114.02187504430205,25,0.00018393697601891624,0.0016043526785714285,100352
bayesfl_observability_v1,ola_sparse_bayesian_keep010_seed42,65,ola,global,,,layers.0.weight,db,30,-113.34467818011888,-111.9902844517525,-112.66748131593569,33,0.00024279680834496687,0.0019331951530612245,100352
bayesfl_observability_v1,ola_sparse_bayesian_keep010_seed42,65,ola,global,,,layers.0.weight,db,31,-111.9902844517525,-110.63589072338614,-111.31308758756933,32,0.00023543932930421277,0.0022520727040816328,100352
bayesfl_observability_v1,ola_sparse_bayesian_keep010_seed42,65,ola,global,,,layers.0.weight,db,32,-110.63589072338614,-109.28149699501978,-109.95869385920295,35,0.0002575117664264827,0.0026008450255102043,100352
bayesfl_observability_v1,ola_sparse_bayesian_keep010_seed42,65,ola,global,,,layers.0.weight,db,33,-109.28149699501978,-107.9271032666534,-108.60430013083659,32,0.0002354393293042103,0.0029197225765306123,100352
bayesfl_observability_v1,ola_sparse_bayesian_keep010_seed42,65,ola,global,,,layers.0.weight,db,34,-107.9271032666534,-106.57270953828704,-107.24990640247023,56,0.00041201882628237233,0.0034777582908163264,100352
bayesfl_observability_v1,ola_sparse_bayesian_keep010_seed42,65,ola,global,,,layers.0.weight,db,35,-106.57270953828704,-105.21831580992068,-105.89551267410386,47,0.0003458015149155625,0.003946109693877551,100352
bayesfl_observability_v1,ola_sparse_bayesian_keep010_seed42,65,ola,global,,,layers.0.weight,db,36,-105.21831580992068,-103.8639220815543,-104.5411189457375,66,0.00048559361668993375,0.004603794642857143,100352
bayesfl_observability_v1,ola_sparse_bayesian_keep010_seed42,65,ola,global,,,layers.0.weight,db,37,-103.8639220815543,-102.50952835318796,-103.18672521737113,82,0.0006033132813420516,0.005420918367346939,100352
bayesfl_observability_v1,ola_sparse_bayesian_keep010_seed42,65,ola,global,,,layers.0.weight,db,38,-102.50952835318796,-101.15513462482159,-101.83233148900477,90,0.0006621731136680915,0.006317761479591837,100352
bayesfl_observability_v1,ola_sparse_bayesian_keep010_seed42,65,ola,global,,,layers.0.weight,db,39,-101.15513462482159,-99.80074089645522,-100.47793776063841,109,0.0008019652154424748,0.007403938137755102,100352
bayesfl_observability_v1,ola_sparse_bayesian_keep010_seed42,65,ola,global,,,layers.0.weight,db,40,-99.80074089645522,-98.44634716808886,-99.12354403227204,110,0.0008093226944832315,0.008500079719387755,100352
bayesfl_observability_v1,ola_sparse_bayesian_keep010_seed42,65,ola,global,,,layers.0.weight,db,41,-98.44634716808886,-97.09195343972249,-97.76915030390568,140,0.0010300470657059202,0.00989516900510204,100352
bayesfl_observability_v1,ola_sparse_bayesian_keep010_seed42,65,ola,global,,,layers.0.weight,db,42,-97.09195343972249,-95.73755971135613,-96.41475657553931,188,0.00138320605966225,0.01176857461734694,100352
bayesfl_observability_v1,ola_sparse_bayesian_keep010_seed42,65,ola,global,,,layers.0.weight,db,43,-95.73755971135613,-94.38316598298977,-95.06036284717294,190,0.0013979210177437634,0.013661910076530613,100352
bayesfl_observability_v1,ola_sparse_bayesian_keep010_seed42,65,ola,global,,,layers.0.weight,db,44,-94.38316598298977,-93.02877225462339,-93.70596911880658,241,0.0017731524488223337,0.016063456632653062,100352
bayesfl_observability_v1,ola_sparse_bayesian_keep010_seed42,65,ola,global,,,layers.0.weight,db,45,-93.02877225462339,-91.67437852625703,-92.35157539044022,296,0.002177813796063968,0.019013073979591837,100352
bayesfl_observability_v1,ola_sparse_bayesian_keep010_seed42,65,ola,global,,,layers.0.weight,db,46,-91.67437852625703,-90.31998479789067,-90.99718166207384,293,0.002155741358941698,0.021932796556122448,100352
bayesfl_observability_v1,ola_sparse_bayesian_keep010_seed42,65,ola,global,,,layers.0.weight,db,47,-90.31998479789067,-88.9655910695243,-89.64278793370748,366,0.0026928373289169054,0.025579958545918366,100352
bayesfl_observability_v1,ola_sparse_bayesian_keep010_seed42,65,ola,global,,,layers.0.weight,db,48,-88.9655910695243,-87.61119734115793,-88.28839420534112,413,0.0030386388438324963,0.02969547193877551,100352
bayesfl_observability_v1,ola_sparse_bayesian_keep010_seed42,65,ola,global,,,layers.0.weight,db,49,-87.61119734115793,-86.25680361279157,-86.93400047697475,488,0.0035904497718892447,0.03455835459183673,100352
bayesfl_observability_v1,ola_sparse_bayesian_keep010_seed42,65,ola,global,,,layers.0.weight,db,50,-86.25680361279157,-84.90240988442521,-85.5796067486084,588,0.004326197675964909,0.04041772959183673,100352
bayesfl_observability_v1,ola_sparse_bayesian_keep010_seed42,65,ola,global,,,layers.0.weight,db,51,-84.90240988442521,-83.54801615605884,-84.22521302024202,643,0.004730859023206475,0.04682517538265306,100352
bayesfl_observability_v1,ola_sparse_bayesian_keep010_seed42,65,ola,global,,,layers.0.weight,db,52,-83.54801615605884,-82.19362242769247,-82.87081929187565,792,0.005827123400279266,0.05471739477040816,100352
bayesfl_observability_v1,ola_sparse_bayesian_keep010_seed42,65,ola,global,,,layers.0.weight,db,53,-82.19362242769247,-80.83922869932611,-81.5164255635093,936,0.006886600382148223,0.0640445631377551,100352
bayesfl_observability_v1,ola_sparse_bayesian_keep010_seed42,65,ola,global,,,layers.0.weight,db,54,-80.83922869932611,-79.48483497095975,-80.16203183514293,1083,0.00796814980113945,0.07483657525510204,100352
bayesfl_observability_v1,ola_sparse_bayesian_keep010_seed42,65,ola,global,,,layers.0.weight,db,55,-79.48483497095975,-78.13044124259338,-78.80763810677657,1258,0.009255708633271768,0.08737244897959184,100352
bayesfl_observability_v1,ola_sparse_bayesian_keep010_seed42,65,ola,global,,,layers.0.weight,db,56,-78.13044124259338,-76.77604751422702,-77.4532443784102,1495,0.010999431165931191,0.10227000956632654,100352
bayesfl_observability_v1,ola_sparse_bayesian_keep010_seed42,65,ola,global,,,layers.0.weight,db,57,-76.77604751422702,-75.42165378586066,-76.09885065004383,1734,0.01275786865667203,0.1195491868622449,100352
bayesfl_observability_v1,ola_sparse_bayesian_keep010_seed42,65,ola,global,,,layers.0.weight,db,58,-75.42165378586066,-74.06726005749428,-74.74445692167747,2055,0.015119619428754755,0.14002710459183673,100352
bayesfl_observability_v1,ola_sparse_bayesian_keep010_seed42,65,ola,global,,,layers.0.weight,db,59,-74.06726005749428,-72.71286632912792,-73.39006319331111,2352,0.017304790703859638,0.16346460459183673,100352
bayesfl_observability_v1,ola_sparse_bayesian_keep010_seed42,65,ola,global,,,layers.0.weight,db,60,-72.71286632912792,-71.35847260076156,-72.03566946494473,2793,0.020549438960833322,0.19129663584183673,100352
bayesfl_observability_v1,ola_sparse_bayesian_keep010_seed42,65,ola,global,,,layers.0.weight,db,61,-71.35847260076156,-70.0040788723952,-70.68127573657839,3190,0.02347035814001371,0.2230847417091837,100352
bayesfl_observability_v1,ola_sparse_bayesian_keep010_seed42,65,ola,global,,,layers.0.weight,db,62,-70.0040788723952,-68.64968514402882,-69.32688200821201,3731,0.02745075430106277,0.2602638711734694,100352
bayesfl_observability_v1,ola_sparse_bayesian_keep010_seed42,65,ola,global,,,layers.0.weight,db,63,-68.64968514402882,-67.29529141566246,-67.97248827984563,4540,0.033402954845035186,0.3055046237244898,100352
bayesfl_observability_v1,ola_sparse_bayesian_keep010_seed42,65,ola,global,,,layers.0.weight,db,64,-67.29529141566246,-65.9408976872961,-66.61809455147929,5143,0.03783951470661145,0.356754225127551,100352
bayesfl_observability_v1,ola_sparse_bayesian_keep010_seed42,65,ola,global,,,layers.0.weight,db,65,-65.9408976872961,-64.58650395892973,-65.26370082311291,6103,0.04490269458573736,0.41757015306122447,100352
bayesfl_observability_v1,ola_sparse_bayesian_keep010_seed42,65,ola,global,,,layers.0.weight,db,66,-64.58650395892973,-63.232110230563364,-63.909307094746545,6961,0.05121541160270703,0.4869359853316326,100352
bayesfl_observability_v1,ola_sparse_bayesian_keep010_seed42,65,ola,global,,,layers.0.weight,db,67,-63.232110230563364,-61.877716502197,-62.554913366380184,8127,0.059794232164229286,0.5679209183673469,100352
bayesfl_observability_v1,ola_sparse_bayesian_keep010_seed42,65,ola,global,,,layers.0.weight,db,68,-61.877716502197,-60.52332277383064,-61.20051963801382,9628,0.07083780820440502,0.6638632015306123,100352
bayesfl_observability_v1,ola_sparse_bayesian_keep010_seed42,65,ola,global,,,layers.0.weight,db,69,-60.52332277383064,-59.16892904546427,-59.846125909647455,10544,0.0775772590057373,0.7689333545918368,100352
bayesfl_observability_v1,ola_sparse_bayesian_keep010_seed42,65,ola,global,,,layers.0.weight,db,70,-59.16892904546427,-57.814535317097906,-58.49173218128109,7437,0.0547175716261072,0.8430424904336735,100352
bayesfl_observability_v1,ola_sparse_bayesian_keep010_seed42,65,ola,global,,,layers.0.weight,db,71,-57.814535317097906,-56.460141588731545,-57.137338452914726,5014,0.03689039991035384,0.8930066167091837,100352
bayesfl_observability_v1,ola_sparse_bayesian_keep010_seed42,65,ola,global,,,layers.0.weight,db,72,-56.460141588731545,-55.10574786036517,-55.78294472454836,4178,0.030739547432280957,0.9346400669642857,100352
bayesfl_observability_v1,ola_sparse_bayesian_keep010_seed42,65,ola,global,,,layers.0.weight,db,73,-55.10574786036517,-53.75135413199881,-54.42855099618199,3175,0.02335999595440236,0.9662786989795918,100352
bayesfl_observability_v1,ola_sparse_bayesian_keep010_seed42,65,ola,global,,,layers.0.weight,db,74,-53.75135413199881,-52.39696040363245,-53.07415726781563,1930,0.014199934548660333,0.9855110012755102,100352
bayesfl_observability_v1,ola_sparse_bayesian_keep010_seed42,65,ola,global,,,layers.0.weight,db,75,-52.39696040363245,-51.04256667526609,-51.71976353944927,935,0.006879242903107467,0.9948282047193877,100352
bayesfl_observability_v1,ola_sparse_bayesian_keep010_seed42,65,ola,global,,,layers.0.weight,db,76,-51.04256667526609,-49.68817294689971,-50.3653698110829,383,0.002817914472609767,0.9986447704081632,100352
bayesfl_observability_v1,ola_sparse_bayesian_keep010_seed42,65,ola,global,,,layers.0.weight,db,77,-49.68817294689971,-48.33377921853335,-49.01097608271653,95,0.0006989605088718817,0.9995914381377551,100352
bayesfl_observability_v1,ola_sparse_bayesian_keep010_seed42,65,ola,global,,,layers.0.weight,db,78,-48.33377921853335,-46.97938549016699,-47.65658235435017,36,0.00026486924546723935,0.9999501753826531,100352
bayesfl_observability_v1,ola_sparse_bayesian_keep010_seed42,65,ola,global,,,layers.0.weight,db,79,-46.97938549016699,-45.62499176180063,-46.30218862598381,5,3.6787395203783245e-05,1.0,100352
bayesfl_observability_v1,ola_sparse_bayesian_keep010_seed42,65,ola,global,,,layers.0.bias,raw,0,5.39879385813963e-06,4.9169112247224925e-05,2.7283953052682278e-05,5,892.4426743430029,0.0390625,128
bayesfl_observability_v1,ola_sparse_bayesian_keep010_seed42,65,ola,global,,,layers.0.bias,raw,1,4.9169112247224925e-05,9.293943063631022e-05,7.105427144176757e-05,4,713.9541394744024,0.0703125,128
bayesfl_observability_v1,ola_sparse_bayesian_keep010_seed42,65,ola,global,,,layers.0.bias,raw,2,9.293943063631022e-05,0.00013670974902539552,0.00011482458983085287,2,356.97706973720113,0.0859375,128
bayesfl_observability_v1,ola_sparse_bayesian_keep010_seed42,65,ola,global,,,layers.0.bias,raw,3,0.00013670974902539552,0.0001804800674144808,0.00015859490821993816,6,1070.931209211604,0.1328125,128
bayesfl_observability_v1,ola_sparse_bayesian_keep010_seed42,65,ola,global,,,layers.0.bias,raw,4,0.0001804800674144808,0.00022425038580356613,0.00020236522660902346,5,892.4426743430022,0.171875,128
bayesfl_observability_v1,ola_sparse_bayesian_keep010_seed42,65,ola,global,,,layers.0.bias,raw,5,0.00022425038580356613,0.0002680207041926514,0.0002461355449981088,6,1070.931209211604,0.21875,128
bayesfl_observability_v1,ola_sparse_bayesian_keep010_seed42,65,ola,global,,,layers.0.bias,raw,6,0.0002680207041926514,0.00031179102258173673,0.00028990586338719407,5,892.4426743430022,0.2578125,128
bayesfl_observability_v1,ola_sparse_bayesian_keep010_seed42,65,ola,global,,,layers.0.bias,raw,7,0.00031179102258173673,0.000355561340970822,0.00033367618177627934,6,1070.931209211604,0.3046875,128
bayesfl_observability_v1,ola_sparse_bayesian_keep010_seed42,65,ola,global,,,layers.0.bias,raw,8,0.000355561340970822,0.0003993316593599073,0.00037744650016536467,3,535.465604605802,0.328125,128
bayesfl_observability_v1,ola_sparse_bayesian_keep010_seed42,65,ola,global,,,layers.0.bias,raw,9,0.0003993316593599073,0.0004431019777489926,0.00042121681855444994,2,356.9770697372009,0.34375,128
bayesfl_observability_v1,ola_sparse_bayesian_keep010_seed42,65,ola,global,,,layers.0.bias,raw,10,0.0004431019777489926,0.0004868722961380779,0.0004649871369435352,4,713.9541394744026,0.375,128
bayesfl_observability_v1,ola_sparse_bayesian_keep010_seed42,65,ola,global,,,layers.0.bias,raw,11,0.0004868722961380779,0.0005306426145271631,0.0005087574553326204,5,892.4426743430045,0.4140625,128
bayesfl_observability_v1,ola_sparse_bayesian_keep010_seed42,65,ola,global,,,layers.0.bias,raw,12,0.0005306426145271631,0.0005744129329162484,0.0005525277737217058,6,1070.9312092116027,0.4609375,128
bayesfl_observability_v1,ola_sparse_bayesian_keep010_seed42,65,ola,global,,,layers.0.bias,raw,13,0.0005744129329162484,0.0006181832513053338,0.0005962980921107911,2,356.9770697372009,0.4765625,128
bayesfl_observability_v1,ola_sparse_bayesian_keep010_seed42,65,ola,global,,,layers.0.bias,raw,14,0.0006181832513053338,0.000661953569694419,0.0006400684104998764,1,178.48853486860088,0.484375,128
bayesfl_observability_v1,ola_sparse_bayesian_keep010_seed42,65,ola,global,,,layers.0.bias,raw,15,0.000661953569694419,0.0007057238880835043,0.0006838387288889616,1,178.48853486860045,0.4921875,128
bayesfl_observability_v1,ola_sparse_bayesian_keep010_seed42,65,ola,global,,,layers.0.bias,raw,16,0.0007057238880835043,0.0007494942064725896,0.000727609047278047,1,178.48853486860045,0.5,128
bayesfl_observability_v1,ola_sparse_bayesian_keep010_seed42,65,ola,global,,,layers.0.bias,raw,17,0.0007494942064725896,0.0007932645248616749,0.0007713793656671322,2,356.97706973720176,0.515625,128
bayesfl_observability_v1,ola_sparse_bayesian_keep010_seed42,65,ola,global,,,layers.0.bias,raw,18,0.0007932645248616749,0.0008370348432507602,0.0008151496840562175,2,356.9770697372009,0.53125,128
bayesfl_observability_v1,ola_sparse_bayesian_keep010_seed42,65,ola,global,,,layers.0.bias,raw,19,0.0008370348432507602,0.0008808051616398455,0.0008589200024453029,4,713.9541394744018,0.5625,128
bayesfl_observability_v1,ola_sparse_bayesian_keep010_seed42,65,ola,global,,,layers.0.bias,raw,20,0.0008808051616398455,0.0009245754800289307,0.0009026903208343882,5,892.4426743430045,0.6015625,128
bayesfl_observability_v1,ola_sparse_bayesian_keep010_seed42,65,ola,global,,,layers.0.bias,raw,21,0.0009245754800289307,0.0009683457984180161,0.0009464606392234734,8,1427.9082789488036,0.6640625,128
bayesfl_observability_v1,ola_sparse_bayesian_keep010_seed42,65,ola,global,,,layers.0.bias,raw,22,0.0009683457984180161,0.0010121161168071013,0.0009902309576125586,3,535.4656046058027,0.6875,128
bayesfl_observability_v1,ola_sparse_bayesian_keep010_seed42,65,ola,global,,,layers.0.bias,raw,23,0.0010121161168071013,0.0010558864351961866,0.001034001276001644,4,713.9541394744018,0.71875,128
bayesfl_observability_v1,ola_sparse_bayesian_keep010_seed42,65,ola,global,,,layers.0.bias,raw,24,0.0010558864351961866,0.001099656753585272,0.0010777715943907293,2,356.9770697372009,0.734375,128
bayesfl_observability_v1,ola_sparse_bayesian_keep010_seed42,65,ola,global,,,layers.0.bias,raw,25,0.001099656753585272,0.0011434270719743573,0.0011215419127798146,2,356.9770697372009,0.75,128
bayesfl_observability_v1,ola_sparse_bayesian_keep010_seed42,65,ola,global,,,layers.0.bias,raw,26,0.0011434270719743573,0.0011871973903634426,0.0011653122311689,2,356.9770697372009,0.765625,128
bayesfl_observability_v1,ola_sparse_bayesian_keep010_seed42,65,ola,global,,,layers.0.bias,raw,27,0.0011871973903634426,0.001230967708752528,0.0012090825495579853,0,0.0,0.765625,128
bayesfl_observability_v1,ola_sparse_bayesian_keep010_seed42,65,ola,global,,,layers.0.bias,raw,28,0.001230967708752528,0.001274738027141613,0.0012528528679470706,1,178.48853486860133,0.7734375,128
bayesfl_observability_v1,ola_sparse_bayesian_keep010_seed42,65,ola,global,,,layers.0.bias,raw,29,0.001274738027141613,0.0013185083455306984,0.0012966231863361557,1,178.48853486860045,0.78125,128
bayesfl_observability_v1,ola_sparse_bayesian_keep010_seed42,65,ola,global,,,layers.0.bias,raw,30,0.0013185083455306984,0.0013622786639197837,0.001340393504725241,5,892.4426743430022,0.8203125,128
bayesfl_observability_v1,ola_sparse_bayesian_keep010_seed42,65,ola,global,,,layers.0.bias,raw,31,0.0013622786639197837,0.001406048982308869,0.0013841638231143264,1,178.48853486860045,0.828125,128
bayesfl_observability_v1,ola_sparse_bayesian_keep010_seed42,65,ola,global,,,layers.0.bias,raw,32,0.001406048982308869,0.0014498193006979544,0.0014279341415034117,2,356.9770697372009,0.84375,128
bayesfl_observability_v1,ola_sparse_bayesian_keep010_seed42,65,ola,global,,,layers.0.bias,raw,33,0.0014498193006979544,0.0014935896190870397,0.001471704459892497,3,535.4656046058013,0.8671875,128
bayesfl_observability_v1,ola_sparse_bayesian_keep010_seed42,65,ola,global,,,layers.0.bias,raw,34,0.0014935896190870397,0.001537359937476125,0.0015154747782815824,0,0.0,0.8671875,128
bayesfl_observability_v1,ola_sparse_bayesian_keep010_seed42,65,ola,global,,,layers.0.bias,raw,35,0.001537359937476125,0.0015811302558652101,0.0015592450966706675,2,356.97706973720267,0.8828125,128
bayesfl_observability_v1,ola_sparse_bayesian_keep010_seed42,65,ola,global,,,layers.0.bias,raw,36,0.0015811302558652101,0.0016249005742542955,0.0016030154150597528,2,356.9770697372009,0.8984375,128
bayesfl_observability_v1,ola_sparse_bayesian_keep010_seed42,65,ola,global,,,layers.0.bias,raw,37,0.0016249005742542955,0.0016686708926433808,0.0016467857334488381,1,178.48853486860045,0.90625,128
bayesfl_observability_v1,ola_sparse_bayesian_keep010_seed42,65,ola,global,,,layers.0.bias,raw,38,0.0016686708926433808,0.0017124412110324661,0.0016905560518379235,0,0.0,0.90625,128
bayesfl_observability_v1,ola_sparse_bayesian_keep010_seed42,65,ola,global,,,layers.0.bias,raw,39,0.0017124412110324661,0.0017562115294215514,0.0017343263702270088,3,535.4656046058013,0.9296875,128
bayesfl_observability_v1,ola_sparse_bayesian_keep010_seed42,65,ola,global,,,layers.0.bias,raw,40,0.0017562115294215514,0.0017999818478106368,0.0017780966886160941,1,178.48853486860045,0.9375,128
bayesfl_observability_v1,ola_sparse_bayesian_keep010_seed42,65,ola,global,,,layers.0.bias,raw,41,0.0017999818478106368,0.0018437521661997219,0.0018218670070051794,0,0.0,0.9375,128
bayesfl_observability_v1,ola_sparse_bayesian_keep010_seed42,65,ola,global,,,layers.0.bias,raw,42,0.0018437521661997219,0.0018875224845888072,0.0018656373253942646,2,356.9770697372009,0.953125,128
bayesfl_observability_v1,ola_sparse_bayesian_keep010_seed42,65,ola,global,,,layers.0.bias,raw,43,0.0018875224845888072,0.0019312928029778925,0.0019094076437833499,0,0.0,0.953125,128
bayesfl_observability_v1,ola_sparse_bayesian_keep010_seed42,65,ola,global,,,layers.0.bias,raw,44,0.0019312928029778925,0.0019750631213669777,0.001953177962172435,2,356.97706973720267,0.96875,128
bayesfl_observability_v1,ola_sparse_bayesian_keep010_seed42,65,ola,global,,,layers.0.bias,raw,45,0.0019750631213669777,0.002018833439756063,0.0019969482805615203,0,0.0,0.96875,128
bayesfl_observability_v1,ola_sparse_bayesian_keep010_seed42,65,ola,global,,,layers.0.bias,raw,46,0.002018833439756063,0.0020626037581451483,0.0020407185989506057,1,178.48853486860045,0.9765625,128
bayesfl_observability_v1,ola_sparse_bayesian_keep010_seed42,65,ola,global,,,layers.0.bias,raw,47,0.0020626037581451483,0.0021063740765342336,0.002084488917339691,1,178.48853486860045,0.984375,128
bayesfl_observability_v1,ola_sparse_bayesian_keep010_seed42,65,ola,global,,,layers.0.bias,raw,48,0.0021063740765342336,0.002150144394923319,0.0021282592357287763,0,0.0,0.984375,128
bayesfl_observability_v1,ola_sparse_bayesian_keep010_seed42,65,ola,global,,,layers.0.bias,raw,49,0.002150144394923319,0.0021939147133124043,0.0021720295541178616,1,178.48853486860045,0.9921875,128
bayesfl_observability_v1,ola_sparse_bayesian_keep010_seed42,65,ola,global,,,layers.0.bias,raw,50,0.0021939147133124043,0.0022376850317014896,0.002215799872506947,0,0.0,0.9921875,128
bayesfl_observability_v1,ola_sparse_bayesian_keep010_seed42,65,ola,global,,,layers.0.bias,raw,51,0.0022376850317014896,0.002281455350090575,0.0022595701908960323,0,0.0,0.9921875,128
bayesfl_observability_v1,ola_sparse_bayesian_keep010_seed42,65,ola,global,,,layers.0.bias,raw,52,0.002281455350090575,0.0023252256684796603,0.0023033405092851176,0,0.0,0.9921875,128
bayesfl_observability_v1,ola_sparse_bayesian_keep010_seed42,65,ola,global,,,layers.0.bias,raw,53,0.0023252256684796603,0.0023689959868687456,0.002347110827674203,0,0.0,0.9921875,128
bayesfl_observability_v1,ola_sparse_bayesian_keep010_seed42,65,ola,global,,,layers.0.bias,raw,54,0.0023689959868687456,0.002412766305257831,0.0023908811460632883,0,0.0,0.9921875,128
bayesfl_observability_v1,ola_sparse_bayesian_keep010_seed42,65,ola,global,,,layers.0.bias,raw,55,0.002412766305257831,0.0024565366236469163,0.0024346514644523736,0,0.0,0.9921875,128
bayesfl_observability_v1,ola_sparse_bayesian_keep010_seed42,65,ola,global,,,layers.0.bias,raw,56,0.0024565366236469163,0.0025003069420360016,0.002478421782841459,0,0.0,0.9921875,128
bayesfl_observability_v1,ola_sparse_bayesian_keep010_seed42,65,ola,global,,,layers.0.bias,raw,57,0.0025003069420360016,0.0025440772604250865,0.0025221921012305443,0,0.0,0.9921875,128
bayesfl_observability_v1,ola_sparse_bayesian_keep010_seed42,65,ola,global,,,layers.0.bias,raw,58,0.0025440772604250865,0.002587847578814172,0.002565962419619629,0,0.0,0.9921875,128
bayesfl_observability_v1,ola_sparse_bayesian_keep010_seed42,65,ola,global,,,layers.0.bias,raw,59,0.002587847578814172,0.002631617897203257,0.0026097327380087145,0,0.0,0.9921875,128
bayesfl_observability_v1,ola_sparse_bayesian_keep010_seed42,65,ola,global,,,layers.0.bias,raw,60,0.002631617897203257,0.0026753882155923425,0.0026535030563978,0,0.0,0.9921875,128
bayesfl_observability_v1,ola_sparse_bayesian_keep010_seed42,65,ola,global,,,layers.0.bias,raw,61,0.0026753882155923425,0.002719158533981428,0.002697273374786885,0,0.0,0.9921875,128
bayesfl_observability_v1,ola_sparse_bayesian_keep010_seed42,65,ola,global,,,layers.0.bias,raw,62,0.002719158533981428,0.002762928852370513,0.0027410436931759705,0,0.0,0.9921875,128
bayesfl_observability_v1,ola_sparse_bayesian_keep010_seed42,65,ola,global,,,layers.0.bias,raw,63,0.002762928852370513,0.0028066991707595985,0.002784814011565056,0,0.0,0.9921875,128
bayesfl_observability_v1,ola_sparse_bayesian_keep010_seed42,65,ola,global,,,layers.0.bias,raw,64,0.0028066991707595985,0.002850469489148684,0.002828584329954141,0,0.0,0.9921875,128
bayesfl_observability_v1,ola_sparse_bayesian_keep010_seed42,65,ola,global,,,layers.0.bias,raw,65,0.002850469489148684,0.002894239807537769,0.0028723546483432265,0,0.0,0.9921875,128
bayesfl_observability_v1,ola_sparse_bayesian_keep010_seed42,65,ola,global,,,layers.0.bias,raw,66,0.002894239807537769,0.0029380101259268545,0.002916124966732312,0,0.0,0.9921875,128
bayesfl_observability_v1,ola_sparse_bayesian_keep010_seed42,65,ola,global,,,layers.0.bias,raw,67,0.0029380101259268545,0.00298178044431594,0.002959895285121397,0,0.0,0.9921875,128
bayesfl_observability_v1,ola_sparse_bayesian_keep010_seed42,65,ola,global,,,layers.0.bias,raw,68,0.00298178044431594,0.003025550762705025,0.0030036656035104825,0,0.0,0.9921875,128
bayesfl_observability_v1,ola_sparse_bayesian_keep010_seed42,65,ola,global,,,layers.0.bias,raw,69,0.003025550762705025,0.0030693210810941104,0.003047435921899568,0,0.0,0.9921875,128
bayesfl_observability_v1,ola_sparse_bayesian_keep010_seed42,65,ola,global,,,layers.0.bias,raw,70,0.0030693210810941104,0.0031130913994831953,0.0030912062402886527,0,0.0,0.9921875,128
bayesfl_observability_v1,ola_sparse_bayesian_keep010_seed42,65,ola,global,,,layers.0.bias,raw,71,0.0031130913994831953,0.0031568617178722807,0.003134976558677738,0,0.0,0.9921875,128
bayesfl_observability_v1,ola_sparse_bayesian_keep010_seed42,65,ola,global,,,layers.0.bias,raw,72,0.0031568617178722807,0.003200632036261366,0.0031787468770668233,0,0.0,0.9921875,128
bayesfl_observability_v1,ola_sparse_bayesian_keep010_seed42,65,ola,global,,,layers.0.bias,raw,73,0.003200632036261366,0.0032444023546504513,0.0032225171954559087,0,0.0,0.9921875,128
bayesfl_observability_v1,ola_sparse_bayesian_keep010_seed42,65,ola,global,,,layers.0.bias,raw,74,0.0032444023546504513,0.0032881726730395367,0.003266287513844994,0,0.0,0.9921875,128
bayesfl_observability_v1,ola_sparse_bayesian_keep010_seed42,65,ola,global,,,layers.0.bias,raw,75,0.0032881726730395367,0.003331942991428622,0.0033100578322340793,0,0.0,0.9921875,128
bayesfl_observability_v1,ola_sparse_bayesian_keep010_seed42,65,ola,global,,,layers.0.bias,raw,76,0.003331942991428622,0.0033757133098177073,0.0033538281506231647,0,0.0,0.9921875,128
bayesfl_observability_v1,ola_sparse_bayesian_keep010_seed42,65,ola,global,,,layers.0.bias,raw,77,0.0033757133098177073,0.0034194836282067926,0.00339759846901225,0,0.0,0.9921875,128
bayesfl_observability_v1,ola_sparse_bayesian_keep010_seed42,65,ola,global,,,layers.0.bias,raw,78,0.0034194836282067926,0.003463253946595878,0.0034413687874013353,0,0.0,0.9921875,128
bayesfl_observability_v1,ola_sparse_bayesian_keep010_seed42,65,ola,global,,,layers.0.bias,raw,79,0.003463253946595878,0.0035070242649849633,0.0034851391057904206,1,178.48853486860045,1.0,128
bayesfl_observability_v1,ola_sparse_bayesian_keep010_seed42,65,ola,global,,,layers.0.bias,db,0,-105.35406348825099,-104.65090300192662,-105.0024832450888,1,0.011110550367865998,0.0078125,128
bayesfl_observability_v1,ola_sparse_bayesian_keep010_seed42,65,ola,global,,,layers.0.bias,db,1,-104.65090300192662,-103.94774251560226,-104.29932275876445,0,0.0,0.0078125,128
bayesfl_observability_v1,ola_sparse_bayesian_keep010_seed42,65,ola,global,,,layers.0.bias,db,2,-103.94774251560226,-103.24458202927791,-103.59616227244008,0,0.0,0.0078125,128
bayesfl_observability_v1,ola_sparse_bayesian_keep010_seed42,65,ola,global,,,layers.0.bias,db,3,-103.24458202927791,-102.54142154295354,-102.89300178611572,0,0.0,0.0078125,128
bayesfl_observability_v1,ola_sparse_bayesian_keep010_seed42,65,ola,global,,,layers.0.bias,db,4,-102.54142154295354,-101.83826105662918,-102.18984129979137,1,0.011110550367865998,0.015625,128
bayesfl_observability_v1,ola_sparse_bayesian_keep010_seed42,65,ola,global,,,layers.0.bias,db,5,-101.83826105662918,-101.13510057030481,-101.48668081346699,0,0.0,0.015625,128
bayesfl_observability_v1,ola_sparse_bayesian_keep010_seed42,65,ola,global,,,layers.0.bias,db,6,-101.13510057030481,-100.43194008398045,-100.78352032714264,0,0.0,0.015625,128
bayesfl_observability_v1,ola_sparse_bayesian_keep010_seed42,65,ola,global,,,layers.0.bias,db,7,-100.43194008398045,-99.72877959765609,-100.08035984081826,0,0.0,0.015625,128
bayesfl_observability_v1,ola_sparse_bayesian_keep010_seed42,65,ola,global,,,layers.0.bias,db,8,-99.72877959765609,-99.02561911133174,-99.37719935449391,0,0.0,0.015625,128
bayesfl_observability_v1,ola_sparse_bayesian_keep010_seed42,65,ola,global,,,layers.0.bias,db,9,-99.02561911133174,-98.32245862500737,-98.67403886816956,0,0.0,0.015625,128
bayesfl_observability_v1,ola_sparse_bayesian_keep010_seed42,65,ola,global,,,layers.0.bias,db,10,-98.32245862500737,-97.619298138683,-97.97087838184518,0,0.0,0.015625,128
bayesfl_observability_v1,ola_sparse_bayesian_keep010_seed42,65,ola,global,,,layers.0.bias,db,11,-97.619298138683,-96.91613765235864,-97.26771789552083,0,0.0,0.015625,128
bayesfl_observability_v1,ola_sparse_bayesian_keep010_seed42,65,ola,global,,,layers.0.bias,db,12,-96.91613765235864,-96.21297716603428,-96.56455740919645,0,0.0,0.015625,128
bayesfl_observability_v1,ola_sparse_bayesian_keep010_seed42,65,ola,global,,,layers.0.bias,db,13,-96.21297716603428,-95.50981667970993,-95.8613969228721,0,0.0,0.015625,128
bayesfl_observability_v1,ola_sparse_bayesian_keep010_seed42,65,ola,global,,,layers.0.bias,db,14,-95.50981667970993,-94.80665619338556,-95.15823643654775,0,0.0,0.015625,128
bayesfl_observability_v1,ola_sparse_bayesian_keep010_seed42,65,ola,global,,,layers.0.bias,db,15,-94.80665619338556,-94.1034957070612,-94.45507595022337,1,0.011110550367865998,0.0234375,128
bayesfl_observability_v1,ola_sparse_bayesian_keep010_seed42,65,ola,global,,,layers.0.bias,db,16,-94.1034957070612,-93.40033522073684,-93.75191546389902,0,0.0,0.0234375,128
bayesfl_observability_v1,ola_sparse_bayesian_keep010_seed42,65,ola,global,,,layers.0.bias,db,17,-93.40033522073684,-92.69717473441247,-93.04875497757465,0,0.0,0.0234375,128
bayesfl_observability_v1,ola_sparse_bayesian_keep010_seed42,65,ola,global,,,layers.0.bias,db,18,-92.69717473441247,-91.9940142480881,-92.3455944912503,0,0.0,0.0234375,128
bayesfl_observability_v1,ola_sparse_bayesian_keep010_seed42,65,ola,global,,,layers.0.bias,db,19,-91.9940142480881,-91.29085376176376,-91.64243400492593,0,0.0,0.0234375,128
bayesfl_observability_v1,ola_sparse_bayesian_keep010_seed42,65,ola,global,,,layers.0.bias,db,20,-91.29085376176376,-90.58769327543939,-90.93927351860157,1,0.011110550367865998,0.03125,128
bayesfl_observability_v1,ola_sparse_bayesian_keep010_seed42,65,ola,global,,,layers.0.bias,db,21,-90.58769327543939,-89.88453278911503,-90.23611303227722,0,0.0,0.03125,128
bayesfl_observability_v1,ola_sparse_bayesian_keep010_seed42,65,ola,global,,,layers.0.bias,db,22,-89.88453278911503,-89.18137230279066,-89.53295254595284,0,0.0,0.03125,128
bayesfl_observability_v1,ola_sparse_bayesian_keep010_seed42,65,ola,global,,,layers.0.bias,db,23,-89.18137230279066,-88.4782118164663,-88.82979205962849,0,0.0,0.03125,128
bayesfl_observability_v1,ola_sparse_bayesian_keep010_seed42,65,ola,global,,,layers.0.bias,db,24,-88.4782118164663,-87.77505133014193,-88.12663157330411,0,0.0,0.03125,128
bayesfl_observability_v1,ola_sparse_bayesian_keep010_seed42,65,ola,global,,,layers.0.bias,db,25,-87.77505133014193,-87.07189084381758,-87.42347108697976,0,0.0,0.03125,128
bayesfl_observability_v1,ola_sparse_bayesian_keep010_seed42,65,ola,global,,,layers.0.bias,db,26,-87.07189084381758,-86.36873035749322,-86.72031060065541,1,0.011110550367865998,0.0390625,128
bayesfl_observability_v1,ola_sparse_bayesian_keep010_seed42,65,ola,global,,,layers.0.bias,db,27,-86.36873035749322,-85.66556987116886,-86.01715011433103,1,0.011110550367865998,0.046875,128
bayesfl_observability_v1,ola_sparse_bayesian_keep010_seed42,65,ola,global,,,layers.0.bias,db,28,-85.66556987116886,-84.96240938484449,-85.31398962800668,0,0.0,0.046875,128
bayesfl_observability_v1,ola_sparse_bayesian_keep010_seed42,65,ola,global,,,layers.0.bias,db,29,-84.96240938484449,-84.25924889852013,-84.6108291416823,0,0.0,0.046875,128
bayesfl_observability_v1,ola_sparse_bayesian_keep010_seed42,65,ola,global,,,layers.0.bias,db,30,-84.25924889852013,-83.55608841219578,-83.90766865535795,1,0.011110550367866222,0.0546875,128
bayesfl_observability_v1,ola_sparse_bayesian_keep010_seed42,65,ola,global,,,layers.0.bias,db,31,-83.55608841219578,-82.85292792587141,-83.2045081690336,0,0.0,0.0546875,128
bayesfl_observability_v1,ola_sparse_bayesian_keep010_seed42,65,ola,global,,,layers.0.bias,db,32,-82.85292792587141,-82.14976743954705,-82.50134768270922,0,0.0,0.0546875,128
bayesfl_observability_v1,ola_sparse_bayesian_keep010_seed42,65,ola,global,,,layers.0.bias,db,33,-82.14976743954705,-81.44660695322268,-81.79818719638487,0,0.0,0.0546875,128
bayesfl_observability_v1,ola_sparse_bayesian_keep010_seed42,65,ola,global,,,layers.0.bias,db,34,-81.44660695322268,-80.74344646689832,-81.0950267100605,2,0.022221100735731997,0.0703125,128
bayesfl_observability_v1,ola_sparse_bayesian_keep010_seed42,65,ola,global,,,layers.0.bias,db,35,-80.74344646689832,-80.04028598057397,-80.39186622373614,0,0.0,0.0703125,128
bayesfl_observability_v1,ola_sparse_bayesian_keep010_seed42,65,ola,global,,,layers.0.bias,db,36,-80.04028598057397,-79.3371254942496,-79.6887057374118,2,0.022221100735731997,0.0859375,128
bayesfl_observability_v1,ola_sparse_bayesian_keep010_seed42,65,ola,global,,,layers.0.bias,db,37,-79.3371254942496,-78.63396500792524,-78.98554525108742,0,0.0,0.0859375,128
bayesfl_observability_v1,ola_sparse_bayesian_keep010_seed42,65,ola,global,,,layers.0.bias,db,38,-78.63396500792524,-77.93080452160088,-78.28238476476307,0,0.0,0.0859375,128
bayesfl_observability_v1,ola_sparse_bayesian_keep010_seed42,65,ola,global,,,layers.0.bias,db,39,-77.93080452160088,-77.22764403527651,-77.57922427843869,0,0.0,0.0859375,128
bayesfl_observability_v1,ola_sparse_bayesian_keep010_seed42,65,ola,global,,,layers.0.bias,db,40,-77.22764403527651,-76.52448354895215,-76.87606379211434,3,0.033331651103597995,0.109375,128
bayesfl_observability_v1,ola_sparse_bayesian_keep010_seed42,65,ola,global,,,layers.0.bias,db,41,-76.52448354895215,-75.82132306262778,-76.17290330578996,2,0.022221100735731997,0.125,128
bayesfl_observability_v1,ola_sparse_bayesian_keep010_seed42,65,ola,global,,,layers.0.bias,db,42,-75.82132306262778,-75.11816257630343,-75.46974281946561,0,0.0,0.125,128
bayesfl_observability_v1,ola_sparse_bayesian_keep010_seed42,65,ola,global,,,layers.0.bias,db,43,-75.11816257630343,-74.41500208997907,-74.76658233314126,1,0.011110550367865998,0.1328125,128
bayesfl_observability_v1,ola_sparse_bayesian_keep010_seed42,65,ola,global,,,layers.0.bias,db,44,-74.41500208997907,-73.7118416036547,-74.06342184681688,3,0.033331651103597995,0.15625,128
bayesfl_observability_v1,ola_sparse_bayesian_keep010_seed42,65,ola,global,,,layers.0.bias,db,45,-73.7118416036547,-73.00868111733035,-73.36026136049253,2,0.022221100735732444,0.171875,128
bayesfl_observability_v1,ola_sparse_bayesian_keep010_seed42,65,ola,global,,,layers.0.bias,db,46,-73.00868111733035,-72.30552063100598,-72.65710087416817,5,0.05555275183932887,0.2109375,128
bayesfl_observability_v1,ola_sparse_bayesian_keep010_seed42,65,ola,global,,,layers.0.bias,db,47,-72.30552063100598,-71.60236014468163,-71.9539403878438,1,0.011110550367866222,0.21875,128
bayesfl_observability_v1,ola_sparse_bayesian_keep010_seed42,65,ola,global,,,layers.0.bias,db,48,-71.60236014468163,-70.89919965835726,-71.25077990151945,1,0.011110550367865998,0.2265625,128
bayesfl_observability_v1,ola_sparse_bayesian_keep010_seed42,65,ola,global,,,layers.0.bias,db,49,-70.89919965835726,-70.1960391720329,-70.54761941519507,4,0.04444220147146399,0.2578125,128
bayesfl_observability_v1,ola_sparse_bayesian_keep010_seed42,65,ola,global,,,layers.0.bias,db,50,-70.1960391720329,-69.49287868570853,-69.84445892887072,2,0.022221100735731997,0.2734375,128
bayesfl_observability_v1,ola_sparse_bayesian_keep010_seed42,65,ola,global,,,layers.0.bias,db,51,-69.49287868570853,-68.78971819938417,-69.14129844254634,4,0.04444220147146399,0.3046875,128
bayesfl_observability_v1,ola_sparse_bayesian_keep010_seed42,65,ola,global,,,layers.0.bias,db,52,-68.78971819938417,-68.08655771305982,-68.438137956222,3,0.03333165110359867,0.328125,128
bayesfl_observability_v1,ola_sparse_bayesian_keep010_seed42,65,ola,global,,,layers.0.bias,db,53,-68.08655771305982,-67.38339722673544,-67.73497746989763,2,0.022221100735731546,0.34375,128
bayesfl_observability_v1,ola_sparse_bayesian_keep010_seed42,65,ola,global,,,layers.0.bias,db,54,-67.38339722673544,-66.68023674041109,-67.03181698357326,1,0.011110550367866222,0.3515625,128
bayesfl_observability_v1,ola_sparse_bayesian_keep010_seed42,65,ola,global,,,layers.0.bias,db,55,-66.68023674041109,-65.97707625408673,-66.32865649724891,4,0.04444220147146399,0.3828125,128
bayesfl_observability_v1,ola_sparse_bayesian_keep010_seed42,65,ola,global,,,layers.0.bias,db,56,-65.97707625408673,-65.27391576776236,-65.62549601092454,7,0.07777385257506199,0.4375,128
bayesfl_observability_v1,ola_sparse_bayesian_keep010_seed42,65,ola,global,,,layers.0.bias,db,57,-65.27391576776236,-64.57075528143801,-64.92233552460019,3,0.03333165110359867,0.4609375,128
bayesfl_observability_v1,ola_sparse_bayesian_keep010_seed42,65,ola,global,,,layers.0.bias,db,58,-64.57075528143801,-63.86759479511364,-64.21917503827582,3,0.033331651103597655,0.484375,128
bayesfl_observability_v1,ola_sparse_bayesian_keep010_seed42,65,ola,global,,,layers.0.bias,db,59,-63.86759479511364,-63.16443430878928,-63.51601455195146,0,0.0,0.484375,128
bayesfl_observability_v1,ola_sparse_bayesian_keep010_seed42,65,ola,global,,,layers.0.bias,db,60,-63.16443430878928,-62.46127382246492,-62.8128540656271,3,0.033331651103597995,0.5078125,128
bayesfl_observability_v1,ola_sparse_bayesian_keep010_seed42,65,ola,global,,,layers.0.bias,db,61,-62.46127382246492,-61.75811333614055,-62.109693579302736,2,0.022221100735731997,0.5234375,128
bayesfl_observability_v1,ola_sparse_bayesian_keep010_seed42,65,ola,global,,,layers.0.bias,db,62,-61.75811333614055,-61.054952849816196,-61.40653309297838,5,0.05555275183933055,0.5625,128
bayesfl_observability_v1,ola_sparse_bayesian_keep010_seed42,65,ola,global,,,layers.0.bias,db,63,-61.054952849816196,-60.35179236349183,-60.703372606654014,13,0.14443715478225796,0.6640625,128
bayesfl_observability_v1,ola_sparse_bayesian_keep010_seed42,65,ola,global,,,layers.0.bias,db,64,-60.35179236349183,-59.64863187716747,-60.00021212032965,5,0.055552751839329985,0.703125,128
bayesfl_observability_v1,ola_sparse_bayesian_keep010_seed42,65,ola,global,,,layers.0.bias,db,65,-59.64863187716747,-58.94547139084311,-59.297051634005285,5,0.05555275183933055,0.7421875,128
bayesfl_observability_v1,ola_sparse_bayesian_keep010_seed42,65,ola,global,,,layers.0.bias,db,66,-58.94547139084311,-58.242310904518746,-58.59389114768093,3,0.033331651103597995,0.765625,128
bayesfl_observability_v1,ola_sparse_bayesian_keep010_seed42,65,ola,global,,,layers.0.bias,db,67,-58.242310904518746,-57.53915041819438,-57.890730661356564,3,0.033331651103597995,0.7890625,128
bayesfl_observability_v1,ola_sparse_bayesian_keep010_seed42,65,ola,global,,,layers.0.bias,db,68,-57.53915041819438,-56.835989931870024,-57.18757017503221,5,0.05555275183933055,0.828125,128
bayesfl_observability_v1,ola_sparse_bayesian_keep010_seed42,65,ola,global,,,layers.0.bias,db,69,-56.835989931870024,-56.13282944554566,-56.48440968870784,5,0.055552751839329985,0.8671875,128
bayesfl_observability_v1,ola_sparse_bayesian_keep010_seed42,65,ola,global,,,layers.0.bias,db,70,-56.13282944554566,-55.4296689592213,-55.78124920238348,5,0.05555275183933055,0.90625,128
bayesfl_observability_v1,ola_sparse_bayesian_keep010_seed42,65,ola,global,,,layers.0.bias,db,71,-55.4296689592213,-54.72650847289694,-55.07808871605912,4,0.04444220147146399,0.9375,128
bayesfl_observability_v1,ola_sparse_bayesian_keep010_seed42,65,ola,global,,,layers.0.bias,db,72,-54.72650847289694,-54.023347986572574,-54.374928229734756,4,0.04444220147146399,0.96875,128
bayesfl_observability_v1,ola_sparse_bayesian_keep010_seed42,65,ola,global,,,layers.0.bias,db,73,-54.023347986572574,-53.32018750024822,-53.6717677434104,2,0.02222110073573222,0.984375,128
bayesfl_observability_v1,ola_sparse_bayesian_keep010_seed42,65,ola,global,,,layers.0.bias,db,74,-53.32018750024822,-52.61702701392385,-52.968607257086035,1,0.011110550367865998,0.9921875,128
bayesfl_observability_v1,ola_sparse_bayesian_keep010_seed42,65,ola,global,,,layers.0.bias,db,75,-52.61702701392385,-51.91386652759949,-52.26544677076167,0,0.0,0.9921875,128
bayesfl_observability_v1,ola_sparse_bayesian_keep010_seed42,65,ola,global,,,layers.0.bias,db,76,-51.91386652759949,-51.21070604127513,-51.562286284437306,0,0.0,0.9921875,128
bayesfl_observability_v1,ola_sparse_bayesian_keep010_seed42,65,ola,global,,,layers.0.bias,db,77,-51.21070604127513,-50.50754555495077,-50.85912579811295,0,0.0,0.9921875,128
bayesfl_observability_v1,ola_sparse_bayesian_keep010_seed42,65,ola,global,,,layers.0.bias,db,78,-50.50754555495077,-49.8043850686264,-50.155965311788584,0,0.0,0.9921875,128
bayesfl_observability_v1,ola_sparse_bayesian_keep010_seed42,65,ola,global,,,layers.0.bias,db,79,-49.8043850686264,-49.101224582302045,-49.45280482546423,1,0.01111055036786611,1.0,128
bayesfl_observability_v1,ola_sparse_bayesian_keep010_seed42,65,ola,global,,,layers.1.weight,raw,0,1.42532775204459e-05,0.0009961302046667246,0.0005051917410935853,141,112.18946790017512,0.11015625,1280
bayesfl_observability_v1,ola_sparse_bayesian_keep010_seed42,65,ola,global,,,layers.1.weight,raw,1,0.0009961302046667246,0.001978007131813003,0.0014870686682398639,150,119.35049776614373,0.22734375,1280
bayesfl_observability_v1,ola_sparse_bayesian_keep010_seed42,65,ola,global,,,layers.1.weight,raw,2,0.001978007131813003,0.0029598840589592818,0.0024689455953861425,139,110.59812792995986,0.3359375,1280
bayesfl_observability_v1,ola_sparse_bayesian_keep010_seed42,65,ola,global,,,layers.1.weight,raw,3,0.0029598840589592818,0.00394176098610556,0.003450822522532421,114,90.70637830226929,0.425,1280
bayesfl_observability_v1,ola_sparse_bayesian_keep010_seed42,65,ola,global,,,layers.1.weight,raw,4,0.00394176098610556,0.0049236379132518385,0.004432699449678699,122,97.07173818313024,0.5203125,1280
bayesfl_observability_v1,ola_sparse_bayesian_keep010_seed42,65,ola,global,,,layers.1.weight,raw,5,0.0049236379132518385,0.005905514840398117,0.005414576376824978,92,73.2016386299015,0.5921875,1280
bayesfl_observability_v1,ola_sparse_bayesian_keep010_seed42,65,ola,global,,,layers.1.weight,raw,6,0.005905514840398117,0.006887391767544396,0.006396453303971256,77,61.26658885328712,0.65234375,1280
bayesfl_observability_v1,ola_sparse_bayesian_keep010_seed42,65,ola,global,,,layers.1.weight,raw,7,0.006887391767544396,0.007869268694690675,0.0073783302311175355,67,53.309889002210824,0.7046875,1280
bayesfl_observability_v1,ola_sparse_bayesian_keep010_seed42,65,ola,global,,,layers.1.weight,raw,8,0.007869268694690675,0.008851145621836955,0.008360207158263815,57,45.35318915113458,0.74921875,1280
bayesfl_observability_v1,ola_sparse_bayesian_keep010_seed42,65,ola,global,,,layers.1.weight,raw,9,0.008851145621836955,0.009833022548983232,0.009342084085410093,39,31.0311294191974,0.7796875,1280
bayesfl_observability_v1,ola_sparse_bayesian_keep010_seed42,65,ola,global,,,layers.1.weight,raw,10,0.009833022548983232,0.01081489947612951,0.010323961012556372,46,36.600819314950776,0.815625,1280
bayesfl_observability_v1,ola_sparse_bayesian_keep010_seed42,65,ola,global,,,layers.1.weight,raw,11,0.01081489947612951,0.01179677640327579,0.01130583793970265,28,22.27875958301348,0.8375,1280
bayesfl_observability_v1,ola_sparse_bayesian_keep010_seed42,65,ola,global,,,layers.1.weight,raw,12,0.01179677640327579,0.012778653330422069,0.01228771486684893,22,17.504739672367734,0.8546875,1280
bayesfl_observability_v1,ola_sparse_bayesian_keep010_seed42,65,ola,global,,,layers.1.weight,raw,13,0.012778653330422069,0.013760530257568347,0.013269591793995207,15,11.935049776614385,0.86640625,1280
bayesfl_observability_v1,ola_sparse_bayesian_keep010_seed42,65,ola,global,,,layers.1.weight,raw,14,0.013760530257568347,0.014742407184714625,0.014251468721141487,18,14.32205973193726,0.88046875,1280
bayesfl_observability_v1,ola_sparse_bayesian_keep010_seed42,65,ola,global,,,layers.1.weight,raw,15,0.014742407184714625,0.015724284111860904,0.015233345648287764,11,8.752369836183867,0.8890625,1280
bayesfl_observability_v1,ola_sparse_bayesian_keep010_seed42,65,ola,global,,,layers.1.weight,raw,16,0.015724284111860904,0.016706161039007184,0.016215222575434042,15,11.935049776614363,0.90078125,1280
bayesfl_observability_v1,ola_sparse_bayesian_keep010_seed42,65,ola,global,,,layers.1.weight,raw,17,0.016706161039007184,0.017688037966153463,0.017197099502580325,20,15.913399702152484,0.91640625,1280
bayesfl_observability_v1,ola_sparse_bayesian_keep010_seed42,65,ola,global,,,layers.1.weight,raw,18,0.017688037966153463,0.01866991489329974,0.0181789764297266,10,7.95669985107627,0.92421875,1280
bayesfl_observability_v1,ola_sparse_bayesian_keep010_seed42,65,ola,global,,,layers.1.weight,raw,19,0.01866991489329974,0.01965179182044602,0.019160853356872877,13,10.343709806399115,0.934375,1280
bayesfl_observability_v1,ola_sparse_bayesian_keep010_seed42,65,ola,global,,,layers.1.weight,raw,20,0.01965179182044602,0.020633668747592298,0.02014273028401916,8,6.365359880860994,0.940625,1280
bayesfl_observability_v1,ola_sparse_bayesian_keep010_seed42,65,ola,global,,,layers.1.weight,raw,21,0.020633668747592298,0.021615545674738574,0.021124607211165436,9,7.1610298659686435,0.94765625,1280
bayesfl_observability_v1,ola_sparse_bayesian_keep010_seed42,65,ola,global,,,layers.1.weight,raw,22,0.021615545674738574,0.022597422601884853,0.022106484138311712,3,2.3870099553228727,0.95,1280
bayesfl_observability_v1,ola_sparse_bayesian_keep010_seed42,65,ola,global,,,layers.1.weight,raw,23,0.022597422601884853,0.023579299529031133,0.023088361065457995,8,6.365359880860994,0.95625,1280
bayesfl_observability_v1,ola_sparse_bayesian_keep010_seed42,65,ola,global,,,layers.1.weight,raw,24,0.023579299529031133,0.024561176456177412,0.02407023799260427,2,1.5913399702152484,0.9578125,1280
bayesfl_observability_v1,ola_sparse_bayesian_keep010_seed42,65,ola,global,,,layers.1.weight,raw,25,0.024561176456177412,0.025543053383323692,0.025052114919750554,1,0.7956699851076242,0.95859375,1280
bayesfl_observability_v1,ola_sparse_bayesian_keep010_seed42,65,ola,global,,,layers.1.weight,raw,26,0.025543053383323692,0.026524930310469968,0.02603399184689683,2,1.591339970215254,0.96015625,1280
bayesfl_observability_v1,ola_sparse_bayesian_keep010_seed42,65,ola,global,,,layers.1.weight,raw,27,0.026524930310469968,0.027506807237616247,0.027015868774043106,5,3.978349925538121,0.9640625,1280
bayesfl_observability_v1,ola_sparse_bayesian_keep010_seed42,65,ola,global,,,layers.1.weight,raw,28,0.027506807237616247,0.028488684164762527,0.02799774570118939,5,3.978349925538121,0.96796875,1280
bayesfl_observability_v1,ola_sparse_bayesian_keep010_seed42,65,ola,global,,,layers.1.weight,raw,29,0.028488684164762527,0.029470561091908803,0.028979622628335665,2,1.591339970215254,0.96953125,1280
bayesfl_observability_v1,ola_sparse_bayesian_keep010_seed42,65,ola,global,,,layers.1.weight,raw,30,0.029470561091908803,0.030452438019055082,0.02996149955548194,2,1.5913399702152484,0.97109375,1280
bayesfl_observability_v1,ola_sparse_bayesian_keep010_seed42,65,ola,global,,,layers.1.weight,raw,31,0.030452438019055082,0.03143431494620136,0.03094337648262822,4,3.182679940430508,0.97421875,1280
bayesfl_observability_v1,ola_sparse_bayesian_keep010_seed42,65,ola,global,,,layers.1.weight,raw,32,0.03143431494620136,0.032416191873347634,0.03192525340977449,1,0.795669985107627,0.975,1280
bayesfl_observability_v1,ola_sparse_bayesian_keep010_seed42,65,ola,global,,,layers.1.weight,raw,33,0.032416191873347634,0.03339806880049392,0.032907130336920776,1,0.7956699851076214,0.97578125,1280
bayesfl_observability_v1,ola_sparse_bayesian_keep010_seed42,65,ola,global,,,layers.1.weight,raw,34,0.03339806880049392,0.03437994572764019,0.03388900726406706,0,0.0,0.97578125,1280
bayesfl_observability_v1,ola_sparse_bayesian_keep010_seed42,65,ola,global,,,layers.1.weight,raw,35,0.03437994572764019,0.035361822654786476,0.034870884191213335,3,2.3870099553228643,0.978125,1280
bayesfl_observability_v1,ola_sparse_bayesian_keep010_seed42,65,ola,global,,,layers.1.weight,raw,36,0.035361822654786476,0.03634369958193275,0.03585276111835961,2,1.591339970215254,0.9796875,1280
bayesfl_observability_v1,ola_sparse_bayesian_keep010_seed42,65,ola,global,,,layers.1.weight,raw,37,0.03634369958193275,0.03732557650907903,0.036834638045505894,4,3.182679940430508,0.9828125,1280
bayesfl_observability_v1,ola_sparse_bayesian_keep010_seed42,65,ola,global,,,layers.1.weight,raw,38,0.03732557650907903,0.03830745343622531,0.03781651497265217,2,1.5913399702152429,0.984375,1280
bayesfl_observability_v1,ola_sparse_bayesian_keep010_seed42,65,ola,global,,,layers.1.weight,raw,39,0.03830745343622531,0.03928933036337159,0.038798391899798446,4,3.182679940430508,0.9875,1280
bayesfl_observability_v1,ola_sparse_bayesian_keep010_seed42,65,ola,global,,,layers.1.weight,raw,40,0.03928933036337159,0.04027120729051786,0.03978026882694473,1,0.795669985107627,0.98828125,1280
bayesfl_observability_v1,ola_sparse_bayesian_keep010_seed42,65,ola,global,,,layers.1.weight,raw,41,0.04027120729051786,0.041253084217664146,0.040762145754091005,1,0.7956699851076214,0.9890625,1280
bayesfl_observability_v1,ola_sparse_bayesian_keep010_seed42,65,ola,global,,,layers.1.weight,raw,42,0.041253084217664146,0.04223496114481042,0.04174402268123728,0,0.0,0.9890625,1280
bayesfl_observability_v1,ola_sparse_bayesian_keep010_seed42,65,ola,global,,,layers.1.weight,raw,43,0.04223496114481042,0.0432168380719567,0.042725899608383563,0,0.0,0.9890625,1280
bayesfl_observability_v1,ola_sparse_bayesian_keep010_seed42,65,ola,global,,,layers.1.weight,raw,44,0.0432168380719567,0.04419871499910298,0.04370777653552984,0,0.0,0.9890625,1280
bayesfl_observability_v1,ola_sparse_bayesian_keep010_seed42,65,ola,global,,,layers.1.weight,raw,45,0.04419871499910298,0.04518059192624926,0.044689653462676115,2,1.591339970215254,0.990625,1280
bayesfl_observability_v1,ola_sparse_bayesian_keep010_seed42,65,ola,global,,,layers.1.weight,raw,46,0.04518059192624926,0.04616246885339554,0.0456715303898224,1,0.7956699851076214,0.99140625,1280
bayesfl_observability_v1,ola_sparse_bayesian_keep010_seed42,65,ola,global,,,layers.1.weight,raw,47,0.04616246885339554,0.047144345780541816,0.04665340731696868,1,0.795669985107627,0.9921875,1280
bayesfl_observability_v1,ola_sparse_bayesian_keep010_seed42,65,ola,global,,,layers.1.weight,raw,48,0.047144345780541816,0.04812622270768809,0.04763528424411495,1,0.795669985107627,0.99296875,1280
bayesfl_observability_v1,ola_sparse_bayesian_keep010_seed42,65,ola,global,,,layers.1.weight,raw,49,0.04812622270768809,0.049108099634834375,0.04861716117126123,0,0.0,0.99296875,1280
bayesfl_observability_v1,ola_sparse_bayesian_keep010_seed42,65,ola,global,,,layers.1.weight,raw,50,0.049108099634834375,0.05008997656198065,0.049599038098407516,0,0.0,0.99296875,1280
bayesfl_observability_v1,ola_sparse_bayesian_keep010_seed42,65,ola,global,,,layers.1.weight,raw,51,0.05008997656198065,0.051071853489126934,0.05058091502555379,1,0.7956699851076214,0.99375,1280
bayesfl_observability_v1,ola_sparse_bayesian_keep010_seed42,65,ola,global,,,layers.1.weight,raw,52,0.051071853489126934,0.05205373041627321,0.05156279195270007,0,0.0,0.99375,1280
bayesfl_observability_v1,ola_sparse_bayesian_keep010_seed42,65,ola,global,,,layers.1.weight,raw,53,0.05205373041627321,0.053035607343419486,0.05254466887984635,1,0.795669985107627,0.99453125,1280
bayesfl_observability_v1,ola_sparse_bayesian_keep010_seed42,65,ola,global,,,layers.1.weight,raw,54,0.053035607343419486,0.05401748427056577,0.05352654580699263,1,0.7956699851076214,0.9953125,1280
bayesfl_observability_v1,ola_sparse_bayesian_keep010_seed42,65,ola,global,,,layers.1.weight,raw,55,0.05401748427056577,0.054999361197712045,0.0545084227341389,0,0.0,0.9953125,1280
bayesfl_observability_v1,ola_sparse_bayesian_keep010_seed42,65,ola,global,,,layers.1.weight,raw,56,0.054999361197712045,0.05598123812485832,0.055490299661285186,1,0.795669985107627,0.99609375,1280
bayesfl_observability_v1,ola_sparse_bayesian_keep010_seed42,65,ola,global,,,layers.1.weight,raw,57,0.05598123812485832,0.056963115052004604,0.05647217658843146,2,1.5913399702152429,0.99765625,1280
bayesfl_observability_v1,ola_sparse_bayesian_keep010_seed42,65,ola,global,,,layers.1.weight,raw,58,0.056963115052004604,0.05794499197915088,0.05745405351557774,0,0.0,0.99765625,1280
bayesfl_observability_v1,ola_sparse_bayesian_keep010_seed42,65,ola,global,,,layers.1.weight,raw,59,0.05794499197915088,0.058926868906297156,0.05843593044272402,0,0.0,0.99765625,1280
bayesfl_observability_v1,ola_sparse_bayesian_keep010_seed42,65,ola,global,,,layers.1.weight,raw,60,0.058926868906297156,0.05990874583344344,0.0594178073698703,0,0.0,0.99765625,1280
bayesfl_observability_v1,ola_sparse_bayesian_keep010_seed42,65,ola,global,,,layers.1.weight,raw,61,0.05990874583344344,0.060890622760589715,0.06039968429701657,0,0.0,0.99765625,1280
bayesfl_observability_v1,ola_sparse_bayesian_keep010_seed42,65,ola,global,,,layers.1.weight,raw,62,0.060890622760589715,0.061872499687736,0.061381561224162856,1,0.7956699851076214,0.9984375,1280
bayesfl_observability_v1,ola_sparse_bayesian_keep010_seed42,65,ola,global,,,layers.1.weight,raw,63,0.061872499687736,0.06285437661488227,0.06236343815130914,0,0.0,0.9984375,1280
bayesfl_observability_v1,ola_sparse_bayesian_keep010_seed42,65,ola,global,,,layers.1.weight,raw,64,0.06285437661488227,0.06383625354202856,0.06334531507845542,1,0.7956699851076214,0.99921875,1280
bayesfl_observability_v1,ola_sparse_bayesian_keep010_seed42,65,ola,global,,,layers.1.weight,raw,65,0.06383625354202856,0.06481813046917483,0.06432719200560169,0,0.0,0.99921875,1280
bayesfl_observability_v1,ola_sparse_bayesian_keep010_seed42,65,ola,global,,,layers.1.weight,raw,66,0.06481813046917483,0.06580000739632111,0.06530906893274796,0,0.0,0.99921875,1280
bayesfl_observability_v1,ola_sparse_bayesian_keep010_seed42,65,ola,global,,,layers.1.weight,raw,67,0.06580000739632111,0.06678188432346739,0.06629094585989426,0,0.0,0.99921875,1280
bayesfl_observability_v1,ola_sparse_bayesian_keep010_seed42,65,ola,global,,,layers.1.weight,raw,68,0.06678188432346739,0.06776376125061366,0.06727282278704053,0,0.0,0.99921875,1280
bayesfl_observability_v1,ola_sparse_bayesian_keep010_seed42,65,ola,global,,,layers.1.weight,raw,69,0.06776376125061366,0.06874563817775994,0.0682546997141868,0,0.0,0.99921875,1280
bayesfl_observability_v1,ola_sparse_bayesian_keep010_seed42,65,ola,global,,,layers.1.weight,raw,70,0.06874563817775994,0.06972751510490623,0.06923657664133309,0,0.0,0.99921875,1280
bayesfl_observability_v1,ola_sparse_bayesian_keep010_seed42,65,ola,global,,,layers.1.weight,raw,71,0.06972751510490623,0.07070939203205251,0.07021845356847936,0,0.0,0.99921875,1280
bayesfl_observability_v1,ola_sparse_bayesian_keep010_seed42,65,ola,global,,,layers.1.weight,raw,72,0.07070939203205251,0.07169126895919878,0.07120033049562564,0,0.0,0.99921875,1280
bayesfl_observability_v1,ola_sparse_bayesian_keep010_seed42,65,ola,global,,,layers.1.weight,raw,73,0.07169126895919878,0.07267314588634506,0.07218220742277193,0,0.0,0.99921875,1280
bayesfl_observability_v1,ola_sparse_bayesian_keep010_seed42,65,ola,global,,,layers.1.weight,raw,74,0.07267314588634506,0.07365502281349134,0.0731640843499182,0,0.0,0.99921875,1280
bayesfl_observability_v1,ola_sparse_bayesian_keep010_seed42,65,ola,global,,,layers.1.weight,raw,75,0.07365502281349134,0.07463689974063761,0.07414596127706448,0,0.0,0.99921875,1280
bayesfl_observability_v1,ola_sparse_bayesian_keep010_seed42,65,ola,global,,,layers.1.weight,raw,76,0.07463689974063761,0.0756187766677839,0.07512783820421076,0,0.0,0.99921875,1280
bayesfl_observability_v1,ola_sparse_bayesian_keep010_seed42,65,ola,global,,,layers.1.weight,raw,77,0.0756187766677839,0.07660065359493018,0.07610971513135703,0,0.0,0.99921875,1280
bayesfl_observability_v1,ola_sparse_bayesian_keep010_seed42,65,ola,global,,,layers.1.weight,raw,78,0.07660065359493018,0.07758253052207645,0.07709159205850331,0,0.0,0.99921875,1280
bayesfl_observability_v1,ola_sparse_bayesian_keep010_seed42,65,ola,global,,,layers.1.weight,raw,79,0.07758253052207645,0.07856440744922273,0.0780734689856496,1,0.7956699851076214,1.0,1280
bayesfl_observability_v1,ola_sparse_bayesian_keep010_seed42,65,ola,global,,,layers.1.weight,db,0,-96.92170456634365,-95.98637679943668,-96.45404068289017,1,0.0008352686915128318,0.00078125,1280
bayesfl_observability_v1,ola_sparse_bayesian_keep010_seed42,65,ola,global,,,layers.1.weight,db,1,-95.98637679943668,-95.0510490325297,-95.5187129159832,1,0.0008352686915128191,0.0015625,1280
bayesfl_observability_v1,ola_sparse_bayesian_keep010_seed42,65,ola,global,,,layers.1.weight,db,2,-95.0510490325297,-94.11572126562274,-94.58338514907622,0,0.0,0.0015625,1280
bayesfl_observability_v1,ola_sparse_bayesian_keep010_seed42,65,ola,global,,,layers.1.weight,db,3,-94.11572126562274,-93.18039349871577,-93.64805738216926,0,0.0,0.0015625,1280
bayesfl_observability_v1,ola_sparse_bayesian_keep010_seed42,65,ola,global,,,layers.1.weight,db,4,-93.18039349871577,-92.2450657318088,-92.71272961526228,1,0.0008352686915128191,0.00234375,1280
bayesfl_observability_v1,ola_sparse_bayesian_keep010_seed42,65,ola,global,,,layers.1.weight,db,5,-92.2450657318088,-91.30973796490183,-91.77740184835531,2,0.0016705373830256636,0.00390625,1280
bayesfl_observability_v1,ola_sparse_bayesian_keep010_seed42,65,ola,global,,,layers.1.weight,db,6,-91.30973796490183,-90.37441019799485,-90.84207408144835,1,0.0008352686915128191,0.0046875,1280
bayesfl_observability_v1,ola_sparse_bayesian_keep010_seed42,65,ola,global,,,layers.1.weight,db,7,-90.37441019799485,-89.43908243108788,-89.90674631454137,1,0.0008352686915128318,0.00546875,1280
bayesfl_observability_v1,ola_sparse_bayesian_keep010_seed42,65,ola,global,,,layers.1.weight,db,8,-89.43908243108788,-88.50375466418092,-88.9714185476344,0,0.0,0.00546875,1280
bayesfl_observability_v1,ola_sparse_bayesian_keep010_seed42,65,ola,global,,,layers.1.weight,db,9,-88.50375466418092,-87.56842689727394,-88.03609078072742,0,0.0,0.00546875,1280
bayesfl_observability_v1,ola_sparse_bayesian_keep010_seed42,65,ola,global,,,layers.1.weight,db,10,-87.56842689727394,-86.63309913036697,-87.10076301382045,1,0.0008352686915128318,0.00625,1280
bayesfl_observability_v1,ola_sparse_bayesian_keep010_seed42,65,ola,global,,,layers.1.weight,db,11,-86.63309913036697,-85.69777136345999,-86.16543524691349,0,0.0,0.00625,1280
bayesfl_observability_v1,ola_sparse_bayesian_keep010_seed42,65,ola,global,,,layers.1.weight,db,12,-85.69777136345999,-84.76244359655303,-85.23010748000651,0,0.0,0.00625,1280
bayesfl_observability_v1,ola_sparse_bayesian_keep010_seed42,65,ola,global,,,layers.1.weight,db,13,-84.76244359655303,-83.82711582964606,-84.29477971309954,0,0.0,0.00625,1280
bayesfl_observability_v1,ola_sparse_bayesian_keep010_seed42,65,ola,global,,,layers.1.weight,db,14,-83.82711582964606,-82.89178806273908,-83.35945194619256,1,0.0008352686915128191,0.00703125,1280
bayesfl_observability_v1,ola_sparse_bayesian_keep010_seed42,65,ola,global,,,layers.1.weight,db,15,-82.89178806273908,-81.95646029583212,-82.4241241792856,0,0.0,0.00703125,1280
bayesfl_observability_v1,ola_sparse_bayesian_keep010_seed42,65,ola,global,,,layers.1.weight,db,16,-81.95646029583212,-81.02113252892515,-81.48879641237863,1,0.0008352686915128318,0.0078125,1280
bayesfl_observability_v1,ola_sparse_bayesian_keep010_seed42,65,ola,global,,,layers.1.weight,db,17,-81.02113252892515,-80.08580476201817,-80.55346864547167,3,0.002505806074538457,0.01015625,1280
bayesfl_observability_v1,ola_sparse_bayesian_keep010_seed42,65,ola,global,,,layers.1.weight,db,18,-80.08580476201817,-79.1504769951112,-79.61814087856469,4,0.0033410747660513273,0.01328125,1280
bayesfl_observability_v1,ola_sparse_bayesian_keep010_seed42,65,ola,global,,,layers.1.weight,db,19,-79.1504769951112,-78.21514922820424,-78.68281311165772,0,0.0,0.01328125,1280
bayesfl_observability_v1,ola_sparse_bayesian_keep010_seed42,65,ola,global,,,layers.1.weight,db,20,-78.21514922820424,-77.27982146129726,-77.74748534475074,6,0.005011612149076914,0.01796875,1280
bayesfl_observability_v1,ola_sparse_bayesian_keep010_seed42,65,ola,global,,,layers.1.weight,db,21,-77.27982146129726,-76.3444936943903,-76.81215757784378,1,0.0008352686915128318,0.01875,1280
bayesfl_observability_v1,ola_sparse_bayesian_keep010_seed42,65,ola,global,,,layers.1.weight,db,22,-76.3444936943903,-75.40916592748331,-75.87682981093681,4,0.0033410747660512765,0.021875,1280
bayesfl_observability_v1,ola_sparse_bayesian_keep010_seed42,65,ola,global,,,layers.1.weight,db,23,-75.40916592748331,-74.47383816057635,-74.94150204402983,1,0.0008352686915128318,0.02265625,1280
bayesfl_observability_v1,ola_sparse_bayesian_keep010_seed42,65,ola,global,,,layers.1.weight,db,24,-74.47383816057635,-73.53851039366938,-74.00617427712287,1,0.0008352686915128318,0.0234375,1280
bayesfl_observability_v1,ola_sparse_bayesian_keep010_seed42,65,ola,global,,,layers.1.weight,db,25,-73.53851039366938,-72.6031826267624,-73.07084651021589,0,0.0,0.0234375,1280
bayesfl_observability_v1,ola_sparse_bayesian_keep010_seed42,65,ola,global,,,layers.1.weight,db,26,-72.6031826267624,-71.66785485985544,-72.13551874330892,3,0.0025058060745384953,0.02578125,1280
bayesfl_observability_v1,ola_sparse_bayesian_keep010_seed42,65,ola,global,,,layers.1.weight,db,27,-71.66785485985544,-70.73252709294846,-71.20019097640196,4,0.0033410747660512765,0.02890625,1280
bayesfl_observability_v1,ola_sparse_bayesian_keep010_seed42,65,ola,global,,,layers.1.weight,db,28,-70.73252709294846,-69.7971993260415,-70.26486320949498,5,0.004176343457564159,0.0328125,1280
bayesfl_observability_v1,ola_sparse_bayesian_keep010_seed42,65,ola,global,,,layers.1.weight,db,29,-69.7971993260415,-68.86187155913453,-69.32953544258801,8,0.0066821495321026545,0.0390625,1280
bayesfl_observability_v1,ola_sparse_bayesian_keep010_seed42,65,ola,global,,,layers.1.weight,db,30,-68.86187155913453,-67.92654379222756,-68.39420767568105,8,0.0066821495321026545,0.0453125,1280
bayesfl_observability_v1,ola_sparse_bayesian_keep010_seed42,65,ola,global,,,layers.1.weight,db,31,-67.92654379222756,-66.99121602532058,-67.45887990877407,3,0.002505806074538457,0.04765625,1280
bayesfl_observability_v1,ola_sparse_bayesian_keep010_seed42,65,ola,global,,,layers.1.weight,db,32,-66.99121602532058,-66.0558882584136,-66.5235521418671,6,0.005011612149076914,0.05234375,1280
bayesfl_observability_v1,ola_sparse_bayesian_keep010_seed42,65,ola,global,,,layers.1.weight,db,33,-66.0558882584136,-65.12056049150664,-65.58822437496012,11,0.00918795560664115,0.0609375,1280
bayesfl_observability_v1,ola_sparse_bayesian_keep010_seed42,65,ola,global,,,layers.1.weight,db,34,-65.12056049150664,-64.18523272459967,-64.65289660805315,12,0.010023224298153981,0.0703125,1280
bayesfl_observability_v1,ola_sparse_bayesian_keep010_seed42,65,ola,global,,,layers.1.weight,db,35,-64.18523272459967,-63.2499049576927,-63.71756884114619,6,0.0050116121490769525,0.075,1280
bayesfl_observability_v1,ola_sparse_bayesian_keep010_seed42,65,ola,global,,,layers.1.weight,db,36,-63.2499049576927,-62.31457719078573,-62.78224107423921,12,0.010023224298153905,0.084375,1280
bayesfl_observability_v1,ola_sparse_bayesian_keep010_seed42,65,ola,global,,,layers.1.weight,db,37,-62.31457719078573,-61.37924942387876,-61.846913307332244,13,0.010858492989666813,0.09453125,1280
bayesfl_observability_v1,ola_sparse_bayesian_keep010_seed42,65,ola,global,,,layers.1.weight,db,38,-61.37924942387876,-60.44392165697179,-60.91158554042528,14,0.011693761681179556,0.10546875,1280
bayesfl_observability_v1,ola_sparse_bayesian_keep010_seed42,65,ola,global,,,layers.1.weight,db,39,-60.44392165697179,-59.508593890064816,-59.9762577735183,21,0.017540642521769335,0.121875,1280
bayesfl_observability_v1,ola_sparse_bayesian_keep010_seed42,65,ola,global,,,layers.1.weight,db,40,-59.508593890064816,-58.57326612315784,-59.04093000661133,23,0.019211179904794984,0.13984375,1280
bayesfl_observability_v1,ola_sparse_bayesian_keep010_seed42,65,ola,global,,,layers.1.weight,db,41,-58.57326612315784,-57.63793835625087,-58.10560223970435,20,0.01670537383025651,0.15546875,1280
bayesfl_observability_v1,ola_sparse_bayesian_keep010_seed42,65,ola,global,,,layers.1.weight,db,42,-57.63793835625087,-56.702610589343905,-57.17027447279739,18,0.015034836447230972,0.16953125,1280
bayesfl_observability_v1,ola_sparse_bayesian_keep010_seed42,65,ola,global,,,layers.1.weight,db,43,-56.702610589343905,-55.76728282243693,-56.23494670589042,22,0.01837591121328216,0.18671875,1280
bayesfl_observability_v1,ola_sparse_bayesian_keep010_seed42,65,ola,global,,,layers.1.weight,db,44,-55.76728282243693,-54.83195505552996,-55.29961893898344,32,0.026728598128410413,0.21171875,1280
bayesfl_observability_v1,ola_sparse_bayesian_keep010_seed42,65,ola,global,,,layers.1.weight,db,45,-54.83195505552996,-53.896627288622994,-54.36429117207648,22,0.0183759112132823,0.22890625,1280
bayesfl_observability_v1,ola_sparse_bayesian_keep010_seed42,65,ola,global,,,layers.1.weight,db,46,-53.896627288622994,-52.96129952171602,-53.42896340516951,26,0.021716985979333463,0.24921875,1280
bayesfl_observability_v1,ola_sparse_bayesian_keep010_seed42,65,ola,global,,,layers.1.weight,db,47,-52.96129952171602,-52.02597175480905,-52.49363563826253,41,0.03424601635202584,0.28125,1280
bayesfl_observability_v1,ola_sparse_bayesian_keep010_seed42,65,ola,global,,,layers.1.weight,db,48,-52.02597175480905,-51.09064398790208,-51.55830787135557,45,0.03758709111807714,0.31640625,1280
bayesfl_observability_v1,ola_sparse_bayesian_keep010_seed42,65,ola,global,,,layers.1.weight,db,49,-51.09064398790208,-50.155316220995104,-50.62298010444859,42,0.03508128504353867,0.34921875,1280
bayesfl_observability_v1,ola_sparse_bayesian_keep010_seed42,65,ola,global,,,layers.1.weight,db,50,-50.155316220995104,-49.21998845408814,-49.68765233754162,39,0.03257547896900044,0.3796875,1280
bayesfl_observability_v1,ola_sparse_bayesian_keep010_seed42,65,ola,global,,,layers.1.weight,db,51,-49.21998845408814,-48.284660687181166,-48.752324570634656,46,0.03842235980958997,0.415625,1280
bayesfl_observability_v1,ola_sparse_bayesian_keep010_seed42,65,ola,global,,,layers.1.weight,db,52,-48.284660687181166,-47.34933292027419,-47.816996803727676,56,0.046775046724718224,0.459375,1280
bayesfl_observability_v1,ola_sparse_bayesian_keep010_seed42,65,ola,global,,,layers.1.weight,db,53,-47.34933292027419,-46.41400515336723,-46.88166903682071,61,0.05095139018228274,0.50703125,1280
bayesfl_observability_v1,ola_sparse_bayesian_keep010_seed42,65,ola,global,,,layers.1.weight,db,54,-46.41400515336723,-45.478677386460255,-45.946341269913745,54,0.04510450934169257,0.54921875,1280
bayesfl_observability_v1,ola_sparse_bayesian_keep010_seed42,65,ola,global,,,layers.1.weight,db,55,-45.478677386460255,-44.54334961955328,-45.011013503006765,57,0.04761031541623105,0.59375,1280
bayesfl_observability_v1,ola_sparse_bayesian_keep010_seed42,65,ola,global,,,layers.1.weight,db,56,-44.54334961955328,-43.60802185264631,-44.0756857360998,57,0.04761031541623105,0.63828125,1280
bayesfl_observability_v1,ola_sparse_bayesian_keep010_seed42,65,ola,global,,,layers.1.weight,db,57,-43.60802185264631,-42.67269408573934,-43.14035796919282,50,0.04176343457564127,0.67734375,1280
bayesfl_observability_v1,ola_sparse_bayesian_keep010_seed42,65,ola,global,,,layers.1.weight,db,58,-42.67269408573934,-41.73736631883237,-42.205030202285855,56,0.04677504672471858,0.72109375,1280
bayesfl_observability_v1,ola_sparse_bayesian_keep010_seed42,65,ola,global,,,layers.1.weight,db,59,-41.73736631883237,-40.8020385519254,-41.26970243537889,47,0.039257628501102794,0.7578125,1280
bayesfl_observability_v1,ola_sparse_bayesian_keep010_seed42,65,ola,global,,,layers.1.weight,db,60,-40.8020385519254,-39.86671078501843,-40.33437466847191,44,0.03675182242656432,0.7921875,1280
bayesfl_observability_v1,ola_sparse_bayesian_keep010_seed42,65,ola,global,,,layers.1.weight,db,61,-39.86671078501843,-38.93138301811146,-39.399046901564944,45,0.03758709111807743,0.82734375,1280
bayesfl_observability_v1,ola_sparse_bayesian_keep010_seed42,65,ola,global,,,layers.1.weight,db,62,-38.93138301811146,-37.99605525120449,-38.46371913465798,30,0.025058060745384764,0.85078125,1280
bayesfl_observability_v1,ola_sparse_bayesian_keep010_seed42,65,ola,global,,,layers.1.weight,db,63,-37.99605525120449,-37.060727484297516,-37.528391367751,27,0.022552254670846286,0.871875,1280
bayesfl_observability_v1,ola_sparse_bayesian_keep010_seed42,65,ola,global,,,layers.1.weight,db,64,-37.060727484297516,-36.12539971739054,-36.59306360084403,21,0.017540642521769335,0.88828125,1280
bayesfl_observability_v1,ola_sparse_bayesian_keep010_seed42,65,ola,global,,,layers.1.weight,db,65,-36.12539971739054,-35.19007195048357,-35.65773583393705,26,0.021716985979333463,0.90859375,1280
bayesfl_observability_v1,ola_sparse_bayesian_keep010_seed42,65,ola,global,,,layers.1.weight,db,66,-35.19007195048357,-34.254744183576605,-34.72240806703009,29,0.024222792053872122,0.93125,1280
bayesfl_observability_v1,ola_sparse_bayesian_keep010_seed42,65,ola,global,,,layers.1.weight,db,67,-34.254744183576605,-33.31941641666963,-33.78708030012312,21,0.017540642521769335,0.94765625,1280
bayesfl_observability_v1,ola_sparse_bayesian_keep010_seed42,65,ola,global,,,layers.1.weight,db,68,-33.31941641666963,-32.38408864976266,-32.85175253321614,12,0.010023224298153905,0.95703125,1280
bayesfl_observability_v1,ola_sparse_bayesian_keep010_seed42,65,ola,global,,,layers.1.weight,db,69,-32.38408864976266,-31.448760882855694,-31.916424766309177,6,0.005011612149076991,0.96171875,1280
bayesfl_observability_v1,ola_sparse_bayesian_keep010_seed42,65,ola,global,,,layers.1.weight,db,70,-31.448760882855694,-30.513433115948715,-30.981096999402205,10,0.00835268691512819,0.96953125,1280
bayesfl_observability_v1,ola_sparse_bayesian_keep010_seed42,65,ola,global,,,layers.1.weight,db,71,-30.513433115948715,-29.57810534904175,-30.045769232495232,7,0.005846880840589822,0.975,1280
bayesfl_observability_v1,ola_sparse_bayesian_keep010_seed42,65,ola,global,,,layers.1.weight,db,72,-29.57810534904175,-28.642777582134784,-29.110441465588266,10,0.008352686915128318,0.9828125,1280
bayesfl_observability_v1,ola_sparse_bayesian_keep010_seed42,65,ola,global,,,layers.1.weight,db,73,-28.642777582134784,-27.707449815227804,-28.175113698681294,8,0.006682149532102553,0.9890625,1280
bayesfl_observability_v1,ola_sparse_bayesian_keep010_seed42,65,ola,global,,,layers.1.weight,db,74,-27.707449815227804,-26.77212204832084,-27.23978593177432,3,0.0025058060745384953,0.99140625,1280
bayesfl_observability_v1,ola_sparse_bayesian_keep010_seed42,65,ola,global,,,layers.1.weight,db,75,-26.77212204832084,-25.836794281413873,-26.304458164867356,3,0.0025058060745384953,0.99375,1280
bayesfl_observability_v1,ola_sparse_bayesian_keep010_seed42,65,ola,global,,,layers.1.weight,db,76,-25.836794281413873,-24.901466514506893,-25.369130397960383,5,0.004176343457564095,0.99765625,1280
bayesfl_observability_v1,ola_sparse_bayesian_keep010_seed42,65,ola,global,,,layers.1.weight,db,77,-24.901466514506893,-23.966138747599928,-24.43380263105341,2,0.0016705373830256636,0.99921875,1280
bayesfl_observability_v1,ola_sparse_bayesian_keep010_seed42,65,ola,global,,,layers.1.weight,db,78,-23.966138747599928,-23.030810980692948,-23.498474864146438,0,0.0,0.99921875,1280
bayesfl_observability_v1,ola_sparse_bayesian_keep010_seed42,65,ola,global,,,layers.1.weight,db,79,-23.030810980692948,-22.09548321378599,-22.56314709723947,1,0.0008352686915128381,1.0,1280
bayesfl_observability_v1,ola_sparse_bayesian_keep010_seed42,65,ola,global,,,layers.1.bias,raw,0,0.00033541960750363675,0.0004948366257248192,0.000415128116614228,2,1254.5712009398576,0.2,10
bayesfl_observability_v1,ola_sparse_bayesian_keep010_seed42,65,ola,global,,,layers.1.bias,raw,1,0.0004948366257248192,0.0006542536439460016,0.0005745451348354104,2,1254.5712009398578,0.4,10
bayesfl_observability_v1,ola_sparse_bayesian_keep010_seed42,65,ola,global,,,layers.1.bias,raw,2,0.0006542536439460016,0.000813670662167184,0.0007339621530565928,0,0.0,0.4,10
bayesfl_observability_v1,ola_sparse_bayesian_keep010_seed42,65,ola,global,,,layers.1.bias,raw,3,0.000813670662167184,0.0009730876803883664,0.0008933791712777752,1,627.2856004699289,0.5,10
bayesfl_observability_v1,ola_sparse_bayesian_keep010_seed42,65,ola,global,,,layers.1.bias,raw,4,0.0009730876803883664,0.0011325046986095488,0.0010527961894989577,1,627.2856004699289,0.6,10
bayesfl_observability_v1,ola_sparse_bayesian_keep010_seed42,65,ola,global,,,layers.1.bias,raw,5,0.0011325046986095488,0.0012919217168307312,0.0012122132077201399,0,0.0,0.6,10
bayesfl_observability_v1,ola_sparse_bayesian_keep010_seed42,65,ola,global,,,layers.1.bias,raw,6,0.0012919217168307312,0.0014513387350519136,0.0013716302259413225,0,0.0,0.6,10
bayesfl_observability_v1,ola_sparse_bayesian_keep010_seed42,65,ola,global,,,layers.1.bias,raw,7,0.0014513387350519136,0.001610755753273096,0.0015310472441625047,0,0.0,0.6,10
bayesfl_observability_v1,ola_sparse_bayesian_keep010_seed42,65,ola,global,,,layers.1.bias,raw,8,0.001610755753273096,0.0017701727714942784,0.0016904642623836873,0,0.0,0.6,10
bayesfl_observability_v1,ola_sparse_bayesian_keep010_seed42,65,ola,global,,,layers.1.bias,raw,9,0.0017701727714942784,0.0019295897897154608,0.0018498812806048695,0,0.0,0.6,10
bayesfl_observability_v1,ola_sparse_bayesian_keep010_seed42,65,ola,global,,,layers.1.bias,raw,10,0.0019295897897154608,0.002089006807936643,0.002009298298826052,0,0.0,0.6,10
bayesfl_observability_v1,ola_sparse_bayesian_keep010_seed42,65,ola,global,,,layers.1.bias,raw,11,0.002089006807936643,0.0022484238261578256,0.0021687153170472343,0,0.0,0.6,10
bayesfl_observability_v1,ola_sparse_bayesian_keep010_seed42,65,ola,global,,,layers.1.bias,raw,12,0.0022484238261578256,0.002407840844379008,0.002328132335268417,0,0.0,0.6,10
bayesfl_observability_v1,ola_sparse_bayesian_keep010_seed42,65,ola,global,,,layers.1.bias,raw,13,0.002407840844379008,0.0025672578626001904,0.002487549353489599,0,0.0,0.6,10
bayesfl_observability_v1,ola_sparse_bayesian_keep010_seed42,65,ola,global,,,layers.1.bias,raw,14,0.0025672578626001904,0.0027266748808213725,0.0026469663717107817,0,0.0,0.6,10
bayesfl_observability_v1,ola_sparse_bayesian_keep010_seed42,65,ola,global,,,layers.1.bias,raw,15,0.0027266748808213725,0.002886091899042555,0.002806383389931964,0,0.0,0.6,10
bayesfl_observability_v1,ola_sparse_bayesian_keep010_seed42,65,ola,global,,,layers.1.bias,raw,16,0.002886091899042555,0.0030455089172637378,0.0029658004081531465,0,0.0,0.6,10
bayesfl_observability_v1,ola_sparse_bayesian_keep010_seed42,65,ola,global,,,layers.1.bias,raw,17,0.0030455089172637378,0.00320492593548492,0.0031252174263743287,0,0.0,0.6,10
bayesfl_observability_v1,ola_sparse_bayesian_keep010_seed42,65,ola,global,,,layers.1.bias,raw,18,0.00320492593548492,0.003364342953706102,0.0032846344445955113,0,0.0,0.6,10
bayesfl_observability_v1,ola_sparse_bayesian_keep010_seed42,65,ola,global,,,layers.1.bias,raw,19,0.003364342953706102,0.0035237599719272848,0.0034440514628166934,0,0.0,0.6,10
bayesfl_observability_v1,ola_sparse_bayesian_keep010_seed42,65,ola,global,,,layers.1.bias,raw,20,0.0035237599719272848,0.0036831769901484674,0.003603468481037876,0,0.0,0.6,10
bayesfl_observability_v1,ola_sparse_bayesian_keep010_seed42,65,ola,global,,,layers.1.bias,raw,21,0.0036831769901484674,0.0038425940083696495,0.0037628854992590582,0,0.0,0.6,10
bayesfl_observability_v1,ola_sparse_bayesian_keep010_seed42,65,ola,global,,,layers.1.bias,raw,22,0.0038425940083696495,0.004002011026590832,0.003922302517480241,1,627.2856004699298,0.7,10
bayesfl_observability_v1,ola_sparse_bayesian_keep010_seed42,65,ola,global,,,layers.1.bias,raw,23,0.004002011026590832,0.004161428044812014,0.0040817195357014235,0,0.0,0.7,10
bayesfl_observability_v1,ola_sparse_bayesian_keep010_seed42,65,ola,global,,,layers.1.bias,raw,24,0.004161428044812014,0.004320845063033197,0.004241136553922605,0,0.0,0.7,10
bayesfl_observability_v1,ola_sparse_bayesian_keep010_seed42,65,ola,global,,,layers.1.bias,raw,25,0.004320845063033197,0.00448026208125438,0.004400553572143789,1,627.2856004699281,0.8,10
bayesfl_observability_v1,ola_sparse_bayesian_keep010_seed42,65,ola,global,,,layers.1.bias,raw,26,0.00448026208125438,0.004639679099475561,0.0045599705903649704,0,0.0,0.8,10
bayesfl_observability_v1,ola_sparse_bayesian_keep010_seed42,65,ola,global,,,layers.1.bias,raw,27,0.004639679099475561,0.004799096117696744,0.004719387608586152,1,627.2856004699281,0.9,10
bayesfl_observability_v1,ola_sparse_bayesian_keep010_seed42,65,ola,global,,,layers.1.bias,raw,28,0.004799096117696744,0.0049585131359179265,0.004878804626807336,0,0.0,0.9,10
bayesfl_observability_v1,ola_sparse_bayesian_keep010_seed42,65,ola,global,,,layers.1.bias,raw,29,0.0049585131359179265,0.005117930154139108,0.005038221645028517,0,0.0,0.9,10
bayesfl_observability_v1,ola_sparse_bayesian_keep010_seed42,65,ola,global,,,layers.1.bias,raw,30,0.005117930154139108,0.005277347172360291,0.005197638663249699,0,0.0,0.9,10
bayesfl_observability_v1,ola_sparse_bayesian_keep010_seed42,65,ola,global,,,layers.1.bias,raw,31,0.005277347172360291,0.0054367641905814735,0.005357055681470883,0,0.0,0.9,10
bayesfl_observability_v1,ola_sparse_bayesian_keep010_seed42,65,ola,global,,,layers.1.bias,raw,32,0.0054367641905814735,0.005596181208802656,0.005516472699692064,0,0.0,0.9,10
bayesfl_observability_v1,ola_sparse_bayesian_keep010_seed42,65,ola,global,,,layers.1.bias,raw,33,0.005596181208802656,0.005755598227023839,0.005675889717913248,0,0.0,0.9,10
bayesfl_observability_v1,ola_sparse_bayesian_keep010_seed42,65,ola,global,,,layers.1.bias,raw,34,0.005755598227023839,0.0059150152452450205,0.00583530673613443,0,0.0,0.9,10
bayesfl_observability_v1,ola_sparse_bayesian_keep010_seed42,65,ola,global,,,layers.1.bias,raw,35,0.0059150152452450205,0.006074432263466203,0.005994723754355611,0,0.0,0.9,10
bayesfl_observability_v1,ola_sparse_bayesian_keep010_seed42,65,ola,global,,,layers.1.bias,raw,36,0.006074432263466203,0.006233849281687386,0.006154140772576795,0,0.0,0.9,10
bayesfl_observability_v1,ola_sparse_bayesian_keep010_seed42,65,ola,global,,,layers.1.bias,raw,37,0.006233849281687386,0.0063932662999085675,0.006313557790797977,0,0.0,0.9,10
bayesfl_observability_v1,ola_sparse_bayesian_keep010_seed42,65,ola,global,,,layers.1.bias,raw,38,0.0063932662999085675,0.00655268331812975,0.006472974809019158,0,0.0,0.9,10
bayesfl_observability_v1,ola_sparse_bayesian_keep010_seed42,65,ola,global,,,layers.1.bias,raw,39,0.00655268331812975,0.006712100336350933,0.006632391827240342,0,0.0,0.9,10
bayesfl_observability_v1,ola_sparse_bayesian_keep010_seed42,65,ola,global,,,layers.1.bias,raw,40,0.006712100336350933,0.006871517354572115,0.006791808845461524,0,0.0,0.9,10
bayesfl_observability_v1,ola_sparse_bayesian_keep010_seed42,65,ola,global,,,layers.1.bias,raw,41,0.006871517354572115,0.007030934372793298,0.006951225863682707,0,0.0,0.9,10
bayesfl_observability_v1,ola_sparse_bayesian_keep010_seed42,65,ola,global,,,layers.1.bias,raw,42,0.007030934372793298,0.00719035139101448,0.007110642881903889,0,0.0,0.9,10
bayesfl_observability_v1,ola_sparse_bayesian_keep010_seed42,65,ola,global,,,layers.1.bias,raw,43,0.00719035139101448,0.007349768409235662,0.0072700599001250706,0,0.0,0.9,10
bayesfl_observability_v1,ola_sparse_bayesian_keep010_seed42,65,ola,global,,,layers.1.bias,raw,44,0.007349768409235662,0.007509185427456845,0.007429476918346254,0,0.0,0.9,10
bayesfl_observability_v1,ola_sparse_bayesian_keep010_seed42,65,ola,global,,,layers.1.bias,raw,45,0.007509185427456845,0.007668602445678027,0.007588893936567436,0,0.0,0.9,10
bayesfl_observability_v1,ola_sparse_bayesian_keep010_seed42,65,ola,global,,,layers.1.bias,raw,46,0.007668602445678027,0.00782801946389921,0.0077483109547886175,0,0.0,0.9,10
bayesfl_observability_v1,ola_sparse_bayesian_keep010_seed42,65,ola,global,,,layers.1.bias,raw,47,0.00782801946389921,0.007987436482120391,0.007907727973009801,0,0.0,0.9,10
bayesfl_observability_v1,ola_sparse_bayesian_keep010_seed42,65,ola,global,,,layers.1.bias,raw,48,0.007987436482120391,0.008146853500341575,0.008067144991230983,0,0.0,0.9,10
bayesfl_observability_v1,ola_sparse_bayesian_keep010_seed42,65,ola,global,,,layers.1.bias,raw,49,0.008146853500341575,0.008306270518562756,0.008226562009452165,0,0.0,0.9,10
bayesfl_observability_v1,ola_sparse_bayesian_keep010_seed42,65,ola,global,,,layers.1.bias,raw,50,0.008306270518562756,0.008465687536783938,0.008385979027673348,0,0.0,0.9,10
bayesfl_observability_v1,ola_sparse_bayesian_keep010_seed42,65,ola,global,,,layers.1.bias,raw,51,0.008465687536783938,0.008625104555005121,0.00854539604589453,0,0.0,0.9,10
bayesfl_observability_v1,ola_sparse_bayesian_keep010_seed42,65,ola,global,,,layers.1.bias,raw,52,0.008625104555005121,0.008784521573226303,0.008704813064115711,0,0.0,0.9,10
bayesfl_observability_v1,ola_sparse_bayesian_keep010_seed42,65,ola,global,,,layers.1.bias,raw,53,0.008784521573226303,0.008943938591447485,0.008864230082336895,0,0.0,0.9,10
bayesfl_observability_v1,ola_sparse_bayesian_keep010_seed42,65,ola,global,,,layers.1.bias,raw,54,0.008943938591447485,0.009103355609668668,0.009023647100558077,0,0.0,0.9,10
bayesfl_observability_v1,ola_sparse_bayesian_keep010_seed42,65,ola,global,,,layers.1.bias,raw,55,0.009103355609668668,0.00926277262788985,0.009183064118779258,0,0.0,0.9,10
bayesfl_observability_v1,ola_sparse_bayesian_keep010_seed42,65,ola,global,,,layers.1.bias,raw,56,0.00926277262788985,0.009422189646111032,0.009342481137000442,0,0.0,0.9,10
bayesfl_observability_v1,ola_sparse_bayesian_keep010_seed42,65,ola,global,,,layers.1.bias,raw,57,0.009422189646111032,0.009581606664332215,0.009501898155221624,0,0.0,0.9,10
bayesfl_observability_v1,ola_sparse_bayesian_keep010_seed42,65,ola,global,,,layers.1.bias,raw,58,0.009581606664332215,0.009741023682553397,0.009661315173442805,0,0.0,0.9,10
bayesfl_observability_v1,ola_sparse_bayesian_keep010_seed42,65,ola,global,,,layers.1.bias,raw,59,0.009741023682553397,0.009900440700774579,0.009820732191663989,0,0.0,0.9,10
bayesfl_observability_v1,ola_sparse_bayesian_keep010_seed42,65,ola,global,,,layers.1.bias,raw,60,0.009900440700774579,0.010059857718995762,0.00998014920988517,0,0.0,0.9,10
bayesfl_observability_v1,ola_sparse_bayesian_keep010_seed42,65,ola,global,,,layers.1.bias,raw,61,0.010059857718995762,0.010219274737216944,0.010139566228106352,0,0.0,0.9,10
bayesfl_observability_v1,ola_sparse_bayesian_keep010_seed42,65,ola,global,,,layers.1.bias,raw,62,0.010219274737216944,0.010378691755438128,0.010298983246327536,0,0.0,0.9,10
bayesfl_observability_v1,ola_sparse_bayesian_keep010_seed42,65,ola,global,,,layers.1.bias,raw,63,0.010378691755438128,0.01053810877365931,0.01045840026454872,0,0.0,0.9,10
bayesfl_observability_v1,ola_sparse_bayesian_keep010_seed42,65,ola,global,,,layers.1.bias,raw,64,0.01053810877365931,0.010697525791880491,0.0106178172827699,0,0.0,0.9,10
bayesfl_observability_v1,ola_sparse_bayesian_keep010_seed42,65,ola,global,,,layers.1.bias,raw,65,0.010697525791880491,0.010856942810101675,0.010777234300991083,0,0.0,0.9,10
bayesfl_observability_v1,ola_sparse_bayesian_keep010_seed42,65,ola,global,,,layers.1.bias,raw,66,0.010856942810101675,0.011016359828322856,0.010936651319212266,0,0.0,0.9,10
bayesfl_observability_v1,ola_sparse_bayesian_keep010_seed42,65,ola,global,,,layers.1.bias,raw,67,0.011016359828322856,0.01117577684654404,0.011096068337433448,0,0.0,0.9,10
bayesfl_observability_v1,ola_sparse_bayesian_keep010_seed42,65,ola,global,,,layers.1.bias,raw,68,0.01117577684654404,0.011335193864765222,0.01125548535565463,0,0.0,0.9,10
bayesfl_observability_v1,ola_sparse_bayesian_keep010_seed42,65,ola,global,,,layers.1.bias,raw,69,0.011335193864765222,0.011494610882986403,0.011414902373875813,0,0.0,0.9,10
bayesfl_observability_v1,ola_sparse_bayesian_keep010_seed42,65,ola,global,,,layers.1.bias,raw,70,0.011494610882986403,0.011654027901207587,0.011574319392096995,0,0.0,0.9,10
bayesfl_observability_v1,ola_sparse_bayesian_keep010_seed42,65,ola,global,,,layers.1.bias,raw,71,0.011654027901207587,0.011813444919428769,0.011733736410318177,0,0.0,0.9,10
bayesfl_observability_v1,ola_sparse_bayesian_keep010_seed42,65,ola,global,,,layers.1.bias,raw,72,0.011813444919428769,0.01197286193764995,0.01189315342853936,0,0.0,0.9,10
bayesfl_observability_v1,ola_sparse_bayesian_keep010_seed42,65,ola,global,,,layers.1.bias,raw,73,0.01197286193764995,0.012132278955871134,0.012052570446760542,0,0.0,0.9,10
bayesfl_observability_v1,ola_sparse_bayesian_keep010_seed42,65,ola,global,,,layers.1.bias,raw,74,0.012132278955871134,0.012291695974092316,0.012211987464981724,0,0.0,0.9,10
bayesfl_observability_v1,ola_sparse_bayesian_keep010_seed42,65,ola,global,,,layers.1.bias,raw,75,0.012291695974092316,0.012451112992313497,0.012371404483202907,0,0.0,0.9,10
bayesfl_observability_v1,ola_sparse_bayesian_keep010_seed42,65,ola,global,,,layers.1.bias,raw,76,0.012451112992313497,0.01261053001053468,0.012530821501424089,0,0.0,0.9,10
bayesfl_observability_v1,ola_sparse_bayesian_keep010_seed42,65,ola,global,,,layers.1.bias,raw,77,0.01261053001053468,0.012769947028755863,0.01269023851964527,0,0.0,0.9,10
bayesfl_observability_v1,ola_sparse_bayesian_keep010_seed42,65,ola,global,,,layers.1.bias,raw,78,0.012769947028755863,0.012929364046977046,0.012849655537866454,0,0.0,0.9,10
bayesfl_observability_v1,ola_sparse_bayesian_keep010_seed42,65,ola,global,,,layers.1.bias,raw,79,0.012929364046977046,0.013088781065198228,0.013009072556087638,1,627.2856004699315,1.0,10
bayesfl_observability_v1,ola_sparse_bayesian_keep010_seed42,65,ola,global,,,layers.1.bias,db,0,-69.48823104592807,-69.09040335700455,-69.2893172014663,1,0.2513651080209817,0.1,10
bayesfl_observability_v1,ola_sparse_bayesian_keep010_seed42,65,ola,global,,,layers.1.bias,db,1,-69.09040335700455,-68.692575668081,-68.89148951254278,0,0.0,0.1,10
bayesfl_observability_v1,ola_sparse_bayesian_keep010_seed42,65,ola,global,,,layers.1.bias,db,2,-68.692575668081,-68.29474797915748,-68.49366182361925,0,0.0,0.1,10
bayesfl_observability_v1,ola_sparse_bayesian_keep010_seed42,65,ola,global,,,layers.1.bias,db,3,-68.29474797915748,-67.89692029023394,-68.0958341346957,0,0.0,0.1,10
bayesfl_observability_v1,ola_sparse_bayesian_keep010_seed42,65,ola,global,,,layers.1.bias,db,4,-67.89692029023394,-67.49909260131041,-67.69800644577217,0,0.0,0.1,10
bayesfl_observability_v1,ola_sparse_bayesian_keep010_seed42,65,ola,global,,,layers.1.bias,db,5,-67.49909260131041,-67.10126491238687,-67.30017875684864,1,0.2513651080209727,0.2,10
bayesfl_observability_v1,ola_sparse_bayesian_keep010_seed42,65,ola,global,,,layers.1.bias,db,6,-67.10126491238687,-66.70343722346334,-66.90235106792511,0,0.0,0.2,10
bayesfl_observability_v1,ola_sparse_bayesian_keep010_seed42,65,ola,global,,,layers.1.bias,db,7,-66.70343722346334,-66.3056095345398,-66.50452337900157,0,0.0,0.2,10
bayesfl_observability_v1,ola_sparse_bayesian_keep010_seed42,65,ola,global,,,layers.1.bias,db,8,-66.3056095345398,-65.90778184561627,-66.10669569007803,0,0.0,0.2,10
bayesfl_observability_v1,ola_sparse_bayesian_keep010_seed42,65,ola,global,,,layers.1.bias,db,9,-65.90778184561627,-65.50995415669273,-65.7088680011545,1,0.2513651080209727,0.3,10
bayesfl_observability_v1,ola_sparse_bayesian_keep010_seed42,65,ola,global,,,layers.1.bias,db,10,-65.50995415669273,-65.1121264677692,-65.31104031223097,0,0.0,0.3,10
bayesfl_observability_v1,ola_sparse_bayesian_keep010_seed42,65,ola,global,,,layers.1.bias,db,11,-65.1121264677692,-64.71429877884566,-64.91321262330743,1,0.2513651080209727,0.4,10
bayesfl_observability_v1,ola_sparse_bayesian_keep010_seed42,65,ola,global,,,layers.1.bias,db,12,-64.71429877884566,-64.31647108992213,-64.51538493438389,0,0.0,0.4,10
bayesfl_observability_v1,ola_sparse_bayesian_keep010_seed42,65,ola,global,,,layers.1.bias,db,13,-64.31647108992213,-63.91864340099859,-64.11755724546036,0,0.0,0.4,10
bayesfl_observability_v1,ola_sparse_bayesian_keep010_seed42,65,ola,global,,,layers.1.bias,db,14,-63.91864340099859,-63.52081571207506,-63.71972955653683,0,0.0,0.4,10
bayesfl_observability_v1,ola_sparse_bayesian_keep010_seed42,65,ola,global,,,layers.1.bias,db,15,-63.52081571207506,-63.12298802315153,-63.32190186761329,0,0.0,0.4,10
bayesfl_observability_v1,ola_sparse_bayesian_keep010_seed42,65,ola,global,,,layers.1.bias,db,16,-63.12298802315153,-62.72516033422799,-62.924074178689764,0,0.0,0.4,10
bayesfl_observability_v1,ola_sparse_bayesian_keep010_seed42,65,ola,global,,,layers.1.bias,db,17,-62.72516033422799,-62.32733264530446,-62.52624648976622,0,0.0,0.4,10
bayesfl_observability_v1,ola_sparse_bayesian_keep010_seed42,65,ola,global,,,layers.1.bias,db,18,-62.32733264530446,-61.929504956380924,-62.128418800842695,0,0.0,0.4,10
bayesfl_observability_v1,ola_sparse_bayesian_keep010_seed42,65,ola,global,,,layers.1.bias,db,19,-61.929504956380924,-61.53167726745739,-61.73059111191915,1,0.2513651080209772,0.5,10
bayesfl_observability_v1,ola_sparse_bayesian_keep010_seed42,65,ola,global,,,layers.1.bias,db,20,-61.53167726745739,-61.133849578533855,-61.332763422995626,0,0.0,0.5,10
bayesfl_observability_v1,ola_sparse_bayesian_keep010_seed42,65,ola,global,,,layers.1.bias,db,21,-61.133849578533855,-60.73602188961032,-60.934935734072084,0,0.0,0.5,10
bayesfl_observability_v1,ola_sparse_bayesian_keep010_seed42,65,ola,global,,,layers.1.bias,db,22,-60.73602188961032,-60.338194200686786,-60.53710804514856,0,0.0,0.5,10
bayesfl_observability_v1,ola_sparse_bayesian_keep010_seed42,65,ola,global,,,layers.1.bias,db,23,-60.338194200686786,-59.94036651176325,-60.139280356225015,0,0.0,0.5,10
bayesfl_observability_v1,ola_sparse_bayesian_keep010_seed42,65,ola,global,,,layers.1.bias,db,24,-59.94036651176325,-59.54253882283972,-59.74145266730149,0,0.0,0.5,10
bayesfl_observability_v1,ola_sparse_bayesian_keep010_seed42,65,ola,global,,,layers.1.bias,db,25,-59.54253882283972,-59.14471113391618,-59.343624978377946,0,0.0,0.5,10
bayesfl_observability_v1,ola_sparse_bayesian_keep010_seed42,65,ola,global,,,layers.1.bias,db,26,-59.14471113391618,-58.74688344499265,-58.94579728945442,1,0.2513651080209772,0.6,10
bayesfl_observability_v1,ola_sparse_bayesian_keep010_seed42,65,ola,global,,,layers.1.bias,db,27,-58.74688344499265,-58.34905575606911,-58.54796960053088,0,0.0,0.6,10
bayesfl_observability_v1,ola_sparse_bayesian_keep010_seed42,65,ola,global,,,layers.1.bias,db,28,-58.34905575606911,-57.95122806714558,-58.15014191160735,0,0.0,0.6,10
bayesfl_observability_v1,ola_sparse_bayesian_keep010_seed42,65,ola,global,,,layers.1.bias,db,29,-57.95122806714558,-57.553400378222044,-57.75231422268381,0,0.0,0.6,10
bayesfl_observability_v1,ola_sparse_bayesian_keep010_seed42,65,ola,global,,,layers.1.bias,db,30,-57.553400378222044,-57.15557268929851,-57.35448653376028,0,0.0,0.6,10
bayesfl_observability_v1,ola_sparse_bayesian_keep010_seed42,65,ola,global,,,layers.1.bias,db,31,-57.15557268929851,-56.757745000374975,-56.95665884483674,0,0.0,0.6,10
bayesfl_observability_v1,ola_sparse_bayesian_keep010_seed42,65,ola,global,,,layers.1.bias,db,32,-56.757745000374975,-56.35991731145144,-56.55883115591321,0,0.0,0.6,10
bayesfl_observability_v1,ola_sparse_bayesian_keep010_seed42,65,ola,global,,,layers.1.bias,db,33,-56.35991731145144,-55.962089622527905,-56.16100346698967,0,0.0,0.6,10
bayesfl_observability_v1,ola_sparse_bayesian_keep010_seed42,65,ola,global,,,layers.1.bias,db,34,-55.962089622527905,-55.56426193360437,-55.76317577806614,0,0.0,0.6,10
bayesfl_observability_v1,ola_sparse_bayesian_keep010_seed42,65,ola,global,,,layers.1.bias,db,35,-55.56426193360437,-55.16643424468084,-55.36534808914261,0,0.0,0.6,10
bayesfl_observability_v1,ola_sparse_bayesian_keep010_seed42,65,ola,global,,,layers.1.bias,db,36,-55.16643424468084,-54.7686065557573,-54.96752040021907,0,0.0,0.6,10
bayesfl_observability_v1,ola_sparse_bayesian_keep010_seed42,65,ola,global,,,layers.1.bias,db,37,-54.7686065557573,-54.370778866833774,-54.56969271129554,0,0.0,0.6,10
bayesfl_observability_v1,ola_sparse_bayesian_keep010_seed42,65,ola,global,,,layers.1.bias,db,38,-54.370778866833774,-53.97295117791023,-54.171865022372,0,0.0,0.6,10
bayesfl_observability_v1,ola_sparse_bayesian_keep010_seed42,65,ola,global,,,layers.1.bias,db,39,-53.97295117791023,-53.575123488986705,-53.77403733344847,0,0.0,0.6,10
bayesfl_observability_v1,ola_sparse_bayesian_keep010_seed42,65,ola,global,,,layers.1.bias,db,40,-53.575123488986705,-53.17729580006316,-53.376209644524934,0,0.0,0.6,10
bayesfl_observability_v1,ola_sparse_bayesian_keep010_seed42,65,ola,global,,,layers.1.bias,db,41,-53.17729580006316,-52.779468111139636,-52.9783819556014,0,0.0,0.6,10
bayesfl_observability_v1,ola_sparse_bayesian_keep010_seed42,65,ola,global,,,layers.1.bias,db,42,-52.779468111139636,-52.381640422216094,-52.580554266677865,0,0.0,0.6,10
bayesfl_observability_v1,ola_sparse_bayesian_keep010_seed42,65,ola,global,,,layers.1.bias,db,43,-52.381640422216094,-51.98381273329257,-52.18272657775433,0,0.0,0.6,10
bayesfl_observability_v1,ola_sparse_bayesian_keep010_seed42,65,ola,global,,,layers.1.bias,db,44,-51.98381273329257,-51.58598504436903,-51.784898888830796,0,0.0,0.6,10
bayesfl_observability_v1,ola_sparse_bayesian_keep010_seed42,65,ola,global,,,layers.1.bias,db,45,-51.58598504436903,-51.1881573554455,-51.38707119990727,0,0.0,0.6,10
bayesfl_observability_v1,ola_sparse_bayesian_keep010_seed42,65,ola,global,,,layers.1.bias,db,46,-51.1881573554455,-50.79032966652196,-50.98924351098373,0,0.0,0.6,10
bayesfl_observability_v1,ola_sparse_bayesian_keep010_seed42,65,ola,global,,,layers.1.bias,db,47,-50.79032966652196,-50.39250197759843,-50.5914158220602,0,0.0,0.6,10
bayesfl_observability_v1,ola_sparse_bayesian_keep010_seed42,65,ola,global,,,layers.1.bias,db,48,-50.39250197759843,-49.994674288674894,-50.19358813313666,0,0.0,0.6,10
bayesfl_observability_v1,ola_sparse_bayesian_keep010_seed42,65,ola,global,,,layers.1.bias,db,49,-49.994674288674894,-49.59684659975136,-49.79576044421313,0,0.0,0.6,10
bayesfl_observability_v1,ola_sparse_bayesian_keep010_seed42,65,ola,global,,,layers.1.bias,db,50,-49.59684659975136,-49.199018910827824,-49.39793275528959,0,0.0,0.6,10
bayesfl_observability_v1,ola_sparse_bayesian_keep010_seed42,65,ola,global,,,layers.1.bias,db,51,-49.199018910827824,-48.80119122190429,-49.00010506636606,0,0.0,0.6,10
bayesfl_observability_v1,ola_sparse_bayesian_keep010_seed42,65,ola,global,,,layers.1.bias,db,52,-48.80119122190429,-48.403363532980755,-48.60227737744252,0,0.0,0.6,10
bayesfl_observability_v1,ola_sparse_bayesian_keep010_seed42,65,ola,global,,,layers.1.bias,db,53,-48.403363532980755,-48.00553584405722,-48.20444968851899,1,0.2513651080209772,0.7,10
bayesfl_observability_v1,ola_sparse_bayesian_keep010_seed42,65,ola,global,,,layers.1.bias,db,54,-48.00553584405722,-47.607708155133686,-47.80662199959545,0,0.0,0.7,10
bayesfl_observability_v1,ola_sparse_bayesian_keep010_seed42,65,ola,global,,,layers.1.bias,db,55,-47.607708155133686,-47.20988046621015,-47.40879431067192,0,0.0,0.7,10
bayesfl_observability_v1,ola_sparse_bayesian_keep010_seed42,65,ola,global,,,layers.1.bias,db,56,-47.20988046621015,-46.81205277728662,-47.01096662174838,1,0.2513651080209772,0.8,10
bayesfl_observability_v1,ola_sparse_bayesian_keep010_seed42,65,ola,global,,,layers.1.bias,db,57,-46.81205277728662,-46.41422508836308,-46.61313893282485,1,0.2513651080209772,0.9,10
bayesfl_observability_v1,ola_sparse_bayesian_keep010_seed42,65,ola,global,,,layers.1.bias,db,58,-46.41422508836308,-46.016397399439555,-46.21531124390132,0,0.0,0.9,10
bayesfl_observability_v1,ola_sparse_bayesian_keep010_seed42,65,ola,global,,,layers.1.bias,db,59,-46.016397399439555,-45.61856971051601,-45.817483554977784,0,0.0,0.9,10
bayesfl_observability_v1,ola_sparse_bayesian_keep010_seed42,65,ola,global,,,layers.1.bias,db,60,-45.61856971051601,-45.220742021592486,-45.41965586605425,0,0.0,0.9,10
bayesfl_observability_v1,ola_sparse_bayesian_keep010_seed42,65,ola,global,,,layers.1.bias,db,61,-45.220742021592486,-44.822914332668944,-45.021828177130715,0,0.0,0.9,10
bayesfl_observability_v1,ola_sparse_bayesian_keep010_seed42,65,ola,global,,,layers.1.bias,db,62,-44.822914332668944,-44.425086643745416,-44.62400048820718,0,0.0,0.9,10
bayesfl_observability_v1,ola_sparse_bayesian_keep010_seed42,65,ola,global,,,layers.1.bias,db,63,-44.425086643745416,-44.027258954821875,-44.226172799283646,0,0.0,0.9,10
bayesfl_observability_v1,ola_sparse_bayesian_keep010_seed42,65,ola,global,,,layers.1.bias,db,64,-44.027258954821875,-43.62943126589835,-43.82834511036011,0,0.0,0.9,10
bayesfl_observability_v1,ola_sparse_bayesian_keep010_seed42,65,ola,global,,,layers.1.bias,db,65,-43.62943126589835,-43.231603576974805,-43.430517421436576,0,0.0,0.9,10
bayesfl_observability_v1,ola_sparse_bayesian_keep010_seed42,65,ola,global,,,layers.1.bias,db,66,-43.231603576974805,-42.83377588805128,-43.03268973251304,0,0.0,0.9,10
bayesfl_observability_v1,ola_sparse_bayesian_keep010_seed42,65,ola,global,,,layers.1.bias,db,67,-42.83377588805128,-42.435948199127736,-42.63486204358951,0,0.0,0.9,10
bayesfl_observability_v1,ola_sparse_bayesian_keep010_seed42,65,ola,global,,,layers.1.bias,db,68,-42.435948199127736,-42.03812051020421,-42.23703435466597,0,0.0,0.9,10
bayesfl_observability_v1,ola_sparse_bayesian_keep010_seed42,65,ola,global,,,layers.1.bias,db,69,-42.03812051020421,-41.64029282128067,-41.83920666574244,0,0.0,0.9,10
bayesfl_observability_v1,ola_sparse_bayesian_keep010_seed42,65,ola,global,,,layers.1.bias,db,70,-41.64029282128067,-41.24246513235714,-41.4413789768189,0,0.0,0.9,10
bayesfl_observability_v1,ola_sparse_bayesian_keep010_seed42,65,ola,global,,,layers.1.bias,db,71,-41.24246513235714,-40.844637443433605,-41.04355128789537,0,0.0,0.9,10
bayesfl_observability_v1,ola_sparse_bayesian_keep010_seed42,65,ola,global,,,layers.1.bias,db,72,-40.844637443433605,-40.44680975451007,-40.64572359897184,0,0.0,0.9,10
bayesfl_observability_v1,ola_sparse_bayesian_keep010_seed42,65,ola,global,,,layers.1.bias,db,73,-40.44680975451007,-40.048982065586536,-40.2478959100483,0,0.0,0.9,10
bayesfl_observability_v1,ola_sparse_bayesian_keep010_seed42,65,ola,global,,,layers.1.bias,db,74,-40.048982065586536,-39.651154376663,-39.85006822112477,0,0.0,0.9,10
bayesfl_observability_v1,ola_sparse_bayesian_keep010_seed42,65,ola,global,,,layers.1.bias,db,75,-39.651154376663,-39.25332668773947,-39.45224053220123,0,0.0,0.9,10
bayesfl_observability_v1,ola_sparse_bayesian_keep010_seed42,65,ola,global,,,layers.1.bias,db,76,-39.25332668773947,-38.85549899881593,-39.0544128432777,0,0.0,0.9,10
bayesfl_observability_v1,ola_sparse_bayesian_keep010_seed42,65,ola,global,,,layers.1.bias,db,77,-38.85549899881593,-38.4576713098924,-38.65658515435416,0,0.0,0.9,10
bayesfl_observability_v1,ola_sparse_bayesian_keep010_seed42,65,ola,global,,,layers.1.bias,db,78,-38.4576713098924,-38.05984362096886,-38.258757465430634,0,0.0,0.9,10
bayesfl_observability_v1,ola_sparse_bayesian_keep010_seed42,65,ola,global,,,layers.1.bias,db,79,-38.05984362096886,-37.66201593204533,-37.86092977650709,1,0.2513651080209772,1.0,10
bayesfl_observability_v1,ola_sparse_bayesian_keep010_seed42,70,ola,global,,,all,raw,0,2.0005701773262004e-08,0.0010073697461081773,0.0005036948759049753,71470,697.1459821192524,0.7022698241131964,101770
bayesfl_observability_v1,ola_sparse_bayesian_keep010_seed42,70,ola,global,,,all,raw,1,0.0010073697461081773,0.002014719486514581,0.0015110446163113791,25529,249.01972544455572,0.9531197798958436,101770
bayesfl_observability_v1,ola_sparse_bayesian_keep010_seed42,70,ola,global,,,all,raw,2,0.002014719486514581,0.003022069226920985,0.002518394356717783,3615,35.26210613349794,0.9886410533556058,101770
bayesfl_observability_v1,ola_sparse_bayesian_keep010_seed42,70,ola,global,,,all,raw,3,0.003022069226920985,0.004029418967327389,0.003525744097124187,399,3.8920000960624277,0.9925616586420359,101770
bayesfl_observability_v1,ola_sparse_bayesian_keep010_seed42,70,ola,global,,,all,raw,4,0.004029418967327389,0.005036768707733793,0.004533093837530591,148,1.4436491584391962,0.9940159182470276,101770
bayesfl_observability_v1,ola_sparse_bayesian_keep010_seed42,70,ola,global,,,all,raw,5,0.005036768707733793,0.006044118448140197,0.005540443577936995,95,0.9266666895386733,0.9949493956961777,101770
bayesfl_observability_v1,ola_sparse_bayesian_keep010_seed42,70,ola,global,,,all,raw,6,0.006044118448140197,0.007051468188546601,0.006547793318343399,82,0.7998596688649601,0.9957551341259703,101770
bayesfl_observability_v1,ola_sparse_bayesian_keep010_seed42,70,ola,global,,,all,raw,7,0.007051468188546601,0.008058817928953006,0.007555143058749804,69,0.6730526481912462,0.9964331335364056,101770
bayesfl_observability_v1,ola_sparse_bayesian_keep010_seed42,70,ola,global,,,all,raw,8,0.008058817928953006,0.00906616766935941,0.008562492799156208,51,0.4974736964891825,0.996934263535423,101770
bayesfl_observability_v1,ola_sparse_bayesian_keep010_seed42,70,ola,global,,,all,raw,9,0.00906616766935941,0.010073517409765814,0.009569842539562612,42,0.4096842206381503,0.9973469588287315,101770
bayesfl_observability_v1,ola_sparse_bayesian_keep010_seed42,70,ola,global,,,all,raw,10,0.010073517409765814,0.011080867150172218,0.010577192279969016,40,0.3901754482268098,0.9977400019652157,101770
bayesfl_observability_v1,ola_sparse_bayesian_keep010_seed42,70,ola,global,,,all,raw,11,0.011080867150172218,0.012088216890578622,0.01158454202037542,27,0.26336842755309664,0.9980053060823425,101770
bayesfl_observability_v1,ola_sparse_bayesian_keep010_seed42,70,ola,global,,,all,raw,12,0.012088216890578622,0.013095566630985026,0.012591891760781824,16,0.15607017929072392,0.9981625233369362,101770
bayesfl_observability_v1,ola_sparse_bayesian_keep010_seed42,70,ola,global,,,all,raw,13,0.013095566630985026,0.01410291637139143,0.013599241501188228,21,0.20484211031907515,0.9983688709835904,101770
bayesfl_observability_v1,ola_sparse_bayesian_keep010_seed42,70,ola,global,,,all,raw,14,0.01410291637139143,0.015110266111797834,0.014606591241594632,14,0.13656140687938342,0.9985064360813599,101770
bayesfl_observability_v1,ola_sparse_bayesian_keep010_seed42,70,ola,global,,,all,raw,15,0.015110266111797834,0.016117615852204236,0.015613940982001036,15,0.1463157930850539,0.9986538272575415,101770
bayesfl_observability_v1,ola_sparse_bayesian_keep010_seed42,70,ola,global,,,all,raw,16,0.016117615852204236,0.01712496559261064,0.016621290722407436,16,0.15607017929072392,0.9988110445121352,101770
bayesfl_observability_v1,ola_sparse_bayesian_keep010_seed42,70,ola,global,,,all,raw,17,0.01712496559261064,0.018132315333017044,0.017628640462813844,21,0.20484211031907515,0.9990173921587894,101770
bayesfl_observability_v1,ola_sparse_bayesian_keep010_seed42,70,ola,global,,,all,raw,18,0.018132315333017044,0.019139665073423448,0.018635990203220244,12,0.11705263446804294,0.9991353050997347,101770
bayesfl_observability_v1,ola_sparse_bayesian_keep010_seed42,70,ola,global,,,all,raw,19,0.019139665073423448,0.020147014813829852,0.019643339943626652,7,0.06828070343969171,0.9992040876486195,101770
bayesfl_observability_v1,ola_sparse_bayesian_keep010_seed42,70,ola,global,,,all,raw,20,0.020147014813829852,0.021154364554236256,0.020650689684033052,10,0.09754386205670244,0.9993023484327405,101770
bayesfl_observability_v1,ola_sparse_bayesian_keep010_seed42,70,ola,global,,,all,raw,21,0.021154364554236256,0.02216171429464266,0.02165803942443946,4,0.03901754482268098,0.9993416527463889,101770
bayesfl_observability_v1,ola_sparse_bayesian_keep010_seed42,70,ola,global,,,all,raw,22,0.02216171429464266,0.023169064035049064,0.02266538916484586,5,0.04877193102835122,0.9993907831384494,101770
bayesfl_observability_v1,ola_sparse_bayesian_keep010_seed42,70,ola,global,,,all,raw,23,0.023169064035049064,0.024176413775455468,0.023672738905252268,6,0.05852631723402147,0.999449739608922,101770
bayesfl_observability_v1,ola_sparse_bayesian_keep010_seed42,70,ola,global,,,all,raw,24,0.024176413775455468,0.025183763515861872,0.024680088645658668,3,0.029263158617010735,0.9994792178441584,101770
bayesfl_observability_v1,ola_sparse_bayesian_keep010_seed42,70,ola,global,,,all,raw,25,0.025183763515861872,0.026191113256268276,0.025687438386065076,3,0.029263158617010735,0.9995086960793947,101770
bayesfl_observability_v1,ola_sparse_bayesian_keep010_seed42,70,ola,global,,,all,raw,26,0.026191113256268276,0.02719846299667468,0.026694788126471476,3,0.029263158617010735,0.999538174314631,101770
bayesfl_observability_v1,ola_sparse_bayesian_keep010_seed42,70,ola,global,,,all,raw,27,0.02719846299667468,0.028205812737081084,0.027702137866877884,3,0.029263158617010735,0.9995676525498673,101770
bayesfl_observability_v1,ola_sparse_bayesian_keep010_seed42,70,ola,global,,,all,raw,28,0.028205812737081084,0.029213162477487488,0.028709487607284284,4,0.03901754482268098,0.9996069568635157,101770
bayesfl_observability_v1,ola_sparse_bayesian_keep010_seed42,70,ola,global,,,all,raw,29,0.029213162477487488,0.030220512217893892,0.02971683734769069,4,0.03901754482268098,0.9996462611771642,101770
bayesfl_observability_v1,ola_sparse_bayesian_keep010_seed42,70,ola,global,,,all,raw,30,0.030220512217893892,0.031227861958300296,0.030724187088097092,3,0.029263158617010735,0.9996757394124005,101770
bayesfl_observability_v1,ola_sparse_bayesian_keep010_seed42,70,ola,global,,,all,raw,31,0.031227861958300296,0.0322352116987067,0.0317315368285035,2,0.01950877241134042,0.9996953915692247,101770
bayesfl_observability_v1,ola_sparse_bayesian_keep010_seed42,70,ola,global,,,all,raw,32,0.0322352116987067,0.03324256143911311,0.03273888656890991,1,0.00975438620567021,0.9997052176476369,101770
bayesfl_observability_v1,ola_sparse_bayesian_keep010_seed42,70,ola,global,,,all,raw,33,0.03324256143911311,0.03424991117951951,0.03374623630931631,1,0.009754386205670278,0.9997150437260489,101770
bayesfl_observability_v1,ola_sparse_bayesian_keep010_seed42,70,ola,global,,,all,raw,34,0.03424991117951951,0.03525726091992591,0.034753586049722715,1,0.009754386205670278,0.9997248698044611,101770
bayesfl_observability_v1,ola_sparse_bayesian_keep010_seed42,70,ola,global,,,all,raw,35,0.03525726091992591,0.03626461066033232,0.035760935790129116,2,0.01950877241134042,0.9997445219612853,101770
bayesfl_observability_v1,ola_sparse_bayesian_keep010_seed42,70,ola,global,,,all,raw,36,0.03626461066033232,0.03727196040073873,0.03676828553053552,3,0.029263158617010634,0.9997740001965215,101770
bayesfl_observability_v1,ola_sparse_bayesian_keep010_seed42,70,ola,global,,,all,raw,37,0.03727196040073873,0.03827931014114513,0.037775635270941924,4,0.03901754482268111,0.99981330451017,101770
bayesfl_observability_v1,ola_sparse_bayesian_keep010_seed42,70,ola,global,,,all,raw,38,0.03827931014114513,0.03928665988155153,0.03878298501134833,4,0.03901754482268111,0.9998526088238184,101770
bayesfl_observability_v1,ola_sparse_bayesian_keep010_seed42,70,ola,global,,,all,raw,39,0.03928665988155153,0.040294009621957935,0.03979033475175473,1,0.00975438620567021,0.9998624349022305,101770
bayesfl_observability_v1,ola_sparse_bayesian_keep010_seed42,70,ola,global,,,all,raw,40,0.040294009621957935,0.04130135936236434,0.04079768449216114,1,0.00975438620567021,0.9998722609806426,101770
bayesfl_observability_v1,ola_sparse_bayesian_keep010_seed42,70,ola,global,,,all,raw,41,0.04130135936236434,0.04230870910277074,0.04180503423256754,0,0.0,0.9998722609806426,101770
bayesfl_observability_v1,ola_sparse_bayesian_keep010_seed42,70,ola,global,,,all,raw,42,0.04230870910277074,0.043316058843177144,0.04281238397297395,0,0.0,0.9998722609806426,101770
bayesfl_observability_v1,ola_sparse_bayesian_keep010_seed42,70,ola,global,,,all,raw,43,0.043316058843177144,0.04432340858358355,0.04381973371338035,1,0.00975438620567021,0.9998820870590547,101770
bayesfl_observability_v1,ola_sparse_bayesian_keep010_seed42,70,ola,global,,,all,raw,44,0.04432340858358355,0.04533075832398996,0.044827083453786755,0,0.0,0.9998820870590547,101770
bayesfl_observability_v1,ola_sparse_bayesian_keep010_seed42,70,ola,global,,,all,raw,45,0.04533075832398996,0.04633810806439636,0.045834433194193155,1,0.009754386205670278,0.9998919131374668,101770
bayesfl_observability_v1,ola_sparse_bayesian_keep010_seed42,70,ola,global,,,all,raw,46,0.04633810806439636,0.04734545780480276,0.04684178293459956,1,0.009754386205670278,0.999901739215879,101770
bayesfl_observability_v1,ola_sparse_bayesian_keep010_seed42,70,ola,global,,,all,raw,47,0.04734545780480276,0.04835280754520917,0.04784913267500596,1,0.00975438620567021,0.999911565294291,101770
bayesfl_observability_v1,ola_sparse_bayesian_keep010_seed42,70,ola,global,,,all,raw,48,0.04835280754520917,0.049360157285615575,0.04885648241541237,0,0.0,0.999911565294291,101770
bayesfl_observability_v1,ola_sparse_bayesian_keep010_seed42,70,ola,global,,,all,raw,49,0.049360157285615575,0.050367507026021975,0.04986383215581877,0,0.0,0.999911565294291,101770
bayesfl_observability_v1,ola_sparse_bayesian_keep010_seed42,70,ola,global,,,all,raw,50,0.050367507026021975,0.051374856766428376,0.05087118189622518,0,0.0,0.999911565294291,101770
bayesfl_observability_v1,ola_sparse_bayesian_keep010_seed42,70,ola,global,,,all,raw,51,0.051374856766428376,0.05238220650683478,0.05187853163663158,1,0.00975438620567021,0.9999213913727032,101770
bayesfl_observability_v1,ola_sparse_bayesian_keep010_seed42,70,ola,global,,,all,raw,52,0.05238220650683478,0.05338955624724119,0.05288588137703799,2,0.01950877241134042,0.9999410435295274,101770
bayesfl_observability_v1,ola_sparse_bayesian_keep010_seed42,70,ola,global,,,all,raw,53,0.05338955624724119,0.05439690598764759,0.05389323111744439,2,0.019508772411340556,0.9999606956863516,101770
bayesfl_observability_v1,ola_sparse_bayesian_keep010_seed42,70,ola,global,,,all,raw,54,0.05439690598764759,0.05540425572805399,0.054900580857850795,0,0.0,0.9999606956863516,101770
bayesfl_observability_v1,ola_sparse_bayesian_keep010_seed42,70,ola,global,,,all,raw,55,0.05540425572805399,0.0564116054684604,0.055907930598257195,1,0.00975438620567021,0.9999705217647636,101770
bayesfl_observability_v1,ola_sparse_bayesian_keep010_seed42,70,ola,global,,,all,raw,56,0.0564116054684604,0.057418955208866806,0.0569152803386636,0,0.0,0.9999705217647636,101770
bayesfl_observability_v1,ola_sparse_bayesian_keep010_seed42,70,ola,global,,,all,raw,57,0.057418955208866806,0.05842630494927321,0.05792263007907,0,0.0,0.9999705217647636,101770
bayesfl_observability_v1,ola_sparse_bayesian_keep010_seed42,70,ola,global,,,all,raw,58,0.05842630494927321,0.05943365468967961,0.05892997981947641,0,0.0,0.9999705217647636,101770
bayesfl_observability_v1,ola_sparse_bayesian_keep010_seed42,70,ola,global,,,all,raw,59,0.05943365468967961,0.060441004430086015,0.05993732955988281,1,0.00975438620567021,0.9999803478431758,101770
bayesfl_observability_v1,ola_sparse_bayesian_keep010_seed42,70,ola,global,,,all,raw,60,0.060441004430086015,0.06144835417049242,0.06094467930028922,0,0.0,0.9999803478431758,101770
bayesfl_observability_v1,ola_sparse_bayesian_keep010_seed42,70,ola,global,,,all,raw,61,0.06144835417049242,0.06245570391089882,0.06195202904069562,0,0.0,0.9999803478431758,101770
bayesfl_observability_v1,ola_sparse_bayesian_keep010_seed42,70,ola,global,,,all,raw,62,0.06245570391089882,0.06346305365130522,0.06295937878110203,1,0.009754386205670278,0.9999901739215878,101770
bayesfl_observability_v1,ola_sparse_bayesian_keep010_seed42,70,ola,global,,,all,raw,63,0.06346305365130522,0.06447040339171163,0.06396672852150842,0,0.0,0.9999901739215878,101770
bayesfl_observability_v1,ola_sparse_bayesian_keep010_seed42,70,ola,global,,,all,raw,64,0.06447040339171163,0.06547775313211804,0.06497407826191484,0,0.0,0.9999901739215878,101770
bayesfl_observability_v1,ola_sparse_bayesian_keep010_seed42,70,ola,global,,,all,raw,65,0.06547775313211804,0.06648510287252445,0.06598142800232124,0,0.0,0.9999901739215878,101770
bayesfl_observability_v1,ola_sparse_bayesian_keep010_seed42,70,ola,global,,,all,raw,66,0.06648510287252445,0.06749245261293084,0.06698877774272764,0,0.0,0.9999901739215878,101770
bayesfl_observability_v1,ola_sparse_bayesian_keep010_seed42,70,ola,global,,,all,raw,67,0.06749245261293084,0.06849980235333725,0.06799612748313405,0,0.0,0.9999901739215878,101770
bayesfl_observability_v1,ola_sparse_bayesian_keep010_seed42,70,ola,global,,,all,raw,68,0.06849980235333725,0.06950715209374365,0.06900347722354044,0,0.0,0.9999901739215878,101770
bayesfl_observability_v1,ola_sparse_bayesian_keep010_seed42,70,ola,global,,,all,raw,69,0.06950715209374365,0.07051450183415005,0.07001082696394685,0,0.0,0.9999901739215878,101770
bayesfl_observability_v1,ola_sparse_bayesian_keep010_seed42,70,ola,global,,,all,raw,70,0.07051450183415005,0.07152185157455646,0.07101817670435326,0,0.0,0.9999901739215878,101770
bayesfl_observability_v1,ola_sparse_bayesian_keep010_seed42,70,ola,global,,,all,raw,71,0.07152185157455646,0.07252920131496286,0.07202552644475965,0,0.0,0.9999901739215878,101770
bayesfl_observability_v1,ola_sparse_bayesian_keep010_seed42,70,ola,global,,,all,raw,72,0.07252920131496286,0.07353655105536927,0.07303287618516607,0,0.0,0.9999901739215878,101770
bayesfl_observability_v1,ola_sparse_bayesian_keep010_seed42,70,ola,global,,,all,raw,73,0.07353655105536927,0.07454390079577568,0.07404022592557247,0,0.0,0.9999901739215878,101770
bayesfl_observability_v1,ola_sparse_bayesian_keep010_seed42,70,ola,global,,,all,raw,74,0.07454390079577568,0.07555125053618207,0.07504757566597887,0,0.0,0.9999901739215878,101770
bayesfl_observability_v1,ola_sparse_bayesian_keep010_seed42,70,ola,global,,,all,raw,75,0.07555125053618207,0.07655860027658848,0.07605492540638528,0,0.0,0.9999901739215878,101770
bayesfl_observability_v1,ola_sparse_bayesian_keep010_seed42,70,ola,global,,,all,raw,76,0.07655860027658848,0.07756595001699489,0.07706227514679168,0,0.0,0.9999901739215878,101770
bayesfl_observability_v1,ola_sparse_bayesian_keep010_seed42,70,ola,global,,,all,raw,77,0.07756595001699489,0.07857329975740128,0.07806962488719808,0,0.0,0.9999901739215878,101770
bayesfl_observability_v1,ola_sparse_bayesian_keep010_seed42,70,ola,global,,,all,raw,78,0.07857329975740128,0.07958064949780769,0.07907697462760449,0,0.0,0.9999901739215878,101770
bayesfl_observability_v1,ola_sparse_bayesian_keep010_seed42,70,ola,global,,,all,raw,79,0.07958064949780769,0.0805879992382141,0.08008432436801088,1,0.00975438620567021,1.0,101770
bayesfl_observability_v1,ola_sparse_bayesian_keep010_seed42,70,ola,global,,,all,db,0,-153.97649003110982,-152.32521631230512,-153.15085317170747,1,5.950605463047321e-06,9.826078412105729e-06,101770
bayesfl_observability_v1,ola_sparse_bayesian_keep010_seed42,70,ola,global,,,all,db,1,-152.32521631230512,-150.67394259350044,-151.49957945290276,2,1.1901210926094846e-05,2.9478235236317185e-05,101770
bayesfl_observability_v1,ola_sparse_bayesian_keep010_seed42,70,ola,global,,,all,db,2,-150.67394259350044,-149.02266887469574,-149.8483057340981,0,0.0,2.9478235236317185e-05,101770
bayesfl_observability_v1,ola_sparse_bayesian_keep010_seed42,70,ola,global,,,all,db,3,-149.02266887469574,-147.37139515589107,-148.19703201529342,1,5.950605463047423e-06,3.9304313648422916e-05,101770
bayesfl_observability_v1,ola_sparse_bayesian_keep010_seed42,70,ola,global,,,all,db,4,-147.37139515589107,-145.72012143708636,-146.5457582964887,1,5.950605463047321e-06,4.913039206052864e-05,101770
bayesfl_observability_v1,ola_sparse_bayesian_keep010_seed42,70,ola,global,,,all,db,5,-145.72012143708636,-144.0688477182817,-144.894484577684,0,0.0,4.913039206052864e-05,101770
bayesfl_observability_v1,ola_sparse_bayesian_keep010_seed42,70,ola,global,,,all,db,6,-144.0688477182817,-142.41757399947699,-143.24321085887934,0,0.0,4.913039206052864e-05,101770
bayesfl_observability_v1,ola_sparse_bayesian_keep010_seed42,70,ola,global,,,all,db,7,-142.41757399947699,-140.7663002806723,-141.59193714007466,0,0.0,4.913039206052864e-05,101770
bayesfl_observability_v1,ola_sparse_bayesian_keep010_seed42,70,ola,global,,,all,db,8,-140.7663002806723,-139.1150265618676,-139.94066342126996,2,1.1901210926094641e-05,6.87825488847401e-05,101770
bayesfl_observability_v1,ola_sparse_bayesian_keep010_seed42,70,ola,global,,,all,db,9,-139.1150265618676,-137.46375284306293,-138.28938970246526,2,1.1901210926094846e-05,8.843470570895156e-05,101770
bayesfl_observability_v1,ola_sparse_bayesian_keep010_seed42,70,ola,global,,,all,db,10,-137.46375284306293,-135.81247912425823,-136.63811598366058,1,5.950605463047321e-06,9.826078412105728e-05,101770
bayesfl_observability_v1,ola_sparse_bayesian_keep010_seed42,70,ola,global,,,all,db,11,-135.81247912425823,-134.16120540545356,-134.9868422648559,2,1.1901210926094846e-05,0.00011791294094526874,101770
bayesfl_observability_v1,ola_sparse_bayesian_keep010_seed42,70,ola,global,,,all,db,12,-134.16120540545356,-132.50993168664886,-133.3355685460512,1,5.950605463047321e-06,0.00012773901935737446,101770
bayesfl_observability_v1,ola_sparse_bayesian_keep010_seed42,70,ola,global,,,all,db,13,-132.50993168664886,-130.85865796784418,-131.6842948272465,7,4.165423824133196e-05,0.00019652156824211456,101770
bayesfl_observability_v1,ola_sparse_bayesian_keep010_seed42,70,ola,global,,,all,db,14,-130.85865796784418,-129.20738424903948,-130.03302110844183,3,1.7851816389141964e-05,0.00022599980347843177,101770
bayesfl_observability_v1,ola_sparse_bayesian_keep010_seed42,70,ola,global,,,all,db,15,-129.20738424903948,-127.55611053023479,-128.38174738963713,5,2.9753027315236862e-05,0.0002751301955389604,101770
bayesfl_observability_v1,ola_sparse_bayesian_keep010_seed42,70,ola,global,,,all,db,16,-127.55611053023479,-125.9048368114301,-126.73047367083245,5,2.9753027315236862e-05,0.000324260587599489,101770
bayesfl_observability_v1,ola_sparse_bayesian_keep010_seed42,70,ola,global,,,all,db,17,-125.9048368114301,-124.25356309262541,-125.07919995202775,17,0.00010116029287180533,0.0004913039206052865,101770
bayesfl_observability_v1,ola_sparse_bayesian_keep010_seed42,70,ola,global,,,all,db,18,-124.25356309262541,-122.60228937382072,-123.42792623322308,14,8.330847648266322e-05,0.0006288690183747667,101770
bayesfl_observability_v1,ola_sparse_bayesian_keep010_seed42,70,ola,global,,,all,db,19,-122.60228937382072,-120.95101565501604,-121.77665251441837,9,5.355544916742635e-05,0.0007173037240837182,101770
bayesfl_observability_v1,ola_sparse_bayesian_keep010_seed42,70,ola,global,,,all,db,20,-120.95101565501604,-119.29974193621135,-120.1253787956137,13,7.735787101961583e-05,0.0008450427434410927,101770
bayesfl_observability_v1,ola_sparse_bayesian_keep010_seed42,70,ola,global,,,all,db,21,-119.29974193621135,-117.64846821740666,-118.474105076809,17,0.00010116029287180533,0.00101208607644689,101770
bayesfl_observability_v1,ola_sparse_bayesian_keep010_seed42,70,ola,global,,,all,db,22,-117.64846821740666,-115.99719449860197,-116.82283135800432,12,7.140726555656846e-05,0.0011299990173921587,101770
bayesfl_observability_v1,ola_sparse_bayesian_keep010_seed42,70,ola,global,,,all,db,23,-115.99719449860197,-114.34592077979728,-115.17155763919962,23,0.00013686392565008957,0.0013559988208705907,101770
bayesfl_observability_v1,ola_sparse_bayesian_keep010_seed42,70,ola,global,,,all,db,24,-114.34592077979728,-112.6946470609926,-113.52028392039495,30,0.00017851816389142117,0.0016507811732337624,101770
bayesfl_observability_v1,ola_sparse_bayesian_keep010_seed42,70,ola,global,,,all,db,25,-112.6946470609926,-111.0433733421879,-111.86901020159024,47,0.00027967845676322647,0.002112606858602732,101770
bayesfl_observability_v1,ola_sparse_bayesian_keep010_seed42,70,ola,global,,,all,db,26,-111.0433733421879,-109.39209962338322,-110.21773648278557,46,0.00027372785130017914,0.0025646064655595953,101770
bayesfl_observability_v1,ola_sparse_bayesian_keep010_seed42,70,ola,global,,,all,db,27,-109.39209962338322,-107.74082590457851,-108.56646276398087,42,0.00024992542944798744,0.0029773017588680356,101770
bayesfl_observability_v1,ola_sparse_bayesian_keep010_seed42,70,ola,global,,,all,db,28,-107.74082590457851,-106.08955218577384,-106.91518904517618,55,0.00032728330046760825,0.003517736071533851,101770
bayesfl_observability_v1,ola_sparse_bayesian_keep010_seed42,70,ola,global,,,all,db,29,-106.08955218577384,-104.43827846696914,-105.26391532637149,77,0.0004581966206546437,0.004274344109265992,101770
bayesfl_observability_v1,ola_sparse_bayesian_keep010_seed42,70,ola,global,,,all,db,30,-104.43827846696914,-102.78700474816446,-103.6126416075668,97,0.0005772087299156,0.005227473715240248,101770
bayesfl_observability_v1,ola_sparse_bayesian_keep010_seed42,70,ola,global,,,all,db,31,-102.78700474816446,-101.13573102935976,-101.96136788876211,111,0.0006605172063982526,0.006318168418983984,101770
bayesfl_observability_v1,ola_sparse_bayesian_keep010_seed42,70,ola,global,,,all,db,32,-101.13573102935976,-99.48445731055509,-100.31009416995742,124,0.0007378750774178804,0.007536602142085094,101770
bayesfl_observability_v1,ola_sparse_bayesian_keep010_seed42,70,ola,global,,,all,db,33,-99.48445731055509,-97.83318359175038,-98.65882045115274,153,0.00091044263584624,0.00903999213913727,101770
bayesfl_observability_v1,ola_sparse_bayesian_keep010_seed42,70,ola,global,,,all,db,34,-97.83318359175038,-96.18190987294571,-97.00754673234805,200,0.0011901210926094845,0.011005207821558416,101770
bayesfl_observability_v1,ola_sparse_bayesian_keep010_seed42,70,ola,global,,,all,db,35,-96.18190987294571,-94.530636154141,-95.35627301354336,258,0.0015352562094662087,0.013540336051881693,101770
bayesfl_observability_v1,ola_sparse_bayesian_keep010_seed42,70,ola,global,,,all,db,36,-94.530636154141,-92.87936243533633,-93.70499929473867,284,0.0016899719515054681,0.016330942320919722,101770
bayesfl_observability_v1,ola_sparse_bayesian_keep010_seed42,70,ola,global,,,all,db,37,-92.87936243533633,-91.22808871653163,-92.05372557593398,332,0.0019756010137317107,0.019593200353738825,101770
bayesfl_observability_v1,ola_sparse_bayesian_keep010_seed42,70,ola,global,,,all,db,38,-91.22808871653163,-89.57681499772694,-90.40245185712928,394,0.0023445385524406646,0.02346467524810848,101770
bayesfl_observability_v1,ola_sparse_bayesian_keep010_seed42,70,ola,global,,,all,db,39,-89.57681499772694,-87.92554127892225,-88.7511781383246,497,0.002957450915134544,0.028348236218925026,101770
bayesfl_observability_v1,ola_sparse_bayesian_keep010_seed42,70,ola,global,,,all,db,40,-87.92554127892225,-86.27426756011756,-87.0999044195199,601,0.0035763138832914706,0.03425370934460057,101770
bayesfl_observability_v1,ola_sparse_bayesian_keep010_seed42,70,ola,global,,,all,db,41,-86.27426756011756,-84.62299384131288,-85.44863070071523,714,0.004248732300615824,0.04126952933084406,101770
bayesfl_observability_v1,ola_sparse_bayesian_keep010_seed42,70,ola,global,,,all,db,42,-84.62299384131288,-82.97172012250819,-83.79735698191053,829,0.004933051928866271,0.04941534833447971,101770
bayesfl_observability_v1,ola_sparse_bayesian_keep010_seed42,70,ola,global,,,all,db,43,-82.97172012250819,-81.3204464037035,-82.14608326310585,1064,0.006331444212682404,0.0598702957649602,101770
bayesfl_observability_v1,ola_sparse_bayesian_keep010_seed42,70,ola,global,,,all,db,44,-81.3204464037035,-79.66917268489881,-80.49480954430115,1279,0.007610824387237589,0.07243785005404343,101770
bayesfl_observability_v1,ola_sparse_bayesian_keep010_seed42,70,ola,global,,,all,db,45,-79.66917268489881,-78.01789896609412,-78.84353582549647,1590,0.009461462686245321,0.08806131472929155,101770
bayesfl_observability_v1,ola_sparse_bayesian_keep010_seed42,70,ola,global,,,all,db,46,-78.01789896609412,-76.36662524728943,-77.19226210669177,1822,0.010842003153672312,0.10596442959614817,101770
bayesfl_observability_v1,ola_sparse_bayesian_keep010_seed42,70,ola,global,,,all,db,47,-76.36662524728943,-74.71535152848475,-75.5409883878871,2313,0.013763750436028573,0.12869214896334874,101770
bayesfl_observability_v1,ola_sparse_bayesian_keep010_seed42,70,ola,global,,,all,db,48,-74.71535152848475,-73.06407780968006,-73.8897146690824,2771,0.016489127738104268,0.1559202122432937,101770
bayesfl_observability_v1,ola_sparse_bayesian_keep010_seed42,70,ola,global,,,all,db,49,-73.06407780968006,-71.41280409087537,-72.23844095027772,3222,0.019172850801938632,0.18757983688709837,101770
bayesfl_observability_v1,ola_sparse_bayesian_keep010_seed42,70,ola,global,,,all,db,50,-71.41280409087537,-69.76153037207068,-70.58716723147302,4026,0.02395713759422872,0.22713962857423603,101770
bayesfl_observability_v1,ola_sparse_bayesian_keep010_seed42,70,ola,global,,,all,db,51,-69.76153037207068,-68.11025665326599,-68.93589351266834,4862,0.028931843761336323,0.27491402181389407,101770
bayesfl_observability_v1,ola_sparse_bayesian_keep010_seed42,70,ola,global,,,all,db,52,-68.11025665326599,-66.4589829344613,-67.28461979386364,5927,0.035269238579481776,0.33315318856244475,101770
bayesfl_observability_v1,ola_sparse_bayesian_keep010_seed42,70,ola,global,,,all,db,53,-66.4589829344613,-64.8077092156566,-65.63334607505895,7155,0.04257658208810358,0.4034587796010612,101770
bayesfl_observability_v1,ola_sparse_bayesian_keep010_seed42,70,ola,global,,,all,db,54,-64.8077092156566,-63.15643549685191,-63.98207235625426,8453,0.05030046797913944,0.48651862041859095,101770
bayesfl_observability_v1,ola_sparse_bayesian_keep010_seed42,70,ola,global,,,all,db,55,-63.15643549685191,-61.505161778047224,-62.33079863744957,10163,0.06047600332095045,0.5863810553208214,101770
bayesfl_observability_v1,ola_sparse_bayesian_keep010_seed42,70,ola,global,,,all,db,56,-61.505161778047224,-59.853888059242536,-60.67952491864488,12452,0.07409693922586588,0.708735383708362,101770
bayesfl_observability_v1,ola_sparse_bayesian_keep010_seed42,70,ola,global,,,all,db,57,-59.853888059242536,-58.20261434043785,-59.02825119984019,11030,0.06563517825741251,0.8171170285938881,101770
bayesfl_observability_v1,ola_sparse_bayesian_keep010_seed42,70,ola,global,,,all,db,58,-58.20261434043785,-56.55134062163316,-57.3769774810355,6368,0.03789345558868567,0.8796894959221775,101770
bayesfl_observability_v1,ola_sparse_bayesian_keep010_seed42,70,ola,global,,,all,db,59,-56.55134062163316,-54.90006690282847,-55.725703762230815,5164,0.03072892661117663,0.9304313648422914,101770
bayesfl_observability_v1,ola_sparse_bayesian_keep010_seed42,70,ola,global,,,all,db,60,-54.90006690282847,-53.24879318402378,-54.074430043426126,3505,0.02085687214798104,0.9648717696767221,101770
bayesfl_observability_v1,ola_sparse_bayesian_keep010_seed42,70,ola,global,,,all,db,61,-53.24879318402378,-51.597519465219094,-52.42315632462144,1830,0.01088960799737669,0.9828534931708756,101770
bayesfl_observability_v1,ola_sparse_bayesian_keep010_seed42,70,ola,global,,,all,db,62,-51.597519465219094,-49.946245746414405,-50.77188260581675,731,0.004349892593487629,0.9900363564901248,101770
bayesfl_observability_v1,ola_sparse_bayesian_keep010_seed42,70,ola,global,,,all,db,63,-49.946245746414405,-48.29497202760972,-49.12060888701206,216,0.0012853307800182324,0.9921587894271396,101770
bayesfl_observability_v1,ola_sparse_bayesian_keep010_seed42,70,ola,global,,,all,db,64,-48.29497202760972,-46.64369830880503,-47.46933516820737,143,0.0008509365812157742,0.9935639186400708,101770
bayesfl_observability_v1,ola_sparse_bayesian_keep010_seed42,70,ola,global,,,all,db,65,-46.64369830880503,-44.99242459000034,-45.818061449402684,106,0.0006307641790830214,0.994605482951754,101770
bayesfl_observability_v1,ola_sparse_bayesian_keep010_seed42,70,ola,global,,,all,db,66,-44.99242459000034,-43.34115087119565,-44.166787730597996,99,0.0005891099408416898,0.9955782647145525,101770
bayesfl_observability_v1,ola_sparse_bayesian_keep010_seed42,70,ola,global,,,all,db,67,-43.34115087119565,-41.68987715239096,-42.51551401179331,98,0.0005831593353786425,0.9965412203989388,101770
bayesfl_observability_v1,ola_sparse_bayesian_keep010_seed42,70,ola,global,,,all,db,68,-41.68987715239096,-40.038603433586275,-40.86424029298862,80,0.0004760484370437898,0.9973273066719073,101770
bayesfl_observability_v1,ola_sparse_bayesian_keep010_seed42,70,ola,global,,,all,db,69,-40.038603433586275,-38.387329714781586,-39.21296657418393,69,0.0004105917769502687,0.9980053060823425,101770
bayesfl_observability_v1,ola_sparse_bayesian_keep010_seed42,70,ola,global,,,all,db,70,-38.387329714781586,-36.7360559959769,-37.56169285537924,43,0.000255876034911037,0.9984278274540631,101770
bayesfl_observability_v1,ola_sparse_bayesian_keep010_seed42,70,ola,global,,,all,db,71,-36.7360559959769,-35.08478227717221,-35.91041913657455,49,0.00029157966768932124,0.9989093052962562,101770
bayesfl_observability_v1,ola_sparse_bayesian_keep010_seed42,70,ola,global,,,all,db,72,-35.08478227717221,-33.43350855836752,-34.259145417769865,40,0.0002380242185218949,0.9993023484327405,101770
bayesfl_observability_v1,ola_sparse_bayesian_keep010_seed42,70,ola,global,,,all,db,73,-33.43350855836752,-31.782234839562832,-32.60787169896518,19,0.00011306150379790007,0.9994890439225705,101770
bayesfl_observability_v1,ola_sparse_bayesian_keep010_seed42,70,ola,global,,,all,db,74,-31.782234839562832,-30.13096112075813,-30.95659798016048,19,0.00011306150379789909,0.9996757394124005,101770
bayesfl_observability_v1,ola_sparse_bayesian_keep010_seed42,70,ola,global,,,all,db,75,-30.13096112075813,-28.47968740195344,-29.305324261355786,10,5.9506054630473725e-05,0.9997740001965215,101770
bayesfl_observability_v1,ola_sparse_bayesian_keep010_seed42,70,ola,global,,,all,db,76,-28.47968740195344,-26.828413683148753,-27.654050542551097,11,6.54566600935211e-05,0.9998820870590547,101770
bayesfl_observability_v1,ola_sparse_bayesian_keep010_seed42,70,ola,global,,,all,db,77,-26.828413683148753,-25.177139964344065,-26.00277682374641,8,4.760484370437898e-05,0.9999606956863516,101770
bayesfl_observability_v1,ola_sparse_bayesian_keep010_seed42,70,ola,global,,,all,db,78,-25.177139964344065,-23.52586624553939,-24.351503104941727,3,1.785181638914227e-05,0.9999901739215878,101770
bayesfl_observability_v1,ola_sparse_bayesian_keep010_seed42,70,ola,global,,,all,db,79,-23.52586624553939,-21.874592526734673,-22.700229386137032,1,5.950605463047269e-06,1.0,101770
bayesfl_observability_v1,ola_sparse_bayesian_keep010_seed42,70,ola,global,,,layers.0.weight,raw,0,2.0005701773262004e-08,6.334941789375375e-05,3.16847117977635e-05,4490,706.5043686481088,0.04474250637755102,100352
bayesfl_observability_v1,ola_sparse_bayesian_keep010_seed42,70,ola,global,,,layers.0.weight,raw,1,6.334941789375375e-05,0.00012667883008573425,9.501412398974399e-05,4541,714.5292512318623,0.08999322385204081,100352
bayesfl_observability_v1,ola_sparse_bayesian_keep010_seed42,70,ola,global,,,layers.0.weight,raw,2,0.00012667883008573425,0.00019000824227771474,0.00015834353618172448,4475,704.1441090646518,0.13458625637755103,100352
bayesfl_observability_v1,ola_sparse_bayesian_keep010_seed42,70,ola,global,,,layers.0.weight,raw,3,0.00019000824227771474,0.0002533376544696952,0.00022167294837370497,4477,704.4588103424464,0.17919921875,100352
bayesfl_observability_v1,ola_sparse_bayesian_keep010_seed42,70,ola,global,,,layers.0.weight,raw,4,0.0002533376544696952,0.0003166670666616757,0.00028500236056568546,4433,697.5353822309721,0.22337372448979592,100352
bayesfl_observability_v1,ola_sparse_bayesian_keep010_seed42,70,ola,global,,,layers.0.weight,raw,5,0.0003166670666616757,0.0003799964788536562,0.0003483317727576659,4495,707.2911218425947,0.26816605548469385,100352
bayesfl_observability_v1,ola_sparse_bayesian_keep010_seed42,70,ola,global,,,layers.0.weight,raw,6,0.0003799964788536562,0.00044332589104563664,0.00041166118494964643,4530,712.7983942039942,0.3133071588010204,100352
bayesfl_observability_v1,ola_sparse_bayesian_keep010_seed42,70,ola,global,,,layers.0.weight,raw,7,0.00044332589104563664,0.0005066553032376172,0.0004749905971416269,4608,725.0717440379697,0.35922552614795916,100352
bayesfl_observability_v1,ola_sparse_bayesian_keep010_seed42,70,ola,global,,,layers.0.weight,raw,8,0.0005066553032376172,0.0005699847154295977,0.0005383200093336074,4511,709.8087320649482,0.4041772959183674,100352
bayesfl_observability_v1,ola_sparse_bayesian_keep010_seed42,70,ola,global,,,layers.0.weight,raw,9,0.0005699847154295977,0.0006333141276215782,0.000601649421525588,4422,695.8045252031037,0.4482421875,100352
bayesfl_observability_v1,ola_sparse_bayesian_keep010_seed42,70,ola,global,,,layers.0.weight,raw,10,0.0006333141276215782,0.0006966435398135586,0.0006649788337175684,4473,703.8294077868586,0.49281529017857145,100352
bayesfl_observability_v1,ola_sparse_bayesian_keep010_seed42,70,ola,global,,,layers.0.weight,raw,11,0.0006966435398135586,0.0007599729520055391,0.0007283082459095488,4397,691.8707592306755,0.5366310586734694,100352
bayesfl_observability_v1,ola_sparse_bayesian_keep010_seed42,70,ola,global,,,layers.0.weight,raw,12,0.0007599729520055391,0.0008233023641975196,0.0007916376581015294,4460,701.7838494811946,0.5810746173469388,100352
bayesfl_observability_v1,ola_sparse_bayesian_keep010_seed42,70,ola,global,,,layers.0.weight,raw,13,0.0008233023641975196,0.0008866317763895,0.0008549670702935098,4336,682.2723702579519,0.6242825255102041,100352
bayesfl_observability_v1,ola_sparse_bayesian_keep010_seed42,70,ola,global,,,layers.0.weight,raw,14,0.0008866317763895,0.0009499611885814805,0.0009182964824854902,4564,718.148315926496,0.6697624362244898,100352
bayesfl_observability_v1,ola_sparse_bayesian_keep010_seed42,70,ola,global,,,layers.0.weight,raw,15,0.0009499611885814805,0.0010132906007734612,0.0009816258946774709,4453,700.6823950089135,0.7141362404336735,100352
bayesfl_observability_v1,ola_sparse_bayesian_keep010_seed42,70,ola,global,,,layers.0.weight,raw,16,0.0010132906007734612,0.0010766200129654416,0.0010449553068694515,4084,642.6200092558754,0.7548329878826531,100352
bayesfl_observability_v1,ola_sparse_bayesian_keep010_seed42,70,ola,global,,,layers.0.weight,raw,17,0.0010766200129654416,0.0011399494251574222,0.0011082847190614319,3413,537.0377305558999,0.7888432716836735,100352
bayesfl_observability_v1,ola_sparse_bayesian_keep010_seed42,70,ola,global,,,layers.0.weight,raw,18,0.0011399494251574222,0.0012032788373494026,0.0011716141312534123,2783,437.9068280507104,0.8165756536989796,100352
bayesfl_observability_v1,ola_sparse_bayesian_keep010_seed42,70,ola,global,,,layers.0.weight,raw,19,0.0012032788373494026,0.0012666082495413832,0.001234943543445393,2051,322.7261603780107,0.8370137117346939,100352
bayesfl_observability_v1,ola_sparse_bayesian_keep010_seed42,70,ola,global,,,layers.0.weight,raw,20,0.0012666082495413832,0.0013299376617333636,0.0012982729556373735,1747,274.8915661532846,0.8544224330357143,100352
bayesfl_observability_v1,ola_sparse_bayesian_keep010_seed42,70,ola,global,,,layers.0.weight,raw,21,0.0013299376617333636,0.001393267073925344,0.0013616023678293537,1543,242.79203581827025,0.8697983099489796,100352
bayesfl_observability_v1,ola_sparse_bayesian_keep010_seed42,70,ola,global,,,layers.0.weight,raw,22,0.001393267073925344,0.0014565964861173247,0.0014249317800213344,1306,205.49993439964993,0.8828125,100352
bayesfl_observability_v1,ola_sparse_bayesian_keep010_seed42,70,ola,global,,,layers.0.weight,raw,23,0.0014565964861173247,0.001519925898309305,0.001488261192213315,1233,194.01333776016023,0.8950992506377551,100352
bayesfl_observability_v1,ola_sparse_bayesian_keep010_seed42,70,ola,global,,,layers.0.weight,raw,24,0.001519925898309305,0.0015832553105012855,0.0015515906044052952,1223,192.43983137118892,0.9072863520408163,100352
bayesfl_observability_v1,ola_sparse_bayesian_keep010_seed42,70,ola,global,,,layers.0.weight,raw,25,0.0015832553105012855,0.001646584722693266,0.0016149200165972758,1050,165.218170841985,0.9177495216836735,100352
bayesfl_observability_v1,ola_sparse_bayesian_keep010_seed42,70,ola,global,,,layers.0.weight,raw,26,0.001646584722693266,0.0017099141348852465,0.0016782494287892564,979,154.0462754802894,0.9275051817602041,100352
bayesfl_observability_v1,ola_sparse_bayesian_keep010_seed42,70,ola,global,,,layers.0.weight,raw,27,0.0017099141348852465,0.001773243547077227,0.0017415788409812366,882,138.7832635072679,0.9362942442602041,100352
bayesfl_observability_v1,ola_sparse_bayesian_keep010_seed42,70,ola,global,,,layers.0.weight,raw,28,0.001773243547077227,0.0018365729592692075,0.0018049082531732172,795,125.09375792321723,0.9442163584183674,100352
bayesfl_observability_v1,ola_sparse_bayesian_keep010_seed42,70,ola,global,,,layers.0.weight,raw,29,0.0018365729592692075,0.001899902371461188,0.0018682376653651979,675,106.21168125556216,0.9509426817602041,100352
bayesfl_observability_v1,ola_sparse_bayesian_keep010_seed42,70,ola,global,,,layers.0.weight,raw,30,0.001899902371461188,0.001963231783653168,0.001931567077557178,667,104.95287614438548,0.9575892857142857,100352
bayesfl_observability_v1,ola_sparse_bayesian_keep010_seed42,70,ola,global,,,layers.0.weight,raw,31,0.001963231783653168,0.0020265611958451488,0.0019948964897491582,592,93.15157822710012,0.9634885204081632,100352
bayesfl_observability_v1,ola_sparse_bayesian_keep010_seed42,70,ola,global,,,layers.0.weight,raw,32,0.0020265611958451488,0.0020898906080371294,0.0020582259019411393,500,78.6753194485643,0.9684709821428571,100352
bayesfl_observability_v1,ola_sparse_bayesian_keep010_seed42,70,ola,global,,,layers.0.weight,raw,33,0.0020898906080371294,0.0021532200202291096,0.0021215553141331195,414,65.14316450341168,0.9725964604591837,100352
bayesfl_observability_v1,ola_sparse_bayesian_keep010_seed42,70,ola,global,,,layers.0.weight,raw,34,0.0021532200202291096,0.00221654943242109,0.0021848847263250997,368,57.90503511414332,0.9762635522959183,100352
bayesfl_observability_v1,ola_sparse_bayesian_keep010_seed42,70,ola,global,,,layers.0.weight,raw,35,0.00221654943242109,0.002279878844613071,0.0022482141385170807,372,58.53443766973183,0.9799705038265306,100352
bayesfl_observability_v1,ola_sparse_bayesian_keep010_seed42,70,ola,global,,,layers.0.weight,raw,36,0.002279878844613071,0.002343208256805051,0.002311543550709061,304,47.83459422472742,0.9829998405612245,100352
bayesfl_observability_v1,ola_sparse_bayesian_keep010_seed42,70,ola,global,,,layers.0.weight,raw,37,0.002343208256805051,0.0024065376689970316,0.002374872962901041,261,41.06851675215056,0.9856006855867347,100352
bayesfl_observability_v1,ola_sparse_bayesian_keep010_seed42,70,ola,global,,,layers.0.weight,raw,38,0.0024065376689970316,0.0024698670811890123,0.002438202375093022,229,36.03329630744244,0.9878826530612245,100352
bayesfl_observability_v1,ola_sparse_bayesian_keep010_seed42,70,ola,global,,,layers.0.weight,raw,39,0.0024698670811890123,0.002533196493380993,0.0025015317872850024,171,26.90695925140899,0.9895866549744898,100352
bayesfl_observability_v1,ola_sparse_bayesian_keep010_seed42,70,ola,global,,,layers.0.weight,raw,40,0.002533196493380993,0.002596525905572973,0.002564861199476983,145,22.8158426400838,0.9910315688775511,100352
bayesfl_observability_v1,ola_sparse_bayesian_keep010_seed42,70,ola,global,,,layers.0.weight,raw,41,0.002596525905572973,0.0026598553177649537,0.0026281906116689636,120,18.88207666765543,0.9922273596938775,100352
bayesfl_observability_v1,ola_sparse_bayesian_keep010_seed42,70,ola,global,,,layers.0.weight,raw,42,0.0026598553177649537,0.0027231847299569343,0.002691520023860944,117,18.410024750964045,0.9933932557397959,100352
bayesfl_observability_v1,ola_sparse_bayesian_keep010_seed42,70,ola,global,,,layers.0.weight,raw,43,0.0027231847299569343,0.0027865141421489145,0.0027548494360529244,95,14.948310695227317,0.9943399234693877,100352
bayesfl_observability_v1,ola_sparse_bayesian_keep010_seed42,70,ola,global,,,layers.0.weight,raw,44,0.0027865141421489145,0.002849843554340895,0.002818178848244905,89,14.004206861844443,0.9952268016581632,100352
bayesfl_observability_v1,ola_sparse_bayesian_keep010_seed42,70,ola,global,,,layers.0.weight,raw,45,0.002849843554340895,0.0029131729665328758,0.0028815082604368852,70,11.014544722799,0.9959243463010204,100352
bayesfl_observability_v1,ola_sparse_bayesian_keep010_seed42,70,ola,global,,,layers.0.weight,raw,46,0.0029131729665328758,0.002976502378724856,0.002944837672628866,73,11.486596639490465,0.9966517857142857,100352
bayesfl_observability_v1,ola_sparse_bayesian_keep010_seed42,70,ola,global,,,layers.0.weight,raw,47,0.002976502378724856,0.0030398317909168366,0.0030081670848208465,49,7.7101813059593,0.9971400669642857,100352
bayesfl_observability_v1,ola_sparse_bayesian_keep010_seed42,70,ola,global,,,layers.0.weight,raw,48,0.0030398317909168366,0.003103161203108817,0.0030714964970128267,57,8.968986417136328,0.9977080676020408,100352
bayesfl_observability_v1,ola_sparse_bayesian_keep010_seed42,70,ola,global,,,layers.0.weight,raw,49,0.003103161203108817,0.0031664906153007974,0.0031348259092048073,36,5.664623000296667,0.9980668048469388,100352
bayesfl_observability_v1,ola_sparse_bayesian_keep010_seed42,70,ola,global,,,layers.0.weight,raw,50,0.0031664906153007974,0.003229820027492778,0.003198155321396788,32,5.035220444708115,0.9983856823979592,100352
bayesfl_observability_v1,ola_sparse_bayesian_keep010_seed42,70,ola,global,,,layers.0.weight,raw,51,0.003229820027492778,0.0032931494396847586,0.003261484733588768,33,5.192571083605243,0.9987145248724489,100352
bayesfl_observability_v1,ola_sparse_bayesian_keep010_seed42,70,ola,global,,,layers.0.weight,raw,52,0.0032931494396847586,0.003356478851876739,0.0033248141457807487,21,3.3043634168397227,0.9989237882653061,100352
bayesfl_observability_v1,ola_sparse_bayesian_keep010_seed42,70,ola,global,,,layers.0.weight,raw,53,0.003356478851876739,0.0034198082640687195,0.0033881435579727294,15,2.3602595834569287,0.9990732621173469,100352
bayesfl_observability_v1,ola_sparse_bayesian_keep010_seed42,70,ola,global,,,layers.0.weight,raw,54,0.0034198082640687195,0.0034831376762607,0.0034514729701647096,10,1.5735063889712857,0.9991729113520408,100352
bayesfl_observability_v1,ola_sparse_bayesian_keep010_seed42,70,ola,global,,,layers.0.weight,raw,55,0.0034831376762607,0.0035464670884526803,0.00351480238235669,8,1.2588051111770373,0.9992526307397959,100352
bayesfl_observability_v1,ola_sparse_bayesian_keep010_seed42,70,ola,global,,,layers.0.weight,raw,56,0.0035464670884526803,0.003609796500644661,0.003578131794548671,6,0.9441038333827715,0.9993124202806123,100352
bayesfl_observability_v1,ola_sparse_bayesian_keep010_seed42,70,ola,global,,,layers.0.weight,raw,57,0.003609796500644661,0.0036731259128366415,0.003641461206740651,12,1.888207666765543,0.9994319993622449,100352
bayesfl_observability_v1,ola_sparse_bayesian_keep010_seed42,70,ola,global,,,layers.0.weight,raw,58,0.0036731259128366415,0.003736455325028622,0.003704790618932632,8,1.2588051111770286,0.99951171875,100352
bayesfl_observability_v1,ola_sparse_bayesian_keep010_seed42,70,ola,global,,,layers.0.weight,raw,59,0.003736455325028622,0.0037997847372206023,0.0037681200311246122,6,0.9441038333827779,0.9995715082908163,100352
bayesfl_observability_v1,ola_sparse_bayesian_keep010_seed42,70,ola,global,,,layers.0.weight,raw,60,0.0037997847372206023,0.003863114149412583,0.0038314494433165924,2,0.31470127779425716,0.9995914381377551,100352
bayesfl_observability_v1,ola_sparse_bayesian_keep010_seed42,70,ola,global,,,layers.0.weight,raw,61,0.003863114149412583,0.003926443561604563,0.003894778855508573,3,0.47205191669138896,0.9996213329081632,100352
bayesfl_observability_v1,ola_sparse_bayesian_keep010_seed42,70,ola,global,,,layers.0.weight,raw,62,0.003926443561604563,0.003989772973796544,0.003958108267700554,8,1.25880511117702,0.9997010522959183,100352
bayesfl_observability_v1,ola_sparse_bayesian_keep010_seed42,70,ola,global,,,layers.0.weight,raw,63,0.003989772973796544,0.004053102385988524,0.004021437679892534,4,0.6294025555885187,0.9997409119897959,100352
bayesfl_observability_v1,ola_sparse_bayesian_keep010_seed42,70,ola,global,,,layers.0.weight,raw,64,0.004053102385988524,0.004116431798180505,0.004084767092084515,6,0.9441038333827779,0.9998007015306123,100352
bayesfl_observability_v1,ola_sparse_bayesian_keep010_seed42,70,ola,global,,,layers.0.weight,raw,65,0.004116431798180505,0.004179761210372486,0.004148096504276495,4,0.62940255558851,0.9998405612244898,100352
bayesfl_observability_v1,ola_sparse_bayesian_keep010_seed42,70,ola,global,,,layers.0.weight,raw,66,0.004179761210372486,0.004243090622564466,0.004211425916468475,4,0.6294025555885187,0.9998804209183674,100352
bayesfl_observability_v1,ola_sparse_bayesian_keep010_seed42,70,ola,global,,,layers.0.weight,raw,67,0.004243090622564466,0.004306420034756446,0.004274755328660456,3,0.47205191669138896,0.9999103156887755,100352
bayesfl_observability_v1,ola_sparse_bayesian_keep010_seed42,70,ola,global,,,layers.0.weight,raw,68,0.004306420034756446,0.004369749446948427,0.0043380847408524366,2,0.314701277794255,0.9999302455357143,100352
bayesfl_observability_v1,ola_sparse_bayesian_keep010_seed42,70,ola,global,,,layers.0.weight,raw,69,0.004369749446948427,0.004433078859140407,0.004401414153044417,1,0.15735063889712966,0.9999402104591837,100352
bayesfl_observability_v1,ola_sparse_bayesian_keep010_seed42,70,ola,global,,,layers.0.weight,raw,70,0.004433078859140407,0.0044964082713323875,0.004464743565236398,0,0.0,0.9999402104591837,100352
bayesfl_observability_v1,ola_sparse_bayesian_keep010_seed42,70,ola,global,,,layers.0.weight,raw,71,0.0044964082713323875,0.0045597376835243685,0.004528072977428378,2,0.314701277794255,0.9999601403061225,100352
bayesfl_observability_v1,ola_sparse_bayesian_keep010_seed42,70,ola,global,,,layers.0.weight,raw,72,0.0045597376835243685,0.004623067095716349,0.004591402389620358,0,0.0,0.9999601403061225,100352
bayesfl_observability_v1,ola_sparse_bayesian_keep010_seed42,70,ola,global,,,layers.0.weight,raw,73,0.004623067095716349,0.004686396507908329,0.004654731801812339,0,0.0,0.9999601403061225,100352
bayesfl_observability_v1,ola_sparse_bayesian_keep010_seed42,70,ola,global,,,layers.0.weight,raw,74,0.004686396507908329,0.00474972592010031,0.004718061214004319,1,0.1573506388971275,0.9999701052295918,100352
bayesfl_observability_v1,ola_sparse_bayesian_keep010_seed42,70,ola,global,,,layers.0.weight,raw,75,0.00474972592010031,0.00481305533229229,0.0047813906261963,2,0.3147012777942593,0.9999900350765306,100352
bayesfl_observability_v1,ola_sparse_bayesian_keep010_seed42,70,ola,global,,,layers.0.weight,raw,76,0.00481305533229229,0.00487638474448427,0.004844720038388281,0,0.0,0.9999900350765306,100352
bayesfl_observability_v1,ola_sparse_bayesian_keep010_seed42,70,ola,global,,,layers.0.weight,raw,77,0.00487638474448427,0.004939714156676251,0.004908049450580261,0,0.0,0.9999900350765306,100352
bayesfl_observability_v1,ola_sparse_bayesian_keep010_seed42,70,ola,global,,,layers.0.weight,raw,78,0.004939714156676251,0.005003043568868232,0.004971378862772241,0,0.0,0.9999900350765306,100352
bayesfl_observability_v1,ola_sparse_bayesian_keep010_seed42,70,ola,global,,,layers.0.weight,raw,79,0.005003043568868232,0.005066372981060213,0.005034708274964222,1,0.1573506388971275,1.0,100352
bayesfl_observability_v1,ola_sparse_bayesian_keep010_seed42,70,ola,global,,,layers.0.weight,db,0,-153.97649003110982,-152.6256096159657,-153.30104982353777,1,7.376614064187573e-06,9.964923469387754e-06,100352
bayesfl_observability_v1,ola_sparse_bayesian_keep010_seed42,70,ola,global,,,layers.0.weight,db,1,-152.6256096159657,-151.27472920082155,-151.9501694083936,1,7.376614064187573e-06,1.992984693877551e-05,100352
bayesfl_observability_v1,ola_sparse_bayesian_keep010_seed42,70,ola,global,,,layers.0.weight,db,2,-151.27472920082155,-149.92384878567742,-150.5992889932495,1,7.376614064187573e-06,2.9894770408163265e-05,100352
bayesfl_observability_v1,ola_sparse_bayesian_keep010_seed42,70,ola,global,,,layers.0.weight,db,3,-149.92384878567742,-148.5729683705333,-149.24840857810534,0,0.0,2.9894770408163265e-05,100352
bayesfl_observability_v1,ola_sparse_bayesian_keep010_seed42,70,ola,global,,,layers.0.weight,db,4,-148.5729683705333,-147.22208795538916,-147.89752816296124,1,7.376614064187573e-06,3.985969387755102e-05,100352
bayesfl_observability_v1,ola_sparse_bayesian_keep010_seed42,70,ola,global,,,layers.0.weight,db,5,-147.22208795538916,-145.87120754024505,-146.5466477478171,0,0.0,3.985969387755102e-05,100352
bayesfl_observability_v1,ola_sparse_bayesian_keep010_seed42,70,ola,global,,,layers.0.weight,db,6,-145.87120754024505,-144.52032712510092,-145.19576733267297,1,7.376614064187573e-06,4.982461734693878e-05,100352
bayesfl_observability_v1,ola_sparse_bayesian_keep010_seed42,70,ola,global,,,layers.0.weight,db,7,-144.52032712510092,-143.1694467099568,-143.84488691752887,0,0.0,4.982461734693878e-05,100352
bayesfl_observability_v1,ola_sparse_bayesian_keep010_seed42,70,ola,global,,,layers.0.weight,db,8,-143.1694467099568,-141.81856629481265,-142.4940065023847,0,0.0,4.982461734693878e-05,100352
bayesfl_observability_v1,ola_sparse_bayesian_keep010_seed42,70,ola,global,,,layers.0.weight,db,9,-141.81856629481265,-140.46768587966852,-141.1431260872406,0,0.0,4.982461734693878e-05,100352
bayesfl_observability_v1,ola_sparse_bayesian_keep010_seed42,70,ola,global,,,layers.0.weight,db,10,-140.46768587966852,-139.1168054645244,-139.79224567209644,2,1.4753228128375146e-05,6.975446428571428e-05,100352
bayesfl_observability_v1,ola_sparse_bayesian_keep010_seed42,70,ola,global,,,layers.0.weight,db,11,-139.1168054645244,-137.76592504938026,-138.44136525695234,2,1.4753228128375146e-05,8.96843112244898e-05,100352
bayesfl_observability_v1,ola_sparse_bayesian_keep010_seed42,70,ola,global,,,layers.0.weight,db,12,-137.76592504938026,-136.41504463423612,-137.09048484180818,1,7.376614064187573e-06,9.964923469387755e-05,100352
bayesfl_observability_v1,ola_sparse_bayesian_keep010_seed42,70,ola,global,,,layers.0.weight,db,13,-136.41504463423612,-135.064164219092,-135.73960442666407,1,7.376614064187573e-06,0.0001096141581632653,100352
bayesfl_observability_v1,ola_sparse_bayesian_keep010_seed42,70,ola,global,,,layers.0.weight,db,14,-135.064164219092,-133.71328380394786,-134.3887240115199,1,7.376614064187573e-06,0.00011957908163265306,100352
bayesfl_observability_v1,ola_sparse_bayesian_keep010_seed42,70,ola,global,,,layers.0.weight,db,15,-133.71328380394786,-132.36240338880373,-133.0378435963758,1,7.376614064187573e-06,0.00012954400510204082,100352
bayesfl_observability_v1,ola_sparse_bayesian_keep010_seed42,70,ola,global,,,layers.0.weight,db,16,-132.36240338880373,-131.01152297365962,-131.68696318123168,5,3.688307032093864e-05,0.0001793686224489796,100352
bayesfl_observability_v1,ola_sparse_bayesian_keep010_seed42,70,ola,global,,,layers.0.weight,db,17,-131.01152297365962,-129.66064255851546,-130.33608276608754,5,3.688307032093709e-05,0.00022919323979591838,100352
bayesfl_observability_v1,ola_sparse_bayesian_keep010_seed42,70,ola,global,,,layers.0.weight,db,18,-129.66064255851546,-128.30976214337136,-128.9852023509434,2,1.4753228128375456e-05,0.0002491230867346939,100352
bayesfl_observability_v1,ola_sparse_bayesian_keep010_seed42,70,ola,global,,,layers.0.weight,db,19,-128.30976214337136,-126.95888172822723,-127.63432193579929,4,2.950645625675029e-05,0.0002889827806122449,100352
bayesfl_observability_v1,ola_sparse_bayesian_keep010_seed42,70,ola,global,,,layers.0.weight,db,20,-126.95888172822723,-125.6080013130831,-126.28344152065516,7,5.163629844931301e-05,0.0003587372448979592,100352
bayesfl_observability_v1,ola_sparse_bayesian_keep010_seed42,70,ola,global,,,layers.0.weight,db,21,-125.6080013130831,-124.25712089793896,-124.93256110551103,14,0.00010327259689862602,0.0004982461734693878,100352
bayesfl_observability_v1,ola_sparse_bayesian_keep010_seed42,70,ola,global,,,layers.0.weight,db,22,-124.25712089793896,-122.90624048279483,-123.5816806903669,9,6.638952657768816e-05,0.0005879304846938776,100352
bayesfl_observability_v1,ola_sparse_bayesian_keep010_seed42,70,ola,global,,,layers.0.weight,db,23,-122.90624048279483,-121.5553600676507,-122.23080027522276,9,6.638952657768816e-05,0.0006776147959183673,100352
bayesfl_observability_v1,ola_sparse_bayesian_keep010_seed42,70,ola,global,,,layers.0.weight,db,24,-121.5553600676507,-120.20447965250656,-120.87991986007863,8,5.901291251350058e-05,0.0007573341836734694,100352
bayesfl_observability_v1,ola_sparse_bayesian_keep010_seed42,70,ola,global,,,layers.0.weight,db,25,-120.20447965250656,-118.85359923736243,-119.5290394449345,15,0.0001106492109628136,0.0009068080357142857,100352
bayesfl_observability_v1,ola_sparse_bayesian_keep010_seed42,70,ola,global,,,layers.0.weight,db,26,-118.85359923736243,-117.5027188222183,-118.17815902979036,13,9.589598283443844e-05,0.0010363520408163266,100352
bayesfl_observability_v1,ola_sparse_bayesian_keep010_seed42,70,ola,global,,,layers.0.weight,db,27,-117.5027188222183,-116.15183840707418,-116.82727861464625,11,8.114275470606415e-05,0.001145966198979592,100352
bayesfl_observability_v1,ola_sparse_bayesian_keep010_seed42,70,ola,global,,,layers.0.weight,db,28,-116.15183840707418,-114.80095799193005,-115.47639819950211,14,0.00010327259689862602,0.0012854751275510204,100352
bayesfl_observability_v1,ola_sparse_bayesian_keep010_seed42,70,ola,global,,,layers.0.weight,db,29,-114.80095799193005,-113.45007757678592,-114.12551778435798,25,0.00018441535160468932,0.0015345982142857143,100352
bayesfl_observability_v1,ola_sparse_bayesian_keep010_seed42,70,ola,global,,,layers.0.weight,db,30,-113.45007757678592,-112.0991971616418,-112.77463736921385,33,0.00024342826411819247,0.0018634406887755102,100352
bayesfl_observability_v1,ola_sparse_bayesian_keep010_seed42,70,ola,global,,,layers.0.weight,db,31,-112.0991971616418,-110.74831674649766,-111.42375695406973,35,0.0002581814922465651,0.0022122130102040817,100352
bayesfl_observability_v1,ola_sparse_bayesian_keep010_seed42,70,ola,global,,,layers.0.weight,db,32,-110.74831674649766,-109.39743633135353,-110.0728765389256,38,0.00028031133443912775,0.002590880102040816,100352
bayesfl_observability_v1,ola_sparse_bayesian_keep010_seed42,70,ola,global,,,layers.0.weight,db,33,-109.39743633135353,-108.0465559162094,-108.72199612378147,26,0.0001917919656688769,0.002849968112244898,100352
bayesfl_observability_v1,ola_sparse_bayesian_keep010_seed42,70,ola,global,,,layers.0.weight,db,34,-108.0465559162094,-106.69567550106527,-107.37111570863733,51,0.00037620731727356624,0.0033581792091836736,100352
bayesfl_observability_v1,ola_sparse_bayesian_keep010_seed42,70,ola,global,,,layers.0.weight,db,35,-106.69567550106527,-105.34479508592113,-106.0202352934932,43,0.00031719440476006566,0.003786670918367347,100352
bayesfl_observability_v1,ola_sparse_bayesian_keep010_seed42,70,ola,global,,,layers.0.weight,db,36,-105.34479508592113,-103.993914670777,-104.66935487834907,81,0.0005975057391991934,0.004593829719387755,100352
bayesfl_observability_v1,ola_sparse_bayesian_keep010_seed42,70,ola,global,,,layers.0.weight,db,37,-103.993914670777,-102.64303425563287,-103.31847446320494,77,0.0005679992829424432,0.005361128826530612,100352
bayesfl_observability_v1,ola_sparse_bayesian_keep010_seed42,70,ola,global,,,layers.0.weight,db,38,-102.64303425563287,-101.29215384048874,-101.9675940480608,92,0.0006786484939052568,0.006277901785714286,100352
bayesfl_observability_v1,ola_sparse_bayesian_keep010_seed42,70,ola,global,,,layers.0.weight,db,39,-101.29215384048874,-99.94127342534462,-100.61671363291669,103,0.000759791248611328,0.007304288903061225,100352
bayesfl_observability_v1,ola_sparse_bayesian_keep010_seed42,70,ola,global,,,layers.0.weight,db,40,-99.94127342534462,-98.59039301020049,-99.26583321777255,107,0.0007892977048680703,0.008370535714285714,100352
bayesfl_observability_v1,ola_sparse_bayesian_keep010_seed42,70,ola,global,,,layers.0.weight,db,41,-98.59039301020049,-97.23951259505635,-97.91495280262842,149,0.0010991154955639483,0.00985530931122449,100352
bayesfl_observability_v1,ola_sparse_bayesian_keep010_seed42,70,ola,global,,,layers.0.weight,db,42,-97.23951259505635,-95.88863217991224,-96.56407238748429,175,0.0012909074612328388,0.011599170918367346,100352
bayesfl_observability_v1,ola_sparse_bayesian_keep010_seed42,70,ola,global,,,layers.0.weight,db,43,-95.88863217991224,-94.5377517647681,-95.21319197234017,205,0.0015122058831584526,0.013641980229591837,100352
bayesfl_observability_v1,ola_sparse_bayesian_keep010_seed42,70,ola,global,,,layers.0.weight,db,44,-94.5377517647681,-93.18687134962397,-93.86231155719604,217,0.0016007252519287033,0.01580436862244898,100352
bayesfl_observability_v1,ola_sparse_bayesian_keep010_seed42,70,ola,global,,,layers.0.weight,db,45,-93.18687134962397,-91.83599093447984,-92.5114311420519,266,0.0019621793410738945,0.01845503826530612,100352
bayesfl_observability_v1,ola_sparse_bayesian_keep010_seed42,70,ola,global,,,layers.0.weight,db,46,-91.83599093447984,-90.4851105193357,-91.16055072690777,295,0.0021761011489353343,0.02139469068877551,100352
bayesfl_observability_v1,ola_sparse_bayesian_keep010_seed42,70,ola,global,,,layers.0.weight,db,47,-90.4851105193357,-89.13423010419157,-89.80967031176364,355,0.0026186979927865883,0.024932238520408163,100352
bayesfl_observability_v1,ola_sparse_bayesian_keep010_seed42,70,ola,global,,,layers.0.weight,db,48,-89.13423010419157,-87.78334968904744,-88.4587898966195,419,0.003090801292894593,0.029107541454081634,100352
bayesfl_observability_v1,ola_sparse_bayesian_keep010_seed42,70,ola,global,,,layers.0.weight,db,49,-87.78334968904744,-86.43246927390332,-87.10790948147539,489,0.003607164277387761,0.03398038903061224,100352
bayesfl_observability_v1,ola_sparse_bayesian_keep010_seed42,70,ola,global,,,layers.0.weight,db,50,-86.43246927390332,-85.08158885875919,-85.75702906633126,557,0.004108774033752478,0.03953085140306122,100352
bayesfl_observability_v1,ola_sparse_bayesian_keep010_seed42,70,ola,global,,,layers.0.weight,db,51,-85.08158885875919,-83.73070844361506,-84.40614865118712,651,0.0048021757557861105,0.046018016581632654,100352
bayesfl_observability_v1,ola_sparse_bayesian_keep010_seed42,70,ola,global,,,layers.0.weight,db,52,-83.73070844361506,-82.37982802847093,-83.05526823604299,743,0.005480824249691367,0.05342195471938776,100352
bayesfl_observability_v1,ola_sparse_bayesian_keep010_seed42,70,ola,global,,,layers.0.weight,db,53,-82.37982802847093,-81.02894761332679,-81.70438782089886,911,0.0067200954124748795,0.0625,100352
bayesfl_observability_v1,ola_sparse_bayesian_keep010_seed42,70,ola,global,,,layers.0.weight,db,54,-81.02894761332679,-79.67806719818266,-80.35350740575473,1070,0.007892977048680703,0.0731624681122449,100352
bayesfl_observability_v1,ola_sparse_bayesian_keep010_seed42,70,ola,global,,,layers.0.weight,db,55,-79.67806719818266,-78.32718678303854,-79.0026269906106,1268,0.00935354663338994,0.08579799107142858,100352
bayesfl_observability_v1,ola_sparse_bayesian_keep010_seed42,70,ola,global,,,layers.0.weight,db,56,-78.32718678303854,-76.97630636789441,-77.65174657546648,1481,0.010924765429061796,0.10055604272959184,100352
bayesfl_observability_v1,ola_sparse_bayesian_keep010_seed42,70,ola,global,,,layers.0.weight,db,57,-76.97630636789441,-75.62542595275028,-76.30086616032234,1635,0.012060763994946683,0.11684869260204081,100352
bayesfl_observability_v1,ola_sparse_bayesian_keep010_seed42,70,ola,global,,,layers.0.weight,db,58,-75.62542595275028,-74.27454553760614,-74.94998574517821,2022,0.014915513637787273,0.13699776785714285,100352
bayesfl_observability_v1,ola_sparse_bayesian_keep010_seed42,70,ola,global,,,layers.0.weight,db,59,-74.27454553760614,-72.92366512246201,-73.59910533003408,2318,0.017098991400786794,0.1600964604591837,100352
bayesfl_observability_v1,ola_sparse_bayesian_keep010_seed42,70,ola,global,,,layers.0.weight,db,60,-72.92366512246201,-71.57278470731788,-72.24822491488995,2652,0.019562780498225445,0.1865234375,100352
bayesfl_observability_v1,ola_sparse_bayesian_keep010_seed42,70,ola,global,,,layers.0.weight,db,61,-71.57278470731788,-70.22190429217376,-70.89734449974583,3079,0.022712594703633775,0.2172054368622449,100352
bayesfl_observability_v1,ola_sparse_bayesian_keep010_seed42,70,ola,global,,,layers.0.weight,db,62,-70.22190429217376,-68.87102387702963,-69.5464640846017,3641,0.026858251807706953,0.2534877232142857,100352
bayesfl_observability_v1,ola_sparse_bayesian_keep010_seed42,70,ola,global,,,layers.0.weight,db,63,-68.87102387702963,-67.5201434618855,-68.19558366945756,4384,0.032339076057398324,0.2971739477040816,100352
bayesfl_observability_v1,ola_sparse_bayesian_keep010_seed42,70,ola,global,,,layers.0.weight,db,64,-67.5201434618855,-66.16926304674136,-66.84470325431343,5176,0.03818135439623488,0.3487523915816326,100352
bayesfl_observability_v1,ola_sparse_bayesian_keep010_seed42,70,ola,global,,,layers.0.weight,db,65,-66.16926304674136,-64.81838263159723,-65.4938228391693,5874,0.043330231013037804,0.4072863520408163,100352
bayesfl_observability_v1,ola_sparse_bayesian_keep010_seed42,70,ola,global,,,layers.0.weight,db,66,-64.81838263159723,-63.46750221645311,-64.14294242402516,6801,0.05016835225054021,0.47505779655612246,100352
bayesfl_observability_v1,ola_sparse_bayesian_keep010_seed42,70,ola,global,,,layers.0.weight,db,67,-63.46750221645311,-62.11662180130898,-62.79206200888105,7855,0.05794330347419339,0.5533322704081632,100352
bayesfl_observability_v1,ola_sparse_bayesian_keep010_seed42,70,ola,global,,,layers.0.weight,db,68,-62.11662180130898,-60.76574138616485,-61.441181593736914,9134,0.0673779928622893,0.6443518813775511,100352
bayesfl_observability_v1,ola_sparse_bayesian_keep010_seed42,70,ola,global,,,layers.0.weight,db,69,-60.76574138616485,-59.414860971020715,-60.09030117859278,10654,0.07859044623985441,0.7505181760204082,100352
bayesfl_observability_v1,ola_sparse_bayesian_keep010_seed42,70,ola,global,,,layers.0.weight,db,70,-59.414860971020715,-58.06398055587658,-58.73942076344865,8207,0.06053987162478741,0.8323003029336735,100352
bayesfl_observability_v1,ola_sparse_bayesian_keep010_seed42,70,ola,global,,,layers.0.weight,db,71,-58.06398055587658,-56.71310014073245,-57.38854034830452,5136,0.037886289833667375,0.8834801498724489,100352
bayesfl_observability_v1,ola_sparse_bayesian_keep010_seed42,70,ola,global,,,layers.0.weight,db,72,-56.71310014073245,-55.36221972558833,-56.03765993316039,4358,0.03214728409172978,0.9269072863520408,100352
bayesfl_observability_v1,ola_sparse_bayesian_keep010_seed42,70,ola,global,,,layers.0.weight,db,73,-55.36221972558833,-54.0113393104442,-54.686779518016266,3363,0.024807553097862808,0.9604193239795918,100352
bayesfl_observability_v1,ola_sparse_bayesian_keep010_seed42,70,ola,global,,,layers.0.weight,db,74,-54.0113393104442,-52.66045889530007,-53.33589910287213,2202,0.016243304169341034,0.9823620854591837,100352
bayesfl_observability_v1,ola_sparse_bayesian_keep010_seed42,70,ola,global,,,layers.0.weight,db,75,-52.66045889530007,-51.309578480155935,-51.985018687728,1100,0.00811427547060633,0.9933235012755102,100352
bayesfl_observability_v1,ola_sparse_bayesian_keep010_seed42,70,ola,global,,,layers.0.weight,db,76,-51.309578480155935,-49.9586980650118,-50.63413827258387,479,0.0035333981367458474,0.9980966996173469,100352
bayesfl_observability_v1,ola_sparse_bayesian_keep010_seed42,70,ola,global,,,layers.0.weight,db,77,-49.9586980650118,-48.60781764986767,-49.283257857439736,138,0.001017972740857885,0.9994718590561225,100352
bayesfl_observability_v1,ola_sparse_bayesian_keep010_seed42,70,ola,global,,,layers.0.weight,db,78,-48.60781764986767,-47.25693723472355,-47.93237744229561,44,0.0003245710188242566,0.9999103156887755,100352
bayesfl_observability_v1,ola_sparse_bayesian_keep010_seed42,70,ola,global,,,layers.0.weight,db,79,-47.25693723472355,-45.90605681957942,-46.581497027151485,9,6.638952657768816e-05,1.0,100352
bayesfl_observability_v1,ola_sparse_bayesian_keep010_seed42,70,ola,global,,,layers.0.bias,raw,0,8.020214628369947e-06,5.3224476922779125e-05,3.0622345775574534e-05,5,864.1331152711061,0.0390625,128
bayesfl_observability_v1,ola_sparse_bayesian_keep010_seed42,70,ola,global,,,layers.0.bias,raw,1,5.3224476922779125e-05,9.84287392171883e-05,7.582660806998372e-05,6,1036.9597383253274,0.0859375,128
bayesfl_observability_v1,ola_sparse_bayesian_keep010_seed42,70,ola,global,,,layers.0.bias,raw,2,9.84287392171883e-05,0.00014363300151159749,0.00012103087036439289,3,518.4798691626636,0.109375,128
bayesfl_observability_v1,ola_sparse_bayesian_keep010_seed42,70,ola,global,,,layers.0.bias,raw,3,0.00014363300151159749,0.00018883726380600666,0.00016623513265880206,4,691.306492216885,0.140625,128
bayesfl_observability_v1,ola_sparse_bayesian_keep010_seed42,70,ola,global,,,layers.0.bias,raw,4,0.00018883726380600666,0.00023404152610041583,0.00021143939495321126,7,1209.7863613795487,0.1953125,128
bayesfl_observability_v1,ola_sparse_bayesian_keep010_seed42,70,ola,global,,,layers.0.bias,raw,5,0.00023404152610041583,0.000279245788394825,0.00025664365724762045,5,864.1331152711057,0.234375,128
bayesfl_observability_v1,ola_sparse_bayesian_keep010_seed42,70,ola,global,,,layers.0.bias,raw,6,0.000279245788394825,0.00032445005068923417,0.0003018479195420296,5,864.1331152711067,0.2734375,128
bayesfl_observability_v1,ola_sparse_bayesian_keep010_seed42,70,ola,global,,,layers.0.bias,raw,7,0.00032445005068923417,0.00036965431298364336,0.00034705218183643874,4,691.3064922168845,0.3046875,128
bayesfl_observability_v1,ola_sparse_bayesian_keep010_seed42,70,ola,global,,,layers.0.bias,raw,8,0.00036965431298364336,0.00041485857527805256,0.000392256444130848,5,864.1331152711057,0.34375,128
bayesfl_observability_v1,ola_sparse_bayesian_keep010_seed42,70,ola,global,,,layers.0.bias,raw,9,0.00041485857527805256,0.0004600628375724617,0.00043746070642525713,1,172.82662305422136,0.3515625,128
bayesfl_observability_v1,ola_sparse_bayesian_keep010_seed42,70,ola,global,,,layers.0.bias,raw,10,0.0004600628375724617,0.0005052670998668708,0.0004826649687196663,3,518.479869162664,0.375,128
bayesfl_observability_v1,ola_sparse_bayesian_keep010_seed42,70,ola,global,,,layers.0.bias,raw,11,0.0005052670998668708,0.0005504713621612801,0.0005278692310140755,7,1209.7863613795466,0.4296875,128
bayesfl_observability_v1,ola_sparse_bayesian_keep010_seed42,70,ola,global,,,layers.0.bias,raw,12,0.0005504713621612801,0.0005956756244556892,0.0005730734933084847,5,864.1331152711067,0.46875,128
bayesfl_observability_v1,ola_sparse_bayesian_keep010_seed42,70,ola,global,,,layers.0.bias,raw,13,0.0005956756244556892,0.0006408798867500984,0.0006182777556028938,1,172.82662305422136,0.4765625,128
bayesfl_observability_v1,ola_sparse_bayesian_keep010_seed42,70,ola,global,,,layers.0.bias,raw,14,0.0006408798867500984,0.0006860841490445076,0.000663482017897303,2,345.65324610844186,0.4921875,128
bayesfl_observability_v1,ola_sparse_bayesian_keep010_seed42,70,ola,global,,,layers.0.bias,raw,15,0.0006860841490445076,0.0007312884113389168,0.0007086862801917122,0,0.0,0.4921875,128
bayesfl_observability_v1,ola_sparse_bayesian_keep010_seed42,70,ola,global,,,layers.0.bias,raw,16,0.0007312884113389168,0.0007764926736333259,0.0007538905424861214,2,345.6532461084427,0.5078125,128
bayesfl_observability_v1,ola_sparse_bayesian_keep010_seed42,70,ola,global,,,layers.0.bias,raw,17,0.0007764926736333259,0.0008216969359277352,0.0007990948047805306,3,518.4798691626628,0.53125,128
bayesfl_observability_v1,ola_sparse_bayesian_keep010_seed42,70,ola,global,,,layers.0.bias,raw,18,0.0008216969359277352,0.0008669011982221443,0.0008442990670749397,5,864.1331152711067,0.5703125,128
bayesfl_observability_v1,ola_sparse_bayesian_keep010_seed42,70,ola,global,,,layers.0.bias,raw,19,0.0008669011982221443,0.0009121054605165535,0.0008895033293693489,3,518.479869162664,0.59375,128
bayesfl_observability_v1,ola_sparse_bayesian_keep010_seed42,70,ola,global,,,layers.0.bias,raw,20,0.0009121054605165535,0.0009573097228109627,0.000934707591663758,6,1036.9597383253256,0.640625,128
bayesfl_observability_v1,ola_sparse_bayesian_keep010_seed42,70,ola,global,,,layers.0.bias,raw,21,0.0009573097228109627,0.0010025139851053716,0.0009799118539581672,3,518.4798691626665,0.6640625,128
bayesfl_observability_v1,ola_sparse_bayesian_keep010_seed42,70,ola,global,,,layers.0.bias,raw,22,0.0010025139851053716,0.001047718247399781,0.0010251161162525763,4,691.306492216882,0.6953125,128
bayesfl_observability_v1,ola_sparse_bayesian_keep010_seed42,70,ola,global,,,layers.0.bias,raw,23,0.001047718247399781,0.0010929225096941901,0.0010703203785469855,3,518.479869162664,0.71875,128
bayesfl_observability_v1,ola_sparse_bayesian_keep010_seed42,70,ola,global,,,layers.0.bias,raw,24,0.0010929225096941901,0.0011381267719885993,0.0011155246408413948,0,0.0,0.71875,128
bayesfl_observability_v1,ola_sparse_bayesian_keep010_seed42,70,ola,global,,,layers.0.bias,raw,25,0.0011381267719885993,0.0011833310342830084,0.0011607289031358037,4,691.3064922168854,0.75,128
bayesfl_observability_v1,ola_sparse_bayesian_keep010_seed42,70,ola,global,,,layers.0.bias,raw,26,0.0011833310342830084,0.0012285352965774176,0.0012059331654302131,0,0.0,0.75,128
bayesfl_observability_v1,ola_sparse_bayesian_keep010_seed42,70,ola,global,,,layers.0.bias,raw,27,0.0012285352965774176,0.0012737395588718267,0.001251137427724622,1,172.82662305422136,0.7578125,128
bayesfl_observability_v1,ola_sparse_bayesian_keep010_seed42,70,ola,global,,,layers.0.bias,raw,28,0.0012737395588718267,0.001318943821166236,0.0012963416900190314,1,172.8266230542205,0.765625,128
bayesfl_observability_v1,ola_sparse_bayesian_keep010_seed42,70,ola,global,,,layers.0.bias,raw,29,0.001318943821166236,0.0013641480834606452,0.0013415459523134408,3,518.479869162664,0.7890625,128
bayesfl_observability_v1,ola_sparse_bayesian_keep010_seed42,70,ola,global,,,layers.0.bias,raw,30,0.0013641480834606452,0.0014093523457550544,0.0013867502146078497,4,691.3064922168854,0.8203125,128
bayesfl_observability_v1,ola_sparse_bayesian_keep010_seed42,70,ola,global,,,layers.0.bias,raw,31,0.0014093523457550544,0.0014545566080494635,0.001431954476902259,2,345.6532461084427,0.8359375,128
bayesfl_observability_v1,ola_sparse_bayesian_keep010_seed42,70,ola,global,,,layers.0.bias,raw,32,0.0014545566080494635,0.0014997608703438726,0.001477158739196668,3,518.479869162664,0.859375,128
bayesfl_observability_v1,ola_sparse_bayesian_keep010_seed42,70,ola,global,,,layers.0.bias,raw,33,0.0014997608703438726,0.0015449651326382818,0.0015223630014910773,2,345.6532461084427,0.875,128
bayesfl_observability_v1,ola_sparse_bayesian_keep010_seed42,70,ola,global,,,layers.0.bias,raw,34,0.0015449651326382818,0.001590169394932691,0.0015675672637854863,0,0.0,0.875,128
bayesfl_observability_v1,ola_sparse_bayesian_keep010_seed42,70,ola,global,,,layers.0.bias,raw,35,0.001590169394932691,0.0016353736572271003,0.0016127715260798956,2,345.653246108441,0.890625,128
bayesfl_observability_v1,ola_sparse_bayesian_keep010_seed42,70,ola,global,,,layers.0.bias,raw,36,0.0016353736572271003,0.0016805779195215094,0.001657975788374305,3,518.479869162664,0.9140625,128
bayesfl_observability_v1,ola_sparse_bayesian_keep010_seed42,70,ola,global,,,layers.0.bias,raw,37,0.0016805779195215094,0.0017257821818159186,0.001703180050668714,0,0.0,0.9140625,128
bayesfl_observability_v1,ola_sparse_bayesian_keep010_seed42,70,ola,global,,,layers.0.bias,raw,38,0.0017257821818159186,0.0017709864441103277,0.0017483843129631233,1,172.82662305422136,0.921875,128
bayesfl_observability_v1,ola_sparse_bayesian_keep010_seed42,70,ola,global,,,layers.0.bias,raw,39,0.0017709864441103277,0.0018161907064047369,0.0017935885752575322,2,345.6532461084427,0.9375,128
bayesfl_observability_v1,ola_sparse_bayesian_keep010_seed42,70,ola,global,,,layers.0.bias,raw,40,0.0018161907064047369,0.001861394968699146,0.0018387928375519415,0,0.0,0.9375,128
bayesfl_observability_v1,ola_sparse_bayesian_keep010_seed42,70,ola,global,,,layers.0.bias,raw,41,0.001861394968699146,0.0019065992309935554,0.0018839970998463507,1,172.8266230542205,0.9453125,128
bayesfl_observability_v1,ola_sparse_bayesian_keep010_seed42,70,ola,global,,,layers.0.bias,raw,42,0.0019065992309935554,0.0019518034932879645,0.0019292013621407598,1,172.82662305422136,0.953125,128
bayesfl_observability_v1,ola_sparse_bayesian_keep010_seed42,70,ola,global,,,layers.0.bias,raw,43,0.0019518034932879645,0.0019970077555823734,0.0019744056244351688,1,172.82662305422218,0.9609375,128
bayesfl_observability_v1,ola_sparse_bayesian_keep010_seed42,70,ola,global,,,layers.0.bias,raw,44,0.0019970077555823734,0.002042212017876783,0.002019609886729578,1,172.8266230542205,0.96875,128
bayesfl_observability_v1,ola_sparse_bayesian_keep010_seed42,70,ola,global,,,layers.0.bias,raw,45,0.002042212017876783,0.002087416280171192,0.0020648141490239875,0,0.0,0.96875,128
bayesfl_observability_v1,ola_sparse_bayesian_keep010_seed42,70,ola,global,,,layers.0.bias,raw,46,0.002087416280171192,0.002132620542465601,0.002110018411318397,2,345.65324610844436,0.984375,128
bayesfl_observability_v1,ola_sparse_bayesian_keep010_seed42,70,ola,global,,,layers.0.bias,raw,47,0.002132620542465601,0.0021778248047600104,0.0021552226736128058,0,0.0,0.984375,128
bayesfl_observability_v1,ola_sparse_bayesian_keep010_seed42,70,ola,global,,,layers.0.bias,raw,48,0.0021778248047600104,0.0022230290670544194,0.0022004269359072147,0,0.0,0.984375,128
bayesfl_observability_v1,ola_sparse_bayesian_keep010_seed42,70,ola,global,,,layers.0.bias,raw,49,0.0022230290670544194,0.0022682333293488287,0.002245631198201624,1,172.8266230542205,0.9921875,128
bayesfl_observability_v1,ola_sparse_bayesian_keep010_seed42,70,ola,global,,,layers.0.bias,raw,50,0.0022682333293488287,0.0023134375916432377,0.0022908354604960334,0,0.0,0.9921875,128
bayesfl_observability_v1,ola_sparse_bayesian_keep010_seed42,70,ola,global,,,layers.0.bias,raw,51,0.0023134375916432377,0.002358641853937647,0.0023360397227904423,0,0.0,0.9921875,128
bayesfl_observability_v1,ola_sparse_bayesian_keep010_seed42,70,ola,global,,,layers.0.bias,raw,52,0.002358641853937647,0.0024038461162320564,0.0023812439850848517,0,0.0,0.9921875,128
bayesfl_observability_v1,ola_sparse_bayesian_keep010_seed42,70,ola,global,,,layers.0.bias,raw,53,0.0024038461162320564,0.0024490503785264653,0.0024264482473792606,0,0.0,0.9921875,128
bayesfl_observability_v1,ola_sparse_bayesian_keep010_seed42,70,ola,global,,,layers.0.bias,raw,54,0.0024490503785264653,0.0024942546408208747,0.00247165250967367,0,0.0,0.9921875,128
bayesfl_observability_v1,ola_sparse_bayesian_keep010_seed42,70,ola,global,,,layers.0.bias,raw,55,0.0024942546408208747,0.0025394589031152836,0.0025168567719680793,0,0.0,0.9921875,128
bayesfl_observability_v1,ola_sparse_bayesian_keep010_seed42,70,ola,global,,,layers.0.bias,raw,56,0.0025394589031152836,0.002584663165409693,0.0025620610342624883,0,0.0,0.9921875,128
bayesfl_observability_v1,ola_sparse_bayesian_keep010_seed42,70,ola,global,,,layers.0.bias,raw,57,0.002584663165409693,0.0026298674277041023,0.0026072652965568976,0,0.0,0.9921875,128
bayesfl_observability_v1,ola_sparse_bayesian_keep010_seed42,70,ola,global,,,layers.0.bias,raw,58,0.0026298674277041023,0.0026750716899985112,0.0026524695588513066,0,0.0,0.9921875,128
bayesfl_observability_v1,ola_sparse_bayesian_keep010_seed42,70,ola,global,,,layers.0.bias,raw,59,0.0026750716899985112,0.0027202759522929206,0.002697673821145716,0,0.0,0.9921875,128
bayesfl_observability_v1,ola_sparse_bayesian_keep010_seed42,70,ola,global,,,layers.0.bias,raw,60,0.0027202759522929206,0.0027654802145873295,0.0027428780834401253,0,0.0,0.9921875,128
bayesfl_observability_v1,ola_sparse_bayesian_keep010_seed42,70,ola,global,,,layers.0.bias,raw,61,0.0027654802145873295,0.002810684476881739,0.002788082345734534,0,0.0,0.9921875,128
bayesfl_observability_v1,ola_sparse_bayesian_keep010_seed42,70,ola,global,,,layers.0.bias,raw,62,0.002810684476881739,0.002855888739176148,0.002833286608028943,0,0.0,0.9921875,128
bayesfl_observability_v1,ola_sparse_bayesian_keep010_seed42,70,ola,global,,,layers.0.bias,raw,63,0.002855888739176148,0.002901093001470557,0.0028784908703233525,0,0.0,0.9921875,128
bayesfl_observability_v1,ola_sparse_bayesian_keep010_seed42,70,ola,global,,,layers.0.bias,raw,64,0.002901093001470557,0.0029462972637649665,0.002923695132617762,0,0.0,0.9921875,128
bayesfl_observability_v1,ola_sparse_bayesian_keep010_seed42,70,ola,global,,,layers.0.bias,raw,65,0.0029462972637649665,0.0029915015260593755,0.002968899394912171,0,0.0,0.9921875,128
bayesfl_observability_v1,ola_sparse_bayesian_keep010_seed42,70,ola,global,,,layers.0.bias,raw,66,0.0029915015260593755,0.003036705788353785,0.00301410365720658,0,0.0,0.9921875,128
bayesfl_observability_v1,ola_sparse_bayesian_keep010_seed42,70,ola,global,,,layers.0.bias,raw,67,0.003036705788353785,0.0030819100506481937,0.003059307919500989,0,0.0,0.9921875,128
bayesfl_observability_v1,ola_sparse_bayesian_keep010_seed42,70,ola,global,,,layers.0.bias,raw,68,0.0030819100506481937,0.003127114312942603,0.0031045121817953984,0,0.0,0.9921875,128
bayesfl_observability_v1,ola_sparse_bayesian_keep010_seed42,70,ola,global,,,layers.0.bias,raw,69,0.003127114312942603,0.003172318575237012,0.003149716444089808,0,0.0,0.9921875,128
bayesfl_observability_v1,ola_sparse_bayesian_keep010_seed42,70,ola,global,,,layers.0.bias,raw,70,0.003172318575237012,0.0032175228375314214,0.0031949207063842167,0,0.0,0.9921875,128
bayesfl_observability_v1,ola_sparse_bayesian_keep010_seed42,70,ola,global,,,layers.0.bias,raw,71,0.0032175228375314214,0.0032627270998258307,0.003240124968678626,0,0.0,0.9921875,128
bayesfl_observability_v1,ola_sparse_bayesian_keep010_seed42,70,ola,global,,,layers.0.bias,raw,72,0.0032627270998258307,0.0033079313621202397,0.003285329230973035,0,0.0,0.9921875,128
bayesfl_observability_v1,ola_sparse_bayesian_keep010_seed42,70,ola,global,,,layers.0.bias,raw,73,0.0033079313621202397,0.003353135624414649,0.0033305334932674444,0,0.0,0.9921875,128
bayesfl_observability_v1,ola_sparse_bayesian_keep010_seed42,70,ola,global,,,layers.0.bias,raw,74,0.003353135624414649,0.003398339886709058,0.0033757377555618537,0,0.0,0.9921875,128
bayesfl_observability_v1,ola_sparse_bayesian_keep010_seed42,70,ola,global,,,layers.0.bias,raw,75,0.003398339886709058,0.0034435441490034673,0.0034209420178562626,0,0.0,0.9921875,128
bayesfl_observability_v1,ola_sparse_bayesian_keep010_seed42,70,ola,global,,,layers.0.bias,raw,76,0.0034435441490034673,0.0034887484112978767,0.003466146280150672,0,0.0,0.9921875,128
bayesfl_observability_v1,ola_sparse_bayesian_keep010_seed42,70,ola,global,,,layers.0.bias,raw,77,0.0034887484112978767,0.0035339526735922856,0.003511350542445081,0,0.0,0.9921875,128
bayesfl_observability_v1,ola_sparse_bayesian_keep010_seed42,70,ola,global,,,layers.0.bias,raw,78,0.0035339526735922856,0.003579156935886695,0.0035565548047394903,0,0.0,0.9921875,128
bayesfl_observability_v1,ola_sparse_bayesian_keep010_seed42,70,ola,global,,,layers.0.bias,raw,79,0.003579156935886695,0.003624361198181104,0.0036017590670338996,1,172.82662305422218,1.0,128
bayesfl_observability_v1,ola_sparse_bayesian_keep010_seed42,70,ola,global,,,layers.0.bias,db,0,-101.91627910575731,-101.2525177488374,-101.58439842729736,1,0.011770043432857915,0.0078125,128
bayesfl_observability_v1,ola_sparse_bayesian_keep010_seed42,70,ola,global,,,layers.0.bias,db,1,-101.2525177488374,-100.5887563919175,-100.92063707037745,0,0.0,0.0078125,128
bayesfl_observability_v1,ola_sparse_bayesian_keep010_seed42,70,ola,global,,,layers.0.bias,db,2,-100.5887563919175,-99.92499503499761,-100.25687571345756,1,0.011770043432858167,0.015625,128
bayesfl_observability_v1,ola_sparse_bayesian_keep010_seed42,70,ola,global,,,layers.0.bias,db,3,-99.92499503499761,-99.2612336780777,-99.59311435653765,0,0.0,0.015625,128
bayesfl_observability_v1,ola_sparse_bayesian_keep010_seed42,70,ola,global,,,layers.0.bias,db,4,-99.2612336780777,-98.5974723211578,-98.92935299961775,0,0.0,0.015625,128
bayesfl_observability_v1,ola_sparse_bayesian_keep010_seed42,70,ola,global,,,layers.0.bias,db,5,-98.5974723211578,-97.93371096423789,-98.26559164269784,0,0.0,0.015625,128
bayesfl_observability_v1,ola_sparse_bayesian_keep010_seed42,70,ola,global,,,layers.0.bias,db,6,-97.93371096423789,-97.26994960731798,-97.60183028577794,0,0.0,0.015625,128
bayesfl_observability_v1,ola_sparse_bayesian_keep010_seed42,70,ola,global,,,layers.0.bias,db,7,-97.26994960731798,-96.60618825039808,-96.93806892885803,0,0.0,0.015625,128
bayesfl_observability_v1,ola_sparse_bayesian_keep010_seed42,70,ola,global,,,layers.0.bias,db,8,-96.60618825039808,-95.94242689347818,-96.27430757193812,0,0.0,0.015625,128
bayesfl_observability_v1,ola_sparse_bayesian_keep010_seed42,70,ola,global,,,layers.0.bias,db,9,-95.94242689347818,-95.27866553655828,-95.61054621501823,0,0.0,0.015625,128
bayesfl_observability_v1,ola_sparse_bayesian_keep010_seed42,70,ola,global,,,layers.0.bias,db,10,-95.27866553655828,-94.61490417963837,-94.94678485809833,0,0.0,0.015625,128
bayesfl_observability_v1,ola_sparse_bayesian_keep010_seed42,70,ola,global,,,layers.0.bias,db,11,-94.61490417963837,-93.95114282271847,-94.28302350117842,0,0.0,0.015625,128
bayesfl_observability_v1,ola_sparse_bayesian_keep010_seed42,70,ola,global,,,layers.0.bias,db,12,-93.95114282271847,-93.28738146579857,-93.61926214425853,0,0.0,0.015625,128
bayesfl_observability_v1,ola_sparse_bayesian_keep010_seed42,70,ola,global,,,layers.0.bias,db,13,-93.28738146579857,-92.62362010887867,-92.95550078733862,0,0.0,0.015625,128
bayesfl_observability_v1,ola_sparse_bayesian_keep010_seed42,70,ola,global,,,layers.0.bias,db,14,-92.62362010887867,-91.95985875195876,-92.29173943041872,0,0.0,0.015625,128
bayesfl_observability_v1,ola_sparse_bayesian_keep010_seed42,70,ola,global,,,layers.0.bias,db,15,-91.95985875195876,-91.29609739503886,-91.62797807349881,0,0.0,0.015625,128
bayesfl_observability_v1,ola_sparse_bayesian_keep010_seed42,70,ola,global,,,layers.0.bias,db,16,-91.29609739503886,-90.63233603811895,-90.9642167165789,1,0.011770043432857915,0.0234375,128
bayesfl_observability_v1,ola_sparse_bayesian_keep010_seed42,70,ola,global,,,layers.0.bias,db,17,-90.63233603811895,-89.96857468119904,-90.300455359659,0,0.0,0.0234375,128
bayesfl_observability_v1,ola_sparse_bayesian_keep010_seed42,70,ola,global,,,layers.0.bias,db,18,-89.96857468119904,-89.30481332427914,-89.63669400273909,0,0.0,0.0234375,128
bayesfl_observability_v1,ola_sparse_bayesian_keep010_seed42,70,ola,global,,,layers.0.bias,db,19,-89.30481332427914,-88.64105196735925,-88.97293264581918,0,0.0,0.0234375,128
bayesfl_observability_v1,ola_sparse_bayesian_keep010_seed42,70,ola,global,,,layers.0.bias,db,20,-88.64105196735925,-87.97729061043934,-88.3091712888993,1,0.011770043432857915,0.03125,128
bayesfl_observability_v1,ola_sparse_bayesian_keep010_seed42,70,ola,global,,,layers.0.bias,db,21,-87.97729061043934,-87.31352925351943,-87.64540993197939,0,0.0,0.03125,128
bayesfl_observability_v1,ola_sparse_bayesian_keep010_seed42,70,ola,global,,,layers.0.bias,db,22,-87.31352925351943,-86.64976789659953,-86.98164857505948,1,0.011770043432857915,0.0390625,128
bayesfl_observability_v1,ola_sparse_bayesian_keep010_seed42,70,ola,global,,,layers.0.bias,db,23,-86.64976789659953,-85.98600653967964,-86.31788721813959,0,0.0,0.0390625,128
bayesfl_observability_v1,ola_sparse_bayesian_keep010_seed42,70,ola,global,,,layers.0.bias,db,24,-85.98600653967964,-85.32224518275973,-85.65412586121968,0,0.0,0.0390625,128
bayesfl_observability_v1,ola_sparse_bayesian_keep010_seed42,70,ola,global,,,layers.0.bias,db,25,-85.32224518275973,-84.65848382583982,-84.99036450429978,0,0.0,0.0390625,128
bayesfl_observability_v1,ola_sparse_bayesian_keep010_seed42,70,ola,global,,,layers.0.bias,db,26,-84.65848382583982,-83.99472246891992,-84.32660314737987,0,0.0,0.0390625,128
bayesfl_observability_v1,ola_sparse_bayesian_keep010_seed42,70,ola,global,,,layers.0.bias,db,27,-83.99472246891992,-83.33096111200001,-83.66284179045996,1,0.011770043432857915,0.046875,128
bayesfl_observability_v1,ola_sparse_bayesian_keep010_seed42,70,ola,global,,,layers.0.bias,db,28,-83.33096111200001,-82.6671997550801,-82.99908043354006,1,0.011770043432857915,0.0546875,128
bayesfl_observability_v1,ola_sparse_bayesian_keep010_seed42,70,ola,global,,,layers.0.bias,db,29,-82.6671997550801,-82.0034383981602,-82.33531907662015,0,0.0,0.0546875,128
bayesfl_observability_v1,ola_sparse_bayesian_keep010_seed42,70,ola,global,,,layers.0.bias,db,30,-82.0034383981602,-81.33967704124031,-81.67155771970025,3,0.0353101302985745,0.078125,128
bayesfl_observability_v1,ola_sparse_bayesian_keep010_seed42,70,ola,global,,,layers.0.bias,db,31,-81.33967704124031,-80.6759156843204,-81.00779636278035,1,0.011770043432857915,0.0859375,128
bayesfl_observability_v1,ola_sparse_bayesian_keep010_seed42,70,ola,global,,,layers.0.bias,db,32,-80.6759156843204,-80.0121543274005,-80.34403500586045,0,0.0,0.0859375,128
bayesfl_observability_v1,ola_sparse_bayesian_keep010_seed42,70,ola,global,,,layers.0.bias,db,33,-80.0121543274005,-79.3483929704806,-79.68027364894056,0,0.0,0.0859375,128
bayesfl_observability_v1,ola_sparse_bayesian_keep010_seed42,70,ola,global,,,layers.0.bias,db,34,-79.3483929704806,-78.6846316135607,-79.01651229202065,1,0.011770043432857915,0.09375,128
bayesfl_observability_v1,ola_sparse_bayesian_keep010_seed42,70,ola,global,,,layers.0.bias,db,35,-78.6846316135607,-78.02087025664079,-78.35275093510074,0,0.0,0.09375,128
bayesfl_observability_v1,ola_sparse_bayesian_keep010_seed42,70,ola,global,,,layers.0.bias,db,36,-78.02087025664079,-77.35710889972088,-77.68898957818084,1,0.011770043432857915,0.1015625,128
bayesfl_observability_v1,ola_sparse_bayesian_keep010_seed42,70,ola,global,,,layers.0.bias,db,37,-77.35710889972088,-76.69334754280098,-77.02522822126093,1,0.011770043432857915,0.109375,128
bayesfl_observability_v1,ola_sparse_bayesian_keep010_seed42,70,ola,global,,,layers.0.bias,db,38,-76.69334754280098,-76.02958618588107,-76.36146686434103,1,0.011770043432857915,0.1171875,128
bayesfl_observability_v1,ola_sparse_bayesian_keep010_seed42,70,ola,global,,,layers.0.bias,db,39,-76.02958618588107,-75.36582482896117,-75.69770550742112,0,0.0,0.1171875,128
bayesfl_observability_v1,ola_sparse_bayesian_keep010_seed42,70,ola,global,,,layers.0.bias,db,40,-75.36582482896117,-74.70206347204127,-75.03394415050121,3,0.0353101302985745,0.140625,128
bayesfl_observability_v1,ola_sparse_bayesian_keep010_seed42,70,ola,global,,,layers.0.bias,db,41,-74.70206347204127,-74.03830211512137,-74.37018279358132,1,0.011770043432857915,0.1484375,128
bayesfl_observability_v1,ola_sparse_bayesian_keep010_seed42,70,ola,global,,,layers.0.bias,db,42,-74.03830211512137,-73.37454075820146,-73.70642143666142,3,0.035310130298573744,0.171875,128
bayesfl_observability_v1,ola_sparse_bayesian_keep010_seed42,70,ola,global,,,layers.0.bias,db,43,-73.37454075820146,-72.71077940128156,-73.04266007974151,2,0.02354008686571583,0.1875,128
bayesfl_observability_v1,ola_sparse_bayesian_keep010_seed42,70,ola,global,,,layers.0.bias,db,44,-72.71077940128156,-72.04701804436166,-72.37889872282162,1,0.011770043432858167,0.1953125,128
bayesfl_observability_v1,ola_sparse_bayesian_keep010_seed42,70,ola,global,,,layers.0.bias,db,45,-72.04701804436166,-71.38325668744176,-71.71513736590171,4,0.04708017373143166,0.2265625,128
bayesfl_observability_v1,ola_sparse_bayesian_keep010_seed42,70,ola,global,,,layers.0.bias,db,46,-71.38325668744176,-70.71949533052185,-71.0513760089818,2,0.02354008686571583,0.2421875,128
bayesfl_observability_v1,ola_sparse_bayesian_keep010_seed42,70,ola,global,,,layers.0.bias,db,47,-70.71949533052185,-70.05573397360195,-70.3876146520619,3,0.035310130298573744,0.265625,128
bayesfl_observability_v1,ola_sparse_bayesian_keep010_seed42,70,ola,global,,,layers.0.bias,db,48,-70.05573397360195,-69.39197261668204,-69.72385329514199,4,0.04708017373143166,0.296875,128
bayesfl_observability_v1,ola_sparse_bayesian_keep010_seed42,70,ola,global,,,layers.0.bias,db,49,-69.39197261668204,-68.72821125976213,-69.06009193822209,1,0.011770043432857915,0.3046875,128
bayesfl_observability_v1,ola_sparse_bayesian_keep010_seed42,70,ola,global,,,layers.0.bias,db,50,-68.72821125976213,-68.06444990284223,-68.39633058130218,5,0.05885021716428958,0.34375,128
bayesfl_observability_v1,ola_sparse_bayesian_keep010_seed42,70,ola,global,,,layers.0.bias,db,51,-68.06444990284223,-67.40068854592234,-67.73256922438227,0,0.0,0.34375,128
bayesfl_observability_v1,ola_sparse_bayesian_keep010_seed42,70,ola,global,,,layers.0.bias,db,52,-67.40068854592234,-66.73692718900243,-67.06880786746238,1,0.011770043432857915,0.3515625,128
bayesfl_observability_v1,ola_sparse_bayesian_keep010_seed42,70,ola,global,,,layers.0.bias,db,53,-66.73692718900243,-66.07316583208252,-66.40504651054248,3,0.035310130298573744,0.375,128
bayesfl_observability_v1,ola_sparse_bayesian_keep010_seed42,70,ola,global,,,layers.0.bias,db,54,-66.07316583208252,-65.40940447516263,-65.74128515362258,5,0.05885021716429084,0.4140625,128
bayesfl_observability_v1,ola_sparse_bayesian_keep010_seed42,70,ola,global,,,layers.0.bias,db,55,-65.40940447516263,-64.74564311824273,-65.07752379670268,6,0.07062026059714749,0.4609375,128
bayesfl_observability_v1,ola_sparse_bayesian_keep010_seed42,70,ola,global,,,layers.0.bias,db,56,-64.74564311824273,-64.08188176132282,-64.41376243978277,1,0.011770043432857915,0.46875,128
bayesfl_observability_v1,ola_sparse_bayesian_keep010_seed42,70,ola,global,,,layers.0.bias,db,57,-64.08188176132282,-63.41812040440291,-63.750001082862866,2,0.02354008686571583,0.484375,128
bayesfl_observability_v1,ola_sparse_bayesian_keep010_seed42,70,ola,global,,,layers.0.bias,db,58,-63.41812040440291,-62.75435904748301,-63.08623972594296,1,0.011770043432857915,0.4921875,128
bayesfl_observability_v1,ola_sparse_bayesian_keep010_seed42,70,ola,global,,,layers.0.bias,db,59,-62.75435904748301,-62.0905976905631,-62.422478369023054,2,0.02354008686571583,0.5078125,128
bayesfl_observability_v1,ola_sparse_bayesian_keep010_seed42,70,ola,global,,,layers.0.bias,db,60,-62.0905976905631,-61.4268363336432,-61.75871701210315,4,0.04708017373143217,0.5390625,128
bayesfl_observability_v1,ola_sparse_bayesian_keep010_seed42,70,ola,global,,,layers.0.bias,db,61,-61.4268363336432,-60.763074976723296,-61.09495565518325,7,0.08239030403000541,0.59375,128
bayesfl_observability_v1,ola_sparse_bayesian_keep010_seed42,70,ola,global,,,layers.0.bias,db,62,-60.763074976723296,-60.0993136198034,-60.43119429826335,7,0.08239030403000629,0.6484375,128
bayesfl_observability_v1,ola_sparse_bayesian_keep010_seed42,70,ola,global,,,layers.0.bias,db,63,-60.0993136198034,-59.43555226288349,-59.76743294134344,7,0.08239030403000541,0.703125,128
bayesfl_observability_v1,ola_sparse_bayesian_keep010_seed42,70,ola,global,,,layers.0.bias,db,64,-59.43555226288349,-58.771790905963584,-59.10367158442354,3,0.035310130298573744,0.7265625,128
bayesfl_observability_v1,ola_sparse_bayesian_keep010_seed42,70,ola,global,,,layers.0.bias,db,65,-58.771790905963584,-58.108029549043685,-58.43991022750363,4,0.04708017373143217,0.7578125,128
bayesfl_observability_v1,ola_sparse_bayesian_keep010_seed42,70,ola,global,,,layers.0.bias,db,66,-58.108029549043685,-57.44426819212378,-57.77614887058373,4,0.04708017373143166,0.7890625,128
bayesfl_observability_v1,ola_sparse_bayesian_keep010_seed42,70,ola,global,,,layers.0.bias,db,67,-57.44426819212378,-56.78050683520388,-57.11238751366383,5,0.05885021716429021,0.828125,128
bayesfl_observability_v1,ola_sparse_bayesian_keep010_seed42,70,ola,global,,,layers.0.bias,db,68,-56.78050683520388,-56.116745478283974,-56.44862615674393,6,0.07062026059714749,0.875,128
bayesfl_observability_v1,ola_sparse_bayesian_keep010_seed42,70,ola,global,,,layers.0.bias,db,69,-56.116745478283974,-55.45298412136407,-55.78486479982402,5,0.05885021716428958,0.9140625,128
bayesfl_observability_v1,ola_sparse_bayesian_keep010_seed42,70,ola,global,,,layers.0.bias,db,70,-55.45298412136407,-54.78922276444417,-55.121103442904115,3,0.035310130298574126,0.9375,128
bayesfl_observability_v1,ola_sparse_bayesian_keep010_seed42,70,ola,global,,,layers.0.bias,db,71,-54.78922276444417,-54.12546140752426,-54.457342085984216,2,0.02354008686571583,0.953125,128
bayesfl_observability_v1,ola_sparse_bayesian_keep010_seed42,70,ola,global,,,layers.0.bias,db,72,-54.12546140752426,-53.46170005060436,-53.79358072906431,4,0.04708017373143166,0.984375,128
bayesfl_observability_v1,ola_sparse_bayesian_keep010_seed42,70,ola,global,,,layers.0.bias,db,73,-53.46170005060436,-52.79793869368446,-53.12981937214441,1,0.011770043432858042,0.9921875,128
bayesfl_observability_v1,ola_sparse_bayesian_keep010_seed42,70,ola,global,,,layers.0.bias,db,74,-52.79793869368446,-52.13417733676455,-52.466058015224505,0,0.0,0.9921875,128
bayesfl_observability_v1,ola_sparse_bayesian_keep010_seed42,70,ola,global,,,layers.0.bias,db,75,-52.13417733676455,-51.470415979844645,-51.8022966583046,0,0.0,0.9921875,128
bayesfl_observability_v1,ola_sparse_bayesian_keep010_seed42,70,ola,global,,,layers.0.bias,db,76,-51.470415979844645,-50.806654622924746,-51.13853530138469,0,0.0,0.9921875,128
bayesfl_observability_v1,ola_sparse_bayesian_keep010_seed42,70,ola,global,,,layers.0.bias,db,77,-50.806654622924746,-50.14289326600484,-50.47477394446479,0,0.0,0.9921875,128
bayesfl_observability_v1,ola_sparse_bayesian_keep010_seed42,70,ola,global,,,layers.0.bias,db,78,-50.14289326600484,-49.47913190908494,-49.811012587544894,0,0.0,0.9921875,128
bayesfl_observability_v1,ola_sparse_bayesian_keep010_seed42,70,ola,global,,,layers.0.bias,db,79,-49.47913190908494,-48.815370552165035,-49.14725123062499,1,0.011770043432857915,1.0,128
bayesfl_observability_v1,ola_sparse_bayesian_keep010_seed42,70,ola,global,,,layers.1.weight,raw,0,2.6059998089325005e-06,0.001009923415288997,0.0005062647075489647,146,113.23392035830177,0.1140625,1280
bayesfl_observability_v1,ola_sparse_bayesian_keep010_seed42,70,ola,global,,,layers.1.weight,raw,1,0.001009923415288997,0.0020172408307690616,0.0015135821230290293,150,116.33621954620045,0.23125,1280
bayesfl_observability_v1,ola_sparse_bayesian_keep010_seed42,70,ola,global,,,layers.1.weight,raw,2,0.0020172408307690616,0.0030245582462491262,0.002520899538509094,137,106.25374718552975,0.33828125,1280
bayesfl_observability_v1,ola_sparse_bayesian_keep010_seed42,70,ola,global,,,layers.1.weight,raw,3,0.0030245582462491262,0.004031875661729191,0.0035282169539891588,121,93.84455043393498,0.4328125,1280
bayesfl_observability_v1,ola_sparse_bayesian_keep010_seed42,70,ola,global,,,layers.1.weight,raw,4,0.004031875661729191,0.0050391930772092555,0.004535534369469223,119,92.29340083998572,0.52578125,1280
bayesfl_observability_v1,ola_sparse_bayesian_keep010_seed42,70,ola,global,,,layers.1.weight,raw,5,0.0050391930772092555,0.0060465104926893205,0.0055428517849492875,94,72.9040309156189,0.59921875,1280
bayesfl_observability_v1,ola_sparse_bayesian_keep010_seed42,70,ola,global,,,layers.1.weight,raw,6,0.0060465104926893205,0.0070538279081693855,0.0065501692004293535,82,63.59713335192288,0.66328125,1280
bayesfl_observability_v1,ola_sparse_bayesian_keep010_seed42,70,ola,global,,,layers.1.weight,raw,7,0.0070538279081693855,0.00806114532364945,0.007557486615909418,69,53.51466099125223,0.7171875,1280
bayesfl_observability_v1,ola_sparse_bayesian_keep010_seed42,70,ola,global,,,layers.1.weight,raw,8,0.00806114532364945,0.009068462739129514,0.008564804031389482,51,39.55431464570817,0.75703125,1280
bayesfl_observability_v1,ola_sparse_bayesian_keep010_seed42,70,ola,global,,,layers.1.weight,raw,9,0.009068462739129514,0.010075780154609578,0.009572121446869546,42,32.574141472936134,0.78984375,1280
bayesfl_observability_v1,ola_sparse_bayesian_keep010_seed42,70,ola,global,,,layers.1.weight,raw,10,0.010075780154609578,0.011083097570089644,0.010579438862349612,40,31.022991878986744,0.82109375,1280
bayesfl_observability_v1,ola_sparse_bayesian_keep010_seed42,70,ola,global,,,layers.1.weight,raw,11,0.011083097570089644,0.012090414985569708,0.011586756277829676,27,20.940519518316087,0.8421875,1280
bayesfl_observability_v1,ola_sparse_bayesian_keep010_seed42,70,ola,global,,,layers.1.weight,raw,12,0.012090414985569708,0.013097732401049772,0.01259407369330974,15,11.633621954620049,0.85390625,1280
bayesfl_observability_v1,ola_sparse_bayesian_keep010_seed42,70,ola,global,,,layers.1.weight,raw,13,0.013097732401049772,0.014105049816529838,0.013601391108789804,21,16.28707073646804,0.8703125,1280
bayesfl_observability_v1,ola_sparse_bayesian_keep010_seed42,70,ola,global,,,layers.1.weight,raw,14,0.014105049816529838,0.015112367232009902,0.01460870852426987,14,10.858047157645379,0.88125,1280
bayesfl_observability_v1,ola_sparse_bayesian_keep010_seed42,70,ola,global,,,layers.1.weight,raw,15,0.015112367232009902,0.016119684647489967,0.015616025939749935,15,11.633621954620049,0.89296875,1280
bayesfl_observability_v1,ola_sparse_bayesian_keep010_seed42,70,ola,global,,,layers.1.weight,raw,16,0.016119684647489967,0.01712700206297003,0.016623343355229997,16,12.409196751594719,0.90546875,1280
bayesfl_observability_v1,ola_sparse_bayesian_keep010_seed42,70,ola,global,,,layers.1.weight,raw,17,0.01712700206297003,0.018134319478450095,0.017630660770710065,21,16.287070736468067,0.921875,1280
bayesfl_observability_v1,ola_sparse_bayesian_keep010_seed42,70,ola,global,,,layers.1.weight,raw,18,0.018134319478450095,0.01914163689393016,0.018637978186190125,12,9.306897563696038,0.93125,1280
bayesfl_observability_v1,ola_sparse_bayesian_keep010_seed42,70,ola,global,,,layers.1.weight,raw,19,0.01914163689393016,0.020148954309410223,0.019645295601670193,7,5.429023578822689,0.93671875,1280
bayesfl_observability_v1,ola_sparse_bayesian_keep010_seed42,70,ola,global,,,layers.1.weight,raw,20,0.020148954309410223,0.02115627172489029,0.020652613017150257,10,7.755747969746673,0.94453125,1280
bayesfl_observability_v1,ola_sparse_bayesian_keep010_seed42,70,ola,global,,,layers.1.weight,raw,21,0.02115627172489029,0.022163589140370355,0.02165993043263032,4,3.1022991878986796,0.94765625,1280
bayesfl_observability_v1,ola_sparse_bayesian_keep010_seed42,70,ola,global,,,layers.1.weight,raw,22,0.022163589140370355,0.02317090655585042,0.02266724784811039,5,3.8778739848733497,0.9515625,1280
bayesfl_observability_v1,ola_sparse_bayesian_keep010_seed42,70,ola,global,,,layers.1.weight,raw,23,0.02317090655585042,0.024178223971330483,0.02367456526359045,6,4.653448781848019,0.95625,1280
bayesfl_observability_v1,ola_sparse_bayesian_keep010_seed42,70,ola,global,,,layers.1.weight,raw,24,0.024178223971330483,0.025185541386810548,0.024681882679070517,3,2.3267243909240096,0.95859375,1280
bayesfl_observability_v1,ola_sparse_bayesian_keep010_seed42,70,ola,global,,,layers.1.weight,raw,25,0.025185541386810548,0.026192858802290612,0.025689200094550578,3,2.3267243909240096,0.9609375,1280
bayesfl_observability_v1,ola_sparse_bayesian_keep010_seed42,70,ola,global,,,layers.1.weight,raw,26,0.026192858802290612,0.027200176217770676,0.026696517510030646,3,2.3267243909240096,0.96328125,1280
bayesfl_observability_v1,ola_sparse_bayesian_keep010_seed42,70,ola,global,,,layers.1.weight,raw,27,0.027200176217770676,0.028207493633250744,0.02770383492551071,3,2.3267243909240016,0.965625,1280
bayesfl_observability_v1,ola_sparse_bayesian_keep010_seed42,70,ola,global,,,layers.1.weight,raw,28,0.028207493633250744,0.029214811048730808,0.028711152340990774,4,3.1022991878986796,0.96875,1280
bayesfl_observability_v1,ola_sparse_bayesian_keep010_seed42,70,ola,global,,,layers.1.weight,raw,29,0.029214811048730808,0.030222128464210872,0.02971846975647084,4,3.1022991878986796,0.971875,1280
bayesfl_observability_v1,ola_sparse_bayesian_keep010_seed42,70,ola,global,,,layers.1.weight,raw,30,0.030222128464210872,0.031229445879690936,0.030725787171950902,3,2.3267243909240096,0.97421875,1280
bayesfl_observability_v1,ola_sparse_bayesian_keep010_seed42,70,ola,global,,,layers.1.weight,raw,31,0.031229445879690936,0.032236763295171,0.03173310458743097,2,1.5511495939493398,0.97578125,1280
bayesfl_observability_v1,ola_sparse_bayesian_keep010_seed42,70,ola,global,,,layers.1.weight,raw,32,0.032236763295171,0.03324408071065107,0.03274042200291104,1,0.7755747969746672,0.9765625,1280
bayesfl_observability_v1,ola_sparse_bayesian_keep010_seed42,70,ola,global,,,layers.1.weight,raw,33,0.03324408071065107,0.03425139812613113,0.0337477394183911,1,0.7755747969746726,0.97734375,1280
bayesfl_observability_v1,ola_sparse_bayesian_keep010_seed42,70,ola,global,,,layers.1.weight,raw,34,0.03425139812613113,0.035258715541611196,0.03475505683387116,1,0.7755747969746672,0.978125,1280
bayesfl_observability_v1,ola_sparse_bayesian_keep010_seed42,70,ola,global,,,layers.1.weight,raw,35,0.035258715541611196,0.03626603295709126,0.03576237424935123,2,1.5511495939493452,0.9796875,1280
bayesfl_observability_v1,ola_sparse_bayesian_keep010_seed42,70,ola,global,,,layers.1.weight,raw,36,0.03626603295709126,0.037273350372571325,0.036769691664831294,3,2.3267243909240016,0.98203125,1280
bayesfl_observability_v1,ola_sparse_bayesian_keep010_seed42,70,ola,global,,,layers.1.weight,raw,37,0.037273350372571325,0.038280667788051385,0.037777009080311355,4,3.1022991878986903,0.98515625,1280
bayesfl_observability_v1,ola_sparse_bayesian_keep010_seed42,70,ola,global,,,layers.1.weight,raw,38,0.038280667788051385,0.03928798520353145,0.038784326495791416,4,3.102299187898669,0.98828125,1280
bayesfl_observability_v1,ola_sparse_bayesian_keep010_seed42,70,ola,global,,,layers.1.weight,raw,39,0.03928798520353145,0.040295302619011514,0.03979164391127148,1,0.7755747969746726,0.9890625,1280
bayesfl_observability_v1,ola_sparse_bayesian_keep010_seed42,70,ola,global,,,layers.1.weight,raw,40,0.040295302619011514,0.04130262003449158,0.04079896132675155,1,0.7755747969746672,0.98984375,1280
bayesfl_observability_v1,ola_sparse_bayesian_keep010_seed42,70,ola,global,,,layers.1.weight,raw,41,0.04130262003449158,0.04230993744997165,0.04180627874223161,0,0.0,0.98984375,1280
bayesfl_observability_v1,ola_sparse_bayesian_keep010_seed42,70,ola,global,,,layers.1.weight,raw,42,0.04230993744997165,0.04331725486545171,0.04281359615771168,0,0.0,0.98984375,1280
bayesfl_observability_v1,ola_sparse_bayesian_keep010_seed42,70,ola,global,,,layers.1.weight,raw,43,0.04331725486545171,0.04432457228093178,0.04382091357319175,1,0.7755747969746672,0.990625,1280
bayesfl_observability_v1,ola_sparse_bayesian_keep010_seed42,70,ola,global,,,layers.1.weight,raw,44,0.04432457228093178,0.04533188969641184,0.04482823098867181,0,0.0,0.990625,1280
bayesfl_observability_v1,ola_sparse_bayesian_keep010_seed42,70,ola,global,,,layers.1.weight,raw,45,0.04533188969641184,0.046339207111891906,0.04583554840415187,1,0.7755747969746672,0.99140625,1280
bayesfl_observability_v1,ola_sparse_bayesian_keep010_seed42,70,ola,global,,,layers.1.weight,raw,46,0.046339207111891906,0.047346524527371966,0.046842865819631936,1,0.7755747969746726,0.9921875,1280
bayesfl_observability_v1,ola_sparse_bayesian_keep010_seed42,70,ola,global,,,layers.1.weight,raw,47,0.047346524527371966,0.048353841942852034,0.047850183235112004,1,0.7755747969746672,0.99296875,1280
bayesfl_observability_v1,ola_sparse_bayesian_keep010_seed42,70,ola,global,,,layers.1.weight,raw,48,0.048353841942852034,0.0493611593583321,0.048857500650592064,0,0.0,0.99296875,1280
bayesfl_observability_v1,ola_sparse_bayesian_keep010_seed42,70,ola,global,,,layers.1.weight,raw,49,0.0493611593583321,0.05036847677381216,0.04986481806607213,0,0.0,0.99296875,1280
bayesfl_observability_v1,ola_sparse_bayesian_keep010_seed42,70,ola,global,,,layers.1.weight,raw,50,0.05036847677381216,0.05137579418929223,0.0508721354815522,0,0.0,0.99296875,1280
bayesfl_observability_v1,ola_sparse_bayesian_keep010_seed42,70,ola,global,,,layers.1.weight,raw,51,0.05137579418929223,0.05238311160477229,0.05187945289703226,1,0.7755747969746726,0.99375,1280
bayesfl_observability_v1,ola_sparse_bayesian_keep010_seed42,70,ola,global,,,layers.1.weight,raw,52,0.05238311160477229,0.05339042902025236,0.05288677031251232,2,1.5511495939493345,0.9953125,1280
bayesfl_observability_v1,ola_sparse_bayesian_keep010_seed42,70,ola,global,,,layers.1.weight,raw,53,0.05339042902025236,0.05439774643573242,0.05389408772799239,2,1.5511495939493452,0.996875,1280
bayesfl_observability_v1,ola_sparse_bayesian_keep010_seed42,70,ola,global,,,layers.1.weight,raw,54,0.05439774643573242,0.05540506385121249,0.054901405143472456,0,0.0,0.996875,1280
bayesfl_observability_v1,ola_sparse_bayesian_keep010_seed42,70,ola,global,,,layers.1.weight,raw,55,0.05540506385121249,0.056412381266692554,0.05590872255895252,1,0.7755747969746672,0.99765625,1280
bayesfl_observability_v1,ola_sparse_bayesian_keep010_seed42,70,ola,global,,,layers.1.weight,raw,56,0.056412381266692554,0.057419698682172615,0.056916039974432585,0,0.0,0.99765625,1280
bayesfl_observability_v1,ola_sparse_bayesian_keep010_seed42,70,ola,global,,,layers.1.weight,raw,57,0.057419698682172615,0.05842701609765268,0.05792335738991265,0,0.0,0.99765625,1280
bayesfl_observability_v1,ola_sparse_bayesian_keep010_seed42,70,ola,global,,,layers.1.weight,raw,58,0.05842701609765268,0.059434333513132744,0.05893067480539271,0,0.0,0.99765625,1280
bayesfl_observability_v1,ola_sparse_bayesian_keep010_seed42,70,ola,global,,,layers.1.weight,raw,59,0.059434333513132744,0.06044165092861281,0.059937992220872774,1,0.7755747969746672,0.9984375,1280
bayesfl_observability_v1,ola_sparse_bayesian_keep010_seed42,70,ola,global,,,layers.1.weight,raw,60,0.06044165092861281,0.06144896834409287,0.06094530963635284,0,0.0,0.9984375,1280
bayesfl_observability_v1,ola_sparse_bayesian_keep010_seed42,70,ola,global,,,layers.1.weight,raw,61,0.06144896834409287,0.06245628575957294,0.06195262705183291,0,0.0,0.9984375,1280
bayesfl_observability_v1,ola_sparse_bayesian_keep010_seed42,70,ola,global,,,layers.1.weight,raw,62,0.06245628575957294,0.06346360317505301,0.06295994446731297,1,0.7755747969746672,0.99921875,1280
bayesfl_observability_v1,ola_sparse_bayesian_keep010_seed42,70,ola,global,,,layers.1.weight,raw,63,0.06346360317505301,0.06447092059053307,0.06396726188279303,0,0.0,0.99921875,1280
bayesfl_observability_v1,ola_sparse_bayesian_keep010_seed42,70,ola,global,,,layers.1.weight,raw,64,0.06447092059053307,0.06547823800601313,0.0649745792982731,0,0.0,0.99921875,1280
bayesfl_observability_v1,ola_sparse_bayesian_keep010_seed42,70,ola,global,,,layers.1.weight,raw,65,0.06547823800601313,0.0664855554214932,0.06598189671375317,0,0.0,0.99921875,1280
bayesfl_observability_v1,ola_sparse_bayesian_keep010_seed42,70,ola,global,,,layers.1.weight,raw,66,0.0664855554214932,0.06749287283697326,0.06698921412923323,0,0.0,0.99921875,1280
bayesfl_observability_v1,ola_sparse_bayesian_keep010_seed42,70,ola,global,,,layers.1.weight,raw,67,0.06749287283697326,0.06850019025245332,0.0679965315447133,0,0.0,0.99921875,1280
bayesfl_observability_v1,ola_sparse_bayesian_keep010_seed42,70,ola,global,,,layers.1.weight,raw,68,0.06850019025245332,0.06950750766793339,0.06900384896019335,0,0.0,0.99921875,1280
bayesfl_observability_v1,ola_sparse_bayesian_keep010_seed42,70,ola,global,,,layers.1.weight,raw,69,0.06950750766793339,0.07051482508341346,0.07001116637567342,0,0.0,0.99921875,1280
bayesfl_observability_v1,ola_sparse_bayesian_keep010_seed42,70,ola,global,,,layers.1.weight,raw,70,0.07051482508341346,0.07152214249889352,0.0710184837911535,0,0.0,0.99921875,1280
bayesfl_observability_v1,ola_sparse_bayesian_keep010_seed42,70,ola,global,,,layers.1.weight,raw,71,0.07152214249889352,0.07252945991437358,0.07202580120663354,0,0.0,0.99921875,1280
bayesfl_observability_v1,ola_sparse_bayesian_keep010_seed42,70,ola,global,,,layers.1.weight,raw,72,0.07252945991437358,0.07353677732985366,0.07303311862211362,0,0.0,0.99921875,1280
bayesfl_observability_v1,ola_sparse_bayesian_keep010_seed42,70,ola,global,,,layers.1.weight,raw,73,0.07353677732985366,0.07454409474533372,0.0740404360375937,0,0.0,0.99921875,1280
bayesfl_observability_v1,ola_sparse_bayesian_keep010_seed42,70,ola,global,,,layers.1.weight,raw,74,0.07454409474533372,0.07555141216081378,0.07504775345307374,0,0.0,0.99921875,1280
bayesfl_observability_v1,ola_sparse_bayesian_keep010_seed42,70,ola,global,,,layers.1.weight,raw,75,0.07555141216081378,0.07655872957629384,0.07605507086855381,0,0.0,0.99921875,1280
bayesfl_observability_v1,ola_sparse_bayesian_keep010_seed42,70,ola,global,,,layers.1.weight,raw,76,0.07655872957629384,0.07756604699177391,0.07706238828403388,0,0.0,0.99921875,1280
bayesfl_observability_v1,ola_sparse_bayesian_keep010_seed42,70,ola,global,,,layers.1.weight,raw,77,0.07756604699177391,0.07857336440725397,0.07806970569951394,0,0.0,0.99921875,1280
bayesfl_observability_v1,ola_sparse_bayesian_keep010_seed42,70,ola,global,,,layers.1.weight,raw,78,0.07857336440725397,0.07958068182273403,0.07907702311499401,0,0.0,0.99921875,1280
bayesfl_observability_v1,ola_sparse_bayesian_keep010_seed42,70,ola,global,,,layers.1.weight,raw,79,0.07958068182273403,0.0805879992382141,0.08008434053047406,1,0.7755747969746726,1.0,1280
bayesfl_observability_v1,ola_sparse_bayesian_keep010_seed42,70,ola,global,,,layers.1.weight,db,0,-111.68050907626863,-110.55793511939946,-111.11922209783404,1,0.0006959452383688668,0.00078125,1280
bayesfl_observability_v1,ola_sparse_bayesian_keep010_seed42,70,ola,global,,,layers.1.weight,db,1,-110.55793511939946,-109.43536116253028,-109.99664814096488,0,0.0,0.00078125,1280
bayesfl_observability_v1,ola_sparse_bayesian_keep010_seed42,70,ola,global,,,layers.1.weight,db,2,-109.43536116253028,-108.31278720566111,-108.87407418409569,0,0.0,0.00078125,1280
bayesfl_observability_v1,ola_sparse_bayesian_keep010_seed42,70,ola,global,,,layers.1.weight,db,3,-108.31278720566111,-107.19021324879193,-107.75150022722653,0,0.0,0.00078125,1280
bayesfl_observability_v1,ola_sparse_bayesian_keep010_seed42,70,ola,global,,,layers.1.weight,db,4,-107.19021324879193,-106.06763929192276,-106.62892627035734,0,0.0,0.00078125,1280
bayesfl_observability_v1,ola_sparse_bayesian_keep010_seed42,70,ola,global,,,layers.1.weight,db,5,-106.06763929192276,-104.94506533505358,-105.50635231348818,0,0.0,0.00078125,1280
bayesfl_observability_v1,ola_sparse_bayesian_keep010_seed42,70,ola,global,,,layers.1.weight,db,6,-104.94506533505358,-103.82249137818441,-104.38377835661899,0,0.0,0.00078125,1280
bayesfl_observability_v1,ola_sparse_bayesian_keep010_seed42,70,ola,global,,,layers.1.weight,db,7,-103.82249137818441,-102.69991742131523,-103.26120439974983,0,0.0,0.00078125,1280
bayesfl_observability_v1,ola_sparse_bayesian_keep010_seed42,70,ola,global,,,layers.1.weight,db,8,-102.69991742131523,-101.57734346444606,-102.13863044288064,0,0.0,0.00078125,1280
bayesfl_observability_v1,ola_sparse_bayesian_keep010_seed42,70,ola,global,,,layers.1.weight,db,9,-101.57734346444606,-100.45476950757688,-101.01605648601148,0,0.0,0.00078125,1280
bayesfl_observability_v1,ola_sparse_bayesian_keep010_seed42,70,ola,global,,,layers.1.weight,db,10,-100.45476950757688,-99.33219555070771,-99.89348252914229,1,0.0006959452383688668,0.0015625,1280
bayesfl_observability_v1,ola_sparse_bayesian_keep010_seed42,70,ola,global,,,layers.1.weight,db,11,-99.33219555070771,-98.20962159383853,-98.77090857227313,1,0.0006959452383688668,0.00234375,1280
bayesfl_observability_v1,ola_sparse_bayesian_keep010_seed42,70,ola,global,,,layers.1.weight,db,12,-98.20962159383853,-97.08704763696936,-97.64833461540394,1,0.0006959452383688668,0.003125,1280
bayesfl_observability_v1,ola_sparse_bayesian_keep010_seed42,70,ola,global,,,layers.1.weight,db,13,-97.08704763696936,-95.96447368010018,-96.52576065853478,1,0.0006959452383688668,0.00390625,1280
bayesfl_observability_v1,ola_sparse_bayesian_keep010_seed42,70,ola,global,,,layers.1.weight,db,14,-95.96447368010018,-94.84189972323102,-95.4031867016656,0,0.0,0.00390625,1280
bayesfl_observability_v1,ola_sparse_bayesian_keep010_seed42,70,ola,global,,,layers.1.weight,db,15,-94.84189972323102,-93.71932576636183,-94.28061274479643,1,0.000695945238368858,0.0046875,1280
bayesfl_observability_v1,ola_sparse_bayesian_keep010_seed42,70,ola,global,,,layers.1.weight,db,16,-93.71932576636183,-92.59675180949267,-93.15803878792725,0,0.0,0.0046875,1280
bayesfl_observability_v1,ola_sparse_bayesian_keep010_seed42,70,ola,global,,,layers.1.weight,db,17,-92.59675180949267,-91.47417785262348,-92.03546483105808,0,0.0,0.0046875,1280
bayesfl_observability_v1,ola_sparse_bayesian_keep010_seed42,70,ola,global,,,layers.1.weight,db,18,-91.47417785262348,-90.35160389575432,-90.9128908741889,0,0.0,0.0046875,1280
bayesfl_observability_v1,ola_sparse_bayesian_keep010_seed42,70,ola,global,,,layers.1.weight,db,19,-90.35160389575432,-89.22902993888513,-89.79031691731973,1,0.000695945238368858,0.00546875,1280
bayesfl_observability_v1,ola_sparse_bayesian_keep010_seed42,70,ola,global,,,layers.1.weight,db,20,-89.22902993888513,-88.10645598201597,-88.66774296045055,1,0.0006959452383688755,0.00625,1280
bayesfl_observability_v1,ola_sparse_bayesian_keep010_seed42,70,ola,global,,,layers.1.weight,db,21,-88.10645598201597,-86.9838820251468,-87.54516900358138,1,0.0006959452383688668,0.00703125,1280
bayesfl_observability_v1,ola_sparse_bayesian_keep010_seed42,70,ola,global,,,layers.1.weight,db,22,-86.9838820251468,-85.86130806827762,-86.42259504671222,0,0.0,0.00703125,1280
bayesfl_observability_v1,ola_sparse_bayesian_keep010_seed42,70,ola,global,,,layers.1.weight,db,23,-85.86130806827762,-84.73873411140845,-85.30002108984303,0,0.0,0.00703125,1280
bayesfl_observability_v1,ola_sparse_bayesian_keep010_seed42,70,ola,global,,,layers.1.weight,db,24,-84.73873411140845,-83.61616015453927,-84.17744713297387,2,0.0013918904767377335,0.00859375,1280
bayesfl_observability_v1,ola_sparse_bayesian_keep010_seed42,70,ola,global,,,layers.1.weight,db,25,-83.61616015453927,-82.4935861976701,-83.05487317610468,2,0.0013918904767377335,0.01015625,1280
bayesfl_observability_v1,ola_sparse_bayesian_keep010_seed42,70,ola,global,,,layers.1.weight,db,26,-82.4935861976701,-81.37101224080092,-81.93229921923552,1,0.0006959452383688668,0.0109375,1280
bayesfl_observability_v1,ola_sparse_bayesian_keep010_seed42,70,ola,global,,,layers.1.weight,db,27,-81.37101224080092,-80.24843828393175,-80.80972526236633,0,0.0,0.0109375,1280
bayesfl_observability_v1,ola_sparse_bayesian_keep010_seed42,70,ola,global,,,layers.1.weight,db,28,-80.24843828393175,-79.12586432706257,-79.68715130549717,0,0.0,0.0109375,1280
bayesfl_observability_v1,ola_sparse_bayesian_keep010_seed42,70,ola,global,,,layers.1.weight,db,29,-79.12586432706257,-78.0032903701934,-78.56457734862798,2,0.0013918904767377335,0.0125,1280
bayesfl_observability_v1,ola_sparse_bayesian_keep010_seed42,70,ola,global,,,layers.1.weight,db,30,-78.0032903701934,-76.88071641332422,-77.44200339175882,1,0.0006959452383688668,0.01328125,1280
bayesfl_observability_v1,ola_sparse_bayesian_keep010_seed42,70,ola,global,,,layers.1.weight,db,31,-76.88071641332422,-75.75814245645505,-76.31942943488963,2,0.0013918904767377335,0.01484375,1280
bayesfl_observability_v1,ola_sparse_bayesian_keep010_seed42,70,ola,global,,,layers.1.weight,db,32,-75.75814245645505,-74.63556849958587,-75.19685547802047,3,0.0020878357151066004,0.0171875,1280
bayesfl_observability_v1,ola_sparse_bayesian_keep010_seed42,70,ola,global,,,layers.1.weight,db,33,-74.63556849958587,-73.5129945427167,-74.07428152115128,3,0.0020878357151066004,0.01953125,1280
bayesfl_observability_v1,ola_sparse_bayesian_keep010_seed42,70,ola,global,,,layers.1.weight,db,34,-73.5129945427167,-72.39042058584752,-72.95170756428212,6,0.004175671430213201,0.02421875,1280
bayesfl_observability_v1,ola_sparse_bayesian_keep010_seed42,70,ola,global,,,layers.1.weight,db,35,-72.39042058584752,-71.26784662897835,-71.82913360741293,10,0.006959452383688668,0.03203125,1280
bayesfl_observability_v1,ola_sparse_bayesian_keep010_seed42,70,ola,global,,,layers.1.weight,db,36,-71.26784662897835,-70.14527267210917,-70.70655965054377,10,0.006959452383688668,0.03984375,1280
bayesfl_observability_v1,ola_sparse_bayesian_keep010_seed42,70,ola,global,,,layers.1.weight,db,37,-70.14527267210917,-69.02269871524,-69.58398569367458,1,0.0006959452383688668,0.040625,1280
bayesfl_observability_v1,ola_sparse_bayesian_keep010_seed42,70,ola,global,,,layers.1.weight,db,38,-69.02269871524,-67.90012475837082,-68.46141173680542,5,0.003479726191844334,0.04453125,1280
bayesfl_observability_v1,ola_sparse_bayesian_keep010_seed42,70,ola,global,,,layers.1.weight,db,39,-67.90012475837082,-66.77755080150165,-67.33883777993623,4,0.002783780953475467,0.04765625,1280
bayesfl_observability_v1,ola_sparse_bayesian_keep010_seed42,70,ola,global,,,layers.1.weight,db,40,-66.77755080150165,-65.65497684463247,-66.21626382306707,12,0.008351342860426401,0.05703125,1280
bayesfl_observability_v1,ola_sparse_bayesian_keep010_seed42,70,ola,global,,,layers.1.weight,db,41,-65.65497684463247,-64.53240288776331,-65.09368986619789,10,0.006959452383688756,0.06484375,1280
bayesfl_observability_v1,ola_sparse_bayesian_keep010_seed42,70,ola,global,,,layers.1.weight,db,42,-64.53240288776331,-63.40982893089413,-63.97111590932872,11,0.007655397622057486,0.0734375,1280
bayesfl_observability_v1,ola_sparse_bayesian_keep010_seed42,70,ola,global,,,layers.1.weight,db,43,-63.40982893089413,-62.287254974024954,-62.84854195245954,17,0.011831069052270736,0.08671875,1280
bayesfl_observability_v1,ola_sparse_bayesian_keep010_seed42,70,ola,global,,,layers.1.weight,db,44,-62.287254974024954,-61.16468101715578,-61.725967995590366,21,0.014614850005746203,0.103125,1280
bayesfl_observability_v1,ola_sparse_bayesian_keep010_seed42,70,ola,global,,,layers.1.weight,db,45,-61.16468101715578,-60.042107060286604,-60.60339403872119,12,0.008351342860426401,0.1125,1280
bayesfl_observability_v1,ola_sparse_bayesian_keep010_seed42,70,ola,global,,,layers.1.weight,db,46,-60.042107060286604,-58.91953310341743,-59.480820081852016,23,0.016006740482483937,0.13046875,1280
bayesfl_observability_v1,ola_sparse_bayesian_keep010_seed42,70,ola,global,,,layers.1.weight,db,47,-58.91953310341743,-57.796959146548254,-58.35824612498284,15,0.010439178575533002,0.1421875,1280
bayesfl_observability_v1,ola_sparse_bayesian_keep010_seed42,70,ola,global,,,layers.1.weight,db,48,-57.796959146548254,-56.67438518967908,-57.235672168113666,30,0.020878357151066004,0.165625,1280
bayesfl_observability_v1,ola_sparse_bayesian_keep010_seed42,70,ola,global,,,layers.1.weight,db,49,-56.67438518967908,-55.551811232809904,-56.11309821124449,33,0.022966192866172602,0.19140625,1280
bayesfl_observability_v1,ola_sparse_bayesian_keep010_seed42,70,ola,global,,,layers.1.weight,db,50,-55.551811232809904,-54.42923727594073,-54.990524254375316,42,0.029229700011492405,0.22421875,1280
bayesfl_observability_v1,ola_sparse_bayesian_keep010_seed42,70,ola,global,,,layers.1.weight,db,51,-54.42923727594073,-53.30666331907155,-53.86795029750614,25,0.01739863095922167,0.24375,1280
bayesfl_observability_v1,ola_sparse_bayesian_keep010_seed42,70,ola,global,,,layers.1.weight,db,52,-53.30666331907155,-52.18408936220238,-52.745376340636966,36,0.025054028581279204,0.271875,1280
bayesfl_observability_v1,ola_sparse_bayesian_keep010_seed42,70,ola,global,,,layers.1.weight,db,53,-52.18408936220238,-51.0615154053332,-51.62280238376779,53,0.03688509763354994,0.31328125,1280
bayesfl_observability_v1,ola_sparse_bayesian_keep010_seed42,70,ola,global,,,layers.1.weight,db,54,-51.0615154053332,-49.93894144846403,-50.500228426898616,57,0.039668878587025405,0.3578125,1280
bayesfl_observability_v1,ola_sparse_bayesian_keep010_seed42,70,ola,global,,,layers.1.weight,db,55,-49.93894144846403,-48.81636749159486,-49.37765447002944,45,0.031317535726599205,0.39296875,1280
bayesfl_observability_v1,ola_sparse_bayesian_keep010_seed42,70,ola,global,,,layers.1.weight,db,56,-48.81636749159486,-47.693793534725685,-48.25508051316027,60,0.04175671430213201,0.43984375,1280
bayesfl_observability_v1,ola_sparse_bayesian_keep010_seed42,70,ola,global,,,layers.1.weight,db,57,-47.693793534725685,-46.57121957785651,-47.1325065562911,72,0.05010805716255841,0.49609375,1280
bayesfl_observability_v1,ola_sparse_bayesian_keep010_seed42,70,ola,global,,,layers.1.weight,db,58,-46.57121957785651,-45.448645620987335,-46.00993259942192,69,0.04802022144745181,0.55,1280
bayesfl_observability_v1,ola_sparse_bayesian_keep010_seed42,70,ola,global,,,layers.1.weight,db,59,-45.448645620987335,-44.32607166411816,-44.88735864255275,64,0.04454049525560747,0.6,1280
bayesfl_observability_v1,ola_sparse_bayesian_keep010_seed42,70,ola,global,,,layers.1.weight,db,60,-44.32607166411816,-43.203497707248985,-43.76478468568357,71,0.04941211192418954,0.65546875,1280
bayesfl_observability_v1,ola_sparse_bayesian_keep010_seed42,70,ola,global,,,layers.1.weight,db,61,-43.203497707248985,-42.08092375037981,-42.6422107288144,65,0.04523644049397634,0.70625,1280
bayesfl_observability_v1,ola_sparse_bayesian_keep010_seed42,70,ola,global,,,layers.1.weight,db,62,-42.08092375037981,-40.958349793510635,-41.51963677194522,61,0.04245265954050087,0.75390625,1280
bayesfl_observability_v1,ola_sparse_bayesian_keep010_seed42,70,ola,global,,,layers.1.weight,db,63,-40.958349793510635,-39.83577583664146,-40.39706281507605,50,0.03479726191844334,0.79296875,1280
bayesfl_observability_v1,ola_sparse_bayesian_keep010_seed42,70,ola,global,,,layers.1.weight,db,64,-39.83577583664146,-38.713201879772285,-39.27448885820687,56,0.03897293334865654,0.83671875,1280
bayesfl_observability_v1,ola_sparse_bayesian_keep010_seed42,70,ola,global,,,layers.1.weight,db,65,-38.713201879772285,-37.59062792290311,-38.1519149013377,24,0.016702685720852803,0.85546875,1280
bayesfl_observability_v1,ola_sparse_bayesian_keep010_seed42,70,ola,global,,,layers.1.weight,db,66,-37.59062792290311,-36.468053966033935,-37.02934094446852,31,0.02157430238943487,0.8796875,1280
bayesfl_observability_v1,ola_sparse_bayesian_keep010_seed42,70,ola,global,,,layers.1.weight,db,67,-36.468053966033935,-35.34548000916476,-35.90676698759935,32,0.022270247627803736,0.9046875,1280
bayesfl_observability_v1,ola_sparse_bayesian_keep010_seed42,70,ola,global,,,layers.1.weight,db,68,-35.34548000916476,-34.222906052295585,-34.78419303073017,36,0.025054028581279204,0.9328125,1280
bayesfl_observability_v1,ola_sparse_bayesian_keep010_seed42,70,ola,global,,,layers.1.weight,db,69,-34.222906052295585,-33.10033209542641,-33.661619073861,19,0.013222959529008468,0.94765625,1280
bayesfl_observability_v1,ola_sparse_bayesian_keep010_seed42,70,ola,global,,,layers.1.weight,db,70,-33.10033209542641,-31.977758138557235,-32.53904511699182,14,0.009743233337164136,0.95859375,1280
bayesfl_observability_v1,ola_sparse_bayesian_keep010_seed42,70,ola,global,,,layers.1.weight,db,71,-31.977758138557235,-30.85518418168806,-31.416471160122647,11,0.007655397622057534,0.9671875,1280
bayesfl_observability_v1,ola_sparse_bayesian_keep010_seed42,70,ola,global,,,layers.1.weight,db,72,-30.85518418168806,-29.732610224818885,-30.293897203253472,11,0.007655397622057534,0.97578125,1280
bayesfl_observability_v1,ola_sparse_bayesian_keep010_seed42,70,ola,global,,,layers.1.weight,db,73,-29.732610224818885,-28.61003626794971,-29.171323246384297,7,0.004871616668582068,0.98125,1280
bayesfl_observability_v1,ola_sparse_bayesian_keep010_seed42,70,ola,global,,,layers.1.weight,db,74,-28.61003626794971,-27.487462311080535,-28.048749289515122,11,0.007655397622057534,0.98984375,1280
bayesfl_observability_v1,ola_sparse_bayesian_keep010_seed42,70,ola,global,,,layers.1.weight,db,75,-27.487462311080535,-26.36488835421136,-26.926175332645947,3,0.0020878357151066004,0.9921875,1280
bayesfl_observability_v1,ola_sparse_bayesian_keep010_seed42,70,ola,global,,,layers.1.weight,db,76,-26.36488835421136,-25.242314397342184,-25.803601375776772,6,0.004175671430213201,0.996875,1280
bayesfl_observability_v1,ola_sparse_bayesian_keep010_seed42,70,ola,global,,,layers.1.weight,db,77,-25.242314397342184,-24.11974044047301,-24.681027418907597,2,0.0013918904767377335,0.9984375,1280
bayesfl_observability_v1,ola_sparse_bayesian_keep010_seed42,70,ola,global,,,layers.1.weight,db,78,-24.11974044047301,-22.997166483603834,-23.558453462038422,1,0.0006959452383688668,0.99921875,1280
bayesfl_observability_v1,ola_sparse_bayesian_keep010_seed42,70,ola,global,,,layers.1.weight,db,79,-22.997166483603834,-21.874592526734673,-22.435879505169254,1,0.0006959452383688755,1.0,1280
bayesfl_observability_v1,ola_sparse_bayesian_keep010_seed42,70,ola,global,,,layers.1.bias,raw,0,0.0004870844215173172,0.0006434071762833617,0.0005652457989003395,1,639.7021351732305,0.1,10
bayesfl_observability_v1,ola_sparse_bayesian_keep010_seed42,70,ola,global,,,layers.1.bias,raw,1,0.0006434071762833617,0.0007997299310494064,0.0007215685536663841,3,1919.1064055196903,0.4,10
bayesfl_observability_v1,ola_sparse_bayesian_keep010_seed42,70,ola,global,,,layers.1.bias,raw,2,0.0007997299310494064,0.0009560526858154511,0.0008778913084324287,2,1279.4042703464602,0.6,10
bayesfl_observability_v1,ola_sparse_bayesian_keep010_seed42,70,ola,global,,,layers.1.bias,raw,3,0.0009560526858154511,0.0011123754405814956,0.0010342140631984732,0,0.0,0.6,10
bayesfl_observability_v1,ola_sparse_bayesian_keep010_seed42,70,ola,global,,,layers.1.bias,raw,4,0.0011123754405814956,0.0012686981953475402,0.001190536817964518,0,0.0,0.6,10
bayesfl_observability_v1,ola_sparse_bayesian_keep010_seed42,70,ola,global,,,layers.1.bias,raw,5,0.0012686981953475402,0.001425020950113585,0.0013468595727305626,0,0.0,0.6,10
bayesfl_observability_v1,ola_sparse_bayesian_keep010_seed42,70,ola,global,,,layers.1.bias,raw,6,0.001425020950113585,0.0015813437048796295,0.0015031823274966071,0,0.0,0.6,10
bayesfl_observability_v1,ola_sparse_bayesian_keep010_seed42,70,ola,global,,,layers.1.bias,raw,7,0.0015813437048796295,0.001737666459645674,0.001659505082262652,0,0.0,0.6,10
bayesfl_observability_v1,ola_sparse_bayesian_keep010_seed42,70,ola,global,,,layers.1.bias,raw,8,0.001737666459645674,0.0018939892144117186,0.0018158278370286962,0,0.0,0.6,10
bayesfl_observability_v1,ola_sparse_bayesian_keep010_seed42,70,ola,global,,,layers.1.bias,raw,9,0.0018939892144117186,0.002050311969177763,0.001972150591794741,0,0.0,0.6,10
bayesfl_observability_v1,ola_sparse_bayesian_keep010_seed42,70,ola,global,,,layers.1.bias,raw,10,0.002050311969177763,0.002206634723943808,0.002128473346560786,0,0.0,0.6,10
bayesfl_observability_v1,ola_sparse_bayesian_keep010_seed42,70,ola,global,,,layers.1.bias,raw,11,0.002206634723943808,0.0023629574787098527,0.00228479610132683,0,0.0,0.6,10
bayesfl_observability_v1,ola_sparse_bayesian_keep010_seed42,70,ola,global,,,layers.1.bias,raw,12,0.0023629574787098527,0.002519280233475897,0.002441118856092875,0,0.0,0.6,10
bayesfl_observability_v1,ola_sparse_bayesian_keep010_seed42,70,ola,global,,,layers.1.bias,raw,13,0.002519280233475897,0.002675602988241942,0.0025974416108589197,0,0.0,0.6,10
bayesfl_observability_v1,ola_sparse_bayesian_keep010_seed42,70,ola,global,,,layers.1.bias,raw,14,0.002675602988241942,0.002831925743007986,0.002753764365624964,0,0.0,0.6,10
bayesfl_observability_v1,ola_sparse_bayesian_keep010_seed42,70,ola,global,,,layers.1.bias,raw,15,0.002831925743007986,0.002988248497774031,0.0029100871203910084,0,0.0,0.6,10
bayesfl_observability_v1,ola_sparse_bayesian_keep010_seed42,70,ola,global,,,layers.1.bias,raw,16,0.002988248497774031,0.0031445712525400757,0.0030664098751570536,0,0.0,0.6,10
bayesfl_observability_v1,ola_sparse_bayesian_keep010_seed42,70,ola,global,,,layers.1.bias,raw,17,0.0031445712525400757,0.00330089400730612,0.003222732629923098,0,0.0,0.6,10
bayesfl_observability_v1,ola_sparse_bayesian_keep010_seed42,70,ola,global,,,layers.1.bias,raw,18,0.00330089400730612,0.003457216762072165,0.0033790553846891423,0,0.0,0.6,10
bayesfl_observability_v1,ola_sparse_bayesian_keep010_seed42,70,ola,global,,,layers.1.bias,raw,19,0.003457216762072165,0.003613539516838209,0.003535378139455187,0,0.0,0.6,10
bayesfl_observability_v1,ola_sparse_bayesian_keep010_seed42,70,ola,global,,,layers.1.bias,raw,20,0.003613539516838209,0.003769862271604254,0.003691700894221232,0,0.0,0.6,10
bayesfl_observability_v1,ola_sparse_bayesian_keep010_seed42,70,ola,global,,,layers.1.bias,raw,21,0.003769862271604254,0.003926185026370299,0.003848023648987276,0,0.0,0.6,10
bayesfl_observability_v1,ola_sparse_bayesian_keep010_seed42,70,ola,global,,,layers.1.bias,raw,22,0.003926185026370299,0.004082507781136343,0.004004346403753321,1,639.7021351732315,0.7,10
bayesfl_observability_v1,ola_sparse_bayesian_keep010_seed42,70,ola,global,,,layers.1.bias,raw,23,0.004082507781136343,0.004238830535902387,0.004160669158519365,0,0.0,0.7,10
bayesfl_observability_v1,ola_sparse_bayesian_keep010_seed42,70,ola,global,,,layers.1.bias,raw,24,0.004238830535902387,0.004395153290668433,0.00431699191328541,0,0.0,0.7,10
bayesfl_observability_v1,ola_sparse_bayesian_keep010_seed42,70,ola,global,,,layers.1.bias,raw,25,0.004395153290668433,0.004551476045434477,0.004473314668051455,0,0.0,0.7,10
bayesfl_observability_v1,ola_sparse_bayesian_keep010_seed42,70,ola,global,,,layers.1.bias,raw,26,0.004551476045434477,0.004707798800200521,0.004629637422817499,1,639.7021351732315,0.8,10
bayesfl_observability_v1,ola_sparse_bayesian_keep010_seed42,70,ola,global,,,layers.1.bias,raw,27,0.004707798800200521,0.0048641215549665665,0.004785960177583544,1,639.7021351732278,0.9,10
bayesfl_observability_v1,ola_sparse_bayesian_keep010_seed42,70,ola,global,,,layers.1.bias,raw,28,0.0048641215549665665,0.005020444309732611,0.004942282932349589,0,0.0,0.9,10
bayesfl_observability_v1,ola_sparse_bayesian_keep010_seed42,70,ola,global,,,layers.1.bias,raw,29,0.005020444309732611,0.005176767064498655,0.005098605687115633,0,0.0,0.9,10
bayesfl_observability_v1,ola_sparse_bayesian_keep010_seed42,70,ola,global,,,layers.1.bias,raw,30,0.005176767064498655,0.0053330898192647,0.005254928441881678,0,0.0,0.9,10
bayesfl_observability_v1,ola_sparse_bayesian_keep010_seed42,70,ola,global,,,layers.1.bias,raw,31,0.0053330898192647,0.005489412574030745,0.005411251196647723,0,0.0,0.9,10
bayesfl_observability_v1,ola_sparse_bayesian_keep010_seed42,70,ola,global,,,layers.1.bias,raw,32,0.005489412574030745,0.005645735328796789,0.0055675739514137665,0,0.0,0.9,10
bayesfl_observability_v1,ola_sparse_bayesian_keep010_seed42,70,ola,global,,,layers.1.bias,raw,33,0.005645735328796789,0.005802058083562834,0.005723896706179812,0,0.0,0.9,10
bayesfl_observability_v1,ola_sparse_bayesian_keep010_seed42,70,ola,global,,,layers.1.bias,raw,34,0.005802058083562834,0.005958380838328879,0.005880219460945857,0,0.0,0.9,10
bayesfl_observability_v1,ola_sparse_bayesian_keep010_seed42,70,ola,global,,,layers.1.bias,raw,35,0.005958380838328879,0.006114703593094923,0.0060365422157119,0,0.0,0.9,10
bayesfl_observability_v1,ola_sparse_bayesian_keep010_seed42,70,ola,global,,,layers.1.bias,raw,36,0.006114703593094923,0.006271026347860968,0.006192864970477946,0,0.0,0.9,10
bayesfl_observability_v1,ola_sparse_bayesian_keep010_seed42,70,ola,global,,,layers.1.bias,raw,37,0.006271026347860968,0.0064273491026270125,0.006349187725243991,0,0.0,0.9,10
bayesfl_observability_v1,ola_sparse_bayesian_keep010_seed42,70,ola,global,,,layers.1.bias,raw,38,0.0064273491026270125,0.006583671857393057,0.006505510480010034,0,0.0,0.9,10
bayesfl_observability_v1,ola_sparse_bayesian_keep010_seed42,70,ola,global,,,layers.1.bias,raw,39,0.006583671857393057,0.006739994612159101,0.0066618332347760795,0,0.0,0.9,10
bayesfl_observability_v1,ola_sparse_bayesian_keep010_seed42,70,ola,global,,,layers.1.bias,raw,40,0.006739994612159101,0.006896317366925146,0.006818155989542124,0,0.0,0.9,10
bayesfl_observability_v1,ola_sparse_bayesian_keep010_seed42,70,ola,global,,,layers.1.bias,raw,41,0.006896317366925146,0.007052640121691191,0.006974478744308168,0,0.0,0.9,10
bayesfl_observability_v1,ola_sparse_bayesian_keep010_seed42,70,ola,global,,,layers.1.bias,raw,42,0.007052640121691191,0.007208962876457235,0.007130801499074213,0,0.0,0.9,10
bayesfl_observability_v1,ola_sparse_bayesian_keep010_seed42,70,ola,global,,,layers.1.bias,raw,43,0.007208962876457235,0.00736528563122328,0.007287124253840258,0,0.0,0.9,10
bayesfl_observability_v1,ola_sparse_bayesian_keep010_seed42,70,ola,global,,,layers.1.bias,raw,44,0.00736528563122328,0.007521608385989325,0.007443447008606302,0,0.0,0.9,10
bayesfl_observability_v1,ola_sparse_bayesian_keep010_seed42,70,ola,global,,,layers.1.bias,raw,45,0.007521608385989325,0.007677931140755369,0.007599769763372347,0,0.0,0.9,10
bayesfl_observability_v1,ola_sparse_bayesian_keep010_seed42,70,ola,global,,,layers.1.bias,raw,46,0.007677931140755369,0.007834253895521413,0.007756092518138391,0,0.0,0.9,10
bayesfl_observability_v1,ola_sparse_bayesian_keep010_seed42,70,ola,global,,,layers.1.bias,raw,47,0.007834253895521413,0.007990576650287459,0.007912415272904436,0,0.0,0.9,10
bayesfl_observability_v1,ola_sparse_bayesian_keep010_seed42,70,ola,global,,,layers.1.bias,raw,48,0.007990576650287459,0.008146899405053504,0.008068738027670481,0,0.0,0.9,10
bayesfl_observability_v1,ola_sparse_bayesian_keep010_seed42,70,ola,global,,,layers.1.bias,raw,49,0.008146899405053504,0.008303222159819549,0.008225060782436526,0,0.0,0.9,10
bayesfl_observability_v1,ola_sparse_bayesian_keep010_seed42,70,ola,global,,,layers.1.bias,raw,50,0.008303222159819549,0.00845954491458559,0.00838138353720257,0,0.0,0.9,10
bayesfl_observability_v1,ola_sparse_bayesian_keep010_seed42,70,ola,global,,,layers.1.bias,raw,51,0.00845954491458559,0.008615867669351636,0.008537706291968613,0,0.0,0.9,10
bayesfl_observability_v1,ola_sparse_bayesian_keep010_seed42,70,ola,global,,,layers.1.bias,raw,52,0.008615867669351636,0.008772190424117681,0.008694029046734658,0,0.0,0.9,10
bayesfl_observability_v1,ola_sparse_bayesian_keep010_seed42,70,ola,global,,,layers.1.bias,raw,53,0.008772190424117681,0.008928513178883726,0.008850351801500704,0,0.0,0.9,10
bayesfl_observability_v1,ola_sparse_bayesian_keep010_seed42,70,ola,global,,,layers.1.bias,raw,54,0.008928513178883726,0.009084835933649772,0.009006674556266749,0,0.0,0.9,10
bayesfl_observability_v1,ola_sparse_bayesian_keep010_seed42,70,ola,global,,,layers.1.bias,raw,55,0.009084835933649772,0.009241158688415817,0.009162997311032794,0,0.0,0.9,10
bayesfl_observability_v1,ola_sparse_bayesian_keep010_seed42,70,ola,global,,,layers.1.bias,raw,56,0.009241158688415817,0.009397481443181858,0.009319320065798838,0,0.0,0.9,10
bayesfl_observability_v1,ola_sparse_bayesian_keep010_seed42,70,ola,global,,,layers.1.bias,raw,57,0.009397481443181858,0.009553804197947904,0.009475642820564881,0,0.0,0.9,10
bayesfl_observability_v1,ola_sparse_bayesian_keep010_seed42,70,ola,global,,,layers.1.bias,raw,58,0.009553804197947904,0.009710126952713949,0.009631965575330926,0,0.0,0.9,10
bayesfl_observability_v1,ola_sparse_bayesian_keep010_seed42,70,ola,global,,,layers.1.bias,raw,59,0.009710126952713949,0.009866449707479994,0.009788288330096971,0,0.0,0.9,10
bayesfl_observability_v1,ola_sparse_bayesian_keep010_seed42,70,ola,global,,,layers.1.bias,raw,60,0.009866449707479994,0.01002277246224604,0.009944611084863017,0,0.0,0.9,10
bayesfl_observability_v1,ola_sparse_bayesian_keep010_seed42,70,ola,global,,,layers.1.bias,raw,61,0.01002277246224604,0.010179095217012085,0.010100933839629062,0,0.0,0.9,10
bayesfl_observability_v1,ola_sparse_bayesian_keep010_seed42,70,ola,global,,,layers.1.bias,raw,62,0.010179095217012085,0.010335417971778126,0.010257256594395105,0,0.0,0.9,10
bayesfl_observability_v1,ola_sparse_bayesian_keep010_seed42,70,ola,global,,,layers.1.bias,raw,63,0.010335417971778126,0.010491740726544171,0.010413579349161149,0,0.0,0.9,10
bayesfl_observability_v1,ola_sparse_bayesian_keep010_seed42,70,ola,global,,,layers.1.bias,raw,64,0.010491740726544171,0.010648063481310217,0.010569902103927194,0,0.0,0.9,10
bayesfl_observability_v1,ola_sparse_bayesian_keep010_seed42,70,ola,global,,,layers.1.bias,raw,65,0.010648063481310217,0.010804386236076262,0.01072622485869324,0,0.0,0.9,10
bayesfl_observability_v1,ola_sparse_bayesian_keep010_seed42,70,ola,global,,,layers.1.bias,raw,66,0.010804386236076262,0.010960708990842307,0.010882547613459284,0,0.0,0.9,10
bayesfl_observability_v1,ola_sparse_bayesian_keep010_seed42,70,ola,global,,,layers.1.bias,raw,67,0.010960708990842307,0.011117031745608352,0.01103887036822533,0,0.0,0.9,10
bayesfl_observability_v1,ola_sparse_bayesian_keep010_seed42,70,ola,global,,,layers.1.bias,raw,68,0.011117031745608352,0.011273354500374394,0.011195193122991373,0,0.0,0.9,10
bayesfl_observability_v1,ola_sparse_bayesian_keep010_seed42,70,ola,global,,,layers.1.bias,raw,69,0.011273354500374394,0.01142967725514044,0.011351515877757417,0,0.0,0.9,10
bayesfl_observability_v1,ola_sparse_bayesian_keep010_seed42,70,ola,global,,,layers.1.bias,raw,70,0.01142967725514044,0.011586000009906484,0.011507838632523462,0,0.0,0.9,10
bayesfl_observability_v1,ola_sparse_bayesian_keep010_seed42,70,ola,global,,,layers.1.bias,raw,71,0.011586000009906484,0.01174232276467253,0.011664161387289507,0,0.0,0.9,10
bayesfl_observability_v1,ola_sparse_bayesian_keep010_seed42,70,ola,global,,,layers.1.bias,raw,72,0.01174232276467253,0.011898645519438575,0.011820484142055552,0,0.0,0.9,10
bayesfl_observability_v1,ola_sparse_bayesian_keep010_seed42,70,ola,global,,,layers.1.bias,raw,73,0.011898645519438575,0.01205496827420462,0.011976806896821597,0,0.0,0.9,10
bayesfl_observability_v1,ola_sparse_bayesian_keep010_seed42,70,ola,global,,,layers.1.bias,raw,74,0.01205496827420462,0.012211291028970662,0.012133129651587641,0,0.0,0.9,10
bayesfl_observability_v1,ola_sparse_bayesian_keep010_seed42,70,ola,global,,,layers.1.bias,raw,75,0.012211291028970662,0.012367613783736707,0.012289452406353684,0,0.0,0.9,10
bayesfl_observability_v1,ola_sparse_bayesian_keep010_seed42,70,ola,global,,,layers.1.bias,raw,76,0.012367613783736707,0.012523936538502752,0.01244577516111973,0,0.0,0.9,10
bayesfl_observability_v1,ola_sparse_bayesian_keep010_seed42,70,ola,global,,,layers.1.bias,raw,77,0.012523936538502752,0.012680259293268797,0.012602097915885775,0,0.0,0.9,10
bayesfl_observability_v1,ola_sparse_bayesian_keep010_seed42,70,ola,global,,,layers.1.bias,raw,78,0.012680259293268797,0.012836582048034843,0.01275842067065182,0,0.0,0.9,10
bayesfl_observability_v1,ola_sparse_bayesian_keep010_seed42,70,ola,global,,,layers.1.bias,raw,79,0.012836582048034843,0.012992904802800886,0.012914743425417863,1,639.702135173235,1.0,10
bayesfl_observability_v1,ola_sparse_bayesian_keep010_seed42,70,ola,global,,,layers.1.bias,db,0,-66.24791518819708,-65.89138968422473,-66.0696524362109,1,0.2804848429798602,0.1,10
bayesfl_observability_v1,ola_sparse_bayesian_keep010_seed42,70,ola,global,,,layers.1.bias,db,1,-65.89138968422473,-65.53486418025237,-65.71312693223855,0,0.0,0.1,10
bayesfl_observability_v1,ola_sparse_bayesian_keep010_seed42,70,ola,global,,,layers.1.bias,db,2,-65.53486418025237,-65.17833867628002,-65.3566014282662,0,0.0,0.1,10
bayesfl_observability_v1,ola_sparse_bayesian_keep010_seed42,70,ola,global,,,layers.1.bias,db,3,-65.17833867628002,-64.82181317230767,-65.00007592429384,0,0.0,0.1,10
bayesfl_observability_v1,ola_sparse_bayesian_keep010_seed42,70,ola,global,,,layers.1.bias,db,4,-64.82181317230767,-64.4652876683353,-64.64355042032149,0,0.0,0.1,10
bayesfl_observability_v1,ola_sparse_bayesian_keep010_seed42,70,ola,global,,,layers.1.bias,db,5,-64.4652876683353,-64.10876216436296,-64.28702491634914,0,0.0,0.1,10
bayesfl_observability_v1,ola_sparse_bayesian_keep010_seed42,70,ola,global,,,layers.1.bias,db,6,-64.10876216436296,-63.7522366603906,-63.930499412376776,0,0.0,0.1,10
bayesfl_observability_v1,ola_sparse_bayesian_keep010_seed42,70,ola,global,,,layers.1.bias,db,7,-63.7522366603906,-63.395711156418244,-63.573973908404426,1,0.2804848429798546,0.2,10
bayesfl_observability_v1,ola_sparse_bayesian_keep010_seed42,70,ola,global,,,layers.1.bias,db,8,-63.395711156418244,-63.03918565244589,-63.21744840443206,0,0.0,0.2,10
bayesfl_observability_v1,ola_sparse_bayesian_keep010_seed42,70,ola,global,,,layers.1.bias,db,9,-63.03918565244589,-62.68266014847354,-62.86092290045971,1,0.2804848429798602,0.3,10
bayesfl_observability_v1,ola_sparse_bayesian_keep010_seed42,70,ola,global,,,layers.1.bias,db,10,-62.68266014847354,-62.32613464450118,-62.50439739648736,0,0.0,0.3,10
bayesfl_observability_v1,ola_sparse_bayesian_keep010_seed42,70,ola,global,,,layers.1.bias,db,11,-62.32613464450118,-61.969609140528824,-62.147871892515,1,0.2804848429798546,0.4,10
bayesfl_observability_v1,ola_sparse_bayesian_keep010_seed42,70,ola,global,,,layers.1.bias,db,12,-61.969609140528824,-61.61308363655647,-61.79134638854265,0,0.0,0.4,10
bayesfl_observability_v1,ola_sparse_bayesian_keep010_seed42,70,ola,global,,,layers.1.bias,db,13,-61.61308363655647,-61.25655813258412,-61.43482088457029,2,0.5609696859597204,0.6,10
bayesfl_observability_v1,ola_sparse_bayesian_keep010_seed42,70,ola,global,,,layers.1.bias,db,14,-61.25655813258412,-60.90003262861176,-61.078295380597936,0,0.0,0.6,10
bayesfl_observability_v1,ola_sparse_bayesian_keep010_seed42,70,ola,global,,,layers.1.bias,db,15,-60.90003262861176,-60.543507124639405,-60.72176987662559,0,0.0,0.6,10
bayesfl_observability_v1,ola_sparse_bayesian_keep010_seed42,70,ola,global,,,layers.1.bias,db,16,-60.543507124639405,-60.186981620667055,-60.36524437265323,0,0.0,0.6,10
bayesfl_observability_v1,ola_sparse_bayesian_keep010_seed42,70,ola,global,,,layers.1.bias,db,17,-60.186981620667055,-59.8304561166947,-60.00871886868087,0,0.0,0.6,10
bayesfl_observability_v1,ola_sparse_bayesian_keep010_seed42,70,ola,global,,,layers.1.bias,db,18,-59.8304561166947,-59.47393061272234,-59.65219336470852,0,0.0,0.6,10
bayesfl_observability_v1,ola_sparse_bayesian_keep010_seed42,70,ola,global,,,layers.1.bias,db,19,-59.47393061272234,-59.11740510874999,-59.29566786073617,0,0.0,0.6,10
bayesfl_observability_v1,ola_sparse_bayesian_keep010_seed42,70,ola,global,,,layers.1.bias,db,20,-59.11740510874999,-58.760879604777635,-58.93914235676381,0,0.0,0.6,10
bayesfl_observability_v1,ola_sparse_bayesian_keep010_seed42,70,ola,global,,,layers.1.bias,db,21,-58.760879604777635,-58.40435410080528,-58.58261685279146,0,0.0,0.6,10
bayesfl_observability_v1,ola_sparse_bayesian_keep010_seed42,70,ola,global,,,layers.1.bias,db,22,-58.40435410080528,-58.04782859683292,-58.2260913488191,0,0.0,0.6,10
bayesfl_observability_v1,ola_sparse_bayesian_keep010_seed42,70,ola,global,,,layers.1.bias,db,23,-58.04782859683292,-57.691303092860565,-57.86956584484675,0,0.0,0.6,10
bayesfl_observability_v1,ola_sparse_bayesian_keep010_seed42,70,ola,global,,,layers.1.bias,db,24,-57.691303092860565,-57.334777588888215,-57.51304034087439,0,0.0,0.6,10
bayesfl_observability_v1,ola_sparse_bayesian_keep010_seed42,70,ola,global,,,layers.1.bias,db,25,-57.334777588888215,-56.97825208491586,-57.15651483690203,0,0.0,0.6,10
bayesfl_observability_v1,ola_sparse_bayesian_keep010_seed42,70,ola,global,,,layers.1.bias,db,26,-56.97825208491586,-56.6217265809435,-56.799989332929684,0,0.0,0.6,10
bayesfl_observability_v1,ola_sparse_bayesian_keep010_seed42,70,ola,global,,,layers.1.bias,db,27,-56.6217265809435,-56.26520107697115,-56.44346382895733,0,0.0,0.6,10
bayesfl_observability_v1,ola_sparse_bayesian_keep010_seed42,70,ola,global,,,layers.1.bias,db,28,-56.26520107697115,-55.908675572998796,-56.08693832498497,0,0.0,0.6,10
bayesfl_observability_v1,ola_sparse_bayesian_keep010_seed42,70,ola,global,,,layers.1.bias,db,29,-55.908675572998796,-55.55215006902644,-55.73041282101262,0,0.0,0.6,10
bayesfl_observability_v1,ola_sparse_bayesian_keep010_seed42,70,ola,global,,,layers.1.bias,db,30,-55.55215006902644,-55.19562456505409,-55.373887317040264,0,0.0,0.6,10
bayesfl_observability_v1,ola_sparse_bayesian_keep010_seed42,70,ola,global,,,layers.1.bias,db,31,-55.19562456505409,-54.83909906108173,-55.01736181306791,0,0.0,0.6,10
bayesfl_observability_v1,ola_sparse_bayesian_keep010_seed42,70,ola,global,,,layers.1.bias,db,32,-54.83909906108173,-54.482573557109376,-54.66083630909556,0,0.0,0.6,10
bayesfl_observability_v1,ola_sparse_bayesian_keep010_seed42,70,ola,global,,,layers.1.bias,db,33,-54.482573557109376,-54.12604805313702,-54.304310805123194,0,0.0,0.6,10
bayesfl_observability_v1,ola_sparse_bayesian_keep010_seed42,70,ola,global,,,layers.1.bias,db,34,-54.12604805313702,-53.76952254916466,-53.947785301150844,0,0.0,0.6,10
bayesfl_observability_v1,ola_sparse_bayesian_keep010_seed42,70,ola,global,,,layers.1.bias,db,35,-53.76952254916466,-53.41299704519231,-53.59125979717849,0,0.0,0.6,10
bayesfl_observability_v1,ola_sparse_bayesian_keep010_seed42,70,ola,global,,,layers.1.bias,db,36,-53.41299704519231,-53.056471541219956,-53.23473429320613,0,0.0,0.6,10
bayesfl_observability_v1,ola_sparse_bayesian_keep010_seed42,70,ola,global,,,layers.1.bias,db,37,-53.056471541219956,-52.6999460372476,-52.87820878923378,0,0.0,0.6,10
bayesfl_observability_v1,ola_sparse_bayesian_keep010_seed42,70,ola,global,,,layers.1.bias,db,38,-52.6999460372476,-52.34342053327525,-52.521683285261425,0,0.0,0.6,10
bayesfl_observability_v1,ola_sparse_bayesian_keep010_seed42,70,ola,global,,,layers.1.bias,db,39,-52.34342053327525,-51.98689502930289,-52.16515778128907,0,0.0,0.6,10
bayesfl_observability_v1,ola_sparse_bayesian_keep010_seed42,70,ola,global,,,layers.1.bias,db,40,-51.98689502930289,-51.630369525330536,-51.80863227731672,0,0.0,0.6,10
bayesfl_observability_v1,ola_sparse_bayesian_keep010_seed42,70,ola,global,,,layers.1.bias,db,41,-51.630369525330536,-51.27384402135819,-51.45210677334436,0,0.0,0.6,10
bayesfl_observability_v1,ola_sparse_bayesian_keep010_seed42,70,ola,global,,,layers.1.bias,db,42,-51.27384402135819,-50.91731851738583,-51.095581269372005,0,0.0,0.6,10
bayesfl_observability_v1,ola_sparse_bayesian_keep010_seed42,70,ola,global,,,layers.1.bias,db,43,-50.91731851738583,-50.56079301341347,-50.739055765399655,0,0.0,0.6,10
bayesfl_observability_v1,ola_sparse_bayesian_keep010_seed42,70,ola,global,,,layers.1.bias,db,44,-50.56079301341347,-50.204267509441124,-50.3825302614273,0,0.0,0.6,10
bayesfl_observability_v1,ola_sparse_bayesian_keep010_seed42,70,ola,global,,,layers.1.bias,db,45,-50.204267509441124,-49.84774200546876,-50.02600475745494,0,0.0,0.6,10
bayesfl_observability_v1,ola_sparse_bayesian_keep010_seed42,70,ola,global,,,layers.1.bias,db,46,-49.84774200546876,-49.49121650149641,-49.669479253482585,0,0.0,0.6,10
bayesfl_observability_v1,ola_sparse_bayesian_keep010_seed42,70,ola,global,,,layers.1.bias,db,47,-49.49121650149641,-49.134690997524054,-49.31295374951023,0,0.0,0.6,10
bayesfl_observability_v1,ola_sparse_bayesian_keep010_seed42,70,ola,global,,,layers.1.bias,db,48,-49.134690997524054,-48.7781654935517,-48.95642824553788,0,0.0,0.6,10
bayesfl_observability_v1,ola_sparse_bayesian_keep010_seed42,70,ola,global,,,layers.1.bias,db,49,-48.7781654935517,-48.42163998957935,-48.59990274156552,0,0.0,0.6,10
bayesfl_observability_v1,ola_sparse_bayesian_keep010_seed42,70,ola,global,,,layers.1.bias,db,50,-48.42163998957935,-48.06511448560699,-48.243377237593165,0,0.0,0.6,10
bayesfl_observability_v1,ola_sparse_bayesian_keep010_seed42,70,ola,global,,,layers.1.bias,db,51,-48.06511448560699,-47.708588981634634,-47.886851733620816,1,0.2804848429798546,0.7,10
bayesfl_observability_v1,ola_sparse_bayesian_keep010_seed42,70,ola,global,,,layers.1.bias,db,52,-47.708588981634634,-47.352063477662284,-47.53032622964846,0,0.0,0.7,10
bayesfl_observability_v1,ola_sparse_bayesian_keep010_seed42,70,ola,global,,,layers.1.bias,db,53,-47.352063477662284,-46.99553797368993,-47.1738007256761,0,0.0,0.7,10
bayesfl_observability_v1,ola_sparse_bayesian_keep010_seed42,70,ola,global,,,layers.1.bias,db,54,-46.99553797368993,-46.63901246971757,-46.81727522170375,0,0.0,0.7,10
bayesfl_observability_v1,ola_sparse_bayesian_keep010_seed42,70,ola,global,,,layers.1.bias,db,55,-46.63901246971757,-46.28248696574522,-46.460749717731396,1,0.2804848429798602,0.8,10
bayesfl_observability_v1,ola_sparse_bayesian_keep010_seed42,70,ola,global,,,layers.1.bias,db,56,-46.28248696574522,-45.92596146177286,-46.10422421375904,1,0.280484842979849,0.9,10
bayesfl_observability_v1,ola_sparse_bayesian_keep010_seed42,70,ola,global,,,layers.1.bias,db,57,-45.92596146177286,-45.56943595780051,-45.74769870978668,0,0.0,0.9,10
bayesfl_observability_v1,ola_sparse_bayesian_keep010_seed42,70,ola,global,,,layers.1.bias,db,58,-45.56943595780051,-45.21291045382815,-45.391173205814326,0,0.0,0.9,10
bayesfl_observability_v1,ola_sparse_bayesian_keep010_seed42,70,ola,global,,,layers.1.bias,db,59,-45.21291045382815,-44.856384949855794,-45.034647701841976,0,0.0,0.9,10
bayesfl_observability_v1,ola_sparse_bayesian_keep010_seed42,70,ola,global,,,layers.1.bias,db,60,-44.856384949855794,-44.499859445883445,-44.67812219786962,0,0.0,0.9,10
bayesfl_observability_v1,ola_sparse_bayesian_keep010_seed42,70,ola,global,,,layers.1.bias,db,61,-44.499859445883445,-44.14333394191109,-44.32159669389726,0,0.0,0.9,10
bayesfl_observability_v1,ola_sparse_bayesian_keep010_seed42,70,ola,global,,,layers.1.bias,db,62,-44.14333394191109,-43.78680843793873,-43.96507118992491,0,0.0,0.9,10
bayesfl_observability_v1,ola_sparse_bayesian_keep010_seed42,70,ola,global,,,layers.1.bias,db,63,-43.78680843793873,-43.43028293396638,-43.608545685952556,0,0.0,0.9,10
bayesfl_observability_v1,ola_sparse_bayesian_keep010_seed42,70,ola,global,,,layers.1.bias,db,64,-43.43028293396638,-43.073757429994025,-43.2520201819802,0,0.0,0.9,10
bayesfl_observability_v1,ola_sparse_bayesian_keep010_seed42,70,ola,global,,,layers.1.bias,db,65,-43.073757429994025,-42.71723192602167,-42.89549467800785,0,0.0,0.9,10
bayesfl_observability_v1,ola_sparse_bayesian_keep010_seed42,70,ola,global,,,layers.1.bias,db,66,-42.71723192602167,-42.36070642204932,-42.53896917403549,0,0.0,0.9,10
bayesfl_observability_v1,ola_sparse_bayesian_keep010_seed42,70,ola,global,,,layers.1.bias,db,67,-42.36070642204932,-42.004180918076955,-42.18244367006314,0,0.0,0.9,10
bayesfl_observability_v1,ola_sparse_bayesian_keep010_seed42,70,ola,global,,,layers.1.bias,db,68,-42.004180918076955,-41.647655414104605,-41.82591816609078,0,0.0,0.9,10
bayesfl_observability_v1,ola_sparse_bayesian_keep010_seed42,70,ola,global,,,layers.1.bias,db,69,-41.647655414104605,-41.29112991013225,-41.46939266211842,0,0.0,0.9,10
bayesfl_observability_v1,ola_sparse_bayesian_keep010_seed42,70,ola,global,,,layers.1.bias,db,70,-41.29112991013225,-40.93460440615989,-41.112867158146074,0,0.0,0.9,10
bayesfl_observability_v1,ola_sparse_bayesian_keep010_seed42,70,ola,global,,,layers.1.bias,db,71,-40.93460440615989,-40.57807890218754,-40.75634165417372,0,0.0,0.9,10
bayesfl_observability_v1,ola_sparse_bayesian_keep010_seed42,70,ola,global,,,layers.1.bias,db,72,-40.57807890218754,-40.221553398215185,-40.39981615020136,0,0.0,0.9,10
bayesfl_observability_v1,ola_sparse_bayesian_keep010_seed42,70,ola,global,,,layers.1.bias,db,73,-40.221553398215185,-39.86502789424283,-40.04329064622901,0,0.0,0.9,10
bayesfl_observability_v1,ola_sparse_bayesian_keep010_seed42,70,ola,global,,,layers.1.bias,db,74,-39.86502789424283,-39.50850239027048,-39.686765142256654,0,0.0,0.9,10
bayesfl_observability_v1,ola_sparse_bayesian_keep010_seed42,70,ola,global,,,layers.1.bias,db,75,-39.50850239027048,-39.15197688629812,-39.3302396382843,0,0.0,0.9,10
bayesfl_observability_v1,ola_sparse_bayesian_keep010_seed42,70,ola,global,,,layers.1.bias,db,76,-39.15197688629812,-38.795451382325766,-38.97371413431195,0,0.0,0.9,10
bayesfl_observability_v1,ola_sparse_bayesian_keep010_seed42,70,ola,global,,,layers.1.bias,db,77,-38.795451382325766,-38.438925878353416,-38.61718863033959,0,0.0,0.9,10
bayesfl_observability_v1,ola_sparse_bayesian_keep010_seed42,70,ola,global,,,layers.1.bias,db,78,-38.438925878353416,-38.08240037438105,-38.260663126367234,0,0.0,0.9,10
bayesfl_observability_v1,ola_sparse_bayesian_keep010_seed42,70,ola,global,,,layers.1.bias,db,79,-38.08240037438105,-37.7258748704087,-37.90413762239488,1,0.2804848429798602,1.0,10
bayesfl_observability_v1,ola_sparse_bayesian_keep010_seed42,75,ola,global,,,all,raw,0,2.0005701773262004e-08,0.0010467334713347004,0.0005233767385182369,73803,692.8295936368111,0.725194065048639,101770
bayesfl_observability_v1,ola_sparse_bayesian_keep010_seed42,75,ola,global,,,all,raw,1,0.0010467334713347004,0.0020934469369676273,0.001570090204151164,23685,222.34419908794865,0.9579247322393633,101770
bayesfl_observability_v1,ola_sparse_bayesian_keep010_seed42,75,ola,global,,,all,raw,2,0.0020934469369676273,0.0031401604026005544,0.002616803669784091,3220,30.227921514173296,0.9895647047263437,101770
bayesfl_observability_v1,ola_sparse_bayesian_keep010_seed42,75,ola,global,,,all,raw,3,0.0031401604026005544,0.0041868738682334814,0.0036635171354170177,324,3.041567257947872,0.992748354131866,101770
bayesfl_observability_v1,ola_sparse_bayesian_keep010_seed42,75,ola,global,,,all,raw,4,0.0041868738682334814,0.005233587333866409,0.004710230601049945,149,1.3987454365254095,0.9942124398152697,101770
bayesfl_observability_v1,ola_sparse_bayesian_keep010_seed42,75,ola,global,,,all,raw,5,0.005233587333866409,0.006280300799499336,0.005756944066682873,96,0.9012051134660365,0.9951557433428319,101770
bayesfl_observability_v1,ola_sparse_bayesian_keep010_seed42,75,ola,global,,,all,raw,6,0.006280300799499336,0.007327014265132262,0.0068036575323157985,83,0.7791669210175107,0.9959713078510366,101770
bayesfl_observability_v1,ola_sparse_bayesian_keep010_seed42,75,ola,global,,,all,raw,7,0.007327014265132262,0.00837372773076519,0.007850370997948726,68,0.6383536220384415,0.9966394811830599,101770
bayesfl_observability_v1,ola_sparse_bayesian_keep010_seed42,75,ola,global,,,all,raw,8,0.00837372773076519,0.009420441196398118,0.008897084463581655,47,0.44121500346774667,0.9971013068684288,101770
bayesfl_observability_v1,ola_sparse_bayesian_keep010_seed42,75,ola,global,,,all,raw,9,0.009420441196398118,0.010467154662031046,0.009943797929214581,38,0.3567270240803058,0.9974746978480888,101770
bayesfl_observability_v1,ola_sparse_bayesian_keep010_seed42,75,ola,global,,,all,raw,10,0.010467154662031046,0.011513868127663971,0.010990511394847509,39,0.3661145773455776,0.9978579149061609,101770
bayesfl_observability_v1,ola_sparse_bayesian_keep010_seed42,75,ola,global,,,all,raw,11,0.011513868127663971,0.012560581593296899,0.012037224860480436,19,0.1783635120401529,0.9980446103959909,101770
bayesfl_observability_v1,ola_sparse_bayesian_keep010_seed42,75,ola,global,,,all,raw,12,0.012560581593296899,0.013607295058929826,0.013083938326113362,18,0.1689759587748817,0.9982214798074088,101770
bayesfl_observability_v1,ola_sparse_bayesian_keep010_seed42,75,ola,global,,,all,raw,13,0.013607295058929826,0.014654008524562752,0.01413065179174629,20,0.18775106530542443,0.998418001375651,101770
bayesfl_observability_v1,ola_sparse_bayesian_keep010_seed42,75,ola,global,,,all,raw,14,0.014654008524562752,0.01570072199019568,0.015177365257379217,19,0.1783635120401529,0.998604696865481,101770
bayesfl_observability_v1,ola_sparse_bayesian_keep010_seed42,75,ola,global,,,all,raw,15,0.01570072199019568,0.016747435455828606,0.016224078723012143,23,0.2159137251012381,0.9988306966689594,101770
bayesfl_observability_v1,ola_sparse_bayesian_keep010_seed42,75,ola,global,,,all,raw,16,0.016747435455828606,0.01779414892146153,0.01727079218864507,17,0.15958840550961076,0.9989977400019652,101770
bayesfl_observability_v1,ola_sparse_bayesian_keep010_seed42,75,ola,global,,,all,raw,17,0.01779414892146153,0.01884086238709446,0.018317505654277998,14,0.13142574571379667,0.9991353050997347,101770
bayesfl_observability_v1,ola_sparse_bayesian_keep010_seed42,75,ola,global,,,all,raw,18,0.01884086238709446,0.019887575852727386,0.019364219119910923,9,0.08448797938744099,0.9992237398054437,101770
bayesfl_observability_v1,ola_sparse_bayesian_keep010_seed42,75,ola,global,,,all,raw,19,0.019887575852727386,0.020934289318360316,0.02041093258554385,7,0.06571287285689834,0.9992925223543284,101770
bayesfl_observability_v1,ola_sparse_bayesian_keep010_seed42,75,ola,global,,,all,raw,20,0.020934289318360316,0.02198100278399324,0.02145764605117678,3,0.028162659795813665,0.9993220005895647,101770
bayesfl_observability_v1,ola_sparse_bayesian_keep010_seed42,75,ola,global,,,all,raw,21,0.02198100278399324,0.023027716249626167,0.022504359516809704,4,0.037550213061084886,0.9993613049032132,101770
bayesfl_observability_v1,ola_sparse_bayesian_keep010_seed42,75,ola,global,,,all,raw,22,0.023027716249626167,0.024074429715259096,0.023551072982442633,7,0.06571287285689834,0.9994300874520978,101770
bayesfl_observability_v1,ola_sparse_bayesian_keep010_seed42,75,ola,global,,,all,raw,23,0.024074429715259096,0.025121143180892022,0.02459778644807556,8,0.07510042612216977,0.9995086960793947,101770
bayesfl_observability_v1,ola_sparse_bayesian_keep010_seed42,75,ola,global,,,all,raw,24,0.025121143180892022,0.026167856646524948,0.025644499913708485,1,0.009387553265271222,0.9995185221578068,101770
bayesfl_observability_v1,ola_sparse_bayesian_keep010_seed42,75,ola,global,,,all,raw,25,0.026167856646524948,0.027214570112157877,0.02669121337934141,6,0.05632531959162714,0.9995774786282795,101770
bayesfl_observability_v1,ola_sparse_bayesian_keep010_seed42,75,ola,global,,,all,raw,26,0.027214570112157877,0.028261283577790803,0.02773792684497434,3,0.028162659795813665,0.9996069568635157,101770
bayesfl_observability_v1,ola_sparse_bayesian_keep010_seed42,75,ola,global,,,all,raw,27,0.028261283577790803,0.02930799704342373,0.028784640310607266,2,0.018775106530542443,0.99962660902034,101770
bayesfl_observability_v1,ola_sparse_bayesian_keep010_seed42,75,ola,global,,,all,raw,28,0.02930799704342373,0.030354710509056658,0.029831353776240195,3,0.02816265979581357,0.9996560872555763,101770
bayesfl_observability_v1,ola_sparse_bayesian_keep010_seed42,75,ola,global,,,all,raw,29,0.030354710509056658,0.03140142397468959,0.030878067241873124,4,0.037550213061084636,0.9996953915692247,101770
bayesfl_observability_v1,ola_sparse_bayesian_keep010_seed42,75,ola,global,,,all,raw,30,0.03140142397468959,0.032448137440322516,0.031924780707506054,1,0.009387553265271222,0.9997052176476369,101770
bayesfl_observability_v1,ola_sparse_bayesian_keep010_seed42,75,ola,global,,,all,raw,31,0.032448137440322516,0.03349485090595544,0.03297149417313898,2,0.018775106530542443,0.9997248698044611,101770
bayesfl_observability_v1,ola_sparse_bayesian_keep010_seed42,75,ola,global,,,all,raw,32,0.03349485090595544,0.03454156437158837,0.034018207638771905,3,0.028162659795813665,0.9997543480396973,101770
bayesfl_observability_v1,ola_sparse_bayesian_keep010_seed42,75,ola,global,,,all,raw,33,0.03454156437158837,0.035588277837221294,0.03506492110440483,4,0.037550213061084886,0.9997936523533458,101770
bayesfl_observability_v1,ola_sparse_bayesian_keep010_seed42,75,ola,global,,,all,raw,34,0.035588277837221294,0.036634991302854227,0.03611163457003776,1,0.009387553265271159,0.9998034784317579,101770
bayesfl_observability_v1,ola_sparse_bayesian_keep010_seed42,75,ola,global,,,all,raw,35,0.036634991302854227,0.03768170476848715,0.03715834803567069,2,0.018775106530542443,0.9998231305885821,101770
bayesfl_observability_v1,ola_sparse_bayesian_keep010_seed42,75,ola,global,,,all,raw,36,0.03768170476848715,0.03872841823412008,0.038205061501303615,1,0.009387553265271222,0.9998329566669942,101770
bayesfl_observability_v1,ola_sparse_bayesian_keep010_seed42,75,ola,global,,,all,raw,37,0.03872841823412008,0.039775131699753004,0.03925177496693654,3,0.028162659795813665,0.9998624349022305,101770
bayesfl_observability_v1,ola_sparse_bayesian_keep010_seed42,75,ola,global,,,all,raw,38,0.039775131699753004,0.04082184516538593,0.04029848843256947,0,0.0,0.9998624349022305,101770
bayesfl_observability_v1,ola_sparse_bayesian_keep010_seed42,75,ola,global,,,all,raw,39,0.04082184516538593,0.04186855863101886,0.0413452018982024,0,0.0,0.9998624349022305,101770
bayesfl_observability_v1,ola_sparse_bayesian_keep010_seed42,75,ola,global,,,all,raw,40,0.04186855863101886,0.04291527209665179,0.042391915363835325,0,0.0,0.9998624349022305,101770
bayesfl_observability_v1,ola_sparse_bayesian_keep010_seed42,75,ola,global,,,all,raw,41,0.04291527209665179,0.043961985562284714,0.04343862882946825,1,0.009387553265271222,0.9998722609806426,101770
bayesfl_observability_v1,ola_sparse_bayesian_keep010_seed42,75,ola,global,,,all,raw,42,0.043961985562284714,0.04500869902791764,0.04448534229510118,1,0.009387553265271222,0.9998820870590547,101770
bayesfl_observability_v1,ola_sparse_bayesian_keep010_seed42,75,ola,global,,,all,raw,43,0.04500869902791764,0.046055412493550565,0.0455320557607341,0,0.0,0.9998820870590547,101770
bayesfl_observability_v1,ola_sparse_bayesian_keep010_seed42,75,ola,global,,,all,raw,44,0.046055412493550565,0.04710212595918349,0.04657876922636703,1,0.009387553265271222,0.9998919131374668,101770
bayesfl_observability_v1,ola_sparse_bayesian_keep010_seed42,75,ola,global,,,all,raw,45,0.04710212595918349,0.048148839424816424,0.047625482691999954,0,0.0,0.9998919131374668,101770
bayesfl_observability_v1,ola_sparse_bayesian_keep010_seed42,75,ola,global,,,all,raw,46,0.048148839424816424,0.04919555289044935,0.04867219615763289,1,0.009387553265271222,0.999901739215879,101770
bayesfl_observability_v1,ola_sparse_bayesian_keep010_seed42,75,ola,global,,,all,raw,47,0.04919555289044935,0.050242266356082275,0.04971890962326581,0,0.0,0.999901739215879,101770
bayesfl_observability_v1,ola_sparse_bayesian_keep010_seed42,75,ola,global,,,all,raw,48,0.050242266356082275,0.0512889798217152,0.05076562308889874,0,0.0,0.999901739215879,101770
bayesfl_observability_v1,ola_sparse_bayesian_keep010_seed42,75,ola,global,,,all,raw,49,0.0512889798217152,0.05233569328734813,0.051812336554531664,1,0.009387553265271222,0.999911565294291,101770
bayesfl_observability_v1,ola_sparse_bayesian_keep010_seed42,75,ola,global,,,all,raw,50,0.05233569328734813,0.05338240675298106,0.0528590500201646,0,0.0,0.999911565294291,101770
bayesfl_observability_v1,ola_sparse_bayesian_keep010_seed42,75,ola,global,,,all,raw,51,0.05338240675298106,0.054429120218613986,0.05390576348579752,1,0.009387553265271222,0.9999213913727032,101770
bayesfl_observability_v1,ola_sparse_bayesian_keep010_seed42,75,ola,global,,,all,raw,52,0.054429120218613986,0.05547583368424691,0.05495247695143045,1,0.009387553265271222,0.9999312174511152,101770
bayesfl_observability_v1,ola_sparse_bayesian_keep010_seed42,75,ola,global,,,all,raw,53,0.05547583368424691,0.05652254714987984,0.055999190417063374,2,0.018775106530542443,0.9999508696079394,101770
bayesfl_observability_v1,ola_sparse_bayesian_keep010_seed42,75,ola,global,,,all,raw,54,0.05652254714987984,0.05756926061551276,0.0570459038826963,0,0.0,0.9999508696079394,101770
bayesfl_observability_v1,ola_sparse_bayesian_keep010_seed42,75,ola,global,,,all,raw,55,0.05756926061551276,0.05861597408114569,0.058092617348329226,0,0.0,0.9999508696079394,101770
bayesfl_observability_v1,ola_sparse_bayesian_keep010_seed42,75,ola,global,,,all,raw,56,0.05861597408114569,0.05966268754677862,0.05913933081396215,0,0.0,0.9999508696079394,101770
bayesfl_observability_v1,ola_sparse_bayesian_keep010_seed42,75,ola,global,,,all,raw,57,0.05966268754677862,0.06070940101241155,0.060186044279595084,2,0.018775106530542443,0.9999705217647636,101770
bayesfl_observability_v1,ola_sparse_bayesian_keep010_seed42,75,ola,global,,,all,raw,58,0.06070940101241155,0.06175611447804447,0.06123275774522801,0,0.0,0.9999705217647636,101770
bayesfl_observability_v1,ola_sparse_bayesian_keep010_seed42,75,ola,global,,,all,raw,59,0.06175611447804447,0.0628028279436774,0.06227947121086094,1,0.009387553265271159,0.9999803478431758,101770
bayesfl_observability_v1,ola_sparse_bayesian_keep010_seed42,75,ola,global,,,all,raw,60,0.0628028279436774,0.06384954140931033,0.06332618467649387,0,0.0,0.9999803478431758,101770
bayesfl_observability_v1,ola_sparse_bayesian_keep010_seed42,75,ola,global,,,all,raw,61,0.06384954140931033,0.06489625487494326,0.0643728981421268,1,0.009387553265271222,0.9999901739215878,101770
bayesfl_observability_v1,ola_sparse_bayesian_keep010_seed42,75,ola,global,,,all,raw,62,0.06489625487494326,0.06594296834057618,0.06541961160775972,0,0.0,0.9999901739215878,101770
bayesfl_observability_v1,ola_sparse_bayesian_keep010_seed42,75,ola,global,,,all,raw,63,0.06594296834057618,0.06698968180620911,0.06646632507339265,0,0.0,0.9999901739215878,101770
bayesfl_observability_v1,ola_sparse_bayesian_keep010_seed42,75,ola,global,,,all,raw,64,0.06698968180620911,0.06803639527184203,0.06751303853902557,0,0.0,0.9999901739215878,101770
bayesfl_observability_v1,ola_sparse_bayesian_keep010_seed42,75,ola,global,,,all,raw,65,0.06803639527184203,0.06908310873747496,0.0685597520046585,0,0.0,0.9999901739215878,101770
bayesfl_observability_v1,ola_sparse_bayesian_keep010_seed42,75,ola,global,,,all,raw,66,0.06908310873747496,0.07012982220310789,0.06960646547029142,0,0.0,0.9999901739215878,101770
bayesfl_observability_v1,ola_sparse_bayesian_keep010_seed42,75,ola,global,,,all,raw,67,0.07012982220310789,0.07117653566874081,0.07065317893592435,0,0.0,0.9999901739215878,101770
bayesfl_observability_v1,ola_sparse_bayesian_keep010_seed42,75,ola,global,,,all,raw,68,0.07117653566874081,0.07222324913437374,0.07169989240155727,0,0.0,0.9999901739215878,101770
bayesfl_observability_v1,ola_sparse_bayesian_keep010_seed42,75,ola,global,,,all,raw,69,0.07222324913437374,0.07326996260000668,0.0727466058671902,0,0.0,0.9999901739215878,101770
bayesfl_observability_v1,ola_sparse_bayesian_keep010_seed42,75,ola,global,,,all,raw,70,0.07326996260000668,0.0743166760656396,0.07379331933282314,0,0.0,0.9999901739215878,101770
bayesfl_observability_v1,ola_sparse_bayesian_keep010_seed42,75,ola,global,,,all,raw,71,0.0743166760656396,0.07536338953127253,0.07484003279845607,0,0.0,0.9999901739215878,101770
bayesfl_observability_v1,ola_sparse_bayesian_keep010_seed42,75,ola,global,,,all,raw,72,0.07536338953127253,0.07641010299690545,0.07588674626408899,0,0.0,0.9999901739215878,101770
bayesfl_observability_v1,ola_sparse_bayesian_keep010_seed42,75,ola,global,,,all,raw,73,0.07641010299690545,0.07745681646253838,0.07693345972972192,0,0.0,0.9999901739215878,101770
bayesfl_observability_v1,ola_sparse_bayesian_keep010_seed42,75,ola,global,,,all,raw,74,0.07745681646253838,0.0785035299281713,0.07798017319535484,0,0.0,0.9999901739215878,101770
bayesfl_observability_v1,ola_sparse_bayesian_keep010_seed42,75,ola,global,,,all,raw,75,0.0785035299281713,0.07955024339380423,0.07902688666098777,0,0.0,0.9999901739215878,101770
bayesfl_observability_v1,ola_sparse_bayesian_keep010_seed42,75,ola,global,,,all,raw,76,0.07955024339380423,0.08059695685943716,0.0800736001266207,0,0.0,0.9999901739215878,101770
bayesfl_observability_v1,ola_sparse_bayesian_keep010_seed42,75,ola,global,,,all,raw,77,0.08059695685943716,0.08164367032507008,0.08112031359225362,0,0.0,0.9999901739215878,101770
bayesfl_observability_v1,ola_sparse_bayesian_keep010_seed42,75,ola,global,,,all,raw,78,0.08164367032507008,0.08269038379070301,0.08216702705788655,0,0.0,0.9999901739215878,101770
bayesfl_observability_v1,ola_sparse_bayesian_keep010_seed42,75,ola,global,,,all,raw,79,0.08269038379070301,0.08373709725633595,0.08321374052351949,1,0.009387553265271097,1.0,101770
bayesfl_observability_v1,ola_sparse_bayesian_keep010_seed42,75,ola,global,,,all,db,0,-153.97649003110982,-152.32105443021652,-153.14877223066316,1,5.935645220389985e-06,9.826078412105729e-06,101770
bayesfl_observability_v1,ola_sparse_bayesian_keep010_seed42,75,ola,global,,,all,db,1,-152.32105443021652,-150.66561882932322,-151.49333662976989,2,1.187129044077997e-05,2.9478235236317185e-05,101770
bayesfl_observability_v1,ola_sparse_bayesian_keep010_seed42,75,ola,global,,,all,db,2,-150.66561882932322,-149.01018322842992,-149.83790102887656,0,0.0,2.9478235236317185e-05,101770
bayesfl_observability_v1,ola_sparse_bayesian_keep010_seed42,75,ola,global,,,all,db,3,-149.01018322842992,-147.35474762753663,-148.1824654279833,2,1.187129044077997e-05,4.913039206052864e-05,101770
bayesfl_observability_v1,ola_sparse_bayesian_keep010_seed42,75,ola,global,,,all,db,4,-147.35474762753663,-145.69931202664333,-146.52702982708996,1,5.935645220389985e-06,5.895647047263437e-05,101770
bayesfl_observability_v1,ola_sparse_bayesian_keep010_seed42,75,ola,global,,,all,db,5,-145.69931202664333,-144.04387642575003,-144.8715942261967,0,0.0,5.895647047263437e-05,101770
bayesfl_observability_v1,ola_sparse_bayesian_keep010_seed42,75,ola,global,,,all,db,6,-144.04387642575003,-142.38844082485673,-143.21615862530336,0,0.0,5.895647047263437e-05,101770
bayesfl_observability_v1,ola_sparse_bayesian_keep010_seed42,75,ola,global,,,all,db,7,-142.38844082485673,-140.73300522396343,-141.5607230244101,0,0.0,5.895647047263437e-05,101770
bayesfl_observability_v1,ola_sparse_bayesian_keep010_seed42,75,ola,global,,,all,db,8,-140.73300522396343,-139.07756962307013,-139.90528742351677,1,5.935645220389985e-06,6.87825488847401e-05,101770
bayesfl_observability_v1,ola_sparse_bayesian_keep010_seed42,75,ola,global,,,all,db,9,-139.07756962307013,-137.42213402217683,-138.2498518226235,2,1.187129044077997e-05,8.843470570895156e-05,101770
bayesfl_observability_v1,ola_sparse_bayesian_keep010_seed42,75,ola,global,,,all,db,10,-137.42213402217683,-135.76669842128354,-136.59441622173017,2,1.187129044077997e-05,0.00010808686253316301,101770
bayesfl_observability_v1,ola_sparse_bayesian_keep010_seed42,75,ola,global,,,all,db,11,-135.76669842128354,-134.11126282039024,-134.9389806208369,2,1.187129044077997e-05,0.00012773901935737446,101770
bayesfl_observability_v1,ola_sparse_bayesian_keep010_seed42,75,ola,global,,,all,db,12,-134.11126282039024,-132.45582721949694,-133.28354501994357,3,1.7806935661169954e-05,0.00015721725459369166,101770
bayesfl_observability_v1,ola_sparse_bayesian_keep010_seed42,75,ola,global,,,all,db,13,-132.45582721949694,-130.80039161860364,-131.6281094190503,8,4.748516176311988e-05,0.00023582588189053748,101770
bayesfl_observability_v1,ola_sparse_bayesian_keep010_seed42,75,ola,global,,,all,db,14,-130.80039161860364,-129.14495601771034,-129.97267381815698,3,1.7806935661169954e-05,0.00026530411712685466,101770
bayesfl_observability_v1,ola_sparse_bayesian_keep010_seed42,75,ola,global,,,all,db,15,-129.14495601771034,-127.48952041681706,-128.3172382172637,2,1.1871290440780071e-05,0.00028495627395106615,101770
bayesfl_observability_v1,ola_sparse_bayesian_keep010_seed42,75,ola,global,,,all,db,16,-127.48952041681706,-125.83408481592376,-126.66180261637041,5,2.9678226101949923e-05,0.00033408666601159476,101770
bayesfl_observability_v1,ola_sparse_bayesian_keep010_seed42,75,ola,global,,,all,db,17,-125.83408481592376,-124.17864921503046,-125.00636701547711,14,8.309903308545979e-05,0.00047165176378107497,101770
bayesfl_observability_v1,ola_sparse_bayesian_keep010_seed42,75,ola,global,,,all,db,18,-124.17864921503046,-122.52321361413716,-123.35093141458381,9,5.342080698350986e-05,0.0005600864694900265,101770
bayesfl_observability_v1,ola_sparse_bayesian_keep010_seed42,75,ola,global,,,all,db,19,-122.52321361413716,-120.86777801324386,-121.69549581369051,6,3.561387132233991e-05,0.0006190429399626609,101770
bayesfl_observability_v1,ola_sparse_bayesian_keep010_seed42,75,ola,global,,,all,db,20,-120.86777801324386,-119.21234241235057,-120.04006021279721,13,7.71633878650698e-05,0.0007467819593200354,101770
bayesfl_observability_v1,ola_sparse_bayesian_keep010_seed42,75,ola,global,,,all,db,21,-119.21234241235057,-117.55690681145727,-118.38462461190392,15,8.903467830584976e-05,0.0008941731355016213,101770
bayesfl_observability_v1,ola_sparse_bayesian_keep010_seed42,75,ola,global,,,all,db,22,-117.55690681145727,-115.90147121056397,-116.72918901101062,20,0.0001187129044077997,0.001090694703743736,101770
bayesfl_observability_v1,ola_sparse_bayesian_keep010_seed42,75,ola,global,,,all,db,23,-115.90147121056397,-114.24603560967067,-115.07375341011732,27,0.00016026242095052958,0.0013559988208705907,101770
bayesfl_observability_v1,ola_sparse_bayesian_keep010_seed42,75,ola,global,,,all,db,24,-114.24603560967067,-112.59060000877737,-113.41831780922402,28,0.00016619806617091957,0.0016311290164095508,101770
bayesfl_observability_v1,ola_sparse_bayesian_keep010_seed42,75,ola,global,,,all,db,25,-112.59060000877737,-110.93516440788407,-111.76288220833072,37,0.0002196188731544294,0.001994693917657463,101770
bayesfl_observability_v1,ola_sparse_bayesian_keep010_seed42,75,ola,global,,,all,db,26,-110.93516440788407,-109.27972880699079,-110.10744660743742,43,0.00025523274447677156,0.0024172152893780093,101770
bayesfl_observability_v1,ola_sparse_bayesian_keep010_seed42,75,ola,global,,,all,db,27,-109.27972880699079,-107.62429320609749,-108.45201100654414,54,0.00032052484190105916,0.0029478235236317187,101770
bayesfl_observability_v1,ola_sparse_bayesian_keep010_seed42,75,ola,global,,,all,db,28,-107.62429320609749,-105.96885760520419,-106.79657540565084,71,0.0004214308106476889,0.003645475090891225,101770
bayesfl_observability_v1,ola_sparse_bayesian_keep010_seed42,75,ola,global,,,all,db,29,-105.96885760520419,-104.3134220043109,-105.14113980475754,87,0.0005164011341739287,0.004500343912744424,101770
bayesfl_observability_v1,ola_sparse_bayesian_keep010_seed42,75,ola,global,,,all,db,30,-104.3134220043109,-102.6579864034176,-103.48570420386424,93,0.0005520150054962686,0.005414169205070257,101770
bayesfl_observability_v1,ola_sparse_bayesian_keep010_seed42,75,ola,global,,,all,db,31,-102.6579864034176,-101.0025508025243,-101.83026860297095,117,0.0006944704907856282,0.006563820379286627,101770
bayesfl_observability_v1,ola_sparse_bayesian_keep010_seed42,75,ola,global,,,all,db,32,-101.0025508025243,-99.347115201631,-100.17483300207765,131,0.000777569523871088,0.007851036651272477,101770
bayesfl_observability_v1,ola_sparse_bayesian_keep010_seed42,75,ola,global,,,all,db,33,-99.347115201631,-97.6916796007377,-98.51939740118435,141,0.0008369259760749878,0.009236513707379384,101770
bayesfl_observability_v1,ola_sparse_bayesian_keep010_seed42,75,ola,global,,,all,db,34,-97.6916796007377,-96.0362439998444,-96.86396180029105,216,0.0012820993676042366,0.011358946644394222,101770
bayesfl_observability_v1,ola_sparse_bayesian_keep010_seed42,75,ola,global,,,all,db,35,-96.0362439998444,-94.3808083989511,-95.20852619939775,248,0.0014720400146567161,0.013795814090596444,101770
bayesfl_observability_v1,ola_sparse_bayesian_keep010_seed42,75,ola,global,,,all,db,36,-94.3808083989511,-92.7253727980578,-93.55309059850445,306,0.0018163074374393353,0.016802594084700796,101770
bayesfl_observability_v1,ola_sparse_bayesian_keep010_seed42,75,ola,global,,,all,db,37,-92.7253727980578,-91.0699371971645,-91.89765499761116,341,0.0020240550201529846,0.02015328682322885,101770
bayesfl_observability_v1,ola_sparse_bayesian_keep010_seed42,75,ola,global,,,all,db,38,-91.0699371971645,-89.41450159627121,-90.24221939671786,445,0.002641362123073543,0.0245258917166159,101770
bayesfl_observability_v1,ola_sparse_bayesian_keep010_seed42,75,ola,global,,,all,db,39,-89.41450159627121,-87.75906599537791,-88.58678379582456,470,0.0027897532535832927,0.029144148570305593,101770
bayesfl_observability_v1,ola_sparse_bayesian_keep010_seed42,75,ola,global,,,all,db,40,-87.75906599537791,-86.10363039448461,-86.93134819493126,597,0.0035435801965728207,0.03501031738233271,101770
bayesfl_observability_v1,ola_sparse_bayesian_keep010_seed42,75,ola,global,,,all,db,41,-86.10363039448461,-84.44819479359131,-85.27591259403796,733,0.004350827946545859,0.04221283285840621,101770
bayesfl_observability_v1,ola_sparse_bayesian_keep010_seed42,75,ola,global,,,all,db,42,-84.44819479359131,-82.79275919269801,-83.62047699314466,850,0.005045298437331487,0.05056499950869608,101770
bayesfl_observability_v1,ola_sparse_bayesian_keep010_seed42,75,ola,global,,,all,db,43,-82.79275919269801,-81.13732359180472,-81.96504139225136,1087,0.006452046354563913,0.06124594674265501,101770
bayesfl_observability_v1,ola_sparse_bayesian_keep010_seed42,75,ola,global,,,all,db,44,-81.13732359180472,-79.48188799091142,-80.30960579135807,1257,0.00746110604203021,0.07359732730667191,101770
bayesfl_observability_v1,ola_sparse_bayesian_keep010_seed42,75,ola,global,,,all,db,45,-79.48188799091142,-77.82645239001812,-78.65417019046477,1597,0.009479225416962805,0.08928957453080476,101770
bayesfl_observability_v1,ola_sparse_bayesian_keep010_seed42,75,ola,global,,,all,db,46,-77.82645239001812,-76.17101678912482,-76.99873458957147,1867,0.011081849626468101,0.10763486292620615,101770
bayesfl_observability_v1,ola_sparse_bayesian_keep010_seed42,75,ola,global,,,all,db,47,-76.17101678912482,-74.51558118823152,-75.34329898867817,2384,0.014150578205409723,0.1310602338606662,101770
bayesfl_observability_v1,ola_sparse_bayesian_keep010_seed42,75,ola,global,,,all,db,48,-74.51558118823152,-72.86014558733822,-73.68786338778487,2760,0.016382380808276358,0.15818021027807802,101770
bayesfl_observability_v1,ola_sparse_bayesian_keep010_seed42,75,ola,global,,,all,db,49,-72.86014558733822,-71.20470998644493,-72.03242778689157,3443,0.020436426493802715,0.19201139825095803,101770
bayesfl_observability_v1,ola_sparse_bayesian_keep010_seed42,75,ola,global,,,all,db,50,-71.20470998644493,-69.54927438555163,-70.37699218599828,4066,0.024134333466105676,0.23196423307457995,101770
bayesfl_observability_v1,ola_sparse_bayesian_keep010_seed42,75,ola,global,,,all,db,51,-69.54927438555163,-67.89383878465833,-68.72155658510498,5011,0.02974351819937421,0.28120271199764174,101770
bayesfl_observability_v1,ola_sparse_bayesian_keep010_seed42,75,ola,global,,,all,db,52,-67.89383878465833,-66.23840318376503,-67.06612098421168,6052,0.03592252487380018,0.3406701385477056,101770
bayesfl_observability_v1,ola_sparse_bayesian_keep010_seed42,75,ola,global,,,all,db,53,-66.23840318376503,-64.58296758287175,-65.4106853833184,7312,0.04340143785149194,0.4125184238970227,101770
bayesfl_observability_v1,ola_sparse_bayesian_keep010_seed42,75,ola,global,,,all,db,54,-64.58296758287175,-62.92753198197845,-63.755249782425096,8695,0.05161043519129092,0.497956175690282,101770
bayesfl_observability_v1,ola_sparse_bayesian_keep010_seed42,75,ola,global,,,all,db,55,-62.92753198197845,-61.27209638108515,-62.0998141815318,10407,0.061772259808598566,0.6002161737250663,101770
bayesfl_observability_v1,ola_sparse_bayesian_keep010_seed42,75,ola,global,,,all,db,56,-61.27209638108515,-59.61666078019185,-60.4443785806385,12628,0.07495532784308473,0.7242998919131375,101770
bayesfl_observability_v1,ola_sparse_bayesian_keep010_seed42,75,ola,global,,,all,db,57,-59.61666078019185,-57.96122517929855,-58.7889429797452,10224,0.0606860367332672,0.8247617175985065,101770
bayesfl_observability_v1,ola_sparse_bayesian_keep010_seed42,75,ola,global,,,all,db,58,-57.96122517929855,-56.30578957840525,-57.1335073788519,6129,0.036379569555770215,0.8849857521863025,101770
bayesfl_observability_v1,ola_sparse_bayesian_keep010_seed42,75,ola,global,,,all,db,59,-56.30578957840525,-54.650353977511955,-55.478071777958604,5016,0.029773196425476163,0.9342733615014248,101770
bayesfl_observability_v1,ola_sparse_bayesian_keep010_seed42,75,ola,global,,,all,db,60,-54.650353977511955,-52.99491837661866,-53.822636177065306,3382,0.020074352135358926,0.9675051586911664,101770
bayesfl_observability_v1,ola_sparse_bayesian_keep010_seed42,75,ola,global,,,all,db,61,-52.99491837661866,-51.33948277572536,-52.16720057617201,1658,0.009841299775406594,0.9837967966984377,101770
bayesfl_observability_v1,ola_sparse_bayesian_keep010_seed42,75,ola,global,,,all,db,62,-51.33948277572536,-49.68404717483206,-50.51176497527871,666,0.00395313971677973,0.9903409649209001,101770
bayesfl_observability_v1,ola_sparse_bayesian_keep010_seed42,75,ola,global,,,all,db,63,-49.68404717483206,-48.02861157393876,-48.85632937438541,205,0.0012168072701799469,0.9923553109953818,101770
bayesfl_observability_v1,ola_sparse_bayesian_keep010_seed42,75,ola,global,,,all,db,64,-48.02861157393876,-46.37317597304546,-47.20089377349211,126,0.000747891297769138,0.993593396875307,101770
bayesfl_observability_v1,ola_sparse_bayesian_keep010_seed42,75,ola,global,,,all,db,65,-46.37317597304546,-44.717740372152164,-45.54545817259881,116,0.0006885348455652381,0.9947332219711114,101770
bayesfl_observability_v1,ola_sparse_bayesian_keep010_seed42,75,ola,global,,,all,db,66,-44.717740372152164,-43.062304771258866,-43.890022571705515,110,0.0006529209742428982,0.995814090596443,101770
bayesfl_observability_v1,ola_sparse_bayesian_keep010_seed42,75,ola,global,,,all,db,67,-43.062304771258866,-41.40686917036557,-42.23458697081222,93,0.0005520150054962686,0.9967279158887687,101770
bayesfl_observability_v1,ola_sparse_bayesian_keep010_seed42,75,ola,global,,,all,db,68,-41.40686917036557,-39.75143356947227,-40.57915136991892,71,0.0004214308106476889,0.9974255674560283,101770
bayesfl_observability_v1,ola_sparse_bayesian_keep010_seed42,75,ola,global,,,all,db,69,-39.75143356947227,-38.09599796857897,-38.92371576902562,60,0.00035613871322339905,0.9980151321607547,101770
bayesfl_observability_v1,ola_sparse_bayesian_keep010_seed42,75,ola,global,,,all,db,70,-38.09599796857897,-36.44056236768567,-37.26828016813232,47,0.00027897532535832925,0.9984769578461236,101770
bayesfl_observability_v1,ola_sparse_bayesian_keep010_seed42,75,ola,global,,,all,db,71,-36.44056236768567,-34.785126766792374,-35.61284456723902,58,0.00034426742278261907,0.9990468703940257,101770
bayesfl_observability_v1,ola_sparse_bayesian_keep010_seed42,75,ola,global,,,all,db,72,-34.785126766792374,-33.129691165899075,-33.957408966345724,28,0.00016619806617091957,0.9993220005895647,101770
bayesfl_observability_v1,ola_sparse_bayesian_keep010_seed42,75,ola,global,,,all,db,73,-33.129691165899075,-31.474255565005777,-32.301973365452426,22,0.00013058419484857965,0.999538174314631,101770
bayesfl_observability_v1,ola_sparse_bayesian_keep010_seed42,75,ola,global,,,all,db,74,-31.474255565005777,-29.818819964112492,-30.646537764559135,17,0.0001009059687466306,0.9997052176476369,101770
bayesfl_observability_v1,ola_sparse_bayesian_keep010_seed42,75,ola,global,,,all,db,75,-29.818819964112492,-28.163384363219194,-28.991102163665843,15,8.903467830584976e-05,0.9998526088238184,101770
bayesfl_observability_v1,ola_sparse_bayesian_keep010_seed42,75,ola,global,,,all,db,76,-28.163384363219194,-26.507948762325896,-27.335666562772545,4,2.374258088155994e-05,0.9998919131374668,101770
bayesfl_observability_v1,ola_sparse_bayesian_keep010_seed42,75,ola,global,,,all,db,77,-26.507948762325896,-24.852513161432597,-25.680230961879246,6,3.561387132233991e-05,0.9999508696079394,101770
bayesfl_observability_v1,ola_sparse_bayesian_keep010_seed42,75,ola,global,,,all,db,78,-24.852513161432597,-23.1970775605393,-24.024795360985948,4,2.374258088155994e-05,0.9999901739215878,101770
bayesfl_observability_v1,ola_sparse_bayesian_keep010_seed42,75,ola,global,,,all,db,79,-23.1970775605393,-21.541641959646004,-22.36935976009265,1,5.9356452203899965e-06,1.0,101770
bayesfl_observability_v1,ola_sparse_bayesian_keep010_seed42,75,ola,global,,,layers.0.weight,raw,0,2.0005701773262004e-08,6.335157481885699e-05,3.1685790260315126e-05,4505,708.8404859604559,0.04489198022959184,100352
bayesfl_observability_v1,ola_sparse_bayesian_keep010_seed42,75,ola,global,,,layers.0.weight,raw,1,6.335157481885699e-05,0.00012668314393594074,9.501735937739887e-05,4434,697.6689710873832,0.08907645089285714,100352
bayesfl_observability_v1,ola_sparse_bayesian_keep010_seed42,75,ola,global,,,layers.0.weight,raw,2,0.00012668314393594074,0.0001900147130530245,0.00015834892849448263,4486,705.8509256423096,0.13377909757653061,100352
bayesfl_observability_v1,ola_sparse_bayesian_keep010_seed42,75,ola,global,,,layers.0.weight,raw,3,0.0001900147130530245,0.0002533462821701082,0.00022168049761156635,4478,704.5921634030907,0.17840202487244897,100352
bayesfl_observability_v1,ola_sparse_bayesian_keep010_seed42,75,ola,global,,,layers.0.weight,raw,4,0.0002533462821701082,0.0003166778512871919,0.00028501206672865,4456,701.130567245237,0.2228057238520408,100352
bayesfl_observability_v1,ola_sparse_bayesian_keep010_seed42,75,ola,global,,,layers.0.weight,raw,5,0.0003166778512871919,0.0003800094204042757,0.0003483436358457338,4469,703.1760558839678,0.2673389668367347,100352
bayesfl_observability_v1,ola_sparse_bayesian_keep010_seed42,75,ola,global,,,layers.0.weight,raw,6,0.0003800094204042757,0.0004433409895213594,0.00041167520496281757,4544,714.9769518766509,0.3126195790816326,100352
bayesfl_observability_v1,ola_sparse_bayesian_keep010_seed42,75,ola,global,,,layers.0.weight,raw,7,0.0004433409895213594,0.0005066725586384431,0.00047500677407990124,4531,712.9314632379194,0.35777064732142855,100352
bayesfl_observability_v1,ola_sparse_bayesian_keep010_seed42,75,ola,global,,,layers.0.weight,raw,8,0.0005066725586384431,0.0005700041277555269,0.000538338343196985,4504,708.6831406805529,0.402652662627551,100352
bayesfl_observability_v1,ola_sparse_bayesian_keep010_seed42,75,ola,global,,,layers.0.weight,raw,9,0.0005700041277555269,0.0006333356968726106,0.0006016699123140687,4500,708.0537595609445,0.4474948182397959,100352
bayesfl_observability_v1,ola_sparse_bayesian_keep010_seed42,75,ola,global,,,layers.0.weight,raw,10,0.0006333356968726106,0.0006966672659896943,0.0006650014814311525,4387,690.2737429319684,0.4912109375,100352
bayesfl_observability_v1,ola_sparse_bayesian_keep010_seed42,75,ola,global,,,layers.0.weight,raw,11,0.0006966672659896943,0.0007599988351067781,0.0007283330505482362,4437,698.1410069270901,0.5354253029336735,100352
bayesfl_observability_v1,ola_sparse_bayesian_keep010_seed42,75,ola,global,,,layers.0.weight,raw,12,0.0007599988351067781,0.0008233304042238618,0.00079166461966532,4435,697.8263163672865,0.5796197385204082,100352
bayesfl_observability_v1,ola_sparse_bayesian_keep010_seed42,75,ola,global,,,layers.0.weight,raw,13,0.0008233304042238618,0.0008866619733409456,0.0008549961887824037,4292,675.3259413412375,0.6223891900510204,100352
bayesfl_observability_v1,ola_sparse_bayesian_keep010_seed42,75,ola,global,,,layers.0.weight,raw,14,0.0008866619733409456,0.0009499935424580292,0.0009183277578994873,4506,708.9978312403591,0.6672911352040817,100352
bayesfl_observability_v1,ola_sparse_bayesian_keep010_seed42,75,ola,global,,,layers.0.weight,raw,15,0.0009499935424580292,0.0010133251115751131,0.0009816593270165711,4432,697.3542805275767,0.7114556760204082,100352
bayesfl_observability_v1,ola_sparse_bayesian_keep010_seed42,75,ola,global,,,layers.0.weight,raw,16,0.0010133251115751131,0.0010766566806921969,0.0010449908961336551,4106,646.0597192793851,0.7523716517857143,100352
bayesfl_observability_v1,ola_sparse_bayesian_keep010_seed42,75,ola,global,,,layers.0.weight,raw,17,0.0010766566806921969,0.0011399882498092807,0.0011083224652507387,3397,534.501915828561,0.7862224968112245,100352
bayesfl_observability_v1,ola_sparse_bayesian_keep010_seed42,75,ola,global,,,layers.0.weight,raw,18,0.0011399882498092807,0.0012033198189263642,0.0011716540343678224,2739,430.9687216527623,0.8135164221938775,100352
bayesfl_observability_v1,ola_sparse_bayesian_keep010_seed42,75,ola,global,,,layers.0.weight,raw,19,0.0012033198189263642,0.001266651388043448,0.0012349856034849062,2076,326.64880107744847,0.8342036033163265,100352
bayesfl_observability_v1,ola_sparse_bayesian_keep010_seed42,75,ola,global,,,layers.0.weight,raw,20,0.001266651388043448,0.0013299829571605318,0.0012983171726019898,1716,270.00450031257304,0.8513034119897959,100352
bayesfl_observability_v1,ola_sparse_bayesian_keep010_seed42,75,ola,global,,,layers.0.weight,raw,21,0.0013299829571605318,0.0013933145262776156,0.0013616487417190738,1534,241.36765937033044,0.8665896045918368,100352
bayesfl_observability_v1,ola_sparse_bayesian_keep010_seed42,75,ola,global,,,layers.0.weight,raw,22,0.0013933145262776156,0.0014566460953946993,0.0014249803108361573,1305,205.33559027267356,0.8795938297193877,100352
bayesfl_observability_v1,ola_sparse_bayesian_keep010_seed42,75,ola,global,,,layers.0.weight,raw,23,0.0014566460953946993,0.001519977664511783,0.0014883118799532413,1247,196.2095640383325,0.8920200892857143,100352
bayesfl_observability_v1,ola_sparse_bayesian_keep010_seed42,75,ola,global,,,layers.0.weight,raw,24,0.001519977664511783,0.0015833092336288667,0.0015516434490703249,1276,200.7725771555037,0.9047353316326531,100352
bayesfl_observability_v1,ola_sparse_bayesian_keep010_seed42,75,ola,global,,,layers.0.weight,raw,25,0.0015833092336288667,0.0016466408027459504,0.0016149750181874084,1069,168.20210421569962,0.9153878348214286,100352
bayesfl_observability_v1,ola_sparse_bayesian_keep010_seed42,75,ola,global,,,layers.0.weight,raw,26,0.0016466408027459504,0.0017099723718630342,0.0016783065873044924,976,153.56899318477346,0.9251136001275511,100352
bayesfl_observability_v1,ola_sparse_bayesian_keep010_seed42,75,ola,global,,,layers.0.weight,raw,27,0.0017099723718630342,0.001773303940980118,0.001741638156421576,891,140.19464439306677,0.9339923469387755,100352
bayesfl_observability_v1,ola_sparse_bayesian_keep010_seed42,75,ola,global,,,layers.0.weight,raw,28,0.001773303940980118,0.0018366355100972018,0.00180496972553866,786,123.67339000331143,0.9418247767857143,100352
bayesfl_observability_v1,ola_sparse_bayesian_keep010_seed42,75,ola,global,,,layers.0.weight,raw,29,0.0018366355100972018,0.0018999670792142853,0.0018683012946557435,734,115.49143544838537,0.9491390306122449,100352
bayesfl_observability_v1,ola_sparse_bayesian_keep010_seed42,75,ola,global,,,layers.0.weight,raw,30,0.0018999670792142853,0.001963298648331369,0.001931632863772827,650,102.2744319365807,0.9556162308673469,100352
bayesfl_observability_v1,ola_sparse_bayesian_keep010_seed42,75,ola,global,,,layers.0.weight,raw,31,0.001963298648331369,0.0020266302174484527,0.0019949644328899107,584,91.8896434630205,0.9614357461734694,100352
bayesfl_observability_v1,ola_sparse_bayesian_keep010_seed42,75,ola,global,,,layers.0.weight,raw,32,0.0020266302174484527,0.0020899617865655362,0.0020582960020069947,544,85.59583226692321,0.9668566645408163,100352
bayesfl_observability_v1,ola_sparse_bayesian_keep010_seed42,75,ola,global,,,layers.0.weight,raw,33,0.0020899617865655362,0.00215329335568262,0.002121627571124078,442,69.54661371687463,0.9712611607142857,100352
bayesfl_observability_v1,ola_sparse_bayesian_keep010_seed42,75,ola,global,,,layers.0.weight,raw,34,0.00215329335568262,0.0022166249247997038,0.0021849591402411618,394,61.99404028155836,0.9751873405612245,100352
bayesfl_observability_v1,ola_sparse_bayesian_keep010_seed42,75,ola,global,,,layers.0.weight,raw,35,0.0022166249247997038,0.0022799564939167878,0.0022482907093582458,376,59.16182524331417,0.9789341517857143,100352
bayesfl_observability_v1,ola_sparse_bayesian_keep010_seed42,75,ola,global,,,layers.0.weight,raw,36,0.0022799564939167878,0.0023432880630338713,0.0023116222784753298,306,48.14765565014431,0.9819834183673469,100352
bayesfl_observability_v1,ola_sparse_bayesian_keep010_seed42,75,ola,global,,,layers.0.weight,raw,37,0.0023432880630338713,0.002406619632150955,0.002374953847592413,279,43.89933309277863,0.9847636320153061,100352
bayesfl_observability_v1,ola_sparse_bayesian_keep010_seed42,75,ola,global,,,layers.0.weight,raw,38,0.002406619632150955,0.002469951201268039,0.002438285416709497,216,33.98658045892516,0.9869160554846939,100352
bayesfl_observability_v1,ola_sparse_bayesian_keep010_seed42,75,ola,global,,,layers.0.weight,raw,39,0.002469951201268039,0.0025332827703851224,0.002501616985826581,183,28.794186222145125,0.9887396364795918,100352
bayesfl_observability_v1,ola_sparse_bayesian_keep010_seed42,75,ola,global,,,layers.0.weight,raw,40,0.0025332827703851224,0.0025966143395022064,0.0025649485549436644,175,27.53542398292548,0.9904834980867347,100352
bayesfl_observability_v1,ola_sparse_bayesian_keep010_seed42,75,ola,global,,,layers.0.weight,raw,41,0.0025966143395022064,0.00265994590861929,0.002628280124060748,115,18.094707188779726,0.9916294642857143,100352
bayesfl_observability_v1,ola_sparse_bayesian_keep010_seed42,75,ola,global,,,layers.0.weight,raw,42,0.00265994590861929,0.0027232774777363735,0.002691611693177832,122,19.19612414809675,0.9928451849489796,100352
bayesfl_observability_v1,ola_sparse_bayesian_keep010_seed42,75,ola,global,,,layers.0.weight,raw,43,0.0027232774777363735,0.0027866090468534575,0.0027549432622949155,115,18.0947071887796,0.9939911511479592,100352
bayesfl_observability_v1,ola_sparse_bayesian_keep010_seed42,75,ola,global,,,layers.0.weight,raw,44,0.0027866090468534575,0.002849940615970541,0.002818274831411999,90,14.161075191218915,0.9948879942602041,100352
bayesfl_observability_v1,ola_sparse_bayesian_keep010_seed42,75,ola,global,,,layers.0.weight,raw,45,0.002849940615970541,0.002913272185087625,0.002881606400529083,82,12.902312951999367,0.9957051179846939,100352
bayesfl_observability_v1,ola_sparse_bayesian_keep010_seed42,75,ola,global,,,layers.0.weight,raw,46,0.002913272185087625,0.0029766037542047086,0.002944937969646167,71,11.171514873072699,0.9964126275510204,100352
bayesfl_observability_v1,ola_sparse_bayesian_keep010_seed42,75,ola,global,,,layers.0.weight,raw,47,0.0029766037542047086,0.0030399353233217926,0.0030082695387632506,62,9.75540735395074,0.9970304528061225,100352
bayesfl_observability_v1,ola_sparse_bayesian_keep010_seed42,75,ola,global,,,layers.0.weight,raw,48,0.0030399353233217926,0.003103266892438876,0.003071601107880334,48,7.552573435316755,0.9975087691326531,100352
bayesfl_observability_v1,ola_sparse_bayesian_keep010_seed42,75,ola,global,,,layers.0.weight,raw,49,0.003103266892438876,0.0031665984615559598,0.003134932676997418,46,7.23788287551189,0.9979671556122449,100352
bayesfl_observability_v1,ola_sparse_bayesian_keep010_seed42,75,ola,global,,,layers.0.weight,raw,50,0.0031665984615559598,0.0032299300306730437,0.0031982642461145017,31,4.87770367697537,0.9982760682397959,100352
bayesfl_observability_v1,ola_sparse_bayesian_keep010_seed42,75,ola,global,,,layers.0.weight,raw,51,0.0032299300306730437,0.0032932615997901273,0.0032615958152315853,29,4.563013117170539,0.9985650510204082,100352
bayesfl_observability_v1,ola_sparse_bayesian_keep010_seed42,75,ola,global,,,layers.0.weight,raw,52,0.0032932615997901273,0.0033565931689072113,0.0033249273843486693,19,2.9895603181461947,0.9987543845663265,100352
bayesfl_observability_v1,ola_sparse_bayesian_keep010_seed42,75,ola,global,,,layers.0.weight,raw,53,0.0033565931689072113,0.003419924738024295,0.0033882589534657533,19,2.989560318146215,0.9989437181122449,100352
bayesfl_observability_v1,ola_sparse_bayesian_keep010_seed42,75,ola,global,,,layers.0.weight,raw,54,0.003419924738024295,0.0034832563071413784,0.0034515905225828364,12,1.8881433588291887,0.9990632971938775,100352
bayesfl_observability_v1,ola_sparse_bayesian_keep010_seed42,75,ola,global,,,layers.0.weight,raw,55,0.0034832563071413784,0.0035465878762584624,0.0035149220916999204,14,2.202833918634038,0.9992028061224489,100352
bayesfl_observability_v1,ola_sparse_bayesian_keep010_seed42,75,ola,global,,,layers.0.weight,raw,56,0.0035465878762584624,0.003609919445375546,0.0035782536608170044,7,1.1014169593170267,0.9992725605867347,100352
bayesfl_observability_v1,ola_sparse_bayesian_keep010_seed42,75,ola,global,,,layers.0.weight,raw,57,0.003609919445375546,0.00367325101449263,0.003641585229934088,10,1.573452799024313,0.9993722098214286,100352
bayesfl_observability_v1,ola_sparse_bayesian_keep010_seed42,75,ola,global,,,layers.0.weight,raw,58,0.00367325101449263,0.0037365825836097135,0.0037049167990511715,7,1.1014169593170267,0.9994419642857143,100352
bayesfl_observability_v1,ola_sparse_bayesian_keep010_seed42,75,ola,global,,,layers.0.weight,raw,59,0.0037365825836097135,0.003799914152726797,0.0037682483681682555,9,1.4161075191218915,0.9995316485969388,100352
bayesfl_observability_v1,ola_sparse_bayesian_keep010_seed42,75,ola,global,,,layers.0.weight,raw,60,0.003799914152726797,0.003863245721843881,0.003831579937285339,4,0.6293811196097252,0.9995715082908163,100352
bayesfl_observability_v1,ola_sparse_bayesian_keep010_seed42,75,ola,global,,,layers.0.weight,raw,61,0.003863245721843881,0.003926577290960965,0.003894911506402423,6,0.9440716794145878,0.9996312978316326,100352
bayesfl_observability_v1,ola_sparse_bayesian_keep010_seed42,75,ola,global,,,layers.0.weight,raw,62,0.003926577290960965,0.003989908860078048,0.003958243075519507,3,0.4720358397073004,0.9996611926020408,100352
bayesfl_observability_v1,ola_sparse_bayesian_keep010_seed42,75,ola,global,,,layers.0.weight,raw,63,0.003989908860078048,0.004053240429195132,0.004021574644636591,7,1.101416959317019,0.9997309470663265,100352
bayesfl_observability_v1,ola_sparse_bayesian_keep010_seed42,75,ola,global,,,layers.0.weight,raw,64,0.004053240429195132,0.004116571998312216,0.004084906213753674,3,0.4720358397072939,0.9997608418367347,100352
bayesfl_observability_v1,ola_sparse_bayesian_keep010_seed42,75,ola,global,,,layers.0.weight,raw,65,0.004116571998312216,0.004179903567429299,0.004148237782870758,5,0.7867263995121673,0.9998106664540817,100352
bayesfl_observability_v1,ola_sparse_bayesian_keep010_seed42,75,ola,global,,,layers.0.weight,raw,66,0.004179903567429299,0.004243235136546383,0.004211569351987842,6,0.9440716794145878,0.999870455994898,100352
bayesfl_observability_v1,ola_sparse_bayesian_keep010_seed42,75,ola,global,,,layers.0.weight,raw,67,0.004243235136546383,0.004306566705663467,0.004274900921104925,3,0.4720358397072939,0.9999003507653061,100352
bayesfl_observability_v1,ola_sparse_bayesian_keep010_seed42,75,ola,global,,,layers.0.weight,raw,68,0.004306566705663467,0.004369898274780551,0.00433823249022201,2,0.3146905598048626,0.9999202806122449,100352
bayesfl_observability_v1,ola_sparse_bayesian_keep010_seed42,75,ola,global,,,layers.0.weight,raw,69,0.004369898274780551,0.004433229843897634,0.004401564059339093,1,0.15734527990243347,0.9999302455357143,100352
bayesfl_observability_v1,ola_sparse_bayesian_keep010_seed42,75,ola,global,,,layers.0.weight,raw,70,0.004433229843897634,0.004496561413014718,0.004464895628456176,1,0.1573452799024313,0.9999402104591837,100352
bayesfl_observability_v1,ola_sparse_bayesian_keep010_seed42,75,ola,global,,,layers.0.weight,raw,71,0.004496561413014718,0.004559892982131802,0.004528227197573261,0,0.0,0.9999402104591837,100352
bayesfl_observability_v1,ola_sparse_bayesian_keep010_seed42,75,ola,global,,,layers.0.weight,raw,72,0.004559892982131802,0.0046232245512488855,0.004591558766690344,2,0.31469055980486693,0.9999601403061225,100352
bayesfl_observability_v1,ola_sparse_bayesian_keep010_seed42,75,ola,global,,,layers.0.weight,raw,73,0.0046232245512488855,0.0046865561203659695,0.004654890335807427,1,0.1573452799024313,0.9999701052295918,100352
bayesfl_observability_v1,ola_sparse_bayesian_keep010_seed42,75,ola,global,,,layers.0.weight,raw,74,0.0046865561203659695,0.0047498876894830535,0.004718221904924512,0,0.0,0.9999701052295918,100352
bayesfl_observability_v1,ola_sparse_bayesian_keep010_seed42,75,ola,global,,,layers.0.weight,raw,75,0.0047498876894830535,0.004813219258600137,0.004781553474041595,0,0.0,0.9999701052295918,100352
bayesfl_observability_v1,ola_sparse_bayesian_keep010_seed42,75,ola,global,,,layers.0.weight,raw,76,0.004813219258600137,0.004876550827717221,0.004844885043158678,1,0.1573452799024313,0.9999800701530612,100352
bayesfl_observability_v1,ola_sparse_bayesian_keep010_seed42,75,ola,global,,,layers.0.weight,raw,77,0.004876550827717221,0.004939882396834305,0.004908216612275763,1,0.1573452799024313,0.9999900350765306,100352
bayesfl_observability_v1,ola_sparse_bayesian_keep010_seed42,75,ola,global,,,layers.0.weight,raw,78,0.004939882396834305,0.005003213965951389,0.004971548181392846,0,0.0,0.9999900350765306,100352
bayesfl_observability_v1,ola_sparse_bayesian_keep010_seed42,75,ola,global,,,layers.0.weight,raw,79,0.005003213965951389,0.005066545535068472,0.00503487975050993,1,0.15734527990243347,1.0,100352
bayesfl_observability_v1,ola_sparse_bayesian_keep010_seed42,75,ola,global,,,layers.0.weight,db,0,-153.97649003110982,-152.62560591815378,-153.30104797463179,1,7.376593871980819e-06,9.964923469387754e-06,100352
bayesfl_observability_v1,ola_sparse_bayesian_keep010_seed42,75,ola,global,,,layers.0.weight,db,1,-152.62560591815378,-151.27472180519774,-151.95016386167578,1,7.376593871980819e-06,1.992984693877551e-05,100352
bayesfl_observability_v1,ola_sparse_bayesian_keep010_seed42,75,ola,global,,,layers.0.weight,db,2,-151.27472180519774,-149.92383769224168,-150.5992797487197,1,7.376593871980664e-06,2.9894770408163265e-05,100352
bayesfl_observability_v1,ola_sparse_bayesian_keep010_seed42,75,ola,global,,,layers.0.weight,db,3,-149.92383769224168,-148.57295357928564,-149.24839563576364,0,0.0,2.9894770408163265e-05,100352
bayesfl_observability_v1,ola_sparse_bayesian_keep010_seed42,75,ola,global,,,layers.0.weight,db,4,-148.57295357928564,-147.2220694663296,-147.89751152280763,2,1.4753187743961639e-05,4.982461734693878e-05,100352
bayesfl_observability_v1,ola_sparse_bayesian_keep010_seed42,75,ola,global,,,layers.0.weight,db,5,-147.2220694663296,-145.87118535337356,-146.54662740985157,0,0.0,4.982461734693878e-05,100352
bayesfl_observability_v1,ola_sparse_bayesian_keep010_seed42,75,ola,global,,,layers.0.weight,db,6,-145.87118535337356,-144.52030124041752,-145.19574329689556,1,7.376593871980819e-06,5.978954081632653e-05,100352
bayesfl_observability_v1,ola_sparse_bayesian_keep010_seed42,75,ola,global,,,layers.0.weight,db,7,-144.52030124041752,-143.1694171274615,-143.8448591839395,0,0.0,5.978954081632653e-05,100352
bayesfl_observability_v1,ola_sparse_bayesian_keep010_seed42,75,ola,global,,,layers.0.weight,db,8,-143.1694171274615,-141.81853301450542,-142.49397507098345,0,0.0,5.978954081632653e-05,100352
bayesfl_observability_v1,ola_sparse_bayesian_keep010_seed42,75,ola,global,,,layers.0.weight,db,9,-141.81853301450542,-140.46764890154938,-141.14309095802741,0,0.0,5.978954081632653e-05,100352
bayesfl_observability_v1,ola_sparse_bayesian_keep010_seed42,75,ola,global,,,layers.0.weight,db,10,-140.46764890154938,-139.11676478859334,-139.79220684507135,1,7.376593871980819e-06,6.975446428571428e-05,100352
bayesfl_observability_v1,ola_sparse_bayesian_keep010_seed42,75,ola,global,,,layers.0.weight,db,11,-139.11676478859334,-137.7658806756373,-138.44132273211534,1,7.376593871980819e-06,7.971938775510203e-05,100352
bayesfl_observability_v1,ola_sparse_bayesian_keep010_seed42,75,ola,global,,,layers.0.weight,db,12,-137.7658806756373,-136.41499656268127,-137.09043861915927,3,2.2129781615942458e-05,0.0001096141581632653,100352
bayesfl_observability_v1,ola_sparse_bayesian_keep010_seed42,75,ola,global,,,layers.0.weight,db,13,-136.41499656268127,-135.0641124497252,-135.73955450620323,1,7.376593871980664e-06,0.00011957908163265306,100352
bayesfl_observability_v1,ola_sparse_bayesian_keep010_seed42,75,ola,global,,,layers.0.weight,db,14,-135.0641124497252,-133.71322833676916,-134.3886703932472,1,7.376593871980819e-06,0.00012954400510204082,100352
bayesfl_observability_v1,ola_sparse_bayesian_keep010_seed42,75,ola,global,,,layers.0.weight,db,15,-133.71322833676916,-132.36234422381312,-133.03778628029113,3,2.2129781615942458e-05,0.00015943877551020407,100352
bayesfl_observability_v1,ola_sparse_bayesian_keep010_seed42,75,ola,global,,,layers.0.weight,db,16,-132.36234422381312,-131.0114601108571,-131.68690216733512,6,4.4259563231884916e-05,0.0002192283163265306,100352
bayesfl_observability_v1,ola_sparse_bayesian_keep010_seed42,75,ola,global,,,layers.0.weight,db,17,-131.0114601108571,-129.66057599790105,-130.33601805437905,5,3.68829693599041e-05,0.00026905293367346936,100352
bayesfl_observability_v1,ola_sparse_bayesian_keep010_seed42,75,ola,global,,,layers.0.weight,db,18,-129.66057599790105,-128.309691884945,-128.98513394142304,1,7.376593871980819e-06,0.00027901785714285713,100352
bayesfl_observability_v1,ola_sparse_bayesian_keep010_seed42,75,ola,global,,,layers.0.weight,db,19,-128.309691884945,-126.95880777198896,-127.63424982846698,2,1.4753187743961483e-05,0.00029894770408163266,100352
bayesfl_observability_v1,ola_sparse_bayesian_keep010_seed42,75,ola,global,,,layers.0.weight,db,20,-126.95880777198896,-125.6079236590329,-126.28336571551094,8,5.901275097584593e-05,0.0003786670918367347,100352
bayesfl_observability_v1,ola_sparse_bayesian_keep010_seed42,75,ola,global,,,layers.0.weight,db,21,-125.6079236590329,-124.25703954607687,-124.93248160255489,10,7.37659387198082e-05,0.00047831632653061223,100352
bayesfl_observability_v1,ola_sparse_bayesian_keep010_seed42,75,ola,global,,,layers.0.weight,db,22,-124.25703954607687,-122.90615543312083,-123.58159748959885,6,4.4259563231884916e-05,0.0005381058673469387,100352
bayesfl_observability_v1,ola_sparse_bayesian_keep010_seed42,75,ola,global,,,layers.0.weight,db,23,-122.90615543312083,-121.55527132016479,-122.23071337664281,6,4.4259563231884916e-05,0.0005978954081632653,100352
bayesfl_observability_v1,ola_sparse_bayesian_keep010_seed42,75,ola,global,,,layers.0.weight,db,24,-121.55527132016479,-120.20438720720874,-120.87982926368676,6,4.425956323188445e-05,0.0006576849489795918,100352
bayesfl_observability_v1,ola_sparse_bayesian_keep010_seed42,75,ola,global,,,layers.0.weight,db,25,-120.20438720720874,-118.85350309425269,-119.52894515073072,12,8.85191264637689e-05,0.0007772640306122449,100352
bayesfl_observability_v1,ola_sparse_bayesian_keep010_seed42,75,ola,global,,,layers.0.weight,db,26,-118.85350309425269,-117.50261898129665,-118.17806103777467,13,9.589572033575065e-05,0.0009068080357142857,100352
bayesfl_observability_v1,ola_sparse_bayesian_keep010_seed42,75,ola,global,,,layers.0.weight,db,27,-117.50261898129665,-116.15173486834061,-116.82717692481863,14,0.00010327231420773147,0.0010463169642857143,100352
bayesfl_observability_v1,ola_sparse_bayesian_keep010_seed42,75,ola,global,,,layers.0.weight,db,28,-116.15173486834061,-114.80085075538457,-115.47629281186259,20,0.0001475318774396164,0.0012456154336734694,100352
bayesfl_observability_v1,ola_sparse_bayesian_keep010_seed42,75,ola,global,,,layers.0.weight,db,29,-114.80085075538457,-113.44996664242852,-114.12540869890654,24,0.0001770382529275378,0.0014847735969387755,100352
bayesfl_observability_v1,ola_sparse_bayesian_keep010_seed42,75,ola,global,,,layers.0.weight,db,30,-113.44996664242852,-112.09908252947248,-112.7745245859505,29,0.00021392122228744377,0.0017737563775510204,100352
bayesfl_observability_v1,ola_sparse_bayesian_keep010_seed42,75,ola,global,,,layers.0.weight,db,31,-112.09908252947248,-110.74819841651643,-111.42364047299446,31,0.00022867441003140298,0.002082669005102041,100352
bayesfl_observability_v1,ola_sparse_bayesian_keep010_seed42,75,ola,global,,,layers.0.weight,db,32,-110.74819841651643,-109.39731430356039,-110.07275636003841,33,0.00024342759777536705,0.0024115114795918366,100352
bayesfl_observability_v1,ola_sparse_bayesian_keep010_seed42,75,ola,global,,,layers.0.weight,db,33,-109.39731430356039,-108.04643019060435,-108.72187224708237,36,0.00026555737939130947,0.0027702487244897957,100352
bayesfl_observability_v1,ola_sparse_bayesian_keep010_seed42,75,ola,global,,,layers.0.weight,db,34,-108.04643019060435,-106.69554607764832,-107.37098813412634,61,0.00044997222619083,0.003378109056122449,100352
bayesfl_observability_v1,ola_sparse_bayesian_keep010_seed42,75,ola,global,,,layers.0.weight,db,35,-106.69554607764832,-105.34466196469226,-106.02010402117028,54,0.00039833606908696006,0.003916214923469388,100352
bayesfl_observability_v1,ola_sparse_bayesian_keep010_seed42,75,ola,global,,,layers.0.weight,db,36,-105.34466196469226,-103.99377785173621,-104.66921990821425,77,0.0005679977281425171,0.004683514030612245,100352
bayesfl_observability_v1,ola_sparse_bayesian_keep010_seed42,75,ola,global,,,layers.0.weight,db,37,-103.99377785173621,-102.64289373878017,-103.31833579525819,82,0.0006048806975024271,0.005500637755102041,100352
bayesfl_observability_v1,ola_sparse_bayesian_keep010_seed42,75,ola,global,,,layers.0.weight,db,38,-102.64289373878017,-101.29200962582414,-101.96745168230215,93,0.0006860232300942162,0.006427375637755102,100352
bayesfl_observability_v1,ola_sparse_bayesian_keep010_seed42,75,ola,global,,,layers.0.weight,db,39,-101.29200962582414,-99.9411255128681,-100.61656756934612,109,0.0008040487320459093,0.007513552295918368,100352
bayesfl_observability_v1,ola_sparse_bayesian_keep010_seed42,75,ola,global,,,layers.0.weight,db,40,-99.9411255128681,-98.59024139991206,-99.26568345639008,103,0.0007597891688140244,0.008539939413265306,100352
bayesfl_observability_v1,ola_sparse_bayesian_keep010_seed42,75,ola,global,,,layers.0.weight,db,41,-98.59024139991206,-97.23935728695601,-97.91479934343403,136,0.0010032167665893809,0.00989516900510204,100352
bayesfl_observability_v1,ola_sparse_bayesian_keep010_seed42,75,ola,global,,,layers.0.weight,db,42,-97.23935728695601,-95.88847317399996,-96.56391523047799,187,0.0013794230540603986,0.01175860969387755,100352
bayesfl_observability_v1,ola_sparse_bayesian_keep010_seed42,75,ola,global,,,layers.0.weight,db,43,-95.88847317399996,-94.53758906104392,-95.21303111752194,200,0.001475318774396164,0.013751594387755101,100352
bayesfl_observability_v1,ola_sparse_bayesian_keep010_seed42,75,ola,global,,,layers.0.weight,db,44,-94.53758906104392,-93.18670494808788,-93.8621470045659,235,0.0017334995599154926,0.016093351403061226,100352
bayesfl_observability_v1,ola_sparse_bayesian_keep010_seed42,75,ola,global,,,layers.0.weight,db,45,-93.18670494808788,-91.83582083513184,-92.51126289160986,267,0.0019695505638188788,0.018753985969387755,100352
bayesfl_observability_v1,ola_sparse_bayesian_keep010_seed42,75,ola,global,,,layers.0.weight,db,46,-91.83582083513184,-90.48493672217579,-91.16037877865381,299,0.002205601567722242,0.021733498086734693,100352
bayesfl_observability_v1,ola_sparse_bayesian_keep010_seed42,75,ola,global,,,layers.0.weight,db,47,-90.48493672217579,-89.13405260921975,-89.80949466569777,363,0.002677703575529037,0.025350765306122448,100352
bayesfl_observability_v1,ola_sparse_bayesian_keep010_seed42,75,ola,global,,,layers.0.weight,db,48,-89.13405260921975,-87.7831684962637,-88.45861055274173,407,0.003002273705896162,0.029406489158163265,100352
bayesfl_observability_v1,ola_sparse_bayesian_keep010_seed42,75,ola,global,,,layers.0.weight,db,49,-87.7831684962637,-86.43228438330766,-87.10772643978568,477,0.003518635276934851,0.03415975765306122,100352
bayesfl_observability_v1,ola_sparse_bayesian_keep010_seed42,75,ola,global,,,layers.0.weight,db,50,-86.43228438330766,-85.08140027035162,-85.75684232682964,542,0.003998113878613604,0.039560746173469385,100352
bayesfl_observability_v1,ola_sparse_bayesian_keep010_seed42,75,ola,global,,,layers.0.weight,db,51,-85.08140027035162,-83.73051615739557,-84.40595821387359,661,0.00487592854937927,0.04614756058673469,100352
bayesfl_observability_v1,ola_sparse_bayesian_keep010_seed42,75,ola,global,,,layers.0.weight,db,52,-83.73051615739557,-82.37963204443953,-83.05507410091755,730,0.005384913526545998,0.05342195471938776,100352
bayesfl_observability_v1,ola_sparse_bayesian_keep010_seed42,75,ola,global,,,layers.0.weight,db,53,-82.37963204443953,-81.0287479314835,-81.70418998796151,931,0.006867608894814143,0.06269929846938775,100352
bayesfl_observability_v1,ola_sparse_bayesian_keep010_seed42,75,ola,global,,,layers.0.weight,db,54,-81.0287479314835,-79.67786381852744,-80.35330587500547,1024,0.007553632124908279,0.07290338010204081,100352
bayesfl_observability_v1,ola_sparse_bayesian_keep010_seed42,75,ola,global,,,layers.0.weight,db,55,-79.67786381852744,-78.3269797055714,-79.00242176204942,1239,0.009139599807384236,0.08524992028061225,100352
bayesfl_observability_v1,ola_sparse_bayesian_keep010_seed42,75,ola,global,,,layers.0.weight,db,56,-78.3269797055714,-76.97609559261537,-77.65153764909338,1425,0.010511646267572667,0.09944993622448979,100352
bayesfl_observability_v1,ola_sparse_bayesian_keep010_seed42,75,ola,global,,,layers.0.weight,db,57,-76.97609559261537,-75.62521147965931,-76.30065353613733,1662,0.012259899015231992,0.11601163903061225,100352
bayesfl_observability_v1,ola_sparse_bayesian_keep010_seed42,75,ola,global,,,layers.0.weight,db,58,-75.62521147965931,-74.27432736670328,-74.9497694231813,2012,0.014841706870425408,0.13606106505102042,100352
bayesfl_observability_v1,ola_sparse_bayesian_keep010_seed42,75,ola,global,,,layers.0.weight,db,59,-74.27432736670328,-72.92344325374722,-73.59888531022526,2292,0.01690715315457986,0.15890066964285715,100352
bayesfl_observability_v1,ola_sparse_bayesian_keep010_seed42,75,ola,global,,,layers.0.weight,db,60,-72.92344325374722,-71.57255914079118,-72.2480011972692,2716,0.020034828956299905,0.18596540178571427,100352
bayesfl_observability_v1,ola_sparse_bayesian_keep010_seed42,75,ola,global,,,layers.0.weight,db,61,-71.57255914079118,-70.22167502783515,-70.89711708431317,3086,0.022764168688932808,0.2167171556122449,100352
bayesfl_observability_v1,ola_sparse_bayesian_keep010_seed42,75,ola,global,,,layers.0.weight,db,62,-70.22167502783515,-68.8707909148791,-69.54623297135711,3642,0.02686555488175386,0.2530094068877551,100352
bayesfl_observability_v1,ola_sparse_bayesian_keep010_seed42,75,ola,global,,,layers.0.weight,db,63,-68.8707909148791,-67.51990680192306,-68.19534885840108,4365,0.032198832251196276,0.2965062978316326,100352
bayesfl_observability_v1,ola_sparse_bayesian_keep010_seed42,75,ola,global,,,layers.0.weight,db,64,-67.51990680192306,-66.16902268896702,-66.84446474544504,5097,0.037598498965486234,0.34729751275510207,100352
bayesfl_observability_v1,ola_sparse_bayesian_keep010_seed42,75,ola,global,,,layers.0.weight,db,65,-66.16902268896702,-64.81813857601097,-65.493580632489,5850,0.04315307415108734,0.4055923150510204,100352
bayesfl_observability_v1,ola_sparse_bayesian_keep010_seed42,75,ola,global,,,layers.0.weight,db,66,-64.81813857601097,-63.46725446305493,-64.14269651953295,6878,0.05073621265148408,0.4741310586734694,100352
bayesfl_observability_v1,ola_sparse_bayesian_keep010_seed42,75,ola,global,,,layers.0.weight,db,67,-63.46725446305493,-62.11637035009889,-62.79181240657691,7815,0.057648081109530104,0.5520069355867347,100352
bayesfl_observability_v1,ola_sparse_bayesian_keep010_seed42,75,ola,global,,,layers.0.weight,db,68,-62.11637035009889,-60.76548623714284,-61.440928293620864,9025,0.0665737596946262,0.6419403698979592,100352
bayesfl_observability_v1,ola_sparse_bayesian_keep010_seed42,75,ola,global,,,layers.0.weight,db,69,-60.76548623714284,-59.4146021241868,-60.09004418066482,10640,0.07848695879787591,0.7479671556122449,100352
bayesfl_observability_v1,ola_sparse_bayesian_keep010_seed42,75,ola,global,,,layers.0.weight,db,70,-59.4146021241868,-58.06371801123075,-58.739160067708774,8136,0.06001596774243531,0.8290417729591837,100352
bayesfl_observability_v1,ola_sparse_bayesian_keep010_seed42,75,ola,global,,,layers.0.weight,db,71,-58.06371801123075,-56.71283389827471,-57.38827595475273,5138,0.03790093931423745,0.880241549744898,100352
bayesfl_observability_v1,ola_sparse_bayesian_keep010_seed42,75,ola,global,,,layers.0.weight,db,72,-56.71283389827471,-55.36194978531867,-56.03739184179669,4444,0.03278158316708276,0.9245256696428571,100352
bayesfl_observability_v1,ola_sparse_bayesian_keep010_seed42,75,ola,global,,,layers.0.weight,db,73,-55.36194978531867,-54.01106567236262,-54.686507728840645,3408,0.02513943191571037,0.9584861288265306,100352
bayesfl_observability_v1,ola_sparse_bayesian_keep010_seed42,75,ola,global,,,layers.0.weight,db,74,-54.01106567236262,-52.66018155940658,-53.3356236158846,2284,0.016848140403604193,0.9812460140306123,100352
bayesfl_observability_v1,ola_sparse_bayesian_keep010_seed42,75,ola,global,,,layers.0.weight,db,75,-52.66018155940658,-51.30929744645054,-51.98473950292856,1159,0.00854947229762577,0.9927953603316326,100352
bayesfl_observability_v1,ola_sparse_bayesian_keep010_seed42,75,ola,global,,,layers.0.weight,db,76,-51.30929744645054,-49.95841333349449,-50.63385538997252,527,0.003887464970533851,0.998046875,100352
bayesfl_observability_v1,ola_sparse_bayesian_keep010_seed42,75,ola,global,,,layers.0.weight,db,77,-49.95841333349449,-48.60752922053845,-49.28297127701647,137,0.0010105933604613723,0.9994120695153061,100352
bayesfl_observability_v1,ola_sparse_bayesian_keep010_seed42,75,ola,global,,,layers.0.weight,db,78,-48.60752922053845,-47.256645107582415,-47.932087164060434,51,0.0003762062874710218,0.9999202806122449,100352
bayesfl_observability_v1,ola_sparse_bayesian_keep010_seed42,75,ola,global,,,layers.0.weight,db,79,-47.256645107582415,-45.90576099462636,-46.58120305110439,8,5.901275097584593e-05,1.0,100352
bayesfl_observability_v1,ola_sparse_bayesian_keep010_seed42,75,ola,global,,,layers.0.bias,raw,0,8.020214628369947e-06,5.44837684578215e-05,3.125199154309572e-05,4,672.5701635889884,0.03125,128
bayesfl_observability_v1,ola_sparse_bayesian_keep010_seed42,75,ola,global,,,layers.0.bias,raw,1,5.44837684578215e-05,0.00010094732228727305,7.771554537254728e-05,5,840.7127044862356,0.0703125,128
bayesfl_observability_v1,ola_sparse_bayesian_keep010_seed42,75,ola,global,,,layers.0.bias,raw,2,0.00010094732228727305,0.0001474108761167246,0.00012417909920199883,2,336.2850817944942,0.0859375,128
bayesfl_observability_v1,ola_sparse_bayesian_keep010_seed42,75,ola,global,,,layers.0.bias,raw,3,0.0001474108761167246,0.00019387442994617615,0.00017064265303145038,5,840.7127044862357,0.125,128
bayesfl_observability_v1,ola_sparse_bayesian_keep010_seed42,75,ola,global,,,layers.0.bias,raw,4,0.00019387442994617615,0.0002403379837756277,0.00021710620686090192,7,1176.99778628073,0.1796875,128
bayesfl_observability_v1,ola_sparse_bayesian_keep010_seed42,75,ola,global,,,layers.0.bias,raw,5,0.0002403379837756277,0.00028680153760507926,0.0002635697606903535,9,1513.2828680752234,0.25,128
bayesfl_observability_v1,ola_sparse_bayesian_keep010_seed42,75,ola,global,,,layers.0.bias,raw,6,0.00028680153760507926,0.0003332650914345308,0.00031003331451980503,5,840.7127044862357,0.2890625,128
bayesfl_observability_v1,ola_sparse_bayesian_keep010_seed42,75,ola,global,,,layers.0.bias,raw,7,0.0003332650914345308,0.00037972864526398235,0.0003564968683492566,2,336.28508179449426,0.3046875,128
bayesfl_observability_v1,ola_sparse_bayesian_keep010_seed42,75,ola,global,,,layers.0.bias,raw,8,0.00037972864526398235,0.0004261921990934339,0.0004029604221787081,5,840.7127044862357,0.34375,128
bayesfl_observability_v1,ola_sparse_bayesian_keep010_seed42,75,ola,global,,,layers.0.bias,raw,9,0.0004261921990934339,0.00047265575292288544,0.00044942397600815966,3,504.4276226917414,0.3671875,128
bayesfl_observability_v1,ola_sparse_bayesian_keep010_seed42,75,ola,global,,,layers.0.bias,raw,10,0.00047265575292288544,0.000519119306752337,0.0004958875298376113,1,168.14254089724693,0.375,128
bayesfl_observability_v1,ola_sparse_bayesian_keep010_seed42,75,ola,global,,,layers.0.bias,raw,11,0.000519119306752337,0.0005655828605817886,0.0005423510836670628,5,840.7127044862357,0.4140625,128
bayesfl_observability_v1,ola_sparse_bayesian_keep010_seed42,75,ola,global,,,layers.0.bias,raw,12,0.0005655828605817886,0.0006120464144112401,0.0005888146374965143,2,336.28508179449426,0.4296875,128
bayesfl_observability_v1,ola_sparse_bayesian_keep010_seed42,75,ola,global,,,layers.0.bias,raw,13,0.0006120464144112401,0.0006585099682406917,0.0006352781913259659,4,672.5701635889885,0.4609375,128
bayesfl_observability_v1,ola_sparse_bayesian_keep010_seed42,75,ola,global,,,layers.0.bias,raw,14,0.0006585099682406917,0.0007049735220701432,0.0006817417451554174,3,504.4276226917414,0.484375,128
bayesfl_observability_v1,ola_sparse_bayesian_keep010_seed42,75,ola,global,,,layers.0.bias,raw,15,0.0007049735220701432,0.0007514370758995948,0.000728205298984869,1,168.14254089724713,0.4921875,128
bayesfl_observability_v1,ola_sparse_bayesian_keep010_seed42,75,ola,global,,,layers.0.bias,raw,16,0.0007514370758995948,0.0007979006297290463,0.0007746688528143205,2,336.28508179449426,0.5078125,128
bayesfl_observability_v1,ola_sparse_bayesian_keep010_seed42,75,ola,global,,,layers.0.bias,raw,17,0.0007979006297290463,0.0008443641835584978,0.0008211324066437721,6,1008.8552453834828,0.5546875,128
bayesfl_observability_v1,ola_sparse_bayesian_keep010_seed42,75,ola,global,,,layers.0.bias,raw,18,0.0008443641835584978,0.0008908277373879494,0.0008675959604732236,2,336.28508179449426,0.5703125,128
bayesfl_observability_v1,ola_sparse_bayesian_keep010_seed42,75,ola,global,,,layers.0.bias,raw,19,0.0008908277373879494,0.0009372912912174009,0.0009140595143026752,4,672.5701635889885,0.6015625,128
bayesfl_observability_v1,ola_sparse_bayesian_keep010_seed42,75,ola,global,,,layers.0.bias,raw,20,0.0009372912912174009,0.0009837548450468525,0.0009605230681321267,5,840.7127044862357,0.640625,128
bayesfl_observability_v1,ola_sparse_bayesian_keep010_seed42,75,ola,global,,,layers.0.bias,raw,21,0.0009837548450468525,0.001030218398876304,0.0010069866219615782,3,504.4276226917414,0.6640625,128
bayesfl_observability_v1,ola_sparse_bayesian_keep010_seed42,75,ola,global,,,layers.0.bias,raw,22,0.001030218398876304,0.0010766819527057556,0.0010534501757910298,2,336.28508179449426,0.6796875,128
bayesfl_observability_v1,ola_sparse_bayesian_keep010_seed42,75,ola,global,,,layers.0.bias,raw,23,0.0010766819527057556,0.001123145506535207,0.0010999137296204813,4,672.5701635889885,0.7109375,128
bayesfl_observability_v1,ola_sparse_bayesian_keep010_seed42,75,ola,global,,,layers.0.bias,raw,24,0.001123145506535207,0.0011696090603646586,0.0011463772834499329,2,336.28508179449426,0.7265625,128
bayesfl_observability_v1,ola_sparse_bayesian_keep010_seed42,75,ola,global,,,layers.0.bias,raw,25,0.0011696090603646586,0.0012160726141941102,0.0011928408372793844,1,168.14254089724713,0.734375,128
bayesfl_observability_v1,ola_sparse_bayesian_keep010_seed42,75,ola,global,,,layers.0.bias,raw,26,0.0012160726141941102,0.0012625361680235617,0.001239304391108836,1,168.14254089724713,0.7421875,128
bayesfl_observability_v1,ola_sparse_bayesian_keep010_seed42,75,ola,global,,,layers.0.bias,raw,27,0.0012625361680235617,0.0013089997218530133,0.0012857679449382875,0,0.0,0.7421875,128
bayesfl_observability_v1,ola_sparse_bayesian_keep010_seed42,75,ola,global,,,layers.0.bias,raw,28,0.0013089997218530133,0.0013554632756824648,0.001332231498767739,7,1176.99778628073,0.796875,128
bayesfl_observability_v1,ola_sparse_bayesian_keep010_seed42,75,ola,global,,,layers.0.bias,raw,29,0.0013554632756824648,0.0014019268295119164,0.0013786950525971906,2,336.28508179449426,0.8125,128
bayesfl_observability_v1,ola_sparse_bayesian_keep010_seed42,75,ola,global,,,layers.0.bias,raw,30,0.0014019268295119164,0.001448390383341368,0.0014251586064266421,1,168.14254089724713,0.8203125,128
bayesfl_observability_v1,ola_sparse_bayesian_keep010_seed42,75,ola,global,,,layers.0.bias,raw,31,0.001448390383341368,0.0014948539371708194,0.0014716221602560937,4,672.5701635889885,0.8515625,128
bayesfl_observability_v1,ola_sparse_bayesian_keep010_seed42,75,ola,global,,,layers.0.bias,raw,32,0.0014948539371708194,0.001541317491000271,0.0015180857140855452,2,336.28508179449426,0.8671875,128
bayesfl_observability_v1,ola_sparse_bayesian_keep010_seed42,75,ola,global,,,layers.0.bias,raw,33,0.001541317491000271,0.0015877810448297225,0.0015645492679149968,3,504.4276226917414,0.890625,128
bayesfl_observability_v1,ola_sparse_bayesian_keep010_seed42,75,ola,global,,,layers.0.bias,raw,34,0.0015877810448297225,0.001634244598659174,0.0016110128217444483,1,168.14254089724713,0.8984375,128
bayesfl_observability_v1,ola_sparse_bayesian_keep010_seed42,75,ola,global,,,layers.0.bias,raw,35,0.001634244598659174,0.0016807081524886256,0.0016574763755738998,0,0.0,0.8984375,128
bayesfl_observability_v1,ola_sparse_bayesian_keep010_seed42,75,ola,global,,,layers.0.bias,raw,36,0.0016807081524886256,0.0017271717063180772,0.0017039399294033514,1,168.14254089724713,0.90625,128
bayesfl_observability_v1,ola_sparse_bayesian_keep010_seed42,75,ola,global,,,layers.0.bias,raw,37,0.0017271717063180772,0.0017736352601475287,0.001750403483232803,0,0.0,0.90625,128
bayesfl_observability_v1,ola_sparse_bayesian_keep010_seed42,75,ola,global,,,layers.0.bias,raw,38,0.0017736352601475287,0.0018200988139769802,0.0017968670370622545,3,504.4276226917414,0.9296875,128
bayesfl_observability_v1,ola_sparse_bayesian_keep010_seed42,75,ola,global,,,layers.0.bias,raw,39,0.0018200988139769802,0.0018665623678064318,0.001843330590891706,1,168.14254089724713,0.9375,128
bayesfl_observability_v1,ola_sparse_bayesian_keep010_seed42,75,ola,global,,,layers.0.bias,raw,40,0.0018665623678064318,0.0019130259216358833,0.0018897941447211576,0,0.0,0.9375,128
bayesfl_observability_v1,ola_sparse_bayesian_keep010_seed42,75,ola,global,,,layers.0.bias,raw,41,0.0019130259216358833,0.001959489475465335,0.001936257698550609,1,168.14254089724636,0.9453125,128
bayesfl_observability_v1,ola_sparse_bayesian_keep010_seed42,75,ola,global,,,layers.0.bias,raw,42,0.001959489475465335,0.0020059530292947866,0.001982721252380061,1,168.14254089724713,0.953125,128
bayesfl_observability_v1,ola_sparse_bayesian_keep010_seed42,75,ola,global,,,layers.0.bias,raw,43,0.0020059530292947866,0.002052416583124238,0.002029184806209512,0,0.0,0.953125,128
bayesfl_observability_v1,ola_sparse_bayesian_keep010_seed42,75,ola,global,,,layers.0.bias,raw,44,0.002052416583124238,0.0020988801369536897,0.002075648360038964,1,168.14254089724713,0.9609375,128
bayesfl_observability_v1,ola_sparse_bayesian_keep010_seed42,75,ola,global,,,layers.0.bias,raw,45,0.0020988801369536897,0.0021453436907831413,0.0021221119138684153,2,336.28508179449426,0.9765625,128
bayesfl_observability_v1,ola_sparse_bayesian_keep010_seed42,75,ola,global,,,layers.0.bias,raw,46,0.0021453436907831413,0.002191807244612593,0.0021685754676978673,0,0.0,0.9765625,128
bayesfl_observability_v1,ola_sparse_bayesian_keep010_seed42,75,ola,global,,,layers.0.bias,raw,47,0.002191807244612593,0.0022382707984420444,0.0022150390215273184,0,0.0,0.9765625,128
bayesfl_observability_v1,ola_sparse_bayesian_keep010_seed42,75,ola,global,,,layers.0.bias,raw,48,0.0022382707984420444,0.002284734352271496,0.0022615025753567703,1,168.14254089724713,0.984375,128
bayesfl_observability_v1,ola_sparse_bayesian_keep010_seed42,75,ola,global,,,layers.0.bias,raw,49,0.002284734352271496,0.0023311979061009474,0.0023079661291862215,1,168.14254089724713,0.9921875,128
bayesfl_observability_v1,ola_sparse_bayesian_keep010_seed42,75,ola,global,,,layers.0.bias,raw,50,0.0023311979061009474,0.002377661459930399,0.0023544296830156734,0,0.0,0.9921875,128
bayesfl_observability_v1,ola_sparse_bayesian_keep010_seed42,75,ola,global,,,layers.0.bias,raw,51,0.002377661459930399,0.0024241250137598505,0.0024008932368451245,0,0.0,0.9921875,128
bayesfl_observability_v1,ola_sparse_bayesian_keep010_seed42,75,ola,global,,,layers.0.bias,raw,52,0.0024241250137598505,0.002470588567589302,0.0024473567906745765,0,0.0,0.9921875,128
bayesfl_observability_v1,ola_sparse_bayesian_keep010_seed42,75,ola,global,,,layers.0.bias,raw,53,0.002470588567589302,0.0025170521214187536,0.0024938203445040276,0,0.0,0.9921875,128
bayesfl_observability_v1,ola_sparse_bayesian_keep010_seed42,75,ola,global,,,layers.0.bias,raw,54,0.0025170521214187536,0.002563515675248205,0.0025402838983334796,0,0.0,0.9921875,128
bayesfl_observability_v1,ola_sparse_bayesian_keep010_seed42,75,ola,global,,,layers.0.bias,raw,55,0.002563515675248205,0.0026099792290776567,0.0025867474521629307,0,0.0,0.9921875,128
bayesfl_observability_v1,ola_sparse_bayesian_keep010_seed42,75,ola,global,,,layers.0.bias,raw,56,0.0026099792290776567,0.0026564427829071082,0.0026332110059923827,0,0.0,0.9921875,128
bayesfl_observability_v1,ola_sparse_bayesian_keep010_seed42,75,ola,global,,,layers.0.bias,raw,57,0.0026564427829071082,0.00270290633673656,0.002679674559821834,0,0.0,0.9921875,128
bayesfl_observability_v1,ola_sparse_bayesian_keep010_seed42,75,ola,global,,,layers.0.bias,raw,58,0.00270290633673656,0.0027493698905660113,0.0027261381136512858,0,0.0,0.9921875,128
bayesfl_observability_v1,ola_sparse_bayesian_keep010_seed42,75,ola,global,,,layers.0.bias,raw,59,0.0027493698905660113,0.002795833444395463,0.002772601667480737,0,0.0,0.9921875,128
bayesfl_observability_v1,ola_sparse_bayesian_keep010_seed42,75,ola,global,,,layers.0.bias,raw,60,0.002795833444395463,0.0028422969982249144,0.002819065221310189,0,0.0,0.9921875,128
bayesfl_observability_v1,ola_sparse_bayesian_keep010_seed42,75,ola,global,,,layers.0.bias,raw,61,0.0028422969982249144,0.002888760552054366,0.00286552877513964,0,0.0,0.9921875,128
bayesfl_observability_v1,ola_sparse_bayesian_keep010_seed42,75,ola,global,,,layers.0.bias,raw,62,0.002888760552054366,0.0029352241058838175,0.002911992328969092,0,0.0,0.9921875,128
bayesfl_observability_v1,ola_sparse_bayesian_keep010_seed42,75,ola,global,,,layers.0.bias,raw,63,0.0029352241058838175,0.002981687659713269,0.002958455882798543,0,0.0,0.9921875,128
bayesfl_observability_v1,ola_sparse_bayesian_keep010_seed42,75,ola,global,,,layers.0.bias,raw,64,0.002981687659713269,0.0030281512135427206,0.003004919436627995,0,0.0,0.9921875,128
bayesfl_observability_v1,ola_sparse_bayesian_keep010_seed42,75,ola,global,,,layers.0.bias,raw,65,0.0030281512135427206,0.003074614767372172,0.003051382990457446,0,0.0,0.9921875,128
bayesfl_observability_v1,ola_sparse_bayesian_keep010_seed42,75,ola,global,,,layers.0.bias,raw,66,0.003074614767372172,0.0031210783212016237,0.003097846544286898,0,0.0,0.9921875,128
bayesfl_observability_v1,ola_sparse_bayesian_keep010_seed42,75,ola,global,,,layers.0.bias,raw,67,0.0031210783212016237,0.0031675418750310752,0.0031443100981163492,0,0.0,0.9921875,128
bayesfl_observability_v1,ola_sparse_bayesian_keep010_seed42,75,ola,global,,,layers.0.bias,raw,68,0.0031675418750310752,0.0032140054288605268,0.003190773651945801,0,0.0,0.9921875,128
bayesfl_observability_v1,ola_sparse_bayesian_keep010_seed42,75,ola,global,,,layers.0.bias,raw,69,0.0032140054288605268,0.0032604689826899783,0.0032372372057752523,0,0.0,0.9921875,128
bayesfl_observability_v1,ola_sparse_bayesian_keep010_seed42,75,ola,global,,,layers.0.bias,raw,70,0.0032604689826899783,0.00330693253651943,0.0032837007596047043,0,0.0,0.9921875,128
bayesfl_observability_v1,ola_sparse_bayesian_keep010_seed42,75,ola,global,,,layers.0.bias,raw,71,0.00330693253651943,0.0033533960903488814,0.0033301643134341554,0,0.0,0.9921875,128
bayesfl_observability_v1,ola_sparse_bayesian_keep010_seed42,75,ola,global,,,layers.0.bias,raw,72,0.0033533960903488814,0.003399859644178333,0.0033766278672636074,0,0.0,0.9921875,128
bayesfl_observability_v1,ola_sparse_bayesian_keep010_seed42,75,ola,global,,,layers.0.bias,raw,73,0.003399859644178333,0.0034463231980077845,0.0034230914210930585,0,0.0,0.9921875,128
bayesfl_observability_v1,ola_sparse_bayesian_keep010_seed42,75,ola,global,,,layers.0.bias,raw,74,0.0034463231980077845,0.003492786751837236,0.0034695549749225105,0,0.0,0.9921875,128
bayesfl_observability_v1,ola_sparse_bayesian_keep010_seed42,75,ola,global,,,layers.0.bias,raw,75,0.003492786751837236,0.0035392503056666876,0.0035160185287519616,0,0.0,0.9921875,128
bayesfl_observability_v1,ola_sparse_bayesian_keep010_seed42,75,ola,global,,,layers.0.bias,raw,76,0.0035392503056666876,0.003585713859496139,0.0035624820825814136,0,0.0,0.9921875,128
bayesfl_observability_v1,ola_sparse_bayesian_keep010_seed42,75,ola,global,,,layers.0.bias,raw,77,0.003585713859496139,0.0036321774133255907,0.0036089456364108647,0,0.0,0.9921875,128
bayesfl_observability_v1,ola_sparse_bayesian_keep010_seed42,75,ola,global,,,layers.0.bias,raw,78,0.0036321774133255907,0.003678640967155042,0.0036554091902403166,0,0.0,0.9921875,128
bayesfl_observability_v1,ola_sparse_bayesian_keep010_seed42,75,ola,global,,,layers.0.bias,raw,79,0.003678640967155042,0.0037251045209844937,0.0037018727440697678,1,168.14254089724713,1.0,128
bayesfl_observability_v1,ola_sparse_bayesian_keep010_seed42,75,ola,global,,,layers.0.bias,db,0,-101.91627910575731,-101.24954100117539,-101.58291005346635,1,0.011717494389943113,0.0078125,128
bayesfl_observability_v1,ola_sparse_bayesian_keep010_seed42,75,ola,global,,,layers.0.bias,db,1,-101.24954100117539,-100.58280289659348,-100.91617194888443,0,0.0,0.0078125,128
bayesfl_observability_v1,ola_sparse_bayesian_keep010_seed42,75,ola,global,,,layers.0.bias,db,2,-100.58280289659348,-99.91606479201155,-100.24943384430252,0,0.0,0.0078125,128
bayesfl_observability_v1,ola_sparse_bayesian_keep010_seed42,75,ola,global,,,layers.0.bias,db,3,-99.91606479201155,-99.24932668742963,-99.58269573972059,0,0.0,0.0078125,128
bayesfl_observability_v1,ola_sparse_bayesian_keep010_seed42,75,ola,global,,,layers.0.bias,db,4,-99.24932668742963,-98.5825885828477,-98.91595763513867,0,0.0,0.0078125,128
bayesfl_observability_v1,ola_sparse_bayesian_keep010_seed42,75,ola,global,,,layers.0.bias,db,5,-98.5825885828477,-97.91585047826578,-98.24921953055674,0,0.0,0.0078125,128
bayesfl_observability_v1,ola_sparse_bayesian_keep010_seed42,75,ola,global,,,layers.0.bias,db,6,-97.91585047826578,-97.24911237368387,-97.58248142597483,0,0.0,0.0078125,128
bayesfl_observability_v1,ola_sparse_bayesian_keep010_seed42,75,ola,global,,,layers.0.bias,db,7,-97.24911237368387,-96.58237426910195,-96.91574332139291,0,0.0,0.0078125,128
bayesfl_observability_v1,ola_sparse_bayesian_keep010_seed42,75,ola,global,,,layers.0.bias,db,8,-96.58237426910195,-95.91563616452002,-96.24900521681099,0,0.0,0.0078125,128
bayesfl_observability_v1,ola_sparse_bayesian_keep010_seed42,75,ola,global,,,layers.0.bias,db,9,-95.91563616452002,-95.24889805993811,-95.58226711222906,0,0.0,0.0078125,128
bayesfl_observability_v1,ola_sparse_bayesian_keep010_seed42,75,ola,global,,,layers.0.bias,db,10,-95.24889805993811,-94.58215995535619,-94.91552900764715,0,0.0,0.0078125,128
bayesfl_observability_v1,ola_sparse_bayesian_keep010_seed42,75,ola,global,,,layers.0.bias,db,11,-94.58215995535619,-93.91542185077427,-94.24879090306523,0,0.0,0.0078125,128
bayesfl_observability_v1,ola_sparse_bayesian_keep010_seed42,75,ola,global,,,layers.0.bias,db,12,-93.91542185077427,-93.24868374619234,-93.5820527984833,0,0.0,0.0078125,128
bayesfl_observability_v1,ola_sparse_bayesian_keep010_seed42,75,ola,global,,,layers.0.bias,db,13,-93.24868374619234,-92.58194564161042,-92.91531469390138,0,0.0,0.0078125,128
bayesfl_observability_v1,ola_sparse_bayesian_keep010_seed42,75,ola,global,,,layers.0.bias,db,14,-92.58194564161042,-91.91520753702851,-92.24857658931947,1,0.011717494389943362,0.015625,128
bayesfl_observability_v1,ola_sparse_bayesian_keep010_seed42,75,ola,global,,,layers.0.bias,db,15,-91.91520753702851,-91.24846943244658,-91.58183848473755,0,0.0,0.015625,128
bayesfl_observability_v1,ola_sparse_bayesian_keep010_seed42,75,ola,global,,,layers.0.bias,db,16,-91.24846943244658,-90.58173132786466,-90.91510038015562,1,0.011717494389943113,0.0234375,128
bayesfl_observability_v1,ola_sparse_bayesian_keep010_seed42,75,ola,global,,,layers.0.bias,db,17,-90.58173132786466,-89.91499322328275,-90.2483622755737,0,0.0,0.0234375,128
bayesfl_observability_v1,ola_sparse_bayesian_keep010_seed42,75,ola,global,,,layers.0.bias,db,18,-89.91499322328275,-89.24825511870083,-89.58162417099179,0,0.0,0.0234375,128
bayesfl_observability_v1,ola_sparse_bayesian_keep010_seed42,75,ola,global,,,layers.0.bias,db,19,-89.24825511870083,-88.5815170141189,-88.91488606640986,0,0.0,0.0234375,128
bayesfl_observability_v1,ola_sparse_bayesian_keep010_seed42,75,ola,global,,,layers.0.bias,db,20,-88.5815170141189,-87.91477890953698,-88.24814796182794,0,0.0,0.0234375,128
bayesfl_observability_v1,ola_sparse_bayesian_keep010_seed42,75,ola,global,,,layers.0.bias,db,21,-87.91477890953698,-87.24804080495505,-87.58140985724602,0,0.0,0.0234375,128
bayesfl_observability_v1,ola_sparse_bayesian_keep010_seed42,75,ola,global,,,layers.0.bias,db,22,-87.24804080495505,-86.58130270037314,-86.9146717526641,1,0.011717494389943362,0.03125,128
bayesfl_observability_v1,ola_sparse_bayesian_keep010_seed42,75,ola,global,,,layers.0.bias,db,23,-86.58130270037314,-85.91456459579122,-86.24793364808218,0,0.0,0.03125,128
bayesfl_observability_v1,ola_sparse_bayesian_keep010_seed42,75,ola,global,,,layers.0.bias,db,24,-85.91456459579122,-85.2478264912093,-85.58119554350026,0,0.0,0.03125,128
bayesfl_observability_v1,ola_sparse_bayesian_keep010_seed42,75,ola,global,,,layers.0.bias,db,25,-85.2478264912093,-84.58108838662739,-84.91445743891833,1,0.011717494389943362,0.0390625,128
bayesfl_observability_v1,ola_sparse_bayesian_keep010_seed42,75,ola,global,,,layers.0.bias,db,26,-84.58108838662739,-83.91435028204546,-84.24771933433642,0,0.0,0.0390625,128
bayesfl_observability_v1,ola_sparse_bayesian_keep010_seed42,75,ola,global,,,layers.0.bias,db,27,-83.91435028204546,-83.24761217746354,-83.5809812297545,0,0.0,0.0390625,128
bayesfl_observability_v1,ola_sparse_bayesian_keep010_seed42,75,ola,global,,,layers.0.bias,db,28,-83.24761217746354,-82.58087407288161,-82.91424312517258,0,0.0,0.0390625,128
bayesfl_observability_v1,ola_sparse_bayesian_keep010_seed42,75,ola,global,,,layers.0.bias,db,29,-82.58087407288161,-81.91413596829969,-82.24750502059065,0,0.0,0.0390625,128
bayesfl_observability_v1,ola_sparse_bayesian_keep010_seed42,75,ola,global,,,layers.0.bias,db,30,-81.91413596829969,-81.24739786371778,-81.58076691600874,2,0.023434988779886725,0.0546875,128
bayesfl_observability_v1,ola_sparse_bayesian_keep010_seed42,75,ola,global,,,layers.0.bias,db,31,-81.24739786371778,-80.58065975913586,-80.91402881142682,2,0.023434988779886225,0.0703125,128
bayesfl_observability_v1,ola_sparse_bayesian_keep010_seed42,75,ola,global,,,layers.0.bias,db,32,-80.58065975913586,-79.91392165455393,-80.2472907068449,0,0.0,0.0703125,128
bayesfl_observability_v1,ola_sparse_bayesian_keep010_seed42,75,ola,global,,,layers.0.bias,db,33,-79.91392165455393,-79.24718354997202,-79.58055260226297,1,0.011717494389943362,0.078125,128
bayesfl_observability_v1,ola_sparse_bayesian_keep010_seed42,75,ola,global,,,layers.0.bias,db,34,-79.24718354997202,-78.5804454453901,-78.91381449768106,0,0.0,0.078125,128
bayesfl_observability_v1,ola_sparse_bayesian_keep010_seed42,75,ola,global,,,layers.0.bias,db,35,-78.5804454453901,-77.91370734080817,-78.24707639309914,1,0.011717494389943113,0.0859375,128
bayesfl_observability_v1,ola_sparse_bayesian_keep010_seed42,75,ola,global,,,layers.0.bias,db,36,-77.91370734080817,-77.24696923622625,-77.58033828851721,0,0.0,0.0859375,128
bayesfl_observability_v1,ola_sparse_bayesian_keep010_seed42,75,ola,global,,,layers.0.bias,db,37,-77.24696923622625,-76.58023113164433,-76.91360018393529,0,0.0,0.0859375,128
bayesfl_observability_v1,ola_sparse_bayesian_keep010_seed42,75,ola,global,,,layers.0.bias,db,38,-76.58023113164433,-75.91349302706242,-76.24686207935338,1,0.011717494389943362,0.09375,128
bayesfl_observability_v1,ola_sparse_bayesian_keep010_seed42,75,ola,global,,,layers.0.bias,db,39,-75.91349302706242,-75.24675492248049,-75.58012397477145,1,0.011717494389943113,0.1015625,128
bayesfl_observability_v1,ola_sparse_bayesian_keep010_seed42,75,ola,global,,,layers.0.bias,db,40,-75.24675492248049,-74.58001681789857,-74.91338587018953,3,0.03515248316982934,0.125,128
bayesfl_observability_v1,ola_sparse_bayesian_keep010_seed42,75,ola,global,,,layers.0.bias,db,41,-74.58001681789857,-73.91327871331666,-74.2466477656076,1,0.011717494389943362,0.1328125,128
bayesfl_observability_v1,ola_sparse_bayesian_keep010_seed42,75,ola,global,,,layers.0.bias,db,42,-73.91327871331666,-73.24654060873473,-73.5799096610257,4,0.04686997755977245,0.1640625,128
bayesfl_observability_v1,ola_sparse_bayesian_keep010_seed42,75,ola,global,,,layers.0.bias,db,43,-73.24654060873473,-72.57980250415281,-72.91317155644377,2,0.023434988779886225,0.1796875,128
bayesfl_observability_v1,ola_sparse_bayesian_keep010_seed42,75,ola,global,,,layers.0.bias,db,44,-72.57980250415281,-71.91306439957089,-72.24643345186185,2,0.023434988779886225,0.1953125,128
bayesfl_observability_v1,ola_sparse_bayesian_keep010_seed42,75,ola,global,,,layers.0.bias,db,45,-71.91306439957089,-71.24632629498896,-71.57969534727992,3,0.03515248316982934,0.21875,128
bayesfl_observability_v1,ola_sparse_bayesian_keep010_seed42,75,ola,global,,,layers.0.bias,db,46,-71.24632629498896,-70.57958819040705,-70.91295724269801,5,0.058587471949716814,0.2578125,128
bayesfl_observability_v1,ola_sparse_bayesian_keep010_seed42,75,ola,global,,,layers.0.bias,db,47,-70.57958819040705,-69.91285008582513,-70.24621913811609,3,0.03515248316982934,0.28125,128
bayesfl_observability_v1,ola_sparse_bayesian_keep010_seed42,75,ola,global,,,layers.0.bias,db,48,-69.91285008582513,-69.2461119812432,-69.57948103353417,1,0.011717494389943113,0.2890625,128
bayesfl_observability_v1,ola_sparse_bayesian_keep010_seed42,75,ola,global,,,layers.0.bias,db,49,-69.2461119812432,-68.5793738766613,-68.91274292895224,1,0.011717494389943362,0.296875,128
bayesfl_observability_v1,ola_sparse_bayesian_keep010_seed42,75,ola,global,,,layers.0.bias,db,50,-68.5793738766613,-67.91263577207937,-68.24600482437033,5,0.058587471949715565,0.3359375,128
bayesfl_observability_v1,ola_sparse_bayesian_keep010_seed42,75,ola,global,,,layers.0.bias,db,51,-67.91263577207937,-67.24589766749745,-67.57926671978841,2,0.023434988779886225,0.3515625,128
bayesfl_observability_v1,ola_sparse_bayesian_keep010_seed42,75,ola,global,,,layers.0.bias,db,52,-67.24589766749745,-66.57915956291552,-66.91252861520648,2,0.023434988779886225,0.3671875,128
bayesfl_observability_v1,ola_sparse_bayesian_keep010_seed42,75,ola,global,,,layers.0.bias,db,53,-66.57915956291552,-65.9124214583336,-66.24579051062456,0,0.0,0.3671875,128
bayesfl_observability_v1,ola_sparse_bayesian_keep010_seed42,75,ola,global,,,layers.0.bias,db,54,-65.9124214583336,-65.24568335375169,-65.57905240604265,3,0.03515248316983009,0.390625,128
bayesfl_observability_v1,ola_sparse_bayesian_keep010_seed42,75,ola,global,,,layers.0.bias,db,55,-65.24568335375169,-64.57894524916976,-64.91231430146073,4,0.04686997755977245,0.421875,128
bayesfl_observability_v1,ola_sparse_bayesian_keep010_seed42,75,ola,global,,,layers.0.bias,db,56,-64.57894524916976,-63.91220714458784,-64.2455761968788,4,0.04686997755977245,0.453125,128
bayesfl_observability_v1,ola_sparse_bayesian_keep010_seed42,75,ola,global,,,layers.0.bias,db,57,-63.91220714458784,-63.24546904000592,-63.57883809229688,4,0.04686997755977295,0.484375,128
bayesfl_observability_v1,ola_sparse_bayesian_keep010_seed42,75,ola,global,,,layers.0.bias,db,58,-63.24546904000592,-62.578730935424005,-62.91209998771497,1,0.011717494389943238,0.4921875,128
bayesfl_observability_v1,ola_sparse_bayesian_keep010_seed42,75,ola,global,,,layers.0.bias,db,59,-62.578730935424005,-61.91199283084208,-62.24536188313304,4,0.04686997755977245,0.5234375,128
bayesfl_observability_v1,ola_sparse_bayesian_keep010_seed42,75,ola,global,,,layers.0.bias,db,60,-61.91199283084208,-61.24525472626016,-61.57862377855112,6,0.07030496633965869,0.5703125,128
bayesfl_observability_v1,ola_sparse_bayesian_keep010_seed42,75,ola,global,,,layers.0.bias,db,61,-61.24525472626016,-60.57851662167824,-60.911885673969195,4,0.04686997755977295,0.6015625,128
bayesfl_observability_v1,ola_sparse_bayesian_keep010_seed42,75,ola,global,,,layers.0.bias,db,62,-60.57851662167824,-59.91177851709632,-60.245147569387285,6,0.07030496633965944,0.6484375,128
bayesfl_observability_v1,ola_sparse_bayesian_keep010_seed42,75,ola,global,,,layers.0.bias,db,63,-59.91177851709632,-59.2450404125144,-59.57840946480536,4,0.04686997755977245,0.6796875,128
bayesfl_observability_v1,ola_sparse_bayesian_keep010_seed42,75,ola,global,,,layers.0.bias,db,64,-59.2450404125144,-58.578302307932475,-58.91167136022344,7,0.08202246072960179,0.734375,128
bayesfl_observability_v1,ola_sparse_bayesian_keep010_seed42,75,ola,global,,,layers.0.bias,db,65,-58.578302307932475,-57.91156420335056,-58.24493325564151,1,0.011717494389943238,0.7421875,128
bayesfl_observability_v1,ola_sparse_bayesian_keep010_seed42,75,ola,global,,,layers.0.bias,db,66,-57.91156420335056,-57.24482609876864,-57.5781951510596,8,0.0937399551195459,0.8046875,128
bayesfl_observability_v1,ola_sparse_bayesian_keep010_seed42,75,ola,global,,,layers.0.bias,db,67,-57.24482609876864,-56.57808799418672,-56.91145704647768,5,0.058587471949715565,0.84375,128
bayesfl_observability_v1,ola_sparse_bayesian_keep010_seed42,75,ola,global,,,layers.0.bias,db,68,-56.57808799418672,-55.91134988960479,-56.244718941895755,6,0.07030496633965869,0.890625,128
bayesfl_observability_v1,ola_sparse_bayesian_keep010_seed42,75,ola,global,,,layers.0.bias,db,69,-55.91134988960479,-55.244611785022876,-55.57798083731383,2,0.023434988779886475,0.90625,128
bayesfl_observability_v1,ola_sparse_bayesian_keep010_seed42,75,ola,global,,,layers.0.bias,db,70,-55.244611785022876,-54.57787368044096,-54.91124273273192,4,0.04686997755977295,0.9375,128
bayesfl_observability_v1,ola_sparse_bayesian_keep010_seed42,75,ola,global,,,layers.0.bias,db,71,-54.57787368044096,-53.911135575859035,-54.24450462815,2,0.023434988779886225,0.953125,128
bayesfl_observability_v1,ola_sparse_bayesian_keep010_seed42,75,ola,global,,,layers.0.bias,db,72,-53.911135575859035,-53.24439747127711,-53.57776652356807,3,0.03515248316982934,0.9765625,128
bayesfl_observability_v1,ola_sparse_bayesian_keep010_seed42,75,ola,global,,,layers.0.bias,db,73,-53.24439747127711,-52.577659366695194,-52.91102841898615,2,0.023434988779886475,0.9921875,128
bayesfl_observability_v1,ola_sparse_bayesian_keep010_seed42,75,ola,global,,,layers.0.bias,db,74,-52.577659366695194,-51.91092126211328,-52.24429031440424,0,0.0,0.9921875,128
bayesfl_observability_v1,ola_sparse_bayesian_keep010_seed42,75,ola,global,,,layers.0.bias,db,75,-51.91092126211328,-51.24418315753135,-51.577552209822315,0,0.0,0.9921875,128
bayesfl_observability_v1,ola_sparse_bayesian_keep010_seed42,75,ola,global,,,layers.0.bias,db,76,-51.24418315753135,-50.57744505294943,-50.91081410524039,0,0.0,0.9921875,128
bayesfl_observability_v1,ola_sparse_bayesian_keep010_seed42,75,ola,global,,,layers.0.bias,db,77,-50.57744505294943,-49.91070694836751,-50.24407600065847,0,0.0,0.9921875,128
bayesfl_observability_v1,ola_sparse_bayesian_keep010_seed42,75,ola,global,,,layers.0.bias,db,78,-49.91070694836751,-49.243968843785595,-49.57733789607656,0,0.0,0.9921875,128
bayesfl_observability_v1,ola_sparse_bayesian_keep010_seed42,75,ola,global,,,layers.0.bias,db,79,-49.243968843785595,-48.57723073920367,-48.91059979149463,1,0.011717494389943113,1.0,128
bayesfl_observability_v1,ola_sparse_bayesian_keep010_seed42,75,ola,global,,,layers.1.weight,raw,0,3.958854337468005e-06,0.001050623084362449,0.0005272909693499585,154,114.94851600797371,0.1203125,1280
bayesfl_observability_v1,ola_sparse_bayesian_keep010_seed42,75,ola,global,,,layers.1.weight,raw,1,0.001050623084362449,0.00209728731438743,0.0015739551993749394,154,114.94851600797371,0.240625,1280
bayesfl_observability_v1,ola_sparse_bayesian_keep010_seed42,75,ola,global,,,layers.1.weight,raw,2,0.00209728731438743,0.003143951544412411,0.0026206194293999204,134,100.02013730563947,0.3453125,1280
bayesfl_observability_v1,ola_sparse_bayesian_keep010_seed42,75,ola,global,,,layers.1.weight,raw,3,0.003143951544412411,0.004190615774437392,0.0036672836594249013,122,91.06311008423891,0.440625,1280
bayesfl_observability_v1,ola_sparse_bayesian_keep010_seed42,75,ola,global,,,layers.1.weight,raw,4,0.004190615774437392,0.005237280004462373,0.004713947889449882,129,96.2880426300559,0.54140625,1280
bayesfl_observability_v1,ola_sparse_bayesian_keep010_seed42,75,ola,global,,,layers.1.weight,raw,5,0.005237280004462373,0.006283944234487354,0.005760612119474863,95,70.90979883608767,0.615625,1280
bayesfl_observability_v1,ola_sparse_bayesian_keep010_seed42,75,ola,global,,,layers.1.weight,raw,6,0.006283944234487354,0.007330608464512335,0.006807276349499844,84,62.699190549803845,0.68125,1280
bayesfl_observability_v1,ola_sparse_bayesian_keep010_seed42,75,ola,global,,,layers.1.weight,raw,7,0.007330608464512335,0.008377272694537315,0.007853940579524824,67,50.010068652819776,0.73359375,1280
bayesfl_observability_v1,ola_sparse_bayesian_keep010_seed42,75,ola,global,,,layers.1.weight,raw,8,0.008377272694537315,0.009423936924562296,0.008900604809549805,47,35.08168995048548,0.7703125,1280
bayesfl_observability_v1,ola_sparse_bayesian_keep010_seed42,75,ola,global,,,layers.1.weight,raw,9,0.009423936924562296,0.010470601154587277,0.009947269039574786,38,28.363919534435073,0.8,1280
bayesfl_observability_v1,ola_sparse_bayesian_keep010_seed42,75,ola,global,,,layers.1.weight,raw,10,0.010470601154587277,0.011517265384612257,0.010993933269599767,39,29.110338469551785,0.83046875,1280
bayesfl_observability_v1,ola_sparse_bayesian_keep010_seed42,75,ola,global,,,layers.1.weight,raw,11,0.011517265384612257,0.012563929614637238,0.012040597499624748,19,14.181959767217537,0.8453125,1280
bayesfl_observability_v1,ola_sparse_bayesian_keep010_seed42,75,ola,global,,,layers.1.weight,raw,12,0.012563929614637238,0.01361059384466222,0.013087261729649729,18,13.435540832100823,0.859375,1280
bayesfl_observability_v1,ola_sparse_bayesian_keep010_seed42,75,ola,global,,,layers.1.weight,raw,13,0.01361059384466222,0.0146572580746872,0.01413392595967471,19,14.181959767217537,0.87421875,1280
bayesfl_observability_v1,ola_sparse_bayesian_keep010_seed42,75,ola,global,,,layers.1.weight,raw,14,0.0146572580746872,0.01570392230471218,0.01518059018969969,19,14.181959767217537,0.8890625,1280
bayesfl_observability_v1,ola_sparse_bayesian_keep010_seed42,75,ola,global,,,layers.1.weight,raw,15,0.01570392230471218,0.016750586534737162,0.01622725441972467,23,17.167635507684384,0.90703125,1280
bayesfl_observability_v1,ola_sparse_bayesian_keep010_seed42,75,ola,global,,,layers.1.weight,raw,16,0.016750586534737162,0.017797250764762143,0.017273918649749653,17,12.68912189698411,0.9203125,1280
bayesfl_observability_v1,ola_sparse_bayesian_keep010_seed42,75,ola,global,,,layers.1.weight,raw,17,0.017797250764762143,0.018843914994787124,0.018320582879774634,14,10.449865091633974,0.93125,1280
bayesfl_observability_v1,ola_sparse_bayesian_keep010_seed42,75,ola,global,,,layers.1.weight,raw,18,0.018843914994787124,0.019890579224812105,0.019367247109799614,9,6.717770416050412,0.93828125,1280
bayesfl_observability_v1,ola_sparse_bayesian_keep010_seed42,75,ola,global,,,layers.1.weight,raw,19,0.019890579224812105,0.020937243454837086,0.020413911339824595,7,5.224932545816987,0.94375,1280
bayesfl_observability_v1,ola_sparse_bayesian_keep010_seed42,75,ola,global,,,layers.1.weight,raw,20,0.020937243454837086,0.021983907684862067,0.021460575569849576,3,2.2392568053501374,0.94609375,1280
bayesfl_observability_v1,ola_sparse_bayesian_keep010_seed42,75,ola,global,,,layers.1.weight,raw,21,0.021983907684862067,0.023030571914887048,0.022507239799874557,4,2.9856757404668497,0.94921875,1280
bayesfl_observability_v1,ola_sparse_bayesian_keep010_seed42,75,ola,global,,,layers.1.weight,raw,22,0.023030571914887048,0.02407723614491203,0.023553904029899538,7,5.224932545816987,0.9546875,1280
bayesfl_observability_v1,ola_sparse_bayesian_keep010_seed42,75,ola,global,,,layers.1.weight,raw,23,0.02407723614491203,0.02512390037493701,0.02460056825992452,8,5.971351480933699,0.9609375,1280
bayesfl_observability_v1,ola_sparse_bayesian_keep010_seed42,75,ola,global,,,layers.1.weight,raw,24,0.02512390037493701,0.02617056460496199,0.0256472324899495,1,0.7464189351167124,0.96171875,1280
bayesfl_observability_v1,ola_sparse_bayesian_keep010_seed42,75,ola,global,,,layers.1.weight,raw,25,0.02617056460496199,0.02721722883498697,0.02669389671997448,6,4.478513610700275,0.96640625,1280
bayesfl_observability_v1,ola_sparse_bayesian_keep010_seed42,75,ola,global,,,layers.1.weight,raw,26,0.02721722883498697,0.028263893065011952,0.027740560949999462,3,2.2392568053501374,0.96875,1280
bayesfl_observability_v1,ola_sparse_bayesian_keep010_seed42,75,ola,global,,,layers.1.weight,raw,27,0.028263893065011952,0.029310557295036933,0.028787225180024443,2,1.4928378702334248,0.9703125,1280
bayesfl_observability_v1,ola_sparse_bayesian_keep010_seed42,75,ola,global,,,layers.1.weight,raw,28,0.029310557295036933,0.030357221525061914,0.029833889410049424,3,2.2392568053501374,0.97265625,1280
bayesfl_observability_v1,ola_sparse_bayesian_keep010_seed42,75,ola,global,,,layers.1.weight,raw,29,0.030357221525061914,0.031403885755086895,0.030880553640074405,4,2.9856757404668497,0.97578125,1280
bayesfl_observability_v1,ola_sparse_bayesian_keep010_seed42,75,ola,global,,,layers.1.weight,raw,30,0.031403885755086895,0.032450549985111876,0.03192721787009939,1,0.7464189351167124,0.9765625,1280
bayesfl_observability_v1,ola_sparse_bayesian_keep010_seed42,75,ola,global,,,layers.1.weight,raw,31,0.032450549985111876,0.03349721421513686,0.03297388210012436,2,1.4928378702334248,0.978125,1280
bayesfl_observability_v1,ola_sparse_bayesian_keep010_seed42,75,ola,global,,,layers.1.weight,raw,32,0.03349721421513686,0.03454387844516184,0.03402054633014935,3,2.2392568053501374,0.98046875,1280
bayesfl_observability_v1,ola_sparse_bayesian_keep010_seed42,75,ola,global,,,layers.1.weight,raw,33,0.03454387844516184,0.03559054267518682,0.035067210560174325,4,2.9856757404668497,0.98359375,1280
bayesfl_observability_v1,ola_sparse_bayesian_keep010_seed42,75,ola,global,,,layers.1.weight,raw,34,0.03559054267518682,0.0366372069052118,0.03611387479019931,1,0.7464189351167124,0.984375,1280
bayesfl_observability_v1,ola_sparse_bayesian_keep010_seed42,75,ola,global,,,layers.1.weight,raw,35,0.0366372069052118,0.03768387113523678,0.03716053902022429,2,1.4928378702334248,0.9859375,1280
bayesfl_observability_v1,ola_sparse_bayesian_keep010_seed42,75,ola,global,,,layers.1.weight,raw,36,0.03768387113523678,0.03873053536526176,0.038207203250249275,1,0.7464189351167124,0.98671875,1280
bayesfl_observability_v1,ola_sparse_bayesian_keep010_seed42,75,ola,global,,,layers.1.weight,raw,37,0.03873053536526176,0.03977719959528674,0.03925386748027425,3,2.2392568053501374,0.9890625,1280
bayesfl_observability_v1,ola_sparse_bayesian_keep010_seed42,75,ola,global,,,layers.1.weight,raw,38,0.03977719959528674,0.040823863825311724,0.04030053171029924,0,0.0,0.9890625,1280
bayesfl_observability_v1,ola_sparse_bayesian_keep010_seed42,75,ola,global,,,layers.1.weight,raw,39,0.040823863825311724,0.041870528055336705,0.04134719594032421,0,0.0,0.9890625,1280
bayesfl_observability_v1,ola_sparse_bayesian_keep010_seed42,75,ola,global,,,layers.1.weight,raw,40,0.041870528055336705,0.042917192285361686,0.0423938601703492,0,0.0,0.9890625,1280
bayesfl_observability_v1,ola_sparse_bayesian_keep010_seed42,75,ola,global,,,layers.1.weight,raw,41,0.042917192285361686,0.043963856515386666,0.04344052440037417,1,0.7464189351167124,0.98984375,1280
bayesfl_observability_v1,ola_sparse_bayesian_keep010_seed42,75,ola,global,,,layers.1.weight,raw,42,0.043963856515386666,0.04501052074541165,0.04448718863039916,1,0.7464189351167124,0.990625,1280
bayesfl_observability_v1,ola_sparse_bayesian_keep010_seed42,75,ola,global,,,layers.1.weight,raw,43,0.04501052074541165,0.04605718497543663,0.045533852860424134,0,0.0,0.990625,1280
bayesfl_observability_v1,ola_sparse_bayesian_keep010_seed42,75,ola,global,,,layers.1.weight,raw,44,0.04605718497543663,0.04710384920546161,0.04658051709044912,1,0.7464189351167124,0.99140625,1280
bayesfl_observability_v1,ola_sparse_bayesian_keep010_seed42,75,ola,global,,,layers.1.weight,raw,45,0.04710384920546161,0.04815051343548659,0.047627181320474096,0,0.0,0.99140625,1280
bayesfl_observability_v1,ola_sparse_bayesian_keep010_seed42,75,ola,global,,,layers.1.weight,raw,46,0.04815051343548659,0.04919717766551157,0.048673845550499084,1,0.7464189351167124,0.9921875,1280
bayesfl_observability_v1,ola_sparse_bayesian_keep010_seed42,75,ola,global,,,layers.1.weight,raw,47,0.04919717766551157,0.05024384189553655,0.04972050978052406,0,0.0,0.9921875,1280
bayesfl_observability_v1,ola_sparse_bayesian_keep010_seed42,75,ola,global,,,layers.1.weight,raw,48,0.05024384189553655,0.05129050612556153,0.050767174010549046,0,0.0,0.9921875,1280
bayesfl_observability_v1,ola_sparse_bayesian_keep010_seed42,75,ola,global,,,layers.1.weight,raw,49,0.05129050612556153,0.052337170355586514,0.05181383824057402,1,0.7464189351167124,0.99296875,1280
bayesfl_observability_v1,ola_sparse_bayesian_keep010_seed42,75,ola,global,,,layers.1.weight,raw,50,0.052337170355586514,0.053383834585611495,0.05286050247059901,0,0.0,0.99296875,1280
bayesfl_observability_v1,ola_sparse_bayesian_keep010_seed42,75,ola,global,,,layers.1.weight,raw,51,0.053383834585611495,0.054430498815636476,0.05390716670062398,1,0.7464189351167124,0.99375,1280
bayesfl_observability_v1,ola_sparse_bayesian_keep010_seed42,75,ola,global,,,layers.1.weight,raw,52,0.054430498815636476,0.05547716304566146,0.05495383093064897,1,0.7464189351167124,0.99453125,1280
bayesfl_observability_v1,ola_sparse_bayesian_keep010_seed42,75,ola,global,,,layers.1.weight,raw,53,0.05547716304566146,0.05652382727568644,0.056000495160673944,2,1.4928378702334248,0.99609375,1280
bayesfl_observability_v1,ola_sparse_bayesian_keep010_seed42,75,ola,global,,,layers.1.weight,raw,54,0.05652382727568644,0.05757049150571142,0.05704715939069893,0,0.0,0.99609375,1280
bayesfl_observability_v1,ola_sparse_bayesian_keep010_seed42,75,ola,global,,,layers.1.weight,raw,55,0.05757049150571142,0.0586171557357364,0.058093823620723906,0,0.0,0.99609375,1280
bayesfl_observability_v1,ola_sparse_bayesian_keep010_seed42,75,ola,global,,,layers.1.weight,raw,56,0.0586171557357364,0.05966381996576138,0.059140487850748893,0,0.0,0.99609375,1280
bayesfl_observability_v1,ola_sparse_bayesian_keep010_seed42,75,ola,global,,,layers.1.weight,raw,57,0.05966381996576138,0.06071048419578636,0.06018715208077387,2,1.4928378702334248,0.99765625,1280
bayesfl_observability_v1,ola_sparse_bayesian_keep010_seed42,75,ola,global,,,layers.1.weight,raw,58,0.06071048419578636,0.06175714842581134,0.061233816310798855,0,0.0,0.99765625,1280
bayesfl_observability_v1,ola_sparse_bayesian_keep010_seed42,75,ola,global,,,layers.1.weight,raw,59,0.06175714842581134,0.06280381265583633,0.062280480540823836,1,0.7464189351167074,0.9984375,1280
bayesfl_observability_v1,ola_sparse_bayesian_keep010_seed42,75,ola,global,,,layers.1.weight,raw,60,0.06280381265583633,0.0638504768858613,0.06332714477084882,0,0.0,0.9984375,1280
bayesfl_observability_v1,ola_sparse_bayesian_keep010_seed42,75,ola,global,,,layers.1.weight,raw,61,0.0638504768858613,0.06489714111588629,0.0643738090008738,1,0.7464189351167074,0.99921875,1280
bayesfl_observability_v1,ola_sparse_bayesian_keep010_seed42,75,ola,global,,,layers.1.weight,raw,62,0.06489714111588629,0.06594380534591128,0.06542047323089878,0,0.0,0.99921875,1280
bayesfl_observability_v1,ola_sparse_bayesian_keep010_seed42,75,ola,global,,,layers.1.weight,raw,63,0.06594380534591128,0.06699046957593625,0.06646713746092377,0,0.0,0.99921875,1280
bayesfl_observability_v1,ola_sparse_bayesian_keep010_seed42,75,ola,global,,,layers.1.weight,raw,64,0.06699046957593625,0.06803713380596123,0.06751380169094874,0,0.0,0.99921875,1280
bayesfl_observability_v1,ola_sparse_bayesian_keep010_seed42,75,ola,global,,,layers.1.weight,raw,65,0.06803713380596123,0.06908379803598622,0.06856046592097373,0,0.0,0.99921875,1280
bayesfl_observability_v1,ola_sparse_bayesian_keep010_seed42,75,ola,global,,,layers.1.weight,raw,66,0.06908379803598622,0.0701304622660112,0.0696071301509987,0,0.0,0.99921875,1280
bayesfl_observability_v1,ola_sparse_bayesian_keep010_seed42,75,ola,global,,,layers.1.weight,raw,67,0.0701304622660112,0.07117712649603618,0.07065379438102369,0,0.0,0.99921875,1280
bayesfl_observability_v1,ola_sparse_bayesian_keep010_seed42,75,ola,global,,,layers.1.weight,raw,68,0.07117712649603618,0.07222379072606115,0.07170045861104866,0,0.0,0.99921875,1280
bayesfl_observability_v1,ola_sparse_bayesian_keep010_seed42,75,ola,global,,,layers.1.weight,raw,69,0.07222379072606115,0.07327045495608614,0.07274712284107365,0,0.0,0.99921875,1280
bayesfl_observability_v1,ola_sparse_bayesian_keep010_seed42,75,ola,global,,,layers.1.weight,raw,70,0.07327045495608614,0.07431711918611113,0.07379378707109863,0,0.0,0.99921875,1280
bayesfl_observability_v1,ola_sparse_bayesian_keep010_seed42,75,ola,global,,,layers.1.weight,raw,71,0.07431711918611113,0.0753637834161361,0.07484045130112361,0,0.0,0.99921875,1280
bayesfl_observability_v1,ola_sparse_bayesian_keep010_seed42,75,ola,global,,,layers.1.weight,raw,72,0.0753637834161361,0.07641044764616108,0.07588711553114859,0,0.0,0.99921875,1280
bayesfl_observability_v1,ola_sparse_bayesian_keep010_seed42,75,ola,global,,,layers.1.weight,raw,73,0.07641044764616108,0.07745711187618606,0.07693377976117358,0,0.0,0.99921875,1280
bayesfl_observability_v1,ola_sparse_bayesian_keep010_seed42,75,ola,global,,,layers.1.weight,raw,74,0.07745711187618606,0.07850377610621105,0.07798044399119855,0,0.0,0.99921875,1280
bayesfl_observability_v1,ola_sparse_bayesian_keep010_seed42,75,ola,global,,,layers.1.weight,raw,75,0.07850377610621105,0.07955044033623603,0.07902710822122354,0,0.0,0.99921875,1280
bayesfl_observability_v1,ola_sparse_bayesian_keep010_seed42,75,ola,global,,,layers.1.weight,raw,76,0.07955044033623603,0.080597104566261,0.08007377245124851,0,0.0,0.99921875,1280
bayesfl_observability_v1,ola_sparse_bayesian_keep010_seed42,75,ola,global,,,layers.1.weight,raw,77,0.080597104566261,0.08164376879628599,0.0811204366812735,0,0.0,0.99921875,1280
bayesfl_observability_v1,ola_sparse_bayesian_keep010_seed42,75,ola,global,,,layers.1.weight,raw,78,0.08164376879628599,0.08269043302631097,0.08216710091129847,0,0.0,0.99921875,1280
bayesfl_observability_v1,ola_sparse_bayesian_keep010_seed42,75,ola,global,,,layers.1.weight,raw,79,0.08269043302631097,0.08373709725633595,0.08321376514132346,1,0.7464189351167173,1.0,1280
bayesfl_observability_v1,ola_sparse_bayesian_keep010_seed42,75,ola,global,,,layers.1.weight,db,0,-108.04860735463637,-106.967270287199,-107.50793882091769,1,0.0007224851746287206,0.00078125,1280
bayesfl_observability_v1,ola_sparse_bayesian_keep010_seed42,75,ola,global,,,layers.1.weight,db,1,-106.967270287199,-105.88593321976161,-106.4266017534803,0,0.0,0.00078125,1280
bayesfl_observability_v1,ola_sparse_bayesian_keep010_seed42,75,ola,global,,,layers.1.weight,db,2,-105.88593321976161,-104.80459615232424,-105.34526468604292,0,0.0,0.00078125,1280
bayesfl_observability_v1,ola_sparse_bayesian_keep010_seed42,75,ola,global,,,layers.1.weight,db,3,-104.80459615232424,-103.72325908488685,-104.26392761860555,1,0.000722485174628711,0.0015625,1280
bayesfl_observability_v1,ola_sparse_bayesian_keep010_seed42,75,ola,global,,,layers.1.weight,db,4,-103.72325908488685,-102.64192201744947,-103.18259055116816,0,0.0,0.0015625,1280
bayesfl_observability_v1,ola_sparse_bayesian_keep010_seed42,75,ola,global,,,layers.1.weight,db,5,-102.64192201744947,-101.5605849500121,-102.10125348373079,0,0.0,0.0015625,1280
bayesfl_observability_v1,ola_sparse_bayesian_keep010_seed42,75,ola,global,,,layers.1.weight,db,6,-101.5605849500121,-100.47924788257471,-101.0199164162934,0,0.0,0.0015625,1280
bayesfl_observability_v1,ola_sparse_bayesian_keep010_seed42,75,ola,global,,,layers.1.weight,db,7,-100.47924788257471,-99.39791081513734,-99.93857934885602,0,0.0,0.0015625,1280
bayesfl_observability_v1,ola_sparse_bayesian_keep010_seed42,75,ola,global,,,layers.1.weight,db,8,-99.39791081513734,-98.31657374769996,-98.85724228141865,0,0.0,0.0015625,1280
bayesfl_observability_v1,ola_sparse_bayesian_keep010_seed42,75,ola,global,,,layers.1.weight,db,9,-98.31657374769996,-97.23523668026257,-97.77590521398128,0,0.0,0.0015625,1280
bayesfl_observability_v1,ola_sparse_bayesian_keep010_seed42,75,ola,global,,,layers.1.weight,db,10,-97.23523668026257,-96.1538996128252,-96.69456814654389,0,0.0,0.0015625,1280
bayesfl_observability_v1,ola_sparse_bayesian_keep010_seed42,75,ola,global,,,layers.1.weight,db,11,-96.1538996128252,-95.07256254538783,-95.61323107910651,1,0.0007224851746287206,0.00234375,1280
bayesfl_observability_v1,ola_sparse_bayesian_keep010_seed42,75,ola,global,,,layers.1.weight,db,12,-95.07256254538783,-93.99122547795044,-94.53189401166912,0,0.0,0.00234375,1280
bayesfl_observability_v1,ola_sparse_bayesian_keep010_seed42,75,ola,global,,,layers.1.weight,db,13,-93.99122547795044,-92.90988841051306,-93.45055694423175,1,0.0007224851746287206,0.003125,1280
bayesfl_observability_v1,ola_sparse_bayesian_keep010_seed42,75,ola,global,,,layers.1.weight,db,14,-92.90988841051306,-91.82855134307567,-92.36921987679438,0,0.0,0.003125,1280
bayesfl_observability_v1,ola_sparse_bayesian_keep010_seed42,75,ola,global,,,layers.1.weight,db,15,-91.82855134307567,-90.7472142756383,-91.28788280935699,0,0.0,0.003125,1280
bayesfl_observability_v1,ola_sparse_bayesian_keep010_seed42,75,ola,global,,,layers.1.weight,db,16,-90.7472142756383,-89.66587720820092,-90.20654574191961,0,0.0,0.003125,1280
bayesfl_observability_v1,ola_sparse_bayesian_keep010_seed42,75,ola,global,,,layers.1.weight,db,17,-89.66587720820092,-88.58454014076354,-89.12520867448222,1,0.000722485174628711,0.00390625,1280
bayesfl_observability_v1,ola_sparse_bayesian_keep010_seed42,75,ola,global,,,layers.1.weight,db,18,-88.58454014076354,-87.50320307332616,-88.04387160704485,0,0.0,0.00390625,1280
bayesfl_observability_v1,ola_sparse_bayesian_keep010_seed42,75,ola,global,,,layers.1.weight,db,19,-87.50320307332616,-86.42186600588877,-86.96253453960747,1,0.000722485174628711,0.0046875,1280
bayesfl_observability_v1,ola_sparse_bayesian_keep010_seed42,75,ola,global,,,layers.1.weight,db,20,-86.42186600588877,-85.3405289384514,-85.88119747217009,0,0.0,0.0046875,1280
bayesfl_observability_v1,ola_sparse_bayesian_keep010_seed42,75,ola,global,,,layers.1.weight,db,21,-85.3405289384514,-84.25919187101402,-84.79986040473271,1,0.0007224851746287206,0.00546875,1280
bayesfl_observability_v1,ola_sparse_bayesian_keep010_seed42,75,ola,global,,,layers.1.weight,db,22,-84.25919187101402,-83.17785480357665,-83.71852333729534,1,0.0007224851746287206,0.00625,1280
bayesfl_observability_v1,ola_sparse_bayesian_keep010_seed42,75,ola,global,,,layers.1.weight,db,23,-83.17785480357665,-82.09651773613926,-82.63718626985795,1,0.000722485174628711,0.00703125,1280
bayesfl_observability_v1,ola_sparse_bayesian_keep010_seed42,75,ola,global,,,layers.1.weight,db,24,-82.09651773613926,-81.01518066870187,-81.55584920242057,0,0.0,0.00703125,1280
bayesfl_observability_v1,ola_sparse_bayesian_keep010_seed42,75,ola,global,,,layers.1.weight,db,25,-81.01518066870187,-79.9338436012645,-80.47451213498319,1,0.0007224851746287206,0.0078125,1280
bayesfl_observability_v1,ola_sparse_bayesian_keep010_seed42,75,ola,global,,,layers.1.weight,db,26,-79.9338436012645,-78.85250653382712,-79.39317506754581,1,0.0007224851746287206,0.00859375,1280
bayesfl_observability_v1,ola_sparse_bayesian_keep010_seed42,75,ola,global,,,layers.1.weight,db,27,-78.85250653382712,-77.77116946638975,-78.31183800010844,2,0.0014449703492574412,0.01015625,1280
bayesfl_observability_v1,ola_sparse_bayesian_keep010_seed42,75,ola,global,,,layers.1.weight,db,28,-77.77116946638975,-76.68983239895236,-77.23050093267105,1,0.000722485174628711,0.0109375,1280
bayesfl_observability_v1,ola_sparse_bayesian_keep010_seed42,75,ola,global,,,layers.1.weight,db,29,-76.68983239895236,-75.60849533151499,-76.14916386523367,6,0.004334911047772324,0.015625,1280
bayesfl_observability_v1,ola_sparse_bayesian_keep010_seed42,75,ola,global,,,layers.1.weight,db,30,-75.60849533151499,-74.5271582640776,-75.0678267977963,7,0.0050573962224009774,0.02109375,1280
bayesfl_observability_v1,ola_sparse_bayesian_keep010_seed42,75,ola,global,,,layers.1.weight,db,31,-74.5271582640776,-73.44582119664022,-73.98648973035891,3,0.002167455523886162,0.0234375,1280
bayesfl_observability_v1,ola_sparse_bayesian_keep010_seed42,75,ola,global,,,layers.1.weight,db,32,-73.44582119664022,-72.36448412920285,-72.90515266292154,3,0.002167455523886162,0.02578125,1280
bayesfl_observability_v1,ola_sparse_bayesian_keep010_seed42,75,ola,global,,,layers.1.weight,db,33,-72.36448412920285,-71.28314706176546,-71.82381559548415,5,0.0036124258731435556,0.0296875,1280
bayesfl_observability_v1,ola_sparse_bayesian_keep010_seed42,75,ola,global,,,layers.1.weight,db,34,-71.28314706176546,-70.20180999432809,-70.74247852804677,4,0.0028899406985148824,0.0328125,1280
bayesfl_observability_v1,ola_sparse_bayesian_keep010_seed42,75,ola,global,,,layers.1.weight,db,35,-70.20180999432809,-69.1204729268907,-69.6611414606094,5,0.0036124258731435556,0.03671875,1280
bayesfl_observability_v1,ola_sparse_bayesian_keep010_seed42,75,ola,global,,,layers.1.weight,db,36,-69.1204729268907,-68.03913585945332,-68.57980439317201,7,0.005057396222401044,0.0421875,1280
bayesfl_observability_v1,ola_sparse_bayesian_keep010_seed42,75,ola,global,,,layers.1.weight,db,37,-68.03913585945332,-66.95779879201595,-67.49846732573464,7,0.005057396222401044,0.04765625,1280
bayesfl_observability_v1,ola_sparse_bayesian_keep010_seed42,75,ola,global,,,layers.1.weight,db,38,-66.95779879201595,-65.87646172457858,-66.41713025829726,7,0.005057396222401044,0.053125,1280
bayesfl_observability_v1,ola_sparse_bayesian_keep010_seed42,75,ola,global,,,layers.1.weight,db,39,-65.87646172457858,-64.79512465714119,-65.33579319085987,12,0.008669822095544533,0.0625,1280
bayesfl_observability_v1,ola_sparse_bayesian_keep010_seed42,75,ola,global,,,layers.1.weight,db,40,-64.79512465714119,-63.713787589703806,-64.2544561234225,11,0.007947336920915874,0.07109375,1280
bayesfl_observability_v1,ola_sparse_bayesian_keep010_seed42,75,ola,global,,,layers.1.weight,db,41,-63.713787589703806,-62.632450522266424,-63.17311905598511,10,0.007224851746287158,0.07890625,1280
bayesfl_observability_v1,ola_sparse_bayesian_keep010_seed42,75,ola,global,,,layers.1.weight,db,42,-62.632450522266424,-61.55111345482905,-62.09178198854774,22,0.015894673841831852,0.09609375,1280
bayesfl_observability_v1,ola_sparse_bayesian_keep010_seed42,75,ola,global,,,layers.1.weight,db,43,-61.55111345482905,-60.46977638739167,-61.01044492111036,19,0.013727218317945602,0.1109375,1280
bayesfl_observability_v1,ola_sparse_bayesian_keep010_seed42,75,ola,global,,,layers.1.weight,db,44,-60.46977638739167,-59.38843931995429,-59.929107853672974,19,0.013727218317945602,0.12578125,1280
bayesfl_observability_v1,ola_sparse_bayesian_keep010_seed42,75,ola,global,,,layers.1.weight,db,45,-59.38843931995429,-58.30710225251691,-58.8477707862356,30,0.021674555238861616,0.14921875,1280
bayesfl_observability_v1,ola_sparse_bayesian_keep010_seed42,75,ola,global,,,layers.1.weight,db,46,-58.30710225251691,-57.22576518507953,-57.766433718798226,22,0.015894673841831748,0.16640625,1280
bayesfl_observability_v1,ola_sparse_bayesian_keep010_seed42,75,ola,global,,,layers.1.weight,db,47,-57.22576518507953,-56.14442811764215,-56.68509665136084,29,0.020952070064232758,0.1890625,1280
bayesfl_observability_v1,ola_sparse_bayesian_keep010_seed42,75,ola,global,,,layers.1.weight,db,48,-56.14442811764215,-55.06309105020477,-55.60375958392346,32,0.023119525588118906,0.2140625,1280
bayesfl_observability_v1,ola_sparse_bayesian_keep010_seed42,75,ola,global,,,layers.1.weight,db,49,-55.06309105020477,-53.98175398276739,-54.522422516486074,19,0.013727218317945602,0.22890625,1280
bayesfl_observability_v1,ola_sparse_bayesian_keep010_seed42,75,ola,global,,,layers.1.weight,db,50,-53.98175398276739,-52.90041691533001,-53.4410854490487,34,0.024564495937376498,0.25546875,1280
bayesfl_observability_v1,ola_sparse_bayesian_keep010_seed42,75,ola,global,,,layers.1.weight,db,51,-52.90041691533001,-51.81907984789263,-52.359748381611325,37,0.026731951461262487,0.284375,1280
bayesfl_observability_v1,ola_sparse_bayesian_keep010_seed42,75,ola,global,,,layers.1.weight,db,52,-51.81907984789263,-50.73774278045525,-51.27841131417394,48,0.03467928838217836,0.321875,1280
bayesfl_observability_v1,ola_sparse_bayesian_keep010_seed42,75,ola,global,,,layers.1.weight,db,53,-50.73774278045525,-49.656405713017875,-50.19707424673656,44,0.031789347683663705,0.35625,1280
bayesfl_observability_v1,ola_sparse_bayesian_keep010_seed42,75,ola,global,,,layers.1.weight,db,54,-49.656405713017875,-48.575068645580494,-49.11573717929919,58,0.041904140128465515,0.4015625,1280
bayesfl_observability_v1,ola_sparse_bayesian_keep010_seed42,75,ola,global,,,layers.1.weight,db,55,-48.575068645580494,-47.49373157814311,-48.0344001118618,52,0.037569229080693226,0.4421875,1280
bayesfl_observability_v1,ola_sparse_bayesian_keep010_seed42,75,ola,global,,,layers.1.weight,db,56,-47.49373157814311,-46.41239451070573,-46.953063044424425,64,0.04623905117623781,0.4921875,1280
bayesfl_observability_v1,ola_sparse_bayesian_keep010_seed42,75,ola,global,,,layers.1.weight,db,57,-46.41239451070573,-45.33105744326835,-45.87172597698704,84,0.06068875466881213,0.5578125,1280
bayesfl_observability_v1,ola_sparse_bayesian_keep010_seed42,75,ola,global,,,layers.1.weight,db,58,-45.33105744326835,-44.249720375830975,-44.79038890954966,57,0.04118165495383707,0.60234375,1280
bayesfl_observability_v1,ola_sparse_bayesian_keep010_seed42,75,ola,global,,,layers.1.weight,db,59,-44.249720375830975,-43.1683833083936,-43.70905184211229,73,0.052741417747896605,0.659375,1280
bayesfl_observability_v1,ola_sparse_bayesian_keep010_seed42,75,ola,global,,,layers.1.weight,db,60,-43.1683833083936,-42.08704624095621,-42.62771477467491,64,0.04623905117623751,0.709375,1280
bayesfl_observability_v1,ola_sparse_bayesian_keep010_seed42,75,ola,global,,,layers.1.weight,db,61,-42.08704624095621,-41.00570917351884,-41.546377707237525,58,0.04190414012846579,0.7546875,1280
bayesfl_observability_v1,ola_sparse_bayesian_keep010_seed42,75,ola,global,,,layers.1.weight,db,62,-41.00570917351884,-39.92437210608145,-40.465040639800144,49,0.03540177355680684,0.79296875,1280
bayesfl_observability_v1,ola_sparse_bayesian_keep010_seed42,75,ola,global,,,layers.1.weight,db,63,-39.92437210608145,-38.843035038644075,-39.38370357236276,46,0.033234318032921144,0.82890625,1280
bayesfl_observability_v1,ola_sparse_bayesian_keep010_seed42,75,ola,global,,,layers.1.weight,db,64,-38.843035038644075,-37.7616979712067,-38.30236650492539,29,0.020952070064232897,0.8515625,1280
bayesfl_observability_v1,ola_sparse_bayesian_keep010_seed42,75,ola,global,,,layers.1.weight,db,65,-37.7616979712067,-36.68036090376931,-37.221029437488006,29,0.020952070064232622,0.87421875,1280
bayesfl_observability_v1,ola_sparse_bayesian_keep010_seed42,75,ola,global,,,layers.1.weight,db,66,-36.68036090376931,-35.59902383633194,-36.139692370050625,39,0.028176921810520103,0.9046875,1280
bayesfl_observability_v1,ola_sparse_bayesian_keep010_seed42,75,ola,global,,,layers.1.weight,db,67,-35.59902383633194,-34.51768676889455,-35.05835530261324,34,0.024564495937376175,0.93125,1280
bayesfl_observability_v1,ola_sparse_bayesian_keep010_seed42,75,ola,global,,,layers.1.weight,db,68,-34.51768676889455,-33.436349701457175,-33.97701823517586,17,0.012282247968688249,0.94453125,1280
bayesfl_observability_v1,ola_sparse_bayesian_keep010_seed42,75,ola,global,,,layers.1.weight,db,69,-33.436349701457175,-32.3550126340198,-32.89568116773849,14,0.010114792444802088,0.95546875,1280
bayesfl_observability_v1,ola_sparse_bayesian_keep010_seed42,75,ola,global,,,layers.1.weight,db,70,-32.3550126340198,-31.273675566582412,-31.814344100301106,15,0.010837277619430666,0.9671875,1280
bayesfl_observability_v1,ola_sparse_bayesian_keep010_seed42,75,ola,global,,,layers.1.weight,db,71,-31.273675566582412,-30.192338499145038,-30.733007032863725,11,0.007947336920915926,0.97578125,1280
bayesfl_observability_v1,ola_sparse_bayesian_keep010_seed42,75,ola,global,,,layers.1.weight,db,72,-30.192338499145038,-29.111001431707663,-29.65166996542635,8,0.005779881397029765,0.98203125,1280
bayesfl_observability_v1,ola_sparse_bayesian_keep010_seed42,75,ola,global,,,layers.1.weight,db,73,-29.111001431707663,-28.029664364270275,-28.57033289798897,9,0.006502366571658399,0.9890625,1280
bayesfl_observability_v1,ola_sparse_bayesian_keep010_seed42,75,ola,global,,,layers.1.weight,db,74,-28.029664364270275,-26.9483272968329,-27.488995830551588,2,0.0014449703492574412,0.990625,1280
bayesfl_observability_v1,ola_sparse_bayesian_keep010_seed42,75,ola,global,,,layers.1.weight,db,75,-26.9483272968329,-25.866990229395526,-26.407658763114213,2,0.0014449703492574412,0.9921875,1280
bayesfl_observability_v1,ola_sparse_bayesian_keep010_seed42,75,ola,global,,,layers.1.weight,db,76,-25.866990229395526,-24.785653161958138,-25.326321695676832,5,0.0036124258731435556,0.99609375,1280
bayesfl_observability_v1,ola_sparse_bayesian_keep010_seed42,75,ola,global,,,layers.1.weight,db,77,-24.785653161958138,-23.704316094520763,-24.24498462823945,4,0.0028899406985148824,0.99921875,1280
bayesfl_observability_v1,ola_sparse_bayesian_keep010_seed42,75,ola,global,,,layers.1.weight,db,78,-23.704316094520763,-22.622979027083375,-23.16364756080207,0,0.0,0.99921875,1280
bayesfl_observability_v1,ola_sparse_bayesian_keep010_seed42,75,ola,global,,,layers.1.weight,db,79,-22.622979027083375,-21.541641959646004,-22.082310493364687,1,0.000722485174628723,1.0,1280
bayesfl_observability_v1,ola_sparse_bayesian_keep010_seed42,75,ola,global,,,layers.1.bias,raw,0,0.0004876580548211285,0.0006550905312973926,0.0005713742930592606,2,1194.5113887648483,0.2,10
bayesfl_observability_v1,ola_sparse_bayesian_keep010_seed42,75,ola,global,,,layers.1.bias,raw,1,0.0006550905312973926,0.0008225230077736566,0.0007388067695355246,2,1194.5113887648483,0.4,10
bayesfl_observability_v1,ola_sparse_bayesian_keep010_seed42,75,ola,global,,,layers.1.bias,raw,2,0.0008225230077736566,0.0009899554842499208,0.0009062392460117887,0,0.0,0.4,10
bayesfl_observability_v1,ola_sparse_bayesian_keep010_seed42,75,ola,global,,,layers.1.bias,raw,3,0.0009899554842499208,0.0011573879607261848,0.001073671722488053,1,597.2556943824246,0.5,10
bayesfl_observability_v1,ola_sparse_bayesian_keep010_seed42,75,ola,global,,,layers.1.bias,raw,4,0.0011573879607261848,0.0013248204372024487,0.0012411041989643166,1,597.2556943824246,0.6,10
bayesfl_observability_v1,ola_sparse_bayesian_keep010_seed42,75,ola,global,,,layers.1.bias,raw,5,0.0013248204372024487,0.0014922529136787129,0.0014085366754405808,0,0.0,0.6,10
bayesfl_observability_v1,ola_sparse_bayesian_keep010_seed42,75,ola,global,,,layers.1.bias,raw,6,0.0014922529136787129,0.0016596853901549768,0.001575969151916845,0,0.0,0.6,10
bayesfl_observability_v1,ola_sparse_bayesian_keep010_seed42,75,ola,global,,,layers.1.bias,raw,7,0.0016596853901549768,0.001827117866631241,0.001743401628393109,0,0.0,0.6,10
bayesfl_observability_v1,ola_sparse_bayesian_keep010_seed42,75,ola,global,,,layers.1.bias,raw,8,0.001827117866631241,0.0019945503431075054,0.0019108341048693733,0,0.0,0.6,10
bayesfl_observability_v1,ola_sparse_bayesian_keep010_seed42,75,ola,global,,,layers.1.bias,raw,9,0.0019945503431075054,0.002161982819583769,0.002078266581345637,0,0.0,0.6,10
bayesfl_observability_v1,ola_sparse_bayesian_keep010_seed42,75,ola,global,,,layers.1.bias,raw,10,0.002161982819583769,0.002329415296060033,0.0022456990578219012,0,0.0,0.6,10
bayesfl_observability_v1,ola_sparse_bayesian_keep010_seed42,75,ola,global,,,layers.1.bias,raw,11,0.002329415296060033,0.002496847772536297,0.002413131534298165,0,0.0,0.6,10
bayesfl_observability_v1,ola_sparse_bayesian_keep010_seed42,75,ola,global,,,layers.1.bias,raw,12,0.002496847772536297,0.002664280249012561,0.002580564010774429,0,0.0,0.6,10
bayesfl_observability_v1,ola_sparse_bayesian_keep010_seed42,75,ola,global,,,layers.1.bias,raw,13,0.002664280249012561,0.0028317127254888254,0.0027479964872506933,0,0.0,0.6,10
bayesfl_observability_v1,ola_sparse_bayesian_keep010_seed42,75,ola,global,,,layers.1.bias,raw,14,0.0028317127254888254,0.0029991452019650896,0.0029154289637269575,0,0.0,0.6,10
bayesfl_observability_v1,ola_sparse_bayesian_keep010_seed42,75,ola,global,,,layers.1.bias,raw,15,0.0029991452019650896,0.0031665776784413537,0.0030828614402032216,0,0.0,0.6,10
bayesfl_observability_v1,ola_sparse_bayesian_keep010_seed42,75,ola,global,,,layers.1.bias,raw,16,0.0031665776784413537,0.003334010154917618,0.003250293916679486,0,0.0,0.6,10
bayesfl_observability_v1,ola_sparse_bayesian_keep010_seed42,75,ola,global,,,layers.1.bias,raw,17,0.003334010154917618,0.003501442631393882,0.00341772639315575,0,0.0,0.6,10
bayesfl_observability_v1,ola_sparse_bayesian_keep010_seed42,75,ola,global,,,layers.1.bias,raw,18,0.003501442631393882,0.0036688751078701454,0.0035851588696320137,0,0.0,0.6,10
bayesfl_observability_v1,ola_sparse_bayesian_keep010_seed42,75,ola,global,,,layers.1.bias,raw,19,0.0036688751078701454,0.0038363075843464095,0.0037525913461082775,1,597.2556943824238,0.7,10
bayesfl_observability_v1,ola_sparse_bayesian_keep010_seed42,75,ola,global,,,layers.1.bias,raw,20,0.0038363075843464095,0.004003740060822674,0.003920023822584542,0,0.0,0.7,10
bayesfl_observability_v1,ola_sparse_bayesian_keep010_seed42,75,ola,global,,,layers.1.bias,raw,21,0.004003740060822674,0.004171172537298938,0.004087456299060805,0,0.0,0.7,10
bayesfl_observability_v1,ola_sparse_bayesian_keep010_seed42,75,ola,global,,,layers.1.bias,raw,22,0.004171172537298938,0.004338605013775202,0.00425488877553707,0,0.0,0.7,10
bayesfl_observability_v1,ola_sparse_bayesian_keep010_seed42,75,ola,global,,,layers.1.bias,raw,23,0.004338605013775202,0.004506037490251466,0.004422321252013334,0,0.0,0.7,10
bayesfl_observability_v1,ola_sparse_bayesian_keep010_seed42,75,ola,global,,,layers.1.bias,raw,24,0.004506037490251466,0.00467346996672773,0.004589753728489599,0,0.0,0.7,10
bayesfl_observability_v1,ola_sparse_bayesian_keep010_seed42,75,ola,global,,,layers.1.bias,raw,25,0.00467346996672773,0.0048409024432039946,0.004757186204965862,1,597.2556943824238,0.8,10
bayesfl_observability_v1,ola_sparse_bayesian_keep010_seed42,75,ola,global,,,layers.1.bias,raw,26,0.0048409024432039946,0.005008334919680259,0.004924618681442127,1,597.2556943824238,0.9,10
bayesfl_observability_v1,ola_sparse_bayesian_keep010_seed42,75,ola,global,,,layers.1.bias,raw,27,0.005008334919680259,0.005175767396156522,0.00509205115791839,0,0.0,0.9,10
bayesfl_observability_v1,ola_sparse_bayesian_keep010_seed42,75,ola,global,,,layers.1.bias,raw,28,0.005175767396156522,0.005343199872632786,0.005259483634394654,0,0.0,0.9,10
bayesfl_observability_v1,ola_sparse_bayesian_keep010_seed42,75,ola,global,,,layers.1.bias,raw,29,0.005343199872632786,0.00551063234910905,0.005426916110870919,0,0.0,0.9,10
bayesfl_observability_v1,ola_sparse_bayesian_keep010_seed42,75,ola,global,,,layers.1.bias,raw,30,0.00551063234910905,0.0056780648255853145,0.005594348587347182,0,0.0,0.9,10
bayesfl_observability_v1,ola_sparse_bayesian_keep010_seed42,75,ola,global,,,layers.1.bias,raw,31,0.0056780648255853145,0.005845497302061579,0.005761781063823447,0,0.0,0.9,10
bayesfl_observability_v1,ola_sparse_bayesian_keep010_seed42,75,ola,global,,,layers.1.bias,raw,32,0.005845497302061579,0.006012929778537843,0.00592921354029971,0,0.0,0.9,10
bayesfl_observability_v1,ola_sparse_bayesian_keep010_seed42,75,ola,global,,,layers.1.bias,raw,33,0.006012929778537843,0.006180362255014107,0.006096646016775975,0,0.0,0.9,10
bayesfl_observability_v1,ola_sparse_bayesian_keep010_seed42,75,ola,global,,,layers.1.bias,raw,34,0.006180362255014107,0.006347794731490371,0.006264078493252239,0,0.0,0.9,10
bayesfl_observability_v1,ola_sparse_bayesian_keep010_seed42,75,ola,global,,,layers.1.bias,raw,35,0.006347794731490371,0.006515227207966635,0.006431510969728504,0,0.0,0.9,10
bayesfl_observability_v1,ola_sparse_bayesian_keep010_seed42,75,ola,global,,,layers.1.bias,raw,36,0.006515227207966635,0.006682659684442899,0.006598943446204767,0,0.0,0.9,10
bayesfl_observability_v1,ola_sparse_bayesian_keep010_seed42,75,ola,global,,,layers.1.bias,raw,37,0.006682659684442899,0.006850092160919163,0.00676637592268103,0,0.0,0.9,10
bayesfl_observability_v1,ola_sparse_bayesian_keep010_seed42,75,ola,global,,,layers.1.bias,raw,38,0.006850092160919163,0.007017524637395427,0.006933808399157295,0,0.0,0.9,10
bayesfl_observability_v1,ola_sparse_bayesian_keep010_seed42,75,ola,global,,,layers.1.bias,raw,39,0.007017524637395427,0.007184957113871691,0.007101240875633559,0,0.0,0.9,10
bayesfl_observability_v1,ola_sparse_bayesian_keep010_seed42,75,ola,global,,,layers.1.bias,raw,40,0.007184957113871691,0.007352389590347955,0.007268673352109824,0,0.0,0.9,10
bayesfl_observability_v1,ola_sparse_bayesian_keep010_seed42,75,ola,global,,,layers.1.bias,raw,41,0.007352389590347955,0.0075198220668242196,0.007436105828586087,0,0.0,0.9,10
bayesfl_observability_v1,ola_sparse_bayesian_keep010_seed42,75,ola,global,,,layers.1.bias,raw,42,0.0075198220668242196,0.007687254543300484,0.007603538305062352,0,0.0,0.9,10
bayesfl_observability_v1,ola_sparse_bayesian_keep010_seed42,75,ola,global,,,layers.1.bias,raw,43,0.007687254543300484,0.007854687019776747,0.007770970781538615,0,0.0,0.9,10
bayesfl_observability_v1,ola_sparse_bayesian_keep010_seed42,75,ola,global,,,layers.1.bias,raw,44,0.007854687019776747,0.00802211949625301,0.007938403258014879,0,0.0,0.9,10
bayesfl_observability_v1,ola_sparse_bayesian_keep010_seed42,75,ola,global,,,layers.1.bias,raw,45,0.00802211949625301,0.008189551972729275,0.008105835734491144,0,0.0,0.9,10
bayesfl_observability_v1,ola_sparse_bayesian_keep010_seed42,75,ola,global,,,layers.1.bias,raw,46,0.008189551972729275,0.00835698444920554,0.008273268210967407,0,0.0,0.9,10
bayesfl_observability_v1,ola_sparse_bayesian_keep010_seed42,75,ola,global,,,layers.1.bias,raw,47,0.00835698444920554,0.008524416925681804,0.008440700687443672,0,0.0,0.9,10
bayesfl_observability_v1,ola_sparse_bayesian_keep010_seed42,75,ola,global,,,layers.1.bias,raw,48,0.008524416925681804,0.008691849402158067,0.008608133163919935,0,0.0,0.9,10
bayesfl_observability_v1,ola_sparse_bayesian_keep010_seed42,75,ola,global,,,layers.1.bias,raw,49,0.008691849402158067,0.008859281878634332,0.0087755656403962,0,0.0,0.9,10
bayesfl_observability_v1,ola_sparse_bayesian_keep010_seed42,75,ola,global,,,layers.1.bias,raw,50,0.008859281878634332,0.009026714355110595,0.008942998116872464,0,0.0,0.9,10
bayesfl_observability_v1,ola_sparse_bayesian_keep010_seed42,75,ola,global,,,layers.1.bias,raw,51,0.009026714355110595,0.00919414683158686,0.009110430593348727,0,0.0,0.9,10
bayesfl_observability_v1,ola_sparse_bayesian_keep010_seed42,75,ola,global,,,layers.1.bias,raw,52,0.00919414683158686,0.009361579308063124,0.009277863069824992,0,0.0,0.9,10
bayesfl_observability_v1,ola_sparse_bayesian_keep010_seed42,75,ola,global,,,layers.1.bias,raw,53,0.009361579308063124,0.009529011784539389,0.009445295546301257,0,0.0,0.9,10
bayesfl_observability_v1,ola_sparse_bayesian_keep010_seed42,75,ola,global,,,layers.1.bias,raw,54,0.009529011784539389,0.009696444261015652,0.00961272802277752,0,0.0,0.9,10
bayesfl_observability_v1,ola_sparse_bayesian_keep010_seed42,75,ola,global,,,layers.1.bias,raw,55,0.009696444261015652,0.009863876737491915,0.009780160499253784,0,0.0,0.9,10
bayesfl_observability_v1,ola_sparse_bayesian_keep010_seed42,75,ola,global,,,layers.1.bias,raw,56,0.009863876737491915,0.01003130921396818,0.009947592975730047,0,0.0,0.9,10
bayesfl_observability_v1,ola_sparse_bayesian_keep010_seed42,75,ola,global,,,layers.1.bias,raw,57,0.01003130921396818,0.010198741690444444,0.010115025452206312,0,0.0,0.9,10
bayesfl_observability_v1,ola_sparse_bayesian_keep010_seed42,75,ola,global,,,layers.1.bias,raw,58,0.010198741690444444,0.010366174166920709,0.010282457928682577,0,0.0,0.9,10
bayesfl_observability_v1,ola_sparse_bayesian_keep010_seed42,75,ola,global,,,layers.1.bias,raw,59,0.010366174166920709,0.010533606643396972,0.01044989040515884,0,0.0,0.9,10
bayesfl_observability_v1,ola_sparse_bayesian_keep010_seed42,75,ola,global,,,layers.1.bias,raw,60,0.010533606643396972,0.010701039119873237,0.010617322881635104,0,0.0,0.9,10
bayesfl_observability_v1,ola_sparse_bayesian_keep010_seed42,75,ola,global,,,layers.1.bias,raw,61,0.010701039119873237,0.0108684715963495,0.010784755358111369,0,0.0,0.9,10
bayesfl_observability_v1,ola_sparse_bayesian_keep010_seed42,75,ola,global,,,layers.1.bias,raw,62,0.0108684715963495,0.011035904072825765,0.010952187834587634,0,0.0,0.9,10
bayesfl_observability_v1,ola_sparse_bayesian_keep010_seed42,75,ola,global,,,layers.1.bias,raw,63,0.011035904072825765,0.011203336549302029,0.011119620311063897,0,0.0,0.9,10
bayesfl_observability_v1,ola_sparse_bayesian_keep010_seed42,75,ola,global,,,layers.1.bias,raw,64,0.011203336549302029,0.011370769025778292,0.01128705278754016,0,0.0,0.9,10
bayesfl_observability_v1,ola_sparse_bayesian_keep010_seed42,75,ola,global,,,layers.1.bias,raw,65,0.011370769025778292,0.011538201502254557,0.011454485264016424,0,0.0,0.9,10
bayesfl_observability_v1,ola_sparse_bayesian_keep010_seed42,75,ola,global,,,layers.1.bias,raw,66,0.011538201502254557,0.01170563397873082,0.011621917740492689,0,0.0,0.9,10
bayesfl_observability_v1,ola_sparse_bayesian_keep010_seed42,75,ola,global,,,layers.1.bias,raw,67,0.01170563397873082,0.011873066455207085,0.011789350216968954,0,0.0,0.9,10
bayesfl_observability_v1,ola_sparse_bayesian_keep010_seed42,75,ola,global,,,layers.1.bias,raw,68,0.011873066455207085,0.012040498931683349,0.011956782693445217,0,0.0,0.9,10
bayesfl_observability_v1,ola_sparse_bayesian_keep010_seed42,75,ola,global,,,layers.1.bias,raw,69,0.012040498931683349,0.012207931408159614,0.01212421516992148,0,0.0,0.9,10
bayesfl_observability_v1,ola_sparse_bayesian_keep010_seed42,75,ola,global,,,layers.1.bias,raw,70,0.012207931408159614,0.012375363884635877,0.012291647646397745,0,0.0,0.9,10
bayesfl_observability_v1,ola_sparse_bayesian_keep010_seed42,75,ola,global,,,layers.1.bias,raw,71,0.012375363884635877,0.012542796361112142,0.01245908012287401,0,0.0,0.9,10
bayesfl_observability_v1,ola_sparse_bayesian_keep010_seed42,75,ola,global,,,layers.1.bias,raw,72,0.012542796361112142,0.012710228837588405,0.012626512599350274,0,0.0,0.9,10
bayesfl_observability_v1,ola_sparse_bayesian_keep010_seed42,75,ola,global,,,layers.1.bias,raw,73,0.012710228837588405,0.012877661314064669,0.012793945075826537,0,0.0,0.9,10
bayesfl_observability_v1,ola_sparse_bayesian_keep010_seed42,75,ola,global,,,layers.1.bias,raw,74,0.012877661314064669,0.013045093790540934,0.0129613775523028,0,0.0,0.9,10
bayesfl_observability_v1,ola_sparse_bayesian_keep010_seed42,75,ola,global,,,layers.1.bias,raw,75,0.013045093790540934,0.013212526267017197,0.013128810028779065,0,0.0,0.9,10
bayesfl_observability_v1,ola_sparse_bayesian_keep010_seed42,75,ola,global,,,layers.1.bias,raw,76,0.013212526267017197,0.013379958743493462,0.01329624250525533,0,0.0,0.9,10
bayesfl_observability_v1,ola_sparse_bayesian_keep010_seed42,75,ola,global,,,layers.1.bias,raw,77,0.013379958743493462,0.013547391219969725,0.013463674981731594,0,0.0,0.9,10
bayesfl_observability_v1,ola_sparse_bayesian_keep010_seed42,75,ola,global,,,layers.1.bias,raw,78,0.013547391219969725,0.01371482369644599,0.013631107458207857,0,0.0,0.9,10
bayesfl_observability_v1,ola_sparse_bayesian_keep010_seed42,75,ola,global,,,layers.1.bias,raw,79,0.01371482369644599,0.013882256172922254,0.013798539934684122,1,597.2556943824269,1.0,10
bayesfl_observability_v1,ola_sparse_bayesian_keep010_seed42,75,ola,global,,,layers.1.bias,db,0,-66.23769194204635,-65.87410577919033,-66.05589886061834,1,0.27503796958191445,0.1,10
bayesfl_observability_v1,ola_sparse_bayesian_keep010_seed42,75,ola,global,,,layers.1.bias,db,1,-65.87410577919033,-65.51051961633429,-65.6923126977623,0,0.0,0.1,10
bayesfl_observability_v1,ola_sparse_bayesian_keep010_seed42,75,ola,global,,,layers.1.bias,db,2,-65.51051961633429,-65.14693345347827,-65.32872653490628,0,0.0,0.1,10
bayesfl_observability_v1,ola_sparse_bayesian_keep010_seed42,75,ola,global,,,layers.1.bias,db,3,-65.14693345347827,-64.78334729062223,-64.96514037205026,1,0.27503796958190374,0.2,10
bayesfl_observability_v1,ola_sparse_bayesian_keep010_seed42,75,ola,global,,,layers.1.bias,db,4,-64.78334729062223,-64.41976112776621,-64.60155420919422,0,0.0,0.2,10
bayesfl_observability_v1,ola_sparse_bayesian_keep010_seed42,75,ola,global,,,layers.1.bias,db,5,-64.41976112776621,-64.05617496491017,-64.23796804633818,0,0.0,0.2,10
bayesfl_observability_v1,ola_sparse_bayesian_keep010_seed42,75,ola,global,,,layers.1.bias,db,6,-64.05617496491017,-63.692588802054146,-63.87438188348216,0,0.0,0.2,10
bayesfl_observability_v1,ola_sparse_bayesian_keep010_seed42,75,ola,global,,,layers.1.bias,db,7,-63.692588802054146,-63.329002639198116,-63.510795720626135,0,0.0,0.2,10
bayesfl_observability_v1,ola_sparse_bayesian_keep010_seed42,75,ola,global,,,layers.1.bias,db,8,-63.329002639198116,-62.965416476342085,-63.1472095577701,0,0.0,0.2,10
bayesfl_observability_v1,ola_sparse_bayesian_keep010_seed42,75,ola,global,,,layers.1.bias,db,9,-62.965416476342085,-62.601830313486055,-62.78362339491407,1,0.2750379695819091,0.3,10
bayesfl_observability_v1,ola_sparse_bayesian_keep010_seed42,75,ola,global,,,layers.1.bias,db,10,-62.601830313486055,-62.238244150630024,-62.420037232058036,0,0.0,0.3,10
bayesfl_observability_v1,ola_sparse_bayesian_keep010_seed42,75,ola,global,,,layers.1.bias,db,11,-62.238244150630024,-61.87465798777399,-62.05645106920201,0,0.0,0.3,10
bayesfl_observability_v1,ola_sparse_bayesian_keep010_seed42,75,ola,global,,,layers.1.bias,db,12,-61.87465798777399,-61.51107182491796,-61.692864906345974,1,0.2750379695819091,0.4,10
bayesfl_observability_v1,ola_sparse_bayesian_keep010_seed42,75,ola,global,,,layers.1.bias,db,13,-61.51107182491796,-61.14748566206193,-61.32927874348995,0,0.0,0.4,10
bayesfl_observability_v1,ola_sparse_bayesian_keep010_seed42,75,ola,global,,,layers.1.bias,db,14,-61.14748566206193,-60.7838994992059,-60.96569258063391,0,0.0,0.4,10
bayesfl_observability_v1,ola_sparse_bayesian_keep010_seed42,75,ola,global,,,layers.1.bias,db,15,-60.7838994992059,-60.42031333634987,-60.60210641777789,0,0.0,0.4,10
bayesfl_observability_v1,ola_sparse_bayesian_keep010_seed42,75,ola,global,,,layers.1.bias,db,16,-60.42031333634987,-60.05672717349384,-60.23852025492185,0,0.0,0.4,10
bayesfl_observability_v1,ola_sparse_bayesian_keep010_seed42,75,ola,global,,,layers.1.bias,db,17,-60.05672717349384,-59.69314101063781,-59.87493409206583,0,0.0,0.4,10
bayesfl_observability_v1,ola_sparse_bayesian_keep010_seed42,75,ola,global,,,layers.1.bias,db,18,-59.69314101063781,-59.32955484778178,-59.51134792920979,1,0.2750379695819091,0.5,10
bayesfl_observability_v1,ola_sparse_bayesian_keep010_seed42,75,ola,global,,,layers.1.bias,db,19,-59.32955484778178,-58.965968684925755,-59.14776176635377,0,0.0,0.5,10
bayesfl_observability_v1,ola_sparse_bayesian_keep010_seed42,75,ola,global,,,layers.1.bias,db,20,-58.965968684925755,-58.602382522069725,-58.784175603497744,0,0.0,0.5,10
bayesfl_observability_v1,ola_sparse_bayesian_keep010_seed42,75,ola,global,,,layers.1.bias,db,21,-58.602382522069725,-58.238796359213694,-58.420589440641706,0,0.0,0.5,10
bayesfl_observability_v1,ola_sparse_bayesian_keep010_seed42,75,ola,global,,,layers.1.bias,db,22,-58.238796359213694,-57.87521019635766,-58.05700327778568,0,0.0,0.5,10
bayesfl_observability_v1,ola_sparse_bayesian_keep010_seed42,75,ola,global,,,layers.1.bias,db,23,-57.87521019635766,-57.51162403350163,-57.693417114929645,1,0.2750379695819091,0.6,10
bayesfl_observability_v1,ola_sparse_bayesian_keep010_seed42,75,ola,global,,,layers.1.bias,db,24,-57.51162403350163,-57.1480378706456,-57.32983095207362,0,0.0,0.6,10
bayesfl_observability_v1,ola_sparse_bayesian_keep010_seed42,75,ola,global,,,layers.1.bias,db,25,-57.1480378706456,-56.78445170778957,-56.96624478921758,0,0.0,0.6,10
bayesfl_observability_v1,ola_sparse_bayesian_keep010_seed42,75,ola,global,,,layers.1.bias,db,26,-56.78445170778957,-56.42086554493354,-56.60265862636156,0,0.0,0.6,10
bayesfl_observability_v1,ola_sparse_bayesian_keep010_seed42,75,ola,global,,,layers.1.bias,db,27,-56.42086554493354,-56.05727938207751,-56.23907246350552,0,0.0,0.6,10
bayesfl_observability_v1,ola_sparse_bayesian_keep010_seed42,75,ola,global,,,layers.1.bias,db,28,-56.05727938207751,-55.69369321922148,-55.8754863006495,0,0.0,0.6,10
bayesfl_observability_v1,ola_sparse_bayesian_keep010_seed42,75,ola,global,,,layers.1.bias,db,29,-55.69369321922148,-55.33010705636545,-55.51190013779346,0,0.0,0.6,10
bayesfl_observability_v1,ola_sparse_bayesian_keep010_seed42,75,ola,global,,,layers.1.bias,db,30,-55.33010705636545,-54.966520893509426,-55.14831397493744,0,0.0,0.6,10
bayesfl_observability_v1,ola_sparse_bayesian_keep010_seed42,75,ola,global,,,layers.1.bias,db,31,-54.966520893509426,-54.60293473065339,-54.78472781208141,0,0.0,0.6,10
bayesfl_observability_v1,ola_sparse_bayesian_keep010_seed42,75,ola,global,,,layers.1.bias,db,32,-54.60293473065339,-54.239348567797364,-54.421141649225376,0,0.0,0.6,10
bayesfl_observability_v1,ola_sparse_bayesian_keep010_seed42,75,ola,global,,,layers.1.bias,db,33,-54.239348567797364,-53.875762404941334,-54.05755548636935,0,0.0,0.6,10
bayesfl_observability_v1,ola_sparse_bayesian_keep010_seed42,75,ola,global,,,layers.1.bias,db,34,-53.875762404941334,-53.5121762420853,-53.693969323513315,0,0.0,0.6,10
bayesfl_observability_v1,ola_sparse_bayesian_keep010_seed42,75,ola,global,,,layers.1.bias,db,35,-53.5121762420853,-53.14859007922927,-53.33038316065729,0,0.0,0.6,10
bayesfl_observability_v1,ola_sparse_bayesian_keep010_seed42,75,ola,global,,,layers.1.bias,db,36,-53.14859007922927,-52.78500391637324,-52.966796997801254,0,0.0,0.6,10
bayesfl_observability_v1,ola_sparse_bayesian_keep010_seed42,75,ola,global,,,layers.1.bias,db,37,-52.78500391637324,-52.42141775351721,-52.60321083494523,0,0.0,0.6,10
bayesfl_observability_v1,ola_sparse_bayesian_keep010_seed42,75,ola,global,,,layers.1.bias,db,38,-52.42141775351721,-52.05783159066118,-52.23962467208919,0,0.0,0.6,10
bayesfl_observability_v1,ola_sparse_bayesian_keep010_seed42,75,ola,global,,,layers.1.bias,db,39,-52.05783159066118,-51.69424542780515,-51.87603850923317,0,0.0,0.6,10
bayesfl_observability_v1,ola_sparse_bayesian_keep010_seed42,75,ola,global,,,layers.1.bias,db,40,-51.69424542780515,-51.33065926494912,-51.51245234637713,0,0.0,0.6,10
bayesfl_observability_v1,ola_sparse_bayesian_keep010_seed42,75,ola,global,,,layers.1.bias,db,41,-51.33065926494912,-50.96707310209309,-51.14886618352111,0,0.0,0.6,10
bayesfl_observability_v1,ola_sparse_bayesian_keep010_seed42,75,ola,global,,,layers.1.bias,db,42,-50.96707310209309,-50.60348693923706,-50.78528002066507,0,0.0,0.6,10
bayesfl_observability_v1,ola_sparse_bayesian_keep010_seed42,75,ola,global,,,layers.1.bias,db,43,-50.60348693923706,-50.239900776381035,-50.421693857809046,0,0.0,0.6,10
bayesfl_observability_v1,ola_sparse_bayesian_keep010_seed42,75,ola,global,,,layers.1.bias,db,44,-50.239900776381035,-49.876314613525,-50.058107694953016,0,0.0,0.6,10
bayesfl_observability_v1,ola_sparse_bayesian_keep010_seed42,75,ola,global,,,layers.1.bias,db,45,-49.876314613525,-49.51272845066897,-49.694521532096985,0,0.0,0.6,10
bayesfl_observability_v1,ola_sparse_bayesian_keep010_seed42,75,ola,global,,,layers.1.bias,db,46,-49.51272845066897,-49.149142287812936,-49.330935369240954,0,0.0,0.6,10
bayesfl_observability_v1,ola_sparse_bayesian_keep010_seed42,75,ola,global,,,layers.1.bias,db,47,-49.149142287812936,-48.78555612495691,-48.967349206384924,0,0.0,0.6,10
bayesfl_observability_v1,ola_sparse_bayesian_keep010_seed42,75,ola,global,,,layers.1.bias,db,48,-48.78555612495691,-48.42196996210088,-48.6037630435289,1,0.2750379695819091,0.7,10
bayesfl_observability_v1,ola_sparse_bayesian_keep010_seed42,75,ola,global,,,layers.1.bias,db,49,-48.42196996210088,-48.05838379924485,-48.24017688067286,0,0.0,0.7,10
bayesfl_observability_v1,ola_sparse_bayesian_keep010_seed42,75,ola,global,,,layers.1.bias,db,50,-48.05838379924485,-47.69479763638882,-47.87659071781684,0,0.0,0.7,10
bayesfl_observability_v1,ola_sparse_bayesian_keep010_seed42,75,ola,global,,,layers.1.bias,db,51,-47.69479763638882,-47.33121147353279,-47.5130045549608,0,0.0,0.7,10
bayesfl_observability_v1,ola_sparse_bayesian_keep010_seed42,75,ola,global,,,layers.1.bias,db,52,-47.33121147353279,-46.96762531067676,-47.14941839210478,0,0.0,0.7,10
bayesfl_observability_v1,ola_sparse_bayesian_keep010_seed42,75,ola,global,,,layers.1.bias,db,53,-46.96762531067676,-46.60403914782073,-46.78583222924874,0,0.0,0.7,10
bayesfl_observability_v1,ola_sparse_bayesian_keep010_seed42,75,ola,global,,,layers.1.bias,db,54,-46.60403914782073,-46.240452984964705,-46.42224606639272,2,0.5500759391638289,0.9,10
bayesfl_observability_v1,ola_sparse_bayesian_keep010_seed42,75,ola,global,,,layers.1.bias,db,55,-46.240452984964705,-45.87686682210867,-46.058659903536686,0,0.0,0.9,10
bayesfl_observability_v1,ola_sparse_bayesian_keep010_seed42,75,ola,global,,,layers.1.bias,db,56,-45.87686682210867,-45.51328065925264,-45.695073740680655,0,0.0,0.9,10
bayesfl_observability_v1,ola_sparse_bayesian_keep010_seed42,75,ola,global,,,layers.1.bias,db,57,-45.51328065925264,-45.149694496396606,-45.331487577824625,0,0.0,0.9,10
bayesfl_observability_v1,ola_sparse_bayesian_keep010_seed42,75,ola,global,,,layers.1.bias,db,58,-45.149694496396606,-44.78610833354058,-44.967901414968594,0,0.0,0.9,10
bayesfl_observability_v1,ola_sparse_bayesian_keep010_seed42,75,ola,global,,,layers.1.bias,db,59,-44.78610833354058,-44.422522170684545,-44.60431525211256,0,0.0,0.9,10
bayesfl_observability_v1,ola_sparse_bayesian_keep010_seed42,75,ola,global,,,layers.1.bias,db,60,-44.422522170684545,-44.05893600782852,-44.24072908925653,0,0.0,0.9,10
bayesfl_observability_v1,ola_sparse_bayesian_keep010_seed42,75,ola,global,,,layers.1.bias,db,61,-44.05893600782852,-43.69534984497249,-43.87714292640051,0,0.0,0.9,10
bayesfl_observability_v1,ola_sparse_bayesian_keep010_seed42,75,ola,global,,,layers.1.bias,db,62,-43.69534984497249,-43.33176368211646,-43.51355676354447,0,0.0,0.9,10
bayesfl_observability_v1,ola_sparse_bayesian_keep010_seed42,75,ola,global,,,layers.1.bias,db,63,-43.33176368211646,-42.96817751926043,-43.14997060068845,0,0.0,0.9,10
bayesfl_observability_v1,ola_sparse_bayesian_keep010_seed42,75,ola,global,,,layers.1.bias,db,64,-42.96817751926043,-42.6045913564044,-42.78638443783241,0,0.0,0.9,10
bayesfl_observability_v1,ola_sparse_bayesian_keep010_seed42,75,ola,global,,,layers.1.bias,db,65,-42.6045913564044,-42.24100519354837,-42.42279827497639,0,0.0,0.9,10
bayesfl_observability_v1,ola_sparse_bayesian_keep010_seed42,75,ola,global,,,layers.1.bias,db,66,-42.24100519354837,-41.87741903069234,-42.05921211212035,0,0.0,0.9,10
bayesfl_observability_v1,ola_sparse_bayesian_keep010_seed42,75,ola,global,,,layers.1.bias,db,67,-41.87741903069234,-41.513832867836314,-41.695625949264326,0,0.0,0.9,10
bayesfl_observability_v1,ola_sparse_bayesian_keep010_seed42,75,ola,global,,,layers.1.bias,db,68,-41.513832867836314,-41.150246704980276,-41.332039786408295,0,0.0,0.9,10
bayesfl_observability_v1,ola_sparse_bayesian_keep010_seed42,75,ola,global,,,layers.1.bias,db,69,-41.150246704980276,-40.78666054212425,-40.968453623552264,0,0.0,0.9,10
bayesfl_observability_v1,ola_sparse_bayesian_keep010_seed42,75,ola,global,,,layers.1.bias,db,70,-40.78666054212425,-40.423074379268215,-40.604867460696234,0,0.0,0.9,10
bayesfl_observability_v1,ola_sparse_bayesian_keep010_seed42,75,ola,global,,,layers.1.bias,db,71,-40.423074379268215,-40.05948821641219,-40.2412812978402,0,0.0,0.9,10
bayesfl_observability_v1,ola_sparse_bayesian_keep010_seed42,75,ola,global,,,layers.1.bias,db,72,-40.05948821641219,-39.69590205355615,-39.87769513498417,0,0.0,0.9,10
bayesfl_observability_v1,ola_sparse_bayesian_keep010_seed42,75,ola,global,,,layers.1.bias,db,73,-39.69590205355615,-39.33231589070013,-39.51410897212814,0,0.0,0.9,10
bayesfl_observability_v1,ola_sparse_bayesian_keep010_seed42,75,ola,global,,,layers.1.bias,db,74,-39.33231589070013,-38.9687297278441,-39.15052280927212,0,0.0,0.9,10
bayesfl_observability_v1,ola_sparse_bayesian_keep010_seed42,75,ola,global,,,layers.1.bias,db,75,-38.9687297278441,-38.60514356498807,-38.78693664641608,0,0.0,0.9,10
bayesfl_observability_v1,ola_sparse_bayesian_keep010_seed42,75,ola,global,,,layers.1.bias,db,76,-38.60514356498807,-38.24155740213204,-38.42335048356006,0,0.0,0.9,10
bayesfl_observability_v1,ola_sparse_bayesian_keep010_seed42,75,ola,global,,,layers.1.bias,db,77,-38.24155740213204,-37.87797123927601,-38.05976432070402,0,0.0,0.9,10
bayesfl_observability_v1,ola_sparse_bayesian_keep010_seed42,75,ola,global,,,layers.1.bias,db,78,-37.87797123927601,-37.51438507641998,-37.696178157847996,0,0.0,0.9,10
bayesfl_observability_v1,ola_sparse_bayesian_keep010_seed42,75,ola,global,,,layers.1.bias,db,79,-37.51438507641998,-37.150798913563946,-37.33259199499196,1,0.2750379695819091,1.0,10
bayesfl_observability_v1,ola_sparse_bayesian_keep010_seed42,80,ola,global,,,all,raw,0,2.0005701773262004e-08,0.0011185518884009346,0.000559285947051354,77508,680.8922457602664,0.7615996855654908,101770
bayesfl_observability_v1,ola_sparse_bayesian_keep010_seed42,80,ola,global,,,all,raw,1,0.0011185518884009346,0.0022370837711000956,0.0016778178297505151,20604,181.0020105233593,0.9640562051685172,101770
bayesfl_observability_v1,ola_sparse_bayesian_keep010_seed42,80,ola,global,,,all,raw,2,0.0022370837711000956,0.003355615653799257,0.0027963497124496766,2657,23.34121248109908,0.9901640955094821,101770
bayesfl_observability_v1,ola_sparse_bayesian_keep010_seed42,80,ola,global,,,all,raw,3,0.003355615653799257,0.004474147536498418,0.003914881595148838,275,2.4158198841935454,0.9928662670728112,101770
bayesfl_observability_v1,ola_sparse_bayesian_keep010_seed42,80,ola,global,,,all,raw,4,0.004474147536498418,0.005592679419197579,0.005033413477847999,143,1.2562263397806435,0.9942713962857423,101770
bayesfl_observability_v1,ola_sparse_bayesian_keep010_seed42,80,ola,global,,,all,raw,5,0.005592679419197579,0.006711211301896741,0.0061519453605471605,100,0.8784799578885613,0.995254004126953,101770
bayesfl_observability_v1,ola_sparse_bayesian_keep010_seed42,80,ola,global,,,all,raw,6,0.006711211301896741,0.007829743184595903,0.0072704772432463215,87,0.7642775633630483,0.9961088729488061,101770
bayesfl_observability_v1,ola_sparse_bayesian_keep010_seed42,80,ola,global,,,all,raw,7,0.007829743184595903,0.008948275067295064,0.008389009125945483,68,0.5973663713642221,0.9967770462808293,101770
bayesfl_observability_v1,ola_sparse_bayesian_keep010_seed42,80,ola,global,,,all,raw,8,0.008948275067295064,0.010066806949994225,0.009507541008644645,50,0.43923997894428096,0.9972683502014346,101770
bayesfl_observability_v1,ola_sparse_bayesian_keep010_seed42,80,ola,global,,,all,raw,9,0.010066806949994225,0.011185338832693386,0.010626072891343805,40,0.35139198315542475,0.9976613933379188,101770
bayesfl_observability_v1,ola_sparse_bayesian_keep010_seed42,80,ola,global,,,all,raw,10,0.011185338832693386,0.012303870715392547,0.011744604774042967,24,0.21083518989325487,0.9978972192198093,101770
bayesfl_observability_v1,ola_sparse_bayesian_keep010_seed42,80,ola,global,,,all,raw,11,0.012303870715392547,0.01342240259809171,0.012863136656742128,25,0.21961998947214015,0.998142871180112,101770
bayesfl_observability_v1,ola_sparse_bayesian_keep010_seed42,80,ola,global,,,all,raw,12,0.01342240259809171,0.01454093448079087,0.01398166853944129,25,0.21961998947214048,0.9983885231404147,101770
bayesfl_observability_v1,ola_sparse_bayesian_keep010_seed42,80,ola,global,,,all,raw,13,0.01454093448079087,0.01565946636349003,0.01510020042214045,16,0.14055679326217013,0.9985457403950083,101770
bayesfl_observability_v1,ola_sparse_bayesian_keep010_seed42,80,ola,global,,,all,raw,14,0.01565946636349003,0.01677799824618919,0.01621873230483961,24,0.21083518989325517,0.9987815662768988,101770
bayesfl_observability_v1,ola_sparse_bayesian_keep010_seed42,80,ola,global,,,all,raw,15,0.01677799824618919,0.017896530128888352,0.01733726418753877,18,0.15812639241994092,0.9989584356883168,101770
bayesfl_observability_v1,ola_sparse_bayesian_keep010_seed42,80,ola,global,,,all,raw,16,0.017896530128888352,0.019015062011587515,0.018455796070237934,9,0.07906319620997046,0.9990468703940257,101770
bayesfl_observability_v1,ola_sparse_bayesian_keep010_seed42,80,ola,global,,,all,raw,17,0.019015062011587515,0.020133593894286674,0.019574327952937093,18,0.1581263924199414,0.9992237398054437,101770
bayesfl_observability_v1,ola_sparse_bayesian_keep010_seed42,80,ola,global,,,all,raw,18,0.020133593894286674,0.021252125776985837,0.020692859835636256,6,0.05270879747331364,0.9992826962759163,101770
bayesfl_observability_v1,ola_sparse_bayesian_keep010_seed42,80,ola,global,,,all,raw,19,0.021252125776985837,0.022370657659684996,0.02181139171833542,7,0.06149359705219943,0.999351478824801,101770
bayesfl_observability_v1,ola_sparse_bayesian_keep010_seed42,80,ola,global,,,all,raw,20,0.022370657659684996,0.02348918954238416,0.022929923601034578,4,0.03513919831554242,0.9993907831384494,101770
bayesfl_observability_v1,ola_sparse_bayesian_keep010_seed42,80,ola,global,,,all,raw,21,0.02348918954238416,0.02460772142508332,0.024048455483733737,6,0.05270879747331379,0.999449739608922,101770
bayesfl_observability_v1,ola_sparse_bayesian_keep010_seed42,80,ola,global,,,all,raw,22,0.02460772142508332,0.02572625330778248,0.0251669873664329,5,0.04392399789442803,0.9994988700009826,101770
bayesfl_observability_v1,ola_sparse_bayesian_keep010_seed42,80,ola,global,,,all,raw,23,0.02572625330778248,0.026844785190481644,0.026285519249132062,2,0.01756959915777121,0.9995185221578068,101770
bayesfl_observability_v1,ola_sparse_bayesian_keep010_seed42,80,ola,global,,,all,raw,24,0.026844785190481644,0.027963317073180803,0.027404051131831225,2,0.017569599157771267,0.999538174314631,101770
bayesfl_observability_v1,ola_sparse_bayesian_keep010_seed42,80,ola,global,,,all,raw,25,0.027963317073180803,0.029081848955879966,0.028522583014530384,5,0.04392399789442803,0.9995873047066915,101770
bayesfl_observability_v1,ola_sparse_bayesian_keep010_seed42,80,ola,global,,,all,raw,26,0.029081848955879966,0.030200380838579125,0.029641114897229544,5,0.04392399789442816,0.9996364350987521,101770
bayesfl_observability_v1,ola_sparse_bayesian_keep010_seed42,80,ola,global,,,all,raw,27,0.030200380838579125,0.03131891272127829,0.030759646779928707,2,0.01756959915777116,0.9996560872555763,101770
bayesfl_observability_v1,ola_sparse_bayesian_keep010_seed42,80,ola,global,,,all,raw,28,0.03131891272127829,0.032437444603977454,0.031878178662627876,3,0.02635439873665682,0.9996855654908127,101770
bayesfl_observability_v1,ola_sparse_bayesian_keep010_seed42,80,ola,global,,,all,raw,29,0.032437444603977454,0.03355597648667661,0.03299671054532703,1,0.00878479957888566,0.9996953915692247,101770
bayesfl_observability_v1,ola_sparse_bayesian_keep010_seed42,80,ola,global,,,all,raw,30,0.03355597648667661,0.03467450836937577,0.03411524242802619,4,0.03513919831554242,0.9997346958828731,101770
bayesfl_observability_v1,ola_sparse_bayesian_keep010_seed42,80,ola,global,,,all,raw,31,0.03467450836937577,0.035793040252074936,0.03523377431072536,3,0.02635439873665682,0.9997641741181095,101770
bayesfl_observability_v1,ola_sparse_bayesian_keep010_seed42,80,ola,global,,,all,raw,32,0.035793040252074936,0.0369115721347741,0.03635230619342451,3,0.02635439873665682,0.9997936523533458,101770
bayesfl_observability_v1,ola_sparse_bayesian_keep010_seed42,80,ola,global,,,all,raw,33,0.0369115721347741,0.03803010401747326,0.03747083807612368,1,0.008784799578885606,0.9998034784317579,101770
bayesfl_observability_v1,ola_sparse_bayesian_keep010_seed42,80,ola,global,,,all,raw,34,0.03803010401747326,0.03914863590017242,0.03858936995882284,2,0.01756959915777132,0.9998231305885821,101770
bayesfl_observability_v1,ola_sparse_bayesian_keep010_seed42,80,ola,global,,,all,raw,35,0.03914863590017242,0.04026716778287158,0.039707901841521995,2,0.01756959915777121,0.9998427827454063,101770
bayesfl_observability_v1,ola_sparse_bayesian_keep010_seed42,80,ola,global,,,all,raw,36,0.04026716778287158,0.04138569966557074,0.040826433724221164,0,0.0,0.9998427827454063,101770
bayesfl_observability_v1,ola_sparse_bayesian_keep010_seed42,80,ola,global,,,all,raw,37,0.04138569966557074,0.042504231548269905,0.04194496560692032,2,0.01756959915777121,0.9998624349022305,101770
bayesfl_observability_v1,ola_sparse_bayesian_keep010_seed42,80,ola,global,,,all,raw,38,0.042504231548269905,0.04362276343096906,0.04306349748961948,0,0.0,0.9998624349022305,101770
bayesfl_observability_v1,ola_sparse_bayesian_keep010_seed42,80,ola,global,,,all,raw,39,0.04362276343096906,0.044741295313668224,0.044182029372318646,0,0.0,0.9998624349022305,101770
bayesfl_observability_v1,ola_sparse_bayesian_keep010_seed42,80,ola,global,,,all,raw,40,0.044741295313668224,0.045859827196367386,0.0453005612550178,0,0.0,0.9998624349022305,101770
bayesfl_observability_v1,ola_sparse_bayesian_keep010_seed42,80,ola,global,,,all,raw,41,0.045859827196367386,0.04697835907906655,0.04641909313771697,1,0.008784799578885606,0.9998722609806426,101770
bayesfl_observability_v1,ola_sparse_bayesian_keep010_seed42,80,ola,global,,,all,raw,42,0.04697835907906655,0.04809689096176571,0.04753762502041613,1,0.008784799578885606,0.9998820870590547,101770
bayesfl_observability_v1,ola_sparse_bayesian_keep010_seed42,80,ola,global,,,all,raw,43,0.04809689096176571,0.04921542284446487,0.04865615690311529,1,0.00878479957888566,0.9998919131374668,101770
bayesfl_observability_v1,ola_sparse_bayesian_keep010_seed42,80,ola,global,,,all,raw,44,0.04921542284446487,0.05033395472716403,0.04977468878581445,0,0.0,0.9998919131374668,101770
bayesfl_observability_v1,ola_sparse_bayesian_keep010_seed42,80,ola,global,,,all,raw,45,0.05033395472716403,0.05145248660986319,0.05089322066851361,0,0.0,0.9998919131374668,101770
bayesfl_observability_v1,ola_sparse_bayesian_keep010_seed42,80,ola,global,,,all,raw,46,0.05145248660986319,0.052571018492562356,0.05201175255121278,2,0.01756959915777121,0.999911565294291,101770
bayesfl_observability_v1,ola_sparse_bayesian_keep010_seed42,80,ola,global,,,all,raw,47,0.052571018492562356,0.05368955037526152,0.053130284433911934,0,0.0,0.999911565294291,101770
bayesfl_observability_v1,ola_sparse_bayesian_keep010_seed42,80,ola,global,,,all,raw,48,0.05368955037526152,0.054808082257960675,0.0542488163166111,0,0.0,0.999911565294291,101770
bayesfl_observability_v1,ola_sparse_bayesian_keep010_seed42,80,ola,global,,,all,raw,49,0.054808082257960675,0.05592661414065984,0.05536734819931026,2,0.01756959915777121,0.9999312174511152,101770
bayesfl_observability_v1,ola_sparse_bayesian_keep010_seed42,80,ola,global,,,all,raw,50,0.05592661414065984,0.057045146023359,0.056485880082009415,1,0.008784799578885606,0.9999410435295274,101770
bayesfl_observability_v1,ola_sparse_bayesian_keep010_seed42,80,ola,global,,,all,raw,51,0.057045146023359,0.05816367790605816,0.057604411964708585,1,0.008784799578885606,0.9999508696079394,101770
bayesfl_observability_v1,ola_sparse_bayesian_keep010_seed42,80,ola,global,,,all,raw,52,0.05816367790605816,0.05928220978875732,0.05872294384740774,1,0.00878479957888566,0.9999606956863516,101770
bayesfl_observability_v1,ola_sparse_bayesian_keep010_seed42,80,ola,global,,,all,raw,53,0.05928220978875732,0.06040074167145648,0.0598414757301069,1,0.008784799578885606,0.9999705217647636,101770
bayesfl_observability_v1,ola_sparse_bayesian_keep010_seed42,80,ola,global,,,all,raw,54,0.06040074167145648,0.061519273554155644,0.060960007612806066,0,0.0,0.9999705217647636,101770
bayesfl_observability_v1,ola_sparse_bayesian_keep010_seed42,80,ola,global,,,all,raw,55,0.061519273554155644,0.06263780543685481,0.06207853949550522,0,0.0,0.9999705217647636,101770
bayesfl_observability_v1,ola_sparse_bayesian_keep010_seed42,80,ola,global,,,all,raw,56,0.06263780543685481,0.06375633731955396,0.06319707137820438,0,0.0,0.9999705217647636,101770
bayesfl_observability_v1,ola_sparse_bayesian_keep010_seed42,80,ola,global,,,all,raw,57,0.06375633731955396,0.06487486920225313,0.06431560326090355,1,0.008784799578885552,0.9999803478431758,101770
bayesfl_observability_v1,ola_sparse_bayesian_keep010_seed42,80,ola,global,,,all,raw,58,0.06487486920225313,0.06599340108495229,0.06543413514360272,0,0.0,0.9999803478431758,101770
bayesfl_observability_v1,ola_sparse_bayesian_keep010_seed42,80,ola,global,,,all,raw,59,0.06599340108495229,0.06711193296765144,0.06655266702630186,0,0.0,0.9999803478431758,101770
bayesfl_observability_v1,ola_sparse_bayesian_keep010_seed42,80,ola,global,,,all,raw,60,0.06711193296765144,0.06823046485035061,0.06767119890900103,0,0.0,0.9999803478431758,101770
bayesfl_observability_v1,ola_sparse_bayesian_keep010_seed42,80,ola,global,,,all,raw,61,0.06823046485035061,0.06934899673304977,0.0687897307917002,1,0.00878479957888566,0.9999901739215878,101770
bayesfl_observability_v1,ola_sparse_bayesian_keep010_seed42,80,ola,global,,,all,raw,62,0.06934899673304977,0.07046752861574894,0.06990826267439935,0,0.0,0.9999901739215878,101770
bayesfl_observability_v1,ola_sparse_bayesian_keep010_seed42,80,ola,global,,,all,raw,63,0.07046752861574894,0.0715860604984481,0.07102679455709851,0,0.0,0.9999901739215878,101770
bayesfl_observability_v1,ola_sparse_bayesian_keep010_seed42,80,ola,global,,,all,raw,64,0.0715860604984481,0.07270459238114725,0.07214532643979768,0,0.0,0.9999901739215878,101770
bayesfl_observability_v1,ola_sparse_bayesian_keep010_seed42,80,ola,global,,,all,raw,65,0.07270459238114725,0.07382312426384642,0.07326385832249684,0,0.0,0.9999901739215878,101770
bayesfl_observability_v1,ola_sparse_bayesian_keep010_seed42,80,ola,global,,,all,raw,66,0.07382312426384642,0.07494165614654558,0.07438239020519599,0,0.0,0.9999901739215878,101770
bayesfl_observability_v1,ola_sparse_bayesian_keep010_seed42,80,ola,global,,,all,raw,67,0.07494165614654558,0.07606018802924475,0.07550092208789516,0,0.0,0.9999901739215878,101770
bayesfl_observability_v1,ola_sparse_bayesian_keep010_seed42,80,ola,global,,,all,raw,68,0.07606018802924475,0.0771787199119439,0.07661945397059433,0,0.0,0.9999901739215878,101770
bayesfl_observability_v1,ola_sparse_bayesian_keep010_seed42,80,ola,global,,,all,raw,69,0.0771787199119439,0.07829725179464306,0.07773798585329347,0,0.0,0.9999901739215878,101770
bayesfl_observability_v1,ola_sparse_bayesian_keep010_seed42,80,ola,global,,,all,raw,70,0.07829725179464306,0.07941578367734223,0.07885651773599264,0,0.0,0.9999901739215878,101770
bayesfl_observability_v1,ola_sparse_bayesian_keep010_seed42,80,ola,global,,,all,raw,71,0.07941578367734223,0.08053431556004138,0.07997504961869181,0,0.0,0.9999901739215878,101770
bayesfl_observability_v1,ola_sparse_bayesian_keep010_seed42,80,ola,global,,,all,raw,72,0.08053431556004138,0.08165284744274055,0.08109358150139097,0,0.0,0.9999901739215878,101770
bayesfl_observability_v1,ola_sparse_bayesian_keep010_seed42,80,ola,global,,,all,raw,73,0.08165284744274055,0.08277137932543971,0.08221211338409012,0,0.0,0.9999901739215878,101770
bayesfl_observability_v1,ola_sparse_bayesian_keep010_seed42,80,ola,global,,,all,raw,74,0.08277137932543971,0.08388991120813886,0.0833306452667893,0,0.0,0.9999901739215878,101770
bayesfl_observability_v1,ola_sparse_bayesian_keep010_seed42,80,ola,global,,,all,raw,75,0.08388991120813886,0.08500844309083803,0.08444917714948845,0,0.0,0.9999901739215878,101770
bayesfl_observability_v1,ola_sparse_bayesian_keep010_seed42,80,ola,global,,,all,raw,76,0.08500844309083803,0.08612697497353719,0.0855677090321876,0,0.0,0.9999901739215878,101770
bayesfl_observability_v1,ola_sparse_bayesian_keep010_seed42,80,ola,global,,,all,raw,77,0.08612697497353719,0.08724550685623635,0.08668624091488678,0,0.0,0.9999901739215878,101770
bayesfl_observability_v1,ola_sparse_bayesian_keep010_seed42,80,ola,global,,,all,raw,78,0.08724550685623635,0.08836403873893552,0.08780477279758593,0,0.0,0.9999901739215878,101770
bayesfl_observability_v1,ola_sparse_bayesian_keep010_seed42,80,ola,global,,,all,raw,79,0.08836403873893552,0.08948257062163467,0.08892330468028509,1,0.00878479957888566,1.0,101770
bayesfl_observability_v1,ola_sparse_bayesian_keep010_seed42,80,ola,global,,,all,db,0,-153.97649003110982,-152.31384929275666,-153.14516966193324,1,5.90992280258838e-06,9.826078412105729e-06,101770
bayesfl_observability_v1,ola_sparse_bayesian_keep010_seed42,80,ola,global,,,all,db,1,-152.31384929275666,-150.65120855440347,-151.48252892358005,1,5.909922802588278e-06,1.9652156824211458e-05,101770
bayesfl_observability_v1,ola_sparse_bayesian_keep010_seed42,80,ola,global,,,all,db,2,-150.65120855440347,-148.9885678160503,-149.8198881852269,0,0.0,1.9652156824211458e-05,101770
bayesfl_observability_v1,ola_sparse_bayesian_keep010_seed42,80,ola,global,,,all,db,3,-148.9885678160503,-147.32592707769714,-148.15724744687373,3,1.772976840776514e-05,4.913039206052864e-05,101770
bayesfl_observability_v1,ola_sparse_bayesian_keep010_seed42,80,ola,global,,,all,db,4,-147.32592707769714,-145.66328633934395,-146.49460670852056,1,5.909922802588278e-06,5.895647047263437e-05,101770
bayesfl_observability_v1,ola_sparse_bayesian_keep010_seed42,80,ola,global,,,all,db,5,-145.66328633934395,-144.0006456009908,-144.83196597016737,0,0.0,5.895647047263437e-05,101770
bayesfl_observability_v1,ola_sparse_bayesian_keep010_seed42,80,ola,global,,,all,db,6,-144.0006456009908,-142.33800486263763,-143.1693252318142,0,0.0,5.895647047263437e-05,101770
bayesfl_observability_v1,ola_sparse_bayesian_keep010_seed42,80,ola,global,,,all,db,7,-142.33800486263763,-140.67536412428444,-141.50668449346102,1,5.909922802588278e-06,6.87825488847401e-05,101770
bayesfl_observability_v1,ola_sparse_bayesian_keep010_seed42,80,ola,global,,,all,db,8,-140.67536412428444,-139.01272338593128,-139.84404375510786,1,5.90992280258838e-06,7.860862729684583e-05,101770
bayesfl_observability_v1,ola_sparse_bayesian_keep010_seed42,80,ola,global,,,all,db,9,-139.01272338593128,-137.35008264757812,-138.1814030167547,2,1.181984560517676e-05,9.826078412105728e-05,101770
bayesfl_observability_v1,ola_sparse_bayesian_keep010_seed42,80,ola,global,,,all,db,10,-137.35008264757812,-135.68744190922493,-136.51876227840154,4,2.3639691210353113e-05,0.0001375650977694802,101770
bayesfl_observability_v1,ola_sparse_bayesian_keep010_seed42,80,ola,global,,,all,db,11,-135.68744190922493,-134.02480117087177,-134.85612154004835,1,5.90992280258838e-06,0.00014739117618158592,101770
bayesfl_observability_v1,ola_sparse_bayesian_keep010_seed42,80,ola,global,,,all,db,12,-134.02480117087177,-132.36216043251858,-133.19348080169516,2,1.1819845605176556e-05,0.00016704333300579738,101770
bayesfl_observability_v1,ola_sparse_bayesian_keep010_seed42,80,ola,global,,,all,db,13,-132.36216043251858,-130.69951969416542,-131.530840063342,10,5.9099228025883804e-05,0.00026530411712685466,101770
bayesfl_observability_v1,ola_sparse_bayesian_keep010_seed42,80,ola,global,,,all,db,14,-130.69951969416542,-129.03687895581226,-129.86819932498884,4,2.363969121035352e-05,0.0003046084307752776,101770
bayesfl_observability_v1,ola_sparse_bayesian_keep010_seed42,80,ola,global,,,all,db,15,-129.03687895581226,-127.37423821745908,-128.20555858663568,4,2.3639691210353316e-05,0.0003439127444237005,101770
bayesfl_observability_v1,ola_sparse_bayesian_keep010_seed42,80,ola,global,,,all,db,16,-127.37423821745908,-125.7115974791059,-126.54291784828249,6,3.5459536815529976e-05,0.00040286921489633487,101770
bayesfl_observability_v1,ola_sparse_bayesian_keep010_seed42,80,ola,global,,,all,db,17,-125.7115974791059,-124.04895674075273,-124.88027710992932,16,9.455876484141326e-05,0.0005600864694900265,101770
bayesfl_observability_v1,ola_sparse_bayesian_keep010_seed42,80,ola,global,,,all,db,18,-124.04895674075273,-122.38631600239957,-123.21763637157615,11,6.500915082847218e-05,0.0006681733320231895,101770
bayesfl_observability_v1,ola_sparse_bayesian_keep010_seed42,80,ola,global,,,all,db,19,-122.38631600239957,-120.72367526404639,-121.55499563322297,12,7.091907363105995e-05,0.0007860862729684582,101770
bayesfl_observability_v1,ola_sparse_bayesian_keep010_seed42,80,ola,global,,,all,db,20,-120.72367526404639,-119.06103452569322,-119.89235489486981,8,4.727938242070663e-05,0.0008646949002653041,101770
bayesfl_observability_v1,ola_sparse_bayesian_keep010_seed42,80,ola,global,,,all,db,21,-119.06103452569322,-117.39839378734004,-118.22971415651662,20,0.00011819845605176659,0.0010612164685074187,101770
bayesfl_observability_v1,ola_sparse_bayesian_keep010_seed42,80,ola,global,,,all,db,22,-117.39839378734004,-115.73575304898688,-116.56707341816346,17,0.00010046868764400246,0.001228259801513216,101770
bayesfl_observability_v1,ola_sparse_bayesian_keep010_seed42,80,ola,global,,,all,db,23,-115.73575304898688,-114.0731123106337,-114.9044326798103,35,0.00020684729809059154,0.0015721725459369165,101770
bayesfl_observability_v1,ola_sparse_bayesian_keep010_seed42,80,ola,global,,,all,db,24,-114.0731123106337,-112.41047157228053,-113.24179194145711,36,0.00021275722089317986,0.0019259113687727228,101770
bayesfl_observability_v1,ola_sparse_bayesian_keep010_seed42,80,ola,global,,,all,db,25,-112.41047157228053,-110.74783083392737,-111.57915120310395,37,0.00021866714369577007,0.0022894762700206347,101770
bayesfl_observability_v1,ola_sparse_bayesian_keep010_seed42,80,ola,global,,,all,db,26,-110.74783083392737,-109.08519009557419,-109.91651046475079,44,0.0002600366033138865,0.0027218237201532868,101770
bayesfl_observability_v1,ola_sparse_bayesian_keep010_seed42,80,ola,global,,,all,db,27,-109.08519009557419,-107.42254935722102,-108.2538697263976,62,0.0003664152137604764,0.003331040581703842,101770
bayesfl_observability_v1,ola_sparse_bayesian_keep010_seed42,80,ola,global,,,all,db,28,-107.42254935722102,-105.75990861886785,-106.59122898804443,50,0.000295496140129419,0.0038223445023091284,101770
bayesfl_observability_v1,ola_sparse_bayesian_keep010_seed42,80,ola,global,,,all,db,29,-105.75990861886785,-104.09726788051468,-104.92858824969127,79,0.00046688390140447805,0.004598604696865481,101770
bayesfl_observability_v1,ola_sparse_bayesian_keep010_seed42,80,ola,global,,,all,db,30,-104.09726788051468,-102.4346271421615,-103.26594751133808,96,0.0005673525890484796,0.005541908224427631,101770
bayesfl_observability_v1,ola_sparse_bayesian_keep010_seed42,80,ola,global,,,all,db,31,-102.4346271421615,-100.77198640380834,-101.60330677298492,124,0.0007328304275209591,0.006760341947528742,101770
bayesfl_observability_v1,ola_sparse_bayesian_keep010_seed42,80,ola,global,,,all,db,32,-100.77198640380834,-99.10934566545517,-99.94066603463176,115,0.0006796411222976579,0.0078903409649209,101770
bayesfl_observability_v1,ola_sparse_bayesian_keep010_seed42,80,ola,global,,,all,db,33,-99.10934566545517,-97.44670492710199,-98.27802529627857,160,0.0009455876484141327,0.009462513510857817,101770
bayesfl_observability_v1,ola_sparse_bayesian_keep010_seed42,80,ola,global,,,all,db,34,-97.44670492710199,-95.78406418874883,-96.61538455792541,229,0.001353372321792739,0.011712685467230028,101770
bayesfl_observability_v1,ola_sparse_bayesian_keep010_seed42,80,ola,global,,,all,db,35,-95.78406418874883,-94.12142345039564,-94.95274381957223,221,0.0013060929393720094,0.013884248796305395,101770
bayesfl_observability_v1,ola_sparse_bayesian_keep010_seed42,80,ola,global,,,all,db,36,-94.12142345039564,-92.45878271204248,-93.29010308121906,313,0.001849805837210163,0.016959811339294487,101770
bayesfl_observability_v1,ola_sparse_bayesian_keep010_seed42,80,ola,global,,,all,db,37,-92.45878271204248,-90.79614197368932,-91.6274623428659,347,0.0020507432124981678,0.020369460548295176,101770
bayesfl_observability_v1,ola_sparse_bayesian_keep010_seed42,80,ola,global,,,all,db,38,-90.79614197368932,-89.13350123533614,-89.96482160451274,417,0.0024644378086793334,0.024466935246143264,101770
bayesfl_observability_v1,ola_sparse_bayesian_keep010_seed42,80,ola,global,,,all,db,39,-89.13350123533614,-87.47086049698297,-88.30218086615955,517,0.0030554300889381663,0.029547017785201926,101770
bayesfl_observability_v1,ola_sparse_bayesian_keep010_seed42,80,ola,global,,,all,db,40,-87.47086049698297,-85.80821975862979,-86.63954012780638,631,0.003729161288433236,0.03574727326324064,101770
bayesfl_observability_v1,ola_sparse_bayesian_keep010_seed42,80,ola,global,,,all,db,41,-85.80821975862979,-84.14557902027661,-84.9768993894532,732,0.004326063491494657,0.04293996266090203,101770
bayesfl_observability_v1,ola_sparse_bayesian_keep010_seed42,80,ola,global,,,all,db,42,-84.14557902027661,-82.48293828192345,-83.31425865110003,894,0.005283470985514012,0.05172447676132456,101770
bayesfl_observability_v1,ola_sparse_bayesian_keep010_seed42,80,ola,global,,,all,db,43,-82.48293828192345,-80.82029754357028,-81.65161791274687,1112,0.006571834156478222,0.06265107595558612,101770
bayesfl_observability_v1,ola_sparse_bayesian_keep010_seed42,80,ola,global,,,all,db,44,-80.82029754357028,-79.1576568052171,-79.98897717439368,1342,0.007931116401073537,0.07583767318463201,101770
bayesfl_observability_v1,ola_sparse_bayesian_keep010_seed42,80,ola,global,,,all,db,45,-79.1576568052171,-77.49501606686394,-78.32633643604052,1672,0.009881390925927772,0.0922668762896728,101770
bayesfl_observability_v1,ola_sparse_bayesian_keep010_seed42,80,ola,global,,,all,db,46,-77.49501606686394,-75.83237532851076,-76.66369569768736,1951,0.011530259387849831,0.11143755527169107,101770
bayesfl_observability_v1,ola_sparse_bayesian_keep010_seed42,80,ola,global,,,all,db,47,-75.83237532851076,-74.16973459015759,-75.00105495933417,2445,0.014449761252328466,0.13546231698928957,101770
bayesfl_observability_v1,ola_sparse_bayesian_keep010_seed42,80,ola,global,,,all,db,48,-74.16973459015759,-72.50709385180443,-73.33841422098101,2827,0.01670735176291735,0.16324064066031246,101770
bayesfl_observability_v1,ola_sparse_bayesian_keep010_seed42,80,ola,global,,,all,db,49,-72.50709385180443,-70.84445311345125,-71.67577348262785,3527,0.02084429772472904,0.19789721921980938,101770
bayesfl_observability_v1,ola_sparse_bayesian_keep010_seed42,80,ola,global,,,all,db,50,-70.84445311345125,-69.18181237509808,-70.01313274427466,4325,0.025560416121194526,0.24039500835216665,101770
bayesfl_observability_v1,ola_sparse_bayesian_keep010_seed42,80,ola,global,,,all,db,51,-69.18181237509808,-67.5191716367449,-68.3504920059215,5269,0.031139383246837907,0.29216861550555173,101770
bayesfl_observability_v1,ola_sparse_bayesian_keep010_seed42,80,ola,global,,,all,db,52,-67.5191716367449,-65.85653089839174,-66.68785126756832,6281,0.03712022512305762,0.35388621401198783,101770
bayesfl_observability_v1,ola_sparse_bayesian_keep010_seed42,80,ola,global,,,all,db,53,-65.85653089839174,-64.19389016003856,-65.02521052921514,7536,0.04453717824030565,0.4279355409256166,101770
bayesfl_observability_v1,ola_sparse_bayesian_keep010_seed42,80,ola,global,,,all,db,54,-64.19389016003856,-62.53124942168539,-63.362569790861976,9079,0.053656189124699445,0.5171465068291244,101770
bayesfl_observability_v1,ola_sparse_bayesian_keep010_seed42,80,ola,global,,,all,db,55,-62.53124942168539,-60.868608683332226,-61.69992905250881,10832,0.06401628379763734,0.6235825881890538,101770
bayesfl_observability_v1,ola_sparse_bayesian_keep010_seed42,80,ola,global,,,all,db,56,-60.868608683332226,-59.20596794497905,-60.03728831415564,12877,0.07610207592892991,0.7501129999017392,101770
bayesfl_observability_v1,ola_sparse_bayesian_keep010_seed42,80,ola,global,,,all,db,57,-59.20596794497905,-57.543327206625875,-58.37464757580246,8645,0.05109128262837611,0.8350594477743932,101770
bayesfl_observability_v1,ola_sparse_bayesian_keep010_seed42,80,ola,global,,,all,db,58,-57.543327206625875,-55.880686468272714,-56.712006837449294,5957,0.03520541013501898,0.893593396875307,101770
bayesfl_observability_v1,ola_sparse_bayesian_keep010_seed42,80,ola,global,,,all,db,59,-55.880686468272714,-54.21804572991954,-55.049366099096126,4633,0.02738067234439173,0.939117618158593,101770
bayesfl_observability_v1,ola_sparse_bayesian_keep010_seed42,80,ola,global,,,all,db,60,-54.21804572991954,-52.55540499156636,-53.38672536074295,3159,0.01866944613337653,0.9701581998624349,101770
bayesfl_observability_v1,ola_sparse_bayesian_keep010_seed42,80,ola,global,,,all,db,61,-52.55540499156636,-50.89276425321319,-51.724084622389775,1517,0.008965352891526496,0.9850643608135993,101770
bayesfl_observability_v1,ola_sparse_bayesian_keep010_seed42,80,ola,global,,,all,db,62,-50.89276425321319,-49.230123514860026,-50.061443884036606,565,0.0033391063834624347,0.990616095116439,101770
bayesfl_observability_v1,ola_sparse_bayesian_keep010_seed42,80,ola,global,,,all,db,63,-49.230123514860026,-47.56748277650685,-48.39880314568344,191,0.0011287952552943709,0.9924928760931512,101770
bayesfl_observability_v1,ola_sparse_bayesian_keep010_seed42,80,ola,global,,,all,db,64,-47.56748277650685,-45.904842038153674,-46.73616240733026,126,0.0007446502731261295,0.9937309619730765,101770
bayesfl_observability_v1,ola_sparse_bayesian_keep010_seed42,80,ola,global,,,all,db,65,-45.904842038153674,-44.24220129980051,-45.073521668977094,111,0.0006560014310873102,0.9948216566768203,101770
bayesfl_observability_v1,ola_sparse_bayesian_keep010_seed42,80,ola,global,,,all,db,66,-44.24220129980051,-42.57956056144734,-43.410880930623925,101,0.0005969022030614213,0.995814090596443,101770
bayesfl_observability_v1,ola_sparse_bayesian_keep010_seed42,80,ola,global,,,all,db,67,-42.57956056144734,-40.91691982309416,-41.74824019227075,98,0.0005791724346536563,0.9967770462808293,101770
bayesfl_observability_v1,ola_sparse_bayesian_keep010_seed42,80,ola,global,,,all,db,68,-40.91691982309416,-39.254279084740986,-40.085599453917574,78,0.0004609739786018897,0.9975434803969736,101770
bayesfl_observability_v1,ola_sparse_bayesian_keep010_seed42,80,ola,global,,,all,db,69,-39.254279084740986,-37.591638346387825,-38.422958715564405,56,0.0003309556769449493,0.9980937407880515,101770
bayesfl_observability_v1,ola_sparse_bayesian_keep010_seed42,80,ola,global,,,all,db,70,-37.591638346387825,-35.92899760803465,-36.76031797721124,55,0.0003250457541423581,0.9986341751007173,101770
bayesfl_observability_v1,ola_sparse_bayesian_keep010_seed42,80,ola,global,,,all,db,71,-35.92899760803465,-34.26635686968147,-35.09767723885806,46,0.00027185644891906317,0.9990861747076741,101770
bayesfl_observability_v1,ola_sparse_bayesian_keep010_seed42,80,ola,global,,,all,db,72,-34.26635686968147,-32.60371613132831,-33.43503650050489,31,0.00018320760688023978,0.9993907831384494,101770
bayesfl_observability_v1,ola_sparse_bayesian_keep010_seed42,80,ola,global,,,all,db,73,-32.60371613132831,-30.941075392975137,-31.772395762151724,18,0.00010637861044658993,0.9995676525498673,101770
bayesfl_observability_v1,ola_sparse_bayesian_keep010_seed42,80,ola,global,,,all,db,74,-30.941075392975137,-29.27843465462196,-30.10975502379855,16,9.455876484141326e-05,0.9997248698044611,101770
bayesfl_observability_v1,ola_sparse_bayesian_keep010_seed42,80,ola,global,,,all,db,75,-29.27843465462196,-27.6157939162688,-28.44711428544538,12,7.091907363106056e-05,0.9998427827454063,101770
bayesfl_observability_v1,ola_sparse_bayesian_keep010_seed42,80,ola,global,,,all,db,76,-27.6157939162688,-25.953153177915624,-26.78447354709221,5,2.9549614012941648e-05,0.9998919131374668,101770
bayesfl_observability_v1,ola_sparse_bayesian_keep010_seed42,80,ola,global,,,all,db,77,-25.953153177915624,-24.290512439562463,-25.121832808739043,8,4.727938242070704e-05,0.9999705217647636,101770
bayesfl_observability_v1,ola_sparse_bayesian_keep010_seed42,80,ola,global,,,all,db,78,-24.290512439562463,-22.627871701209273,-23.459192070385868,2,1.1819845605176556e-05,0.9999901739215878,101770
bayesfl_observability_v1,ola_sparse_bayesian_keep010_seed42,80,ola,global,,,all,db,79,-22.627871701209273,-20.96523096285611,-21.796551332032692,1,5.90992280258838e-06,1.0,101770
bayesfl_observability_v1,ola_sparse_bayesian_keep010_seed42,80,ola,global,,,layers.0.weight,raw,0,2.0005701773262004e-08,6.527324046968221e-05,3.264662308572773e-05,4582,699.7243814675925,0.04565927933673469,100352
bayesfl_observability_v1,ola_sparse_bayesian_keep010_seed42,80,ola,global,,,layers.0.weight,raw,1,6.527324046968221e-05,0.00013052647523759117,9.789985785363668e-05,4576,698.8081120898522,0.09125876913265306,100352
bayesfl_observability_v1,ola_sparse_bayesian_keep010_seed42,80,ola,global,,,layers.0.weight,raw,2,0.00013052647523759117,0.00019577971000550012,0.00016315309262154566,4590,700.946073971246,0.13699776785714285,100352
bayesfl_observability_v1,ola_sparse_bayesian_keep010_seed42,80,ola,global,,,layers.0.weight,raw,3,0.00019577971000550012,0.00026103294477340905,0.00022840632738945458,4478,683.8423789200962,0.18162069515306123,100352
bayesfl_observability_v1,ola_sparse_bayesian_keep010_seed42,80,ola,global,,,layers.0.weight,raw,4,0.00026103294477340905,0.00032628617954131797,0.0002936595621573635,4686,715.6063840150895,0.22831632653061223,100352
bayesfl_observability_v1,ola_sparse_bayesian_keep010_seed42,80,ola,global,,,layers.0.weight,raw,5,0.00032628617954131797,0.00039153941430922695,0.0003589127969252725,4671,713.3157105707384,0.27486248405612246,100352
bayesfl_observability_v1,ola_sparse_bayesian_keep010_seed42,80,ola,global,,,layers.0.weight,raw,6,0.00039153941430922695,0.0004567926490771359,0.0004241660316931814,4594,701.5569202230726,0.3206413424744898,100352
bayesfl_observability_v1,ola_sparse_bayesian_keep010_seed42,80,ola,global,,,layers.0.weight,raw,7,0.0004567926490771359,0.0005220458838450448,0.0004894192664610904,4595,701.7096317860298,0.36643016581632654,100352
bayesfl_observability_v1,ola_sparse_bayesian_keep010_seed42,80,ola,global,,,layers.0.weight,raw,8,0.0005220458838450448,0.0005872991186129538,0.0005546725012289993,4548,694.532188327065,0.41175063775510207,100352
bayesfl_observability_v1,ola_sparse_bayesian_keep010_seed42,80,ola,global,,,layers.0.weight,raw,9,0.0005872991186129538,0.0006525523533808627,0.0006199257359969083,4624,706.1382671117741,0.457828443877551,100352
bayesfl_observability_v1,ola_sparse_bayesian_keep010_seed42,80,ola,global,,,layers.0.weight,raw,10,0.0006525523533808627,0.0007178055881487717,0.0006851789707648172,4521,690.408976127233,0.5028798628826531,100352
bayesfl_observability_v1,ola_sparse_bayesian_keep010_seed42,80,ola,global,,,layers.0.weight,raw,11,0.0007178055881487717,0.0007830588229166806,0.0007504322055327261,4485,684.911359860793,0.5475725446428571,100352
bayesfl_observability_v1,ola_sparse_bayesian_keep010_seed42,80,ola,global,,,layers.0.weight,raw,12,0.0007830588229166806,0.0008483120576845896,0.0008156854403006352,4462,681.3989939127889,0.5920360331632653,100352
bayesfl_observability_v1,ola_sparse_bayesian_keep010_seed42,80,ola,global,,,layers.0.weight,raw,13,0.0008483120576845896,0.0009135652924524986,0.0008809386750685441,4454,680.1773014091343,0.6364198022959183,100352
bayesfl_observability_v1,ola_sparse_bayesian_keep010_seed42,80,ola,global,,,layers.0.weight,raw,14,0.0009135652924524986,0.0009788185272204075,0.000946191909836453,4691,716.3699418298729,0.6831652582908163,100352
bayesfl_observability_v1,ola_sparse_bayesian_keep010_seed42,80,ola,global,,,layers.0.weight,raw,15,0.0009788185272204075,0.0010440717619883166,0.001011445144604362,4373,667.8076648096417,0.7267418686224489,100352
bayesfl_observability_v1,ola_sparse_bayesian_keep010_seed42,80,ola,global,,,layers.0.weight,raw,16,0.0010440717619883166,0.0011093249967562256,0.001076698379372271,3873,591.4518833312926,0.7653360172193877,100352
bayesfl_observability_v1,ola_sparse_bayesian_keep010_seed42,80,ola,global,,,layers.0.weight,raw,17,0.0011093249967562256,0.0011745782315241344,0.00114195161414018,2996,457.52384261826967,0.7951909279336735,100352
bayesfl_observability_v1,ola_sparse_bayesian_keep010_seed42,80,ola,global,,,layers.0.weight,raw,18,0.0011745782315241344,0.0012398314662920434,0.001207204848908089,2454,374.7541754957376,0.8196448501275511,100352
bayesfl_observability_v1,ola_sparse_bayesian_keep010_seed42,80,ola,global,,,layers.0.weight,raw,19,0.0012398314662920434,0.0013050847010599523,0.0012724580836759977,1881,287.2504499215505,0.8383888711734694,100352
bayesfl_observability_v1,ola_sparse_bayesian_keep010_seed42,80,ola,global,,,layers.0.weight,raw,20,0.0013050847010599523,0.0013703379358278613,0.0013377113184439068,1585,242.0478272863668,0.8541832748724489,100352
bayesfl_observability_v1,ola_sparse_bayesian_keep010_seed42,80,ola,global,,,layers.0.weight,raw,21,0.0013703379358278613,0.0014355911705957703,0.0014029645532118158,1504,229.67819068687425,0.8691705197704082,100352
bayesfl_observability_v1,ola_sparse_bayesian_keep010_seed42,80,ola,global,,,layers.0.weight,raw,22,0.0014355911705957703,0.0015008444053636791,0.0014682177879797248,1337,204.17535967310633,0.8824936224489796,100352
bayesfl_observability_v1,ola_sparse_bayesian_keep010_seed42,80,ola,global,,,layers.0.weight,raw,23,0.0015008444053636791,0.0015660976401315882,0.0015334710227476336,1268,193.63826182909347,0.8951291454081632,100352
bayesfl_observability_v1,ola_sparse_bayesian_keep010_seed42,80,ola,global,,,layers.0.weight,raw,24,0.0015660976401315882,0.0016313508748994972,0.0015987242575155427,1188,181.42133679255758,0.9069674744897959,100352
bayesfl_observability_v1,ola_sparse_bayesian_keep010_seed42,80,ola,global,,,layers.0.weight,raw,25,0.0016313508748994972,0.001696604109667406,0.0016639774922834515,1077,164.47035330436464,0.9176996970663265,100352
bayesfl_observability_v1,ola_sparse_bayesian_keep010_seed42,80,ola,global,,,layers.0.weight,raw,26,0.001696604109667406,0.001761857344435315,0.0017292307270513605,929,141.86904198677274,0.9269571109693877,100352
bayesfl_observability_v1,ola_sparse_bayesian_keep010_seed42,80,ola,global,,,layers.0.weight,raw,27,0.001761857344435315,0.001827110579203224,0.0017944839618192696,828,126.4451741281462,0.9352080676020408,100352
bayesfl_observability_v1,ola_sparse_bayesian_keep010_seed42,80,ola,global,,,layers.0.weight,raw,28,0.001827110579203224,0.0018923638139711329,0.0018597371965871786,757,115.60265315822102,0.9427515146683674,100352
bayesfl_observability_v1,ola_sparse_bayesian_keep010_seed42,80,ola,global,,,layers.0.weight,raw,29,0.0018923638139711329,0.0019576170487390415,0.0019249904313550872,696,106.28724781786273,0.9496871014030612,100352
bayesfl_observability_v1,ola_sparse_bayesian_keep010_seed42,80,ola,global,,,layers.0.weight,raw,30,0.0019576170487390415,0.0020228702835069505,0.0019902436661229962,666,101.70590092916107,0.9563237404336735,100352
bayesfl_observability_v1,ola_sparse_bayesian_keep010_seed42,80,ola,global,,,layers.0.weight,raw,31,0.0020228702835069505,0.0020881235182748595,0.002055496900890905,631,96.36099622567663,0.9626116071428571,100352
bayesfl_observability_v1,ola_sparse_bayesian_keep010_seed42,80,ola,global,,,layers.0.weight,raw,32,0.0020881235182748595,0.0021533767530427686,0.0021207501356588143,506,77.27205085608935,0.9676538584183674,100352
bayesfl_observability_v1,ola_sparse_bayesian_keep010_seed42,80,ola,global,,,layers.0.weight,raw,33,0.0021533767530427686,0.0022186299878106776,0.002186003370426723,437,66.73495301207716,0.9720085299744898,100352
bayesfl_observability_v1,ola_sparse_bayesian_keep010_seed42,80,ola,global,,,layers.0.weight,raw,34,0.0022186299878106776,0.002283883222578586,0.002251256605194632,388,59.25208642719934,0.9758749202806123,100352
bayesfl_observability_v1,ola_sparse_bayesian_keep010_seed42,80,ola,global,,,layers.0.weight,raw,35,0.002283883222578586,0.0023491364573464952,0.002316509839962541,310,47.34058451657648,0.9789640465561225,100352
bayesfl_observability_v1,ola_sparse_bayesian_keep010_seed42,80,ola,global,,,layers.0.weight,raw,36,0.0023491364573464952,0.0024143896921144043,0.0023817630747304495,308,47.03516139066308,0.9820332429846939,100352
bayesfl_observability_v1,ola_sparse_bayesian_keep010_seed42,80,ola,global,,,layers.0.weight,raw,37,0.0024143896921144043,0.0024796429268823133,0.002447016309498359,254,38.78873699100137,0.9845643335459183,100352
bayesfl_observability_v1,ola_sparse_bayesian_keep010_seed42,80,ola,global,,,layers.0.weight,raw,38,0.0024796429268823133,0.0025448961616502223,0.0025122695442662676,259,39.55229480578486,0.9871452487244898,100352
bayesfl_observability_v1,ola_sparse_bayesian_keep010_seed42,80,ola,global,,,layers.0.weight,raw,39,0.0025448961616502223,0.002610149396418131,0.0025775227790341766,178,27.18265820629248,0.9889190051020408,100352
bayesfl_observability_v1,ola_sparse_bayesian_keep010_seed42,80,ola,global,,,layers.0.weight,raw,40,0.002610149396418131,0.00267540263118604,0.0026427760138020857,148,22.60131131759135,0.9903938137755102,100352
bayesfl_observability_v1,ola_sparse_bayesian_keep010_seed42,80,ola,global,,,layers.0.weight,raw,41,0.00267540263118604,0.002740655865953949,0.0027080292485699943,129,19.699791621414082,0.9916792889030612,100352
bayesfl_observability_v1,ola_sparse_bayesian_keep010_seed42,80,ola,global,,,layers.0.weight,raw,42,0.002740655865953949,0.002805909100721858,0.0027732824833379037,133,20.310637873240875,0.9930046237244898,100352
bayesfl_observability_v1,ola_sparse_bayesian_keep010_seed42,80,ola,global,,,layers.0.weight,raw,43,0.002805909100721858,0.002871162335489767,0.0028385357181058123,98,14.965733169756435,0.9939811862244898,100352
bayesfl_observability_v1,ola_sparse_bayesian_keep010_seed42,80,ola,global,,,layers.0.weight,raw,44,0.002871162335489767,0.002936415570257676,0.002903788952873722,97,14.813021606799737,0.9949477838010204,100352
bayesfl_observability_v1,ola_sparse_bayesian_keep010_seed42,80,ola,global,,,layers.0.weight,raw,45,0.002936415570257676,0.0030016688050255847,0.0029690421876416304,76,11.60607878470915,0.9957051179846939,100352
bayesfl_observability_v1,ola_sparse_bayesian_keep010_seed42,80,ola,global,,,layers.0.weight,raw,46,0.0030016688050255847,0.0030669220397934937,0.003034295422409539,74,11.300655658795675,0.9964425223214286,100352
bayesfl_observability_v1,ola_sparse_bayesian_keep010_seed42,80,ola,global,,,layers.0.weight,raw,47,0.0030669220397934937,0.0031321752745614028,0.0030995486571774485,59,9.0099822144452,0.9970304528061225,100352
bayesfl_observability_v1,ola_sparse_bayesian_keep010_seed42,80,ola,global,,,layers.0.weight,raw,48,0.0031321752745614028,0.003197428509329312,0.003164801891945357,57,8.704559088531804,0.9975984534438775,100352
bayesfl_observability_v1,ola_sparse_bayesian_keep010_seed42,80,ola,global,,,layers.0.weight,raw,49,0.003197428509329312,0.003262681744097221,0.0032300551267132665,41,6.261174081224631,0.9980070153061225,100352
bayesfl_observability_v1,ola_sparse_bayesian_keep010_seed42,80,ola,global,,,layers.0.weight,raw,50,0.003262681744097221,0.0033279349788651294,0.003295308361481175,24,3.6650775109607836,0.9982461734693877,100352
bayesfl_observability_v1,ola_sparse_bayesian_keep010_seed42,80,ola,global,,,layers.0.weight,raw,51,0.0033279349788651294,0.0033931882136330384,0.0033605615962490837,30,4.581346888700949,0.9985451211734694,100352
bayesfl_observability_v1,ola_sparse_bayesian_keep010_seed42,80,ola,global,,,layers.0.weight,raw,52,0.0033931882136330384,0.0034584414484009475,0.003425814831016993,15,2.2906734443504746,0.9986945950255102,100352
bayesfl_observability_v1,ola_sparse_bayesian_keep010_seed42,80,ola,global,,,layers.0.weight,raw,53,0.0034584414484009475,0.0035236946831688565,0.0034910680657849018,18,2.7488081332205696,0.9988739636479592,100352
bayesfl_observability_v1,ola_sparse_bayesian_keep010_seed42,80,ola,global,,,layers.0.weight,raw,54,0.0035236946831688565,0.0035889479179367655,0.0035563213005528112,17,2.5960965702638714,0.9990433673469388,100352
bayesfl_observability_v1,ola_sparse_bayesian_keep010_seed42,80,ola,global,,,layers.0.weight,raw,55,0.0035889479179367655,0.0036542011527046746,0.00362157453532072,18,2.7488081332205696,0.9992227359693877,100352
bayesfl_observability_v1,ola_sparse_bayesian_keep010_seed42,80,ola,global,,,layers.0.weight,raw,56,0.0036542011527046746,0.003719454387472583,0.003686827770088629,11,1.6798271925236925,0.9993323501275511,100352
bayesfl_observability_v1,ola_sparse_bayesian_keep010_seed42,80,ola,global,,,layers.0.weight,raw,57,0.003719454387472583,0.003784707622240492,0.003752081004856538,11,1.6798271925236814,0.9994419642857143,100352
bayesfl_observability_v1,ola_sparse_bayesian_keep010_seed42,80,ola,global,,,layers.0.weight,raw,58,0.003784707622240492,0.0038499608570084012,0.0038173342396244465,9,1.3744040666102848,0.9995316485969388,100352
bayesfl_observability_v1,ola_sparse_bayesian_keep010_seed42,80,ola,global,,,layers.0.weight,raw,59,0.0038499608570084012,0.00391521409177631,0.0038825874743923555,8,1.2216925036535946,0.9996113679846939,100352
bayesfl_observability_v1,ola_sparse_bayesian_keep010_seed42,80,ola,global,,,layers.0.weight,raw,60,0.00391521409177631,0.003980467326544219,0.003947840709160265,2,0.3054231259133946,0.9996312978316326,100352
bayesfl_observability_v1,ola_sparse_bayesian_keep010_seed42,80,ola,global,,,layers.0.weight,raw,61,0.003980467326544219,0.004045720561312128,0.004013093943928174,9,1.374404066610294,0.9997209821428571,100352
bayesfl_observability_v1,ola_sparse_bayesian_keep010_seed42,80,ola,global,,,layers.0.weight,raw,62,0.004045720561312128,0.004110973796080037,0.004078347178696083,2,0.3054231259133946,0.9997409119897959,100352
bayesfl_observability_v1,ola_sparse_bayesian_keep010_seed42,80,ola,global,,,layers.0.weight,raw,63,0.004110973796080037,0.004176227030847946,0.004143600413463991,2,0.30542312591339865,0.9997608418367347,100352
bayesfl_observability_v1,ola_sparse_bayesian_keep010_seed42,80,ola,global,,,layers.0.weight,raw,64,0.004176227030847946,0.0042414802656158546,0.004208853648231901,8,1.2216925036535946,0.9998405612244898,100352
bayesfl_observability_v1,ola_sparse_bayesian_keep010_seed42,80,ola,global,,,layers.0.weight,raw,65,0.0042414802656158546,0.004306733500383764,0.004274106882999809,2,0.3054231259133946,0.9998604910714286,100352
bayesfl_observability_v1,ola_sparse_bayesian_keep010_seed42,80,ola,global,,,layers.0.weight,raw,66,0.004306733500383764,0.004371986735151673,0.004339360117767718,4,0.6108462518267973,0.9999003507653061,100352
bayesfl_observability_v1,ola_sparse_bayesian_keep010_seed42,80,ola,global,,,layers.0.weight,raw,67,0.004371986735151673,0.004437239969919582,0.004404613352535627,3,0.4581346888700919,0.9999302455357143,100352
bayesfl_observability_v1,ola_sparse_bayesian_keep010_seed42,80,ola,global,,,layers.0.weight,raw,68,0.004437239969919582,0.004502493204687491,0.004469866587303537,2,0.30542312591339865,0.9999501753826531,100352
bayesfl_observability_v1,ola_sparse_bayesian_keep010_seed42,80,ola,global,,,layers.0.weight,raw,69,0.004502493204687491,0.004567746439455399,0.0045351198220714446,0,0.0,0.9999501753826531,100352
bayesfl_observability_v1,ola_sparse_bayesian_keep010_seed42,80,ola,global,,,layers.0.weight,raw,70,0.004567746439455399,0.004632999674223309,0.004600373056839354,1,0.1527115629566973,0.9999601403061225,100352
bayesfl_observability_v1,ola_sparse_bayesian_keep010_seed42,80,ola,global,,,layers.0.weight,raw,71,0.004632999674223309,0.004698252908991217,0.0046656262916072635,1,0.15271156295669933,0.9999701052295918,100352
bayesfl_observability_v1,ola_sparse_bayesian_keep010_seed42,80,ola,global,,,layers.0.weight,raw,72,0.004698252908991217,0.004763506143759127,0.004730879526375172,1,0.1527115629566973,0.9999800701530612,100352
bayesfl_observability_v1,ola_sparse_bayesian_keep010_seed42,80,ola,global,,,layers.0.weight,raw,73,0.004763506143759127,0.004828759378527035,0.004796132761143081,0,0.0,0.9999800701530612,100352
bayesfl_observability_v1,ola_sparse_bayesian_keep010_seed42,80,ola,global,,,layers.0.weight,raw,74,0.004828759378527035,0.004894012613294944,0.00486138599591099,1,0.15271156295669933,0.9999900350765306,100352
bayesfl_observability_v1,ola_sparse_bayesian_keep010_seed42,80,ola,global,,,layers.0.weight,raw,75,0.004894012613294944,0.0049592658480628535,0.004926639230678899,0,0.0,0.9999900350765306,100352
bayesfl_observability_v1,ola_sparse_bayesian_keep010_seed42,80,ola,global,,,layers.0.weight,raw,76,0.0049592658480628535,0.005024519082830762,0.004991892465446807,0,0.0,0.9999900350765306,100352
bayesfl_observability_v1,ola_sparse_bayesian_keep010_seed42,80,ola,global,,,layers.0.weight,raw,77,0.005024519082830762,0.0050897723175986715,0.005057145700214717,0,0.0,0.9999900350765306,100352
bayesfl_observability_v1,ola_sparse_bayesian_keep010_seed42,80,ola,global,,,layers.0.weight,raw,78,0.0050897723175986715,0.00515502555236658,0.005122398934982626,0,0.0,0.9999900350765306,100352
bayesfl_observability_v1,ola_sparse_bayesian_keep010_seed42,80,ola,global,,,layers.0.weight,raw,79,0.00515502555236658,0.00522027878713449,0.005187652169750535,1,0.1527115629566973,1.0,100352
bayesfl_observability_v1,ola_sparse_bayesian_keep010_seed42,80,ola,global,,,layers.0.weight,db,0,-153.97649003110982,-152.6223604814591,-153.29942525628445,1,7.3589144199372715e-06,9.964923469387754e-06,100352
bayesfl_observability_v1,ola_sparse_bayesian_keep010_seed42,80,ola,global,,,layers.0.weight,db,1,-152.6223604814591,-151.2682309318084,-151.94529570663377,0,0.0,9.964923469387754e-06,100352
bayesfl_observability_v1,ola_sparse_bayesian_keep010_seed42,80,ola,global,,,layers.0.weight,db,2,-151.2682309318084,-149.9141013821577,-150.59116615698304,1,7.3589144199372715e-06,1.992984693877551e-05,100352
bayesfl_observability_v1,ola_sparse_bayesian_keep010_seed42,80,ola,global,,,layers.0.weight,db,3,-149.9141013821577,-148.559971832507,-149.23703660733236,0,0.0,1.992984693877551e-05,100352
bayesfl_observability_v1,ola_sparse_bayesian_keep010_seed42,80,ola,global,,,layers.0.weight,db,4,-148.559971832507,-147.20584228285628,-147.88290705768162,3,2.2076743259811814e-05,4.982461734693878e-05,100352
bayesfl_observability_v1,ola_sparse_bayesian_keep010_seed42,80,ola,global,,,layers.0.weight,db,5,-147.20584228285628,-145.85171273320555,-146.5287775080309,0,0.0,4.982461734693878e-05,100352
bayesfl_observability_v1,ola_sparse_bayesian_keep010_seed42,80,ola,global,,,layers.0.weight,db,6,-145.85171273320555,-144.49758318355484,-145.1746479583802,1,7.3589144199372715e-06,5.978954081632653e-05,100352
bayesfl_observability_v1,ola_sparse_bayesian_keep010_seed42,80,ola,global,,,layers.0.weight,db,7,-144.49758318355484,-143.14345363390413,-143.82051840872947,0,0.0,5.978954081632653e-05,100352
bayesfl_observability_v1,ola_sparse_bayesian_keep010_seed42,80,ola,global,,,layers.0.weight,db,8,-143.14345363390413,-141.78932408425342,-142.4663888590788,0,0.0,5.978954081632653e-05,100352
bayesfl_observability_v1,ola_sparse_bayesian_keep010_seed42,80,ola,global,,,layers.0.weight,db,9,-141.78932408425342,-140.43519453460272,-141.11225930942805,1,7.3589144199372715e-06,6.975446428571428e-05,100352
bayesfl_observability_v1,ola_sparse_bayesian_keep010_seed42,80,ola,global,,,layers.0.weight,db,10,-140.43519453460272,-139.081064984952,-139.75812975977738,1,7.3589144199372715e-06,7.971938775510203e-05,100352
bayesfl_observability_v1,ola_sparse_bayesian_keep010_seed42,80,ola,global,,,layers.0.weight,db,11,-139.081064984952,-137.7269354353013,-138.40400021012664,2,1.4717828839874543e-05,9.964923469387755e-05,100352
bayesfl_observability_v1,ola_sparse_bayesian_keep010_seed42,80,ola,global,,,layers.0.weight,db,12,-137.7269354353013,-136.3728058856506,-137.04987066047596,3,2.2076743259811814e-05,0.00012954400510204082,100352
bayesfl_observability_v1,ola_sparse_bayesian_keep010_seed42,80,ola,global,,,layers.0.weight,db,13,-136.3728058856506,-135.01867633599988,-135.69574111082522,2,1.4717828839874543e-05,0.00014947385204081633,100352
bayesfl_observability_v1,ola_sparse_bayesian_keep010_seed42,80,ola,global,,,layers.0.weight,db,14,-135.01867633599988,-133.66454678634918,-134.34161156117455,0,0.0,0.00014947385204081633,100352
bayesfl_observability_v1,ola_sparse_bayesian_keep010_seed42,80,ola,global,,,layers.0.weight,db,15,-133.66454678634918,-132.31041723669847,-132.9874820115238,2,1.4717828839874543e-05,0.00016940369897959184,100352
bayesfl_observability_v1,ola_sparse_bayesian_keep010_seed42,80,ola,global,,,layers.0.weight,db,16,-132.31041723669847,-130.95628768704776,-131.63335246187313,9,6.623022977943545e-05,0.00025908801020408165,100352
bayesfl_observability_v1,ola_sparse_bayesian_keep010_seed42,80,ola,global,,,layers.0.weight,db,17,-130.95628768704776,-129.60215813739705,-130.2792229122224,5,3.679457209968636e-05,0.0003089126275510204,100352
bayesfl_observability_v1,ola_sparse_bayesian_keep010_seed42,80,ola,global,,,layers.0.weight,db,18,-129.60215813739705,-128.24802858774632,-128.9250933625717,2,1.4717828839874235e-05,0.0003288424744897959,100352
bayesfl_observability_v1,ola_sparse_bayesian_keep010_seed42,80,ola,global,,,layers.0.weight,db,19,-128.24802858774632,-126.89389903809563,-127.57096381292098,4,2.9435657679749394e-05,0.0003687021683673469,100352
bayesfl_observability_v1,ola_sparse_bayesian_keep010_seed42,80,ola,global,,,layers.0.weight,db,20,-126.89389903809563,-125.53976948844492,-126.21683426327027,11,8.094805861930999e-05,0.00047831632653061223,100352
bayesfl_observability_v1,ola_sparse_bayesian_keep010_seed42,80,ola,global,,,layers.0.weight,db,21,-125.53976948844492,-124.1856399387942,-124.86270471361956,9,6.623022977943475e-05,0.000568000637755102,100352
bayesfl_observability_v1,ola_sparse_bayesian_keep010_seed42,80,ola,global,,,layers.0.weight,db,22,-124.1856399387942,-122.83151038914349,-123.50857516396884,7,5.15124009395609e-05,0.0006377551020408163,100352
bayesfl_observability_v1,ola_sparse_bayesian_keep010_seed42,80,ola,global,,,layers.0.weight,db,23,-122.83151038914349,-121.47738083949278,-122.15444561431813,10,7.358914419937271e-05,0.0007374043367346938,100352
bayesfl_observability_v1,ola_sparse_bayesian_keep010_seed42,80,ola,global,,,layers.0.weight,db,24,-121.47738083949278,-120.12325128984207,-120.80031606466743,7,5.15124009395609e-05,0.0008071588010204082,100352
bayesfl_observability_v1,ola_sparse_bayesian_keep010_seed42,80,ola,global,,,layers.0.weight,db,25,-120.12325128984207,-118.76912174019137,-119.44618651501672,12,8.830697303924726e-05,0.0009267378826530613,100352
bayesfl_observability_v1,ola_sparse_bayesian_keep010_seed42,80,ola,global,,,layers.0.weight,db,26,-118.76912174019137,-117.41499219054066,-118.09205696536601,15,0.00011038371629905908,0.0010762117346938774,100352
bayesfl_observability_v1,ola_sparse_bayesian_keep010_seed42,80,ola,global,,,layers.0.weight,db,27,-117.41499219054066,-116.06086264088995,-116.7379274157153,13,9.566588745918454e-05,0.0012057557397959183,100352
bayesfl_observability_v1,ola_sparse_bayesian_keep010_seed42,80,ola,global,,,layers.0.weight,db,28,-116.06086264088995,-114.70673309123924,-115.3837978660646,21,0.0001545372028186827,0.0014150191326530613,100352
bayesfl_observability_v1,ola_sparse_bayesian_keep010_seed42,80,ola,global,,,layers.0.weight,db,29,-114.70673309123924,-113.35260354158854,-114.02966831641389,33,0.00024284417585792995,0.0017438616071428572,100352
bayesfl_observability_v1,ola_sparse_bayesian_keep010_seed42,80,ola,global,,,layers.0.weight,db,30,-113.35260354158854,-111.99847399193781,-112.67553876676317,31,0.000228126347018053,0.0020527742346938774,100352
bayesfl_observability_v1,ola_sparse_bayesian_keep010_seed42,80,ola,global,,,layers.0.weight,db,31,-111.99847399193781,-110.6443444422871,-111.32140921711246,30,0.00022076743259811816,0.00235172193877551,100352
bayesfl_observability_v1,ola_sparse_bayesian_keep010_seed42,80,ola,global,,,layers.0.weight,db,32,-110.6443444422871,-109.2902148926364,-109.96727966746175,38,0.00027963874795761633,0.002730389030612245,100352
bayesfl_observability_v1,ola_sparse_bayesian_keep010_seed42,80,ola,global,,,layers.0.weight,db,33,-109.2902148926364,-107.93608534298568,-108.61315011781105,30,0.00022076743259811583,0.0030293367346938774,100352
bayesfl_observability_v1,ola_sparse_bayesian_keep010_seed42,80,ola,global,,,layers.0.weight,db,34,-107.93608534298568,-106.58195579333497,-107.25902056816032,56,0.0004120992075164872,0.003587372448979592,100352
bayesfl_observability_v1,ola_sparse_bayesian_keep010_seed42,80,ola,global,,,layers.0.weight,db,35,-106.58195579333497,-105.22782624368426,-105.90489101850962,54,0.00039738137867661267,0.00412547831632653,100352
bayesfl_observability_v1,ola_sparse_bayesian_keep010_seed42,80,ola,global,,,layers.0.weight,db,36,-105.22782624368426,-103.87369669403355,-104.55076146885891,61,0.00044889377961617355,0.004733338647959184,100352
bayesfl_observability_v1,ola_sparse_bayesian_keep010_seed42,80,ola,global,,,layers.0.weight,db,37,-103.87369669403355,-102.51956714438285,-103.1966319192082,84,0.0006181488112747308,0.005570392219387755,100352
bayesfl_observability_v1,ola_sparse_bayesian_keep010_seed42,80,ola,global,,,layers.0.weight,db,38,-102.51956714438285,-101.16543759473214,-101.8425023695575,95,0.0006990968698940408,0.0065170599489795915,100352
bayesfl_observability_v1,ola_sparse_bayesian_keep010_seed42,80,ola,global,,,layers.0.weight,db,39,-101.16543759473214,-99.81130804508143,-100.48837281990679,93,0.0006843790410541663,0.007443797831632653,100352
bayesfl_observability_v1,ola_sparse_bayesian_keep010_seed42,80,ola,global,,,layers.0.weight,db,40,-99.81130804508143,-98.45717849543072,-99.13424327025608,104,0.0007653270996734763,0.00848014987244898,100352
bayesfl_observability_v1,ola_sparse_bayesian_keep010_seed42,80,ola,global,,,layers.0.weight,db,41,-98.45717849543072,-97.10304894578002,-97.78011372060537,155,0.001140631735090277,0.010024713010204082,100352
bayesfl_observability_v1,ola_sparse_bayesian_keep010_seed42,80,ola,global,,,layers.0.weight,db,42,-97.10304894578002,-95.74891939612931,-96.42598417095466,187,0.0013761169965282698,0.011888153698979591,100352
bayesfl_observability_v1,ola_sparse_bayesian_keep010_seed42,80,ola,global,,,layers.0.weight,db,43,-95.74891939612931,-94.39478984647859,-95.07185462130394,182,0.0013393224244285693,0.013701769770408163,100352
bayesfl_observability_v1,ola_sparse_bayesian_keep010_seed42,80,ola,global,,,layers.0.weight,db,44,-94.39478984647859,-93.04066029682788,-93.71772507165323,241,0.0017734983752048824,0.01610331632653061,100352
bayesfl_observability_v1,ola_sparse_bayesian_keep010_seed42,80,ola,global,,,layers.0.weight,db,45,-93.04066029682788,-91.68653074717717,-92.36359552200253,254,0.001869164262664067,0.0186344068877551,100352
bayesfl_observability_v1,ola_sparse_bayesian_keep010_seed42,80,ola,global,,,layers.0.weight,db,46,-91.68653074717717,-90.33240119752645,-91.00946597235182,300,0.0022076743259811585,0.021623883928571428,100352
bayesfl_observability_v1,ola_sparse_bayesian_keep010_seed42,80,ola,global,,,layers.0.weight,db,47,-90.33240119752645,-88.97827164787574,-89.6553364227011,352,0.0025903378758179198,0.02513153698979592,100352
bayesfl_observability_v1,ola_sparse_bayesian_keep010_seed42,80,ola,global,,,layers.0.weight,db,48,-88.97827164787574,-87.62414209822504,-88.30120687305039,421,0.0030981029707935915,0.029326769770408163,100352
bayesfl_observability_v1,ola_sparse_bayesian_keep010_seed42,80,ola,global,,,layers.0.weight,db,49,-87.62414209822504,-86.27001254857433,-86.94707732339968,487,0.0035837913225094512,0.0341796875,100352
bayesfl_observability_v1,ola_sparse_bayesian_keep010_seed42,80,ola,global,,,layers.0.weight,db,50,-86.27001254857433,-84.91588299892362,-85.59294777374897,571,0.004201940133784182,0.039869658801020405,100352
bayesfl_observability_v1,ola_sparse_bayesian_keep010_seed42,80,ola,global,,,layers.0.weight,db,51,-84.91588299892362,-83.56175344927291,-84.23881822409827,644,0.0047391408864396025,0.046287069515306124,100352
bayesfl_observability_v1,ola_sparse_bayesian_keep010_seed42,80,ola,global,,,layers.0.weight,db,52,-83.56175344927291,-82.2076238996222,-82.88468867444756,765,0.005629569531252013,0.05391023596938776,100352
bayesfl_observability_v1,ola_sparse_bayesian_keep010_seed42,80,ola,global,,,layers.0.weight,db,53,-82.2076238996222,-80.8534943499715,-81.53055912479685,918,0.006755483437502415,0.06305803571428571,100352
bayesfl_observability_v1,ola_sparse_bayesian_keep010_seed42,80,ola,global,,,layers.0.weight,db,54,-80.8534943499715,-79.49936480032078,-80.17642957514613,1071,0.007881397343752735,0.07373046875,100352
bayesfl_observability_v1,ola_sparse_bayesian_keep010_seed42,80,ola,global,,,layers.0.weight,db,55,-79.49936480032078,-78.14523525067007,-78.82230002549542,1292,0.009507717430558955,0.08660514987244898,100352
bayesfl_observability_v1,ola_sparse_bayesian_keep010_seed42,80,ola,global,,,layers.0.weight,db,56,-78.14523525067007,-76.79110570101936,-77.46817047584472,1474,0.010847039854987538,0.10129344706632654,100352
bayesfl_observability_v1,ola_sparse_bayesian_keep010_seed42,80,ola,global,,,layers.0.weight,db,57,-76.79110570101936,-75.43697615136865,-76.11404092619401,1674,0.012318822738974992,0.11797472895408163,100352
bayesfl_observability_v1,ola_sparse_bayesian_keep010_seed42,80,ola,global,,,layers.0.weight,db,58,-75.43697615136865,-74.08284660171795,-74.7599113765433,2006,0.014761982326394167,0.13796436543367346,100352
bayesfl_observability_v1,ola_sparse_bayesian_keep010_seed42,80,ola,global,,,layers.0.weight,db,59,-74.08284660171795,-72.72871705206724,-73.40578182689259,2305,0.01696229773795541,0.16093351403061223,100352
bayesfl_observability_v1,ola_sparse_bayesian_keep010_seed42,80,ola,global,,,layers.0.weight,db,60,-72.72871705206724,-71.37458750241652,-72.05165227724189,2700,0.019869068933830423,0.1878388073979592,100352
bayesfl_observability_v1,ola_sparse_bayesian_keep010_seed42,80,ola,global,,,layers.0.weight,db,61,-71.37458750241652,-70.02045795276581,-70.69752272759116,3268,0.024048932324355003,0.22040417729591838,100352
bayesfl_observability_v1,ola_sparse_bayesian_keep010_seed42,80,ola,global,,,layers.0.weight,db,62,-70.02045795276581,-68.6663284031151,-69.34339317794046,3756,0.02764008256128439,0.25783242984693877,100352
bayesfl_observability_v1,ola_sparse_bayesian_keep010_seed42,80,ola,global,,,layers.0.weight,db,63,-68.6663284031151,-67.3121988534644,-67.98926362828975,4496,0.03308567923203797,0.30263472576530615,100352
bayesfl_observability_v1,ola_sparse_bayesian_keep010_seed42,80,ola,global,,,layers.0.weight,db,64,-67.3121988534644,-65.95806930381369,-66.63513407863904,5100,0.03753046354168008,0.3534558354591837,100352
bayesfl_observability_v1,ola_sparse_bayesian_keep010_seed42,80,ola,global,,,layers.0.weight,db,65,-65.95806930381369,-64.60393975416298,-65.28100452898833,5945,0.04374874622652708,0.41269730548469385,100352
bayesfl_observability_v1,ola_sparse_bayesian_keep010_seed42,80,ola,global,,,layers.0.weight,db,66,-64.60393975416298,-63.24981020451227,-63.926874979337626,6963,0.051240121106023225,0.48208306760204084,100352
bayesfl_observability_v1,ola_sparse_bayesian_keep010_seed42,80,ola,global,,,layers.0.weight,db,67,-63.24981020451227,-61.89568065486155,-62.57274542968691,7938,0.05841506266546145,0.5611846301020408,100352
bayesfl_observability_v1,ola_sparse_bayesian_keep010_seed42,80,ola,global,,,layers.0.weight,db,68,-61.89568065486155,-60.54155110521084,-61.2186158800362,9450,0.06954174126840722,0.6553531568877551,100352
bayesfl_observability_v1,ola_sparse_bayesian_keep010_seed42,80,ola,global,,,layers.0.weight,db,69,-60.54155110521084,-59.187421555560135,-59.86448633038549,10461,0.07698160374696379,0.7595962213010204,100352
bayesfl_observability_v1,ola_sparse_bayesian_keep010_seed42,80,ola,global,,,layers.0.weight,db,70,-59.187421555560135,-57.83329200590943,-58.51035678073478,7348,0.05407330315769907,0.8328184789540817,100352
bayesfl_observability_v1,ola_sparse_bayesian_keep010_seed42,80,ola,global,,,layers.0.weight,db,71,-57.83329200590943,-56.47916245625872,-57.156227231084074,4968,0.036559086838248364,0.88232421875,100352
bayesfl_observability_v1,ola_sparse_bayesian_keep010_seed42,80,ola,global,,,layers.0.weight,db,72,-56.47916245625872,-55.12503290660801,-55.80209768143337,4350,0.03201127772672713,0.9256716358418368,100352
bayesfl_observability_v1,ola_sparse_bayesian_keep010_seed42,80,ola,global,,,layers.0.weight,db,73,-55.12503290660801,-53.77090335695729,-54.44796813178265,3337,0.024556697419330416,0.9589245854591837,100352
bayesfl_observability_v1,ola_sparse_bayesian_keep010_seed42,80,ola,global,,,layers.0.weight,db,74,-53.77090335695729,-52.41677380730658,-53.09383858213194,2241,0.016491327215079427,0.9812559789540817,100352
bayesfl_observability_v1,ola_sparse_bayesian_keep010_seed42,80,ola,global,,,layers.0.weight,db,75,-52.41677380730658,-51.062644257655876,-51.73970903248123,1165,0.008573135299226922,0.9928651147959183,100352
bayesfl_observability_v1,ola_sparse_bayesian_keep010_seed42,80,ola,global,,,layers.0.weight,db,76,-51.062644257655876,-49.70851470800517,-50.38557948283052,519,0.0038192765839474437,0.9980369100765306,100352
bayesfl_observability_v1,ola_sparse_bayesian_keep010_seed42,80,ola,global,,,layers.0.weight,db,77,-49.70851470800517,-48.35438515835446,-49.031449933179815,147,0.001081760419730779,0.9995017538265306,100352
bayesfl_observability_v1,ola_sparse_bayesian_keep010_seed42,80,ola,global,,,layers.0.weight,db,78,-48.35438515835446,-47.00025560870375,-47.67732038352911,43,0.0003164333200573027,0.9999302455357143,100352
bayesfl_observability_v1,ola_sparse_bayesian_keep010_seed42,80,ola,global,,,layers.0.weight,db,79,-47.00025560870375,-45.646126059053046,-46.3231908338784,7,5.15124009395609e-05,1.0,100352
bayesfl_observability_v1,ola_sparse_bayesian_keep010_seed42,80,ola,global,,,layers.0.bias,raw,0,8.020214628369947e-06,5.454552683255649e-05,3.128287073046322e-05,5,839.5967302393511,0.0390625,128
bayesfl_observability_v1,ola_sparse_bayesian_keep010_seed42,80,ola,global,,,layers.0.bias,raw,1,5.454552683255649e-05,0.00010107083903674303,7.780818293464975e-05,5,839.5967302393511,0.078125,128
bayesfl_observability_v1,ola_sparse_bayesian_keep010_seed42,80,ola,global,,,layers.0.bias,raw,2,0.00010107083903674303,0.00014759615124092956,0.0001243334951388363,3,503.75803814361086,0.1015625,128
bayesfl_observability_v1,ola_sparse_bayesian_keep010_seed42,80,ola,global,,,layers.0.bias,raw,3,0.00014759615124092956,0.0001941214634451161,0.00017085880734302283,4,671.6773841914808,0.1328125,128
bayesfl_observability_v1,ola_sparse_bayesian_keep010_seed42,80,ola,global,,,layers.0.bias,raw,4,0.0001941214634451161,0.00024064677564930267,0.0002173841195472094,5,839.5967302393509,0.171875,128
bayesfl_observability_v1,ola_sparse_bayesian_keep010_seed42,80,ola,global,,,layers.0.bias,raw,5,0.00024064677564930267,0.00028717208785348917,0.0002639094317513959,6,1007.5160762872223,0.21875,128
bayesfl_observability_v1,ola_sparse_bayesian_keep010_seed42,80,ola,global,,,layers.0.bias,raw,6,0.00028717208785348917,0.0003336974000576757,0.0003104347439555824,5,839.5967302393509,0.2578125,128
bayesfl_observability_v1,ola_sparse_bayesian_keep010_seed42,80,ola,global,,,layers.0.bias,raw,7,0.0003336974000576757,0.0003802227122618623,0.000356960056159769,7,1175.4354223350913,0.3125,128
bayesfl_observability_v1,ola_sparse_bayesian_keep010_seed42,80,ola,global,,,layers.0.bias,raw,8,0.0003802227122618623,0.00042674802446604883,0.0004034853683639555,4,671.6773841914808,0.34375,128
bayesfl_observability_v1,ola_sparse_bayesian_keep010_seed42,80,ola,global,,,layers.0.bias,raw,9,0.00042674802446604883,0.0004732733366702354,0.00045001068056814213,0,0.0,0.34375,128
bayesfl_observability_v1,ola_sparse_bayesian_keep010_seed42,80,ola,global,,,layers.0.bias,raw,10,0.0004732733366702354,0.0005197986488744219,0.0004965359927723286,3,503.75803814361115,0.3671875,128
bayesfl_observability_v1,ola_sparse_bayesian_keep010_seed42,80,ola,global,,,layers.0.bias,raw,11,0.0005197986488744219,0.0005663239610786084,0.0005430613049765151,3,503.75803814361115,0.390625,128
bayesfl_observability_v1,ola_sparse_bayesian_keep010_seed42,80,ola,global,,,layers.0.bias,raw,12,0.0005663239610786084,0.000612849273282795,0.0005895866171807017,3,503.75803814360995,0.4140625,128
bayesfl_observability_v1,ola_sparse_bayesian_keep010_seed42,80,ola,global,,,layers.0.bias,raw,13,0.000612849273282795,0.0006593745854869815,0.0006361119293848882,1,167.9193460478704,0.421875,128
bayesfl_observability_v1,ola_sparse_bayesian_keep010_seed42,80,ola,global,,,layers.0.bias,raw,14,0.0006593745854869815,0.0007058998976911681,0.0006826372415890747,4,671.67738419148,0.453125,128
bayesfl_observability_v1,ola_sparse_bayesian_keep010_seed42,80,ola,global,,,layers.0.bias,raw,15,0.0007058998976911681,0.0007524252098953546,0.0007291625537932614,5,839.5967302393519,0.4921875,128
bayesfl_observability_v1,ola_sparse_bayesian_keep010_seed42,80,ola,global,,,layers.0.bias,raw,16,0.0007524252098953546,0.0007989505220995411,0.0007756878659974479,2,335.8386920957408,0.5078125,128
bayesfl_observability_v1,ola_sparse_bayesian_keep010_seed42,80,ola,global,,,layers.0.bias,raw,17,0.0007989505220995411,0.0008454758343037277,0.0008222131782016345,1,167.91934604787,0.515625,128
bayesfl_observability_v1,ola_sparse_bayesian_keep010_seed42,80,ola,global,,,layers.0.bias,raw,18,0.0008454758343037277,0.0008920011465079142,0.000868738490405821,6,1007.5160762872223,0.5625,128
bayesfl_observability_v1,ola_sparse_bayesian_keep010_seed42,80,ola,global,,,layers.0.bias,raw,19,0.0008920011465079142,0.0009385264587121008,0.0009152638026100075,1,167.91934604787,0.5703125,128
bayesfl_observability_v1,ola_sparse_bayesian_keep010_seed42,80,ola,global,,,layers.0.bias,raw,20,0.0009385264587121008,0.0009850517709162872,0.000961789114814194,6,1007.5160762872247,0.6171875,128
bayesfl_observability_v1,ola_sparse_bayesian_keep010_seed42,80,ola,global,,,layers.0.bias,raw,21,0.0009850517709162872,0.0010315770831204737,0.0010083144270183805,3,503.75803814361115,0.640625,128
bayesfl_observability_v1,ola_sparse_bayesian_keep010_seed42,80,ola,global,,,layers.0.bias,raw,22,0.0010315770831204737,0.0010781023953246602,0.001054839739222567,4,671.6773841914816,0.671875,128
bayesfl_observability_v1,ola_sparse_bayesian_keep010_seed42,80,ola,global,,,layers.0.bias,raw,23,0.0010781023953246602,0.0011246277075288467,0.0011013650514267535,2,335.8386920957408,0.6875,128
bayesfl_observability_v1,ola_sparse_bayesian_keep010_seed42,80,ola,global,,,layers.0.bias,raw,24,0.0011246277075288467,0.0011711530197330334,0.00114789036363094,3,503.7580381436088,0.7109375,128
bayesfl_observability_v1,ola_sparse_bayesian_keep010_seed42,80,ola,global,,,layers.0.bias,raw,25,0.0011711530197330334,0.00121767833193722,0.0011944156758351267,3,503.75803814361115,0.734375,128
bayesfl_observability_v1,ola_sparse_bayesian_keep010_seed42,80,ola,global,,,layers.0.bias,raw,26,0.00121767833193722,0.0012642036441414064,0.0012409409880393132,0,0.0,0.734375,128
bayesfl_observability_v1,ola_sparse_bayesian_keep010_seed42,80,ola,global,,,layers.0.bias,raw,27,0.0012642036441414064,0.001310728956345593,0.0012874663002434997,0,0.0,0.734375,128
bayesfl_observability_v1,ola_sparse_bayesian_keep010_seed42,80,ola,global,,,layers.0.bias,raw,28,0.001310728956345593,0.0013572542685497794,0.0013339916124476862,4,671.6773841914816,0.765625,128
bayesfl_observability_v1,ola_sparse_bayesian_keep010_seed42,80,ola,global,,,layers.0.bias,raw,29,0.0013572542685497794,0.0014037795807539661,0.001380516924651873,2,335.8386920957392,0.78125,128
bayesfl_observability_v1,ola_sparse_bayesian_keep010_seed42,80,ola,global,,,layers.0.bias,raw,30,0.0014037795807539661,0.0014503048929581526,0.0014270422368560594,3,503.75803814361115,0.8046875,128
bayesfl_observability_v1,ola_sparse_bayesian_keep010_seed42,80,ola,global,,,layers.0.bias,raw,31,0.0014503048929581526,0.0014968302051623391,0.001473567549060246,3,503.75803814361115,0.828125,128
bayesfl_observability_v1,ola_sparse_bayesian_keep010_seed42,80,ola,global,,,layers.0.bias,raw,32,0.0014968302051623391,0.0015433555173665256,0.0015200928612644324,2,335.8386920957408,0.84375,128
bayesfl_observability_v1,ola_sparse_bayesian_keep010_seed42,80,ola,global,,,layers.0.bias,raw,33,0.0015433555173665256,0.0015898808295707122,0.001566618173468619,3,503.75803814361115,0.8671875,128
bayesfl_observability_v1,ola_sparse_bayesian_keep010_seed42,80,ola,global,,,layers.0.bias,raw,34,0.0015898808295707122,0.0016364061417748989,0.0016131434856728054,3,503.7580381436088,0.890625,128
bayesfl_observability_v1,ola_sparse_bayesian_keep010_seed42,80,ola,global,,,layers.0.bias,raw,35,0.0016364061417748989,0.0016829314539790854,0.0016596687978769921,0,0.0,0.890625,128
bayesfl_observability_v1,ola_sparse_bayesian_keep010_seed42,80,ola,global,,,layers.0.bias,raw,36,0.0016829314539790854,0.0017294567661832719,0.0017061941100811786,2,335.8386920957408,0.90625,128
bayesfl_observability_v1,ola_sparse_bayesian_keep010_seed42,80,ola,global,,,layers.0.bias,raw,37,0.0017294567661832719,0.0017759820783874584,0.0017527194222853651,2,335.8386920957408,0.921875,128
bayesfl_observability_v1,ola_sparse_bayesian_keep010_seed42,80,ola,global,,,layers.0.bias,raw,38,0.0017759820783874584,0.0018225073905916449,0.0017992447344895516,0,0.0,0.921875,128
bayesfl_observability_v1,ola_sparse_bayesian_keep010_seed42,80,ola,global,,,layers.0.bias,raw,39,0.0018225073905916449,0.0018690327027958316,0.0018457700466937383,1,167.9193460478696,0.9296875,128
bayesfl_observability_v1,ola_sparse_bayesian_keep010_seed42,80,ola,global,,,layers.0.bias,raw,40,0.0018690327027958316,0.001915558015000018,0.0018922953588979248,2,335.8386920957408,0.9453125,128
bayesfl_observability_v1,ola_sparse_bayesian_keep010_seed42,80,ola,global,,,layers.0.bias,raw,41,0.001915558015000018,0.0019620833272042046,0.0019388206711021113,1,167.9193460478704,0.953125,128
bayesfl_observability_v1,ola_sparse_bayesian_keep010_seed42,80,ola,global,,,layers.0.bias,raw,42,0.0019620833272042046,0.002008608639408391,0.001985345983306298,0,0.0,0.953125,128
bayesfl_observability_v1,ola_sparse_bayesian_keep010_seed42,80,ola,global,,,layers.0.bias,raw,43,0.002008608639408391,0.0020551339516125776,0.0020318712955104843,0,0.0,0.953125,128
bayesfl_observability_v1,ola_sparse_bayesian_keep010_seed42,80,ola,global,,,layers.0.bias,raw,44,0.0020551339516125776,0.002101659263816764,0.002078396607714671,0,0.0,0.953125,128
bayesfl_observability_v1,ola_sparse_bayesian_keep010_seed42,80,ola,global,,,layers.0.bias,raw,45,0.002101659263816764,0.0021481845760209506,0.0021249219199188573,1,167.9193460478704,0.9609375,128
bayesfl_observability_v1,ola_sparse_bayesian_keep010_seed42,80,ola,global,,,layers.0.bias,raw,46,0.0021481845760209506,0.002194709888225137,0.002171447232123044,0,0.0,0.9609375,128
bayesfl_observability_v1,ola_sparse_bayesian_keep010_seed42,80,ola,global,,,layers.0.bias,raw,47,0.002194709888225137,0.0022412352004293236,0.0022179725443272303,1,167.9193460478704,0.96875,128
bayesfl_observability_v1,ola_sparse_bayesian_keep010_seed42,80,ola,global,,,layers.0.bias,raw,48,0.0022412352004293236,0.0022877605126335105,0.002264497856531417,2,335.83869209573766,0.984375,128
bayesfl_observability_v1,ola_sparse_bayesian_keep010_seed42,80,ola,global,,,layers.0.bias,raw,49,0.0022877605126335105,0.002334285824837697,0.0023110231687356038,0,0.0,0.984375,128
bayesfl_observability_v1,ola_sparse_bayesian_keep010_seed42,80,ola,global,,,layers.0.bias,raw,50,0.002334285824837697,0.0023808111370418835,0.0023575484809397903,0,0.0,0.984375,128
bayesfl_observability_v1,ola_sparse_bayesian_keep010_seed42,80,ola,global,,,layers.0.bias,raw,51,0.0023808111370418835,0.00242733644924607,0.0024040737931439768,0,0.0,0.984375,128
bayesfl_observability_v1,ola_sparse_bayesian_keep010_seed42,80,ola,global,,,layers.0.bias,raw,52,0.00242733644924607,0.0024738617614502565,0.0024505991053481633,1,167.9193460478704,0.9921875,128
bayesfl_observability_v1,ola_sparse_bayesian_keep010_seed42,80,ola,global,,,layers.0.bias,raw,53,0.0024738617614502565,0.002520387073654443,0.0024971244175523498,0,0.0,0.9921875,128
bayesfl_observability_v1,ola_sparse_bayesian_keep010_seed42,80,ola,global,,,layers.0.bias,raw,54,0.002520387073654443,0.0025669123858586295,0.0025436497297565363,0,0.0,0.9921875,128
bayesfl_observability_v1,ola_sparse_bayesian_keep010_seed42,80,ola,global,,,layers.0.bias,raw,55,0.0025669123858586295,0.002613437698062816,0.0025901750419607228,0,0.0,0.9921875,128
bayesfl_observability_v1,ola_sparse_bayesian_keep010_seed42,80,ola,global,,,layers.0.bias,raw,56,0.002613437698062816,0.0026599630102670025,0.0026367003541649093,0,0.0,0.9921875,128
bayesfl_observability_v1,ola_sparse_bayesian_keep010_seed42,80,ola,global,,,layers.0.bias,raw,57,0.0026599630102670025,0.002706488322471189,0.0026832256663690958,0,0.0,0.9921875,128
bayesfl_observability_v1,ola_sparse_bayesian_keep010_seed42,80,ola,global,,,layers.0.bias,raw,58,0.002706488322471189,0.002753013634675376,0.0027297509785732827,0,0.0,0.9921875,128
bayesfl_observability_v1,ola_sparse_bayesian_keep010_seed42,80,ola,global,,,layers.0.bias,raw,59,0.002753013634675376,0.0027995389468795625,0.002776276290777469,0,0.0,0.9921875,128
bayesfl_observability_v1,ola_sparse_bayesian_keep010_seed42,80,ola,global,,,layers.0.bias,raw,60,0.0027995389468795625,0.002846064259083749,0.0028228016029816557,0,0.0,0.9921875,128
bayesfl_observability_v1,ola_sparse_bayesian_keep010_seed42,80,ola,global,,,layers.0.bias,raw,61,0.002846064259083749,0.0028925895712879355,0.002869326915185842,0,0.0,0.9921875,128
bayesfl_observability_v1,ola_sparse_bayesian_keep010_seed42,80,ola,global,,,layers.0.bias,raw,62,0.0028925895712879355,0.002939114883492122,0.0029158522273900287,0,0.0,0.9921875,128
bayesfl_observability_v1,ola_sparse_bayesian_keep010_seed42,80,ola,global,,,layers.0.bias,raw,63,0.002939114883492122,0.0029856401956963085,0.002962377539594215,0,0.0,0.9921875,128
bayesfl_observability_v1,ola_sparse_bayesian_keep010_seed42,80,ola,global,,,layers.0.bias,raw,64,0.0029856401956963085,0.003032165507900495,0.0030089028517984017,0,0.0,0.9921875,128
bayesfl_observability_v1,ola_sparse_bayesian_keep010_seed42,80,ola,global,,,layers.0.bias,raw,65,0.003032165507900495,0.0030786908201046815,0.003055428164002588,0,0.0,0.9921875,128
bayesfl_observability_v1,ola_sparse_bayesian_keep010_seed42,80,ola,global,,,layers.0.bias,raw,66,0.0030786908201046815,0.003125216132308868,0.0031019534762067747,0,0.0,0.9921875,128
bayesfl_observability_v1,ola_sparse_bayesian_keep010_seed42,80,ola,global,,,layers.0.bias,raw,67,0.003125216132308868,0.0031717414445130545,0.003148478788410961,0,0.0,0.9921875,128
bayesfl_observability_v1,ola_sparse_bayesian_keep010_seed42,80,ola,global,,,layers.0.bias,raw,68,0.0031717414445130545,0.003218266756717241,0.0031950041006151477,0,0.0,0.9921875,128
bayesfl_observability_v1,ola_sparse_bayesian_keep010_seed42,80,ola,global,,,layers.0.bias,raw,69,0.003218266756717241,0.003264792068921428,0.003241529412819334,0,0.0,0.9921875,128
bayesfl_observability_v1,ola_sparse_bayesian_keep010_seed42,80,ola,global,,,layers.0.bias,raw,70,0.003264792068921428,0.0033113173811256144,0.003288054725023521,0,0.0,0.9921875,128
bayesfl_observability_v1,ola_sparse_bayesian_keep010_seed42,80,ola,global,,,layers.0.bias,raw,71,0.0033113173811256144,0.003357842693329801,0.0033345800372277076,0,0.0,0.9921875,128
bayesfl_observability_v1,ola_sparse_bayesian_keep010_seed42,80,ola,global,,,layers.0.bias,raw,72,0.003357842693329801,0.0034043680055339874,0.003381105349431894,0,0.0,0.9921875,128
bayesfl_observability_v1,ola_sparse_bayesian_keep010_seed42,80,ola,global,,,layers.0.bias,raw,73,0.0034043680055339874,0.003450893317738174,0.0034276306616360806,0,0.0,0.9921875,128
bayesfl_observability_v1,ola_sparse_bayesian_keep010_seed42,80,ola,global,,,layers.0.bias,raw,74,0.003450893317738174,0.0034974186299423604,0.003474155973840267,0,0.0,0.9921875,128
bayesfl_observability_v1,ola_sparse_bayesian_keep010_seed42,80,ola,global,,,layers.0.bias,raw,75,0.0034974186299423604,0.003543943942146547,0.0035206812860444536,0,0.0,0.9921875,128
bayesfl_observability_v1,ola_sparse_bayesian_keep010_seed42,80,ola,global,,,layers.0.bias,raw,76,0.003543943942146547,0.0035904692543507334,0.00356720659824864,0,0.0,0.9921875,128
bayesfl_observability_v1,ola_sparse_bayesian_keep010_seed42,80,ola,global,,,layers.0.bias,raw,77,0.0035904692543507334,0.00363699456655492,0.0036137319104528266,0,0.0,0.9921875,128
bayesfl_observability_v1,ola_sparse_bayesian_keep010_seed42,80,ola,global,,,layers.0.bias,raw,78,0.00363699456655492,0.0036835198787591064,0.003660257222657013,0,0.0,0.9921875,128
bayesfl_observability_v1,ola_sparse_bayesian_keep010_seed42,80,ola,global,,,layers.0.bias,raw,79,0.0036835198787591064,0.0037300451909632933,0.0037067825348612,1,167.91934604786883,1.0,128
bayesfl_observability_v1,ola_sparse_bayesian_keep010_seed42,80,ola,global,,,layers.0.bias,db,0,-101.91627910575731,-101.24939709353401,-101.58283809964567,1,0.011714965851236787,0.0078125,128
bayesfl_observability_v1,ola_sparse_bayesian_keep010_seed42,80,ola,global,,,layers.0.bias,db,1,-101.24939709353401,-100.58251508131073,-100.91595608742237,0,0.0,0.0078125,128
bayesfl_observability_v1,ola_sparse_bayesian_keep010_seed42,80,ola,global,,,layers.0.bias,db,2,-100.58251508131073,-99.91563306908743,-100.24907407519908,0,0.0,0.0078125,128
bayesfl_observability_v1,ola_sparse_bayesian_keep010_seed42,80,ola,global,,,layers.0.bias,db,3,-99.91563306908743,-99.24875105686414,-99.58219206297579,0,0.0,0.0078125,128
bayesfl_observability_v1,ola_sparse_bayesian_keep010_seed42,80,ola,global,,,layers.0.bias,db,4,-99.24875105686414,-98.58186904464085,-98.9153100507525,0,0.0,0.0078125,128
bayesfl_observability_v1,ola_sparse_bayesian_keep010_seed42,80,ola,global,,,layers.0.bias,db,5,-98.58186904464085,-97.91498703241756,-98.2484280385292,0,0.0,0.0078125,128
bayesfl_observability_v1,ola_sparse_bayesian_keep010_seed42,80,ola,global,,,layers.0.bias,db,6,-97.91498703241756,-97.24810502019426,-97.58154602630592,0,0.0,0.0078125,128
bayesfl_observability_v1,ola_sparse_bayesian_keep010_seed42,80,ola,global,,,layers.0.bias,db,7,-97.24810502019426,-96.58122300797096,-96.9146640140826,1,0.011714965851236787,0.015625,128
bayesfl_observability_v1,ola_sparse_bayesian_keep010_seed42,80,ola,global,,,layers.0.bias,db,8,-96.58122300797096,-95.91434099574768,-96.24778200185932,0,0.0,0.015625,128
bayesfl_observability_v1,ola_sparse_bayesian_keep010_seed42,80,ola,global,,,layers.0.bias,db,9,-95.91434099574768,-95.24745898352438,-95.58089998963604,0,0.0,0.015625,128
bayesfl_observability_v1,ola_sparse_bayesian_keep010_seed42,80,ola,global,,,layers.0.bias,db,10,-95.24745898352438,-94.58057697130108,-94.91401797741273,0,0.0,0.015625,128
bayesfl_observability_v1,ola_sparse_bayesian_keep010_seed42,80,ola,global,,,layers.0.bias,db,11,-94.58057697130108,-93.91369495907779,-94.24713596518944,0,0.0,0.015625,128
bayesfl_observability_v1,ola_sparse_bayesian_keep010_seed42,80,ola,global,,,layers.0.bias,db,12,-93.91369495907779,-93.2468129468545,-93.58025395296615,0,0.0,0.015625,128
bayesfl_observability_v1,ola_sparse_bayesian_keep010_seed42,80,ola,global,,,layers.0.bias,db,13,-93.2468129468545,-92.57993093463121,-92.91337194074285,0,0.0,0.015625,128
bayesfl_observability_v1,ola_sparse_bayesian_keep010_seed42,80,ola,global,,,layers.0.bias,db,14,-92.57993093463121,-91.91304892240791,-92.24648992851957,1,0.011714965851236787,0.0234375,128
bayesfl_observability_v1,ola_sparse_bayesian_keep010_seed42,80,ola,global,,,layers.0.bias,db,15,-91.91304892240791,-91.24616691018463,-91.57960791629627,0,0.0,0.0234375,128
bayesfl_observability_v1,ola_sparse_bayesian_keep010_seed42,80,ola,global,,,layers.0.bias,db,16,-91.24616691018463,-90.57928489796133,-90.91272590407297,1,0.011714965851236787,0.03125,128
bayesfl_observability_v1,ola_sparse_bayesian_keep010_seed42,80,ola,global,,,layers.0.bias,db,17,-90.57928489796133,-89.91240288573803,-90.24584389184969,0,0.0,0.03125,128
bayesfl_observability_v1,ola_sparse_bayesian_keep010_seed42,80,ola,global,,,layers.0.bias,db,18,-89.91240288573803,-89.24552087351475,-89.57896187962639,0,0.0,0.03125,128
bayesfl_observability_v1,ola_sparse_bayesian_keep010_seed42,80,ola,global,,,layers.0.bias,db,19,-89.24552087351475,-88.57863886129145,-88.9120798674031,0,0.0,0.03125,128
bayesfl_observability_v1,ola_sparse_bayesian_keep010_seed42,80,ola,global,,,layers.0.bias,db,20,-88.57863886129145,-87.91175684906815,-88.24519785517981,0,0.0,0.03125,128
bayesfl_observability_v1,ola_sparse_bayesian_keep010_seed42,80,ola,global,,,layers.0.bias,db,21,-87.91175684906815,-87.24487483684487,-87.57831584295651,0,0.0,0.03125,128
bayesfl_observability_v1,ola_sparse_bayesian_keep010_seed42,80,ola,global,,,layers.0.bias,db,22,-87.24487483684487,-86.57799282462157,-86.91143383073322,1,0.011714965851236787,0.0390625,128
bayesfl_observability_v1,ola_sparse_bayesian_keep010_seed42,80,ola,global,,,layers.0.bias,db,23,-86.57799282462157,-85.91111081239828,-86.24455181850993,0,0.0,0.0390625,128
bayesfl_observability_v1,ola_sparse_bayesian_keep010_seed42,80,ola,global,,,layers.0.bias,db,24,-85.91111081239828,-85.244228800175,-85.57766980628664,0,0.0,0.0390625,128
bayesfl_observability_v1,ola_sparse_bayesian_keep010_seed42,80,ola,global,,,layers.0.bias,db,25,-85.244228800175,-84.5773467879517,-84.91078779406334,0,0.0,0.0390625,128
bayesfl_observability_v1,ola_sparse_bayesian_keep010_seed42,80,ola,global,,,layers.0.bias,db,26,-84.5773467879517,-83.9104647757284,-84.24390578184006,2,0.023429931702473573,0.0546875,128
bayesfl_observability_v1,ola_sparse_bayesian_keep010_seed42,80,ola,global,,,layers.0.bias,db,27,-83.9104647757284,-83.2435827635051,-83.57702376961674,0,0.0,0.0546875,128
bayesfl_observability_v1,ola_sparse_bayesian_keep010_seed42,80,ola,global,,,layers.0.bias,db,28,-83.2435827635051,-82.5767007512818,-82.91014175739346,0,0.0,0.0546875,128
bayesfl_observability_v1,ola_sparse_bayesian_keep010_seed42,80,ola,global,,,layers.0.bias,db,29,-82.5767007512818,-81.90981873905852,-82.24325974517016,0,0.0,0.0546875,128
bayesfl_observability_v1,ola_sparse_bayesian_keep010_seed42,80,ola,global,,,layers.0.bias,db,30,-81.90981873905852,-81.24293672683523,-81.57637773294687,2,0.023429931702473573,0.0703125,128
bayesfl_observability_v1,ola_sparse_bayesian_keep010_seed42,80,ola,global,,,layers.0.bias,db,31,-81.24293672683523,-80.57605471461193,-80.90949572072358,1,0.011714965851236787,0.078125,128
bayesfl_observability_v1,ola_sparse_bayesian_keep010_seed42,80,ola,global,,,layers.0.bias,db,32,-80.57605471461193,-79.90917270238864,-80.24261370850029,0,0.0,0.078125,128
bayesfl_observability_v1,ola_sparse_bayesian_keep010_seed42,80,ola,global,,,layers.0.bias,db,33,-79.90917270238864,-79.24229069016535,-79.57573169627699,0,0.0,0.078125,128
bayesfl_observability_v1,ola_sparse_bayesian_keep010_seed42,80,ola,global,,,layers.0.bias,db,34,-79.24229069016535,-78.57540867794205,-78.9088496840537,0,0.0,0.078125,128
bayesfl_observability_v1,ola_sparse_bayesian_keep010_seed42,80,ola,global,,,layers.0.bias,db,35,-78.57540867794205,-77.90852666571877,-78.24196767183041,1,0.011714965851237035,0.0859375,128
bayesfl_observability_v1,ola_sparse_bayesian_keep010_seed42,80,ola,global,,,layers.0.bias,db,36,-77.90852666571877,-77.24164465349547,-77.57508565960711,1,0.011714965851236787,0.09375,128
bayesfl_observability_v1,ola_sparse_bayesian_keep010_seed42,80,ola,global,,,layers.0.bias,db,37,-77.24164465349547,-76.57476264127217,-76.90820364738383,1,0.011714965851236787,0.1015625,128
bayesfl_observability_v1,ola_sparse_bayesian_keep010_seed42,80,ola,global,,,layers.0.bias,db,38,-76.57476264127217,-75.90788062904889,-76.24132163516053,1,0.011714965851237035,0.109375,128
bayesfl_observability_v1,ola_sparse_bayesian_keep010_seed42,80,ola,global,,,layers.0.bias,db,39,-75.90788062904889,-75.24099861682559,-75.57443962293723,1,0.011714965851236787,0.1171875,128
bayesfl_observability_v1,ola_sparse_bayesian_keep010_seed42,80,ola,global,,,layers.0.bias,db,40,-75.24099861682559,-74.5741166046023,-74.90755761071395,2,0.023429931702473573,0.1328125,128
bayesfl_observability_v1,ola_sparse_bayesian_keep010_seed42,80,ola,global,,,layers.0.bias,db,41,-74.5741166046023,-73.90723459237901,-74.24067559849065,0,0.0,0.1328125,128
bayesfl_observability_v1,ola_sparse_bayesian_keep010_seed42,80,ola,global,,,layers.0.bias,db,42,-73.90723459237901,-73.24035258015572,-73.57379358626736,1,0.011714965851236787,0.140625,128
bayesfl_observability_v1,ola_sparse_bayesian_keep010_seed42,80,ola,global,,,layers.0.bias,db,43,-73.24035258015572,-72.57347056793242,-72.90691157404407,3,0.03514489755371036,0.1640625,128
bayesfl_observability_v1,ola_sparse_bayesian_keep010_seed42,80,ola,global,,,layers.0.bias,db,44,-72.57347056793242,-71.90658855570912,-72.24002956182076,3,0.03514489755371036,0.1875,128
bayesfl_observability_v1,ola_sparse_bayesian_keep010_seed42,80,ola,global,,,layers.0.bias,db,45,-71.90658855570912,-71.23970654348584,-71.57314754959748,2,0.02342993170247407,0.203125,128
bayesfl_observability_v1,ola_sparse_bayesian_keep010_seed42,80,ola,global,,,layers.0.bias,db,46,-71.23970654348584,-70.57282453126254,-70.9062655373742,5,0.05857482925618393,0.2421875,128
bayesfl_observability_v1,ola_sparse_bayesian_keep010_seed42,80,ola,global,,,layers.0.bias,db,47,-70.57282453126254,-69.90594251903924,-70.23938352515088,2,0.023429931702473573,0.2578125,128
bayesfl_observability_v1,ola_sparse_bayesian_keep010_seed42,80,ola,global,,,layers.0.bias,db,48,-69.90594251903924,-69.23906050681595,-69.5725015129276,1,0.011714965851236787,0.265625,128
bayesfl_observability_v1,ola_sparse_bayesian_keep010_seed42,80,ola,global,,,layers.0.bias,db,49,-69.23906050681595,-68.57217849459266,-68.9056195007043,5,0.05857482925618518,0.3046875,128
bayesfl_observability_v1,ola_sparse_bayesian_keep010_seed42,80,ola,global,,,layers.0.bias,db,50,-68.57217849459266,-67.90529648236937,-68.23873748848101,3,0.03514489755371036,0.328125,128
bayesfl_observability_v1,ola_sparse_bayesian_keep010_seed42,80,ola,global,,,layers.0.bias,db,51,-67.90529648236937,-67.23841447014607,-67.57185547625772,2,0.023429931702473573,0.34375,128
bayesfl_observability_v1,ola_sparse_bayesian_keep010_seed42,80,ola,global,,,layers.0.bias,db,52,-67.23841447014607,-66.57153245792279,-66.90497346403443,0,0.0,0.34375,128
bayesfl_observability_v1,ola_sparse_bayesian_keep010_seed42,80,ola,global,,,layers.0.bias,db,53,-66.57153245792279,-65.90465044569949,-66.23809145181113,2,0.023429931702473573,0.359375,128
bayesfl_observability_v1,ola_sparse_bayesian_keep010_seed42,80,ola,global,,,layers.0.bias,db,54,-65.90465044569949,-65.23776843347619,-65.57120943958785,1,0.011714965851236787,0.3671875,128
bayesfl_observability_v1,ola_sparse_bayesian_keep010_seed42,80,ola,global,,,layers.0.bias,db,55,-65.23776843347619,-64.57088642125291,-64.90432742736455,5,0.05857482925618518,0.40625,128
bayesfl_observability_v1,ola_sparse_bayesian_keep010_seed42,80,ola,global,,,layers.0.bias,db,56,-64.57088642125291,-63.90400440902961,-64.23744541514125,1,0.011714965851236787,0.4140625,128
bayesfl_observability_v1,ola_sparse_bayesian_keep010_seed42,80,ola,global,,,layers.0.bias,db,57,-63.90400440902961,-63.23712239680631,-63.57056340291796,1,0.011714965851236787,0.421875,128
bayesfl_observability_v1,ola_sparse_bayesian_keep010_seed42,80,ola,global,,,layers.0.bias,db,58,-63.23712239680631,-62.57024038458302,-62.90368139069467,7,0.08200476095865837,0.4765625,128
bayesfl_observability_v1,ola_sparse_bayesian_keep010_seed42,80,ola,global,,,layers.0.bias,db,59,-62.57024038458302,-61.90335837235973,-62.236799378471375,4,0.04685986340494764,0.5078125,128
bayesfl_observability_v1,ola_sparse_bayesian_keep010_seed42,80,ola,global,,,layers.0.bias,db,60,-61.90335837235973,-61.236476360136436,-61.569917366248085,6,0.07028979510742071,0.5546875,128
bayesfl_observability_v1,ola_sparse_bayesian_keep010_seed42,80,ola,global,,,layers.0.bias,db,61,-61.236476360136436,-60.569594347913146,-60.903035354024794,2,0.02342993170247382,0.5703125,128
bayesfl_observability_v1,ola_sparse_bayesian_keep010_seed42,80,ola,global,,,layers.0.bias,db,62,-60.569594347913146,-59.90271233568985,-60.2361533418015,7,0.0820047609586575,0.625,128
bayesfl_observability_v1,ola_sparse_bayesian_keep010_seed42,80,ola,global,,,layers.0.bias,db,63,-59.90271233568985,-59.23583032346656,-59.5692713295782,6,0.07028979510742146,0.671875,128
bayesfl_observability_v1,ola_sparse_bayesian_keep010_seed42,80,ola,global,,,layers.0.bias,db,64,-59.23583032346656,-58.56894831124327,-58.90238931735492,6,0.07028979510742146,0.71875,128
bayesfl_observability_v1,ola_sparse_bayesian_keep010_seed42,80,ola,global,,,layers.0.bias,db,65,-58.56894831124327,-57.90206629901997,-58.23550730513162,2,0.023429931702473573,0.734375,128
bayesfl_observability_v1,ola_sparse_bayesian_keep010_seed42,80,ola,global,,,layers.0.bias,db,66,-57.90206629901997,-57.23518428679668,-57.56862529290832,6,0.07028979510742146,0.78125,128
bayesfl_observability_v1,ola_sparse_bayesian_keep010_seed42,80,ola,global,,,layers.0.bias,db,67,-57.23518428679668,-56.568302274573384,-56.90174328068503,6,0.07028979510742071,0.828125,128
bayesfl_observability_v1,ola_sparse_bayesian_keep010_seed42,80,ola,global,,,layers.0.bias,db,68,-56.568302274573384,-55.90142026235009,-56.23486126846174,6,0.07028979510742146,0.875,128
bayesfl_observability_v1,ola_sparse_bayesian_keep010_seed42,80,ola,global,,,layers.0.bias,db,69,-55.90142026235009,-55.2345382501268,-55.567979256238445,4,0.04685986340494764,0.90625,128
bayesfl_observability_v1,ola_sparse_bayesian_keep010_seed42,80,ola,global,,,layers.0.bias,db,70,-55.2345382501268,-54.567656237903506,-54.901097244015155,3,0.03514489755371036,0.9296875,128
bayesfl_observability_v1,ola_sparse_bayesian_keep010_seed42,80,ola,global,,,layers.0.bias,db,71,-54.567656237903506,-53.900774225680216,-54.234215231791865,3,0.03514489755371073,0.953125,128
bayesfl_observability_v1,ola_sparse_bayesian_keep010_seed42,80,ola,global,,,layers.0.bias,db,72,-53.900774225680216,-53.23389221345692,-53.56733321956857,1,0.011714965851236787,0.9609375,128
bayesfl_observability_v1,ola_sparse_bayesian_keep010_seed42,80,ola,global,,,layers.0.bias,db,73,-53.23389221345692,-52.56701020123363,-52.90045120734527,3,0.03514489755371073,0.984375,128
bayesfl_observability_v1,ola_sparse_bayesian_keep010_seed42,80,ola,global,,,layers.0.bias,db,74,-52.56701020123363,-51.90012818901034,-52.23356919512199,1,0.01171496585123691,0.9921875,128
bayesfl_observability_v1,ola_sparse_bayesian_keep010_seed42,80,ola,global,,,layers.0.bias,db,75,-51.90012818901034,-51.23324617678704,-51.56668718289869,0,0.0,0.9921875,128
bayesfl_observability_v1,ola_sparse_bayesian_keep010_seed42,80,ola,global,,,layers.0.bias,db,76,-51.23324617678704,-50.56636416456375,-50.89980517067539,0,0.0,0.9921875,128
bayesfl_observability_v1,ola_sparse_bayesian_keep010_seed42,80,ola,global,,,layers.0.bias,db,77,-50.56636416456375,-49.899482152340454,-50.2329231584521,0,0.0,0.9921875,128
bayesfl_observability_v1,ola_sparse_bayesian_keep010_seed42,80,ola,global,,,layers.0.bias,db,78,-49.899482152340454,-49.232600140117164,-49.56604114622881,0,0.0,0.9921875,128
bayesfl_observability_v1,ola_sparse_bayesian_keep010_seed42,80,ola,global,,,layers.0.bias,db,79,-49.232600140117164,-48.56571812789387,-48.899159134005515,1,0.011714965851236787,1.0,128
bayesfl_observability_v1,ola_sparse_bayesian_keep010_seed42,80,ola,global,,,layers.1.weight,raw,0,3.8902170021709085e-06,0.0011223737220600772,0.000563131969531124,156,108.96450367740584,0.121875,1280
bayesfl_observability_v1,ola_sparse_bayesian_keep010_seed42,80,ola,global,,,layers.1.weight,raw,1,0.0011223737220600772,0.0022408572271179835,0.0016816154745890304,167,116.64789816747933,0.25234375,1280
bayesfl_observability_v1,ola_sparse_bayesian_keep010_seed42,80,ola,global,,,layers.1.weight,raw,2,0.0022408572271179835,0.00335934073217589,0.0028000989796469365,125,87.31130102356235,0.35,1280
bayesfl_observability_v1,ola_sparse_bayesian_keep010_seed42,80,ola,global,,,layers.1.weight,raw,3,0.00335934073217589,0.004477824237233796,0.0039185824847048426,118,82.42186816624289,0.4421875,1280
bayesfl_observability_v1,ola_sparse_bayesian_keep010_seed42,80,ola,global,,,layers.1.weight,raw,4,0.004477824237233796,0.005596307742291702,0.0050370659897627495,133,92.89922428907037,0.54609375,1280
bayesfl_observability_v1,ola_sparse_bayesian_keep010_seed42,80,ola,global,,,layers.1.weight,raw,5,0.005596307742291702,0.006714791247349609,0.0061555494948206555,100,69.84904081884986,0.62421875,1280
bayesfl_observability_v1,ola_sparse_bayesian_keep010_seed42,80,ola,global,,,layers.1.weight,raw,6,0.006714791247349609,0.007833274752407514,0.007274032999878562,86,60.07017510421097,0.69140625,1280
bayesfl_observability_v1,ola_sparse_bayesian_keep010_seed42,80,ola,global,,,layers.1.weight,raw,7,0.007833274752407514,0.008951758257465421,0.008392516504936467,68,47.4973477568179,0.74453125,1280
bayesfl_observability_v1,ola_sparse_bayesian_keep010_seed42,80,ola,global,,,layers.1.weight,raw,8,0.008951758257465421,0.010070241762523328,0.009511000009994375,50,34.92452040942493,0.78359375,1280
bayesfl_observability_v1,ola_sparse_bayesian_keep010_seed42,80,ola,global,,,layers.1.weight,raw,9,0.010070241762523328,0.011188725267581233,0.01062948351505228,40,27.939616327539987,0.81484375,1280
bayesfl_observability_v1,ola_sparse_bayesian_keep010_seed42,80,ola,global,,,layers.1.weight,raw,10,0.011188725267581233,0.01230720877263914,0.011747967020110186,24,16.763769796523967,0.83359375,1280
bayesfl_observability_v1,ola_sparse_bayesian_keep010_seed42,80,ola,global,,,layers.1.weight,raw,11,0.01230720877263914,0.013425692277697047,0.012866450525168095,24,16.763769796523967,0.85234375,1280
bayesfl_observability_v1,ola_sparse_bayesian_keep010_seed42,80,ola,global,,,layers.1.weight,raw,12,0.013425692277697047,0.014544175782754952,0.013984934030226,25,17.46226020471249,0.871875,1280
bayesfl_observability_v1,ola_sparse_bayesian_keep010_seed42,80,ola,global,,,layers.1.weight,raw,13,0.014544175782754952,0.01566265928781286,0.015103417535283905,17,11.874336939204476,0.88515625,1280
bayesfl_observability_v1,ola_sparse_bayesian_keep010_seed42,80,ola,global,,,layers.1.weight,raw,14,0.01566265928781286,0.016781142792870768,0.016221901040341814,23,16.06527938833544,0.903125,1280
bayesfl_observability_v1,ola_sparse_bayesian_keep010_seed42,80,ola,global,,,layers.1.weight,raw,15,0.016781142792870768,0.017899626297928673,0.01734038454539972,18,12.572827347392993,0.9171875,1280
bayesfl_observability_v1,ola_sparse_bayesian_keep010_seed42,80,ola,global,,,layers.1.weight,raw,16,0.017899626297928673,0.01901810980298658,0.018458868050457627,9,6.286413673696496,0.92421875,1280
bayesfl_observability_v1,ola_sparse_bayesian_keep010_seed42,80,ola,global,,,layers.1.weight,raw,17,0.01901810980298658,0.020136593308044487,0.019577351555515533,18,12.572827347392954,0.93828125,1280
bayesfl_observability_v1,ola_sparse_bayesian_keep010_seed42,80,ola,global,,,layers.1.weight,raw,18,0.020136593308044487,0.021255076813102392,0.020695835060573438,6,4.190942449130998,0.94296875,1280
bayesfl_observability_v1,ola_sparse_bayesian_keep010_seed42,80,ola,global,,,layers.1.weight,raw,19,0.021255076813102392,0.022373560318160297,0.021814318565631347,7,4.889432857319497,0.9484375,1280
bayesfl_observability_v1,ola_sparse_bayesian_keep010_seed42,80,ola,global,,,layers.1.weight,raw,20,0.022373560318160297,0.023492043823218206,0.02293280207068925,4,2.79396163275399,0.9515625,1280
bayesfl_observability_v1,ola_sparse_bayesian_keep010_seed42,80,ola,global,,,layers.1.weight,raw,21,0.023492043823218206,0.02461052732827611,0.024051285575747157,6,4.190942449130998,0.95625,1280
bayesfl_observability_v1,ola_sparse_bayesian_keep010_seed42,80,ola,global,,,layers.1.weight,raw,22,0.02461052732827611,0.025729010833334016,0.025169769080805066,5,3.4924520409424984,0.96015625,1280
bayesfl_observability_v1,ola_sparse_bayesian_keep010_seed42,80,ola,global,,,layers.1.weight,raw,23,0.025729010833334016,0.026847494338391925,0.02628825258586297,2,1.396980816376995,0.96171875,1280
bayesfl_observability_v1,ola_sparse_bayesian_keep010_seed42,80,ola,global,,,layers.1.weight,raw,24,0.026847494338391925,0.02796597784344983,0.027406736090920876,2,1.3969808163769992,0.96328125,1280
bayesfl_observability_v1,ola_sparse_bayesian_keep010_seed42,80,ola,global,,,layers.1.weight,raw,25,0.02796597784344983,0.029084461348507736,0.028525219595978785,5,3.4924520409424984,0.9671875,1280
bayesfl_observability_v1,ola_sparse_bayesian_keep010_seed42,80,ola,global,,,layers.1.weight,raw,26,0.029084461348507736,0.03020294485356564,0.029643703101036686,5,3.4924520409424984,0.97109375,1280
bayesfl_observability_v1,ola_sparse_bayesian_keep010_seed42,80,ola,global,,,layers.1.weight,raw,27,0.03020294485356564,0.031321428358623546,0.030762186606094595,2,1.3969808163769992,0.97265625,1280
bayesfl_observability_v1,ola_sparse_bayesian_keep010_seed42,80,ola,global,,,layers.1.weight,raw,28,0.031321428358623546,0.032439911863681455,0.031880670111152504,3,2.0954712245654923,0.975,1280
bayesfl_observability_v1,ola_sparse_bayesian_keep010_seed42,80,ola,global,,,layers.1.weight,raw,29,0.032439911863681455,0.03355839536873936,0.032999153616210405,1,0.6984904081884975,0.97578125,1280
bayesfl_observability_v1,ola_sparse_bayesian_keep010_seed42,80,ola,global,,,layers.1.weight,raw,30,0.03355839536873936,0.034676878873797265,0.034117637121268314,4,2.7939616327540073,0.97890625,1280
bayesfl_observability_v1,ola_sparse_bayesian_keep010_seed42,80,ola,global,,,layers.1.weight,raw,31,0.034676878873797265,0.035795362378855174,0.03523612062632622,3,2.0954712245654923,0.98125,1280
bayesfl_observability_v1,ola_sparse_bayesian_keep010_seed42,80,ola,global,,,layers.1.weight,raw,32,0.035795362378855174,0.03691384588391308,0.036354604131384124,3,2.0954712245654923,0.98359375,1280
bayesfl_observability_v1,ola_sparse_bayesian_keep010_seed42,80,ola,global,,,layers.1.weight,raw,33,0.03691384588391308,0.038032329388970984,0.03747308763644203,1,0.6984904081885018,0.984375,1280
bayesfl_observability_v1,ola_sparse_bayesian_keep010_seed42,80,ola,global,,,layers.1.weight,raw,34,0.038032329388970984,0.03915081289402889,0.03859157114149994,2,1.396980816376995,0.9859375,1280
bayesfl_observability_v1,ola_sparse_bayesian_keep010_seed42,80,ola,global,,,layers.1.weight,raw,35,0.03915081289402889,0.0402692963990868,0.039710054646557844,2,1.396980816376995,0.9875,1280
bayesfl_observability_v1,ola_sparse_bayesian_keep010_seed42,80,ola,global,,,layers.1.weight,raw,36,0.0402692963990868,0.0413877799041447,0.04082853815161575,0,0.0,0.9875,1280
bayesfl_observability_v1,ola_sparse_bayesian_keep010_seed42,80,ola,global,,,layers.1.weight,raw,37,0.0413877799041447,0.04250626340920261,0.04194702165667366,2,1.396980816376995,0.9890625,1280
bayesfl_observability_v1,ola_sparse_bayesian_keep010_seed42,80,ola,global,,,layers.1.weight,raw,38,0.04250626340920261,0.04362474691426052,0.04306550516173156,0,0.0,0.9890625,1280
bayesfl_observability_v1,ola_sparse_bayesian_keep010_seed42,80,ola,global,,,layers.1.weight,raw,39,0.04362474691426052,0.04474323041931842,0.04418398866678947,0,0.0,0.9890625,1280
bayesfl_observability_v1,ola_sparse_bayesian_keep010_seed42,80,ola,global,,,layers.1.weight,raw,40,0.04474323041931842,0.04586171392437633,0.04530247217184738,0,0.0,0.9890625,1280
bayesfl_observability_v1,ola_sparse_bayesian_keep010_seed42,80,ola,global,,,layers.1.weight,raw,41,0.04586171392437633,0.04698019742943424,0.04642095567690528,1,0.6984904081884975,0.98984375,1280
bayesfl_observability_v1,ola_sparse_bayesian_keep010_seed42,80,ola,global,,,layers.1.weight,raw,42,0.04698019742943424,0.04809868093449214,0.04753943918196319,1,0.6984904081885018,0.990625,1280
bayesfl_observability_v1,ola_sparse_bayesian_keep010_seed42,80,ola,global,,,layers.1.weight,raw,43,0.04809868093449214,0.04921716443955005,0.0486579226870211,1,0.6984904081884975,0.99140625,1280
bayesfl_observability_v1,ola_sparse_bayesian_keep010_seed42,80,ola,global,,,layers.1.weight,raw,44,0.04921716443955005,0.05033564794460796,0.049776406192079,0,0.0,0.99140625,1280
bayesfl_observability_v1,ola_sparse_bayesian_keep010_seed42,80,ola,global,,,layers.1.weight,raw,45,0.05033564794460796,0.05145413144966586,0.05089488969713691,0,0.0,0.99140625,1280
bayesfl_observability_v1,ola_sparse_bayesian_keep010_seed42,80,ola,global,,,layers.1.weight,raw,46,0.05145413144966586,0.05257261495472377,0.05201337320219482,2,1.396980816376995,0.99296875,1280
bayesfl_observability_v1,ola_sparse_bayesian_keep010_seed42,80,ola,global,,,layers.1.weight,raw,47,0.05257261495472377,0.05369109845978168,0.05313185670725272,0,0.0,0.99296875,1280
bayesfl_observability_v1,ola_sparse_bayesian_keep010_seed42,80,ola,global,,,layers.1.weight,raw,48,0.05369109845978168,0.05480958196483958,0.05425034021231063,0,0.0,0.99296875,1280
bayesfl_observability_v1,ola_sparse_bayesian_keep010_seed42,80,ola,global,,,layers.1.weight,raw,49,0.05480958196483958,0.05592806546989749,0.05536882371736854,2,1.396980816376995,0.99453125,1280
bayesfl_observability_v1,ola_sparse_bayesian_keep010_seed42,80,ola,global,,,layers.1.weight,raw,50,0.05592806546989749,0.05704654897495539,0.05648730722242644,1,0.6984904081885018,0.9953125,1280
bayesfl_observability_v1,ola_sparse_bayesian_keep010_seed42,80,ola,global,,,layers.1.weight,raw,51,0.05704654897495539,0.0581650324800133,0.05760579072748434,1,0.6984904081884975,0.99609375,1280
bayesfl_observability_v1,ola_sparse_bayesian_keep010_seed42,80,ola,global,,,layers.1.weight,raw,52,0.0581650324800133,0.05928351598507121,0.058724274232542256,1,0.6984904081884975,0.996875,1280
bayesfl_observability_v1,ola_sparse_bayesian_keep010_seed42,80,ola,global,,,layers.1.weight,raw,53,0.05928351598507121,0.06040199949012911,0.05984275773760016,1,0.6984904081885018,0.99765625,1280
bayesfl_observability_v1,ola_sparse_bayesian_keep010_seed42,80,ola,global,,,layers.1.weight,raw,54,0.06040199949012911,0.06152048299518702,0.06096124124265806,0,0.0,0.99765625,1280
bayesfl_observability_v1,ola_sparse_bayesian_keep010_seed42,80,ola,global,,,layers.1.weight,raw,55,0.06152048299518702,0.06263896650024492,0.06207972474771597,0,0.0,0.99765625,1280
bayesfl_observability_v1,ola_sparse_bayesian_keep010_seed42,80,ola,global,,,layers.1.weight,raw,56,0.06263896650024492,0.06375745000530283,0.06319820825277388,0,0.0,0.99765625,1280
bayesfl_observability_v1,ola_sparse_bayesian_keep010_seed42,80,ola,global,,,layers.1.weight,raw,57,0.06375745000530283,0.06487593351036074,0.06431669175783178,1,0.6984904081885018,0.9984375,1280
bayesfl_observability_v1,ola_sparse_bayesian_keep010_seed42,80,ola,global,,,layers.1.weight,raw,58,0.06487593351036074,0.06599441701541864,0.0654351752628897,0,0.0,0.9984375,1280
bayesfl_observability_v1,ola_sparse_bayesian_keep010_seed42,80,ola,global,,,layers.1.weight,raw,59,0.06599441701541864,0.06711290052047655,0.0665536587679476,0,0.0,0.9984375,1280
bayesfl_observability_v1,ola_sparse_bayesian_keep010_seed42,80,ola,global,,,layers.1.weight,raw,60,0.06711290052047655,0.06823138402553446,0.0676721422730055,0,0.0,0.9984375,1280
bayesfl_observability_v1,ola_sparse_bayesian_keep010_seed42,80,ola,global,,,layers.1.weight,raw,61,0.06823138402553446,0.06934986753059236,0.06879062577806341,1,0.6984904081885018,0.99921875,1280
bayesfl_observability_v1,ola_sparse_bayesian_keep010_seed42,80,ola,global,,,layers.1.weight,raw,62,0.06934986753059236,0.07046835103565027,0.06990910928312132,0,0.0,0.99921875,1280
bayesfl_observability_v1,ola_sparse_bayesian_keep010_seed42,80,ola,global,,,layers.1.weight,raw,63,0.07046835103565027,0.07158683454070817,0.07102759278817922,0,0.0,0.99921875,1280
bayesfl_observability_v1,ola_sparse_bayesian_keep010_seed42,80,ola,global,,,layers.1.weight,raw,64,0.07158683454070817,0.07270531804576608,0.07214607629323713,0,0.0,0.99921875,1280
bayesfl_observability_v1,ola_sparse_bayesian_keep010_seed42,80,ola,global,,,layers.1.weight,raw,65,0.07270531804576608,0.07382380155082399,0.07326455979829503,0,0.0,0.99921875,1280
bayesfl_observability_v1,ola_sparse_bayesian_keep010_seed42,80,ola,global,,,layers.1.weight,raw,66,0.07382380155082399,0.0749422850558819,0.07438304330335294,0,0.0,0.99921875,1280
bayesfl_observability_v1,ola_sparse_bayesian_keep010_seed42,80,ola,global,,,layers.1.weight,raw,67,0.0749422850558819,0.0760607685609398,0.07550152680841085,0,0.0,0.99921875,1280
bayesfl_observability_v1,ola_sparse_bayesian_keep010_seed42,80,ola,global,,,layers.1.weight,raw,68,0.0760607685609398,0.07717925206599771,0.07662001031346875,0,0.0,0.99921875,1280
bayesfl_observability_v1,ola_sparse_bayesian_keep010_seed42,80,ola,global,,,layers.1.weight,raw,69,0.07717925206599771,0.07829773557105561,0.07773849381852665,0,0.0,0.99921875,1280
bayesfl_observability_v1,ola_sparse_bayesian_keep010_seed42,80,ola,global,,,layers.1.weight,raw,70,0.07829773557105561,0.07941621907611351,0.07885697732358457,0,0.0,0.99921875,1280
bayesfl_observability_v1,ola_sparse_bayesian_keep010_seed42,80,ola,global,,,layers.1.weight,raw,71,0.07941621907611351,0.08053470258117143,0.07997546082864247,0,0.0,0.99921875,1280
bayesfl_observability_v1,ola_sparse_bayesian_keep010_seed42,80,ola,global,,,layers.1.weight,raw,72,0.08053470258117143,0.08165318608622933,0.08109394433370037,0,0.0,0.99921875,1280
bayesfl_observability_v1,ola_sparse_bayesian_keep010_seed42,80,ola,global,,,layers.1.weight,raw,73,0.08165318608622933,0.08277166959128723,0.08221242783875829,0,0.0,0.99921875,1280
bayesfl_observability_v1,ola_sparse_bayesian_keep010_seed42,80,ola,global,,,layers.1.weight,raw,74,0.08277166959128723,0.08389015309634515,0.08333091134381619,0,0.0,0.99921875,1280
bayesfl_observability_v1,ola_sparse_bayesian_keep010_seed42,80,ola,global,,,layers.1.weight,raw,75,0.08389015309634515,0.08500863660140305,0.0844493948488741,0,0.0,0.99921875,1280
bayesfl_observability_v1,ola_sparse_bayesian_keep010_seed42,80,ola,global,,,layers.1.weight,raw,76,0.08500863660140305,0.08612712010646095,0.08556787835393201,0,0.0,0.99921875,1280
bayesfl_observability_v1,ola_sparse_bayesian_keep010_seed42,80,ola,global,,,layers.1.weight,raw,77,0.08612712010646095,0.08724560361151887,0.08668636185898991,0,0.0,0.99921875,1280
bayesfl_observability_v1,ola_sparse_bayesian_keep010_seed42,80,ola,global,,,layers.1.weight,raw,78,0.08724560361151887,0.08836408711657677,0.08780484536404781,0,0.0,0.99921875,1280
bayesfl_observability_v1,ola_sparse_bayesian_keep010_seed42,80,ola,global,,,layers.1.weight,raw,79,0.08836408711657677,0.08948257062163467,0.08892332886910573,1,0.6984904081885018,1.0,1280
bayesfl_observability_v1,ola_sparse_bayesian_keep010_seed42,80,ola,global,,,layers.1.weight,db,0,-108.20052121519777,-107.1100800870435,-107.65530065112063,1,0.0007164531672813741,0.00078125,1280
bayesfl_observability_v1,ola_sparse_bayesian_keep010_seed42,80,ola,global,,,layers.1.weight,db,1,-107.1100800870435,-106.01963895888923,-106.56485952296637,0,0.0,0.00078125,1280
bayesfl_observability_v1,ola_sparse_bayesian_keep010_seed42,80,ola,global,,,layers.1.weight,db,2,-106.01963895888923,-104.92919783073495,-105.47441839481209,0,0.0,0.00078125,1280
bayesfl_observability_v1,ola_sparse_bayesian_keep010_seed42,80,ola,global,,,layers.1.weight,db,3,-104.92919783073495,-103.83875670258068,-104.38397726665781,0,0.0,0.00078125,1280
bayesfl_observability_v1,ola_sparse_bayesian_keep010_seed42,80,ola,global,,,layers.1.weight,db,4,-103.83875670258068,-102.74831557442641,-103.29353613850355,0,0.0,0.00078125,1280
bayesfl_observability_v1,ola_sparse_bayesian_keep010_seed42,80,ola,global,,,layers.1.weight,db,5,-102.74831557442641,-101.65787444627215,-102.20309501034927,0,0.0,0.00078125,1280
bayesfl_observability_v1,ola_sparse_bayesian_keep010_seed42,80,ola,global,,,layers.1.weight,db,6,-101.65787444627215,-100.56743331811788,-101.11265388219502,0,0.0,0.00078125,1280
bayesfl_observability_v1,ola_sparse_bayesian_keep010_seed42,80,ola,global,,,layers.1.weight,db,7,-100.56743331811788,-99.4769921899636,-100.02221275404074,0,0.0,0.00078125,1280
bayesfl_observability_v1,ola_sparse_bayesian_keep010_seed42,80,ola,global,,,layers.1.weight,db,8,-99.4769921899636,-98.38655106180933,-98.93177162588646,0,0.0,0.00078125,1280
bayesfl_observability_v1,ola_sparse_bayesian_keep010_seed42,80,ola,global,,,layers.1.weight,db,9,-98.38655106180933,-97.29610993365506,-97.8413304977322,0,0.0,0.00078125,1280
bayesfl_observability_v1,ola_sparse_bayesian_keep010_seed42,80,ola,global,,,layers.1.weight,db,10,-97.29610993365506,-96.20566880550079,-96.75088936957792,0,0.0,0.00078125,1280
bayesfl_observability_v1,ola_sparse_bayesian_keep010_seed42,80,ola,global,,,layers.1.weight,db,11,-96.20566880550079,-95.11522767734652,-95.66044824142367,0,0.0,0.00078125,1280
bayesfl_observability_v1,ola_sparse_bayesian_keep010_seed42,80,ola,global,,,layers.1.weight,db,12,-95.11522767734652,-94.02478654919224,-94.57000711326938,0,0.0,0.00078125,1280
bayesfl_observability_v1,ola_sparse_bayesian_keep010_seed42,80,ola,global,,,layers.1.weight,db,13,-94.02478654919224,-92.93434542103797,-93.4795659851151,0,0.0,0.00078125,1280
bayesfl_observability_v1,ola_sparse_bayesian_keep010_seed42,80,ola,global,,,layers.1.weight,db,14,-92.93434542103797,-91.8439042928837,-92.38912485696085,2,0.0014329063345627482,0.00234375,1280
bayesfl_observability_v1,ola_sparse_bayesian_keep010_seed42,80,ola,global,,,layers.1.weight,db,15,-91.8439042928837,-90.75346316472944,-91.29868372880657,0,0.0,0.00234375,1280
bayesfl_observability_v1,ola_sparse_bayesian_keep010_seed42,80,ola,global,,,layers.1.weight,db,16,-90.75346316472944,-89.66302203657517,-90.20824260065231,0,0.0,0.00234375,1280
bayesfl_observability_v1,ola_sparse_bayesian_keep010_seed42,80,ola,global,,,layers.1.weight,db,17,-89.66302203657517,-88.57258090842089,-89.11780147249803,0,0.0,0.00234375,1280
bayesfl_observability_v1,ola_sparse_bayesian_keep010_seed42,80,ola,global,,,layers.1.weight,db,18,-88.57258090842089,-87.48213978026662,-88.02736034434375,1,0.0007164531672813741,0.003125,1280
bayesfl_observability_v1,ola_sparse_bayesian_keep010_seed42,80,ola,global,,,layers.1.weight,db,19,-87.48213978026662,-86.39169865211235,-86.9369192161895,2,0.0014329063345627482,0.0046875,1280
bayesfl_observability_v1,ola_sparse_bayesian_keep010_seed42,80,ola,global,,,layers.1.weight,db,20,-86.39169865211235,-85.30125752395809,-85.84647808803521,0,0.0,0.0046875,1280
bayesfl_observability_v1,ola_sparse_bayesian_keep010_seed42,80,ola,global,,,layers.1.weight,db,21,-85.30125752395809,-84.21081639580382,-84.75603695988096,1,0.0007164531672813741,0.00546875,1280
bayesfl_observability_v1,ola_sparse_bayesian_keep010_seed42,80,ola,global,,,layers.1.weight,db,22,-84.21081639580382,-83.12037526764954,-83.66559583172668,1,0.0007164531672813648,0.00625,1280
bayesfl_observability_v1,ola_sparse_bayesian_keep010_seed42,80,ola,global,,,layers.1.weight,db,23,-83.12037526764954,-82.02993413949527,-82.5751547035724,3,0.0021493595018441222,0.00859375,1280
bayesfl_observability_v1,ola_sparse_bayesian_keep010_seed42,80,ola,global,,,layers.1.weight,db,24,-82.02993413949527,-80.939493011341,-81.48471357541814,1,0.0007164531672813741,0.009375,1280
bayesfl_observability_v1,ola_sparse_bayesian_keep010_seed42,80,ola,global,,,layers.1.weight,db,25,-80.939493011341,-79.84905188318673,-80.39427244726386,0,0.0,0.009375,1280
bayesfl_observability_v1,ola_sparse_bayesian_keep010_seed42,80,ola,global,,,layers.1.weight,db,26,-79.84905188318673,-78.75861075503246,-79.3038313191096,5,0.0035822658364068707,0.01328125,1280
bayesfl_observability_v1,ola_sparse_bayesian_keep010_seed42,80,ola,global,,,layers.1.weight,db,27,-78.75861075503246,-77.66816962687818,-78.21339019095532,2,0.0014329063345627296,0.01484375,1280
bayesfl_observability_v1,ola_sparse_bayesian_keep010_seed42,80,ola,global,,,layers.1.weight,db,28,-77.66816962687818,-76.57772849872391,-77.12294906280104,1,0.0007164531672813741,0.015625,1280
bayesfl_observability_v1,ola_sparse_bayesian_keep010_seed42,80,ola,global,,,layers.1.weight,db,29,-76.57772849872391,-75.48728737056965,-76.03250793464679,1,0.0007164531672813741,0.01640625,1280
bayesfl_observability_v1,ola_sparse_bayesian_keep010_seed42,80,ola,global,,,layers.1.weight,db,30,-75.48728737056965,-74.39684624241536,-74.9420668064925,6,0.004298719003688189,0.02109375,1280
bayesfl_observability_v1,ola_sparse_bayesian_keep010_seed42,80,ola,global,,,layers.1.weight,db,31,-74.39684624241536,-73.30640511426111,-73.85162567833824,4,0.0028658126691255338,0.02421875,1280
bayesfl_observability_v1,ola_sparse_bayesian_keep010_seed42,80,ola,global,,,layers.1.weight,db,32,-73.30640511426111,-72.21596398610683,-72.76118455018397,4,0.002865812669125459,0.02734375,1280
bayesfl_observability_v1,ola_sparse_bayesian_keep010_seed42,80,ola,global,,,layers.1.weight,db,33,-72.21596398610683,-71.12552285795256,-71.67074342202969,4,0.0028658126691254965,0.03046875,1280
bayesfl_observability_v1,ola_sparse_bayesian_keep010_seed42,80,ola,global,,,layers.1.weight,db,34,-71.12552285795256,-70.03508172979829,-70.58030229387543,6,0.0042987190036882445,0.03515625,1280
bayesfl_observability_v1,ola_sparse_bayesian_keep010_seed42,80,ola,global,,,layers.1.weight,db,35,-70.03508172979829,-68.94464060164401,-69.48986116572115,6,0.004298719003688189,0.03984375,1280
bayesfl_observability_v1,ola_sparse_bayesian_keep010_seed42,80,ola,global,,,layers.1.weight,db,36,-68.94464060164401,-67.85419947348976,-68.39942003756688,5,0.0035822658364069175,0.04375,1280
bayesfl_observability_v1,ola_sparse_bayesian_keep010_seed42,80,ola,global,,,layers.1.weight,db,37,-67.85419947348976,-66.76375834533548,-67.30897890941262,5,0.003582265836406824,0.04765625,1280
bayesfl_observability_v1,ola_sparse_bayesian_keep010_seed42,80,ola,global,,,layers.1.weight,db,38,-66.76375834533548,-65.67331721718121,-66.21853778125833,3,0.0021493595018441222,0.05,1280
bayesfl_observability_v1,ola_sparse_bayesian_keep010_seed42,80,ola,global,,,layers.1.weight,db,39,-65.67331721718121,-64.58287608902694,-65.12809665310408,11,0.007880984840095116,0.05859375,1280
bayesfl_observability_v1,ola_sparse_bayesian_keep010_seed42,80,ola,global,,,layers.1.weight,db,40,-64.58287608902694,-63.492434960872664,-64.0376555249498,12,0.008597438007376433,0.06796875,1280
bayesfl_observability_v1,ola_sparse_bayesian_keep010_seed42,80,ola,global,,,layers.1.weight,db,41,-63.492434960872664,-62.4019938327184,-62.94721439679553,14,0.010030344341939237,0.07890625,1280
bayesfl_observability_v1,ola_sparse_bayesian_keep010_seed42,80,ola,global,,,layers.1.weight,db,42,-62.4019938327184,-61.31155270456413,-61.85677326864126,17,0.012179703843783361,0.0921875,1280
bayesfl_observability_v1,ola_sparse_bayesian_keep010_seed42,80,ola,global,,,layers.1.weight,db,43,-61.31155270456413,-60.221111576409854,-60.766332140486995,19,0.01361261017834602,0.10703125,1280
bayesfl_observability_v1,ola_sparse_bayesian_keep010_seed42,80,ola,global,,,layers.1.weight,db,44,-60.221111576409854,-59.130670448255586,-59.67589101233272,16,0.011463250676501986,0.11953125,1280
bayesfl_observability_v1,ola_sparse_bayesian_keep010_seed42,80,ola,global,,,layers.1.weight,db,45,-59.130670448255586,-58.04022932010131,-58.585449884178445,27,0.019344235516596975,0.140625,1280
bayesfl_observability_v1,ola_sparse_bayesian_keep010_seed42,80,ola,global,,,layers.1.weight,db,46,-58.04022932010131,-56.94978819194704,-57.49500875602418,31,0.022210048185722597,0.16484375,1280
bayesfl_observability_v1,ola_sparse_bayesian_keep010_seed42,80,ola,global,,,layers.1.weight,db,47,-56.94978819194704,-55.85934706379277,-56.40456762786991,24,0.017194876014752867,0.18359375,1280
bayesfl_observability_v1,ola_sparse_bayesian_keep010_seed42,80,ola,global,,,layers.1.weight,db,48,-55.85934706379277,-54.7689059356385,-55.314126499715634,27,0.019344235516597103,0.2046875,1280
bayesfl_observability_v1,ola_sparse_bayesian_keep010_seed42,80,ola,global,,,layers.1.weight,db,49,-54.7689059356385,-53.67846480748423,-54.223685371561366,28,0.020060688683878475,0.2265625,1280
bayesfl_observability_v1,ola_sparse_bayesian_keep010_seed42,80,ola,global,,,layers.1.weight,db,50,-53.67846480748423,-52.58802367932996,-53.13324424340709,44,0.031523939360380254,0.2609375,1280
bayesfl_observability_v1,ola_sparse_bayesian_keep010_seed42,80,ola,global,,,layers.1.weight,db,51,-52.58802367932996,-51.49758255117569,-52.04280311525282,35,0.025075860854848094,0.28828125,1280
bayesfl_observability_v1,ola_sparse_bayesian_keep010_seed42,80,ola,global,,,layers.1.weight,db,52,-51.49758255117569,-50.407141423021415,-50.952361987098556,40,0.028658126691254778,0.31953125,1280
bayesfl_observability_v1,ola_sparse_bayesian_keep010_seed42,80,ola,global,,,layers.1.weight,db,53,-50.407141423021415,-49.31670029486715,-49.86192085894428,49,0.03510620519678733,0.3578125,1280
bayesfl_observability_v1,ola_sparse_bayesian_keep010_seed42,80,ola,global,,,layers.1.weight,db,54,-49.31670029486715,-48.22625916671288,-48.77147973079001,50,0.035822658364068706,0.396875,1280
bayesfl_observability_v1,ola_sparse_bayesian_keep010_seed42,80,ola,global,,,layers.1.weight,db,55,-48.22625916671288,-47.135818038558604,-47.68103860263574,52,0.03725556469863121,0.4375,1280
bayesfl_observability_v1,ola_sparse_bayesian_keep010_seed42,80,ola,global,,,layers.1.weight,db,56,-47.135818038558604,-46.045376910404336,-46.59059747448147,75,0.05373398754610306,0.49609375,1280
bayesfl_observability_v1,ola_sparse_bayesian_keep010_seed42,80,ola,global,,,layers.1.weight,db,57,-46.045376910404336,-44.95493578225006,-45.5001563463272,71,0.05086817487697723,0.5515625,1280
bayesfl_observability_v1,ola_sparse_bayesian_keep010_seed42,80,ola,global,,,layers.1.weight,db,58,-44.95493578225006,-43.86449465409579,-44.40971521817293,71,0.05086817487697756,0.60703125,1280
bayesfl_observability_v1,ola_sparse_bayesian_keep010_seed42,80,ola,global,,,layers.1.weight,db,59,-43.86449465409579,-42.774053525941525,-43.31927409001866,66,0.047285909040570694,0.65859375,1280
bayesfl_observability_v1,ola_sparse_bayesian_keep010_seed42,80,ola,global,,,layers.1.weight,db,60,-42.774053525941525,-41.68361239778726,-42.22883296186439,75,0.05373398754610306,0.7171875,1280
bayesfl_observability_v1,ola_sparse_bayesian_keep010_seed42,80,ola,global,,,layers.1.weight,db,61,-41.68361239778726,-40.593171269632975,-41.138391833710116,50,0.03582265836406824,0.75625,1280
bayesfl_observability_v1,ola_sparse_bayesian_keep010_seed42,80,ola,global,,,layers.1.weight,db,62,-40.593171269632975,-39.50273014147871,-40.04795070555584,53,0.03797201786591283,0.79765625,1280
bayesfl_observability_v1,ola_sparse_bayesian_keep010_seed42,80,ola,global,,,layers.1.weight,db,63,-39.50273014147871,-38.41228901332444,-38.957509577401574,41,0.02937457985853634,0.8296875,1280
bayesfl_observability_v1,ola_sparse_bayesian_keep010_seed42,80,ola,global,,,layers.1.weight,db,64,-38.41228901332444,-37.32184788517017,-37.867068449247306,33,0.023642954520285347,0.85546875,1280
bayesfl_observability_v1,ola_sparse_bayesian_keep010_seed42,80,ola,global,,,layers.1.weight,db,65,-37.32184788517017,-36.231406757015904,-36.77662732109304,32,0.02292650135300397,0.88046875,1280
bayesfl_observability_v1,ola_sparse_bayesian_keep010_seed42,80,ola,global,,,layers.1.weight,db,66,-36.231406757015904,-35.14096562886162,-35.68618619293876,41,0.029374579858535955,0.9125,1280
bayesfl_observability_v1,ola_sparse_bayesian_keep010_seed42,80,ola,global,,,layers.1.weight,db,67,-35.14096562886162,-34.050524500707354,-34.59574506478449,26,0.018627782349315728,0.9328125,1280
bayesfl_observability_v1,ola_sparse_bayesian_keep010_seed42,80,ola,global,,,layers.1.weight,db,68,-34.050524500707354,-32.960083372553086,-33.50530393663022,20,0.014329063345627483,0.9484375,1280
bayesfl_observability_v1,ola_sparse_bayesian_keep010_seed42,80,ola,global,,,layers.1.weight,db,69,-32.960083372553086,-31.86964224439882,-32.41486280847595,14,0.010030344341939237,0.959375,1280
bayesfl_observability_v1,ola_sparse_bayesian_keep010_seed42,80,ola,global,,,layers.1.weight,db,70,-31.86964224439882,-30.77920111624455,-31.324421680321684,9,0.006448078505532367,0.96640625,1280
bayesfl_observability_v1,ola_sparse_bayesian_keep010_seed42,80,ola,global,,,layers.1.weight,db,71,-30.77920111624455,-29.68875998809027,-30.23398055216741,12,0.008597438007376378,0.97578125,1280
bayesfl_observability_v1,ola_sparse_bayesian_keep010_seed42,80,ola,global,,,layers.1.weight,db,72,-29.68875998809027,-28.598318859936,-29.143539424013134,11,0.007880984840095116,0.984375,1280
bayesfl_observability_v1,ola_sparse_bayesian_keep010_seed42,80,ola,global,,,layers.1.weight,db,73,-28.598318859936,-27.507877731781733,-28.053098295858867,6,0.0042987190036882445,0.9890625,1280
bayesfl_observability_v1,ola_sparse_bayesian_keep010_seed42,80,ola,global,,,layers.1.weight,db,74,-27.507877731781733,-26.417436603627465,-26.9626571677046,2,0.0014329063345627482,0.990625,1280
bayesfl_observability_v1,ola_sparse_bayesian_keep010_seed42,80,ola,global,,,layers.1.weight,db,75,-26.417436603627465,-25.326995475473197,-25.87221603955033,3,0.0021493595018441222,0.99296875,1280
bayesfl_observability_v1,ola_sparse_bayesian_keep010_seed42,80,ola,global,,,layers.1.weight,db,76,-25.326995475473197,-24.236554347318915,-24.781774911396056,6,0.004298719003688189,0.99765625,1280
bayesfl_observability_v1,ola_sparse_bayesian_keep010_seed42,80,ola,global,,,layers.1.weight,db,77,-24.236554347318915,-23.146113219164647,-23.69133378324178,2,0.0014329063345627482,0.99921875,1280
bayesfl_observability_v1,ola_sparse_bayesian_keep010_seed42,80,ola,global,,,layers.1.weight,db,78,-23.146113219164647,-22.05567209101038,-22.600892655087513,0,0.0,0.99921875,1280
bayesfl_observability_v1,ola_sparse_bayesian_keep010_seed42,80,ola,global,,,layers.1.weight,db,79,-22.05567209101038,-20.96523096285611,-21.510451526933245,1,0.0007164531672813741,1.0,1280
bayesfl_observability_v1,ola_sparse_bayesian_keep010_seed42,80,ola,global,,,layers.1.bias,raw,0,0.00016377056935361136,0.0003276697973748317,0.00024572018336422154,1,610.1310006600692,0.1,10
bayesfl_observability_v1,ola_sparse_bayesian_keep010_seed42,80,ola,global,,,layers.1.bias,raw,1,0.0003276697973748317,0.000491569025396052,0.00040961941138544183,1,610.1310006600693,0.2,10
bayesfl_observability_v1,ola_sparse_bayesian_keep010_seed42,80,ola,global,,,layers.1.bias,raw,2,0.000491569025396052,0.0006554682534172724,0.0005735186394066622,1,610.1310006600688,0.3,10
bayesfl_observability_v1,ola_sparse_bayesian_keep010_seed42,80,ola,global,,,layers.1.bias,raw,3,0.0006554682534172724,0.0008193674814384927,0.0007374178674278825,0,0.0,0.3,10
bayesfl_observability_v1,ola_sparse_bayesian_keep010_seed42,80,ola,global,,,layers.1.bias,raw,4,0.0008193674814384927,0.000983266709459713,0.0009013170954491028,1,610.1310006600693,0.4,10
bayesfl_observability_v1,ola_sparse_bayesian_keep010_seed42,80,ola,global,,,layers.1.bias,raw,5,0.000983266709459713,0.0011471659374809333,0.0010652163234703231,1,610.1310006600693,0.5,10
bayesfl_observability_v1,ola_sparse_bayesian_keep010_seed42,80,ola,global,,,layers.1.bias,raw,6,0.0011471659374809333,0.0013110651655021536,0.0012291155514915434,0,0.0,0.5,10
bayesfl_observability_v1,ola_sparse_bayesian_keep010_seed42,80,ola,global,,,layers.1.bias,raw,7,0.0013110651655021536,0.0014749643935233739,0.0013930147795127637,1,610.1310006600693,0.6,10
bayesfl_observability_v1,ola_sparse_bayesian_keep010_seed42,80,ola,global,,,layers.1.bias,raw,8,0.0014749643935233739,0.0016388636215445942,0.001556914007533984,0,0.0,0.6,10
bayesfl_observability_v1,ola_sparse_bayesian_keep010_seed42,80,ola,global,,,layers.1.bias,raw,9,0.0016388636215445942,0.0018027628495658145,0.0017208132355552043,0,0.0,0.6,10
bayesfl_observability_v1,ola_sparse_bayesian_keep010_seed42,80,ola,global,,,layers.1.bias,raw,10,0.0018027628495658145,0.001966662077587035,0.0018847124635764248,0,0.0,0.6,10
bayesfl_observability_v1,ola_sparse_bayesian_keep010_seed42,80,ola,global,,,layers.1.bias,raw,11,0.001966662077587035,0.0021305613056082553,0.002048611691597645,0,0.0,0.6,10
bayesfl_observability_v1,ola_sparse_bayesian_keep010_seed42,80,ola,global,,,layers.1.bias,raw,12,0.0021305613056082553,0.0022944605336294756,0.0022125109196188654,0,0.0,0.6,10
bayesfl_observability_v1,ola_sparse_bayesian_keep010_seed42,80,ola,global,,,layers.1.bias,raw,13,0.0022944605336294756,0.002458359761650696,0.0023764101476400857,0,0.0,0.6,10
bayesfl_observability_v1,ola_sparse_bayesian_keep010_seed42,80,ola,global,,,layers.1.bias,raw,14,0.002458359761650696,0.002622258989671916,0.002540309375661306,0,0.0,0.6,10
bayesfl_observability_v1,ola_sparse_bayesian_keep010_seed42,80,ola,global,,,layers.1.bias,raw,15,0.002622258989671916,0.0027861582176931365,0.0027042086036825263,0,0.0,0.6,10
bayesfl_observability_v1,ola_sparse_bayesian_keep010_seed42,80,ola,global,,,layers.1.bias,raw,16,0.0027861582176931365,0.0029500574457143568,0.0028681078317037466,0,0.0,0.6,10
bayesfl_observability_v1,ola_sparse_bayesian_keep010_seed42,80,ola,global,,,layers.1.bias,raw,17,0.0029500574457143568,0.003113956673735577,0.003032007059724967,0,0.0,0.6,10
bayesfl_observability_v1,ola_sparse_bayesian_keep010_seed42,80,ola,global,,,layers.1.bias,raw,18,0.003113956673735577,0.0032778559017567974,0.003195906287746187,0,0.0,0.6,10
bayesfl_observability_v1,ola_sparse_bayesian_keep010_seed42,80,ola,global,,,layers.1.bias,raw,19,0.0032778559017567974,0.0034417551297780177,0.0033598055157674075,0,0.0,0.6,10
bayesfl_observability_v1,ola_sparse_bayesian_keep010_seed42,80,ola,global,,,layers.1.bias,raw,20,0.0034417551297780177,0.003605654357799238,0.003523704743788628,0,0.0,0.6,10
bayesfl_observability_v1,ola_sparse_bayesian_keep010_seed42,80,ola,global,,,layers.1.bias,raw,21,0.003605654357799238,0.0037695535858204583,0.003687603971809848,0,0.0,0.6,10
bayesfl_observability_v1,ola_sparse_bayesian_keep010_seed42,80,ola,global,,,layers.1.bias,raw,22,0.0037695535858204583,0.0039334528138416786,0.0038515031998310684,0,0.0,0.6,10
bayesfl_observability_v1,ola_sparse_bayesian_keep010_seed42,80,ola,global,,,layers.1.bias,raw,23,0.0039334528138416786,0.0040973520418629,0.00401540242785229,0,0.0,0.6,10
bayesfl_observability_v1,ola_sparse_bayesian_keep010_seed42,80,ola,global,,,layers.1.bias,raw,24,0.0040973520418629,0.00426125126988412,0.00417930165587351,0,0.0,0.6,10
bayesfl_observability_v1,ola_sparse_bayesian_keep010_seed42,80,ola,global,,,layers.1.bias,raw,25,0.00426125126988412,0.00442515049790534,0.00434320088389473,0,0.0,0.6,10
bayesfl_observability_v1,ola_sparse_bayesian_keep010_seed42,80,ola,global,,,layers.1.bias,raw,26,0.00442515049790534,0.004589049725926561,0.0045071001119159505,1,610.1310006600693,0.7,10
bayesfl_observability_v1,ola_sparse_bayesian_keep010_seed42,80,ola,global,,,layers.1.bias,raw,27,0.004589049725926561,0.004752948953947781,0.004670999339937171,0,0.0,0.7,10
bayesfl_observability_v1,ola_sparse_bayesian_keep010_seed42,80,ola,global,,,layers.1.bias,raw,28,0.004752948953947781,0.004916848181969001,0.004834898567958391,0,0.0,0.7,10
bayesfl_observability_v1,ola_sparse_bayesian_keep010_seed42,80,ola,global,,,layers.1.bias,raw,29,0.004916848181969001,0.0050807474099902215,0.004998797795979611,1,610.1310006600693,0.8,10
bayesfl_observability_v1,ola_sparse_bayesian_keep010_seed42,80,ola,global,,,layers.1.bias,raw,30,0.0050807474099902215,0.005244646638011442,0.005162697024000832,0,0.0,0.8,10
bayesfl_observability_v1,ola_sparse_bayesian_keep010_seed42,80,ola,global,,,layers.1.bias,raw,31,0.005244646638011442,0.005408545866032662,0.005326596252022052,0,0.0,0.8,10
bayesfl_observability_v1,ola_sparse_bayesian_keep010_seed42,80,ola,global,,,layers.1.bias,raw,32,0.005408545866032662,0.005572445094053882,0.005490495480043272,0,0.0,0.8,10
bayesfl_observability_v1,ola_sparse_bayesian_keep010_seed42,80,ola,global,,,layers.1.bias,raw,33,0.005572445094053882,0.005736344322075103,0.0056543947080644925,0,0.0,0.8,10
bayesfl_observability_v1,ola_sparse_bayesian_keep010_seed42,80,ola,global,,,layers.1.bias,raw,34,0.005736344322075103,0.005900243550096323,0.005818293936085713,0,0.0,0.8,10
bayesfl_observability_v1,ola_sparse_bayesian_keep010_seed42,80,ola,global,,,layers.1.bias,raw,35,0.005900243550096323,0.006064142778117543,0.005982193164106933,0,0.0,0.8,10
bayesfl_observability_v1,ola_sparse_bayesian_keep010_seed42,80,ola,global,,,layers.1.bias,raw,36,0.006064142778117543,0.006228042006138764,0.0061460923921281534,1,610.1310006600693,0.9,10
bayesfl_observability_v1,ola_sparse_bayesian_keep010_seed42,80,ola,global,,,layers.1.bias,raw,37,0.006228042006138764,0.006391941234159984,0.006309991620149374,0,0.0,0.9,10
bayesfl_observability_v1,ola_sparse_bayesian_keep010_seed42,80,ola,global,,,layers.1.bias,raw,38,0.006391941234159984,0.006555840462181204,0.006473890848170594,0,0.0,0.9,10
bayesfl_observability_v1,ola_sparse_bayesian_keep010_seed42,80,ola,global,,,layers.1.bias,raw,39,0.006555840462181204,0.0067197396902024245,0.006637790076191814,0,0.0,0.9,10
bayesfl_observability_v1,ola_sparse_bayesian_keep010_seed42,80,ola,global,,,layers.1.bias,raw,40,0.0067197396902024245,0.006883638918223645,0.006801689304213035,0,0.0,0.9,10
bayesfl_observability_v1,ola_sparse_bayesian_keep010_seed42,80,ola,global,,,layers.1.bias,raw,41,0.006883638918223645,0.007047538146244865,0.006965588532234255,0,0.0,0.9,10
bayesfl_observability_v1,ola_sparse_bayesian_keep010_seed42,80,ola,global,,,layers.1.bias,raw,42,0.007047538146244865,0.007211437374266085,0.007129487760255475,0,0.0,0.9,10
bayesfl_observability_v1,ola_sparse_bayesian_keep010_seed42,80,ola,global,,,layers.1.bias,raw,43,0.007211437374266085,0.007375336602287306,0.0072933869882766955,0,0.0,0.9,10
bayesfl_observability_v1,ola_sparse_bayesian_keep010_seed42,80,ola,global,,,layers.1.bias,raw,44,0.007375336602287306,0.007539235830308526,0.007457286216297916,0,0.0,0.9,10
bayesfl_observability_v1,ola_sparse_bayesian_keep010_seed42,80,ola,global,,,layers.1.bias,raw,45,0.007539235830308526,0.007703135058329746,0.007621185444319136,0,0.0,0.9,10
bayesfl_observability_v1,ola_sparse_bayesian_keep010_seed42,80,ola,global,,,layers.1.bias,raw,46,0.007703135058329746,0.007867034286350966,0.007785084672340356,0,0.0,0.9,10
bayesfl_observability_v1,ola_sparse_bayesian_keep010_seed42,80,ola,global,,,layers.1.bias,raw,47,0.007867034286350966,0.008030933514372188,0.007948983900361577,0,0.0,0.9,10
bayesfl_observability_v1,ola_sparse_bayesian_keep010_seed42,80,ola,global,,,layers.1.bias,raw,48,0.008030933514372188,0.008194832742393408,0.008112883128382799,0,0.0,0.9,10
bayesfl_observability_v1,ola_sparse_bayesian_keep010_seed42,80,ola,global,,,layers.1.bias,raw,49,0.008194832742393408,0.008358731970414628,0.008276782356404017,0,0.0,0.9,10
bayesfl_observability_v1,ola_sparse_bayesian_keep010_seed42,80,ola,global,,,layers.1.bias,raw,50,0.008358731970414628,0.008522631198435849,0.00844068158442524,0,0.0,0.9,10
bayesfl_observability_v1,ola_sparse_bayesian_keep010_seed42,80,ola,global,,,layers.1.bias,raw,51,0.008522631198435849,0.008686530426457069,0.008604580812446458,0,0.0,0.9,10
bayesfl_observability_v1,ola_sparse_bayesian_keep010_seed42,80,ola,global,,,layers.1.bias,raw,52,0.008686530426457069,0.00885042965447829,0.00876848004046768,0,0.0,0.9,10
bayesfl_observability_v1,ola_sparse_bayesian_keep010_seed42,80,ola,global,,,layers.1.bias,raw,53,0.00885042965447829,0.00901432888249951,0.008932379268488898,0,0.0,0.9,10
bayesfl_observability_v1,ola_sparse_bayesian_keep010_seed42,80,ola,global,,,layers.1.bias,raw,54,0.00901432888249951,0.00917822811052073,0.00909627849651012,0,0.0,0.9,10
bayesfl_observability_v1,ola_sparse_bayesian_keep010_seed42,80,ola,global,,,layers.1.bias,raw,55,0.00917822811052073,0.00934212733854195,0.009260177724531339,0,0.0,0.9,10
bayesfl_observability_v1,ola_sparse_bayesian_keep010_seed42,80,ola,global,,,layers.1.bias,raw,56,0.00934212733854195,0.00950602656656317,0.009424076952552561,0,0.0,0.9,10
bayesfl_observability_v1,ola_sparse_bayesian_keep010_seed42,80,ola,global,,,layers.1.bias,raw,57,0.00950602656656317,0.00966992579458439,0.00958797618057378,0,0.0,0.9,10
bayesfl_observability_v1,ola_sparse_bayesian_keep010_seed42,80,ola,global,,,layers.1.bias,raw,58,0.00966992579458439,0.009833825022605611,0.009751875408595002,0,0.0,0.9,10
bayesfl_observability_v1,ola_sparse_bayesian_keep010_seed42,80,ola,global,,,layers.1.bias,raw,59,0.009833825022605611,0.009997724250626831,0.00991577463661622,0,0.0,0.9,10
bayesfl_observability_v1,ola_sparse_bayesian_keep010_seed42,80,ola,global,,,layers.1.bias,raw,60,0.009997724250626831,0.010161623478648052,0.010079673864637442,0,0.0,0.9,10
bayesfl_observability_v1,ola_sparse_bayesian_keep010_seed42,80,ola,global,,,layers.1.bias,raw,61,0.010161623478648052,0.010325522706669272,0.01024357309265866,0,0.0,0.9,10
bayesfl_observability_v1,ola_sparse_bayesian_keep010_seed42,80,ola,global,,,layers.1.bias,raw,62,0.010325522706669272,0.010489421934690492,0.010407472320679883,0,0.0,0.9,10
bayesfl_observability_v1,ola_sparse_bayesian_keep010_seed42,80,ola,global,,,layers.1.bias,raw,63,0.010489421934690492,0.010653321162711712,0.010571371548701101,0,0.0,0.9,10
bayesfl_observability_v1,ola_sparse_bayesian_keep010_seed42,80,ola,global,,,layers.1.bias,raw,64,0.010653321162711712,0.010817220390732933,0.010735270776722323,0,0.0,0.9,10
bayesfl_observability_v1,ola_sparse_bayesian_keep010_seed42,80,ola,global,,,layers.1.bias,raw,65,0.010817220390732933,0.010981119618754153,0.010899170004743542,0,0.0,0.9,10
bayesfl_observability_v1,ola_sparse_bayesian_keep010_seed42,80,ola,global,,,layers.1.bias,raw,66,0.010981119618754153,0.011145018846775373,0.011063069232764764,0,0.0,0.9,10
bayesfl_observability_v1,ola_sparse_bayesian_keep010_seed42,80,ola,global,,,layers.1.bias,raw,67,0.011145018846775373,0.011308918074796594,0.011226968460785983,0,0.0,0.9,10
bayesfl_observability_v1,ola_sparse_bayesian_keep010_seed42,80,ola,global,,,layers.1.bias,raw,68,0.011308918074796594,0.011472817302817814,0.011390867688807205,0,0.0,0.9,10
bayesfl_observability_v1,ola_sparse_bayesian_keep010_seed42,80,ola,global,,,layers.1.bias,raw,69,0.011472817302817814,0.011636716530839034,0.011554766916828423,0,0.0,0.9,10
bayesfl_observability_v1,ola_sparse_bayesian_keep010_seed42,80,ola,global,,,layers.1.bias,raw,70,0.011636716530839034,0.011800615758860255,0.011718666144849645,0,0.0,0.9,10
bayesfl_observability_v1,ola_sparse_bayesian_keep010_seed42,80,ola,global,,,layers.1.bias,raw,71,0.011800615758860255,0.011964514986881475,0.011882565372870864,0,0.0,0.9,10
bayesfl_observability_v1,ola_sparse_bayesian_keep010_seed42,80,ola,global,,,layers.1.bias,raw,72,0.011964514986881475,0.012128414214902695,0.012046464600892086,0,0.0,0.9,10
bayesfl_observability_v1,ola_sparse_bayesian_keep010_seed42,80,ola,global,,,layers.1.bias,raw,73,0.012128414214902695,0.012292313442923915,0.012210363828913304,0,0.0,0.9,10
bayesfl_observability_v1,ola_sparse_bayesian_keep010_seed42,80,ola,global,,,layers.1.bias,raw,74,0.012292313442923915,0.012456212670945136,0.012374263056934526,0,0.0,0.9,10
bayesfl_observability_v1,ola_sparse_bayesian_keep010_seed42,80,ola,global,,,layers.1.bias,raw,75,0.012456212670945136,0.012620111898966356,0.012538162284955745,0,0.0,0.9,10
bayesfl_observability_v1,ola_sparse_bayesian_keep010_seed42,80,ola,global,,,layers.1.bias,raw,76,0.012620111898966356,0.012784011126987576,0.012702061512976967,0,0.0,0.9,10
bayesfl_observability_v1,ola_sparse_bayesian_keep010_seed42,80,ola,global,,,layers.1.bias,raw,77,0.012784011126987576,0.012947910355008797,0.012865960740998186,0,0.0,0.9,10
bayesfl_observability_v1,ola_sparse_bayesian_keep010_seed42,80,ola,global,,,layers.1.bias,raw,78,0.012947910355008797,0.013111809583030017,0.013029859969019408,0,0.0,0.9,10
bayesfl_observability_v1,ola_sparse_bayesian_keep010_seed42,80,ola,global,,,layers.1.bias,raw,79,0.013111809583030017,0.013275708811051237,0.013193759197040626,1,610.1310006600693,1.0,10
bayesfl_observability_v1,ola_sparse_bayesian_keep010_seed42,80,ola,global,,,layers.1.bias,db,0,-75.71528276962555,-75.23807730548691,-75.47668003755624,1,0.20955334235432943,0.1,10
bayesfl_observability_v1,ola_sparse_bayesian_keep010_seed42,80,ola,global,,,layers.1.bias,db,1,-75.23807730548691,-74.76087184134829,-74.9994745734176,0,0.0,0.1,10
bayesfl_observability_v1,ola_sparse_bayesian_keep010_seed42,80,ola,global,,,layers.1.bias,db,2,-74.76087184134829,-74.28366637720966,-74.52226910927897,0,0.0,0.1,10
bayesfl_observability_v1,ola_sparse_bayesian_keep010_seed42,80,ola,global,,,layers.1.bias,db,3,-74.28366637720966,-73.80646091307102,-74.04506364514035,0,0.0,0.1,10
bayesfl_observability_v1,ola_sparse_bayesian_keep010_seed42,80,ola,global,,,layers.1.bias,db,4,-73.80646091307102,-73.32925544893239,-73.5678581810017,0,0.0,0.1,10
bayesfl_observability_v1,ola_sparse_bayesian_keep010_seed42,80,ola,global,,,layers.1.bias,db,5,-73.32925544893239,-72.85204998479377,-73.09065271686308,0,0.0,0.1,10
bayesfl_observability_v1,ola_sparse_bayesian_keep010_seed42,80,ola,global,,,layers.1.bias,db,6,-72.85204998479377,-72.37484452065513,-72.61344725272446,0,0.0,0.1,10
bayesfl_observability_v1,ola_sparse_bayesian_keep010_seed42,80,ola,global,,,layers.1.bias,db,7,-72.37484452065513,-71.8976390565165,-72.1362417885858,0,0.0,0.1,10
bayesfl_observability_v1,ola_sparse_bayesian_keep010_seed42,80,ola,global,,,layers.1.bias,db,8,-71.8976390565165,-71.42043359237786,-71.65903632444719,0,0.0,0.1,10
bayesfl_observability_v1,ola_sparse_bayesian_keep010_seed42,80,ola,global,,,layers.1.bias,db,9,-71.42043359237786,-70.94322812823924,-71.18183086030855,0,0.0,0.1,10
bayesfl_observability_v1,ola_sparse_bayesian_keep010_seed42,80,ola,global,,,layers.1.bias,db,10,-70.94322812823924,-70.4660226641006,-70.70462539616992,0,0.0,0.1,10
bayesfl_observability_v1,ola_sparse_bayesian_keep010_seed42,80,ola,global,,,layers.1.bias,db,11,-70.4660226641006,-69.98881719996197,-70.2274199320313,0,0.0,0.1,10
bayesfl_observability_v1,ola_sparse_bayesian_keep010_seed42,80,ola,global,,,layers.1.bias,db,12,-69.98881719996197,-69.51161173582334,-69.75021446789265,0,0.0,0.1,10
bayesfl_observability_v1,ola_sparse_bayesian_keep010_seed42,80,ola,global,,,layers.1.bias,db,13,-69.51161173582334,-69.03440627168472,-69.27300900375403,0,0.0,0.1,10
bayesfl_observability_v1,ola_sparse_bayesian_keep010_seed42,80,ola,global,,,layers.1.bias,db,14,-69.03440627168472,-68.55720080754608,-68.7958035396154,1,0.20955334235432943,0.2,10
bayesfl_observability_v1,ola_sparse_bayesian_keep010_seed42,80,ola,global,,,layers.1.bias,db,15,-68.55720080754608,-68.07999534340745,-68.31859807547676,0,0.0,0.2,10
bayesfl_observability_v1,ola_sparse_bayesian_keep010_seed42,80,ola,global,,,layers.1.bias,db,16,-68.07999534340745,-67.60278987926881,-67.84139261133814,0,0.0,0.2,10
bayesfl_observability_v1,ola_sparse_bayesian_keep010_seed42,80,ola,global,,,layers.1.bias,db,17,-67.60278987926881,-67.12558441513019,-67.3641871471995,0,0.0,0.2,10
bayesfl_observability_v1,ola_sparse_bayesian_keep010_seed42,80,ola,global,,,layers.1.bias,db,18,-67.12558441513019,-66.64837895099156,-66.88698168306087,0,0.0,0.2,10
bayesfl_observability_v1,ola_sparse_bayesian_keep010_seed42,80,ola,global,,,layers.1.bias,db,19,-66.64837895099156,-66.17117348685292,-66.40977621892225,0,0.0,0.2,10
bayesfl_observability_v1,ola_sparse_bayesian_keep010_seed42,80,ola,global,,,layers.1.bias,db,20,-66.17117348685292,-65.6939680227143,-65.93257075478361,1,0.20955334235433568,0.3,10
bayesfl_observability_v1,ola_sparse_bayesian_keep010_seed42,80,ola,global,,,layers.1.bias,db,21,-65.6939680227143,-65.21676255857567,-65.45536529064498,0,0.0,0.3,10
bayesfl_observability_v1,ola_sparse_bayesian_keep010_seed42,80,ola,global,,,layers.1.bias,db,22,-65.21676255857567,-64.73955709443703,-64.97815982650636,0,0.0,0.3,10
bayesfl_observability_v1,ola_sparse_bayesian_keep010_seed42,80,ola,global,,,layers.1.bias,db,23,-64.73955709443703,-64.2623516302984,-64.50095436236771,0,0.0,0.3,10
bayesfl_observability_v1,ola_sparse_bayesian_keep010_seed42,80,ola,global,,,layers.1.bias,db,24,-64.2623516302984,-63.78514616615977,-64.02374889822909,0,0.0,0.3,10
bayesfl_observability_v1,ola_sparse_bayesian_keep010_seed42,80,ola,global,,,layers.1.bias,db,25,-63.78514616615977,-63.30794070202114,-63.54654343409045,0,0.0,0.3,10
bayesfl_observability_v1,ola_sparse_bayesian_keep010_seed42,80,ola,global,,,layers.1.bias,db,26,-63.30794070202114,-62.83073523788251,-63.069337969951825,0,0.0,0.3,10
bayesfl_observability_v1,ola_sparse_bayesian_keep010_seed42,80,ola,global,,,layers.1.bias,db,27,-62.83073523788251,-62.35352977374388,-62.5921325058132,0,0.0,0.3,10
bayesfl_observability_v1,ola_sparse_bayesian_keep010_seed42,80,ola,global,,,layers.1.bias,db,28,-62.35352977374388,-61.876324309605245,-62.11492704167456,0,0.0,0.3,10
bayesfl_observability_v1,ola_sparse_bayesian_keep010_seed42,80,ola,global,,,layers.1.bias,db,29,-61.876324309605245,-61.39911884546662,-61.63772157753593,0,0.0,0.3,10
bayesfl_observability_v1,ola_sparse_bayesian_keep010_seed42,80,ola,global,,,layers.1.bias,db,30,-61.39911884546662,-60.92191338132798,-61.1605161133973,0,0.0,0.3,10
bayesfl_observability_v1,ola_sparse_bayesian_keep010_seed42,80,ola,global,,,layers.1.bias,db,31,-60.92191338132798,-60.444707917189355,-60.68331064925867,0,0.0,0.3,10
bayesfl_observability_v1,ola_sparse_bayesian_keep010_seed42,80,ola,global,,,layers.1.bias,db,32,-60.444707917189355,-59.96750245305072,-60.20610518512004,1,0.20955334235432943,0.4,10
bayesfl_observability_v1,ola_sparse_bayesian_keep010_seed42,80,ola,global,,,layers.1.bias,db,33,-59.96750245305072,-59.49029698891209,-59.7288997209814,0,0.0,0.4,10
bayesfl_observability_v1,ola_sparse_bayesian_keep010_seed42,80,ola,global,,,layers.1.bias,db,34,-59.49029698891209,-59.01309152477346,-59.251694256842775,1,0.20955334235432943,0.5,10
bayesfl_observability_v1,ola_sparse_bayesian_keep010_seed42,80,ola,global,,,layers.1.bias,db,35,-59.01309152477346,-58.53588606063483,-58.77448879270415,0,0.0,0.5,10
bayesfl_observability_v1,ola_sparse_bayesian_keep010_seed42,80,ola,global,,,layers.1.bias,db,36,-58.53588606063483,-58.0586805964962,-58.29728332856551,0,0.0,0.5,10
bayesfl_observability_v1,ola_sparse_bayesian_keep010_seed42,80,ola,global,,,layers.1.bias,db,37,-58.0586805964962,-57.58147513235757,-57.820077864426885,0,0.0,0.5,10
bayesfl_observability_v1,ola_sparse_bayesian_keep010_seed42,80,ola,global,,,layers.1.bias,db,38,-57.58147513235757,-57.10426966821893,-57.34287240028825,1,0.20955334235432943,0.6,10
bayesfl_observability_v1,ola_sparse_bayesian_keep010_seed42,80,ola,global,,,layers.1.bias,db,39,-57.10426966821893,-56.627064204080305,-56.86566693614962,0,0.0,0.6,10
bayesfl_observability_v1,ola_sparse_bayesian_keep010_seed42,80,ola,global,,,layers.1.bias,db,40,-56.627064204080305,-56.14985873994168,-56.38846147201099,0,0.0,0.6,10
bayesfl_observability_v1,ola_sparse_bayesian_keep010_seed42,80,ola,global,,,layers.1.bias,db,41,-56.14985873994168,-55.67265327580304,-55.91125600787236,0,0.0,0.6,10
bayesfl_observability_v1,ola_sparse_bayesian_keep010_seed42,80,ola,global,,,layers.1.bias,db,42,-55.67265327580304,-55.19544781166441,-55.434050543733726,0,0.0,0.6,10
bayesfl_observability_v1,ola_sparse_bayesian_keep010_seed42,80,ola,global,,,layers.1.bias,db,43,-55.19544781166441,-54.71824234752578,-54.9568450795951,0,0.0,0.6,10
bayesfl_observability_v1,ola_sparse_bayesian_keep010_seed42,80,ola,global,,,layers.1.bias,db,44,-54.71824234752578,-54.24103688338715,-54.47963961545646,0,0.0,0.6,10
bayesfl_observability_v1,ola_sparse_bayesian_keep010_seed42,80,ola,global,,,layers.1.bias,db,45,-54.24103688338715,-53.76383141924852,-54.002434151317836,0,0.0,0.6,10
bayesfl_observability_v1,ola_sparse_bayesian_keep010_seed42,80,ola,global,,,layers.1.bias,db,46,-53.76383141924852,-53.28662595510988,-53.5252286871792,0,0.0,0.6,10
bayesfl_observability_v1,ola_sparse_bayesian_keep010_seed42,80,ola,global,,,layers.1.bias,db,47,-53.28662595510988,-52.809420490971256,-53.04802322304057,0,0.0,0.6,10
bayesfl_observability_v1,ola_sparse_bayesian_keep010_seed42,80,ola,global,,,layers.1.bias,db,48,-52.809420490971256,-52.33221502683263,-52.57081775890194,0,0.0,0.6,10
bayesfl_observability_v1,ola_sparse_bayesian_keep010_seed42,80,ola,global,,,layers.1.bias,db,49,-52.33221502683263,-51.85500956269399,-52.09361229476331,0,0.0,0.6,10
bayesfl_observability_v1,ola_sparse_bayesian_keep010_seed42,80,ola,global,,,layers.1.bias,db,50,-51.85500956269399,-51.37780409855536,-51.616406830624676,0,0.0,0.6,10
bayesfl_observability_v1,ola_sparse_bayesian_keep010_seed42,80,ola,global,,,layers.1.bias,db,51,-51.37780409855536,-50.90059863441673,-51.13920136648605,0,0.0,0.6,10
bayesfl_observability_v1,ola_sparse_bayesian_keep010_seed42,80,ola,global,,,layers.1.bias,db,52,-50.90059863441673,-50.4233931702781,-50.661995902347414,0,0.0,0.6,10
bayesfl_observability_v1,ola_sparse_bayesian_keep010_seed42,80,ola,global,,,layers.1.bias,db,53,-50.4233931702781,-49.94618770613947,-50.184790438208786,0,0.0,0.6,10
bayesfl_observability_v1,ola_sparse_bayesian_keep010_seed42,80,ola,global,,,layers.1.bias,db,54,-49.94618770613947,-49.46898224200084,-49.70758497407016,0,0.0,0.6,10
bayesfl_observability_v1,ola_sparse_bayesian_keep010_seed42,80,ola,global,,,layers.1.bias,db,55,-49.46898224200084,-48.99177677786221,-49.230379509931524,0,0.0,0.6,10
bayesfl_observability_v1,ola_sparse_bayesian_keep010_seed42,80,ola,global,,,layers.1.bias,db,56,-48.99177677786221,-48.51457131372358,-48.753174045792896,0,0.0,0.6,10
bayesfl_observability_v1,ola_sparse_bayesian_keep010_seed42,80,ola,global,,,layers.1.bias,db,57,-48.51457131372358,-48.037365849584944,-48.27596858165426,0,0.0,0.6,10
bayesfl_observability_v1,ola_sparse_bayesian_keep010_seed42,80,ola,global,,,layers.1.bias,db,58,-48.037365849584944,-47.560160385446316,-47.798763117515634,0,0.0,0.6,10
bayesfl_observability_v1,ola_sparse_bayesian_keep010_seed42,80,ola,global,,,layers.1.bias,db,59,-47.560160385446316,-47.08295492130769,-47.321557653377,0,0.0,0.6,10
bayesfl_observability_v1,ola_sparse_bayesian_keep010_seed42,80,ola,global,,,layers.1.bias,db,60,-47.08295492130769,-46.605749457169054,-46.84435218923837,1,0.20955334235432943,0.7,10
bayesfl_observability_v1,ola_sparse_bayesian_keep010_seed42,80,ola,global,,,layers.1.bias,db,61,-46.605749457169054,-46.12854399303042,-46.36714672509974,1,0.20955334235432943,0.8,10
bayesfl_observability_v1,ola_sparse_bayesian_keep010_seed42,80,ola,global,,,layers.1.bias,db,62,-46.12854399303042,-45.65133852889179,-45.88994126096111,0,0.0,0.8,10
bayesfl_observability_v1,ola_sparse_bayesian_keep010_seed42,80,ola,global,,,layers.1.bias,db,63,-45.65133852889179,-45.174133064753164,-45.412735796822474,0,0.0,0.8,10
bayesfl_observability_v1,ola_sparse_bayesian_keep010_seed42,80,ola,global,,,layers.1.bias,db,64,-45.174133064753164,-44.69692760061453,-44.93553033268385,0,0.0,0.8,10
bayesfl_observability_v1,ola_sparse_bayesian_keep010_seed42,80,ola,global,,,layers.1.bias,db,65,-44.69692760061453,-44.219722136475895,-44.45832486854521,0,0.0,0.8,10
bayesfl_observability_v1,ola_sparse_bayesian_keep010_seed42,80,ola,global,,,layers.1.bias,db,66,-44.219722136475895,-43.74251667233727,-43.981119404406584,1,0.20955334235433254,0.9,10
bayesfl_observability_v1,ola_sparse_bayesian_keep010_seed42,80,ola,global,,,layers.1.bias,db,67,-43.74251667233727,-43.26531120819864,-43.50391394026795,0,0.0,0.9,10
bayesfl_observability_v1,ola_sparse_bayesian_keep010_seed42,80,ola,global,,,layers.1.bias,db,68,-43.26531120819864,-42.788105744060005,-43.02670847612932,0,0.0,0.9,10
bayesfl_observability_v1,ola_sparse_bayesian_keep010_seed42,80,ola,global,,,layers.1.bias,db,69,-42.788105744060005,-42.31090027992138,-42.549503011990694,0,0.0,0.9,10
bayesfl_observability_v1,ola_sparse_bayesian_keep010_seed42,80,ola,global,,,layers.1.bias,db,70,-42.31090027992138,-41.83369481578274,-42.07229754785206,0,0.0,0.9,10
bayesfl_observability_v1,ola_sparse_bayesian_keep010_seed42,80,ola,global,,,layers.1.bias,db,71,-41.83369481578274,-41.356489351644115,-41.595092083713425,0,0.0,0.9,10
bayesfl_observability_v1,ola_sparse_bayesian_keep010_seed42,80,ola,global,,,layers.1.bias,db,72,-41.356489351644115,-40.87928388750548,-41.1178866195748,0,0.0,0.9,10
bayesfl_observability_v1,ola_sparse_bayesian_keep010_seed42,80,ola,global,,,layers.1.bias,db,73,-40.87928388750548,-40.40207842336685,-40.64068115543617,0,0.0,0.9,10
bayesfl_observability_v1,ola_sparse_bayesian_keep010_seed42,80,ola,global,,,layers.1.bias,db,74,-40.40207842336685,-39.92487295922822,-40.163475691297535,0,0.0,0.9,10
bayesfl_observability_v1,ola_sparse_bayesian_keep010_seed42,80,ola,global,,,layers.1.bias,db,75,-39.92487295922822,-39.44766749508959,-39.6862702271589,0,0.0,0.9,10
bayesfl_observability_v1,ola_sparse_bayesian_keep010_seed42,80,ola,global,,,layers.1.bias,db,76,-39.44766749508959,-38.970462030950955,-39.20906476302027,0,0.0,0.9,10
bayesfl_observability_v1,ola_sparse_bayesian_keep010_seed42,80,ola,global,,,layers.1.bias,db,77,-38.970462030950955,-38.49325656681233,-38.731859298881645,0,0.0,0.9,10
bayesfl_observability_v1,ola_sparse_bayesian_keep010_seed42,80,ola,global,,,layers.1.bias,db,78,-38.49325656681233,-38.01605110267369,-38.25465383474301,0,0.0,0.9,10
bayesfl_observability_v1,ola_sparse_bayesian_keep010_seed42,80,ola,global,,,layers.1.bias,db,79,-38.01605110267369,-37.538845638535065,-37.777448370604375,1,0.20955334235433254,1.0,10
bayesfl_observability_v1,ola_sparse_bayesian_keep010_seed42,85,ola,global,,,all,raw,0,2.0005701773262004e-08,0.00122283765962427,0.0006114288326630217,81801,657.3204415313464,0.8037830401886608,101770
bayesfl_observability_v1,ola_sparse_bayesian_keep010_seed42,85,ola,global,,,all,raw,1,0.00122283765962427,0.0024456553135467664,0.0018342464865855183,17257,138.67041795951698,0.9733516753463692,101770
bayesfl_observability_v1,ola_sparse_bayesian_keep010_seed42,85,ola,global,,,all,raw,2,0.0024456553135467664,0.003668472967469263,0.003057064140508015,1827,14.681048479575677,0.9913039206052864,101770
bayesfl_observability_v1,ola_sparse_bayesian_keep010_seed42,85,ola,global,,,all,raw,3,0.003668472967469263,0.00489129062139176,0.004279881794430511,210,1.6874768367328365,0.9933673970718286,101770
bayesfl_observability_v1,ola_sparse_bayesian_keep010_seed42,85,ola,global,,,all,raw,4,0.00489129062139176,0.006114108275314257,0.005502699448353008,130,1.04462851797747,0.9946447872654024,101770
bayesfl_observability_v1,ola_sparse_bayesian_keep010_seed42,85,ola,global,,,all,raw,5,0.006114108275314257,0.007336925929236753,0.006725517102275504,91,0.7312399625842294,0.995538960400904,101770
bayesfl_observability_v1,ola_sparse_bayesian_keep010_seed42,85,ola,global,,,all,raw,6,0.007336925929236753,0.00855974358315925,0.007948334756198001,90,0.7232043585997868,0.9964233074579936,101770
bayesfl_observability_v1,ola_sparse_bayesian_keep010_seed42,85,ola,global,,,all,raw,7,0.00855974358315925,0.009782561237081747,0.009171152410120498,57,0.45802942711319833,0.9969833939274836,101770
bayesfl_observability_v1,ola_sparse_bayesian_keep010_seed42,85,ola,global,,,all,raw,8,0.009782561237081747,0.011005378891004244,0.010393970064042996,49,0.3937445952376617,0.9974648717696767,101770
bayesfl_observability_v1,ola_sparse_bayesian_keep010_seed42,85,ola,global,,,all,raw,9,0.011005378891004244,0.012228196544926741,0.011616787717965493,31,0.24910372351770435,0.997769480200452,101770
bayesfl_observability_v1,ola_sparse_bayesian_keep010_seed42,85,ola,global,,,all,raw,10,0.012228196544926741,0.013451014198849236,0.01283960537188799,34,0.27321053547103097,0.9981035668664636,101770
bayesfl_observability_v1,ola_sparse_bayesian_keep010_seed42,85,ola,global,,,all,raw,11,0.013451014198849236,0.014673831852771733,0.014062423025810485,24,0.1928544956266098,0.9983393927483541,101770
bayesfl_observability_v1,ola_sparse_bayesian_keep010_seed42,85,ola,global,,,all,raw,12,0.014673831852771733,0.015896649506694227,0.01528524067973298,21,0.16874768367328408,0.9985457403950083,101770
bayesfl_observability_v1,ola_sparse_bayesian_keep010_seed42,85,ola,global,,,all,raw,13,0.015896649506694227,0.017119467160616724,0.016508058333655477,21,0.16874768367328358,0.9987520880416626,101770
bayesfl_observability_v1,ola_sparse_bayesian_keep010_seed42,85,ola,global,,,all,raw,14,0.017119467160616724,0.01834228481453922,0.01773087598757797,20,0.16071207968884152,0.9989486096099047,101770
bayesfl_observability_v1,ola_sparse_bayesian_keep010_seed42,85,ola,global,,,all,raw,15,0.01834228481453922,0.019565102468461718,0.01895369364150047,10,0.08035603984442076,0.9990468703940257,101770
bayesfl_observability_v1,ola_sparse_bayesian_keep010_seed42,85,ola,global,,,all,raw,16,0.019565102468461718,0.020787920122384215,0.020176511295422965,10,0.08035603984442076,0.9991451311781469,101770
bayesfl_observability_v1,ola_sparse_bayesian_keep010_seed42,85,ola,global,,,all,raw,17,0.020787920122384215,0.022010737776306712,0.021399328949345466,12,0.0964272478133049,0.9992630441190921,101770
bayesfl_observability_v1,ola_sparse_bayesian_keep010_seed42,85,ola,global,,,all,raw,18,0.022010737776306712,0.02323355543022921,0.02262214660326796,3,0.024106811953326226,0.9992925223543284,101770
bayesfl_observability_v1,ola_sparse_bayesian_keep010_seed42,85,ola,global,,,all,raw,19,0.02323355543022921,0.024456373084151706,0.02384496425719046,5,0.04017801992221038,0.9993416527463889,101770
bayesfl_observability_v1,ola_sparse_bayesian_keep010_seed42,85,ola,global,,,all,raw,20,0.024456373084151706,0.0256791907380742,0.025067781911112953,8,0.06428483187553678,0.9994202613736858,101770
bayesfl_observability_v1,ola_sparse_bayesian_keep010_seed42,85,ola,global,,,all,raw,21,0.0256791907380742,0.026902008391996697,0.026290599565035447,2,0.01607120796888415,0.99943991353051,101770
bayesfl_observability_v1,ola_sparse_bayesian_keep010_seed42,85,ola,global,,,all,raw,22,0.026902008391996697,0.028124826045919194,0.027513417218957947,6,0.04821362390665245,0.9994988700009826,101770
bayesfl_observability_v1,ola_sparse_bayesian_keep010_seed42,85,ola,global,,,all,raw,23,0.028124826045919194,0.02934764369984169,0.02873623487288044,5,0.04017801992221038,0.9995480003930431,101770
bayesfl_observability_v1,ola_sparse_bayesian_keep010_seed42,85,ola,global,,,all,raw,24,0.02934764369984169,0.030570461353764188,0.02995905252680294,4,0.0321424159377683,0.9995873047066915,101770
bayesfl_observability_v1,ola_sparse_bayesian_keep010_seed42,85,ola,global,,,all,raw,25,0.030570461353764188,0.031793279007686685,0.031181870180725435,4,0.0321424159377683,0.99962660902034,101770
bayesfl_observability_v1,ola_sparse_bayesian_keep010_seed42,85,ola,global,,,all,raw,26,0.031793279007686685,0.033016096661609186,0.032404687834647936,3,0.024106811953326156,0.9996560872555763,101770
bayesfl_observability_v1,ola_sparse_bayesian_keep010_seed42,85,ola,global,,,all,raw,27,0.033016096661609186,0.03423891431553168,0.033627505488570436,3,0.024106811953326295,0.9996855654908127,101770
bayesfl_observability_v1,ola_sparse_bayesian_keep010_seed42,85,ola,global,,,all,raw,28,0.03423891431553168,0.03546173196945418,0.03485032314249293,4,0.03214241593776821,0.9997248698044611,101770
bayesfl_observability_v1,ola_sparse_bayesian_keep010_seed42,85,ola,global,,,all,raw,29,0.03546173196945418,0.036684549623376674,0.03607314079641542,3,0.024106811953326295,0.9997543480396973,101770
bayesfl_observability_v1,ola_sparse_bayesian_keep010_seed42,85,ola,global,,,all,raw,30,0.036684549623376674,0.037907367277299174,0.037295958450337924,1,0.008035603984442053,0.9997641741181095,101770
bayesfl_observability_v1,ola_sparse_bayesian_keep010_seed42,85,ola,global,,,all,raw,31,0.037907367277299174,0.03913018493122167,0.038518776104260424,1,0.008035603984442098,0.9997740001965215,101770
bayesfl_observability_v1,ola_sparse_bayesian_keep010_seed42,85,ola,global,,,all,raw,32,0.03913018493122167,0.04035300258514416,0.03974159375818291,2,0.016071207968884196,0.9997936523533458,101770
bayesfl_observability_v1,ola_sparse_bayesian_keep010_seed42,85,ola,global,,,all,raw,33,0.04035300258514416,0.04157582023906666,0.04096441141210541,3,0.024106811953326156,0.9998231305885821,101770
bayesfl_observability_v1,ola_sparse_bayesian_keep010_seed42,85,ola,global,,,all,raw,34,0.04157582023906666,0.042798637892989155,0.04218722906602791,1,0.008035603984442098,0.9998329566669942,101770
bayesfl_observability_v1,ola_sparse_bayesian_keep010_seed42,85,ola,global,,,all,raw,35,0.042798637892989155,0.044021455546911656,0.043410046719950406,1,0.008035603984442053,0.9998427827454063,101770
bayesfl_observability_v1,ola_sparse_bayesian_keep010_seed42,85,ola,global,,,all,raw,36,0.044021455546911656,0.04524427320083415,0.0446328643738729,1,0.008035603984442098,0.9998526088238184,101770
bayesfl_observability_v1,ola_sparse_bayesian_keep010_seed42,85,ola,global,,,all,raw,37,0.04524427320083415,0.04646709085475665,0.0458556820277954,0,0.0,0.9998526088238184,101770
bayesfl_observability_v1,ola_sparse_bayesian_keep010_seed42,85,ola,global,,,all,raw,38,0.04646709085475665,0.047689908508679144,0.0470784996817179,0,0.0,0.9998526088238184,101770
bayesfl_observability_v1,ola_sparse_bayesian_keep010_seed42,85,ola,global,,,all,raw,39,0.047689908508679144,0.048912726162601644,0.048301317335640394,2,0.016071207968884105,0.9998722609806426,101770
bayesfl_observability_v1,ola_sparse_bayesian_keep010_seed42,85,ola,global,,,all,raw,40,0.048912726162601644,0.05013554381652414,0.04952413498956289,1,0.008035603984442098,0.9998820870590547,101770
bayesfl_observability_v1,ola_sparse_bayesian_keep010_seed42,85,ola,global,,,all,raw,41,0.05013554381652414,0.05135836147044663,0.05074695264348539,1,0.008035603984442098,0.9998919131374668,101770
bayesfl_observability_v1,ola_sparse_bayesian_keep010_seed42,85,ola,global,,,all,raw,42,0.05135836147044663,0.05258117912436913,0.05196977029740788,0,0.0,0.9998919131374668,101770
bayesfl_observability_v1,ola_sparse_bayesian_keep010_seed42,85,ola,global,,,all,raw,43,0.05258117912436913,0.053803996778291625,0.053192587951330375,1,0.008035603984442098,0.999901739215879,101770
bayesfl_observability_v1,ola_sparse_bayesian_keep010_seed42,85,ola,global,,,all,raw,44,0.053803996778291625,0.055026814432214126,0.054415405605252876,1,0.008035603984442053,0.999911565294291,101770
bayesfl_observability_v1,ola_sparse_bayesian_keep010_seed42,85,ola,global,,,all,raw,45,0.055026814432214126,0.05624963208613662,0.055638223259175376,1,0.008035603984442098,0.9999213913727032,101770
bayesfl_observability_v1,ola_sparse_bayesian_keep010_seed42,85,ola,global,,,all,raw,46,0.05624963208613662,0.05747244974005912,0.05686104091309787,1,0.008035603984442053,0.9999312174511152,101770
bayesfl_observability_v1,ola_sparse_bayesian_keep010_seed42,85,ola,global,,,all,raw,47,0.05747244974005912,0.058695267393981614,0.05808385856702036,2,0.016071207968884196,0.9999508696079394,101770
bayesfl_observability_v1,ola_sparse_bayesian_keep010_seed42,85,ola,global,,,all,raw,48,0.058695267393981614,0.05991808504790411,0.059306676220942864,1,0.008035603984442098,0.9999606956863516,101770
bayesfl_observability_v1,ola_sparse_bayesian_keep010_seed42,85,ola,global,,,all,raw,49,0.05991808504790411,0.06114090270182661,0.06052949387486536,0,0.0,0.9999606956863516,101770
bayesfl_observability_v1,ola_sparse_bayesian_keep010_seed42,85,ola,global,,,all,raw,50,0.06114090270182661,0.0623637203557491,0.06175231152878785,1,0.008035603984442098,0.9999705217647636,101770
bayesfl_observability_v1,ola_sparse_bayesian_keep010_seed42,85,ola,global,,,all,raw,51,0.0623637203557491,0.0635865380096716,0.06297512918271035,0,0.0,0.9999705217647636,101770
bayesfl_observability_v1,ola_sparse_bayesian_keep010_seed42,85,ola,global,,,all,raw,52,0.0635865380096716,0.0648093556635941,0.06419794683663285,0,0.0,0.9999705217647636,101770
bayesfl_observability_v1,ola_sparse_bayesian_keep010_seed42,85,ola,global,,,all,raw,53,0.0648093556635941,0.0660321733175166,0.06542076449055534,0,0.0,0.9999705217647636,101770
bayesfl_observability_v1,ola_sparse_bayesian_keep010_seed42,85,ola,global,,,all,raw,54,0.0660321733175166,0.0672549909714391,0.06664358214447785,0,0.0,0.9999705217647636,101770
bayesfl_observability_v1,ola_sparse_bayesian_keep010_seed42,85,ola,global,,,all,raw,55,0.0672549909714391,0.06847780862536158,0.06786639979840034,1,0.008035603984442145,0.9999803478431758,101770
bayesfl_observability_v1,ola_sparse_bayesian_keep010_seed42,85,ola,global,,,all,raw,56,0.06847780862536158,0.06970062627928408,0.06908921745232283,0,0.0,0.9999803478431758,101770
bayesfl_observability_v1,ola_sparse_bayesian_keep010_seed42,85,ola,global,,,all,raw,57,0.06970062627928408,0.07092344393320658,0.07031203510624534,0,0.0,0.9999803478431758,101770
bayesfl_observability_v1,ola_sparse_bayesian_keep010_seed42,85,ola,global,,,all,raw,58,0.07092344393320658,0.07214626158712907,0.07153485276016783,1,0.008035603984442145,0.9999901739215878,101770
bayesfl_observability_v1,ola_sparse_bayesian_keep010_seed42,85,ola,global,,,all,raw,59,0.07214626158712907,0.07336907924105157,0.07275767041409031,0,0.0,0.9999901739215878,101770
bayesfl_observability_v1,ola_sparse_bayesian_keep010_seed42,85,ola,global,,,all,raw,60,0.07336907924105157,0.07459189689497407,0.07398048806801283,0,0.0,0.9999901739215878,101770
bayesfl_observability_v1,ola_sparse_bayesian_keep010_seed42,85,ola,global,,,all,raw,61,0.07459189689497407,0.07581471454889657,0.07520330572193532,0,0.0,0.9999901739215878,101770
bayesfl_observability_v1,ola_sparse_bayesian_keep010_seed42,85,ola,global,,,all,raw,62,0.07581471454889657,0.07703753220281906,0.07642612337585782,0,0.0,0.9999901739215878,101770
bayesfl_observability_v1,ola_sparse_bayesian_keep010_seed42,85,ola,global,,,all,raw,63,0.07703753220281906,0.07826034985674156,0.07764894102978032,0,0.0,0.9999901739215878,101770
bayesfl_observability_v1,ola_sparse_bayesian_keep010_seed42,85,ola,global,,,all,raw,64,0.07826034985674156,0.07948316751066406,0.0788717586837028,0,0.0,0.9999901739215878,101770
bayesfl_observability_v1,ola_sparse_bayesian_keep010_seed42,85,ola,global,,,all,raw,65,0.07948316751066406,0.08070598516458655,0.0800945763376253,0,0.0,0.9999901739215878,101770
bayesfl_observability_v1,ola_sparse_bayesian_keep010_seed42,85,ola,global,,,all,raw,66,0.08070598516458655,0.08192880281850905,0.0813173939915478,0,0.0,0.9999901739215878,101770
bayesfl_observability_v1,ola_sparse_bayesian_keep010_seed42,85,ola,global,,,all,raw,67,0.08192880281850905,0.08315162047243155,0.08254021164547029,0,0.0,0.9999901739215878,101770
bayesfl_observability_v1,ola_sparse_bayesian_keep010_seed42,85,ola,global,,,all,raw,68,0.08315162047243155,0.08437443812635405,0.0837630292993928,0,0.0,0.9999901739215878,101770
bayesfl_observability_v1,ola_sparse_bayesian_keep010_seed42,85,ola,global,,,all,raw,69,0.08437443812635405,0.08559725578027653,0.08498584695331529,0,0.0,0.9999901739215878,101770
bayesfl_observability_v1,ola_sparse_bayesian_keep010_seed42,85,ola,global,,,all,raw,70,0.08559725578027653,0.08682007343419904,0.08620866460723778,0,0.0,0.9999901739215878,101770
bayesfl_observability_v1,ola_sparse_bayesian_keep010_seed42,85,ola,global,,,all,raw,71,0.08682007343419904,0.08804289108812154,0.08743148226116029,0,0.0,0.9999901739215878,101770
bayesfl_observability_v1,ola_sparse_bayesian_keep010_seed42,85,ola,global,,,all,raw,72,0.08804289108812154,0.08926570874204402,0.08865429991508278,0,0.0,0.9999901739215878,101770
bayesfl_observability_v1,ola_sparse_bayesian_keep010_seed42,85,ola,global,,,all,raw,73,0.08926570874204402,0.09048852639596652,0.08987711756900527,0,0.0,0.9999901739215878,101770
bayesfl_observability_v1,ola_sparse_bayesian_keep010_seed42,85,ola,global,,,all,raw,74,0.09048852639596652,0.09171134404988902,0.09109993522292778,0,0.0,0.9999901739215878,101770
bayesfl_observability_v1,ola_sparse_bayesian_keep010_seed42,85,ola,global,,,all,raw,75,0.09171134404988902,0.09293416170381152,0.09232275287685027,0,0.0,0.9999901739215878,101770
bayesfl_observability_v1,ola_sparse_bayesian_keep010_seed42,85,ola,global,,,all,raw,76,0.09293416170381152,0.09415697935773401,0.09354557053077277,0,0.0,0.9999901739215878,101770
bayesfl_observability_v1,ola_sparse_bayesian_keep010_seed42,85,ola,global,,,all,raw,77,0.09415697935773401,0.09537979701165651,0.09476838818469527,0,0.0,0.9999901739215878,101770
bayesfl_observability_v1,ola_sparse_bayesian_keep010_seed42,85,ola,global,,,all,raw,78,0.09537979701165651,0.09660261466557901,0.09599120583861775,0,0.0,0.9999901739215878,101770
bayesfl_observability_v1,ola_sparse_bayesian_keep010_seed42,85,ola,global,,,all,raw,79,0.09660261466557901,0.09782543231950151,0.09721402349254027,1,0.008035603984442053,1.0,101770
bayesfl_observability_v1,ola_sparse_bayesian_keep010_seed42,85,ola,global,,,all,db,0,-153.97649003110982,-152.30417096175668,-153.14033049643325,1,5.875719886341137e-06,9.826078412105729e-06,101770
bayesfl_observability_v1,ola_sparse_bayesian_keep010_seed42,85,ola,global,,,all,db,1,-152.30417096175668,-150.63185189240352,-151.4680114270801,1,5.875719886341038e-06,1.9652156824211458e-05,101770
bayesfl_observability_v1,ola_sparse_bayesian_keep010_seed42,85,ola,global,,,all,db,2,-150.63185189240352,-148.95953282305038,-149.79569235772695,0,0.0,1.9652156824211458e-05,101770
bayesfl_observability_v1,ola_sparse_bayesian_keep010_seed42,85,ola,global,,,all,db,3,-148.95953282305038,-147.28721375369724,-148.1233732883738,2,1.1751439772682275e-05,3.9304313648422916e-05,101770
bayesfl_observability_v1,ola_sparse_bayesian_keep010_seed42,85,ola,global,,,all,db,4,-147.28721375369724,-145.6148946843441,-146.45105421902068,1,5.875719886341137e-06,4.913039206052864e-05,101770
bayesfl_observability_v1,ola_sparse_bayesian_keep010_seed42,85,ola,global,,,all,db,5,-145.6148946843441,-143.94257561499094,-144.7787351496675,0,0.0,4.913039206052864e-05,101770
bayesfl_observability_v1,ola_sparse_bayesian_keep010_seed42,85,ola,global,,,all,db,6,-143.94257561499094,-142.2702565456378,-143.10641608031437,0,0.0,4.913039206052864e-05,101770
bayesfl_observability_v1,ola_sparse_bayesian_keep010_seed42,85,ola,global,,,all,db,7,-142.2702565456378,-140.59793747628467,-141.43409701096124,1,5.875719886341137e-06,5.895647047263437e-05,101770
bayesfl_observability_v1,ola_sparse_bayesian_keep010_seed42,85,ola,global,,,all,db,8,-140.59793747628467,-138.92561840693153,-139.7617779416081,1,5.875719886341137e-06,6.87825488847401e-05,101770
bayesfl_observability_v1,ola_sparse_bayesian_keep010_seed42,85,ola,global,,,all,db,9,-138.92561840693153,-137.25329933757837,-138.08945887225497,0,0.0,6.87825488847401e-05,101770
bayesfl_observability_v1,ola_sparse_bayesian_keep010_seed42,85,ola,global,,,all,db,10,-137.25329933757837,-135.58098026822523,-136.4171398029018,1,5.875719886341137e-06,7.860862729684583e-05,101770
bayesfl_observability_v1,ola_sparse_bayesian_keep010_seed42,85,ola,global,,,all,db,11,-135.58098026822523,-133.9086611988721,-134.74482073354866,1,5.875719886341137e-06,8.843470570895156e-05,101770
bayesfl_observability_v1,ola_sparse_bayesian_keep010_seed42,85,ola,global,,,all,db,12,-133.9086611988721,-132.23634212951896,-133.07250166419553,1,5.875719886341137e-06,9.826078412105728e-05,101770
bayesfl_observability_v1,ola_sparse_bayesian_keep010_seed42,85,ola,global,,,all,db,13,-132.23634212951896,-130.5640230601658,-131.40018259484236,8,4.7005759090728305e-05,0.00017686941141790313,101770
bayesfl_observability_v1,ola_sparse_bayesian_keep010_seed42,85,ola,global,,,all,db,14,-130.5640230601658,-128.89170399081266,-129.72786352548923,4,2.350287954536455e-05,0.00021617372506632602,101770
bayesfl_observability_v1,ola_sparse_bayesian_keep010_seed42,85,ola,global,,,all,db,15,-128.89170399081266,-127.21938492145951,-128.0555444561361,2,1.1751439772682176e-05,0.00023582588189053748,101770
bayesfl_observability_v1,ola_sparse_bayesian_keep010_seed42,85,ola,global,,,all,db,16,-127.21938492145951,-125.54706585210637,-126.38322538678294,12,7.050863863609366e-05,0.00035373882283580625,101770
bayesfl_observability_v1,ola_sparse_bayesian_keep010_seed42,85,ola,global,,,all,db,17,-125.54706585210637,-123.87474678275322,-124.71090631742979,11,6.463291874975198e-05,0.0004618256853689692,101770
bayesfl_observability_v1,ola_sparse_bayesian_keep010_seed42,85,ola,global,,,all,db,18,-123.87474678275322,-122.20242771340008,-123.03858724807665,10,5.8757198863411375e-05,0.0005600864694900265,101770
bayesfl_observability_v1,ola_sparse_bayesian_keep010_seed42,85,ola,global,,,all,db,19,-122.20242771340008,-120.53010864404693,-121.36626817872352,14,8.226007840877524e-05,0.0006976515672595067,101770
bayesfl_observability_v1,ola_sparse_bayesian_keep010_seed42,85,ola,global,,,all,db,20,-120.53010864404693,-118.85778957469378,-119.69394910937035,14,8.226007840877524e-05,0.0008352166650289869,101770
bayesfl_observability_v1,ola_sparse_bayesian_keep010_seed42,85,ola,global,,,all,db,21,-118.85778957469378,-117.18547050534065,-118.02163004001721,20,0.00011751439772682275,0.0010317382332711016,101770
bayesfl_observability_v1,ola_sparse_bayesian_keep010_seed42,85,ola,global,,,all,db,22,-117.18547050534065,-115.51315143598751,-116.34931097066408,17,9.988723806779933e-05,0.001198781566276899,101770
bayesfl_observability_v1,ola_sparse_bayesian_keep010_seed42,85,ola,global,,,all,db,23,-115.51315143598751,-113.84083236663436,-114.67699190131094,29,0.00017039587670389156,0.001483737840227965,101770
bayesfl_observability_v1,ola_sparse_bayesian_keep010_seed42,85,ola,global,,,all,db,24,-113.84083236663436,-112.16851329728121,-113.00467283195778,39,0.00022915307556730245,0.0018669548983000885,101770
bayesfl_observability_v1,ola_sparse_bayesian_keep010_seed42,85,ola,global,,,all,db,25,-112.16851329728121,-110.49619422792807,-111.33235376260464,38,0.00022327735568096322,0.002240345877960106,101770
bayesfl_observability_v1,ola_sparse_bayesian_keep010_seed42,85,ola,global,,,all,db,26,-110.49619422792807,-108.82387515857492,-109.6600346932515,47,0.00027615883465803115,0.0027021715633290754,101770
bayesfl_observability_v1,ola_sparse_bayesian_keep010_seed42,85,ola,global,,,all,db,27,-108.82387515857492,-107.15155608922177,-107.98771562389834,59,0.0003466674732941242,0.0032819101896433135,101770
bayesfl_observability_v1,ola_sparse_bayesian_keep010_seed42,85,ola,global,,,all,db,28,-107.15155608922177,-105.47923701986863,-106.3153965545452,64,0.0003760460727258328,0.00391077920801808,101770
bayesfl_observability_v1,ola_sparse_bayesian_keep010_seed42,85,ola,global,,,all,db,29,-105.47923701986863,-103.8069179505155,-104.64307748519207,84,0.0004935604704526555,0.004736169794634961,101770
bayesfl_observability_v1,ola_sparse_bayesian_keep010_seed42,85,ola,global,,,all,db,30,-103.8069179505155,-102.13459888116235,-102.97075841583893,102,0.000599323428406791,0.0057384297926697456,101770
bayesfl_observability_v1,ola_sparse_bayesian_keep010_seed42,85,ola,global,,,all,db,31,-102.13459888116235,-100.4622798118092,-101.29843934648576,119,0.0006992106664745895,0.006907733123710327,101770
bayesfl_observability_v1,ola_sparse_bayesian_keep010_seed42,85,ola,global,,,all,db,32,-100.4622798118092,-98.78996074245606,-99.62612027713263,126,0.0007403407056789834,0.00814581900363565,101770
bayesfl_observability_v1,ola_sparse_bayesian_keep010_seed42,85,ola,global,,,all,db,33,-98.78996074245606,-97.11764167310292,-97.95380120777949,177,0.0010400024198823814,0.009885034882578364,101770
bayesfl_observability_v1,ola_sparse_bayesian_keep010_seed42,85,ola,global,,,all,db,34,-97.11764167310292,-95.44532260374977,-96.28148213842636,241,0.0014160484926082023,0.012253119779895844,101770
bayesfl_observability_v1,ola_sparse_bayesian_keep010_seed42,85,ola,global,,,all,db,35,-95.44532260374977,-93.77300353439662,-94.60916306907319,248,0.00145717853181259,0.014689987226098064,101770
bayesfl_observability_v1,ola_sparse_bayesian_keep010_seed42,85,ola,global,,,all,db,36,-93.77300353439662,-92.10068446504349,-92.93684399972005,312,0.001833224604538435,0.017755723690675053,101770
bayesfl_observability_v1,ola_sparse_bayesian_keep010_seed42,85,ola,global,,,all,db,37,-92.10068446504349,-90.42836539569034,-91.26452493036692,356,0.0020917562795374277,0.02125380760538469,101770
bayesfl_observability_v1,ola_sparse_bayesian_keep010_seed42,85,ola,global,,,all,db,38,-90.42836539569034,-88.7560463263372,-89.59220586101377,457,0.0026852039880579,0.025744325439717008,101770
bayesfl_observability_v1,ola_sparse_bayesian_keep010_seed42,85,ola,global,,,all,db,39,-88.7560463263372,-87.08372725698405,-87.91988679166062,541,0.0031787644585105287,0.031060233860666208,101770
bayesfl_observability_v1,ola_sparse_bayesian_keep010_seed42,85,ola,global,,,all,db,40,-87.08372725698405,-85.41140818763091,-86.24756772230748,654,0.003842720805667104,0.03748648914218335,101770
bayesfl_observability_v1,ola_sparse_bayesian_keep010_seed42,85,ola,global,,,all,db,41,-85.41140818763091,-83.73908911827776,-84.57524865295434,757,0.004447919953960204,0.04492483050014739,101770
bayesfl_observability_v1,ola_sparse_bayesian_keep010_seed42,85,ola,global,,,all,db,42,-83.73908911827776,-82.06677004892461,-82.90292958360118,933,0.0054820466539562355,0.054092561658642034,101770
bayesfl_observability_v1,ola_sparse_bayesian_keep010_seed42,85,ola,global,,,all,db,43,-82.06677004892461,-80.39445097957147,-81.23061051424804,1203,0.007068491023268389,0.06591333398840522,101770
bayesfl_observability_v1,ola_sparse_bayesian_keep010_seed42,85,ola,global,,,all,db,44,-80.39445097957147,-78.72213191021832,-79.5582914448949,1410,0.008284765039740934,0.0797681045494743,101770
bayesfl_observability_v1,ola_sparse_bayesian_keep010_seed42,85,ola,global,,,all,db,45,-78.72213191021832,-77.04981284086519,-77.88597237554175,1749,0.010276634081210649,0.09695391569224722,101770
bayesfl_observability_v1,ola_sparse_bayesian_keep010_seed42,85,ola,global,,,all,db,46,-77.04981284086519,-75.37749377151204,-76.2136533061886,2055,0.012074604366430937,0.1171465068291245,101770
bayesfl_observability_v1,ola_sparse_bayesian_keep010_seed42,85,ola,global,,,all,db,47,-75.37749377151204,-73.7051747021589,-74.54133423683547,2538,0.014912577071533808,0.14208509383904883,101770
bayesfl_observability_v1,ola_sparse_bayesian_keep010_seed42,85,ola,global,,,all,db,48,-73.7051747021589,-72.03285563280575,-72.86901516748233,3084,0.018120720129475916,0.1723887196619829,101770
bayesfl_observability_v1,ola_sparse_bayesian_keep010_seed42,85,ola,global,,,all,db,49,-72.03285563280575,-70.36053656345261,-71.19669609812918,3716,0.021834175097643668,0.2089024270413678,101770
bayesfl_observability_v1,ola_sparse_bayesian_keep010_seed42,85,ola,global,,,all,db,50,-70.36053656345261,-68.68821749409946,-69.52437702877603,4561,0.026799158401601703,0.25371917067898203,101770
bayesfl_observability_v1,ola_sparse_bayesian_keep010_seed42,85,ola,global,,,all,db,51,-68.68821749409946,-67.01589842474633,-67.8520579594229,5623,0.03303917292089622,0.30897120959025254,101770
bayesfl_observability_v1,ola_sparse_bayesian_keep010_seed42,85,ola,global,,,all,db,52,-67.01589842474633,-65.34357935539317,-66.17973889006976,6731,0.039549470554961864,0.3751105433821362,101770
bayesfl_observability_v1,ola_sparse_bayesian_keep010_seed42,85,ola,global,,,all,db,53,-65.34357935539317,-63.671260286040024,-64.50741982071659,8088,0.047522822440726725,0.45458386557924735,101770
bayesfl_observability_v1,ola_sparse_bayesian_keep010_seed42,85,ola,global,,,all,db,54,-63.671260286040024,-61.99894121668689,-62.835100751363456,9484,0.05572532740205935,0.547774393239658,101770
bayesfl_observability_v1,ola_sparse_bayesian_keep010_seed42,85,ola,global,,,all,db,55,-61.99894121668689,-60.32662214733374,-61.16278168201031,11786,0.06925123458041607,0.6635845534047362,101770
bayesfl_observability_v1,ola_sparse_bayesian_keep010_seed42,85,ola,global,,,all,db,56,-60.32662214733374,-58.6543030779806,-59.49046261265717,12142,0.07134299085995409,0.7828927974845239,101770
bayesfl_observability_v1,ola_sparse_bayesian_keep010_seed42,85,ola,global,,,all,db,57,-58.6543030779806,-56.98198400862745,-57.818143543304025,7253,0.04261659633563192,0.8541613442075268,101770
bayesfl_observability_v1,ola_sparse_bayesian_keep010_seed42,85,ola,global,,,all,db,58,-56.98198400862745,-55.30966493927431,-56.14582447395088,5629,0.03307442724021426,0.9094723395892699,101770
bayesfl_observability_v1,ola_sparse_bayesian_keep010_seed42,85,ola,global,,,all,db,59,-55.30966493927431,-53.63734586992116,-54.47350540459774,4190,0.02461926632376916,0.9506436081359929,101770
bayesfl_observability_v1,ola_sparse_bayesian_keep010_seed42,85,ola,global,,,all,db,60,-53.63734586992116,-51.965026800568026,-52.801186335244594,2605,0.015306250303918663,0.9762405423995284,101770
bayesfl_observability_v1,ola_sparse_bayesian_keep010_seed42,85,ola,global,,,all,db,61,-51.965026800568026,-50.292707731214875,-51.12886726589145,1149,0.006751202149405911,0.9875307064950378,101770
bayesfl_observability_v1,ola_sparse_bayesian_keep010_seed42,85,ola,global,,,all,db,62,-50.292707731214875,-48.62038866186174,-49.45654819653831,402,0.0023620393943091372,0.9914807900167043,101770
bayesfl_observability_v1,ola_sparse_bayesian_keep010_seed42,85,ola,global,,,all,db,63,-48.62038866186174,-46.94806959250859,-47.784229127185164,138,0.0008108493443150702,0.9928367888375749,101770
bayesfl_observability_v1,ola_sparse_bayesian_keep010_seed42,85,ola,global,,,all,db,64,-46.94806959250859,-45.27575052315544,-46.11191005783201,115,0.0006757077869292251,0.9939667878549671,101770
bayesfl_observability_v1,ola_sparse_bayesian_keep010_seed42,85,ola,global,,,all,db,65,-45.27575052315544,-43.6034314538023,-44.43959098847887,104,0.0006110748681794784,0.9949887000098261,101770
bayesfl_observability_v1,ola_sparse_bayesian_keep010_seed42,85,ola,global,,,all,db,66,-43.6034314538023,-41.93111238444915,-42.767271919125726,107,0.0006287020278384965,0.9960400903999214,101770
bayesfl_observability_v1,ola_sparse_bayesian_keep010_seed42,85,ola,global,,,all,db,67,-41.93111238444915,-40.258793315096014,-41.09495284977258,95,0.0005581933892024081,0.9969735678490714,101770
bayesfl_observability_v1,ola_sparse_bayesian_keep010_seed42,85,ola,global,,,all,db,68,-40.258793315096014,-38.58647424574286,-39.42263378041944,77,0.0004524304312482638,0.9977301758868036,101770
bayesfl_observability_v1,ola_sparse_bayesian_keep010_seed42,85,ola,global,,,all,db,69,-38.58647424574286,-36.91415517638973,-37.750314711066295,56,0.00032904031363510374,0.9982804362778815,101770
bayesfl_observability_v1,ola_sparse_bayesian_keep010_seed42,85,ola,global,,,all,db,70,-36.91415517638973,-35.241836107036576,-36.07799564171315,52,0.0003055374340897366,0.998791392355311,101770
bayesfl_observability_v1,ola_sparse_bayesian_keep010_seed42,85,ola,global,,,all,db,71,-35.241836107036576,-33.56951703768344,-34.40567657236001,39,0.00022915307556730437,0.9991746094133831,101770
bayesfl_observability_v1,ola_sparse_bayesian_keep010_seed42,85,ola,global,,,all,db,72,-33.56951703768344,-31.89719796833029,-32.733357503006864,25,0.00014689299715852722,0.9994202613736858,101770
bayesfl_observability_v1,ola_sparse_bayesian_keep010_seed42,85,ola,global,,,all,db,73,-31.89719796833029,-30.224878898977153,-31.06103843365372,18,0.00010576295795414047,0.9995971307851037,101770
bayesfl_observability_v1,ola_sparse_bayesian_keep010_seed42,85,ola,global,,,all,db,74,-30.224878898977153,-28.552559829624002,-29.388719364300577,17,9.988723806779851e-05,0.9997641741181095,101770
bayesfl_observability_v1,ola_sparse_bayesian_keep010_seed42,85,ola,global,,,all,db,75,-28.552559829624002,-26.88024076027085,-27.716400294947427,9,5.2881478977069796e-05,0.9998526088238184,101770
bayesfl_observability_v1,ola_sparse_bayesian_keep010_seed42,85,ola,global,,,all,db,76,-26.88024076027085,-25.207921690917715,-26.044081225594283,6,3.525431931804683e-05,0.999911565294291,101770
bayesfl_observability_v1,ola_sparse_bayesian_keep010_seed42,85,ola,global,,,all,db,77,-25.207921690917715,-23.53560262156458,-24.371762156241147,6,3.525431931804683e-05,0.9999705217647636,101770
bayesfl_observability_v1,ola_sparse_bayesian_keep010_seed42,85,ola,global,,,all,db,78,-23.53560262156458,-21.863283552211414,-22.699443086887996,2,1.1751439772682076e-05,0.9999901739215878,101770
bayesfl_observability_v1,ola_sparse_bayesian_keep010_seed42,85,ola,global,,,all,db,79,-21.863283552211414,-20.190964482858273,-21.027124017534845,1,5.8757198863411254e-06,1.0,101770
bayesfl_observability_v1,ola_sparse_bayesian_keep010_seed42,85,ola,global,,,layers.0.weight,raw,0,2.0005701773262004e-08,6.545258131639061e-05,3.2736293509081934e-05,4577,697.0450771801623,0.04560945471938776,100352
bayesfl_observability_v1,ola_sparse_bayesian_keep010_seed42,85,ola,global,,,layers.0.weight,raw,1,6.545258131639061e-05,0.00013088515693100797,9.816886912369929e-05,4596,699.9386442473291,0.09140824298469388,100352
bayesfl_observability_v1,ola_sparse_bayesian_keep010_seed42,85,ola,global,,,layers.0.weight,raw,2,0.00013088515693100797,0.0001963177325456253,0.00016360144473831663,4543,691.8671150599689,0.13667889030612246,100352
bayesfl_observability_v1,ola_sparse_bayesian_keep010_seed42,85,ola,global,,,layers.0.weight,raw,3,0.0001963177325456253,0.00026175030816024265,0.000229034020352934,4574,696.5881981695571,0.18225845025510204,100352
bayesfl_observability_v1,ola_sparse_bayesian_keep010_seed42,85,ola,global,,,layers.0.weight,raw,4,0.00026175030816024265,0.00032718288377486,0.0002944665959675513,4618,703.2890903251013,0.2282764668367347,100352
bayesfl_observability_v1,ola_sparse_bayesian_keep010_seed42,85,ola,global,,,layers.0.weight,raw,5,0.00032718288377486,0.0003926154593894773,0.00035989917158216867,4663,710.1422754841815,0.2747429049744898,100352
bayesfl_observability_v1,ola_sparse_bayesian_keep010_seed42,85,ola,global,,,layers.0.weight,raw,6,0.0003926154593894773,0.0004580480350040947,0.00042533174719678604,4652,708.4670524452947,0.3210997289540816,100352
bayesfl_observability_v1,ola_sparse_bayesian_keep010_seed42,85,ola,global,,,layers.0.weight,raw,7,0.0004580480350040947,0.0005234806106187121,0.0004907643228114033,4637,706.1826573922682,0.3673070790816326,100352
bayesfl_observability_v1,ola_sparse_bayesian_keep010_seed42,85,ola,global,,,layers.0.weight,raw,8,0.0005234806106187121,0.0005889131862333294,0.0005561968984260208,4574,696.5881981695574,0.41288663903061223,100352
bayesfl_observability_v1,ola_sparse_bayesian_keep010_seed42,85,ola,global,,,layers.0.weight,raw,9,0.0005889131862333294,0.0006543457618479468,0.0006216294740406381,4617,703.1367973215656,0.45889469068877553,100352
bayesfl_observability_v1,ola_sparse_bayesian_keep010_seed42,85,ola,global,,,layers.0.weight,raw,10,0.0006543457618479468,0.0007197783374625641,0.0006870620496552554,4442,676.4855217029238,0.5031588807397959,100352
bayesfl_observability_v1,ola_sparse_bayesian_keep010_seed42,85,ola,global,,,layers.0.weight,raw,11,0.0007197783374625641,0.0007852109130771814,0.0007524946252698728,4482,682.577241844328,0.5478216677295918,100352
bayesfl_observability_v1,ola_sparse_bayesian_keep010_seed42,85,ola,global,,,layers.0.weight,raw,12,0.0007852109130771814,0.0008506434886917988,0.0008179272008844901,4501,685.4708089114938,0.5926737882653061,100352
bayesfl_observability_v1,ola_sparse_bayesian_keep010_seed42,85,ola,global,,,layers.0.weight,raw,13,0.0008506434886917988,0.0009160760643064161,0.0008833597764991074,4437,675.7240566852483,0.6368881536989796,100352
bayesfl_observability_v1,ola_sparse_bayesian_keep010_seed42,85,ola,global,,,layers.0.weight,raw,14,0.0009160760643064161,0.0009815086399210336,0.0009487923521137248,4720,718.8229766856812,0.6839225924744898,100352
bayesfl_observability_v1,ola_sparse_bayesian_keep010_seed42,85,ola,global,,,layers.0.weight,raw,15,0.0009815086399210336,0.001046941215535651,0.0010142249277283423,4311,656.5351382398244,0.7268813775510204,100352
bayesfl_observability_v1,ola_sparse_bayesian_keep010_seed42,85,ola,global,,,layers.0.weight,raw,16,0.001046941215535651,0.0011123737911502684,0.0010796575033429597,3862,588.1555796525637,0.7653659119897959,100352
bayesfl_observability_v1,ola_sparse_bayesian_keep010_seed42,85,ola,global,,,layers.0.weight,raw,17,0.0011123737911502684,0.0011778063667648856,0.001145090078957577,3015,459.16340565833383,0.79541015625,100352
bayesfl_observability_v1,ola_sparse_bayesian_keep010_seed42,85,ola,global,,,layers.0.weight,raw,18,0.0011778063667648856,0.001243238942379503,0.0012105226545721943,2373,361.3912973887969,0.8190569196428571,100352
bayesfl_observability_v1,ola_sparse_bayesian_keep010_seed42,85,ola,global,,,layers.0.weight,raw,19,0.001243238942379503,0.0013086715179941204,0.0012759552301868117,1877,285.8539676353863,0.837761080994898,100352
bayesfl_observability_v1,ola_sparse_bayesian_keep010_seed42,85,ola,global,,,layers.0.weight,raw,20,0.0013086715179941204,0.0013741040936087376,0.001341387805801429,1625,247.47613074454145,0.8539540816326531,100352
bayesfl_observability_v1,ola_sparse_bayesian_keep010_seed42,85,ola,global,,,layers.0.weight,raw,21,0.0013741040936087376,0.001439536669223355,0.0014068203814160463,1421,216.40835802337983,0.8681142378826531,100352
bayesfl_observability_v1,ola_sparse_bayesian_keep010_seed42,85,ola,global,,,layers.0.weight,raw,22,0.001439536669223355,0.0015049692448379725,0.0014722529570306638,1363,207.57536381834393,0.8816964285714286,100352
bayesfl_observability_v1,ola_sparse_bayesian_keep010_seed42,85,ola,global,,,layers.0.weight,raw,23,0.0015049692448379725,0.0015704018204525897,0.0015376855326452812,1269,193.25982148604498,0.8943419164540817,100352
bayesfl_observability_v1,ola_sparse_bayesian_keep010_seed42,85,ola,global,,,layers.0.weight,raw,24,0.0015704018204525897,0.001635834396067207,0.0016031181082598984,1157,176.20300509011292,0.9058713329081632,100352
bayesfl_observability_v1,ola_sparse_bayesian_keep010_seed42,85,ola,global,,,layers.0.weight,raw,25,0.001635834396067207,0.0017012669716818245,0.0016685506838745158,1071,163.10580678609418,0.9165437659438775,100352
bayesfl_observability_v1,ola_sparse_bayesian_keep010_seed42,85,ola,global,,,layers.0.weight,raw,26,0.0017012669716818245,0.001766699547296442,0.0017339832594891332,908,138.28204720987256,0.9255919164540817,100352
bayesfl_observability_v1,ola_sparse_bayesian_keep010_seed42,85,ola,global,,,layers.0.weight,raw,27,0.001766699547296442,0.0018321321229110591,0.0017994158351037504,847,128.99217399423176,0.9340322066326531,100352
bayesfl_observability_v1,ola_sparse_bayesian_keep010_seed42,85,ola,global,,,layers.0.weight,raw,28,0.0018321321229110591,0.0018975646985256766,0.0018648484107183678,751,114.37204565486155,0.9415158641581632,100352
bayesfl_observability_v1,ola_sparse_bayesian_keep010_seed42,85,ola,global,,,layers.0.weight,raw,29,0.0018975646985256766,0.0019629972741402935,0.001930280986332985,741,112.84911561951128,0.9488998724489796,100352
bayesfl_observability_v1,ola_sparse_bayesian_keep010_seed42,85,ola,global,,,layers.0.weight,raw,30,0.0019629972741402935,0.002028429849754911,0.0019957135619476023,655,99.75191731549177,0.9554268973214286,100352
bayesfl_observability_v1,ola_sparse_bayesian_keep010_seed42,85,ola,global,,,layers.0.weight,raw,31,0.002028429849754911,0.0020938624253695284,0.0020611461375622197,576,87.72077003621871,0.9611666932397959,100352
bayesfl_observability_v1,ola_sparse_bayesian_keep010_seed42,85,ola,global,,,layers.0.weight,raw,32,0.0020938624253695284,0.002159295000984146,0.002126578713176837,520,79.192361838253,0.9663484534438775,100352
bayesfl_observability_v1,ola_sparse_bayesian_keep010_seed42,85,ola,global,,,layers.0.weight,raw,33,0.002159295000984146,0.0022247275765987632,0.0021920112887914545,437,66.55204254483955,0.970703125,100352
bayesfl_observability_v1,ola_sparse_bayesian_keep010_seed42,85,ola,global,,,layers.0.weight,raw,34,0.0022247275765987632,0.0022901601522133806,0.002257443864406072,409,62.28783844585669,0.9747787786989796,100352
bayesfl_observability_v1,ola_sparse_bayesian_keep010_seed42,85,ola,global,,,layers.0.weight,raw,35,0.0022901601522133806,0.0023555927278279976,0.002322876440020689,363,55.28236028324237,0.9783960459183674,100352
bayesfl_observability_v1,ola_sparse_bayesian_keep010_seed42,85,ola,global,,,layers.0.weight,raw,36,0.0023555927278279976,0.002421025303442615,0.0023883090156353063,285,43.40350600750405,0.9812360491071429,100352
bayesfl_observability_v1,ola_sparse_bayesian_keep010_seed42,85,ola,global,,,layers.0.weight,raw,37,0.002421025303442615,0.0024864578790572325,0.0024537415912499238,274,41.72828296861793,0.9839664381377551,100352
bayesfl_observability_v1,ola_sparse_bayesian_keep010_seed42,85,ola,global,,,layers.0.weight,raw,38,0.0024864578790572325,0.00255189045467185,0.002519174166864541,232,35.33197682014365,0.9862783003826531,100352
bayesfl_observability_v1,ola_sparse_bayesian_keep010_seed42,85,ola,global,,,layers.0.weight,raw,39,0.00255189045467185,0.0026173230302864673,0.0025846067424791586,205,31.220065724695896,0.9883211096938775,100352
bayesfl_observability_v1,ola_sparse_bayesian_keep010_seed42,85,ola,global,,,layers.0.weight,raw,40,0.0026173230302864673,0.0026827556059010847,0.002650039318093776,159,24.214587562081206,0.9899055325255102,100352
bayesfl_observability_v1,ola_sparse_bayesian_keep010_seed42,85,ola,global,,,layers.0.weight,raw,41,0.0026827556059010847,0.0027481881815157017,0.0027154718937083934,142,21.625606501984617,0.9913205516581632,100352
bayesfl_observability_v1,ola_sparse_bayesian_keep010_seed42,85,ola,global,,,layers.0.weight,raw,42,0.0027481881815157017,0.002813620757130319,0.0027809044693230104,134,20.40726247370366,0.9926558514030612,100352
bayesfl_observability_v1,ola_sparse_bayesian_keep010_seed42,85,ola,global,,,layers.0.weight,raw,43,0.002813620757130319,0.0028790533327449365,0.002846337044937628,100,15.229300353510194,0.99365234375,100352
bayesfl_observability_v1,ola_sparse_bayesian_keep010_seed42,85,ola,global,,,layers.0.weight,raw,44,0.0028790533327449365,0.002944485908359554,0.0029117696205522453,109,16.59993738532611,0.9947385204081632,100352
bayesfl_observability_v1,ola_sparse_bayesian_keep010_seed42,85,ola,global,,,layers.0.weight,raw,45,0.002944485908359554,0.0030099184839741714,0.0029772021961668627,87,13.249491307553868,0.99560546875,100352
bayesfl_observability_v1,ola_sparse_bayesian_keep010_seed42,85,ola,global,,,layers.0.weight,raw,46,0.0030099184839741714,0.003075351059588789,0.00304263477178148,66,10.051338233316727,0.9962631536989796,100352
bayesfl_observability_v1,ola_sparse_bayesian_keep010_seed42,85,ola,global,,,layers.0.weight,raw,47,0.003075351059588789,0.003140783635203406,0.003108067347396097,56,8.528408197965765,0.9968211894132653,100352
bayesfl_observability_v1,ola_sparse_bayesian_keep010_seed42,85,ola,global,,,layers.0.weight,raw,48,0.003140783635203406,0.003206216210818023,0.0031734999230107145,54,8.223822190895504,0.9973592952806123,100352
bayesfl_observability_v1,ola_sparse_bayesian_keep010_seed42,85,ola,global,,,layers.0.weight,raw,49,0.003206216210818023,0.0032716487864326406,0.003238932498625332,44,6.700892155544485,0.9977977519132653,100352
bayesfl_observability_v1,ola_sparse_bayesian_keep010_seed42,85,ola,global,,,layers.0.weight,raw,50,0.0032716487864326406,0.003337081362047258,0.0033043650742399493,29,4.4164971025179565,0.9980867346938775,100352
bayesfl_observability_v1,ola_sparse_bayesian_keep010_seed42,85,ola,global,,,layers.0.weight,raw,51,0.003337081362047258,0.0034025139376618755,0.0033697976498545668,35,5.330255123728568,0.9984355070153061,100352
bayesfl_observability_v1,ola_sparse_bayesian_keep010_seed42,85,ola,global,,,layers.0.weight,raw,52,0.0034025139376618755,0.003467946513276493,0.003435230225469184,21,3.1981530742371405,0.9986447704081632,100352
bayesfl_observability_v1,ola_sparse_bayesian_keep010_seed42,85,ola,global,,,layers.0.weight,raw,53,0.003467946513276493,0.0035333790888911103,0.0035006628010838016,15,2.284395053026529,0.9987942442602041,100352
bayesfl_observability_v1,ola_sparse_bayesian_keep010_seed42,85,ola,global,,,layers.0.weight,raw,54,0.0035333790888911103,0.0035988116645057273,0.003566095376698419,23,3.5027390813073676,0.9990234375,100352
bayesfl_observability_v1,ola_sparse_bayesian_keep010_seed42,85,ola,global,,,layers.0.weight,raw,55,0.0035988116645057273,0.0036642442401203447,0.003631527952313036,15,2.284395053026529,0.9991729113520408,100352
bayesfl_observability_v1,ola_sparse_bayesian_keep010_seed42,85,ola,global,,,layers.0.weight,raw,56,0.0036642442401203447,0.003729676815734962,0.0036969605279276534,18,2.7412740636318347,0.9993522799744898,100352
bayesfl_observability_v1,ola_sparse_bayesian_keep010_seed42,85,ola,global,,,layers.0.weight,raw,57,0.003729676815734962,0.0037951093913495795,0.003762393103542271,8,1.2183440282808156,0.9994319993622449,100352
bayesfl_observability_v1,ola_sparse_bayesian_keep010_seed42,85,ola,global,,,layers.0.weight,raw,58,0.0037951093913495795,0.003860541966964197,0.0038278256791568883,11,1.6752230388861213,0.9995416135204082,100352
bayesfl_observability_v1,ola_sparse_bayesian_keep010_seed42,85,ola,global,,,layers.0.weight,raw,59,0.003860541966964197,0.003925974542578814,0.0038932582547715052,6,0.9137580212106177,0.9996014030612245,100352
bayesfl_observability_v1,ola_sparse_bayesian_keep010_seed42,85,ola,global,,,layers.0.weight,raw,60,0.003925974542578814,0.003991407118193431,0.003958690830386123,4,0.6091720141404078,0.999641262755102,100352
bayesfl_observability_v1,ola_sparse_bayesian_keep010_seed42,85,ola,global,,,layers.0.weight,raw,61,0.003991407118193431,0.004056839693808049,0.00402412340600074,7,1.0660510247457136,0.9997110172193877,100352
bayesfl_observability_v1,ola_sparse_bayesian_keep010_seed42,85,ola,global,,,layers.0.weight,raw,62,0.004056839693808049,0.004122272269422666,0.0040895559816153575,3,0.4568790106053058,0.9997409119897959,100352
bayesfl_observability_v1,ola_sparse_bayesian_keep010_seed42,85,ola,global,,,layers.0.weight,raw,63,0.004122272269422666,0.004187704845037284,0.004154988557229975,5,0.7614650176755097,0.9997907366071429,100352
bayesfl_observability_v1,ola_sparse_bayesian_keep010_seed42,85,ola,global,,,layers.0.weight,raw,64,0.004187704845037284,0.004253137420651901,0.004220421132844592,4,0.6091720141404078,0.9998305963010204,100352
bayesfl_observability_v1,ola_sparse_bayesian_keep010_seed42,85,ola,global,,,layers.0.weight,raw,65,0.004253137420651901,0.0043185699962665185,0.00428585370845921,4,0.6091720141404078,0.999870455994898,100352
bayesfl_observability_v1,ola_sparse_bayesian_keep010_seed42,85,ola,global,,,layers.0.weight,raw,66,0.0043185699962665185,0.004384002571881136,0.004351286284073827,2,0.3045860070702039,0.9998903858418368,100352
bayesfl_observability_v1,ola_sparse_bayesian_keep010_seed42,85,ola,global,,,layers.0.weight,raw,67,0.004384002571881136,0.004449435147495753,0.004416718859688445,3,0.4568790106053058,0.9999202806122449,100352
bayesfl_observability_v1,ola_sparse_bayesian_keep010_seed42,85,ola,global,,,layers.0.weight,raw,68,0.004449435147495753,0.004514867723110371,0.004482151435303062,2,0.3045860070702039,0.9999402104591837,100352
bayesfl_observability_v1,ola_sparse_bayesian_keep010_seed42,85,ola,global,,,layers.0.weight,raw,69,0.004514867723110371,0.004580300298724988,0.0045475840109176794,1,0.15229300353510195,0.9999501753826531,100352
bayesfl_observability_v1,ola_sparse_bayesian_keep010_seed42,85,ola,global,,,layers.0.weight,raw,70,0.004580300298724988,0.004645732874339605,0.004613016586532296,0,0.0,0.9999501753826531,100352
bayesfl_observability_v1,ola_sparse_bayesian_keep010_seed42,85,ola,global,,,layers.0.weight,raw,71,0.004645732874339605,0.004711165449954222,0.004678449162146913,2,0.3045860070702039,0.9999701052295918,100352
bayesfl_observability_v1,ola_sparse_bayesian_keep010_seed42,85,ola,global,,,layers.0.weight,raw,72,0.004711165449954222,0.0047765980255688395,0.004743881737761531,2,0.3045860070702039,0.9999900350765306,100352
bayesfl_observability_v1,ola_sparse_bayesian_keep010_seed42,85,ola,global,,,layers.0.weight,raw,73,0.0047765980255688395,0.004842030601183457,0.004809314313376148,0,0.0,0.9999900350765306,100352
bayesfl_observability_v1,ola_sparse_bayesian_keep010_seed42,85,ola,global,,,layers.0.weight,raw,74,0.004842030601183457,0.004907463176798074,0.004874746888990766,0,0.0,0.9999900350765306,100352
bayesfl_observability_v1,ola_sparse_bayesian_keep010_seed42,85,ola,global,,,layers.0.weight,raw,75,0.004907463176798074,0.004972895752412692,0.004940179464605383,0,0.0,0.9999900350765306,100352
bayesfl_observability_v1,ola_sparse_bayesian_keep010_seed42,85,ola,global,,,layers.0.weight,raw,76,0.004972895752412692,0.005038328328027309,0.0050056120402200005,0,0.0,0.9999900350765306,100352
bayesfl_observability_v1,ola_sparse_bayesian_keep010_seed42,85,ola,global,,,layers.0.weight,raw,77,0.005038328328027309,0.005103760903641927,0.005071044615834618,0,0.0,0.9999900350765306,100352
bayesfl_observability_v1,ola_sparse_bayesian_keep010_seed42,85,ola,global,,,layers.0.weight,raw,78,0.005103760903641927,0.005169193479256544,0.005136477191449235,0,0.0,0.9999900350765306,100352
bayesfl_observability_v1,ola_sparse_bayesian_keep010_seed42,85,ola,global,,,layers.0.weight,raw,79,0.005169193479256544,0.0052346260548711615,0.005201909767063853,1,0.15229300353510195,1.0,100352
bayesfl_observability_v1,ola_sparse_bayesian_keep010_seed42,85,ola,global,,,layers.0.weight,db,0,-153.97649003110982,-152.6220624900755,-153.29927626059265,1,7.3572953646365e-06,9.964923469387754e-06,100352
bayesfl_observability_v1,ola_sparse_bayesian_keep010_seed42,85,ola,global,,,layers.0.weight,db,1,-152.6220624900755,-151.2676349490412,-151.94484871955837,0,0.0,9.964923469387754e-06,100352
bayesfl_observability_v1,ola_sparse_bayesian_keep010_seed42,85,ola,global,,,layers.0.weight,db,2,-151.2676349490412,-149.91320740800688,-150.59042117852402,1,7.3572953646365e-06,1.992984693877551e-05,100352
bayesfl_observability_v1,ola_sparse_bayesian_keep010_seed42,85,ola,global,,,layers.0.weight,db,3,-149.91320740800688,-148.55877986697257,-149.23599363748974,1,7.3572953646365e-06,2.9894770408163265e-05,100352
bayesfl_observability_v1,ola_sparse_bayesian_keep010_seed42,85,ola,global,,,layers.0.weight,db,4,-148.55877986697257,-147.20435232593826,-147.8815660964554,1,7.3572953646365e-06,3.985969387755102e-05,100352
bayesfl_observability_v1,ola_sparse_bayesian_keep010_seed42,85,ola,global,,,layers.0.weight,db,5,-147.20435232593826,-145.84992478490395,-146.52713855542112,0,0.0,3.985969387755102e-05,100352
bayesfl_observability_v1,ola_sparse_bayesian_keep010_seed42,85,ola,global,,,layers.0.weight,db,6,-145.84992478490395,-144.49549724386964,-145.17271101438678,1,7.3572953646365e-06,4.982461734693878e-05,100352
bayesfl_observability_v1,ola_sparse_bayesian_keep010_seed42,85,ola,global,,,layers.0.weight,db,7,-144.49549724386964,-143.14106970283532,-143.8182834733525,0,0.0,4.982461734693878e-05,100352
bayesfl_observability_v1,ola_sparse_bayesian_keep010_seed42,85,ola,global,,,layers.0.weight,db,8,-143.14106970283532,-141.786642161801,-142.46385593231815,0,0.0,4.982461734693878e-05,100352
bayesfl_observability_v1,ola_sparse_bayesian_keep010_seed42,85,ola,global,,,layers.0.weight,db,9,-141.786642161801,-140.43221462076667,-141.10942839128384,1,7.357295364636346e-06,5.978954081632653e-05,100352
bayesfl_observability_v1,ola_sparse_bayesian_keep010_seed42,85,ola,global,,,layers.0.weight,db,10,-140.43221462076667,-139.0777870797324,-139.75500085024953,1,7.357295364636654e-06,6.975446428571428e-05,100352
bayesfl_observability_v1,ola_sparse_bayesian_keep010_seed42,85,ola,global,,,layers.0.weight,db,11,-139.0777870797324,-137.72335953869805,-138.40057330921522,0,0.0,6.975446428571428e-05,100352
bayesfl_observability_v1,ola_sparse_bayesian_keep010_seed42,85,ola,global,,,layers.0.weight,db,12,-137.72335953869805,-136.36893199766374,-137.0461457681809,1,7.3572953646365e-06,7.971938775510203e-05,100352
bayesfl_observability_v1,ola_sparse_bayesian_keep010_seed42,85,ola,global,,,layers.0.weight,db,13,-136.36893199766374,-135.01450445662942,-135.69171822714657,1,7.3572953646365e-06,8.96843112244898e-05,100352
bayesfl_observability_v1,ola_sparse_bayesian_keep010_seed42,85,ola,global,,,layers.0.weight,db,14,-135.01450445662942,-133.6600769155951,-134.33729068611228,0,0.0,8.96843112244898e-05,100352
bayesfl_observability_v1,ola_sparse_bayesian_keep010_seed42,85,ola,global,,,layers.0.weight,db,15,-133.6600769155951,-132.3056493745608,-132.98286314507794,0,0.0,8.96843112244898e-05,100352
bayesfl_observability_v1,ola_sparse_bayesian_keep010_seed42,85,ola,global,,,layers.0.weight,db,16,-132.3056493745608,-130.9512218335265,-131.62843560404366,7,5.15010675524555e-05,0.00015943877551020407,100352
bayesfl_observability_v1,ola_sparse_bayesian_keep010_seed42,85,ola,global,,,layers.0.weight,db,17,-130.9512218335265,-129.59679429249218,-130.27400806300932,5,3.67864768231825e-05,0.00020926339285714285,100352
bayesfl_observability_v1,ola_sparse_bayesian_keep010_seed42,85,ola,global,,,layers.0.weight,db,18,-129.59679429249218,-128.24236675145787,-128.91958052197504,2,1.4714590729273e-05,0.00022919323979591838,100352
bayesfl_observability_v1,ola_sparse_bayesian_keep010_seed42,85,ola,global,,,layers.0.weight,db,19,-128.24236675145787,-126.88793921042355,-127.56515298094071,1,7.3572953646365e-06,0.00023915816326530612,100352
bayesfl_observability_v1,ola_sparse_bayesian_keep010_seed42,85,ola,global,,,layers.0.weight,db,20,-126.88793921042355,-125.53351166938924,-126.2107254399064,13,9.56448397402745e-05,0.0003687021683673469,100352
bayesfl_observability_v1,ola_sparse_bayesian_keep010_seed42,85,ola,global,,,layers.0.weight,db,21,-125.53351166938924,-124.17908412835493,-124.85629789887209,9,6.62156582817285e-05,0.00045838647959183676,100352
bayesfl_observability_v1,ola_sparse_bayesian_keep010_seed42,85,ola,global,,,layers.0.weight,db,22,-124.17908412835493,-122.82465658732062,-123.50187035783777,7,5.15010675524555e-05,0.0005281409438775511,100352
bayesfl_observability_v1,ola_sparse_bayesian_keep010_seed42,85,ola,global,,,layers.0.weight,db,23,-122.82465658732062,-121.4702290462863,-122.14744281680346,8,5.8858362917092e-05,0.0006078603316326531,100352
bayesfl_observability_v1,ola_sparse_bayesian_keep010_seed42,85,ola,global,,,layers.0.weight,db,24,-121.4702290462863,-120.115801505252,-120.79301527576915,9,6.62156582817285e-05,0.0006975446428571429,100352
bayesfl_observability_v1,ola_sparse_bayesian_keep010_seed42,85,ola,global,,,layers.0.weight,db,25,-120.115801505252,-118.76137396421768,-119.43858773473484,16,0.000117716725834184,0.0008569834183673469,100352
bayesfl_observability_v1,ola_sparse_bayesian_keep010_seed42,85,ola,global,,,layers.0.weight,db,26,-118.76137396421768,-117.40694642318337,-118.08416019370053,16,0.000117716725834184,0.001016422193877551,100352
bayesfl_observability_v1,ola_sparse_bayesian_keep010_seed42,85,ola,global,,,layers.0.weight,db,27,-117.40694642318337,-116.05251888214906,-116.72973265266621,12,8.8287544375638e-05,0.001136001275510204,100352
bayesfl_observability_v1,ola_sparse_bayesian_keep010_seed42,85,ola,global,,,layers.0.weight,db,28,-116.05251888214906,-114.69809134111475,-115.3753051116319,22,0.000161860498022003,0.0013552295918367347,100352
bayesfl_observability_v1,ola_sparse_bayesian_keep010_seed42,85,ola,global,,,layers.0.weight,db,29,-114.69809134111475,-113.34366380008042,-114.02087757059758,28,0.00020600427020981983,0.001634247448979592,100352
bayesfl_observability_v1,ola_sparse_bayesian_keep010_seed42,85,ola,global,,,layers.0.weight,db,30,-113.34366380008042,-111.98923625904611,-112.66645002956326,29,0.0002133615655744585,0.0019232302295918368,100352
bayesfl_observability_v1,ola_sparse_bayesian_keep010_seed42,85,ola,global,,,layers.0.weight,db,31,-111.98923625904611,-110.6348087180118,-111.31202248852895,27,0.0001986469748451855,0.002192283163265306,100352
bayesfl_observability_v1,ola_sparse_bayesian_keep010_seed42,85,ola,global,,,layers.0.weight,db,32,-110.6348087180118,-109.28038117697749,-109.95759494749464,42,0.00030900640531473296,0.002610809948979592,100352
bayesfl_observability_v1,ola_sparse_bayesian_keep010_seed42,85,ola,global,,,layers.0.weight,db,33,-109.28038117697749,-107.92595363594317,-108.60316740646033,34,0.000250148042397641,0.0029496173469387753,100352
bayesfl_observability_v1,ola_sparse_bayesian_keep010_seed42,85,ola,global,,,layers.0.weight,db,34,-107.92595363594317,-106.57152609490885,-107.24873986542602,57,0.0004193658357842761,0.0035176179846938774,100352
bayesfl_observability_v1,ola_sparse_bayesian_keep010_seed42,85,ola,global,,,layers.0.weight,db,35,-106.57152609490885,-105.21709855387454,-105.89431232439169,56,0.000412008540419644,0.0040756536989795915,100352
bayesfl_observability_v1,ola_sparse_bayesian_keep010_seed42,85,ola,global,,,layers.0.weight,db,36,-105.21709855387454,-103.86267101284022,-104.53988478335738,64,0.000470866903336736,0.0047134088010204085,100352
bayesfl_observability_v1,ola_sparse_bayesian_keep010_seed42,85,ola,global,,,layers.0.weight,db,37,-103.86267101284022,-102.50824347180591,-103.18545724232307,86,0.000632727401358739,0.005570392219387755,100352
bayesfl_observability_v1,ola_sparse_bayesian_keep010_seed42,85,ola,global,,,layers.0.weight,db,38,-102.50824347180591,-101.1538159307716,-101.83102970128876,87,0.0006400846967233755,0.00643734056122449,100352
bayesfl_observability_v1,ola_sparse_bayesian_keep010_seed42,85,ola,global,,,layers.0.weight,db,39,-101.1538159307716,-99.79938838973729,-100.47660216025444,96,0.000706300355005104,0.007393973214285714,100352
bayesfl_observability_v1,ola_sparse_bayesian_keep010_seed42,85,ola,global,,,layers.0.weight,db,40,-99.79938838973729,-98.44496084870298,-99.12217461922013,111,0.0008166597854746514,0.008500079719387755,100352
bayesfl_observability_v1,ola_sparse_bayesian_keep010_seed42,85,ola,global,,,layers.0.weight,db,41,-98.44496084870298,-97.09053330766866,-97.76774707818582,151,0.0011109516000601114,0.010004783163265306,100352
bayesfl_observability_v1,ola_sparse_bayesian_keep010_seed42,85,ola,global,,,layers.0.weight,db,42,-97.09053330766866,-95.73610576663435,-96.41331953715151,193,0.0014199580053748445,0.011928013392857142,100352
bayesfl_observability_v1,ola_sparse_bayesian_keep010_seed42,85,ola,global,,,layers.0.weight,db,43,-95.73610576663435,-94.38167822560004,-95.0588919961172,204,0.0015008882543858459,0.013960857780612245,100352
bayesfl_observability_v1,ola_sparse_bayesian_keep010_seed42,85,ola,global,,,layers.0.weight,db,44,-94.38167822560004,-93.02725068456573,-93.70446445508288,229,0.0016848206385017585,0.01624282525510204,100352
bayesfl_observability_v1,ola_sparse_bayesian_keep010_seed42,85,ola,global,,,layers.0.weight,db,45,-93.02725068456573,-91.67282314353142,-92.35003691404857,258,0.0018981822040762169,0.01881377551020408,100352
bayesfl_observability_v1,ola_sparse_bayesian_keep010_seed42,85,ola,global,,,layers.0.weight,db,46,-91.67282314353142,-90.3183956024971,-90.99560937301426,296,0.002177759427932404,0.021763392857142856,100352
bayesfl_observability_v1,ola_sparse_bayesian_keep010_seed42,85,ola,global,,,layers.0.weight,db,47,-90.3183956024971,-88.9639680614628,-89.64118183197995,367,0.0027001273988215956,0.025420519770408163,100352
bayesfl_observability_v1,ola_sparse_bayesian_keep010_seed42,85,ola,global,,,layers.0.weight,db,48,-88.9639680614628,-87.60954052042847,-88.28675429094562,422,0.0031047786438765704,0.029625717474489797,100352
bayesfl_observability_v1,ola_sparse_bayesian_keep010_seed42,85,ola,global,,,layers.0.weight,db,49,-87.60954052042847,-86.25511297939416,-86.93232674991131,486,0.003575645547213339,0.03446867028061224,100352
bayesfl_observability_v1,ola_sparse_bayesian_keep010_seed42,85,ola,global,,,layers.0.weight,db,50,-86.25511297939416,-84.90068543835984,-85.577899208877,564,0.004149514585654986,0.04008888711734694,100352
bayesfl_observability_v1,ola_sparse_bayesian_keep010_seed42,85,ola,global,,,layers.0.weight,db,51,-84.90068543835984,-83.54625789732553,-84.22347166784269,610,0.0044879501724282645,0.04616749043367347,100352
bayesfl_observability_v1,ola_sparse_bayesian_keep010_seed42,85,ola,global,,,layers.0.weight,db,52,-83.54625789732553,-82.19183035629122,-82.86904412680838,792,0.005826977928792108,0.05405970982142857,100352
bayesfl_observability_v1,ola_sparse_bayesian_keep010_seed42,85,ola,global,,,layers.0.weight,db,53,-82.19183035629122,-80.83740281525691,-81.51461658577406,922,0.006783426326194853,0.06324736926020408,100352
bayesfl_observability_v1,ola_sparse_bayesian_keep010_seed42,85,ola,global,,,layers.0.weight,db,54,-80.83740281525691,-79.4829752742226,-80.16018904473975,1052,0.0077398747235975975,0.07373046875,100352
bayesfl_observability_v1,ola_sparse_bayesian_keep010_seed42,85,ola,global,,,layers.0.weight,db,55,-79.4829752742226,-78.12854773318828,-78.80576150370544,1288,0.009476196429651812,0.08656529017857142,100352
bayesfl_observability_v1,ola_sparse_bayesian_keep010_seed42,85,ola,global,,,layers.0.weight,db,56,-78.12854773318828,-76.77412019215397,-77.45133396267113,1462,0.010756365823098562,0.10113400829081633,100352
bayesfl_observability_v1,ola_sparse_bayesian_keep010_seed42,85,ola,global,,,layers.0.weight,db,57,-76.77412019215397,-75.41969265111966,-76.09690642163682,1666,0.012257254077484408,0.11773557079081633,100352
bayesfl_observability_v1,ola_sparse_bayesian_keep010_seed42,85,ola,global,,,layers.0.weight,db,58,-75.41969265111966,-74.06526511008533,-74.7424788806025,1997,0.014692518843178936,0.1376355229591837,100352
bayesfl_observability_v1,ola_sparse_bayesian_keep010_seed42,85,ola,global,,,layers.0.weight,db,59,-74.06526511008533,-72.71083756905102,-73.38805133956818,2325,0.017105711722779863,0.1608039700255102,100352
bayesfl_observability_v1,ola_sparse_bayesian_keep010_seed42,85,ola,global,,,layers.0.weight,db,60,-72.71083756905102,-71.35641002801671,-72.03362379853387,2752,0.02024727684347965,0.1882274394132653,100352
bayesfl_observability_v1,ola_sparse_bayesian_keep010_seed42,85,ola,global,,,layers.0.weight,db,61,-71.35641002801671,-70.0019824869824,-70.67919625749956,3235,0.023800850504599076,0.2204639668367347,100352
bayesfl_observability_v1,ola_sparse_bayesian_keep010_seed42,85,ola,global,,,layers.0.weight,db,62,-70.0019824869824,-68.64755494594809,-69.32476871646524,3750,0.027589857617386873,0.25783242984693877,100352
bayesfl_observability_v1,ola_sparse_bayesian_keep010_seed42,85,ola,global,,,layers.0.weight,db,63,-68.64755494594809,-67.29312740491378,-67.97034117543093,4475,0.03292389675674834,0.302425462372449,100352
bayesfl_observability_v1,ola_sparse_bayesian_keep010_seed42,85,ola,global,,,layers.0.weight,db,64,-67.29312740491378,-65.93869986387946,-66.61591363439662,5158,0.037948929490795064,0.353824537627551,100352
bayesfl_observability_v1,ola_sparse_bayesian_keep010_seed42,85,ola,global,,,layers.0.weight,db,65,-65.93869986387946,-64.58427232284515,-65.26148609336231,5977,0.04397455439443236,0.4133848852040816,100352
bayesfl_observability_v1,ola_sparse_bayesian_keep010_seed42,85,ola,global,,,layers.0.weight,db,66,-64.58427232284515,-63.22984478181084,-63.907058552327996,6904,0.050794767197450394,0.4821827168367347,100352
bayesfl_observability_v1,ola_sparse_bayesian_keep010_seed42,85,ola,global,,,layers.0.weight,db,67,-63.22984478181084,-61.87541724077653,-62.552631011293684,7939,0.05840956789984917,0.5612942442602041,100352
bayesfl_observability_v1,ola_sparse_bayesian_keep010_seed42,85,ola,global,,,layers.0.weight,db,68,-61.87541724077653,-60.520989699742216,-61.19820347025937,9524,0.07007088105279802,0.6562001753826531,100352
bayesfl_observability_v1,ola_sparse_bayesian_keep010_seed42,85,ola,global,,,layers.0.weight,db,69,-60.520989699742216,-59.16656215870789,-59.84377592922505,10326,0.0759714319352357,0.7590979751275511,100352
bayesfl_observability_v1,ola_sparse_bayesian_keep010_seed42,85,ola,global,,,layers.0.weight,db,70,-59.16656215870789,-57.81213461767358,-58.489348388190734,7278,0.05354639566382444,0.8316226881377551,100352
bayesfl_observability_v1,ola_sparse_bayesian_keep010_seed42,85,ola,global,,,layers.0.weight,db,71,-57.81213461767358,-56.45770707663927,-57.13492084715642,4994,0.03674233305099468,0.8813875159438775,100352
bayesfl_observability_v1,ola_sparse_bayesian_keep010_seed42,85,ola,global,,,layers.0.weight,db,72,-56.45770707663927,-55.103279535604955,-55.78049330612211,4329,0.03184973163351141,0.9245256696428571,100352
bayesfl_observability_v1,ola_sparse_bayesian_keep010_seed42,85,ola,global,,,layers.0.weight,db,73,-55.103279535604955,-53.74885199457064,-54.4260657650878,3324,0.024455649792051726,0.957649075255102,100352
bayesfl_observability_v1,ola_sparse_bayesian_keep010_seed42,85,ola,global,,,layers.0.weight,db,74,-53.74885199457064,-52.39442445353633,-53.07163822405349,2280,0.01677463343137122,0.9803691007653061,100352
bayesfl_observability_v1,ola_sparse_bayesian_keep010_seed42,85,ola,global,,,layers.0.weight,db,75,-52.39442445353633,-51.03999691250202,-51.717210683019175,1223,0.00899797223095044,0.9925562021683674,100352
bayesfl_observability_v1,ola_sparse_bayesian_keep010_seed42,85,ola,global,,,layers.0.weight,db,76,-51.03999691250202,-49.68556937146771,-50.36278314198486,530,0.003899366543257345,0.9978376116071429,100352
bayesfl_observability_v1,ola_sparse_bayesian_keep010_seed42,85,ola,global,,,layers.0.weight,db,77,-49.68556937146771,-48.331141830433396,-49.00835560095055,168,0.0012360256212589319,0.99951171875,100352
bayesfl_observability_v1,ola_sparse_bayesian_keep010_seed42,85,ola,global,,,layers.0.weight,db,78,-48.331141830433396,-46.976714289399084,-47.65392805991624,43,0.0003163637006793695,0.9999402104591837,100352
bayesfl_observability_v1,ola_sparse_bayesian_keep010_seed42,85,ola,global,,,layers.0.weight,db,79,-46.976714289399084,-45.62228674836477,-46.29950051888193,6,4.4143772187819e-05,1.0,100352
bayesfl_observability_v1,ola_sparse_bayesian_keep010_seed42,85,ola,global,,,layers.0.bias,raw,0,8.797045045650684e-07,4.818873138553693e-05,2.4534217945051e-05,6,990.8257068558213,0.046875,128
bayesfl_observability_v1,ola_sparse_bayesian_keep010_seed42,85,ola,global,,,layers.0.bias,raw,1,4.818873138553693e-05,9.54977582665088e-05,7.184324482602287e-05,5,825.6880890465178,0.0859375,128
bayesfl_observability_v1,ola_sparse_bayesian_keep010_seed42,85,ola,global,,,layers.0.bias,raw,2,9.54977582665088e-05,0.00014280678514748068,0.00011915227170699474,3,495.4128534279104,0.109375,128
bayesfl_observability_v1,ola_sparse_bayesian_keep010_seed42,85,ola,global,,,layers.0.bias,raw,3,0.00014280678514748068,0.00019011581202845254,0.0001664612985879666,4,660.5504712372143,0.140625,128
bayesfl_observability_v1,ola_sparse_bayesian_keep010_seed42,85,ola,global,,,layers.0.bias,raw,4,0.00019011581202845254,0.0002374248389094244,0.00021377032546893848,6,990.8257068558214,0.1875,128
bayesfl_observability_v1,ola_sparse_bayesian_keep010_seed42,85,ola,global,,,layers.0.bias,raw,5,0.0002374248389094244,0.00028473386579039626,0.0002610793523499103,7,1155.9633246651251,0.2421875,128
bayesfl_observability_v1,ola_sparse_bayesian_keep010_seed42,85,ola,global,,,layers.0.bias,raw,6,0.00028473386579039626,0.0003320428926713681,0.0003083883792308822,3,495.412853427911,0.265625,128
bayesfl_observability_v1,ola_sparse_bayesian_keep010_seed42,85,ola,global,,,layers.0.bias,raw,7,0.0003320428926713681,0.00037935191955234,0.00035569740611185403,4,660.550471237214,0.296875,128
bayesfl_observability_v1,ola_sparse_bayesian_keep010_seed42,85,ola,global,,,layers.0.bias,raw,8,0.00037935191955234,0.00042666094643331186,0.0004030064329928259,6,990.8257068558208,0.34375,128
bayesfl_observability_v1,ola_sparse_bayesian_keep010_seed42,85,ola,global,,,layers.0.bias,raw,9,0.00042666094643331186,0.0004739699733142837,0.00045031545987379775,1,165.13761780930366,0.3515625,128
bayesfl_observability_v1,ola_sparse_bayesian_keep010_seed42,85,ola,global,,,layers.0.bias,raw,10,0.0004739699733142837,0.0005212790001952556,0.0004976244867547696,1,165.1376178093033,0.359375,128
bayesfl_observability_v1,ola_sparse_bayesian_keep010_seed42,85,ola,global,,,layers.0.bias,raw,11,0.0005212790001952556,0.0005685880270762275,0.0005449335136357416,5,825.6880890465175,0.3984375,128
bayesfl_observability_v1,ola_sparse_bayesian_keep010_seed42,85,ola,global,,,layers.0.bias,raw,12,0.0005685880270762275,0.0006158970539571994,0.0005922425405167134,2,330.275235618607,0.4140625,128
bayesfl_observability_v1,ola_sparse_bayesian_keep010_seed42,85,ola,global,,,layers.0.bias,raw,13,0.0006158970539571994,0.0006632060808381712,0.0006395515673976853,1,165.13761780930386,0.421875,128
bayesfl_observability_v1,ola_sparse_bayesian_keep010_seed42,85,ola,global,,,layers.0.bias,raw,14,0.0006632060808381712,0.0007105151077191431,0.0006868605942786572,2,330.275235618607,0.4375,128
bayesfl_observability_v1,ola_sparse_bayesian_keep010_seed42,85,ola,global,,,layers.0.bias,raw,15,0.0007105151077191431,0.000757824134600115,0.000734169621159629,5,825.6880890465175,0.4765625,128
bayesfl_observability_v1,ola_sparse_bayesian_keep010_seed42,85,ola,global,,,layers.0.bias,raw,16,0.000757824134600115,0.0008051331614810868,0.000781478648040601,2,330.275235618607,0.4921875,128
bayesfl_observability_v1,ola_sparse_bayesian_keep010_seed42,85,ola,global,,,layers.0.bias,raw,17,0.0008051331614810868,0.0008524421883620587,0.0008287876749215727,7,1155.9633246651244,0.546875,128
bayesfl_observability_v1,ola_sparse_bayesian_keep010_seed42,85,ola,global,,,layers.0.bias,raw,18,0.0008524421883620587,0.0008997512152430305,0.0008760967018025446,3,495.41285342791156,0.5703125,128
bayesfl_observability_v1,ola_sparse_bayesian_keep010_seed42,85,ola,global,,,layers.0.bias,raw,19,0.0008997512152430305,0.0009470602421240024,0.0009234057286835165,2,330.275235618607,0.5859375,128
bayesfl_observability_v1,ola_sparse_bayesian_keep010_seed42,85,ola,global,,,layers.0.bias,raw,20,0.0009470602421240024,0.0009943692690049743,0.0009707147555644883,3,495.4128534279104,0.609375,128
bayesfl_observability_v1,ola_sparse_bayesian_keep010_seed42,85,ola,global,,,layers.0.bias,raw,21,0.0009943692690049743,0.001041678295885946,0.0010180237824454603,4,660.5504712372154,0.640625,128
bayesfl_observability_v1,ola_sparse_bayesian_keep010_seed42,85,ola,global,,,layers.0.bias,raw,22,0.001041678295885946,0.0010889873227669178,0.0010653328093264318,2,330.2752356186077,0.65625,128
bayesfl_observability_v1,ola_sparse_bayesian_keep010_seed42,85,ola,global,,,layers.0.bias,raw,23,0.0010889873227669178,0.0011362963496478898,0.0011126418362074038,4,660.5504712372124,0.6875,128
bayesfl_observability_v1,ola_sparse_bayesian_keep010_seed42,85,ola,global,,,layers.0.bias,raw,24,0.0011362963496478898,0.0011836053765288616,0.0011599508630883758,2,330.2752356186077,0.703125,128
bayesfl_observability_v1,ola_sparse_bayesian_keep010_seed42,85,ola,global,,,layers.0.bias,raw,25,0.0011836053765288616,0.0012309144034098336,0.0012072598899693476,1,165.1376178093031,0.7109375,128
bayesfl_observability_v1,ola_sparse_bayesian_keep010_seed42,85,ola,global,,,layers.0.bias,raw,26,0.0012309144034098336,0.0012782234302908054,0.0012545689168503194,3,495.41285342791156,0.734375,128
bayesfl_observability_v1,ola_sparse_bayesian_keep010_seed42,85,ola,global,,,layers.0.bias,raw,27,0.0012782234302908054,0.0013255324571717771,0.0013018779437312914,1,165.13761780930386,0.7421875,128
bayesfl_observability_v1,ola_sparse_bayesian_keep010_seed42,85,ola,global,,,layers.0.bias,raw,28,0.0013255324571717771,0.0013728414840527491,0.0013491869706122631,3,495.4128534279093,0.765625,128
bayesfl_observability_v1,ola_sparse_bayesian_keep010_seed42,85,ola,global,,,layers.0.bias,raw,29,0.0013728414840527491,0.001420150510933721,0.001396495997493235,3,495.41285342791156,0.7890625,128
bayesfl_observability_v1,ola_sparse_bayesian_keep010_seed42,85,ola,global,,,layers.0.bias,raw,30,0.001420150510933721,0.001467459537814693,0.001443805024374207,3,495.4128534279093,0.8125,128
bayesfl_observability_v1,ola_sparse_bayesian_keep010_seed42,85,ola,global,,,layers.0.bias,raw,31,0.001467459537814693,0.0015147685646956647,0.001491114051255179,2,330.2752356186077,0.828125,128
bayesfl_observability_v1,ola_sparse_bayesian_keep010_seed42,85,ola,global,,,layers.0.bias,raw,32,0.0015147685646956647,0.0015620775915766365,0.0015384230781361505,1,165.13761780930386,0.8359375,128
bayesfl_observability_v1,ola_sparse_bayesian_keep010_seed42,85,ola,global,,,layers.0.bias,raw,33,0.0015620775915766365,0.0016093866184576085,0.0015857321050171225,2,330.2752356186062,0.8515625,128
bayesfl_observability_v1,ola_sparse_bayesian_keep010_seed42,85,ola,global,,,layers.0.bias,raw,34,0.0016093866184576085,0.0016566956453385802,0.0016330411318980944,2,330.2752356186077,0.8671875,128
bayesfl_observability_v1,ola_sparse_bayesian_keep010_seed42,85,ola,global,,,layers.0.bias,raw,35,0.0016566956453385802,0.0017040046722195522,0.0016803501587790662,1,165.1376178093031,0.875,128
bayesfl_observability_v1,ola_sparse_bayesian_keep010_seed42,85,ola,global,,,layers.0.bias,raw,36,0.0017040046722195522,0.001751313699100524,0.001727659185660038,4,660.5504712372154,0.90625,128
bayesfl_observability_v1,ola_sparse_bayesian_keep010_seed42,85,ola,global,,,layers.0.bias,raw,37,0.001751313699100524,0.0017986227259814958,0.00177496821254101,3,495.41285342791156,0.9296875,128
bayesfl_observability_v1,ola_sparse_bayesian_keep010_seed42,85,ola,global,,,layers.0.bias,raw,38,0.0017986227259814958,0.0018459317528624678,0.0018222772394219818,0,0.0,0.9296875,128
bayesfl_observability_v1,ola_sparse_bayesian_keep010_seed42,85,ola,global,,,layers.0.bias,raw,39,0.0018459317528624678,0.0018932407797434395,0.0018695862663029536,0,0.0,0.9296875,128
bayesfl_observability_v1,ola_sparse_bayesian_keep010_seed42,85,ola,global,,,layers.0.bias,raw,40,0.0018932407797434395,0.0019405498066244115,0.0019168952931839255,1,165.1376178093031,0.9375,128
bayesfl_observability_v1,ola_sparse_bayesian_keep010_seed42,85,ola,global,,,layers.0.bias,raw,41,0.0019405498066244115,0.0019878588335053835,0.0019642043200648975,1,165.1376178093031,0.9453125,128
bayesfl_observability_v1,ola_sparse_bayesian_keep010_seed42,85,ola,global,,,layers.0.bias,raw,42,0.0019878588335053835,0.002035167860386355,0.002011513346945869,0,0.0,0.9453125,128
bayesfl_observability_v1,ola_sparse_bayesian_keep010_seed42,85,ola,global,,,layers.0.bias,raw,43,0.002035167860386355,0.002082476887267327,0.002058822373826841,1,165.1376178093031,0.953125,128
bayesfl_observability_v1,ola_sparse_bayesian_keep010_seed42,85,ola,global,,,layers.0.bias,raw,44,0.002082476887267327,0.002129785914148299,0.002106131400707813,1,165.1376178093031,0.9609375,128
bayesfl_observability_v1,ola_sparse_bayesian_keep010_seed42,85,ola,global,,,layers.0.bias,raw,45,0.002129785914148299,0.0021770949410292706,0.002153440427588785,0,0.0,0.9609375,128
bayesfl_observability_v1,ola_sparse_bayesian_keep010_seed42,85,ola,global,,,layers.0.bias,raw,46,0.0021770949410292706,0.0022244039679102426,0.0022007494544697566,2,330.2752356186062,0.9765625,128
bayesfl_observability_v1,ola_sparse_bayesian_keep010_seed42,85,ola,global,,,layers.0.bias,raw,47,0.0022244039679102426,0.0022717129947912146,0.0022480584813507286,1,165.1376178093031,0.984375,128
bayesfl_observability_v1,ola_sparse_bayesian_keep010_seed42,85,ola,global,,,layers.0.bias,raw,48,0.0022717129947912146,0.002319022021672186,0.0022953675082317,0,0.0,0.984375,128
bayesfl_observability_v1,ola_sparse_bayesian_keep010_seed42,85,ola,global,,,layers.0.bias,raw,49,0.002319022021672186,0.002366331048553158,0.002342676535112672,0,0.0,0.984375,128
bayesfl_observability_v1,ola_sparse_bayesian_keep010_seed42,85,ola,global,,,layers.0.bias,raw,50,0.002366331048553158,0.00241364007543413,0.002389985561993644,0,0.0,0.984375,128
bayesfl_observability_v1,ola_sparse_bayesian_keep010_seed42,85,ola,global,,,layers.0.bias,raw,51,0.00241364007543413,0.002460949102315102,0.002437294588874616,0,0.0,0.984375,128
bayesfl_observability_v1,ola_sparse_bayesian_keep010_seed42,85,ola,global,,,layers.0.bias,raw,52,0.002460949102315102,0.0025082581291960737,0.002484603615755588,0,0.0,0.984375,128
bayesfl_observability_v1,ola_sparse_bayesian_keep010_seed42,85,ola,global,,,layers.0.bias,raw,53,0.0025082581291960737,0.0025555671560770457,0.0025319126426365597,1,165.1376178093031,0.9921875,128
bayesfl_observability_v1,ola_sparse_bayesian_keep010_seed42,85,ola,global,,,layers.0.bias,raw,54,0.0025555671560770457,0.0026028761829580177,0.0025792216695175317,0,0.0,0.9921875,128
bayesfl_observability_v1,ola_sparse_bayesian_keep010_seed42,85,ola,global,,,layers.0.bias,raw,55,0.0026028761829580177,0.0026501852098389893,0.0026265306963985033,0,0.0,0.9921875,128
bayesfl_observability_v1,ola_sparse_bayesian_keep010_seed42,85,ola,global,,,layers.0.bias,raw,56,0.0026501852098389893,0.0026974942367199613,0.0026738397232794753,0,0.0,0.9921875,128
bayesfl_observability_v1,ola_sparse_bayesian_keep010_seed42,85,ola,global,,,layers.0.bias,raw,57,0.0026974942367199613,0.0027448032636009333,0.0027211487501604473,0,0.0,0.9921875,128
bayesfl_observability_v1,ola_sparse_bayesian_keep010_seed42,85,ola,global,,,layers.0.bias,raw,58,0.0027448032636009333,0.002792112290481905,0.0027684577770414193,0,0.0,0.9921875,128
bayesfl_observability_v1,ola_sparse_bayesian_keep010_seed42,85,ola,global,,,layers.0.bias,raw,59,0.002792112290481905,0.002839421317362877,0.002815766803922391,0,0.0,0.9921875,128
bayesfl_observability_v1,ola_sparse_bayesian_keep010_seed42,85,ola,global,,,layers.0.bias,raw,60,0.002839421317362877,0.002886730344243849,0.002863075830803363,0,0.0,0.9921875,128
bayesfl_observability_v1,ola_sparse_bayesian_keep010_seed42,85,ola,global,,,layers.0.bias,raw,61,0.002886730344243849,0.002934039371124821,0.002910384857684335,0,0.0,0.9921875,128
bayesfl_observability_v1,ola_sparse_bayesian_keep010_seed42,85,ola,global,,,layers.0.bias,raw,62,0.002934039371124821,0.0029813483980057924,0.0029576938845653064,0,0.0,0.9921875,128
bayesfl_observability_v1,ola_sparse_bayesian_keep010_seed42,85,ola,global,,,layers.0.bias,raw,63,0.0029813483980057924,0.0030286574248867644,0.0030050029114462784,0,0.0,0.9921875,128
bayesfl_observability_v1,ola_sparse_bayesian_keep010_seed42,85,ola,global,,,layers.0.bias,raw,64,0.0030286574248867644,0.0030759664517677364,0.0030523119383272504,0,0.0,0.9921875,128
bayesfl_observability_v1,ola_sparse_bayesian_keep010_seed42,85,ola,global,,,layers.0.bias,raw,65,0.0030759664517677364,0.003123275478648708,0.0030996209652082224,0,0.0,0.9921875,128
bayesfl_observability_v1,ola_sparse_bayesian_keep010_seed42,85,ola,global,,,layers.0.bias,raw,66,0.003123275478648708,0.00317058450552968,0.003146929992089194,0,0.0,0.9921875,128
bayesfl_observability_v1,ola_sparse_bayesian_keep010_seed42,85,ola,global,,,layers.0.bias,raw,67,0.00317058450552968,0.003217893532410652,0.003194239018970166,0,0.0,0.9921875,128
bayesfl_observability_v1,ola_sparse_bayesian_keep010_seed42,85,ola,global,,,layers.0.bias,raw,68,0.003217893532410652,0.003265202559291624,0.003241548045851138,0,0.0,0.9921875,128
bayesfl_observability_v1,ola_sparse_bayesian_keep010_seed42,85,ola,global,,,layers.0.bias,raw,69,0.003265202559291624,0.0033125115861725955,0.0032888570727321095,0,0.0,0.9921875,128
bayesfl_observability_v1,ola_sparse_bayesian_keep010_seed42,85,ola,global,,,layers.0.bias,raw,70,0.0033125115861725955,0.0033598206130535675,0.0033361660996130815,0,0.0,0.9921875,128
bayesfl_observability_v1,ola_sparse_bayesian_keep010_seed42,85,ola,global,,,layers.0.bias,raw,71,0.0033598206130535675,0.0034071296399345394,0.0033834751264940535,0,0.0,0.9921875,128
bayesfl_observability_v1,ola_sparse_bayesian_keep010_seed42,85,ola,global,,,layers.0.bias,raw,72,0.0034071296399345394,0.003454438666815511,0.0034307841533750254,0,0.0,0.9921875,128
bayesfl_observability_v1,ola_sparse_bayesian_keep010_seed42,85,ola,global,,,layers.0.bias,raw,73,0.003454438666815511,0.003501747693696483,0.003478093180255997,0,0.0,0.9921875,128
bayesfl_observability_v1,ola_sparse_bayesian_keep010_seed42,85,ola,global,,,layers.0.bias,raw,74,0.003501747693696483,0.003549056720577455,0.003525402207136969,0,0.0,0.9921875,128
bayesfl_observability_v1,ola_sparse_bayesian_keep010_seed42,85,ola,global,,,layers.0.bias,raw,75,0.003549056720577455,0.0035963657474584266,0.0035727112340179406,0,0.0,0.9921875,128
bayesfl_observability_v1,ola_sparse_bayesian_keep010_seed42,85,ola,global,,,layers.0.bias,raw,76,0.0035963657474584266,0.0036436747743393985,0.0036200202608989126,0,0.0,0.9921875,128
bayesfl_observability_v1,ola_sparse_bayesian_keep010_seed42,85,ola,global,,,layers.0.bias,raw,77,0.0036436747743393985,0.0036909838012203705,0.0036673292877798845,0,0.0,0.9921875,128
bayesfl_observability_v1,ola_sparse_bayesian_keep010_seed42,85,ola,global,,,layers.0.bias,raw,78,0.0036909838012203705,0.0037382928281013425,0.0037146383146608565,0,0.0,0.9921875,128
bayesfl_observability_v1,ola_sparse_bayesian_keep010_seed42,85,ola,global,,,layers.0.bias,raw,79,0.0037382928281013425,0.003785601854982314,0.0037619473415418285,1,165.13761780930463,1.0,128
bayesfl_observability_v1,ola_sparse_bayesian_keep010_seed42,85,ola,global,,,layers.0.bias,db,0,-121.1132538103569,-120.20480440375964,-120.65902910705827,1,0.008599818485503752,0.0078125,128
bayesfl_observability_v1,ola_sparse_bayesian_keep010_seed42,85,ola,global,,,layers.0.bias,db,1,-120.20480440375964,-119.29635499716237,-119.750579700461,0,0.0,0.0078125,128
bayesfl_observability_v1,ola_sparse_bayesian_keep010_seed42,85,ola,global,,,layers.0.bias,db,2,-119.29635499716237,-118.38790559056511,-118.84213029386373,0,0.0,0.0078125,128
bayesfl_observability_v1,ola_sparse_bayesian_keep010_seed42,85,ola,global,,,layers.0.bias,db,3,-118.38790559056511,-117.47945618396786,-117.93368088726649,0,0.0,0.0078125,128
bayesfl_observability_v1,ola_sparse_bayesian_keep010_seed42,85,ola,global,,,layers.0.bias,db,4,-117.47945618396786,-116.57100677737058,-117.02523148066922,0,0.0,0.0078125,128
bayesfl_observability_v1,ola_sparse_bayesian_keep010_seed42,85,ola,global,,,layers.0.bias,db,5,-116.57100677737058,-115.66255737077333,-116.11678207407195,0,0.0,0.0078125,128
bayesfl_observability_v1,ola_sparse_bayesian_keep010_seed42,85,ola,global,,,layers.0.bias,db,6,-115.66255737077333,-114.75410796417607,-115.2083326674747,0,0.0,0.0078125,128
bayesfl_observability_v1,ola_sparse_bayesian_keep010_seed42,85,ola,global,,,layers.0.bias,db,7,-114.75410796417607,-113.84565855757882,-114.29988326087744,0,0.0,0.0078125,128
bayesfl_observability_v1,ola_sparse_bayesian_keep010_seed42,85,ola,global,,,layers.0.bias,db,8,-113.84565855757882,-112.93720915098154,-113.39143385428018,0,0.0,0.0078125,128
bayesfl_observability_v1,ola_sparse_bayesian_keep010_seed42,85,ola,global,,,layers.0.bias,db,9,-112.93720915098154,-112.02875974438429,-112.48298444768292,0,0.0,0.0078125,128
bayesfl_observability_v1,ola_sparse_bayesian_keep010_seed42,85,ola,global,,,layers.0.bias,db,10,-112.02875974438429,-111.12031033778703,-111.57453504108565,0,0.0,0.0078125,128
bayesfl_observability_v1,ola_sparse_bayesian_keep010_seed42,85,ola,global,,,layers.0.bias,db,11,-111.12031033778703,-110.21186093118976,-110.6660856344884,0,0.0,0.0078125,128
bayesfl_observability_v1,ola_sparse_bayesian_keep010_seed42,85,ola,global,,,layers.0.bias,db,12,-110.21186093118976,-109.3034115245925,-109.75763622789114,0,0.0,0.0078125,128
bayesfl_observability_v1,ola_sparse_bayesian_keep010_seed42,85,ola,global,,,layers.0.bias,db,13,-109.3034115245925,-108.39496211799525,-108.84918682129387,0,0.0,0.0078125,128
bayesfl_observability_v1,ola_sparse_bayesian_keep010_seed42,85,ola,global,,,layers.0.bias,db,14,-108.39496211799525,-107.48651271139798,-107.94073741469661,0,0.0,0.0078125,128
bayesfl_observability_v1,ola_sparse_bayesian_keep010_seed42,85,ola,global,,,layers.0.bias,db,15,-107.48651271139798,-106.57806330480072,-107.03228800809936,0,0.0,0.0078125,128
bayesfl_observability_v1,ola_sparse_bayesian_keep010_seed42,85,ola,global,,,layers.0.bias,db,16,-106.57806330480072,-105.66961389820347,-106.12383860150209,0,0.0,0.0078125,128
bayesfl_observability_v1,ola_sparse_bayesian_keep010_seed42,85,ola,global,,,layers.0.bias,db,17,-105.66961389820347,-104.7611644916062,-105.21538919490483,0,0.0,0.0078125,128
bayesfl_observability_v1,ola_sparse_bayesian_keep010_seed42,85,ola,global,,,layers.0.bias,db,18,-104.7611644916062,-103.85271508500894,-104.30693978830757,0,0.0,0.0078125,128
bayesfl_observability_v1,ola_sparse_bayesian_keep010_seed42,85,ola,global,,,layers.0.bias,db,19,-103.85271508500894,-102.94426567841168,-103.3984903817103,0,0.0,0.0078125,128
bayesfl_observability_v1,ola_sparse_bayesian_keep010_seed42,85,ola,global,,,layers.0.bias,db,20,-102.94426567841168,-102.03581627181441,-102.49004097511305,0,0.0,0.0078125,128
bayesfl_observability_v1,ola_sparse_bayesian_keep010_seed42,85,ola,global,,,layers.0.bias,db,21,-102.03581627181441,-101.12736686521716,-101.58159156851579,1,0.008599818485503752,0.015625,128
bayesfl_observability_v1,ola_sparse_bayesian_keep010_seed42,85,ola,global,,,layers.0.bias,db,22,-101.12736686521716,-100.2189174586199,-100.67314216191852,1,0.008599818485503752,0.0234375,128
bayesfl_observability_v1,ola_sparse_bayesian_keep010_seed42,85,ola,global,,,layers.0.bias,db,23,-100.2189174586199,-99.31046805202263,-99.76469275532126,1,0.008599818485503619,0.03125,128
bayesfl_observability_v1,ola_sparse_bayesian_keep010_seed42,85,ola,global,,,layers.0.bias,db,24,-99.31046805202263,-98.40201864542537,-98.856243348724,0,0.0,0.03125,128
bayesfl_observability_v1,ola_sparse_bayesian_keep010_seed42,85,ola,global,,,layers.0.bias,db,25,-98.40201864542537,-97.49356923882812,-97.94779394212674,0,0.0,0.03125,128
bayesfl_observability_v1,ola_sparse_bayesian_keep010_seed42,85,ola,global,,,layers.0.bias,db,26,-97.49356923882812,-96.58511983223084,-97.03934453552948,0,0.0,0.03125,128
bayesfl_observability_v1,ola_sparse_bayesian_keep010_seed42,85,ola,global,,,layers.0.bias,db,27,-96.58511983223084,-95.67667042563359,-96.13089512893222,0,0.0,0.03125,128
bayesfl_observability_v1,ola_sparse_bayesian_keep010_seed42,85,ola,global,,,layers.0.bias,db,28,-95.67667042563359,-94.76822101903633,-95.22244572233495,0,0.0,0.03125,128
bayesfl_observability_v1,ola_sparse_bayesian_keep010_seed42,85,ola,global,,,layers.0.bias,db,29,-94.76822101903633,-93.85977161243906,-94.3139963157377,0,0.0,0.03125,128
bayesfl_observability_v1,ola_sparse_bayesian_keep010_seed42,85,ola,global,,,layers.0.bias,db,30,-93.85977161243906,-92.9513222058418,-93.40554690914044,0,0.0,0.03125,128
bayesfl_observability_v1,ola_sparse_bayesian_keep010_seed42,85,ola,global,,,layers.0.bias,db,31,-92.9513222058418,-92.04287279924455,-92.49709750254317,0,0.0,0.03125,128
bayesfl_observability_v1,ola_sparse_bayesian_keep010_seed42,85,ola,global,,,layers.0.bias,db,32,-92.04287279924455,-91.13442339264729,-91.58864809594593,1,0.008599818485503752,0.0390625,128
bayesfl_observability_v1,ola_sparse_bayesian_keep010_seed42,85,ola,global,,,layers.0.bias,db,33,-91.13442339264729,-90.22597398605004,-90.68019868934866,0,0.0,0.0390625,128
bayesfl_observability_v1,ola_sparse_bayesian_keep010_seed42,85,ola,global,,,layers.0.bias,db,34,-90.22597398605004,-89.31752457945277,-89.7717492827514,0,0.0,0.0390625,128
bayesfl_observability_v1,ola_sparse_bayesian_keep010_seed42,85,ola,global,,,layers.0.bias,db,35,-89.31752457945277,-88.40907517285551,-88.86329987615414,0,0.0,0.0390625,128
bayesfl_observability_v1,ola_sparse_bayesian_keep010_seed42,85,ola,global,,,layers.0.bias,db,36,-88.40907517285551,-87.50062576625825,-87.95485046955687,0,0.0,0.0390625,128
bayesfl_observability_v1,ola_sparse_bayesian_keep010_seed42,85,ola,global,,,layers.0.bias,db,37,-87.50062576625825,-86.59217635966098,-87.04640106295962,1,0.008599818485503619,0.046875,128
bayesfl_observability_v1,ola_sparse_bayesian_keep010_seed42,85,ola,global,,,layers.0.bias,db,38,-86.59217635966098,-85.68372695306373,-86.13795165636236,2,0.017199636971007504,0.0625,128
bayesfl_observability_v1,ola_sparse_bayesian_keep010_seed42,85,ola,global,,,layers.0.bias,db,39,-85.68372695306373,-84.77527754646647,-85.22950224976509,0,0.0,0.0625,128
bayesfl_observability_v1,ola_sparse_bayesian_keep010_seed42,85,ola,global,,,layers.0.bias,db,40,-84.77527754646647,-83.8668281398692,-84.32105284316783,0,0.0,0.0625,128
bayesfl_observability_v1,ola_sparse_bayesian_keep010_seed42,85,ola,global,,,layers.0.bias,db,41,-83.8668281398692,-82.95837873327194,-83.41260343657058,1,0.008599818485503752,0.0703125,128
bayesfl_observability_v1,ola_sparse_bayesian_keep010_seed42,85,ola,global,,,layers.0.bias,db,42,-82.95837873327194,-82.04992932667469,-82.50415402997331,0,0.0,0.0703125,128
bayesfl_observability_v1,ola_sparse_bayesian_keep010_seed42,85,ola,global,,,layers.0.bias,db,43,-82.04992932667469,-81.14147992007742,-81.59570462337605,1,0.008599818485503619,0.078125,128
bayesfl_observability_v1,ola_sparse_bayesian_keep010_seed42,85,ola,global,,,layers.0.bias,db,44,-81.14147992007742,-80.23303051348016,-80.6872552167788,1,0.008599818485503752,0.0859375,128
bayesfl_observability_v1,ola_sparse_bayesian_keep010_seed42,85,ola,global,,,layers.0.bias,db,45,-80.23303051348016,-79.3245811068829,-79.77880581018152,0,0.0,0.0859375,128
bayesfl_observability_v1,ola_sparse_bayesian_keep010_seed42,85,ola,global,,,layers.0.bias,db,46,-79.3245811068829,-78.41613170028563,-78.87035640358427,1,0.008599818485503619,0.09375,128
bayesfl_observability_v1,ola_sparse_bayesian_keep010_seed42,85,ola,global,,,layers.0.bias,db,47,-78.41613170028563,-77.50768229368838,-77.96190699698701,2,0.017199636971007504,0.109375,128
bayesfl_observability_v1,ola_sparse_bayesian_keep010_seed42,85,ola,global,,,layers.0.bias,db,48,-77.50768229368838,-76.59923288709112,-77.05345759038974,0,0.0,0.109375,128
bayesfl_observability_v1,ola_sparse_bayesian_keep010_seed42,85,ola,global,,,layers.0.bias,db,49,-76.59923288709112,-75.69078348049385,-76.14500818379248,1,0.008599818485503619,0.1171875,128
bayesfl_observability_v1,ola_sparse_bayesian_keep010_seed42,85,ola,global,,,layers.0.bias,db,50,-75.69078348049385,-74.78233407389659,-75.23655877719523,3,0.02579945545651126,0.140625,128
bayesfl_observability_v1,ola_sparse_bayesian_keep010_seed42,85,ola,global,,,layers.0.bias,db,51,-74.78233407389659,-73.87388466729934,-74.32810937059796,1,0.008599818485503752,0.1484375,128
bayesfl_observability_v1,ola_sparse_bayesian_keep010_seed42,85,ola,global,,,layers.0.bias,db,52,-73.87388466729934,-72.96543526070207,-73.4196599640007,2,0.017199636971007237,0.1640625,128
bayesfl_observability_v1,ola_sparse_bayesian_keep010_seed42,85,ola,global,,,layers.0.bias,db,53,-72.96543526070207,-72.05698585410481,-72.51121055740344,6,0.05159891091302252,0.2109375,128
bayesfl_observability_v1,ola_sparse_bayesian_keep010_seed42,85,ola,global,,,layers.0.bias,db,54,-72.05698585410481,-71.14853644750755,-71.60276115080617,3,0.02579945545651126,0.234375,128
bayesfl_observability_v1,ola_sparse_bayesian_keep010_seed42,85,ola,global,,,layers.0.bias,db,55,-71.14853644750755,-70.24008704091028,-70.69431174420892,2,0.017199636971007237,0.25,128
bayesfl_observability_v1,ola_sparse_bayesian_keep010_seed42,85,ola,global,,,layers.0.bias,db,56,-70.24008704091028,-69.33163763431303,-69.78586233761166,3,0.02579945545651126,0.2734375,128
bayesfl_observability_v1,ola_sparse_bayesian_keep010_seed42,85,ola,global,,,layers.0.bias,db,57,-69.33163763431303,-68.42318822771577,-68.87741293101439,3,0.02579945545651126,0.296875,128
bayesfl_observability_v1,ola_sparse_bayesian_keep010_seed42,85,ola,global,,,layers.0.bias,db,58,-68.42318822771577,-67.5147388211185,-67.96896352441713,6,0.05159891091302171,0.34375,128
bayesfl_observability_v1,ola_sparse_bayesian_keep010_seed42,85,ola,global,,,layers.0.bias,db,59,-67.5147388211185,-66.60628941452124,-67.06051411781988,1,0.008599818485503752,0.3515625,128
bayesfl_observability_v1,ola_sparse_bayesian_keep010_seed42,85,ola,global,,,layers.0.bias,db,60,-66.60628941452124,-65.69784000792399,-66.15206471122261,1,0.008599818485503752,0.359375,128
bayesfl_observability_v1,ola_sparse_bayesian_keep010_seed42,85,ola,global,,,layers.0.bias,db,61,-65.69784000792399,-64.78939060132672,-65.24361530462535,5,0.04299909242751809,0.3984375,128
bayesfl_observability_v1,ola_sparse_bayesian_keep010_seed42,85,ola,global,,,layers.0.bias,db,62,-64.78939060132672,-63.880941194729466,-64.3351658980281,3,0.02579945545651146,0.421875,128
bayesfl_observability_v1,ola_sparse_bayesian_keep010_seed42,85,ola,global,,,layers.0.bias,db,63,-63.880941194729466,-62.9724917881322,-63.42671649143084,2,0.01719963697100737,0.4375,128
bayesfl_observability_v1,ola_sparse_bayesian_keep010_seed42,85,ola,global,,,layers.0.bias,db,64,-62.9724917881322,-62.06404238153494,-62.51826708483357,6,0.051598910913022114,0.484375,128
bayesfl_observability_v1,ola_sparse_bayesian_keep010_seed42,85,ola,global,,,layers.0.bias,db,65,-62.06404238153494,-61.15559297493768,-61.60981767823631,9,0.07739836636953377,0.5546875,128
bayesfl_observability_v1,ola_sparse_bayesian_keep010_seed42,85,ola,global,,,layers.0.bias,db,66,-61.15559297493768,-60.24714356834042,-60.701368271639055,4,0.03439927394201474,0.5859375,128
bayesfl_observability_v1,ola_sparse_bayesian_keep010_seed42,85,ola,global,,,layers.0.bias,db,67,-60.24714356834042,-59.33869416174316,-59.79291886504179,8,0.06879854788403002,0.6484375,128
bayesfl_observability_v1,ola_sparse_bayesian_keep010_seed42,85,ola,global,,,layers.0.bias,db,68,-59.33869416174316,-58.4302447551459,-58.88446945844453,8,0.06879854788402948,0.7109375,128
bayesfl_observability_v1,ola_sparse_bayesian_keep010_seed42,85,ola,global,,,layers.0.bias,db,69,-58.4302447551459,-57.521795348548636,-57.97602005184727,4,0.03439927394201474,0.7421875,128
bayesfl_observability_v1,ola_sparse_bayesian_keep010_seed42,85,ola,global,,,layers.0.bias,db,70,-57.521795348548636,-56.61334594195138,-57.06757064525001,9,0.07739836636953377,0.8125,128
bayesfl_observability_v1,ola_sparse_bayesian_keep010_seed42,85,ola,global,,,layers.0.bias,db,71,-56.61334594195138,-55.70489653535412,-56.15912123865275,7,0.06019872939852627,0.8671875,128
bayesfl_observability_v1,ola_sparse_bayesian_keep010_seed42,85,ola,global,,,layers.0.bias,db,72,-55.70489653535412,-54.79644712875685,-55.25067183205549,8,0.06879854788402895,0.9296875,128
bayesfl_observability_v1,ola_sparse_bayesian_keep010_seed42,85,ola,global,,,layers.0.bias,db,73,-54.79644712875685,-53.8879977221596,-54.342222425458225,2,0.017199636971007504,0.9453125,128
bayesfl_observability_v1,ola_sparse_bayesian_keep010_seed42,85,ola,global,,,layers.0.bias,db,74,-53.8879977221596,-52.97954831556234,-53.43377301886097,4,0.03439927394201501,0.9765625,128
bayesfl_observability_v1,ola_sparse_bayesian_keep010_seed42,85,ola,global,,,layers.0.bias,db,75,-52.97954831556234,-52.07109890896507,-52.525323612263705,1,0.008599818485503619,0.984375,128
bayesfl_observability_v1,ola_sparse_bayesian_keep010_seed42,85,ola,global,,,layers.0.bias,db,76,-52.07109890896507,-51.16264950236781,-51.61687420566644,1,0.008599818485503752,0.9921875,128
bayesfl_observability_v1,ola_sparse_bayesian_keep010_seed42,85,ola,global,,,layers.0.bias,db,77,-51.16264950236781,-50.25420009577056,-50.708424799069185,0,0.0,0.9921875,128
bayesfl_observability_v1,ola_sparse_bayesian_keep010_seed42,85,ola,global,,,layers.0.bias,db,78,-50.25420009577056,-49.345750689173286,-49.79997539247192,0,0.0,0.9921875,128
bayesfl_observability_v1,ola_sparse_bayesian_keep010_seed42,85,ola,global,,,layers.0.bias,db,79,-49.345750689173286,-48.43730128257603,-48.89152598587466,1,0.008599818485503752,1.0,128
bayesfl_observability_v1,ola_sparse_bayesian_keep010_seed42,85,ola,global,,,layers.1.weight,raw,0,8.896072238961684e-06,0.0012316027753297436,0.0006202494237843527,164,104.78800817573267,0.128125,1280
bayesfl_observability_v1,ola_sparse_bayesian_keep010_seed42,85,ola,global,,,layers.1.weight,raw,1,0.0012316027753297436,0.0024543094784205254,0.0018429561268751345,175,111.81647213873913,0.26484375,1280
bayesfl_observability_v1,ola_sparse_bayesian_keep010_seed42,85,ola,global,,,layers.1.weight,raw,2,0.0024543094784205254,0.0036770161815113073,0.0030656628299659166,144,92.00898278844821,0.37734375,1280
bayesfl_observability_v1,ola_sparse_bayesian_keep010_seed42,85,ola,global,,,layers.1.weight,raw,3,0.0036770161815113073,0.004899722884602089,0.004288369533056698,126,80.50785993989217,0.47578125,1280
bayesfl_observability_v1,ola_sparse_bayesian_keep010_seed42,85,ola,global,,,layers.1.weight,raw,4,0.004899722884602089,0.006122429587692871,0.00551107623614748,128,81.7857624786206,0.57578125,1280
bayesfl_observability_v1,ola_sparse_bayesian_keep010_seed42,85,ola,global,,,layers.1.weight,raw,5,0.006122429587692871,0.007345136290783653,0.0067337829392382625,92,58.7835167815086,0.64765625,1280
bayesfl_observability_v1,ola_sparse_bayesian_keep010_seed42,85,ola,global,,,layers.1.weight,raw,6,0.007345136290783653,0.008567842993874433,0.007956489642329043,89,56.86666297341597,0.7171875,1280
bayesfl_observability_v1,ola_sparse_bayesian_keep010_seed42,85,ola,global,,,layers.1.weight,raw,7,0.008567842993874433,0.009790549696965216,0.009179196345419825,57,36.420222353760735,0.76171875,1280
bayesfl_observability_v1,ola_sparse_bayesian_keep010_seed42,85,ola,global,,,layers.1.weight,raw,8,0.009790549696965216,0.011013256400055998,0.010401903048510606,48,30.669660929482724,0.79921875,1280
bayesfl_observability_v1,ola_sparse_bayesian_keep010_seed42,85,ola,global,,,layers.1.weight,raw,9,0.011013256400055998,0.01223596310314678,0.01162460975160139,31,19.807489350290926,0.8234375,1280
bayesfl_observability_v1,ola_sparse_bayesian_keep010_seed42,85,ola,global,,,layers.1.weight,raw,10,0.01223596310314678,0.01345866980623756,0.01284731645469217,33,21.085391889019405,0.84921875,1280
bayesfl_observability_v1,ola_sparse_bayesian_keep010_seed42,85,ola,global,,,layers.1.weight,raw,11,0.01345866980623756,0.014681376509328343,0.01407002315778295,24,15.334830464741362,0.86796875,1280
bayesfl_observability_v1,ola_sparse_bayesian_keep010_seed42,85,ola,global,,,layers.1.weight,raw,12,0.014681376509328343,0.015904083212419127,0.015292729860873735,21,13.417976656648673,0.884375,1280
bayesfl_observability_v1,ola_sparse_bayesian_keep010_seed42,85,ola,global,,,layers.1.weight,raw,13,0.015904083212419127,0.017126789915509907,0.016515436563964515,21,13.417976656648712,0.90078125,1280
bayesfl_observability_v1,ola_sparse_bayesian_keep010_seed42,85,ola,global,,,layers.1.weight,raw,14,0.017126789915509907,0.01834949661860069,0.0177381432670553,20,12.77902538728445,0.91640625,1280
bayesfl_observability_v1,ola_sparse_bayesian_keep010_seed42,85,ola,global,,,layers.1.weight,raw,15,0.01834949661860069,0.019572203321691472,0.018960849970146083,10,6.389512693642244,0.92421875,1280
bayesfl_observability_v1,ola_sparse_bayesian_keep010_seed42,85,ola,global,,,layers.1.weight,raw,16,0.019572203321691472,0.020794910024782252,0.02018355667323686,10,6.389512693642244,0.93203125,1280
bayesfl_observability_v1,ola_sparse_bayesian_keep010_seed42,85,ola,global,,,layers.1.weight,raw,17,0.020794910024782252,0.022017616727873036,0.021406263376327644,12,7.66741523237067,0.94140625,1280
bayesfl_observability_v1,ola_sparse_bayesian_keep010_seed42,85,ola,global,,,layers.1.weight,raw,18,0.022017616727873036,0.023240323430963817,0.02262897007941843,3,1.9168538080926731,0.94375,1280
bayesfl_observability_v1,ola_sparse_bayesian_keep010_seed42,85,ola,global,,,layers.1.weight,raw,19,0.023240323430963817,0.0244630301340546,0.02385167678250921,5,3.1947563468211126,0.94765625,1280
bayesfl_observability_v1,ola_sparse_bayesian_keep010_seed42,85,ola,global,,,layers.1.weight,raw,20,0.0244630301340546,0.02568573683714538,0.02507438348559999,8,5.1116101549137944,0.95390625,1280
bayesfl_observability_v1,ola_sparse_bayesian_keep010_seed42,85,ola,global,,,layers.1.weight,raw,21,0.02568573683714538,0.026908443540236162,0.026297090188690773,2,1.2779025387284486,0.95546875,1280
bayesfl_observability_v1,ola_sparse_bayesian_keep010_seed42,85,ola,global,,,layers.1.weight,raw,22,0.026908443540236162,0.028131150243326946,0.027519796891781554,6,3.833707616185335,0.96015625,1280
bayesfl_observability_v1,ola_sparse_bayesian_keep010_seed42,85,ola,global,,,layers.1.weight,raw,23,0.028131150243326946,0.029353856946417727,0.028742503594872335,5,3.194756346821122,0.9640625,1280
bayesfl_observability_v1,ola_sparse_bayesian_keep010_seed42,85,ola,global,,,layers.1.weight,raw,24,0.029353856946417727,0.030576563649508507,0.02996521029796312,4,2.5558050774568972,0.9671875,1280
bayesfl_observability_v1,ola_sparse_bayesian_keep010_seed42,85,ola,global,,,layers.1.weight,raw,25,0.030576563649508507,0.03179927035259929,0.031187917001053896,4,2.5558050774568972,0.9703125,1280
bayesfl_observability_v1,ola_sparse_bayesian_keep010_seed42,85,ola,global,,,layers.1.weight,raw,26,0.03179927035259929,0.03302197705569007,0.03241062370414468,3,1.9168538080926676,0.97265625,1280
bayesfl_observability_v1,ola_sparse_bayesian_keep010_seed42,85,ola,global,,,layers.1.weight,raw,27,0.03302197705569007,0.03424468375878085,0.03363333040723546,3,1.9168538080926785,0.975,1280
bayesfl_observability_v1,ola_sparse_bayesian_keep010_seed42,85,ola,global,,,layers.1.weight,raw,28,0.03424468375878085,0.03546739046187163,0.03485603711032624,4,2.55580507745689,0.978125,1280
bayesfl_observability_v1,ola_sparse_bayesian_keep010_seed42,85,ola,global,,,layers.1.weight,raw,29,0.03546739046187163,0.03669009716496242,0.036078743813417025,3,1.9168538080926676,0.98046875,1280
bayesfl_observability_v1,ola_sparse_bayesian_keep010_seed42,85,ola,global,,,layers.1.weight,raw,30,0.03669009716496242,0.037912803868053194,0.03730145051650781,1,0.6389512693642262,0.98125,1280
bayesfl_observability_v1,ola_sparse_bayesian_keep010_seed42,85,ola,global,,,layers.1.weight,raw,31,0.037912803868053194,0.03913551057114398,0.038524157219598586,1,0.6389512693642225,0.98203125,1280
bayesfl_observability_v1,ola_sparse_bayesian_keep010_seed42,85,ola,global,,,layers.1.weight,raw,32,0.03913551057114398,0.04035821727423476,0.03974686392268937,2,1.277902538728445,0.98359375,1280
bayesfl_observability_v1,ola_sparse_bayesian_keep010_seed42,85,ola,global,,,layers.1.weight,raw,33,0.04035821727423476,0.04158092397732554,0.04096957062578015,3,1.9168538080926785,0.9859375,1280
bayesfl_observability_v1,ola_sparse_bayesian_keep010_seed42,85,ola,global,,,layers.1.weight,raw,34,0.04158092397732554,0.04280363068041632,0.04219227732887093,1,0.6389512693642225,0.98671875,1280
bayesfl_observability_v1,ola_sparse_bayesian_keep010_seed42,85,ola,global,,,layers.1.weight,raw,35,0.04280363068041632,0.04402633738350711,0.043414984031961715,1,0.6389512693642225,0.9875,1280
bayesfl_observability_v1,ola_sparse_bayesian_keep010_seed42,85,ola,global,,,layers.1.weight,raw,36,0.04402633738350711,0.045249044086597884,0.0446376907350525,1,0.6389512693642262,0.98828125,1280
bayesfl_observability_v1,ola_sparse_bayesian_keep010_seed42,85,ola,global,,,layers.1.weight,raw,37,0.045249044086597884,0.04647175078968867,0.045860397438143276,0,0.0,0.98828125,1280
bayesfl_observability_v1,ola_sparse_bayesian_keep010_seed42,85,ola,global,,,layers.1.weight,raw,38,0.04647175078968867,0.04769445749277945,0.04708310414123406,0,0.0,0.98828125,1280
bayesfl_observability_v1,ola_sparse_bayesian_keep010_seed42,85,ola,global,,,layers.1.weight,raw,39,0.04769445749277945,0.048917164195870236,0.048305810844324844,2,1.277902538728445,0.98984375,1280
bayesfl_observability_v1,ola_sparse_bayesian_keep010_seed42,85,ola,global,,,layers.1.weight,raw,40,0.048917164195870236,0.05013987089896101,0.04952851754741562,1,0.6389512693642262,0.990625,1280
bayesfl_observability_v1,ola_sparse_bayesian_keep010_seed42,85,ola,global,,,layers.1.weight,raw,41,0.05013987089896101,0.0513625776020518,0.050751224250506405,1,0.6389512693642225,0.99140625,1280
bayesfl_observability_v1,ola_sparse_bayesian_keep010_seed42,85,ola,global,,,layers.1.weight,raw,42,0.0513625776020518,0.05258528430514258,0.05197393095359719,0,0.0,0.99140625,1280
bayesfl_observability_v1,ola_sparse_bayesian_keep010_seed42,85,ola,global,,,layers.1.weight,raw,43,0.05258528430514258,0.05380799100823336,0.05319663765668797,1,0.6389512693642262,0.9921875,1280
bayesfl_observability_v1,ola_sparse_bayesian_keep010_seed42,85,ola,global,,,layers.1.weight,raw,44,0.05380799100823336,0.05503069771132414,0.05441934435977875,1,0.6389512693642225,0.99296875,1280
bayesfl_observability_v1,ola_sparse_bayesian_keep010_seed42,85,ola,global,,,layers.1.weight,raw,45,0.05503069771132414,0.056253404414414926,0.055642051062869534,1,0.6389512693642225,0.99375,1280
bayesfl_observability_v1,ola_sparse_bayesian_keep010_seed42,85,ola,global,,,layers.1.weight,raw,46,0.056253404414414926,0.0574761111175057,0.05686475776596031,1,0.6389512693642262,0.99453125,1280
bayesfl_observability_v1,ola_sparse_bayesian_keep010_seed42,85,ola,global,,,layers.1.weight,raw,47,0.0574761111175057,0.05869881782059649,0.058087464469051095,2,1.277902538728445,0.99609375,1280
bayesfl_observability_v1,ola_sparse_bayesian_keep010_seed42,85,ola,global,,,layers.1.weight,raw,48,0.05869881782059649,0.05992152452368727,0.05931017117214188,1,0.6389512693642225,0.996875,1280
bayesfl_observability_v1,ola_sparse_bayesian_keep010_seed42,85,ola,global,,,layers.1.weight,raw,49,0.05992152452368727,0.06114423122677805,0.06053287787523266,0,0.0,0.996875,1280
bayesfl_observability_v1,ola_sparse_bayesian_keep010_seed42,85,ola,global,,,layers.1.weight,raw,50,0.06114423122677805,0.06236693792986883,0.06175558457832344,1,0.6389512693642225,0.99765625,1280
bayesfl_observability_v1,ola_sparse_bayesian_keep010_seed42,85,ola,global,,,layers.1.weight,raw,51,0.06236693792986883,0.06358964463295962,0.06297829128141422,0,0.0,0.99765625,1280
bayesfl_observability_v1,ola_sparse_bayesian_keep010_seed42,85,ola,global,,,layers.1.weight,raw,52,0.06358964463295962,0.0648123513360504,0.06420099798450501,0,0.0,0.99765625,1280
bayesfl_observability_v1,ola_sparse_bayesian_keep010_seed42,85,ola,global,,,layers.1.weight,raw,53,0.0648123513360504,0.06603505803914118,0.06542370468759579,0,0.0,0.99765625,1280
bayesfl_observability_v1,ola_sparse_bayesian_keep010_seed42,85,ola,global,,,layers.1.weight,raw,54,0.06603505803914118,0.06725776474223195,0.06664641139068657,0,0.0,0.99765625,1280
bayesfl_observability_v1,ola_sparse_bayesian_keep010_seed42,85,ola,global,,,layers.1.weight,raw,55,0.06725776474223195,0.06848047144532274,0.06786911809377735,1,0.6389512693642225,0.9984375,1280
bayesfl_observability_v1,ola_sparse_bayesian_keep010_seed42,85,ola,global,,,layers.1.weight,raw,56,0.06848047144532274,0.06970317814841352,0.06909182479686812,0,0.0,0.9984375,1280
bayesfl_observability_v1,ola_sparse_bayesian_keep010_seed42,85,ola,global,,,layers.1.weight,raw,57,0.06970317814841352,0.0709258848515043,0.07031453149995892,0,0.0,0.9984375,1280
bayesfl_observability_v1,ola_sparse_bayesian_keep010_seed42,85,ola,global,,,layers.1.weight,raw,58,0.0709258848515043,0.07214859155459509,0.07153723820304969,1,0.6389512693642225,0.99921875,1280
bayesfl_observability_v1,ola_sparse_bayesian_keep010_seed42,85,ola,global,,,layers.1.weight,raw,59,0.07214859155459509,0.07337129825768587,0.07275994490614049,0,0.0,0.99921875,1280
bayesfl_observability_v1,ola_sparse_bayesian_keep010_seed42,85,ola,global,,,layers.1.weight,raw,60,0.07337129825768587,0.07459400496077664,0.07398265160923126,0,0.0,0.99921875,1280
bayesfl_observability_v1,ola_sparse_bayesian_keep010_seed42,85,ola,global,,,layers.1.weight,raw,61,0.07459400496077664,0.07581671166386743,0.07520535831232203,0,0.0,0.99921875,1280
bayesfl_observability_v1,ola_sparse_bayesian_keep010_seed42,85,ola,global,,,layers.1.weight,raw,62,0.07581671166386743,0.07703941836695821,0.07642806501541283,0,0.0,0.99921875,1280
bayesfl_observability_v1,ola_sparse_bayesian_keep010_seed42,85,ola,global,,,layers.1.weight,raw,63,0.07703941836695821,0.078262125070049,0.0776507717185036,0,0.0,0.99921875,1280
bayesfl_observability_v1,ola_sparse_bayesian_keep010_seed42,85,ola,global,,,layers.1.weight,raw,64,0.078262125070049,0.07948483177313978,0.0788734784215944,0,0.0,0.99921875,1280
bayesfl_observability_v1,ola_sparse_bayesian_keep010_seed42,85,ola,global,,,layers.1.weight,raw,65,0.07948483177313978,0.08070753847623056,0.08009618512468517,0,0.0,0.99921875,1280
bayesfl_observability_v1,ola_sparse_bayesian_keep010_seed42,85,ola,global,,,layers.1.weight,raw,66,0.08070753847623056,0.08193024517932135,0.08131889182777596,0,0.0,0.99921875,1280
bayesfl_observability_v1,ola_sparse_bayesian_keep010_seed42,85,ola,global,,,layers.1.weight,raw,67,0.08193024517932135,0.08315295188241212,0.08254159853086673,0,0.0,0.99921875,1280
bayesfl_observability_v1,ola_sparse_bayesian_keep010_seed42,85,ola,global,,,layers.1.weight,raw,68,0.08315295188241212,0.0843756585855029,0.0837643052339575,0,0.0,0.99921875,1280
bayesfl_observability_v1,ola_sparse_bayesian_keep010_seed42,85,ola,global,,,layers.1.weight,raw,69,0.0843756585855029,0.08559836528859369,0.0849870119370483,0,0.0,0.99921875,1280
bayesfl_observability_v1,ola_sparse_bayesian_keep010_seed42,85,ola,global,,,layers.1.weight,raw,70,0.08559836528859369,0.08682107199168447,0.08620971864013907,0,0.0,0.99921875,1280
bayesfl_observability_v1,ola_sparse_bayesian_keep010_seed42,85,ola,global,,,layers.1.weight,raw,71,0.08682107199168447,0.08804377869477525,0.08743242534322987,0,0.0,0.99921875,1280
bayesfl_observability_v1,ola_sparse_bayesian_keep010_seed42,85,ola,global,,,layers.1.weight,raw,72,0.08804377869477525,0.08926648539786604,0.08865513204632064,0,0.0,0.99921875,1280
bayesfl_observability_v1,ola_sparse_bayesian_keep010_seed42,85,ola,global,,,layers.1.weight,raw,73,0.08926648539786604,0.09048919210095681,0.08987783874941142,0,0.0,0.99921875,1280
bayesfl_observability_v1,ola_sparse_bayesian_keep010_seed42,85,ola,global,,,layers.1.weight,raw,74,0.09048919210095681,0.09171189880404759,0.09110054545250221,0,0.0,0.99921875,1280
bayesfl_observability_v1,ola_sparse_bayesian_keep010_seed42,85,ola,global,,,layers.1.weight,raw,75,0.09171189880404759,0.09293460550713838,0.09232325215559298,0,0.0,0.99921875,1280
bayesfl_observability_v1,ola_sparse_bayesian_keep010_seed42,85,ola,global,,,layers.1.weight,raw,76,0.09293460550713838,0.09415731221022916,0.09354595885868378,0,0.0,0.99921875,1280
bayesfl_observability_v1,ola_sparse_bayesian_keep010_seed42,85,ola,global,,,layers.1.weight,raw,77,0.09415731221022916,0.09538001891331994,0.09476866556177455,0,0.0,0.99921875,1280
bayesfl_observability_v1,ola_sparse_bayesian_keep010_seed42,85,ola,global,,,layers.1.weight,raw,78,0.09538001891331994,0.09660272561641073,0.09599137226486534,0,0.0,0.99921875,1280
bayesfl_observability_v1,ola_sparse_bayesian_keep010_seed42,85,ola,global,,,layers.1.weight,raw,79,0.09660272561641073,0.09782543231950151,0.09721407896795611,1,0.6389512693642225,1.0,1280
bayesfl_observability_v1,ola_sparse_bayesian_keep010_seed42,85,ola,global,,,layers.1.weight,db,0,-101.01603300636897,-100.00571964982508,-100.51087632809703,1,0.0007732749398389858,0.00078125,1280
bayesfl_observability_v1,ola_sparse_bayesian_keep010_seed42,85,ola,global,,,layers.1.weight,db,1,-100.00571964982508,-98.9954062932812,-99.50056297155314,0,0.0,0.00078125,1280
bayesfl_observability_v1,ola_sparse_bayesian_keep010_seed42,85,ola,global,,,layers.1.weight,db,2,-98.9954062932812,-97.98509293673732,-98.49024961500926,0,0.0,0.00078125,1280
bayesfl_observability_v1,ola_sparse_bayesian_keep010_seed42,85,ola,global,,,layers.1.weight,db,3,-97.98509293673732,-96.97477958019344,-97.47993625846539,0,0.0,0.00078125,1280
bayesfl_observability_v1,ola_sparse_bayesian_keep010_seed42,85,ola,global,,,layers.1.weight,db,4,-96.97477958019344,-95.96446622364955,-96.4696229019215,0,0.0,0.00078125,1280
bayesfl_observability_v1,ola_sparse_bayesian_keep010_seed42,85,ola,global,,,layers.1.weight,db,5,-95.96446622364955,-94.95415286710566,-95.45930954537761,1,0.0007732749398389858,0.0015625,1280
bayesfl_observability_v1,ola_sparse_bayesian_keep010_seed42,85,ola,global,,,layers.1.weight,db,6,-94.95415286710566,-93.94383951056179,-94.44899618883372,0,0.0,0.0015625,1280
bayesfl_observability_v1,ola_sparse_bayesian_keep010_seed42,85,ola,global,,,layers.1.weight,db,7,-93.94383951056179,-92.9335261540179,-93.43868283228984,0,0.0,0.0015625,1280
bayesfl_observability_v1,ola_sparse_bayesian_keep010_seed42,85,ola,global,,,layers.1.weight,db,8,-92.9335261540179,-91.92321279747402,-92.42836947574597,0,0.0,0.0015625,1280
bayesfl_observability_v1,ola_sparse_bayesian_keep010_seed42,85,ola,global,,,layers.1.weight,db,9,-91.92321279747402,-90.91289944093013,-91.41805611920208,0,0.0,0.0015625,1280
bayesfl_observability_v1,ola_sparse_bayesian_keep010_seed42,85,ola,global,,,layers.1.weight,db,10,-90.91289944093013,-89.90258608438626,-90.40774276265819,1,0.0007732749398389967,0.00234375,1280
bayesfl_observability_v1,ola_sparse_bayesian_keep010_seed42,85,ola,global,,,layers.1.weight,db,11,-89.90258608438626,-88.89227272784237,-89.39742940611431,0,0.0,0.00234375,1280
bayesfl_observability_v1,ola_sparse_bayesian_keep010_seed42,85,ola,global,,,layers.1.weight,db,12,-88.89227272784237,-87.88195937129848,-88.38711604957042,0,0.0,0.00234375,1280
bayesfl_observability_v1,ola_sparse_bayesian_keep010_seed42,85,ola,global,,,layers.1.weight,db,13,-87.88195937129848,-86.8716460147546,-87.37680269302655,0,0.0,0.00234375,1280
bayesfl_observability_v1,ola_sparse_bayesian_keep010_seed42,85,ola,global,,,layers.1.weight,db,14,-86.8716460147546,-85.86133265821071,-86.36648933648266,1,0.0007732749398389858,0.003125,1280
bayesfl_observability_v1,ola_sparse_bayesian_keep010_seed42,85,ola,global,,,layers.1.weight,db,15,-85.86133265821071,-84.85101930166684,-85.35617597993877,2,0.0015465498796779934,0.0046875,1280
bayesfl_observability_v1,ola_sparse_bayesian_keep010_seed42,85,ola,global,,,layers.1.weight,db,16,-84.85101930166684,-83.84070594512295,-84.3458626233949,5,0.003866374699194929,0.00859375,1280
bayesfl_observability_v1,ola_sparse_bayesian_keep010_seed42,85,ola,global,,,layers.1.weight,db,17,-83.84070594512295,-82.83039258857906,-83.335549266851,2,0.0015465498796779717,0.01015625,1280
bayesfl_observability_v1,ola_sparse_bayesian_keep010_seed42,85,ola,global,,,layers.1.weight,db,18,-82.83039258857906,-81.82007923203518,-82.32523591030713,0,0.0,0.01015625,1280
bayesfl_observability_v1,ola_sparse_bayesian_keep010_seed42,85,ola,global,,,layers.1.weight,db,19,-81.82007923203518,-80.8097658754913,-81.31492255376324,1,0.0007732749398389858,0.0109375,1280
bayesfl_observability_v1,ola_sparse_bayesian_keep010_seed42,85,ola,global,,,layers.1.weight,db,20,-80.8097658754913,-79.79945251894742,-80.30460919721935,1,0.0007732749398389967,0.01171875,1280
bayesfl_observability_v1,ola_sparse_bayesian_keep010_seed42,85,ola,global,,,layers.1.weight,db,21,-79.79945251894742,-78.78913916240353,-79.29429584067547,2,0.0015465498796779717,0.01328125,1280
bayesfl_observability_v1,ola_sparse_bayesian_keep010_seed42,85,ola,global,,,layers.1.weight,db,22,-78.78913916240353,-77.77882580585964,-78.28398248413158,2,0.0015465498796779717,0.01484375,1280
bayesfl_observability_v1,ola_sparse_bayesian_keep010_seed42,85,ola,global,,,layers.1.weight,db,23,-77.77882580585964,-76.76851244931576,-77.27366912758771,4,0.0030930997593559867,0.01796875,1280
bayesfl_observability_v1,ola_sparse_bayesian_keep010_seed42,85,ola,global,,,layers.1.weight,db,24,-76.76851244931576,-75.75819909277187,-76.26335577104382,7,0.0054129245788729005,0.0234375,1280
bayesfl_observability_v1,ola_sparse_bayesian_keep010_seed42,85,ola,global,,,layers.1.weight,db,25,-75.75819909277187,-74.747885736228,-75.25304241449993,5,0.0038663746991949833,0.02734375,1280
bayesfl_observability_v1,ola_sparse_bayesian_keep010_seed42,85,ola,global,,,layers.1.weight,db,26,-74.747885736228,-73.73757237968411,-74.24272905795605,3,0.0023198248195169576,0.0296875,1280
bayesfl_observability_v1,ola_sparse_bayesian_keep010_seed42,85,ola,global,,,layers.1.weight,db,27,-73.73757237968411,-72.72725902314022,-73.23241570141217,2,0.0015465498796779717,0.03125,1280
bayesfl_observability_v1,ola_sparse_bayesian_keep010_seed42,85,ola,global,,,layers.1.weight,db,28,-72.72725902314022,-71.71694566659635,-72.22210234486829,1,0.0007732749398389967,0.03203125,1280
bayesfl_observability_v1,ola_sparse_bayesian_keep010_seed42,85,ola,global,,,layers.1.weight,db,29,-71.71694566659635,-70.70663231005246,-71.2117889883244,5,0.003866374699194929,0.0359375,1280
bayesfl_observability_v1,ola_sparse_bayesian_keep010_seed42,85,ola,global,,,layers.1.weight,db,30,-70.70663231005246,-69.69631895350858,-70.20147563178051,4,0.0030930997593559867,0.0390625,1280
bayesfl_observability_v1,ola_sparse_bayesian_keep010_seed42,85,ola,global,,,layers.1.weight,db,31,-69.69631895350858,-68.68600559696469,-69.19116227523664,2,0.0015465498796779717,0.040625,1280
bayesfl_observability_v1,ola_sparse_bayesian_keep010_seed42,85,ola,global,,,layers.1.weight,db,32,-68.68600559696469,-67.6756922404208,-68.18084891869275,6,0.004639649639033915,0.0453125,1280
bayesfl_observability_v1,ola_sparse_bayesian_keep010_seed42,85,ola,global,,,layers.1.weight,db,33,-67.6756922404208,-66.66537888387693,-67.17053556214887,6,0.00463964963903398,0.05,1280
bayesfl_observability_v1,ola_sparse_bayesian_keep010_seed42,85,ola,global,,,layers.1.weight,db,34,-66.66537888387693,-65.65506552733304,-66.16022220560498,4,0.0030930997593559433,0.053125,1280
bayesfl_observability_v1,ola_sparse_bayesian_keep010_seed42,85,ola,global,,,layers.1.weight,db,35,-65.65506552733304,-64.64475217078916,-65.14990884906109,8,0.006186199518711973,0.059375,1280
bayesfl_observability_v1,ola_sparse_bayesian_keep010_seed42,85,ola,global,,,layers.1.weight,db,36,-64.64475217078916,-63.63443881424527,-64.13959549251722,17,0.013145673977262759,0.07265625,1280
bayesfl_observability_v1,ola_sparse_bayesian_keep010_seed42,85,ola,global,,,layers.1.weight,db,37,-63.63443881424527,-62.62412545770139,-63.12928213597333,15,0.011599124097584868,0.084375,1280
bayesfl_observability_v1,ola_sparse_bayesian_keep010_seed42,85,ola,global,,,layers.1.weight,db,38,-62.62412545770139,-61.61381210115751,-62.11896877942945,14,0.010825849157745877,0.0953125,1280
bayesfl_observability_v1,ola_sparse_bayesian_keep010_seed42,85,ola,global,,,layers.1.weight,db,39,-61.61381210115751,-60.60349874461362,-61.10865542288556,10,0.007732749398389858,0.103125,1280
bayesfl_observability_v1,ola_sparse_bayesian_keep010_seed42,85,ola,global,,,layers.1.weight,db,40,-60.60349874461362,-59.593185388069735,-60.09834206634167,9,0.006959474458550921,0.11015625,1280
bayesfl_observability_v1,ola_sparse_bayesian_keep010_seed42,85,ola,global,,,layers.1.weight,db,41,-59.593185388069735,-58.58287203152585,-59.0880287097978,17,0.01314567397726285,0.1234375,1280
bayesfl_observability_v1,ola_sparse_bayesian_keep010_seed42,85,ola,global,,,layers.1.weight,db,42,-58.58287203152585,-57.57255867498197,-58.07771535325391,23,0.017785323616296797,0.14140625,1280
bayesfl_observability_v1,ola_sparse_bayesian_keep010_seed42,85,ola,global,,,layers.1.weight,db,43,-57.57255867498197,-56.56224531843809,-57.06740199671003,20,0.015465498796779826,0.15703125,1280
bayesfl_observability_v1,ola_sparse_bayesian_keep010_seed42,85,ola,global,,,layers.1.weight,db,44,-56.56224531843809,-55.551931961894205,-56.05708864016614,29,0.022424973255330747,0.1796875,1280
bayesfl_observability_v1,ola_sparse_bayesian_keep010_seed42,85,ola,global,,,layers.1.weight,db,45,-55.551931961894205,-54.541618605350315,-55.04677528362226,25,0.019331873495974646,0.19921875,1280
bayesfl_observability_v1,ola_sparse_bayesian_keep010_seed42,85,ola,global,,,layers.1.weight,db,46,-54.541618605350315,-53.53130524880643,-54.03646192707838,34,0.0262913479545257,0.22578125,1280
bayesfl_observability_v1,ola_sparse_bayesian_keep010_seed42,85,ola,global,,,layers.1.weight,db,47,-53.53130524880643,-52.52099189226255,-53.02614857053449,36,0.027837897834203686,0.25390625,1280
bayesfl_observability_v1,ola_sparse_bayesian_keep010_seed42,85,ola,global,,,layers.1.weight,db,48,-52.52099189226255,-51.51067853571867,-52.01583521399061,38,0.029384447713881667,0.28359375,1280
bayesfl_observability_v1,ola_sparse_bayesian_keep010_seed42,85,ola,global,,,layers.1.weight,db,49,-51.51067853571867,-50.500365179174786,-51.00552185744672,33,0.025518073014686712,0.309375,1280
bayesfl_observability_v1,ola_sparse_bayesian_keep010_seed42,85,ola,global,,,layers.1.weight,db,50,-50.500365179174786,-49.490051822630896,-49.99520850090284,49,0.037890472052110304,0.34765625,1280
bayesfl_observability_v1,ola_sparse_bayesian_keep010_seed42,85,ola,global,,,layers.1.weight,db,51,-49.490051822630896,-48.479738466087014,-48.98489514435896,46,0.035570647232593594,0.38359375,1280
bayesfl_observability_v1,ola_sparse_bayesian_keep010_seed42,85,ola,global,,,layers.1.weight,db,52,-48.479738466087014,-47.46942510954313,-47.97458178781507,36,0.027837897834203686,0.41171875,1280
bayesfl_observability_v1,ola_sparse_bayesian_keep010_seed42,85,ola,global,,,layers.1.weight,db,53,-47.46942510954313,-46.45911175299925,-46.96426843127119,67,0.051809420969212414,0.4640625,1280
bayesfl_observability_v1,ola_sparse_bayesian_keep010_seed42,85,ola,global,,,layers.1.weight,db,54,-46.45911175299925,-45.448798396455366,-45.953955074727304,66,0.051036146029373425,0.515625,1280
bayesfl_observability_v1,ola_sparse_bayesian_keep010_seed42,85,ola,global,,,layers.1.weight,db,55,-45.448798396455366,-44.438485039911484,-44.94364171818343,70,0.05412924578872939,0.5703125,1280
bayesfl_observability_v1,ola_sparse_bayesian_keep010_seed42,85,ola,global,,,layers.1.weight,db,56,-44.438485039911484,-43.428171683367594,-43.93332836163954,48,0.03711719711227132,0.6078125,1280
bayesfl_observability_v1,ola_sparse_bayesian_keep010_seed42,85,ola,global,,,layers.1.weight,db,57,-43.428171683367594,-42.41785832682371,-42.92301500509565,72,0.05567579566840737,0.6640625,1280
bayesfl_observability_v1,ola_sparse_bayesian_keep010_seed42,85,ola,global,,,layers.1.weight,db,58,-42.41785832682371,-41.40754497027983,-41.912701648551774,61,0.04716977133017847,0.71171875,1280
bayesfl_observability_v1,ola_sparse_bayesian_keep010_seed42,85,ola,global,,,layers.1.weight,db,59,-41.40754497027983,-40.39723161373595,-40.902388292007885,52,0.04021029687162755,0.75234375,1280
bayesfl_observability_v1,ola_sparse_bayesian_keep010_seed42,85,ola,global,,,layers.1.weight,db,60,-40.39723161373595,-39.386918257192065,-39.89207493546401,52,0.04021029687162755,0.79296875,1280
bayesfl_observability_v1,ola_sparse_bayesian_keep010_seed42,85,ola,global,,,layers.1.weight,db,61,-39.386918257192065,-38.376604900648175,-38.88176157892012,38,0.029384447713881462,0.82265625,1280
bayesfl_observability_v1,ola_sparse_bayesian_keep010_seed42,85,ola,global,,,layers.1.weight,db,62,-38.376604900648175,-37.36629154410429,-37.87144822237623,34,0.0262913479545257,0.84921875,1280
bayesfl_observability_v1,ola_sparse_bayesian_keep010_seed42,85,ola,global,,,layers.1.weight,db,63,-37.36629154410429,-36.35597818756041,-36.861134865832355,34,0.0262913479545257,0.87578125,1280
bayesfl_observability_v1,ola_sparse_bayesian_keep010_seed42,85,ola,global,,,layers.1.weight,db,64,-36.35597818756041,-35.34566483101652,-35.850821509288465,31,0.02397152313500856,0.9,1280
bayesfl_observability_v1,ola_sparse_bayesian_keep010_seed42,85,ola,global,,,layers.1.weight,db,65,-35.34566483101652,-34.335351474472645,-34.84050815274458,27,0.02087842337565291,0.92109375,1280
bayesfl_observability_v1,ola_sparse_bayesian_keep010_seed42,85,ola,global,,,layers.1.weight,db,66,-34.335351474472645,-33.325038117928756,-33.8301947962007,19,0.014692223856940731,0.9359375,1280
bayesfl_observability_v1,ola_sparse_bayesian_keep010_seed42,85,ola,global,,,layers.1.weight,db,67,-33.325038117928756,-32.31472476138488,-32.81988143965682,15,0.01159912409758495,0.94765625,1280
bayesfl_observability_v1,ola_sparse_bayesian_keep010_seed42,85,ola,global,,,layers.1.weight,db,68,-32.31472476138488,-31.30441140484099,-31.809568083112936,14,0.010825849157745801,0.95859375,1280
bayesfl_observability_v1,ola_sparse_bayesian_keep010_seed42,85,ola,global,,,layers.1.weight,db,69,-31.30441140484099,-30.2940980482971,-30.799254726569046,11,0.008506024338228843,0.9671875,1280
bayesfl_observability_v1,ola_sparse_bayesian_keep010_seed42,85,ola,global,,,layers.1.weight,db,70,-30.2940980482971,-29.283784691753226,-29.788941370025164,11,0.008506024338228963,0.97578125,1280
bayesfl_observability_v1,ola_sparse_bayesian_keep010_seed42,85,ola,global,,,layers.1.weight,db,71,-29.283784691753226,-28.273471335209337,-28.77862801348128,8,0.006186199518711887,0.98203125,1280
bayesfl_observability_v1,ola_sparse_bayesian_keep010_seed42,85,ola,global,,,layers.1.weight,db,72,-28.273471335209337,-27.26315797866546,-27.7683146569374,7,0.005412924578872977,0.9875,1280
bayesfl_observability_v1,ola_sparse_bayesian_keep010_seed42,85,ola,global,,,layers.1.weight,db,73,-27.26315797866546,-26.25284462212157,-26.758001300393516,2,0.0015465498796779717,0.9890625,1280
bayesfl_observability_v1,ola_sparse_bayesian_keep010_seed42,85,ola,global,,,layers.1.weight,db,74,-26.25284462212157,-25.242531265577682,-25.747687943849627,5,0.003866374699194929,0.99296875,1280
bayesfl_observability_v1,ola_sparse_bayesian_keep010_seed42,85,ola,global,,,layers.1.weight,db,75,-25.242531265577682,-24.232217909033807,-24.737374587305744,6,0.00463964963903398,0.99765625,1280
bayesfl_observability_v1,ola_sparse_bayesian_keep010_seed42,85,ola,global,,,layers.1.weight,db,76,-24.232217909033807,-23.221904552489917,-23.727061230761862,1,0.0007732749398389858,0.9984375,1280
bayesfl_observability_v1,ola_sparse_bayesian_keep010_seed42,85,ola,global,,,layers.1.weight,db,77,-23.221904552489917,-22.211591195946042,-22.71674787421798,1,0.0007732749398389967,0.99921875,1280
bayesfl_observability_v1,ola_sparse_bayesian_keep010_seed42,85,ola,global,,,layers.1.weight,db,78,-22.211591195946042,-21.201277839402152,-21.706434517674097,0,0.0,0.99921875,1280
bayesfl_observability_v1,ola_sparse_bayesian_keep010_seed42,85,ola,global,,,layers.1.weight,db,79,-21.201277839402152,-20.190964482858273,-20.696121161130215,1,0.000773274939838994,1.0,1280
bayesfl_observability_v1,ola_sparse_bayesian_keep010_seed42,85,ola,global,,,layers.1.bias,raw,0,0.00015421587479737224,0.00031210528468580165,0.00023316057974158693,1,633.3547010573018,0.1,10
bayesfl_observability_v1,ola_sparse_bayesian_keep010_seed42,85,ola,global,,,layers.1.bias,raw,1,0.00031210528468580165,0.000469994694574231,0.0003910499896300163,0,0.0,0.1,10
bayesfl_observability_v1,ola_sparse_bayesian_keep010_seed42,85,ola,global,,,layers.1.bias,raw,2,0.000469994694574231,0.0006278841044626604,0.0005489393995184457,1,633.3547010573017,0.2,10
bayesfl_observability_v1,ola_sparse_bayesian_keep010_seed42,85,ola,global,,,layers.1.bias,raw,3,0.0006278841044626604,0.0007857735143510897,0.0007068288094068751,2,1266.7094021146042,0.4,10
bayesfl_observability_v1,ola_sparse_bayesian_keep010_seed42,85,ola,global,,,layers.1.bias,raw,4,0.0007857735143510897,0.0009436629242395192,0.0008647182192953045,1,633.3547010573017,0.5,10
bayesfl_observability_v1,ola_sparse_bayesian_keep010_seed42,85,ola,global,,,layers.1.bias,raw,5,0.0009436629242395192,0.0011015523341279486,0.0010226076291837338,1,633.3547010573017,0.6,10
bayesfl_observability_v1,ola_sparse_bayesian_keep010_seed42,85,ola,global,,,layers.1.bias,raw,6,0.0011015523341279486,0.0012594417440163778,0.0011804970390721632,0,0.0,0.6,10
bayesfl_observability_v1,ola_sparse_bayesian_keep010_seed42,85,ola,global,,,layers.1.bias,raw,7,0.0012594417440163778,0.0014173311539048073,0.0013383864489605927,0,0.0,0.6,10
bayesfl_observability_v1,ola_sparse_bayesian_keep010_seed42,85,ola,global,,,layers.1.bias,raw,8,0.0014173311539048073,0.0015752205637932367,0.0014962758588490219,0,0.0,0.6,10
bayesfl_observability_v1,ola_sparse_bayesian_keep010_seed42,85,ola,global,,,layers.1.bias,raw,9,0.0015752205637932367,0.0017331099736816661,0.0016541652687374515,0,0.0,0.6,10
bayesfl_observability_v1,ola_sparse_bayesian_keep010_seed42,85,ola,global,,,layers.1.bias,raw,10,0.0017331099736816661,0.0018909993835700954,0.0018120546786258808,0,0.0,0.6,10
bayesfl_observability_v1,ola_sparse_bayesian_keep010_seed42,85,ola,global,,,layers.1.bias,raw,11,0.0018909993835700954,0.002048888793458525,0.00196994408851431,0,0.0,0.6,10
bayesfl_observability_v1,ola_sparse_bayesian_keep010_seed42,85,ola,global,,,layers.1.bias,raw,12,0.002048888793458525,0.0022067782033469542,0.0021278334984027396,0,0.0,0.6,10
bayesfl_observability_v1,ola_sparse_bayesian_keep010_seed42,85,ola,global,,,layers.1.bias,raw,13,0.0022067782033469542,0.0023646676132353835,0.002285722908291169,0,0.0,0.6,10
bayesfl_observability_v1,ola_sparse_bayesian_keep010_seed42,85,ola,global,,,layers.1.bias,raw,14,0.0023646676132353835,0.002522557023123813,0.0024436123181795985,0,0.0,0.6,10
bayesfl_observability_v1,ola_sparse_bayesian_keep010_seed42,85,ola,global,,,layers.1.bias,raw,15,0.002522557023123813,0.0026804464330122423,0.0026015017280680277,0,0.0,0.6,10
bayesfl_observability_v1,ola_sparse_bayesian_keep010_seed42,85,ola,global,,,layers.1.bias,raw,16,0.0026804464330122423,0.0028383358429006716,0.002759391137956457,0,0.0,0.6,10
bayesfl_observability_v1,ola_sparse_bayesian_keep010_seed42,85,ola,global,,,layers.1.bias,raw,17,0.0028383358429006716,0.002996225252789101,0.002917280547844886,0,0.0,0.6,10
bayesfl_observability_v1,ola_sparse_bayesian_keep010_seed42,85,ola,global,,,layers.1.bias,raw,18,0.002996225252789101,0.0031541146626775304,0.003075169957733316,0,0.0,0.6,10
bayesfl_observability_v1,ola_sparse_bayesian_keep010_seed42,85,ola,global,,,layers.1.bias,raw,19,0.0031541146626775304,0.00331200407256596,0.0032330593676217455,0,0.0,0.6,10
bayesfl_observability_v1,ola_sparse_bayesian_keep010_seed42,85,ola,global,,,layers.1.bias,raw,20,0.00331200407256596,0.0034698934824543893,0.0033909487775101747,0,0.0,0.6,10
bayesfl_observability_v1,ola_sparse_bayesian_keep010_seed42,85,ola,global,,,layers.1.bias,raw,21,0.0034698934824543893,0.0036277828923428185,0.003548838187398604,0,0.0,0.6,10
bayesfl_observability_v1,ola_sparse_bayesian_keep010_seed42,85,ola,global,,,layers.1.bias,raw,22,0.0036277828923428185,0.003785672302231248,0.003706727597287033,0,0.0,0.6,10
bayesfl_observability_v1,ola_sparse_bayesian_keep010_seed42,85,ola,global,,,layers.1.bias,raw,23,0.003785672302231248,0.003943561712119677,0.003864617007175463,0,0.0,0.6,10
bayesfl_observability_v1,ola_sparse_bayesian_keep010_seed42,85,ola,global,,,layers.1.bias,raw,24,0.003943561712119677,0.0041014511220081075,0.0040225064170638924,0,0.0,0.6,10
bayesfl_observability_v1,ola_sparse_bayesian_keep010_seed42,85,ola,global,,,layers.1.bias,raw,25,0.0041014511220081075,0.004259340531896537,0.0041803958269523225,1,633.3547010573026,0.7,10
bayesfl_observability_v1,ola_sparse_bayesian_keep010_seed42,85,ola,global,,,layers.1.bias,raw,26,0.004259340531896537,0.004417229941784966,0.004338285236840751,0,0.0,0.7,10
bayesfl_observability_v1,ola_sparse_bayesian_keep010_seed42,85,ola,global,,,layers.1.bias,raw,27,0.004417229941784966,0.004575119351673395,0.004496174646729181,0,0.0,0.7,10
bayesfl_observability_v1,ola_sparse_bayesian_keep010_seed42,85,ola,global,,,layers.1.bias,raw,28,0.004575119351673395,0.004733008761561824,0.004654064056617609,0,0.0,0.7,10
bayesfl_observability_v1,ola_sparse_bayesian_keep010_seed42,85,ola,global,,,layers.1.bias,raw,29,0.004733008761561824,0.0048908981714502545,0.004811953466506039,0,0.0,0.7,10
bayesfl_observability_v1,ola_sparse_bayesian_keep010_seed42,85,ola,global,,,layers.1.bias,raw,30,0.0048908981714502545,0.005048787581338684,0.0049698428763944695,1,633.3547010573026,0.8,10
bayesfl_observability_v1,ola_sparse_bayesian_keep010_seed42,85,ola,global,,,layers.1.bias,raw,31,0.005048787581338684,0.005206676991227113,0.005127732286282898,0,0.0,0.8,10
bayesfl_observability_v1,ola_sparse_bayesian_keep010_seed42,85,ola,global,,,layers.1.bias,raw,32,0.005206676991227113,0.005364566401115542,0.005285621696171328,0,0.0,0.8,10
bayesfl_observability_v1,ola_sparse_bayesian_keep010_seed42,85,ola,global,,,layers.1.bias,raw,33,0.005364566401115542,0.005522455811003971,0.005443511106059756,0,0.0,0.8,10
bayesfl_observability_v1,ola_sparse_bayesian_keep010_seed42,85,ola,global,,,layers.1.bias,raw,34,0.005522455811003971,0.005680345220892401,0.005601400515948186,0,0.0,0.8,10
bayesfl_observability_v1,ola_sparse_bayesian_keep010_seed42,85,ola,global,,,layers.1.bias,raw,35,0.005680345220892401,0.005838234630780831,0.0057592899258366165,0,0.0,0.8,10
bayesfl_observability_v1,ola_sparse_bayesian_keep010_seed42,85,ola,global,,,layers.1.bias,raw,36,0.005838234630780831,0.00599612404066926,0.005917179335725045,0,0.0,0.8,10
bayesfl_observability_v1,ola_sparse_bayesian_keep010_seed42,85,ola,global,,,layers.1.bias,raw,37,0.00599612404066926,0.006154013450557689,0.006075068745613475,0,0.0,0.8,10
bayesfl_observability_v1,ola_sparse_bayesian_keep010_seed42,85,ola,global,,,layers.1.bias,raw,38,0.006154013450557689,0.006311902860446118,0.006232958155501903,1,633.3547010573026,0.9,10
bayesfl_observability_v1,ola_sparse_bayesian_keep010_seed42,85,ola,global,,,layers.1.bias,raw,39,0.006311902860446118,0.006469792270334548,0.006390847565390333,0,0.0,0.9,10
bayesfl_observability_v1,ola_sparse_bayesian_keep010_seed42,85,ola,global,,,layers.1.bias,raw,40,0.006469792270334548,0.006627681680222978,0.0065487369752787634,0,0.0,0.9,10
bayesfl_observability_v1,ola_sparse_bayesian_keep010_seed42,85,ola,global,,,layers.1.bias,raw,41,0.006627681680222978,0.006785571090111407,0.006706626385167192,0,0.0,0.9,10
bayesfl_observability_v1,ola_sparse_bayesian_keep010_seed42,85,ola,global,,,layers.1.bias,raw,42,0.006785571090111407,0.006943460499999836,0.006864515795055622,0,0.0,0.9,10
bayesfl_observability_v1,ola_sparse_bayesian_keep010_seed42,85,ola,global,,,layers.1.bias,raw,43,0.006943460499999836,0.007101349909888265,0.00702240520494405,0,0.0,0.9,10
bayesfl_observability_v1,ola_sparse_bayesian_keep010_seed42,85,ola,global,,,layers.1.bias,raw,44,0.007101349909888265,0.0072592393197766945,0.00718029461483248,0,0.0,0.9,10
bayesfl_observability_v1,ola_sparse_bayesian_keep010_seed42,85,ola,global,,,layers.1.bias,raw,45,0.0072592393197766945,0.007417128729665125,0.0073381840247209095,0,0.0,0.9,10
bayesfl_observability_v1,ola_sparse_bayesian_keep010_seed42,85,ola,global,,,layers.1.bias,raw,46,0.007417128729665125,0.007575018139553554,0.007496073434609339,0,0.0,0.9,10
bayesfl_observability_v1,ola_sparse_bayesian_keep010_seed42,85,ola,global,,,layers.1.bias,raw,47,0.007575018139553554,0.007732907549441983,0.007653962844497769,0,0.0,0.9,10
bayesfl_observability_v1,ola_sparse_bayesian_keep010_seed42,85,ola,global,,,layers.1.bias,raw,48,0.007732907549441983,0.007890796959330412,0.007811852254386197,0,0.0,0.9,10
bayesfl_observability_v1,ola_sparse_bayesian_keep010_seed42,85,ola,global,,,layers.1.bias,raw,49,0.007890796959330412,0.008048686369218842,0.007969741664274627,0,0.0,0.9,10
bayesfl_observability_v1,ola_sparse_bayesian_keep010_seed42,85,ola,global,,,layers.1.bias,raw,50,0.008048686369218842,0.00820657577910727,0.008127631074163057,0,0.0,0.9,10
bayesfl_observability_v1,ola_sparse_bayesian_keep010_seed42,85,ola,global,,,layers.1.bias,raw,51,0.00820657577910727,0.0083644651889957,0.008285520484051486,0,0.0,0.9,10
bayesfl_observability_v1,ola_sparse_bayesian_keep010_seed42,85,ola,global,,,layers.1.bias,raw,52,0.0083644651889957,0.00852235459888413,0.008443409893939914,0,0.0,0.9,10
bayesfl_observability_v1,ola_sparse_bayesian_keep010_seed42,85,ola,global,,,layers.1.bias,raw,53,0.00852235459888413,0.00868024400877256,0.008601299303828344,0,0.0,0.9,10
bayesfl_observability_v1,ola_sparse_bayesian_keep010_seed42,85,ola,global,,,layers.1.bias,raw,54,0.00868024400877256,0.00883813341866099,0.008759188713716774,0,0.0,0.9,10
bayesfl_observability_v1,ola_sparse_bayesian_keep010_seed42,85,ola,global,,,layers.1.bias,raw,55,0.00883813341866099,0.008996022828549418,0.008917078123605204,0,0.0,0.9,10
bayesfl_observability_v1,ola_sparse_bayesian_keep010_seed42,85,ola,global,,,layers.1.bias,raw,56,0.008996022828549418,0.009153912238437848,0.009074967533493633,0,0.0,0.9,10
bayesfl_observability_v1,ola_sparse_bayesian_keep010_seed42,85,ola,global,,,layers.1.bias,raw,57,0.009153912238437848,0.009311801648326276,0.009232856943382061,0,0.0,0.9,10
bayesfl_observability_v1,ola_sparse_bayesian_keep010_seed42,85,ola,global,,,layers.1.bias,raw,58,0.009311801648326276,0.009469691058214706,0.009390746353270491,0,0.0,0.9,10
bayesfl_observability_v1,ola_sparse_bayesian_keep010_seed42,85,ola,global,,,layers.1.bias,raw,59,0.009469691058214706,0.009627580468103136,0.009548635763158921,0,0.0,0.9,10
bayesfl_observability_v1,ola_sparse_bayesian_keep010_seed42,85,ola,global,,,layers.1.bias,raw,60,0.009627580468103136,0.009785469877991565,0.009706525173047351,0,0.0,0.9,10
bayesfl_observability_v1,ola_sparse_bayesian_keep010_seed42,85,ola,global,,,layers.1.bias,raw,61,0.009785469877991565,0.009943359287879995,0.00986441458293578,0,0.0,0.9,10
bayesfl_observability_v1,ola_sparse_bayesian_keep010_seed42,85,ola,global,,,layers.1.bias,raw,62,0.009943359287879995,0.010101248697768423,0.010022303992824208,0,0.0,0.9,10
bayesfl_observability_v1,ola_sparse_bayesian_keep010_seed42,85,ola,global,,,layers.1.bias,raw,63,0.010101248697768423,0.010259138107656853,0.010180193402712638,0,0.0,0.9,10
bayesfl_observability_v1,ola_sparse_bayesian_keep010_seed42,85,ola,global,,,layers.1.bias,raw,64,0.010259138107656853,0.010417027517545283,0.010338082812601068,0,0.0,0.9,10
bayesfl_observability_v1,ola_sparse_bayesian_keep010_seed42,85,ola,global,,,layers.1.bias,raw,65,0.010417027517545283,0.010574916927433712,0.010495972222489498,0,0.0,0.9,10
bayesfl_observability_v1,ola_sparse_bayesian_keep010_seed42,85,ola,global,,,layers.1.bias,raw,66,0.010574916927433712,0.010732806337322142,0.010653861632377927,0,0.0,0.9,10
bayesfl_observability_v1,ola_sparse_bayesian_keep010_seed42,85,ola,global,,,layers.1.bias,raw,67,0.010732806337322142,0.01089069574721057,0.010811751042266355,0,0.0,0.9,10
bayesfl_observability_v1,ola_sparse_bayesian_keep010_seed42,85,ola,global,,,layers.1.bias,raw,68,0.01089069574721057,0.011048585157099,0.010969640452154785,0,0.0,0.9,10
bayesfl_observability_v1,ola_sparse_bayesian_keep010_seed42,85,ola,global,,,layers.1.bias,raw,69,0.011048585157099,0.01120647456698743,0.011127529862043215,0,0.0,0.9,10
bayesfl_observability_v1,ola_sparse_bayesian_keep010_seed42,85,ola,global,,,layers.1.bias,raw,70,0.01120647456698743,0.011364363976875859,0.011285419271931645,0,0.0,0.9,10
bayesfl_observability_v1,ola_sparse_bayesian_keep010_seed42,85,ola,global,,,layers.1.bias,raw,71,0.011364363976875859,0.011522253386764289,0.011443308681820074,0,0.0,0.9,10
bayesfl_observability_v1,ola_sparse_bayesian_keep010_seed42,85,ola,global,,,layers.1.bias,raw,72,0.011522253386764289,0.011680142796652717,0.011601198091708502,0,0.0,0.9,10
bayesfl_observability_v1,ola_sparse_bayesian_keep010_seed42,85,ola,global,,,layers.1.bias,raw,73,0.011680142796652717,0.011838032206541147,0.011759087501596932,0,0.0,0.9,10
bayesfl_observability_v1,ola_sparse_bayesian_keep010_seed42,85,ola,global,,,layers.1.bias,raw,74,0.011838032206541147,0.011995921616429577,0.011916976911485362,0,0.0,0.9,10
bayesfl_observability_v1,ola_sparse_bayesian_keep010_seed42,85,ola,global,,,layers.1.bias,raw,75,0.011995921616429577,0.012153811026318006,0.012074866321373792,0,0.0,0.9,10
bayesfl_observability_v1,ola_sparse_bayesian_keep010_seed42,85,ola,global,,,layers.1.bias,raw,76,0.012153811026318006,0.012311700436206436,0.01223275573126222,0,0.0,0.9,10
bayesfl_observability_v1,ola_sparse_bayesian_keep010_seed42,85,ola,global,,,layers.1.bias,raw,77,0.012311700436206436,0.012469589846094864,0.012390645141150649,0,0.0,0.9,10
bayesfl_observability_v1,ola_sparse_bayesian_keep010_seed42,85,ola,global,,,layers.1.bias,raw,78,0.012469589846094864,0.012627479255983294,0.012548534551039079,0,0.0,0.9,10
bayesfl_observability_v1,ola_sparse_bayesian_keep010_seed42,85,ola,global,,,layers.1.bias,raw,79,0.012627479255983294,0.012785368665871724,0.012706423960927509,1,633.354701057299,1.0,10
bayesfl_observability_v1,ola_sparse_bayesian_keep010_seed42,85,ola,global,,,layers.1.bias,db,0,-76.23741830828357,-75.75777226556744,-75.9975952869255,1,0.20848707399673883,0.1,10
bayesfl_observability_v1,ola_sparse_bayesian_keep010_seed42,85,ola,global,,,layers.1.bias,db,1,-75.75777226556744,-75.27812622285131,-75.51794924420938,0,0.0,0.1,10
bayesfl_observability_v1,ola_sparse_bayesian_keep010_seed42,85,ola,global,,,layers.1.bias,db,2,-75.27812622285131,-74.79848018013519,-75.03830320149325,0,0.0,0.1,10
bayesfl_observability_v1,ola_sparse_bayesian_keep010_seed42,85,ola,global,,,layers.1.bias,db,3,-74.79848018013519,-74.31883413741907,-74.55865715877712,0,0.0,0.1,10
bayesfl_observability_v1,ola_sparse_bayesian_keep010_seed42,85,ola,global,,,layers.1.bias,db,4,-74.31883413741907,-73.83918809470295,-74.07901111606101,0,0.0,0.1,10
bayesfl_observability_v1,ola_sparse_bayesian_keep010_seed42,85,ola,global,,,layers.1.bias,db,5,-73.83918809470295,-73.35954205198682,-73.59936507334488,0,0.0,0.1,10
bayesfl_observability_v1,ola_sparse_bayesian_keep010_seed42,85,ola,global,,,layers.1.bias,db,6,-73.35954205198682,-72.8798960092707,-73.11971903062876,0,0.0,0.1,10
bayesfl_observability_v1,ola_sparse_bayesian_keep010_seed42,85,ola,global,,,layers.1.bias,db,7,-72.8798960092707,-72.40024996655457,-72.64007298791263,0,0.0,0.1,10
bayesfl_observability_v1,ola_sparse_bayesian_keep010_seed42,85,ola,global,,,layers.1.bias,db,8,-72.40024996655457,-71.92060392383844,-72.1604269451965,0,0.0,0.1,10
bayesfl_observability_v1,ola_sparse_bayesian_keep010_seed42,85,ola,global,,,layers.1.bias,db,9,-71.92060392383844,-71.44095788112232,-71.68078090248038,0,0.0,0.1,10
bayesfl_observability_v1,ola_sparse_bayesian_keep010_seed42,85,ola,global,,,layers.1.bias,db,10,-71.44095788112232,-70.9613118384062,-71.20113485976427,0,0.0,0.1,10
bayesfl_observability_v1,ola_sparse_bayesian_keep010_seed42,85,ola,global,,,layers.1.bias,db,11,-70.9613118384062,-70.48166579569008,-70.72148881704814,0,0.0,0.1,10
bayesfl_observability_v1,ola_sparse_bayesian_keep010_seed42,85,ola,global,,,layers.1.bias,db,12,-70.48166579569008,-70.00201975297395,-70.24184277433201,0,0.0,0.1,10
bayesfl_observability_v1,ola_sparse_bayesian_keep010_seed42,85,ola,global,,,layers.1.bias,db,13,-70.00201975297395,-69.52237371025782,-69.76219673161589,0,0.0,0.1,10
bayesfl_observability_v1,ola_sparse_bayesian_keep010_seed42,85,ola,global,,,layers.1.bias,db,14,-69.52237371025782,-69.0427276675417,-69.28255068889976,0,0.0,0.1,10
bayesfl_observability_v1,ola_sparse_bayesian_keep010_seed42,85,ola,global,,,layers.1.bias,db,15,-69.0427276675417,-68.56308162482557,-68.80290464618363,0,0.0,0.1,10
bayesfl_observability_v1,ola_sparse_bayesian_keep010_seed42,85,ola,global,,,layers.1.bias,db,16,-68.56308162482557,-68.08343558210944,-68.32325860346751,0,0.0,0.1,10
bayesfl_observability_v1,ola_sparse_bayesian_keep010_seed42,85,ola,global,,,layers.1.bias,db,17,-68.08343558210944,-67.60378953939332,-67.84361256075138,0,0.0,0.1,10
bayesfl_observability_v1,ola_sparse_bayesian_keep010_seed42,85,ola,global,,,layers.1.bias,db,18,-67.60378953939332,-67.1241434966772,-67.36396651803526,0,0.0,0.1,10
bayesfl_observability_v1,ola_sparse_bayesian_keep010_seed42,85,ola,global,,,layers.1.bias,db,19,-67.1241434966772,-66.64449745396108,-66.88432047531914,0,0.0,0.1,10
bayesfl_observability_v1,ola_sparse_bayesian_keep010_seed42,85,ola,global,,,layers.1.bias,db,20,-66.64449745396108,-66.16485141124495,-66.40467443260302,0,0.0,0.1,10
bayesfl_observability_v1,ola_sparse_bayesian_keep010_seed42,85,ola,global,,,layers.1.bias,db,21,-66.16485141124495,-65.68520536852883,-65.92502838988689,0,0.0,0.1,10
bayesfl_observability_v1,ola_sparse_bayesian_keep010_seed42,85,ola,global,,,layers.1.bias,db,22,-65.68520536852883,-65.2055593258127,-65.44538234717076,0,0.0,0.1,10
bayesfl_observability_v1,ola_sparse_bayesian_keep010_seed42,85,ola,global,,,layers.1.bias,db,23,-65.2055593258127,-64.72591328309657,-64.96573630445464,0,0.0,0.1,10
bayesfl_observability_v1,ola_sparse_bayesian_keep010_seed42,85,ola,global,,,layers.1.bias,db,24,-64.72591328309657,-64.24626724038045,-64.48609026173851,1,0.20848707399673883,0.2,10
bayesfl_observability_v1,ola_sparse_bayesian_keep010_seed42,85,ola,global,,,layers.1.bias,db,25,-64.24626724038045,-63.76662119766433,-64.00644421902238,0,0.0,0.2,10
bayesfl_observability_v1,ola_sparse_bayesian_keep010_seed42,85,ola,global,,,layers.1.bias,db,26,-63.76662119766433,-63.28697515494821,-63.52679817630627,1,0.2084870739967419,0.3,10
bayesfl_observability_v1,ola_sparse_bayesian_keep010_seed42,85,ola,global,,,layers.1.bias,db,27,-63.28697515494821,-62.80732911223208,-63.047152133590146,0,0.0,0.3,10
bayesfl_observability_v1,ola_sparse_bayesian_keep010_seed42,85,ola,global,,,layers.1.bias,db,28,-62.80732911223208,-62.327683069515956,-62.56750609087402,1,0.20848707399673883,0.4,10
bayesfl_observability_v1,ola_sparse_bayesian_keep010_seed42,85,ola,global,,,layers.1.bias,db,29,-62.327683069515956,-61.84803702679983,-62.08786004815789,0,0.0,0.4,10
bayesfl_observability_v1,ola_sparse_bayesian_keep010_seed42,85,ola,global,,,layers.1.bias,db,30,-61.84803702679983,-61.3683909840837,-61.608214005441766,0,0.0,0.4,10
bayesfl_observability_v1,ola_sparse_bayesian_keep010_seed42,85,ola,global,,,layers.1.bias,db,31,-61.3683909840837,-60.888744941367584,-61.12856796272564,1,0.2084870739967419,0.5,10
bayesfl_observability_v1,ola_sparse_bayesian_keep010_seed42,85,ola,global,,,layers.1.bias,db,32,-60.888744941367584,-60.40909889865146,-60.64892192000952,0,0.0,0.5,10
bayesfl_observability_v1,ola_sparse_bayesian_keep010_seed42,85,ola,global,,,layers.1.bias,db,33,-60.40909889865146,-59.92945285593534,-60.1692758772934,1,0.2084870739967419,0.6,10
bayesfl_observability_v1,ola_sparse_bayesian_keep010_seed42,85,ola,global,,,layers.1.bias,db,34,-59.92945285593534,-59.44980681321921,-59.689629834577275,0,0.0,0.6,10
bayesfl_observability_v1,ola_sparse_bayesian_keep010_seed42,85,ola,global,,,layers.1.bias,db,35,-59.44980681321921,-58.970160770503085,-59.20998379186115,0,0.0,0.6,10
bayesfl_observability_v1,ola_sparse_bayesian_keep010_seed42,85,ola,global,,,layers.1.bias,db,36,-58.970160770503085,-58.49051472778696,-58.73033774914502,0,0.0,0.6,10
bayesfl_observability_v1,ola_sparse_bayesian_keep010_seed42,85,ola,global,,,layers.1.bias,db,37,-58.49051472778696,-58.01086868507083,-58.250691706428896,0,0.0,0.6,10
bayesfl_observability_v1,ola_sparse_bayesian_keep010_seed42,85,ola,global,,,layers.1.bias,db,38,-58.01086868507083,-57.531222642354706,-57.77104566371277,0,0.0,0.6,10
bayesfl_observability_v1,ola_sparse_bayesian_keep010_seed42,85,ola,global,,,layers.1.bias,db,39,-57.531222642354706,-57.05157659963859,-57.29139962099664,0,0.0,0.6,10
bayesfl_observability_v1,ola_sparse_bayesian_keep010_seed42,85,ola,global,,,layers.1.bias,db,40,-57.05157659963859,-56.57193055692246,-56.81175357828052,0,0.0,0.6,10
bayesfl_observability_v1,ola_sparse_bayesian_keep010_seed42,85,ola,global,,,layers.1.bias,db,41,-56.57193055692246,-56.09228451420634,-56.332107535564404,0,0.0,0.6,10
bayesfl_observability_v1,ola_sparse_bayesian_keep010_seed42,85,ola,global,,,layers.1.bias,db,42,-56.09228451420634,-55.612638471490214,-55.85246149284828,0,0.0,0.6,10
bayesfl_observability_v1,ola_sparse_bayesian_keep010_seed42,85,ola,global,,,layers.1.bias,db,43,-55.612638471490214,-55.13299242877409,-55.37281545013215,0,0.0,0.6,10
bayesfl_observability_v1,ola_sparse_bayesian_keep010_seed42,85,ola,global,,,layers.1.bias,db,44,-55.13299242877409,-54.65334638605796,-54.893169407416025,0,0.0,0.6,10
bayesfl_observability_v1,ola_sparse_bayesian_keep010_seed42,85,ola,global,,,layers.1.bias,db,45,-54.65334638605796,-54.173700343341835,-54.4135233646999,0,0.0,0.6,10
bayesfl_observability_v1,ola_sparse_bayesian_keep010_seed42,85,ola,global,,,layers.1.bias,db,46,-54.173700343341835,-53.694054300625716,-53.93387732198377,0,0.0,0.6,10
bayesfl_observability_v1,ola_sparse_bayesian_keep010_seed42,85,ola,global,,,layers.1.bias,db,47,-53.694054300625716,-53.21440825790959,-53.45423127926765,0,0.0,0.6,10
bayesfl_observability_v1,ola_sparse_bayesian_keep010_seed42,85,ola,global,,,layers.1.bias,db,48,-53.21440825790959,-52.73476221519347,-52.97458523655153,0,0.0,0.6,10
bayesfl_observability_v1,ola_sparse_bayesian_keep010_seed42,85,ola,global,,,layers.1.bias,db,49,-52.73476221519347,-52.255116172477344,-52.49493919383541,0,0.0,0.6,10
bayesfl_observability_v1,ola_sparse_bayesian_keep010_seed42,85,ola,global,,,layers.1.bias,db,50,-52.255116172477344,-51.77547012976122,-52.01529315111928,0,0.0,0.6,10
bayesfl_observability_v1,ola_sparse_bayesian_keep010_seed42,85,ola,global,,,layers.1.bias,db,51,-51.77547012976122,-51.29582408704509,-51.535647108403154,0,0.0,0.6,10
bayesfl_observability_v1,ola_sparse_bayesian_keep010_seed42,85,ola,global,,,layers.1.bias,db,52,-51.29582408704509,-50.816178044328964,-51.05600106568703,0,0.0,0.6,10
bayesfl_observability_v1,ola_sparse_bayesian_keep010_seed42,85,ola,global,,,layers.1.bias,db,53,-50.816178044328964,-50.336532001612845,-50.5763550229709,0,0.0,0.6,10
bayesfl_observability_v1,ola_sparse_bayesian_keep010_seed42,85,ola,global,,,layers.1.bias,db,54,-50.336532001612845,-49.85688595889672,-50.09670898025478,0,0.0,0.6,10
bayesfl_observability_v1,ola_sparse_bayesian_keep010_seed42,85,ola,global,,,layers.1.bias,db,55,-49.85688595889672,-49.3772399161806,-49.61706293753866,0,0.0,0.6,10
bayesfl_observability_v1,ola_sparse_bayesian_keep010_seed42,85,ola,global,,,layers.1.bias,db,56,-49.3772399161806,-48.89759387346447,-49.137416894822536,0,0.0,0.6,10
bayesfl_observability_v1,ola_sparse_bayesian_keep010_seed42,85,ola,global,,,layers.1.bias,db,57,-48.89759387346447,-48.417947830748346,-48.65777085210641,0,0.0,0.6,10
bayesfl_observability_v1,ola_sparse_bayesian_keep010_seed42,85,ola,global,,,layers.1.bias,db,58,-48.417947830748346,-47.93830178803222,-48.17812480939028,0,0.0,0.6,10
bayesfl_observability_v1,ola_sparse_bayesian_keep010_seed42,85,ola,global,,,layers.1.bias,db,59,-47.93830178803222,-47.45865574531609,-47.69847876667416,0,0.0,0.6,10
bayesfl_observability_v1,ola_sparse_bayesian_keep010_seed42,85,ola,global,,,layers.1.bias,db,60,-47.45865574531609,-46.97900970259997,-47.21883272395803,1,0.20848707399673883,0.7,10
bayesfl_observability_v1,ola_sparse_bayesian_keep010_seed42,85,ola,global,,,layers.1.bias,db,61,-46.97900970259997,-46.49936365988385,-46.739186681241904,0,0.0,0.7,10
bayesfl_observability_v1,ola_sparse_bayesian_keep010_seed42,85,ola,global,,,layers.1.bias,db,62,-46.49936365988385,-46.01971761716772,-46.259540638525785,0,0.0,0.7,10
bayesfl_observability_v1,ola_sparse_bayesian_keep010_seed42,85,ola,global,,,layers.1.bias,db,63,-46.01971761716772,-45.5400715744516,-45.779894595809665,1,0.2084870739967419,0.8,10
bayesfl_observability_v1,ola_sparse_bayesian_keep010_seed42,85,ola,global,,,layers.1.bias,db,64,-45.5400715744516,-45.060425531735476,-45.30024855309354,0,0.0,0.8,10
bayesfl_observability_v1,ola_sparse_bayesian_keep010_seed42,85,ola,global,,,layers.1.bias,db,65,-45.060425531735476,-44.58077948901935,-44.82060251037741,0,0.0,0.8,10
bayesfl_observability_v1,ola_sparse_bayesian_keep010_seed42,85,ola,global,,,layers.1.bias,db,66,-44.58077948901935,-44.10113344630322,-44.340956467661286,0,0.0,0.8,10
bayesfl_observability_v1,ola_sparse_bayesian_keep010_seed42,85,ola,global,,,layers.1.bias,db,67,-44.10113344630322,-43.6214874035871,-43.86131042494516,1,0.2084870739967419,0.9,10
bayesfl_observability_v1,ola_sparse_bayesian_keep010_seed42,85,ola,global,,,layers.1.bias,db,68,-43.6214874035871,-43.14184136087098,-43.38166438222904,0,0.0,0.9,10
bayesfl_observability_v1,ola_sparse_bayesian_keep010_seed42,85,ola,global,,,layers.1.bias,db,69,-43.14184136087098,-42.66219531815485,-42.902018339512914,0,0.0,0.9,10
bayesfl_observability_v1,ola_sparse_bayesian_keep010_seed42,85,ola,global,,,layers.1.bias,db,70,-42.66219531815485,-42.182549275438724,-42.42237229679679,0,0.0,0.9,10
bayesfl_observability_v1,ola_sparse_bayesian_keep010_seed42,85,ola,global,,,layers.1.bias,db,71,-42.182549275438724,-41.702903232722605,-41.94272625408067,0,0.0,0.9,10
bayesfl_observability_v1,ola_sparse_bayesian_keep010_seed42,85,ola,global,,,layers.1.bias,db,72,-41.702903232722605,-41.22325719000648,-41.46308021136454,0,0.0,0.9,10
bayesfl_observability_v1,ola_sparse_bayesian_keep010_seed42,85,ola,global,,,layers.1.bias,db,73,-41.22325719000648,-40.74361114729035,-40.983434168648415,0,0.0,0.9,10
bayesfl_observability_v1,ola_sparse_bayesian_keep010_seed42,85,ola,global,,,layers.1.bias,db,74,-40.74361114729035,-40.26396510457423,-40.50378812593229,0,0.0,0.9,10
bayesfl_observability_v1,ola_sparse_bayesian_keep010_seed42,85,ola,global,,,layers.1.bias,db,75,-40.26396510457423,-39.784319061858106,-40.02414208321617,0,0.0,0.9,10
bayesfl_observability_v1,ola_sparse_bayesian_keep010_seed42,85,ola,global,,,layers.1.bias,db,76,-39.784319061858106,-39.30467301914198,-39.54449604050004,0,0.0,0.9,10
bayesfl_observability_v1,ola_sparse_bayesian_keep010_seed42,85,ola,global,,,layers.1.bias,db,77,-39.30467301914198,-38.82502697642585,-39.06484999778392,0,0.0,0.9,10
bayesfl_observability_v1,ola_sparse_bayesian_keep010_seed42,85,ola,global,,,layers.1.bias,db,78,-38.82502697642585,-38.345380933709734,-38.5852039550678,0,0.0,0.9,10
bayesfl_observability_v1,ola_sparse_bayesian_keep010_seed42,85,ola,global,,,layers.1.bias,db,79,-38.345380933709734,-37.86573489099361,-38.10555791235167,1,0.20848707399673883,1.0,10
bayesfl_observability_v1,ola_sparse_bayesian_keep010_seed42,90,ola,global,,,all,raw,0,1.944767754218181e-08,0.0011147742780697213,0.0005573968628736317,76956,678.3336296609543,0.7561756902820085,101770
bayesfl_observability_v1,ola_sparse_bayesian_keep010_seed42,90,ola,global,,,all,raw,1,0.0011147742780697213,0.0022295291084619005,0.0016721516932658108,20769,183.06969117974376,0.9602535128230323,101770
bayesfl_observability_v1,ola_sparse_bayesian_keep010_seed42,90,ola,global,,,all,raw,2,0.0022295291084619005,0.0033442839388540795,0.00278690652365799,2993,26.381991704028753,0.9896629655104647,101770
bayesfl_observability_v1,ola_sparse_bayesian_keep010_seed42,90,ola,global,,,all,raw,3,0.0033442839388540795,0.004459038769246259,0.0039016613540501692,320,2.820660656628532,0.9928073106023386,101770
bayesfl_observability_v1,ola_sparse_bayesian_keep010_seed42,90,ola,global,,,all,raw,4,0.004459038769246259,0.005573793599638438,0.005016416184442349,137,1.2075953436190905,0.9941534833447971,101770
bayesfl_observability_v1,ola_sparse_bayesian_keep010_seed42,90,ola,global,,,all,raw,5,0.005573793599638438,0.006688548430030617,0.006131171014834527,92,0.8109399387807038,0.9950574825587108,101770
bayesfl_observability_v1,ola_sparse_bayesian_keep010_seed42,90,ola,global,,,all,raw,6,0.006688548430030617,0.007803303260422796,0.007245925845226707,81,0.7139797287090972,0.9958533949100914,101770
bayesfl_observability_v1,ola_sparse_bayesian_keep010_seed42,90,ola,global,,,all,raw,7,0.007803303260422796,0.008918058090814977,0.008360680675618886,77,0.6787214705012401,0.9966100029478235,101770
bayesfl_observability_v1,ola_sparse_bayesian_keep010_seed42,90,ola,global,,,all,raw,8,0.008918058090814977,0.010032812921207156,0.009475435506011067,55,0.484801050358029,0.9971504372604894,101770
bayesfl_observability_v1,ola_sparse_bayesian_keep010_seed42,90,ola,global,,,all,raw,9,0.010032812921207156,0.011147567751599335,0.010590190336403245,33,0.2908806302148174,0.9974746978480888,101770
bayesfl_observability_v1,ola_sparse_bayesian_keep010_seed42,90,ola,global,,,all,raw,10,0.011147567751599335,0.012262322581991515,0.011704945166795426,29,0.25562237200696075,0.9977596541220399,101770
bayesfl_observability_v1,ola_sparse_bayesian_keep010_seed42,90,ola,global,,,all,raw,11,0.012262322581991515,0.013377077412383693,0.012819699997187604,25,0.22036411379910445,0.9980053060823425,101770
bayesfl_observability_v1,ola_sparse_bayesian_keep010_seed42,90,ola,global,,,all,raw,12,0.013377077412383693,0.014491832242775872,0.013934454827579781,28,0.2468078074549966,0.9982804362778815,101770
bayesfl_observability_v1,ola_sparse_bayesian_keep010_seed42,90,ola,global,,,all,raw,13,0.014491832242775872,0.015606587073168051,0.015049209657971963,19,0.1674767264873191,0.9984671317677115,101770
bayesfl_observability_v1,ola_sparse_bayesian_keep010_seed42,90,ola,global,,,all,raw,14,0.015606587073168051,0.01672134190356023,0.01616396448836414,16,0.14103303283142662,0.9986243490223052,101770
bayesfl_observability_v1,ola_sparse_bayesian_keep010_seed42,90,ola,global,,,all,raw,15,0.01672134190356023,0.01783609673395241,0.017278719318756318,17,0.149847597383391,0.998791392355311,101770
bayesfl_observability_v1,ola_sparse_bayesian_keep010_seed42,90,ola,global,,,all,raw,16,0.01783609673395241,0.018950851564344586,0.0183934741491485,18,0.1586621619353552,0.9989682617667289,101770
bayesfl_observability_v1,ola_sparse_bayesian_keep010_seed42,90,ola,global,,,all,raw,17,0.018950851564344586,0.020065606394736767,0.019508228979540677,8,0.0705165164157132,0.9990468703940257,101770
bayesfl_observability_v1,ola_sparse_bayesian_keep010_seed42,90,ola,global,,,all,raw,18,0.020065606394736767,0.021180361225128945,0.020622983809932854,13,0.11458933917553431,0.9991746094133831,101770
bayesfl_observability_v1,ola_sparse_bayesian_keep010_seed42,90,ola,global,,,all,raw,19,0.021180361225128945,0.022295116055521126,0.021737738640325036,6,0.052887387311784904,0.9992335658838557,101770
bayesfl_observability_v1,ola_sparse_bayesian_keep010_seed42,90,ola,global,,,all,raw,20,0.022295116055521126,0.023409870885913304,0.022852493470717217,3,0.026443693655892532,0.9992630441190921,101770
bayesfl_observability_v1,ola_sparse_bayesian_keep010_seed42,90,ola,global,,,all,raw,21,0.023409870885913304,0.024524625716305485,0.023967248301109394,11,0.09696021007160566,0.9993711309816252,101770
bayesfl_observability_v1,ola_sparse_bayesian_keep010_seed42,90,ola,global,,,all,raw,22,0.024524625716305485,0.025639380546697663,0.025082003131501572,2,0.017629129103928356,0.9993907831384494,101770
bayesfl_observability_v1,ola_sparse_bayesian_keep010_seed42,90,ola,global,,,all,raw,23,0.025639380546697663,0.02675413537708984,0.026196757961893753,5,0.04407282275982089,0.99943991353051,101770
bayesfl_observability_v1,ola_sparse_bayesian_keep010_seed42,90,ola,global,,,all,raw,24,0.02675413537708984,0.02786889020748202,0.02731151279228593,4,0.0352582582078566,0.9994792178441584,101770
bayesfl_observability_v1,ola_sparse_bayesian_keep010_seed42,90,ola,global,,,all,raw,25,0.02786889020748202,0.0289836450378742,0.02842626762267811,6,0.052887387311785064,0.999538174314631,101770
bayesfl_observability_v1,ola_sparse_bayesian_keep010_seed42,90,ola,global,,,all,raw,26,0.0289836450378742,0.03009839986826638,0.02954102245307029,6,0.052887387311784904,0.9995971307851037,101770
bayesfl_observability_v1,ola_sparse_bayesian_keep010_seed42,90,ola,global,,,all,raw,27,0.03009839986826638,0.031213154698658558,0.03065577728346247,4,0.03525825820785671,0.9996364350987521,101770
bayesfl_observability_v1,ola_sparse_bayesian_keep010_seed42,90,ola,global,,,all,raw,28,0.031213154698658558,0.03232790952905074,0.03177053211385465,2,0.017629129103928245,0.9996560872555763,101770
bayesfl_observability_v1,ola_sparse_bayesian_keep010_seed42,90,ola,global,,,all,raw,29,0.03232790952905074,0.033442664359442924,0.03288528694424683,4,0.0352582582078566,0.9996953915692247,101770
bayesfl_observability_v1,ola_sparse_bayesian_keep010_seed42,90,ola,global,,,all,raw,30,0.033442664359442924,0.0345574191898351,0.034000041774639014,1,0.008814564551964206,0.9997052176476369,101770
bayesfl_observability_v1,ola_sparse_bayesian_keep010_seed42,90,ola,global,,,all,raw,31,0.0345574191898351,0.03567217402022728,0.03511479660503119,2,0.0176291291039283,0.9997248698044611,101770
bayesfl_observability_v1,ola_sparse_bayesian_keep010_seed42,90,ola,global,,,all,raw,32,0.03567217402022728,0.03678692885061946,0.03622955143542337,2,0.0176291291039283,0.9997445219612853,101770
bayesfl_observability_v1,ola_sparse_bayesian_keep010_seed42,90,ola,global,,,all,raw,33,0.03678692885061946,0.037901683681011634,0.037344306265815544,1,0.008814564551964206,0.9997543480396973,101770
bayesfl_observability_v1,ola_sparse_bayesian_keep010_seed42,90,ola,global,,,all,raw,34,0.037901683681011634,0.039016438511403816,0.038459061096207725,4,0.0352582582078566,0.9997936523533458,101770
bayesfl_observability_v1,ola_sparse_bayesian_keep010_seed42,90,ola,global,,,all,raw,35,0.039016438511403816,0.040131193341796,0.039573815926599906,3,0.026443693655892452,0.9998231305885821,101770
bayesfl_observability_v1,ola_sparse_bayesian_keep010_seed42,90,ola,global,,,all,raw,36,0.040131193341796,0.04124594817218818,0.04068857075699209,0,0.0,0.9998231305885821,101770
bayesfl_observability_v1,ola_sparse_bayesian_keep010_seed42,90,ola,global,,,all,raw,37,0.04124594817218818,0.04236070300258035,0.04180332558738427,0,0.0,0.9998231305885821,101770
bayesfl_observability_v1,ola_sparse_bayesian_keep010_seed42,90,ola,global,,,all,raw,38,0.04236070300258035,0.04347545783297253,0.04291808041777644,2,0.0176291291039283,0.9998427827454063,101770
bayesfl_observability_v1,ola_sparse_bayesian_keep010_seed42,90,ola,global,,,all,raw,39,0.04347545783297253,0.044590212663364714,0.044032835248168624,1,0.00881456455196415,0.9998526088238184,101770
bayesfl_observability_v1,ola_sparse_bayesian_keep010_seed42,90,ola,global,,,all,raw,40,0.044590212663364714,0.04570496749375689,0.0451475900785608,0,0.0,0.9998526088238184,101770
bayesfl_observability_v1,ola_sparse_bayesian_keep010_seed42,90,ola,global,,,all,raw,41,0.04570496749375689,0.04681972232414907,0.04626234490895298,0,0.0,0.9998526088238184,101770
bayesfl_observability_v1,ola_sparse_bayesian_keep010_seed42,90,ola,global,,,all,raw,42,0.04681972232414907,0.04793447715454125,0.04737709973934516,2,0.0176291291039283,0.9998722609806426,101770
bayesfl_observability_v1,ola_sparse_bayesian_keep010_seed42,90,ola,global,,,all,raw,43,0.04793447715454125,0.04904923198493343,0.04849185456973734,1,0.00881456455196415,0.9998820870590547,101770
bayesfl_observability_v1,ola_sparse_bayesian_keep010_seed42,90,ola,global,,,all,raw,44,0.04904923198493343,0.050163986815325606,0.04960660940012952,0,0.0,0.9998820870590547,101770
bayesfl_observability_v1,ola_sparse_bayesian_keep010_seed42,90,ola,global,,,all,raw,45,0.050163986815325606,0.05127874164571779,0.0507213642305217,0,0.0,0.9998820870590547,101770
bayesfl_observability_v1,ola_sparse_bayesian_keep010_seed42,90,ola,global,,,all,raw,46,0.05127874164571779,0.05239349647610997,0.05183611906091388,1,0.00881456455196415,0.9998919131374668,101770
bayesfl_observability_v1,ola_sparse_bayesian_keep010_seed42,90,ola,global,,,all,raw,47,0.05239349647610997,0.05350825130650214,0.05295087389130605,2,0.01762912910392841,0.999911565294291,101770
bayesfl_observability_v1,ola_sparse_bayesian_keep010_seed42,90,ola,global,,,all,raw,48,0.05350825130650214,0.054623006136894324,0.05406562872169823,0,0.0,0.999911565294291,101770
bayesfl_observability_v1,ola_sparse_bayesian_keep010_seed42,90,ola,global,,,all,raw,49,0.054623006136894324,0.055737760967286505,0.055180383552090415,0,0.0,0.999911565294291,101770
bayesfl_observability_v1,ola_sparse_bayesian_keep010_seed42,90,ola,global,,,all,raw,50,0.055737760967286505,0.056852515797678686,0.056295138382482596,0,0.0,0.999911565294291,101770
bayesfl_observability_v1,ola_sparse_bayesian_keep010_seed42,90,ola,global,,,all,raw,51,0.056852515797678686,0.05796727062807086,0.05740989321287478,1,0.008814564551964206,0.9999213913727032,101770
bayesfl_observability_v1,ola_sparse_bayesian_keep010_seed42,90,ola,global,,,all,raw,52,0.05796727062807086,0.05908202545846304,0.05852464804326695,1,0.00881456455196415,0.9999312174511152,101770
bayesfl_observability_v1,ola_sparse_bayesian_keep010_seed42,90,ola,global,,,all,raw,53,0.05908202545846304,0.06019678028885522,0.05963940287365913,0,0.0,0.9999312174511152,101770
bayesfl_observability_v1,ola_sparse_bayesian_keep010_seed42,90,ola,global,,,all,raw,54,0.06019678028885522,0.061311535119247404,0.06075415770405131,0,0.0,0.9999312174511152,101770
bayesfl_observability_v1,ola_sparse_bayesian_keep010_seed42,90,ola,global,,,all,raw,55,0.061311535119247404,0.06242628994963958,0.06186891253444349,0,0.0,0.9999312174511152,101770
bayesfl_observability_v1,ola_sparse_bayesian_keep010_seed42,90,ola,global,,,all,raw,56,0.06242628994963958,0.06354104478003175,0.06298366736483567,0,0.0,0.9999312174511152,101770
bayesfl_observability_v1,ola_sparse_bayesian_keep010_seed42,90,ola,global,,,all,raw,57,0.06354104478003175,0.06465579961042393,0.06409842219522785,1,0.00881456455196415,0.9999410435295274,101770
bayesfl_observability_v1,ola_sparse_bayesian_keep010_seed42,90,ola,global,,,all,raw,58,0.06465579961042393,0.06577055444081611,0.06521317702562002,0,0.0,0.9999410435295274,101770
bayesfl_observability_v1,ola_sparse_bayesian_keep010_seed42,90,ola,global,,,all,raw,59,0.06577055444081611,0.0668853092712083,0.06632793185601221,4,0.0352582582078566,0.9999803478431758,101770
bayesfl_observability_v1,ola_sparse_bayesian_keep010_seed42,90,ola,global,,,all,raw,60,0.0668853092712083,0.06800006410160046,0.06744268668640438,1,0.00881456455196426,0.9999901739215878,101770
bayesfl_observability_v1,ola_sparse_bayesian_keep010_seed42,90,ola,global,,,all,raw,61,0.06800006410160046,0.06911481893199264,0.06855744151679655,0,0.0,0.9999901739215878,101770
bayesfl_observability_v1,ola_sparse_bayesian_keep010_seed42,90,ola,global,,,all,raw,62,0.06911481893199264,0.07022957376238483,0.06967219634718874,0,0.0,0.9999901739215878,101770
bayesfl_observability_v1,ola_sparse_bayesian_keep010_seed42,90,ola,global,,,all,raw,63,0.07022957376238483,0.071344328592777,0.07078695117758091,0,0.0,0.9999901739215878,101770
bayesfl_observability_v1,ola_sparse_bayesian_keep010_seed42,90,ola,global,,,all,raw,64,0.071344328592777,0.07245908342316919,0.0719017060079731,0,0.0,0.9999901739215878,101770
bayesfl_observability_v1,ola_sparse_bayesian_keep010_seed42,90,ola,global,,,all,raw,65,0.07245908342316919,0.07357383825356137,0.07301646083836527,0,0.0,0.9999901739215878,101770
bayesfl_observability_v1,ola_sparse_bayesian_keep010_seed42,90,ola,global,,,all,raw,66,0.07357383825356137,0.07468859308395355,0.07413121566875747,0,0.0,0.9999901739215878,101770
bayesfl_observability_v1,ola_sparse_bayesian_keep010_seed42,90,ola,global,,,all,raw,67,0.07468859308395355,0.07580334791434572,0.07524597049914963,0,0.0,0.9999901739215878,101770
bayesfl_observability_v1,ola_sparse_bayesian_keep010_seed42,90,ola,global,,,all,raw,68,0.07580334791434572,0.0769181027447379,0.0763607253295418,0,0.0,0.9999901739215878,101770
bayesfl_observability_v1,ola_sparse_bayesian_keep010_seed42,90,ola,global,,,all,raw,69,0.0769181027447379,0.07803285757513008,0.077475480159934,0,0.0,0.9999901739215878,101770
bayesfl_observability_v1,ola_sparse_bayesian_keep010_seed42,90,ola,global,,,all,raw,70,0.07803285757513008,0.07914761240552226,0.07859023499032616,0,0.0,0.9999901739215878,101770
bayesfl_observability_v1,ola_sparse_bayesian_keep010_seed42,90,ola,global,,,all,raw,71,0.07914761240552226,0.08026236723591444,0.07970498982071836,0,0.0,0.9999901739215878,101770
bayesfl_observability_v1,ola_sparse_bayesian_keep010_seed42,90,ola,global,,,all,raw,72,0.08026236723591444,0.08137712206630662,0.08081974465111053,0,0.0,0.9999901739215878,101770
bayesfl_observability_v1,ola_sparse_bayesian_keep010_seed42,90,ola,global,,,all,raw,73,0.08137712206630662,0.0824918768966988,0.08193449948150272,0,0.0,0.9999901739215878,101770
bayesfl_observability_v1,ola_sparse_bayesian_keep010_seed42,90,ola,global,,,all,raw,74,0.0824918768966988,0.08360663172709097,0.08304925431189489,0,0.0,0.9999901739215878,101770
bayesfl_observability_v1,ola_sparse_bayesian_keep010_seed42,90,ola,global,,,all,raw,75,0.08360663172709097,0.08472138655748315,0.08416400914228706,0,0.0,0.9999901739215878,101770
bayesfl_observability_v1,ola_sparse_bayesian_keep010_seed42,90,ola,global,,,all,raw,76,0.08472138655748315,0.08583614138787533,0.08527876397267925,0,0.0,0.9999901739215878,101770
bayesfl_observability_v1,ola_sparse_bayesian_keep010_seed42,90,ola,global,,,all,raw,77,0.08583614138787533,0.08695089621826751,0.08639351880307142,0,0.0,0.9999901739215878,101770
bayesfl_observability_v1,ola_sparse_bayesian_keep010_seed42,90,ola,global,,,all,raw,78,0.08695089621826751,0.0880656510486597,0.08750827363346361,0,0.0,0.9999901739215878,101770
bayesfl_observability_v1,ola_sparse_bayesian_keep010_seed42,90,ola,global,,,all,raw,79,0.0880656510486597,0.08918040587905188,0.08862302846385578,1,0.00881456455196415,1.0,101770
bayesfl_observability_v1,ola_sparse_bayesian_keep010_seed42,90,ola,global,,,all,db,0,-154.22219848384435,-152.55685364164884,-153.3895260627466,2,1.1800653129776423e-05,1.9652156824211458e-05,101770
bayesfl_observability_v1,ola_sparse_bayesian_keep010_seed42,90,ola,global,,,all,db,1,-152.55685364164884,-150.89150879945333,-151.7241812205511,0,0.0,1.9652156824211458e-05,101770
bayesfl_observability_v1,ola_sparse_bayesian_keep010_seed42,90,ola,global,,,all,db,2,-150.89150879945333,-149.22616395725785,-150.05883637835558,1,5.9003265648883125e-06,2.9478235236317185e-05,101770
bayesfl_observability_v1,ola_sparse_bayesian_keep010_seed42,90,ola,global,,,all,db,3,-149.22616395725785,-147.56081911506234,-148.3934915361601,1,5.900326564888212e-06,3.9304313648422916e-05,101770
bayesfl_observability_v1,ola_sparse_bayesian_keep010_seed42,90,ola,global,,,all,db,4,-147.56081911506234,-145.89547427286684,-146.7281466939646,0,0.0,3.9304313648422916e-05,101770
bayesfl_observability_v1,ola_sparse_bayesian_keep010_seed42,90,ola,global,,,all,db,5,-145.89547427286684,-144.23012943067135,-145.0628018517691,1,5.9003265648883125e-06,4.913039206052864e-05,101770
bayesfl_observability_v1,ola_sparse_bayesian_keep010_seed42,90,ola,global,,,all,db,6,-144.23012943067135,-142.56478458847585,-143.3974570095736,1,5.900326564888212e-06,5.895647047263437e-05,101770
bayesfl_observability_v1,ola_sparse_bayesian_keep010_seed42,90,ola,global,,,all,db,7,-142.56478458847585,-140.89943974628034,-141.7321121673781,0,0.0,5.895647047263437e-05,101770
bayesfl_observability_v1,ola_sparse_bayesian_keep010_seed42,90,ola,global,,,all,db,8,-140.89943974628034,-139.23409490408483,-140.06676732518258,2,1.1800653129776423e-05,7.860862729684583e-05,101770
bayesfl_observability_v1,ola_sparse_bayesian_keep010_seed42,90,ola,global,,,all,db,9,-139.23409490408483,-137.56875006188932,-138.40142248298707,1,5.900326564888212e-06,8.843470570895156e-05,101770
bayesfl_observability_v1,ola_sparse_bayesian_keep010_seed42,90,ola,global,,,all,db,10,-137.56875006188932,-135.90340521969384,-136.73607764079156,1,5.9003265648883125e-06,9.826078412105728e-05,101770
bayesfl_observability_v1,ola_sparse_bayesian_keep010_seed42,90,ola,global,,,all,db,11,-135.90340521969384,-134.23806037749833,-135.07073279859608,2,1.1800653129776423e-05,0.00011791294094526874,101770
bayesfl_observability_v1,ola_sparse_bayesian_keep010_seed42,90,ola,global,,,all,db,12,-134.23806037749833,-132.57271553530282,-133.40538795640057,0,0.0,0.00011791294094526874,101770
bayesfl_observability_v1,ola_sparse_bayesian_keep010_seed42,90,ola,global,,,all,db,13,-132.57271553530282,-130.90737069310734,-131.7400431142051,9,5.310293908399481e-05,0.0002063476466542203,101770
bayesfl_observability_v1,ola_sparse_bayesian_keep010_seed42,90,ola,global,,,all,db,14,-130.90737069310734,-129.24202585091183,-130.07469827200958,4,2.3601306259552847e-05,0.00024565196030264323,101770
bayesfl_observability_v1,ola_sparse_bayesian_keep010_seed42,90,ola,global,,,all,db,15,-129.24202585091183,-127.57668100871632,-128.40935342981408,3,1.7700979694664637e-05,0.0002751301955389604,101770
bayesfl_observability_v1,ola_sparse_bayesian_keep010_seed42,90,ola,global,,,all,db,16,-127.57668100871632,-125.91133616652081,-126.74400858761857,3,1.7700979694664637e-05,0.0003046084307752776,101770
bayesfl_observability_v1,ola_sparse_bayesian_keep010_seed42,90,ola,global,,,all,db,17,-125.91133616652081,-124.24599132432532,-125.07866374542306,17,0.00010030555160310045,0.00047165176378107497,101770
bayesfl_observability_v1,ola_sparse_bayesian_keep010_seed42,90,ola,global,,,all,db,18,-124.24599132432532,-122.58064648212982,-123.41331890322758,11,6.490359221377087e-05,0.000579738626314238,101770
bayesfl_observability_v1,ola_sparse_bayesian_keep010_seed42,90,ola,global,,,all,db,19,-122.58064648212982,-120.91530163993431,-121.74797406103207,12,7.080391877865855e-05,0.0006976515672595067,101770
bayesfl_observability_v1,ola_sparse_bayesian_keep010_seed42,90,ola,global,,,all,db,20,-120.91530163993431,-119.2499567977388,-120.08262921883656,13,7.670424534354675e-05,0.0008253905866168812,101770
bayesfl_observability_v1,ola_sparse_bayesian_keep010_seed42,90,ola,global,,,all,db,21,-119.2499567977388,-117.58461195554331,-118.41728437664105,13,7.67042453435474e-05,0.0009531296059742556,101770
bayesfl_observability_v1,ola_sparse_bayesian_keep010_seed42,90,ola,global,,,all,db,22,-117.58461195554331,-115.91926711334781,-116.75193953444557,23,0.00013570751099243,0.0011791294094526874,101770
bayesfl_observability_v1,ola_sparse_bayesian_keep010_seed42,90,ola,global,,,all,db,23,-115.91926711334781,-114.2539222711523,-115.08659469225006,37,0.00021831208290086385,0.0015426943107005994,101770
bayesfl_observability_v1,ola_sparse_bayesian_keep010_seed42,90,ola,global,,,all,db,24,-114.2539222711523,-112.5885774289568,-113.42124985005455,31,0.00018291012351153457,0.001847302741475877,101770
bayesfl_observability_v1,ola_sparse_bayesian_keep010_seed42,90,ola,global,,,all,db,25,-112.5885774289568,-110.9232325867613,-111.75590500785904,45,0.0002655146954199718,0.0022894762700206347,101770
bayesfl_observability_v1,ola_sparse_bayesian_keep010_seed42,90,ola,global,,,all,db,26,-110.9232325867613,-109.2578877445658,-110.09056016566356,47,0.0002773153485497483,0.002751301955389604,101770
bayesfl_observability_v1,ola_sparse_bayesian_keep010_seed42,90,ola,global,,,all,db,27,-109.2578877445658,-107.5925429023703,-108.42521532346805,52,0.000306816981374187,0.0032622580328191017,101770
bayesfl_observability_v1,ola_sparse_bayesian_keep010_seed42,90,ola,global,,,all,db,28,-107.5925429023703,-105.92719806017479,-106.75987048127254,59,0.0003481192673284045,0.00384199665913334,101770
bayesfl_observability_v1,ola_sparse_bayesian_keep010_seed42,90,ola,global,,,all,db,29,-105.92719806017479,-104.2618532179793,-105.09452563907703,83,0.0004897271048857257,0.004657561167338116,101770
bayesfl_observability_v1,ola_sparse_bayesian_keep010_seed42,90,ola,global,,,all,db,30,-104.2618532179793,-102.5965083757838,-103.42918079688155,80,0.0004720261251910609,0.0054436474403065736,101770
bayesfl_observability_v1,ola_sparse_bayesian_keep010_seed42,90,ola,global,,,all,db,31,-102.5965083757838,-100.93116353358829,-101.76383595468604,120,0.0007080391877865855,0.006622776849759261,101770
bayesfl_observability_v1,ola_sparse_bayesian_keep010_seed42,90,ola,global,,,all,db,32,-100.93116353358829,-99.26581869139278,-100.09849111249054,127,0.0007493414737408029,0.00787068880809669,101770
bayesfl_observability_v1,ola_sparse_bayesian_keep010_seed42,90,ola,global,,,all,db,33,-99.26581869139278,-97.60047384919729,-98.43314627029503,156,0.0009204509441225688,0.009403557040385183,101770
bayesfl_observability_v1,ola_sparse_bayesian_keep010_seed42,90,ola,global,,,all,db,34,-97.60047384919729,-95.93512900700179,-96.76780142809955,215,0.0012685702114509762,0.011516163898987915,101770
bayesfl_observability_v1,ola_sparse_bayesian_keep010_seed42,90,ola,global,,,all,db,35,-95.93512900700179,-94.26978416480628,-95.10245658590404,223,0.0013157728239700712,0.013707379384887492,101770
bayesfl_observability_v1,ola_sparse_bayesian_keep010_seed42,90,ola,global,,,all,db,36,-94.26978416480628,-92.60443932261077,-93.43711174370853,304,0.0017936992757260164,0.016694507222167632,101770
bayesfl_observability_v1,ola_sparse_bayesian_keep010_seed42,90,ola,global,,,all,db,37,-92.60443932261077,-90.93909448041528,-91.77176690151302,335,0.0019766093992375677,0.01998624349022305,101770
bayesfl_observability_v1,ola_sparse_bayesian_keep010_seed42,90,ola,global,,,all,db,38,-90.93909448041528,-89.27374963821978,-90.10642205931754,440,0.0025961436885508352,0.024309717991549573,101770
bayesfl_observability_v1,ola_sparse_bayesian_keep010_seed42,90,ola,global,,,all,db,39,-89.27374963821978,-87.60840479602427,-88.44107721712203,511,0.0030150668746578763,0.0293308440601356,101770
bayesfl_observability_v1,ola_sparse_bayesian_keep010_seed42,90,ola,global,,,all,db,40,-87.60840479602427,-85.94305995382877,-86.77573237492652,598,0.003528395285803151,0.035206838950574824,101770
bayesfl_observability_v1,ola_sparse_bayesian_keep010_seed42,90,ola,global,,,all,db,41,-85.94305995382877,-84.27771511163327,-85.11038753273101,698,0.004118427942292007,0.042065441682224626,101770
bayesfl_observability_v1,ola_sparse_bayesian_keep010_seed42,90,ola,global,,,all,db,42,-84.27771511163327,-82.61237026943778,-83.44504269053553,878,0.0051804867239718935,0.050692738528053456,101770
bayesfl_observability_v1,ola_sparse_bayesian_keep010_seed42,90,ola,global,,,all,db,43,-82.61237026943778,-80.94702542724227,-81.77969784834002,1095,0.006460857588552592,0.06145229438930923,101770
bayesfl_observability_v1,ola_sparse_bayesian_keep010_seed42,90,ola,global,,,all,db,44,-80.94702542724227,-79.28168058504676,-80.11435300614451,1367,0.008065746414202185,0.07488454357865776,101770
bayesfl_observability_v1,ola_sparse_bayesian_keep010_seed42,90,ola,global,,,all,db,45,-79.28168058504676,-77.61633574285126,-78.449008163949,1651,0.00974143915863052,0.09110739903704432,101770
bayesfl_observability_v1,ola_sparse_bayesian_keep010_seed42,90,ola,global,,,all,db,46,-77.61633574285126,-75.95099090065577,-76.78366332175352,1889,0.011145716881073926,0.10966886115751204,101770
bayesfl_observability_v1,ola_sparse_bayesian_keep010_seed42,90,ola,global,,,all,db,47,-75.95099090065577,-74.28564605846026,-75.11831847955801,2353,0.013883468407181963,0.13278962366119682,101770
bayesfl_observability_v1,ola_sparse_bayesian_keep010_seed42,90,ola,global,,,all,db,48,-74.28564605846026,-72.62030121626475,-73.4529736373625,2859,0.0168690336490154,0.1608823818414071,101770
bayesfl_observability_v1,ola_sparse_bayesian_keep010_seed42,90,ola,global,,,all,db,49,-72.62030121626475,-70.95495637406925,-71.787628795167,3508,0.02069834558962802,0.195352264911074,101770
bayesfl_observability_v1,ola_sparse_bayesian_keep010_seed42,90,ola,global,,,all,db,50,-70.95495637406925,-69.28961153187376,-70.12228395297151,4209,0.024834474511614694,0.236710228947627,101770
bayesfl_observability_v1,ola_sparse_bayesian_keep010_seed42,90,ola,global,,,all,db,51,-69.28961153187376,-67.62426668967825,-68.456939110776,5168,0.03049288768734228,0.2874914021813894,101770
bayesfl_observability_v1,ola_sparse_bayesian_keep010_seed42,90,ola,global,,,all,db,52,-67.62426668967825,-65.95892184748274,-66.7915942685805,6162,0.036357812292841164,0.3480396973567849,101770
bayesfl_observability_v1,ola_sparse_bayesian_keep010_seed42,90,ola,global,,,all,db,53,-65.95892184748274,-64.29357700528725,-65.12624942638499,7495,0.04422294760383752,0.4216861550555173,101770
bayesfl_observability_v1,ola_sparse_bayesian_keep010_seed42,90,ola,global,,,all,db,54,-64.29357700528725,-62.62823216309175,-63.4609045841895,8966,0.05290232798078815,0.5097867740984573,101770
bayesfl_observability_v1,ola_sparse_bayesian_keep010_seed42,90,ola,global,,,all,db,55,-62.62823216309175,-60.96288732089624,-61.795559741994,10684,0.06303908901926565,0.6147685958533949,101770
bayesfl_observability_v1,ola_sparse_bayesian_keep010_seed42,90,ola,global,,,all,db,56,-60.96288732089624,-59.297542478700734,-60.13021489979849,12679,0.07481024051621764,0.7393534440404834,101770
bayesfl_observability_v1,ola_sparse_bayesian_keep010_seed42,90,ola,global,,,all,db,57,-59.297542478700734,-57.63219763650524,-58.46487005760299,9059,0.05345105835132276,0.8283678883757493,101770
bayesfl_observability_v1,ola_sparse_bayesian_keep010_seed42,90,ola,global,,,all,db,58,-57.63219763650524,-55.966852794309744,-56.79952521540749,5950,0.03510694306108516,0.8868330549277783,101770
bayesfl_observability_v1,ola_sparse_bayesian_keep010_seed42,90,ola,global,,,all,db,59,-55.966852794309744,-54.301507952114235,-55.13418037321199,4785,0.028233062612990092,0.9338508401297042,101770
bayesfl_observability_v1,ola_sparse_bayesian_keep010_seed42,90,ola,global,,,all,db,60,-54.301507952114235,-52.636163109918726,-53.46883553101648,3355,0.01979559562519995,0.966817333202319,101770
bayesfl_observability_v1,ola_sparse_bayesian_keep010_seed42,90,ola,global,,,all,db,61,-52.636163109918726,-50.97081826772323,-51.80349068882098,1703,0.01004825614000471,0.983551144738135,101770
bayesfl_observability_v1,ola_sparse_bayesian_keep010_seed42,90,ola,global,,,all,db,62,-50.97081826772323,-49.30547342552774,-50.138145846625484,660,0.0038942155328262527,0.9900363564901248,101770
bayesfl_observability_v1,ola_sparse_bayesian_keep010_seed42,90,ola,global,,,all,db,63,-49.30547342552774,-47.64012858333223,-48.47280100442998,229,0.0013511747833594005,0.992286528446497,101770
bayesfl_observability_v1,ola_sparse_bayesian_keep010_seed42,90,ola,global,,,all,db,64,-47.64012858333223,-45.97478374113672,-46.80745616223447,125,0.0007375408206110265,0.9935147882480102,101770
bayesfl_observability_v1,ola_sparse_bayesian_keep010_seed42,90,ola,global,,,all,db,65,-45.97478374113672,-44.309438898941224,-45.14211132003897,112,0.0006608365752674853,0.994615309030166,101770
bayesfl_observability_v1,ola_sparse_bayesian_keep010_seed42,90,ola,global,,,all,db,66,-44.309438898941224,-42.64409405674573,-43.476766477843476,91,0.0005369297174048318,0.9955094821656677,101770
bayesfl_observability_v1,ola_sparse_bayesian_keep010_seed42,90,ola,global,,,all,db,67,-42.64409405674573,-40.97874921455022,-41.811421635647974,113,0.0006667369018323679,0.9966198290262356,101770
bayesfl_observability_v1,ola_sparse_bayesian_keep010_seed42,90,ola,global,,,all,db,68,-40.97874921455022,-39.31340437235471,-40.146076793452465,80,0.00047202612519105697,0.9974059152992041,101770
bayesfl_observability_v1,ola_sparse_bayesian_keep010_seed42,90,ola,global,,,all,db,69,-39.31340437235471,-37.648059530159216,-38.48073195125696,59,0.00034811926732840744,0.9979856539255183,101770
bayesfl_observability_v1,ola_sparse_bayesian_keep010_seed42,90,ola,global,,,all,db,70,-37.648059530159216,-35.98271468796372,-36.81538710906147,53,0.00031271730793907784,0.9985064360813599,101770
bayesfl_observability_v1,ola_sparse_bayesian_keep010_seed42,90,ola,global,,,all,db,71,-35.98271468796372,-34.31736984576821,-35.15004226686597,50,0.0002950163282444106,0.9989977400019652,101770
bayesfl_observability_v1,ola_sparse_bayesian_keep010_seed42,90,ola,global,,,all,db,72,-34.31736984576821,-32.6520250035727,-33.48469742467046,26,0.0001534084906870935,0.99925321804068,101770
bayesfl_observability_v1,ola_sparse_bayesian_keep010_seed42,90,ola,global,,,all,db,73,-32.6520250035727,-30.98668016137721,-31.819352582474956,24,0.0001416078375573183,0.9994890439225705,101770
bayesfl_observability_v1,ola_sparse_bayesian_keep010_seed42,90,ola,global,,,all,db,74,-30.98668016137721,-29.321335319181713,-30.15400774027946,21,0.0001239068578626535,0.9996953915692247,101770
bayesfl_observability_v1,ola_sparse_bayesian_keep010_seed42,90,ola,global,,,all,db,75,-29.321335319181713,-27.655990476986204,-28.48866289808396,13,7.670424534354675e-05,0.9998231305885821,101770
bayesfl_observability_v1,ola_sparse_bayesian_keep010_seed42,90,ola,global,,,all,db,76,-27.655990476986204,-25.990645634790695,-26.82331805588845,6,3.5401959389329274e-05,0.9998820870590547,101770
bayesfl_observability_v1,ola_sparse_bayesian_keep010_seed42,90,ola,global,,,all,db,77,-25.990645634790695,-24.325300792595215,-25.157973213692955,5,2.9501632824441562e-05,0.9999312174511152,101770
bayesfl_observability_v1,ola_sparse_bayesian_keep010_seed42,90,ola,global,,,all,db,78,-24.325300792595215,-22.659955950399706,-23.49262837149746,6,3.5401959389329274e-05,0.9999901739215878,101770
bayesfl_observability_v1,ola_sparse_bayesian_keep010_seed42,90,ola,global,,,all,db,79,-22.659955950399706,-20.994611108204182,-21.827283529301944,1,5.900326564888161e-06,1.0,101770
bayesfl_observability_v1,ola_sparse_bayesian_keep010_seed42,90,ola,global,,,layers.0.weight,raw,0,1.944767754218181e-08,6.493145470689294e-05,3.247545119221756e-05,4514,692.9636996199689,0.04498166454081633,100352
bayesfl_observability_v1,ola_sparse_bayesian_keep010_seed42,90,ola,global,,,layers.0.weight,raw,1,6.493145470689294e-05,0.00012984346173624368,9.738745822156831e-05,4592,704.9378176018826,0.0907405931122449,100352
bayesfl_observability_v1,ola_sparse_bayesian_keep010_seed42,90,ola,global,,,layers.0.weight,raw,2,0.00012984346173624368,0.00019475546876559442,0.00016229946525091903,4491,689.4328699586356,0.1354930644132653,100352
bayesfl_observability_v1,ola_sparse_bayesian_keep010_seed42,90,ola,global,,,layers.0.weight,raw,3,0.00019475546876559442,0.0002596674757949452,0.0002272114722802698,4524,694.498842950983,0.1805743781887755,100352
bayesfl_observability_v1,ola_sparse_bayesian_keep010_seed42,90,ola,global,,,layers.0.weight,raw,4,0.0002596674757949452,0.000324579482824296,0.00029212347930962057,4618,708.9291902625201,0.22659239477040816,100352
bayesfl_observability_v1,ola_sparse_bayesian_keep010_seed42,90,ola,global,,,layers.0.weight,raw,5,0.000324579482824296,0.0003894914898536467,0.00035703548633897133,4518,693.5777569523752,0.27161391900510207,100352
bayesfl_observability_v1,ola_sparse_bayesian_keep010_seed42,90,ola,global,,,layers.0.weight,raw,6,0.0003894914898536467,0.00045440349688299745,0.0004219474933683221,4603,706.6264752659982,0.31748246173469385,100352
bayesfl_observability_v1,ola_sparse_bayesian_keep010_seed42,90,ola,global,,,layers.0.weight,raw,7,0.00045440349688299745,0.0005193155039123482,0.0004868595003976728,4592,704.9378176018829,0.36324139030612246,100352
bayesfl_observability_v1,ola_sparse_bayesian_keep010_seed42,90,ola,global,,,layers.0.weight,raw,8,0.0005193155039123482,0.0005842275109416989,0.0005517715074270235,4564,700.6394162750422,0.40872130102040816,100352
bayesfl_observability_v1,ola_sparse_bayesian_keep010_seed42,90,ola,global,,,layers.0.weight,raw,9,0.0005842275109416989,0.0006491395179710497,0.0006166835144563742,4576,702.4815882722584,0.45432079081632654,100352
bayesfl_observability_v1,ola_sparse_bayesian_keep010_seed42,90,ola,global,,,layers.0.weight,raw,10,0.0006491395179710497,0.0007140515250004004,0.000681595521485725,4401,675.616579979505,0.49817641900510207,100352
bayesfl_observability_v1,ola_sparse_bayesian_keep010_seed42,90,ola,global,,,layers.0.weight,raw,11,0.0007140515250004004,0.0007789635320297511,0.0007465075285150758,4465,685.4414972979981,0.5426698022959183,100352
bayesfl_observability_v1,ola_sparse_bayesian_keep010_seed42,90,ola,global,,,layers.0.weight,raw,12,0.0007789635320297511,0.0008438755390591019,0.0008114195355444266,4396,674.8490083139965,0.5864756058673469,100352
bayesfl_observability_v1,ola_sparse_bayesian_keep010_seed42,90,ola,global,,,layers.0.weight,raw,13,0.0008438755390591019,0.0009087875460884527,0.0008763315425737773,4370,670.8576356533598,0.6300223214285714,100352
bayesfl_observability_v1,ola_sparse_bayesian_keep010_seed42,90,ola,global,,,layers.0.weight,raw,14,0.0009087875460884527,0.0009736995531178035,0.000941243549603128,4624,709.8502762611282,0.6761001275510204,100352
bayesfl_observability_v1,ola_sparse_bayesian_keep010_seed42,90,ola,global,,,layers.0.weight,raw,15,0.0009736995531178035,0.0010386115601471542,0.0010061555566324787,4312,661.9538043334754,0.7190688775510204,100352
bayesfl_observability_v1,ola_sparse_bayesian_keep010_seed42,90,ola,global,,,layers.0.weight,raw,16,0.0010386115601471542,0.001103523567176505,0.0010710675636618297,3965,608.6843307472705,0.7585797991071429,100352
bayesfl_observability_v1,ola_sparse_bayesian_keep010_seed42,90,ola,global,,,layers.0.weight,raw,17,0.001103523567176505,0.0011684355742058556,0.0011359795706911801,3039,466.53005829532276,0.7888632015306123,100352
bayesfl_observability_v1,ola_sparse_bayesian_keep010_seed42,90,ola,global,,,layers.0.weight,raw,18,0.0011684355742058556,0.0012333475812352065,0.001200891577720531,2493,382.71123242192687,0.8137057557397959,100352
bayesfl_observability_v1,ola_sparse_bayesian_keep010_seed42,90,ola,global,,,layers.0.weight,raw,19,0.0012333475812352065,0.0012982595882645573,0.001265803584749882,1981,304.11189387398304,0.8334462691326531,100352
bayesfl_observability_v1,ola_sparse_bayesian_keep010_seed42,90,ola,global,,,layers.0.weight,raw,20,0.0012982595882645573,0.001363171595293908,0.0013307155917792325,1602,245.92996162853146,0.8494100765306123,100352
bayesfl_observability_v1,ola_sparse_bayesian_keep010_seed42,90,ola,global,,,layers.0.weight,raw,21,0.001363171595293908,0.0014280836023232587,0.0013956275988085834,1453,223.0563259964146,0.8638891103316326,100352
bayesfl_observability_v1,ola_sparse_bayesian_keep010_seed42,90,ola,global,,,layers.0.weight,raw,22,0.0014280836023232587,0.0014929956093526094,0.001460539605837934,1309,200.95026202980503,0.8769331951530612,100352
bayesfl_observability_v1,ola_sparse_bayesian_keep010_seed42,90,ola,global,,,layers.0.weight,raw,23,0.0014929956093526094,0.00155790761638196,0.0015254516128672849,1284,197.11240370226867,0.8897281568877551,100352
bayesfl_observability_v1,ola_sparse_bayesian_keep010_seed42,90,ola,global,,,layers.0.weight,raw,24,0.00155790761638196,0.001622819623411311,0.0015903636198966356,1174,180.22582706110796,0.9014269770408163,100352
bayesfl_observability_v1,ola_sparse_bayesian_keep010_seed42,90,ola,global,,,layers.0.weight,raw,25,0.001622819623411311,0.0016877316304406617,0.0016552756269259863,1038,159.34787775931065,0.9117705676020408,100352
bayesfl_observability_v1,ola_sparse_bayesian_keep010_seed42,90,ola,global,,,layers.0.weight,raw,26,0.0016877316304406617,0.0017526436374700124,0.0017201876339553372,940,144.303473115368,0.9211375956632653,100352
bayesfl_observability_v1,ola_sparse_bayesian_keep010_seed42,90,ola,global,,,layers.0.weight,raw,27,0.0017526436374700124,0.0018175556444993632,0.0017850996409846877,888,136.32072779409233,0.9299864477040817,100352
bayesfl_observability_v1,ola_sparse_bayesian_keep010_seed42,90,ola,global,,,layers.0.weight,raw,28,0.0018175556444993632,0.0018824676515287139,0.0018500116480140386,793,121.73686614945409,0.9378886320153061,100352
bayesfl_observability_v1,ola_sparse_bayesian_keep010_seed42,90,ola,global,,,layers.0.weight,raw,29,0.0018824676515287139,0.0019473796585580648,0.0019149236550433893,745,114.36817816058384,0.9453125,100352
bayesfl_observability_v1,ola_sparse_bayesian_keep010_seed42,90,ola,global,,,layers.0.weight,raw,30,0.0019473796585580648,0.0020122916655874153,0.00197983566207274,656,100.70540251455503,0.9518494897959183,100352
bayesfl_observability_v1,ola_sparse_bayesian_keep010_seed42,90,ola,global,,,layers.0.weight,raw,31,0.0020122916655874153,0.0020772036726167662,0.002044747669102091,639,98.09565885182963,0.9582170758928571,100352
bayesfl_observability_v1,ola_sparse_bayesian_keep010_seed42,90,ola,global,,,layers.0.weight,raw,32,0.0020772036726167662,0.002142115679646117,0.0021096596761314415,529,81.20908221066959,0.9634885204081632,100352
bayesfl_observability_v1,ola_sparse_bayesian_keep010_seed42,90,ola,global,,,layers.0.weight,raw,33,0.002142115679646117,0.0022070276866754676,0.0021745716831607924,459,70.46307889356824,0.9680624202806123,100352
bayesfl_observability_v1,ola_sparse_bayesian_keep010_seed42,90,ola,global,,,layers.0.weight,raw,34,0.0022070276866754676,0.0022719396937048186,0.0022394836901901433,412,63.24790523779939,0.97216796875,100352
bayesfl_observability_v1,ola_sparse_bayesian_keep010_seed42,90,ola,global,,,layers.0.weight,raw,35,0.0022719396937048186,0.002336851700734169,0.002304395697219494,396,60.791675908176515,0.9761140784438775,100352
bayesfl_observability_v1,ola_sparse_bayesian_keep010_seed42,90,ola,global,,,layers.0.weight,raw,36,0.002336851700734169,0.00240176370776352,0.0023693077042488443,326,50.04567259107427,0.979362643494898,100352
bayesfl_observability_v1,ola_sparse_bayesian_keep010_seed42,90,ola,global,,,layers.0.weight,raw,37,0.00240176370776352,0.002466675714792871,0.0024342197112781957,298,45.74727126423353,0.9823321906887755,100352
bayesfl_observability_v1,ola_sparse_bayesian_keep010_seed42,90,ola,global,,,layers.0.weight,raw,38,0.002466675714792871,0.0025315877218222214,0.002499131718307546,234,35.92235394574067,0.9846639827806123,100352
bayesfl_observability_v1,ola_sparse_bayesian_keep010_seed42,90,ola,global,,,layers.0.weight,raw,39,0.0025315877218222214,0.0025964997288515724,0.0025640437253368967,221,33.926667615421515,0.9868662308673469,100352
bayesfl_observability_v1,ola_sparse_bayesian_keep010_seed42,90,ola,global,,,layers.0.weight,raw,40,0.0025964997288515724,0.002661411735880923,0.0026289557323662476,185,28.400151623769332,0.9887097417091837,100352
bayesfl_observability_v1,ola_sparse_bayesian_keep010_seed42,90,ola,global,,,layers.0.weight,raw,41,0.002661411735880923,0.0027263237429102738,0.0026938677393955985,163,25.022836295537136,0.9903340242346939,100352
bayesfl_observability_v1,ola_sparse_bayesian_keep010_seed42,90,ola,global,,,layers.0.weight,raw,42,0.0027263237429102738,0.0027912357499396247,0.002758779746424949,135,20.7244349686964,0.9916792889030612,100352
bayesfl_observability_v1,ola_sparse_bayesian_keep010_seed42,90,ola,global,,,layers.0.weight,raw,43,0.0027912357499396247,0.002856147756968975,0.0028236917534543,131,20.110377636290714,0.9929846938775511,100352
bayesfl_observability_v1,ola_sparse_bayesian_keep010_seed42,90,ola,global,,,layers.0.weight,raw,44,0.002856147756968975,0.002921059763998326,0.002888603760483651,100,15.351433310145481,0.9939811862244898,100352
bayesfl_observability_v1,ola_sparse_bayesian_keep010_seed42,90,ola,global,,,layers.0.weight,raw,45,0.002921059763998326,0.0029859717710276766,0.0029535157675130014,97,14.890890310841217,0.9949477838010204,100352
bayesfl_observability_v1,ola_sparse_bayesian_keep010_seed42,90,ola,global,,,layers.0.weight,raw,46,0.0029859717710276766,0.0030508837780570276,0.003018427774542352,79,12.12763231501493,0.995735012755102,100352
bayesfl_observability_v1,ola_sparse_bayesian_keep010_seed42,90,ola,global,,,layers.0.weight,raw,47,0.0030508837780570276,0.003115795785086378,0.003083339781571703,67,10.285460317797542,0.9964026626275511,100352
bayesfl_observability_v1,ola_sparse_bayesian_keep010_seed42,90,ola,global,,,layers.0.weight,raw,48,0.003115795785086378,0.003180707792115729,0.0031482517886010537,52,7.982745321275651,0.9969208386479592,100352
bayesfl_observability_v1,ola_sparse_bayesian_keep010_seed42,90,ola,global,,,layers.0.weight,raw,49,0.003180707792115729,0.00324561979914508,0.0032131637956304042,45,6.908144989565467,0.9973692602040817,100352
bayesfl_observability_v1,ola_sparse_bayesian_keep010_seed42,90,ola,global,,,layers.0.weight,raw,50,0.00324561979914508,0.0033105318061744304,0.003278075802659755,45,6.908144989565513,0.9978176817602041,100352
bayesfl_observability_v1,ola_sparse_bayesian_keep010_seed42,90,ola,global,,,layers.0.weight,raw,51,0.0033105318061744304,0.0033754438132037813,0.003342987809689106,28,4.298401326840735,0.9980966996173469,100352
bayesfl_observability_v1,ola_sparse_bayesian_keep010_seed42,90,ola,global,,,layers.0.weight,raw,52,0.0033754438132037813,0.003440355820233132,0.0034078998167184566,29,4.45191565994222,0.9983856823979592,100352
bayesfl_observability_v1,ola_sparse_bayesian_keep010_seed42,90,ola,global,,,layers.0.weight,raw,53,0.003440355820233132,0.0035052678272624828,0.003472811823747807,24,3.6843439944349154,0.9986248405612245,100352
bayesfl_observability_v1,ola_sparse_bayesian_keep010_seed42,90,ola,global,,,layers.0.weight,raw,54,0.0035052678272624828,0.0035701798342918337,0.0035377238307771584,15,2.3027149965218223,0.9987743144132653,100352
bayesfl_observability_v1,ola_sparse_bayesian_keep010_seed42,90,ola,global,,,layers.0.weight,raw,55,0.0035701798342918337,0.003635091841321184,0.003602635837806509,25,3.837858327536396,0.9990234375,100352
bayesfl_observability_v1,ola_sparse_bayesian_keep010_seed42,90,ola,global,,,layers.0.weight,raw,56,0.003635091841321184,0.003700003848350535,0.0036675478448358594,13,1.9956863303189127,0.999152981505102,100352
bayesfl_observability_v1,ola_sparse_bayesian_keep010_seed42,90,ola,global,,,layers.0.weight,raw,57,0.003700003848350535,0.0037649158553798856,0.0037324598518652104,14,2.1492006634203817,0.9992924904336735,100352
bayesfl_observability_v1,ola_sparse_bayesian_keep010_seed42,90,ola,global,,,layers.0.weight,raw,58,0.0037649158553798856,0.0038298278624092365,0.0037973718588945613,15,2.3027149965218223,0.9994419642857143,100352
bayesfl_observability_v1,ola_sparse_bayesian_keep010_seed42,90,ola,global,,,layers.0.weight,raw,59,0.0038298278624092365,0.0038947398694385875,0.0038622838659239118,11,1.688657664116003,0.9995515784438775,100352
bayesfl_observability_v1,ola_sparse_bayesian_keep010_seed42,90,ola,global,,,layers.0.weight,raw,60,0.0038947398694385875,0.003959651876467938,0.003927195872953263,3,0.46054299930436754,0.9995814732142857,100352
bayesfl_observability_v1,ola_sparse_bayesian_keep010_seed42,90,ola,global,,,layers.0.weight,raw,61,0.003959651876467938,0.0040245638834972884,0.003992107879982613,4,0.6140573324058234,0.9996213329081632,100352
bayesfl_observability_v1,ola_sparse_bayesian_keep010_seed42,90,ola,global,,,layers.0.weight,raw,62,0.0040245638834972884,0.00408947589052664,0.004057019887011964,7,1.0746003317101764,0.9996910873724489,100352
bayesfl_observability_v1,ola_sparse_bayesian_keep010_seed42,90,ola,global,,,layers.0.weight,raw,63,0.00408947589052664,0.00415438789755599,0.0041219318940413155,6,0.9210859986087351,0.9997508769132653,100352
bayesfl_observability_v1,ola_sparse_bayesian_keep010_seed42,90,ola,global,,,layers.0.weight,raw,64,0.00415438789755599,0.004219299904585341,0.004186843901070665,3,0.46054299930436754,0.9997807716836735,100352
bayesfl_observability_v1,ola_sparse_bayesian_keep010_seed42,90,ola,global,,,layers.0.weight,raw,65,0.004219299904585341,0.004284211911614692,0.0042517559081000165,9,1.381628997913084,0.999870455994898,100352
bayesfl_observability_v1,ola_sparse_bayesian_keep010_seed42,90,ola,global,,,layers.0.weight,raw,66,0.004284211911614692,0.004349123918644043,0.004316667915129368,2,0.3070286662029117,0.9998903858418368,100352
bayesfl_observability_v1,ola_sparse_bayesian_keep010_seed42,90,ola,global,,,layers.0.weight,raw,67,0.004349123918644043,0.004414035925673393,0.0043815799221587175,1,0.15351433310145585,0.9999003507653061,100352
bayesfl_observability_v1,ola_sparse_bayesian_keep010_seed42,90,ola,global,,,layers.0.weight,raw,68,0.004414035925673393,0.004478947932702744,0.004446491929188069,2,0.3070286662029117,0.9999202806122449,100352
bayesfl_observability_v1,ola_sparse_bayesian_keep010_seed42,90,ola,global,,,layers.0.weight,raw,69,0.004478947932702744,0.004543859939732095,0.004511403936217419,3,0.4605429993043614,0.9999501753826531,100352
bayesfl_observability_v1,ola_sparse_bayesian_keep010_seed42,90,ola,global,,,layers.0.weight,raw,70,0.004543859939732095,0.0046087719467614455,0.00457631594324677,1,0.15351433310145585,0.9999601403061225,100352
bayesfl_observability_v1,ola_sparse_bayesian_keep010_seed42,90,ola,global,,,layers.0.weight,raw,71,0.0046087719467614455,0.004673683953790796,0.004641227950276121,1,0.15351433310145585,0.9999701052295918,100352
bayesfl_observability_v1,ola_sparse_bayesian_keep010_seed42,90,ola,global,,,layers.0.weight,raw,72,0.004673683953790796,0.004738595960820147,0.004706139957305472,0,0.0,0.9999701052295918,100352
bayesfl_observability_v1,ola_sparse_bayesian_keep010_seed42,90,ola,global,,,layers.0.weight,raw,73,0.004738595960820147,0.004803507967849498,0.004771051964334822,1,0.15351433310145585,0.9999800701530612,100352
bayesfl_observability_v1,ola_sparse_bayesian_keep010_seed42,90,ola,global,,,layers.0.weight,raw,74,0.004803507967849498,0.004868419974878848,0.0048359639713641735,1,0.15351433310145585,0.9999900350765306,100352
bayesfl_observability_v1,ola_sparse_bayesian_keep010_seed42,90,ola,global,,,layers.0.weight,raw,75,0.004868419974878848,0.0049333319819082,0.004900875978393524,0,0.0,0.9999900350765306,100352
bayesfl_observability_v1,ola_sparse_bayesian_keep010_seed42,90,ola,global,,,layers.0.weight,raw,76,0.0049333319819082,0.00499824398893755,0.0049657879854228745,0,0.0,0.9999900350765306,100352
bayesfl_observability_v1,ola_sparse_bayesian_keep010_seed42,90,ola,global,,,layers.0.weight,raw,77,0.00499824398893755,0.005063155995966901,0.005030699992452226,0,0.0,0.9999900350765306,100352
bayesfl_observability_v1,ola_sparse_bayesian_keep010_seed42,90,ola,global,,,layers.0.weight,raw,78,0.005063155995966901,0.005128068002996251,0.0050956119994815755,0,0.0,0.9999900350765306,100352
bayesfl_observability_v1,ola_sparse_bayesian_keep010_seed42,90,ola,global,,,layers.0.weight,raw,79,0.005128068002996251,0.0051929800100256026,0.005160524006510927,1,0.1535143331014538,1.0,100352
bayesfl_observability_v1,ola_sparse_bayesian_keep010_seed42,90,ola,global,,,layers.0.weight,db,0,-154.22219848384435,-152.86556684007155,-153.54388266195795,2,1.4690684114775983e-05,1.992984693877551e-05,100352
bayesfl_observability_v1,ola_sparse_bayesian_keep010_seed42,90,ola,global,,,layers.0.weight,db,1,-152.86556684007155,-151.50893519629878,-152.18725101818518,0,0.0,1.992984693877551e-05,100352
bayesfl_observability_v1,ola_sparse_bayesian_keep010_seed42,90,ola,global,,,layers.0.weight,db,2,-151.50893519629878,-150.15230355252598,-150.83061937441238,1,7.345342057387991e-06,2.9894770408163265e-05,100352
bayesfl_observability_v1,ola_sparse_bayesian_keep010_seed42,90,ola,global,,,layers.0.weight,db,3,-150.15230355252598,-148.7956719087532,-149.47398773063958,0,0.0,2.9894770408163265e-05,100352
bayesfl_observability_v1,ola_sparse_bayesian_keep010_seed42,90,ola,global,,,layers.0.weight,db,4,-148.7956719087532,-147.4390402649804,-148.1173560868668,1,7.345342057387991e-06,3.985969387755102e-05,100352
bayesfl_observability_v1,ola_sparse_bayesian_keep010_seed42,90,ola,global,,,layers.0.weight,db,5,-147.4390402649804,-146.08240862120763,-146.76072444309403,0,0.0,3.985969387755102e-05,100352
bayesfl_observability_v1,ola_sparse_bayesian_keep010_seed42,90,ola,global,,,layers.0.weight,db,6,-146.08240862120763,-144.72577697743483,-145.40409279932123,1,7.345342057387991e-06,4.982461734693878e-05,100352
bayesfl_observability_v1,ola_sparse_bayesian_keep010_seed42,90,ola,global,,,layers.0.weight,db,7,-144.72577697743483,-143.36914533366206,-144.04746115554843,1,7.3453420573881454e-06,5.978954081632653e-05,100352
bayesfl_observability_v1,ola_sparse_bayesian_keep010_seed42,90,ola,global,,,layers.0.weight,db,8,-143.36914533366206,-142.01251368988926,-142.69082951177566,0,0.0,5.978954081632653e-05,100352
bayesfl_observability_v1,ola_sparse_bayesian_keep010_seed42,90,ola,global,,,layers.0.weight,db,9,-142.01251368988926,-140.6558820461165,-141.3341978680029,0,0.0,5.978954081632653e-05,100352
bayesfl_observability_v1,ola_sparse_bayesian_keep010_seed42,90,ola,global,,,layers.0.weight,db,10,-140.6558820461165,-139.2992504023437,-139.9775662242301,2,1.4690684114775983e-05,7.971938775510203e-05,100352
bayesfl_observability_v1,ola_sparse_bayesian_keep010_seed42,90,ola,global,,,layers.0.weight,db,11,-139.2992504023437,-137.94261875857092,-138.6209345804573,1,7.3453420573881454e-06,8.96843112244898e-05,100352
bayesfl_observability_v1,ola_sparse_bayesian_keep010_seed42,90,ola,global,,,layers.0.weight,db,12,-137.94261875857092,-136.58598711479812,-137.26430293668452,1,7.345342057387991e-06,9.964923469387755e-05,100352
bayesfl_observability_v1,ola_sparse_bayesian_keep010_seed42,90,ola,global,,,layers.0.weight,db,13,-136.58598711479812,-135.22935547102534,-135.90767129291174,0,0.0,9.964923469387755e-05,100352
bayesfl_observability_v1,ola_sparse_bayesian_keep010_seed42,90,ola,global,,,layers.0.weight,db,14,-135.22935547102534,-133.87272382725254,-134.55103964913894,2,1.4690684114775983e-05,0.00011957908163265306,100352
bayesfl_observability_v1,ola_sparse_bayesian_keep010_seed42,90,ola,global,,,layers.0.weight,db,15,-133.87272382725254,-132.51609218347977,-133.19440800536614,0,0.0,0.00011957908163265306,100352
bayesfl_observability_v1,ola_sparse_bayesian_keep010_seed42,90,ola,global,,,layers.0.weight,db,16,-132.51609218347977,-131.15946053970697,-131.83777636159337,8,5.876273645910393e-05,0.0001992984693877551,100352
bayesfl_observability_v1,ola_sparse_bayesian_keep010_seed42,90,ola,global,,,layers.0.weight,db,17,-131.15946053970697,-129.8028288959342,-130.4811447178206,5,3.672671028694073e-05,0.0002491230867346939,100352
bayesfl_observability_v1,ola_sparse_bayesian_keep010_seed42,90,ola,global,,,layers.0.weight,db,18,-129.8028288959342,-128.4461972521614,-129.1245130740478,1,7.345342057387991e-06,0.00025908801020408165,100352
bayesfl_observability_v1,ola_sparse_bayesian_keep010_seed42,90,ola,global,,,layers.0.weight,db,19,-128.4461972521614,-127.08956560838863,-127.76788143027501,2,1.4690684114776291e-05,0.00027901785714285713,100352
bayesfl_observability_v1,ola_sparse_bayesian_keep010_seed42,90,ola,global,,,layers.0.weight,db,20,-127.08956560838863,-125.73293396461582,-126.41124978650222,5,3.6726710286939955e-05,0.0003288424744897959,100352
bayesfl_observability_v1,ola_sparse_bayesian_keep010_seed42,90,ola,global,,,layers.0.weight,db,21,-125.73293396461582,-124.37630232084304,-125.05461814272942,15,0.00011018013086082102,0.00047831632653061223,100352
bayesfl_observability_v1,ola_sparse_bayesian_keep010_seed42,90,ola,global,,,layers.0.weight,db,22,-124.37630232084304,-123.01967067707025,-123.69798649895665,8,5.876273645910455e-05,0.0005580357142857143,100352
bayesfl_observability_v1,ola_sparse_bayesian_keep010_seed42,90,ola,global,,,layers.0.weight,db,23,-123.01967067707025,-121.66303903329747,-122.34135485518385,8,5.876273645910455e-05,0.0006377551020408163,100352
bayesfl_observability_v1,ola_sparse_bayesian_keep010_seed42,90,ola,global,,,layers.0.weight,db,24,-121.66303903329747,-120.30640738952468,-120.98472321141108,9,6.610807851649261e-05,0.0007274394132653062,100352
bayesfl_observability_v1,ola_sparse_bayesian_keep010_seed42,90,ola,global,,,layers.0.weight,db,25,-120.30640738952468,-118.9497757457519,-119.62809156763828,12,8.814410468865682e-05,0.0008470184948979591,100352
bayesfl_observability_v1,ola_sparse_bayesian_keep010_seed42,90,ola,global,,,layers.0.weight,db,26,-118.9497757457519,-117.5931441019791,-118.2714599238655,12,8.814410468865682e-05,0.0009665975765306122,100352
bayesfl_observability_v1,ola_sparse_bayesian_keep010_seed42,90,ola,global,,,layers.0.weight,db,27,-117.5931441019791,-116.23651245820632,-116.9148282800927,23,0.00016894286731992557,0.0011957908163265306,100352
bayesfl_observability_v1,ola_sparse_bayesian_keep010_seed42,90,ola,global,,,layers.0.weight,db,28,-116.23651245820632,-114.87988081443353,-115.55819663631993,18,0.00013221615703298522,0.0013751594387755102,100352
bayesfl_observability_v1,ola_sparse_bayesian_keep010_seed42,90,ola,global,,,layers.0.weight,db,29,-114.87988081443353,-113.52324917066075,-114.20156499254713,31,0.0002277056037790301,0.0016840720663265306,100352
bayesfl_observability_v1,ola_sparse_bayesian_keep010_seed42,90,ola,global,,,layers.0.weight,db,30,-113.52324917066075,-112.16661752688796,-112.84493334877436,33,0.00024239628789380624,0.0020129145408163264,100352
bayesfl_observability_v1,ola_sparse_bayesian_keep010_seed42,90,ola,global,,,layers.0.weight,db,31,-112.16661752688796,-110.80998588311517,-111.48830170500156,32,0.0002350509458364182,0.002331792091836735,100352
bayesfl_observability_v1,ola_sparse_bayesian_keep010_seed42,90,ola,global,,,layers.0.weight,db,32,-110.80998588311517,-109.45335423934239,-110.13167006122879,40,0.00029381368229552273,0.002730389030612245,100352
bayesfl_observability_v1,ola_sparse_bayesian_keep010_seed42,90,ola,global,,,layers.0.weight,db,33,-109.45335423934239,-108.0967225955696,-108.77503841745599,27,0.00019832423554947784,0.0029994419642857145,100352
bayesfl_observability_v1,ola_sparse_bayesian_keep010_seed42,90,ola,global,,,layers.0.weight,db,34,-108.0967225955696,-106.74009095179682,-107.41840677368322,60,0.0004407205234432841,0.0035973373724489796,100352
bayesfl_observability_v1,ola_sparse_bayesian_keep010_seed42,90,ola,global,,,layers.0.weight,db,35,-106.74009095179682,-105.38345930802403,-106.06177512991042,52,0.0003819577869841795,0.004115513392857143,100352
bayesfl_observability_v1,ola_sparse_bayesian_keep010_seed42,90,ola,global,,,layers.0.weight,db,36,-105.38345930802403,-104.02682766425124,-104.70514348613764,72,0.0005288646281319409,0.004832987882653061,100352
bayesfl_observability_v1,ola_sparse_bayesian_keep010_seed42,90,ola,global,,,layers.0.weight,db,37,-104.02682766425124,-102.67019602047846,-103.34851184236484,61,0.00044806586550067215,0.005440848214285714,100352
bayesfl_observability_v1,ola_sparse_bayesian_keep010_seed42,90,ola,global,,,layers.0.weight,db,38,-102.67019602047846,-101.31356437670567,-101.99188019859207,96,0.0007051528375092546,0.006397480867346939,100352
bayesfl_observability_v1,ola_sparse_bayesian_keep010_seed42,90,ola,global,,,layers.0.weight,db,39,-101.31356437670567,-99.95693273293288,-100.63524855481927,103,0.000756570231910971,0.0074238679846938774,100352
bayesfl_observability_v1,ola_sparse_bayesian_keep010_seed42,90,ola,global,,,layers.0.weight,db,40,-99.95693273293288,-98.6003010891601,-99.2786169110465,104,0.000763915573968359,0.008460220025510204,100352
bayesfl_observability_v1,ola_sparse_bayesian_keep010_seed42,90,ola,global,,,layers.0.weight,db,41,-98.6003010891601,-97.2436694453873,-97.9219852672737,155,0.0011385280188951387,0.010004783163265306,100352
bayesfl_observability_v1,ola_sparse_bayesian_keep010_seed42,90,ola,global,,,layers.0.weight,db,42,-97.2436694453873,-95.88703780161453,-96.56535362350091,174,0.0012780895179855373,0.011738679846938776,100352
bayesfl_observability_v1,ola_sparse_bayesian_keep010_seed42,90,ola,global,,,layers.0.weight,db,43,-95.88703780161453,-94.53040615784172,-95.20872197972813,184,0.0013515429385593904,0.013572225765306123,100352
bayesfl_observability_v1,ola_sparse_bayesian_keep010_seed42,90,ola,global,,,layers.0.weight,db,44,-94.53040615784172,-93.17377451406895,-93.85209033595534,214,0.0015719032002810631,0.0157047193877551,100352
bayesfl_observability_v1,ola_sparse_bayesian_keep010_seed42,90,ola,global,,,layers.0.weight,db,45,-93.17377451406895,-91.81714287029615,-92.49545869218255,262,0.0019244796190356537,0.018315529336734693,100352
bayesfl_observability_v1,ola_sparse_bayesian_keep010_seed42,90,ola,global,,,layers.0.weight,db,46,-91.81714287029615,-90.46051122652338,-91.13882704840977,291,0.0021374945386999503,0.02121532206632653,100352
bayesfl_observability_v1,ola_sparse_bayesian_keep010_seed42,90,ola,global,,,layers.0.weight,db,47,-90.46051122652338,-89.10387958275058,-89.78219540463698,381,0.0027985753238648245,0.025011957908163265,100352
bayesfl_observability_v1,ola_sparse_bayesian_keep010_seed42,90,ola,global,,,layers.0.weight,db,48,-89.10387958275058,-87.7472479389778,-88.42556376086418,423,0.003107079690275153,0.029227120535714284,100352
bayesfl_observability_v1,ola_sparse_bayesian_keep010_seed42,90,ola,global,,,layers.0.weight,db,49,-87.7472479389778,-86.390616295205,-87.0689321170914,458,0.0033641666622837353,0.033791055484693876,100352
bayesfl_observability_v1,ola_sparse_bayesian_keep010_seed42,90,ola,global,,,layers.0.weight,db,50,-86.390616295205,-85.03398465143222,-85.7123004733186,534,0.003922412658645229,0.03911232461734694,100352
bayesfl_observability_v1,ola_sparse_bayesian_keep010_seed42,90,ola,global,,,layers.0.weight,db,51,-85.03398465143222,-83.67735300765943,-84.35566882954583,623,0.004576148101752766,0.04532047193877551,100352
bayesfl_observability_v1,ola_sparse_bayesian_keep010_seed42,90,ola,global,,,layers.0.weight,db,52,-83.67735300765943,-82.32072136388665,-82.99903718577303,753,0.0055310425692132155,0.05282405931122449,100352
bayesfl_observability_v1,ola_sparse_bayesian_keep010_seed42,90,ola,global,,,layers.0.weight,db,53,-82.32072136388665,-80.96408972011386,-81.64240554200026,912,0.0066989519563379184,0.061912069515306124,100352
bayesfl_observability_v1,ola_sparse_bayesian_keep010_seed42,90,ola,global,,,layers.0.weight,db,54,-80.96408972011386,-79.60745807634108,-80.28577389822746,1066,0.007830134633175681,0.07253467793367346,100352
bayesfl_observability_v1,ola_sparse_bayesian_keep010_seed42,90,ola,global,,,layers.0.weight,db,55,-79.60745807634108,-78.25082643256829,-78.92914225445469,1290,0.009475491254030608,0.08538942920918367,100352
bayesfl_observability_v1,ola_sparse_bayesian_keep010_seed42,90,ola,global,,,layers.0.weight,db,56,-78.25082643256829,-76.8941947887955,-77.57251061068189,1434,0.01053322051029449,0.09967912946428571,100352
bayesfl_observability_v1,ola_sparse_bayesian_keep010_seed42,90,ola,global,,,layers.0.weight,db,57,-76.8941947887955,-75.53756314502272,-76.21587896690912,1642,0.012061051658231207,0.1160415338010204,100352
bayesfl_observability_v1,ola_sparse_bayesian_keep010_seed42,90,ola,global,,,layers.0.weight,db,58,-75.53756314502272,-74.18093150124993,-74.85924732313632,1999,0.014683338772718749,0.13596141581632654,100352
bayesfl_observability_v1,ola_sparse_bayesian_keep010_seed42,90,ola,global,,,layers.0.weight,db,59,-74.18093150124993,-72.82429985747714,-73.50261567936354,2275,0.016710653180557856,0.1586316167091837,100352
bayesfl_observability_v1,ola_sparse_bayesian_keep010_seed42,90,ola,global,,,layers.0.weight,db,60,-72.82429985747714,-71.46766821370436,-72.14598403559074,2728,0.02003809313255465,0.18581592793367346,100352
bayesfl_observability_v1,ola_sparse_bayesian_keep010_seed42,90,ola,global,,,layers.0.weight,db,61,-71.46766821370436,-70.11103656993157,-70.78935239181797,3165,0.023248007611633235,0.21735491071428573,100352
bayesfl_observability_v1,ola_sparse_bayesian_keep010_seed42,90,ola,global,,,layers.0.weight,db,62,-70.11103656993157,-68.75440492615878,-69.43272074804517,3647,0.026788462483294286,0.25369698660714285,100352
bayesfl_observability_v1,ola_sparse_bayesian_keep010_seed42,90,ola,global,,,layers.0.weight,db,63,-68.75440492615878,-67.397773282386,-68.0760891042724,4450,0.0326867721553769,0.2980408960459184,100352
bayesfl_observability_v1,ola_sparse_bayesian_keep010_seed42,90,ola,global,,,layers.0.weight,db,64,-67.397773282386,-66.04114163861321,-66.7194574604996,5066,0.03721150286272795,0.34852319834183676,100352
bayesfl_observability_v1,ola_sparse_bayesian_keep010_seed42,90,ola,global,,,layers.0.weight,db,65,-66.04114163861321,-64.68450999484043,-65.36282581672683,5955,0.04374151195174594,0.40786431760204084,100352
bayesfl_observability_v1,ola_sparse_bayesian_keep010_seed42,90,ola,global,,,layers.0.weight,db,66,-64.68450999484043,-63.32787835106764,-64.00619417295403,6850,0.05031559309310827,0.4761240433673469,100352
bayesfl_observability_v1,ola_sparse_bayesian_keep010_seed42,90,ola,global,,,layers.0.weight,db,67,-63.32787835106764,-61.97124670729485,-62.649562529181246,7847,0.05763889912432417,0.5543187978316326,100352
bayesfl_observability_v1,ola_sparse_bayesian_keep010_seed42,90,ola,global,,,layers.0.weight,db,68,-61.97124670729485,-60.614615063522066,-61.29293088540846,9233,0.06781954321586403,0.6463249362244898,100352
bayesfl_observability_v1,ola_sparse_bayesian_keep010_seed42,90,ola,global,,,layers.0.weight,db,69,-60.614615063522066,-59.25798341974928,-59.93629924163567,10433,0.07663395368472971,0.7502889827806123,100352
bayesfl_observability_v1,ola_sparse_bayesian_keep010_seed42,90,ola,global,,,layers.0.weight,db,70,-59.25798341974928,-57.901351775976494,-58.57966759786289,7612,0.055912743740837975,0.8261419802295918,100352
bayesfl_observability_v1,ola_sparse_bayesian_keep010_seed42,90,ola,global,,,layers.0.weight,db,71,-57.901351775976494,-56.54472013220371,-57.2230359540901,5003,0.03674874631311251,0.8759964923469388,100352
bayesfl_observability_v1,ola_sparse_bayesian_keep010_seed42,90,ola,global,,,layers.0.weight,db,72,-56.54472013220371,-55.18808848843092,-55.866404310317314,4359,0.032018346028154586,0.91943359375,100352
bayesfl_observability_v1,ola_sparse_bayesian_keep010_seed42,90,ola,global,,,layers.0.weight,db,73,-55.18808848843092,-53.831456844658135,-54.50977266654453,3480,0.025561790359710478,0.9541115274234694,100352
bayesfl_observability_v1,ola_sparse_bayesian_keep010_seed42,90,ola,global,,,layers.0.weight,db,74,-53.831456844658135,-52.47482520088535,-53.15314102277174,2412,0.01771696504242002,0.9781469228316326,100352
bayesfl_observability_v1,ola_sparse_bayesian_keep010_seed42,90,ola,global,,,layers.0.weight,db,75,-52.47482520088535,-51.11819355711256,-51.796509378998955,1336,0.009813376988670458,0.9914600605867347,100352
bayesfl_observability_v1,ola_sparse_bayesian_keep010_seed42,90,ola,global,,,layers.0.weight,db,76,-51.11819355711256,-49.761561913339776,-50.43987773522617,594,0.004363133182088513,0.9973792251275511,100352
bayesfl_observability_v1,ola_sparse_bayesian_keep010_seed42,90,ola,global,,,layers.0.weight,db,77,-49.761561913339776,-48.40493026956699,-49.08324609145338,201,0.0014764137535350017,0.999382174744898,100352
bayesfl_observability_v1,ola_sparse_bayesian_keep010_seed42,90,ola,global,,,layers.0.weight,db,78,-48.40493026956699,-47.0482986257942,-47.726614447680596,53,0.0003893031290415676,0.9999103156887755,100352
bayesfl_observability_v1,ola_sparse_bayesian_keep010_seed42,90,ola,global,,,layers.0.weight,db,79,-47.0482986257942,-45.69166698202142,-46.36998280390781,9,6.610807851649261e-05,1.0,100352
bayesfl_observability_v1,ola_sparse_bayesian_keep010_seed42,90,ola,global,,,layers.0.bias,raw,0,8.020214628369947e-06,5.568139385927889e-05,3.185080424382442e-05,6,983.5048304805877,0.046875,128
bayesfl_observability_v1,ola_sparse_bayesian_keep010_seed42,90,ola,global,,,layers.0.bias,raw,1,5.568139385927889e-05,0.00010334257309018783,7.951198347473336e-05,6,983.5048304805877,0.09375,128
bayesfl_observability_v1,ola_sparse_bayesian_keep010_seed42,90,ola,global,,,layers.0.bias,raw,2,0.00010334257309018783,0.00015100375232109678,0.00012717316270564232,4,655.6698869870582,0.125,128
bayesfl_observability_v1,ola_sparse_bayesian_keep010_seed42,90,ola,global,,,layers.0.bias,raw,3,0.00015100375232109678,0.0001986649315520057,0.00017483434193655124,5,819.5873587338233,0.1640625,128
bayesfl_observability_v1,ola_sparse_bayesian_keep010_seed42,90,ola,global,,,layers.0.bias,raw,4,0.0001986649315520057,0.00024632611078291463,0.00022249552116746017,8,1311.3397739741172,0.2265625,128
bayesfl_observability_v1,ola_sparse_bayesian_keep010_seed42,90,ola,global,,,layers.0.bias,raw,5,0.00024632611078291463,0.0002939872900138236,0.0002701567003983691,4,655.6698869870578,0.2578125,128
bayesfl_observability_v1,ola_sparse_bayesian_keep010_seed42,90,ola,global,,,layers.0.bias,raw,6,0.0002939872900138236,0.00034164846924473254,0.0003178178796292781,4,655.6698869870586,0.2890625,128
bayesfl_observability_v1,ola_sparse_bayesian_keep010_seed42,90,ola,global,,,layers.0.bias,raw,7,0.00034164846924473254,0.00038930964847564147,0.000365479058860187,4,655.6698869870586,0.3203125,128
bayesfl_observability_v1,ola_sparse_bayesian_keep010_seed42,90,ola,global,,,layers.0.bias,raw,8,0.00038930964847564147,0.0004369708277065504,0.00041314023809109593,1,163.91747174676465,0.328125,128
bayesfl_observability_v1,ola_sparse_bayesian_keep010_seed42,90,ola,global,,,layers.0.bias,raw,9,0.0004369708277065504,0.0004846320069374593,0.00046080141732200486,2,327.8349434935293,0.34375,128
bayesfl_observability_v1,ola_sparse_bayesian_keep010_seed42,90,ola,global,,,layers.0.bias,raw,10,0.0004846320069374593,0.0005322931861683682,0.0005084625965529137,1,163.91747174676465,0.3515625,128
bayesfl_observability_v1,ola_sparse_bayesian_keep010_seed42,90,ola,global,,,layers.0.bias,raw,11,0.0005322931861683682,0.0005799543653992773,0.0005561237757838228,1,163.91747174676428,0.359375,128
bayesfl_observability_v1,ola_sparse_bayesian_keep010_seed42,90,ola,global,,,layers.0.bias,raw,12,0.0005799543653992773,0.0006276155446301862,0.0006037849550147318,5,819.5873587338233,0.3984375,128
bayesfl_observability_v1,ola_sparse_bayesian_keep010_seed42,90,ola,global,,,layers.0.bias,raw,13,0.0006276155446301862,0.0006752767238610951,0.0006514461342456406,4,655.6698869870586,0.4296875,128
bayesfl_observability_v1,ola_sparse_bayesian_keep010_seed42,90,ola,global,,,layers.0.bias,raw,14,0.0006752767238610951,0.0007229379030920041,0.0006991073134765496,3,491.75241524029394,0.453125,128
bayesfl_observability_v1,ola_sparse_bayesian_keep010_seed42,90,ola,global,,,layers.0.bias,raw,15,0.0007229379030920041,0.000770599082322913,0.0007467684927074585,3,491.75241524029394,0.4765625,128
bayesfl_observability_v1,ola_sparse_bayesian_keep010_seed42,90,ola,global,,,layers.0.bias,raw,16,0.000770599082322913,0.0008182602615538219,0.0007944296719383675,5,819.5873587338233,0.515625,128
bayesfl_observability_v1,ola_sparse_bayesian_keep010_seed42,90,ola,global,,,layers.0.bias,raw,17,0.0008182602615538219,0.0008659214407847308,0.0008420908511692763,2,327.8349434935293,0.53125,128
bayesfl_observability_v1,ola_sparse_bayesian_keep010_seed42,90,ola,global,,,layers.0.bias,raw,18,0.0008659214407847308,0.0009135826200156398,0.0008897520304001854,6,983.5048304805879,0.578125,128
bayesfl_observability_v1,ola_sparse_bayesian_keep010_seed42,90,ola,global,,,layers.0.bias,raw,19,0.0009135826200156398,0.0009612437992465487,0.0009374132096310942,1,163.91747174676465,0.5859375,128
bayesfl_observability_v1,ola_sparse_bayesian_keep010_seed42,90,ola,global,,,layers.0.bias,raw,20,0.0009612437992465487,0.0010089049784774576,0.0009850743888620032,4,655.6698869870586,0.6171875,128
bayesfl_observability_v1,ola_sparse_bayesian_keep010_seed42,90,ola,global,,,layers.0.bias,raw,21,0.0010089049784774576,0.0010565661577083664,0.001032735568092912,6,983.5048304805902,0.6640625,128
bayesfl_observability_v1,ola_sparse_bayesian_keep010_seed42,90,ola,global,,,layers.0.bias,raw,22,0.0010565661577083664,0.0011042273369392755,0.0010803967473238208,2,327.83494349352856,0.6796875,128
bayesfl_observability_v1,ola_sparse_bayesian_keep010_seed42,90,ola,global,,,layers.0.bias,raw,23,0.0011042273369392755,0.0011518885161701845,0.00112805792655473,1,163.91747174676428,0.6875,128
bayesfl_observability_v1,ola_sparse_bayesian_keep010_seed42,90,ola,global,,,layers.0.bias,raw,24,0.0011518885161701845,0.0011995496954010933,0.001175719105785639,1,163.91747174676502,0.6953125,128
bayesfl_observability_v1,ola_sparse_bayesian_keep010_seed42,90,ola,global,,,layers.0.bias,raw,25,0.0011995496954010933,0.0012472108746320024,0.0012233802850165477,3,491.7524152402928,0.71875,128
bayesfl_observability_v1,ola_sparse_bayesian_keep010_seed42,90,ola,global,,,layers.0.bias,raw,26,0.0012472108746320024,0.0012948720538629112,0.0012710414642474568,1,163.91747174676502,0.7265625,128
bayesfl_observability_v1,ola_sparse_bayesian_keep010_seed42,90,ola,global,,,layers.0.bias,raw,27,0.0012948720538629112,0.0013425332330938202,0.0013187026434783658,1,163.91747174676428,0.734375,128
bayesfl_observability_v1,ola_sparse_bayesian_keep010_seed42,90,ola,global,,,layers.0.bias,raw,28,0.0013425332330938202,0.001390194412324729,0.0013663638227092746,4,655.6698869870601,0.765625,128
bayesfl_observability_v1,ola_sparse_bayesian_keep010_seed42,90,ola,global,,,layers.0.bias,raw,29,0.001390194412324729,0.001437855591555638,0.0014140250019401834,2,327.83494349352856,0.78125,128
bayesfl_observability_v1,ola_sparse_bayesian_keep010_seed42,90,ola,global,,,layers.0.bias,raw,30,0.001437855591555638,0.0014855167707865469,0.0014616861811710925,2,327.83494349353003,0.796875,128
bayesfl_observability_v1,ola_sparse_bayesian_keep010_seed42,90,ola,global,,,layers.0.bias,raw,31,0.0014855167707865469,0.001533177950017456,0.0015093473604020015,4,655.6698869870571,0.828125,128
bayesfl_observability_v1,ola_sparse_bayesian_keep010_seed42,90,ola,global,,,layers.0.bias,raw,32,0.001533177950017456,0.001580839129248365,0.0015570085396329103,1,163.91747174676428,0.8359375,128
bayesfl_observability_v1,ola_sparse_bayesian_keep010_seed42,90,ola,global,,,layers.0.bias,raw,33,0.001580839129248365,0.0016285003084792738,0.0016046697188638194,2,327.83494349353003,0.8515625,128
bayesfl_observability_v1,ola_sparse_bayesian_keep010_seed42,90,ola,global,,,layers.0.bias,raw,34,0.0016285003084792738,0.0016761614877101828,0.0016523308980947284,1,163.91747174676428,0.859375,128
bayesfl_observability_v1,ola_sparse_bayesian_keep010_seed42,90,ola,global,,,layers.0.bias,raw,35,0.0016761614877101828,0.0017238226669410916,0.0016999920773256372,3,491.7524152402951,0.8828125,128
bayesfl_observability_v1,ola_sparse_bayesian_keep010_seed42,90,ola,global,,,layers.0.bias,raw,36,0.0017238226669410916,0.0017714838461720007,0.001747653256556546,2,327.83494349352856,0.8984375,128
bayesfl_observability_v1,ola_sparse_bayesian_keep010_seed42,90,ola,global,,,layers.0.bias,raw,37,0.0017714838461720007,0.0018191450254029095,0.001795314435787455,2,327.83494349353003,0.9140625,128
bayesfl_observability_v1,ola_sparse_bayesian_keep010_seed42,90,ola,global,,,layers.0.bias,raw,38,0.0018191450254029095,0.0018668062046338185,0.001842975615018364,2,327.83494349352856,0.9296875,128
bayesfl_observability_v1,ola_sparse_bayesian_keep010_seed42,90,ola,global,,,layers.0.bias,raw,39,0.0018668062046338185,0.0019144673838647273,0.001890636794249273,0,0.0,0.9296875,128
bayesfl_observability_v1,ola_sparse_bayesian_keep010_seed42,90,ola,global,,,layers.0.bias,raw,40,0.0019144673838647273,0.0019621285630956366,0.001938297973480182,1,163.91747174676354,0.9375,128
bayesfl_observability_v1,ola_sparse_bayesian_keep010_seed42,90,ola,global,,,layers.0.bias,raw,41,0.0019621285630956366,0.0020097897423265454,0.001985959152711091,1,163.91747174676502,0.9453125,128
bayesfl_observability_v1,ola_sparse_bayesian_keep010_seed42,90,ola,global,,,layers.0.bias,raw,42,0.0020097897423265454,0.002057450921557454,0.002033620331942,0,0.0,0.9453125,128
bayesfl_observability_v1,ola_sparse_bayesian_keep010_seed42,90,ola,global,,,layers.0.bias,raw,43,0.002057450921557454,0.002105112100788363,0.0020812815111729086,1,163.91747174676502,0.953125,128
bayesfl_observability_v1,ola_sparse_bayesian_keep010_seed42,90,ola,global,,,layers.0.bias,raw,44,0.002105112100788363,0.0021527732800192723,0.0021289426904038174,0,0.0,0.953125,128
bayesfl_observability_v1,ola_sparse_bayesian_keep010_seed42,90,ola,global,,,layers.0.bias,raw,45,0.0021527732800192723,0.002200434459250181,0.0021766038696347267,2,327.83494349353003,0.96875,128
bayesfl_observability_v1,ola_sparse_bayesian_keep010_seed42,90,ola,global,,,layers.0.bias,raw,46,0.002200434459250181,0.00224809563848109,0.0022242650488656355,0,0.0,0.96875,128
bayesfl_observability_v1,ola_sparse_bayesian_keep010_seed42,90,ola,global,,,layers.0.bias,raw,47,0.00224809563848109,0.002295756817711999,0.0022719262280965448,0,0.0,0.96875,128
bayesfl_observability_v1,ola_sparse_bayesian_keep010_seed42,90,ola,global,,,layers.0.bias,raw,48,0.002295756817711999,0.002343417996942908,0.0023195874073274536,2,327.83494349353003,0.984375,128
bayesfl_observability_v1,ola_sparse_bayesian_keep010_seed42,90,ola,global,,,layers.0.bias,raw,49,0.002343417996942908,0.002391079176173817,0.0023672485865583624,0,0.0,0.984375,128
bayesfl_observability_v1,ola_sparse_bayesian_keep010_seed42,90,ola,global,,,layers.0.bias,raw,50,0.002391079176173817,0.0024387403554047256,0.002414909765789271,0,0.0,0.984375,128
bayesfl_observability_v1,ola_sparse_bayesian_keep010_seed42,90,ola,global,,,layers.0.bias,raw,51,0.0024387403554047256,0.002486401534635635,0.00246257094502018,0,0.0,0.984375,128
bayesfl_observability_v1,ola_sparse_bayesian_keep010_seed42,90,ola,global,,,layers.0.bias,raw,52,0.002486401534635635,0.0025340627138665437,0.0025102321242510893,0,0.0,0.984375,128
bayesfl_observability_v1,ola_sparse_bayesian_keep010_seed42,90,ola,global,,,layers.0.bias,raw,53,0.0025340627138665437,0.0025817238930974525,0.002557893303481998,0,0.0,0.984375,128
bayesfl_observability_v1,ola_sparse_bayesian_keep010_seed42,90,ola,global,,,layers.0.bias,raw,54,0.0025817238930974525,0.0026293850723283613,0.002605554482712907,0,0.0,0.984375,128
bayesfl_observability_v1,ola_sparse_bayesian_keep010_seed42,90,ola,global,,,layers.0.bias,raw,55,0.0026293850723283613,0.0026770462515592706,0.002653215661943816,1,163.91747174676354,0.9921875,128
bayesfl_observability_v1,ola_sparse_bayesian_keep010_seed42,90,ola,global,,,layers.0.bias,raw,56,0.0026770462515592706,0.0027247074307901794,0.002700876841174725,0,0.0,0.9921875,128
bayesfl_observability_v1,ola_sparse_bayesian_keep010_seed42,90,ola,global,,,layers.0.bias,raw,57,0.0027247074307901794,0.002772368610021088,0.002748538020405634,0,0.0,0.9921875,128
bayesfl_observability_v1,ola_sparse_bayesian_keep010_seed42,90,ola,global,,,layers.0.bias,raw,58,0.002772368610021088,0.0028200297892519975,0.0027961991996365426,0,0.0,0.9921875,128
bayesfl_observability_v1,ola_sparse_bayesian_keep010_seed42,90,ola,global,,,layers.0.bias,raw,59,0.0028200297892519975,0.0028676909684829063,0.002843860378867452,0,0.0,0.9921875,128
bayesfl_observability_v1,ola_sparse_bayesian_keep010_seed42,90,ola,global,,,layers.0.bias,raw,60,0.0028676909684829063,0.002915352147713815,0.0028915215580983607,0,0.0,0.9921875,128
bayesfl_observability_v1,ola_sparse_bayesian_keep010_seed42,90,ola,global,,,layers.0.bias,raw,61,0.002915352147713815,0.002963013326944724,0.0029391827373292695,0,0.0,0.9921875,128
bayesfl_observability_v1,ola_sparse_bayesian_keep010_seed42,90,ola,global,,,layers.0.bias,raw,62,0.002963013326944724,0.003010674506175633,0.0029868439165601788,0,0.0,0.9921875,128
bayesfl_observability_v1,ola_sparse_bayesian_keep010_seed42,90,ola,global,,,layers.0.bias,raw,63,0.003010674506175633,0.003058335685406542,0.0030345050957910876,0,0.0,0.9921875,128
bayesfl_observability_v1,ola_sparse_bayesian_keep010_seed42,90,ola,global,,,layers.0.bias,raw,64,0.003058335685406542,0.003105996864637451,0.0030821662750219964,0,0.0,0.9921875,128
bayesfl_observability_v1,ola_sparse_bayesian_keep010_seed42,90,ola,global,,,layers.0.bias,raw,65,0.003105996864637451,0.00315365804386836,0.003129827454252905,0,0.0,0.9921875,128
bayesfl_observability_v1,ola_sparse_bayesian_keep010_seed42,90,ola,global,,,layers.0.bias,raw,66,0.00315365804386836,0.003201319223099269,0.0031774886334838145,0,0.0,0.9921875,128
bayesfl_observability_v1,ola_sparse_bayesian_keep010_seed42,90,ola,global,,,layers.0.bias,raw,67,0.003201319223099269,0.0032489804023301777,0.0032251498127147233,0,0.0,0.9921875,128
bayesfl_observability_v1,ola_sparse_bayesian_keep010_seed42,90,ola,global,,,layers.0.bias,raw,68,0.0032489804023301777,0.0032966415815610865,0.003272810991945632,0,0.0,0.9921875,128
bayesfl_observability_v1,ola_sparse_bayesian_keep010_seed42,90,ola,global,,,layers.0.bias,raw,69,0.0032966415815610865,0.0033443027607919958,0.0033204721711765414,0,0.0,0.9921875,128
bayesfl_observability_v1,ola_sparse_bayesian_keep010_seed42,90,ola,global,,,layers.0.bias,raw,70,0.0033443027607919958,0.0033919639400229046,0.00336813335040745,0,0.0,0.9921875,128
bayesfl_observability_v1,ola_sparse_bayesian_keep010_seed42,90,ola,global,,,layers.0.bias,raw,71,0.0033919639400229046,0.0034396251192538134,0.003415794529638359,0,0.0,0.9921875,128
bayesfl_observability_v1,ola_sparse_bayesian_keep010_seed42,90,ola,global,,,layers.0.bias,raw,72,0.0034396251192538134,0.0034872862984847226,0.003463455708869268,0,0.0,0.9921875,128
bayesfl_observability_v1,ola_sparse_bayesian_keep010_seed42,90,ola,global,,,layers.0.bias,raw,73,0.0034872862984847226,0.0035349474777156315,0.003511116888100177,0,0.0,0.9921875,128
bayesfl_observability_v1,ola_sparse_bayesian_keep010_seed42,90,ola,global,,,layers.0.bias,raw,74,0.0035349474777156315,0.0035826086569465403,0.003558778067331086,0,0.0,0.9921875,128
bayesfl_observability_v1,ola_sparse_bayesian_keep010_seed42,90,ola,global,,,layers.0.bias,raw,75,0.0035826086569465403,0.003630269836177449,0.0036064392465619947,0,0.0,0.9921875,128
bayesfl_observability_v1,ola_sparse_bayesian_keep010_seed42,90,ola,global,,,layers.0.bias,raw,76,0.003630269836177449,0.0036779310154083584,0.003654100425792904,0,0.0,0.9921875,128
bayesfl_observability_v1,ola_sparse_bayesian_keep010_seed42,90,ola,global,,,layers.0.bias,raw,77,0.0036779310154083584,0.003725592194639267,0.0037017616050238128,0,0.0,0.9921875,128
bayesfl_observability_v1,ola_sparse_bayesian_keep010_seed42,90,ola,global,,,layers.0.bias,raw,78,0.003725592194639267,0.003773253373870176,0.0037494227842547216,0,0.0,0.9921875,128
bayesfl_observability_v1,ola_sparse_bayesian_keep010_seed42,90,ola,global,,,layers.0.bias,raw,79,0.003773253373870176,0.0038209145531010852,0.0037970839634856304,1,163.91747174676354,1.0,128
bayesfl_observability_v1,ola_sparse_bayesian_keep010_seed42,90,ola,global,,,layers.0.bias,db,0,-101.91627910575731,-101.2467837854835,-101.58153144562041,1,0.01166923765322936,0.0078125,128
bayesfl_observability_v1,ola_sparse_bayesian_keep010_seed42,90,ola,global,,,layers.0.bias,db,1,-101.2467837854835,-100.57728846520968,-100.91203612534659,0,0.0,0.0078125,128
bayesfl_observability_v1,ola_sparse_bayesian_keep010_seed42,90,ola,global,,,layers.0.bias,db,2,-100.57728846520968,-99.90779314493587,-100.24254080507276,0,0.0,0.0078125,128
bayesfl_observability_v1,ola_sparse_bayesian_keep010_seed42,90,ola,global,,,layers.0.bias,db,3,-99.90779314493587,-99.23829782466204,-99.57304548479895,0,0.0,0.0078125,128
bayesfl_observability_v1,ola_sparse_bayesian_keep010_seed42,90,ola,global,,,layers.0.bias,db,4,-99.23829782466204,-98.56880250438823,-98.90355016452514,0,0.0,0.0078125,128
bayesfl_observability_v1,ola_sparse_bayesian_keep010_seed42,90,ola,global,,,layers.0.bias,db,5,-98.56880250438823,-97.8993071841144,-98.23405484425132,0,0.0,0.0078125,128
bayesfl_observability_v1,ola_sparse_bayesian_keep010_seed42,90,ola,global,,,layers.0.bias,db,6,-97.8993071841144,-97.2298118638406,-97.5645595239775,0,0.0,0.0078125,128
bayesfl_observability_v1,ola_sparse_bayesian_keep010_seed42,90,ola,global,,,layers.0.bias,db,7,-97.2298118638406,-96.56031654356677,-96.89506420370368,0,0.0,0.0078125,128
bayesfl_observability_v1,ola_sparse_bayesian_keep010_seed42,90,ola,global,,,layers.0.bias,db,8,-96.56031654356677,-95.89082122329296,-96.22556888342987,0,0.0,0.0078125,128
bayesfl_observability_v1,ola_sparse_bayesian_keep010_seed42,90,ola,global,,,layers.0.bias,db,9,-95.89082122329296,-95.22132590301914,-95.55607356315605,0,0.0,0.0078125,128
bayesfl_observability_v1,ola_sparse_bayesian_keep010_seed42,90,ola,global,,,layers.0.bias,db,10,-95.22132590301914,-94.55183058274532,-94.88657824288222,0,0.0,0.0078125,128
bayesfl_observability_v1,ola_sparse_bayesian_keep010_seed42,90,ola,global,,,layers.0.bias,db,11,-94.55183058274532,-93.8823352624715,-94.21708292260841,0,0.0,0.0078125,128
bayesfl_observability_v1,ola_sparse_bayesian_keep010_seed42,90,ola,global,,,layers.0.bias,db,12,-93.8823352624715,-93.21283994219769,-93.5475876023346,0,0.0,0.0078125,128
bayesfl_observability_v1,ola_sparse_bayesian_keep010_seed42,90,ola,global,,,layers.0.bias,db,13,-93.21283994219769,-92.54334462192386,-92.87809228206078,1,0.011669237653229112,0.015625,128
bayesfl_observability_v1,ola_sparse_bayesian_keep010_seed42,90,ola,global,,,layers.0.bias,db,14,-92.54334462192386,-91.87384930165005,-92.20859696178695,0,0.0,0.015625,128
bayesfl_observability_v1,ola_sparse_bayesian_keep010_seed42,90,ola,global,,,layers.0.bias,db,15,-91.87384930165005,-91.20435398137623,-91.53910164151314,0,0.0,0.015625,128
bayesfl_observability_v1,ola_sparse_bayesian_keep010_seed42,90,ola,global,,,layers.0.bias,db,16,-91.20435398137623,-90.53485866110242,-90.86960632123933,1,0.01166923765322936,0.0234375,128
bayesfl_observability_v1,ola_sparse_bayesian_keep010_seed42,90,ola,global,,,layers.0.bias,db,17,-90.53485866110242,-89.8653633408286,-90.2001110009655,1,0.011669237653229112,0.03125,128
bayesfl_observability_v1,ola_sparse_bayesian_keep010_seed42,90,ola,global,,,layers.0.bias,db,18,-89.8653633408286,-89.19586802055478,-89.53061568069168,0,0.0,0.03125,128
bayesfl_observability_v1,ola_sparse_bayesian_keep010_seed42,90,ola,global,,,layers.0.bias,db,19,-89.19586802055478,-88.52637270028097,-88.86112036041789,0,0.0,0.03125,128
bayesfl_observability_v1,ola_sparse_bayesian_keep010_seed42,90,ola,global,,,layers.0.bias,db,20,-88.52637270028097,-87.85687738000715,-88.19162504014406,1,0.011669237653229112,0.0390625,128
bayesfl_observability_v1,ola_sparse_bayesian_keep010_seed42,90,ola,global,,,layers.0.bias,db,21,-87.85687738000715,-87.18738205973332,-87.52212971987024,0,0.0,0.0390625,128
bayesfl_observability_v1,ola_sparse_bayesian_keep010_seed42,90,ola,global,,,layers.0.bias,db,22,-87.18738205973332,-86.51788673945951,-86.85263439959641,1,0.01166923765322936,0.046875,128
bayesfl_observability_v1,ola_sparse_bayesian_keep010_seed42,90,ola,global,,,layers.0.bias,db,23,-86.51788673945951,-85.8483914191857,-86.18313907932261,0,0.0,0.046875,128
bayesfl_observability_v1,ola_sparse_bayesian_keep010_seed42,90,ola,global,,,layers.0.bias,db,24,-85.8483914191857,-85.17889609891188,-85.51364375904879,0,0.0,0.046875,128
bayesfl_observability_v1,ola_sparse_bayesian_keep010_seed42,90,ola,global,,,layers.0.bias,db,25,-85.17889609891188,-84.50940077863805,-84.84414843877497,1,0.011669237653229112,0.0546875,128
bayesfl_observability_v1,ola_sparse_bayesian_keep010_seed42,90,ola,global,,,layers.0.bias,db,26,-84.50940077863805,-83.83990545836424,-84.17465311850114,0,0.0,0.0546875,128
bayesfl_observability_v1,ola_sparse_bayesian_keep010_seed42,90,ola,global,,,layers.0.bias,db,27,-83.83990545836424,-83.17041013809043,-83.50515779822734,1,0.01166923765322936,0.0625,128
bayesfl_observability_v1,ola_sparse_bayesian_keep010_seed42,90,ola,global,,,layers.0.bias,db,28,-83.17041013809043,-82.50091481781661,-82.83566247795352,1,0.011669237653229112,0.0703125,128
bayesfl_observability_v1,ola_sparse_bayesian_keep010_seed42,90,ola,global,,,layers.0.bias,db,29,-82.50091481781661,-81.8314194975428,-82.1661671576797,0,0.0,0.0703125,128
bayesfl_observability_v1,ola_sparse_bayesian_keep010_seed42,90,ola,global,,,layers.0.bias,db,30,-81.8314194975428,-81.16192417726897,-81.49667183740588,2,0.023338475306458224,0.0859375,128
bayesfl_observability_v1,ola_sparse_bayesian_keep010_seed42,90,ola,global,,,layers.0.bias,db,31,-81.16192417726897,-80.49242885699516,-80.82717651713207,1,0.01166923765322936,0.09375,128
bayesfl_observability_v1,ola_sparse_bayesian_keep010_seed42,90,ola,global,,,layers.0.bias,db,32,-80.49242885699516,-79.82293353672134,-80.15768119685825,0,0.0,0.09375,128
bayesfl_observability_v1,ola_sparse_bayesian_keep010_seed42,90,ola,global,,,layers.0.bias,db,33,-79.82293353672134,-79.15343821644753,-79.48818587658442,1,0.01166923765322936,0.1015625,128
bayesfl_observability_v1,ola_sparse_bayesian_keep010_seed42,90,ola,global,,,layers.0.bias,db,34,-79.15343821644753,-78.4839428961737,-78.81869055631061,0,0.0,0.1015625,128
bayesfl_observability_v1,ola_sparse_bayesian_keep010_seed42,90,ola,global,,,layers.0.bias,db,35,-78.4839428961737,-77.81444757589989,-78.1491952360368,2,0.02333847530645872,0.1171875,128
bayesfl_observability_v1,ola_sparse_bayesian_keep010_seed42,90,ola,global,,,layers.0.bias,db,36,-77.81444757589989,-77.14495225562607,-77.47969991576298,0,0.0,0.1171875,128
bayesfl_observability_v1,ola_sparse_bayesian_keep010_seed42,90,ola,global,,,layers.0.bias,db,37,-77.14495225562607,-76.47545693535226,-76.81020459548915,1,0.01166923765322936,0.125,128
bayesfl_observability_v1,ola_sparse_bayesian_keep010_seed42,90,ola,global,,,layers.0.bias,db,38,-76.47545693535226,-75.80596161507844,-76.14070927521536,1,0.01166923765322936,0.1328125,128
bayesfl_observability_v1,ola_sparse_bayesian_keep010_seed42,90,ola,global,,,layers.0.bias,db,39,-75.80596161507844,-75.13646629480462,-75.47121395494153,2,0.023338475306458224,0.1484375,128
bayesfl_observability_v1,ola_sparse_bayesian_keep010_seed42,90,ola,global,,,layers.0.bias,db,40,-75.13646629480462,-74.4669709745308,-74.80171863466771,2,0.023338475306458224,0.1640625,128
bayesfl_observability_v1,ola_sparse_bayesian_keep010_seed42,90,ola,global,,,layers.0.bias,db,41,-74.4669709745308,-73.79747565425698,-74.13222331439388,1,0.01166923765322936,0.171875,128
bayesfl_observability_v1,ola_sparse_bayesian_keep010_seed42,90,ola,global,,,layers.0.bias,db,42,-73.79747565425698,-73.12798033398317,-73.46272799412009,3,0.03500771295968808,0.1953125,128
bayesfl_observability_v1,ola_sparse_bayesian_keep010_seed42,90,ola,global,,,layers.0.bias,db,43,-73.12798033398317,-72.45848501370935,-72.79323267384626,2,0.023338475306458224,0.2109375,128
bayesfl_observability_v1,ola_sparse_bayesian_keep010_seed42,90,ola,global,,,layers.0.bias,db,44,-72.45848501370935,-71.78898969343552,-72.12373735357244,2,0.023338475306458224,0.2265625,128
bayesfl_observability_v1,ola_sparse_bayesian_keep010_seed42,90,ola,global,,,layers.0.bias,db,45,-71.78898969343552,-71.11949437316171,-71.45424203329861,2,0.02333847530645872,0.2421875,128
bayesfl_observability_v1,ola_sparse_bayesian_keep010_seed42,90,ola,global,,,layers.0.bias,db,46,-71.11949437316171,-70.4499990528879,-70.78474671302482,2,0.02333847530645872,0.2578125,128
bayesfl_observability_v1,ola_sparse_bayesian_keep010_seed42,90,ola,global,,,layers.0.bias,db,47,-70.4499990528879,-69.78050373261408,-70.11525139275099,2,0.023338475306458224,0.2734375,128
bayesfl_observability_v1,ola_sparse_bayesian_keep010_seed42,90,ola,global,,,layers.0.bias,db,48,-69.78050373261408,-69.11100841234025,-69.44575607247717,3,0.03500771295968734,0.296875,128
bayesfl_observability_v1,ola_sparse_bayesian_keep010_seed42,90,ola,global,,,layers.0.bias,db,49,-69.11100841234025,-68.44151309206644,-68.77626075220334,1,0.01166923765322936,0.3046875,128
bayesfl_observability_v1,ola_sparse_bayesian_keep010_seed42,90,ola,global,,,layers.0.bias,db,50,-68.44151309206644,-67.77201777179263,-68.10676543192955,2,0.02333847530645872,0.3203125,128
bayesfl_observability_v1,ola_sparse_bayesian_keep010_seed42,90,ola,global,,,layers.0.bias,db,51,-67.77201777179263,-67.10252245151881,-67.43727011165572,1,0.011669237653229112,0.328125,128
bayesfl_observability_v1,ola_sparse_bayesian_keep010_seed42,90,ola,global,,,layers.0.bias,db,52,-67.10252245151881,-66.43302713124498,-66.7677747913819,1,0.011669237653229112,0.3359375,128
bayesfl_observability_v1,ola_sparse_bayesian_keep010_seed42,90,ola,global,,,layers.0.bias,db,53,-66.43302713124498,-65.76353181097119,-66.09827947110809,2,0.023338475306459217,0.3515625,128
bayesfl_observability_v1,ola_sparse_bayesian_keep010_seed42,90,ola,global,,,layers.0.bias,db,54,-65.76353181097119,-65.09403649069736,-65.42878415083428,1,0.011669237653229112,0.359375,128
bayesfl_observability_v1,ola_sparse_bayesian_keep010_seed42,90,ola,global,,,layers.0.bias,db,55,-65.09403649069736,-64.42454117042354,-64.75928883056045,5,0.058346188266145564,0.3984375,128
bayesfl_observability_v1,ola_sparse_bayesian_keep010_seed42,90,ola,global,,,layers.0.bias,db,56,-64.42454117042354,-63.75504585014973,-64.08979351028663,2,0.02333847530645872,0.4140625,128
bayesfl_observability_v1,ola_sparse_bayesian_keep010_seed42,90,ola,global,,,layers.0.bias,db,57,-63.75504585014973,-63.08555052987591,-63.420298190012815,4,0.04667695061291695,0.4453125,128
bayesfl_observability_v1,ola_sparse_bayesian_keep010_seed42,90,ola,global,,,layers.0.bias,db,58,-63.08555052987591,-62.41605520960209,-62.750802869739005,4,0.04667695061291695,0.4765625,128
bayesfl_observability_v1,ola_sparse_bayesian_keep010_seed42,90,ola,global,,,layers.0.bias,db,59,-62.41605520960209,-61.746559889328275,-62.08130754946518,5,0.05834618826614618,0.515625,128
bayesfl_observability_v1,ola_sparse_bayesian_keep010_seed42,90,ola,global,,,layers.0.bias,db,60,-61.746559889328275,-61.07706456905446,-61.41181222919137,4,0.04667695061291695,0.546875,128
bayesfl_observability_v1,ola_sparse_bayesian_keep010_seed42,90,ola,global,,,layers.0.bias,db,61,-61.07706456905446,-60.40756924878064,-60.742316908917545,5,0.05834618826614618,0.5859375,128
bayesfl_observability_v1,ola_sparse_bayesian_keep010_seed42,90,ola,global,,,layers.0.bias,db,62,-60.40756924878064,-59.73807392850682,-60.072821588643734,8,0.0933539012258339,0.6484375,128
bayesfl_observability_v1,ola_sparse_bayesian_keep010_seed42,90,ola,global,,,layers.0.bias,db,63,-59.73807392850682,-59.068578608233004,-59.40332626836991,4,0.04667695061291695,0.6796875,128
bayesfl_observability_v1,ola_sparse_bayesian_keep010_seed42,90,ola,global,,,layers.0.bias,db,64,-59.068578608233004,-58.399083287959186,-58.7338309480961,2,0.023338475306458474,0.6953125,128
bayesfl_observability_v1,ola_sparse_bayesian_keep010_seed42,90,ola,global,,,layers.0.bias,db,65,-58.399083287959186,-57.72958796768537,-58.064335627822274,4,0.04667695061291695,0.7265625,128
bayesfl_observability_v1,ola_sparse_bayesian_keep010_seed42,90,ola,global,,,layers.0.bias,db,66,-57.72958796768537,-57.06009264741155,-57.39484030754846,5,0.05834618826614618,0.765625,128
bayesfl_observability_v1,ola_sparse_bayesian_keep010_seed42,90,ola,global,,,layers.0.bias,db,67,-57.06009264741155,-56.39059732713773,-56.72534498727464,7,0.08168466357260466,0.8203125,128
bayesfl_observability_v1,ola_sparse_bayesian_keep010_seed42,90,ola,global,,,layers.0.bias,db,68,-56.39059732713773,-55.721102006863916,-56.05584966700083,4,0.04667695061291695,0.8515625,128
bayesfl_observability_v1,ola_sparse_bayesian_keep010_seed42,90,ola,global,,,layers.0.bias,db,69,-55.721102006863916,-55.0516066865901,-55.386354346727,6,0.07001542591937542,0.8984375,128
bayesfl_observability_v1,ola_sparse_bayesian_keep010_seed42,90,ola,global,,,layers.0.bias,db,70,-55.0516066865901,-54.38211136631628,-54.71685902645319,4,0.04667695061291695,0.9296875,128
bayesfl_observability_v1,ola_sparse_bayesian_keep010_seed42,90,ola,global,,,layers.0.bias,db,71,-54.38211136631628,-53.71261604604246,-54.04736370617937,2,0.023338475306458474,0.9453125,128
bayesfl_observability_v1,ola_sparse_bayesian_keep010_seed42,90,ola,global,,,layers.0.bias,db,72,-53.71261604604246,-53.043120725768645,-53.37786838590556,3,0.03500771295968771,0.96875,128
bayesfl_observability_v1,ola_sparse_bayesian_keep010_seed42,90,ola,global,,,layers.0.bias,db,73,-53.043120725768645,-52.37362540549483,-52.70837306563173,2,0.023338475306458474,0.984375,128
bayesfl_observability_v1,ola_sparse_bayesian_keep010_seed42,90,ola,global,,,layers.0.bias,db,74,-52.37362540549483,-51.70413008522102,-52.03887774535792,0,0.0,0.984375,128
bayesfl_observability_v1,ola_sparse_bayesian_keep010_seed42,90,ola,global,,,layers.0.bias,db,75,-51.70413008522102,-51.0346347649472,-51.36938242508411,1,0.011669237653229237,0.9921875,128
bayesfl_observability_v1,ola_sparse_bayesian_keep010_seed42,90,ola,global,,,layers.0.bias,db,76,-51.0346347649472,-50.36513944467338,-50.69988710481029,0,0.0,0.9921875,128
bayesfl_observability_v1,ola_sparse_bayesian_keep010_seed42,90,ola,global,,,layers.0.bias,db,77,-50.36513944467338,-49.695644124399564,-50.03039178453648,0,0.0,0.9921875,128
bayesfl_observability_v1,ola_sparse_bayesian_keep010_seed42,90,ola,global,,,layers.0.bias,db,78,-49.695644124399564,-49.02614880412575,-49.36089646426265,0,0.0,0.9921875,128
bayesfl_observability_v1,ola_sparse_bayesian_keep010_seed42,90,ola,global,,,layers.0.bias,db,79,-49.02614880412575,-48.35665348385193,-48.69140114398884,1,0.011669237653229237,1.0,128
bayesfl_observability_v1,ola_sparse_bayesian_keep010_seed42,90,ola,global,,,layers.1.weight,raw,0,2.9744201744713603e-06,0.001117692313410439,0.0005603333667924552,150,105.12749522644768,0.1171875,1280
bayesfl_observability_v1,ola_sparse_bayesian_keep010_seed42,90,ola,global,,,layers.1.weight,raw,1,0.001117692313410439,0.002232410206646407,0.001675051260028423,159,111.43514494003453,0.24140625,1280
bayesfl_observability_v1,ola_sparse_bayesian_keep010_seed42,90,ola,global,,,layers.1.weight,raw,2,0.002232410206646407,0.0033471280998823745,0.002789769153264391,120,84.10199618115814,0.33515625,1280
bayesfl_observability_v1,ola_sparse_bayesian_keep010_seed42,90,ola,global,,,layers.1.weight,raw,3,0.0033471280998823745,0.004461845993118342,0.003904487046500358,130,91.11049586292135,0.43671875,1280
bayesfl_observability_v1,ola_sparse_bayesian_keep010_seed42,90,ola,global,,,layers.1.weight,raw,4,0.004461845993118342,0.005576563886354309,0.005019204939736325,128,89.70879592656871,0.53671875,1280
bayesfl_observability_v1,ola_sparse_bayesian_keep010_seed42,90,ola,global,,,layers.1.weight,raw,5,0.005576563886354309,0.006691281779590277,0.0061339228329722936,91,63.77734710404489,0.6078125,1280
bayesfl_observability_v1,ola_sparse_bayesian_keep010_seed42,90,ola,global,,,layers.1.weight,raw,6,0.006691281779590277,0.007805999672826245,0.007248640726208261,81,56.76884742228172,0.67109375,1280
bayesfl_observability_v1,ola_sparse_bayesian_keep010_seed42,90,ola,global,,,layers.1.weight,raw,7,0.007805999672826245,0.008920717566062213,0.00836335861944423,77,53.965447549576496,0.73125,1280
bayesfl_observability_v1,ola_sparse_bayesian_keep010_seed42,90,ola,global,,,layers.1.weight,raw,8,0.008920717566062213,0.01003543545929818,0.009478076512680195,55,38.546748249697494,0.77421875,1280
bayesfl_observability_v1,ola_sparse_bayesian_keep010_seed42,90,ola,global,,,layers.1.weight,raw,9,0.01003543545929818,0.011150153352534147,0.010592794405916164,34,23.828898917994813,0.80078125,1280
bayesfl_observability_v1,ola_sparse_bayesian_keep010_seed42,90,ola,global,,,layers.1.weight,raw,10,0.011150153352534147,0.012264871245770116,0.011707512299152132,28,19.623799108936876,0.82265625,1280
bayesfl_observability_v1,ola_sparse_bayesian_keep010_seed42,90,ola,global,,,layers.1.weight,raw,11,0.012264871245770116,0.013379589139006083,0.012822230192388099,24,16.820399236231633,0.84140625,1280
bayesfl_observability_v1,ola_sparse_bayesian_keep010_seed42,90,ola,global,,,layers.1.weight,raw,12,0.013379589139006083,0.01449430703224205,0.013936948085624068,28,19.623799108936907,0.86328125,1280
bayesfl_observability_v1,ola_sparse_bayesian_keep010_seed42,90,ola,global,,,layers.1.weight,raw,13,0.01449430703224205,0.01560902492547802,0.015051665978860035,19,13.316149395350022,0.878125,1280
bayesfl_observability_v1,ola_sparse_bayesian_keep010_seed42,90,ola,global,,,layers.1.weight,raw,14,0.01560902492547802,0.016723742818713985,0.016166383872096002,16,11.213599490821107,0.890625,1280
bayesfl_observability_v1,ola_sparse_bayesian_keep010_seed42,90,ola,global,,,layers.1.weight,raw,15,0.016723742818713985,0.017838460711949954,0.01728110176533197,17,11.914449458997389,0.90390625,1280
bayesfl_observability_v1,ola_sparse_bayesian_keep010_seed42,90,ola,global,,,layers.1.weight,raw,16,0.017838460711949954,0.018953178605185923,0.018395819658567937,18,12.615299427173706,0.91796875,1280
bayesfl_observability_v1,ola_sparse_bayesian_keep010_seed42,90,ola,global,,,layers.1.weight,raw,17,0.018953178605185923,0.02006789649842189,0.019510537551803906,8,5.606799745410553,0.92421875,1280
bayesfl_observability_v1,ola_sparse_bayesian_keep010_seed42,90,ola,global,,,layers.1.weight,raw,18,0.02006789649842189,0.021182614391657858,0.020625255445039875,13,9.11104958629212,0.934375,1280
bayesfl_observability_v1,ola_sparse_bayesian_keep010_seed42,90,ola,global,,,layers.1.weight,raw,19,0.021182614391657858,0.022297332284893823,0.02173997333827584,6,4.205099809057915,0.9390625,1280
bayesfl_observability_v1,ola_sparse_bayesian_keep010_seed42,90,ola,global,,,layers.1.weight,raw,20,0.022297332284893823,0.023412050178129792,0.022854691231511806,3,2.102549904528951,0.94140625,1280
bayesfl_observability_v1,ola_sparse_bayesian_keep010_seed42,90,ola,global,,,layers.1.weight,raw,21,0.023412050178129792,0.02452676807136576,0.02396940912474778,11,7.709349649939487,0.95,1280
bayesfl_observability_v1,ola_sparse_bayesian_keep010_seed42,90,ola,global,,,layers.1.weight,raw,22,0.02452676807136576,0.025641485964601727,0.025084127017983744,2,1.4016999363526383,0.9515625,1280
bayesfl_observability_v1,ola_sparse_bayesian_keep010_seed42,90,ola,global,,,layers.1.weight,raw,23,0.025641485964601727,0.026756203857837696,0.02619884491121971,5,3.504249840881585,0.95546875,1280
bayesfl_observability_v1,ola_sparse_bayesian_keep010_seed42,90,ola,global,,,layers.1.weight,raw,24,0.026756203857837696,0.027870921751073665,0.027313562804455682,4,2.803399872705268,0.95859375,1280
bayesfl_observability_v1,ola_sparse_bayesian_keep010_seed42,90,ola,global,,,layers.1.weight,raw,25,0.027870921751073665,0.02898563964430963,0.028428280697691648,6,4.205099809057915,0.96328125,1280
bayesfl_observability_v1,ola_sparse_bayesian_keep010_seed42,90,ola,global,,,layers.1.weight,raw,26,0.02898563964430963,0.0301003575375456,0.029542998590927613,6,4.205099809057902,0.96796875,1280
bayesfl_observability_v1,ola_sparse_bayesian_keep010_seed42,90,ola,global,,,layers.1.weight,raw,27,0.0301003575375456,0.03121507543078157,0.030657716484163586,4,2.803399872705268,0.97109375,1280
bayesfl_observability_v1,ola_sparse_bayesian_keep010_seed42,90,ola,global,,,layers.1.weight,raw,28,0.03121507543078157,0.03232979332401754,0.03177243437739955,2,1.401699936352634,0.97265625,1280
bayesfl_observability_v1,ola_sparse_bayesian_keep010_seed42,90,ola,global,,,layers.1.weight,raw,29,0.03232979332401754,0.0334445112172535,0.03288715227063552,4,2.8033998727052767,0.97578125,1280
bayesfl_observability_v1,ola_sparse_bayesian_keep010_seed42,90,ola,global,,,layers.1.weight,raw,30,0.0334445112172535,0.034559229110489476,0.03400187016387149,1,0.7008499681763148,0.9765625,1280
bayesfl_observability_v1,ola_sparse_bayesian_keep010_seed42,90,ola,global,,,layers.1.weight,raw,31,0.034559229110489476,0.03567394700372544,0.03511658805710746,2,1.4016999363526383,0.978125,1280
bayesfl_observability_v1,ola_sparse_bayesian_keep010_seed42,90,ola,global,,,layers.1.weight,raw,32,0.03567394700372544,0.03678866489696141,0.03623130595034342,2,1.4016999363526383,0.9796875,1280
bayesfl_observability_v1,ola_sparse_bayesian_keep010_seed42,90,ola,global,,,layers.1.weight,raw,33,0.03678866489696141,0.03790338279019738,0.03734602384357939,1,0.7008499681763148,0.98046875,1280
bayesfl_observability_v1,ola_sparse_bayesian_keep010_seed42,90,ola,global,,,layers.1.weight,raw,34,0.03790338279019738,0.039018100683433345,0.038460741736815365,4,2.8033998727052767,0.98359375,1280
bayesfl_observability_v1,ola_sparse_bayesian_keep010_seed42,90,ola,global,,,layers.1.weight,raw,35,0.039018100683433345,0.04013281857666931,0.039575459630051324,3,2.1025499045289573,0.9859375,1280
bayesfl_observability_v1,ola_sparse_bayesian_keep010_seed42,90,ola,global,,,layers.1.weight,raw,36,0.04013281857666931,0.04124753646990528,0.040690177523287296,0,0.0,0.9859375,1280
bayesfl_observability_v1,ola_sparse_bayesian_keep010_seed42,90,ola,global,,,layers.1.weight,raw,37,0.04124753646990528,0.04236225436314125,0.04180489541652327,0,0.0,0.9859375,1280
bayesfl_observability_v1,ola_sparse_bayesian_keep010_seed42,90,ola,global,,,layers.1.weight,raw,38,0.04236225436314125,0.043476972256377214,0.04291961330975923,2,1.4016999363526383,0.9875,1280
bayesfl_observability_v1,ola_sparse_bayesian_keep010_seed42,90,ola,global,,,layers.1.weight,raw,39,0.043476972256377214,0.04459169014961318,0.0440343312029952,1,0.7008499681763192,0.98828125,1280
bayesfl_observability_v1,ola_sparse_bayesian_keep010_seed42,90,ola,global,,,layers.1.weight,raw,40,0.04459169014961318,0.04570640804284915,0.045149049096231166,0,0.0,0.98828125,1280
bayesfl_observability_v1,ola_sparse_bayesian_keep010_seed42,90,ola,global,,,layers.1.weight,raw,41,0.04570640804284915,0.04682112593608512,0.04626376698946713,0,0.0,0.98828125,1280
bayesfl_observability_v1,ola_sparse_bayesian_keep010_seed42,90,ola,global,,,layers.1.weight,raw,42,0.04682112593608512,0.04793584382932108,0.047378484882703104,2,1.4016999363526383,0.98984375,1280
bayesfl_observability_v1,ola_sparse_bayesian_keep010_seed42,90,ola,global,,,layers.1.weight,raw,43,0.04793584382932108,0.049050561722557055,0.04849320277593907,1,0.7008499681763148,0.990625,1280
bayesfl_observability_v1,ola_sparse_bayesian_keep010_seed42,90,ola,global,,,layers.1.weight,raw,44,0.049050561722557055,0.05016527961579302,0.049607920669175035,0,0.0,0.990625,1280
bayesfl_observability_v1,ola_sparse_bayesian_keep010_seed42,90,ola,global,,,layers.1.weight,raw,45,0.05016527961579302,0.051279997509028986,0.05072263856241101,0,0.0,0.990625,1280
bayesfl_observability_v1,ola_sparse_bayesian_keep010_seed42,90,ola,global,,,layers.1.weight,raw,46,0.051279997509028986,0.05239471540226496,0.05183735645564697,1,0.7008499681763148,0.99140625,1280
bayesfl_observability_v1,ola_sparse_bayesian_keep010_seed42,90,ola,global,,,layers.1.weight,raw,47,0.05239471540226496,0.053509433295500924,0.05295207434888294,2,1.4016999363526383,0.99296875,1280
bayesfl_observability_v1,ola_sparse_bayesian_keep010_seed42,90,ola,global,,,layers.1.weight,raw,48,0.053509433295500924,0.05462415118873689,0.05406679224211891,0,0.0,0.99296875,1280
bayesfl_observability_v1,ola_sparse_bayesian_keep010_seed42,90,ola,global,,,layers.1.weight,raw,49,0.05462415118873689,0.05573886908197286,0.055181510135354876,0,0.0,0.99296875,1280
bayesfl_observability_v1,ola_sparse_bayesian_keep010_seed42,90,ola,global,,,layers.1.weight,raw,50,0.05573886908197286,0.05685358697520883,0.05629622802859084,0,0.0,0.99296875,1280
bayesfl_observability_v1,ola_sparse_bayesian_keep010_seed42,90,ola,global,,,layers.1.weight,raw,51,0.05685358697520883,0.057968304868444794,0.057410945921826814,1,0.7008499681763192,0.99375,1280
bayesfl_observability_v1,ola_sparse_bayesian_keep010_seed42,90,ola,global,,,layers.1.weight,raw,52,0.057968304868444794,0.059083022761680766,0.05852566381506278,1,0.7008499681763148,0.99453125,1280
bayesfl_observability_v1,ola_sparse_bayesian_keep010_seed42,90,ola,global,,,layers.1.weight,raw,53,0.059083022761680766,0.06019774065491673,0.059640381708298745,0,0.0,0.99453125,1280
bayesfl_observability_v1,ola_sparse_bayesian_keep010_seed42,90,ola,global,,,layers.1.weight,raw,54,0.06019774065491673,0.0613124585481527,0.06075509960153472,0,0.0,0.99453125,1280
bayesfl_observability_v1,ola_sparse_bayesian_keep010_seed42,90,ola,global,,,layers.1.weight,raw,55,0.0613124585481527,0.06242717644138867,0.06186981749477068,0,0.0,0.99453125,1280
bayesfl_observability_v1,ola_sparse_bayesian_keep010_seed42,90,ola,global,,,layers.1.weight,raw,56,0.06242717644138867,0.06354189433462462,0.06298453538800665,0,0.0,0.99453125,1280
bayesfl_observability_v1,ola_sparse_bayesian_keep010_seed42,90,ola,global,,,layers.1.weight,raw,57,0.06354189433462462,0.0646566122278606,0.06409925328124261,1,0.7008499681763148,0.9953125,1280
bayesfl_observability_v1,ola_sparse_bayesian_keep010_seed42,90,ola,global,,,layers.1.weight,raw,58,0.0646566122278606,0.06577133012109657,0.06521397117447858,0,0.0,0.9953125,1280
bayesfl_observability_v1,ola_sparse_bayesian_keep010_seed42,90,ola,global,,,layers.1.weight,raw,59,0.06577133012109657,0.06688604801433252,0.06632868906771455,4,2.803399872705294,0.9984375,1280
bayesfl_observability_v1,ola_sparse_bayesian_keep010_seed42,90,ola,global,,,layers.1.weight,raw,60,0.06688604801433252,0.0680007659075685,0.06744340696095051,1,0.7008499681763148,0.99921875,1280
bayesfl_observability_v1,ola_sparse_bayesian_keep010_seed42,90,ola,global,,,layers.1.weight,raw,61,0.0680007659075685,0.06911548380080447,0.06855812485418648,0,0.0,0.99921875,1280
bayesfl_observability_v1,ola_sparse_bayesian_keep010_seed42,90,ola,global,,,layers.1.weight,raw,62,0.06911548380080447,0.07023020169404043,0.06967284274742244,0,0.0,0.99921875,1280
bayesfl_observability_v1,ola_sparse_bayesian_keep010_seed42,90,ola,global,,,layers.1.weight,raw,63,0.07023020169404043,0.0713449195872764,0.07078756064065841,0,0.0,0.99921875,1280
bayesfl_observability_v1,ola_sparse_bayesian_keep010_seed42,90,ola,global,,,layers.1.weight,raw,64,0.0713449195872764,0.07245963748051237,0.07190227853389439,0,0.0,0.99921875,1280
bayesfl_observability_v1,ola_sparse_bayesian_keep010_seed42,90,ola,global,,,layers.1.weight,raw,65,0.07245963748051237,0.07357435537374833,0.07301699642713036,0,0.0,0.99921875,1280
bayesfl_observability_v1,ola_sparse_bayesian_keep010_seed42,90,ola,global,,,layers.1.weight,raw,66,0.07357435537374833,0.0746890732669843,0.07413171432036632,0,0.0,0.99921875,1280
bayesfl_observability_v1,ola_sparse_bayesian_keep010_seed42,90,ola,global,,,layers.1.weight,raw,67,0.0746890732669843,0.07580379116022028,0.07524643221360229,0,0.0,0.99921875,1280
bayesfl_observability_v1,ola_sparse_bayesian_keep010_seed42,90,ola,global,,,layers.1.weight,raw,68,0.07580379116022028,0.07691850905345624,0.07636115010683825,0,0.0,0.99921875,1280
bayesfl_observability_v1,ola_sparse_bayesian_keep010_seed42,90,ola,global,,,layers.1.weight,raw,69,0.07691850905345624,0.07803322694669221,0.07747586800007422,0,0.0,0.99921875,1280
bayesfl_observability_v1,ola_sparse_bayesian_keep010_seed42,90,ola,global,,,layers.1.weight,raw,70,0.07803322694669221,0.07914794483992818,0.0785905858933102,0,0.0,0.99921875,1280
bayesfl_observability_v1,ola_sparse_bayesian_keep010_seed42,90,ola,global,,,layers.1.weight,raw,71,0.07914794483992818,0.08026266273316414,0.07970530378654617,0,0.0,0.99921875,1280
bayesfl_observability_v1,ola_sparse_bayesian_keep010_seed42,90,ola,global,,,layers.1.weight,raw,72,0.08026266273316414,0.08137738062640011,0.08082002167978213,0,0.0,0.99921875,1280
bayesfl_observability_v1,ola_sparse_bayesian_keep010_seed42,90,ola,global,,,layers.1.weight,raw,73,0.08137738062640011,0.08249209851963608,0.0819347395730181,0,0.0,0.99921875,1280
bayesfl_observability_v1,ola_sparse_bayesian_keep010_seed42,90,ola,global,,,layers.1.weight,raw,74,0.08249209851963608,0.08360681641287204,0.08304945746625406,0,0.0,0.99921875,1280
bayesfl_observability_v1,ola_sparse_bayesian_keep010_seed42,90,ola,global,,,layers.1.weight,raw,75,0.08360681641287204,0.08472153430610802,0.08416417535949003,0,0.0,0.99921875,1280
bayesfl_observability_v1,ola_sparse_bayesian_keep010_seed42,90,ola,global,,,layers.1.weight,raw,76,0.08472153430610802,0.08583625219934399,0.085278893252726,0,0.0,0.99921875,1280
bayesfl_observability_v1,ola_sparse_bayesian_keep010_seed42,90,ola,global,,,layers.1.weight,raw,77,0.08583625219934399,0.08695097009257995,0.08639361114596197,0,0.0,0.99921875,1280
bayesfl_observability_v1,ola_sparse_bayesian_keep010_seed42,90,ola,global,,,layers.1.weight,raw,78,0.08695097009257995,0.08806568798581592,0.08750832903919793,0,0.0,0.99921875,1280
bayesfl_observability_v1,ola_sparse_bayesian_keep010_seed42,90,ola,global,,,layers.1.weight,raw,79,0.08806568798581592,0.08918040587905188,0.08862304693243389,1,0.7008499681763235,1.0,1280
bayesfl_observability_v1,ola_sparse_bayesian_keep010_seed42,90,ola,global,,,layers.1.weight,db,0,-110.5319507176395,-109.41273397252156,-109.97234234508053,1,0.0006980328014281764,0.00078125,1280
bayesfl_observability_v1,ola_sparse_bayesian_keep010_seed42,90,ola,global,,,layers.1.weight,db,1,-109.41273397252156,-108.29351722740363,-108.8531255999626,0,0.0,0.00078125,1280
bayesfl_observability_v1,ola_sparse_bayesian_keep010_seed42,90,ola,global,,,layers.1.weight,db,2,-108.29351722740363,-107.17430048228567,-107.73390885484466,0,0.0,0.00078125,1280
bayesfl_observability_v1,ola_sparse_bayesian_keep010_seed42,90,ola,global,,,layers.1.weight,db,3,-107.17430048228567,-106.05508373716773,-106.6146921097267,0,0.0,0.00078125,1280
bayesfl_observability_v1,ola_sparse_bayesian_keep010_seed42,90,ola,global,,,layers.1.weight,db,4,-106.05508373716773,-104.9358669920498,-105.49547536460877,0,0.0,0.00078125,1280
bayesfl_observability_v1,ola_sparse_bayesian_keep010_seed42,90,ola,global,,,layers.1.weight,db,5,-104.9358669920498,-103.81665024693186,-104.37625861949083,0,0.0,0.00078125,1280
bayesfl_observability_v1,ola_sparse_bayesian_keep010_seed42,90,ola,global,,,layers.1.weight,db,6,-103.81665024693186,-102.69743350181392,-103.25704187437289,0,0.0,0.00078125,1280
bayesfl_observability_v1,ola_sparse_bayesian_keep010_seed42,90,ola,global,,,layers.1.weight,db,7,-102.69743350181392,-101.57821675669597,-102.13782512925494,1,0.0006980328014281676,0.0015625,1280
bayesfl_observability_v1,ola_sparse_bayesian_keep010_seed42,90,ola,global,,,layers.1.weight,db,8,-101.57821675669597,-100.45900001157803,-101.018608384137,0,0.0,0.0015625,1280
bayesfl_observability_v1,ola_sparse_bayesian_keep010_seed42,90,ola,global,,,layers.1.weight,db,9,-100.45900001157803,-99.33978326646009,-99.89939163901906,1,0.0006980328014281764,0.00234375,1280
bayesfl_observability_v1,ola_sparse_bayesian_keep010_seed42,90,ola,global,,,layers.1.weight,db,10,-99.33978326646009,-98.22056652134215,-98.78017489390112,0,0.0,0.00234375,1280
bayesfl_observability_v1,ola_sparse_bayesian_keep010_seed42,90,ola,global,,,layers.1.weight,db,11,-98.22056652134215,-97.1013497762242,-97.66095814878318,0,0.0,0.00234375,1280
bayesfl_observability_v1,ola_sparse_bayesian_keep010_seed42,90,ola,global,,,layers.1.weight,db,12,-97.1013497762242,-95.98213303110626,-96.54174140366523,0,0.0,0.00234375,1280
bayesfl_observability_v1,ola_sparse_bayesian_keep010_seed42,90,ola,global,,,layers.1.weight,db,13,-95.98213303110626,-94.86291628598832,-95.42252465854729,0,0.0,0.00234375,1280
bayesfl_observability_v1,ola_sparse_bayesian_keep010_seed42,90,ola,global,,,layers.1.weight,db,14,-94.86291628598832,-93.74369954087038,-94.30330791342935,2,0.0013960656028563529,0.00390625,1280
bayesfl_observability_v1,ola_sparse_bayesian_keep010_seed42,90,ola,global,,,layers.1.weight,db,15,-93.74369954087038,-92.62448279575244,-93.18409116831141,1,0.0006980328014281764,0.0046875,1280
bayesfl_observability_v1,ola_sparse_bayesian_keep010_seed42,90,ola,global,,,layers.1.weight,db,16,-92.62448279575244,-91.5052660506345,-92.06487442319347,0,0.0,0.0046875,1280
bayesfl_observability_v1,ola_sparse_bayesian_keep010_seed42,90,ola,global,,,layers.1.weight,db,17,-91.5052660506345,-90.38604930551655,-90.94565767807552,0,0.0,0.0046875,1280
bayesfl_observability_v1,ola_sparse_bayesian_keep010_seed42,90,ola,global,,,layers.1.weight,db,18,-90.38604930551655,-89.26683256039861,-89.82644093295758,0,0.0,0.0046875,1280
bayesfl_observability_v1,ola_sparse_bayesian_keep010_seed42,90,ola,global,,,layers.1.weight,db,19,-89.26683256039861,-88.14761581528067,-88.70722418783964,0,0.0,0.0046875,1280
bayesfl_observability_v1,ola_sparse_bayesian_keep010_seed42,90,ola,global,,,layers.1.weight,db,20,-88.14761581528067,-87.02839907016273,-87.5880074427217,1,0.0006980328014281764,0.00546875,1280
bayesfl_observability_v1,ola_sparse_bayesian_keep010_seed42,90,ola,global,,,layers.1.weight,db,21,-87.02839907016273,-85.90918232504478,-86.46879069760377,1,0.0006980328014281676,0.00625,1280
bayesfl_observability_v1,ola_sparse_bayesian_keep010_seed42,90,ola,global,,,layers.1.weight,db,22,-85.90918232504478,-84.78996557992684,-85.34957395248581,1,0.0006980328014281764,0.00703125,1280
bayesfl_observability_v1,ola_sparse_bayesian_keep010_seed42,90,ola,global,,,layers.1.weight,db,23,-84.78996557992684,-83.6707488348089,-84.23035720736787,1,0.0006980328014281764,0.0078125,1280
bayesfl_observability_v1,ola_sparse_bayesian_keep010_seed42,90,ola,global,,,layers.1.weight,db,24,-83.6707488348089,-82.55153208969097,-83.11114046224994,0,0.0,0.0078125,1280
bayesfl_observability_v1,ola_sparse_bayesian_keep010_seed42,90,ola,global,,,layers.1.weight,db,25,-82.55153208969097,-81.43231534457303,-81.991923717132,2,0.0013960656028563529,0.009375,1280
bayesfl_observability_v1,ola_sparse_bayesian_keep010_seed42,90,ola,global,,,layers.1.weight,db,26,-81.43231534457303,-80.31309859945509,-80.87270697201406,2,0.0013960656028563529,0.0109375,1280
bayesfl_observability_v1,ola_sparse_bayesian_keep010_seed42,90,ola,global,,,layers.1.weight,db,27,-80.31309859945509,-79.19388185433714,-79.7534902268961,1,0.0006980328014281676,0.01171875,1280
bayesfl_observability_v1,ola_sparse_bayesian_keep010_seed42,90,ola,global,,,layers.1.weight,db,28,-79.19388185433714,-78.0746651092192,-78.63427348177817,2,0.0013960656028563529,0.01328125,1280
bayesfl_observability_v1,ola_sparse_bayesian_keep010_seed42,90,ola,global,,,layers.1.weight,db,29,-78.0746651092192,-76.95544836410126,-77.51505673666023,1,0.0006980328014281764,0.0140625,1280
bayesfl_observability_v1,ola_sparse_bayesian_keep010_seed42,90,ola,global,,,layers.1.weight,db,30,-76.95544836410126,-75.8362316189833,-76.39583999154229,4,0.00279213120571267,0.0171875,1280
bayesfl_observability_v1,ola_sparse_bayesian_keep010_seed42,90,ola,global,,,layers.1.weight,db,31,-75.8362316189833,-74.71701487386537,-75.27662324642434,1,0.0006980328014281764,0.01796875,1280
bayesfl_observability_v1,ola_sparse_bayesian_keep010_seed42,90,ola,global,,,layers.1.weight,db,32,-74.71701487386537,-73.59779812874743,-74.1574065013064,2,0.0013960656028563529,0.01953125,1280
bayesfl_observability_v1,ola_sparse_bayesian_keep010_seed42,90,ola,global,,,layers.1.weight,db,33,-73.59779812874743,-72.47858138362949,-73.03818975618846,2,0.0013960656028563529,0.02109375,1280
bayesfl_observability_v1,ola_sparse_bayesian_keep010_seed42,90,ola,global,,,layers.1.weight,db,34,-72.47858138362949,-71.35936463851155,-71.91897301107052,3,0.002094098404284529,0.0234375,1280
bayesfl_observability_v1,ola_sparse_bayesian_keep010_seed42,90,ola,global,,,layers.1.weight,db,35,-71.35936463851155,-70.24014789339361,-70.79975626595258,3,0.002094098404284529,0.02578125,1280
bayesfl_observability_v1,ola_sparse_bayesian_keep010_seed42,90,ola,global,,,layers.1.weight,db,36,-70.24014789339361,-69.12093114827567,-69.68053952083464,5,0.003490164007140882,0.0296875,1280
bayesfl_observability_v1,ola_sparse_bayesian_keep010_seed42,90,ola,global,,,layers.1.weight,db,37,-69.12093114827567,-68.00171440315773,-68.5613227757167,7,0.004886229609997235,0.03515625,1280
bayesfl_observability_v1,ola_sparse_bayesian_keep010_seed42,90,ola,global,,,layers.1.weight,db,38,-68.00171440315773,-66.88249765803978,-67.44210603059875,9,0.006282295212853508,0.0421875,1280
bayesfl_observability_v1,ola_sparse_bayesian_keep010_seed42,90,ola,global,,,layers.1.weight,db,39,-66.88249765803978,-65.76328091292184,-66.32288928548081,9,0.006282295212853587,0.04921875,1280
bayesfl_observability_v1,ola_sparse_bayesian_keep010_seed42,90,ola,global,,,layers.1.weight,db,40,-65.76328091292184,-64.64406416780389,-65.20367254036287,3,0.0020940984042845025,0.0515625,1280
bayesfl_observability_v1,ola_sparse_bayesian_keep010_seed42,90,ola,global,,,layers.1.weight,db,41,-64.64406416780389,-63.52484742268596,-64.08445579524492,16,0.011168524822850892,0.0640625,1280
bayesfl_observability_v1,ola_sparse_bayesian_keep010_seed42,90,ola,global,,,layers.1.weight,db,42,-63.52484742268596,-62.40563067756802,-62.96523905012699,13,0.009074426418566293,0.07421875,1280
bayesfl_observability_v1,ola_sparse_bayesian_keep010_seed42,90,ola,global,,,layers.1.weight,db,43,-62.40563067756802,-61.286413932450074,-61.84602230500904,23,0.016054754432847956,0.0921875,1280
bayesfl_observability_v1,ola_sparse_bayesian_keep010_seed42,90,ola,global,,,layers.1.weight,db,44,-61.286413932450074,-60.167197187332135,-60.726805559891105,13,0.009074426418566293,0.10234375,1280
bayesfl_observability_v1,ola_sparse_bayesian_keep010_seed42,90,ola,global,,,layers.1.weight,db,45,-60.167197187332135,-59.04798044221419,-59.607588814773166,19,0.013262623227135267,0.1171875,1280
bayesfl_observability_v1,ola_sparse_bayesian_keep010_seed42,90,ola,global,,,layers.1.weight,db,46,-59.04798044221419,-57.92876369709625,-58.48837206965522,24,0.016752787234276232,0.1359375,1280
bayesfl_observability_v1,ola_sparse_bayesian_keep010_seed42,90,ola,global,,,layers.1.weight,db,47,-57.92876369709625,-56.809546951978305,-57.369155324537275,30,0.020940984042845157,0.159375,1280
bayesfl_observability_v1,ola_sparse_bayesian_keep010_seed42,90,ola,global,,,layers.1.weight,db,48,-56.809546951978305,-55.69033020686037,-56.249938579419336,36,0.02512918085141435,0.1875,1280
bayesfl_observability_v1,ola_sparse_bayesian_keep010_seed42,90,ola,global,,,layers.1.weight,db,49,-55.69033020686037,-54.57111346174243,-55.1307218343014,29,0.020242951241417114,0.21015625,1280
bayesfl_observability_v1,ola_sparse_bayesian_keep010_seed42,90,ola,global,,,layers.1.weight,db,50,-54.57111346174243,-53.45189671662448,-54.01150508918346,31,0.021639016844273332,0.234375,1280
bayesfl_observability_v1,ola_sparse_bayesian_keep010_seed42,90,ola,global,,,layers.1.weight,db,51,-53.45189671662448,-52.33267997150654,-52.89228834406551,24,0.016752787234276232,0.253125,1280
bayesfl_observability_v1,ola_sparse_bayesian_keep010_seed42,90,ola,global,,,layers.1.weight,db,52,-52.33267997150654,-51.2134632263886,-51.77307159894757,40,0.02792131205712688,0.284375,1280
bayesfl_observability_v1,ola_sparse_bayesian_keep010_seed42,90,ola,global,,,layers.1.weight,db,53,-51.2134632263886,-50.09424648127066,-50.65385485382963,35,0.024431148049986175,0.31171875,1280
bayesfl_observability_v1,ola_sparse_bayesian_keep010_seed42,90,ola,global,,,layers.1.weight,db,54,-50.09424648127066,-48.97502973615272,-49.53463810871169,57,0.03978786968140605,0.35625,1280
bayesfl_observability_v1,ola_sparse_bayesian_keep010_seed42,90,ola,global,,,layers.1.weight,db,55,-48.97502973615272,-47.855812991034774,-48.41542136359375,59,0.041183935284262146,0.40234375,1280
bayesfl_observability_v1,ola_sparse_bayesian_keep010_seed42,90,ola,global,,,layers.1.weight,db,56,-47.855812991034774,-46.736596245916836,-47.296204618475805,59,0.04118393528426241,0.4484375,1280
bayesfl_observability_v1,ola_sparse_bayesian_keep010_seed42,90,ola,global,,,layers.1.weight,db,57,-46.736596245916836,-45.61737950079889,-46.17698787335786,71,0.04956032890140021,0.50390625,1280
bayesfl_observability_v1,ola_sparse_bayesian_keep010_seed42,90,ola,global,,,layers.1.weight,db,58,-45.61737950079889,-44.49816275568095,-45.05777112823992,83,0.05793672251853864,0.56875,1280
bayesfl_observability_v1,ola_sparse_bayesian_keep010_seed42,90,ola,global,,,layers.1.weight,db,59,-44.49816275568095,-43.37894601056301,-43.93855438312198,57,0.03978786968140605,0.61328125,1280
bayesfl_observability_v1,ola_sparse_bayesian_keep010_seed42,90,ola,global,,,layers.1.weight,db,60,-43.37894601056301,-42.259729265445074,-42.81933763800404,66,0.04607016489425964,0.66484375,1280
bayesfl_observability_v1,ola_sparse_bayesian_keep010_seed42,90,ola,global,,,layers.1.weight,db,61,-42.259729265445074,-41.14051252032712,-41.7001208928861,74,0.0516544273056844,0.72265625,1280
bayesfl_observability_v1,ola_sparse_bayesian_keep010_seed42,90,ola,global,,,layers.1.weight,db,62,-41.14051252032712,-40.02129577520918,-40.58090414776815,63,0.04397606648997511,0.771875,1280
bayesfl_observability_v1,ola_sparse_bayesian_keep010_seed42,90,ola,global,,,layers.1.weight,db,63,-40.02129577520918,-38.902079030091244,-39.46168740265021,45,0.03141147606426794,0.80703125,1280
bayesfl_observability_v1,ola_sparse_bayesian_keep010_seed42,90,ola,global,,,layers.1.weight,db,64,-38.902079030091244,-37.782862284973305,-38.342470657532274,37,0.025827213652842528,0.8359375,1280
bayesfl_observability_v1,ola_sparse_bayesian_keep010_seed42,90,ola,global,,,layers.1.weight,db,65,-37.782862284973305,-36.66364553985537,-37.223253912414336,37,0.025827213652842528,0.86484375,1280
bayesfl_observability_v1,ola_sparse_bayesian_keep010_seed42,90,ola,global,,,layers.1.weight,db,66,-36.66364553985537,-35.544428794737414,-36.10403716729639,33,0.02303508244712953,0.890625,1280
bayesfl_observability_v1,ola_sparse_bayesian_keep010_seed42,90,ola,global,,,layers.1.weight,db,67,-35.544428794737414,-34.425212049619475,-34.984820422178444,35,0.024431148049986175,0.91796875,1280
bayesfl_observability_v1,ola_sparse_bayesian_keep010_seed42,90,ola,global,,,layers.1.weight,db,68,-34.425212049619475,-33.305995304501536,-33.865603677060506,22,0.01535672163141988,0.93515625,1280
bayesfl_observability_v1,ola_sparse_bayesian_keep010_seed42,90,ola,global,,,layers.1.weight,db,69,-33.305995304501536,-32.1867785593836,-32.74638693194257,19,0.013262623227135352,0.95,1280
bayesfl_observability_v1,ola_sparse_bayesian_keep010_seed42,90,ola,global,,,layers.1.weight,db,70,-32.1867785593836,-31.06756181426566,-31.627170186824628,11,0.00767836081570994,0.95859375,1280
bayesfl_observability_v1,ola_sparse_bayesian_keep010_seed42,90,ola,global,,,layers.1.weight,db,71,-31.06756181426566,-29.948345069147706,-30.507953441706682,18,0.012564590425707015,0.97265625,1280
bayesfl_observability_v1,ola_sparse_bayesian_keep010_seed42,90,ola,global,,,layers.1.weight,db,72,-29.948345069147706,-28.829128324029767,-29.388736696588737,9,0.006282295212853587,0.9796875,1280
bayesfl_observability_v1,ola_sparse_bayesian_keep010_seed42,90,ola,global,,,layers.1.weight,db,73,-28.829128324029767,-27.70991157891183,-28.269519951470798,8,0.0055842624114254115,0.9859375,1280
bayesfl_observability_v1,ola_sparse_bayesian_keep010_seed42,90,ola,global,,,layers.1.weight,db,74,-27.70991157891183,-26.59069483379389,-27.15030320635286,3,0.002094098404284529,0.98828125,1280
bayesfl_observability_v1,ola_sparse_bayesian_keep010_seed42,90,ola,global,,,layers.1.weight,db,75,-26.59069483379389,-25.47147808867595,-26.03108646123492,5,0.003490164007140882,0.9921875,1280
bayesfl_observability_v1,ola_sparse_bayesian_keep010_seed42,90,ola,global,,,layers.1.weight,db,76,-25.47147808867595,-24.352261343558,-24.911869716116975,3,0.0020940984042845025,0.99453125,1280
bayesfl_observability_v1,ola_sparse_bayesian_keep010_seed42,90,ola,global,,,layers.1.weight,db,77,-24.352261343558,-23.23304459844006,-23.79265297099903,6,0.004188196808569058,0.99921875,1280
bayesfl_observability_v1,ola_sparse_bayesian_keep010_seed42,90,ola,global,,,layers.1.weight,db,78,-23.23304459844006,-22.11382785332212,-22.67343622588109,0,0.0,0.99921875,1280
bayesfl_observability_v1,ola_sparse_bayesian_keep010_seed42,90,ola,global,,,layers.1.weight,db,79,-22.11382785332212,-20.994611108204182,-21.55421948076315,1,0.0006980328014281764,1.0,1280
bayesfl_observability_v1,ola_sparse_bayesian_keep010_seed42,90,ola,global,,,layers.1.bias,raw,0,6.003296753472821e-05,0.00022596285276120783,0.00014299791014796802,1,602.6641907424263,0.1,10
bayesfl_observability_v1,ola_sparse_bayesian_keep010_seed42,90,ola,global,,,layers.1.bias,raw,1,0.00022596285276120783,0.0003918927379876875,0.00030892779537444764,0,0.0,0.1,10
bayesfl_observability_v1,ola_sparse_bayesian_keep010_seed42,90,ola,global,,,layers.1.bias,raw,2,0.0003918927379876875,0.0005578226232141671,0.0004748576806009273,1,602.664190742426,0.2,10
bayesfl_observability_v1,ola_sparse_bayesian_keep010_seed42,90,ola,global,,,layers.1.bias,raw,3,0.0005578226232141671,0.0007237525084406467,0.0006407875658274069,1,602.6641907424264,0.3,10
bayesfl_observability_v1,ola_sparse_bayesian_keep010_seed42,90,ola,global,,,layers.1.bias,raw,4,0.0007237525084406467,0.0008896823936671263,0.0008067174510538865,1,602.6641907424264,0.4,10
bayesfl_observability_v1,ola_sparse_bayesian_keep010_seed42,90,ola,global,,,layers.1.bias,raw,5,0.0008896823936671263,0.001055612278893606,0.0009726473362803661,2,1205.328381484852,0.6,10
bayesfl_observability_v1,ola_sparse_bayesian_keep010_seed42,90,ola,global,,,layers.1.bias,raw,6,0.001055612278893606,0.0012215421641200855,0.0011385772215068458,0,0.0,0.6,10
bayesfl_observability_v1,ola_sparse_bayesian_keep010_seed42,90,ola,global,,,layers.1.bias,raw,7,0.0012215421641200855,0.001387472049346565,0.0013045071067333252,0,0.0,0.6,10
bayesfl_observability_v1,ola_sparse_bayesian_keep010_seed42,90,ola,global,,,layers.1.bias,raw,8,0.001387472049346565,0.0015534019345730446,0.001470436991959805,0,0.0,0.6,10
bayesfl_observability_v1,ola_sparse_bayesian_keep010_seed42,90,ola,global,,,layers.1.bias,raw,9,0.0015534019345730446,0.0017193318197995242,0.0016363668771862843,0,0.0,0.6,10
bayesfl_observability_v1,ola_sparse_bayesian_keep010_seed42,90,ola,global,,,layers.1.bias,raw,10,0.0017193318197995242,0.001885261705026004,0.001802296762412764,0,0.0,0.6,10
bayesfl_observability_v1,ola_sparse_bayesian_keep010_seed42,90,ola,global,,,layers.1.bias,raw,11,0.001885261705026004,0.002051191590252484,0.001968226647639244,0,0.0,0.6,10
bayesfl_observability_v1,ola_sparse_bayesian_keep010_seed42,90,ola,global,,,layers.1.bias,raw,12,0.002051191590252484,0.0022171214754789633,0.0021341565328657237,0,0.0,0.6,10
bayesfl_observability_v1,ola_sparse_bayesian_keep010_seed42,90,ola,global,,,layers.1.bias,raw,13,0.0022171214754789633,0.002383051360705443,0.002300086418092203,0,0.0,0.6,10
bayesfl_observability_v1,ola_sparse_bayesian_keep010_seed42,90,ola,global,,,layers.1.bias,raw,14,0.002383051360705443,0.0025489812459319225,0.002466016303318683,0,0.0,0.6,10
bayesfl_observability_v1,ola_sparse_bayesian_keep010_seed42,90,ola,global,,,layers.1.bias,raw,15,0.0025489812459319225,0.0027149111311584023,0.0026319461885451626,0,0.0,0.6,10
bayesfl_observability_v1,ola_sparse_bayesian_keep010_seed42,90,ola,global,,,layers.1.bias,raw,16,0.0027149111311584023,0.002880841016384882,0.002797876073771642,0,0.0,0.6,10
bayesfl_observability_v1,ola_sparse_bayesian_keep010_seed42,90,ola,global,,,layers.1.bias,raw,17,0.002880841016384882,0.0030467709016113614,0.0029638059589981217,0,0.0,0.6,10
bayesfl_observability_v1,ola_sparse_bayesian_keep010_seed42,90,ola,global,,,layers.1.bias,raw,18,0.0030467709016113614,0.003212700786837841,0.0031297358442246015,0,0.0,0.6,10
bayesfl_observability_v1,ola_sparse_bayesian_keep010_seed42,90,ola,global,,,layers.1.bias,raw,19,0.003212700786837841,0.0033786306720643205,0.003295665729451081,0,0.0,0.6,10
bayesfl_observability_v1,ola_sparse_bayesian_keep010_seed42,90,ola,global,,,layers.1.bias,raw,20,0.0033786306720643205,0.0035445605572908003,0.00346159561467756,0,0.0,0.6,10
bayesfl_observability_v1,ola_sparse_bayesian_keep010_seed42,90,ola,global,,,layers.1.bias,raw,21,0.0035445605572908003,0.00371049044251728,0.0036275254999040404,0,0.0,0.6,10
bayesfl_observability_v1,ola_sparse_bayesian_keep010_seed42,90,ola,global,,,layers.1.bias,raw,22,0.00371049044251728,0.0038764203277437594,0.0037934553851305198,0,0.0,0.6,10
bayesfl_observability_v1,ola_sparse_bayesian_keep010_seed42,90,ola,global,,,layers.1.bias,raw,23,0.0038764203277437594,0.00404235021297024,0.003959385270357,0,0.0,0.6,10
bayesfl_observability_v1,ola_sparse_bayesian_keep010_seed42,90,ola,global,,,layers.1.bias,raw,24,0.00404235021297024,0.004208280098196719,0.004125315155583479,0,0.0,0.6,10
bayesfl_observability_v1,ola_sparse_bayesian_keep010_seed42,90,ola,global,,,layers.1.bias,raw,25,0.004208280098196719,0.004374209983423198,0.004291245040809959,1,602.6641907424272,0.7,10
bayesfl_observability_v1,ola_sparse_bayesian_keep010_seed42,90,ola,global,,,layers.1.bias,raw,26,0.004374209983423198,0.004540139868649678,0.004457174926036438,0,0.0,0.7,10
bayesfl_observability_v1,ola_sparse_bayesian_keep010_seed42,90,ola,global,,,layers.1.bias,raw,27,0.004540139868649678,0.004706069753876158,0.004623104811262917,1,602.664190742424,0.8,10
bayesfl_observability_v1,ola_sparse_bayesian_keep010_seed42,90,ola,global,,,layers.1.bias,raw,28,0.004706069753876158,0.004871999639102637,0.004789034696489398,0,0.0,0.8,10
bayesfl_observability_v1,ola_sparse_bayesian_keep010_seed42,90,ola,global,,,layers.1.bias,raw,29,0.004871999639102637,0.005037929524329117,0.004954964581715877,0,0.0,0.8,10
bayesfl_observability_v1,ola_sparse_bayesian_keep010_seed42,90,ola,global,,,layers.1.bias,raw,30,0.005037929524329117,0.005203859409555597,0.005120894466942357,0,0.0,0.8,10
bayesfl_observability_v1,ola_sparse_bayesian_keep010_seed42,90,ola,global,,,layers.1.bias,raw,31,0.005203859409555597,0.005369789294782076,0.0052868243521688365,0,0.0,0.8,10
bayesfl_observability_v1,ola_sparse_bayesian_keep010_seed42,90,ola,global,,,layers.1.bias,raw,32,0.005369789294782076,0.0055357191800085555,0.005452754237395316,0,0.0,0.8,10
bayesfl_observability_v1,ola_sparse_bayesian_keep010_seed42,90,ola,global,,,layers.1.bias,raw,33,0.0055357191800085555,0.005701649065235036,0.005618684122621795,0,0.0,0.8,10
bayesfl_observability_v1,ola_sparse_bayesian_keep010_seed42,90,ola,global,,,layers.1.bias,raw,34,0.005701649065235036,0.005867578950461515,0.005784614007848275,0,0.0,0.8,10
bayesfl_observability_v1,ola_sparse_bayesian_keep010_seed42,90,ola,global,,,layers.1.bias,raw,35,0.005867578950461515,0.006033508835687994,0.005950543893074755,0,0.0,0.8,10
bayesfl_observability_v1,ola_sparse_bayesian_keep010_seed42,90,ola,global,,,layers.1.bias,raw,36,0.006033508835687994,0.006199438720914475,0.006116473778301235,0,0.0,0.8,10
bayesfl_observability_v1,ola_sparse_bayesian_keep010_seed42,90,ola,global,,,layers.1.bias,raw,37,0.006199438720914475,0.006365368606140954,0.006282403663527714,1,602.6641907424272,0.9,10
bayesfl_observability_v1,ola_sparse_bayesian_keep010_seed42,90,ola,global,,,layers.1.bias,raw,38,0.006365368606140954,0.006531298491367433,0.006448333548754194,0,0.0,0.9,10
bayesfl_observability_v1,ola_sparse_bayesian_keep010_seed42,90,ola,global,,,layers.1.bias,raw,39,0.006531298491367433,0.006697228376593913,0.006614263433980673,0,0.0,0.9,10
bayesfl_observability_v1,ola_sparse_bayesian_keep010_seed42,90,ola,global,,,layers.1.bias,raw,40,0.006697228376593913,0.006863158261820393,0.006780193319207152,0,0.0,0.9,10
bayesfl_observability_v1,ola_sparse_bayesian_keep010_seed42,90,ola,global,,,layers.1.bias,raw,41,0.006863158261820393,0.007029088147046872,0.006946123204433633,0,0.0,0.9,10
bayesfl_observability_v1,ola_sparse_bayesian_keep010_seed42,90,ola,global,,,layers.1.bias,raw,42,0.007029088147046872,0.007195018032273352,0.007112053089660112,0,0.0,0.9,10
bayesfl_observability_v1,ola_sparse_bayesian_keep010_seed42,90,ola,global,,,layers.1.bias,raw,43,0.007195018032273352,0.007360947917499832,0.007277982974886592,0,0.0,0.9,10
bayesfl_observability_v1,ola_sparse_bayesian_keep010_seed42,90,ola,global,,,layers.1.bias,raw,44,0.007360947917499832,0.007526877802726311,0.0074439128601130715,0,0.0,0.9,10
bayesfl_observability_v1,ola_sparse_bayesian_keep010_seed42,90,ola,global,,,layers.1.bias,raw,45,0.007526877802726311,0.0076928076879527905,0.007609842745339551,0,0.0,0.9,10
bayesfl_observability_v1,ola_sparse_bayesian_keep010_seed42,90,ola,global,,,layers.1.bias,raw,46,0.0076928076879527905,0.00785873757317927,0.00777577263056603,0,0.0,0.9,10
bayesfl_observability_v1,ola_sparse_bayesian_keep010_seed42,90,ola,global,,,layers.1.bias,raw,47,0.00785873757317927,0.00802466745840575,0.007941702515792511,0,0.0,0.9,10
bayesfl_observability_v1,ola_sparse_bayesian_keep010_seed42,90,ola,global,,,layers.1.bias,raw,48,0.00802466745840575,0.00819059734363223,0.008107632401018989,0,0.0,0.9,10
bayesfl_observability_v1,ola_sparse_bayesian_keep010_seed42,90,ola,global,,,layers.1.bias,raw,49,0.00819059734363223,0.008356527228858709,0.00827356228624547,0,0.0,0.9,10
bayesfl_observability_v1,ola_sparse_bayesian_keep010_seed42,90,ola,global,,,layers.1.bias,raw,50,0.008356527228858709,0.008522457114085188,0.008439492171471948,0,0.0,0.9,10
bayesfl_observability_v1,ola_sparse_bayesian_keep010_seed42,90,ola,global,,,layers.1.bias,raw,51,0.008522457114085188,0.008688386999311667,0.008605422056698429,0,0.0,0.9,10
bayesfl_observability_v1,ola_sparse_bayesian_keep010_seed42,90,ola,global,,,layers.1.bias,raw,52,0.008688386999311667,0.008854316884538147,0.008771351941924906,0,0.0,0.9,10
bayesfl_observability_v1,ola_sparse_bayesian_keep010_seed42,90,ola,global,,,layers.1.bias,raw,53,0.008854316884538147,0.009020246769764626,0.008937281827151387,0,0.0,0.9,10
bayesfl_observability_v1,ola_sparse_bayesian_keep010_seed42,90,ola,global,,,layers.1.bias,raw,54,0.009020246769764626,0.009186176654991107,0.009103211712377867,0,0.0,0.9,10
bayesfl_observability_v1,ola_sparse_bayesian_keep010_seed42,90,ola,global,,,layers.1.bias,raw,55,0.009186176654991107,0.009352106540217587,0.009269141597604346,0,0.0,0.9,10
bayesfl_observability_v1,ola_sparse_bayesian_keep010_seed42,90,ola,global,,,layers.1.bias,raw,56,0.009352106540217587,0.009518036425444066,0.009435071482830827,0,0.0,0.9,10
bayesfl_observability_v1,ola_sparse_bayesian_keep010_seed42,90,ola,global,,,layers.1.bias,raw,57,0.009518036425444066,0.009683966310670545,0.009601001368057305,0,0.0,0.9,10
bayesfl_observability_v1,ola_sparse_bayesian_keep010_seed42,90,ola,global,,,layers.1.bias,raw,58,0.009683966310670545,0.009849896195897025,0.009766931253283786,0,0.0,0.9,10
bayesfl_observability_v1,ola_sparse_bayesian_keep010_seed42,90,ola,global,,,layers.1.bias,raw,59,0.009849896195897025,0.010015826081123504,0.009932861138510263,0,0.0,0.9,10
bayesfl_observability_v1,ola_sparse_bayesian_keep010_seed42,90,ola,global,,,layers.1.bias,raw,60,0.010015826081123504,0.010181755966349985,0.010098791023736745,0,0.0,0.9,10
bayesfl_observability_v1,ola_sparse_bayesian_keep010_seed42,90,ola,global,,,layers.1.bias,raw,61,0.010181755966349985,0.010347685851576464,0.010264720908963226,0,0.0,0.9,10
bayesfl_observability_v1,ola_sparse_bayesian_keep010_seed42,90,ola,global,,,layers.1.bias,raw,62,0.010347685851576464,0.010513615736802944,0.010430650794189703,0,0.0,0.9,10
bayesfl_observability_v1,ola_sparse_bayesian_keep010_seed42,90,ola,global,,,layers.1.bias,raw,63,0.010513615736802944,0.010679545622029423,0.010596580679416184,0,0.0,0.9,10
bayesfl_observability_v1,ola_sparse_bayesian_keep010_seed42,90,ola,global,,,layers.1.bias,raw,64,0.010679545622029423,0.010845475507255902,0.010762510564642662,0,0.0,0.9,10
bayesfl_observability_v1,ola_sparse_bayesian_keep010_seed42,90,ola,global,,,layers.1.bias,raw,65,0.010845475507255902,0.011011405392482382,0.010928440449869143,0,0.0,0.9,10
bayesfl_observability_v1,ola_sparse_bayesian_keep010_seed42,90,ola,global,,,layers.1.bias,raw,66,0.011011405392482382,0.011177335277708861,0.01109437033509562,0,0.0,0.9,10
bayesfl_observability_v1,ola_sparse_bayesian_keep010_seed42,90,ola,global,,,layers.1.bias,raw,67,0.011177335277708861,0.011343265162935342,0.011260300220322102,0,0.0,0.9,10
bayesfl_observability_v1,ola_sparse_bayesian_keep010_seed42,90,ola,global,,,layers.1.bias,raw,68,0.011343265162935342,0.011509195048161822,0.011426230105548583,0,0.0,0.9,10
bayesfl_observability_v1,ola_sparse_bayesian_keep010_seed42,90,ola,global,,,layers.1.bias,raw,69,0.011509195048161822,0.011675124933388301,0.01159215999077506,0,0.0,0.9,10
bayesfl_observability_v1,ola_sparse_bayesian_keep010_seed42,90,ola,global,,,layers.1.bias,raw,70,0.011675124933388301,0.01184105481861478,0.011758089876001541,0,0.0,0.9,10
bayesfl_observability_v1,ola_sparse_bayesian_keep010_seed42,90,ola,global,,,layers.1.bias,raw,71,0.01184105481861478,0.01200698470384126,0.011924019761228019,0,0.0,0.9,10
bayesfl_observability_v1,ola_sparse_bayesian_keep010_seed42,90,ola,global,,,layers.1.bias,raw,72,0.01200698470384126,0.012172914589067739,0.0120899496464545,0,0.0,0.9,10
bayesfl_observability_v1,ola_sparse_bayesian_keep010_seed42,90,ola,global,,,layers.1.bias,raw,73,0.012172914589067739,0.01233884447429422,0.01225587953168098,0,0.0,0.9,10
bayesfl_observability_v1,ola_sparse_bayesian_keep010_seed42,90,ola,global,,,layers.1.bias,raw,74,0.01233884447429422,0.0125047743595207,0.012421809416907459,0,0.0,0.9,10
bayesfl_observability_v1,ola_sparse_bayesian_keep010_seed42,90,ola,global,,,layers.1.bias,raw,75,0.0125047743595207,0.012670704244747179,0.01258773930213394,0,0.0,0.9,10
bayesfl_observability_v1,ola_sparse_bayesian_keep010_seed42,90,ola,global,,,layers.1.bias,raw,76,0.012670704244747179,0.012836634129973658,0.012753669187360418,0,0.0,0.9,10
bayesfl_observability_v1,ola_sparse_bayesian_keep010_seed42,90,ola,global,,,layers.1.bias,raw,77,0.012836634129973658,0.013002564015200137,0.012919599072586899,0,0.0,0.9,10
bayesfl_observability_v1,ola_sparse_bayesian_keep010_seed42,90,ola,global,,,layers.1.bias,raw,78,0.013002564015200137,0.013168493900426617,0.013085528957813376,0,0.0,0.9,10
bayesfl_observability_v1,ola_sparse_bayesian_keep010_seed42,90,ola,global,,,layers.1.bias,raw,79,0.013168493900426617,0.013334423785653098,0.013251458843039857,1,602.6641907424208,1.0,10
bayesfl_observability_v1,ola_sparse_bayesian_keep010_seed42,90,ola,global,,,layers.1.bias,db,0,-84.43220361884741,-83.84555751023797,-84.13888056454269,1,0.17046051875641863,0.1,10
bayesfl_observability_v1,ola_sparse_bayesian_keep010_seed42,90,ola,global,,,layers.1.bias,db,1,-83.84555751023797,-83.25891140162851,-83.55223445593325,0,0.0,0.1,10
bayesfl_observability_v1,ola_sparse_bayesian_keep010_seed42,90,ola,global,,,layers.1.bias,db,2,-83.25891140162851,-82.67226529301907,-82.96558834732379,0,0.0,0.1,10
bayesfl_observability_v1,ola_sparse_bayesian_keep010_seed42,90,ola,global,,,layers.1.bias,db,3,-82.67226529301907,-82.08561918440961,-82.37894223871433,0,0.0,0.1,10
bayesfl_observability_v1,ola_sparse_bayesian_keep010_seed42,90,ola,global,,,layers.1.bias,db,4,-82.08561918440961,-81.49897307580017,-81.79229613010489,0,0.0,0.1,10
bayesfl_observability_v1,ola_sparse_bayesian_keep010_seed42,90,ola,global,,,layers.1.bias,db,5,-81.49897307580017,-80.91232696719071,-81.20565002149544,0,0.0,0.1,10
bayesfl_observability_v1,ola_sparse_bayesian_keep010_seed42,90,ola,global,,,layers.1.bias,db,6,-80.91232696719071,-80.32568085858126,-80.61900391288599,0,0.0,0.1,10
bayesfl_observability_v1,ola_sparse_bayesian_keep010_seed42,90,ola,global,,,layers.1.bias,db,7,-80.32568085858126,-79.73903474997181,-80.03235780427653,0,0.0,0.1,10
bayesfl_observability_v1,ola_sparse_bayesian_keep010_seed42,90,ola,global,,,layers.1.bias,db,8,-79.73903474997181,-79.15238864136236,-79.44571169566709,0,0.0,0.1,10
bayesfl_observability_v1,ola_sparse_bayesian_keep010_seed42,90,ola,global,,,layers.1.bias,db,9,-79.15238864136236,-78.5657425327529,-78.85906558705764,0,0.0,0.1,10
bayesfl_observability_v1,ola_sparse_bayesian_keep010_seed42,90,ola,global,,,layers.1.bias,db,10,-78.5657425327529,-77.97909642414346,-78.27241947844819,0,0.0,0.1,10
bayesfl_observability_v1,ola_sparse_bayesian_keep010_seed42,90,ola,global,,,layers.1.bias,db,11,-77.97909642414346,-77.392450315534,-77.68577336983873,0,0.0,0.1,10
bayesfl_observability_v1,ola_sparse_bayesian_keep010_seed42,90,ola,global,,,layers.1.bias,db,12,-77.392450315534,-76.80580420692456,-77.09912726122928,0,0.0,0.1,10
bayesfl_observability_v1,ola_sparse_bayesian_keep010_seed42,90,ola,global,,,layers.1.bias,db,13,-76.80580420692456,-76.2191580983151,-76.51248115261984,0,0.0,0.1,10
bayesfl_observability_v1,ola_sparse_bayesian_keep010_seed42,90,ola,global,,,layers.1.bias,db,14,-76.2191580983151,-75.63251198970566,-75.92583504401038,0,0.0,0.1,10
bayesfl_observability_v1,ola_sparse_bayesian_keep010_seed42,90,ola,global,,,layers.1.bias,db,15,-75.63251198970566,-75.0458658810962,-75.33918893540093,0,0.0,0.1,10
bayesfl_observability_v1,ola_sparse_bayesian_keep010_seed42,90,ola,global,,,layers.1.bias,db,16,-75.0458658810962,-74.45921977248676,-74.75254282679148,0,0.0,0.1,10
bayesfl_observability_v1,ola_sparse_bayesian_keep010_seed42,90,ola,global,,,layers.1.bias,db,17,-74.45921977248676,-73.8725736638773,-74.16589671818204,0,0.0,0.1,10
bayesfl_observability_v1,ola_sparse_bayesian_keep010_seed42,90,ola,global,,,layers.1.bias,db,18,-73.8725736638773,-73.28592755526786,-73.57925060957258,0,0.0,0.1,10
bayesfl_observability_v1,ola_sparse_bayesian_keep010_seed42,90,ola,global,,,layers.1.bias,db,19,-73.28592755526786,-72.6992814466584,-72.99260450096313,0,0.0,0.1,10
bayesfl_observability_v1,ola_sparse_bayesian_keep010_seed42,90,ola,global,,,layers.1.bias,db,20,-72.6992814466584,-72.11263533804896,-72.40595839235368,0,0.0,0.1,10
bayesfl_observability_v1,ola_sparse_bayesian_keep010_seed42,90,ola,global,,,layers.1.bias,db,21,-72.11263533804896,-71.52598922943952,-71.81931228374424,0,0.0,0.1,10
bayesfl_observability_v1,ola_sparse_bayesian_keep010_seed42,90,ola,global,,,layers.1.bias,db,22,-71.52598922943952,-70.93934312083006,-71.2326661751348,0,0.0,0.1,10
bayesfl_observability_v1,ola_sparse_bayesian_keep010_seed42,90,ola,global,,,layers.1.bias,db,23,-70.93934312083006,-70.3526970122206,-70.64602006652532,0,0.0,0.1,10
bayesfl_observability_v1,ola_sparse_bayesian_keep010_seed42,90,ola,global,,,layers.1.bias,db,24,-70.3526970122206,-69.76605090361116,-70.05937395791588,0,0.0,0.1,10
bayesfl_observability_v1,ola_sparse_bayesian_keep010_seed42,90,ola,global,,,layers.1.bias,db,25,-69.76605090361116,-69.17940479500172,-69.47272784930644,0,0.0,0.1,10
bayesfl_observability_v1,ola_sparse_bayesian_keep010_seed42,90,ola,global,,,layers.1.bias,db,26,-69.17940479500172,-68.59275868639226,-68.886081740697,0,0.0,0.1,10
bayesfl_observability_v1,ola_sparse_bayesian_keep010_seed42,90,ola,global,,,layers.1.bias,db,27,-68.59275868639226,-68.00611257778282,-68.29943563208754,0,0.0,0.1,10
bayesfl_observability_v1,ola_sparse_bayesian_keep010_seed42,90,ola,global,,,layers.1.bias,db,28,-68.00611257778282,-67.41946646917336,-67.71278952347808,0,0.0,0.1,10
bayesfl_observability_v1,ola_sparse_bayesian_keep010_seed42,90,ola,global,,,layers.1.bias,db,29,-67.41946646917336,-66.83282036056391,-67.12614341486864,0,0.0,0.1,10
bayesfl_observability_v1,ola_sparse_bayesian_keep010_seed42,90,ola,global,,,layers.1.bias,db,30,-66.83282036056391,-66.24617425195446,-66.5394973062592,1,0.17046051875641452,0.2,10
bayesfl_observability_v1,ola_sparse_bayesian_keep010_seed42,90,ola,global,,,layers.1.bias,db,31,-66.24617425195446,-65.65952814334501,-65.95285119764974,0,0.0,0.2,10
bayesfl_observability_v1,ola_sparse_bayesian_keep010_seed42,90,ola,global,,,layers.1.bias,db,32,-65.65952814334501,-65.07288203473556,-65.36620508904028,0,0.0,0.2,10
bayesfl_observability_v1,ola_sparse_bayesian_keep010_seed42,90,ola,global,,,layers.1.bias,db,33,-65.07288203473556,-64.48623592612611,-64.77955898043083,0,0.0,0.2,10
bayesfl_observability_v1,ola_sparse_bayesian_keep010_seed42,90,ola,global,,,layers.1.bias,db,34,-64.48623592612611,-63.899589817516656,-64.19291287182139,0,0.0,0.2,10
bayesfl_observability_v1,ola_sparse_bayesian_keep010_seed42,90,ola,global,,,layers.1.bias,db,35,-63.899589817516656,-63.31294370890721,-63.606266763211934,1,0.17046051875641863,0.3,10
bayesfl_observability_v1,ola_sparse_bayesian_keep010_seed42,90,ola,global,,,layers.1.bias,db,36,-63.31294370890721,-62.726297600297755,-63.019620654602484,0,0.0,0.3,10
bayesfl_observability_v1,ola_sparse_bayesian_keep010_seed42,90,ola,global,,,layers.1.bias,db,37,-62.726297600297755,-62.13965149168831,-62.432974545993034,0,0.0,0.3,10
bayesfl_observability_v1,ola_sparse_bayesian_keep010_seed42,90,ola,global,,,layers.1.bias,db,38,-62.13965149168831,-61.55300538307886,-61.84632843738359,1,0.17046051875641657,0.4,10
bayesfl_observability_v1,ola_sparse_bayesian_keep010_seed42,90,ola,global,,,layers.1.bias,db,39,-61.55300538307886,-60.96635927446941,-61.25968232877413,0,0.0,0.4,10
bayesfl_observability_v1,ola_sparse_bayesian_keep010_seed42,90,ola,global,,,layers.1.bias,db,40,-60.96635927446941,-60.37971316585996,-60.67303622016469,0,0.0,0.4,10
bayesfl_observability_v1,ola_sparse_bayesian_keep010_seed42,90,ola,global,,,layers.1.bias,db,41,-60.37971316585996,-59.79306705725051,-60.08639011155523,1,0.17046051875641657,0.5,10
bayesfl_observability_v1,ola_sparse_bayesian_keep010_seed42,90,ola,global,,,layers.1.bias,db,42,-59.79306705725051,-59.20642094864106,-59.49974400294579,1,0.17046051875641657,0.6,10
bayesfl_observability_v1,ola_sparse_bayesian_keep010_seed42,90,ola,global,,,layers.1.bias,db,43,-59.20642094864106,-58.61977484003161,-58.91309789433633,0,0.0,0.6,10
bayesfl_observability_v1,ola_sparse_bayesian_keep010_seed42,90,ola,global,,,layers.1.bias,db,44,-58.61977484003161,-58.03312873142216,-58.32645178572689,0,0.0,0.6,10
bayesfl_observability_v1,ola_sparse_bayesian_keep010_seed42,90,ola,global,,,layers.1.bias,db,45,-58.03312873142216,-57.44648262281271,-57.73980567711743,0,0.0,0.6,10
bayesfl_observability_v1,ola_sparse_bayesian_keep010_seed42,90,ola,global,,,layers.1.bias,db,46,-57.44648262281271,-56.85983651420326,-57.15315956850799,0,0.0,0.6,10
bayesfl_observability_v1,ola_sparse_bayesian_keep010_seed42,90,ola,global,,,layers.1.bias,db,47,-56.85983651420326,-56.27319040559381,-56.56651345989853,0,0.0,0.6,10
bayesfl_observability_v1,ola_sparse_bayesian_keep010_seed42,90,ola,global,,,layers.1.bias,db,48,-56.27319040559381,-55.686544296984366,-55.97986735128909,0,0.0,0.6,10
bayesfl_observability_v1,ola_sparse_bayesian_keep010_seed42,90,ola,global,,,layers.1.bias,db,49,-55.686544296984366,-55.09989818837491,-55.39322124267964,0,0.0,0.6,10
bayesfl_observability_v1,ola_sparse_bayesian_keep010_seed42,90,ola,global,,,layers.1.bias,db,50,-55.09989818837491,-54.513252079765465,-54.80657513407019,0,0.0,0.6,10
bayesfl_observability_v1,ola_sparse_bayesian_keep010_seed42,90,ola,global,,,layers.1.bias,db,51,-54.513252079765465,-53.92660597115601,-54.219929025460736,0,0.0,0.6,10
bayesfl_observability_v1,ola_sparse_bayesian_keep010_seed42,90,ola,global,,,layers.1.bias,db,52,-53.92660597115601,-53.339959862546564,-53.633282916851286,0,0.0,0.6,10
bayesfl_observability_v1,ola_sparse_bayesian_keep010_seed42,90,ola,global,,,layers.1.bias,db,53,-53.339959862546564,-52.75331375393711,-53.046636808241836,0,0.0,0.6,10
bayesfl_observability_v1,ola_sparse_bayesian_keep010_seed42,90,ola,global,,,layers.1.bias,db,54,-52.75331375393711,-52.166667645327664,-52.459990699632385,0,0.0,0.6,10
bayesfl_observability_v1,ola_sparse_bayesian_keep010_seed42,90,ola,global,,,layers.1.bias,db,55,-52.166667645327664,-51.58002153671821,-51.87334459102294,0,0.0,0.6,10
bayesfl_observability_v1,ola_sparse_bayesian_keep010_seed42,90,ola,global,,,layers.1.bias,db,56,-51.58002153671821,-50.99337542810876,-51.286698482413485,0,0.0,0.6,10
bayesfl_observability_v1,ola_sparse_bayesian_keep010_seed42,90,ola,global,,,layers.1.bias,db,57,-50.99337542810876,-50.40672931949931,-50.70005237380404,0,0.0,0.6,10
bayesfl_observability_v1,ola_sparse_bayesian_keep010_seed42,90,ola,global,,,layers.1.bias,db,58,-50.40672931949931,-49.82008321088986,-50.113406265194584,0,0.0,0.6,10
bayesfl_observability_v1,ola_sparse_bayesian_keep010_seed42,90,ola,global,,,layers.1.bias,db,59,-49.82008321088986,-49.23343710228041,-49.52676015658514,0,0.0,0.6,10
bayesfl_observability_v1,ola_sparse_bayesian_keep010_seed42,90,ola,global,,,layers.1.bias,db,60,-49.23343710228041,-48.64679099367096,-48.94011404797568,0,0.0,0.6,10
bayesfl_observability_v1,ola_sparse_bayesian_keep010_seed42,90,ola,global,,,layers.1.bias,db,61,-48.64679099367096,-48.06014488506151,-48.35346793936624,0,0.0,0.6,10
bayesfl_observability_v1,ola_sparse_bayesian_keep010_seed42,90,ola,global,,,layers.1.bias,db,62,-48.06014488506151,-47.47349877645206,-47.76682183075678,0,0.0,0.6,10
bayesfl_observability_v1,ola_sparse_bayesian_keep010_seed42,90,ola,global,,,layers.1.bias,db,63,-47.47349877645206,-46.88685266784261,-47.18017572214734,1,0.17046051875641657,0.7,10
bayesfl_observability_v1,ola_sparse_bayesian_keep010_seed42,90,ola,global,,,layers.1.bias,db,64,-46.88685266784261,-46.30020655923316,-46.59352961353788,1,0.17046051875641657,0.8,10
bayesfl_observability_v1,ola_sparse_bayesian_keep010_seed42,90,ola,global,,,layers.1.bias,db,65,-46.30020655923316,-45.71356045062371,-46.00688350492844,0,0.0,0.8,10
bayesfl_observability_v1,ola_sparse_bayesian_keep010_seed42,90,ola,global,,,layers.1.bias,db,66,-45.71356045062371,-45.12691434201426,-45.42023739631898,0,0.0,0.8,10
bayesfl_observability_v1,ola_sparse_bayesian_keep010_seed42,90,ola,global,,,layers.1.bias,db,67,-45.12691434201426,-44.54026823340481,-44.83359128770954,0,0.0,0.8,10
bayesfl_observability_v1,ola_sparse_bayesian_keep010_seed42,90,ola,global,,,layers.1.bias,db,68,-44.54026823340481,-43.95362212479536,-44.24694517910008,1,0.17046051875641657,0.9,10
bayesfl_observability_v1,ola_sparse_bayesian_keep010_seed42,90,ola,global,,,layers.1.bias,db,69,-43.95362212479536,-43.36697601618591,-43.66029907049064,0,0.0,0.9,10
bayesfl_observability_v1,ola_sparse_bayesian_keep010_seed42,90,ola,global,,,layers.1.bias,db,70,-43.36697601618591,-42.78032990757646,-43.07365296188118,0,0.0,0.9,10
bayesfl_observability_v1,ola_sparse_bayesian_keep010_seed42,90,ola,global,,,layers.1.bias,db,71,-42.78032990757646,-42.19368379896701,-42.48700685327174,0,0.0,0.9,10
bayesfl_observability_v1,ola_sparse_bayesian_keep010_seed42,90,ola,global,,,layers.1.bias,db,72,-42.19368379896701,-41.60703769035756,-41.90036074466228,0,0.0,0.9,10
bayesfl_observability_v1,ola_sparse_bayesian_keep010_seed42,90,ola,global,,,layers.1.bias,db,73,-41.60703769035756,-41.02039158174811,-41.313714636052836,0,0.0,0.9,10
bayesfl_observability_v1,ola_sparse_bayesian_keep010_seed42,90,ola,global,,,layers.1.bias,db,74,-41.02039158174811,-40.433745473138664,-40.727068527443386,0,0.0,0.9,10
bayesfl_observability_v1,ola_sparse_bayesian_keep010_seed42,90,ola,global,,,layers.1.bias,db,75,-40.433745473138664,-39.847099364529214,-40.140422418833936,0,0.0,0.9,10
bayesfl_observability_v1,ola_sparse_bayesian_keep010_seed42,90,ola,global,,,layers.1.bias,db,76,-39.847099364529214,-39.260453255919764,-39.55377631022449,0,0.0,0.9,10
bayesfl_observability_v1,ola_sparse_bayesian_keep010_seed42,90,ola,global,,,layers.1.bias,db,77,-39.260453255919764,-38.67380714731031,-38.967130201615035,0,0.0,0.9,10
bayesfl_observability_v1,ola_sparse_bayesian_keep010_seed42,90,ola,global,,,layers.1.bias,db,78,-38.67380714731031,-38.08716103870086,-38.38048409300559,0,0.0,0.9,10
bayesfl_observability_v1,ola_sparse_bayesian_keep010_seed42,90,ola,global,,,layers.1.bias,db,79,-38.08716103870086,-37.50051493009141,-37.793837984396134,1,0.17046051875641657,1.0,10
bayesfl_observability_v1,ola_sparse_bayesian_keep010_seed42,95,ola,global,,,all,raw,0,9.424499113490028e-09,0.001252859864706322,0.0006264346446027177,82276,645.28885610696,0.808450427434411,101770
bayesfl_observability_v1,ola_sparse_bayesian_keep010_seed42,95,ola,global,,,all,raw,1,0.001252859864706322,0.0025057103049135306,0.0018792850848099263,16772,131.54242664478016,0.9732534145622482,101770
bayesfl_observability_v1,ola_sparse_bayesian_keep010_seed42,95,ola,global,,,all,raw,2,0.0025057103049135306,0.003758560745120739,0.003132135525017135,1845,14.470294369164048,0.9913825292325833,101770
bayesfl_observability_v1,ola_sparse_bayesian_keep010_seed42,95,ola,global,,,all,raw,3,0.003758560745120739,0.005011411185327948,0.004384985965224343,211,1.6548683533298723,0.9934558317775376,101770
bayesfl_observability_v1,ola_sparse_bayesian_keep010_seed42,95,ola,global,,,all,raw,4,0.005011411185327948,0.006264261625535157,0.005637836405431552,122,0.9568433132997362,0.9946546133438144,101770
bayesfl_observability_v1,ola_sparse_bayesian_keep010_seed42,95,ola,global,,,all,raw,5,0.006264261625535157,0.007517112065742365,0.0068906868456387604,101,0.7921407757645362,0.9956470472634371,101770
bayesfl_observability_v1,ola_sparse_bayesian_keep010_seed42,95,ola,global,,,all,raw,6,0.007517112065742365,0.008769962505949573,0.00814353728584597,95,0.7450829078973361,0.9965805247125872,101770
bayesfl_observability_v1,ola_sparse_bayesian_keep010_seed42,95,ola,global,,,all,raw,7,0.008769962505949573,0.010022812946156782,0.009396387726053178,55,0.43136378878266796,0.997120959025253,101770
bayesfl_observability_v1,ola_sparse_bayesian_keep010_seed42,95,ola,global,,,all,raw,8,0.010022812946156782,0.011275663386363991,0.010649238166260386,43,0.33724805304826766,0.9975434803969736,101770
bayesfl_observability_v1,ola_sparse_bayesian_keep010_seed42,95,ola,global,,,all,raw,9,0.011275663386363991,0.0125285138265712,0.011902088606467597,31,0.2431323173138674,0.9978480888277489,101770
bayesfl_observability_v1,ola_sparse_bayesian_keep010_seed42,95,ola,global,,,all,raw,10,0.0125285138265712,0.013781364266778407,0.013154939046674804,33,0.2588182732696011,0.9981723494153484,101770
bayesfl_observability_v1,ola_sparse_bayesian_keep010_seed42,95,ola,global,,,all,raw,11,0.013781364266778407,0.015034214706985616,0.014407789486882011,17,0.13333062562373374,0.9983393927483541,101770
bayesfl_observability_v1,ola_sparse_bayesian_keep010_seed42,95,ola,global,,,all,raw,12,0.015034214706985616,0.016287065147192827,0.015660639927089222,29,0.22744636135813368,0.9986243490223052,101770
bayesfl_observability_v1,ola_sparse_bayesian_keep010_seed42,95,ola,global,,,all,raw,13,0.016287065147192827,0.017539915587400035,0.016913490367296433,22,0.1725455155130674,0.9988405227473716,101770
bayesfl_observability_v1,ola_sparse_bayesian_keep010_seed42,95,ola,global,,,all,raw,14,0.017539915587400035,0.018792766027607245,0.01816634080750364,11,0.08627275775653347,0.9989486096099047,101770
bayesfl_observability_v1,ola_sparse_bayesian_keep010_seed42,95,ola,global,,,all,raw,15,0.018792766027607245,0.020045616467814453,0.019419191247710847,16,0.1254876476458672,0.9991058268644983,101770
bayesfl_observability_v1,ola_sparse_bayesian_keep010_seed42,95,ola,global,,,all,raw,16,0.020045616467814453,0.02129846690802166,0.020672041687918058,9,0.0705868018008003,0.9991942615702073,101770
bayesfl_observability_v1,ola_sparse_bayesian_keep010_seed42,95,ola,global,,,all,raw,17,0.02129846690802166,0.02255131734822887,0.021924892128125265,10,0.07842977977866679,0.9992925223543284,101770
bayesfl_observability_v1,ola_sparse_bayesian_keep010_seed42,95,ola,global,,,all,raw,18,0.02255131734822887,0.023804167788436078,0.023177742568332473,7,0.0549008458450669,0.9993613049032132,101770
bayesfl_observability_v1,ola_sparse_bayesian_keep010_seed42,95,ola,global,,,all,raw,19,0.023804167788436078,0.02505701822864329,0.024430593008539683,5,0.039214889889333394,0.9994104352952736,101770
bayesfl_observability_v1,ola_sparse_bayesian_keep010_seed42,95,ola,global,,,all,raw,20,0.02505701822864329,0.026309868668850496,0.025683443448746894,5,0.039214889889333505,0.9994595656873342,101770
bayesfl_observability_v1,ola_sparse_bayesian_keep010_seed42,95,ola,global,,,all,raw,21,0.026309868668850496,0.027562719109057703,0.026936293888954098,4,0.0313719119114668,0.9994988700009826,101770
bayesfl_observability_v1,ola_sparse_bayesian_keep010_seed42,95,ola,global,,,all,raw,22,0.027562719109057703,0.028815569549264914,0.02818914432916131,5,0.039214889889333394,0.9995480003930431,101770
bayesfl_observability_v1,ola_sparse_bayesian_keep010_seed42,95,ola,global,,,all,raw,23,0.028815569549264914,0.03006841998947212,0.02944199476936852,4,0.0313719119114668,0.9995873047066915,101770
bayesfl_observability_v1,ola_sparse_bayesian_keep010_seed42,95,ola,global,,,all,raw,24,0.03006841998947212,0.031321270429679325,0.030694845209575723,5,0.03921488988933361,0.9996364350987521,101770
bayesfl_observability_v1,ola_sparse_bayesian_keep010_seed42,95,ola,global,,,all,raw,25,0.031321270429679325,0.032574120869886536,0.031947695649782934,3,0.023528933933600036,0.9996659133339884,101770
bayesfl_observability_v1,ola_sparse_bayesian_keep010_seed42,95,ola,global,,,all,raw,26,0.032574120869886536,0.03382697131009375,0.03320054608999014,1,0.00784297797786668,0.9996757394124005,101770
bayesfl_observability_v1,ola_sparse_bayesian_keep010_seed42,95,ola,global,,,all,raw,27,0.03382697131009375,0.03507982175030095,0.03445339653019735,3,0.023528933933600168,0.9997052176476369,101770
bayesfl_observability_v1,ola_sparse_bayesian_keep010_seed42,95,ola,global,,,all,raw,28,0.03507982175030095,0.03633267219050816,0.03570624697040456,3,0.023528933933600036,0.9997346958828731,101770
bayesfl_observability_v1,ola_sparse_bayesian_keep010_seed42,95,ola,global,,,all,raw,29,0.03633267219050816,0.03758552263071537,0.03695909741061176,1,0.00784297797786668,0.9997445219612853,101770
bayesfl_observability_v1,ola_sparse_bayesian_keep010_seed42,95,ola,global,,,all,raw,30,0.03758552263071537,0.038838373070922576,0.038211947850818974,3,0.023528933933600168,0.9997740001965215,101770
bayesfl_observability_v1,ola_sparse_bayesian_keep010_seed42,95,ola,global,,,all,raw,31,0.038838373070922576,0.04009122351112979,0.039464798291026185,3,0.023528933933600036,0.9998034784317579,101770
bayesfl_observability_v1,ola_sparse_bayesian_keep010_seed42,95,ola,global,,,all,raw,32,0.04009122351112979,0.041344073951337,0.04071764873123339,1,0.00784297797786668,0.99981330451017,101770
bayesfl_observability_v1,ola_sparse_bayesian_keep010_seed42,95,ola,global,,,all,raw,33,0.041344073951337,0.0425969243915442,0.0419704991714406,2,0.015685955955733445,0.9998329566669942,101770
bayesfl_observability_v1,ola_sparse_bayesian_keep010_seed42,95,ola,global,,,all,raw,34,0.0425969243915442,0.04384977483175141,0.04322334961164781,2,0.01568595595573336,0.9998526088238184,101770
bayesfl_observability_v1,ola_sparse_bayesian_keep010_seed42,95,ola,global,,,all,raw,35,0.04384977483175141,0.04510262527195862,0.044476200051855014,0,0.0,0.9998526088238184,101770
bayesfl_observability_v1,ola_sparse_bayesian_keep010_seed42,95,ola,global,,,all,raw,36,0.04510262527195862,0.046355475712165826,0.045729050492062225,1,0.007842977977866723,0.9998624349022305,101770
bayesfl_observability_v1,ola_sparse_bayesian_keep010_seed42,95,ola,global,,,all,raw,37,0.046355475712165826,0.04760832615237304,0.046981900932269435,1,0.00784297797786668,0.9998722609806426,101770
bayesfl_observability_v1,ola_sparse_bayesian_keep010_seed42,95,ola,global,,,all,raw,38,0.04760832615237304,0.04886117659258025,0.04823475137247664,1,0.00784297797786668,0.9998820870590547,101770
bayesfl_observability_v1,ola_sparse_bayesian_keep010_seed42,95,ola,global,,,all,raw,39,0.04886117659258025,0.05011402703278746,0.04948760181268386,0,0.0,0.9998820870590547,101770
bayesfl_observability_v1,ola_sparse_bayesian_keep010_seed42,95,ola,global,,,all,raw,40,0.05011402703278746,0.05136687747299466,0.05074045225289106,0,0.0,0.9998820870590547,101770
bayesfl_observability_v1,ola_sparse_bayesian_keep010_seed42,95,ola,global,,,all,raw,41,0.05136687747299466,0.05261972791320187,0.051993302693098264,0,0.0,0.9998820870590547,101770
bayesfl_observability_v1,ola_sparse_bayesian_keep010_seed42,95,ola,global,,,all,raw,42,0.05261972791320187,0.053872578353409084,0.05324615313330548,2,0.01568595595573336,0.999901739215879,101770
bayesfl_observability_v1,ola_sparse_bayesian_keep010_seed42,95,ola,global,,,all,raw,43,0.053872578353409084,0.05512542879361629,0.054499003573512686,1,0.007842977977866723,0.999911565294291,101770
bayesfl_observability_v1,ola_sparse_bayesian_keep010_seed42,95,ola,global,,,all,raw,44,0.05512542879361629,0.0563782792338235,0.05575185401371989,1,0.00784297797786668,0.9999213913727032,101770
bayesfl_observability_v1,ola_sparse_bayesian_keep010_seed42,95,ola,global,,,all,raw,45,0.0563782792338235,0.05763112967403071,0.05700470445392711,1,0.00784297797786668,0.9999312174511152,101770
bayesfl_observability_v1,ola_sparse_bayesian_keep010_seed42,95,ola,global,,,all,raw,46,0.05763112967403071,0.05888398011423791,0.05825755489413431,3,0.023528933933600168,0.9999606956863516,101770
bayesfl_observability_v1,ola_sparse_bayesian_keep010_seed42,95,ola,global,,,all,raw,47,0.05888398011423791,0.060136830554445124,0.059510405334341515,0,0.0,0.9999606956863516,101770
bayesfl_observability_v1,ola_sparse_bayesian_keep010_seed42,95,ola,global,,,all,raw,48,0.060136830554445124,0.061389680994652335,0.06076325577454873,0,0.0,0.9999606956863516,101770
bayesfl_observability_v1,ola_sparse_bayesian_keep010_seed42,95,ola,global,,,all,raw,49,0.061389680994652335,0.06264253143485954,0.06201610621475594,0,0.0,0.9999606956863516,101770
bayesfl_observability_v1,ola_sparse_bayesian_keep010_seed42,95,ola,global,,,all,raw,50,0.06264253143485954,0.06389538187506676,0.06326895665496315,0,0.0,0.9999606956863516,101770
bayesfl_observability_v1,ola_sparse_bayesian_keep010_seed42,95,ola,global,,,all,raw,51,0.06389538187506676,0.06514823231527396,0.06452180709517036,0,0.0,0.9999606956863516,101770
bayesfl_observability_v1,ola_sparse_bayesian_keep010_seed42,95,ola,global,,,all,raw,52,0.06514823231527396,0.06640108275548116,0.06577465753537756,0,0.0,0.9999606956863516,101770
bayesfl_observability_v1,ola_sparse_bayesian_keep010_seed42,95,ola,global,,,all,raw,53,0.06640108275548116,0.06765393319568838,0.06702750797558477,0,0.0,0.9999606956863516,101770
bayesfl_observability_v1,ola_sparse_bayesian_keep010_seed42,95,ola,global,,,all,raw,54,0.06765393319568838,0.06890678363589559,0.06828035841579198,1,0.007842977977866723,0.9999705217647636,101770
bayesfl_observability_v1,ola_sparse_bayesian_keep010_seed42,95,ola,global,,,all,raw,55,0.06890678363589559,0.07015963407610279,0.06953320885599919,0,0.0,0.9999705217647636,101770
bayesfl_observability_v1,ola_sparse_bayesian_keep010_seed42,95,ola,global,,,all,raw,56,0.07015963407610279,0.07141248451631,0.0707860592962064,0,0.0,0.9999705217647636,101770
bayesfl_observability_v1,ola_sparse_bayesian_keep010_seed42,95,ola,global,,,all,raw,57,0.07141248451631,0.07266533495651721,0.07203890973641361,1,0.007842977977866723,0.9999803478431758,101770
bayesfl_observability_v1,ola_sparse_bayesian_keep010_seed42,95,ola,global,,,all,raw,58,0.07266533495651721,0.07391818539672441,0.07329176017662081,0,0.0,0.9999803478431758,101770
bayesfl_observability_v1,ola_sparse_bayesian_keep010_seed42,95,ola,global,,,all,raw,59,0.07391818539672441,0.07517103583693163,0.07454461061682802,1,0.007842977977866636,0.9999901739215878,101770
bayesfl_observability_v1,ola_sparse_bayesian_keep010_seed42,95,ola,global,,,all,raw,60,0.07517103583693163,0.07642388627713884,0.07579746105703523,0,0.0,0.9999901739215878,101770
bayesfl_observability_v1,ola_sparse_bayesian_keep010_seed42,95,ola,global,,,all,raw,61,0.07642388627713884,0.07767673671734604,0.07705031149724244,0,0.0,0.9999901739215878,101770
bayesfl_observability_v1,ola_sparse_bayesian_keep010_seed42,95,ola,global,,,all,raw,62,0.07767673671734604,0.07892958715755326,0.07830316193744966,0,0.0,0.9999901739215878,101770
bayesfl_observability_v1,ola_sparse_bayesian_keep010_seed42,95,ola,global,,,all,raw,63,0.07892958715755326,0.08018243759776046,0.07955601237765686,0,0.0,0.9999901739215878,101770
bayesfl_observability_v1,ola_sparse_bayesian_keep010_seed42,95,ola,global,,,all,raw,64,0.08018243759776046,0.08143528803796767,0.08080886281786406,0,0.0,0.9999901739215878,101770
bayesfl_observability_v1,ola_sparse_bayesian_keep010_seed42,95,ola,global,,,all,raw,65,0.08143528803796767,0.08268813847817488,0.08206171325807127,0,0.0,0.9999901739215878,101770
bayesfl_observability_v1,ola_sparse_bayesian_keep010_seed42,95,ola,global,,,all,raw,66,0.08268813847817488,0.08394098891838209,0.08331456369827848,0,0.0,0.9999901739215878,101770
bayesfl_observability_v1,ola_sparse_bayesian_keep010_seed42,95,ola,global,,,all,raw,67,0.08394098891838209,0.08519383935858929,0.08456741413848569,0,0.0,0.9999901739215878,101770
bayesfl_observability_v1,ola_sparse_bayesian_keep010_seed42,95,ola,global,,,all,raw,68,0.08519383935858929,0.08644668979879651,0.0858202645786929,0,0.0,0.9999901739215878,101770
bayesfl_observability_v1,ola_sparse_bayesian_keep010_seed42,95,ola,global,,,all,raw,69,0.08644668979879651,0.08769954023900371,0.08707311501890011,0,0.0,0.9999901739215878,101770
bayesfl_observability_v1,ola_sparse_bayesian_keep010_seed42,95,ola,global,,,all,raw,70,0.08769954023900371,0.08895239067921092,0.08832596545910731,0,0.0,0.9999901739215878,101770
bayesfl_observability_v1,ola_sparse_bayesian_keep010_seed42,95,ola,global,,,all,raw,71,0.08895239067921092,0.09020524111941813,0.08957881589931452,0,0.0,0.9999901739215878,101770
bayesfl_observability_v1,ola_sparse_bayesian_keep010_seed42,95,ola,global,,,all,raw,72,0.09020524111941813,0.09145809155962534,0.09083166633952174,0,0.0,0.9999901739215878,101770
bayesfl_observability_v1,ola_sparse_bayesian_keep010_seed42,95,ola,global,,,all,raw,73,0.09145809155962534,0.09271094199983254,0.09208451677972894,0,0.0,0.9999901739215878,101770
bayesfl_observability_v1,ola_sparse_bayesian_keep010_seed42,95,ola,global,,,all,raw,74,0.09271094199983254,0.09396379244003976,0.09333736721993616,0,0.0,0.9999901739215878,101770
bayesfl_observability_v1,ola_sparse_bayesian_keep010_seed42,95,ola,global,,,all,raw,75,0.09396379244003976,0.09521664288024696,0.09459021766014336,0,0.0,0.9999901739215878,101770
bayesfl_observability_v1,ola_sparse_bayesian_keep010_seed42,95,ola,global,,,all,raw,76,0.09521664288024696,0.09646949332045417,0.09584306810035056,0,0.0,0.9999901739215878,101770
bayesfl_observability_v1,ola_sparse_bayesian_keep010_seed42,95,ola,global,,,all,raw,77,0.09646949332045417,0.09772234376066138,0.09709591854055777,0,0.0,0.9999901739215878,101770
bayesfl_observability_v1,ola_sparse_bayesian_keep010_seed42,95,ola,global,,,all,raw,78,0.09772234376066138,0.09897519420086859,0.09834876898076499,0,0.0,0.9999901739215878,101770
bayesfl_observability_v1,ola_sparse_bayesian_keep010_seed42,95,ola,global,,,all,raw,79,0.09897519420086859,0.1002280446410758,0.0996016194209722,1,0.007842977977866636,1.0,101770
bayesfl_observability_v1,ola_sparse_bayesian_keep010_seed42,95,ola,global,,,all,db,0,-160.51391286171068,-158.7572416365017,-159.63557724910618,1,5.593578508657365e-06,9.826078412105729e-06,101770
bayesfl_observability_v1,ola_sparse_bayesian_keep010_seed42,95,ola,global,,,all,db,1,-158.7572416365017,-157.00057041129273,-157.87890602389723,0,0.0,9.826078412105729e-06,101770
bayesfl_observability_v1,ola_sparse_bayesian_keep010_seed42,95,ola,global,,,all,db,2,-157.00057041129273,-155.24389918608375,-156.12223479868823,0,0.0,9.826078412105729e-06,101770
bayesfl_observability_v1,ola_sparse_bayesian_keep010_seed42,95,ola,global,,,all,db,3,-155.24389918608375,-153.48722796087475,-154.36556357347925,1,5.5935785086572735e-06,1.9652156824211458e-05,101770
bayesfl_observability_v1,ola_sparse_bayesian_keep010_seed42,95,ola,global,,,all,db,4,-153.48722796087475,-151.73055673566577,-152.60889234827027,0,0.0,1.9652156824211458e-05,101770
bayesfl_observability_v1,ola_sparse_bayesian_keep010_seed42,95,ola,global,,,all,db,5,-151.73055673566577,-149.9738855104568,-150.85222112306127,2,1.118715701731473e-05,3.9304313648422916e-05,101770
bayesfl_observability_v1,ola_sparse_bayesian_keep010_seed42,95,ola,global,,,all,db,6,-149.9738855104568,-148.21721428524782,-149.09554989785232,1,5.593578508657365e-06,4.913039206052864e-05,101770
bayesfl_observability_v1,ola_sparse_bayesian_keep010_seed42,95,ola,global,,,all,db,7,-148.21721428524782,-146.46054306003884,-147.33887867264332,0,0.0,4.913039206052864e-05,101770
bayesfl_observability_v1,ola_sparse_bayesian_keep010_seed42,95,ola,global,,,all,db,8,-146.46054306003884,-144.70387183482984,-145.58220744743434,1,5.5935785086572735e-06,5.895647047263437e-05,101770
bayesfl_observability_v1,ola_sparse_bayesian_keep010_seed42,95,ola,global,,,all,db,9,-144.70387183482984,-142.94720060962086,-143.82553622222537,0,0.0,5.895647047263437e-05,101770
bayesfl_observability_v1,ola_sparse_bayesian_keep010_seed42,95,ola,global,,,all,db,10,-142.94720060962086,-141.1905293844119,-142.06886499701636,0,0.0,5.895647047263437e-05,101770
bayesfl_observability_v1,ola_sparse_bayesian_keep010_seed42,95,ola,global,,,all,db,11,-141.1905293844119,-139.4338581592029,-140.31219377180742,0,0.0,5.895647047263437e-05,101770
bayesfl_observability_v1,ola_sparse_bayesian_keep010_seed42,95,ola,global,,,all,db,12,-139.4338581592029,-137.67718693399394,-138.5555225465984,2,1.118715701731473e-05,7.860862729684583e-05,101770
bayesfl_observability_v1,ola_sparse_bayesian_keep010_seed42,95,ola,global,,,all,db,13,-137.67718693399394,-135.92051570878496,-136.79885132138946,1,5.593578508657365e-06,8.843470570895156e-05,101770
bayesfl_observability_v1,ola_sparse_bayesian_keep010_seed42,95,ola,global,,,all,db,14,-135.92051570878496,-134.16384448357596,-135.04218009618046,3,1.6780735525971823e-05,0.00011791294094526874,101770
bayesfl_observability_v1,ola_sparse_bayesian_keep010_seed42,95,ola,global,,,all,db,15,-134.16384448357596,-132.40717325836698,-133.28550887097146,2,1.118715701731473e-05,0.0001375650977694802,101770
bayesfl_observability_v1,ola_sparse_bayesian_keep010_seed42,95,ola,global,,,all,db,16,-132.40717325836698,-130.650502033158,-131.5288376457625,10,5.593578508657365e-05,0.00023582588189053748,101770
bayesfl_observability_v1,ola_sparse_bayesian_keep010_seed42,95,ola,global,,,all,db,17,-130.650502033158,-128.89383080794903,-129.7721664205535,4,2.237431403462946e-05,0.0002751301955389604,101770
bayesfl_observability_v1,ola_sparse_bayesian_keep010_seed42,95,ola,global,,,all,db,18,-128.89383080794903,-127.13715958274005,-128.01549519534456,6,3.356147105194419e-05,0.00033408666601159476,101770
bayesfl_observability_v1,ola_sparse_bayesian_keep010_seed42,95,ola,global,,,all,db,19,-127.13715958274005,-125.38048835753106,-126.25882397013555,12,6.712294210388783e-05,0.00045199960695686353,101770
bayesfl_observability_v1,ola_sparse_bayesian_keep010_seed42,95,ola,global,,,all,db,20,-125.38048835753106,-123.62381713232209,-124.50215274492658,10,5.593578508657365e-05,0.0005502603910779208,101770
bayesfl_observability_v1,ola_sparse_bayesian_keep010_seed42,95,ola,global,,,all,db,21,-123.62381713232209,-121.8671459071131,-122.7454815197176,11,6.152936359523052e-05,0.0006583472536110838,101770
bayesfl_observability_v1,ola_sparse_bayesian_keep010_seed42,95,ola,global,,,all,db,22,-121.8671459071131,-120.11047468190412,-120.98881029450861,8,4.474862806925892e-05,0.0007369558809079297,101770
bayesfl_observability_v1,ola_sparse_bayesian_keep010_seed42,95,ola,global,,,all,db,23,-120.11047468190412,-118.35380345669515,-119.23213906929963,18,0.00010068441315583257,0.0009138252923258328,101770
bayesfl_observability_v1,ola_sparse_bayesian_keep010_seed42,95,ola,global,,,all,db,24,-118.35380345669515,-116.59713223148617,-117.47546784409066,21,0.00011746514868180466,0.001120172938980053,101770
bayesfl_observability_v1,ola_sparse_bayesian_keep010_seed42,95,ola,global,,,all,db,25,-116.59713223148617,-114.84046100627718,-115.71879661888167,24,0.00013424588420777567,0.0013559988208705907,101770
bayesfl_observability_v1,ola_sparse_bayesian_keep010_seed42,95,ola,global,,,all,db,26,-114.84046100627718,-113.08378978106819,-113.9621253936727,39,0.00021814956183763544,0.0017392158789427139,101770
bayesfl_observability_v1,ola_sparse_bayesian_keep010_seed42,95,ola,global,,,all,db,27,-113.08378978106819,-111.32711855585922,-112.2054541684637,40,0.0002237431403462946,0.002132259015426943,101770
bayesfl_observability_v1,ola_sparse_bayesian_keep010_seed42,95,ola,global,,,all,db,28,-111.32711855585922,-109.57044733065024,-110.44878294325473,47,0.00026289818990689616,0.002594084700795912,101770
bayesfl_observability_v1,ola_sparse_bayesian_keep010_seed42,95,ola,global,,,all,db,29,-109.57044733065024,-107.81377610544126,-108.69211171804575,49,0.0002740853469242109,0.003075562542989093,101770
bayesfl_observability_v1,ola_sparse_bayesian_keep010_seed42,95,ola,global,,,all,db,30,-107.81377610544126,-106.05710488023229,-106.93544049283678,61,0.00034120828902809927,0.0036749533261275424,101770
bayesfl_observability_v1,ola_sparse_bayesian_keep010_seed42,95,ola,global,,,all,db,31,-106.05710488023229,-104.3004336550233,-105.17876926762779,84,0.00046986059472721485,0.004500343912744424,101770
bayesfl_observability_v1,ola_sparse_bayesian_keep010_seed42,95,ola,global,,,all,db,32,-104.3004336550233,-102.54376242981431,-103.42209804241881,101,0.0005649514293743893,0.005492777832367102,101770
bayesfl_observability_v1,ola_sparse_bayesian_keep010_seed42,95,ola,global,,,all,db,33,-102.54376242981431,-100.78709120460533,-101.66542681720982,132,0.0007383523631427722,0.0067898201827650585,101770
bayesfl_observability_v1,ola_sparse_bayesian_keep010_seed42,95,ola,global,,,all,db,34,-100.78709120460533,-99.03041997939636,-99.90875559200084,143,0.0007998817267380032,0.008194949395696177,101770
bayesfl_observability_v1,ola_sparse_bayesian_keep010_seed42,95,ola,global,,,all,db,35,-99.03041997939636,-97.27374875418738,-98.15208436679187,178,0.000995656974541011,0.009943991353050997,101770
bayesfl_observability_v1,ola_sparse_bayesian_keep010_seed42,95,ola,global,,,all,db,36,-97.27374875418738,-95.51707752897839,-96.39541314158288,247,0.0013816138916383578,0.012371032720841113,101770
bayesfl_observability_v1,ola_sparse_bayesian_keep010_seed42,95,ola,global,,,all,db,37,-95.51707752897839,-93.76040630376941,-94.6387419163739,261,0.0014599239907595722,0.014935639186400708,101770
bayesfl_observability_v1,ola_sparse_bayesian_keep010_seed42,95,ola,global,,,all,db,38,-93.76040630376941,-92.00373507856044,-92.88207069116493,325,0.0018179130153136436,0.01812911467033507,101770
bayesfl_observability_v1,ola_sparse_bayesian_keep010_seed42,95,ola,global,,,all,db,39,-92.00373507856044,-90.24706385335145,-91.12539946595595,378,0.0021143726762724666,0.021843372310111034,101770
bayesfl_observability_v1,ola_sparse_bayesian_keep010_seed42,95,ola,global,,,all,db,40,-90.24706385335145,-88.49039262814247,-89.36872824074696,442,0.0024723617008265554,0.02618649896826177,101770
bayesfl_observability_v1,ola_sparse_bayesian_keep010_seed42,95,ola,global,,,all,db,41,-88.49039262814247,-86.7337214029335,-87.61205701553799,585,0.0032722434275645586,0.03193475483934362,101770
bayesfl_observability_v1,ola_sparse_bayesian_keep010_seed42,95,ola,global,,,all,db,42,-86.7337214029335,-84.97705017772451,-85.855385790329,681,0.0038092269643956343,0.03862631423798762,101770
bayesfl_observability_v1,ola_sparse_bayesian_keep010_seed42,95,ola,global,,,all,db,43,-84.97705017772451,-83.22037895251553,-84.09871456512002,857,0.004793696781919362,0.04704726343716223,101770
bayesfl_observability_v1,ola_sparse_bayesian_keep010_seed42,95,ola,global,,,all,db,44,-83.22037895251553,-81.46370772730656,-82.34204333991104,1097,0.006136155623997129,0.057826471455242216,101770
bayesfl_observability_v1,ola_sparse_bayesian_keep010_seed42,95,ola,global,,,all,db,45,-81.46370772730656,-79.70703650209757,-80.58537211470207,1310,0.007327587846341088,0.07069863417510072,101770
bayesfl_observability_v1,ola_sparse_bayesian_keep010_seed42,95,ola,global,,,all,db,46,-79.70703650209757,-77.95036527688859,-78.82870088949308,1639,0.00916787517568942,0.086803576692542,101770
bayesfl_observability_v1,ola_sparse_bayesian_keep010_seed42,95,ola,global,,,all,db,47,-77.95036527688859,-76.19369405167961,-77.0720296642841,1972,0.011030536819072324,0.1061806033212145,101770
bayesfl_observability_v1,ola_sparse_bayesian_keep010_seed42,95,ola,global,,,all,db,48,-76.19369405167961,-74.43702282647062,-75.31535843907511,2369,0.01325118748700919,0.12945858307949298,101770
bayesfl_observability_v1,ola_sparse_bayesian_keep010_seed42,95,ola,global,,,all,db,49,-74.43702282647062,-72.68035160126165,-73.55868721386614,3043,0.01702125940184436,0.15935933968753072,101770
bayesfl_observability_v1,ola_sparse_bayesian_keep010_seed42,95,ola,global,,,all,db,50,-72.68035160126165,-70.92368037605266,-71.80201598865716,3642,0.020371812928529957,0.19514591726441977,101770
bayesfl_observability_v1,ola_sparse_bayesian_keep010_seed42,95,ola,global,,,all,db,51,-70.92368037605266,-69.16700915084368,-70.04534476344817,4529,0.025333317065709206,0.2396482263928466,101770
bayesfl_observability_v1,ola_sparse_bayesian_keep010_seed42,95,ola,global,,,all,db,52,-69.16700915084368,-67.4103379256347,-68.2886735382392,5504,0.030787056111650137,0.2937309619730765,101770
bayesfl_observability_v1,ola_sparse_bayesian_keep010_seed42,95,ola,global,,,all,db,53,-67.4103379256347,-65.65366670042572,-66.5320023130302,6777,0.037907681553170654,0.36032229537191707,101770
bayesfl_observability_v1,ola_sparse_bayesian_keep010_seed42,95,ola,global,,,all,db,54,-65.65366670042572,-63.89699547521674,-64.77533108782123,8193,0.04582818872142979,0.4408273558022993,101770
bayesfl_observability_v1,ola_sparse_bayesian_keep010_seed42,95,ola,global,,,all,db,55,-63.89699547521674,-62.140324250007765,-63.01865986261225,9737,0.05446467393879676,0.5365038813009728,101770
bayesfl_observability_v1,ola_sparse_bayesian_keep010_seed42,95,ola,global,,,all,db,56,-62.140324250007765,-60.383653024798775,-61.26198863740327,12090,0.067626364169667,0.655301169303331,101770
bayesfl_observability_v1,ola_sparse_bayesian_keep010_seed42,95,ola,global,,,all,db,57,-60.383653024798775,-58.6269817995898,-59.50531741219429,12576,0.07034484332487502,0.7788739314139727,101770
bayesfl_observability_v1,ola_sparse_bayesian_keep010_seed42,95,ola,global,,,all,db,58,-58.6269817995898,-56.870310574380824,-57.74864618698531,7580,0.042399325095622824,0.8533556057777341,101770
bayesfl_observability_v1,ola_sparse_bayesian_keep010_seed42,95,ola,global,,,all,db,59,-56.870310574380824,-55.113639349171834,-55.99197496177633,5721,0.032000862648028525,0.909570600373391,101770
bayesfl_observability_v1,ola_sparse_bayesian_keep010_seed42,95,ola,global,,,all,db,60,-55.113639349171834,-53.35696812396286,-54.235303736567346,4370,0.024443938082832684,0.952510563034293,101770
bayesfl_observability_v1,ola_sparse_bayesian_keep010_seed42,95,ola,global,,,all,db,61,-53.35696812396286,-51.60029689875388,-52.47863251135837,2569,0.014369903188740771,0.9777537584749927,101770
bayesfl_observability_v1,ola_sparse_bayesian_keep010_seed42,95,ola,global,,,all,db,62,-51.60029689875388,-49.84362567354489,-50.72196128614939,1074,0.006007503318297961,0.9883069666895942,101770
bayesfl_observability_v1,ola_sparse_bayesian_keep010_seed42,95,ola,global,,,all,db,63,-49.84362567354489,-48.086954448335916,-48.965290060940404,358,0.0020025011060993366,0.991824702761128,101770
bayesfl_observability_v1,ola_sparse_bayesian_keep010_seed42,95,ola,global,,,all,db,64,-48.086954448335916,-46.33028322312694,-47.20861883573143,144,0.0008054753052466606,0.9932396580524713,101770
bayesfl_observability_v1,ola_sparse_bayesian_keep010_seed42,95,ola,global,,,all,db,65,-46.33028322312694,-44.57361199791795,-45.451947610522446,118,0.0006600422640215637,0.9943991353050997,101770
bayesfl_observability_v1,ola_sparse_bayesian_keep010_seed42,95,ola,global,,,all,db,66,-44.57361199791795,-42.816940772708975,-43.69527638531346,108,0.0006041064789349954,0.9954603517736071,101770
bayesfl_observability_v1,ola_sparse_bayesian_keep010_seed42,95,ola,global,,,all,db,67,-42.816940772708975,-41.0602695475,-41.93860516010449,118,0.000660042264021569,0.9966198290262356,101770
bayesfl_observability_v1,ola_sparse_bayesian_keep010_seed42,95,ola,global,,,all,db,68,-41.0602695475,-39.30359832229101,-40.181933934895504,85,0.00047545417323587215,0.9974550456912646,101770
bayesfl_observability_v1,ola_sparse_bayesian_keep010_seed42,95,ola,global,,,all,db,69,-39.30359832229101,-37.54692709708203,-38.42526270968652,61,0.00034120828902809927,0.9980544364744031,101770
bayesfl_observability_v1,ola_sparse_bayesian_keep010_seed42,95,ola,global,,,all,db,70,-37.54692709708203,-35.79025587187306,-36.668591484477545,57,0.0003188339749934698,0.9986145229438931,101770
bayesfl_observability_v1,ola_sparse_bayesian_keep010_seed42,95,ola,global,,,all,db,71,-35.79025587187306,-34.03358464666407,-34.91192025926856,46,0.0002573046113982367,0.9990665225508499,101770
bayesfl_observability_v1,ola_sparse_bayesian_keep010_seed42,95,ola,global,,,all,db,72,-34.03358464666407,-32.27691342145508,-33.15524903405957,33,0.00018458809078569153,0.9993907831384494,101770
bayesfl_observability_v1,ola_sparse_bayesian_keep010_seed42,95,ola,global,,,all,db,73,-32.27691342145508,-30.5202421962461,-31.39857780885059,19,0.00010627799166448993,0.9995774786282795,101770
bayesfl_observability_v1,ola_sparse_bayesian_keep010_seed42,95,ola,global,,,all,db,74,-30.5202421962461,-28.763570971037126,-29.641906583641614,16,8.949725613851784e-05,0.9997346958828731,101770
bayesfl_observability_v1,ola_sparse_bayesian_keep010_seed42,95,ola,global,,,all,db,75,-28.763570971037126,-27.00689974582815,-27.885235358432638,12,6.712294210388838e-05,0.9998526088238184,101770
bayesfl_observability_v1,ola_sparse_bayesian_keep010_seed42,95,ola,global,,,all,db,76,-27.00689974582815,-25.250228520619174,-26.128564133223662,6,3.356147105194419e-05,0.999911565294291,101770
bayesfl_observability_v1,ola_sparse_bayesian_keep010_seed42,95,ola,global,,,all,db,77,-25.250228520619174,-23.4935572954102,-24.371892908014686,5,2.7967892543286826e-05,0.9999606956863516,101770
bayesfl_observability_v1,ola_sparse_bayesian_keep010_seed42,95,ola,global,,,all,db,78,-23.4935572954102,-21.736886070201194,-22.615221682805696,3,1.6780735525971823e-05,0.9999901739215878,101770
bayesfl_observability_v1,ola_sparse_bayesian_keep010_seed42,95,ola,global,,,all,db,79,-21.736886070201194,-19.98021484499221,-20.858550457596703,1,5.593578508657342e-06,1.0,101770
bayesfl_observability_v1,ola_sparse_bayesian_keep010_seed42,95,ola,global,,,layers.0.weight,raw,0,9.424499113490028e-09,6.650003066792176e-05,3.325472758351763e-05,4596,688.80088337638,0.045798788265306124,100352
bayesfl_observability_v1,ola_sparse_bayesian_keep010_seed42,95,ola,global,,,layers.0.weight,raw,1,6.650003066792176e-05,0.00013299063683673004,9.97453337523259e-05,4613,691.3486673227244,0.09176698022959184,100352
bayesfl_observability_v1,ola_sparse_bayesian_keep010_seed42,95,ola,global,,,layers.0.weight,raw,2,0.00013299063683673004,0.0001994812430055383,0.00016623593992113418,4596,688.8008833763803,0.13756576849489796,100352
bayesfl_observability_v1,ola_sparse_bayesian_keep010_seed42,95,ola,global,,,layers.0.weight,raw,3,0.0001994812430055383,0.00026597184917434655,0.0002327265460899424,4689,702.7387602593227,0.18429129464285715,100352
bayesfl_observability_v1,ola_sparse_bayesian_keep010_seed42,95,ola,global,,,layers.0.weight,raw,4,0.00026597184917434655,0.00033246245534315484,0.0002992171522587507,4723,707.8343281520109,0.2313556281887755,100352
bayesfl_observability_v1,ola_sparse_bayesian_keep010_seed42,95,ola,global,,,layers.0.weight,raw,5,0.00033246245534315484,0.00039895306151196307,0.000365707758427559,4652,697.1935834349265,0.2777124521683674,100352
bayesfl_observability_v1,ola_sparse_bayesian_keep010_seed42,95,ola,global,,,layers.0.weight,raw,6,0.00039895306151196307,0.00046544366768077136,0.0004321983645963672,4712,706.1857620690822,0.32466717155612246,100352
bayesfl_observability_v1,ola_sparse_bayesian_keep010_seed42,95,ola,global,,,layers.0.weight,raw,7,0.00046544366768077136,0.0005319342738495797,0.0004986889707651756,4714,706.4855013568869,0.3716418207908163,100352
bayesfl_observability_v1,ola_sparse_bayesian_keep010_seed42,95,ola,global,,,layers.0.weight,raw,8,0.0005319342738495797,0.000598424880018388,0.0005651795769339838,4603,689.8499708836981,0.41751036352040816,100352
bayesfl_observability_v1,ola_sparse_bayesian_keep010_seed42,95,ola,global,,,layers.0.weight,raw,9,0.000598424880018388,0.0006649154861871963,0.0006316701831027921,4596,688.8008833763798,0.4633091517857143,100352
bayesfl_observability_v1,ola_sparse_bayesian_keep010_seed42,95,ola,global,,,layers.0.weight,raw,10,0.0006649154861871963,0.0007314060923560046,0.0006981607892716004,4559,683.2557065519834,0.5087392378826531,100352
bayesfl_observability_v1,ola_sparse_bayesian_keep010_seed42,95,ola,global,,,layers.0.weight,raw,11,0.0007314060923560046,0.0007978966985248127,0.0007646513954404086,4425,663.1731742690353,0.5528340242346939,100352
bayesfl_observability_v1,ola_sparse_bayesian_keep010_seed42,95,ola,global,,,layers.0.weight,raw,12,0.0007978966985248127,0.000864387304693621,0.0008311420016092169,4596,688.8008833763798,0.5986328125,100352
bayesfl_observability_v1,ola_sparse_bayesian_keep010_seed42,95,ola,global,,,layers.0.weight,raw,13,0.000864387304693621,0.0009308779108624293,0.0008976326077780252,4544,681.0076618934443,0.643913424744898,100352
bayesfl_observability_v1,ola_sparse_bayesian_keep010_seed42,95,ola,global,,,layers.0.weight,raw,14,0.0009308779108624293,0.0009973685170312375,0.0009641232139468334,4628,693.5967119812644,0.6900310905612245,100352
bayesfl_observability_v1,ola_sparse_bayesian_keep010_seed42,95,ola,global,,,layers.0.weight,raw,15,0.0009973685170312375,0.0010638591232000458,0.0010306138201156417,4272,640.2431187519353,0.7326012436224489,100352
bayesfl_observability_v1,ola_sparse_bayesian_keep010_seed42,95,ola,global,,,layers.0.weight,raw,16,0.0010638591232000458,0.001130349729368854,0.0010971044262844498,3689,552.8691163567157,0.7693618463010204,100352
bayesfl_observability_v1,ola_sparse_bayesian_keep010_seed42,95,ola,global,,,layers.0.weight,raw,17,0.001130349729368854,0.0011968403355376623,0.0011635950324532583,2848,426.82874583462353,0.7977419483418368,100352
bayesfl_observability_v1,ola_sparse_bayesian_keep010_seed42,95,ola,global,,,layers.0.weight,raw,18,0.0011968403355376623,0.0012633309417064706,0.0012300856386220664,2270,340.2040916589169,0.8203623246173469,100352
bayesfl_observability_v1,ola_sparse_bayesian_keep010_seed42,95,ola,global,,,layers.0.weight,raw,19,0.0012633309417064706,0.001329821547875279,0.0012965762447908749,1811,271.4139251076205,0.8384088010204082,100352
bayesfl_observability_v1,ola_sparse_bayesian_keep010_seed42,95,ola,global,,,layers.0.weight,raw,20,0.001329821547875279,0.0013963121540440872,0.001363066850959683,1627,243.83791062954091,0.854621731505102,100352
bayesfl_observability_v1,ola_sparse_bayesian_keep010_seed42,95,ola,global,,,layers.0.weight,raw,21,0.0013963121540440872,0.0014628027602128955,0.0014295574571284914,1401,209.96737110755183,0.8685825892857143,100352
bayesfl_observability_v1,ola_sparse_bayesian_keep010_seed42,95,ola,global,,,layers.0.weight,raw,22,0.0014628027602128955,0.0015292933663817038,0.0014960480632972995,1294,193.9313192099729,0.881477200255102,100352
bayesfl_observability_v1,ola_sparse_bayesian_keep010_seed42,95,ola,global,,,layers.0.weight,raw,23,0.0015292933663817038,0.0015957839725505118,0.0015625386694661078,1256,188.2362727416745,0.8939931441326531,100352
bayesfl_observability_v1,ola_sparse_bayesian_keep010_seed42,95,ola,global,,,layers.0.weight,raw,24,0.0015957839725505118,0.0016622745787193201,0.001629029275634916,1160,173.84878692702364,0.9055524553571429,100352
bayesfl_observability_v1,ola_sparse_bayesian_keep010_seed42,95,ola,global,,,layers.0.weight,raw,25,0.0016622745787193201,0.0017287651848881284,0.0016955198818037242,970,145.37355458552838,0.9152184311224489,100352
bayesfl_observability_v1,ola_sparse_bayesian_keep010_seed42,95,ola,global,,,layers.0.weight,raw,26,0.0017287651848881284,0.0017952557910569367,0.0017620104879725327,950,142.37616170747626,0.9246851084183674,100352
bayesfl_observability_v1,ola_sparse_bayesian_keep010_seed42,95,ola,global,,,layers.0.weight,raw,27,0.0017952557910569367,0.001861746397225745,0.0018285010941413407,837,125.44089194648171,0.9330257493622449,100352
bayesfl_observability_v1,ola_sparse_bayesian_keep010_seed42,95,ola,global,,,layers.0.weight,raw,28,0.001861746397225745,0.0019282370033945533,0.0018949917003101492,740,110.90353648792887,0.9403997927295918,100352
bayesfl_observability_v1,ola_sparse_bayesian_keep010_seed42,95,ola,global,,,layers.0.weight,raw,29,0.0019282370033945533,0.0019947276095633616,0.0019614823064789573,700,104.90875073182461,0.9473752391581632,100352
bayesfl_observability_v1,ola_sparse_bayesian_keep010_seed42,95,ola,global,,,layers.0.weight,raw,30,0.0019947276095633616,0.00206121821573217,0.002027972912647766,689,103.2601846488956,0.9542410714285714,100352
bayesfl_observability_v1,ola_sparse_bayesian_keep010_seed42,95,ola,global,,,layers.0.weight,raw,31,0.00206121821573217,0.002127708821900978,0.0020944635188165743,595,89.17243812205122,0.9601702008928571,100352
bayesfl_observability_v1,ola_sparse_bayesian_keep010_seed42,95,ola,global,,,layers.0.weight,raw,32,0.002127708821900978,0.002194199428069786,0.002160954124985382,534,80.03038984399218,0.9654914700255102,100352
bayesfl_observability_v1,ola_sparse_bayesian_keep010_seed42,95,ola,global,,,layers.0.weight,raw,33,0.002194199428069786,0.0022606900342385947,0.0022274447311541904,429,64.29407723421802,0.9697664221938775,100352
bayesfl_observability_v1,ola_sparse_bayesian_keep010_seed42,95,ola,global,,,layers.0.weight,raw,34,0.0022606900342385947,0.0023271806404074028,0.002293935337322999,384,57.54994325860112,0.9735929528061225,100352
bayesfl_observability_v1,ola_sparse_bayesian_keep010_seed42,95,ola,global,,,layers.0.weight,raw,35,0.0023271806404074028,0.0023936712465762113,0.002360425943491807,360,53.9530718049382,0.977180325255102,100352
bayesfl_observability_v1,ola_sparse_bayesian_keep010_seed42,95,ola,global,,,layers.0.weight,raw,36,0.0023936712465762113,0.0024601618527450193,0.002426916549660615,310,46.4595896098082,0.9802694515306123,100352
bayesfl_observability_v1,ola_sparse_bayesian_keep010_seed42,95,ola,global,,,layers.0.weight,raw,37,0.0024601618527450193,0.002526652458913828,0.0024934071558294236,293,43.91180566346359,0.9831891741071429,100352
bayesfl_observability_v1,ola_sparse_bayesian_keep010_seed42,95,ola,global,,,layers.0.weight,raw,38,0.002526652458913828,0.002593143065082636,0.002559897761998232,260,38.96610741467784,0.9857800542091837,100352
bayesfl_observability_v1,ola_sparse_bayesian_keep010_seed42,95,ola,global,,,layers.0.weight,raw,39,0.002593143065082636,0.0026596336712514444,0.00262638836816704,189,28.325362697592553,0.987663424744898,100352
bayesfl_observability_v1,ola_sparse_bayesian_keep010_seed42,95,ola,global,,,layers.0.weight,raw,40,0.0026596336712514444,0.0027261242774202525,0.0026928789743358482,157,23.529534092709312,0.9892279177295918,100352
bayesfl_observability_v1,ola_sparse_bayesian_keep010_seed42,95,ola,global,,,layers.0.weight,raw,41,0.0027261242774202525,0.002792614883589061,0.0027593695805046567,165,24.72849124393001,0.9908721301020408,100352
bayesfl_observability_v1,ola_sparse_bayesian_keep010_seed42,95,ola,global,,,layers.0.weight,raw,42,0.002792614883589061,0.002859105489757869,0.0028258601866734652,136,20.382271570754565,0.9922273596938775,100352
bayesfl_observability_v1,ola_sparse_bayesian_keep010_seed42,95,ola,global,,,layers.0.weight,raw,43,0.002859105489757869,0.0029255960959266776,0.0028923507928422733,119,17.834487624410126,0.9934131855867347,100352
bayesfl_observability_v1,ola_sparse_bayesian_keep010_seed42,95,ola,global,,,layers.0.weight,raw,44,0.0029255960959266776,0.0029920867020954856,0.0029588413990110814,97,14.537355458552888,0.9943797831632653,100352
bayesfl_observability_v1,ola_sparse_bayesian_keep010_seed42,95,ola,global,,,layers.0.weight,raw,45,0.0029920867020954856,0.003058577308264294,0.00302533200517989,92,13.788007239039763,0.9952965561224489,100352
bayesfl_observability_v1,ola_sparse_bayesian_keep010_seed42,95,ola,global,,,layers.0.weight,raw,46,0.003058577308264294,0.003125067914433102,0.0030918226113486984,68,10.191135785377282,0.9959741709183674,100352
bayesfl_observability_v1,ola_sparse_bayesian_keep010_seed42,95,ola,global,,,layers.0.weight,raw,47,0.003125067914433102,0.0031915585206019103,0.003158313217517506,59,8.842308990253818,0.9965621014030612,100352
bayesfl_observability_v1,ola_sparse_bayesian_keep010_seed42,95,ola,global,,,layers.0.weight,raw,48,0.0031915585206019103,0.0032580491267707188,0.0032248038236863145,48,7.193742907325093,0.9970404177295918,100352
bayesfl_observability_v1,ola_sparse_bayesian_keep010_seed42,95,ola,global,,,layers.0.weight,raw,49,0.0032580491267707188,0.003324539732939527,0.003291294429855123,46,6.894003619519926,0.9974988042091837,100352
bayesfl_observability_v1,ola_sparse_bayesian_keep010_seed42,95,ola,global,,,layers.0.weight,raw,50,0.003324539732939527,0.0033910303391083353,0.003357785036023931,43,6.444394687812062,0.9979272959183674,100352
bayesfl_observability_v1,ola_sparse_bayesian_keep010_seed42,95,ola,global,,,layers.0.weight,raw,51,0.0033910303391083353,0.0034575209452771434,0.003424275642192739,34,5.095567892688641,0.9982661033163265,100352
bayesfl_observability_v1,ola_sparse_bayesian_keep010_seed42,95,ola,global,,,layers.0.weight,raw,52,0.0034575209452771434,0.003524011551445952,0.0034907662483615477,29,4.346219673175577,0.9985550860969388,100352
bayesfl_observability_v1,ola_sparse_bayesian_keep010_seed42,95,ola,global,,,layers.0.weight,raw,53,0.003524011551445952,0.00359050215761476,0.003557256854530356,18,2.6976535902469276,0.9987344547193877,100352
bayesfl_observability_v1,ola_sparse_bayesian_keep010_seed42,95,ola,global,,,layers.0.weight,raw,54,0.00359050215761476,0.0036569927637835685,0.0036237474606991642,17,2.5477839463443037,0.9989038584183674,100352
bayesfl_observability_v1,ola_sparse_bayesian_keep010_seed42,95,ola,global,,,layers.0.weight,raw,55,0.0036569927637835685,0.0037234833699523765,0.0036902380668679723,17,2.5477839463443206,0.9990732621173469,100352
bayesfl_observability_v1,ola_sparse_bayesian_keep010_seed42,95,ola,global,,,layers.0.weight,raw,56,0.0037234833699523765,0.003789973976121185,0.003756728673036781,19,2.847523234149516,0.9992625956632653,100352
bayesfl_observability_v1,ola_sparse_bayesian_keep010_seed42,95,ola,global,,,layers.0.weight,raw,57,0.003789973976121185,0.003856464582289993,0.0038232192792055893,13,1.948305370733892,0.9993921396683674,100352
bayesfl_observability_v1,ola_sparse_bayesian_keep010_seed42,95,ola,global,,,layers.0.weight,raw,58,0.003856464582289993,0.003922955188458801,0.003889709885374397,7,1.0490875073182495,0.9994618941326531,100352
bayesfl_observability_v1,ola_sparse_bayesian_keep010_seed42,95,ola,global,,,layers.0.weight,raw,59,0.003922955188458801,0.00398944579462761,0.0039562004915432054,6,0.8992178634156366,0.9995216836734694,100352
bayesfl_observability_v1,ola_sparse_bayesian_keep010_seed42,95,ola,global,,,layers.0.weight,raw,60,0.00398944579462761,0.004055936400796418,0.004022691097712014,6,0.8992178634156366,0.9995814732142857,100352
bayesfl_observability_v1,ola_sparse_bayesian_keep010_seed42,95,ola,global,,,layers.0.weight,raw,61,0.004055936400796418,0.004122427006965227,0.0040891817038808224,7,1.0490875073182426,0.9996512276785714,100352
bayesfl_observability_v1,ola_sparse_bayesian_keep010_seed42,95,ola,global,,,layers.0.weight,raw,62,0.004122427006965227,0.004188917613134034,0.004155672310049631,9,1.3488267951234725,0.9997409119897959,100352
bayesfl_observability_v1,ola_sparse_bayesian_keep010_seed42,95,ola,global,,,layers.0.weight,raw,63,0.004188917613134034,0.004255408219302843,0.004222162916218439,1,0.1498696439026061,0.9997508769132653,100352
bayesfl_observability_v1,ola_sparse_bayesian_keep010_seed42,95,ola,global,,,layers.0.weight,raw,64,0.004255408219302843,0.004321898825471651,0.004288653522387247,5,0.7493482195130305,0.9998007015306123,100352
bayesfl_observability_v1,ola_sparse_bayesian_keep010_seed42,95,ola,global,,,layers.0.weight,raw,65,0.004321898825471651,0.004388389431640459,0.004355144128556055,6,0.8992178634156484,0.9998604910714286,100352
bayesfl_observability_v1,ola_sparse_bayesian_keep010_seed42,95,ola,global,,,layers.0.weight,raw,66,0.004388389431640459,0.0044548800378092675,0.004421634734724863,4,0.5994785756104244,0.9999003507653061,100352
bayesfl_observability_v1,ola_sparse_bayesian_keep010_seed42,95,ola,global,,,layers.0.weight,raw,67,0.0044548800378092675,0.004521370643978076,0.004488125340893672,4,0.5994785756104244,0.9999402104591837,100352
bayesfl_observability_v1,ola_sparse_bayesian_keep010_seed42,95,ola,global,,,layers.0.weight,raw,68,0.004521370643978076,0.0045878612501468845,0.00455461594706248,1,0.1498696439026061,0.9999501753826531,100352
bayesfl_observability_v1,ola_sparse_bayesian_keep010_seed42,95,ola,global,,,layers.0.weight,raw,69,0.0045878612501468845,0.004654351856315692,0.004621106553231289,0,0.0,0.9999501753826531,100352
bayesfl_observability_v1,ola_sparse_bayesian_keep010_seed42,95,ola,global,,,layers.0.weight,raw,70,0.004654351856315692,0.004720842462484501,0.004687597159400096,3,0.4496089317078183,0.9999800701530612,100352
bayesfl_observability_v1,ola_sparse_bayesian_keep010_seed42,95,ola,global,,,layers.0.weight,raw,71,0.004720842462484501,0.004787333068653309,0.004754087765568905,0,0.0,0.9999800701530612,100352
bayesfl_observability_v1,ola_sparse_bayesian_keep010_seed42,95,ola,global,,,layers.0.weight,raw,72,0.004787333068653309,0.004853823674822118,0.004820578371737713,0,0.0,0.9999800701530612,100352
bayesfl_observability_v1,ola_sparse_bayesian_keep010_seed42,95,ola,global,,,layers.0.weight,raw,73,0.004853823674822118,0.004920314280990925,0.004887068977906521,1,0.14986964390260807,0.9999900350765306,100352
bayesfl_observability_v1,ola_sparse_bayesian_keep010_seed42,95,ola,global,,,layers.0.weight,raw,74,0.004920314280990925,0.004986804887159734,0.0049535595840753295,0,0.0,0.9999900350765306,100352
bayesfl_observability_v1,ola_sparse_bayesian_keep010_seed42,95,ola,global,,,layers.0.weight,raw,75,0.004986804887159734,0.005053295493328542,0.005020050190244138,0,0.0,0.9999900350765306,100352
bayesfl_observability_v1,ola_sparse_bayesian_keep010_seed42,95,ola,global,,,layers.0.weight,raw,76,0.005053295493328542,0.005119786099497351,0.0050865407964129465,0,0.0,0.9999900350765306,100352
bayesfl_observability_v1,ola_sparse_bayesian_keep010_seed42,95,ola,global,,,layers.0.weight,raw,77,0.005119786099497351,0.005186276705666158,0.005153031402581755,0,0.0,0.9999900350765306,100352
bayesfl_observability_v1,ola_sparse_bayesian_keep010_seed42,95,ola,global,,,layers.0.weight,raw,78,0.005186276705666158,0.005252767311834967,0.005219522008750563,0,0.0,0.9999900350765306,100352
bayesfl_observability_v1,ola_sparse_bayesian_keep010_seed42,95,ola,global,,,layers.0.weight,raw,79,0.005252767311834967,0.005319257918003775,0.005286012614919371,1,0.1498696439026061,1.0,100352
bayesfl_observability_v1,ola_sparse_bayesian_keep010_seed42,95,ola,global,,,layers.0.weight,db,0,-160.51391286171068,-159.07602618873779,-159.79496952522425,1,6.930256505392624e-06,9.964923469387754e-06,100352
bayesfl_observability_v1,ola_sparse_bayesian_keep010_seed42,95,ola,global,,,layers.0.weight,db,1,-159.07602618873779,-157.63813951576486,-158.35708285225132,0,0.0,9.964923469387754e-06,100352
bayesfl_observability_v1,ola_sparse_bayesian_keep010_seed42,95,ola,global,,,layers.0.weight,db,2,-157.63813951576486,-156.20025284279197,-156.9191961792784,0,0.0,9.964923469387754e-06,100352
bayesfl_observability_v1,ola_sparse_bayesian_keep010_seed42,95,ola,global,,,layers.0.weight,db,3,-156.20025284279197,-154.76236616981905,-155.4813095063055,0,0.0,9.964923469387754e-06,100352
bayesfl_observability_v1,ola_sparse_bayesian_keep010_seed42,95,ola,global,,,layers.0.weight,db,4,-154.76236616981905,-153.32447949684615,-154.0434228333326,1,6.930256505392624e-06,1.992984693877551e-05,100352
bayesfl_observability_v1,ola_sparse_bayesian_keep010_seed42,95,ola,global,,,layers.0.weight,db,5,-153.32447949684615,-151.88659282387323,-152.6055361603597,0,0.0,1.992984693877551e-05,100352
bayesfl_observability_v1,ola_sparse_bayesian_keep010_seed42,95,ola,global,,,layers.0.weight,db,6,-151.88659282387323,-150.44870615090034,-151.16764948738677,2,1.3860513010785248e-05,3.985969387755102e-05,100352
bayesfl_observability_v1,ola_sparse_bayesian_keep010_seed42,95,ola,global,,,layers.0.weight,db,7,-150.44870615090034,-149.0108194779274,-149.72976281441387,0,0.0,3.985969387755102e-05,100352
bayesfl_observability_v1,ola_sparse_bayesian_keep010_seed42,95,ola,global,,,layers.0.weight,db,8,-149.0108194779274,-147.57293280495452,-148.29187614144098,1,6.930256505392624e-06,4.982461734693878e-05,100352
bayesfl_observability_v1,ola_sparse_bayesian_keep010_seed42,95,ola,global,,,layers.0.weight,db,9,-147.57293280495452,-146.1350461319816,-146.85398946846806,0,0.0,4.982461734693878e-05,100352
bayesfl_observability_v1,ola_sparse_bayesian_keep010_seed42,95,ola,global,,,layers.0.weight,db,10,-146.1350461319816,-144.6971594590087,-145.41610279549514,1,6.930256505392624e-06,5.978954081632653e-05,100352
bayesfl_observability_v1,ola_sparse_bayesian_keep010_seed42,95,ola,global,,,layers.0.weight,db,11,-144.6971594590087,-143.2592727860358,-143.97821612252227,0,0.0,5.978954081632653e-05,100352
bayesfl_observability_v1,ola_sparse_bayesian_keep010_seed42,95,ola,global,,,layers.0.weight,db,12,-143.2592727860358,-141.82138611306289,-142.54032944954935,0,0.0,5.978954081632653e-05,100352
bayesfl_observability_v1,ola_sparse_bayesian_keep010_seed42,95,ola,global,,,layers.0.weight,db,13,-141.82138611306289,-140.38349944009,-141.10244277657642,0,0.0,5.978954081632653e-05,100352
bayesfl_observability_v1,ola_sparse_bayesian_keep010_seed42,95,ola,global,,,layers.0.weight,db,14,-140.38349944009,-138.94561276711707,-139.66455610360353,1,6.930256505392487e-06,6.975446428571428e-05,100352
bayesfl_observability_v1,ola_sparse_bayesian_keep010_seed42,95,ola,global,,,layers.0.weight,db,15,-138.94561276711707,-137.50772609414418,-138.22666943063064,1,6.930256505392624e-06,7.971938775510203e-05,100352
bayesfl_observability_v1,ola_sparse_bayesian_keep010_seed42,95,ola,global,,,layers.0.weight,db,16,-137.50772609414418,-136.06983942117125,-136.7887827576577,1,6.930256505392487e-06,8.96843112244898e-05,100352
bayesfl_observability_v1,ola_sparse_bayesian_keep010_seed42,95,ola,global,,,layers.0.weight,db,17,-136.06983942117125,-134.63195274819836,-135.3508960846848,3,2.079076951617787e-05,0.00011957908163265306,100352
bayesfl_observability_v1,ola_sparse_bayesian_keep010_seed42,95,ola,global,,,layers.0.weight,db,18,-134.63195274819836,-133.19406607522544,-133.9130094117119,1,6.930256505392487e-06,0.00012954400510204082,100352
bayesfl_observability_v1,ola_sparse_bayesian_keep010_seed42,95,ola,global,,,layers.0.weight,db,19,-133.19406607522544,-131.75617940225254,-132.475122738739,7,4.8511795537748365e-05,0.0001992984693877551,100352
bayesfl_observability_v1,ola_sparse_bayesian_keep010_seed42,95,ola,global,,,layers.0.weight,db,20,-131.75617940225254,-130.31829272927962,-131.03723606576608,6,4.158153903235492e-05,0.00025908801020408165,100352
bayesfl_observability_v1,ola_sparse_bayesian_keep010_seed42,95,ola,global,,,layers.0.weight,db,21,-130.31829272927962,-128.88040605630673,-129.59934939279316,2,1.3860513010785248e-05,0.00027901785714285713,100352
bayesfl_observability_v1,ola_sparse_bayesian_keep010_seed42,95,ola,global,,,layers.0.weight,db,22,-128.88040605630673,-127.44251938333382,-128.16146271982026,6,4.158153903235533e-05,0.00033880739795918367,100352
bayesfl_observability_v1,ola_sparse_bayesian_keep010_seed42,95,ola,global,,,layers.0.weight,db,23,-127.44251938333382,-126.00463271036091,-126.72357604684737,4,2.772102602157022e-05,0.0003786670918367347,100352
bayesfl_observability_v1,ola_sparse_bayesian_keep010_seed42,95,ola,global,,,layers.0.weight,db,24,-126.00463271036091,-124.56674603738801,-125.28568937387446,13,9.00933345701041e-05,0.0005082110969387755,100352
bayesfl_observability_v1,ola_sparse_bayesian_keep010_seed42,95,ola,global,,,layers.0.weight,db,25,-124.56674603738801,-123.12885936441509,-123.84780270090155,8,5.5442052043139894e-05,0.0005879304846938776,100352
bayesfl_observability_v1,ola_sparse_bayesian_keep010_seed42,95,ola,global,,,layers.0.weight,db,26,-123.12885936441509,-121.6909726914422,-122.40991602792865,9,6.237230854853361e-05,0.0006776147959183673,100352
bayesfl_observability_v1,ola_sparse_bayesian_keep010_seed42,95,ola,global,,,layers.0.weight,db,27,-121.6909726914422,-120.25308601846928,-120.97202935495574,7,4.851179553774741e-05,0.0007473692602040816,100352
bayesfl_observability_v1,ola_sparse_bayesian_keep010_seed42,95,ola,global,,,layers.0.weight,db,28,-120.25308601846928,-118.81519934549638,-119.53414268198283,12,8.316307806471148e-05,0.0008669483418367347,100352
bayesfl_observability_v1,ola_sparse_bayesian_keep010_seed42,95,ola,global,,,layers.0.weight,db,29,-118.81519934549638,-117.37731267252347,-118.09625600900992,14,9.702359107549577e-05,0.0010064572704081632,100352
bayesfl_observability_v1,ola_sparse_bayesian_keep010_seed42,95,ola,global,,,layers.0.weight,db,30,-117.37731267252347,-115.93942599955056,-116.65836933603703,20,0.0001386051301078511,0.0012057557397959183,100352
bayesfl_observability_v1,ola_sparse_bayesian_keep010_seed42,95,ola,global,,,layers.0.weight,db,31,-115.93942599955056,-114.50153932657766,-115.2204826630641,25,0.00017325641263481387,0.0014548788265306123,100352
bayesfl_observability_v1,ola_sparse_bayesian_keep010_seed42,95,ola,global,,,layers.0.weight,db,32,-114.50153932657766,-113.06365265360475,-113.78259599009121,31,0.0002148379516671692,0.0017637914540816326,100352
bayesfl_observability_v1,ola_sparse_bayesian_keep010_seed42,95,ola,global,,,layers.0.weight,db,33,-113.06365265360475,-111.62576598063184,-112.34470931711829,32,0.00022176820817256177,0.002082669005102041,100352
bayesfl_observability_v1,ola_sparse_bayesian_keep010_seed42,95,ola,global,,,layers.0.weight,db,34,-111.62576598063184,-110.18787930765893,-110.9068226441454,40,0.0002772102602157022,0.002481265943877551,100352
bayesfl_observability_v1,ola_sparse_bayesian_keep010_seed42,95,ola,global,,,layers.0.weight,db,35,-110.18787930765893,-108.74999263468604,-109.46893597117248,31,0.00021483795166717134,0.0027901785714285715,100352
bayesfl_observability_v1,ola_sparse_bayesian_keep010_seed42,95,ola,global,,,layers.0.weight,db,36,-108.74999263468604,-107.31210596171312,-108.03104929819958,53,0.0003673035947858018,0.0033183195153061226,100352
bayesfl_observability_v1,ola_sparse_bayesian_keep010_seed42,95,ola,global,,,layers.0.weight,db,37,-107.31210596171312,-105.87421928874022,-106.59316262522667,46,0.0003187917992480607,0.003776705994897959,100352
bayesfl_observability_v1,ola_sparse_bayesian_keep010_seed42,95,ola,global,,,layers.0.weight,db,38,-105.87421928874022,-104.4363326157673,-105.15527595225376,69,0.00047818769887208155,0.004464285714285714,100352
bayesfl_observability_v1,ola_sparse_bayesian_keep010_seed42,95,ola,global,,,layers.0.weight,db,39,-104.4363326157673,-102.9984459427944,-103.71738927928085,86,0.0005960020594637656,0.005321269132653061,100352
bayesfl_observability_v1,ola_sparse_bayesian_keep010_seed42,95,ola,global,,,layers.0.weight,db,40,-102.9984459427944,-101.5605592698215,-102.27950260630794,89,0.0006167928289799374,0.006208147321428571,100352
bayesfl_observability_v1,ola_sparse_bayesian_keep010_seed42,95,ola,global,,,layers.0.weight,db,41,-101.5605592698215,-100.12267259684859,-100.84161593333505,120,0.0008316307806471066,0.007403938137755102,100352
bayesfl_observability_v1,ola_sparse_bayesian_keep010_seed42,95,ola,global,,,layers.0.weight,db,42,-100.12267259684859,-98.68478592387568,-99.40372926036213,116,0.0008039097546255364,0.008559869260204082,100352
bayesfl_observability_v1,ola_sparse_bayesian_keep010_seed42,95,ola,global,,,layers.0.weight,db,43,-98.68478592387568,-97.24689925090277,-97.96584258738923,160,0.0011088410408628087,0.010154257015306123,100352
bayesfl_observability_v1,ola_sparse_bayesian_keep010_seed42,95,ola,global,,,layers.0.weight,db,44,-97.24689925090277,-95.80901257792986,-96.52795591441631,195,0.0013514000185515483,0.012097417091836735,100352
bayesfl_observability_v1,ola_sparse_bayesian_keep010_seed42,95,ola,global,,,layers.0.weight,db,45,-95.80901257792986,-94.37112590495695,-95.09006924144342,197,0.0013652605315623333,0.014060507015306123,100352
bayesfl_observability_v1,ola_sparse_bayesian_keep010_seed42,95,ola,global,,,layers.0.weight,db,46,-94.37112590495695,-92.93323923198405,-93.6521825684705,256,0.0017741456653804942,0.01661152742346939,100352
bayesfl_observability_v1,ola_sparse_bayesian_keep010_seed42,95,ola,global,,,layers.0.weight,db,47,-92.93323923198405,-91.49535255901114,-92.2142958954976,272,0.0018850297694667749,0.019321986607142856,100352
bayesfl_observability_v1,ola_sparse_bayesian_keep010_seed42,95,ola,global,,,layers.0.weight,db,48,-91.49535255901114,-90.05746588603824,-90.77640922252469,325,0.0022523333642526025,0.02256058673469388,100352
bayesfl_observability_v1,ola_sparse_bayesian_keep010_seed42,95,ola,global,,,layers.0.weight,db,49,-90.05746588603824,-88.61957921306534,-89.33852254955178,358,0.0024810318289305348,0.026128029336734693,100352
bayesfl_observability_v1,ola_sparse_bayesian_keep010_seed42,95,ola,global,,,layers.0.weight,db,50,-88.61957921306534,-87.18169254009243,-87.90063587657889,453,0.0031394061969428275,0.030642139668367346,100352
bayesfl_observability_v1,ola_sparse_bayesian_keep010_seed42,95,ola,global,,,layers.0.weight,db,51,-87.18169254009243,-85.74380586711952,-86.46274920360597,504,0.003492849278717848,0.03566446109693878,100352
bayesfl_observability_v1,ola_sparse_bayesian_keep010_seed42,95,ola,global,,,layers.0.weight,db,52,-85.74380586711952,-84.30591919414661,-85.02486253063307,652,0.004518527241515946,0.042161591198979595,100352
bayesfl_observability_v1,ola_sparse_bayesian_keep010_seed42,95,ola,global,,,layers.0.weight,db,53,-84.30591919414661,-82.8680325211737,-83.58697585766015,755,0.005232343661571379,0.049685108418367346,100352
bayesfl_observability_v1,ola_sparse_bayesian_keep010_seed42,95,ola,global,,,layers.0.weight,db,54,-82.8680325211737,-81.4301458482008,-82.14908918468726,899,0.006230300598347907,0.05864357461734694,100352
bayesfl_observability_v1,ola_sparse_bayesian_keep010_seed42,95,ola,global,,,layers.0.weight,db,55,-81.4301458482008,-79.99225917522789,-80.71120251171433,1069,0.007408444204264642,0.06929607780612244,100352
bayesfl_observability_v1,ola_sparse_bayesian_keep010_seed42,95,ola,global,,,layers.0.weight,db,56,-79.99225917522789,-78.55437250225498,-79.27331583874144,1252,0.008676681144751478,0.08177216198979592,100352
bayesfl_observability_v1,ola_sparse_bayesian_keep010_seed42,95,ola,global,,,layers.0.weight,db,57,-78.55437250225498,-77.11648582928207,-77.83542916576852,1460,0.01011817449787313,0.09632095025510204,100352
bayesfl_observability_v1,ola_sparse_bayesian_keep010_seed42,95,ola,global,,,layers.0.weight,db,58,-77.11648582928207,-75.67859915630918,-76.39754249279562,1752,0.012141809397447877,0.11377949617346939,100352
bayesfl_observability_v1,ola_sparse_bayesian_keep010_seed42,95,ola,global,,,layers.0.weight,db,59,-75.67859915630918,-74.24071248333627,-74.95965581982273,2017,0.013978327371376784,0.1338787468112245,100352
bayesfl_observability_v1,ola_sparse_bayesian_keep010_seed42,95,ola,global,,,layers.0.weight,db,60,-74.24071248333627,-72.80282581036336,-73.5217691468498,2483,0.017207826902889713,0.15862165178571427,100352
bayesfl_observability_v1,ola_sparse_bayesian_keep010_seed42,95,ola,global,,,layers.0.weight,db,61,-72.80282581036336,-71.36493913739045,-72.08388247387691,2887,0.020007650531068306,0.18739038584183673,100352
bayesfl_observability_v1,ola_sparse_bayesian_keep010_seed42,95,ola,global,,,layers.0.weight,db,62,-71.36493913739045,-69.92705246441754,-70.64599580090399,3439,0.023833152122044995,0.22165975765306123,100352
bayesfl_observability_v1,ola_sparse_bayesian_keep010_seed42,95,ola,global,,,layers.0.weight,db,63,-69.92705246441754,-68.48916579144463,-69.2081091279311,3990,0.027651723456516297,0.2614198022959184,100352
bayesfl_observability_v1,ola_sparse_bayesian_keep010_seed42,95,ola,global,,,layers.0.weight,db,64,-68.48916579144463,-67.05127911847173,-67.77022245495817,4833,0.03349392969056222,0.3095802774234694,100352
bayesfl_observability_v1,ola_sparse_bayesian_keep010_seed42,95,ola,global,,,layers.0.weight,db,65,-67.05127911847173,-65.61339244549882,-66.33233578198528,5664,0.03925297284654343,0.3660216039540816,100352
bayesfl_observability_v1,ola_sparse_bayesian_keep010_seed42,95,ola,global,,,layers.0.weight,db,66,-65.61339244549882,-64.17550577252591,-64.89444910901236,6556,0.04543476164935359,0.43135164221938777,100352
bayesfl_observability_v1,ola_sparse_bayesian_keep010_seed42,95,ola,global,,,layers.0.weight,db,67,-64.17550577252591,-62.737619099553,-63.456562436039455,7629,0.052870926879639804,0.5073740433673469,100352
bayesfl_observability_v1,ola_sparse_bayesian_keep010_seed42,95,ola,global,,,layers.0.weight,db,68,-62.737619099553,-61.29973242658009,-62.01867576306655,8940,0.06195649315820944,0.5964604591836735,100352
bayesfl_observability_v1,ola_sparse_bayesian_keep010_seed42,95,ola,global,,,layers.0.weight,db,69,-61.29973242658009,-59.8618457536072,-60.580789090093646,10645,0.07377258049990448,0.7025370695153061,100352
bayesfl_observability_v1,ola_sparse_bayesian_keep010_seed42,95,ola,global,,,layers.0.weight,db,70,-59.8618457536072,-58.42395908063429,-59.142902417120744,9652,0.06689083579004894,0.7987185108418368,100352
bayesfl_observability_v1,ola_sparse_bayesian_keep010_seed42,95,ola,global,,,layers.0.weight,db,71,-58.42395908063429,-56.98607240766138,-57.705015744147836,6016,0.041692423136441614,0.8586674904336735,100352
bayesfl_observability_v1,ola_sparse_bayesian_keep010_seed42,95,ola,global,,,layers.0.weight,db,72,-56.98607240766138,-55.548185734688474,-56.26712907117493,4803,0.03328602199540044,0.9065290178571429,100352
bayesfl_observability_v1,ola_sparse_bayesian_keep010_seed42,95,ola,global,,,layers.0.weight,db,73,-55.548185734688474,-54.110299061715565,-54.82924239820202,3833,0.026563673185169664,0.9447245695153061,100352
bayesfl_observability_v1,ola_sparse_bayesian_keep010_seed42,95,ola,global,,,layers.0.weight,db,74,-54.110299061715565,-52.67241238874266,-53.39135572522911,2883,0.019979929505046738,0.9734534438775511,100352
bayesfl_observability_v1,ola_sparse_bayesian_keep010_seed42,95,ola,global,,,layers.0.weight,db,75,-52.67241238874266,-51.23452571576975,-51.9534690522562,1632,0.01131017861680065,0.9897161989795918,100352
bayesfl_observability_v1,ola_sparse_bayesian_keep010_seed42,95,ola,global,,,layers.0.weight,db,76,-51.23452571576975,-49.79663904279684,-50.515582379283295,721,0.004996714940388032,0.9969009088010204,100352
bayesfl_observability_v1,ola_sparse_bayesian_keep010_seed42,95,ola,global,,,layers.0.weight,db,77,-49.79663904279684,-48.35875236982393,-49.07769570631039,246,0.0017048431003265686,0.9993522799744898,100352
bayesfl_observability_v1,ola_sparse_bayesian_keep010_seed42,95,ola,global,,,layers.0.weight,db,78,-48.35875236982393,-46.920865696851024,-47.63980903333748,57,0.0003950246208073756,0.9999202806122449,100352
bayesfl_observability_v1,ola_sparse_bayesian_keep010_seed42,95,ola,global,,,layers.0.weight,db,79,-46.920865696851024,-45.48297902387812,-46.20192236036458,8,5.544205204314072e-05,1.0,100352
bayesfl_observability_v1,ola_sparse_bayesian_keep010_seed42,95,ola,global,,,layers.0.bias,raw,0,8.020214628369947e-06,5.693475978804603e-05,3.247748720820799e-05,8,1277.7385498725525,0.0625,128
bayesfl_observability_v1,ola_sparse_bayesian_keep010_seed42,95,ola,global,,,layers.0.bias,raw,1,5.693475978804603e-05,0.00010584930494772211,8.139203236788407e-05,4,638.8692749362763,0.09375,128
bayesfl_observability_v1,ola_sparse_bayesian_keep010_seed42,95,ola,global,,,layers.0.bias,raw,2,0.00010584930494772211,0.0001547638501073982,0.00013030657752756015,5,798.5865936703453,0.1328125,128
bayesfl_observability_v1,ola_sparse_bayesian_keep010_seed42,95,ola,global,,,layers.0.bias,raw,3,0.0001547638501073982,0.00020367839526707428,0.00017922112268723624,9,1437.4558686066216,0.203125,128
bayesfl_observability_v1,ola_sparse_bayesian_keep010_seed42,95,ola,global,,,layers.0.bias,raw,4,0.00020367839526707428,0.00025259294042675036,0.00022813566784691232,5,798.5865936703453,0.2421875,128
bayesfl_observability_v1,ola_sparse_bayesian_keep010_seed42,95,ola,global,,,layers.0.bias,raw,5,0.00025259294042675036,0.00030150748558642644,0.0002770502130065884,2,319.43463746813813,0.2578125,128
bayesfl_observability_v1,ola_sparse_bayesian_keep010_seed42,95,ola,global,,,layers.0.bias,raw,6,0.00030150748558642644,0.0003504220307461025,0.00032596475816626445,3,479.1519562022072,0.28125,128
bayesfl_observability_v1,ola_sparse_bayesian_keep010_seed42,95,ola,global,,,layers.0.bias,raw,7,0.0003504220307461025,0.0003993365759057786,0.0003748793033259406,5,798.5865936703453,0.3203125,128
bayesfl_observability_v1,ola_sparse_bayesian_keep010_seed42,95,ola,global,,,layers.0.bias,raw,8,0.0003993365759057786,0.0004482511210654547,0.0004237938484856166,2,319.43463746813813,0.3359375,128
bayesfl_observability_v1,ola_sparse_bayesian_keep010_seed42,95,ola,global,,,layers.0.bias,raw,9,0.0004482511210654547,0.0004971656662251308,0.00047270839364529276,1,159.71731873406907,0.34375,128
bayesfl_observability_v1,ola_sparse_bayesian_keep010_seed42,95,ola,global,,,layers.0.bias,raw,10,0.0004971656662251308,0.0005460802113848069,0.0005216229388049689,0,0.0,0.34375,128
bayesfl_observability_v1,ola_sparse_bayesian_keep010_seed42,95,ola,global,,,layers.0.bias,raw,11,0.0005460802113848069,0.0005949947565444829,0.0005705374839646449,5,798.5865936703462,0.3828125,128
bayesfl_observability_v1,ola_sparse_bayesian_keep010_seed42,95,ola,global,,,layers.0.bias,raw,12,0.0005949947565444829,0.000643909301704159,0.000619452029124321,3,479.1519562022077,0.40625,128
bayesfl_observability_v1,ola_sparse_bayesian_keep010_seed42,95,ola,global,,,layers.0.bias,raw,13,0.000643909301704159,0.0006928238468638351,0.000668366574283997,2,319.4346374681378,0.421875,128
bayesfl_observability_v1,ola_sparse_bayesian_keep010_seed42,95,ola,global,,,layers.0.bias,raw,14,0.0006928238468638351,0.0007417383920235112,0.0007172811194436732,3,479.1519562022067,0.4453125,128
bayesfl_observability_v1,ola_sparse_bayesian_keep010_seed42,95,ola,global,,,layers.0.bias,raw,15,0.0007417383920235112,0.0007906529371831873,0.0007661956646033492,6,958.3039124044154,0.4921875,128
bayesfl_observability_v1,ola_sparse_bayesian_keep010_seed42,95,ola,global,,,layers.0.bias,raw,16,0.0007906529371831873,0.0008395674823428633,0.0008151102097630253,2,319.4346374681385,0.5078125,128
bayesfl_observability_v1,ola_sparse_bayesian_keep010_seed42,95,ola,global,,,layers.0.bias,raw,17,0.0008395674823428633,0.0008884820275025394,0.0008640247549227013,7,1118.021231138482,0.5625,128
bayesfl_observability_v1,ola_sparse_bayesian_keep010_seed42,95,ola,global,,,layers.0.bias,raw,18,0.0008884820275025394,0.0009373965726622156,0.0009129393000823775,3,479.1519562022067,0.5859375,128
bayesfl_observability_v1,ola_sparse_bayesian_keep010_seed42,95,ola,global,,,layers.0.bias,raw,19,0.0009373965726622156,0.0009863111178218915,0.0009618538452420536,4,638.8692749362784,0.6171875,128
bayesfl_observability_v1,ola_sparse_bayesian_keep010_seed42,95,ola,global,,,layers.0.bias,raw,20,0.0009863111178218915,0.0010352256629815675,0.0010107683904017296,2,319.4346374681385,0.6328125,128
bayesfl_observability_v1,ola_sparse_bayesian_keep010_seed42,95,ola,global,,,layers.0.bias,raw,21,0.0010352256629815675,0.0010841402081412438,0.0010596829355614056,3,479.1519562022056,0.65625,128
bayesfl_observability_v1,ola_sparse_bayesian_keep010_seed42,95,ola,global,,,layers.0.bias,raw,22,0.0010841402081412438,0.0011330547533009198,0.0011085974807210817,1,159.71731873406924,0.6640625,128
bayesfl_observability_v1,ola_sparse_bayesian_keep010_seed42,95,ola,global,,,layers.0.bias,raw,23,0.0011330547533009198,0.0011819692984605958,0.001157512025880758,4,638.869274936277,0.6953125,128
bayesfl_observability_v1,ola_sparse_bayesian_keep010_seed42,95,ola,global,,,layers.0.bias,raw,24,0.0011819692984605958,0.0012308838436202718,0.0012064265710404337,0,0.0,0.6953125,128
bayesfl_observability_v1,ola_sparse_bayesian_keep010_seed42,95,ola,global,,,layers.0.bias,raw,25,0.0012308838436202718,0.0012797983887799479,0.00125534111620011,1,159.71731873406924,0.703125,128
bayesfl_observability_v1,ola_sparse_bayesian_keep010_seed42,95,ola,global,,,layers.0.bias,raw,26,0.0012797983887799479,0.0013287129339396241,0.001304255661359786,2,319.43463746813705,0.71875,128
bayesfl_observability_v1,ola_sparse_bayesian_keep010_seed42,95,ola,global,,,layers.0.bias,raw,27,0.0013287129339396241,0.0013776274790993001,0.001353170206519462,2,319.4346374681385,0.734375,128
bayesfl_observability_v1,ola_sparse_bayesian_keep010_seed42,95,ola,global,,,layers.0.bias,raw,28,0.0013776274790993001,0.0014265420242589762,0.0014020847516791383,3,479.1519562022077,0.7578125,128
bayesfl_observability_v1,ola_sparse_bayesian_keep010_seed42,95,ola,global,,,layers.0.bias,raw,29,0.0014265420242589762,0.0014754565694186524,0.0014509992968388143,3,479.1519562022056,0.78125,128
bayesfl_observability_v1,ola_sparse_bayesian_keep010_seed42,95,ola,global,,,layers.0.bias,raw,30,0.0014754565694186524,0.0015243711145783284,0.0014999138419984903,5,798.5865936703462,0.8203125,128
bayesfl_observability_v1,ola_sparse_bayesian_keep010_seed42,95,ola,global,,,layers.0.bias,raw,31,0.0015243711145783284,0.0015732856597380045,0.0015488283871581666,1,159.71731873406924,0.828125,128
bayesfl_observability_v1,ola_sparse_bayesian_keep010_seed42,95,ola,global,,,layers.0.bias,raw,32,0.0015732856597380045,0.0016222002048976805,0.0015977429323178424,3,479.1519562022077,0.8515625,128
bayesfl_observability_v1,ola_sparse_bayesian_keep010_seed42,95,ola,global,,,layers.0.bias,raw,33,0.0016222002048976805,0.0016711147500573565,0.0016466574774775186,1,159.71731873406924,0.859375,128
bayesfl_observability_v1,ola_sparse_bayesian_keep010_seed42,95,ola,global,,,layers.0.bias,raw,34,0.0016711147500573565,0.0017200292952170328,0.0016955720226371946,2,319.43463746813705,0.875,128
bayesfl_observability_v1,ola_sparse_bayesian_keep010_seed42,95,ola,global,,,layers.0.bias,raw,35,0.0017200292952170328,0.0017689438403767088,0.0017444865677968707,0,0.0,0.875,128
bayesfl_observability_v1,ola_sparse_bayesian_keep010_seed42,95,ola,global,,,layers.0.bias,raw,36,0.0017689438403767088,0.0018178583855363848,0.001793401112956547,3,479.1519562022077,0.8984375,128
bayesfl_observability_v1,ola_sparse_bayesian_keep010_seed42,95,ola,global,,,layers.0.bias,raw,37,0.0018178583855363848,0.001866772930696061,0.001842315658116223,0,0.0,0.8984375,128
bayesfl_observability_v1,ola_sparse_bayesian_keep010_seed42,95,ola,global,,,layers.0.bias,raw,38,0.001866772930696061,0.001915687475855737,0.001891230203275899,4,638.869274936277,0.9296875,128
bayesfl_observability_v1,ola_sparse_bayesian_keep010_seed42,95,ola,global,,,layers.0.bias,raw,39,0.001915687475855737,0.001964602021015413,0.0019401447484355752,1,159.71731873406924,0.9375,128
bayesfl_observability_v1,ola_sparse_bayesian_keep010_seed42,95,ola,global,,,layers.0.bias,raw,40,0.001964602021015413,0.0020135165661750894,0.001989059293595251,0,0.0,0.9375,128
bayesfl_observability_v1,ola_sparse_bayesian_keep010_seed42,95,ola,global,,,layers.0.bias,raw,41,0.0020135165661750894,0.002062431111334765,0.0020379738387549273,1,159.71731873406995,0.9453125,128
bayesfl_observability_v1,ola_sparse_bayesian_keep010_seed42,95,ola,global,,,layers.0.bias,raw,42,0.002062431111334765,0.0021113456564944414,0.0020868883839146035,0,0.0,0.9453125,128
bayesfl_observability_v1,ola_sparse_bayesian_keep010_seed42,95,ola,global,,,layers.0.bias,raw,43,0.0021113456564944414,0.0021602602016541177,0.0021358029290742793,2,319.43463746813705,0.9609375,128
bayesfl_observability_v1,ola_sparse_bayesian_keep010_seed42,95,ola,global,,,layers.0.bias,raw,44,0.0021602602016541177,0.0022091747468137935,0.0021847174742339556,0,0.0,0.9609375,128
bayesfl_observability_v1,ola_sparse_bayesian_keep010_seed42,95,ola,global,,,layers.0.bias,raw,45,0.0022091747468137935,0.0022580892919734697,0.002233632019393632,0,0.0,0.9609375,128
bayesfl_observability_v1,ola_sparse_bayesian_keep010_seed42,95,ola,global,,,layers.0.bias,raw,46,0.0022580892919734697,0.0023070038371331455,0.0022825465645533076,0,0.0,0.9609375,128
bayesfl_observability_v1,ola_sparse_bayesian_keep010_seed42,95,ola,global,,,layers.0.bias,raw,47,0.0023070038371331455,0.0023559183822928218,0.0023314611097129834,1,159.71731873406853,0.96875,128
bayesfl_observability_v1,ola_sparse_bayesian_keep010_seed42,95,ola,global,,,layers.0.bias,raw,48,0.0023559183822928218,0.002404832927452498,0.00238037565487266,1,159.71731873406853,0.9765625,128
bayesfl_observability_v1,ola_sparse_bayesian_keep010_seed42,95,ola,global,,,layers.0.bias,raw,49,0.002404832927452498,0.002453747472612174,0.002429290200032336,1,159.71731873406995,0.984375,128
bayesfl_observability_v1,ola_sparse_bayesian_keep010_seed42,95,ola,global,,,layers.0.bias,raw,50,0.002453747472612174,0.00250266201777185,0.0024782047451920117,0,0.0,0.984375,128
bayesfl_observability_v1,ola_sparse_bayesian_keep010_seed42,95,ola,global,,,layers.0.bias,raw,51,0.00250266201777185,0.002551576562931526,0.002527119290351688,0,0.0,0.984375,128
bayesfl_observability_v1,ola_sparse_bayesian_keep010_seed42,95,ola,global,,,layers.0.bias,raw,52,0.002551576562931526,0.002600491108091202,0.0025760338355113642,0,0.0,0.984375,128
bayesfl_observability_v1,ola_sparse_bayesian_keep010_seed42,95,ola,global,,,layers.0.bias,raw,53,0.002600491108091202,0.0026494056532508784,0.00262494838067104,0,0.0,0.984375,128
bayesfl_observability_v1,ola_sparse_bayesian_keep010_seed42,95,ola,global,,,layers.0.bias,raw,54,0.0026494056532508784,0.002698320198410554,0.0026738629258307163,1,159.71731873406995,0.9921875,128
bayesfl_observability_v1,ola_sparse_bayesian_keep010_seed42,95,ola,global,,,layers.0.bias,raw,55,0.002698320198410554,0.0027472347435702304,0.0027227774709903925,0,0.0,0.9921875,128
bayesfl_observability_v1,ola_sparse_bayesian_keep010_seed42,95,ola,global,,,layers.0.bias,raw,56,0.0027472347435702304,0.0027961492887299067,0.0027716920161500683,0,0.0,0.9921875,128
bayesfl_observability_v1,ola_sparse_bayesian_keep010_seed42,95,ola,global,,,layers.0.bias,raw,57,0.0027961492887299067,0.0028450638338895825,0.0028206065613097446,0,0.0,0.9921875,128
bayesfl_observability_v1,ola_sparse_bayesian_keep010_seed42,95,ola,global,,,layers.0.bias,raw,58,0.0028450638338895825,0.0028939783790492587,0.002869521106469421,0,0.0,0.9921875,128
bayesfl_observability_v1,ola_sparse_bayesian_keep010_seed42,95,ola,global,,,layers.0.bias,raw,59,0.0028939783790492587,0.002942892924208935,0.0029184356516290966,0,0.0,0.9921875,128
bayesfl_observability_v1,ola_sparse_bayesian_keep010_seed42,95,ola,global,,,layers.0.bias,raw,60,0.002942892924208935,0.002991807469368611,0.002967350196788773,0,0.0,0.9921875,128
bayesfl_observability_v1,ola_sparse_bayesian_keep010_seed42,95,ola,global,,,layers.0.bias,raw,61,0.002991807469368611,0.003040722014528287,0.003016264741948449,0,0.0,0.9921875,128
bayesfl_observability_v1,ola_sparse_bayesian_keep010_seed42,95,ola,global,,,layers.0.bias,raw,62,0.003040722014528287,0.003089636559687963,0.003065179287108125,0,0.0,0.9921875,128
bayesfl_observability_v1,ola_sparse_bayesian_keep010_seed42,95,ola,global,,,layers.0.bias,raw,63,0.003089636559687963,0.003138551104847639,0.0031140938322678008,0,0.0,0.9921875,128
bayesfl_observability_v1,ola_sparse_bayesian_keep010_seed42,95,ola,global,,,layers.0.bias,raw,64,0.003138551104847639,0.0031874656500073153,0.0031630083774274774,0,0.0,0.9921875,128
bayesfl_observability_v1,ola_sparse_bayesian_keep010_seed42,95,ola,global,,,layers.0.bias,raw,65,0.0031874656500073153,0.003236380195166991,0.0032119229225871532,0,0.0,0.9921875,128
bayesfl_observability_v1,ola_sparse_bayesian_keep010_seed42,95,ola,global,,,layers.0.bias,raw,66,0.003236380195166991,0.0032852947403266674,0.003260837467746829,0,0.0,0.9921875,128
bayesfl_observability_v1,ola_sparse_bayesian_keep010_seed42,95,ola,global,,,layers.0.bias,raw,67,0.0032852947403266674,0.003334209285486343,0.0033097520129065053,0,0.0,0.9921875,128
bayesfl_observability_v1,ola_sparse_bayesian_keep010_seed42,95,ola,global,,,layers.0.bias,raw,68,0.003334209285486343,0.0033831238306460194,0.0033586665580661815,0,0.0,0.9921875,128
bayesfl_observability_v1,ola_sparse_bayesian_keep010_seed42,95,ola,global,,,layers.0.bias,raw,69,0.0033831238306460194,0.0034320383758056957,0.0034075811032258574,0,0.0,0.9921875,128
bayesfl_observability_v1,ola_sparse_bayesian_keep010_seed42,95,ola,global,,,layers.0.bias,raw,70,0.0034320383758056957,0.0034809529209653715,0.0034564956483855336,0,0.0,0.9921875,128
bayesfl_observability_v1,ola_sparse_bayesian_keep010_seed42,95,ola,global,,,layers.0.bias,raw,71,0.0034809529209653715,0.0035298674661250477,0.00350541019354521,0,0.0,0.9921875,128
bayesfl_observability_v1,ola_sparse_bayesian_keep010_seed42,95,ola,global,,,layers.0.bias,raw,72,0.0035298674661250477,0.003578782011284724,0.0035543247387048857,0,0.0,0.9921875,128
bayesfl_observability_v1,ola_sparse_bayesian_keep010_seed42,95,ola,global,,,layers.0.bias,raw,73,0.003578782011284724,0.0036276965564444,0.003603239283864562,0,0.0,0.9921875,128
bayesfl_observability_v1,ola_sparse_bayesian_keep010_seed42,95,ola,global,,,layers.0.bias,raw,74,0.0036276965564444,0.003676611101604076,0.003652153829024238,0,0.0,0.9921875,128
bayesfl_observability_v1,ola_sparse_bayesian_keep010_seed42,95,ola,global,,,layers.0.bias,raw,75,0.003676611101604076,0.0037255256467637523,0.003701068374183914,0,0.0,0.9921875,128
bayesfl_observability_v1,ola_sparse_bayesian_keep010_seed42,95,ola,global,,,layers.0.bias,raw,76,0.0037255256467637523,0.003774440191923428,0.00374998291934359,0,0.0,0.9921875,128
bayesfl_observability_v1,ola_sparse_bayesian_keep010_seed42,95,ola,global,,,layers.0.bias,raw,77,0.003774440191923428,0.0038233547370831043,0.0037988974645032664,0,0.0,0.9921875,128
bayesfl_observability_v1,ola_sparse_bayesian_keep010_seed42,95,ola,global,,,layers.0.bias,raw,78,0.0038233547370831043,0.00387226928224278,0.0038478120096629423,0,0.0,0.9921875,128
bayesfl_observability_v1,ola_sparse_bayesian_keep010_seed42,95,ola,global,,,layers.0.bias,raw,79,0.00387226928224278,0.003921183827402456,0.003896726554822618,1,159.71731873406853,1.0,128
bayesfl_observability_v1,ola_sparse_bayesian_keep010_seed42,95,ola,global,,,layers.0.bias,db,0,-101.91627910575731,-101.24397131621815,-101.58012521098773,1,0.011620421660375439,0.0078125,128
bayesfl_observability_v1,ola_sparse_bayesian_keep010_seed42,95,ola,global,,,layers.0.bias,db,1,-101.24397131621815,-100.57166352667899,-100.90781742144857,0,0.0,0.0078125,128
bayesfl_observability_v1,ola_sparse_bayesian_keep010_seed42,95,ola,global,,,layers.0.bias,db,2,-100.57166352667899,-99.89935573713983,-100.23550963190941,0,0.0,0.0078125,128
bayesfl_observability_v1,ola_sparse_bayesian_keep010_seed42,95,ola,global,,,layers.0.bias,db,3,-99.89935573713983,-99.22704794760067,-99.56320184237025,0,0.0,0.0078125,128
bayesfl_observability_v1,ola_sparse_bayesian_keep010_seed42,95,ola,global,,,layers.0.bias,db,4,-99.22704794760067,-98.55474015806149,-98.89089405283107,0,0.0,0.0078125,128
bayesfl_observability_v1,ola_sparse_bayesian_keep010_seed42,95,ola,global,,,layers.0.bias,db,5,-98.55474015806149,-97.88243236852233,-98.21858626329191,0,0.0,0.0078125,128
bayesfl_observability_v1,ola_sparse_bayesian_keep010_seed42,95,ola,global,,,layers.0.bias,db,6,-97.88243236852233,-97.21012457898317,-97.54627847375275,0,0.0,0.0078125,128
bayesfl_observability_v1,ola_sparse_bayesian_keep010_seed42,95,ola,global,,,layers.0.bias,db,7,-97.21012457898317,-96.53781678944401,-96.87397068421359,0,0.0,0.0078125,128
bayesfl_observability_v1,ola_sparse_bayesian_keep010_seed42,95,ola,global,,,layers.0.bias,db,8,-96.53781678944401,-95.86550899990485,-96.20166289467443,0,0.0,0.0078125,128
bayesfl_observability_v1,ola_sparse_bayesian_keep010_seed42,95,ola,global,,,layers.0.bias,db,9,-95.86550899990485,-95.19320121036569,-95.52935510513527,0,0.0,0.0078125,128
bayesfl_observability_v1,ola_sparse_bayesian_keep010_seed42,95,ola,global,,,layers.0.bias,db,10,-95.19320121036569,-94.52089342082652,-94.8570473155961,0,0.0,0.0078125,128
bayesfl_observability_v1,ola_sparse_bayesian_keep010_seed42,95,ola,global,,,layers.0.bias,db,11,-94.52089342082652,-93.84858563128736,-94.18473952605694,0,0.0,0.0078125,128
bayesfl_observability_v1,ola_sparse_bayesian_keep010_seed42,95,ola,global,,,layers.0.bias,db,12,-93.84858563128736,-93.1762778417482,-93.51243173651778,0,0.0,0.0078125,128
bayesfl_observability_v1,ola_sparse_bayesian_keep010_seed42,95,ola,global,,,layers.0.bias,db,13,-93.1762778417482,-92.50397005220904,-92.84012394697862,1,0.011620421660375439,0.015625,128
bayesfl_observability_v1,ola_sparse_bayesian_keep010_seed42,95,ola,global,,,layers.0.bias,db,14,-92.50397005220904,-91.83166226266988,-92.16781615743946,1,0.011620421660375439,0.0234375,128
bayesfl_observability_v1,ola_sparse_bayesian_keep010_seed42,95,ola,global,,,layers.0.bias,db,15,-91.83166226266988,-91.1593544731307,-91.4955083679003,2,0.023240843320750385,0.0390625,128
bayesfl_observability_v1,ola_sparse_bayesian_keep010_seed42,95,ola,global,,,layers.0.bias,db,16,-91.1593544731307,-90.48704668359154,-90.82320057836112,1,0.011620421660375439,0.046875,128
bayesfl_observability_v1,ola_sparse_bayesian_keep010_seed42,95,ola,global,,,layers.0.bias,db,17,-90.48704668359154,-89.81473889405238,-90.15089278882196,0,0.0,0.046875,128
bayesfl_observability_v1,ola_sparse_bayesian_keep010_seed42,95,ola,global,,,layers.0.bias,db,18,-89.81473889405238,-89.14243110451322,-89.4785849992828,0,0.0,0.046875,128
bayesfl_observability_v1,ola_sparse_bayesian_keep010_seed42,95,ola,global,,,layers.0.bias,db,19,-89.14243110451322,-88.47012331497406,-88.80627720974364,0,0.0,0.046875,128
bayesfl_observability_v1,ola_sparse_bayesian_keep010_seed42,95,ola,global,,,layers.0.bias,db,20,-88.47012331497406,-87.7978155254349,-88.13396942020448,0,0.0,0.046875,128
bayesfl_observability_v1,ola_sparse_bayesian_keep010_seed42,95,ola,global,,,layers.0.bias,db,21,-87.7978155254349,-87.12550773589574,-87.46166163066532,0,0.0,0.046875,128
bayesfl_observability_v1,ola_sparse_bayesian_keep010_seed42,95,ola,global,,,layers.0.bias,db,22,-87.12550773589574,-86.45319994635658,-86.78935384112616,1,0.011620421660375439,0.0546875,128
bayesfl_observability_v1,ola_sparse_bayesian_keep010_seed42,95,ola,global,,,layers.0.bias,db,23,-86.45319994635658,-85.7808921568174,-86.11704605158698,0,0.0,0.0546875,128
bayesfl_observability_v1,ola_sparse_bayesian_keep010_seed42,95,ola,global,,,layers.0.bias,db,24,-85.7808921568174,-85.10858436727824,-85.44473826204782,1,0.011620421660375439,0.0625,128
bayesfl_observability_v1,ola_sparse_bayesian_keep010_seed42,95,ola,global,,,layers.0.bias,db,25,-85.10858436727824,-84.43627657773908,-84.77243047250866,0,0.0,0.0625,128
bayesfl_observability_v1,ola_sparse_bayesian_keep010_seed42,95,ola,global,,,layers.0.bias,db,26,-84.43627657773908,-83.76396878819992,-84.1001226829695,0,0.0,0.0625,128
bayesfl_observability_v1,ola_sparse_bayesian_keep010_seed42,95,ola,global,,,layers.0.bias,db,27,-83.76396878819992,-83.09166099866076,-83.42781489343034,0,0.0,0.0625,128
bayesfl_observability_v1,ola_sparse_bayesian_keep010_seed42,95,ola,global,,,layers.0.bias,db,28,-83.09166099866076,-82.4193532091216,-82.75550710389118,1,0.011620421660375439,0.0703125,128
bayesfl_observability_v1,ola_sparse_bayesian_keep010_seed42,95,ola,global,,,layers.0.bias,db,29,-82.4193532091216,-81.74704541958243,-82.08319931435202,0,0.0,0.0703125,128
bayesfl_observability_v1,ola_sparse_bayesian_keep010_seed42,95,ola,global,,,layers.0.bias,db,30,-81.74704541958243,-81.07473763004327,-81.41089152481285,2,0.023240843320750878,0.0859375,128
bayesfl_observability_v1,ola_sparse_bayesian_keep010_seed42,95,ola,global,,,layers.0.bias,db,31,-81.07473763004327,-80.40242984050411,-80.73858373527369,0,0.0,0.0859375,128
bayesfl_observability_v1,ola_sparse_bayesian_keep010_seed42,95,ola,global,,,layers.0.bias,db,32,-80.40242984050411,-79.73012205096495,-80.06627594573453,1,0.011620421660375439,0.09375,128
bayesfl_observability_v1,ola_sparse_bayesian_keep010_seed42,95,ola,global,,,layers.0.bias,db,33,-79.73012205096495,-79.05781426142579,-79.39396815619537,0,0.0,0.09375,128
bayesfl_observability_v1,ola_sparse_bayesian_keep010_seed42,95,ola,global,,,layers.0.bias,db,34,-79.05781426142579,-78.38550647188663,-78.72166036665621,1,0.011620421660375439,0.1015625,128
bayesfl_observability_v1,ola_sparse_bayesian_keep010_seed42,95,ola,global,,,layers.0.bias,db,35,-78.38550647188663,-77.71319868234745,-78.04935257711705,2,0.023240843320750385,0.1171875,128
bayesfl_observability_v1,ola_sparse_bayesian_keep010_seed42,95,ola,global,,,layers.0.bias,db,36,-77.71319868234745,-77.04089089280829,-77.37704478757787,2,0.023240843320750878,0.1328125,128
bayesfl_observability_v1,ola_sparse_bayesian_keep010_seed42,95,ola,global,,,layers.0.bias,db,37,-77.04089089280829,-76.36858310326913,-76.70473699803871,0,0.0,0.1328125,128
bayesfl_observability_v1,ola_sparse_bayesian_keep010_seed42,95,ola,global,,,layers.0.bias,db,38,-76.36858310326913,-75.69627531372997,-76.03242920849955,3,0.034861264981126315,0.15625,128
bayesfl_observability_v1,ola_sparse_bayesian_keep010_seed42,95,ola,global,,,layers.0.bias,db,39,-75.69627531372997,-75.02396752419081,-75.36012141896039,1,0.011620421660375439,0.1640625,128
bayesfl_observability_v1,ola_sparse_bayesian_keep010_seed42,95,ola,global,,,layers.0.bias,db,40,-75.02396752419081,-74.35165973465165,-74.68781362942123,1,0.011620421660375439,0.171875,128
bayesfl_observability_v1,ola_sparse_bayesian_keep010_seed42,95,ola,global,,,layers.0.bias,db,41,-74.35165973465165,-73.67935194511249,-74.01550583988207,5,0.058102108301877196,0.2109375,128
bayesfl_observability_v1,ola_sparse_bayesian_keep010_seed42,95,ola,global,,,layers.0.bias,db,42,-73.67935194511249,-73.00704415557333,-73.3431980503429,2,0.023240843320750878,0.2265625,128
bayesfl_observability_v1,ola_sparse_bayesian_keep010_seed42,95,ola,global,,,layers.0.bias,db,43,-73.00704415557333,-72.33473636603415,-72.67089026080373,2,0.023240843320750385,0.2421875,128
bayesfl_observability_v1,ola_sparse_bayesian_keep010_seed42,95,ola,global,,,layers.0.bias,db,44,-72.33473636603415,-71.66242857649499,-71.99858247126457,0,0.0,0.2421875,128
bayesfl_observability_v1,ola_sparse_bayesian_keep010_seed42,95,ola,global,,,layers.0.bias,db,45,-71.66242857649499,-70.99012078695583,-71.32627468172541,1,0.011620421660375439,0.25,128
bayesfl_observability_v1,ola_sparse_bayesian_keep010_seed42,95,ola,global,,,layers.0.bias,db,46,-70.99012078695583,-70.31781299741667,-70.65396689218625,1,0.011620421660375439,0.2578125,128
bayesfl_observability_v1,ola_sparse_bayesian_keep010_seed42,95,ola,global,,,layers.0.bias,db,47,-70.31781299741667,-69.6455052078775,-69.98165910264709,3,0.034861264981126315,0.28125,128
bayesfl_observability_v1,ola_sparse_bayesian_keep010_seed42,95,ola,global,,,layers.0.bias,db,48,-69.6455052078775,-68.97319741833834,-69.30935131310792,0,0.0,0.28125,128
bayesfl_observability_v1,ola_sparse_bayesian_keep010_seed42,95,ola,global,,,layers.0.bias,db,49,-68.97319741833834,-68.30088962879918,-68.63704352356876,3,0.034861264981126315,0.3046875,128
bayesfl_observability_v1,ola_sparse_bayesian_keep010_seed42,95,ola,global,,,layers.0.bias,db,50,-68.30088962879918,-67.62858183926002,-67.9647357340296,2,0.023240843320750878,0.3203125,128
bayesfl_observability_v1,ola_sparse_bayesian_keep010_seed42,95,ola,global,,,layers.0.bias,db,51,-67.62858183926002,-66.95627404972086,-67.29242794449044,2,0.023240843320750878,0.3359375,128
bayesfl_observability_v1,ola_sparse_bayesian_keep010_seed42,95,ola,global,,,layers.0.bias,db,52,-66.95627404972086,-66.2839662601817,-66.62012015495128,1,0.011620421660375439,0.34375,128
bayesfl_observability_v1,ola_sparse_bayesian_keep010_seed42,95,ola,global,,,layers.0.bias,db,53,-66.2839662601817,-65.61165847064254,-65.94781236541212,0,0.0,0.34375,128
bayesfl_observability_v1,ola_sparse_bayesian_keep010_seed42,95,ola,global,,,layers.0.bias,db,54,-65.61165847064254,-64.93935068110338,-65.27550457587296,3,0.034861264981126315,0.3671875,128
bayesfl_observability_v1,ola_sparse_bayesian_keep010_seed42,95,ola,global,,,layers.0.bias,db,55,-64.93935068110338,-64.26704289156422,-64.6031967863338,4,0.046481686641501756,0.3984375,128
bayesfl_observability_v1,ola_sparse_bayesian_keep010_seed42,95,ola,global,,,layers.0.bias,db,56,-64.26704289156422,-63.59473510202504,-63.93088899679463,2,0.023240843320750385,0.4140625,128
bayesfl_observability_v1,ola_sparse_bayesian_keep010_seed42,95,ola,global,,,layers.0.bias,db,57,-63.59473510202504,-62.92242731248588,-63.25858120725546,3,0.034861264981126315,0.4375,128
bayesfl_observability_v1,ola_sparse_bayesian_keep010_seed42,95,ola,global,,,layers.0.bias,db,58,-62.92242731248588,-62.25011952294672,-62.5862734177163,4,0.046481686641501756,0.46875,128
bayesfl_observability_v1,ola_sparse_bayesian_keep010_seed42,95,ola,global,,,layers.0.bias,db,59,-62.25011952294672,-61.57781173340756,-61.91396562817714,5,0.058102108301877196,0.5078125,128
bayesfl_observability_v1,ola_sparse_bayesian_keep010_seed42,95,ola,global,,,layers.0.bias,db,60,-61.57781173340756,-60.905503943868396,-61.24165783863798,8,0.09296337328300351,0.5703125,128
bayesfl_observability_v1,ola_sparse_bayesian_keep010_seed42,95,ola,global,,,layers.0.bias,db,61,-60.905503943868396,-60.23319615432923,-60.569350049098816,5,0.05810210830187658,0.609375,128
bayesfl_observability_v1,ola_sparse_bayesian_keep010_seed42,95,ola,global,,,layers.0.bias,db,62,-60.23319615432923,-59.56088836479007,-59.89704225955965,3,0.034861264981126315,0.6328125,128
bayesfl_observability_v1,ola_sparse_bayesian_keep010_seed42,95,ola,global,,,layers.0.bias,db,63,-59.56088836479007,-58.888580575250906,-59.224734470020486,5,0.058102108301877196,0.671875,128
bayesfl_observability_v1,ola_sparse_bayesian_keep010_seed42,95,ola,global,,,layers.0.bias,db,64,-58.888580575250906,-58.216272785711745,-58.552426680481325,3,0.034861264981126315,0.6953125,128
bayesfl_observability_v1,ola_sparse_bayesian_keep010_seed42,95,ola,global,,,layers.0.bias,db,65,-58.216272785711745,-57.54396499617258,-57.880118890942164,3,0.034861264981126315,0.71875,128
bayesfl_observability_v1,ola_sparse_bayesian_keep010_seed42,95,ola,global,,,layers.0.bias,db,66,-57.54396499617258,-56.871657206633415,-57.207811101402996,5,0.05810210830187658,0.7578125,128
bayesfl_observability_v1,ola_sparse_bayesian_keep010_seed42,95,ola,global,,,layers.0.bias,db,67,-56.871657206633415,-56.199349417094254,-56.535503311863835,8,0.09296337328300351,0.8203125,128
bayesfl_observability_v1,ola_sparse_bayesian_keep010_seed42,95,ola,global,,,layers.0.bias,db,68,-56.199349417094254,-55.52704162755509,-55.86319552232467,5,0.058102108301877196,0.859375,128
bayesfl_observability_v1,ola_sparse_bayesian_keep010_seed42,95,ola,global,,,layers.0.bias,db,69,-55.52704162755509,-54.85473383801593,-55.19088773278551,5,0.058102108301877196,0.8984375,128
bayesfl_observability_v1,ola_sparse_bayesian_keep010_seed42,95,ola,global,,,layers.0.bias,db,70,-54.85473383801593,-54.18242604847677,-54.51857994324635,4,0.046481686641501756,0.9296875,128
bayesfl_observability_v1,ola_sparse_bayesian_keep010_seed42,95,ola,global,,,layers.0.bias,db,71,-54.18242604847677,-53.5101182589376,-53.84627215370719,2,0.02324084332075063,0.9453125,128
bayesfl_observability_v1,ola_sparse_bayesian_keep010_seed42,95,ola,global,,,layers.0.bias,db,72,-53.5101182589376,-52.83781046939844,-53.17396436416802,2,0.023240843320750878,0.9609375,128
bayesfl_observability_v1,ola_sparse_bayesian_keep010_seed42,95,ola,global,,,layers.0.bias,db,73,-52.83781046939844,-52.16550267985928,-52.50165657462886,3,0.034861264981126315,0.984375,128
bayesfl_observability_v1,ola_sparse_bayesian_keep010_seed42,95,ola,global,,,layers.0.bias,db,74,-52.16550267985928,-51.49319489032012,-51.8293487850897,0,0.0,0.984375,128
bayesfl_observability_v1,ola_sparse_bayesian_keep010_seed42,95,ola,global,,,layers.0.bias,db,75,-51.49319489032012,-50.82088710078096,-51.15704099555054,1,0.011620421660375439,0.9921875,128
bayesfl_observability_v1,ola_sparse_bayesian_keep010_seed42,95,ola,global,,,layers.0.bias,db,76,-50.82088710078096,-50.14857931124179,-50.48473320601137,0,0.0,0.9921875,128
bayesfl_observability_v1,ola_sparse_bayesian_keep010_seed42,95,ola,global,,,layers.0.bias,db,77,-50.14857931124179,-49.47627152170263,-49.81242541647221,0,0.0,0.9921875,128
bayesfl_observability_v1,ola_sparse_bayesian_keep010_seed42,95,ola,global,,,layers.0.bias,db,78,-49.47627152170263,-48.80396373216347,-49.14011762693305,0,0.0,0.9921875,128
bayesfl_observability_v1,ola_sparse_bayesian_keep010_seed42,95,ola,global,,,layers.0.bias,db,79,-48.80396373216347,-48.131655942624306,-48.46780983739389,1,0.011620421660375439,1.0,128
bayesfl_observability_v1,ola_sparse_bayesian_keep010_seed42,95,ola,global,,,layers.1.weight,raw,0,8.219485492548792e-06,0.0012609672999373395,0.0006345933927149441,173,107.88783539798098,0.13515625,1280
bayesfl_observability_v1,ola_sparse_bayesian_keep010_seed42,95,ola,global,,,layers.1.weight,raw,1,0.0012609672999373395,0.00251371511438213,0.001887341207159735,162,101.02791522816716,0.26171875,1280
bayesfl_observability_v1,ola_sparse_bayesian_keep010_seed42,95,ola,global,,,layers.1.weight,raw,2,0.00251371511438213,0.003766462928826921,0.003140089021604526,151,94.16799505835331,0.3796875,1280
bayesfl_observability_v1,ola_sparse_bayesian_keep010_seed42,95,ola,global,,,layers.1.weight,raw,3,0.003766462928826921,0.005019210743271712,0.004392836836049316,132,82.31904203776581,0.4828125,1280
bayesfl_observability_v1,ola_sparse_bayesian_keep010_seed42,95,ola,global,,,layers.1.weight,raw,4,0.005019210743271712,0.0062719585577165025,0.005645584650494107,121,75.45912186795204,0.57734375,1280
bayesfl_observability_v1,ola_sparse_bayesian_keep010_seed42,95,ola,global,,,layers.1.weight,raw,5,0.0062719585577165025,0.007524706372161294,0.006898332464938898,100,62.36291063467105,0.65546875,1280
bayesfl_observability_v1,ola_sparse_bayesian_keep010_seed42,95,ola,global,,,layers.1.weight,raw,6,0.007524706372161294,0.008777454186606084,0.008151080279383688,94,58.62113599659087,0.72890625,1280
bayesfl_observability_v1,ola_sparse_bayesian_keep010_seed42,95,ola,global,,,layers.1.weight,raw,7,0.008777454186606084,0.010030202001050875,0.00940382809382848,56,34.92322995541579,0.77265625,1280
bayesfl_observability_v1,ola_sparse_bayesian_keep010_seed42,95,ola,global,,,layers.1.weight,raw,8,0.010030202001050875,0.011282949815495666,0.01065657590827327,43,26.816051572908552,0.80625,1280
bayesfl_observability_v1,ola_sparse_bayesian_keep010_seed42,95,ola,global,,,layers.1.weight,raw,9,0.011282949815495666,0.012535697629940456,0.011909323722718062,29,18.08524408405463,0.82890625,1280
bayesfl_observability_v1,ola_sparse_bayesian_keep010_seed42,95,ola,global,,,layers.1.weight,raw,10,0.012535697629940456,0.013788445444385247,0.013162071537162852,33,20.57976050944145,0.8546875,1280
bayesfl_observability_v1,ola_sparse_bayesian_keep010_seed42,95,ola,global,,,layers.1.weight,raw,11,0.013788445444385247,0.015041193258830039,0.014414819351607643,17,10.601694807894079,0.86796875,1280
bayesfl_observability_v1,ola_sparse_bayesian_keep010_seed42,95,ola,global,,,layers.1.weight,raw,12,0.015041193258830039,0.01629394107327483,0.015667567166052436,29,18.085244084054604,0.890625,1280
bayesfl_observability_v1,ola_sparse_bayesian_keep010_seed42,95,ola,global,,,layers.1.weight,raw,13,0.01629394107327483,0.017546688887719618,0.016920314980497224,22,13.71984033962767,0.9078125,1280
bayesfl_observability_v1,ola_sparse_bayesian_keep010_seed42,95,ola,global,,,layers.1.weight,raw,14,0.017546688887719618,0.01879943670216441,0.018173062794942012,11,6.859920169813816,0.91640625,1280
bayesfl_observability_v1,ola_sparse_bayesian_keep010_seed42,95,ola,global,,,layers.1.weight,raw,15,0.01879943670216441,0.0200521845166092,0.019425810609386807,16,9.978065701547369,0.92890625,1280
bayesfl_observability_v1,ola_sparse_bayesian_keep010_seed42,95,ola,global,,,layers.1.weight,raw,16,0.0200521845166092,0.021304932331053992,0.020678558423831594,9,5.612661957120395,0.9359375,1280
bayesfl_observability_v1,ola_sparse_bayesian_keep010_seed42,95,ola,global,,,layers.1.weight,raw,17,0.021304932331053992,0.022557680145498783,0.02193130623827639,10,6.236291063467106,0.94375,1280
bayesfl_observability_v1,ola_sparse_bayesian_keep010_seed42,95,ola,global,,,layers.1.weight,raw,18,0.022557680145498783,0.02381042795994357,0.023184054052721177,7,4.3654037444269855,0.94921875,1280
bayesfl_observability_v1,ola_sparse_bayesian_keep010_seed42,95,ola,global,,,layers.1.weight,raw,19,0.02381042795994357,0.025063175774388362,0.024436801867165965,5,3.118145531733553,0.953125,1280
bayesfl_observability_v1,ola_sparse_bayesian_keep010_seed42,95,ola,global,,,layers.1.weight,raw,20,0.025063175774388362,0.026315923588833154,0.02568954968161076,5,3.118145531733553,0.95703125,1280
bayesfl_observability_v1,ola_sparse_bayesian_keep010_seed42,95,ola,global,,,layers.1.weight,raw,21,0.026315923588833154,0.027568671403277945,0.026942297496055548,4,2.494516425386842,0.96015625,1280
bayesfl_observability_v1,ola_sparse_bayesian_keep010_seed42,95,ola,global,,,layers.1.weight,raw,22,0.027568671403277945,0.028821419217722737,0.028195045310500343,5,3.118145531733553,0.9640625,1280
bayesfl_observability_v1,ola_sparse_bayesian_keep010_seed42,95,ola,global,,,layers.1.weight,raw,23,0.028821419217722737,0.030074167032167528,0.02944779312494513,4,2.494516425386842,0.9671875,1280
bayesfl_observability_v1,ola_sparse_bayesian_keep010_seed42,95,ola,global,,,layers.1.weight,raw,24,0.030074167032167528,0.03132691484661231,0.03070054093938992,5,3.11814553173357,0.97109375,1280
bayesfl_observability_v1,ola_sparse_bayesian_keep010_seed42,95,ola,global,,,layers.1.weight,raw,25,0.03132691484661231,0.03257966266105711,0.03195328875383471,3,1.8708873190401265,0.9734375,1280
bayesfl_observability_v1,ola_sparse_bayesian_keep010_seed42,95,ola,global,,,layers.1.weight,raw,26,0.03257966266105711,0.033832410475501895,0.0332060365682795,1,0.6236291063467123,0.97421875,1280
bayesfl_observability_v1,ola_sparse_bayesian_keep010_seed42,95,ola,global,,,layers.1.weight,raw,27,0.033832410475501895,0.03508515828994668,0.03445878438272429,3,1.8708873190401367,0.9765625,1280
bayesfl_observability_v1,ola_sparse_bayesian_keep010_seed42,95,ola,global,,,layers.1.weight,raw,28,0.03508515828994668,0.03633790610439148,0.03571153219716908,3,1.8708873190401265,0.97890625,1280
bayesfl_observability_v1,ola_sparse_bayesian_keep010_seed42,95,ola,global,,,layers.1.weight,raw,29,0.03633790610439148,0.037590653918836266,0.03696428001161387,1,0.6236291063467123,0.9796875,1280
bayesfl_observability_v1,ola_sparse_bayesian_keep010_seed42,95,ola,global,,,layers.1.weight,raw,30,0.037590653918836266,0.03884340173328106,0.03821702782605867,3,1.8708873190401265,0.98203125,1280
bayesfl_observability_v1,ola_sparse_bayesian_keep010_seed42,95,ola,global,,,layers.1.weight,raw,31,0.03884340173328106,0.04009614954772585,0.039469775640503454,3,1.8708873190401367,0.984375,1280
bayesfl_observability_v1,ola_sparse_bayesian_keep010_seed42,95,ola,global,,,layers.1.weight,raw,32,0.04009614954772585,0.041348897362170636,0.04072252345494824,1,0.6236291063467123,0.98515625,1280
bayesfl_observability_v1,ola_sparse_bayesian_keep010_seed42,95,ola,global,,,layers.1.weight,raw,33,0.041348897362170636,0.04260164517661543,0.04197527126939303,2,1.2472582126934177,0.98671875,1280
bayesfl_observability_v1,ola_sparse_bayesian_keep010_seed42,95,ola,global,,,layers.1.weight,raw,34,0.04260164517661543,0.04385439299106022,0.043228019083837825,2,1.2472582126934246,0.98828125,1280
bayesfl_observability_v1,ola_sparse_bayesian_keep010_seed42,95,ola,global,,,layers.1.weight,raw,35,0.04385439299106022,0.045107140805505014,0.04448076689828262,0,0.0,0.98828125,1280
bayesfl_observability_v1,ola_sparse_bayesian_keep010_seed42,95,ola,global,,,layers.1.weight,raw,36,0.045107140805505014,0.0463598886199498,0.04573351471272741,1,0.6236291063467123,0.9890625,1280
bayesfl_observability_v1,ola_sparse_bayesian_keep010_seed42,95,ola,global,,,layers.1.weight,raw,37,0.0463598886199498,0.04761263643439459,0.046986262527172196,1,0.6236291063467123,0.98984375,1280
bayesfl_observability_v1,ola_sparse_bayesian_keep010_seed42,95,ola,global,,,layers.1.weight,raw,38,0.04761263643439459,0.048865384248839384,0.048239010341616984,1,0.6236291063467089,0.990625,1280
bayesfl_observability_v1,ola_sparse_bayesian_keep010_seed42,95,ola,global,,,layers.1.weight,raw,39,0.048865384248839384,0.05011813206328417,0.04949175815606178,0,0.0,0.990625,1280
bayesfl_observability_v1,ola_sparse_bayesian_keep010_seed42,95,ola,global,,,layers.1.weight,raw,40,0.05011813206328417,0.05137087987772897,0.05074450597050657,0,0.0,0.990625,1280
bayesfl_observability_v1,ola_sparse_bayesian_keep010_seed42,95,ola,global,,,layers.1.weight,raw,41,0.05137087987772897,0.052623627692173755,0.05199725378495136,0,0.0,0.990625,1280
bayesfl_observability_v1,ola_sparse_bayesian_keep010_seed42,95,ola,global,,,layers.1.weight,raw,42,0.052623627692173755,0.05387637550661854,0.05325000159939615,2,1.2472582126934246,0.9921875,1280
bayesfl_observability_v1,ola_sparse_bayesian_keep010_seed42,95,ola,global,,,layers.1.weight,raw,43,0.05387637550661854,0.05512912332106334,0.05450274941384094,1,0.6236291063467089,0.99296875,1280
bayesfl_observability_v1,ola_sparse_bayesian_keep010_seed42,95,ola,global,,,layers.1.weight,raw,44,0.05512912332106334,0.056381871135508126,0.05575549722828573,1,0.6236291063467123,0.99375,1280
bayesfl_observability_v1,ola_sparse_bayesian_keep010_seed42,95,ola,global,,,layers.1.weight,raw,45,0.056381871135508126,0.05763461894995292,0.057008245042730527,1,0.6236291063467089,0.99453125,1280
bayesfl_observability_v1,ola_sparse_bayesian_keep010_seed42,95,ola,global,,,layers.1.weight,raw,46,0.05763461894995292,0.05888736676439771,0.058260992857175314,3,1.8708873190401367,0.996875,1280
bayesfl_observability_v1,ola_sparse_bayesian_keep010_seed42,95,ola,global,,,layers.1.weight,raw,47,0.05888736676439771,0.0601401145788425,0.0595137406716201,0,0.0,0.996875,1280
bayesfl_observability_v1,ola_sparse_bayesian_keep010_seed42,95,ola,global,,,layers.1.weight,raw,48,0.0601401145788425,0.06139286239328729,0.0607664884860649,0,0.0,0.996875,1280
bayesfl_observability_v1,ola_sparse_bayesian_keep010_seed42,95,ola,global,,,layers.1.weight,raw,49,0.06139286239328729,0.06264561020773209,0.06201923630050969,0,0.0,0.996875,1280
bayesfl_observability_v1,ola_sparse_bayesian_keep010_seed42,95,ola,global,,,layers.1.weight,raw,50,0.06264561020773209,0.06389835802217687,0.06327198411495448,0,0.0,0.996875,1280
bayesfl_observability_v1,ola_sparse_bayesian_keep010_seed42,95,ola,global,,,layers.1.weight,raw,51,0.06389835802217687,0.06515110583662168,0.06452473192939928,0,0.0,0.996875,1280
bayesfl_observability_v1,ola_sparse_bayesian_keep010_seed42,95,ola,global,,,layers.1.weight,raw,52,0.06515110583662168,0.06640385365106646,0.06577747974384407,0,0.0,0.996875,1280
bayesfl_observability_v1,ola_sparse_bayesian_keep010_seed42,95,ola,global,,,layers.1.weight,raw,53,0.06640385365106646,0.06765660146551125,0.06703022755828886,0,0.0,0.996875,1280
bayesfl_observability_v1,ola_sparse_bayesian_keep010_seed42,95,ola,global,,,layers.1.weight,raw,54,0.06765660146551125,0.06890934927995604,0.06828297537273365,1,0.6236291063467123,0.99765625,1280
bayesfl_observability_v1,ola_sparse_bayesian_keep010_seed42,95,ola,global,,,layers.1.weight,raw,55,0.06890934927995604,0.07016209709440083,0.06953572318717843,0,0.0,0.99765625,1280
bayesfl_observability_v1,ola_sparse_bayesian_keep010_seed42,95,ola,global,,,layers.1.weight,raw,56,0.07016209709440083,0.07141484490884563,0.07078847100162322,0,0.0,0.99765625,1280
bayesfl_observability_v1,ola_sparse_bayesian_keep010_seed42,95,ola,global,,,layers.1.weight,raw,57,0.07141484490884563,0.07266759272329042,0.07204121881606802,1,0.6236291063467123,0.9984375,1280
bayesfl_observability_v1,ola_sparse_bayesian_keep010_seed42,95,ola,global,,,layers.1.weight,raw,58,0.07266759272329042,0.0739203405377352,0.07329396663051281,0,0.0,0.9984375,1280
bayesfl_observability_v1,ola_sparse_bayesian_keep010_seed42,95,ola,global,,,layers.1.weight,raw,59,0.0739203405377352,0.07517308835217999,0.0745467144449576,1,0.6236291063467123,0.99921875,1280
bayesfl_observability_v1,ola_sparse_bayesian_keep010_seed42,95,ola,global,,,layers.1.weight,raw,60,0.07517308835217999,0.07642583616662478,0.07579946225940239,0,0.0,0.99921875,1280
bayesfl_observability_v1,ola_sparse_bayesian_keep010_seed42,95,ola,global,,,layers.1.weight,raw,61,0.07642583616662478,0.07767858398106958,0.07705221007384719,0,0.0,0.99921875,1280
bayesfl_observability_v1,ola_sparse_bayesian_keep010_seed42,95,ola,global,,,layers.1.weight,raw,62,0.07767858398106958,0.07893133179551437,0.07830495788829198,0,0.0,0.99921875,1280
bayesfl_observability_v1,ola_sparse_bayesian_keep010_seed42,95,ola,global,,,layers.1.weight,raw,63,0.07893133179551437,0.08018407960995916,0.07955770570273676,0,0.0,0.99921875,1280
bayesfl_observability_v1,ola_sparse_bayesian_keep010_seed42,95,ola,global,,,layers.1.weight,raw,64,0.08018407960995916,0.08143682742440395,0.08081045351718155,0,0.0,0.99921875,1280
bayesfl_observability_v1,ola_sparse_bayesian_keep010_seed42,95,ola,global,,,layers.1.weight,raw,65,0.08143682742440395,0.08268957523884873,0.08206320133162634,0,0.0,0.99921875,1280
bayesfl_observability_v1,ola_sparse_bayesian_keep010_seed42,95,ola,global,,,layers.1.weight,raw,66,0.08268957523884873,0.08394232305329354,0.08331594914607113,0,0.0,0.99921875,1280
bayesfl_observability_v1,ola_sparse_bayesian_keep010_seed42,95,ola,global,,,layers.1.weight,raw,67,0.08394232305329354,0.08519507086773832,0.08456869696051593,0,0.0,0.99921875,1280
bayesfl_observability_v1,ola_sparse_bayesian_keep010_seed42,95,ola,global,,,layers.1.weight,raw,68,0.08519507086773832,0.08644781868218311,0.08582144477496072,0,0.0,0.99921875,1280
bayesfl_observability_v1,ola_sparse_bayesian_keep010_seed42,95,ola,global,,,layers.1.weight,raw,69,0.08644781868218311,0.0877005664966279,0.0870741925894055,0,0.0,0.99921875,1280
bayesfl_observability_v1,ola_sparse_bayesian_keep010_seed42,95,ola,global,,,layers.1.weight,raw,70,0.0877005664966279,0.08895331431107269,0.0883269404038503,0,0.0,0.99921875,1280
bayesfl_observability_v1,ola_sparse_bayesian_keep010_seed42,95,ola,global,,,layers.1.weight,raw,71,0.08895331431107269,0.09020606212551749,0.0895796882182951,0,0.0,0.99921875,1280
bayesfl_observability_v1,ola_sparse_bayesian_keep010_seed42,95,ola,global,,,layers.1.weight,raw,72,0.09020606212551749,0.09145880993996228,0.09083243603273988,0,0.0,0.99921875,1280
bayesfl_observability_v1,ola_sparse_bayesian_keep010_seed42,95,ola,global,,,layers.1.weight,raw,73,0.09145880993996228,0.09271155775440706,0.09208518384718467,0,0.0,0.99921875,1280
bayesfl_observability_v1,ola_sparse_bayesian_keep010_seed42,95,ola,global,,,layers.1.weight,raw,74,0.09271155775440706,0.09396430556885185,0.09333793166162946,0,0.0,0.99921875,1280
bayesfl_observability_v1,ola_sparse_bayesian_keep010_seed42,95,ola,global,,,layers.1.weight,raw,75,0.09396430556885185,0.09521705338329664,0.09459067947607425,0,0.0,0.99921875,1280
bayesfl_observability_v1,ola_sparse_bayesian_keep010_seed42,95,ola,global,,,layers.1.weight,raw,76,0.09521705338329664,0.09646980119774144,0.09584342729051903,0,0.0,0.99921875,1280
bayesfl_observability_v1,ola_sparse_bayesian_keep010_seed42,95,ola,global,,,layers.1.weight,raw,77,0.09646980119774144,0.09772254901218623,0.09709617510496384,0,0.0,0.99921875,1280
bayesfl_observability_v1,ola_sparse_bayesian_keep010_seed42,95,ola,global,,,layers.1.weight,raw,78,0.09772254901218623,0.09897529682663102,0.09834892291940862,0,0.0,0.99921875,1280
bayesfl_observability_v1,ola_sparse_bayesian_keep010_seed42,95,ola,global,,,layers.1.weight,raw,79,0.09897529682663102,0.1002280446410758,0.09960167073385341,1,0.6236291063467123,1.0,1280
bayesfl_observability_v1,ola_sparse_bayesian_keep010_seed42,95,ola,global,,,layers.1.weight,db,0,-101.70310627795482,-100.68157013504279,-101.1923382064988,1,0.0007647795972964222,0.00078125,1280
bayesfl_observability_v1,ola_sparse_bayesian_keep010_seed42,95,ola,global,,,layers.1.weight,db,1,-100.68157013504279,-99.66003399213075,-100.17080206358676,0,0.0,0.00078125,1280
bayesfl_observability_v1,ola_sparse_bayesian_keep010_seed42,95,ola,global,,,layers.1.weight,db,2,-99.66003399213075,-98.63849784921872,-99.14926592067474,0,0.0,0.00078125,1280
bayesfl_observability_v1,ola_sparse_bayesian_keep010_seed42,95,ola,global,,,layers.1.weight,db,3,-98.63849784921872,-97.61696170630668,-98.12772977776271,0,0.0,0.00078125,1280
bayesfl_observability_v1,ola_sparse_bayesian_keep010_seed42,95,ola,global,,,layers.1.weight,db,4,-97.61696170630668,-96.59542556339466,-97.10619363485067,0,0.0,0.00078125,1280
bayesfl_observability_v1,ola_sparse_bayesian_keep010_seed42,95,ola,global,,,layers.1.weight,db,5,-96.59542556339466,-95.57388942048263,-96.08465749193864,0,0.0,0.00078125,1280
bayesfl_observability_v1,ola_sparse_bayesian_keep010_seed42,95,ola,global,,,layers.1.weight,db,6,-95.57388942048263,-94.55235327757059,-95.0631213490266,0,0.0,0.00078125,1280
bayesfl_observability_v1,ola_sparse_bayesian_keep010_seed42,95,ola,global,,,layers.1.weight,db,7,-94.55235327757059,-93.53081713465856,-94.04158520611458,1,0.0007647795972964222,0.0015625,1280
bayesfl_observability_v1,ola_sparse_bayesian_keep010_seed42,95,ola,global,,,layers.1.weight,db,8,-93.53081713465856,-92.50928099174652,-93.02004906320255,0,0.0,0.0015625,1280
bayesfl_observability_v1,ola_sparse_bayesian_keep010_seed42,95,ola,global,,,layers.1.weight,db,9,-92.50928099174652,-91.4877448488345,-91.99851292029051,0,0.0,0.0015625,1280
bayesfl_observability_v1,ola_sparse_bayesian_keep010_seed42,95,ola,global,,,layers.1.weight,db,10,-91.4877448488345,-90.46620870592245,-90.97697677737847,0,0.0,0.0015625,1280
bayesfl_observability_v1,ola_sparse_bayesian_keep010_seed42,95,ola,global,,,layers.1.weight,db,11,-90.46620870592245,-89.44467256301043,-89.95544063446644,0,0.0,0.0015625,1280
bayesfl_observability_v1,ola_sparse_bayesian_keep010_seed42,95,ola,global,,,layers.1.weight,db,12,-89.44467256301043,-88.42313642009839,-88.93390449155442,1,0.0007647795972964116,0.00234375,1280
bayesfl_observability_v1,ola_sparse_bayesian_keep010_seed42,95,ola,global,,,layers.1.weight,db,13,-88.42313642009839,-87.40160027718636,-87.91236834864237,2,0.0015295591945928444,0.00390625,1280
bayesfl_observability_v1,ola_sparse_bayesian_keep010_seed42,95,ola,global,,,layers.1.weight,db,14,-87.40160027718636,-86.38006413427433,-86.89083220573035,0,0.0,0.00390625,1280
bayesfl_observability_v1,ola_sparse_bayesian_keep010_seed42,95,ola,global,,,layers.1.weight,db,15,-86.38006413427433,-85.3585279913623,-85.86929606281831,2,0.0015295591945928232,0.00546875,1280
bayesfl_observability_v1,ola_sparse_bayesian_keep010_seed42,95,ola,global,,,layers.1.weight,db,16,-85.3585279913623,-84.33699184845027,-84.84775991990628,3,0.0022943387918892668,0.0078125,1280
bayesfl_observability_v1,ola_sparse_bayesian_keep010_seed42,95,ola,global,,,layers.1.weight,db,17,-84.33699184845027,-83.31545570553823,-83.82622377699425,4,0.0030591183891856464,0.0109375,1280
bayesfl_observability_v1,ola_sparse_bayesian_keep010_seed42,95,ola,global,,,layers.1.weight,db,18,-83.31545570553823,-82.2939195626262,-82.80468763408221,1,0.0007647795972964222,0.01171875,1280
bayesfl_observability_v1,ola_sparse_bayesian_keep010_seed42,95,ola,global,,,layers.1.weight,db,19,-82.2939195626262,-81.27238341971417,-81.78315149117019,2,0.0015295591945928444,0.01328125,1280
bayesfl_observability_v1,ola_sparse_bayesian_keep010_seed42,95,ola,global,,,layers.1.weight,db,20,-81.27238341971417,-80.25084727680213,-80.76161534825815,1,0.0007647795972964116,0.0140625,1280
bayesfl_observability_v1,ola_sparse_bayesian_keep010_seed42,95,ola,global,,,layers.1.weight,db,21,-80.25084727680213,-79.2293111338901,-79.74007920534612,0,0.0,0.0140625,1280
bayesfl_observability_v1,ola_sparse_bayesian_keep010_seed42,95,ola,global,,,layers.1.weight,db,22,-79.2293111338901,-78.20777499097807,-78.7185430624341,4,0.0030591183891856464,0.0171875,1280
bayesfl_observability_v1,ola_sparse_bayesian_keep010_seed42,95,ola,global,,,layers.1.weight,db,23,-78.20777499097807,-77.18623884806604,-77.69700691952205,1,0.0007647795972964222,0.01796875,1280
bayesfl_observability_v1,ola_sparse_bayesian_keep010_seed42,95,ola,global,,,layers.1.weight,db,24,-77.18623884806604,-76.16470270515401,-76.67547077661003,3,0.0022943387918892668,0.0203125,1280
bayesfl_observability_v1,ola_sparse_bayesian_keep010_seed42,95,ola,global,,,layers.1.weight,db,25,-76.16470270515401,-75.14316656224197,-75.65393463369799,1,0.0007647795972964116,0.02109375,1280
bayesfl_observability_v1,ola_sparse_bayesian_keep010_seed42,95,ola,global,,,layers.1.weight,db,26,-75.14316656224197,-74.12163041932993,-74.63239849078596,4,0.0030591183891856464,0.02421875,1280
bayesfl_observability_v1,ola_sparse_bayesian_keep010_seed42,95,ola,global,,,layers.1.weight,db,27,-74.12163041932993,-73.1000942764179,-73.61086234787392,1,0.0007647795972964222,0.025,1280
bayesfl_observability_v1,ola_sparse_bayesian_keep010_seed42,95,ola,global,,,layers.1.weight,db,28,-73.1000942764179,-72.07855813350588,-72.58932620496189,5,0.003823897986482111,0.02890625,1280
bayesfl_observability_v1,ola_sparse_bayesian_keep010_seed42,95,ola,global,,,layers.1.weight,db,29,-72.07855813350588,-71.05702199059384,-71.56779006204985,4,0.0030591183891856464,0.03203125,1280
bayesfl_observability_v1,ola_sparse_bayesian_keep010_seed42,95,ola,global,,,layers.1.weight,db,30,-71.05702199059384,-70.03548584768181,-70.54625391913783,1,0.0007647795972964222,0.0328125,1280
bayesfl_observability_v1,ola_sparse_bayesian_keep010_seed42,95,ola,global,,,layers.1.weight,db,31,-70.03548584768181,-69.01394970476977,-69.5247177762258,3,0.0022943387918892347,0.03515625,1280
bayesfl_observability_v1,ola_sparse_bayesian_keep010_seed42,95,ola,global,,,layers.1.weight,db,32,-69.01394970476977,-67.99241356185775,-68.50318163331376,8,0.006118236778371378,0.04140625,1280
bayesfl_observability_v1,ola_sparse_bayesian_keep010_seed42,95,ola,global,,,layers.1.weight,db,33,-67.99241356185775,-66.97087741894572,-67.48164549040173,6,0.0045886775837785335,0.04609375,1280
bayesfl_observability_v1,ola_sparse_bayesian_keep010_seed42,95,ola,global,,,layers.1.weight,db,34,-66.97087741894572,-65.94934127603368,-66.46010934748969,11,0.008412575570260528,0.0546875,1280
bayesfl_observability_v1,ola_sparse_bayesian_keep010_seed42,95,ola,global,,,layers.1.weight,db,35,-65.94934127603368,-64.92780513312165,-65.43857320457766,8,0.006118236778371378,0.0609375,1280
bayesfl_observability_v1,ola_sparse_bayesian_keep010_seed42,95,ola,global,,,layers.1.weight,db,36,-64.92780513312165,-63.90626899020962,-64.41703706166564,8,0.006118236778371335,0.0671875,1280
bayesfl_observability_v1,ola_sparse_bayesian_keep010_seed42,95,ola,global,,,layers.1.weight,db,37,-63.90626899020962,-62.884732847297585,-63.3955009187536,11,0.008412575570260586,0.07578125,1280
bayesfl_observability_v1,ola_sparse_bayesian_keep010_seed42,95,ola,global,,,layers.1.weight,db,38,-62.884732847297585,-61.86319670438555,-62.37396477584157,10,0.007647795972964169,0.08359375,1280
bayesfl_observability_v1,ola_sparse_bayesian_keep010_seed42,95,ola,global,,,layers.1.weight,db,39,-61.86319670438555,-60.84166056147352,-61.35242863292953,13,0.00994213476485342,0.09375,1280
bayesfl_observability_v1,ola_sparse_bayesian_keep010_seed42,95,ola,global,,,layers.1.weight,db,40,-60.84166056147352,-59.820124418561484,-60.330892490017504,16,0.01223647355674267,0.10625,1280
bayesfl_observability_v1,ola_sparse_bayesian_keep010_seed42,95,ola,global,,,layers.1.weight,db,41,-59.820124418561484,-58.79858827564946,-59.30935634710547,17,0.013001253154039178,0.11953125,1280
bayesfl_observability_v1,ola_sparse_bayesian_keep010_seed42,95,ola,global,,,layers.1.weight,db,42,-58.79858827564946,-57.777052132737424,-58.28782020419344,24,0.018354710335114006,0.13828125,1280
bayesfl_observability_v1,ola_sparse_bayesian_keep010_seed42,95,ola,global,,,layers.1.weight,db,43,-57.777052132737424,-56.75551598982539,-57.26628406128141,22,0.01682515114052117,0.15546875,1280
bayesfl_observability_v1,ola_sparse_bayesian_keep010_seed42,95,ola,global,,,layers.1.weight,db,44,-56.75551598982539,-55.73397984691336,-56.24474791836937,24,0.018354710335114006,0.17421875,1280
bayesfl_observability_v1,ola_sparse_bayesian_keep010_seed42,95,ola,global,,,layers.1.weight,db,45,-55.73397984691336,-54.71244370400132,-55.223211775457344,22,0.01682515114052117,0.19140625,1280
bayesfl_observability_v1,ola_sparse_bayesian_keep010_seed42,95,ola,global,,,layers.1.weight,db,46,-54.71244370400132,-53.69090756108929,-54.2016756325453,28,0.02141382872429967,0.21328125,1280
bayesfl_observability_v1,ola_sparse_bayesian_keep010_seed42,95,ola,global,,,layers.1.weight,db,47,-53.69090756108929,-52.66937141817726,-53.18013948963328,42,0.032120743086449736,0.24609375,1280
bayesfl_observability_v1,ola_sparse_bayesian_keep010_seed42,95,ola,global,,,layers.1.weight,db,48,-52.66937141817726,-51.64783527526523,-52.15860334672125,28,0.02141382872429967,0.26796875,1280
bayesfl_observability_v1,ola_sparse_bayesian_keep010_seed42,95,ola,global,,,layers.1.weight,db,49,-51.64783527526523,-50.626299132353196,-51.13706720380921,37,0.028296845099967424,0.296875,1280
bayesfl_observability_v1,ola_sparse_bayesian_keep010_seed42,95,ola,global,,,layers.1.weight,db,50,-50.626299132353196,-49.60476298944116,-50.11553106089718,53,0.040533318656710095,0.33828125,1280
bayesfl_observability_v1,ola_sparse_bayesian_keep010_seed42,95,ola,global,,,layers.1.weight,db,51,-49.60476298944116,-48.58322684652913,-49.09399491798514,48,0.03670942067022801,0.37578125,1280
bayesfl_observability_v1,ola_sparse_bayesian_keep010_seed42,95,ola,global,,,layers.1.weight,db,52,-48.58322684652913,-47.561690703617096,-48.072458775073116,45,0.03441508187833876,0.4109375,1280
bayesfl_observability_v1,ola_sparse_bayesian_keep010_seed42,95,ola,global,,,layers.1.weight,db,53,-47.561690703617096,-46.54015456070506,-47.050922632161075,62,0.04741633503237785,0.459375,1280
bayesfl_observability_v1,ola_sparse_bayesian_keep010_seed42,95,ola,global,,,layers.1.weight,db,54,-46.54015456070506,-45.518618417793036,-46.02938648924905,66,0.050475453421563864,0.5109375,1280
bayesfl_observability_v1,ola_sparse_bayesian_keep010_seed42,95,ola,global,,,layers.1.weight,db,55,-45.518618417793036,-44.497082274881,-45.00785034633702,59,0.0451219962404886,0.55703125,1280
bayesfl_observability_v1,ola_sparse_bayesian_keep010_seed42,95,ola,global,,,layers.1.weight,db,56,-44.497082274881,-43.47554613196897,-43.98631420342498,60,0.04588677583778501,0.60390625,1280
bayesfl_observability_v1,ola_sparse_bayesian_keep010_seed42,95,ola,global,,,layers.1.weight,db,57,-43.47554613196897,-42.454009989056935,-42.964778060512955,66,0.05047545342156352,0.65546875,1280
bayesfl_observability_v1,ola_sparse_bayesian_keep010_seed42,95,ola,global,,,layers.1.weight,db,58,-42.454009989056935,-41.4324738461449,-41.943241917600915,71,0.0542993514080456,0.7109375,1280
bayesfl_observability_v1,ola_sparse_bayesian_keep010_seed42,95,ola,global,,,layers.1.weight,db,59,-41.4324738461449,-40.41093770323287,-40.92170577468889,61,0.046651555435081433,0.75859375,1280
bayesfl_observability_v1,ola_sparse_bayesian_keep010_seed42,95,ola,global,,,layers.1.weight,db,60,-40.41093770323287,-39.38940156032084,-39.900169631776855,48,0.03670942067022827,0.79609375,1280
bayesfl_observability_v1,ola_sparse_bayesian_keep010_seed42,95,ola,global,,,layers.1.weight,db,61,-39.38940156032084,-38.36786541740881,-38.87863348886482,34,0.026002506308078176,0.82265625,1280
bayesfl_observability_v1,ola_sparse_bayesian_keep010_seed42,95,ola,global,,,layers.1.weight,db,62,-38.36786541740881,-37.34632927449677,-37.85709734595279,35,0.026767285905374406,0.85,1280
bayesfl_observability_v1,ola_sparse_bayesian_keep010_seed42,95,ola,global,,,layers.1.weight,db,63,-37.34632927449677,-36.32479313158474,-36.835561203040754,29,0.022178608321596245,0.87265625,1280
bayesfl_observability_v1,ola_sparse_bayesian_keep010_seed42,95,ola,global,,,layers.1.weight,db,64,-36.32479313158474,-35.303256988672715,-35.81402506012873,38,0.029061624697264046,0.90234375,1280
bayesfl_observability_v1,ola_sparse_bayesian_keep010_seed42,95,ola,global,,,layers.1.weight,db,65,-35.303256988672715,-34.281720845760674,-34.792488917216694,26,0.0198842695297067,0.92265625,1280
bayesfl_observability_v1,ola_sparse_bayesian_keep010_seed42,95,ola,global,,,layers.1.weight,db,66,-34.281720845760674,-33.26018470284865,-33.77095277430466,21,0.016060371543224868,0.9390625,1280
bayesfl_observability_v1,ola_sparse_bayesian_keep010_seed42,95,ola,global,,,layers.1.weight,db,67,-33.26018470284865,-32.23864855993661,-32.74941663139263,16,0.012236473556742586,0.9515625,1280
bayesfl_observability_v1,ola_sparse_bayesian_keep010_seed42,95,ola,global,,,layers.1.weight,db,68,-32.23864855993661,-31.21711241702458,-31.727880488480594,9,0.0068830163756678,0.95859375,1280
bayesfl_observability_v1,ola_sparse_bayesian_keep010_seed42,95,ola,global,,,layers.1.weight,db,69,-31.21711241702458,-30.19557627411254,-30.70634434556856,16,0.012236473556742586,0.97109375,1280
bayesfl_observability_v1,ola_sparse_bayesian_keep010_seed42,95,ola,global,,,layers.1.weight,db,70,-30.19557627411254,-29.174040131200513,-29.684808202656527,7,0.005353457181074955,0.9765625,1280
bayesfl_observability_v1,ola_sparse_bayesian_keep010_seed42,95,ola,global,,,layers.1.weight,db,71,-29.174040131200513,-28.152503988288487,-28.6632720597445,8,0.006118236778371378,0.9828125,1280
bayesfl_observability_v1,ola_sparse_bayesian_keep010_seed42,95,ola,global,,,layers.1.weight,db,72,-28.152503988288487,-27.130967845376446,-27.641735916832467,7,0.0053534571810748815,0.98828125,1280
bayesfl_observability_v1,ola_sparse_bayesian_keep010_seed42,95,ola,global,,,layers.1.weight,db,73,-27.130967845376446,-26.10943170246442,-26.620199773920433,3,0.0022943387918892668,0.990625,1280
bayesfl_observability_v1,ola_sparse_bayesian_keep010_seed42,95,ola,global,,,layers.1.weight,db,74,-26.10943170246442,-25.08789555955238,-25.5986636310084,4,0.0030591183891856464,0.99375,1280
bayesfl_observability_v1,ola_sparse_bayesian_keep010_seed42,95,ola,global,,,layers.1.weight,db,75,-25.08789555955238,-24.066359416640353,-24.577127488096366,4,0.003059118389185689,0.996875,1280
bayesfl_observability_v1,ola_sparse_bayesian_keep010_seed42,95,ola,global,,,layers.1.weight,db,76,-24.066359416640353,-23.044823273728326,-23.55559134518434,1,0.0007647795972964222,0.99765625,1280
bayesfl_observability_v1,ola_sparse_bayesian_keep010_seed42,95,ola,global,,,layers.1.weight,db,77,-23.044823273728326,-22.023287130816286,-22.534055202272306,2,0.0015295591945928232,0.99921875,1280
bayesfl_observability_v1,ola_sparse_bayesian_keep010_seed42,95,ola,global,,,layers.1.weight,db,78,-22.023287130816286,-21.00175098790426,-21.512519059360272,0,0.0,0.99921875,1280
bayesfl_observability_v1,ola_sparse_bayesian_keep010_seed42,95,ola,global,,,layers.1.weight,db,79,-21.00175098790426,-19.98021484499221,-20.490982916448235,1,0.0007647795972964063,1.0,1280
bayesfl_observability_v1,ola_sparse_bayesian_keep010_seed42,95,ola,global,,,layers.1.bias,raw,0,0.00011288463299753888,0.0002650675552736662,0.00018897609413560254,1,657.1039542699518,0.1,10
bayesfl_observability_v1,ola_sparse_bayesian_keep010_seed42,95,ola,global,,,layers.1.bias,raw,1,0.0002650675552736662,0.0004172504775497935,0.0003411590164117299,0,0.0,0.1,10
bayesfl_observability_v1,ola_sparse_bayesian_keep010_seed42,95,ola,global,,,layers.1.bias,raw,2,0.0004172504775497935,0.0005694333998259209,0.0004933419386878573,0,0.0,0.1,10
bayesfl_observability_v1,ola_sparse_bayesian_keep010_seed42,95,ola,global,,,layers.1.bias,raw,3,0.0005694333998259209,0.0007216163221020482,0.0006455248609639845,1,657.103954269952,0.2,10
bayesfl_observability_v1,ola_sparse_bayesian_keep010_seed42,95,ola,global,,,layers.1.bias,raw,4,0.0007216163221020482,0.0008737992443781754,0.0007977077832401118,1,657.103954269952,0.3,10
bayesfl_observability_v1,ola_sparse_bayesian_keep010_seed42,95,ola,global,,,layers.1.bias,raw,5,0.0008737992443781754,0.0010259821666543027,0.0009498907055162391,1,657.103954269952,0.4,10
bayesfl_observability_v1,ola_sparse_bayesian_keep010_seed42,95,ola,global,,,layers.1.bias,raw,6,0.0010259821666543027,0.0011781650889304302,0.0011020736277923666,2,1314.2079085399023,0.6,10
bayesfl_observability_v1,ola_sparse_bayesian_keep010_seed42,95,ola,global,,,layers.1.bias,raw,7,0.0011781650889304302,0.0013303480112065575,0.0012542565500684938,0,0.0,0.6,10
bayesfl_observability_v1,ola_sparse_bayesian_keep010_seed42,95,ola,global,,,layers.1.bias,raw,8,0.0013303480112065575,0.0014825309334826847,0.001406439472344621,0,0.0,0.6,10
bayesfl_observability_v1,ola_sparse_bayesian_keep010_seed42,95,ola,global,,,layers.1.bias,raw,9,0.0014825309334826847,0.001634713855758812,0.0015586223946207484,0,0.0,0.6,10
bayesfl_observability_v1,ola_sparse_bayesian_keep010_seed42,95,ola,global,,,layers.1.bias,raw,10,0.001634713855758812,0.0017868967780349395,0.0017108053168968756,0,0.0,0.6,10
bayesfl_observability_v1,ola_sparse_bayesian_keep010_seed42,95,ola,global,,,layers.1.bias,raw,11,0.0017868967780349395,0.0019390797003110668,0.0018629882391730031,0,0.0,0.6,10
bayesfl_observability_v1,ola_sparse_bayesian_keep010_seed42,95,ola,global,,,layers.1.bias,raw,12,0.0019390797003110668,0.0020912626225871945,0.0020151711614491306,0,0.0,0.6,10
bayesfl_observability_v1,ola_sparse_bayesian_keep010_seed42,95,ola,global,,,layers.1.bias,raw,13,0.0020912626225871945,0.0022434455448633213,0.002167354083725258,0,0.0,0.6,10
bayesfl_observability_v1,ola_sparse_bayesian_keep010_seed42,95,ola,global,,,layers.1.bias,raw,14,0.0022434455448633213,0.002395628467139449,0.002319537006001385,0,0.0,0.6,10
bayesfl_observability_v1,ola_sparse_bayesian_keep010_seed42,95,ola,global,,,layers.1.bias,raw,15,0.002395628467139449,0.002547811389415576,0.0024717199282775124,0,0.0,0.6,10
bayesfl_observability_v1,ola_sparse_bayesian_keep010_seed42,95,ola,global,,,layers.1.bias,raw,16,0.002547811389415576,0.0026999943116917035,0.0026239028505536397,0,0.0,0.6,10
bayesfl_observability_v1,ola_sparse_bayesian_keep010_seed42,95,ola,global,,,layers.1.bias,raw,17,0.0026999943116917035,0.0028521772339678304,0.002776085772829767,0,0.0,0.6,10
bayesfl_observability_v1,ola_sparse_bayesian_keep010_seed42,95,ola,global,,,layers.1.bias,raw,18,0.0028521772339678304,0.003004360156243958,0.002928268695105894,0,0.0,0.6,10
bayesfl_observability_v1,ola_sparse_bayesian_keep010_seed42,95,ola,global,,,layers.1.bias,raw,19,0.003004360156243958,0.003156543078520085,0.0030804516173820215,0,0.0,0.6,10
bayesfl_observability_v1,ola_sparse_bayesian_keep010_seed42,95,ola,global,,,layers.1.bias,raw,20,0.003156543078520085,0.0033087260007962126,0.0032326345396581488,0,0.0,0.6,10
bayesfl_observability_v1,ola_sparse_bayesian_keep010_seed42,95,ola,global,,,layers.1.bias,raw,21,0.0033087260007962126,0.0034609089230723403,0.0033848174619342765,0,0.0,0.6,10
bayesfl_observability_v1,ola_sparse_bayesian_keep010_seed42,95,ola,global,,,layers.1.bias,raw,22,0.0034609089230723403,0.003613091845348467,0.0035370003842104037,0,0.0,0.6,10
bayesfl_observability_v1,ola_sparse_bayesian_keep010_seed42,95,ola,global,,,layers.1.bias,raw,23,0.003613091845348467,0.003765274767624595,0.003689183306486531,0,0.0,0.6,10
bayesfl_observability_v1,ola_sparse_bayesian_keep010_seed42,95,ola,global,,,layers.1.bias,raw,24,0.003765274767624595,0.003917457689900722,0.0038413662287626583,0,0.0,0.6,10
bayesfl_observability_v1,ola_sparse_bayesian_keep010_seed42,95,ola,global,,,layers.1.bias,raw,25,0.003917457689900722,0.004069640612176849,0.0039935491510387855,0,0.0,0.6,10
bayesfl_observability_v1,ola_sparse_bayesian_keep010_seed42,95,ola,global,,,layers.1.bias,raw,26,0.004069640612176849,0.004221823534452976,0.004145732073314912,1,657.1039542699539,0.7,10
bayesfl_observability_v1,ola_sparse_bayesian_keep010_seed42,95,ola,global,,,layers.1.bias,raw,27,0.004221823534452976,0.004374006456729104,0.00429791499559104,0,0.0,0.7,10
bayesfl_observability_v1,ola_sparse_bayesian_keep010_seed42,95,ola,global,,,layers.1.bias,raw,28,0.004374006456729104,0.004526189379005231,0.004450097917867168,0,0.0,0.7,10
bayesfl_observability_v1,ola_sparse_bayesian_keep010_seed42,95,ola,global,,,layers.1.bias,raw,29,0.004526189379005231,0.0046783723012813585,0.004602280840143295,0,0.0,0.7,10
bayesfl_observability_v1,ola_sparse_bayesian_keep010_seed42,95,ola,global,,,layers.1.bias,raw,30,0.0046783723012813585,0.004830555223557485,0.0047544637624194214,1,657.1039542699539,0.8,10
bayesfl_observability_v1,ola_sparse_bayesian_keep010_seed42,95,ola,global,,,layers.1.bias,raw,31,0.004830555223557485,0.004982738145833613,0.004906646684695549,0,0.0,0.8,10
bayesfl_observability_v1,ola_sparse_bayesian_keep010_seed42,95,ola,global,,,layers.1.bias,raw,32,0.004982738145833613,0.005134921068109741,0.005058829606971677,0,0.0,0.8,10
bayesfl_observability_v1,ola_sparse_bayesian_keep010_seed42,95,ola,global,,,layers.1.bias,raw,33,0.005134921068109741,0.0052871039903858675,0.0052110125292478045,0,0.0,0.8,10
bayesfl_observability_v1,ola_sparse_bayesian_keep010_seed42,95,ola,global,,,layers.1.bias,raw,34,0.0052871039903858675,0.005439286912661995,0.005363195451523931,0,0.0,0.8,10
bayesfl_observability_v1,ola_sparse_bayesian_keep010_seed42,95,ola,global,,,layers.1.bias,raw,35,0.005439286912661995,0.005591469834938122,0.005515378373800058,0,0.0,0.8,10
bayesfl_observability_v1,ola_sparse_bayesian_keep010_seed42,95,ola,global,,,layers.1.bias,raw,36,0.005591469834938122,0.00574365275721425,0.005667561296076186,0,0.0,0.8,10
bayesfl_observability_v1,ola_sparse_bayesian_keep010_seed42,95,ola,global,,,layers.1.bias,raw,37,0.00574365275721425,0.005895835679490377,0.005819744218352314,0,0.0,0.8,10
bayesfl_observability_v1,ola_sparse_bayesian_keep010_seed42,95,ola,global,,,layers.1.bias,raw,38,0.005895835679490377,0.006048018601766504,0.0059719271406284405,0,0.0,0.8,10
bayesfl_observability_v1,ola_sparse_bayesian_keep010_seed42,95,ola,global,,,layers.1.bias,raw,39,0.006048018601766504,0.006200201524042631,0.006124110062904567,0,0.0,0.8,10
bayesfl_observability_v1,ola_sparse_bayesian_keep010_seed42,95,ola,global,,,layers.1.bias,raw,40,0.006200201524042631,0.006352384446318759,0.006276292985180695,1,657.1039542699501,0.9,10
bayesfl_observability_v1,ola_sparse_bayesian_keep010_seed42,95,ola,global,,,layers.1.bias,raw,41,0.006352384446318759,0.0065045673685948865,0.006428475907456823,0,0.0,0.9,10
bayesfl_observability_v1,ola_sparse_bayesian_keep010_seed42,95,ola,global,,,layers.1.bias,raw,42,0.0065045673685948865,0.006656750290871013,0.00658065882973295,0,0.0,0.9,10
bayesfl_observability_v1,ola_sparse_bayesian_keep010_seed42,95,ola,global,,,layers.1.bias,raw,43,0.006656750290871013,0.006808933213147141,0.006732841752009077,0,0.0,0.9,10
bayesfl_observability_v1,ola_sparse_bayesian_keep010_seed42,95,ola,global,,,layers.1.bias,raw,44,0.006808933213147141,0.006961116135423268,0.006885024674285204,0,0.0,0.9,10
bayesfl_observability_v1,ola_sparse_bayesian_keep010_seed42,95,ola,global,,,layers.1.bias,raw,45,0.006961116135423268,0.007113299057699396,0.007037207596561332,0,0.0,0.9,10
bayesfl_observability_v1,ola_sparse_bayesian_keep010_seed42,95,ola,global,,,layers.1.bias,raw,46,0.007113299057699396,0.0072654819799755225,0.0071893905188374595,0,0.0,0.9,10
bayesfl_observability_v1,ola_sparse_bayesian_keep010_seed42,95,ola,global,,,layers.1.bias,raw,47,0.0072654819799755225,0.00741766490225165,0.007341573441113586,0,0.0,0.9,10
bayesfl_observability_v1,ola_sparse_bayesian_keep010_seed42,95,ola,global,,,layers.1.bias,raw,48,0.00741766490225165,0.007569847824527778,0.007493756363389714,0,0.0,0.9,10
bayesfl_observability_v1,ola_sparse_bayesian_keep010_seed42,95,ola,global,,,layers.1.bias,raw,49,0.007569847824527778,0.007722030746803905,0.007645939285665841,0,0.0,0.9,10
bayesfl_observability_v1,ola_sparse_bayesian_keep010_seed42,95,ola,global,,,layers.1.bias,raw,50,0.007722030746803905,0.007874213669080032,0.0077981222079419685,0,0.0,0.9,10
bayesfl_observability_v1,ola_sparse_bayesian_keep010_seed42,95,ola,global,,,layers.1.bias,raw,51,0.007874213669080032,0.00802639659135616,0.007950305130218096,0,0.0,0.9,10
bayesfl_observability_v1,ola_sparse_bayesian_keep010_seed42,95,ola,global,,,layers.1.bias,raw,52,0.00802639659135616,0.008178579513632286,0.008102488052494222,0,0.0,0.9,10
bayesfl_observability_v1,ola_sparse_bayesian_keep010_seed42,95,ola,global,,,layers.1.bias,raw,53,0.008178579513632286,0.008330762435908414,0.00825467097477035,0,0.0,0.9,10
bayesfl_observability_v1,ola_sparse_bayesian_keep010_seed42,95,ola,global,,,layers.1.bias,raw,54,0.008330762435908414,0.008482945358184541,0.008406853897046478,0,0.0,0.9,10
bayesfl_observability_v1,ola_sparse_bayesian_keep010_seed42,95,ola,global,,,layers.1.bias,raw,55,0.008482945358184541,0.00863512828046067,0.008559036819322605,0,0.0,0.9,10
bayesfl_observability_v1,ola_sparse_bayesian_keep010_seed42,95,ola,global,,,layers.1.bias,raw,56,0.00863512828046067,0.008787311202736797,0.008711219741598733,0,0.0,0.9,10
bayesfl_observability_v1,ola_sparse_bayesian_keep010_seed42,95,ola,global,,,layers.1.bias,raw,57,0.008787311202736797,0.008939494125012923,0.00886340266387486,0,0.0,0.9,10
bayesfl_observability_v1,ola_sparse_bayesian_keep010_seed42,95,ola,global,,,layers.1.bias,raw,58,0.008939494125012923,0.00909167704728905,0.009015585586150987,0,0.0,0.9,10
bayesfl_observability_v1,ola_sparse_bayesian_keep010_seed42,95,ola,global,,,layers.1.bias,raw,59,0.00909167704728905,0.009243859969565178,0.009167768508427114,0,0.0,0.9,10
bayesfl_observability_v1,ola_sparse_bayesian_keep010_seed42,95,ola,global,,,layers.1.bias,raw,60,0.009243859969565178,0.009396042891841306,0.009319951430703242,0,0.0,0.9,10
bayesfl_observability_v1,ola_sparse_bayesian_keep010_seed42,95,ola,global,,,layers.1.bias,raw,61,0.009396042891841306,0.009548225814117432,0.009472134352979368,0,0.0,0.9,10
bayesfl_observability_v1,ola_sparse_bayesian_keep010_seed42,95,ola,global,,,layers.1.bias,raw,62,0.009548225814117432,0.00970040873639356,0.009624317275255496,0,0.0,0.9,10
bayesfl_observability_v1,ola_sparse_bayesian_keep010_seed42,95,ola,global,,,layers.1.bias,raw,63,0.00970040873639356,0.009852591658669687,0.009776500197531623,0,0.0,0.9,10
bayesfl_observability_v1,ola_sparse_bayesian_keep010_seed42,95,ola,global,,,layers.1.bias,raw,64,0.009852591658669687,0.010004774580945815,0.009928683119807751,0,0.0,0.9,10
bayesfl_observability_v1,ola_sparse_bayesian_keep010_seed42,95,ola,global,,,layers.1.bias,raw,65,0.010004774580945815,0.010156957503221943,0.010080866042083879,0,0.0,0.9,10
bayesfl_observability_v1,ola_sparse_bayesian_keep010_seed42,95,ola,global,,,layers.1.bias,raw,66,0.010156957503221943,0.010309140425498069,0.010233048964360007,0,0.0,0.9,10
bayesfl_observability_v1,ola_sparse_bayesian_keep010_seed42,95,ola,global,,,layers.1.bias,raw,67,0.010309140425498069,0.010461323347774196,0.010385231886636133,0,0.0,0.9,10
bayesfl_observability_v1,ola_sparse_bayesian_keep010_seed42,95,ola,global,,,layers.1.bias,raw,68,0.010461323347774196,0.010613506270050324,0.01053741480891226,0,0.0,0.9,10
bayesfl_observability_v1,ola_sparse_bayesian_keep010_seed42,95,ola,global,,,layers.1.bias,raw,69,0.010613506270050324,0.010765689192326452,0.010689597731188388,0,0.0,0.9,10
bayesfl_observability_v1,ola_sparse_bayesian_keep010_seed42,95,ola,global,,,layers.1.bias,raw,70,0.010765689192326452,0.010917872114602578,0.010841780653464514,0,0.0,0.9,10
bayesfl_observability_v1,ola_sparse_bayesian_keep010_seed42,95,ola,global,,,layers.1.bias,raw,71,0.010917872114602578,0.011070055036878705,0.010993963575740642,0,0.0,0.9,10
bayesfl_observability_v1,ola_sparse_bayesian_keep010_seed42,95,ola,global,,,layers.1.bias,raw,72,0.011070055036878705,0.011222237959154833,0.01114614649801677,0,0.0,0.9,10
bayesfl_observability_v1,ola_sparse_bayesian_keep010_seed42,95,ola,global,,,layers.1.bias,raw,73,0.011222237959154833,0.011374420881430961,0.011298329420292897,0,0.0,0.9,10
bayesfl_observability_v1,ola_sparse_bayesian_keep010_seed42,95,ola,global,,,layers.1.bias,raw,74,0.011374420881430961,0.011526603803707089,0.011450512342569025,0,0.0,0.9,10
bayesfl_observability_v1,ola_sparse_bayesian_keep010_seed42,95,ola,global,,,layers.1.bias,raw,75,0.011526603803707089,0.011678786725983215,0.011602695264845152,0,0.0,0.9,10
bayesfl_observability_v1,ola_sparse_bayesian_keep010_seed42,95,ola,global,,,layers.1.bias,raw,76,0.011678786725983215,0.011830969648259342,0.011754878187121278,0,0.0,0.9,10
bayesfl_observability_v1,ola_sparse_bayesian_keep010_seed42,95,ola,global,,,layers.1.bias,raw,77,0.011830969648259342,0.01198315257053547,0.011907061109397406,0,0.0,0.9,10
bayesfl_observability_v1,ola_sparse_bayesian_keep010_seed42,95,ola,global,,,layers.1.bias,raw,78,0.01198315257053547,0.012135335492811598,0.012059244031673534,0,0.0,0.9,10
bayesfl_observability_v1,ola_sparse_bayesian_keep010_seed42,95,ola,global,,,layers.1.bias,raw,79,0.012135335492811598,0.012287518415087725,0.012211426953949662,1,657.1039542699501,1.0,10
bayesfl_observability_v1,ola_sparse_bayesian_keep010_seed42,95,ola,global,,,layers.1.bias,db,0,-78.94730341557523,-78.43809607744416,-78.6926997465097,1,0.19638365850544487,0.1,10
bayesfl_observability_v1,ola_sparse_bayesian_keep010_seed42,95,ola,global,,,layers.1.bias,db,1,-78.43809607744416,-77.9288887393131,-78.18349240837863,0,0.0,0.1,10
bayesfl_observability_v1,ola_sparse_bayesian_keep010_seed42,95,ola,global,,,layers.1.bias,db,2,-77.9288887393131,-77.41968140118202,-77.67428507024755,0,0.0,0.1,10
bayesfl_observability_v1,ola_sparse_bayesian_keep010_seed42,95,ola,global,,,layers.1.bias,db,3,-77.41968140118202,-76.91047406305094,-77.16507773211649,0,0.0,0.1,10
bayesfl_observability_v1,ola_sparse_bayesian_keep010_seed42,95,ola,global,,,layers.1.bias,db,4,-76.91047406305094,-76.40126672491988,-76.65587039398541,0,0.0,0.1,10
bayesfl_observability_v1,ola_sparse_bayesian_keep010_seed42,95,ola,global,,,layers.1.bias,db,5,-76.40126672491988,-75.8920593867888,-76.14666305585433,0,0.0,0.1,10
bayesfl_observability_v1,ola_sparse_bayesian_keep010_seed42,95,ola,global,,,layers.1.bias,db,6,-75.8920593867888,-75.38285204865772,-75.63745571772327,0,0.0,0.1,10
bayesfl_observability_v1,ola_sparse_bayesian_keep010_seed42,95,ola,global,,,layers.1.bias,db,7,-75.38285204865772,-74.87364471052666,-75.1282483795922,0,0.0,0.1,10
bayesfl_observability_v1,ola_sparse_bayesian_keep010_seed42,95,ola,global,,,layers.1.bias,db,8,-74.87364471052666,-74.36443737239559,-74.61904104146112,0,0.0,0.1,10
bayesfl_observability_v1,ola_sparse_bayesian_keep010_seed42,95,ola,global,,,layers.1.bias,db,9,-74.36443737239559,-73.85523003426452,-74.10983370333005,0,0.0,0.1,10
bayesfl_observability_v1,ola_sparse_bayesian_keep010_seed42,95,ola,global,,,layers.1.bias,db,10,-73.85523003426452,-73.34602269613345,-73.60062636519899,0,0.0,0.1,10
bayesfl_observability_v1,ola_sparse_bayesian_keep010_seed42,95,ola,global,,,layers.1.bias,db,11,-73.34602269613345,-72.83681535800237,-73.0914190270679,0,0.0,0.1,10
bayesfl_observability_v1,ola_sparse_bayesian_keep010_seed42,95,ola,global,,,layers.1.bias,db,12,-72.83681535800237,-72.3276080198713,-72.58221168893684,0,0.0,0.1,10
bayesfl_observability_v1,ola_sparse_bayesian_keep010_seed42,95,ola,global,,,layers.1.bias,db,13,-72.3276080198713,-71.81840068174023,-72.07300435080577,0,0.0,0.1,10
bayesfl_observability_v1,ola_sparse_bayesian_keep010_seed42,95,ola,global,,,layers.1.bias,db,14,-71.81840068174023,-71.30919334360915,-71.56379701267468,0,0.0,0.1,10
bayesfl_observability_v1,ola_sparse_bayesian_keep010_seed42,95,ola,global,,,layers.1.bias,db,15,-71.30919334360915,-70.79998600547809,-71.05458967454362,0,0.0,0.1,10
bayesfl_observability_v1,ola_sparse_bayesian_keep010_seed42,95,ola,global,,,layers.1.bias,db,16,-70.79998600547809,-70.29077866734701,-70.54538233641256,0,0.0,0.1,10
bayesfl_observability_v1,ola_sparse_bayesian_keep010_seed42,95,ola,global,,,layers.1.bias,db,17,-70.29077866734701,-69.78157132921595,-70.03617499828148,0,0.0,0.1,10
bayesfl_observability_v1,ola_sparse_bayesian_keep010_seed42,95,ola,global,,,layers.1.bias,db,18,-69.78157132921595,-69.27236399108487,-69.5269676601504,0,0.0,0.1,10
bayesfl_observability_v1,ola_sparse_bayesian_keep010_seed42,95,ola,global,,,layers.1.bias,db,19,-69.27236399108487,-68.7631566529538,-69.01776032201934,0,0.0,0.1,10
bayesfl_observability_v1,ola_sparse_bayesian_keep010_seed42,95,ola,global,,,layers.1.bias,db,20,-68.7631566529538,-68.25394931482273,-68.50855298388826,0,0.0,0.1,10
bayesfl_observability_v1,ola_sparse_bayesian_keep010_seed42,95,ola,global,,,layers.1.bias,db,21,-68.25394931482273,-67.74474197669166,-67.99934564575719,0,0.0,0.1,10
bayesfl_observability_v1,ola_sparse_bayesian_keep010_seed42,95,ola,global,,,layers.1.bias,db,22,-67.74474197669166,-67.23553463856058,-67.49013830762613,0,0.0,0.1,10
bayesfl_observability_v1,ola_sparse_bayesian_keep010_seed42,95,ola,global,,,layers.1.bias,db,23,-67.23553463856058,-66.72632730042952,-66.98093096949505,0,0.0,0.1,10
bayesfl_observability_v1,ola_sparse_bayesian_keep010_seed42,95,ola,global,,,layers.1.bias,db,24,-66.72632730042952,-66.21711996229844,-66.47172363136397,0,0.0,0.1,10
bayesfl_observability_v1,ola_sparse_bayesian_keep010_seed42,95,ola,global,,,layers.1.bias,db,25,-66.21711996229844,-65.70791262416736,-65.96251629323291,0,0.0,0.1,10
bayesfl_observability_v1,ola_sparse_bayesian_keep010_seed42,95,ola,global,,,layers.1.bias,db,26,-65.70791262416736,-65.1987052860363,-65.45330895510183,0,0.0,0.1,10
bayesfl_observability_v1,ola_sparse_bayesian_keep010_seed42,95,ola,global,,,layers.1.bias,db,27,-65.1987052860363,-64.68949794790522,-64.94410161697076,0,0.0,0.1,10
bayesfl_observability_v1,ola_sparse_bayesian_keep010_seed42,95,ola,global,,,layers.1.bias,db,28,-64.68949794790522,-64.18029060977415,-64.43489427883969,0,0.0,0.1,10
bayesfl_observability_v1,ola_sparse_bayesian_keep010_seed42,95,ola,global,,,layers.1.bias,db,29,-64.18029060977415,-63.671083271643084,-63.925686940708616,0,0.0,0.1,10
bayesfl_observability_v1,ola_sparse_bayesian_keep010_seed42,95,ola,global,,,layers.1.bias,db,30,-63.671083271643084,-63.16187593351201,-63.416479602577546,1,0.19638365850544487,0.2,10
bayesfl_observability_v1,ola_sparse_bayesian_keep010_seed42,95,ola,global,,,layers.1.bias,db,31,-63.16187593351201,-62.65266859538094,-62.907272264446476,0,0.0,0.2,10
bayesfl_observability_v1,ola_sparse_bayesian_keep010_seed42,95,ola,global,,,layers.1.bias,db,32,-62.65266859538094,-62.14346125724987,-62.3980649263154,1,0.19638365850544762,0.3,10
bayesfl_observability_v1,ola_sparse_bayesian_keep010_seed42,95,ola,global,,,layers.1.bias,db,33,-62.14346125724987,-61.63425391911879,-61.88885758818433,0,0.0,0.3,10
bayesfl_observability_v1,ola_sparse_bayesian_keep010_seed42,95,ola,global,,,layers.1.bias,db,34,-61.63425391911879,-61.12504658098772,-61.37965025005326,0,0.0,0.3,10
bayesfl_observability_v1,ola_sparse_bayesian_keep010_seed42,95,ola,global,,,layers.1.bias,db,35,-61.12504658098772,-60.61583924285665,-60.87044291192218,0,0.0,0.3,10
bayesfl_observability_v1,ola_sparse_bayesian_keep010_seed42,95,ola,global,,,layers.1.bias,db,36,-60.61583924285665,-60.106631904725575,-60.36123557379111,1,0.19638365850544487,0.4,10
bayesfl_observability_v1,ola_sparse_bayesian_keep010_seed42,95,ola,global,,,layers.1.bias,db,37,-60.106631904725575,-59.59742456659451,-59.85202823566004,0,0.0,0.4,10
bayesfl_observability_v1,ola_sparse_bayesian_keep010_seed42,95,ola,global,,,layers.1.bias,db,38,-59.59742456659451,-59.088217228463435,-59.34282089752897,2,0.39276731701088974,0.6,10
bayesfl_observability_v1,ola_sparse_bayesian_keep010_seed42,95,ola,global,,,layers.1.bias,db,39,-59.088217228463435,-58.579009890332365,-58.833613559397904,0,0.0,0.6,10
bayesfl_observability_v1,ola_sparse_bayesian_keep010_seed42,95,ola,global,,,layers.1.bias,db,40,-58.579009890332365,-58.069802552201295,-58.32440622126683,0,0.0,0.6,10
bayesfl_observability_v1,ola_sparse_bayesian_keep010_seed42,95,ola,global,,,layers.1.bias,db,41,-58.069802552201295,-57.56059521407022,-57.81519888313576,0,0.0,0.6,10
bayesfl_observability_v1,ola_sparse_bayesian_keep010_seed42,95,ola,global,,,layers.1.bias,db,42,-57.56059521407022,-57.05138787593915,-57.30599154500469,0,0.0,0.6,10
bayesfl_observability_v1,ola_sparse_bayesian_keep010_seed42,95,ola,global,,,layers.1.bias,db,43,-57.05138787593915,-56.54218053780808,-56.79678420687361,0,0.0,0.6,10
bayesfl_observability_v1,ola_sparse_bayesian_keep010_seed42,95,ola,global,,,layers.1.bias,db,44,-56.54218053780808,-56.032973199677,-56.28757686874254,0,0.0,0.6,10
bayesfl_observability_v1,ola_sparse_bayesian_keep010_seed42,95,ola,global,,,layers.1.bias,db,45,-56.032973199677,-55.52376586154593,-55.77836953061147,0,0.0,0.6,10
bayesfl_observability_v1,ola_sparse_bayesian_keep010_seed42,95,ola,global,,,layers.1.bias,db,46,-55.52376586154593,-55.01455852341486,-55.269162192480394,0,0.0,0.6,10
bayesfl_observability_v1,ola_sparse_bayesian_keep010_seed42,95,ola,global,,,layers.1.bias,db,47,-55.01455852341486,-54.505351185283786,-54.759954854349324,0,0.0,0.6,10
bayesfl_observability_v1,ola_sparse_bayesian_keep010_seed42,95,ola,global,,,layers.1.bias,db,48,-54.505351185283786,-53.996143847152716,-54.250747516218254,0,0.0,0.6,10
bayesfl_observability_v1,ola_sparse_bayesian_keep010_seed42,95,ola,global,,,layers.1.bias,db,49,-53.996143847152716,-53.486936509021646,-53.74154017808718,0,0.0,0.6,10
bayesfl_observability_v1,ola_sparse_bayesian_keep010_seed42,95,ola,global,,,layers.1.bias,db,50,-53.486936509021646,-52.97772917089057,-53.23233283995611,0,0.0,0.6,10
bayesfl_observability_v1,ola_sparse_bayesian_keep010_seed42,95,ola,global,,,layers.1.bias,db,51,-52.97772917089057,-52.46852183275951,-52.72312550182504,0,0.0,0.6,10
bayesfl_observability_v1,ola_sparse_bayesian_keep010_seed42,95,ola,global,,,layers.1.bias,db,52,-52.46852183275951,-51.95931449462843,-52.21391816369397,0,0.0,0.6,10
bayesfl_observability_v1,ola_sparse_bayesian_keep010_seed42,95,ola,global,,,layers.1.bias,db,53,-51.95931449462843,-51.45010715649736,-51.7047108255629,0,0.0,0.6,10
bayesfl_observability_v1,ola_sparse_bayesian_keep010_seed42,95,ola,global,,,layers.1.bias,db,54,-51.45010715649736,-50.94089981836629,-51.19550348743182,0,0.0,0.6,10
bayesfl_observability_v1,ola_sparse_bayesian_keep010_seed42,95,ola,global,,,layers.1.bias,db,55,-50.94089981836629,-50.43169248023521,-50.68629614930075,0,0.0,0.6,10
bayesfl_observability_v1,ola_sparse_bayesian_keep010_seed42,95,ola,global,,,layers.1.bias,db,56,-50.43169248023521,-49.922485142104144,-50.17708881116968,0,0.0,0.6,10
bayesfl_observability_v1,ola_sparse_bayesian_keep010_seed42,95,ola,global,,,layers.1.bias,db,57,-49.922485142104144,-49.413277803973074,-49.667881473038605,0,0.0,0.6,10
bayesfl_observability_v1,ola_sparse_bayesian_keep010_seed42,95,ola,global,,,layers.1.bias,db,58,-49.413277803973074,-48.904070465842,-49.158674134907535,0,0.0,0.6,10
bayesfl_observability_v1,ola_sparse_bayesian_keep010_seed42,95,ola,global,,,layers.1.bias,db,59,-48.904070465842,-48.39486312771093,-48.649466796776466,0,0.0,0.6,10
bayesfl_observability_v1,ola_sparse_bayesian_keep010_seed42,95,ola,global,,,layers.1.bias,db,60,-48.39486312771093,-47.88565578957986,-48.14025945864539,0,0.0,0.6,10
bayesfl_observability_v1,ola_sparse_bayesian_keep010_seed42,95,ola,global,,,layers.1.bias,db,61,-47.88565578957986,-47.37644845144878,-47.63105212051432,1,0.19638365850544487,0.7,10
bayesfl_observability_v1,ola_sparse_bayesian_keep010_seed42,95,ola,global,,,layers.1.bias,db,62,-47.37644845144878,-46.86724111331771,-47.12184478238325,0,0.0,0.7,10
bayesfl_observability_v1,ola_sparse_bayesian_keep010_seed42,95,ola,global,,,layers.1.bias,db,63,-46.86724111331771,-46.35803377518664,-46.61263744425217,0,0.0,0.7,10
bayesfl_observability_v1,ola_sparse_bayesian_keep010_seed42,95,ola,global,,,layers.1.bias,db,64,-46.35803377518664,-45.84882643705557,-46.10343010612111,1,0.19638365850544762,0.8,10
bayesfl_observability_v1,ola_sparse_bayesian_keep010_seed42,95,ola,global,,,layers.1.bias,db,65,-45.84882643705557,-45.339619098924494,-45.59422276799003,0,0.0,0.8,10
bayesfl_observability_v1,ola_sparse_bayesian_keep010_seed42,95,ola,global,,,layers.1.bias,db,66,-45.339619098924494,-44.830411760793424,-45.085015429858956,0,0.0,0.8,10
bayesfl_observability_v1,ola_sparse_bayesian_keep010_seed42,95,ola,global,,,layers.1.bias,db,67,-44.830411760793424,-44.321204422662355,-44.57580809172789,0,0.0,0.8,10
bayesfl_observability_v1,ola_sparse_bayesian_keep010_seed42,95,ola,global,,,layers.1.bias,db,68,-44.321204422662355,-43.811997084531285,-44.066600753596816,1,0.19638365850544762,0.9,10
bayesfl_observability_v1,ola_sparse_bayesian_keep010_seed42,95,ola,global,,,layers.1.bias,db,69,-43.811997084531285,-43.30278974640021,-43.55739341546575,0,0.0,0.9,10
bayesfl_observability_v1,ola_sparse_bayesian_keep010_seed42,95,ola,global,,,layers.1.bias,db,70,-43.30278974640021,-42.79358240826914,-43.04818607733468,0,0.0,0.9,10
bayesfl_observability_v1,ola_sparse_bayesian_keep010_seed42,95,ola,global,,,layers.1.bias,db,71,-42.79358240826914,-42.28437507013807,-42.5389787392036,0,0.0,0.9,10
bayesfl_observability_v1,ola_sparse_bayesian_keep010_seed42,95,ola,global,,,layers.1.bias,db,72,-42.28437507013807,-41.77516773200699,-42.02977140107253,0,0.0,0.9,10
bayesfl_observability_v1,ola_sparse_bayesian_keep010_seed42,95,ola,global,,,layers.1.bias,db,73,-41.77516773200699,-41.26596039387592,-41.52056406294146,0,0.0,0.9,10
bayesfl_observability_v1,ola_sparse_bayesian_keep010_seed42,95,ola,global,,,layers.1.bias,db,74,-41.26596039387592,-40.75675305574485,-41.01135672481038,0,0.0,0.9,10
bayesfl_observability_v1,ola_sparse_bayesian_keep010_seed42,95,ola,global,,,layers.1.bias,db,75,-40.75675305574485,-40.24754571761378,-40.50214938667932,0,0.0,0.9,10
bayesfl_observability_v1,ola_sparse_bayesian_keep010_seed42,95,ola,global,,,layers.1.bias,db,76,-40.24754571761378,-39.738338379482705,-39.992942048548244,0,0.0,0.9,10
bayesfl_observability_v1,ola_sparse_bayesian_keep010_seed42,95,ola,global,,,layers.1.bias,db,77,-39.738338379482705,-39.229131041351636,-39.48373471041717,0,0.0,0.9,10
bayesfl_observability_v1,ola_sparse_bayesian_keep010_seed42,95,ola,global,,,layers.1.bias,db,78,-39.229131041351636,-38.719923703220566,-38.974527372286104,0,0.0,0.9,10
bayesfl_observability_v1,ola_sparse_bayesian_keep010_seed42,95,ola,global,,,layers.1.bias,db,79,-38.719923703220566,-38.210716365089496,-38.46532003415503,1,0.19638365850544762,1.0,10
bayesfl_observability_v1,ola_sparse_bayesian_keep010_seed42,100,ola,global,,,all,raw,0,2.0005701773262004e-08,0.001178490141575395,0.0005892550736385842,79453,662.4787377393155,0.7807114080770364,101770
bayesfl_observability_v1,ola_sparse_bayesian_keep010_seed42,100,ola,global,,,all,raw,1,0.001178490141575395,0.0023569602774490164,0.0017677252095122057,18778,156.57087507418055,0.9652255084995578,101770
bayesfl_observability_v1,ola_sparse_bayesian_keep010_seed42,100,ola,global,,,all,raw,2,0.0023569602774490164,0.0035354304133226383,0.002946195345385827,2561,21.353605872029835,0.9903900953129606,101770
bayesfl_observability_v1,ola_sparse_bayesian_keep010_seed42,100,ola,global,,,all,raw,3,0.0035354304133226383,0.00471390054919626,0.0041246654812594485,276,2.3012866929637785,0.9931020929547018,101770
bayesfl_observability_v1,ola_sparse_bayesian_keep010_seed42,100,ola,global,,,all,raw,4,0.00471390054919626,0.005892370685069881,0.005303135617133071,128,1.067263393838274,0.9943598309914513,101770
bayesfl_observability_v1,ola_sparse_bayesian_keep010_seed42,100,ola,global,,,all,raw,5,0.005892370685069881,0.007070840820943503,0.006481605753006692,101,0.8421375217005126,0.995352264911074,101770
bayesfl_observability_v1,ola_sparse_bayesian_keep010_seed42,100,ola,global,,,all,raw,6,0.007070840820943503,0.008249310956817125,0.007660075888880314,94,0.7837715548499825,0.9962759162818119,101770
bayesfl_observability_v1,ola_sparse_bayesian_keep010_seed42,100,ola,global,,,all,raw,7,0.008249310956817125,0.009427781092690747,0.008838546024753936,65,0.5419696921834982,0.9969146113785988,101770
bayesfl_observability_v1,ola_sparse_bayesian_keep010_seed42,100,ola,global,,,all,raw,8,0.009427781092690747,0.01060625122856437,0.010017016160627558,47,0.391885777424991,0.9973764370639677,101770
bayesfl_observability_v1,ola_sparse_bayesian_keep010_seed42,100,ola,global,,,all,raw,9,0.01060625122856437,0.01178472136443799,0.011195486296501179,29,0.24180186266648415,0.9976613933379188,101770
bayesfl_observability_v1,ola_sparse_bayesian_keep010_seed42,100,ola,global,,,all,raw,10,0.01178472136443799,0.012963191500311612,0.012373956432374801,36,0.3001678295170144,0.9980151321607547,101770
bayesfl_observability_v1,ola_sparse_bayesian_keep010_seed42,100,ola,global,,,all,raw,11,0.012963191500311612,0.014141661636185235,0.013552426568248423,23,0.19177389108031476,0.998241131964233,101770
bayesfl_observability_v1,ola_sparse_bayesian_keep010_seed42,100,ola,global,,,all,raw,12,0.014141661636185235,0.015320131772058855,0.014730896704122046,21,0.17509790055159197,0.9984474796108873,101770
bayesfl_observability_v1,ola_sparse_bayesian_keep010_seed42,100,ola,global,,,all,raw,13,0.015320131772058855,0.016498601907932474,0.015909366839995664,19,0.15842191002286918,0.9986341751007173,101770
bayesfl_observability_v1,ola_sparse_bayesian_keep010_seed42,100,ola,global,,,all,raw,14,0.016498601907932474,0.017677072043806096,0.017087836975869283,22,0.18343589581595324,0.9988503488257836,101770
bayesfl_observability_v1,ola_sparse_bayesian_keep010_seed42,100,ola,global,,,all,raw,15,0.017677072043806096,0.01885554217967972,0.01826630711174291,13,0.10839393843669964,0.998978087845141,101770
bayesfl_observability_v1,ola_sparse_bayesian_keep010_seed42,100,ola,global,,,all,raw,16,0.01885554217967972,0.02003401231555334,0.019444777247616528,12,0.10005594317233812,0.9990960007860863,101770
bayesfl_observability_v1,ola_sparse_bayesian_keep010_seed42,100,ola,global,,,all,raw,17,0.02003401231555334,0.021212482451426963,0.020623247383490154,14,0.11673193370106115,0.9992335658838557,101770
bayesfl_observability_v1,ola_sparse_bayesian_keep010_seed42,100,ola,global,,,all,raw,18,0.021212482451426963,0.022390952587300582,0.021801717519363772,7,0.05836596685053075,0.9993023484327405,101770
bayesfl_observability_v1,ola_sparse_bayesian_keep010_seed42,100,ola,global,,,all,raw,19,0.022390952587300582,0.023569422723174204,0.02298018765523739,5,0.041689976321807556,0.999351478824801,101770
bayesfl_observability_v1,ola_sparse_bayesian_keep010_seed42,100,ola,global,,,all,raw,20,0.023569422723174204,0.024747892859047826,0.024158657791111017,5,0.041689976321807556,0.9994006092168616,101770
bayesfl_observability_v1,ola_sparse_bayesian_keep010_seed42,100,ola,global,,,all,raw,21,0.024747892859047826,0.02592636299492145,0.025337127926984636,4,0.033351981057446044,0.99943991353051,101770
bayesfl_observability_v1,ola_sparse_bayesian_keep010_seed42,100,ola,global,,,all,raw,22,0.02592636299492145,0.02710483313079507,0.02651559806285826,3,0.02501398579308453,0.9994693917657463,101770
bayesfl_observability_v1,ola_sparse_bayesian_keep010_seed42,100,ola,global,,,all,raw,23,0.02710483313079507,0.028283303266668693,0.02769406819873188,7,0.058365966850530575,0.999538174314631,101770
bayesfl_observability_v1,ola_sparse_bayesian_keep010_seed42,100,ola,global,,,all,raw,24,0.028283303266668693,0.029461773402542312,0.028872538334605503,7,0.05836596685053075,0.9996069568635157,101770
bayesfl_observability_v1,ola_sparse_bayesian_keep010_seed42,100,ola,global,,,all,raw,25,0.029461773402542312,0.030640243538415934,0.030051008470479125,4,0.033351981057446044,0.9996462611771642,101770
bayesfl_observability_v1,ola_sparse_bayesian_keep010_seed42,100,ola,global,,,all,raw,26,0.030640243538415934,0.03181871367428956,0.031229478606352747,0,0.0,0.9996462611771642,101770
bayesfl_observability_v1,ola_sparse_bayesian_keep010_seed42,100,ola,global,,,all,raw,27,0.03181871367428956,0.03299718381016318,0.03240794874222637,3,0.025013985793084607,0.9996757394124005,101770
bayesfl_observability_v1,ola_sparse_bayesian_keep010_seed42,100,ola,global,,,all,raw,28,0.03299718381016318,0.034175653946036805,0.03358641887809999,4,0.03335198105744595,0.9997150437260489,101770
bayesfl_observability_v1,ola_sparse_bayesian_keep010_seed42,100,ola,global,,,all,raw,29,0.034175653946036805,0.035354124081910424,0.034764889013973614,2,0.01667599052872307,0.9997346958828731,101770
bayesfl_observability_v1,ola_sparse_bayesian_keep010_seed42,100,ola,global,,,all,raw,30,0.035354124081910424,0.03653259421778405,0.03594335914984724,2,0.016675990528722973,0.9997543480396973,101770
bayesfl_observability_v1,ola_sparse_bayesian_keep010_seed42,100,ola,global,,,all,raw,31,0.03653259421778405,0.03771106435365767,0.03712182928572086,1,0.008337995264361535,0.9997641741181095,101770
bayesfl_observability_v1,ola_sparse_bayesian_keep010_seed42,100,ola,global,,,all,raw,32,0.03771106435365767,0.03888953448953129,0.03830029942159448,2,0.01667599052872307,0.9997838262749337,101770
bayesfl_observability_v1,ola_sparse_bayesian_keep010_seed42,100,ola,global,,,all,raw,33,0.03888953448953129,0.04006800462540491,0.039478769557468096,3,0.025013985793084458,0.99981330451017,101770
bayesfl_observability_v1,ola_sparse_bayesian_keep010_seed42,100,ola,global,,,all,raw,34,0.04006800462540491,0.04124647476127853,0.04065723969334172,1,0.008337995264361535,0.9998231305885821,101770
bayesfl_observability_v1,ola_sparse_bayesian_keep010_seed42,100,ola,global,,,all,raw,35,0.04124647476127853,0.04242494489715216,0.04183570982921535,2,0.016675990528722973,0.9998427827454063,101770
bayesfl_observability_v1,ola_sparse_bayesian_keep010_seed42,100,ola,global,,,all,raw,36,0.04242494489715216,0.043603415033025776,0.04301417996508897,1,0.008337995264361535,0.9998526088238184,101770
bayesfl_observability_v1,ola_sparse_bayesian_keep010_seed42,100,ola,global,,,all,raw,37,0.043603415033025776,0.044781885168899395,0.044192650100962586,1,0.008337995264361535,0.9998624349022305,101770
bayesfl_observability_v1,ola_sparse_bayesian_keep010_seed42,100,ola,global,,,all,raw,38,0.044781885168899395,0.04596035530477302,0.045371120236836204,0,0.0,0.9998624349022305,101770
bayesfl_observability_v1,ola_sparse_bayesian_keep010_seed42,100,ola,global,,,all,raw,39,0.04596035530477302,0.04713882544064664,0.04654959037270983,1,0.008337995264361535,0.9998722609806426,101770
bayesfl_observability_v1,ola_sparse_bayesian_keep010_seed42,100,ola,global,,,all,raw,40,0.04713882544064664,0.048317295576520265,0.047728060508583456,0,0.0,0.9998722609806426,101770
bayesfl_observability_v1,ola_sparse_bayesian_keep010_seed42,100,ola,global,,,all,raw,41,0.048317295576520265,0.049495765712393884,0.048906530644457075,0,0.0,0.9998722609806426,101770
bayesfl_observability_v1,ola_sparse_bayesian_keep010_seed42,100,ola,global,,,all,raw,42,0.049495765712393884,0.0506742358482675,0.050085000780330693,1,0.008337995264361535,0.9998820870590547,101770
bayesfl_observability_v1,ola_sparse_bayesian_keep010_seed42,100,ola,global,,,all,raw,43,0.0506742358482675,0.05185270598414113,0.05126347091620431,0,0.0,0.9998820870590547,101770
bayesfl_observability_v1,ola_sparse_bayesian_keep010_seed42,100,ola,global,,,all,raw,44,0.05185270598414113,0.05303117612001475,0.05244194105207794,2,0.01667599052872307,0.999901739215879,101770
bayesfl_observability_v1,ola_sparse_bayesian_keep010_seed42,100,ola,global,,,all,raw,45,0.05303117612001475,0.05420964625588837,0.053620411187951564,1,0.008337995264361487,0.999911565294291,101770
bayesfl_observability_v1,ola_sparse_bayesian_keep010_seed42,100,ola,global,,,all,raw,46,0.05420964625588837,0.05538811639176199,0.05479888132382518,0,0.0,0.999911565294291,101770
bayesfl_observability_v1,ola_sparse_bayesian_keep010_seed42,100,ola,global,,,all,raw,47,0.05538811639176199,0.05656658652763562,0.0559773514596988,0,0.0,0.999911565294291,101770
bayesfl_observability_v1,ola_sparse_bayesian_keep010_seed42,100,ola,global,,,all,raw,48,0.05656658652763562,0.05774505666350924,0.05715582159557243,0,0.0,0.999911565294291,101770
bayesfl_observability_v1,ola_sparse_bayesian_keep010_seed42,100,ola,global,,,all,raw,49,0.05774505666350924,0.058923526799382855,0.058334291731446046,1,0.008337995264361535,0.9999213913727032,101770
bayesfl_observability_v1,ola_sparse_bayesian_keep010_seed42,100,ola,global,,,all,raw,50,0.058923526799382855,0.06010199693525648,0.05951276186731967,1,0.008337995264361487,0.9999312174511152,101770
bayesfl_observability_v1,ola_sparse_bayesian_keep010_seed42,100,ola,global,,,all,raw,51,0.06010199693525648,0.0612804670711301,0.06069123200319329,2,0.01667599052872307,0.9999508696079394,101770
bayesfl_observability_v1,ola_sparse_bayesian_keep010_seed42,100,ola,global,,,all,raw,52,0.0612804670711301,0.062458937207003726,0.06186970213906691,0,0.0,0.9999508696079394,101770
bayesfl_observability_v1,ola_sparse_bayesian_keep010_seed42,100,ola,global,,,all,raw,53,0.062458937207003726,0.06363740734287734,0.06304817227494053,1,0.008337995264361535,0.9999606956863516,101770
bayesfl_observability_v1,ola_sparse_bayesian_keep010_seed42,100,ola,global,,,all,raw,54,0.06363740734287734,0.06481587747875096,0.06422664241081416,1,0.008337995264361535,0.9999705217647636,101770
bayesfl_observability_v1,ola_sparse_bayesian_keep010_seed42,100,ola,global,,,all,raw,55,0.06481587747875096,0.06599434761462458,0.06540511254668777,0,0.0,0.9999705217647636,101770
bayesfl_observability_v1,ola_sparse_bayesian_keep010_seed42,100,ola,global,,,all,raw,56,0.06599434761462458,0.06717281775049821,0.0665835826825614,0,0.0,0.9999705217647636,101770
bayesfl_observability_v1,ola_sparse_bayesian_keep010_seed42,100,ola,global,,,all,raw,57,0.06717281775049821,0.06835128788637183,0.06776205281843503,0,0.0,0.9999705217647636,101770
bayesfl_observability_v1,ola_sparse_bayesian_keep010_seed42,100,ola,global,,,all,raw,58,0.06835128788637183,0.06952975802224545,0.06894052295430864,1,0.008337995264361535,0.9999803478431758,101770
bayesfl_observability_v1,ola_sparse_bayesian_keep010_seed42,100,ola,global,,,all,raw,59,0.06952975802224545,0.07070822815811907,0.07011899309018227,0,0.0,0.9999803478431758,101770
bayesfl_observability_v1,ola_sparse_bayesian_keep010_seed42,100,ola,global,,,all,raw,60,0.07070822815811907,0.07188669829399269,0.07129746322605587,0,0.0,0.9999803478431758,101770
bayesfl_observability_v1,ola_sparse_bayesian_keep010_seed42,100,ola,global,,,all,raw,61,0.07188669829399269,0.07306516842986632,0.0724759333619295,0,0.0,0.9999803478431758,101770
bayesfl_observability_v1,ola_sparse_bayesian_keep010_seed42,100,ola,global,,,all,raw,62,0.07306516842986632,0.07424363856573994,0.07365440349780314,0,0.0,0.9999803478431758,101770
bayesfl_observability_v1,ola_sparse_bayesian_keep010_seed42,100,ola,global,,,all,raw,63,0.07424363856573994,0.07542210870161356,0.07483287363367674,1,0.008337995264361535,0.9999901739215878,101770
bayesfl_observability_v1,ola_sparse_bayesian_keep010_seed42,100,ola,global,,,all,raw,64,0.07542210870161356,0.07660057883748718,0.07601134376955038,0,0.0,0.9999901739215878,101770
bayesfl_observability_v1,ola_sparse_bayesian_keep010_seed42,100,ola,global,,,all,raw,65,0.07660057883748718,0.0777790489733608,0.07718981390542398,0,0.0,0.9999901739215878,101770
bayesfl_observability_v1,ola_sparse_bayesian_keep010_seed42,100,ola,global,,,all,raw,66,0.0777790489733608,0.07895751910923443,0.07836828404129761,0,0.0,0.9999901739215878,101770
bayesfl_observability_v1,ola_sparse_bayesian_keep010_seed42,100,ola,global,,,all,raw,67,0.07895751910923443,0.08013598924510805,0.07954675417717125,0,0.0,0.9999901739215878,101770
bayesfl_observability_v1,ola_sparse_bayesian_keep010_seed42,100,ola,global,,,all,raw,68,0.08013598924510805,0.08131445938098167,0.08072522431304485,0,0.0,0.9999901739215878,101770
bayesfl_observability_v1,ola_sparse_bayesian_keep010_seed42,100,ola,global,,,all,raw,69,0.08131445938098167,0.08249292951685529,0.08190369444891848,0,0.0,0.9999901739215878,101770
bayesfl_observability_v1,ola_sparse_bayesian_keep010_seed42,100,ola,global,,,all,raw,70,0.08249292951685529,0.0836713996527289,0.08308216458479209,0,0.0,0.9999901739215878,101770
bayesfl_observability_v1,ola_sparse_bayesian_keep010_seed42,100,ola,global,,,all,raw,71,0.0836713996527289,0.08484986978860254,0.08426063472066572,0,0.0,0.9999901739215878,101770
bayesfl_observability_v1,ola_sparse_bayesian_keep010_seed42,100,ola,global,,,all,raw,72,0.08484986978860254,0.08602833992447616,0.08543910485653936,0,0.0,0.9999901739215878,101770
bayesfl_observability_v1,ola_sparse_bayesian_keep010_seed42,100,ola,global,,,all,raw,73,0.08602833992447616,0.08720681006034978,0.08661757499241296,0,0.0,0.9999901739215878,101770
bayesfl_observability_v1,ola_sparse_bayesian_keep010_seed42,100,ola,global,,,all,raw,74,0.08720681006034978,0.0883852801962234,0.08779604512828659,0,0.0,0.9999901739215878,101770
bayesfl_observability_v1,ola_sparse_bayesian_keep010_seed42,100,ola,global,,,all,raw,75,0.0883852801962234,0.08956375033209701,0.0889745152641602,0,0.0,0.9999901739215878,101770
bayesfl_observability_v1,ola_sparse_bayesian_keep010_seed42,100,ola,global,,,all,raw,76,0.08956375033209701,0.09074222046797065,0.09015298540003383,0,0.0,0.9999901739215878,101770
bayesfl_observability_v1,ola_sparse_bayesian_keep010_seed42,100,ola,global,,,all,raw,77,0.09074222046797065,0.09192069060384427,0.09133145553590746,0,0.0,0.9999901739215878,101770
bayesfl_observability_v1,ola_sparse_bayesian_keep010_seed42,100,ola,global,,,all,raw,78,0.09192069060384427,0.09309916073971788,0.09250992567178107,0,0.0,0.9999901739215878,101770
bayesfl_observability_v1,ola_sparse_bayesian_keep010_seed42,100,ola,global,,,all,raw,79,0.09309916073971788,0.0942776308755915,0.0936883958076547,1,0.008337995264361535,1.0,101770
bayesfl_observability_v1,ola_sparse_bayesian_keep010_seed42,100,ola,global,,,all,db,0,-153.97649003110982,-152.30818174059408,-153.14233588585194,1,5.889845700561797e-06,9.826078412105729e-06,101770
bayesfl_observability_v1,ola_sparse_bayesian_keep010_seed42,100,ola,global,,,all,db,1,-152.30818174059408,-150.63987345007834,-151.47402759533622,1,5.889845700561797e-06,1.9652156824211458e-05,101770
bayesfl_observability_v1,ola_sparse_bayesian_keep010_seed42,100,ola,global,,,all,db,2,-150.63987345007834,-148.9715651595626,-149.80571930482046,0,0.0,1.9652156824211458e-05,101770
bayesfl_observability_v1,ola_sparse_bayesian_keep010_seed42,100,ola,global,,,all,db,3,-148.9715651595626,-147.30325686904686,-148.13741101430475,2,1.1779691401123594e-05,3.9304313648422916e-05,101770
bayesfl_observability_v1,ola_sparse_bayesian_keep010_seed42,100,ola,global,,,all,db,4,-147.30325686904686,-145.63494857853115,-146.469102723789,1,5.889845700561898e-06,4.913039206052864e-05,101770
bayesfl_observability_v1,ola_sparse_bayesian_keep010_seed42,100,ola,global,,,all,db,5,-145.63494857853115,-143.9666402880154,-144.80079443327327,0,0.0,4.913039206052864e-05,101770
bayesfl_observability_v1,ola_sparse_bayesian_keep010_seed42,100,ola,global,,,all,db,6,-143.9666402880154,-142.29833199749967,-143.13248614275756,1,5.889845700561797e-06,5.895647047263437e-05,101770
bayesfl_observability_v1,ola_sparse_bayesian_keep010_seed42,100,ola,global,,,all,db,7,-142.29833199749967,-140.63002370698393,-141.4641778522418,0,0.0,5.895647047263437e-05,101770
bayesfl_observability_v1,ola_sparse_bayesian_keep010_seed42,100,ola,global,,,all,db,8,-140.63002370698393,-138.9617154164682,-139.79586956172608,2,1.1779691401123594e-05,7.860862729684583e-05,101770
bayesfl_observability_v1,ola_sparse_bayesian_keep010_seed42,100,ola,global,,,all,db,9,-138.9617154164682,-137.29340712595246,-138.1275612712103,2,1.1779691401123594e-05,9.826078412105728e-05,101770
bayesfl_observability_v1,ola_sparse_bayesian_keep010_seed42,100,ola,global,,,all,db,10,-137.29340712595246,-135.62509883543672,-136.4592529806946,2,1.1779691401123594e-05,0.00011791294094526874,101770
bayesfl_observability_v1,ola_sparse_bayesian_keep010_seed42,100,ola,global,,,all,db,11,-135.62509883543672,-133.95679054492098,-134.79094469017883,3,1.7669537101685393e-05,0.00014739117618158592,101770
bayesfl_observability_v1,ola_sparse_bayesian_keep010_seed42,100,ola,global,,,all,db,12,-133.95679054492098,-132.28848225440524,-133.12263639966312,2,1.1779691401123594e-05,0.00016704333300579738,101770
bayesfl_observability_v1,ola_sparse_bayesian_keep010_seed42,100,ola,global,,,all,db,13,-132.28848225440524,-130.6201739638895,-131.45432810914735,7,4.122891990393258e-05,0.00023582588189053748,101770
bayesfl_observability_v1,ola_sparse_bayesian_keep010_seed42,100,ola,global,,,all,db,14,-130.6201739638895,-128.9518656733738,-129.78601981863164,2,1.1779691401123796e-05,0.0002554780387147489,101770
bayesfl_observability_v1,ola_sparse_bayesian_keep010_seed42,100,ola,global,,,all,db,15,-128.9518656733738,-127.28355738285805,-128.11771152811593,3,1.7669537101685393e-05,0.00028495627395106615,101770
bayesfl_observability_v1,ola_sparse_bayesian_keep010_seed42,100,ola,global,,,all,db,16,-127.28355738285805,-125.61524909234231,-126.44940323760018,4,2.355938280224719e-05,0.000324260587599489,101770
bayesfl_observability_v1,ola_sparse_bayesian_keep010_seed42,100,ola,global,,,all,db,17,-125.61524909234231,-123.94694080182657,-124.78109494708444,13,7.656799410730337e-05,0.00045199960695686353,101770
bayesfl_observability_v1,ola_sparse_bayesian_keep010_seed42,100,ola,global,,,all,db,18,-123.94694080182657,-122.27863251131083,-123.1127866565687,11,6.478830270617977e-05,0.0005600864694900265,101770
bayesfl_observability_v1,ola_sparse_bayesian_keep010_seed42,100,ola,global,,,all,db,19,-122.27863251131083,-120.61032422079509,-121.44447836605296,9,5.3008611305056174e-05,0.000648521175198978,101770
bayesfl_observability_v1,ola_sparse_bayesian_keep010_seed42,100,ola,global,,,all,db,20,-120.61032422079509,-118.94201593027935,-119.77617007553722,8,4.711876560449438e-05,0.0007271298024958239,101770
bayesfl_observability_v1,ola_sparse_bayesian_keep010_seed42,100,ola,global,,,all,db,21,-118.94201593027935,-117.27370763976363,-118.1078617850215,16,9.423753120898957e-05,0.0008843470570895156,101770
bayesfl_observability_v1,ola_sparse_bayesian_keep010_seed42,100,ola,global,,,all,db,22,-117.27370763976363,-115.60539934924789,-116.43955349450576,21,0.00012368675971179775,0.001090694703743736,101770
bayesfl_observability_v1,ola_sparse_bayesian_keep010_seed42,100,ola,global,,,all,db,23,-115.60539934924789,-113.93709105873215,-114.77124520399002,32,0.0001884750624179775,0.001405129212931119,101770
bayesfl_observability_v1,ola_sparse_bayesian_keep010_seed42,100,ola,global,,,all,db,24,-113.93709105873215,-112.26878276821643,-113.10293691347428,38,0.00022381413662135021,0.0017785201925911368,101770
bayesfl_observability_v1,ola_sparse_bayesian_keep010_seed42,100,ola,global,,,all,db,25,-112.26878276821643,-110.60047447770069,-111.43462862295856,39,0.0002297039823219101,0.0021617372506632605,101770
bayesfl_observability_v1,ola_sparse_bayesian_keep010_seed42,100,ola,global,,,all,db,26,-110.60047447770069,-108.93216618718495,-109.76632033244282,49,0.0002886024393275281,0.002643215092856441,101770
bayesfl_observability_v1,ola_sparse_bayesian_keep010_seed42,100,ola,global,,,all,db,27,-108.93216618718495,-107.26385789666921,-108.09801204192708,56,0.00032983135923146065,0.0031934754839343616,101770
bayesfl_observability_v1,ola_sparse_bayesian_keep010_seed42,100,ola,global,,,all,db,28,-107.26385789666921,-105.59554960615347,-106.42970375141134,67,0.0003946196619376404,0.0038518227375454457,101770
bayesfl_observability_v1,ola_sparse_bayesian_keep010_seed42,100,ola,global,,,all,db,29,-105.59554960615347,-103.92724131563773,-104.7613954608956,84,0.000494747038847191,0.004677213324162327,101770
bayesfl_observability_v1,ola_sparse_bayesian_keep010_seed42,100,ola,global,,,all,db,30,-103.92724131563773,-102.258933025122,-103.09308717037987,87,0.0005124165759488807,0.005532082146015525,101770
bayesfl_observability_v1,ola_sparse_bayesian_keep010_seed42,100,ola,global,,,all,db,31,-102.258933025122,-100.59062473460627,-101.42477887986414,138,0.000812798706677528,0.006888080966886116,101770
bayesfl_observability_v1,ola_sparse_bayesian_keep010_seed42,100,ola,global,,,all,db,32,-100.59062473460627,-98.92231644409053,-99.7564705893484,116,0.0006832221012651685,0.00802790606269038,101770
bayesfl_observability_v1,ola_sparse_bayesian_keep010_seed42,100,ola,global,,,all,db,33,-98.92231644409053,-97.2540081535748,-98.08816229883266,169,0.0009953839233949524,0.009688513314336249,101770
bayesfl_observability_v1,ola_sparse_bayesian_keep010_seed42,100,ola,global,,,all,db,34,-97.2540081535748,-95.58569986305906,-96.41985400831693,244,0.0014371223509370785,0.012086076446890047,101770
bayesfl_observability_v1,ola_sparse_bayesian_keep010_seed42,100,ola,global,,,all,db,35,-95.58569986305906,-93.91739157254332,-94.75154571780119,248,0.0014606817337393257,0.014522943893092267,101770
bayesfl_observability_v1,ola_sparse_bayesian_keep010_seed42,100,ola,global,,,all,db,36,-93.91739157254332,-92.24908328202758,-93.08323742728545,290,0.0017080552531629212,0.017372506632602928,101770
bayesfl_observability_v1,ola_sparse_bayesian_keep010_seed42,100,ola,global,,,all,db,37,-92.24908328202758,-90.58077499151184,-91.41492913676971,358,0.0021085647608011233,0.02089024270413678,101770
bayesfl_observability_v1,ola_sparse_bayesian_keep010_seed42,100,ola,global,,,all,db,38,-90.58077499151184,-88.91246670099612,-89.74662084625399,423,0.0024914047313376615,0.0250466738724575,101770
bayesfl_observability_v1,ola_sparse_bayesian_keep010_seed42,100,ola,global,,,all,db,39,-88.91246670099612,-87.24415841048038,-88.07831255573825,523,0.00308038930139382,0.030185712881988798,101770
bayesfl_observability_v1,ola_sparse_bayesian_keep010_seed42,100,ola,global,,,all,db,40,-87.24415841048038,-85.57585011996464,-86.41000426522251,616,0.003628144951546067,0.036238577183845926,101770
bayesfl_observability_v1,ola_sparse_bayesian_keep010_seed42,100,ola,global,,,all,db,41,-85.57585011996464,-83.9075418294489,-84.74169597470677,746,0.004393824892619101,0.043568831679276804,101770
bayesfl_observability_v1,ola_sparse_bayesian_keep010_seed42,100,ola,global,,,all,db,42,-83.9075418294489,-82.23923353893316,-83.07338768419103,932,0.0054893361929235955,0.05272673675935934,101770
bayesfl_observability_v1,ola_sparse_bayesian_keep010_seed42,100,ola,global,,,all,db,43,-82.23923353893316,-80.57092524841744,-81.4050793936753,1189,0.007003026537968037,0.06440994399135305,101770
bayesfl_observability_v1,ola_sparse_bayesian_keep010_seed42,100,ola,global,,,all,db,44,-80.57092524841744,-78.9026169579017,-79.73677110315957,1345,0.007921842467255618,0.07762601945563526,101770
bayesfl_observability_v1,ola_sparse_bayesian_keep010_seed42,100,ola,global,,,all,db,45,-78.9026169579017,-77.23430866738596,-78.06846281264383,1648,0.009706465714525842,0.0938193966787855,101770
bayesfl_observability_v1,ola_sparse_bayesian_keep010_seed42,100,ola,global,,,all,db,46,-77.23430866738596,-75.56600037687022,-76.40015452212809,2031,0.01196227661784101,0.11377616193377223,101770
bayesfl_observability_v1,ola_sparse_bayesian_keep010_seed42,100,ola,global,,,all,db,47,-75.56600037687022,-73.89769208635448,-74.73184623161235,2399,0.014129739835647751,0.13734892404441387,101770
bayesfl_observability_v1,ola_sparse_bayesian_keep010_seed42,100,ola,global,,,all,db,48,-73.89769208635448,-72.22938379583876,-73.06353794109663,3083,0.018158394294832177,0.16764272378893583,101770
bayesfl_observability_v1,ola_sparse_bayesian_keep010_seed42,100,ola,global,,,all,db,49,-72.22938379583876,-70.56107550532302,-71.39522965058089,3635,0.021409589121542134,0.20336051881694017,101770
bayesfl_observability_v1,ola_sparse_bayesian_keep010_seed42,100,ola,global,,,all,db,50,-70.56107550532302,-68.89276721480728,-69.72692136006515,4410,0.025974219539477525,0.24669352461432642,101770
bayesfl_observability_v1,ola_sparse_bayesian_keep010_seed42,100,ola,global,,,all,db,51,-68.89276721480728,-67.22445892429154,-68.05861306954941,5436,0.03201720122825393,0.30010808686253315,101770
bayesfl_observability_v1,ola_sparse_bayesian_keep010_seed42,100,ola,global,,,all,db,52,-67.22445892429154,-65.55615063377581,-66.39030477903367,6510,0.03834289551065763,0.3640758573253415,101770
bayesfl_observability_v1,ola_sparse_bayesian_keep010_seed42,100,ola,global,,,all,db,53,-65.55615063377581,-63.887842343260075,-64.72199648851795,7810,0.04599969492138764,0.4408175297238872,101770
bayesfl_observability_v1,ola_sparse_bayesian_keep010_seed42,100,ola,global,,,all,db,54,-63.887842343260075,-62.219534052744336,-63.053688198002206,9157,0.053933317080044375,0.5307949297435394,101770
bayesfl_observability_v1,ola_sparse_bayesian_keep010_seed42,100,ola,global,,,all,db,55,-62.219534052744336,-60.5512257622286,-61.38537990748647,11277,0.06641978996523538,0.6416036159968557,101770
bayesfl_observability_v1,ola_sparse_bayesian_keep010_seed42,100,ola,global,,,all,db,56,-60.5512257622286,-58.88291747171286,-59.71707161697073,12350,0.0727395944019382,0.7629556843863614,101770
bayesfl_observability_v1,ola_sparse_bayesian_keep010_seed42,100,ola,global,,,all,db,57,-58.88291747171286,-57.21460918119713,-58.048763326454996,7856,0.04627062782361387,0.840149356391864,101770
bayesfl_observability_v1,ola_sparse_bayesian_keep010_seed42,100,ola,global,,,all,db,58,-57.21460918119713,-55.546300890681394,-56.380455035939264,5718,0.03367813771581236,0.8963348727522845,101770
bayesfl_observability_v1,ola_sparse_bayesian_keep010_seed42,100,ola,global,,,all,db,59,-55.546300890681394,-53.877992600165655,-54.712146745423524,4430,0.026092016453488763,0.939864400117913,101770
bayesfl_observability_v1,ola_sparse_bayesian_keep010_seed42,100,ola,global,,,all,db,60,-53.877992600165655,-52.209684309649916,-53.043838454907785,3070,0.018081826300724718,0.9700304608430775,101770
bayesfl_observability_v1,ola_sparse_bayesian_keep010_seed42,100,ola,global,,,all,db,61,-52.209684309649916,-50.54137601913419,-51.37553016439205,1533,0.009029133458961313,0.9850938390488356,101770
bayesfl_observability_v1,ola_sparse_bayesian_keep010_seed42,100,ola,global,,,all,db,62,-50.54137601913419,-48.87306772861845,-49.70722187387632,566,0.0033336526665179774,0.9906553994300874,101770
bayesfl_observability_v1,ola_sparse_bayesian_keep010_seed42,100,ola,global,,,all,db,63,-48.87306772861845,-47.20475943810271,-48.03891358336058,197,0.001160299603010674,0.9925911368772723,101770
bayesfl_observability_v1,ola_sparse_bayesian_keep010_seed42,100,ola,global,,,all,db,64,-47.20475943810271,-45.53645114758697,-46.37060529284484,122,0.0007185611754685393,0.9937899184435491,101770
bayesfl_observability_v1,ola_sparse_bayesian_keep010_seed42,100,ola,global,,,all,db,65,-45.53645114758697,-43.868142857071234,-44.702297002329104,115,0.0006773322555646067,0.9949199174609413,101770
bayesfl_observability_v1,ola_sparse_bayesian_keep010_seed42,100,ola,global,,,all,db,66,-43.868142857071234,-42.19983456655551,-43.03398871181337,97,0.0005713150329544992,0.9958730470669156,101770
bayesfl_observability_v1,ola_sparse_bayesian_keep010_seed42,100,ola,global,,,all,db,67,-42.19983456655551,-40.53152627603977,-41.36568042129764,105,0.0006184337985589887,0.9969047853001867,101770
bayesfl_observability_v1,ola_sparse_bayesian_keep010_seed42,100,ola,global,,,all,db,68,-40.53152627603977,-38.86321798552403,-39.6973721307819,70,0.0004122891990393258,0.997592610789034,101770
bayesfl_observability_v1,ola_sparse_bayesian_keep010_seed42,100,ola,global,,,all,db,69,-38.86321798552403,-37.19490969500829,-38.02906384026616,59,0.00034750089633314604,0.9981723494153484,101770
bayesfl_observability_v1,ola_sparse_bayesian_keep010_seed42,100,ola,global,,,all,db,70,-37.19490969500829,-35.52660140449257,-36.36075554975043,53,0.0003121618221297779,0.9986931315711899,101770
bayesfl_observability_v1,ola_sparse_bayesian_keep010_seed42,100,ola,global,,,all,db,71,-35.52660140449257,-33.85829311397683,-34.6924472592347,48,0.0002827125936269663,0.999164783334971,101770
bayesfl_observability_v1,ola_sparse_bayesian_keep010_seed42,100,ola,global,,,all,db,72,-33.85829311397683,-32.18998482346109,-33.02413896871896,24,0.00014135629681348314,0.9994006092168616,101770
bayesfl_observability_v1,ola_sparse_bayesian_keep010_seed42,100,ola,global,,,all,db,73,-32.18998482346109,-30.52167653294535,-31.35583067820322,22,0.00012957660541235955,0.9996167829419279,101770
bayesfl_observability_v1,ola_sparse_bayesian_keep010_seed42,100,ola,global,,,all,db,74,-30.52167653294535,-28.85336824242961,-29.68752238768748,13,7.656799410730337e-05,0.9997445219612853,101770
bayesfl_observability_v1,ola_sparse_bayesian_keep010_seed42,100,ola,global,,,all,db,75,-28.85336824242961,-27.185059951913885,-28.019214097171748,11,6.478830270618033e-05,0.9998526088238184,101770
bayesfl_observability_v1,ola_sparse_bayesian_keep010_seed42,100,ola,global,,,all,db,76,-27.185059951913885,-25.516751661398132,-26.35090580665601,5,2.9449228502808738e-05,0.999901739215879,101770
bayesfl_observability_v1,ola_sparse_bayesian_keep010_seed42,100,ola,global,,,all,db,77,-25.516751661398132,-23.84844337088242,-24.682597516140277,6,3.533907420337139e-05,0.9999606956863516,101770
bayesfl_observability_v1,ola_sparse_bayesian_keep010_seed42,100,ola,global,,,all,db,78,-23.84844337088242,-22.180135080366682,-23.01428922562455,3,1.7669537101685393e-05,0.9999901739215878,101770
bayesfl_observability_v1,ola_sparse_bayesian_keep010_seed42,100,ola,global,,,all,db,79,-22.180135080366682,-20.511826789850932,-21.345980935108805,1,5.88984570056176e-06,1.0,101770
bayesfl_observability_v1,ola_sparse_bayesian_keep010_seed42,100,ola,global,,,layers.0.weight,raw,0,2.0005701773262004e-08,6.531760601865029e-05,3.266880586021177e-05,4532,691.6185731804426,0.04516103316326531,100352
bayesfl_observability_v1,ola_sparse_bayesian_keep010_seed42,100,ola,global,,,layers.0.weight,raw,1,6.531760601865029e-05,0.00013061520633552733,9.79664061770888e-05,4501,686.8877312191464,0.0900131536989796,100352
bayesfl_observability_v1,ola_sparse_bayesian_keep010_seed42,100,ola,global,,,layers.0.weight,raw,2,0.00013061520633552733,0.00019591280665240437,0.00016326400649396583,4493,685.6668687775216,0.13478555484693877,100352
bayesfl_observability_v1,ola_sparse_bayesian_keep010_seed42,100,ola,global,,,layers.0.weight,raw,3,0.00019591280665240437,0.00026121040696928136,0.00022856160681084285,4613,703.9798054018939,0.1807537468112245,100352
bayesfl_observability_v1,ola_sparse_bayesian_keep010_seed42,100,ola,global,,,layers.0.weight,raw,4,0.00026121040696928136,0.00032650800728615837,0.00029385920712771986,4669,712.5258424932672,0.22727997448979592,100352
bayesfl_observability_v1,ola_sparse_bayesian_keep010_seed42,100,ola,global,,,layers.0.weight,raw,5,0.00032650800728615837,0.00039180560760303544,0.0003591568074445969,4558,695.5863761157227,0.2727000956632653,100352
bayesfl_observability_v1,ola_sparse_bayesian_keep010_seed42,100,ola,global,,,layers.0.weight,raw,6,0.00039180560760303544,0.00045710320791991245,0.00042445440776147394,4586,699.8593946614101,0.31839923469387754,100352
bayesfl_observability_v1,ola_sparse_bayesian_keep010_seed42,100,ola,global,,,layers.0.weight,raw,7,0.00045710320791991245,0.0005224008082367895,0.0004897520080783509,4625,705.8110990643308,0.3644870057397959,100352
bayesfl_observability_v1,ola_sparse_bayesian_keep010_seed42,100,ola,global,,,layers.0.weight,raw,8,0.0005224008082367895,0.0005876984085536665,0.000555049608395228,4576,698.333316609379,0.4100864955357143,100352
bayesfl_observability_v1,ola_sparse_bayesian_keep010_seed42,100,ola,global,,,layers.0.weight,raw,9,0.0005876984085536665,0.0006529960088705435,0.0006203472087121049,4510,688.2612014659745,0.4550283003826531,100352
bayesfl_observability_v1,ola_sparse_bayesian_keep010_seed42,100,ola,global,,,layers.0.weight,raw,10,0.0006529960088705435,0.0007182936091874205,0.0006856448090289821,4433,676.5104004653359,0.499202806122449,100352
bayesfl_observability_v1,ola_sparse_bayesian_keep010_seed42,100,ola,global,,,layers.0.weight,raw,11,0.0007182936091874205,0.0007835912095042976,0.0007509424093458591,4388,669.6430492311954,0.5429288903061225,100352
bayesfl_observability_v1,ola_sparse_bayesian_keep010_seed42,100,ola,global,,,layers.0.weight,raw,12,0.0007835912095042976,0.0008488888098211746,0.0008162400096627361,4432,676.3577926601329,0.5870934311224489,100352
bayesfl_observability_v1,ola_sparse_bayesian_keep010_seed42,100,ola,global,,,layers.0.weight,raw,13,0.0008488888098211746,0.0009141864101380517,0.0008815376099796132,4450,679.1047331537886,0.6314373405612245,100352
bayesfl_observability_v1,ola_sparse_bayesian_keep010_seed42,100,ola,global,,,layers.0.weight,raw,14,0.0009141864101380517,0.0009794840104549287,0.0009468352102964901,4602,702.3011195446596,0.6772959183673469,100352
bayesfl_observability_v1,ola_sparse_bayesian_keep010_seed42,100,ola,global,,,layers.0.weight,raw,15,0.0009794840104549287,0.0010447816107718058,0.0010121328106133672,4294,655.2979155421042,0.720085299744898,100352
bayesfl_observability_v1,ola_sparse_bayesian_keep010_seed42,100,ola,global,,,layers.0.weight,raw,16,0.0010447816107718058,0.001110079211088683,0.0010774304109302444,3808,581.1305222133984,0.7580317283163265,100352
bayesfl_observability_v1,ola_sparse_bayesian_keep010_seed42,100,ola,global,,,layers.0.weight,raw,17,0.001110079211088683,0.0011753768114055598,0.0011427280112471213,3006,458.7390624405151,0.7879862882653061,100352
bayesfl_observability_v1,ola_sparse_bayesian_keep010_seed42,100,ola,global,,,layers.0.weight,raw,18,0.0011753768114055598,0.001240674411722437,0.0012080256115639984,2435,371.60000566954443,0.8122508769132653,100352
bayesfl_observability_v1,ola_sparse_bayesian_keep010_seed42,100,ola,global,,,layers.0.weight,raw,19,0.001240674411722437,0.0013059720120393139,0.0012733232118808755,1896,289.3443986650754,0.8311443718112245,100352
bayesfl_observability_v1,ola_sparse_bayesian_keep010_seed42,100,ola,global,,,layers.0.weight,raw,20,0.0013059720120393139,0.001371269612356191,0.0013386208121977524,1633,249.20854589665956,0.8474170918367347,100352
bayesfl_observability_v1,ola_sparse_bayesian_keep010_seed42,100,ola,global,,,layers.0.weight,raw,21,0.001371269612356191,0.0014365672126730679,0.0014039184125146293,1473,224.79129706416458,0.8620954241071429,100352
bayesfl_observability_v1,ola_sparse_bayesian_keep010_seed42,100,ola,global,,,layers.0.weight,raw,22,0.0014365672126730679,0.001501864812989945,0.0014692160128315064,1318,201.1370872576836,0.8752291932397959,100352
bayesfl_observability_v1,ola_sparse_bayesian_keep010_seed42,100,ola,global,,,layers.0.weight,raw,23,0.001501864812989945,0.0015671624133068221,0.0015345136131483836,1250,190.7597565038729,0.8876853475765306,100352
bayesfl_observability_v1,ola_sparse_bayesian_keep010_seed42,100,ola,global,,,layers.0.weight,raw,24,0.0015671624133068221,0.001632460013623699,0.0015998112134652607,1126,171.8363886586893,0.8989058514030612,100352
bayesfl_observability_v1,ola_sparse_bayesian_keep010_seed42,100,ola,global,,,layers.0.weight,raw,25,0.001632460013623699,0.0016977576139405762,0.0016651088137821376,1090,166.34250767137718,0.9097676179846939,100352
bayesfl_observability_v1,ola_sparse_bayesian_keep010_seed42,100,ola,global,,,layers.0.weight,raw,26,0.0016977576139405762,0.001763055214257453,0.0017304064140990145,913,139.33092615042924,0.9188655931122449,100352
bayesfl_observability_v1,ola_sparse_bayesian_keep010_seed42,100,ola,global,,,layers.0.weight,raw,27,0.001763055214257453,0.0018283528145743302,0.0017957040144158916,860,131.24271247466456,0.9274354272959183,100352
bayesfl_observability_v1,ola_sparse_bayesian_keep010_seed42,100,ola,global,,,layers.0.weight,raw,28,0.0018283528145743302,0.001893650414891207,0.0018610016147327687,783,119.4919114740264,0.9352379623724489,100352
bayesfl_observability_v1,ola_sparse_bayesian_keep010_seed42,100,ola,global,,,layers.0.weight,raw,29,0.001893650414891207,0.0019589480152080838,0.0019262992150496454,738,112.6245602398873,0.9425920758928571,100352
bayesfl_observability_v1,ola_sparse_bayesian_keep010_seed42,100,ola,global,,,layers.0.weight,raw,30,0.0019589480152080838,0.002024245615524961,0.0019915968153665226,657,100.2633280184356,0.9491390306122449,100352
bayesfl_observability_v1,ola_sparse_bayesian_keep010_seed42,100,ola,global,,,layers.0.weight,raw,31,0.002024245615524961,0.002089543215841838,0.0020568944156833992,646,98.58464216120151,0.9555763711734694,100352
bayesfl_observability_v1,ola_sparse_bayesian_keep010_seed42,100,ola,global,,,layers.0.weight,raw,32,0.002089543215841838,0.002154840816158715,0.002122192016000277,573,87.44427238137534,0.9612862723214286,100352
bayesfl_observability_v1,ola_sparse_bayesian_keep010_seed42,100,ola,global,,,layers.0.weight,raw,33,0.002154840816158715,0.0022201384164755923,0.0021874896163171535,492,75.08304015992438,0.9661890146683674,100352
bayesfl_observability_v1,ola_sparse_bayesian_keep010_seed42,100,ola,global,,,layers.0.weight,raw,34,0.0022201384164755923,0.002285436016792469,0.0022527872166340306,416,63.48484696448932,0.9703344228316326,100352
bayesfl_observability_v1,ola_sparse_bayesian_keep010_seed42,100,ola,global,,,layers.0.weight,raw,35,0.002285436016792469,0.002350733617109346,0.0023180848169509077,380,57.99096597717736,0.97412109375,100352
bayesfl_observability_v1,ola_sparse_bayesian_keep010_seed42,100,ola,global,,,layers.0.weight,raw,36,0.002350733617109346,0.002416031217426223,0.0023833824172677844,344,52.497084989865826,0.9775490274234694,100352
bayesfl_observability_v1,ola_sparse_bayesian_keep010_seed42,100,ola,global,,,layers.0.weight,raw,37,0.002416031217426223,0.0024813288177431003,0.002448680017584662,297,45.3245181453202,0.9805086096938775,100352
bayesfl_observability_v1,ola_sparse_bayesian_keep010_seed42,100,ola,global,,,layers.0.weight,raw,38,0.0024813288177431003,0.002546626418059977,0.0025139776179015387,308,47.0032040025546,0.9835778061224489,100352
bayesfl_observability_v1,ola_sparse_bayesian_keep010_seed42,100,ola,global,,,layers.0.weight,raw,39,0.002546626418059977,0.002611924018376854,0.0025792752182184154,215,32.81067811866614,0.9857202646683674,100352
bayesfl_observability_v1,ola_sparse_bayesian_keep010_seed42,100,ola,global,,,layers.0.weight,raw,40,0.002611924018376854,0.0026772216186937313,0.002644572818535293,214,32.65807031346304,0.9878527582908163,100352
bayesfl_observability_v1,ola_sparse_bayesian_keep010_seed42,100,ola,global,,,layers.0.weight,raw,41,0.0026772216186937313,0.0027425192190106084,0.0027098704188521696,155,23.65420980648024,0.9893973214285714,100352
bayesfl_observability_v1,ola_sparse_bayesian_keep010_seed42,100,ola,global,,,layers.0.weight,raw,42,0.0027425192190106084,0.0028078168193274855,0.002775168019169047,144,21.97552394924616,0.9908322704081632,100352
bayesfl_observability_v1,ola_sparse_bayesian_keep010_seed42,100,ola,global,,,layers.0.weight,raw,43,0.0028078168193274855,0.002873114419644362,0.002840465619485924,123,18.77076003998122,0.992057955994898,100352
bayesfl_observability_v1,ola_sparse_bayesian_keep010_seed42,100,ola,global,,,layers.0.weight,raw,44,0.002873114419644362,0.0029384120199612393,0.0029057632198028005,130,19.839014676402783,0.9933533960459183,100352
bayesfl_observability_v1,ola_sparse_bayesian_keep010_seed42,100,ola,global,,,layers.0.weight,raw,45,0.0029384120199612393,0.0030037096202781164,0.002971060820119678,95,14.49774149429434,0.9943000637755102,100352
bayesfl_observability_v1,ola_sparse_bayesian_keep010_seed42,100,ola,global,,,layers.0.weight,raw,46,0.0030037096202781164,0.0030690072205949936,0.0030363584204365548,72,10.98776197462308,0.9950175382653061,100352
bayesfl_observability_v1,ola_sparse_bayesian_keep010_seed42,100,ola,global,,,layers.0.weight,raw,47,0.0030690072205949936,0.0031343048209118707,0.0031016560207534323,84,12.81905563706026,0.9958545918367347,100352
bayesfl_observability_v1,ola_sparse_bayesian_keep010_seed42,100,ola,global,,,layers.0.weight,raw,48,0.0031343048209118707,0.0031996024212287474,0.003166953621070309,55,8.393429286170463,0.9964026626275511,100352
bayesfl_observability_v1,ola_sparse_bayesian_keep010_seed42,100,ola,global,,,layers.0.weight,raw,49,0.0031996024212287474,0.0032649000215456245,0.0032322512213871857,51,7.782998065358014,0.9969108737244898,100352
bayesfl_observability_v1,ola_sparse_bayesian_keep010_seed42,100,ola,global,,,layers.0.weight,raw,50,0.0032649000215456245,0.0033301976218625016,0.0032975488217040633,42,6.40952781853013,0.9973294005102041,100352
bayesfl_observability_v1,ola_sparse_bayesian_keep010_seed42,100,ola,global,,,layers.0.weight,raw,51,0.0033301976218625016,0.0033954952221793787,0.00336284642202094,50,7.630390260154916,0.9978276466836735,100352
bayesfl_observability_v1,ola_sparse_bayesian_keep010_seed42,100,ola,global,,,layers.0.weight,raw,52,0.0033954952221793787,0.0034607928224962554,0.003428144022337817,35,5.341273182108477,0.998176419005102,100352
bayesfl_observability_v1,ola_sparse_bayesian_keep010_seed42,100,ola,global,,,layers.0.weight,raw,53,0.0034607928224962554,0.0035260904228131325,0.003493441622654694,25,3.815195130077458,0.9984255420918368,100352
bayesfl_observability_v1,ola_sparse_bayesian_keep010_seed42,100,ola,global,,,layers.0.weight,raw,54,0.0035260904228131325,0.0035913880231300097,0.003558739222971571,28,4.273018545686753,0.9987045599489796,100352
bayesfl_observability_v1,ola_sparse_bayesian_keep010_seed42,100,ola,global,,,layers.0.weight,raw,55,0.0035913880231300097,0.003656685623446887,0.0036240368232884485,15,2.2891170780464747,0.9988540338010204,100352
bayesfl_observability_v1,ola_sparse_bayesian_keep010_seed42,100,ola,global,,,layers.0.weight,raw,56,0.003656685623446887,0.003721983223763764,0.003689334423605325,17,2.5943326884526714,0.9990234375,100352
bayesfl_observability_v1,ola_sparse_bayesian_keep010_seed42,100,ola,global,,,layers.0.weight,raw,57,0.003721983223763764,0.0037872808240806406,0.0037546320239222023,21,3.204763909265086,0.9992327008928571,100352
bayesfl_observability_v1,ola_sparse_bayesian_keep010_seed42,100,ola,global,,,layers.0.weight,raw,58,0.0037872808240806406,0.0038525784243975177,0.0038199296242390794,11,1.6786858572340815,0.9993423150510204,100352
bayesfl_observability_v1,ola_sparse_bayesian_keep010_seed42,100,ola,global,,,layers.0.weight,raw,59,0.0038525784243975177,0.003917876024714394,0.003885227224555956,9,1.373470246827894,0.9994319993622449,100352
bayesfl_observability_v1,ola_sparse_bayesian_keep010_seed42,100,ola,global,,,layers.0.weight,raw,60,0.003917876024714394,0.003983173625031272,0.003950524824872834,8,1.2208624416247784,0.99951171875,100352
bayesfl_observability_v1,ola_sparse_bayesian_keep010_seed42,100,ola,global,,,layers.0.weight,raw,61,0.003983173625031272,0.004048471225348149,0.00401582242518971,9,1.373470246827894,0.9996014030612245,100352
bayesfl_observability_v1,ola_sparse_bayesian_keep010_seed42,100,ola,global,,,layers.0.weight,raw,62,0.004048471225348149,0.004113768825665026,0.004081120025506587,9,1.3734702468278757,0.9996910873724489,100352
bayesfl_observability_v1,ola_sparse_bayesian_keep010_seed42,100,ola,global,,,layers.0.weight,raw,63,0.004113768825665026,0.004179066425981903,0.0041464176258234646,1,0.15260780520309933,0.9997010522959183,100352
bayesfl_observability_v1,ola_sparse_bayesian_keep010_seed42,100,ola,global,,,layers.0.weight,raw,64,0.004179066425981903,0.00424436402629878,0.004211715226140341,5,0.7630390260154967,0.9997508769132653,100352
bayesfl_observability_v1,ola_sparse_bayesian_keep010_seed42,100,ola,global,,,layers.0.weight,raw,65,0.00424436402629878,0.004309661626615657,0.004277012826457219,7,1.0682546364216812,0.9998206313775511,100352
bayesfl_observability_v1,ola_sparse_bayesian_keep010_seed42,100,ola,global,,,layers.0.weight,raw,66,0.004309661626615657,0.004374959226932534,0.0043423104267740955,6,0.915646831218596,0.9998804209183674,100352
bayesfl_observability_v1,ola_sparse_bayesian_keep010_seed42,100,ola,global,,,layers.0.weight,raw,67,0.004374959226932534,0.004440256827249411,0.004407608027090972,2,0.3052156104061946,0.9999003507653061,100352
bayesfl_observability_v1,ola_sparse_bayesian_keep010_seed42,100,ola,global,,,layers.0.weight,raw,68,0.004440256827249411,0.004505554427566288,0.00447290562740785,5,0.7630390260154967,0.9999501753826531,100352
bayesfl_observability_v1,ola_sparse_bayesian_keep010_seed42,100,ola,global,,,layers.0.weight,raw,69,0.004505554427566288,0.004570852027883165,0.004538203227724726,2,0.30521561040619866,0.9999701052295918,100352
bayesfl_observability_v1,ola_sparse_bayesian_keep010_seed42,100,ola,global,,,layers.0.weight,raw,70,0.004570852027883165,0.004636149628200042,0.004603500828041604,0,0.0,0.9999701052295918,100352
bayesfl_observability_v1,ola_sparse_bayesian_keep010_seed42,100,ola,global,,,layers.0.weight,raw,71,0.004636149628200042,0.004701447228516919,0.004668798428358481,0,0.0,0.9999701052295918,100352
bayesfl_observability_v1,ola_sparse_bayesian_keep010_seed42,100,ola,global,,,layers.0.weight,raw,72,0.004701447228516919,0.004766744828833797,0.004734096028675357,0,0.0,0.9999701052295918,100352
bayesfl_observability_v1,ola_sparse_bayesian_keep010_seed42,100,ola,global,,,layers.0.weight,raw,73,0.004766744828833797,0.004832042429150673,0.004799393628992235,2,0.30521561040619866,0.9999900350765306,100352
bayesfl_observability_v1,ola_sparse_bayesian_keep010_seed42,100,ola,global,,,layers.0.weight,raw,74,0.004832042429150673,0.00489734002946755,0.004864691229309112,0,0.0,0.9999900350765306,100352
bayesfl_observability_v1,ola_sparse_bayesian_keep010_seed42,100,ola,global,,,layers.0.weight,raw,75,0.00489734002946755,0.0049626376297844275,0.004929988829625989,0,0.0,0.9999900350765306,100352
bayesfl_observability_v1,ola_sparse_bayesian_keep010_seed42,100,ola,global,,,layers.0.weight,raw,76,0.0049626376297844275,0.005027935230101304,0.004995286429942866,0,0.0,0.9999900350765306,100352
bayesfl_observability_v1,ola_sparse_bayesian_keep010_seed42,100,ola,global,,,layers.0.weight,raw,77,0.005027935230101304,0.005093232830418181,0.0050605840302597425,0,0.0,0.9999900350765306,100352
bayesfl_observability_v1,ola_sparse_bayesian_keep010_seed42,100,ola,global,,,layers.0.weight,raw,78,0.005093232830418181,0.0051585304307350584,0.005125881630576619,0,0.0,0.9999900350765306,100352
bayesfl_observability_v1,ola_sparse_bayesian_keep010_seed42,100,ola,global,,,layers.0.weight,raw,79,0.0051585304307350584,0.005223828031051935,0.005191179230893497,1,0.15260780520309933,1.0,100352
bayesfl_observability_v1,ola_sparse_bayesian_keep010_seed42,100,ola,global,,,layers.0.weight,db,0,-153.97649003110982,-152.62228668782916,-153.2993883594695,1,7.358513415900289e-06,9.964923469387754e-06,100352
bayesfl_observability_v1,ola_sparse_bayesian_keep010_seed42,100,ola,global,,,layers.0.weight,db,1,-152.62228668782916,-151.2680833445485,-151.94518501618882,0,0.0,9.964923469387754e-06,100352
bayesfl_observability_v1,ola_sparse_bayesian_keep010_seed42,100,ola,global,,,layers.0.weight,db,2,-151.2680833445485,-149.91388000126784,-150.59098167290819,1,7.358513415900289e-06,1.992984693877551e-05,100352
bayesfl_observability_v1,ola_sparse_bayesian_keep010_seed42,100,ola,global,,,layers.0.weight,db,3,-149.91388000126784,-148.55967665798718,-149.2367783296275,0,0.0,1.992984693877551e-05,100352
bayesfl_observability_v1,ola_sparse_bayesian_keep010_seed42,100,ola,global,,,layers.0.weight,db,4,-148.55967665798718,-147.20547331470655,-147.88257498634687,2,1.4717026831800889e-05,3.985969387755102e-05,100352
bayesfl_observability_v1,ola_sparse_bayesian_keep010_seed42,100,ola,global,,,layers.0.weight,db,5,-147.20547331470655,-145.8512699714259,-146.52837164306624,0,0.0,3.985969387755102e-05,100352
bayesfl_observability_v1,ola_sparse_bayesian_keep010_seed42,100,ola,global,,,layers.0.weight,db,6,-145.8512699714259,-144.49706662814523,-145.17416829978555,1,7.358513415900289e-06,4.982461734693878e-05,100352
bayesfl_observability_v1,ola_sparse_bayesian_keep010_seed42,100,ola,global,,,layers.0.weight,db,7,-144.49706662814523,-143.14286328486457,-143.81996495650492,0,0.0,4.982461734693878e-05,100352
bayesfl_observability_v1,ola_sparse_bayesian_keep010_seed42,100,ola,global,,,layers.0.weight,db,8,-143.14286328486457,-141.78865994158392,-142.46576161322423,1,7.358513415900289e-06,5.978954081632653e-05,100352
bayesfl_observability_v1,ola_sparse_bayesian_keep010_seed42,100,ola,global,,,layers.0.weight,db,9,-141.78865994158392,-140.43445659830326,-141.1115582699436,0,0.0,5.978954081632653e-05,100352
bayesfl_observability_v1,ola_sparse_bayesian_keep010_seed42,100,ola,global,,,layers.0.weight,db,10,-140.43445659830326,-139.0802532550226,-139.7573549266629,2,1.4717026831800579e-05,7.971938775510203e-05,100352
bayesfl_observability_v1,ola_sparse_bayesian_keep010_seed42,100,ola,global,,,layers.0.weight,db,11,-139.0802532550226,-137.72604991174194,-138.40315158338228,0,0.0,7.971938775510203e-05,100352
bayesfl_observability_v1,ola_sparse_bayesian_keep010_seed42,100,ola,global,,,layers.0.weight,db,12,-137.72604991174194,-136.3718465684613,-137.04894824010162,4,2.9434053663601777e-05,0.00011957908163265306,100352
bayesfl_observability_v1,ola_sparse_bayesian_keep010_seed42,100,ola,global,,,layers.0.weight,db,13,-136.3718465684613,-135.01764322518065,-135.69474489682096,1,7.358513415900289e-06,0.00012954400510204082,100352
bayesfl_observability_v1,ola_sparse_bayesian_keep010_seed42,100,ola,global,,,layers.0.weight,db,14,-135.01764322518065,-133.6634398819,-134.34054155354033,2,1.4717026831800579e-05,0.00014947385204081633,100352
bayesfl_observability_v1,ola_sparse_bayesian_keep010_seed42,100,ola,global,,,layers.0.weight,db,15,-133.6634398819,-132.30923653861933,-132.98633821025965,1,7.358513415900289e-06,0.00015943877551020407,100352
bayesfl_observability_v1,ola_sparse_bayesian_keep010_seed42,100,ola,global,,,layers.0.weight,db,16,-132.30923653861933,-130.95503319533867,-131.63213486697902,7,5.1509593911302026e-05,0.00022919323979591838,100352
bayesfl_observability_v1,ola_sparse_bayesian_keep010_seed42,100,ola,global,,,layers.0.weight,db,17,-130.95503319533867,-129.600829852058,-130.27793152369833,3,2.207554024770087e-05,0.00025908801020408165,100352
bayesfl_observability_v1,ola_sparse_bayesian_keep010_seed42,100,ola,global,,,layers.0.weight,db,18,-129.600829852058,-128.24662650877735,-128.9237281804177,2,1.4717026831800579e-05,0.00027901785714285713,100352
bayesfl_observability_v1,ola_sparse_bayesian_keep010_seed42,100,ola,global,,,layers.0.weight,db,19,-128.24662650877735,-126.89242316549671,-127.56952483713704,1,7.358513415900367e-06,0.0002889827806122449,100352
bayesfl_observability_v1,ola_sparse_bayesian_keep010_seed42,100,ola,global,,,layers.0.weight,db,20,-126.89242316549671,-125.53821982221605,-126.21532149385638,9,6.62266207431026e-05,0.0003786670918367347,100352
bayesfl_observability_v1,ola_sparse_bayesian_keep010_seed42,100,ola,global,,,layers.0.weight,db,21,-125.53821982221605,-124.18401647893539,-124.86111815057572,7,5.1509593911302026e-05,0.000448421556122449,100352
bayesfl_observability_v1,ola_sparse_bayesian_keep010_seed42,100,ola,global,,,layers.0.weight,db,22,-124.18401647893539,-122.82981313565475,-123.50691480729506,9,6.622662074310331e-05,0.0005381058673469387,100352
bayesfl_observability_v1,ola_sparse_bayesian_keep010_seed42,100,ola,global,,,layers.0.weight,db,23,-122.82981313565475,-121.47560979237409,-122.15271146401442,5,3.679256707950145e-05,0.0005879304846938776,100352
bayesfl_observability_v1,ola_sparse_bayesian_keep010_seed42,100,ola,global,,,layers.0.weight,db,24,-121.47560979237409,-120.12140644909343,-120.79850812073376,8,5.8868107327202314e-05,0.0006676498724489796,100352
bayesfl_observability_v1,ola_sparse_bayesian_keep010_seed42,100,ola,global,,,layers.0.weight,db,25,-120.12140644909343,-118.76720310581277,-119.4443047774531,9,6.62266207431026e-05,0.0007573341836734694,100352
bayesfl_observability_v1,ola_sparse_bayesian_keep010_seed42,100,ola,global,,,layers.0.weight,db,26,-118.76720310581277,-117.41299976253211,-118.09010143417244,12,8.830216099080347e-05,0.0008769132653061224,100352
bayesfl_observability_v1,ola_sparse_bayesian_keep010_seed42,100,ola,global,,,layers.0.weight,db,27,-117.41299976253211,-116.05879641925145,-116.73589809089178,15,0.00011037770123850435,0.0010263871173469387,100352
bayesfl_observability_v1,ola_sparse_bayesian_keep010_seed42,100,ola,global,,,layers.0.weight,db,28,-116.05879641925145,-114.7045930759708,-115.38169474761114,24,0.0001766043219816088,0.001265545280612245,100352
bayesfl_observability_v1,ola_sparse_bayesian_keep010_seed42,100,ola,global,,,layers.0.weight,db,29,-114.7045930759708,-113.35038973269015,-114.02749140433048,29,0.0002133968890611084,0.0015545280612244898,100352
bayesfl_observability_v1,ola_sparse_bayesian_keep010_seed42,100,ola,global,,,layers.0.weight,db,30,-113.35038973269015,-111.9961863894095,-112.67328806104982,35,0.0002575479695565128,0.0019033003826530613,100352
bayesfl_observability_v1,ola_sparse_bayesian_keep010_seed42,100,ola,global,,,layers.0.weight,db,31,-111.9961863894095,-110.64198304612884,-111.31908471776917,28,0.0002060383756452081,0.0021823182397959183,100352
bayesfl_observability_v1,ola_sparse_bayesian_keep010_seed42,100,ola,global,,,layers.0.weight,db,32,-110.64198304612884,-109.28777970284818,-109.96488137448851,40,0.0002943405366360116,0.0025809151785714285,100352
bayesfl_observability_v1,ola_sparse_bayesian_keep010_seed42,100,ola,global,,,layers.0.weight,db,33,-109.28777970284818,-107.93357635956752,-108.61067803120785,37,0.0002722649963883107,0.0029496173469387753,100352
bayesfl_observability_v1,ola_sparse_bayesian_keep010_seed42,100,ola,global,,,layers.0.weight,db,34,-107.93357635956752,-106.57937301628687,-107.2564746879272,53,0.0003900012110427154,0.0034777582908163264,100352
bayesfl_observability_v1,ola_sparse_bayesian_keep010_seed42,100,ola,global,,,layers.0.weight,db,35,-106.57937301628687,-105.2251696730062,-105.90227134464654,60,0.0004415108049540174,0.0040756536989795915,100352
bayesfl_observability_v1,ola_sparse_bayesian_keep010_seed42,100,ola,global,,,layers.0.weight,db,36,-105.2251696730062,-103.87096632972555,-104.54806800136588,67,0.0004930203988653194,0.004743303571428571,100352
bayesfl_observability_v1,ola_sparse_bayesian_keep010_seed42,100,ola,global,,,layers.0.weight,db,37,-103.87096632972555,-102.5167629864449,-103.19386465808523,70,0.0005150959391130257,0.005440848214285714,100352
bayesfl_observability_v1,ola_sparse_bayesian_keep010_seed42,100,ola,global,,,layers.0.weight,db,38,-102.5167629864449,-101.16255964316424,-101.83966131480457,91,0.0006696247208469264,0.00634765625,100352
bayesfl_observability_v1,ola_sparse_bayesian_keep010_seed42,100,ola,global,,,layers.0.weight,db,39,-101.16255964316424,-99.8083562998836,-100.48545797152391,108,0.0007947194489172396,0.0074238679846938774,100352
bayesfl_observability_v1,ola_sparse_bayesian_keep010_seed42,100,ola,global,,,layers.0.weight,db,40,-99.8083562998836,-98.45415295660294,-99.13125462824327,105,0.0007726439086695304,0.008470184948979591,100352
bayesfl_observability_v1,ola_sparse_bayesian_keep010_seed42,100,ola,global,,,layers.0.weight,db,41,-98.45415295660294,-97.09994961332228,-97.77705128496261,146,0.0010743429587214423,0.009925063775510204,100352
bayesfl_observability_v1,ola_sparse_bayesian_keep010_seed42,100,ola,global,,,layers.0.weight,db,42,-97.09994961332228,-95.74574627004162,-96.42284794168195,203,0.0014937782234277588,0.011947943239795918,100352
bayesfl_observability_v1,ola_sparse_bayesian_keep010_seed42,100,ola,global,,,layers.0.weight,db,43,-95.74574627004162,-94.39154292676096,-95.06864459840129,190,0.0013981175490210551,0.013841278698979591,100352
bayesfl_observability_v1,ola_sparse_bayesian_keep010_seed42,100,ola,global,,,layers.0.weight,db,44,-94.39154292676096,-93.0373395834803,-93.71444125512063,237,0.0017439676795683687,0.01620296556122449,100352
bayesfl_observability_v1,ola_sparse_bayesian_keep010_seed42,100,ola,global,,,layers.0.weight,db,45,-93.0373395834803,-91.68313624019966,-92.36023791183999,248,0.001824911327143291,0.018674266581632654,100352
bayesfl_observability_v1,ola_sparse_bayesian_keep010_seed42,100,ola,global,,,layers.0.weight,db,46,-91.68313624019966,-90.328932896919,-91.00603456855933,301,0.0022149125381859874,0.021673708545918366,100352
bayesfl_observability_v1,ola_sparse_bayesian_keep010_seed42,100,ola,global,,,layers.0.weight,db,47,-90.328932896919,-88.97472955363834,-89.65183122527867,345,0.0025386871284855997,0.025111607142857144,100352
bayesfl_observability_v1,ola_sparse_bayesian_keep010_seed42,100,ola,global,,,layers.0.weight,db,48,-88.97472955363834,-87.62052621035768,-88.29762788199801,428,0.003149443742005324,0.0293765943877551,100352
bayesfl_observability_v1,ola_sparse_bayesian_keep010_seed42,100,ola,global,,,layers.0.weight,db,49,-87.62052621035768,-86.26632286707704,-86.94342453871735,452,0.0033260480639869658,0.033880739795918366,100352
bayesfl_observability_v1,ola_sparse_bayesian_keep010_seed42,100,ola,global,,,layers.0.weight,db,50,-86.26632286707704,-84.91211952379638,-85.5892211954367,544,0.004003031298249758,0.03930165816326531,100352
bayesfl_observability_v1,ola_sparse_bayesian_keep010_seed42,100,ola,global,,,layers.0.weight,db,51,-84.91211952379638,-83.55791618051572,-84.23501785215605,643,0.004731524126423886,0.045709103954081634,100352
bayesfl_observability_v1,ola_sparse_bayesian_keep010_seed42,100,ola,global,,,layers.0.weight,db,52,-83.55791618051572,-82.20371283723506,-82.88081450887539,775,0.005702847897322724,0.053431919642857144,100352
bayesfl_observability_v1,ola_sparse_bayesian_keep010_seed42,100,ola,global,,,layers.0.weight,db,53,-82.20371283723506,-80.84950949395441,-81.52661116559474,971,0.007145116526839256,0.06310786033163265,100352
bayesfl_observability_v1,ola_sparse_bayesian_keep010_seed42,100,ola,global,,,layers.0.weight,db,54,-80.84950949395441,-79.49530615067376,-80.17240782231409,1038,0.007638136925704501,0.07345145089285714,100352
bayesfl_observability_v1,ola_sparse_bayesian_keep010_seed42,100,ola,global,,,layers.0.weight,db,55,-79.49530615067376,-78.1411028073931,-78.81820447903343,1217,0.008955310827150653,0.08557876275510204,100352
bayesfl_observability_v1,ola_sparse_bayesian_keep010_seed42,100,ola,global,,,layers.0.weight,db,56,-78.1411028073931,-76.78689946411244,-77.46400113575277,1438,0.010581542292064617,0.09990832270408163,100352
bayesfl_observability_v1,ola_sparse_bayesian_keep010_seed42,100,ola,global,,,layers.0.weight,db,57,-76.78689946411244,-75.43269612083179,-76.10979779247211,1693,0.012457963213119322,0.1167789381377551,100352
bayesfl_observability_v1,ola_sparse_bayesian_keep010_seed42,100,ola,global,,,layers.0.weight,db,58,-75.43269612083179,-74.07849277755113,-74.75559444919146,1904,0.01401060954387415,0.13575215242346939,100352
bayesfl_observability_v1,ola_sparse_bayesian_keep010_seed42,100,ola,global,,,layers.0.weight,db,59,-74.07849277755113,-72.72428943427047,-73.4013911059108,2400,0.017660432198160696,0.15966796875,100352
bayesfl_observability_v1,ola_sparse_bayesian_keep010_seed42,100,ola,global,,,layers.0.weight,db,60,-72.72428943427047,-71.37008609098982,-72.04718776263014,2727,0.02006666608516009,0.18684231505102042,100352
bayesfl_observability_v1,ola_sparse_bayesian_keep010_seed42,100,ola,global,,,layers.0.weight,db,61,-71.37008609098982,-70.01588274770917,-70.6929844193495,3250,0.023915168601676192,0.21922831632653061,100352
bayesfl_observability_v1,ola_sparse_bayesian_keep010_seed42,100,ola,global,,,layers.0.weight,db,62,-70.01588274770917,-68.66167940442851,-69.33878107606884,3708,0.027285367746158275,0.2561782525510204,100352
bayesfl_observability_v1,ola_sparse_bayesian_keep010_seed42,100,ola,global,,,layers.0.weight,db,63,-68.66167940442851,-67.30747606114785,-67.98457773278818,4429,0.03259085591902238,0.30031289859693877,100352
bayesfl_observability_v1,ola_sparse_bayesian_keep010_seed42,100,ola,global,,,layers.0.weight,db,64,-67.30747606114785,-65.9532727178672,-66.63037438950752,5143,0.03784483449797519,0.3515625,100352
bayesfl_observability_v1,ola_sparse_bayesian_keep010_seed42,100,ola,global,,,layers.0.weight,db,65,-65.9532727178672,-64.59906937458653,-65.27617104622686,5963,0.04387881549901343,0.41098333864795916,100352
bayesfl_observability_v1,ola_sparse_bayesian_keep010_seed42,100,ola,global,,,layers.0.weight,db,66,-64.59906937458653,-63.24486603130589,-63.92196770294621,6806,0.050082042308617895,0.47880460778061223,100352
bayesfl_observability_v1,ola_sparse_bayesian_keep010_seed42,100,ola,global,,,layers.0.weight,db,67,-63.24486603130589,-61.89066268802523,-62.56776435966556,7814,0.057499423831844865,0.5566705197704082,100352
bayesfl_observability_v1,ola_sparse_bayesian_keep010_seed42,100,ola,global,,,layers.0.weight,db,68,-61.89066268802523,-60.53645934474457,-61.2135610163849,9351,0.06880945895208361,0.6498525191326531,100352
bayesfl_observability_v1,ola_sparse_bayesian_keep010_seed42,100,ola,global,,,layers.0.weight,db,69,-60.53645934474457,-59.18225600146391,-59.85935767310424,10236,0.07532174332515537,0.7518534757653061,100352
bayesfl_observability_v1,ola_sparse_bayesian_keep010_seed42,100,ola,global,,,layers.0.weight,db,70,-59.18225600146391,-57.82805265818327,-58.50515432982359,7375,0.0542690364422652,0.8253447863520408,100352
bayesfl_observability_v1,ola_sparse_bayesian_keep010_seed42,100,ola,global,,,layers.0.weight,db,71,-57.82805265818327,-56.47384931490261,-57.15095098654294,4983,0.03666747235143114,0.875,100352
bayesfl_observability_v1,ola_sparse_bayesian_keep010_seed42,100,ola,global,,,layers.0.weight,db,72,-56.47384931490261,-55.11964597162195,-55.79674764326228,4269,0.03141349377247834,0.9175402582908163,100352
bayesfl_observability_v1,ola_sparse_bayesian_keep010_seed42,100,ola,global,,,layers.0.weight,db,73,-55.11964597162195,-53.76544262834129,-54.44254429998162,3461,0.0254678149324309,0.9520288584183674,100352
bayesfl_observability_v1,ola_sparse_bayesian_keep010_seed42,100,ola,global,,,layers.0.weight,db,74,-53.76544262834129,-52.411239285060645,-53.08834095670097,2442,0.017969489761628696,0.9763632015306123,100352
bayesfl_observability_v1,ola_sparse_bayesian_keep010_seed42,100,ola,global,,,layers.0.weight,db,75,-52.411239285060645,-51.057035941779986,-51.734137613420316,1437,0.010574183778648716,0.9906827965561225,100352
bayesfl_observability_v1,ola_sparse_bayesian_keep010_seed42,100,ola,global,,,layers.0.weight,db,76,-51.057035941779986,-49.70283259849933,-50.37993427013966,631,0.004643221965433083,0.9969706632653061,100352
bayesfl_observability_v1,ola_sparse_bayesian_keep010_seed42,100,ola,global,,,layers.0.weight,db,77,-49.70283259849933,-48.34862925521867,-49.025730926859,234,0.0017218921393206679,0.9993024553571429,100352
bayesfl_observability_v1,ola_sparse_bayesian_keep010_seed42,100,ola,global,,,layers.0.weight,db,78,-48.34862925521867,-46.99442591193802,-47.671527583578346,61,0.0004488693183699224,0.9999103156887755,100352
bayesfl_observability_v1,ola_sparse_bayesian_keep010_seed42,100,ola,global,,,layers.0.weight,db,79,-46.99442591193802,-45.640222568657364,-46.317324240297694,9,6.62266207431026e-05,1.0,100352
bayesfl_observability_v1,ola_sparse_bayesian_keep010_seed42,100,ola,global,,,layers.0.bias,raw,0,5.918772509223918e-06,5.5615018563530415e-05,3.076689553637717e-05,7,1100.4352308671207,0.0546875,128
bayesfl_observability_v1,ola_sparse_bayesian_keep010_seed42,100,ola,global,,,layers.0.bias,raw,1,5.5615018563530415e-05,0.0001053112646178369,8.046314159068365e-05,8,1257.6402638481381,0.1171875,128
bayesfl_observability_v1,ola_sparse_bayesian_keep010_seed42,100,ola,global,,,layers.0.bias,raw,2,0.0001053112646178369,0.0001550075106721434,0.00013015938764499016,2,314.41006596203437,0.1328125,128
bayesfl_observability_v1,ola_sparse_bayesian_keep010_seed42,100,ola,global,,,layers.0.bias,raw,3,0.0001550075106721434,0.0002047037567264499,0.00017985563369929666,8,1257.640263848138,0.1953125,128
bayesfl_observability_v1,ola_sparse_bayesian_keep010_seed42,100,ola,global,,,layers.0.bias,raw,4,0.0002047037567264499,0.00025440000278075637,0.00022955187975360312,5,786.0251649050866,0.234375,128
bayesfl_observability_v1,ola_sparse_bayesian_keep010_seed42,100,ola,global,,,layers.0.bias,raw,5,0.00025440000278075637,0.00030409624883506286,0.0002792481258079096,4,628.820131924069,0.265625,128
bayesfl_observability_v1,ola_sparse_bayesian_keep010_seed42,100,ola,global,,,layers.0.bias,raw,6,0.00030409624883506286,0.00035379249488936936,0.0003289443718622161,0,0.0,0.265625,128
bayesfl_observability_v1,ola_sparse_bayesian_keep010_seed42,100,ola,global,,,layers.0.bias,raw,7,0.00035379249488936936,0.00040348874094367585,0.0003786406179165226,7,1100.4352308671207,0.3203125,128
bayesfl_observability_v1,ola_sparse_bayesian_keep010_seed42,100,ola,global,,,layers.0.bias,raw,8,0.00040348874094367585,0.00045318498699798234,0.0004283368639708291,0,0.0,0.3203125,128
bayesfl_observability_v1,ola_sparse_bayesian_keep010_seed42,100,ola,global,,,layers.0.bias,raw,9,0.00045318498699798234,0.0005028812330522889,0.0004780331100251356,2,314.41006596203414,0.3359375,128
bayesfl_observability_v1,ola_sparse_bayesian_keep010_seed42,100,ola,global,,,layers.0.bias,raw,10,0.0005028812330522889,0.0005525774791065954,0.0005277293560794422,2,314.4100659620345,0.3515625,128
bayesfl_observability_v1,ola_sparse_bayesian_keep010_seed42,100,ola,global,,,layers.0.bias,raw,11,0.0005525774791065954,0.0006022737251609019,0.0005774256021337486,2,314.4100659620345,0.3671875,128
bayesfl_observability_v1,ola_sparse_bayesian_keep010_seed42,100,ola,global,,,layers.0.bias,raw,12,0.0006022737251609019,0.0006519699712152084,0.0006271218481880552,2,314.4100659620345,0.3828125,128
bayesfl_observability_v1,ola_sparse_bayesian_keep010_seed42,100,ola,global,,,layers.0.bias,raw,13,0.0006519699712152084,0.0007016662172695149,0.0006768180942423616,4,628.820131924069,0.4140625,128
bayesfl_observability_v1,ola_sparse_bayesian_keep010_seed42,100,ola,global,,,layers.0.bias,raw,14,0.0007016662172695149,0.0007513624633238214,0.0007265143402966682,4,628.820131924069,0.4453125,128
bayesfl_observability_v1,ola_sparse_bayesian_keep010_seed42,100,ola,global,,,layers.0.bias,raw,15,0.0007513624633238214,0.0008010587093781279,0.0007762105863509746,3,471.6150989430517,0.46875,128
bayesfl_observability_v1,ola_sparse_bayesian_keep010_seed42,100,ola,global,,,layers.0.bias,raw,16,0.0008010587093781279,0.0008507549554324343,0.0008259068324052812,6,943.2301978861034,0.515625,128
bayesfl_observability_v1,ola_sparse_bayesian_keep010_seed42,100,ola,global,,,layers.0.bias,raw,17,0.0008507549554324343,0.0009004512014867408,0.0008756030784595875,5,786.0251649050862,0.5546875,128
bayesfl_observability_v1,ola_sparse_bayesian_keep010_seed42,100,ola,global,,,layers.0.bias,raw,18,0.0009004512014867408,0.0009501474475410473,0.0009252993245138941,5,786.0251649050862,0.59375,128
bayesfl_observability_v1,ola_sparse_bayesian_keep010_seed42,100,ola,global,,,layers.0.bias,raw,19,0.0009501474475410473,0.0009998436935953537,0.0009749955705682005,2,314.41006596203516,0.609375,128
bayesfl_observability_v1,ola_sparse_bayesian_keep010_seed42,100,ola,global,,,layers.0.bias,raw,20,0.0009998436935953537,0.00104953993964966,0.001024691816622507,1,157.20503298101758,0.6171875,128
bayesfl_observability_v1,ola_sparse_bayesian_keep010_seed42,100,ola,global,,,layers.0.bias,raw,21,0.00104953993964966,0.0010992361857039667,0.0010743880626768133,4,628.8201319240676,0.6484375,128
bayesfl_observability_v1,ola_sparse_bayesian_keep010_seed42,100,ola,global,,,layers.0.bias,raw,22,0.0010992361857039667,0.0011489324317582733,0.0011240843087311201,2,314.4100659620338,0.6640625,128
bayesfl_observability_v1,ola_sparse_bayesian_keep010_seed42,100,ola,global,,,layers.0.bias,raw,23,0.0011489324317582733,0.0011986286778125797,0.0011737805547854265,4,628.8201319240703,0.6953125,128
bayesfl_observability_v1,ola_sparse_bayesian_keep010_seed42,100,ola,global,,,layers.0.bias,raw,24,0.0011986286778125797,0.001248324923866886,0.0012234768008397329,1,157.20503298101758,0.703125,128
bayesfl_observability_v1,ola_sparse_bayesian_keep010_seed42,100,ola,global,,,layers.0.bias,raw,25,0.001248324923866886,0.0012980211699211927,0.0012731730468940393,2,314.4100659620338,0.71875,128
bayesfl_observability_v1,ola_sparse_bayesian_keep010_seed42,100,ola,global,,,layers.0.bias,raw,26,0.0012980211699211927,0.0013477174159754993,0.001322869292948346,2,314.4100659620338,0.734375,128
bayesfl_observability_v1,ola_sparse_bayesian_keep010_seed42,100,ola,global,,,layers.0.bias,raw,27,0.0013477174159754993,0.0013974136620298057,0.0013725655390026525,0,0.0,0.734375,128
bayesfl_observability_v1,ola_sparse_bayesian_keep010_seed42,100,ola,global,,,layers.0.bias,raw,28,0.0013974136620298057,0.001447109908084112,0.0014222617850569589,1,157.20503298101758,0.7421875,128
bayesfl_observability_v1,ola_sparse_bayesian_keep010_seed42,100,ola,global,,,layers.0.bias,raw,29,0.001447109908084112,0.0014968061541384187,0.0014719580311112652,6,943.2301978861013,0.7890625,128
bayesfl_observability_v1,ola_sparse_bayesian_keep010_seed42,100,ola,global,,,layers.0.bias,raw,30,0.0014968061541384187,0.0015465024001927253,0.001521654277165572,3,471.61509894305067,0.8125,128
bayesfl_observability_v1,ola_sparse_bayesian_keep010_seed42,100,ola,global,,,layers.0.bias,raw,31,0.0015465024001927253,0.0015961986462470316,0.0015713505232198785,4,628.8201319240703,0.84375,128
bayesfl_observability_v1,ola_sparse_bayesian_keep010_seed42,100,ola,global,,,layers.0.bias,raw,32,0.0015961986462470316,0.001645894892301338,0.0016210467692741848,0,0.0,0.84375,128
bayesfl_observability_v1,ola_sparse_bayesian_keep010_seed42,100,ola,global,,,layers.0.bias,raw,33,0.001645894892301338,0.0016955911383556446,0.0016707430153284912,2,314.4100659620338,0.859375,128
bayesfl_observability_v1,ola_sparse_bayesian_keep010_seed42,100,ola,global,,,layers.0.bias,raw,34,0.0016955911383556446,0.0017452873844099512,0.001720439261382798,1,157.2050329810169,0.8671875,128
bayesfl_observability_v1,ola_sparse_bayesian_keep010_seed42,100,ola,global,,,layers.0.bias,raw,35,0.0017452873844099512,0.0017949836304642576,0.0017701355074371044,1,157.20503298101758,0.875,128
bayesfl_observability_v1,ola_sparse_bayesian_keep010_seed42,100,ola,global,,,layers.0.bias,raw,36,0.0017949836304642576,0.001844679876518564,0.0018198317534914108,4,628.8201319240703,0.90625,128
bayesfl_observability_v1,ola_sparse_bayesian_keep010_seed42,100,ola,global,,,layers.0.bias,raw,37,0.001844679876518564,0.0018943761225728706,0.0018695279995457172,1,157.2050329810169,0.9140625,128
bayesfl_observability_v1,ola_sparse_bayesian_keep010_seed42,100,ola,global,,,layers.0.bias,raw,38,0.0018943761225728706,0.0019440723686271772,0.001919224245600024,1,157.2050329810169,0.921875,128
bayesfl_observability_v1,ola_sparse_bayesian_keep010_seed42,100,ola,global,,,layers.0.bias,raw,39,0.0019440723686271772,0.0019937686146814836,0.0019689204916543304,2,314.41006596203516,0.9375,128
bayesfl_observability_v1,ola_sparse_bayesian_keep010_seed42,100,ola,global,,,layers.0.bias,raw,40,0.0019937686146814836,0.00204346486073579,0.002018616737708637,0,0.0,0.9375,128
bayesfl_observability_v1,ola_sparse_bayesian_keep010_seed42,100,ola,global,,,layers.0.bias,raw,41,0.00204346486073579,0.0020931611067900964,0.002068312983762943,1,157.20503298101758,0.9453125,128
bayesfl_observability_v1,ola_sparse_bayesian_keep010_seed42,100,ola,global,,,layers.0.bias,raw,42,0.0020931611067900964,0.002142857352844403,0.00211800922981725,1,157.20503298101622,0.953125,128
bayesfl_observability_v1,ola_sparse_bayesian_keep010_seed42,100,ola,global,,,layers.0.bias,raw,43,0.002142857352844403,0.0021925535988987096,0.0021677054758715564,0,0.0,0.953125,128
bayesfl_observability_v1,ola_sparse_bayesian_keep010_seed42,100,ola,global,,,layers.0.bias,raw,44,0.0021925535988987096,0.002242249844953016,0.0022174017219258628,1,157.20503298101758,0.9609375,128
bayesfl_observability_v1,ola_sparse_bayesian_keep010_seed42,100,ola,global,,,layers.0.bias,raw,45,0.002242249844953016,0.0022919460910073228,0.002267097967980169,0,0.0,0.9609375,128
bayesfl_observability_v1,ola_sparse_bayesian_keep010_seed42,100,ola,global,,,layers.0.bias,raw,46,0.0022919460910073228,0.002341642337061629,0.002316794214034476,0,0.0,0.9609375,128
bayesfl_observability_v1,ola_sparse_bayesian_keep010_seed42,100,ola,global,,,layers.0.bias,raw,47,0.002341642337061629,0.0023913385831159355,0.0023664904600887824,0,0.0,0.9609375,128
bayesfl_observability_v1,ola_sparse_bayesian_keep010_seed42,100,ola,global,,,layers.0.bias,raw,48,0.0023913385831159355,0.002441034829170242,0.0024161867061430887,2,314.41006596203516,0.9765625,128
bayesfl_observability_v1,ola_sparse_bayesian_keep010_seed42,100,ola,global,,,layers.0.bias,raw,49,0.002441034829170242,0.0024907310752245483,0.002465882952197395,1,157.20503298101758,0.984375,128
bayesfl_observability_v1,ola_sparse_bayesian_keep010_seed42,100,ola,global,,,layers.0.bias,raw,50,0.0024907310752245483,0.002540427321278855,0.002515579198251702,0,0.0,0.984375,128
bayesfl_observability_v1,ola_sparse_bayesian_keep010_seed42,100,ola,global,,,layers.0.bias,raw,51,0.002540427321278855,0.0025901235673331615,0.0025652754443060083,0,0.0,0.984375,128
bayesfl_observability_v1,ola_sparse_bayesian_keep010_seed42,100,ola,global,,,layers.0.bias,raw,52,0.0025901235673331615,0.002639819813387468,0.0026149716903603147,0,0.0,0.984375,128
bayesfl_observability_v1,ola_sparse_bayesian_keep010_seed42,100,ola,global,,,layers.0.bias,raw,53,0.002639819813387468,0.0026895160594417747,0.002664667936414621,1,157.20503298101622,0.9921875,128
bayesfl_observability_v1,ola_sparse_bayesian_keep010_seed42,100,ola,global,,,layers.0.bias,raw,54,0.0026895160594417747,0.002739212305496081,0.002714364182468928,0,0.0,0.9921875,128
bayesfl_observability_v1,ola_sparse_bayesian_keep010_seed42,100,ola,global,,,layers.0.bias,raw,55,0.002739212305496081,0.0027889085515503875,0.0027640604285232343,0,0.0,0.9921875,128
bayesfl_observability_v1,ola_sparse_bayesian_keep010_seed42,100,ola,global,,,layers.0.bias,raw,56,0.0027889085515503875,0.002838604797604694,0.0028137566745775407,0,0.0,0.9921875,128
bayesfl_observability_v1,ola_sparse_bayesian_keep010_seed42,100,ola,global,,,layers.0.bias,raw,57,0.002838604797604694,0.0028883010436590003,0.002863452920631847,0,0.0,0.9921875,128
bayesfl_observability_v1,ola_sparse_bayesian_keep010_seed42,100,ola,global,,,layers.0.bias,raw,58,0.0028883010436590003,0.002937997289713307,0.002913149166686154,0,0.0,0.9921875,128
bayesfl_observability_v1,ola_sparse_bayesian_keep010_seed42,100,ola,global,,,layers.0.bias,raw,59,0.002937997289713307,0.0029876935357676135,0.0029628454127404603,0,0.0,0.9921875,128
bayesfl_observability_v1,ola_sparse_bayesian_keep010_seed42,100,ola,global,,,layers.0.bias,raw,60,0.0029876935357676135,0.00303738978182192,0.0030125416587947667,0,0.0,0.9921875,128
bayesfl_observability_v1,ola_sparse_bayesian_keep010_seed42,100,ola,global,,,layers.0.bias,raw,61,0.00303738978182192,0.0030870860278762267,0.003062237904849073,0,0.0,0.9921875,128
bayesfl_observability_v1,ola_sparse_bayesian_keep010_seed42,100,ola,global,,,layers.0.bias,raw,62,0.0030870860278762267,0.003136782273930533,0.00311193415090338,0,0.0,0.9921875,128
bayesfl_observability_v1,ola_sparse_bayesian_keep010_seed42,100,ola,global,,,layers.0.bias,raw,63,0.003136782273930533,0.0031864785199848394,0.0031616303969576862,0,0.0,0.9921875,128
bayesfl_observability_v1,ola_sparse_bayesian_keep010_seed42,100,ola,global,,,layers.0.bias,raw,64,0.0031864785199848394,0.003236174766039146,0.0032113266430119926,0,0.0,0.9921875,128
bayesfl_observability_v1,ola_sparse_bayesian_keep010_seed42,100,ola,global,,,layers.0.bias,raw,65,0.003236174766039146,0.003285871012093452,0.003261022889066299,0,0.0,0.9921875,128
bayesfl_observability_v1,ola_sparse_bayesian_keep010_seed42,100,ola,global,,,layers.0.bias,raw,66,0.003285871012093452,0.003335567258147759,0.003310719135120606,0,0.0,0.9921875,128
bayesfl_observability_v1,ola_sparse_bayesian_keep010_seed42,100,ola,global,,,layers.0.bias,raw,67,0.003335567258147759,0.0033852635042020654,0.0033604153811749122,0,0.0,0.9921875,128
bayesfl_observability_v1,ola_sparse_bayesian_keep010_seed42,100,ola,global,,,layers.0.bias,raw,68,0.0033852635042020654,0.003434959750256372,0.0034101116272292186,0,0.0,0.9921875,128
bayesfl_observability_v1,ola_sparse_bayesian_keep010_seed42,100,ola,global,,,layers.0.bias,raw,69,0.003434959750256372,0.0034846559963106786,0.003459807873283525,0,0.0,0.9921875,128
bayesfl_observability_v1,ola_sparse_bayesian_keep010_seed42,100,ola,global,,,layers.0.bias,raw,70,0.0034846559963106786,0.003534352242364985,0.003509504119337832,0,0.0,0.9921875,128
bayesfl_observability_v1,ola_sparse_bayesian_keep010_seed42,100,ola,global,,,layers.0.bias,raw,71,0.003534352242364985,0.0035840484884192914,0.003559200365392138,0,0.0,0.9921875,128
bayesfl_observability_v1,ola_sparse_bayesian_keep010_seed42,100,ola,global,,,layers.0.bias,raw,72,0.0035840484884192914,0.0036337447344735978,0.0036088966114464446,0,0.0,0.9921875,128
bayesfl_observability_v1,ola_sparse_bayesian_keep010_seed42,100,ola,global,,,layers.0.bias,raw,73,0.0036337447344735978,0.003683440980527904,0.003658592857500751,0,0.0,0.9921875,128
bayesfl_observability_v1,ola_sparse_bayesian_keep010_seed42,100,ola,global,,,layers.0.bias,raw,74,0.003683440980527904,0.003733137226582211,0.003708289103555058,0,0.0,0.9921875,128
bayesfl_observability_v1,ola_sparse_bayesian_keep010_seed42,100,ola,global,,,layers.0.bias,raw,75,0.003733137226582211,0.0037828334726365174,0.003757985349609364,0,0.0,0.9921875,128
bayesfl_observability_v1,ola_sparse_bayesian_keep010_seed42,100,ola,global,,,layers.0.bias,raw,76,0.0037828334726365174,0.0038325297186908238,0.0038076815956636706,0,0.0,0.9921875,128
bayesfl_observability_v1,ola_sparse_bayesian_keep010_seed42,100,ola,global,,,layers.0.bias,raw,77,0.0038325297186908238,0.0038822259647451306,0.003857377841717977,0,0.0,0.9921875,128
bayesfl_observability_v1,ola_sparse_bayesian_keep010_seed42,100,ola,global,,,layers.0.bias,raw,78,0.0038822259647451306,0.003931922210799437,0.003907074087772284,0,0.0,0.9921875,128
bayesfl_observability_v1,ola_sparse_bayesian_keep010_seed42,100,ola,global,,,layers.0.bias,raw,79,0.003931922210799437,0.003981618456853743,0.00395677033382659,1,157.20503298101758,1.0,128
bayesfl_observability_v1,ola_sparse_bayesian_keep010_seed42,100,ola,global,,,layers.0.bias,db,0,-104.55536557284287,-103.84840859292522,-104.20188708288404,1,0.011050884596839328,0.0078125,128
bayesfl_observability_v1,ola_sparse_bayesian_keep010_seed42,100,ola,global,,,layers.0.bias,db,1,-103.84840859292522,-103.14145161300756,-103.49493010296639,0,0.0,0.0078125,128
bayesfl_observability_v1,ola_sparse_bayesian_keep010_seed42,100,ola,global,,,layers.0.bias,db,2,-103.14145161300756,-102.43449463308991,-102.78797312304874,0,0.0,0.0078125,128
bayesfl_observability_v1,ola_sparse_bayesian_keep010_seed42,100,ola,global,,,layers.0.bias,db,3,-102.43449463308991,-101.72753765317225,-102.08101614313108,1,0.011050884596839106,0.015625,128
bayesfl_observability_v1,ola_sparse_bayesian_keep010_seed42,100,ola,global,,,layers.0.bias,db,4,-101.72753765317225,-101.0205806732546,-101.37405916321342,0,0.0,0.015625,128
bayesfl_observability_v1,ola_sparse_bayesian_keep010_seed42,100,ola,global,,,layers.0.bias,db,5,-101.0205806732546,-100.31362369333695,-100.66710218329578,0,0.0,0.015625,128
bayesfl_observability_v1,ola_sparse_bayesian_keep010_seed42,100,ola,global,,,layers.0.bias,db,6,-100.31362369333695,-99.60666671341929,-99.96014520337812,0,0.0,0.015625,128
bayesfl_observability_v1,ola_sparse_bayesian_keep010_seed42,100,ola,global,,,layers.0.bias,db,7,-99.60666671341929,-98.89970973350164,-99.25318822346046,0,0.0,0.015625,128
bayesfl_observability_v1,ola_sparse_bayesian_keep010_seed42,100,ola,global,,,layers.0.bias,db,8,-98.89970973350164,-98.19275275358399,-98.54623124354282,0,0.0,0.015625,128
bayesfl_observability_v1,ola_sparse_bayesian_keep010_seed42,100,ola,global,,,layers.0.bias,db,9,-98.19275275358399,-97.48579577366633,-97.83927426362516,1,0.011050884596839106,0.0234375,128
bayesfl_observability_v1,ola_sparse_bayesian_keep010_seed42,100,ola,global,,,layers.0.bias,db,10,-97.48579577366633,-96.77883879374868,-97.1323172837075,0,0.0,0.0234375,128
bayesfl_observability_v1,ola_sparse_bayesian_keep010_seed42,100,ola,global,,,layers.0.bias,db,11,-96.77883879374868,-96.07188181383103,-96.42536030378986,0,0.0,0.0234375,128
bayesfl_observability_v1,ola_sparse_bayesian_keep010_seed42,100,ola,global,,,layers.0.bias,db,12,-96.07188181383103,-95.36492483391336,-95.7184033238722,0,0.0,0.0234375,128
bayesfl_observability_v1,ola_sparse_bayesian_keep010_seed42,100,ola,global,,,layers.0.bias,db,13,-95.36492483391336,-94.65796785399571,-95.01144634395453,0,0.0,0.0234375,128
bayesfl_observability_v1,ola_sparse_bayesian_keep010_seed42,100,ola,global,,,layers.0.bias,db,14,-94.65796785399571,-93.95101087407805,-94.30448936403688,0,0.0,0.0234375,128
bayesfl_observability_v1,ola_sparse_bayesian_keep010_seed42,100,ola,global,,,layers.0.bias,db,15,-93.95101087407805,-93.2440538941604,-93.59753238411923,0,0.0,0.0234375,128
bayesfl_observability_v1,ola_sparse_bayesian_keep010_seed42,100,ola,global,,,layers.0.bias,db,16,-93.2440538941604,-92.53709691424275,-92.89057540420157,0,0.0,0.0234375,128
bayesfl_observability_v1,ola_sparse_bayesian_keep010_seed42,100,ola,global,,,layers.0.bias,db,17,-92.53709691424275,-91.83013993432509,-92.18361842428392,0,0.0,0.0234375,128
bayesfl_observability_v1,ola_sparse_bayesian_keep010_seed42,100,ola,global,,,layers.0.bias,db,18,-91.83013993432509,-91.12318295440744,-91.47666144436627,1,0.011050884596839328,0.03125,128
bayesfl_observability_v1,ola_sparse_bayesian_keep010_seed42,100,ola,global,,,layers.0.bias,db,19,-91.12318295440744,-90.41622597448978,-90.76970446444861,0,0.0,0.03125,128
bayesfl_observability_v1,ola_sparse_bayesian_keep010_seed42,100,ola,global,,,layers.0.bias,db,20,-90.41622597448978,-89.70926899457213,-90.06274748453095,0,0.0,0.03125,128
bayesfl_observability_v1,ola_sparse_bayesian_keep010_seed42,100,ola,global,,,layers.0.bias,db,21,-89.70926899457213,-89.00231201465448,-89.35579050461331,0,0.0,0.03125,128
bayesfl_observability_v1,ola_sparse_bayesian_keep010_seed42,100,ola,global,,,layers.0.bias,db,22,-89.00231201465448,-88.29535503473682,-88.64883352469565,0,0.0,0.03125,128
bayesfl_observability_v1,ola_sparse_bayesian_keep010_seed42,100,ola,global,,,layers.0.bias,db,23,-88.29535503473682,-87.58839805481917,-87.94187654477798,1,0.011050884596839328,0.0390625,128
bayesfl_observability_v1,ola_sparse_bayesian_keep010_seed42,100,ola,global,,,layers.0.bias,db,24,-87.58839805481917,-86.88144107490152,-87.23491956486035,0,0.0,0.0390625,128
bayesfl_observability_v1,ola_sparse_bayesian_keep010_seed42,100,ola,global,,,layers.0.bias,db,25,-86.88144107490152,-86.17448409498385,-86.52796258494268,2,0.022101769193678213,0.0546875,128
bayesfl_observability_v1,ola_sparse_bayesian_keep010_seed42,100,ola,global,,,layers.0.bias,db,26,-86.17448409498385,-85.4675271150662,-85.82100560502502,0,0.0,0.0546875,128
bayesfl_observability_v1,ola_sparse_bayesian_keep010_seed42,100,ola,global,,,layers.0.bias,db,27,-85.4675271150662,-84.76057013514855,-85.11404862510739,0,0.0,0.0546875,128
bayesfl_observability_v1,ola_sparse_bayesian_keep010_seed42,100,ola,global,,,layers.0.bias,db,28,-84.76057013514855,-84.05361315523089,-84.40709164518972,1,0.011050884596839106,0.0625,128
bayesfl_observability_v1,ola_sparse_bayesian_keep010_seed42,100,ola,global,,,layers.0.bias,db,29,-84.05361315523089,-83.34665617531324,-83.70013466527206,0,0.0,0.0625,128
bayesfl_observability_v1,ola_sparse_bayesian_keep010_seed42,100,ola,global,,,layers.0.bias,db,30,-83.34665617531324,-82.6396991953956,-82.99317768535442,0,0.0,0.0625,128
bayesfl_observability_v1,ola_sparse_bayesian_keep010_seed42,100,ola,global,,,layers.0.bias,db,31,-82.6396991953956,-81.93274221547793,-82.28622070543676,0,0.0,0.0625,128
bayesfl_observability_v1,ola_sparse_bayesian_keep010_seed42,100,ola,global,,,layers.0.bias,db,32,-81.93274221547793,-81.22578523556027,-81.5792637255191,2,0.022101769193678213,0.078125,128
bayesfl_observability_v1,ola_sparse_bayesian_keep010_seed42,100,ola,global,,,layers.0.bias,db,33,-81.22578523556027,-80.51882825564262,-80.87230674560143,1,0.011050884596839328,0.0859375,128
bayesfl_observability_v1,ola_sparse_bayesian_keep010_seed42,100,ola,global,,,layers.0.bias,db,34,-80.51882825564262,-79.81187127572497,-80.1653497656838,2,0.022101769193678657,0.1015625,128
bayesfl_observability_v1,ola_sparse_bayesian_keep010_seed42,100,ola,global,,,layers.0.bias,db,35,-79.81187127572497,-79.1049142958073,-79.45839278576614,3,0.03315265379051732,0.125,128
bayesfl_observability_v1,ola_sparse_bayesian_keep010_seed42,100,ola,global,,,layers.0.bias,db,36,-79.1049142958073,-78.39795731588966,-78.75143580584847,1,0.011050884596839328,0.1328125,128
bayesfl_observability_v1,ola_sparse_bayesian_keep010_seed42,100,ola,global,,,layers.0.bias,db,37,-78.39795731588966,-77.691000335972,-78.04447882593084,0,0.0,0.1328125,128
bayesfl_observability_v1,ola_sparse_bayesian_keep010_seed42,100,ola,global,,,layers.0.bias,db,38,-77.691000335972,-76.98404335605434,-77.33752184601317,0,0.0,0.1328125,128
bayesfl_observability_v1,ola_sparse_bayesian_keep010_seed42,100,ola,global,,,layers.0.bias,db,39,-76.98404335605434,-76.2770863761367,-76.63056486609551,0,0.0,0.1328125,128
bayesfl_observability_v1,ola_sparse_bayesian_keep010_seed42,100,ola,global,,,layers.0.bias,db,40,-76.2770863761367,-75.57012939621904,-75.92360788617788,1,0.011050884596839328,0.140625,128
bayesfl_observability_v1,ola_sparse_bayesian_keep010_seed42,100,ola,global,,,layers.0.bias,db,41,-75.57012939621904,-74.86317241630138,-75.21665090626021,3,0.03315265379051732,0.1640625,128
bayesfl_observability_v1,ola_sparse_bayesian_keep010_seed42,100,ola,global,,,layers.0.bias,db,42,-74.86317241630138,-74.15621543638373,-74.50969392634255,3,0.03315265379051799,0.1875,128
bayesfl_observability_v1,ola_sparse_bayesian_keep010_seed42,100,ola,global,,,layers.0.bias,db,43,-74.15621543638373,-73.44925845646608,-73.80273694642491,1,0.011050884596839328,0.1953125,128
bayesfl_observability_v1,ola_sparse_bayesian_keep010_seed42,100,ola,global,,,layers.0.bias,db,44,-73.44925845646608,-72.74230147654842,-73.09577996650725,3,0.03315265379051732,0.21875,128
bayesfl_observability_v1,ola_sparse_bayesian_keep010_seed42,100,ola,global,,,layers.0.bias,db,45,-72.74230147654842,-72.03534449663077,-72.38882298658959,0,0.0,0.21875,128
bayesfl_observability_v1,ola_sparse_bayesian_keep010_seed42,100,ola,global,,,layers.0.bias,db,46,-72.03534449663077,-71.32838751671312,-71.68186600667195,2,0.022101769193678657,0.234375,128
bayesfl_observability_v1,ola_sparse_bayesian_keep010_seed42,100,ola,global,,,layers.0.bias,db,47,-71.32838751671312,-70.62143053679546,-70.97490902675429,3,0.03315265379051732,0.2578125,128
bayesfl_observability_v1,ola_sparse_bayesian_keep010_seed42,100,ola,global,,,layers.0.bias,db,48,-70.62143053679546,-69.9144735568778,-70.26795204683663,1,0.011050884596839106,0.265625,128
bayesfl_observability_v1,ola_sparse_bayesian_keep010_seed42,100,ola,global,,,layers.0.bias,db,49,-69.9144735568778,-69.20751657696015,-69.56099506691896,0,0.0,0.265625,128
bayesfl_observability_v1,ola_sparse_bayesian_keep010_seed42,100,ola,global,,,layers.0.bias,db,50,-69.20751657696015,-68.5005595970425,-68.85403808700133,2,0.022101769193678657,0.28125,128
bayesfl_observability_v1,ola_sparse_bayesian_keep010_seed42,100,ola,global,,,layers.0.bias,db,51,-68.5005595970425,-67.79360261712483,-68.14708110708366,5,0.055254422984195535,0.3203125,128
bayesfl_observability_v1,ola_sparse_bayesian_keep010_seed42,100,ola,global,,,layers.0.bias,db,52,-67.79360261712483,-67.08664563720718,-67.440124127166,0,0.0,0.3203125,128
bayesfl_observability_v1,ola_sparse_bayesian_keep010_seed42,100,ola,global,,,layers.0.bias,db,53,-67.08664563720718,-66.37968865728953,-66.73316714724837,2,0.022101769193678657,0.3359375,128
bayesfl_observability_v1,ola_sparse_bayesian_keep010_seed42,100,ola,global,,,layers.0.bias,db,54,-66.37968865728953,-65.67273167737187,-66.0262101673307,0,0.0,0.3359375,128
bayesfl_observability_v1,ola_sparse_bayesian_keep010_seed42,100,ola,global,,,layers.0.bias,db,55,-65.67273167737187,-64.96577469745422,-65.31925318741304,2,0.022101769193678657,0.3515625,128
bayesfl_observability_v1,ola_sparse_bayesian_keep010_seed42,100,ola,global,,,layers.0.bias,db,56,-64.96577469745422,-64.25881771753657,-64.6122962074954,3,0.03315265379051799,0.375,128
bayesfl_observability_v1,ola_sparse_bayesian_keep010_seed42,100,ola,global,,,layers.0.bias,db,57,-64.25881771753657,-63.55186073761891,-63.90533922757774,1,0.011050884596839106,0.3828125,128
bayesfl_observability_v1,ola_sparse_bayesian_keep010_seed42,100,ola,global,,,layers.0.bias,db,58,-63.55186073761891,-62.84490375770126,-63.198382247660085,5,0.055254422984196645,0.421875,128
bayesfl_observability_v1,ola_sparse_bayesian_keep010_seed42,100,ola,global,,,layers.0.bias,db,59,-62.84490375770126,-62.137946777783604,-62.49142526774243,4,0.04420353838735687,0.453125,128
bayesfl_observability_v1,ola_sparse_bayesian_keep010_seed42,100,ola,global,,,layers.0.bias,db,60,-62.137946777783604,-61.43098979786595,-61.78446828782478,8,0.08840707677471374,0.515625,128
bayesfl_observability_v1,ola_sparse_bayesian_keep010_seed42,100,ola,global,,,layers.0.bias,db,61,-61.43098979786595,-60.7240328179483,-61.07751130790712,5,0.055254422984196645,0.5546875,128
bayesfl_observability_v1,ola_sparse_bayesian_keep010_seed42,100,ola,global,,,layers.0.bias,db,62,-60.7240328179483,-60.01707583803064,-60.37055432798947,7,0.07735619217787452,0.609375,128
bayesfl_observability_v1,ola_sparse_bayesian_keep010_seed42,100,ola,global,,,layers.0.bias,db,63,-60.01707583803064,-59.310118858112986,-59.66359734807182,3,0.033152653790517655,0.6328125,128
bayesfl_observability_v1,ola_sparse_bayesian_keep010_seed42,100,ola,global,,,layers.0.bias,db,64,-59.310118858112986,-58.60316187819533,-58.956640368154154,7,0.07735619217787452,0.6875,128
bayesfl_observability_v1,ola_sparse_bayesian_keep010_seed42,100,ola,global,,,layers.0.bias,db,65,-58.60316187819533,-57.896204898277674,-58.249683388236505,4,0.04420353838735687,0.71875,128
bayesfl_observability_v1,ola_sparse_bayesian_keep010_seed42,100,ola,global,,,layers.0.bias,db,66,-57.896204898277674,-57.189247918360024,-57.54272640831885,2,0.022101769193678657,0.734375,128
bayesfl_observability_v1,ola_sparse_bayesian_keep010_seed42,100,ola,global,,,layers.0.bias,db,67,-57.189247918360024,-56.48229093844237,-56.83576942840119,7,0.07735619217787452,0.7890625,128
bayesfl_observability_v1,ola_sparse_bayesian_keep010_seed42,100,ola,global,,,layers.0.bias,db,68,-56.48229093844237,-55.77533395852471,-56.128812448483544,7,0.07735619217787452,0.84375,128
bayesfl_observability_v1,ola_sparse_bayesian_keep010_seed42,100,ola,global,,,layers.0.bias,db,69,-55.77533395852471,-55.06837697860706,-55.42185546856589,3,0.03315265379051799,0.8671875,128
bayesfl_observability_v1,ola_sparse_bayesian_keep010_seed42,100,ola,global,,,layers.0.bias,db,70,-55.06837697860706,-54.361419998689406,-54.71489848864823,6,0.06630530758103531,0.9140625,128
bayesfl_observability_v1,ola_sparse_bayesian_keep010_seed42,100,ola,global,,,layers.0.bias,db,71,-54.361419998689406,-53.65446301877175,-54.00794150873058,3,0.033152653790517655,0.9375,128
bayesfl_observability_v1,ola_sparse_bayesian_keep010_seed42,100,ola,global,,,layers.0.bias,db,72,-53.65446301877175,-52.947506038854094,-53.30098452881292,3,0.033152653790517655,0.9609375,128
bayesfl_observability_v1,ola_sparse_bayesian_keep010_seed42,100,ola,global,,,layers.0.bias,db,73,-52.947506038854094,-52.24054905893644,-52.59402754889527,2,0.022101769193678435,0.9765625,128
bayesfl_observability_v1,ola_sparse_bayesian_keep010_seed42,100,ola,global,,,layers.0.bias,db,74,-52.24054905893644,-51.53359207901879,-51.88707056897761,1,0.011050884596839328,0.984375,128
bayesfl_observability_v1,ola_sparse_bayesian_keep010_seed42,100,ola,global,,,layers.0.bias,db,75,-51.53359207901879,-50.82663509910113,-51.18011358905996,1,0.011050884596839217,0.9921875,128
bayesfl_observability_v1,ola_sparse_bayesian_keep010_seed42,100,ola,global,,,layers.0.bias,db,76,-50.82663509910113,-50.119678119183476,-50.47315660914231,0,0.0,0.9921875,128
bayesfl_observability_v1,ola_sparse_bayesian_keep010_seed42,100,ola,global,,,layers.0.bias,db,77,-50.119678119183476,-49.41272113926583,-49.76619962922465,0,0.0,0.9921875,128
bayesfl_observability_v1,ola_sparse_bayesian_keep010_seed42,100,ola,global,,,layers.0.bias,db,78,-49.41272113926583,-48.70576415934817,-49.059242649306995,0,0.0,0.9921875,128
bayesfl_observability_v1,ola_sparse_bayesian_keep010_seed42,100,ola,global,,,layers.0.bias,db,79,-48.70576415934817,-47.998807179430514,-48.352285669389346,1,0.011050884596839217,1.0,128
bayesfl_observability_v1,ola_sparse_bayesian_keep010_seed42,100,ola,global,,,layers.1.weight,raw,0,6.255309289085898e-06,0.0011846475038678659,0.0005954514065784758,167,110.71759521169983,0.13046875,1280
bayesfl_observability_v1,ola_sparse_bayesian_keep010_seed42,100,ola,global,,,layers.1.weight,raw,1,0.0011846475038678659,0.002363039698446646,0.001773843601157256,150,99.44694180691602,0.24765625,1280
bayesfl_observability_v1,ola_sparse_bayesian_keep010_seed42,100,ola,global,,,layers.1.weight,raw,2,0.002363039698446646,0.003541431893025426,0.002952235795736036,138,91.49118646236273,0.35546875,1280
bayesfl_observability_v1,ola_sparse_bayesian_keep010_seed42,100,ola,global,,,layers.1.weight,raw,3,0.003541431893025426,0.004719824087604206,0.004130627990314816,128,84.86139034190167,0.45546875,1280
bayesfl_observability_v1,ola_sparse_bayesian_keep010_seed42,100,ola,global,,,layers.1.weight,raw,4,0.004719824087604206,0.005898216282182987,0.005309020184893596,127,84.19841072985554,0.5546875,1280
bayesfl_observability_v1,ola_sparse_bayesian_keep010_seed42,100,ola,global,,,layers.1.weight,raw,5,0.005898216282182987,0.007076608476761766,0.006487412379472377,98,64.97200198051848,0.63125,1280
bayesfl_observability_v1,ola_sparse_bayesian_keep010_seed42,100,ola,global,,,layers.1.weight,raw,6,0.007076608476761766,0.008255000671340546,0.007665804574051156,94,62.32008353233406,0.7046875,1280
bayesfl_observability_v1,ola_sparse_bayesian_keep010_seed42,100,ola,global,,,layers.1.weight,raw,7,0.008255000671340546,0.009433392865919326,0.008844196768629936,65,43.09367478299693,0.75546875,1280
bayesfl_observability_v1,ola_sparse_bayesian_keep010_seed42,100,ola,global,,,layers.1.weight,raw,8,0.009433392865919326,0.010611785060498107,0.010022588963208717,47,31.16004176616701,0.7921875,1280
bayesfl_observability_v1,ola_sparse_bayesian_keep010_seed42,100,ola,global,,,layers.1.weight,raw,9,0.010611785060498107,0.011790177255076887,0.011200981157787497,29,19.22640874933709,0.81484375,1280
bayesfl_observability_v1,ola_sparse_bayesian_keep010_seed42,100,ola,global,,,layers.1.weight,raw,10,0.011790177255076887,0.012968569449655666,0.012379373352366278,35,23.204286421613762,0.8421875,1280
bayesfl_observability_v1,ola_sparse_bayesian_keep010_seed42,100,ola,global,,,layers.1.weight,raw,11,0.012968569449655666,0.014146961644234447,0.013557765546945056,23,15.24853107706045,0.86015625,1280
bayesfl_observability_v1,ola_sparse_bayesian_keep010_seed42,100,ola,global,,,layers.1.weight,raw,12,0.014146961644234447,0.015325353838813227,0.014736157741523837,21,13.922571852968238,0.8765625,1280
bayesfl_observability_v1,ola_sparse_bayesian_keep010_seed42,100,ola,global,,,layers.1.weight,raw,13,0.015325353838813227,0.016503746033392008,0.01591454993610262,19,12.596612628876024,0.89140625,1280
bayesfl_observability_v1,ola_sparse_bayesian_keep010_seed42,100,ola,global,,,layers.1.weight,raw,14,0.016503746033392008,0.017682138227970788,0.017092942130681396,22,14.585551465014344,0.90859375,1280
bayesfl_observability_v1,ola_sparse_bayesian_keep010_seed42,100,ola,global,,,layers.1.weight,raw,15,0.017682138227970788,0.01886053042254957,0.01827133432526018,13,8.618734956599384,0.91875,1280
bayesfl_observability_v1,ola_sparse_bayesian_keep010_seed42,100,ola,global,,,layers.1.weight,raw,16,0.01886053042254957,0.02003892261712835,0.019449726519838957,12,7.955755344553278,0.928125,1280
bayesfl_observability_v1,ola_sparse_bayesian_keep010_seed42,100,ola,global,,,layers.1.weight,raw,17,0.02003892261712835,0.02121731481170713,0.02062811871441774,14,9.281714568645492,0.9390625,1280
bayesfl_observability_v1,ola_sparse_bayesian_keep010_seed42,100,ola,global,,,layers.1.weight,raw,18,0.02121731481170713,0.02239570700628591,0.021806510908996518,7,4.640857284322746,0.94453125,1280
bayesfl_observability_v1,ola_sparse_bayesian_keep010_seed42,100,ola,global,,,layers.1.weight,raw,19,0.02239570700628591,0.02357409920086469,0.022984903103575302,5,3.314898060230533,0.9484375,1280
bayesfl_observability_v1,ola_sparse_bayesian_keep010_seed42,100,ola,global,,,layers.1.weight,raw,20,0.02357409920086469,0.024752491395443468,0.02416329529815408,5,3.3148980602305427,0.95234375,1280
bayesfl_observability_v1,ola_sparse_bayesian_keep010_seed42,100,ola,global,,,layers.1.weight,raw,21,0.024752491395443468,0.025930883590022248,0.025341687492732856,4,2.6519184481844262,0.95546875,1280
bayesfl_observability_v1,ola_sparse_bayesian_keep010_seed42,100,ola,global,,,layers.1.weight,raw,22,0.025930883590022248,0.02710927578460103,0.02652007968731164,3,1.9889388361383196,0.9578125,1280
bayesfl_observability_v1,ola_sparse_bayesian_keep010_seed42,100,ola,global,,,layers.1.weight,raw,23,0.02710927578460103,0.02828766797917981,0.027698471881890417,7,4.640857284322746,0.96328125,1280
bayesfl_observability_v1,ola_sparse_bayesian_keep010_seed42,100,ola,global,,,layers.1.weight,raw,24,0.02828766797917981,0.02946606017375859,0.0288768640764692,7,4.640857284322746,0.96875,1280
bayesfl_observability_v1,ola_sparse_bayesian_keep010_seed42,100,ola,global,,,layers.1.weight,raw,25,0.02946606017375859,0.03064445236833737,0.030055256271047978,4,2.6519184481844262,0.971875,1280
bayesfl_observability_v1,ola_sparse_bayesian_keep010_seed42,100,ola,global,,,layers.1.weight,raw,26,0.03064445236833737,0.03182284456291615,0.03123364846562676,0,0.0,0.971875,1280
bayesfl_observability_v1,ola_sparse_bayesian_keep010_seed42,100,ola,global,,,layers.1.weight,raw,27,0.03182284456291615,0.033001236757494924,0.03241204066020553,3,1.9889388361383256,0.97421875,1280
bayesfl_observability_v1,ola_sparse_bayesian_keep010_seed42,100,ola,global,,,layers.1.weight,raw,28,0.033001236757494924,0.03417962895207371,0.033590432854784316,4,2.6519184481844182,0.97734375,1280
bayesfl_observability_v1,ola_sparse_bayesian_keep010_seed42,100,ola,global,,,layers.1.weight,raw,29,0.03417962895207371,0.035358021146652485,0.0347688250493631,2,1.3259592240922171,0.97890625,1280
bayesfl_observability_v1,ola_sparse_bayesian_keep010_seed42,100,ola,global,,,layers.1.weight,raw,30,0.035358021146652485,0.03653641334123127,0.03594721724394188,2,1.3259592240922091,0.98046875,1280
bayesfl_observability_v1,ola_sparse_bayesian_keep010_seed42,100,ola,global,,,layers.1.weight,raw,31,0.03653641334123127,0.037714805535810046,0.037125609438520654,1,0.6629796120461086,0.98125,1280
bayesfl_observability_v1,ola_sparse_bayesian_keep010_seed42,100,ola,global,,,layers.1.weight,raw,32,0.037714805535810046,0.03889319773038882,0.03830400163309944,2,1.3259592240922171,0.9828125,1280
bayesfl_observability_v1,ola_sparse_bayesian_keep010_seed42,100,ola,global,,,layers.1.weight,raw,33,0.03889319773038882,0.04007158992496761,0.039482393827678215,3,1.9889388361383138,0.98515625,1280
bayesfl_observability_v1,ola_sparse_bayesian_keep010_seed42,100,ola,global,,,layers.1.weight,raw,34,0.04007158992496761,0.041249982119546384,0.04066078602225699,1,0.6629796120461086,0.9859375,1280
bayesfl_observability_v1,ola_sparse_bayesian_keep010_seed42,100,ola,global,,,layers.1.weight,raw,35,0.041249982119546384,0.04242837431412517,0.041839178216835776,2,1.3259592240922091,0.9875,1280
bayesfl_observability_v1,ola_sparse_bayesian_keep010_seed42,100,ola,global,,,layers.1.weight,raw,36,0.04242837431412517,0.043606766508703945,0.04301757041141456,1,0.6629796120461086,0.98828125,1280
bayesfl_observability_v1,ola_sparse_bayesian_keep010_seed42,100,ola,global,,,layers.1.weight,raw,37,0.043606766508703945,0.04478515870328273,0.04419596260599334,1,0.6629796120461046,0.9890625,1280
bayesfl_observability_v1,ola_sparse_bayesian_keep010_seed42,100,ola,global,,,layers.1.weight,raw,38,0.04478515870328273,0.045963550897861506,0.045374354800572114,0,0.0,0.9890625,1280
bayesfl_observability_v1,ola_sparse_bayesian_keep010_seed42,100,ola,global,,,layers.1.weight,raw,39,0.045963550897861506,0.04714194309244029,0.0465527469951509,1,0.6629796120461046,0.98984375,1280
bayesfl_observability_v1,ola_sparse_bayesian_keep010_seed42,100,ola,global,,,layers.1.weight,raw,40,0.04714194309244029,0.04832033528701907,0.04773113918972968,0,0.0,0.98984375,1280
bayesfl_observability_v1,ola_sparse_bayesian_keep010_seed42,100,ola,global,,,layers.1.weight,raw,41,0.04832033528701907,0.049498727481597844,0.04890953138430845,0,0.0,0.98984375,1280
bayesfl_observability_v1,ola_sparse_bayesian_keep010_seed42,100,ola,global,,,layers.1.weight,raw,42,0.049498727481597844,0.05067711967617663,0.050087923578887236,1,0.6629796120461046,0.990625,1280
bayesfl_observability_v1,ola_sparse_bayesian_keep010_seed42,100,ola,global,,,layers.1.weight,raw,43,0.05067711967617663,0.051855511870755405,0.05126631577346602,0,0.0,0.990625,1280
bayesfl_observability_v1,ola_sparse_bayesian_keep010_seed42,100,ola,global,,,layers.1.weight,raw,44,0.051855511870755405,0.05303390406533419,0.0524447079680448,2,1.3259592240922091,0.9921875,1280
bayesfl_observability_v1,ola_sparse_bayesian_keep010_seed42,100,ola,global,,,layers.1.weight,raw,45,0.05303390406533419,0.054212296259912966,0.053623100162623574,1,0.6629796120461086,0.99296875,1280
bayesfl_observability_v1,ola_sparse_bayesian_keep010_seed42,100,ola,global,,,layers.1.weight,raw,46,0.054212296259912966,0.05539068845449175,0.05480149235720236,0,0.0,0.99296875,1280
bayesfl_observability_v1,ola_sparse_bayesian_keep010_seed42,100,ola,global,,,layers.1.weight,raw,47,0.05539068845449175,0.05656908064907053,0.05597988455178114,0,0.0,0.99296875,1280
bayesfl_observability_v1,ola_sparse_bayesian_keep010_seed42,100,ola,global,,,layers.1.weight,raw,48,0.05656908064907053,0.057747472843649304,0.05715827674635991,0,0.0,0.99296875,1280
bayesfl_observability_v1,ola_sparse_bayesian_keep010_seed42,100,ola,global,,,layers.1.weight,raw,49,0.057747472843649304,0.05892586503822809,0.058336668940938696,1,0.6629796120461046,0.99375,1280
bayesfl_observability_v1,ola_sparse_bayesian_keep010_seed42,100,ola,global,,,layers.1.weight,raw,50,0.05892586503822809,0.060104257232806865,0.05951506113551748,1,0.6629796120461086,0.99453125,1280
bayesfl_observability_v1,ola_sparse_bayesian_keep010_seed42,100,ola,global,,,layers.1.weight,raw,51,0.060104257232806865,0.06128264942738565,0.06069345333009626,2,1.3259592240922091,0.99609375,1280
bayesfl_observability_v1,ola_sparse_bayesian_keep010_seed42,100,ola,global,,,layers.1.weight,raw,52,0.06128264942738565,0.062461041621964426,0.061871845524675034,0,0.0,0.99609375,1280
bayesfl_observability_v1,ola_sparse_bayesian_keep010_seed42,100,ola,global,,,layers.1.weight,raw,53,0.062461041621964426,0.06363943381654322,0.06305023771925382,1,0.6629796120461007,0.996875,1280
bayesfl_observability_v1,ola_sparse_bayesian_keep010_seed42,100,ola,global,,,layers.1.weight,raw,54,0.06363943381654322,0.064817826011122,0.0642286299138326,1,0.6629796120461046,0.99765625,1280
bayesfl_observability_v1,ola_sparse_bayesian_keep010_seed42,100,ola,global,,,layers.1.weight,raw,55,0.064817826011122,0.06599621820570077,0.06540702210841139,0,0.0,0.99765625,1280
bayesfl_observability_v1,ola_sparse_bayesian_keep010_seed42,100,ola,global,,,layers.1.weight,raw,56,0.06599621820570077,0.06717461040027956,0.06658541430299017,0,0.0,0.99765625,1280
bayesfl_observability_v1,ola_sparse_bayesian_keep010_seed42,100,ola,global,,,layers.1.weight,raw,57,0.06717461040027956,0.06835300259485834,0.06776380649756894,0,0.0,0.99765625,1280
bayesfl_observability_v1,ola_sparse_bayesian_keep010_seed42,100,ola,global,,,layers.1.weight,raw,58,0.06835300259485834,0.06953139478943711,0.06894219869214772,1,0.6629796120461124,0.9984375,1280
bayesfl_observability_v1,ola_sparse_bayesian_keep010_seed42,100,ola,global,,,layers.1.weight,raw,59,0.06953139478943711,0.0707097869840159,0.07012059088672651,0,0.0,0.9984375,1280
bayesfl_observability_v1,ola_sparse_bayesian_keep010_seed42,100,ola,global,,,layers.1.weight,raw,60,0.0707097869840159,0.07188817917859468,0.07129898308130528,0,0.0,0.9984375,1280
bayesfl_observability_v1,ola_sparse_bayesian_keep010_seed42,100,ola,global,,,layers.1.weight,raw,61,0.07188817917859468,0.07306657137317346,0.07247737527588408,0,0.0,0.9984375,1280
bayesfl_observability_v1,ola_sparse_bayesian_keep010_seed42,100,ola,global,,,layers.1.weight,raw,62,0.07306657137317346,0.07424496356775223,0.07365576747046285,0,0.0,0.9984375,1280
bayesfl_observability_v1,ola_sparse_bayesian_keep010_seed42,100,ola,global,,,layers.1.weight,raw,63,0.07424496356775223,0.07542335576233102,0.07483415966504162,1,0.6629796120461046,0.99921875,1280
bayesfl_observability_v1,ola_sparse_bayesian_keep010_seed42,100,ola,global,,,layers.1.weight,raw,64,0.07542335576233102,0.0766017479569098,0.07601255185962041,0,0.0,0.99921875,1280
bayesfl_observability_v1,ola_sparse_bayesian_keep010_seed42,100,ola,global,,,layers.1.weight,raw,65,0.0766017479569098,0.07778014015148857,0.07719094405419918,0,0.0,0.99921875,1280
bayesfl_observability_v1,ola_sparse_bayesian_keep010_seed42,100,ola,global,,,layers.1.weight,raw,66,0.07778014015148857,0.07895853234606735,0.07836933624877795,0,0.0,0.99921875,1280
bayesfl_observability_v1,ola_sparse_bayesian_keep010_seed42,100,ola,global,,,layers.1.weight,raw,67,0.07895853234606735,0.08013692454064614,0.07954772844335675,0,0.0,0.99921875,1280
bayesfl_observability_v1,ola_sparse_bayesian_keep010_seed42,100,ola,global,,,layers.1.weight,raw,68,0.08013692454064614,0.08131531673522492,0.08072612063793552,0,0.0,0.99921875,1280
bayesfl_observability_v1,ola_sparse_bayesian_keep010_seed42,100,ola,global,,,layers.1.weight,raw,69,0.08131531673522492,0.08249370892980369,0.0819045128325143,0,0.0,0.99921875,1280
bayesfl_observability_v1,ola_sparse_bayesian_keep010_seed42,100,ola,global,,,layers.1.weight,raw,70,0.08249370892980369,0.08367210112438248,0.08308290502709309,0,0.0,0.99921875,1280
bayesfl_observability_v1,ola_sparse_bayesian_keep010_seed42,100,ola,global,,,layers.1.weight,raw,71,0.08367210112438248,0.08485049331896126,0.08426129722167186,0,0.0,0.99921875,1280
bayesfl_observability_v1,ola_sparse_bayesian_keep010_seed42,100,ola,global,,,layers.1.weight,raw,72,0.08485049331896126,0.08602888551354003,0.08543968941625064,0,0.0,0.99921875,1280
bayesfl_observability_v1,ola_sparse_bayesian_keep010_seed42,100,ola,global,,,layers.1.weight,raw,73,0.08602888551354003,0.08720727770811881,0.08661808161082943,0,0.0,0.99921875,1280
bayesfl_observability_v1,ola_sparse_bayesian_keep010_seed42,100,ola,global,,,layers.1.weight,raw,74,0.08720727770811881,0.0883856699026976,0.0877964738054082,0,0.0,0.99921875,1280
bayesfl_observability_v1,ola_sparse_bayesian_keep010_seed42,100,ola,global,,,layers.1.weight,raw,75,0.0883856699026976,0.08956406209727638,0.088974865999987,0,0.0,0.99921875,1280
bayesfl_observability_v1,ola_sparse_bayesian_keep010_seed42,100,ola,global,,,layers.1.weight,raw,76,0.08956406209727638,0.09074245429185515,0.09015325819456577,0,0.0,0.99921875,1280
bayesfl_observability_v1,ola_sparse_bayesian_keep010_seed42,100,ola,global,,,layers.1.weight,raw,77,0.09074245429185515,0.09192084648643394,0.09133165038914454,0,0.0,0.99921875,1280
bayesfl_observability_v1,ola_sparse_bayesian_keep010_seed42,100,ola,global,,,layers.1.weight,raw,78,0.09192084648643394,0.09309923868101272,0.09251004258372333,0,0.0,0.99921875,1280
bayesfl_observability_v1,ola_sparse_bayesian_keep010_seed42,100,ola,global,,,layers.1.weight,raw,79,0.09309923868101272,0.0942776308755915,0.0936884347783021,1,0.6629796120461046,1.0,1280
bayesfl_observability_v1,ola_sparse_bayesian_keep010_seed42,100,ola,global,,,layers.1.weight,db,0,-104.07502285291882,-103.03048290213047,-103.55275287752465,1,0.0007479369261179196,0.00078125,1280
bayesfl_observability_v1,ola_sparse_bayesian_keep010_seed42,100,ola,global,,,layers.1.weight,db,1,-103.03048290213047,-101.98594295134212,-102.50821292673629,0,0.0,0.00078125,1280
bayesfl_observability_v1,ola_sparse_bayesian_keep010_seed42,100,ola,global,,,layers.1.weight,db,2,-101.98594295134212,-100.94140300055378,-101.46367297594796,1,0.0007479369261179196,0.0015625,1280
bayesfl_observability_v1,ola_sparse_bayesian_keep010_seed42,100,ola,global,,,layers.1.weight,db,3,-100.94140300055378,-99.89686304976543,-100.4191330251596,0,0.0,0.0015625,1280
bayesfl_observability_v1,ola_sparse_bayesian_keep010_seed42,100,ola,global,,,layers.1.weight,db,4,-99.89686304976543,-98.85232309897708,-99.37459307437126,0,0.0,0.0015625,1280
bayesfl_observability_v1,ola_sparse_bayesian_keep010_seed42,100,ola,global,,,layers.1.weight,db,5,-98.85232309897708,-97.80778314818873,-98.3300531235829,0,0.0,0.0015625,1280
bayesfl_observability_v1,ola_sparse_bayesian_keep010_seed42,100,ola,global,,,layers.1.weight,db,6,-97.80778314818873,-96.76324319740039,-97.28551317279457,1,0.0007479369261179196,0.00234375,1280
bayesfl_observability_v1,ola_sparse_bayesian_keep010_seed42,100,ola,global,,,layers.1.weight,db,7,-96.76324319740039,-95.71870324661204,-96.2409732220062,0,0.0,0.00234375,1280
bayesfl_observability_v1,ola_sparse_bayesian_keep010_seed42,100,ola,global,,,layers.1.weight,db,8,-95.71870324661204,-94.67416329582369,-95.19643327121787,0,0.0,0.00234375,1280
bayesfl_observability_v1,ola_sparse_bayesian_keep010_seed42,100,ola,global,,,layers.1.weight,db,9,-94.67416329582369,-93.62962334503533,-94.15189332042951,1,0.0007479369261179095,0.003125,1280
bayesfl_observability_v1,ola_sparse_bayesian_keep010_seed42,100,ola,global,,,layers.1.weight,db,10,-93.62962334503533,-92.585083394247,-93.10735336964116,0,0.0,0.003125,1280
bayesfl_observability_v1,ola_sparse_bayesian_keep010_seed42,100,ola,global,,,layers.1.weight,db,11,-92.585083394247,-91.54054344345863,-92.06281341885281,0,0.0,0.003125,1280
bayesfl_observability_v1,ola_sparse_bayesian_keep010_seed42,100,ola,global,,,layers.1.weight,db,12,-91.54054344345863,-90.49600349267028,-91.01827346806445,1,0.0007479369261179196,0.00390625,1280
bayesfl_observability_v1,ola_sparse_bayesian_keep010_seed42,100,ola,global,,,layers.1.weight,db,13,-90.49600349267028,-89.45146354188194,-89.97373351727612,1,0.0007479369261179196,0.0046875,1280
bayesfl_observability_v1,ola_sparse_bayesian_keep010_seed42,100,ola,global,,,layers.1.weight,db,14,-89.45146354188194,-88.40692359109359,-88.92919356648775,0,0.0,0.0046875,1280
bayesfl_observability_v1,ola_sparse_bayesian_keep010_seed42,100,ola,global,,,layers.1.weight,db,15,-88.40692359109359,-87.36238364030524,-87.88465361569942,0,0.0,0.0046875,1280
bayesfl_observability_v1,ola_sparse_bayesian_keep010_seed42,100,ola,global,,,layers.1.weight,db,16,-87.36238364030524,-86.31784368951689,-86.84011366491106,0,0.0,0.0046875,1280
bayesfl_observability_v1,ola_sparse_bayesian_keep010_seed42,100,ola,global,,,layers.1.weight,db,17,-86.31784368951689,-85.27330373872854,-85.79557371412272,2,0.0014958738522358392,0.00625,1280
bayesfl_observability_v1,ola_sparse_bayesian_keep010_seed42,100,ola,global,,,layers.1.weight,db,18,-85.27330373872854,-84.2287637879402,-84.75103376333436,0,0.0,0.00625,1280
bayesfl_observability_v1,ola_sparse_bayesian_keep010_seed42,100,ola,global,,,layers.1.weight,db,19,-84.2287637879402,-83.18422383715185,-83.70649381254603,1,0.0007479369261179196,0.00703125,1280
bayesfl_observability_v1,ola_sparse_bayesian_keep010_seed42,100,ola,global,,,layers.1.weight,db,20,-83.18422383715185,-82.1396838863635,-82.66195386175767,1,0.0007479369261179196,0.0078125,1280
bayesfl_observability_v1,ola_sparse_bayesian_keep010_seed42,100,ola,global,,,layers.1.weight,db,21,-82.1396838863635,-81.09514393557515,-81.61741391096933,1,0.0007479369261179196,0.00859375,1280
bayesfl_observability_v1,ola_sparse_bayesian_keep010_seed42,100,ola,global,,,layers.1.weight,db,22,-81.09514393557515,-80.0506039847868,-80.57287396018097,2,0.0014958738522358392,0.01015625,1280
bayesfl_observability_v1,ola_sparse_bayesian_keep010_seed42,100,ola,global,,,layers.1.weight,db,23,-80.0506039847868,-79.00606403399846,-79.52833400939264,1,0.0007479369261179196,0.0109375,1280
bayesfl_observability_v1,ola_sparse_bayesian_keep010_seed42,100,ola,global,,,layers.1.weight,db,24,-79.00606403399846,-77.96152408321011,-78.48379405860427,3,0.0022438107783537588,0.01328125,1280
bayesfl_observability_v1,ola_sparse_bayesian_keep010_seed42,100,ola,global,,,layers.1.weight,db,25,-77.96152408321011,-76.91698413242176,-77.43925410781594,2,0.0014958738522358392,0.01484375,1280
bayesfl_observability_v1,ola_sparse_bayesian_keep010_seed42,100,ola,global,,,layers.1.weight,db,26,-76.91698413242176,-75.87244418163341,-76.39471415702758,3,0.0022438107783537588,0.0171875,1280
bayesfl_observability_v1,ola_sparse_bayesian_keep010_seed42,100,ola,global,,,layers.1.weight,db,27,-75.87244418163341,-74.82790423084506,-75.35017420623925,5,0.003739684630589598,0.02109375,1280
bayesfl_observability_v1,ola_sparse_bayesian_keep010_seed42,100,ola,global,,,layers.1.weight,db,28,-74.82790423084506,-73.78336428005672,-74.30563425545088,2,0.0014958738522358392,0.02265625,1280
bayesfl_observability_v1,ola_sparse_bayesian_keep010_seed42,100,ola,global,,,layers.1.weight,db,29,-73.78336428005672,-72.73882432926837,-73.26109430466255,6,0.0044876215567075176,0.02734375,1280
bayesfl_observability_v1,ola_sparse_bayesian_keep010_seed42,100,ola,global,,,layers.1.weight,db,30,-72.73882432926837,-71.69428437848,-72.21655435387419,2,0.001495873852235819,0.02890625,1280
bayesfl_observability_v1,ola_sparse_bayesian_keep010_seed42,100,ola,global,,,layers.1.weight,db,31,-71.69428437848,-70.64974442769167,-71.17201440308584,6,0.004487621556707579,0.03359375,1280
bayesfl_observability_v1,ola_sparse_bayesian_keep010_seed42,100,ola,global,,,layers.1.weight,db,32,-70.64974442769167,-69.60520447690331,-70.12747445229749,5,0.0037396846305895472,0.0375,1280
bayesfl_observability_v1,ola_sparse_bayesian_keep010_seed42,100,ola,global,,,layers.1.weight,db,33,-69.60520447690331,-68.56066452611498,-69.08293450150914,6,0.004487621556707579,0.0421875,1280
bayesfl_observability_v1,ola_sparse_bayesian_keep010_seed42,100,ola,global,,,layers.1.weight,db,34,-68.56066452611498,-67.51612457532661,-68.0383945507208,3,0.0022438107783537284,0.04453125,1280
bayesfl_observability_v1,ola_sparse_bayesian_keep010_seed42,100,ola,global,,,layers.1.weight,db,35,-67.51612457532661,-66.47158462453828,-66.99385459993245,3,0.0022438107783537896,0.046875,1280
bayesfl_observability_v1,ola_sparse_bayesian_keep010_seed42,100,ola,global,,,layers.1.weight,db,36,-66.47158462453828,-65.42704467374992,-65.9493146491441,8,0.005983495408943276,0.053125,1280
bayesfl_observability_v1,ola_sparse_bayesian_keep010_seed42,100,ola,global,,,layers.1.weight,db,37,-65.42704467374992,-64.38250472296157,-64.90477469835574,11,0.008227306187297116,0.06171875,1280
bayesfl_observability_v1,ola_sparse_bayesian_keep010_seed42,100,ola,global,,,layers.1.weight,db,38,-64.38250472296157,-63.33796477217322,-63.8602347475674,6,0.0044876215567075176,0.06640625,1280
bayesfl_observability_v1,ola_sparse_bayesian_keep010_seed42,100,ola,global,,,layers.1.weight,db,39,-63.33796477217322,-62.293424821384875,-62.81569479677905,11,0.008227306187297116,0.075,1280
bayesfl_observability_v1,ola_sparse_bayesian_keep010_seed42,100,ola,global,,,layers.1.weight,db,40,-62.293424821384875,-61.24888487059653,-61.7711548459907,16,0.011966990817886713,0.0875,1280
bayesfl_observability_v1,ola_sparse_bayesian_keep010_seed42,100,ola,global,,,layers.1.weight,db,41,-61.24888487059653,-60.20434491980818,-60.72661489520235,21,0.01570667544847631,0.10390625,1280
bayesfl_observability_v1,ola_sparse_bayesian_keep010_seed42,100,ola,global,,,layers.1.weight,db,42,-60.20434491980818,-59.15980496901983,-59.682074944414005,19,0.014210801596240472,0.11875,1280
bayesfl_observability_v1,ola_sparse_bayesian_keep010_seed42,100,ola,global,,,layers.1.weight,db,43,-59.15980496901983,-58.11526501823148,-58.63753499362566,26,0.01944636007906591,0.1390625,1280
bayesfl_observability_v1,ola_sparse_bayesian_keep010_seed42,100,ola,global,,,layers.1.weight,db,44,-58.11526501823148,-57.070725067443135,-57.59299504283731,26,0.01944636007906591,0.159375,1280
bayesfl_observability_v1,ola_sparse_bayesian_keep010_seed42,100,ola,global,,,layers.1.weight,db,45,-57.070725067443135,-56.02618511665479,-56.54845509204896,28,0.02094223393130175,0.18125,1280
bayesfl_observability_v1,ola_sparse_bayesian_keep010_seed42,100,ola,global,,,layers.1.weight,db,46,-56.02618511665479,-54.98164516586644,-55.50391514126061,22,0.01645461237459423,0.1984375,1280
bayesfl_observability_v1,ola_sparse_bayesian_keep010_seed42,100,ola,global,,,layers.1.weight,db,47,-54.98164516586644,-53.93710521507809,-54.459375190472265,27,0.02019429700518383,0.21953125,1280
bayesfl_observability_v1,ola_sparse_bayesian_keep010_seed42,100,ola,global,,,layers.1.weight,db,48,-53.93710521507809,-52.892565264289736,-53.41483523968391,27,0.020194297005183694,0.240625,1280
bayesfl_observability_v1,ola_sparse_bayesian_keep010_seed42,100,ola,global,,,layers.1.weight,db,49,-52.892565264289736,-51.84802531350139,-52.37029528889556,33,0.024681918561891347,0.26640625,1280
bayesfl_observability_v1,ola_sparse_bayesian_keep010_seed42,100,ola,global,,,layers.1.weight,db,50,-51.84802531350139,-50.80348536271304,-51.325755338107214,36,0.026925729340245105,0.29453125,1280
bayesfl_observability_v1,ola_sparse_bayesian_keep010_seed42,100,ola,global,,,layers.1.weight,db,51,-50.80348536271304,-49.75894541192469,-50.281215387318866,46,0.0344050986014243,0.33046875,1280
bayesfl_observability_v1,ola_sparse_bayesian_keep010_seed42,100,ola,global,,,layers.1.weight,db,52,-49.75894541192469,-48.714405461136344,-49.23667543653052,52,0.03889272015813182,0.37109375,1280
bayesfl_observability_v1,ola_sparse_bayesian_keep010_seed42,100,ola,global,,,layers.1.weight,db,53,-48.714405461136344,-47.669865510348,-48.19213548574217,44,0.03290922474918846,0.40546875,1280
bayesfl_observability_v1,ola_sparse_bayesian_keep010_seed42,100,ola,global,,,layers.1.weight,db,54,-47.669865510348,-46.62532555955965,-47.14759553495382,59,0.04412827864095726,0.4515625,1280
bayesfl_observability_v1,ola_sparse_bayesian_keep010_seed42,100,ola,global,,,layers.1.weight,db,55,-46.62532555955965,-45.5807856087713,-46.103055584165475,68,0.05085971097601853,0.5046875,1280
bayesfl_observability_v1,ola_sparse_bayesian_keep010_seed42,100,ola,global,,,layers.1.weight,db,56,-45.5807856087713,-44.53624565798295,-45.05851563337713,68,0.05085971097601853,0.5578125,1280
bayesfl_observability_v1,ola_sparse_bayesian_keep010_seed42,100,ola,global,,,layers.1.weight,db,57,-44.53624565798295,-43.491705707194605,-44.01397568258878,64,0.047867963271546854,0.6078125,1280
bayesfl_observability_v1,ola_sparse_bayesian_keep010_seed42,100,ola,global,,,layers.1.weight,db,58,-43.491705707194605,-42.44716575640625,-42.96943573180043,59,0.04412827864095696,0.65390625,1280
bayesfl_observability_v1,ola_sparse_bayesian_keep010_seed42,100,ola,global,,,layers.1.weight,db,59,-42.44716575640625,-41.4026258056179,-41.924895781012076,77,0.05759114331107981,0.7140625,1280
bayesfl_observability_v1,ola_sparse_bayesian_keep010_seed42,100,ola,global,,,layers.1.weight,db,60,-41.4026258056179,-40.358085854829554,-40.88035583022373,57,0.04263240478872142,0.75859375,1280
bayesfl_observability_v1,ola_sparse_bayesian_keep010_seed42,100,ola,global,,,layers.1.weight,db,61,-40.358085854829554,-39.313545904041206,-39.83581587943538,49,0.036648909379778064,0.796875,1280
bayesfl_observability_v1,ola_sparse_bayesian_keep010_seed42,100,ola,global,,,layers.1.weight,db,62,-39.313545904041206,-38.26900595325286,-38.79127592864703,31,0.023186044709655507,0.82109375,1280
bayesfl_observability_v1,ola_sparse_bayesian_keep010_seed42,100,ola,global,,,layers.1.weight,db,63,-38.26900595325286,-37.22446600246451,-37.746735977858684,43,0.032161287823070546,0.8546875,1280
bayesfl_observability_v1,ola_sparse_bayesian_keep010_seed42,100,ola,global,,,layers.1.weight,db,64,-37.22446600246451,-36.17992605167616,-36.702196027070336,29,0.021690170857419668,0.87734375,1280
bayesfl_observability_v1,ola_sparse_bayesian_keep010_seed42,100,ola,global,,,layers.1.weight,db,65,-36.17992605167616,-35.135386100887814,-35.65765607628199,37,0.027673666266363025,0.90625,1280
bayesfl_observability_v1,ola_sparse_bayesian_keep010_seed42,100,ola,global,,,layers.1.weight,db,66,-35.135386100887814,-34.090846150099466,-34.61311612549364,22,0.01645461237459423,0.9234375,1280
bayesfl_observability_v1,ola_sparse_bayesian_keep010_seed42,100,ola,global,,,layers.1.weight,db,67,-34.090846150099466,-33.04630619931112,-33.56857617470529,26,0.01944636007906591,0.94375,1280
bayesfl_observability_v1,ola_sparse_bayesian_keep010_seed42,100,ola,global,,,layers.1.weight,db,68,-33.04630619931112,-32.00176624852277,-32.524036223916944,12,0.008975243113415035,0.953125,1280
bayesfl_observability_v1,ola_sparse_bayesian_keep010_seed42,100,ola,global,,,layers.1.weight,db,69,-32.00176624852277,-30.957226297734422,-31.479496273128596,13,0.009723180039532955,0.96328125,1280
bayesfl_observability_v1,ola_sparse_bayesian_keep010_seed42,100,ola,global,,,layers.1.weight,db,70,-30.957226297734422,-29.912686346946074,-30.43495632234025,11,0.008227306187297116,0.971875,1280
bayesfl_observability_v1,ola_sparse_bayesian_keep010_seed42,100,ola,global,,,layers.1.weight,db,71,-29.912686346946074,-28.868146396157726,-29.3904163715519,10,0.007479369261179196,0.9796875,1280
bayesfl_observability_v1,ola_sparse_bayesian_keep010_seed42,100,ola,global,,,layers.1.weight,db,72,-28.868146396157726,-27.82360644536938,-28.345876420763553,8,0.005983495408943357,0.9859375,1280
bayesfl_observability_v1,ola_sparse_bayesian_keep010_seed42,100,ola,global,,,layers.1.weight,db,73,-27.82360644536938,-26.77906649458103,-27.301336469975205,4,0.0029917477044716784,0.9890625,1280
bayesfl_observability_v1,ola_sparse_bayesian_keep010_seed42,100,ola,global,,,layers.1.weight,db,74,-26.77906649458103,-25.73452654379267,-26.25679651918685,2,0.001495873852235819,0.990625,1280
bayesfl_observability_v1,ola_sparse_bayesian_keep010_seed42,100,ola,global,,,layers.1.weight,db,75,-25.73452654379267,-24.68998659300432,-25.212256568398494,3,0.0022438107783537588,0.99296875,1280
bayesfl_observability_v1,ola_sparse_bayesian_keep010_seed42,100,ola,global,,,layers.1.weight,db,76,-24.68998659300432,-23.645446642215973,-24.167716617610147,6,0.0044876215567075176,0.99765625,1280
bayesfl_observability_v1,ola_sparse_bayesian_keep010_seed42,100,ola,global,,,layers.1.weight,db,77,-23.645446642215973,-22.600906691427625,-23.1231766668218,1,0.0007479369261179196,0.9984375,1280
bayesfl_observability_v1,ola_sparse_bayesian_keep010_seed42,100,ola,global,,,layers.1.weight,db,78,-22.600906691427625,-21.556366740639277,-22.07863671603345,1,0.0007479369261179196,0.99921875,1280
bayesfl_observability_v1,ola_sparse_bayesian_keep010_seed42,100,ola,global,,,layers.1.weight,db,79,-21.556366740639277,-20.511826789850932,-21.034096765245103,1,0.0007479369261179222,1.0,1280
bayesfl_observability_v1,ola_sparse_bayesian_keep010_seed42,100,ola,global,,,layers.1.bias,raw,0,0.00032601346201413756,0.00047614088933407286,0.0004010771756741052,1,666.1008037318247,0.1,10
bayesfl_observability_v1,ola_sparse_bayesian_keep010_seed42,100,ola,global,,,layers.1.bias,raw,1,0.00047614088933407286,0.0006262683166540082,0.0005512046029940406,0,0.0,0.1,10
bayesfl_observability_v1,ola_sparse_bayesian_keep010_seed42,100,ola,global,,,layers.1.bias,raw,2,0.0006262683166540082,0.0007763957439739435,0.0007013320303139758,1,666.1008037318247,0.2,10
bayesfl_observability_v1,ola_sparse_bayesian_keep010_seed42,100,ola,global,,,layers.1.bias,raw,3,0.0007763957439739435,0.0009265231712938788,0.0008514594576339112,1,666.1008037318247,0.3,10
bayesfl_observability_v1,ola_sparse_bayesian_keep010_seed42,100,ola,global,,,layers.1.bias,raw,4,0.0009265231712938788,0.001076650598613814,0.0010015868849538464,0,0.0,0.3,10
bayesfl_observability_v1,ola_sparse_bayesian_keep010_seed42,100,ola,global,,,layers.1.bias,raw,5,0.001076650598613814,0.0012267780259337495,0.0011517143122737818,2,1332.2016074636483,0.5,10
bayesfl_observability_v1,ola_sparse_bayesian_keep010_seed42,100,ola,global,,,layers.1.bias,raw,6,0.0012267780259337495,0.0013769054532536845,0.001301841739593717,1,666.1008037318261,0.6,10
bayesfl_observability_v1,ola_sparse_bayesian_keep010_seed42,100,ola,global,,,layers.1.bias,raw,7,0.0013769054532536845,0.0015270328805736199,0.0014519691669136522,0,0.0,0.6,10
bayesfl_observability_v1,ola_sparse_bayesian_keep010_seed42,100,ola,global,,,layers.1.bias,raw,8,0.0015270328805736199,0.0016771603078935553,0.0016020965942335876,0,0.0,0.6,10
bayesfl_observability_v1,ola_sparse_bayesian_keep010_seed42,100,ola,global,,,layers.1.bias,raw,9,0.0016771603078935553,0.0018272877352134907,0.001752224021553523,0,0.0,0.6,10
bayesfl_observability_v1,ola_sparse_bayesian_keep010_seed42,100,ola,global,,,layers.1.bias,raw,10,0.0018272877352134907,0.0019774151625334257,0.0019023514488734582,0,0.0,0.6,10
bayesfl_observability_v1,ola_sparse_bayesian_keep010_seed42,100,ola,global,,,layers.1.bias,raw,11,0.0019774151625334257,0.002127542589853361,0.0020524788761933934,0,0.0,0.6,10
bayesfl_observability_v1,ola_sparse_bayesian_keep010_seed42,100,ola,global,,,layers.1.bias,raw,12,0.002127542589853361,0.0022776700171732965,0.002202606303513329,0,0.0,0.6,10
bayesfl_observability_v1,ola_sparse_bayesian_keep010_seed42,100,ola,global,,,layers.1.bias,raw,13,0.0022776700171732965,0.0024277974444932315,0.0023527337308332638,0,0.0,0.6,10
bayesfl_observability_v1,ola_sparse_bayesian_keep010_seed42,100,ola,global,,,layers.1.bias,raw,14,0.0024277974444932315,0.002577924871813167,0.002502861158153199,0,0.0,0.6,10
bayesfl_observability_v1,ola_sparse_bayesian_keep010_seed42,100,ola,global,,,layers.1.bias,raw,15,0.002577924871813167,0.0027280522991331023,0.0026529885854731346,0,0.0,0.6,10
bayesfl_observability_v1,ola_sparse_bayesian_keep010_seed42,100,ola,global,,,layers.1.bias,raw,16,0.0027280522991331023,0.0028781797264530377,0.00280311601279307,0,0.0,0.6,10
bayesfl_observability_v1,ola_sparse_bayesian_keep010_seed42,100,ola,global,,,layers.1.bias,raw,17,0.0028781797264530377,0.003028307153772973,0.0029532434401130054,0,0.0,0.6,10
bayesfl_observability_v1,ola_sparse_bayesian_keep010_seed42,100,ola,global,,,layers.1.bias,raw,18,0.003028307153772973,0.003178434581092908,0.003103370867432941,0,0.0,0.6,10
bayesfl_observability_v1,ola_sparse_bayesian_keep010_seed42,100,ola,global,,,layers.1.bias,raw,19,0.003178434581092908,0.0033285620084128435,0.003253498294752876,0,0.0,0.6,10
bayesfl_observability_v1,ola_sparse_bayesian_keep010_seed42,100,ola,global,,,layers.1.bias,raw,20,0.0033285620084128435,0.003478689435732779,0.0034036257220728112,0,0.0,0.6,10
bayesfl_observability_v1,ola_sparse_bayesian_keep010_seed42,100,ola,global,,,layers.1.bias,raw,21,0.003478689435732779,0.003628816863052714,0.003553753149392746,0,0.0,0.6,10
bayesfl_observability_v1,ola_sparse_bayesian_keep010_seed42,100,ola,global,,,layers.1.bias,raw,22,0.003628816863052714,0.0037789442903726493,0.0037038805767126816,0,0.0,0.6,10
bayesfl_observability_v1,ola_sparse_bayesian_keep010_seed42,100,ola,global,,,layers.1.bias,raw,23,0.0037789442903726493,0.003929071717692585,0.003854008004032617,0,0.0,0.6,10
bayesfl_observability_v1,ola_sparse_bayesian_keep010_seed42,100,ola,global,,,layers.1.bias,raw,24,0.003929071717692585,0.004079199145012521,0.004004135431352553,0,0.0,0.6,10
bayesfl_observability_v1,ola_sparse_bayesian_keep010_seed42,100,ola,global,,,layers.1.bias,raw,25,0.004079199145012521,0.004229326572332456,0.004154262858672488,1,666.1008037318242,0.7,10
bayesfl_observability_v1,ola_sparse_bayesian_keep010_seed42,100,ola,global,,,layers.1.bias,raw,26,0.004229326572332456,0.004379453999652391,0.004304390285992424,0,0.0,0.7,10
bayesfl_observability_v1,ola_sparse_bayesian_keep010_seed42,100,ola,global,,,layers.1.bias,raw,27,0.004379453999652391,0.004529581426972326,0.004454517713312359,0,0.0,0.7,10
bayesfl_observability_v1,ola_sparse_bayesian_keep010_seed42,100,ola,global,,,layers.1.bias,raw,28,0.004529581426972326,0.004679708854292261,0.004604645140632293,1,666.1008037318242,0.8,10
bayesfl_observability_v1,ola_sparse_bayesian_keep010_seed42,100,ola,global,,,layers.1.bias,raw,29,0.004679708854292261,0.004829836281612197,0.0047547725679522295,0,0.0,0.8,10
bayesfl_observability_v1,ola_sparse_bayesian_keep010_seed42,100,ola,global,,,layers.1.bias,raw,30,0.004829836281612197,0.004979963708932132,0.004904899995272164,0,0.0,0.8,10
bayesfl_observability_v1,ola_sparse_bayesian_keep010_seed42,100,ola,global,,,layers.1.bias,raw,31,0.004979963708932132,0.005130091136252068,0.0050550274225921,0,0.0,0.8,10
bayesfl_observability_v1,ola_sparse_bayesian_keep010_seed42,100,ola,global,,,layers.1.bias,raw,32,0.005130091136252068,0.005280218563572003,0.005205154849912035,0,0.0,0.8,10
bayesfl_observability_v1,ola_sparse_bayesian_keep010_seed42,100,ola,global,,,layers.1.bias,raw,33,0.005280218563572003,0.005430345990891938,0.005355282277231971,0,0.0,0.8,10
bayesfl_observability_v1,ola_sparse_bayesian_keep010_seed42,100,ola,global,,,layers.1.bias,raw,34,0.005430345990891938,0.005580473418211874,0.005505409704551906,0,0.0,0.8,10
bayesfl_observability_v1,ola_sparse_bayesian_keep010_seed42,100,ola,global,,,layers.1.bias,raw,35,0.005580473418211874,0.005730600845531809,0.005655537131871842,0,0.0,0.8,10
bayesfl_observability_v1,ola_sparse_bayesian_keep010_seed42,100,ola,global,,,layers.1.bias,raw,36,0.005730600845531809,0.005880728272851744,0.0058056645591917765,0,0.0,0.8,10
bayesfl_observability_v1,ola_sparse_bayesian_keep010_seed42,100,ola,global,,,layers.1.bias,raw,37,0.005880728272851744,0.006030855700171679,0.005955791986511711,0,0.0,0.8,10
bayesfl_observability_v1,ola_sparse_bayesian_keep010_seed42,100,ola,global,,,layers.1.bias,raw,38,0.006030855700171679,0.006180983127491615,0.006105919413831647,0,0.0,0.8,10
bayesfl_observability_v1,ola_sparse_bayesian_keep010_seed42,100,ola,global,,,layers.1.bias,raw,39,0.006180983127491615,0.00633111055481155,0.006256046841151582,1,666.1008037318242,0.9,10
bayesfl_observability_v1,ola_sparse_bayesian_keep010_seed42,100,ola,global,,,layers.1.bias,raw,40,0.00633111055481155,0.0064812379821314854,0.006406174268471518,0,0.0,0.9,10
bayesfl_observability_v1,ola_sparse_bayesian_keep010_seed42,100,ola,global,,,layers.1.bias,raw,41,0.0064812379821314854,0.006631365409451421,0.006556301695791453,0,0.0,0.9,10
bayesfl_observability_v1,ola_sparse_bayesian_keep010_seed42,100,ola,global,,,layers.1.bias,raw,42,0.006631365409451421,0.006781492836771356,0.006706429123111389,0,0.0,0.9,10
bayesfl_observability_v1,ola_sparse_bayesian_keep010_seed42,100,ola,global,,,layers.1.bias,raw,43,0.006781492836771356,0.006931620264091291,0.0068565565504313235,0,0.0,0.9,10
bayesfl_observability_v1,ola_sparse_bayesian_keep010_seed42,100,ola,global,,,layers.1.bias,raw,44,0.006931620264091291,0.007081747691411226,0.007006683977751258,0,0.0,0.9,10
bayesfl_observability_v1,ola_sparse_bayesian_keep010_seed42,100,ola,global,,,layers.1.bias,raw,45,0.007081747691411226,0.007231875118731162,0.007156811405071194,0,0.0,0.9,10
bayesfl_observability_v1,ola_sparse_bayesian_keep010_seed42,100,ola,global,,,layers.1.bias,raw,46,0.007231875118731162,0.007382002546051097,0.007306938832391129,0,0.0,0.9,10
bayesfl_observability_v1,ola_sparse_bayesian_keep010_seed42,100,ola,global,,,layers.1.bias,raw,47,0.007382002546051097,0.0075321299733710325,0.007457066259711065,0,0.0,0.9,10
bayesfl_observability_v1,ola_sparse_bayesian_keep010_seed42,100,ola,global,,,layers.1.bias,raw,48,0.0075321299733710325,0.007682257400690968,0.007607193687031,0,0.0,0.9,10
bayesfl_observability_v1,ola_sparse_bayesian_keep010_seed42,100,ola,global,,,layers.1.bias,raw,49,0.007682257400690968,0.007832384828010902,0.007757321114350935,0,0.0,0.9,10
bayesfl_observability_v1,ola_sparse_bayesian_keep010_seed42,100,ola,global,,,layers.1.bias,raw,50,0.007832384828010902,0.007982512255330839,0.00790744854167087,0,0.0,0.9,10
bayesfl_observability_v1,ola_sparse_bayesian_keep010_seed42,100,ola,global,,,layers.1.bias,raw,51,0.007982512255330839,0.008132639682650773,0.008057575968990805,0,0.0,0.9,10
bayesfl_observability_v1,ola_sparse_bayesian_keep010_seed42,100,ola,global,,,layers.1.bias,raw,52,0.008132639682650773,0.008282767109970708,0.008207703396310741,0,0.0,0.9,10
bayesfl_observability_v1,ola_sparse_bayesian_keep010_seed42,100,ola,global,,,layers.1.bias,raw,53,0.008282767109970708,0.008432894537290644,0.008357830823630676,0,0.0,0.9,10
bayesfl_observability_v1,ola_sparse_bayesian_keep010_seed42,100,ola,global,,,layers.1.bias,raw,54,0.008432894537290644,0.008583021964610579,0.00850795825095061,0,0.0,0.9,10
bayesfl_observability_v1,ola_sparse_bayesian_keep010_seed42,100,ola,global,,,layers.1.bias,raw,55,0.008583021964610579,0.008733149391930513,0.008658085678270547,0,0.0,0.9,10
bayesfl_observability_v1,ola_sparse_bayesian_keep010_seed42,100,ola,global,,,layers.1.bias,raw,56,0.008733149391930513,0.00888327681925045,0.008808213105590481,0,0.0,0.9,10
bayesfl_observability_v1,ola_sparse_bayesian_keep010_seed42,100,ola,global,,,layers.1.bias,raw,57,0.00888327681925045,0.009033404246570384,0.008958340532910416,0,0.0,0.9,10
bayesfl_observability_v1,ola_sparse_bayesian_keep010_seed42,100,ola,global,,,layers.1.bias,raw,58,0.009033404246570384,0.00918353167389032,0.009108467960230352,0,0.0,0.9,10
bayesfl_observability_v1,ola_sparse_bayesian_keep010_seed42,100,ola,global,,,layers.1.bias,raw,59,0.00918353167389032,0.009333659101210255,0.009258595387550288,0,0.0,0.9,10
bayesfl_observability_v1,ola_sparse_bayesian_keep010_seed42,100,ola,global,,,layers.1.bias,raw,60,0.009333659101210255,0.009483786528530191,0.009408722814870223,0,0.0,0.9,10
bayesfl_observability_v1,ola_sparse_bayesian_keep010_seed42,100,ola,global,,,layers.1.bias,raw,61,0.009483786528530191,0.009633913955850126,0.009558850242190157,0,0.0,0.9,10
bayesfl_observability_v1,ola_sparse_bayesian_keep010_seed42,100,ola,global,,,layers.1.bias,raw,62,0.009633913955850126,0.009784041383170062,0.009708977669510094,0,0.0,0.9,10
bayesfl_observability_v1,ola_sparse_bayesian_keep010_seed42,100,ola,global,,,layers.1.bias,raw,63,0.009784041383170062,0.009934168810489996,0.00985910509683003,0,0.0,0.9,10
bayesfl_observability_v1,ola_sparse_bayesian_keep010_seed42,100,ola,global,,,layers.1.bias,raw,64,0.009934168810489996,0.010084296237809931,0.010009232524149963,0,0.0,0.9,10
bayesfl_observability_v1,ola_sparse_bayesian_keep010_seed42,100,ola,global,,,layers.1.bias,raw,65,0.010084296237809931,0.010234423665129867,0.0101593599514699,0,0.0,0.9,10
bayesfl_observability_v1,ola_sparse_bayesian_keep010_seed42,100,ola,global,,,layers.1.bias,raw,66,0.010234423665129867,0.010384551092449802,0.010309487378789835,0,0.0,0.9,10
bayesfl_observability_v1,ola_sparse_bayesian_keep010_seed42,100,ola,global,,,layers.1.bias,raw,67,0.010384551092449802,0.010534678519769738,0.01045961480610977,0,0.0,0.9,10
bayesfl_observability_v1,ola_sparse_bayesian_keep010_seed42,100,ola,global,,,layers.1.bias,raw,68,0.010534678519769738,0.010684805947089673,0.010609742233429705,0,0.0,0.9,10
bayesfl_observability_v1,ola_sparse_bayesian_keep010_seed42,100,ola,global,,,layers.1.bias,raw,69,0.010684805947089673,0.010834933374409609,0.01075986966074964,0,0.0,0.9,10
bayesfl_observability_v1,ola_sparse_bayesian_keep010_seed42,100,ola,global,,,layers.1.bias,raw,70,0.010834933374409609,0.010985060801729543,0.010909997088069577,0,0.0,0.9,10
bayesfl_observability_v1,ola_sparse_bayesian_keep010_seed42,100,ola,global,,,layers.1.bias,raw,71,0.010985060801729543,0.01113518822904948,0.011060124515389512,0,0.0,0.9,10
bayesfl_observability_v1,ola_sparse_bayesian_keep010_seed42,100,ola,global,,,layers.1.bias,raw,72,0.01113518822904948,0.011285315656369414,0.011210251942709446,0,0.0,0.9,10
bayesfl_observability_v1,ola_sparse_bayesian_keep010_seed42,100,ola,global,,,layers.1.bias,raw,73,0.011285315656369414,0.011435443083689349,0.011360379370029382,0,0.0,0.9,10
bayesfl_observability_v1,ola_sparse_bayesian_keep010_seed42,100,ola,global,,,layers.1.bias,raw,74,0.011435443083689349,0.011585570511009285,0.011510506797349317,0,0.0,0.9,10
bayesfl_observability_v1,ola_sparse_bayesian_keep010_seed42,100,ola,global,,,layers.1.bias,raw,75,0.011585570511009285,0.01173569793832922,0.011660634224669252,0,0.0,0.9,10
bayesfl_observability_v1,ola_sparse_bayesian_keep010_seed42,100,ola,global,,,layers.1.bias,raw,76,0.01173569793832922,0.011885825365649156,0.011810761651989188,0,0.0,0.9,10
bayesfl_observability_v1,ola_sparse_bayesian_keep010_seed42,100,ola,global,,,layers.1.bias,raw,77,0.011885825365649156,0.01203595279296909,0.011960889079309124,0,0.0,0.9,10
bayesfl_observability_v1,ola_sparse_bayesian_keep010_seed42,100,ola,global,,,layers.1.bias,raw,78,0.01203595279296909,0.012186080220289027,0.012111016506629059,0,0.0,0.9,10
bayesfl_observability_v1,ola_sparse_bayesian_keep010_seed42,100,ola,global,,,layers.1.bias,raw,79,0.012186080220289027,0.012336207647608961,0.012261143933948993,1,666.100803731828,1.0,10
bayesfl_observability_v1,ola_sparse_bayesian_keep010_seed42,100,ola,global,,,layers.1.bias,db,0,-69.73528929974421,-69.34080276574518,-69.53804603274469,1,0.25349407744358193,0.1,10
bayesfl_observability_v1,ola_sparse_bayesian_keep010_seed42,100,ola,global,,,layers.1.bias,db,1,-69.34080276574518,-68.94631623174614,-69.14355949874566,0,0.0,0.1,10
bayesfl_observability_v1,ola_sparse_bayesian_keep010_seed42,100,ola,global,,,layers.1.bias,db,2,-68.94631623174614,-68.55182969774711,-68.74907296474663,0,0.0,0.1,10
bayesfl_observability_v1,ola_sparse_bayesian_keep010_seed42,100,ola,global,,,layers.1.bias,db,3,-68.55182969774711,-68.15734316374807,-68.35458643074759,0,0.0,0.1,10
bayesfl_observability_v1,ola_sparse_bayesian_keep010_seed42,100,ola,global,,,layers.1.bias,db,4,-68.15734316374807,-67.76285662974904,-67.96009989674855,0,0.0,0.1,10
bayesfl_observability_v1,ola_sparse_bayesian_keep010_seed42,100,ola,global,,,layers.1.bias,db,5,-67.76285662974904,-67.36837009575,-67.56561336274952,0,0.0,0.1,10
bayesfl_observability_v1,ola_sparse_bayesian_keep010_seed42,100,ola,global,,,layers.1.bias,db,6,-67.36837009575,-66.97388356175097,-67.17112682875049,0,0.0,0.1,10
bayesfl_observability_v1,ola_sparse_bayesian_keep010_seed42,100,ola,global,,,layers.1.bias,db,7,-66.97388356175097,-66.57939702775192,-66.77664029475145,0,0.0,0.1,10
bayesfl_observability_v1,ola_sparse_bayesian_keep010_seed42,100,ola,global,,,layers.1.bias,db,8,-66.57939702775192,-66.1849104937529,-66.3821537607524,0,0.0,0.1,10
bayesfl_observability_v1,ola_sparse_bayesian_keep010_seed42,100,ola,global,,,layers.1.bias,db,9,-66.1849104937529,-65.79042395975387,-65.98766722675339,0,0.0,0.1,10
bayesfl_observability_v1,ola_sparse_bayesian_keep010_seed42,100,ola,global,,,layers.1.bias,db,10,-65.79042395975387,-65.39593742575482,-65.59318069275434,0,0.0,0.1,10
bayesfl_observability_v1,ola_sparse_bayesian_keep010_seed42,100,ola,global,,,layers.1.bias,db,11,-65.39593742575482,-65.0014508917558,-65.1986941587553,0,0.0,0.1,10
bayesfl_observability_v1,ola_sparse_bayesian_keep010_seed42,100,ola,global,,,layers.1.bias,db,12,-65.0014508917558,-64.60696435775675,-64.80420762475627,0,0.0,0.1,10
bayesfl_observability_v1,ola_sparse_bayesian_keep010_seed42,100,ola,global,,,layers.1.bias,db,13,-64.60696435775675,-64.21247782375772,-64.40972109075724,0,0.0,0.1,10
bayesfl_observability_v1,ola_sparse_bayesian_keep010_seed42,100,ola,global,,,layers.1.bias,db,14,-64.21247782375772,-63.81799128975869,-64.0152345567582,0,0.0,0.1,10
bayesfl_observability_v1,ola_sparse_bayesian_keep010_seed42,100,ola,global,,,layers.1.bias,db,15,-63.81799128975869,-63.42350475575965,-63.62074802275917,0,0.0,0.1,10
bayesfl_observability_v1,ola_sparse_bayesian_keep010_seed42,100,ola,global,,,layers.1.bias,db,16,-63.42350475575965,-63.029018221760616,-63.22626148876013,1,0.2534940774435774,0.2,10
bayesfl_observability_v1,ola_sparse_bayesian_keep010_seed42,100,ola,global,,,layers.1.bias,db,17,-63.029018221760616,-62.63453168776158,-62.8317749547611,0,0.0,0.2,10
bayesfl_observability_v1,ola_sparse_bayesian_keep010_seed42,100,ola,global,,,layers.1.bias,db,18,-62.63453168776158,-62.240045153762544,-62.43728842076206,0,0.0,0.2,10
bayesfl_observability_v1,ola_sparse_bayesian_keep010_seed42,100,ola,global,,,layers.1.bias,db,19,-62.240045153762544,-61.84555861976351,-62.04280188676303,0,0.0,0.2,10
bayesfl_observability_v1,ola_sparse_bayesian_keep010_seed42,100,ola,global,,,layers.1.bias,db,20,-61.84555861976351,-61.45107208576447,-61.64831535276399,1,0.2534940774435774,0.3,10
bayesfl_observability_v1,ola_sparse_bayesian_keep010_seed42,100,ola,global,,,layers.1.bias,db,21,-61.45107208576447,-61.05658555176544,-61.25382881876496,0,0.0,0.3,10
bayesfl_observability_v1,ola_sparse_bayesian_keep010_seed42,100,ola,global,,,layers.1.bias,db,22,-61.05658555176544,-60.66209901776641,-60.85934228476592,0,0.0,0.3,10
bayesfl_observability_v1,ola_sparse_bayesian_keep010_seed42,100,ola,global,,,layers.1.bias,db,23,-60.66209901776641,-60.267612483767365,-60.46485575076689,0,0.0,0.3,10
bayesfl_observability_v1,ola_sparse_bayesian_keep010_seed42,100,ola,global,,,layers.1.bias,db,24,-60.267612483767365,-59.87312594976834,-60.07036921676785,0,0.0,0.3,10
bayesfl_observability_v1,ola_sparse_bayesian_keep010_seed42,100,ola,global,,,layers.1.bias,db,25,-59.87312594976834,-59.4786394157693,-59.675882682768815,0,0.0,0.3,10
bayesfl_observability_v1,ola_sparse_bayesian_keep010_seed42,100,ola,global,,,layers.1.bias,db,26,-59.4786394157693,-59.084152881770265,-59.28139614876979,0,0.0,0.3,10
bayesfl_observability_v1,ola_sparse_bayesian_keep010_seed42,100,ola,global,,,layers.1.bias,db,27,-59.084152881770265,-58.68966634777123,-58.886909614770744,0,0.0,0.3,10
bayesfl_observability_v1,ola_sparse_bayesian_keep010_seed42,100,ola,global,,,layers.1.bias,db,28,-58.68966634777123,-58.295179813772194,-58.492423080771715,2,0.5069881548871548,0.5,10
bayesfl_observability_v1,ola_sparse_bayesian_keep010_seed42,100,ola,global,,,layers.1.bias,db,29,-58.295179813772194,-57.90069327977316,-58.09793654677267,1,0.2534940774435774,0.6,10
bayesfl_observability_v1,ola_sparse_bayesian_keep010_seed42,100,ola,global,,,layers.1.bias,db,30,-57.90069327977316,-57.50620674577412,-57.703450012773644,0,0.0,0.6,10
bayesfl_observability_v1,ola_sparse_bayesian_keep010_seed42,100,ola,global,,,layers.1.bias,db,31,-57.50620674577412,-57.11172021177509,-57.30896347877461,0,0.0,0.6,10
bayesfl_observability_v1,ola_sparse_bayesian_keep010_seed42,100,ola,global,,,layers.1.bias,db,32,-57.11172021177509,-56.71723367777605,-56.91447694477557,0,0.0,0.6,10
bayesfl_observability_v1,ola_sparse_bayesian_keep010_seed42,100,ola,global,,,layers.1.bias,db,33,-56.71723367777605,-56.32274714377702,-56.519990410776536,0,0.0,0.6,10
bayesfl_observability_v1,ola_sparse_bayesian_keep010_seed42,100,ola,global,,,layers.1.bias,db,34,-56.32274714377702,-55.928260609777986,-56.1255038767775,0,0.0,0.6,10
bayesfl_observability_v1,ola_sparse_bayesian_keep010_seed42,100,ola,global,,,layers.1.bias,db,35,-55.928260609777986,-55.53377407577895,-55.73101734277847,0,0.0,0.6,10
bayesfl_observability_v1,ola_sparse_bayesian_keep010_seed42,100,ola,global,,,layers.1.bias,db,36,-55.53377407577895,-55.139287541779915,-55.33653080877943,0,0.0,0.6,10
bayesfl_observability_v1,ola_sparse_bayesian_keep010_seed42,100,ola,global,,,layers.1.bias,db,37,-55.139287541779915,-54.74480100778088,-54.9420442747804,0,0.0,0.6,10
bayesfl_observability_v1,ola_sparse_bayesian_keep010_seed42,100,ola,global,,,layers.1.bias,db,38,-54.74480100778088,-54.35031447378184,-54.54755774078136,0,0.0,0.6,10
bayesfl_observability_v1,ola_sparse_bayesian_keep010_seed42,100,ola,global,,,layers.1.bias,db,39,-54.35031447378184,-53.95582793978281,-54.15307120678233,0,0.0,0.6,10
bayesfl_observability_v1,ola_sparse_bayesian_keep010_seed42,100,ola,global,,,layers.1.bias,db,40,-53.95582793978281,-53.56134140578378,-53.75858467278329,0,0.0,0.6,10
bayesfl_observability_v1,ola_sparse_bayesian_keep010_seed42,100,ola,global,,,layers.1.bias,db,41,-53.56134140578378,-53.166854871784736,-53.36409813878426,0,0.0,0.6,10
bayesfl_observability_v1,ola_sparse_bayesian_keep010_seed42,100,ola,global,,,layers.1.bias,db,42,-53.166854871784736,-52.77236833778571,-52.96961160478522,0,0.0,0.6,10
bayesfl_observability_v1,ola_sparse_bayesian_keep010_seed42,100,ola,global,,,layers.1.bias,db,43,-52.77236833778571,-52.37788180378667,-52.575125070786186,0,0.0,0.6,10
bayesfl_observability_v1,ola_sparse_bayesian_keep010_seed42,100,ola,global,,,layers.1.bias,db,44,-52.37788180378667,-51.983395269787636,-52.18063853678716,0,0.0,0.6,10
bayesfl_observability_v1,ola_sparse_bayesian_keep010_seed42,100,ola,global,,,layers.1.bias,db,45,-51.983395269787636,-51.5889087357886,-51.786152002788114,0,0.0,0.6,10
bayesfl_observability_v1,ola_sparse_bayesian_keep010_seed42,100,ola,global,,,layers.1.bias,db,46,-51.5889087357886,-51.194422201789564,-51.391665468789085,0,0.0,0.6,10
bayesfl_observability_v1,ola_sparse_bayesian_keep010_seed42,100,ola,global,,,layers.1.bias,db,47,-51.194422201789564,-50.79993566779053,-50.99717893479004,0,0.0,0.6,10
bayesfl_observability_v1,ola_sparse_bayesian_keep010_seed42,100,ola,global,,,layers.1.bias,db,48,-50.79993566779053,-50.40544913379149,-50.602692400791014,0,0.0,0.6,10
bayesfl_observability_v1,ola_sparse_bayesian_keep010_seed42,100,ola,global,,,layers.1.bias,db,49,-50.40544913379149,-50.010962599792464,-50.20820586679198,0,0.0,0.6,10
bayesfl_observability_v1,ola_sparse_bayesian_keep010_seed42,100,ola,global,,,layers.1.bias,db,50,-50.010962599792464,-49.61647606579342,-49.81371933279294,0,0.0,0.6,10
bayesfl_observability_v1,ola_sparse_bayesian_keep010_seed42,100,ola,global,,,layers.1.bias,db,51,-49.61647606579342,-49.22198953179439,-49.41923279879391,0,0.0,0.6,10
bayesfl_observability_v1,ola_sparse_bayesian_keep010_seed42,100,ola,global,,,layers.1.bias,db,52,-49.22198953179439,-48.82750299779536,-49.02474626479487,0,0.0,0.6,10
bayesfl_observability_v1,ola_sparse_bayesian_keep010_seed42,100,ola,global,,,layers.1.bias,db,53,-48.82750299779536,-48.43301646379632,-48.63025973079584,0,0.0,0.6,10
bayesfl_observability_v1,ola_sparse_bayesian_keep010_seed42,100,ola,global,,,layers.1.bias,db,54,-48.43301646379632,-48.038529929797285,-48.2357731967968,0,0.0,0.6,10
bayesfl_observability_v1,ola_sparse_bayesian_keep010_seed42,100,ola,global,,,layers.1.bias,db,55,-48.038529929797285,-47.64404339579825,-47.84128666279777,0,0.0,0.6,10
bayesfl_observability_v1,ola_sparse_bayesian_keep010_seed42,100,ola,global,,,layers.1.bias,db,56,-47.64404339579825,-47.24955686179921,-47.44680012879873,1,0.2534940774435774,0.7,10
bayesfl_observability_v1,ola_sparse_bayesian_keep010_seed42,100,ola,global,,,layers.1.bias,db,57,-47.24955686179921,-46.85507032780018,-47.0523135947997,0,0.0,0.7,10
bayesfl_observability_v1,ola_sparse_bayesian_keep010_seed42,100,ola,global,,,layers.1.bias,db,58,-46.85507032780018,-46.46058379380115,-46.65782706080066,1,0.25349407744358193,0.8,10
bayesfl_observability_v1,ola_sparse_bayesian_keep010_seed42,100,ola,global,,,layers.1.bias,db,59,-46.46058379380115,-46.066097259802106,-46.26334052680163,0,0.0,0.8,10
bayesfl_observability_v1,ola_sparse_bayesian_keep010_seed42,100,ola,global,,,layers.1.bias,db,60,-46.066097259802106,-45.67161072580308,-45.86885399280259,0,0.0,0.8,10
bayesfl_observability_v1,ola_sparse_bayesian_keep010_seed42,100,ola,global,,,layers.1.bias,db,61,-45.67161072580308,-45.27712419180404,-45.474367458803556,0,0.0,0.8,10
bayesfl_observability_v1,ola_sparse_bayesian_keep010_seed42,100,ola,global,,,layers.1.bias,db,62,-45.27712419180404,-44.882637657805006,-45.07988092480453,0,0.0,0.8,10
bayesfl_observability_v1,ola_sparse_bayesian_keep010_seed42,100,ola,global,,,layers.1.bias,db,63,-44.882637657805006,-44.48815112380597,-44.685394390805484,0,0.0,0.8,10
bayesfl_observability_v1,ola_sparse_bayesian_keep010_seed42,100,ola,global,,,layers.1.bias,db,64,-44.48815112380597,-44.093664589806934,-44.290907856806456,0,0.0,0.8,10
bayesfl_observability_v1,ola_sparse_bayesian_keep010_seed42,100,ola,global,,,layers.1.bias,db,65,-44.093664589806934,-43.6991780558079,-43.89642132280741,1,0.2534940774435774,0.9,10
bayesfl_observability_v1,ola_sparse_bayesian_keep010_seed42,100,ola,global,,,layers.1.bias,db,66,-43.6991780558079,-43.30469152180886,-43.501934788808384,0,0.0,0.9,10
bayesfl_observability_v1,ola_sparse_bayesian_keep010_seed42,100,ola,global,,,layers.1.bias,db,67,-43.30469152180886,-42.910204987809834,-43.10744825480935,0,0.0,0.9,10
bayesfl_observability_v1,ola_sparse_bayesian_keep010_seed42,100,ola,global,,,layers.1.bias,db,68,-42.910204987809834,-42.51571845381079,-42.71296172081031,0,0.0,0.9,10
bayesfl_observability_v1,ola_sparse_bayesian_keep010_seed42,100,ola,global,,,layers.1.bias,db,69,-42.51571845381079,-42.12123191981176,-42.31847518681128,0,0.0,0.9,10
bayesfl_observability_v1,ola_sparse_bayesian_keep010_seed42,100,ola,global,,,layers.1.bias,db,70,-42.12123191981176,-41.72674538581273,-41.92398865281224,0,0.0,0.9,10
bayesfl_observability_v1,ola_sparse_bayesian_keep010_seed42,100,ola,global,,,layers.1.bias,db,71,-41.72674538581273,-41.33225885181369,-41.52950211881321,0,0.0,0.9,10
bayesfl_observability_v1,ola_sparse_bayesian_keep010_seed42,100,ola,global,,,layers.1.bias,db,72,-41.33225885181369,-40.937772317814655,-41.13501558481417,0,0.0,0.9,10
bayesfl_observability_v1,ola_sparse_bayesian_keep010_seed42,100,ola,global,,,layers.1.bias,db,73,-40.937772317814655,-40.54328578381562,-40.74052905081514,0,0.0,0.9,10
bayesfl_observability_v1,ola_sparse_bayesian_keep010_seed42,100,ola,global,,,layers.1.bias,db,74,-40.54328578381562,-40.148799249816584,-40.3460425168161,0,0.0,0.9,10
bayesfl_observability_v1,ola_sparse_bayesian_keep010_seed42,100,ola,global,,,layers.1.bias,db,75,-40.148799249816584,-39.75431271581755,-39.95155598281707,0,0.0,0.9,10
bayesfl_observability_v1,ola_sparse_bayesian_keep010_seed42,100,ola,global,,,layers.1.bias,db,76,-39.75431271581755,-39.35982618181852,-39.557069448818034,0,0.0,0.9,10
bayesfl_observability_v1,ola_sparse_bayesian_keep010_seed42,100,ola,global,,,layers.1.bias,db,77,-39.35982618181852,-38.96533964781948,-39.162582914819,0,0.0,0.9,10
bayesfl_observability_v1,ola_sparse_bayesian_keep010_seed42,100,ola,global,,,layers.1.bias,db,78,-38.96533964781948,-38.57085311382045,-38.76809638081996,0,0.0,0.9,10
bayesfl_observability_v1,ola_sparse_bayesian_keep010_seed42,100,ola,global,,,layers.1.bias,db,79,-38.57085311382045,-38.17636657982141,-38.373609846820926,1,0.2534940774435774,1.0,10
bayesfl_observability_v1,ola_sparse_bayesian_keep010_seed42,105,ola,global,,,all,raw,0,8.400099206327818e-09,0.0011833886799419353,0.0005916985400205708,79380,659.1237978518737,0.7799941043529527,101770
bayesfl_observability_v1,ola_sparse_bayesian_keep010_seed42,105,ola,global,,,all,raw,1,0.0011833886799419353,0.0023667689597846645,0.0017750788198633,18737,155.5807835771045,0.9641053355605778,101770
bayesfl_observability_v1,ola_sparse_bayesian_keep010_seed42,105,ola,global,,,all,raw,2,0.0023667689597846645,0.0035501492396273933,0.002958459099706029,2655,22.04552385105474,0.9901935737447185,101770
bayesfl_observability_v1,ola_sparse_bayesian_keep010_seed42,105,ola,global,,,all,raw,3,0.0035501492396273933,0.0047335295194701225,0.004141839379548758,275,2.2834346738380606,0.9928957453080476,101770
bayesfl_observability_v1,ola_sparse_bayesian_keep010_seed42,105,ola,global,,,all,raw,4,0.0047335295194701225,0.005916909799312852,0.005325219659391487,146,1.2122962268376614,0.994330352756215,101770
bayesfl_observability_v1,ola_sparse_bayesian_keep010_seed42,105,ola,global,,,all,raw,5,0.005916909799312852,0.00710029007915558,0.006508599939234216,84,0.6974855003723536,0.9951557433428319,101770
bayesfl_observability_v1,ola_sparse_bayesian_keep010_seed42,105,ola,global,,,all,raw,6,0.00710029007915558,0.00828367035899831,0.007691980219076945,83,0.689182101558396,0.9959713078510366,101770
bayesfl_observability_v1,ola_sparse_bayesian_keep010_seed42,105,ola,global,,,all,raw,7,0.00828367035899831,0.009467050638841039,0.008875360498919675,72,0.5978447146048745,0.9966787854967083,101770
bayesfl_observability_v1,ola_sparse_bayesian_keep010_seed42,105,ola,global,,,all,raw,8,0.009467050638841039,0.010650430918683767,0.010058740778762402,44,0.36534954781408996,0.997111132946841,101770
bayesfl_observability_v1,ola_sparse_bayesian_keep010_seed42,105,ola,global,,,all,raw,9,0.010650430918683767,0.011833811198526497,0.011242121058605132,42,0.3487427501861763,0.9975238282401494,101770
bayesfl_observability_v1,ola_sparse_bayesian_keep010_seed42,105,ola,global,,,all,raw,10,0.011833811198526497,0.013017191478369225,0.012425501338447862,28,0.23249516679078452,0.9977989584356883,101770
bayesfl_observability_v1,ola_sparse_bayesian_keep010_seed42,105,ola,global,,,all,raw,11,0.013017191478369225,0.014200571758211954,0.013608881618290589,35,0.2906189584884807,0.998142871180112,101770
bayesfl_observability_v1,ola_sparse_bayesian_keep010_seed42,105,ola,global,,,all,raw,12,0.014200571758211954,0.015383952038054684,0.014792261898133319,17,0.14115777983726183,0.9983099145131178,101770
bayesfl_observability_v1,ola_sparse_bayesian_keep010_seed42,105,ola,global,,,all,raw,13,0.015383952038054684,0.016567332317897414,0.01597564217797605,24,0.19928157153495787,0.9985457403950083,101770
bayesfl_observability_v1,ola_sparse_bayesian_keep010_seed42,105,ola,global,,,all,raw,14,0.016567332317897414,0.01775071259774014,0.01715902245781878,26,0.21588836916287168,0.998801218433723,101770
bayesfl_observability_v1,ola_sparse_bayesian_keep010_seed42,105,ola,global,,,all,raw,15,0.01775071259774014,0.01893409287758287,0.018342402737661506,13,0.10794418458143552,0.9989289574530805,101770
bayesfl_observability_v1,ola_sparse_bayesian_keep010_seed42,105,ola,global,,,all,raw,16,0.01893409287758287,0.0201174731574256,0.019525783017504236,17,0.14115777983726183,0.9990960007860863,101770
bayesfl_observability_v1,ola_sparse_bayesian_keep010_seed42,105,ola,global,,,all,raw,17,0.0201174731574256,0.021300853437268327,0.020709163297346962,10,0.08303398813956603,0.9991942615702073,101770
bayesfl_observability_v1,ola_sparse_bayesian_keep010_seed42,105,ola,global,,,all,raw,18,0.021300853437268327,0.022484233717111057,0.021892543577189692,3,0.024910196441869734,0.9992237398054437,101770
bayesfl_observability_v1,ola_sparse_bayesian_keep010_seed42,105,ola,global,,,all,raw,19,0.022484233717111057,0.023667613996953787,0.023075923857032422,6,0.04982039288373947,0.9992826962759163,101770
bayesfl_observability_v1,ola_sparse_bayesian_keep010_seed42,105,ola,global,,,all,raw,20,0.023667613996953787,0.024850994276796514,0.024259304136875152,7,0.05812379169769622,0.999351478824801,101770
bayesfl_observability_v1,ola_sparse_bayesian_keep010_seed42,105,ola,global,,,all,raw,21,0.024850994276796514,0.026034374556639244,0.02544268441671788,5,0.04151699406978289,0.9994006092168616,101770
bayesfl_observability_v1,ola_sparse_bayesian_keep010_seed42,105,ola,global,,,all,raw,22,0.026034374556639244,0.027217754836481974,0.02662606469656061,8,0.06642719051165263,0.9994792178441584,101770
bayesfl_observability_v1,ola_sparse_bayesian_keep010_seed42,105,ola,global,,,all,raw,23,0.027217754836481974,0.0284011351163247,0.027809444976403336,6,0.04982039288373962,0.999538174314631,101770
bayesfl_observability_v1,ola_sparse_bayesian_keep010_seed42,105,ola,global,,,all,raw,24,0.0284011351163247,0.02958451539616743,0.028992825256246066,3,0.024910196441869734,0.9995676525498673,101770
bayesfl_observability_v1,ola_sparse_bayesian_keep010_seed42,105,ola,global,,,all,raw,25,0.02958451539616743,0.03076789567601016,0.030176205536088796,6,0.04982039288373947,0.99962660902034,101770
bayesfl_observability_v1,ola_sparse_bayesian_keep010_seed42,105,ola,global,,,all,raw,26,0.03076789567601016,0.03195127595585289,0.031359585815931526,2,0.01660679762791316,0.9996462611771642,101770
bayesfl_observability_v1,ola_sparse_bayesian_keep010_seed42,105,ola,global,,,all,raw,27,0.03195127595585289,0.03313465623569562,0.032542966095774256,1,0.00830339881395658,0.9996560872555763,101770
bayesfl_observability_v1,ola_sparse_bayesian_keep010_seed42,105,ola,global,,,all,raw,28,0.03313465623569562,0.034318036515538344,0.033726346375616986,1,0.008303398813956626,0.9996659133339884,101770
bayesfl_observability_v1,ola_sparse_bayesian_keep010_seed42,105,ola,global,,,all,raw,29,0.034318036515538344,0.035501416795381074,0.03490972665545971,1,0.00830339881395658,0.9996757394124005,101770
bayesfl_observability_v1,ola_sparse_bayesian_keep010_seed42,105,ola,global,,,all,raw,30,0.035501416795381074,0.036684797075223805,0.03609310693530244,4,0.03321359525582632,0.9997150437260489,101770
bayesfl_observability_v1,ola_sparse_bayesian_keep010_seed42,105,ola,global,,,all,raw,31,0.036684797075223805,0.037868177355066535,0.03727648721514517,3,0.024910196441869734,0.9997445219612853,101770
bayesfl_observability_v1,ola_sparse_bayesian_keep010_seed42,105,ola,global,,,all,raw,32,0.037868177355066535,0.039051557634909265,0.0384598674949879,5,0.04151699406978289,0.9997936523533458,101770
bayesfl_observability_v1,ola_sparse_bayesian_keep010_seed42,105,ola,global,,,all,raw,33,0.039051557634909265,0.040234937914751995,0.03964324777483063,2,0.01660679762791316,0.99981330451017,101770
bayesfl_observability_v1,ola_sparse_bayesian_keep010_seed42,105,ola,global,,,all,raw,34,0.040234937914751995,0.041418318194594725,0.04082662805467336,3,0.024910196441869734,0.9998427827454063,101770
bayesfl_observability_v1,ola_sparse_bayesian_keep010_seed42,105,ola,global,,,all,raw,35,0.041418318194594725,0.04260169847443745,0.04201000833451608,0,0.0,0.9998427827454063,101770
bayesfl_observability_v1,ola_sparse_bayesian_keep010_seed42,105,ola,global,,,all,raw,36,0.04260169847443745,0.04378507875428018,0.04319338861435881,1,0.00830339881395658,0.9998526088238184,101770
bayesfl_observability_v1,ola_sparse_bayesian_keep010_seed42,105,ola,global,,,all,raw,37,0.04378507875428018,0.04496845903412291,0.04437676889420154,1,0.00830339881395658,0.9998624349022305,101770
bayesfl_observability_v1,ola_sparse_bayesian_keep010_seed42,105,ola,global,,,all,raw,38,0.04496845903412291,0.04615183931396564,0.04556014917404427,1,0.00830339881395658,0.9998722609806426,101770
bayesfl_observability_v1,ola_sparse_bayesian_keep010_seed42,105,ola,global,,,all,raw,39,0.04615183931396564,0.04733521959380837,0.046743529453887,0,0.0,0.9998722609806426,101770
bayesfl_observability_v1,ola_sparse_bayesian_keep010_seed42,105,ola,global,,,all,raw,40,0.04733521959380837,0.0485185998736511,0.04792690973372973,0,0.0,0.9998722609806426,101770
bayesfl_observability_v1,ola_sparse_bayesian_keep010_seed42,105,ola,global,,,all,raw,41,0.0485185998736511,0.04970198015349382,0.049110290013572463,0,0.0,0.9998722609806426,101770
bayesfl_observability_v1,ola_sparse_bayesian_keep010_seed42,105,ola,global,,,all,raw,42,0.04970198015349382,0.05088536043333655,0.05029367029341519,0,0.0,0.9998722609806426,101770
bayesfl_observability_v1,ola_sparse_bayesian_keep010_seed42,105,ola,global,,,all,raw,43,0.05088536043333655,0.05206874071317928,0.05147705057325792,1,0.00830339881395658,0.9998820870590547,101770
bayesfl_observability_v1,ola_sparse_bayesian_keep010_seed42,105,ola,global,,,all,raw,44,0.05206874071317928,0.05325212099302201,0.05266043085310065,0,0.0,0.9998820870590547,101770
bayesfl_observability_v1,ola_sparse_bayesian_keep010_seed42,105,ola,global,,,all,raw,45,0.05325212099302201,0.05443550127286474,0.05384381113294338,0,0.0,0.9998820870590547,101770
bayesfl_observability_v1,ola_sparse_bayesian_keep010_seed42,105,ola,global,,,all,raw,46,0.05443550127286474,0.05561888155270747,0.05502719141278611,0,0.0,0.9998820870590547,101770
bayesfl_observability_v1,ola_sparse_bayesian_keep010_seed42,105,ola,global,,,all,raw,47,0.05561888155270747,0.056802261832550195,0.05621057169262883,3,0.02491019644186988,0.999911565294291,101770
bayesfl_observability_v1,ola_sparse_bayesian_keep010_seed42,105,ola,global,,,all,raw,48,0.056802261832550195,0.057985642112392925,0.05739395197247156,0,0.0,0.999911565294291,101770
bayesfl_observability_v1,ola_sparse_bayesian_keep010_seed42,105,ola,global,,,all,raw,49,0.057985642112392925,0.059169022392235655,0.05857733225231429,3,0.024910196441869734,0.9999410435295274,101770
bayesfl_observability_v1,ola_sparse_bayesian_keep010_seed42,105,ola,global,,,all,raw,50,0.059169022392235655,0.060352402672078385,0.05976071253215702,0,0.0,0.9999410435295274,101770
bayesfl_observability_v1,ola_sparse_bayesian_keep010_seed42,105,ola,global,,,all,raw,51,0.060352402672078385,0.061535782951921116,0.06094409281199975,0,0.0,0.9999410435295274,101770
bayesfl_observability_v1,ola_sparse_bayesian_keep010_seed42,105,ola,global,,,all,raw,52,0.061535782951921116,0.06271916323176384,0.06212747309184248,1,0.008303398813956626,0.9999508696079394,101770
bayesfl_observability_v1,ola_sparse_bayesian_keep010_seed42,105,ola,global,,,all,raw,53,0.06271916323176384,0.06390254351160657,0.06331085337168521,1,0.00830339881395658,0.9999606956863516,101770
bayesfl_observability_v1,ola_sparse_bayesian_keep010_seed42,105,ola,global,,,all,raw,54,0.06390254351160657,0.0650859237914493,0.06449423365152793,0,0.0,0.9999606956863516,101770
bayesfl_observability_v1,ola_sparse_bayesian_keep010_seed42,105,ola,global,,,all,raw,55,0.0650859237914493,0.06626930407129203,0.06567761393137067,0,0.0,0.9999606956863516,101770
bayesfl_observability_v1,ola_sparse_bayesian_keep010_seed42,105,ola,global,,,all,raw,56,0.06626930407129203,0.06745268435113476,0.06686099421121339,0,0.0,0.9999606956863516,101770
bayesfl_observability_v1,ola_sparse_bayesian_keep010_seed42,105,ola,global,,,all,raw,57,0.06745268435113476,0.06863606463097748,0.06804437449105612,2,0.01660679762791335,0.9999803478431758,101770
bayesfl_observability_v1,ola_sparse_bayesian_keep010_seed42,105,ola,global,,,all,raw,58,0.06863606463097748,0.0698194449108202,0.06922775477089885,0,0.0,0.9999803478431758,101770
bayesfl_observability_v1,ola_sparse_bayesian_keep010_seed42,105,ola,global,,,all,raw,59,0.0698194449108202,0.07100282519066294,0.07041113505074156,0,0.0,0.9999803478431758,101770
bayesfl_observability_v1,ola_sparse_bayesian_keep010_seed42,105,ola,global,,,all,raw,60,0.07100282519066294,0.07218620547050567,0.07159451533058431,0,0.0,0.9999803478431758,101770
bayesfl_observability_v1,ola_sparse_bayesian_keep010_seed42,105,ola,global,,,all,raw,61,0.07218620547050567,0.0733695857503484,0.07277789561042702,0,0.0,0.9999803478431758,101770
bayesfl_observability_v1,ola_sparse_bayesian_keep010_seed42,105,ola,global,,,all,raw,62,0.0733695857503484,0.07455296603019113,0.07396127589026977,1,0.00830339881395658,0.9999901739215878,101770
bayesfl_observability_v1,ola_sparse_bayesian_keep010_seed42,105,ola,global,,,all,raw,63,0.07455296603019113,0.07573634631003386,0.07514465617011248,0,0.0,0.9999901739215878,101770
bayesfl_observability_v1,ola_sparse_bayesian_keep010_seed42,105,ola,global,,,all,raw,64,0.07573634631003386,0.07691972658987659,0.07632803644995523,0,0.0,0.9999901739215878,101770
bayesfl_observability_v1,ola_sparse_bayesian_keep010_seed42,105,ola,global,,,all,raw,65,0.07691972658987659,0.07810310686971932,0.07751141672979794,0,0.0,0.9999901739215878,101770
bayesfl_observability_v1,ola_sparse_bayesian_keep010_seed42,105,ola,global,,,all,raw,66,0.07810310686971932,0.07928648714956205,0.07869479700964069,0,0.0,0.9999901739215878,101770
bayesfl_observability_v1,ola_sparse_bayesian_keep010_seed42,105,ola,global,,,all,raw,67,0.07928648714956205,0.08046986742940478,0.0798781772894834,0,0.0,0.9999901739215878,101770
bayesfl_observability_v1,ola_sparse_bayesian_keep010_seed42,105,ola,global,,,all,raw,68,0.08046986742940478,0.0816532477092475,0.08106155756932615,0,0.0,0.9999901739215878,101770
bayesfl_observability_v1,ola_sparse_bayesian_keep010_seed42,105,ola,global,,,all,raw,69,0.0816532477092475,0.08283662798909024,0.08224493784916886,0,0.0,0.9999901739215878,101770
bayesfl_observability_v1,ola_sparse_bayesian_keep010_seed42,105,ola,global,,,all,raw,70,0.08283662798909024,0.08402000826893295,0.0834283181290116,0,0.0,0.9999901739215878,101770
bayesfl_observability_v1,ola_sparse_bayesian_keep010_seed42,105,ola,global,,,all,raw,71,0.08402000826893295,0.08520338854877568,0.08461169840885432,0,0.0,0.9999901739215878,101770
bayesfl_observability_v1,ola_sparse_bayesian_keep010_seed42,105,ola,global,,,all,raw,72,0.08520338854877568,0.08638676882861841,0.08579507868869704,0,0.0,0.9999901739215878,101770
bayesfl_observability_v1,ola_sparse_bayesian_keep010_seed42,105,ola,global,,,all,raw,73,0.08638676882861841,0.08757014910846114,0.08697845896853978,0,0.0,0.9999901739215878,101770
bayesfl_observability_v1,ola_sparse_bayesian_keep010_seed42,105,ola,global,,,all,raw,74,0.08757014910846114,0.08875352938830387,0.0881618392483825,0,0.0,0.9999901739215878,101770
bayesfl_observability_v1,ola_sparse_bayesian_keep010_seed42,105,ola,global,,,all,raw,75,0.08875352938830387,0.0899369096681466,0.08934521952822524,0,0.0,0.9999901739215878,101770
bayesfl_observability_v1,ola_sparse_bayesian_keep010_seed42,105,ola,global,,,all,raw,76,0.0899369096681466,0.09112028994798933,0.09052859980806796,0,0.0,0.9999901739215878,101770
bayesfl_observability_v1,ola_sparse_bayesian_keep010_seed42,105,ola,global,,,all,raw,77,0.09112028994798933,0.09230367022783206,0.0917119800879107,0,0.0,0.9999901739215878,101770
bayesfl_observability_v1,ola_sparse_bayesian_keep010_seed42,105,ola,global,,,all,raw,78,0.09230367022783206,0.0934870505076748,0.09289536036775342,0,0.0,0.9999901739215878,101770
bayesfl_observability_v1,ola_sparse_bayesian_keep010_seed42,105,ola,global,,,all,raw,79,0.0934870505076748,0.09467043078751752,0.09407874064759617,1,0.00830339881395658,1.0,101770
bayesfl_observability_v1,ola_sparse_bayesian_keep010_seed42,105,ola,global,,,all,db,0,-161.51327773587917,-159.75030817584658,-160.63179295586286,1,5.573595049436985e-06,9.826078412105729e-06,101770
bayesfl_observability_v1,ola_sparse_bayesian_keep010_seed42,105,ola,global,,,all,db,1,-159.75030817584658,-157.98733861581402,-158.8688233958303,0,0.0,9.826078412105729e-06,101770
bayesfl_observability_v1,ola_sparse_bayesian_keep010_seed42,105,ola,global,,,all,db,2,-157.98733861581402,-156.22436905578144,-157.10585383579775,0,0.0,9.826078412105729e-06,101770
bayesfl_observability_v1,ola_sparse_bayesian_keep010_seed42,105,ola,global,,,all,db,3,-156.22436905578144,-154.46139949574885,-155.34288427576513,0,0.0,9.826078412105729e-06,101770
bayesfl_observability_v1,ola_sparse_bayesian_keep010_seed42,105,ola,global,,,all,db,4,-154.46139949574885,-152.6984299357163,-153.57991471573257,1,5.5735950494370745e-06,1.9652156824211458e-05,101770
bayesfl_observability_v1,ola_sparse_bayesian_keep010_seed42,105,ola,global,,,all,db,5,-152.6984299357163,-150.9354603756837,-151.8169451557,1,5.573595049436985e-06,2.9478235236317185e-05,101770
bayesfl_observability_v1,ola_sparse_bayesian_keep010_seed42,105,ola,global,,,all,db,6,-150.9354603756837,-149.17249081565112,-150.0539755956674,1,5.573595049436985e-06,3.9304313648422916e-05,101770
bayesfl_observability_v1,ola_sparse_bayesian_keep010_seed42,105,ola,global,,,all,db,7,-149.17249081565112,-147.40952125561856,-148.29100603563484,1,5.5735950494370745e-06,4.913039206052864e-05,101770
bayesfl_observability_v1,ola_sparse_bayesian_keep010_seed42,105,ola,global,,,all,db,8,-147.40952125561856,-145.64655169558597,-146.52803647560228,1,5.573595049436985e-06,5.895647047263437e-05,101770
bayesfl_observability_v1,ola_sparse_bayesian_keep010_seed42,105,ola,global,,,all,db,9,-145.64655169558597,-143.8835821355534,-144.7650669155697,0,0.0,5.895647047263437e-05,101770
bayesfl_observability_v1,ola_sparse_bayesian_keep010_seed42,105,ola,global,,,all,db,10,-143.8835821355534,-142.12061257552082,-143.0020973555371,0,0.0,5.895647047263437e-05,101770
bayesfl_observability_v1,ola_sparse_bayesian_keep010_seed42,105,ola,global,,,all,db,11,-142.12061257552082,-140.35764301548824,-141.23912779550454,0,0.0,5.895647047263437e-05,101770
bayesfl_observability_v1,ola_sparse_bayesian_keep010_seed42,105,ola,global,,,all,db,12,-140.35764301548824,-138.59467345545568,-139.47615823547196,2,1.1147190098874149e-05,7.860862729684583e-05,101770
bayesfl_observability_v1,ola_sparse_bayesian_keep010_seed42,105,ola,global,,,all,db,13,-138.59467345545568,-136.8317038954231,-137.71318867543937,1,5.573595049436985e-06,8.843470570895156e-05,101770
bayesfl_observability_v1,ola_sparse_bayesian_keep010_seed42,105,ola,global,,,all,db,14,-136.8317038954231,-135.0687343353905,-135.9502191154068,1,5.573595049436985e-06,9.826078412105728e-05,101770
bayesfl_observability_v1,ola_sparse_bayesian_keep010_seed42,105,ola,global,,,all,db,15,-135.0687343353905,-133.30576477535794,-134.18724955537422,1,5.5735950494370745e-06,0.00010808686253316301,101770
bayesfl_observability_v1,ola_sparse_bayesian_keep010_seed42,105,ola,global,,,all,db,16,-133.30576477535794,-131.54279521532536,-132.42427999534164,7,3.90151653460589e-05,0.00017686941141790313,101770
bayesfl_observability_v1,ola_sparse_bayesian_keep010_seed42,105,ola,global,,,all,db,17,-131.54279521532536,-129.77982565529277,-130.66131043530908,7,3.90151653460589e-05,0.00024565196030264323,101770
bayesfl_observability_v1,ola_sparse_bayesian_keep010_seed42,105,ola,global,,,all,db,18,-129.77982565529277,-128.0168560952602,-128.8983408752765,3,1.6720785148311224e-05,0.0002751301955389604,101770
bayesfl_observability_v1,ola_sparse_bayesian_keep010_seed42,105,ola,global,,,all,db,19,-128.0168560952602,-126.25388653522762,-127.13537131524392,6,3.344157029662191e-05,0.00033408666601159476,101770
bayesfl_observability_v1,ola_sparse_bayesian_keep010_seed42,105,ola,global,,,all,db,20,-126.25388653522762,-124.49091697519505,-125.37240175521134,16,8.917752079099247e-05,0.0004913039206052865,101770
bayesfl_observability_v1,ola_sparse_bayesian_keep010_seed42,105,ola,global,,,all,db,21,-124.49091697519505,-122.72794741516248,-123.60943219517875,12,6.688314059324435e-05,0.0006092168615505552,101770
bayesfl_observability_v1,ola_sparse_bayesian_keep010_seed42,105,ola,global,,,all,db,22,-122.72794741516248,-120.96497785512989,-121.84646263514618,18,0.00010032471088986573,0.0007860862729684582,101770
bayesfl_observability_v1,ola_sparse_bayesian_keep010_seed42,105,ola,global,,,all,db,23,-120.96497785512989,-119.20200829509731,-120.08349307511361,13,7.245673564268139e-05,0.0009138252923258328,101770
bayesfl_observability_v1,ola_sparse_bayesian_keep010_seed42,105,ola,global,,,all,db,24,-119.20200829509731,-117.43903873506474,-118.32052351508102,15,8.360392574155544e-05,0.0010612164685074187,101770
bayesfl_observability_v1,ola_sparse_bayesian_keep010_seed42,105,ola,global,,,all,db,25,-117.43903873506474,-115.67606917503215,-116.55755395504845,22,0.00012261909108761366,0.0012773901935737447,101770
bayesfl_observability_v1,ola_sparse_bayesian_keep010_seed42,105,ola,global,,,all,db,26,-115.67606917503215,-113.91309961499958,-114.79458439501587,29,0.00016163425643367385,0.0015623464675248108,101770
bayesfl_observability_v1,ola_sparse_bayesian_keep010_seed42,105,ola,global,,,all,db,27,-113.91309961499958,-112.15013005496701,-113.03161483498329,40,0.00022294380197748117,0.00195538960400904,101770
bayesfl_observability_v1,ola_sparse_bayesian_keep010_seed42,105,ola,global,,,all,db,28,-112.15013005496701,-110.38716049493442,-111.26864527495071,45,0.00025081177722466433,0.002397563132553798,101770
bayesfl_observability_v1,ola_sparse_bayesian_keep010_seed42,105,ola,global,,,all,db,29,-110.38716049493442,-108.62419093490185,-109.50567571491814,41,0.0002285173970269182,0.0028004323474501327,101770
bayesfl_observability_v1,ola_sparse_bayesian_keep010_seed42,105,ola,global,,,all,db,30,-108.62419093490185,-106.86122137486927,-107.74270615488555,70,0.00039015165346059205,0.0034882578362975336,101770
bayesfl_observability_v1,ola_sparse_bayesian_keep010_seed42,105,ola,global,,,all,db,31,-106.86122137486927,-105.09825181483669,-105.97973659485298,83,0.0004626083891032698,0.004303822344502309,101770
bayesfl_observability_v1,ola_sparse_bayesian_keep010_seed42,105,ola,global,,,all,db,32,-105.09825181483669,-103.33528225480411,-104.2167670348204,88,0.0004904763643504585,0.005168517244767613,101770
bayesfl_observability_v1,ola_sparse_bayesian_keep010_seed42,105,ola,global,,,all,db,33,-103.33528225480411,-101.57231269477154,-102.45379747478782,107,0.0005963746702897622,0.006219907634862926,101770
bayesfl_observability_v1,ola_sparse_bayesian_keep010_seed42,105,ola,global,,,all,db,34,-101.57231269477154,-99.80934313473895,-100.69082791475525,129,0.0007189937613773711,0.007487471750024565,101770
bayesfl_observability_v1,ola_sparse_bayesian_keep010_seed42,105,ola,global,,,all,db,35,-99.80934313473895,-98.0463735747064,-98.92785835472267,154,0.0008583336376133095,0.009000687825488848,101770
bayesfl_observability_v1,ola_sparse_bayesian_keep010_seed42,105,ola,global,,,all,db,36,-98.0463735747064,-96.2834040146738,-97.1648887946901,221,0.0012317645059255738,0.011172251154564213,101770
bayesfl_observability_v1,ola_sparse_bayesian_keep010_seed42,105,ola,global,,,all,db,37,-96.2834040146738,-94.52043445464123,-95.40191923465753,257,0.0014324139277053166,0.013697553306475386,101770
bayesfl_observability_v1,ola_sparse_bayesian_keep010_seed42,105,ola,global,,,all,db,38,-94.52043445464123,-92.75746489460865,-93.63894967462494,294,0.0016386369445344736,0.01658642035963447,101770
bayesfl_observability_v1,ola_sparse_bayesian_keep010_seed42,105,ola,global,,,all,db,39,-92.75746489460865,-90.99449533457607,-91.87598011459235,335,0.0018671543415614048,0.01987815662768989,101770
bayesfl_observability_v1,ola_sparse_bayesian_keep010_seed42,105,ola,global,,,all,db,40,-90.99449533457607,-89.2315257745435,-90.11301055455979,429,0.0023910722762084855,0.024093544266483247,101770
bayesfl_observability_v1,ola_sparse_bayesian_keep010_seed42,105,ola,global,,,all,db,41,-89.2315257745435,-87.46855621451093,-88.3500409945272,540,0.003009741326695996,0.02939962660902034,101770
bayesfl_observability_v1,ola_sparse_bayesian_keep010_seed42,105,ola,global,,,all,db,42,-87.46855621451093,-85.70558665447834,-86.58707143449463,638,0.0035559536415407963,0.03566866463594379,101770
bayesfl_observability_v1,ola_sparse_bayesian_keep010_seed42,105,ola,global,,,all,db,43,-85.70558665447834,-83.94261709444577,-84.82410187446206,781,0.00435297773361032,0.04334283187579837,101770
bayesfl_observability_v1,ola_sparse_bayesian_keep010_seed42,105,ola,global,,,all,db,44,-83.94261709444577,-82.17964753441319,-83.06113231442947,942,0.0052503265365696815,0.052598997740001964,101770
bayesfl_observability_v1,ola_sparse_bayesian_keep010_seed42,105,ola,global,,,all,db,45,-82.17964753441319,-80.4166779743806,-81.2981627543969,1255,0.006994861787043416,0.06493072614719465,101770
bayesfl_observability_v1,ola_sparse_bayesian_keep010_seed42,105,ola,global,,,all,db,46,-80.4166779743806,-78.65370841434803,-79.53519319436433,1518,0.00846071728504541,0.07984671317677115,101770
bayesfl_observability_v1,ola_sparse_bayesian_keep010_seed42,105,ola,global,,,all,db,47,-78.65370841434803,-76.89073885431546,-77.77222363433174,1818,0.01013279579987652,0.09771052372997936,101770
bayesfl_observability_v1,ola_sparse_bayesian_keep010_seed42,105,ola,global,,,all,db,48,-76.89073885431546,-75.12776929428287,-76.00925407429916,2234,0.012451411340442226,0.11966198290262356,101770
bayesfl_observability_v1,ola_sparse_bayesian_keep010_seed42,105,ola,global,,,all,db,49,-75.12776929428287,-73.3647997342503,-74.24628451426659,2759,0.015377548741396765,0.14677213324162328,101770
bayesfl_observability_v1,ola_sparse_bayesian_keep010_seed42,105,ola,global,,,all,db,50,-73.3647997342503,-71.60183017421772,-72.483314954234,3353,0.01868826420076236,0.17971897415741378,101770
bayesfl_observability_v1,ola_sparse_bayesian_keep010_seed42,105,ola,global,,,all,db,51,-71.60183017421772,-69.83886061418515,-70.72034539420144,4127,0.02300222676902662,0.2202711997641741,101770
bayesfl_observability_v1,ola_sparse_bayesian_keep010_seed42,105,ola,global,,,all,db,52,-69.83886061418515,-68.07589105415256,-68.95737583416886,5116,0.028514512272919616,0.27054141692050704,101770
bayesfl_observability_v1,ola_sparse_bayesian_keep010_seed42,105,ola,global,,,all,db,53,-68.07589105415256,-66.31292149411999,-67.19440627413627,6334,0.03530315104313415,0.3327797975827847,101770
bayesfl_observability_v1,ola_sparse_bayesian_keep010_seed42,105,ola,global,,,all,db,54,-66.31292149411999,-64.54995193408742,-65.43143671410371,7620,0.04247079427671017,0.40765451508303036,101770
bayesfl_observability_v1,ola_sparse_bayesian_keep010_seed42,105,ola,global,,,all,db,55,-64.54995193408742,-62.78698237405483,-63.668467154071124,9146,0.050976100322150664,0.49752382824014935,101770
bayesfl_observability_v1,ola_sparse_bayesian_keep010_seed42,105,ola,global,,,all,db,56,-62.78698237405483,-61.02401281402226,-61.90549759403854,10975,0.0611702056675714,0.6053650388130097,101770
bayesfl_observability_v1,ola_sparse_bayesian_keep010_seed42,105,ola,global,,,all,db,57,-61.02401281402226,-59.26104325398968,-60.14252803400597,13321,0.07424585965355067,0.7362582293406701,101770
bayesfl_observability_v1,ola_sparse_bayesian_keep010_seed42,105,ola,global,,,all,db,58,-59.26104325398968,-57.498073693957096,-58.37955847397339,9219,0.051382972760759565,0.8268448462218728,101770
bayesfl_observability_v1,ola_sparse_bayesian_keep010_seed42,105,ola,global,,,all,db,59,-57.498073693957096,-55.73510413392452,-56.61658891394081,6146,0.034255315173839986,0.8872359241426746,101770
bayesfl_observability_v1,ola_sparse_bayesian_keep010_seed42,105,ola,global,,,all,db,60,-55.73510413392452,-53.97213457389195,-54.853619353908236,4910,0.027366351692735814,0.9354819691461138,101770
bayesfl_observability_v1,ola_sparse_bayesian_keep010_seed42,105,ola,global,,,all,db,61,-53.97213457389195,-52.209165013859376,-53.09064979387566,3352,0.018682690605712923,0.9684189839834922,101770
bayesfl_observability_v1,ola_sparse_bayesian_keep010_seed42,105,ola,global,,,all,db,62,-52.209165013859376,-50.44619545382679,-51.32768023384308,1683,0.009380360468202446,0.9849562739510661,101770
bayesfl_observability_v1,ola_sparse_bayesian_keep010_seed42,105,ola,global,,,all,db,63,-50.44619545382679,-48.683225893794216,-49.5647106738105,588,0.003277273889068973,0.9907340080573843,101770
bayesfl_observability_v1,ola_sparse_bayesian_keep010_seed42,105,ola,global,,,all,db,64,-48.683225893794216,-46.92025633376164,-47.80174111377793,185,0.0010311150841458504,0.9925518325636239,101770
bayesfl_observability_v1,ola_sparse_bayesian_keep010_seed42,105,ola,global,,,all,db,65,-46.92025633376164,-45.157286773729055,-46.03877155374535,137,0.000763582521772867,0.9938980053060823,101770
bayesfl_observability_v1,ola_sparse_bayesian_keep010_seed42,105,ola,global,,,all,db,66,-45.157286773729055,-43.39431721369648,-44.27580199371277,102,0.000568506695042577,0.9949002653041171,101770
bayesfl_observability_v1,ola_sparse_bayesian_keep010_seed42,105,ola,global,,,all,db,67,-43.39431721369648,-41.63134765366391,-42.512832433680195,109,0.0006075218603886362,0.9959713078510366,101770
bayesfl_observability_v1,ola_sparse_bayesian_keep010_seed42,105,ola,global,,,all,db,68,-41.63134765366391,-39.868378093631335,-40.74986287364762,96,0.0005350651247459548,0.9969146113785988,101770
bayesfl_observability_v1,ola_sparse_bayesian_keep010_seed42,105,ola,global,,,all,db,69,-39.868378093631335,-38.10540853359875,-38.98689331361504,78,0.00043474041385608485,0.997681045494743,101770
bayesfl_observability_v1,ola_sparse_bayesian_keep010_seed42,105,ola,global,,,all,db,70,-38.10540853359875,-36.342438973566175,-37.22392375358246,60,0.00033441570296622176,0.9982706101994694,101770
bayesfl_observability_v1,ola_sparse_bayesian_keep010_seed42,105,ola,global,,,all,db,71,-36.342438973566175,-34.5794694135336,-35.46095419354989,64,0.0003567100831639699,0.9988994792178442,101770
bayesfl_observability_v1,ola_sparse_bayesian_keep010_seed42,105,ola,global,,,all,db,72,-34.5794694135336,-32.81649985350103,-33.697984633517315,37,0.0002062230168291701,0.9992630441190921,101770
bayesfl_observability_v1,ola_sparse_bayesian_keep010_seed42,105,ola,global,,,all,db,73,-32.81649985350103,-31.05353029346844,-31.935015073484735,25,0.00013933987623592463,0.9995086960793947,101770
bayesfl_observability_v1,ola_sparse_bayesian_keep010_seed42,105,ola,global,,,all,db,74,-31.05353029346844,-29.290560733435854,-30.172045513452147,16,8.917752079099176e-05,0.9996659133339884,101770
bayesfl_observability_v1,ola_sparse_bayesian_keep010_seed42,105,ola,global,,,all,db,75,-29.290560733435854,-27.527591173403295,-28.409075953419574,18,0.00010032471088986734,0.9998427827454063,101770
bayesfl_observability_v1,ola_sparse_bayesian_keep010_seed42,105,ola,global,,,all,db,76,-27.527591173403295,-25.764621613370707,-26.646106393387,4,2.229438019774794e-05,0.9998820870590547,101770
bayesfl_observability_v1,ola_sparse_bayesian_keep010_seed42,105,ola,global,,,all,db,77,-25.764621613370707,-24.00165205333812,-24.883136833354413,8,4.458876039549588e-05,0.9999606956863516,101770
bayesfl_observability_v1,ola_sparse_bayesian_keep010_seed42,105,ola,global,,,all,db,78,-24.00165205333812,-22.23868249330556,-23.12016727332184,3,1.6720785148311224e-05,0.9999901739215878,101770
bayesfl_observability_v1,ola_sparse_bayesian_keep010_seed42,105,ola,global,,,all,db,79,-22.23868249330556,-20.47571293327296,-21.35719771328926,1,5.57359504943694e-06,1.0,101770
bayesfl_observability_v1,ola_sparse_bayesian_keep010_seed42,105,ola,global,,,layers.0.weight,raw,0,8.400099206327818e-09,6.567259389124799e-05,3.284049699522716e-05,4557,691.5512645112777,0.04541015625,100352
bayesfl_observability_v1,ola_sparse_bayesian_keep010_seed42,105,ola,global,,,layers.0.weight,raw,1,6.567259389124799e-05,0.00013133678768328965,9.850469078726882e-05,4525,686.695078322039,0.0905014349489796,100352
bayesfl_observability_v1,ola_sparse_bayesian_keep010_seed42,105,ola,global,,,layers.0.weight,raw,2,0.00013133678768328965,0.0001970009814753313,0.00016416888457931048,4531,687.6056132325213,0.1356525031887755,100352
bayesfl_observability_v1,ola_sparse_bayesian_keep010_seed42,105,ola,global,,,layers.0.weight,raw,3,0.0001970009814753313,0.00026266517526737297,0.00022983307837135214,4588,696.2556948821027,0.18137157206632654,100352
bayesfl_observability_v1,ola_sparse_bayesian_keep010_seed42,105,ola,global,,,layers.0.weight,raw,4,0.00026266517526737297,0.00032832936905941463,0.0002954972721633938,4580,695.0416483347931,0.22701092155612246,100352
bayesfl_observability_v1,ola_sparse_bayesian_keep010_seed42,105,ola,global,,,layers.0.weight,raw,5,0.00032832936905941463,0.0003939935628514563,0.00036116146595543546,4612,699.8978345240319,0.27296914859693877,100352
bayesfl_observability_v1,ola_sparse_bayesian_keep010_seed42,105,ola,global,,,layers.0.weight,raw,6,0.0003939935628514563,0.00045965775664349795,0.0004268256597474771,4628,702.3259276186511,0.3190868144132653,100352
bayesfl_observability_v1,ola_sparse_bayesian_keep010_seed42,105,ola,global,,,layers.0.weight,raw,7,0.00045965775664349795,0.0005253219504355395,0.0004924898535395187,4705,714.0111256365075,0.3659717793367347,100352
bayesfl_observability_v1,ola_sparse_bayesian_keep010_seed42,105,ola,global,,,layers.0.weight,raw,8,0.0005253219504355395,0.0005909861442275812,0.0005581540473315604,4531,687.6056132325213,0.4111228475765306,100352
bayesfl_observability_v1,ola_sparse_bayesian_keep010_seed42,105,ola,global,,,layers.0.weight,raw,9,0.0005909861442275812,0.0006566503380196229,0.000623818241123602,4605,698.8355437951359,0.45701132015306123,100352
bayesfl_observability_v1,ola_sparse_bayesian_keep010_seed42,105,ola,global,,,layers.0.weight,raw,10,0.0006566503380196229,0.0007223145318116645,0.0006894824349156437,4381,664.8422404704647,0.5006676498724489,100352
bayesfl_observability_v1,ola_sparse_bayesian_keep010_seed42,105,ola,global,,,layers.0.weight,raw,11,0.0007223145318116645,0.0007879787256037062,0.0007551466287076854,4456,676.223926851493,0.5450713488520408,100352
bayesfl_observability_v1,ola_sparse_bayesian_keep010_seed42,105,ola,global,,,layers.0.weight,raw,12,0.0007879787256037062,0.0008536429193957478,0.000820810822499727,4370,663.172926467914,0.5886180644132653,100352
bayesfl_observability_v1,ola_sparse_bayesian_keep010_seed42,105,ola,global,,,layers.0.weight,raw,13,0.0008536429193957478,0.0009193071131877895,0.0008864750162917687,4482,680.1695781302494,0.6332808514030612,100352
bayesfl_observability_v1,ola_sparse_bayesian_keep010_seed42,105,ola,global,,,layers.0.weight,raw,14,0.0009193071131877895,0.0009849713069798312,0.0009521392100838103,4609,699.4425670687907,0.6792091836734694,100352
bayesfl_observability_v1,ola_sparse_bayesian_keep010_seed42,105,ola,global,,,layers.0.weight,raw,15,0.0009849713069798312,0.0010506355007718728,0.0010178034038758519,4189,635.7051233350323,0.7209522480867347,100352
bayesfl_observability_v1,ola_sparse_bayesian_keep010_seed42,105,ola,global,,,layers.0.weight,raw,16,0.0010506355007718728,0.0011162996945639145,0.0010834675976678938,3771,572.2711912381014,0.7585299744897959,100352
bayesfl_observability_v1,ola_sparse_bayesian_keep010_seed42,105,ola,global,,,layers.0.weight,raw,17,0.0011162996945639145,0.0011819638883559561,0.0011491317914599352,2955,448.4384434125139,0.7879763233418368,100352
bayesfl_observability_v1,ola_sparse_bayesian_keep010_seed42,105,ola,global,,,layers.0.weight,raw,18,0.0011819638883559561,0.0012476280821479978,0.001214795985251977,2399,364.062208374491,0.811882174744898,100352
bayesfl_observability_v1,ola_sparse_bayesian_keep010_seed42,105,ola,global,,,layers.0.weight,raw,19,0.0012476280821479978,0.0013132922759400395,0.0012804601790440185,1888,286.514985165085,0.830695950255102,100352
bayesfl_observability_v1,ola_sparse_bayesian_keep010_seed42,105,ola,global,,,layers.0.weight,raw,20,0.0013132922759400395,0.0013789564697320811,0.0013461243728360604,1607,243.87160019083242,0.8467095822704082,100352
bayesfl_observability_v1,ola_sparse_bayesian_keep010_seed42,105,ola,global,,,layers.0.weight,raw,21,0.0013789564697320811,0.0014446206635241228,0.0014117885666281018,1401,212.60990159760811,0.8606704400510204,100352
bayesfl_observability_v1,ola_sparse_bayesian_keep010_seed42,105,ola,global,,,layers.0.weight,raw,22,0.0014446206635241228,0.0015102848573161644,0.0014774527604201437,1339,203.20104085595807,0.8740134725765306,100352
bayesfl_observability_v1,ola_sparse_bayesian_keep010_seed42,105,ola,global,,,layers.0.weight,raw,23,0.0015102848573161644,0.001575949051108206,0.0015431169542121852,1222,185.44561010155397,0.8861906090561225,100352
bayesfl_observability_v1,ola_sparse_bayesian_keep010_seed42,105,ola,global,,,layers.0.weight,raw,24,0.001575949051108206,0.0016416132449002478,0.001608781148004227,1147,174.06392372052568,0.8976203762755102,100352
bayesfl_observability_v1,ola_sparse_bayesian_keep010_seed42,105,ola,global,,,layers.0.weight,raw,25,0.0016416132449002478,0.0017072774386922894,0.0016744453417962685,1054,159.95063260805063,0.9081234056122449,100352
bayesfl_observability_v1,ola_sparse_bayesian_keep010_seed42,105,ola,global,,,layers.0.weight,raw,26,0.0017072774386922894,0.001772941632484331,0.0017401095355883103,985,149.47948113750462,0.9179388552295918,100352
bayesfl_observability_v1,ola_sparse_bayesian_keep010_seed42,105,ola,global,,,layers.0.weight,raw,27,0.001772941632484331,0.0018386058262763727,0.0018057737293803518,866,131.4205387462731,0.9265684789540817,100352
bayesfl_observability_v1,ola_sparse_bayesian_keep010_seed42,105,ola,global,,,layers.0.weight,raw,28,0.0018386058262763727,0.0019042700200684144,0.0018714379231723937,799,121.25289891255451,0.9345304528061225,100352
bayesfl_observability_v1,ola_sparse_bayesian_keep010_seed42,105,ola,global,,,layers.0.weight,raw,29,0.0019042700200684144,0.0019699342138604563,0.0019371021169644353,693,105.16678216070088,0.9414361447704082,100352
bayesfl_observability_v1,ola_sparse_bayesian_keep010_seed42,105,ola,global,,,layers.0.weight,raw,30,0.0019699342138604563,0.002035598407652498,0.0020027663107564774,661,100.31059597146216,0.9480229591836735,100352
bayesfl_observability_v1,ola_sparse_bayesian_keep010_seed42,105,ola,global,,,layers.0.weight,raw,31,0.002035598407652498,0.0021012626014445396,0.002068430504548519,613,93.0263166876047,0.9541314572704082,100352
bayesfl_observability_v1,ola_sparse_bayesian_keep010_seed42,105,ola,global,,,layers.0.weight,raw,32,0.0021012626014445396,0.002166926795236581,0.0021340946983405603,576,87.4113514062974,0.9598712531887755,100352
bayesfl_observability_v1,ola_sparse_bayesian_keep010_seed42,105,ola,global,,,layers.0.weight,raw,33,0.002166926795236581,0.002232590989028623,0.0021997588921326017,511,77.54722320940569,0.9649633290816326,100352
bayesfl_observability_v1,ola_sparse_bayesian_keep010_seed42,105,ola,global,,,layers.0.weight,raw,34,0.002232590989028623,0.0022982551828206648,0.002265423085924644,439,66.62080428361858,0.9693379304846939,100352
bayesfl_observability_v1,ola_sparse_bayesian_keep010_seed42,105,ola,global,,,layers.0.weight,raw,35,0.0022982551828206648,0.002363919376612706,0.0023310872797166855,381,57.8189668156238,0.9731345663265306,100352
bayesfl_observability_v1,ola_sparse_bayesian_keep010_seed42,105,ola,global,,,layers.0.weight,raw,36,0.002363919376612706,0.0024295835704047477,0.002396751473508727,342,51.90048989748908,0.9765425701530612,100352
bayesfl_observability_v1,ola_sparse_bayesian_keep010_seed42,105,ola,global,,,layers.0.weight,raw,37,0.0024295835704047477,0.0024952477641967895,0.0024624156673007684,315,47.80308280031858,0.9796815210459183,100352
bayesfl_observability_v1,ola_sparse_bayesian_keep010_seed42,105,ola,global,,,layers.0.weight,raw,38,0.0024952477641967895,0.0025609119579888314,0.0025280798610928107,263,39.91178024280567,0.9823022959183674,100352
bayesfl_observability_v1,ola_sparse_bayesian_keep010_seed42,105,ola,global,,,layers.0.weight,raw,39,0.0025609119579888314,0.002626576151780873,0.002593744054884852,252,38.24246624025511,0.9848134566326531,100352
bayesfl_observability_v1,ola_sparse_bayesian_keep010_seed42,105,ola,global,,,layers.0.weight,raw,40,0.002626576151780873,0.0026922403455729143,0.0026594082486768936,220,33.38628005101637,0.9870057397959183,100352
bayesfl_observability_v1,ola_sparse_bayesian_keep010_seed42,105,ola,global,,,layers.0.weight,raw,41,0.0026922403455729143,0.002757904539364956,0.002725072442468935,164,24.887954219848403,0.988639987244898,100352
bayesfl_observability_v1,ola_sparse_bayesian_keep010_seed42,105,ola,global,,,layers.0.weight,raw,42,0.002757904539364956,0.002823568733156998,0.0027907366362609773,145,22.004593669987916,0.9900849011479592,100352
bayesfl_observability_v1,ola_sparse_bayesian_keep010_seed42,105,ola,global,,,layers.0.weight,raw,43,0.002823568733156998,0.0028892329269490395,0.0028564008300530188,147,22.308105306815484,0.9915497448979592,100352
bayesfl_observability_v1,ola_sparse_bayesian_keep010_seed42,105,ola,global,,,layers.0.weight,raw,44,0.0028892329269490395,0.002954897120741081,0.00292206502384506,128,19.42474475695498,0.9928252551020408,100352
bayesfl_observability_v1,ola_sparse_bayesian_keep010_seed42,105,ola,global,,,layers.0.weight,raw,45,0.002954897120741081,0.003020561314533123,0.0029877292176371016,116,17.603674935990334,0.9939811862244898,100352
bayesfl_observability_v1,ola_sparse_bayesian_keep010_seed42,105,ola,global,,,layers.0.weight,raw,46,0.003020561314533123,0.0030862255083251647,0.003053393411429144,77,11.685198017855653,0.9947484853316326,100352
bayesfl_observability_v1,ola_sparse_bayesian_keep010_seed42,105,ola,global,,,layers.0.weight,raw,47,0.0030862255083251647,0.003151889702117206,0.0031190576052211854,69,10.471151470546044,0.9954360650510204,100352
bayesfl_observability_v1,ola_sparse_bayesian_keep010_seed42,105,ola,global,,,layers.0.weight,raw,48,0.003151889702117206,0.0032175538959092476,0.003184721799013227,63,9.560616560063778,0.9960638552295918,100352
bayesfl_observability_v1,ola_sparse_bayesian_keep010_seed42,105,ola,global,,,layers.0.weight,raw,49,0.0032175538959092476,0.0032832180897012894,0.0032503859928052683,59,8.953593286408877,0.9966517857142857,100352
bayesfl_observability_v1,ola_sparse_bayesian_keep010_seed42,105,ola,global,,,layers.0.weight,raw,50,0.0032832180897012894,0.0033488822834933313,0.0033160501865973106,44,6.67725601020323,0.9970902423469388,100352
bayesfl_observability_v1,ola_sparse_bayesian_keep010_seed42,105,ola,global,,,layers.0.weight,raw,51,0.0033488822834933313,0.0034145464772853728,0.003381714380389352,49,7.436035102271828,0.9975785235969388,100352
bayesfl_observability_v1,ola_sparse_bayesian_keep010_seed42,105,ola,global,,,layers.0.weight,raw,52,0.0034145464772853728,0.003480210671077414,0.0034473785741813935,49,7.436035102271828,0.9980668048469388,100352
bayesfl_observability_v1,ola_sparse_bayesian_keep010_seed42,105,ola,global,,,layers.0.weight,raw,53,0.003480210671077414,0.003545874864869456,0.003513042767973435,32,4.856186189238713,0.9983856823979592,100352
bayesfl_observability_v1,ola_sparse_bayesian_keep010_seed42,105,ola,global,,,layers.0.weight,raw,54,0.003545874864869456,0.003611539058661498,0.0035787069617654772,23,3.490383823515325,0.9986148756377551,100352
bayesfl_observability_v1,ola_sparse_bayesian_keep010_seed42,105,ola,global,,,layers.0.weight,raw,55,0.003611539058661498,0.0036772032524535394,0.0036443711555575187,12,1.8210698209645293,0.9987344547193877,100352
bayesfl_observability_v1,ola_sparse_bayesian_keep010_seed42,105,ola,global,,,layers.0.weight,raw,56,0.0036772032524535394,0.003742867446245581,0.00371003534934956,19,2.883360549860505,0.9989237882653061,100352
bayesfl_observability_v1,ola_sparse_bayesian_keep010_seed42,105,ola,global,,,layers.0.weight,raw,57,0.003742867446245581,0.0038085316400376227,0.0037756995431416016,23,3.490383823515325,0.999152981505102,100352
bayesfl_observability_v1,ola_sparse_bayesian_keep010_seed42,105,ola,global,,,layers.0.weight,raw,58,0.0038085316400376227,0.0038741958338296646,0.003841363736933644,13,1.972825639378227,0.9992825255102041,100352
bayesfl_observability_v1,ola_sparse_bayesian_keep010_seed42,105,ola,global,,,layers.0.weight,raw,59,0.0038741958338296646,0.003939860027621706,0.003907027930725685,11,1.6693140025508184,0.9993921396683674,100352
bayesfl_observability_v1,ola_sparse_bayesian_keep010_seed42,105,ola,global,,,layers.0.weight,raw,60,0.003939860027621706,0.0040055242214137475,0.003972692124517727,9,1.3658023657233969,0.9994818239795918,100352
bayesfl_observability_v1,ola_sparse_bayesian_keep010_seed42,105,ola,global,,,layers.0.weight,raw,61,0.0040055242214137475,0.00407118841520579,0.004038356318309769,10,1.5175581841370878,0.9995814732142857,100352
bayesfl_observability_v1,ola_sparse_bayesian_keep010_seed42,105,ola,global,,,layers.0.weight,raw,62,0.00407118841520579,0.004136852608997831,0.0041040205121018105,4,0.6070232736548431,0.9996213329081632,100352
bayesfl_observability_v1,ola_sparse_bayesian_keep010_seed42,105,ola,global,,,layers.0.weight,raw,63,0.004136852608997831,0.004202516802789873,0.004169684705893852,4,0.6070232736548431,0.9996611926020408,100352
bayesfl_observability_v1,ola_sparse_bayesian_keep010_seed42,105,ola,global,,,layers.0.weight,raw,64,0.004202516802789873,0.004268180996581914,0.004235348899685893,4,0.6070232736548431,0.9997010522959183,100352
bayesfl_observability_v1,ola_sparse_bayesian_keep010_seed42,105,ola,global,,,layers.0.weight,raw,65,0.004268180996581914,0.0043338451903739555,0.004301013093477935,4,0.6070232736548431,0.9997409119897959,100352
bayesfl_observability_v1,ola_sparse_bayesian_keep010_seed42,105,ola,global,,,layers.0.weight,raw,66,0.0043338451903739555,0.004399509384165998,0.004366677287269976,3,0.4552674552411263,0.9997708067602041,100352
bayesfl_observability_v1,ola_sparse_bayesian_keep010_seed42,105,ola,global,,,layers.0.weight,raw,67,0.004399509384165998,0.004465173577958039,0.004432341481062019,11,1.6693140025508184,0.9998804209183674,100352
bayesfl_observability_v1,ola_sparse_bayesian_keep010_seed42,105,ola,global,,,layers.0.weight,raw,68,0.004465173577958039,0.004530837771750081,0.00449800567485406,3,0.4552674552411323,0.9999103156887755,100352
bayesfl_observability_v1,ola_sparse_bayesian_keep010_seed42,105,ola,global,,,layers.0.weight,raw,69,0.004530837771750081,0.004596501965542123,0.004563669868646102,3,0.4552674552411263,0.9999402104591837,100352
bayesfl_observability_v1,ola_sparse_bayesian_keep010_seed42,105,ola,global,,,layers.0.weight,raw,70,0.004596501965542123,0.0046621661593341645,0.004629334062438144,1,0.15175581841371077,0.9999501753826531,100352
bayesfl_observability_v1,ola_sparse_bayesian_keep010_seed42,105,ola,global,,,layers.0.weight,raw,71,0.0046621661593341645,0.004727830353126206,0.004694998256230185,1,0.15175581841371077,0.9999601403061225,100352
bayesfl_observability_v1,ola_sparse_bayesian_keep010_seed42,105,ola,global,,,layers.0.weight,raw,72,0.004727830353126206,0.004793494546918247,0.004760662450022227,0,0.0,0.9999601403061225,100352
bayesfl_observability_v1,ola_sparse_bayesian_keep010_seed42,105,ola,global,,,layers.0.weight,raw,73,0.004793494546918247,0.004859158740710289,0.004826326643814268,2,0.30351163682742155,0.9999800701530612,100352
bayesfl_observability_v1,ola_sparse_bayesian_keep010_seed42,105,ola,global,,,layers.0.weight,raw,74,0.004859158740710289,0.004924822934502331,0.0048919908376063095,0,0.0,0.9999800701530612,100352
bayesfl_observability_v1,ola_sparse_bayesian_keep010_seed42,105,ola,global,,,layers.0.weight,raw,75,0.004924822934502331,0.004990487128294373,0.004957655031398352,0,0.0,0.9999800701530612,100352
bayesfl_observability_v1,ola_sparse_bayesian_keep010_seed42,105,ola,global,,,layers.0.weight,raw,76,0.004990487128294373,0.005056151322086414,0.005023319225190393,1,0.15175581841371077,0.9999900350765306,100352
bayesfl_observability_v1,ola_sparse_bayesian_keep010_seed42,105,ola,global,,,layers.0.weight,raw,77,0.005056151322086414,0.005121815515878456,0.005088983418982436,0,0.0,0.9999900350765306,100352
bayesfl_observability_v1,ola_sparse_bayesian_keep010_seed42,105,ola,global,,,layers.0.weight,raw,78,0.005121815515878456,0.005187479709670498,0.005154647612774477,0,0.0,0.9999900350765306,100352
bayesfl_observability_v1,ola_sparse_bayesian_keep010_seed42,105,ola,global,,,layers.0.weight,raw,79,0.005187479709670498,0.005253143903462539,0.0052203118065665185,1,0.15175581841371077,1.0,100352
bayesfl_observability_v1,ola_sparse_bayesian_keep010_seed42,105,ola,global,,,layers.0.weight,db,0,-161.51327773587917,-160.06425693967674,-160.78876733777795,1,6.8770051440970645e-06,9.964923469387754e-06,100352
bayesfl_observability_v1,ola_sparse_bayesian_keep010_seed42,105,ola,global,,,layers.0.weight,db,1,-160.06425693967674,-158.6152361434743,-159.33974654157552,0,0.0,9.964923469387754e-06,100352
bayesfl_observability_v1,ola_sparse_bayesian_keep010_seed42,105,ola,global,,,layers.0.weight,db,2,-158.6152361434743,-157.1662153472719,-157.89072574537312,0,0.0,9.964923469387754e-06,100352
bayesfl_observability_v1,ola_sparse_bayesian_keep010_seed42,105,ola,global,,,layers.0.weight,db,3,-157.1662153472719,-155.71719455106947,-156.44170494917068,0,0.0,9.964923469387754e-06,100352
bayesfl_observability_v1,ola_sparse_bayesian_keep010_seed42,105,ola,global,,,layers.0.weight,db,4,-155.71719455106947,-154.26817375486704,-154.99268415296825,0,0.0,9.964923469387754e-06,100352
bayesfl_observability_v1,ola_sparse_bayesian_keep010_seed42,105,ola,global,,,layers.0.weight,db,5,-154.26817375486704,-152.81915295866463,-153.54366335676582,1,6.8770051440972e-06,1.992984693877551e-05,100352
bayesfl_observability_v1,ola_sparse_bayesian_keep010_seed42,105,ola,global,,,layers.0.weight,db,6,-152.81915295866463,-151.3701321624622,-152.09464256056341,1,6.8770051440970645e-06,2.9894770408163265e-05,100352
bayesfl_observability_v1,ola_sparse_bayesian_keep010_seed42,105,ola,global,,,layers.0.weight,db,7,-151.3701321624622,-149.92111136625977,-150.64562176436098,1,6.8770051440970645e-06,3.985969387755102e-05,100352
bayesfl_observability_v1,ola_sparse_bayesian_keep010_seed42,105,ola,global,,,layers.0.weight,db,8,-149.92111136625977,-148.47209057005733,-149.19660096815855,0,0.0,3.985969387755102e-05,100352
bayesfl_observability_v1,ola_sparse_bayesian_keep010_seed42,105,ola,global,,,layers.0.weight,db,9,-148.47209057005733,-147.0230697738549,-147.74758017195612,1,6.8770051440970645e-06,4.982461734693878e-05,100352
bayesfl_observability_v1,ola_sparse_bayesian_keep010_seed42,105,ola,global,,,layers.0.weight,db,10,-147.0230697738549,-145.5740489776525,-146.2985593757537,1,6.8770051440972e-06,5.978954081632653e-05,100352
bayesfl_observability_v1,ola_sparse_bayesian_keep010_seed42,105,ola,global,,,layers.0.weight,db,11,-145.5740489776525,-144.12502818145006,-144.84953857955128,0,0.0,5.978954081632653e-05,100352
bayesfl_observability_v1,ola_sparse_bayesian_keep010_seed42,105,ola,global,,,layers.0.weight,db,12,-144.12502818145006,-142.67600738524763,-143.40051778334885,0,0.0,5.978954081632653e-05,100352
bayesfl_observability_v1,ola_sparse_bayesian_keep010_seed42,105,ola,global,,,layers.0.weight,db,13,-142.67600738524763,-141.22698658904523,-141.9514969871464,0,0.0,5.978954081632653e-05,100352
bayesfl_observability_v1,ola_sparse_bayesian_keep010_seed42,105,ola,global,,,layers.0.weight,db,14,-141.22698658904523,-139.7779657928428,-140.502476190944,0,0.0,5.978954081632653e-05,100352
bayesfl_observability_v1,ola_sparse_bayesian_keep010_seed42,105,ola,global,,,layers.0.weight,db,15,-139.7779657928428,-138.32894499664036,-139.05345539474158,2,1.3754010288194129e-05,7.971938775510203e-05,100352
bayesfl_observability_v1,ola_sparse_bayesian_keep010_seed42,105,ola,global,,,layers.0.weight,db,16,-138.32894499664036,-136.87992420043793,-137.60443459853914,1,6.8770051440970645e-06,8.96843112244898e-05,100352
bayesfl_observability_v1,ola_sparse_bayesian_keep010_seed42,105,ola,global,,,layers.0.weight,db,17,-136.87992420043793,-135.4309034042355,-136.1554138023367,1,6.8770051440970645e-06,9.964923469387755e-05,100352
bayesfl_observability_v1,ola_sparse_bayesian_keep010_seed42,105,ola,global,,,layers.0.weight,db,18,-135.4309034042355,-133.9818826080331,-134.7063930061343,1,6.8770051440972e-06,0.0001096141581632653,100352
bayesfl_observability_v1,ola_sparse_bayesian_keep010_seed42,105,ola,global,,,layers.0.weight,db,19,-133.9818826080331,-132.53286181183066,-133.25737220993187,0,0.0,0.0001096141581632653,100352
bayesfl_observability_v1,ola_sparse_bayesian_keep010_seed42,105,ola,global,,,layers.0.weight,db,20,-132.53286181183066,-131.08384101562822,-131.80835141372944,8,5.5016041152776516e-05,0.00018933354591836734,100352
bayesfl_observability_v1,ola_sparse_bayesian_keep010_seed42,105,ola,global,,,layers.0.weight,db,21,-131.08384101562822,-129.63482021942582,-130.359330617527,7,4.81390360086804e-05,0.00025908801020408165,100352
bayesfl_observability_v1,ola_sparse_bayesian_keep010_seed42,105,ola,global,,,layers.0.weight,db,22,-129.63482021942582,-128.1857994232234,-128.9103098213246,2,1.3754010288194129e-05,0.00027901785714285713,100352
bayesfl_observability_v1,ola_sparse_bayesian_keep010_seed42,105,ola,global,,,layers.0.weight,db,23,-128.1857994232234,-126.73677862702095,-127.46128902512217,5,3.438502572048532e-05,0.0003288424744897959,100352
bayesfl_observability_v1,ola_sparse_bayesian_keep010_seed42,105,ola,global,,,layers.0.weight,db,24,-126.73677862702095,-125.28775783081852,-126.01226822891974,13,8.940106687326184e-05,0.00045838647959183676,100352
bayesfl_observability_v1,ola_sparse_bayesian_keep010_seed42,105,ola,global,,,layers.0.weight,db,25,-125.28775783081852,-123.8387370346161,-124.5632474327173,8,5.501604115277706e-05,0.0005381058673469387,100352
bayesfl_observability_v1,ola_sparse_bayesian_keep010_seed42,105,ola,global,,,layers.0.weight,db,26,-123.8387370346161,-122.38971623841368,-123.1142266365149,13,8.940106687326271e-05,0.0006676498724489796,100352
bayesfl_observability_v1,ola_sparse_bayesian_keep010_seed42,105,ola,global,,,layers.0.weight,db,27,-122.38971623841368,-120.94069544221125,-121.66520584031247,13,8.940106687326184e-05,0.0007971938775510204,100352
bayesfl_observability_v1,ola_sparse_bayesian_keep010_seed42,105,ola,global,,,layers.0.weight,db,28,-120.94069544221125,-119.49167464600882,-120.21618504411003,8,5.5016041152776516e-05,0.0008769132653061224,100352
bayesfl_observability_v1,ola_sparse_bayesian_keep010_seed42,105,ola,global,,,layers.0.weight,db,29,-119.49167464600882,-118.0426538498064,-118.7671642479076,15,0.00010315507716145698,0.0010263871173469387,100352
bayesfl_observability_v1,ola_sparse_bayesian_keep010_seed42,105,ola,global,,,layers.0.weight,db,30,-118.0426538498064,-116.59363305360398,-117.3181434517052,14,9.627807201735985e-05,0.0011658960459183674,100352
bayesfl_observability_v1,ola_sparse_bayesian_keep010_seed42,105,ola,global,,,layers.0.weight,db,31,-116.59363305360398,-115.14461225740155,-115.86912265550276,18,0.00012378609259374717,0.001345264668367347,100352
bayesfl_observability_v1,ola_sparse_bayesian_keep010_seed42,105,ola,global,,,layers.0.weight,db,32,-115.14461225740155,-113.69559146119911,-114.42010185930033,25,0.0001719251286024266,0.0015943877551020409,100352
bayesfl_observability_v1,ola_sparse_bayesian_keep010_seed42,105,ola,global,,,layers.0.weight,db,33,-113.69559146119911,-112.2465706649967,-112.9710810630979,34,0.00023381817489930248,0.0019331951530612245,100352
bayesfl_observability_v1,ola_sparse_bayesian_keep010_seed42,105,ola,global,,,layers.0.weight,db,34,-112.2465706649967,-110.79754986879428,-111.5220602668955,33,0.00022694116975520537,0.0022620376275510204,100352
bayesfl_observability_v1,ola_sparse_bayesian_keep010_seed42,105,ola,global,,,layers.0.weight,db,35,-110.79754986879428,-109.34852907259184,-110.07303947069306,46,0.000316342236628465,0.002720424107142857,100352
bayesfl_observability_v1,ola_sparse_bayesian_keep010_seed42,105,ola,global,,,layers.0.weight,db,36,-109.34852907259184,-107.89950827638941,-108.62401867449063,35,0.00024069518004339726,0.0030691964285714285,100352
bayesfl_observability_v1,ola_sparse_bayesian_keep010_seed42,105,ola,global,,,layers.0.weight,db,37,-107.89950827638941,-106.450487480187,-107.1749978782882,59,0.0004057433035017308,0.003657126913265306,100352
bayesfl_observability_v1,ola_sparse_bayesian_keep010_seed42,105,ola,global,,,layers.0.weight,db,38,-106.450487480187,-105.00146668398457,-105.72597708208579,73,0.0005020213755190906,0.004384566326530612,100352
bayesfl_observability_v1,ola_sparse_bayesian_keep010_seed42,105,ola,global,,,layers.0.weight,db,39,-105.00146668398457,-103.55244588778214,-104.27695628588336,79,0.0005432834063836681,0.005171795280612245,100352
bayesfl_observability_v1,ola_sparse_bayesian_keep010_seed42,105,ola,global,,,layers.0.weight,db,40,-103.55244588778214,-102.10342509157971,-102.82793548968093,78,0.0005364064012395711,0.00594905931122449,100352
bayesfl_observability_v1,ola_sparse_bayesian_keep010_seed42,105,ola,global,,,layers.0.weight,db,41,-102.10342509157971,-100.65440429537729,-101.37891469347849,105,0.0007220855401301988,0.006995376275510204,100352
bayesfl_observability_v1,ola_sparse_bayesian_keep010_seed42,105,ola,global,,,layers.0.weight,db,42,-100.65440429537729,-99.20538349917487,-99.92989389727609,102,0.0007014545246979075,0.008011798469387755,100352
bayesfl_observability_v1,ola_sparse_bayesian_keep010_seed42,105,ola,global,,,layers.0.weight,db,43,-99.20538349917487,-97.75636270297244,-98.48087310107366,131,0.0009008876738767155,0.00931720344387755,100352
bayesfl_observability_v1,ola_sparse_bayesian_keep010_seed42,105,ola,global,,,layers.0.weight,db,44,-97.75636270297244,-96.30734190677,-97.03185230487122,195,0.0013410160030989276,0.011260363520408163,100352
bayesfl_observability_v1,ola_sparse_bayesian_keep010_seed42,105,ola,global,,,layers.0.weight,db,45,-96.30734190677,-94.85832111056759,-95.58283150866879,215,0.0014785561059808834,0.013402822066326531,100352
bayesfl_observability_v1,ola_sparse_bayesian_keep010_seed42,105,ola,global,,,layers.0.weight,db,46,-94.85832111056759,-93.40930031436517,-94.13381071246638,230,0.0015817111831423405,0.015694754464285716,100352
bayesfl_observability_v1,ola_sparse_bayesian_keep010_seed42,105,ola,global,,,layers.0.weight,db,47,-93.40930031436517,-91.96027951816274,-92.68478991626395,257,0.0017673903220329456,0.018255739795918366,100352
bayesfl_observability_v1,ola_sparse_bayesian_keep010_seed42,105,ola,global,,,layers.0.weight,db,48,-91.96027951816274,-90.5112587219603,-91.23576912006152,290,0.0019943314917881486,0.021145567602040817,100352
bayesfl_observability_v1,ola_sparse_bayesian_keep010_seed42,105,ola,global,,,layers.0.weight,db,49,-90.5112587219603,-89.06223792575788,-89.78674832385909,355,0.0024413368261544817,0.02468311543367347,100352
bayesfl_observability_v1,ola_sparse_bayesian_keep010_seed42,105,ola,global,,,layers.0.weight,db,50,-89.06223792575788,-87.61321712955547,-88.33772752765668,453,0.003115283330276001,0.02919722576530612,100352
bayesfl_observability_v1,ola_sparse_bayesian_keep010_seed42,105,ola,global,,,layers.0.weight,db,51,-87.61321712955547,-86.16419633335303,-86.88870673145425,513,0.003527903638921794,0.03430923150510204,100352
bayesfl_observability_v1,ola_sparse_bayesian_keep010_seed42,105,ola,global,,,layers.0.weight,db,52,-86.16419633335303,-84.7151755371506,-85.43968593525182,598,0.004112449076170045,0.04026825573979592,100352
bayesfl_observability_v1,ola_sparse_bayesian_keep010_seed42,105,ola,global,,,layers.0.weight,db,53,-84.7151755371506,-83.26615474094818,-83.99066513904938,705,0.004848288626588478,0.04729352678571429,100352
bayesfl_observability_v1,ola_sparse_bayesian_keep010_seed42,105,ola,global,,,layers.0.weight,db,54,-83.26615474094818,-81.81713394474576,-82.54164434284698,807,0.0055497431512863855,0.0553352200255102,100352
bayesfl_observability_v1,ola_sparse_bayesian_keep010_seed42,105,ola,global,,,layers.0.weight,db,55,-81.81713394474576,-80.36811314854333,-81.09262354664455,1062,0.007303379463031083,0.06591796875,100352
bayesfl_observability_v1,ola_sparse_bayesian_keep010_seed42,105,ola,global,,,layers.0.weight,db,56,-80.36811314854333,-78.9190923523409,-79.64360275044211,1223,0.00841057729123071,0.07810507015306123,100352
bayesfl_observability_v1,ola_sparse_bayesian_keep010_seed42,105,ola,global,,,layers.0.weight,db,57,-78.9190923523409,-77.47007155613848,-78.19458195423968,1402,0.00964156121202418,0.09207589285714286,100352
bayesfl_observability_v1,ola_sparse_bayesian_keep010_seed42,105,ola,global,,,layers.0.weight,db,58,-77.47007155613848,-76.02105075993606,-76.74556115803728,1733,0.01191784991472033,0.10934510522959184,100352
bayesfl_observability_v1,ola_sparse_bayesian_keep010_seed42,105,ola,global,,,layers.0.weight,db,59,-76.02105075993606,-74.57202996373363,-75.29654036183484,1926,0.013245111907530947,0.12853754783163265,100352
bayesfl_observability_v1,ola_sparse_bayesian_keep010_seed42,105,ola,global,,,layers.0.weight,db,60,-74.57202996373363,-73.1230091675312,-73.84751956563241,2392,0.01644979630468018,0.15237364477040816,100352
bayesfl_observability_v1,ola_sparse_bayesian_keep010_seed42,105,ola,global,,,layers.0.weight,db,61,-73.1230091675312,-71.67398837132878,-72.39849876942998,2758,0.01896678018741989,0.17985690369897958,100352
bayesfl_observability_v1,ola_sparse_bayesian_keep010_seed42,105,ola,global,,,layers.0.weight,db,62,-71.67398837132878,-70.22496757512636,-70.94947797322757,3235,0.022247111641154223,0.21209343112244897,100352
bayesfl_observability_v1,ola_sparse_bayesian_keep010_seed42,105,ola,global,,,layers.0.weight,db,63,-70.22496757512636,-68.77594677892392,-69.50045717702514,3945,0.02712978529346292,0.2514050542091837,100352
bayesfl_observability_v1,ola_sparse_bayesian_keep010_seed42,105,ola,global,,,layers.0.weight,db,64,-68.77594677892392,-67.32692598272149,-68.05143638082271,4729,0.03252135732643502,0.2985291772959184,100352
bayesfl_observability_v1,ola_sparse_bayesian_keep010_seed42,105,ola,global,,,layers.0.weight,db,65,-67.32692598272149,-65.87790518651907,-66.60241558462027,5546,0.03813987052916269,0.35379464285714285,100352
bayesfl_observability_v1,ola_sparse_bayesian_keep010_seed42,105,ola,global,,,layers.0.weight,db,66,-65.87790518651907,-64.42888439031665,-65.15339478841787,6432,0.044232897086832756,0.4178890306122449,100352
bayesfl_observability_v1,ola_sparse_bayesian_keep010_seed42,105,ola,global,,,layers.0.weight,db,67,-64.42888439031665,-62.97986359411422,-63.70437399221544,7465,0.05133684340068459,0.49227718431122447,100352
bayesfl_observability_v1,ola_sparse_bayesian_keep010_seed42,105,ola,global,,,layers.0.weight,db,68,-62.97986359411422,-61.53084279791179,-62.255353196013004,8661,0.059561741553024676,0.5785833864795918,100352
bayesfl_observability_v1,ola_sparse_bayesian_keep010_seed42,105,ola,global,,,layers.0.weight,db,69,-61.53084279791179,-60.08182200170937,-60.80633239981058,10477,0.07205038289470565,0.6829858896683674,100352
bayesfl_observability_v1,ola_sparse_bayesian_keep010_seed42,105,ola,global,,,layers.0.weight,db,70,-60.08182200170937,-58.63280120550695,-59.35731160360816,10090,0.06938898190394006,0.7835319674744898,100352
bayesfl_observability_v1,ola_sparse_bayesian_keep010_seed42,105,ola,global,,,layers.0.weight,db,71,-58.63280120550695,-57.18378040930452,-57.908290807405734,6431,0.04422602008168822,0.8476163903061225,100352
bayesfl_observability_v1,ola_sparse_bayesian_keep010_seed42,105,ola,global,,,layers.0.weight,db,72,-57.18378040930452,-55.734759613102085,-56.4592700112033,4892,0.03364230916492284,0.8963647959183674,100352
bayesfl_observability_v1,ola_sparse_bayesian_keep010_seed42,105,ola,global,,,layers.0.weight,db,73,-55.734759613102085,-54.285738816899666,-55.010249215000876,4114,0.028291999162815603,0.9373604910714286,100352
bayesfl_observability_v1,ola_sparse_bayesian_keep010_seed42,105,ola,global,,,layers.0.weight,db,74,-54.285738816899666,-52.83671802069725,-53.56122841879846,3110,0.02138748599814208,0.9683514030612245,100352
bayesfl_observability_v1,ola_sparse_bayesian_keep010_seed42,105,ola,global,,,layers.0.weight,db,75,-52.83671802069725,-51.387697224494815,-52.11220762259603,1875,0.012894384645181996,0.9870356345663265,100352
bayesfl_observability_v1,ola_sparse_bayesian_keep010_seed42,105,ola,global,,,layers.0.weight,db,76,-51.387697224494815,-49.93867642829238,-50.6631868263936,875,0.006017379501084932,0.9957549426020408,100352
bayesfl_observability_v1,ola_sparse_bayesian_keep010_seed42,105,ola,global,,,layers.0.weight,db,77,-49.93867642829238,-48.48965563208996,-49.21416603019117,328,0.0022556576872638594,0.9990234375,100352
bayesfl_observability_v1,ola_sparse_bayesian_keep010_seed42,105,ola,global,,,layers.0.weight,db,78,-48.48965563208996,-47.040634835887545,-47.765145233988754,84,0.0005776684321041591,0.9998604910714286,100352
bayesfl_observability_v1,ola_sparse_bayesian_keep010_seed42,105,ola,global,,,layers.0.weight,db,79,-47.040634835887545,-45.59161403968511,-46.31612443778633,14,9.62780720173589e-05,1.0,100352
bayesfl_observability_v1,ola_sparse_bayesian_keep010_seed42,105,ola,global,,,layers.0.bias,raw,0,1.1176419698966657e-06,5.373760685849268e-05,2.7427624414194673e-05,5,742.351312523695,0.0390625,128
bayesfl_observability_v1,ola_sparse_bayesian_keep010_seed42,105,ola,global,,,layers.0.bias,raw,1,5.373760685849268e-05,0.0001063575717470887,8.004758930279069e-05,11,1633.172887552129,0.125,128
bayesfl_observability_v1,ola_sparse_bayesian_keep010_seed42,105,ola,global,,,layers.0.bias,raw,2,0.0001063575717470887,0.00015897753663568473,0.00013266755419138673,3,445.4107875142169,0.1484375,128
bayesfl_observability_v1,ola_sparse_bayesian_keep010_seed42,105,ola,global,,,layers.0.bias,raw,3,0.00015897753663568473,0.00021159750152428074,0.00018528751907998274,7,1039.2918375331733,0.203125,128
bayesfl_observability_v1,ola_sparse_bayesian_keep010_seed42,105,ola,global,,,layers.0.bias,raw,4,0.00021159750152428074,0.0002642174664128767,0.00023790748396857874,5,742.3513125236956,0.2421875,128
bayesfl_observability_v1,ola_sparse_bayesian_keep010_seed42,105,ola,global,,,layers.0.bias,raw,5,0.0002642174664128767,0.00031683743130147277,0.00029052744885717474,3,445.4107875142167,0.265625,128
bayesfl_observability_v1,ola_sparse_bayesian_keep010_seed42,105,ola,global,,,layers.0.bias,raw,6,0.00031683743130147277,0.00036945739619006877,0.00034314741374577074,0,0.0,0.265625,128
bayesfl_observability_v1,ola_sparse_bayesian_keep010_seed42,105,ola,global,,,layers.0.bias,raw,7,0.00036945739619006877,0.0004220773610786648,0.0003957673786343668,4,593.8810500189562,0.296875,128
bayesfl_observability_v1,ola_sparse_bayesian_keep010_seed42,105,ola,global,,,layers.0.bias,raw,8,0.0004220773610786648,0.0004746973259672608,0.00044838734352296275,4,593.8810500189562,0.328125,128
bayesfl_observability_v1,ola_sparse_bayesian_keep010_seed42,105,ola,global,,,layers.0.bias,raw,9,0.0004746973259672608,0.0005273172908558568,0.0005010073084115588,1,148.47026250473905,0.3359375,128
bayesfl_observability_v1,ola_sparse_bayesian_keep010_seed42,105,ola,global,,,layers.0.bias,raw,10,0.0005273172908558568,0.0005799372557444528,0.0005536272733001548,2,296.94052500947777,0.3515625,128
bayesfl_observability_v1,ola_sparse_bayesian_keep010_seed42,105,ola,global,,,layers.0.bias,raw,11,0.0005799372557444528,0.0006325572206330489,0.0006062472381887509,3,445.4107875142167,0.375,128
bayesfl_observability_v1,ola_sparse_bayesian_keep010_seed42,105,ola,global,,,layers.0.bias,raw,12,0.0006325572206330489,0.0006851771855216448,0.0006588672030773469,3,445.4107875142176,0.3984375,128
bayesfl_observability_v1,ola_sparse_bayesian_keep010_seed42,105,ola,global,,,layers.0.bias,raw,13,0.0006851771855216448,0.0007377971504102409,0.0007114871679659428,2,296.94052500947777,0.4140625,128
bayesfl_observability_v1,ola_sparse_bayesian_keep010_seed42,105,ola,global,,,layers.0.bias,raw,14,0.0007377971504102409,0.0007904171152988368,0.0007641071328545389,4,593.8810500189568,0.4453125,128
bayesfl_observability_v1,ola_sparse_bayesian_keep010_seed42,105,ola,global,,,layers.0.bias,raw,15,0.0007904171152988368,0.0008430370801874329,0.0008167270977431349,7,1039.2918375331722,0.5,128
bayesfl_observability_v1,ola_sparse_bayesian_keep010_seed42,105,ola,global,,,layers.0.bias,raw,16,0.0008430370801874329,0.000895657045076029,0.0008693470626317309,3,445.4107875142167,0.5234375,128
bayesfl_observability_v1,ola_sparse_bayesian_keep010_seed42,105,ola,global,,,layers.0.bias,raw,17,0.000895657045076029,0.0009482770099646249,0.0009219670275203269,5,742.3513125236959,0.5625,128
bayesfl_observability_v1,ola_sparse_bayesian_keep010_seed42,105,ola,global,,,layers.0.bias,raw,18,0.0009482770099646249,0.001000896974853221,0.000974586992408923,7,1039.2918375331722,0.6171875,128
bayesfl_observability_v1,ola_sparse_bayesian_keep010_seed42,105,ola,global,,,layers.0.bias,raw,19,0.001000896974853221,0.001053516939741817,0.001027206957297519,0,0.0,0.6171875,128
bayesfl_observability_v1,ola_sparse_bayesian_keep010_seed42,105,ola,global,,,layers.0.bias,raw,20,0.001053516939741817,0.001106136904630413,0.001079826922186115,4,593.8810500189543,0.6484375,128
bayesfl_observability_v1,ola_sparse_bayesian_keep010_seed42,105,ola,global,,,layers.0.bias,raw,21,0.001106136904630413,0.001158756869519009,0.001132446887074711,2,296.9405250094784,0.6640625,128
bayesfl_observability_v1,ola_sparse_bayesian_keep010_seed42,105,ola,global,,,layers.0.bias,raw,22,0.001158756869519009,0.001211376834407605,0.001185066851963307,5,742.3513125236959,0.703125,128
bayesfl_observability_v1,ola_sparse_bayesian_keep010_seed42,105,ola,global,,,layers.0.bias,raw,23,0.001211376834407605,0.0012639967992962011,0.001237686816851903,0,0.0,0.703125,128
bayesfl_observability_v1,ola_sparse_bayesian_keep010_seed42,105,ola,global,,,layers.0.bias,raw,24,0.0012639967992962011,0.001316616764184797,0.0012903067817404991,3,445.4107875142176,0.7265625,128
bayesfl_observability_v1,ola_sparse_bayesian_keep010_seed42,105,ola,global,,,layers.0.bias,raw,25,0.001316616764184797,0.001369236729073393,0.001342926746629095,0,0.0,0.7265625,128
bayesfl_observability_v1,ola_sparse_bayesian_keep010_seed42,105,ola,global,,,layers.0.bias,raw,26,0.001369236729073393,0.001421856693961989,0.001395546711517691,2,296.9405250094784,0.7421875,128
bayesfl_observability_v1,ola_sparse_bayesian_keep010_seed42,105,ola,global,,,layers.0.bias,raw,27,0.001421856693961989,0.0014744766588505852,0.0014481666764062872,3,445.41078751421577,0.765625,128
bayesfl_observability_v1,ola_sparse_bayesian_keep010_seed42,105,ola,global,,,layers.0.bias,raw,28,0.0014744766588505852,0.001527096623739181,0.0015007866412948831,3,445.4107875142176,0.7890625,128
bayesfl_observability_v1,ola_sparse_bayesian_keep010_seed42,105,ola,global,,,layers.0.bias,raw,29,0.001527096623739181,0.001579716588627777,0.001553406606183479,4,593.8810500189568,0.8203125,128
bayesfl_observability_v1,ola_sparse_bayesian_keep010_seed42,105,ola,global,,,layers.0.bias,raw,30,0.001579716588627777,0.0016323365535163732,0.001606026571072075,4,593.8810500189543,0.8515625,128
bayesfl_observability_v1,ola_sparse_bayesian_keep010_seed42,105,ola,global,,,layers.0.bias,raw,31,0.0016323365535163732,0.0016849565184049692,0.0016586465359606712,0,0.0,0.8515625,128
bayesfl_observability_v1,ola_sparse_bayesian_keep010_seed42,105,ola,global,,,layers.0.bias,raw,32,0.0016849565184049692,0.0017375764832935651,0.0017112665008492671,1,148.4702625047392,0.859375,128
bayesfl_observability_v1,ola_sparse_bayesian_keep010_seed42,105,ola,global,,,layers.0.bias,raw,33,0.0017375764832935651,0.0017901964481821613,0.0017638864657378633,1,148.47026250473857,0.8671875,128
bayesfl_observability_v1,ola_sparse_bayesian_keep010_seed42,105,ola,global,,,layers.0.bias,raw,34,0.0017901964481821613,0.0018428164130707572,0.0018165064306264593,3,445.4107875142176,0.890625,128
bayesfl_observability_v1,ola_sparse_bayesian_keep010_seed42,105,ola,global,,,layers.0.bias,raw,35,0.0018428164130707572,0.0018954363779593532,0.0018691263955150552,2,296.9405250094784,0.90625,128
bayesfl_observability_v1,ola_sparse_bayesian_keep010_seed42,105,ola,global,,,layers.0.bias,raw,36,0.0018954363779593532,0.0019480563428479493,0.0019217463604036512,0,0.0,0.90625,128
bayesfl_observability_v1,ola_sparse_bayesian_keep010_seed42,105,ola,global,,,layers.0.bias,raw,37,0.0019480563428479493,0.0020006763077365453,0.001974366325292247,3,445.4107875142176,0.9296875,128
bayesfl_observability_v1,ola_sparse_bayesian_keep010_seed42,105,ola,global,,,layers.0.bias,raw,38,0.0020006763077365453,0.0020532962726251412,0.0020269862901808435,1,148.4702625047392,0.9375,128
bayesfl_observability_v1,ola_sparse_bayesian_keep010_seed42,105,ola,global,,,layers.0.bias,raw,39,0.0020532962726251412,0.002105916237513737,0.002079606255069439,0,0.0,0.9375,128
bayesfl_observability_v1,ola_sparse_bayesian_keep010_seed42,105,ola,global,,,layers.0.bias,raw,40,0.002105916237513737,0.002158536202402333,0.0021322262199580354,1,148.4702625047392,0.9453125,128
bayesfl_observability_v1,ola_sparse_bayesian_keep010_seed42,105,ola,global,,,layers.0.bias,raw,41,0.002158536202402333,0.0022111561672909295,0.0021848461848466313,1,148.47026250473797,0.953125,128
bayesfl_observability_v1,ola_sparse_bayesian_keep010_seed42,105,ola,global,,,layers.0.bias,raw,42,0.0022111561672909295,0.0022637761321795255,0.0022374661497352273,1,148.4702625047392,0.9609375,128
bayesfl_observability_v1,ola_sparse_bayesian_keep010_seed42,105,ola,global,,,layers.0.bias,raw,43,0.0022637761321795255,0.0023163960970681214,0.0022900861146238237,0,0.0,0.9609375,128
bayesfl_observability_v1,ola_sparse_bayesian_keep010_seed42,105,ola,global,,,layers.0.bias,raw,44,0.0023163960970681214,0.0023690160619567174,0.002342706079512419,0,0.0,0.9609375,128
bayesfl_observability_v1,ola_sparse_bayesian_keep010_seed42,105,ola,global,,,layers.0.bias,raw,45,0.0023690160619567174,0.0024216360268453133,0.0023953260444010156,1,148.4702625047392,0.96875,128
bayesfl_observability_v1,ola_sparse_bayesian_keep010_seed42,105,ola,global,,,layers.0.bias,raw,46,0.0024216360268453133,0.0024742559917339093,0.002447946009289611,2,296.9405250094784,0.984375,128
bayesfl_observability_v1,ola_sparse_bayesian_keep010_seed42,105,ola,global,,,layers.0.bias,raw,47,0.0024742559917339093,0.0025268759566225056,0.0025005659741782075,0,0.0,0.984375,128
bayesfl_observability_v1,ola_sparse_bayesian_keep010_seed42,105,ola,global,,,layers.0.bias,raw,48,0.0025268759566225056,0.0025794959215111016,0.002553185939066804,0,0.0,0.984375,128
bayesfl_observability_v1,ola_sparse_bayesian_keep010_seed42,105,ola,global,,,layers.0.bias,raw,49,0.0025794959215111016,0.0026321158863996975,0.0026058059039553993,0,0.0,0.984375,128
bayesfl_observability_v1,ola_sparse_bayesian_keep010_seed42,105,ola,global,,,layers.0.bias,raw,50,0.0026321158863996975,0.0026847358512882935,0.0026584258688439957,1,148.4702625047392,0.9921875,128
bayesfl_observability_v1,ola_sparse_bayesian_keep010_seed42,105,ola,global,,,layers.0.bias,raw,51,0.0026847358512882935,0.0027373558161768894,0.0027110458337325912,0,0.0,0.9921875,128
bayesfl_observability_v1,ola_sparse_bayesian_keep010_seed42,105,ola,global,,,layers.0.bias,raw,52,0.0027373558161768894,0.0027899757810654854,0.0027636657986211876,0,0.0,0.9921875,128
bayesfl_observability_v1,ola_sparse_bayesian_keep010_seed42,105,ola,global,,,layers.0.bias,raw,53,0.0027899757810654854,0.0028425957459540813,0.002816285763509783,0,0.0,0.9921875,128
bayesfl_observability_v1,ola_sparse_bayesian_keep010_seed42,105,ola,global,,,layers.0.bias,raw,54,0.0028425957459540813,0.0028952157108426777,0.0028689057283983795,0,0.0,0.9921875,128
bayesfl_observability_v1,ola_sparse_bayesian_keep010_seed42,105,ola,global,,,layers.0.bias,raw,55,0.0028952157108426777,0.0029478356757312737,0.002921525693286976,0,0.0,0.9921875,128
bayesfl_observability_v1,ola_sparse_bayesian_keep010_seed42,105,ola,global,,,layers.0.bias,raw,56,0.0029478356757312737,0.0030004556406198696,0.0029741456581755714,0,0.0,0.9921875,128
bayesfl_observability_v1,ola_sparse_bayesian_keep010_seed42,105,ola,global,,,layers.0.bias,raw,57,0.0030004556406198696,0.0030530756055084656,0.003026765623064168,0,0.0,0.9921875,128
bayesfl_observability_v1,ola_sparse_bayesian_keep010_seed42,105,ola,global,,,layers.0.bias,raw,58,0.0030530756055084656,0.0031056955703970615,0.0030793855879527633,0,0.0,0.9921875,128
bayesfl_observability_v1,ola_sparse_bayesian_keep010_seed42,105,ola,global,,,layers.0.bias,raw,59,0.0031056955703970615,0.0031583155352856575,0.0031320055528413597,0,0.0,0.9921875,128
bayesfl_observability_v1,ola_sparse_bayesian_keep010_seed42,105,ola,global,,,layers.0.bias,raw,60,0.0031583155352856575,0.003210935500174254,0.0031846255177299557,0,0.0,0.9921875,128
bayesfl_observability_v1,ola_sparse_bayesian_keep010_seed42,105,ola,global,,,layers.0.bias,raw,61,0.003210935500174254,0.00326355546506285,0.0032372454826185516,0,0.0,0.9921875,128
bayesfl_observability_v1,ola_sparse_bayesian_keep010_seed42,105,ola,global,,,layers.0.bias,raw,62,0.00326355546506285,0.0033161754299514457,0.003289865447507148,0,0.0,0.9921875,128
bayesfl_observability_v1,ola_sparse_bayesian_keep010_seed42,105,ola,global,,,layers.0.bias,raw,63,0.0033161754299514457,0.0033687953948400417,0.0033424854123957435,0,0.0,0.9921875,128
bayesfl_observability_v1,ola_sparse_bayesian_keep010_seed42,105,ola,global,,,layers.0.bias,raw,64,0.0033687953948400417,0.0034214153597286376,0.00339510537728434,0,0.0,0.9921875,128
bayesfl_observability_v1,ola_sparse_bayesian_keep010_seed42,105,ola,global,,,layers.0.bias,raw,65,0.0034214153597286376,0.0034740353246172336,0.0034477253421729354,0,0.0,0.9921875,128
bayesfl_observability_v1,ola_sparse_bayesian_keep010_seed42,105,ola,global,,,layers.0.bias,raw,66,0.0034740353246172336,0.0035266552895058295,0.0035003453070615318,0,0.0,0.9921875,128
bayesfl_observability_v1,ola_sparse_bayesian_keep010_seed42,105,ola,global,,,layers.0.bias,raw,67,0.0035266552895058295,0.003579275254394426,0.0035529652719501277,0,0.0,0.9921875,128
bayesfl_observability_v1,ola_sparse_bayesian_keep010_seed42,105,ola,global,,,layers.0.bias,raw,68,0.003579275254394426,0.003631895219283022,0.0036055852368387237,0,0.0,0.9921875,128
bayesfl_observability_v1,ola_sparse_bayesian_keep010_seed42,105,ola,global,,,layers.0.bias,raw,69,0.003631895219283022,0.003684515184171618,0.00365820520172732,0,0.0,0.9921875,128
bayesfl_observability_v1,ola_sparse_bayesian_keep010_seed42,105,ola,global,,,layers.0.bias,raw,70,0.003684515184171618,0.0037371351490602138,0.0037108251666159156,0,0.0,0.9921875,128
bayesfl_observability_v1,ola_sparse_bayesian_keep010_seed42,105,ola,global,,,layers.0.bias,raw,71,0.0037371351490602138,0.0037897551139488097,0.003763445131504512,0,0.0,0.9921875,128
bayesfl_observability_v1,ola_sparse_bayesian_keep010_seed42,105,ola,global,,,layers.0.bias,raw,72,0.0037897551139488097,0.0038423750788374057,0.0038160650963931075,0,0.0,0.9921875,128
bayesfl_observability_v1,ola_sparse_bayesian_keep010_seed42,105,ola,global,,,layers.0.bias,raw,73,0.0038423750788374057,0.003894995043726002,0.003868685061281704,0,0.0,0.9921875,128
bayesfl_observability_v1,ola_sparse_bayesian_keep010_seed42,105,ola,global,,,layers.0.bias,raw,74,0.003894995043726002,0.0039476150086145976,0.0039213050261703,0,0.0,0.9921875,128
bayesfl_observability_v1,ola_sparse_bayesian_keep010_seed42,105,ola,global,,,layers.0.bias,raw,75,0.0039476150086145976,0.004000234973503194,0.003973924991058896,0,0.0,0.9921875,128
bayesfl_observability_v1,ola_sparse_bayesian_keep010_seed42,105,ola,global,,,layers.0.bias,raw,76,0.004000234973503194,0.00405285493839179,0.004026544955947492,0,0.0,0.9921875,128
bayesfl_observability_v1,ola_sparse_bayesian_keep010_seed42,105,ola,global,,,layers.0.bias,raw,77,0.00405285493839179,0.004105474903280386,0.004079164920836088,0,0.0,0.9921875,128
bayesfl_observability_v1,ola_sparse_bayesian_keep010_seed42,105,ola,global,,,layers.0.bias,raw,78,0.004105474903280386,0.004158094868168982,0.004131784885724684,0,0.0,0.9921875,128
bayesfl_observability_v1,ola_sparse_bayesian_keep010_seed42,105,ola,global,,,layers.0.bias,raw,79,0.004158094868168982,0.004210714833057578,0.00418440485061328,1,148.47026250474042,1.0,128
bayesfl_observability_v1,ola_sparse_bayesian_keep010_seed42,105,ola,global,,,layers.0.bias,db,0,-119.03393818601161,-118.13992500110918,-118.5869315935604,1,0.008738685437679087,0.0078125,128
bayesfl_observability_v1,ola_sparse_bayesian_keep010_seed42,105,ola,global,,,layers.0.bias,db,1,-118.13992500110918,-117.24591181620673,-117.69291840865796,0,0.0,0.0078125,128
bayesfl_observability_v1,ola_sparse_bayesian_keep010_seed42,105,ola,global,,,layers.0.bias,db,2,-117.24591181620673,-116.3518986313043,-116.79890522375551,0,0.0,0.0078125,128
bayesfl_observability_v1,ola_sparse_bayesian_keep010_seed42,105,ola,global,,,layers.0.bias,db,3,-116.3518986313043,-115.45788544640186,-115.90489203885308,0,0.0,0.0078125,128
bayesfl_observability_v1,ola_sparse_bayesian_keep010_seed42,105,ola,global,,,layers.0.bias,db,4,-115.45788544640186,-114.56387226149941,-115.01087885395063,0,0.0,0.0078125,128
bayesfl_observability_v1,ola_sparse_bayesian_keep010_seed42,105,ola,global,,,layers.0.bias,db,5,-114.56387226149941,-113.66985907659698,-114.1168656690482,0,0.0,0.0078125,128
bayesfl_observability_v1,ola_sparse_bayesian_keep010_seed42,105,ola,global,,,layers.0.bias,db,6,-113.66985907659698,-112.77584589169453,-113.22285248414576,0,0.0,0.0078125,128
bayesfl_observability_v1,ola_sparse_bayesian_keep010_seed42,105,ola,global,,,layers.0.bias,db,7,-112.77584589169453,-111.8818327067921,-112.32883929924331,0,0.0,0.0078125,128
bayesfl_observability_v1,ola_sparse_bayesian_keep010_seed42,105,ola,global,,,layers.0.bias,db,8,-111.8818327067921,-110.98781952188966,-111.43482611434088,0,0.0,0.0078125,128
bayesfl_observability_v1,ola_sparse_bayesian_keep010_seed42,105,ola,global,,,layers.0.bias,db,9,-110.98781952188966,-110.09380633698721,-110.54081292943843,0,0.0,0.0078125,128
bayesfl_observability_v1,ola_sparse_bayesian_keep010_seed42,105,ola,global,,,layers.0.bias,db,10,-110.09380633698721,-109.19979315208478,-109.646799744536,0,0.0,0.0078125,128
bayesfl_observability_v1,ola_sparse_bayesian_keep010_seed42,105,ola,global,,,layers.0.bias,db,11,-109.19979315208478,-108.30577996718233,-108.75278655963356,0,0.0,0.0078125,128
bayesfl_observability_v1,ola_sparse_bayesian_keep010_seed42,105,ola,global,,,layers.0.bias,db,12,-108.30577996718233,-107.4117667822799,-107.85877337473111,0,0.0,0.0078125,128
bayesfl_observability_v1,ola_sparse_bayesian_keep010_seed42,105,ola,global,,,layers.0.bias,db,13,-107.4117667822799,-106.51775359737746,-106.96476018982868,0,0.0,0.0078125,128
bayesfl_observability_v1,ola_sparse_bayesian_keep010_seed42,105,ola,global,,,layers.0.bias,db,14,-106.51775359737746,-105.62374041247502,-106.07074700492623,0,0.0,0.0078125,128
bayesfl_observability_v1,ola_sparse_bayesian_keep010_seed42,105,ola,global,,,layers.0.bias,db,15,-105.62374041247502,-104.72972722757258,-105.1767338200238,0,0.0,0.0078125,128
bayesfl_observability_v1,ola_sparse_bayesian_keep010_seed42,105,ola,global,,,layers.0.bias,db,16,-104.72972722757258,-103.83571404267015,-104.28272063512136,0,0.0,0.0078125,128
bayesfl_observability_v1,ola_sparse_bayesian_keep010_seed42,105,ola,global,,,layers.0.bias,db,17,-103.83571404267015,-102.9417008577677,-103.38870745021893,0,0.0,0.0078125,128
bayesfl_observability_v1,ola_sparse_bayesian_keep010_seed42,105,ola,global,,,layers.0.bias,db,18,-102.9417008577677,-102.04768767286527,-102.49469426531648,0,0.0,0.0078125,128
bayesfl_observability_v1,ola_sparse_bayesian_keep010_seed42,105,ola,global,,,layers.0.bias,db,19,-102.04768767286527,-101.15367448796283,-101.60068108041405,1,0.008738685437679087,0.015625,128
bayesfl_observability_v1,ola_sparse_bayesian_keep010_seed42,105,ola,global,,,layers.0.bias,db,20,-101.15367448796283,-100.25966130306038,-100.7066678955116,0,0.0,0.015625,128
bayesfl_observability_v1,ola_sparse_bayesian_keep010_seed42,105,ola,global,,,layers.0.bias,db,21,-100.25966130306038,-99.36564811815795,-99.81265471060917,0,0.0,0.015625,128
bayesfl_observability_v1,ola_sparse_bayesian_keep010_seed42,105,ola,global,,,layers.0.bias,db,22,-99.36564811815795,-98.4716349332555,-98.91864152570673,0,0.0,0.015625,128
bayesfl_observability_v1,ola_sparse_bayesian_keep010_seed42,105,ola,global,,,layers.0.bias,db,23,-98.4716349332555,-97.57762174835307,-98.02462834080428,0,0.0,0.015625,128
bayesfl_observability_v1,ola_sparse_bayesian_keep010_seed42,105,ola,global,,,layers.0.bias,db,24,-97.57762174835307,-96.68360856345063,-97.13061515590185,0,0.0,0.015625,128
bayesfl_observability_v1,ola_sparse_bayesian_keep010_seed42,105,ola,global,,,layers.0.bias,db,25,-96.68360856345063,-95.78959537854819,-96.2366019709994,0,0.0,0.015625,128
bayesfl_observability_v1,ola_sparse_bayesian_keep010_seed42,105,ola,global,,,layers.0.bias,db,26,-95.78959537854819,-94.89558219364575,-95.34258878609697,0,0.0,0.015625,128
bayesfl_observability_v1,ola_sparse_bayesian_keep010_seed42,105,ola,global,,,layers.0.bias,db,27,-94.89558219364575,-94.0015690087433,-94.44857560119453,0,0.0,0.015625,128
bayesfl_observability_v1,ola_sparse_bayesian_keep010_seed42,105,ola,global,,,layers.0.bias,db,28,-94.0015690087433,-93.10755582384087,-93.55456241629209,0,0.0,0.015625,128
bayesfl_observability_v1,ola_sparse_bayesian_keep010_seed42,105,ola,global,,,layers.0.bias,db,29,-93.10755582384087,-92.21354263893843,-92.66054923138965,0,0.0,0.015625,128
bayesfl_observability_v1,ola_sparse_bayesian_keep010_seed42,105,ola,global,,,layers.0.bias,db,30,-92.21354263893843,-91.319529454036,-91.76653604648722,0,0.0,0.015625,128
bayesfl_observability_v1,ola_sparse_bayesian_keep010_seed42,105,ola,global,,,layers.0.bias,db,31,-91.319529454036,-90.42551626913355,-90.87252286158477,1,0.008738685437678946,0.0234375,128
bayesfl_observability_v1,ola_sparse_bayesian_keep010_seed42,105,ola,global,,,layers.0.bias,db,32,-90.42551626913355,-89.5315030842311,-89.97850967668234,0,0.0,0.0234375,128
bayesfl_observability_v1,ola_sparse_bayesian_keep010_seed42,105,ola,global,,,layers.0.bias,db,33,-89.5315030842311,-88.63748989932867,-89.08449649177989,0,0.0,0.0234375,128
bayesfl_observability_v1,ola_sparse_bayesian_keep010_seed42,105,ola,global,,,layers.0.bias,db,34,-88.63748989932867,-87.74347671442624,-88.19048330687745,0,0.0,0.0234375,128
bayesfl_observability_v1,ola_sparse_bayesian_keep010_seed42,105,ola,global,,,layers.0.bias,db,35,-87.74347671442624,-86.8494635295238,-87.29647012197502,0,0.0,0.0234375,128
bayesfl_observability_v1,ola_sparse_bayesian_keep010_seed42,105,ola,global,,,layers.0.bias,db,36,-86.8494635295238,-85.95545034462135,-86.40245693707257,2,0.017477370875357893,0.0390625,128
bayesfl_observability_v1,ola_sparse_bayesian_keep010_seed42,105,ola,global,,,layers.0.bias,db,37,-85.95545034462135,-85.06143715971892,-85.50844375217014,0,0.0,0.0390625,128
bayesfl_observability_v1,ola_sparse_bayesian_keep010_seed42,105,ola,global,,,layers.0.bias,db,38,-85.06143715971892,-84.16742397481647,-84.6144305672677,2,0.017477370875357893,0.0546875,128
bayesfl_observability_v1,ola_sparse_bayesian_keep010_seed42,105,ola,global,,,layers.0.bias,db,39,-84.16742397481647,-83.27341078991404,-83.72041738236526,2,0.017477370875358174,0.0703125,128
bayesfl_observability_v1,ola_sparse_bayesian_keep010_seed42,105,ola,global,,,layers.0.bias,db,40,-83.27341078991404,-82.3793976050116,-82.82640419746282,0,0.0,0.0703125,128
bayesfl_observability_v1,ola_sparse_bayesian_keep010_seed42,105,ola,global,,,layers.0.bias,db,41,-82.3793976050116,-81.48538442010916,-81.93239101256037,0,0.0,0.0703125,128
bayesfl_observability_v1,ola_sparse_bayesian_keep010_seed42,105,ola,global,,,layers.0.bias,db,42,-81.48538442010916,-80.59137123520672,-81.03837782765794,4,0.03495474175071635,0.1015625,128
bayesfl_observability_v1,ola_sparse_bayesian_keep010_seed42,105,ola,global,,,layers.0.bias,db,43,-80.59137123520672,-79.69735805030427,-80.1443646427555,2,0.017477370875357893,0.1171875,128
bayesfl_observability_v1,ola_sparse_bayesian_keep010_seed42,105,ola,global,,,layers.0.bias,db,44,-79.69735805030427,-78.80334486540184,-79.25035145785306,1,0.008738685437679087,0.125,128
bayesfl_observability_v1,ola_sparse_bayesian_keep010_seed42,105,ola,global,,,layers.0.bias,db,45,-78.80334486540184,-77.9093316804994,-78.35633827295062,0,0.0,0.125,128
bayesfl_observability_v1,ola_sparse_bayesian_keep010_seed42,105,ola,global,,,layers.0.bias,db,46,-77.9093316804994,-77.01531849559697,-77.46232508804819,1,0.008738685437679087,0.1328125,128
bayesfl_observability_v1,ola_sparse_bayesian_keep010_seed42,105,ola,global,,,layers.0.bias,db,47,-77.01531849559697,-76.12130531069452,-76.56831190314574,1,0.008738685437678946,0.140625,128
bayesfl_observability_v1,ola_sparse_bayesian_keep010_seed42,105,ola,global,,,layers.0.bias,db,48,-76.12130531069452,-75.22729212579208,-75.6742987182433,4,0.034954741750715786,0.171875,128
bayesfl_observability_v1,ola_sparse_bayesian_keep010_seed42,105,ola,global,,,layers.0.bias,db,49,-75.22729212579208,-74.33327894088964,-74.78028553334086,2,0.017477370875358174,0.1875,128
bayesfl_observability_v1,ola_sparse_bayesian_keep010_seed42,105,ola,global,,,layers.0.bias,db,50,-74.33327894088964,-73.43926575598721,-73.88627234843842,2,0.017477370875358174,0.203125,128
bayesfl_observability_v1,ola_sparse_bayesian_keep010_seed42,105,ola,global,,,layers.0.bias,db,51,-73.43926575598721,-72.54525257108477,-72.99225916353599,1,0.008738685437679087,0.2109375,128
bayesfl_observability_v1,ola_sparse_bayesian_keep010_seed42,105,ola,global,,,layers.0.bias,db,52,-72.54525257108477,-71.65123938618233,-72.09824597863354,3,0.02621605631303684,0.234375,128
bayesfl_observability_v1,ola_sparse_bayesian_keep010_seed42,105,ola,global,,,layers.0.bias,db,53,-71.65123938618233,-70.75722620127989,-71.20423279373111,2,0.017477370875358174,0.25,128
bayesfl_observability_v1,ola_sparse_bayesian_keep010_seed42,105,ola,global,,,layers.0.bias,db,54,-70.75722620127989,-69.86321301637744,-70.31021960882867,2,0.017477370875357893,0.265625,128
bayesfl_observability_v1,ola_sparse_bayesian_keep010_seed42,105,ola,global,,,layers.0.bias,db,55,-69.86321301637744,-68.96919983147501,-69.41620642392623,0,0.0,0.265625,128
bayesfl_observability_v1,ola_sparse_bayesian_keep010_seed42,105,ola,global,,,layers.0.bias,db,56,-68.96919983147501,-68.07518664657258,-68.52219323902379,2,0.017477370875358174,0.28125,128
bayesfl_observability_v1,ola_sparse_bayesian_keep010_seed42,105,ola,global,,,layers.0.bias,db,57,-68.07518664657258,-67.18117346167013,-67.62818005412134,3,0.02621605631303684,0.3046875,128
bayesfl_observability_v1,ola_sparse_bayesian_keep010_seed42,105,ola,global,,,layers.0.bias,db,58,-67.18117346167013,-66.2871602767677,-66.73416686921891,4,0.03495474175071635,0.3359375,128
bayesfl_observability_v1,ola_sparse_bayesian_keep010_seed42,105,ola,global,,,layers.0.bias,db,59,-66.2871602767677,-65.39314709186525,-65.84015368431648,0,0.0,0.3359375,128
bayesfl_observability_v1,ola_sparse_bayesian_keep010_seed42,105,ola,global,,,layers.0.bias,db,60,-65.39314709186525,-64.49913390696281,-64.94614049941403,2,0.017477370875358174,0.3515625,128
bayesfl_observability_v1,ola_sparse_bayesian_keep010_seed42,105,ola,global,,,layers.0.bias,db,61,-64.49913390696281,-63.60512072206038,-64.0521273145116,4,0.03495474175071635,0.3828125,128
bayesfl_observability_v1,ola_sparse_bayesian_keep010_seed42,105,ola,global,,,layers.0.bias,db,62,-63.60512072206038,-62.711107537157936,-63.15811412960916,4,0.03495474175071606,0.4140625,128
bayesfl_observability_v1,ola_sparse_bayesian_keep010_seed42,105,ola,global,,,layers.0.bias,db,63,-62.711107537157936,-61.817094352255495,-62.26410094470671,7,0.06117079806375312,0.46875,128
bayesfl_observability_v1,ola_sparse_bayesian_keep010_seed42,105,ola,global,,,layers.0.bias,db,64,-61.817094352255495,-60.923081167353054,-61.37008775980428,8,0.06990948350143213,0.53125,128
bayesfl_observability_v1,ola_sparse_bayesian_keep010_seed42,105,ola,global,,,layers.0.bias,db,65,-60.923081167353054,-60.02906798245061,-60.47607457490183,9,0.07864816893911115,0.6015625,128
bayesfl_observability_v1,ola_sparse_bayesian_keep010_seed42,105,ola,global,,,layers.0.bias,db,66,-60.02906798245061,-59.13505479754818,-59.582061389999396,6,0.052432112626074515,0.6484375,128
bayesfl_observability_v1,ola_sparse_bayesian_keep010_seed42,105,ola,global,,,layers.0.bias,db,67,-59.13505479754818,-58.24104161264574,-58.68804820509696,7,0.06117079806375312,0.703125,128
bayesfl_observability_v1,ola_sparse_bayesian_keep010_seed42,105,ola,global,,,layers.0.bias,db,68,-58.24104161264574,-57.3470284277433,-57.794035020194514,3,0.02621605631303705,0.7265625,128
bayesfl_observability_v1,ola_sparse_bayesian_keep010_seed42,105,ola,global,,,layers.0.bias,db,69,-57.3470284277433,-56.45301524284086,-56.90002183529208,6,0.052432112626074515,0.7734375,128
bayesfl_observability_v1,ola_sparse_bayesian_keep010_seed42,105,ola,global,,,layers.0.bias,db,70,-56.45301524284086,-55.55900205793842,-56.006008650389646,10,0.08738685437679017,0.8515625,128
bayesfl_observability_v1,ola_sparse_bayesian_keep010_seed42,105,ola,global,,,layers.0.bias,db,71,-55.55900205793842,-54.66498887303598,-55.1119954654872,5,0.043693427188395084,0.890625,128
bayesfl_observability_v1,ola_sparse_bayesian_keep010_seed42,105,ola,global,,,layers.0.bias,db,72,-54.66498887303598,-53.77097568813355,-54.21798228058476,6,0.052432112626074515,0.9375,128
bayesfl_observability_v1,ola_sparse_bayesian_keep010_seed42,105,ola,global,,,layers.0.bias,db,73,-53.77097568813355,-52.8769625032311,-53.32396909568232,3,0.02621605631303684,0.9609375,128
bayesfl_observability_v1,ola_sparse_bayesian_keep010_seed42,105,ola,global,,,layers.0.bias,db,74,-52.8769625032311,-51.982949318328664,-52.42995591077988,3,0.026216056313037257,0.984375,128
bayesfl_observability_v1,ola_sparse_bayesian_keep010_seed42,105,ola,global,,,layers.0.bias,db,75,-51.982949318328664,-51.08893613342623,-51.53594272587745,1,0.008738685437679087,0.9921875,128
bayesfl_observability_v1,ola_sparse_bayesian_keep010_seed42,105,ola,global,,,layers.0.bias,db,76,-51.08893613342623,-50.19492294852378,-50.641929540975006,0,0.0,0.9921875,128
bayesfl_observability_v1,ola_sparse_bayesian_keep010_seed42,105,ola,global,,,layers.0.bias,db,77,-50.19492294852378,-49.30090976362135,-49.747916356072565,0,0.0,0.9921875,128
bayesfl_observability_v1,ola_sparse_bayesian_keep010_seed42,105,ola,global,,,layers.0.bias,db,78,-49.30090976362135,-48.4068965787189,-48.853903171170124,0,0.0,0.9921875,128
bayesfl_observability_v1,ola_sparse_bayesian_keep010_seed42,105,ola,global,,,layers.0.bias,db,79,-48.4068965787189,-47.51288339381646,-47.95988998626768,1,0.008738685437679016,1.0,128
bayesfl_observability_v1,ola_sparse_bayesian_keep010_seed42,105,ola,global,,,layers.1.weight,raw,0,6.363980279120559e-06,0.0011896648153696006,0.0005980143978243606,166,109.59808034791385,0.1296875,1280
bayesfl_observability_v1,ola_sparse_bayesian_keep010_seed42,105,ola,global,,,layers.1.weight,raw,1,0.0011896648153696006,0.0023729656504600806,0.0017813152329148405,150,99.03440995293421,0.246875,1280
bayesfl_observability_v1,ola_sparse_bayesian_keep010_seed42,105,ola,global,,,layers.1.weight,raw,2,0.0023729656504600806,0.0035562664855505605,0.0029646160680053208,133,87.81051015826836,0.35078125,1280
bayesfl_observability_v1,ola_sparse_bayesian_keep010_seed42,105,ola,global,,,layers.1.weight,raw,3,0.0035562664855505605,0.004739567320641041,0.004147916903095801,120,79.22752796234735,0.44453125,1280
bayesfl_observability_v1,ola_sparse_bayesian_keep010_seed42,105,ola,global,,,layers.1.weight,raw,4,0.004739567320641041,0.005922868155731521,0.00533121773818628,136,89.791198357327,0.55078125,1280
bayesfl_observability_v1,ola_sparse_bayesian_keep010_seed42,105,ola,global,,,layers.1.weight,raw,5,0.005922868155731521,0.007106168990822,0.006514518573276761,84,55.45926957364319,0.61640625,1280
bayesfl_observability_v1,ola_sparse_bayesian_keep010_seed42,105,ola,global,,,layers.1.weight,raw,6,0.007106168990822,0.008289469825912481,0.007697819408367241,82,54.13881077427065,0.68046875,1280
bayesfl_observability_v1,ola_sparse_bayesian_keep010_seed42,105,ola,global,,,layers.1.weight,raw,7,0.008289469825912481,0.00947277066100296,0.008881120243457722,72,47.53651677740845,0.73671875,1280
bayesfl_observability_v1,ola_sparse_bayesian_keep010_seed42,105,ola,global,,,layers.1.weight,raw,8,0.00947277066100296,0.01065607149609344,0.0100644210785482,44,29.050093586194052,0.77109375,1280
bayesfl_observability_v1,ola_sparse_bayesian_keep010_seed42,105,ola,global,,,layers.1.weight,raw,9,0.01065607149609344,0.011839372331183921,0.01124772191363868,43,28.389864186507783,0.8046875,1280
bayesfl_observability_v1,ola_sparse_bayesian_keep010_seed42,105,ola,global,,,layers.1.weight,raw,10,0.011839372331183921,0.0130226731662744,0.012431022748729162,27,17.82619379152817,0.82578125,1280
bayesfl_observability_v1,ola_sparse_bayesian_keep010_seed42,105,ola,global,,,layers.1.weight,raw,11,0.0130226731662744,0.01420597400136488,0.01361432358381964,34,22.447799589331765,0.85234375,1280
bayesfl_observability_v1,ola_sparse_bayesian_keep010_seed42,105,ola,global,,,layers.1.weight,raw,12,0.01420597400136488,0.015389274836455361,0.01479762441891012,17,11.223899794665867,0.865625,1280
bayesfl_observability_v1,ola_sparse_bayesian_keep010_seed42,105,ola,global,,,layers.1.weight,raw,13,0.015389274836455361,0.016572575671545842,0.015980925254000602,25,16.505734992155688,0.88515625,1280
bayesfl_observability_v1,ola_sparse_bayesian_keep010_seed42,105,ola,global,,,layers.1.weight,raw,14,0.016572575671545842,0.01775587650663632,0.01716422608909108,25,16.505734992155734,0.9046875,1280
bayesfl_observability_v1,ola_sparse_bayesian_keep010_seed42,105,ola,global,,,layers.1.weight,raw,15,0.01775587650663632,0.0189391773417268,0.01834752692418156,13,8.582982195920957,0.91484375,1280
bayesfl_observability_v1,ola_sparse_bayesian_keep010_seed42,105,ola,global,,,layers.1.weight,raw,16,0.0189391773417268,0.020122478176817282,0.01953082775927204,17,11.223899794665867,0.928125,1280
bayesfl_observability_v1,ola_sparse_bayesian_keep010_seed42,105,ola,global,,,layers.1.weight,raw,17,0.020122478176817282,0.02130577901190776,0.020714128594362523,10,6.6022939968622945,0.9359375,1280
bayesfl_observability_v1,ola_sparse_bayesian_keep010_seed42,105,ola,global,,,layers.1.weight,raw,18,0.02130577901190776,0.02248907984699824,0.021897429429453,3,1.9806881990586824,0.93828125,1280
bayesfl_observability_v1,ola_sparse_bayesian_keep010_seed42,105,ola,global,,,layers.1.weight,raw,19,0.02248907984699824,0.023672380682088722,0.02308073026454348,6,3.961376398117365,0.94296875,1280
bayesfl_observability_v1,ola_sparse_bayesian_keep010_seed42,105,ola,global,,,layers.1.weight,raw,20,0.023672380682088722,0.0248556815171792,0.02426403109963396,7,4.621605797803606,0.9484375,1280
bayesfl_observability_v1,ola_sparse_bayesian_keep010_seed42,105,ola,global,,,layers.1.weight,raw,21,0.0248556815171792,0.02603898235226968,0.02544733193472444,5,3.3011469984311375,0.95234375,1280
bayesfl_observability_v1,ola_sparse_bayesian_keep010_seed42,105,ola,global,,,layers.1.weight,raw,22,0.02603898235226968,0.027222283187360162,0.02663063276981492,8,5.28183519748982,0.95859375,1280
bayesfl_observability_v1,ola_sparse_bayesian_keep010_seed42,105,ola,global,,,layers.1.weight,raw,23,0.027222283187360162,0.02840558402245064,0.027813933604905403,6,3.9613763981173764,0.96328125,1280
bayesfl_observability_v1,ola_sparse_bayesian_keep010_seed42,105,ola,global,,,layers.1.weight,raw,24,0.02840558402245064,0.02958888485754112,0.02899723443999588,3,1.9806881990586824,0.965625,1280
bayesfl_observability_v1,ola_sparse_bayesian_keep010_seed42,105,ola,global,,,layers.1.weight,raw,25,0.02958888485754112,0.030772185692631602,0.03018053527508636,6,3.961376398117365,0.9703125,1280
bayesfl_observability_v1,ola_sparse_bayesian_keep010_seed42,105,ola,global,,,layers.1.weight,raw,26,0.030772185692631602,0.03195548652772208,0.03136383611017684,2,1.3204587993724588,0.971875,1280
bayesfl_observability_v1,ola_sparse_bayesian_keep010_seed42,105,ola,global,,,layers.1.weight,raw,27,0.03195548652772208,0.03313878736281256,0.03254713694526732,1,0.6602293996862275,0.97265625,1280
bayesfl_observability_v1,ola_sparse_bayesian_keep010_seed42,105,ola,global,,,layers.1.weight,raw,28,0.03313878736281256,0.034322088197903035,0.033730437780357794,1,0.6602293996862313,0.9734375,1280
bayesfl_observability_v1,ola_sparse_bayesian_keep010_seed42,105,ola,global,,,layers.1.weight,raw,29,0.034322088197903035,0.035505389032993516,0.034913738615448275,1,0.6602293996862275,0.97421875,1280
bayesfl_observability_v1,ola_sparse_bayesian_keep010_seed42,105,ola,global,,,layers.1.weight,raw,30,0.035505389032993516,0.036688689868084,0.036097039450538757,4,2.64091759874491,0.97734375,1280
bayesfl_observability_v1,ola_sparse_bayesian_keep010_seed42,105,ola,global,,,layers.1.weight,raw,31,0.036688689868084,0.03787199070317448,0.03728034028562924,3,1.9806881990586824,0.9796875,1280
bayesfl_observability_v1,ola_sparse_bayesian_keep010_seed42,105,ola,global,,,layers.1.weight,raw,32,0.03787199070317448,0.03905529153826496,0.03846364112071972,5,3.3011469984311375,0.98359375,1280
bayesfl_observability_v1,ola_sparse_bayesian_keep010_seed42,105,ola,global,,,layers.1.weight,raw,33,0.03905529153826496,0.04023859237335544,0.0396469419558102,2,1.320458799372455,0.98515625,1280
bayesfl_observability_v1,ola_sparse_bayesian_keep010_seed42,105,ola,global,,,layers.1.weight,raw,34,0.04023859237335544,0.04142189320844592,0.04083024279090068,3,1.9806881990586824,0.9875,1280
bayesfl_observability_v1,ola_sparse_bayesian_keep010_seed42,105,ola,global,,,layers.1.weight,raw,35,0.04142189320844592,0.042605194043536396,0.04201354362599116,0,0.0,0.9875,1280
bayesfl_observability_v1,ola_sparse_bayesian_keep010_seed42,105,ola,global,,,layers.1.weight,raw,36,0.042605194043536396,0.04378849487862688,0.043196844461081636,1,0.6602293996862275,0.98828125,1280
bayesfl_observability_v1,ola_sparse_bayesian_keep010_seed42,105,ola,global,,,layers.1.weight,raw,37,0.04378849487862688,0.04497179571371736,0.04438014529617212,1,0.6602293996862275,0.9890625,1280
bayesfl_observability_v1,ola_sparse_bayesian_keep010_seed42,105,ola,global,,,layers.1.weight,raw,38,0.04497179571371736,0.04615509654880784,0.0455634461312626,1,0.6602293996862275,0.98984375,1280
bayesfl_observability_v1,ola_sparse_bayesian_keep010_seed42,105,ola,global,,,layers.1.weight,raw,39,0.04615509654880784,0.04733839738389832,0.04674674696635308,0,0.0,0.98984375,1280
bayesfl_observability_v1,ola_sparse_bayesian_keep010_seed42,105,ola,global,,,layers.1.weight,raw,40,0.04733839738389832,0.0485216982189888,0.04793004780144356,0,0.0,0.98984375,1280
bayesfl_observability_v1,ola_sparse_bayesian_keep010_seed42,105,ola,global,,,layers.1.weight,raw,41,0.0485216982189888,0.049704999054079275,0.049113348636534035,0,0.0,0.98984375,1280
bayesfl_observability_v1,ola_sparse_bayesian_keep010_seed42,105,ola,global,,,layers.1.weight,raw,42,0.049704999054079275,0.05088829988916976,0.050296649471624516,0,0.0,0.98984375,1280
bayesfl_observability_v1,ola_sparse_bayesian_keep010_seed42,105,ola,global,,,layers.1.weight,raw,43,0.05088829988916976,0.05207160072426024,0.051479950306715,1,0.6602293996862275,0.990625,1280
bayesfl_observability_v1,ola_sparse_bayesian_keep010_seed42,105,ola,global,,,layers.1.weight,raw,44,0.05207160072426024,0.05325490155935072,0.05266325114180548,0,0.0,0.990625,1280
bayesfl_observability_v1,ola_sparse_bayesian_keep010_seed42,105,ola,global,,,layers.1.weight,raw,45,0.05325490155935072,0.0544382023944412,0.05384655197689596,0,0.0,0.990625,1280
bayesfl_observability_v1,ola_sparse_bayesian_keep010_seed42,105,ola,global,,,layers.1.weight,raw,46,0.0544382023944412,0.05562150322953168,0.05502985281198644,0,0.0,0.990625,1280
bayesfl_observability_v1,ola_sparse_bayesian_keep010_seed42,105,ola,global,,,layers.1.weight,raw,47,0.05562150322953168,0.056804804064622155,0.05621315364707692,3,1.980688199058694,0.99296875,1280
bayesfl_observability_v1,ola_sparse_bayesian_keep010_seed42,105,ola,global,,,layers.1.weight,raw,48,0.056804804064622155,0.057988104899712636,0.057396454482167396,0,0.0,0.99296875,1280
bayesfl_observability_v1,ola_sparse_bayesian_keep010_seed42,105,ola,global,,,layers.1.weight,raw,49,0.057988104899712636,0.05917140573480312,0.05857975531725788,3,1.9806881990586824,0.9953125,1280
bayesfl_observability_v1,ola_sparse_bayesian_keep010_seed42,105,ola,global,,,layers.1.weight,raw,50,0.05917140573480312,0.0603547065698936,0.05976305615234836,0,0.0,0.9953125,1280
bayesfl_observability_v1,ola_sparse_bayesian_keep010_seed42,105,ola,global,,,layers.1.weight,raw,51,0.0603547065698936,0.06153800740498408,0.06094635698743884,0,0.0,0.9953125,1280
bayesfl_observability_v1,ola_sparse_bayesian_keep010_seed42,105,ola,global,,,layers.1.weight,raw,52,0.06153800740498408,0.06272130824007456,0.06212965782252932,1,0.6602293996862275,0.99609375,1280
bayesfl_observability_v1,ola_sparse_bayesian_keep010_seed42,105,ola,global,,,layers.1.weight,raw,53,0.06272130824007456,0.06390460907516504,0.0633129586576198,1,0.6602293996862275,0.996875,1280
bayesfl_observability_v1,ola_sparse_bayesian_keep010_seed42,105,ola,global,,,layers.1.weight,raw,54,0.06390460907516504,0.06508790991025552,0.06449625949271029,0,0.0,0.996875,1280
bayesfl_observability_v1,ola_sparse_bayesian_keep010_seed42,105,ola,global,,,layers.1.weight,raw,55,0.06508790991025552,0.066271210745346,0.06567956032780076,0,0.0,0.996875,1280
bayesfl_observability_v1,ola_sparse_bayesian_keep010_seed42,105,ola,global,,,layers.1.weight,raw,56,0.066271210745346,0.06745451158043649,0.06686286116289125,0,0.0,0.996875,1280
bayesfl_observability_v1,ola_sparse_bayesian_keep010_seed42,105,ola,global,,,layers.1.weight,raw,57,0.06745451158043649,0.06863781241552695,0.06804616199798172,2,1.3204587993724703,0.9984375,1280
bayesfl_observability_v1,ola_sparse_bayesian_keep010_seed42,105,ola,global,,,layers.1.weight,raw,58,0.06863781241552695,0.06982111325061743,0.06922946283307219,0,0.0,0.9984375,1280
bayesfl_observability_v1,ola_sparse_bayesian_keep010_seed42,105,ola,global,,,layers.1.weight,raw,59,0.06982111325061743,0.07100441408570791,0.07041276366816268,0,0.0,0.9984375,1280
bayesfl_observability_v1,ola_sparse_bayesian_keep010_seed42,105,ola,global,,,layers.1.weight,raw,60,0.07100441408570791,0.0721877149207984,0.07159606450325315,0,0.0,0.9984375,1280
bayesfl_observability_v1,ola_sparse_bayesian_keep010_seed42,105,ola,global,,,layers.1.weight,raw,61,0.0721877149207984,0.07337101575588888,0.07277936533834364,0,0.0,0.9984375,1280
bayesfl_observability_v1,ola_sparse_bayesian_keep010_seed42,105,ola,global,,,layers.1.weight,raw,62,0.07337101575588888,0.07455431659097936,0.07396266617343411,1,0.6602293996862275,0.99921875,1280
bayesfl_observability_v1,ola_sparse_bayesian_keep010_seed42,105,ola,global,,,layers.1.weight,raw,63,0.07455431659097936,0.07573761742606984,0.0751459670085246,0,0.0,0.99921875,1280
bayesfl_observability_v1,ola_sparse_bayesian_keep010_seed42,105,ola,global,,,layers.1.weight,raw,64,0.07573761742606984,0.07692091826116032,0.07632926784361507,0,0.0,0.99921875,1280
bayesfl_observability_v1,ola_sparse_bayesian_keep010_seed42,105,ola,global,,,layers.1.weight,raw,65,0.07692091826116032,0.0781042190962508,0.07751256867870557,0,0.0,0.99921875,1280
bayesfl_observability_v1,ola_sparse_bayesian_keep010_seed42,105,ola,global,,,layers.1.weight,raw,66,0.0781042190962508,0.07928751993134128,0.07869586951379604,0,0.0,0.99921875,1280
bayesfl_observability_v1,ola_sparse_bayesian_keep010_seed42,105,ola,global,,,layers.1.weight,raw,67,0.07928751993134128,0.08047082076643176,0.07987917034888653,0,0.0,0.99921875,1280
bayesfl_observability_v1,ola_sparse_bayesian_keep010_seed42,105,ola,global,,,layers.1.weight,raw,68,0.08047082076643176,0.08165412160152224,0.081062471183977,0,0.0,0.99921875,1280
bayesfl_observability_v1,ola_sparse_bayesian_keep010_seed42,105,ola,global,,,layers.1.weight,raw,69,0.08165412160152224,0.08283742243661273,0.08224577201906749,0,0.0,0.99921875,1280
bayesfl_observability_v1,ola_sparse_bayesian_keep010_seed42,105,ola,global,,,layers.1.weight,raw,70,0.08283742243661273,0.0840207232717032,0.08342907285415796,0,0.0,0.99921875,1280
bayesfl_observability_v1,ola_sparse_bayesian_keep010_seed42,105,ola,global,,,layers.1.weight,raw,71,0.0840207232717032,0.08520402410679367,0.08461237368924843,0,0.0,0.99921875,1280
bayesfl_observability_v1,ola_sparse_bayesian_keep010_seed42,105,ola,global,,,layers.1.weight,raw,72,0.08520402410679367,0.08638732494188416,0.08579567452433892,0,0.0,0.99921875,1280
bayesfl_observability_v1,ola_sparse_bayesian_keep010_seed42,105,ola,global,,,layers.1.weight,raw,73,0.08638732494188416,0.08757062577697464,0.08697897535942939,0,0.0,0.99921875,1280
bayesfl_observability_v1,ola_sparse_bayesian_keep010_seed42,105,ola,global,,,layers.1.weight,raw,74,0.08757062577697464,0.08875392661206512,0.08816227619451988,0,0.0,0.99921875,1280
bayesfl_observability_v1,ola_sparse_bayesian_keep010_seed42,105,ola,global,,,layers.1.weight,raw,75,0.08875392661206512,0.0899372274471556,0.08934557702961035,0,0.0,0.99921875,1280
bayesfl_observability_v1,ola_sparse_bayesian_keep010_seed42,105,ola,global,,,layers.1.weight,raw,76,0.0899372274471556,0.09112052828224608,0.09052887786470085,0,0.0,0.99921875,1280
bayesfl_observability_v1,ola_sparse_bayesian_keep010_seed42,105,ola,global,,,layers.1.weight,raw,77,0.09112052828224608,0.09230382911733656,0.09171217869979131,0,0.0,0.99921875,1280
bayesfl_observability_v1,ola_sparse_bayesian_keep010_seed42,105,ola,global,,,layers.1.weight,raw,78,0.09230382911733656,0.09348712995242704,0.09289547953488181,0,0.0,0.99921875,1280
bayesfl_observability_v1,ola_sparse_bayesian_keep010_seed42,105,ola,global,,,layers.1.weight,raw,79,0.09348712995242704,0.09467043078751752,0.09407878036997228,1,0.6602293996862275,1.0,1280
bayesfl_observability_v1,ola_sparse_bayesian_keep010_seed42,105,ola,global,,,layers.1.weight,db,0,-103.92542213169264,-102.88230076671239,-103.40386144920251,1,0.0007489540778553516,0.00078125,1280
bayesfl_observability_v1,ola_sparse_bayesian_keep010_seed42,105,ola,global,,,layers.1.weight,db,1,-102.88230076671239,-101.83917940173215,-102.36074008422227,0,0.0,0.00078125,1280
bayesfl_observability_v1,ola_sparse_bayesian_keep010_seed42,105,ola,global,,,layers.1.weight,db,2,-101.83917940173215,-100.7960580367519,-101.31761871924203,0,0.0,0.00078125,1280
bayesfl_observability_v1,ola_sparse_bayesian_keep010_seed42,105,ola,global,,,layers.1.weight,db,3,-100.7960580367519,-99.75293667177166,-100.27449735426178,2,0.0014979081557107237,0.00234375,1280
bayesfl_observability_v1,ola_sparse_bayesian_keep010_seed42,105,ola,global,,,layers.1.weight,db,4,-99.75293667177166,-98.70981530679141,-99.23137598928153,0,0.0,0.00234375,1280
bayesfl_observability_v1,ola_sparse_bayesian_keep010_seed42,105,ola,global,,,layers.1.weight,db,5,-98.70981530679141,-97.66669394181116,-98.1882546243013,0,0.0,0.00234375,1280
bayesfl_observability_v1,ola_sparse_bayesian_keep010_seed42,105,ola,global,,,layers.1.weight,db,6,-97.66669394181116,-96.62357257683092,-97.14513325932104,0,0.0,0.00234375,1280
bayesfl_observability_v1,ola_sparse_bayesian_keep010_seed42,105,ola,global,,,layers.1.weight,db,7,-96.62357257683092,-95.58045121185067,-96.10201189434079,0,0.0,0.00234375,1280
bayesfl_observability_v1,ola_sparse_bayesian_keep010_seed42,105,ola,global,,,layers.1.weight,db,8,-95.58045121185067,-94.53732984687042,-95.05889052936055,1,0.0007489540778553516,0.003125,1280
bayesfl_observability_v1,ola_sparse_bayesian_keep010_seed42,105,ola,global,,,layers.1.weight,db,9,-94.53732984687042,-93.49420848189018,-94.0157691643803,0,0.0,0.003125,1280
bayesfl_observability_v1,ola_sparse_bayesian_keep010_seed42,105,ola,global,,,layers.1.weight,db,10,-93.49420848189018,-92.45108711690993,-92.97264779940005,0,0.0,0.003125,1280
bayesfl_observability_v1,ola_sparse_bayesian_keep010_seed42,105,ola,global,,,layers.1.weight,db,11,-92.45108711690993,-91.4079657519297,-91.92952643441981,2,0.0014979081557107237,0.0046875,1280
bayesfl_observability_v1,ola_sparse_bayesian_keep010_seed42,105,ola,global,,,layers.1.weight,db,12,-91.4079657519297,-90.36484438694944,-90.88640506943958,1,0.0007489540778553516,0.00546875,1280
bayesfl_observability_v1,ola_sparse_bayesian_keep010_seed42,105,ola,global,,,layers.1.weight,db,13,-90.36484438694944,-89.3217230219692,-89.84328370445932,0,0.0,0.00546875,1280
bayesfl_observability_v1,ola_sparse_bayesian_keep010_seed42,105,ola,global,,,layers.1.weight,db,14,-89.3217230219692,-88.27860165698895,-88.80016233947907,0,0.0,0.00546875,1280
bayesfl_observability_v1,ola_sparse_bayesian_keep010_seed42,105,ola,global,,,layers.1.weight,db,15,-88.27860165698895,-87.2354802920087,-87.75704097449884,0,0.0,0.00546875,1280
bayesfl_observability_v1,ola_sparse_bayesian_keep010_seed42,105,ola,global,,,layers.1.weight,db,16,-87.2354802920087,-86.19235892702847,-86.71391960951858,0,0.0,0.00546875,1280
bayesfl_observability_v1,ola_sparse_bayesian_keep010_seed42,105,ola,global,,,layers.1.weight,db,17,-86.19235892702847,-85.14923756204821,-85.67079824453833,3,0.002246862233566055,0.0078125,1280
bayesfl_observability_v1,ola_sparse_bayesian_keep010_seed42,105,ola,global,,,layers.1.weight,db,18,-85.14923756204821,-84.10611619706796,-84.6276768795581,1,0.0007489540778553516,0.00859375,1280
bayesfl_observability_v1,ola_sparse_bayesian_keep010_seed42,105,ola,global,,,layers.1.weight,db,19,-84.10611619706796,-83.06299483208772,-83.58455551457784,0,0.0,0.00859375,1280
bayesfl_observability_v1,ola_sparse_bayesian_keep010_seed42,105,ola,global,,,layers.1.weight,db,20,-83.06299483208772,-82.01987346710747,-82.54143414959759,3,0.002246862233566055,0.0109375,1280
bayesfl_observability_v1,ola_sparse_bayesian_keep010_seed42,105,ola,global,,,layers.1.weight,db,21,-82.01987346710747,-80.97675210212722,-81.49831278461735,1,0.0007489540778553516,0.01171875,1280
bayesfl_observability_v1,ola_sparse_bayesian_keep010_seed42,105,ola,global,,,layers.1.weight,db,22,-80.97675210212722,-79.93363073714698,-80.4551914196371,0,0.0,0.01171875,1280
bayesfl_observability_v1,ola_sparse_bayesian_keep010_seed42,105,ola,global,,,layers.1.weight,db,23,-79.93363073714698,-78.89050937216675,-79.41207005465687,3,0.0022468622335660854,0.0140625,1280
bayesfl_observability_v1,ola_sparse_bayesian_keep010_seed42,105,ola,global,,,layers.1.weight,db,24,-78.89050937216675,-77.8473880071865,-78.36894868967661,1,0.0007489540778553516,0.01484375,1280
bayesfl_observability_v1,ola_sparse_bayesian_keep010_seed42,105,ola,global,,,layers.1.weight,db,25,-77.8473880071865,-76.80426664220624,-77.32582732469638,2,0.0014979081557107033,0.01640625,1280
bayesfl_observability_v1,ola_sparse_bayesian_keep010_seed42,105,ola,global,,,layers.1.weight,db,26,-76.80426664220624,-75.761145277226,-76.28270595971613,3,0.0022468622335660854,0.01875,1280
bayesfl_observability_v1,ola_sparse_bayesian_keep010_seed42,105,ola,global,,,layers.1.weight,db,27,-75.761145277226,-74.71802391224576,-75.23958459473587,4,0.0029958163114214066,0.021875,1280
bayesfl_observability_v1,ola_sparse_bayesian_keep010_seed42,105,ola,global,,,layers.1.weight,db,28,-74.71802391224576,-73.6749025472655,-74.19646322975564,2,0.0014979081557107033,0.0234375,1280
bayesfl_observability_v1,ola_sparse_bayesian_keep010_seed42,105,ola,global,,,layers.1.weight,db,29,-73.6749025472655,-72.63178118228527,-73.15334186477538,5,0.0037447703892768093,0.02734375,1280
bayesfl_observability_v1,ola_sparse_bayesian_keep010_seed42,105,ola,global,,,layers.1.weight,db,30,-72.63178118228527,-71.58865981730501,-72.11022049979513,2,0.0014979081557107033,0.02890625,1280
bayesfl_observability_v1,ola_sparse_bayesian_keep010_seed42,105,ola,global,,,layers.1.weight,db,31,-71.58865981730501,-70.54553845232476,-71.0670991348149,2,0.0014979081557107033,0.03046875,1280
bayesfl_observability_v1,ola_sparse_bayesian_keep010_seed42,105,ola,global,,,layers.1.weight,db,32,-70.54553845232476,-69.50241708734453,-70.02397776983464,3,0.0022468622335660854,0.0328125,1280
bayesfl_observability_v1,ola_sparse_bayesian_keep010_seed42,105,ola,global,,,layers.1.weight,db,33,-69.50241708734453,-68.45929572236429,-68.9808564048544,3,0.0022468622335660854,0.03515625,1280
bayesfl_observability_v1,ola_sparse_bayesian_keep010_seed42,105,ola,global,,,layers.1.weight,db,34,-68.45929572236429,-67.41617435738402,-67.93773503987416,9,0.006740586700698073,0.0421875,1280
bayesfl_observability_v1,ola_sparse_bayesian_keep010_seed42,105,ola,global,,,layers.1.weight,db,35,-67.41617435738402,-66.37305299240379,-66.8946136748939,12,0.008987448934264342,0.0515625,1280
bayesfl_observability_v1,ola_sparse_bayesian_keep010_seed42,105,ola,global,,,layers.1.weight,db,36,-66.37305299240379,-65.32993162742355,-65.85149230991367,10,0.0074895407785536185,0.059375,1280
bayesfl_observability_v1,ola_sparse_bayesian_keep010_seed42,105,ola,global,,,layers.1.weight,db,37,-65.32993162742355,-64.2868102624433,-64.80837094493342,12,0.00898744893426422,0.06875,1280
bayesfl_observability_v1,ola_sparse_bayesian_keep010_seed42,105,ola,global,,,layers.1.weight,db,38,-64.2868102624433,-63.243688897463045,-63.76524957995317,8,0.005991632622842813,0.075,1280
bayesfl_observability_v1,ola_sparse_bayesian_keep010_seed42,105,ola,global,,,layers.1.weight,db,39,-63.243688897463045,-62.2005675324828,-62.722128214972926,11,0.008238494856408924,0.08359375,1280
bayesfl_observability_v1,ola_sparse_bayesian_keep010_seed42,105,ola,global,,,layers.1.weight,db,40,-62.2005675324828,-61.157446167502556,-61.679006849992675,17,0.012732219323541065,0.096875,1280
bayesfl_observability_v1,ola_sparse_bayesian_keep010_seed42,105,ola,global,,,layers.1.weight,db,41,-61.157446167502556,-60.11432480252231,-60.63588548501244,15,0.01123431116783035,0.10859375,1280
bayesfl_observability_v1,ola_sparse_bayesian_keep010_seed42,105,ola,global,,,layers.1.weight,db,42,-60.11432480252231,-59.07120343754207,-59.592764120032186,16,0.011983265245685708,0.12109375,1280
bayesfl_observability_v1,ola_sparse_bayesian_keep010_seed42,105,ola,global,,,layers.1.weight,db,43,-59.07120343754207,-58.028082072561816,-58.54964275505194,19,0.014230127479251682,0.1359375,1280
bayesfl_observability_v1,ola_sparse_bayesian_keep010_seed42,105,ola,global,,,layers.1.weight,db,44,-58.028082072561816,-56.98496070758157,-57.5065213900717,20,0.014979081557107135,0.1515625,1280
bayesfl_observability_v1,ola_sparse_bayesian_keep010_seed42,105,ola,global,,,layers.1.weight,db,45,-56.98496070758157,-55.94183934260133,-56.463400025091445,31,0.02321757641351606,0.17578125,1280
bayesfl_observability_v1,ola_sparse_bayesian_keep010_seed42,105,ola,global,,,layers.1.weight,db,46,-55.94183934260133,-54.89871797762108,-55.42027866011121,25,0.01872385194638392,0.1953125,1280
bayesfl_observability_v1,ola_sparse_bayesian_keep010_seed42,105,ola,global,,,layers.1.weight,db,47,-54.89871797762108,-53.85559661264084,-54.37715729513096,22,0.016476989712817847,0.2125,1280
bayesfl_observability_v1,ola_sparse_bayesian_keep010_seed42,105,ola,global,,,layers.1.weight,db,48,-53.85559661264084,-52.812475247660586,-53.33403593015071,34,0.025464438647081956,0.2390625,1280
bayesfl_observability_v1,ola_sparse_bayesian_keep010_seed42,105,ola,global,,,layers.1.weight,db,49,-52.812475247660586,-51.76935388268034,-52.29091456517047,29,0.021719668257805348,0.26171875,1280
bayesfl_observability_v1,ola_sparse_bayesian_keep010_seed42,105,ola,global,,,layers.1.weight,db,50,-51.76935388268034,-50.7262325177001,-51.247793200190216,36,0.026962346802792844,0.28984375,1280
bayesfl_observability_v1,ola_sparse_bayesian_keep010_seed42,105,ola,global,,,layers.1.weight,db,51,-50.7262325177001,-49.68311115271985,-50.20467183520998,50,0.03744770389276784,0.32890625,1280
bayesfl_observability_v1,ola_sparse_bayesian_keep010_seed42,105,ola,global,,,layers.1.weight,db,52,-49.68311115271985,-48.6399897877396,-49.16155047022973,49,0.03669874981491223,0.3671875,1280
bayesfl_observability_v1,ola_sparse_bayesian_keep010_seed42,105,ola,global,,,layers.1.weight,db,53,-48.6399897877396,-47.59686842275936,-48.118429105249476,43,0.03220502534778034,0.40078125,1280
bayesfl_observability_v1,ola_sparse_bayesian_keep010_seed42,105,ola,global,,,layers.1.weight,db,54,-47.59686842275936,-46.55374705777911,-47.07530774026924,47,0.035200841659201766,0.4375,1280
bayesfl_observability_v1,ola_sparse_bayesian_keep010_seed42,105,ola,global,,,layers.1.weight,db,55,-46.55374705777911,-45.51062569279887,-46.03218637528899,77,0.05766946399486247,0.49765625,1280
bayesfl_observability_v1,ola_sparse_bayesian_keep010_seed42,105,ola,global,,,layers.1.weight,db,56,-45.51062569279887,-44.467504327818624,-44.98906501030875,70,0.052426785449874974,0.55234375,1280
bayesfl_observability_v1,ola_sparse_bayesian_keep010_seed42,105,ola,global,,,layers.1.weight,db,57,-44.467504327818624,-43.42438296283837,-43.9459436453285,55,0.04119247428204434,0.5953125,1280
bayesfl_observability_v1,ola_sparse_bayesian_keep010_seed42,105,ola,global,,,layers.1.weight,db,58,-43.42438296283837,-42.38126159785813,-42.902822280348246,69,0.05167783137201962,0.64921875,1280
bayesfl_observability_v1,ola_sparse_bayesian_keep010_seed42,105,ola,global,,,layers.1.weight,db,59,-42.38126159785813,-41.33814023287788,-41.85970091536801,53,0.03969456612633391,0.690625,1280
bayesfl_observability_v1,ola_sparse_bayesian_keep010_seed42,105,ola,global,,,layers.1.weight,db,60,-41.33814023287788,-40.29501886789764,-40.81657955038776,68,0.05092887729416426,0.74375,1280
bayesfl_observability_v1,ola_sparse_bayesian_keep010_seed42,105,ola,global,,,layers.1.weight,db,61,-40.29501886789764,-39.25189750291739,-39.77345818540751,48,0.03594979573705688,0.78125,1280
bayesfl_observability_v1,ola_sparse_bayesian_keep010_seed42,105,ola,global,,,layers.1.weight,db,62,-39.25189750291739,-38.20877613793715,-38.73033682042727,43,0.03220502534778056,0.81484375,1280
bayesfl_observability_v1,ola_sparse_bayesian_keep010_seed42,105,ola,global,,,layers.1.weight,db,63,-38.20877613793715,-37.1656547729569,-37.687215455447024,38,0.028460254958503364,0.84453125,1280
bayesfl_observability_v1,ola_sparse_bayesian_keep010_seed42,105,ola,global,,,layers.1.weight,db,64,-37.1656547729569,-36.12253340797665,-36.64409409046677,28,0.020970714179949845,0.86640625,1280
bayesfl_observability_v1,ola_sparse_bayesian_keep010_seed42,105,ola,global,,,layers.1.weight,db,65,-36.12253340797665,-35.07941204299641,-35.60097272548653,45,0.03370293350349128,0.9015625,1280
bayesfl_observability_v1,ola_sparse_bayesian_keep010_seed42,105,ola,global,,,layers.1.weight,db,66,-35.07941204299641,-34.03629067801616,-34.557851360506284,32,0.023966530491371252,0.9265625,1280
bayesfl_observability_v1,ola_sparse_bayesian_keep010_seed42,105,ola,global,,,layers.1.weight,db,67,-34.03629067801616,-32.99316931303592,-33.51472999552604,15,0.011234311167830429,0.93828125,1280
bayesfl_observability_v1,ola_sparse_bayesian_keep010_seed42,105,ola,global,,,layers.1.weight,db,68,-32.99316931303592,-31.95004794805567,-32.471608630545795,13,0.009736403012119572,0.9484375,1280
bayesfl_observability_v1,ola_sparse_bayesian_keep010_seed42,105,ola,global,,,layers.1.weight,db,69,-31.95004794805567,-30.906926583075418,-31.428487265565543,19,0.014230127479251682,0.96328125,1280
bayesfl_observability_v1,ola_sparse_bayesian_keep010_seed42,105,ola,global,,,layers.1.weight,db,70,-30.906926583075418,-29.86380521809518,-30.3853659005853,12,0.008987448934264342,0.97265625,1280
bayesfl_observability_v1,ola_sparse_bayesian_keep010_seed42,105,ola,global,,,layers.1.weight,db,71,-29.86380521809518,-28.82068385311493,-29.342244535605055,4,0.0029958163114214066,0.97578125,1280
bayesfl_observability_v1,ola_sparse_bayesian_keep010_seed42,105,ola,global,,,layers.1.weight,db,72,-28.82068385311493,-27.77756248813469,-28.29912317062481,13,0.009736403012119704,0.9859375,1280
bayesfl_observability_v1,ola_sparse_bayesian_keep010_seed42,105,ola,global,,,layers.1.weight,db,73,-27.77756248813469,-26.73444112315444,-27.256001805644566,5,0.003744770389276758,0.98984375,1280
bayesfl_observability_v1,ola_sparse_bayesian_keep010_seed42,105,ola,global,,,layers.1.weight,db,74,-26.73444112315444,-25.69131975817419,-26.212880440664314,1,0.0007489540778553516,0.990625,1280
bayesfl_observability_v1,ola_sparse_bayesian_keep010_seed42,105,ola,global,,,layers.1.weight,db,75,-25.69131975817419,-24.64819839319395,-25.16975907568407,5,0.0037447703892768093,0.99453125,1280
bayesfl_observability_v1,ola_sparse_bayesian_keep010_seed42,105,ola,global,,,layers.1.weight,db,76,-24.64819839319395,-23.6050770282137,-24.126637710703825,3,0.002246862233566055,0.996875,1280
bayesfl_observability_v1,ola_sparse_bayesian_keep010_seed42,105,ola,global,,,layers.1.weight,db,77,-23.6050770282137,-22.561955663233448,-23.083516345723574,3,0.002246862233566055,0.99921875,1280
bayesfl_observability_v1,ola_sparse_bayesian_keep010_seed42,105,ola,global,,,layers.1.weight,db,78,-22.561955663233448,-21.51883429825321,-22.04039498074333,0,0.0,0.99921875,1280
bayesfl_observability_v1,ola_sparse_bayesian_keep010_seed42,105,ola,global,,,layers.1.weight,db,79,-21.51883429825321,-20.47571293327296,-20.997273615763085,1,0.0007489540778553516,1.0,1280
bayesfl_observability_v1,ola_sparse_bayesian_keep010_seed42,105,ola,global,,,layers.1.bias,raw,0,0.00019392197372546493,0.0003422811924357089,0.00026810158308058693,1,674.0396779475299,0.1,10
bayesfl_observability_v1,ola_sparse_bayesian_keep010_seed42,105,ola,global,,,layers.1.bias,raw,1,0.0003422811924357089,0.000490640411145953,0.00041646080179083095,0,0.0,0.1,10
bayesfl_observability_v1,ola_sparse_bayesian_keep010_seed42,105,ola,global,,,layers.1.bias,raw,2,0.000490640411145953,0.0006389996298561969,0.000564820020501075,2,1348.07935589506,0.3,10
bayesfl_observability_v1,ola_sparse_bayesian_keep010_seed42,105,ola,global,,,layers.1.bias,raw,3,0.0006389996298561969,0.000787358848566441,0.0007131792392113189,0,0.0,0.3,10
bayesfl_observability_v1,ola_sparse_bayesian_keep010_seed42,105,ola,global,,,layers.1.bias,raw,4,0.000787358848566441,0.000935718067276685,0.000861538457921563,1,674.03967794753,0.4,10
bayesfl_observability_v1,ola_sparse_bayesian_keep010_seed42,105,ola,global,,,layers.1.bias,raw,5,0.000935718067276685,0.001084077285986929,0.001009897676631807,1,674.03967794753,0.5,10
bayesfl_observability_v1,ola_sparse_bayesian_keep010_seed42,105,ola,global,,,layers.1.bias,raw,6,0.001084077285986929,0.001232436504697173,0.001158256895342051,0,0.0,0.5,10
bayesfl_observability_v1,ola_sparse_bayesian_keep010_seed42,105,ola,global,,,layers.1.bias,raw,7,0.001232436504697173,0.001380795723407417,0.001306616114052295,0,0.0,0.5,10
bayesfl_observability_v1,ola_sparse_bayesian_keep010_seed42,105,ola,global,,,layers.1.bias,raw,8,0.001380795723407417,0.001529154942117661,0.0014549753327625392,0,0.0,0.5,10
bayesfl_observability_v1,ola_sparse_bayesian_keep010_seed42,105,ola,global,,,layers.1.bias,raw,9,0.001529154942117661,0.001677514160827905,0.001603334551472783,1,674.03967794753,0.6,10
bayesfl_observability_v1,ola_sparse_bayesian_keep010_seed42,105,ola,global,,,layers.1.bias,raw,10,0.001677514160827905,0.0018258733795381492,0.001751693770183027,0,0.0,0.6,10
bayesfl_observability_v1,ola_sparse_bayesian_keep010_seed42,105,ola,global,,,layers.1.bias,raw,11,0.0018258733795381492,0.001974232598248393,0.001900052988893271,0,0.0,0.6,10
bayesfl_observability_v1,ola_sparse_bayesian_keep010_seed42,105,ola,global,,,layers.1.bias,raw,12,0.001974232598248393,0.002122591816958637,0.002048412207603515,0,0.0,0.6,10
bayesfl_observability_v1,ola_sparse_bayesian_keep010_seed42,105,ola,global,,,layers.1.bias,raw,13,0.002122591816958637,0.0022709510356688813,0.002196771426313759,0,0.0,0.6,10
bayesfl_observability_v1,ola_sparse_bayesian_keep010_seed42,105,ola,global,,,layers.1.bias,raw,14,0.0022709510356688813,0.002419310254379125,0.002345130645024003,0,0.0,0.6,10
bayesfl_observability_v1,ola_sparse_bayesian_keep010_seed42,105,ola,global,,,layers.1.bias,raw,15,0.002419310254379125,0.002567669473089369,0.002493489863734247,0,0.0,0.6,10
bayesfl_observability_v1,ola_sparse_bayesian_keep010_seed42,105,ola,global,,,layers.1.bias,raw,16,0.002567669473089369,0.0027160286917996134,0.0026418490824444913,0,0.0,0.6,10
bayesfl_observability_v1,ola_sparse_bayesian_keep010_seed42,105,ola,global,,,layers.1.bias,raw,17,0.0027160286917996134,0.002864387910509857,0.0027902083011547354,0,0.0,0.6,10
bayesfl_observability_v1,ola_sparse_bayesian_keep010_seed42,105,ola,global,,,layers.1.bias,raw,18,0.002864387910509857,0.0030127471292201013,0.002938567519864979,0,0.0,0.6,10
bayesfl_observability_v1,ola_sparse_bayesian_keep010_seed42,105,ola,global,,,layers.1.bias,raw,19,0.0030127471292201013,0.003161106347930345,0.003086926738575223,0,0.0,0.6,10
bayesfl_observability_v1,ola_sparse_bayesian_keep010_seed42,105,ola,global,,,layers.1.bias,raw,20,0.003161106347930345,0.003309465566640589,0.003235285957285467,0,0.0,0.6,10
bayesfl_observability_v1,ola_sparse_bayesian_keep010_seed42,105,ola,global,,,layers.1.bias,raw,21,0.003309465566640589,0.0034578247853508334,0.0033836451759957113,0,0.0,0.6,10
bayesfl_observability_v1,ola_sparse_bayesian_keep010_seed42,105,ola,global,,,layers.1.bias,raw,22,0.0034578247853508334,0.003606184004061077,0.0035320043947059555,0,0.0,0.6,10
bayesfl_observability_v1,ola_sparse_bayesian_keep010_seed42,105,ola,global,,,layers.1.bias,raw,23,0.003606184004061077,0.0037545432227713213,0.003680363613416199,0,0.0,0.6,10
bayesfl_observability_v1,ola_sparse_bayesian_keep010_seed42,105,ola,global,,,layers.1.bias,raw,24,0.0037545432227713213,0.0039029024414815655,0.0038287228321264434,0,0.0,0.6,10
bayesfl_observability_v1,ola_sparse_bayesian_keep010_seed42,105,ola,global,,,layers.1.bias,raw,25,0.0039029024414815655,0.004051261660191809,0.003977082050836687,0,0.0,0.6,10
bayesfl_observability_v1,ola_sparse_bayesian_keep010_seed42,105,ola,global,,,layers.1.bias,raw,26,0.004051261660191809,0.004199620878902053,0.0041254412695469304,0,0.0,0.6,10
bayesfl_observability_v1,ola_sparse_bayesian_keep010_seed42,105,ola,global,,,layers.1.bias,raw,27,0.004199620878902053,0.004347980097612297,0.0042738004882571755,0,0.0,0.6,10
bayesfl_observability_v1,ola_sparse_bayesian_keep010_seed42,105,ola,global,,,layers.1.bias,raw,28,0.004347980097612297,0.004496339316322541,0.004422159706967419,0,0.0,0.6,10
bayesfl_observability_v1,ola_sparse_bayesian_keep010_seed42,105,ola,global,,,layers.1.bias,raw,29,0.004496339316322541,0.004644698535032785,0.004570518925677663,0,0.0,0.6,10
bayesfl_observability_v1,ola_sparse_bayesian_keep010_seed42,105,ola,global,,,layers.1.bias,raw,30,0.004644698535032785,0.004793057753743029,0.004718878144387907,0,0.0,0.6,10
bayesfl_observability_v1,ola_sparse_bayesian_keep010_seed42,105,ola,global,,,layers.1.bias,raw,31,0.004793057753743029,0.004941416972453273,0.0048672373630981505,1,674.039677947529,0.7,10
bayesfl_observability_v1,ola_sparse_bayesian_keep010_seed42,105,ola,global,,,layers.1.bias,raw,32,0.004941416972453273,0.005089776191163517,0.0050155965818083955,1,674.039677947529,0.8,10
bayesfl_observability_v1,ola_sparse_bayesian_keep010_seed42,105,ola,global,,,layers.1.bias,raw,33,0.005089776191163517,0.005238135409873761,0.005163955800518639,0,0.0,0.8,10
bayesfl_observability_v1,ola_sparse_bayesian_keep010_seed42,105,ola,global,,,layers.1.bias,raw,34,0.005238135409873761,0.005386494628584005,0.005312315019228883,0,0.0,0.8,10
bayesfl_observability_v1,ola_sparse_bayesian_keep010_seed42,105,ola,global,,,layers.1.bias,raw,35,0.005386494628584005,0.005534853847294249,0.005460674237939127,0,0.0,0.8,10
bayesfl_observability_v1,ola_sparse_bayesian_keep010_seed42,105,ola,global,,,layers.1.bias,raw,36,0.005534853847294249,0.005683213066004493,0.0056090334566493705,0,0.0,0.8,10
bayesfl_observability_v1,ola_sparse_bayesian_keep010_seed42,105,ola,global,,,layers.1.bias,raw,37,0.005683213066004493,0.005831572284714737,0.0057573926753596155,0,0.0,0.8,10
bayesfl_observability_v1,ola_sparse_bayesian_keep010_seed42,105,ola,global,,,layers.1.bias,raw,38,0.005831572284714737,0.005979931503424981,0.005905751894069859,1,674.039677947529,0.9,10
bayesfl_observability_v1,ola_sparse_bayesian_keep010_seed42,105,ola,global,,,layers.1.bias,raw,39,0.005979931503424981,0.006128290722135225,0.006054111112780103,0,0.0,0.9,10
bayesfl_observability_v1,ola_sparse_bayesian_keep010_seed42,105,ola,global,,,layers.1.bias,raw,40,0.006128290722135225,0.006276649940845469,0.006202470331490347,0,0.0,0.9,10
bayesfl_observability_v1,ola_sparse_bayesian_keep010_seed42,105,ola,global,,,layers.1.bias,raw,41,0.006276649940845469,0.006425009159555713,0.0063508295502005905,0,0.0,0.9,10
bayesfl_observability_v1,ola_sparse_bayesian_keep010_seed42,105,ola,global,,,layers.1.bias,raw,42,0.006425009159555713,0.006573368378265957,0.0064991887689108355,0,0.0,0.9,10
bayesfl_observability_v1,ola_sparse_bayesian_keep010_seed42,105,ola,global,,,layers.1.bias,raw,43,0.006573368378265957,0.006721727596976201,0.006647547987621079,0,0.0,0.9,10
bayesfl_observability_v1,ola_sparse_bayesian_keep010_seed42,105,ola,global,,,layers.1.bias,raw,44,0.006721727596976201,0.0068700868156864455,0.006795907206331324,0,0.0,0.9,10
bayesfl_observability_v1,ola_sparse_bayesian_keep010_seed42,105,ola,global,,,layers.1.bias,raw,45,0.0068700868156864455,0.007018446034396689,0.006944266425041567,0,0.0,0.9,10
bayesfl_observability_v1,ola_sparse_bayesian_keep010_seed42,105,ola,global,,,layers.1.bias,raw,46,0.007018446034396689,0.007166805253106933,0.0070926256437518105,0,0.0,0.9,10
bayesfl_observability_v1,ola_sparse_bayesian_keep010_seed42,105,ola,global,,,layers.1.bias,raw,47,0.007166805253106933,0.007315164471817177,0.0072409848624620556,0,0.0,0.9,10
bayesfl_observability_v1,ola_sparse_bayesian_keep010_seed42,105,ola,global,,,layers.1.bias,raw,48,0.007315164471817177,0.007463523690527421,0.007389344081172299,0,0.0,0.9,10
bayesfl_observability_v1,ola_sparse_bayesian_keep010_seed42,105,ola,global,,,layers.1.bias,raw,49,0.007463523690527421,0.0076118829092376656,0.007537703299882544,0,0.0,0.9,10
bayesfl_observability_v1,ola_sparse_bayesian_keep010_seed42,105,ola,global,,,layers.1.bias,raw,50,0.0076118829092376656,0.007760242127947909,0.007686062518592787,0,0.0,0.9,10
bayesfl_observability_v1,ola_sparse_bayesian_keep010_seed42,105,ola,global,,,layers.1.bias,raw,51,0.007760242127947909,0.007908601346658153,0.00783442173730303,0,0.0,0.9,10
bayesfl_observability_v1,ola_sparse_bayesian_keep010_seed42,105,ola,global,,,layers.1.bias,raw,52,0.007908601346658153,0.008056960565368398,0.007982780956013276,0,0.0,0.9,10
bayesfl_observability_v1,ola_sparse_bayesian_keep010_seed42,105,ola,global,,,layers.1.bias,raw,53,0.008056960565368398,0.008205319784078641,0.008131140174723519,0,0.0,0.9,10
bayesfl_observability_v1,ola_sparse_bayesian_keep010_seed42,105,ola,global,,,layers.1.bias,raw,54,0.008205319784078641,0.008353679002788885,0.008279499393433764,0,0.0,0.9,10
bayesfl_observability_v1,ola_sparse_bayesian_keep010_seed42,105,ola,global,,,layers.1.bias,raw,55,0.008353679002788885,0.00850203822149913,0.008427858612144007,0,0.0,0.9,10
bayesfl_observability_v1,ola_sparse_bayesian_keep010_seed42,105,ola,global,,,layers.1.bias,raw,56,0.00850203822149913,0.008650397440209373,0.00857621783085425,0,0.0,0.9,10
bayesfl_observability_v1,ola_sparse_bayesian_keep010_seed42,105,ola,global,,,layers.1.bias,raw,57,0.008650397440209373,0.008798756658919618,0.008724577049564496,0,0.0,0.9,10
bayesfl_observability_v1,ola_sparse_bayesian_keep010_seed42,105,ola,global,,,layers.1.bias,raw,58,0.008798756658919618,0.008947115877629861,0.00887293626827474,0,0.0,0.9,10
bayesfl_observability_v1,ola_sparse_bayesian_keep010_seed42,105,ola,global,,,layers.1.bias,raw,59,0.008947115877629861,0.009095475096340105,0.009021295486984982,0,0.0,0.9,10
bayesfl_observability_v1,ola_sparse_bayesian_keep010_seed42,105,ola,global,,,layers.1.bias,raw,60,0.009095475096340105,0.00924383431505035,0.009169654705695227,0,0.0,0.9,10
bayesfl_observability_v1,ola_sparse_bayesian_keep010_seed42,105,ola,global,,,layers.1.bias,raw,61,0.00924383431505035,0.009392193533760593,0.009318013924405472,0,0.0,0.9,10
bayesfl_observability_v1,ola_sparse_bayesian_keep010_seed42,105,ola,global,,,layers.1.bias,raw,62,0.009392193533760593,0.009540552752470838,0.009466373143115716,0,0.0,0.9,10
bayesfl_observability_v1,ola_sparse_bayesian_keep010_seed42,105,ola,global,,,layers.1.bias,raw,63,0.009540552752470838,0.009688911971181081,0.009614732361825959,0,0.0,0.9,10
bayesfl_observability_v1,ola_sparse_bayesian_keep010_seed42,105,ola,global,,,layers.1.bias,raw,64,0.009688911971181081,0.009837271189891325,0.009763091580536204,0,0.0,0.9,10
bayesfl_observability_v1,ola_sparse_bayesian_keep010_seed42,105,ola,global,,,layers.1.bias,raw,65,0.009837271189891325,0.00998563040860157,0.009911450799246447,0,0.0,0.9,10
bayesfl_observability_v1,ola_sparse_bayesian_keep010_seed42,105,ola,global,,,layers.1.bias,raw,66,0.00998563040860157,0.010133989627311813,0.01005981001795669,0,0.0,0.9,10
bayesfl_observability_v1,ola_sparse_bayesian_keep010_seed42,105,ola,global,,,layers.1.bias,raw,67,0.010133989627311813,0.010282348846022058,0.010208169236666936,0,0.0,0.9,10
bayesfl_observability_v1,ola_sparse_bayesian_keep010_seed42,105,ola,global,,,layers.1.bias,raw,68,0.010282348846022058,0.010430708064732301,0.01035652845537718,0,0.0,0.9,10
bayesfl_observability_v1,ola_sparse_bayesian_keep010_seed42,105,ola,global,,,layers.1.bias,raw,69,0.010430708064732301,0.010579067283442545,0.010504887674087422,0,0.0,0.9,10
bayesfl_observability_v1,ola_sparse_bayesian_keep010_seed42,105,ola,global,,,layers.1.bias,raw,70,0.010579067283442545,0.01072742650215279,0.010653246892797667,0,0.0,0.9,10
bayesfl_observability_v1,ola_sparse_bayesian_keep010_seed42,105,ola,global,,,layers.1.bias,raw,71,0.01072742650215279,0.010875785720863033,0.010801606111507912,0,0.0,0.9,10
bayesfl_observability_v1,ola_sparse_bayesian_keep010_seed42,105,ola,global,,,layers.1.bias,raw,72,0.010875785720863033,0.011024144939573278,0.010949965330218156,0,0.0,0.9,10
bayesfl_observability_v1,ola_sparse_bayesian_keep010_seed42,105,ola,global,,,layers.1.bias,raw,73,0.011024144939573278,0.011172504158283521,0.011098324548928399,0,0.0,0.9,10
bayesfl_observability_v1,ola_sparse_bayesian_keep010_seed42,105,ola,global,,,layers.1.bias,raw,74,0.011172504158283521,0.011320863376993765,0.011246683767638644,0,0.0,0.9,10
bayesfl_observability_v1,ola_sparse_bayesian_keep010_seed42,105,ola,global,,,layers.1.bias,raw,75,0.011320863376993765,0.01146922259570401,0.011395042986348887,0,0.0,0.9,10
bayesfl_observability_v1,ola_sparse_bayesian_keep010_seed42,105,ola,global,,,layers.1.bias,raw,76,0.01146922259570401,0.011617581814414253,0.01154340220505913,0,0.0,0.9,10
bayesfl_observability_v1,ola_sparse_bayesian_keep010_seed42,105,ola,global,,,layers.1.bias,raw,77,0.011617581814414253,0.011765941033124498,0.011691761423769376,0,0.0,0.9,10
bayesfl_observability_v1,ola_sparse_bayesian_keep010_seed42,105,ola,global,,,layers.1.bias,raw,78,0.011765941033124498,0.011914300251834741,0.01184012064247962,0,0.0,0.9,10
bayesfl_observability_v1,ola_sparse_bayesian_keep010_seed42,105,ola,global,,,layers.1.bias,raw,79,0.011914300251834741,0.012062659470544985,0.011988479861189862,1,674.0396779475329,1.0,10
bayesfl_observability_v1,ola_sparse_bayesian_keep010_seed42,105,ola,global,,,layers.1.bias,db,0,-74.24745950060556,-73.7990054898786,-74.02323249524207,1,0.2229883056188881,0.1,10
bayesfl_observability_v1,ola_sparse_bayesian_keep010_seed42,105,ola,global,,,layers.1.bias,db,1,-73.7990054898786,-73.35055147915162,-73.57477848451511,0,0.0,0.1,10
bayesfl_observability_v1,ola_sparse_bayesian_keep010_seed42,105,ola,global,,,layers.1.bias,db,2,-73.35055147915162,-72.90209746842466,-73.12632447378815,0,0.0,0.1,10
bayesfl_observability_v1,ola_sparse_bayesian_keep010_seed42,105,ola,global,,,layers.1.bias,db,3,-72.90209746842466,-72.4536434576977,-72.67787046306117,0,0.0,0.1,10
bayesfl_observability_v1,ola_sparse_bayesian_keep010_seed42,105,ola,global,,,layers.1.bias,db,4,-72.4536434576977,-72.00518944697073,-72.22941645233422,0,0.0,0.1,10
bayesfl_observability_v1,ola_sparse_bayesian_keep010_seed42,105,ola,global,,,layers.1.bias,db,5,-72.00518944697073,-71.55673543624376,-71.78096244160724,0,0.0,0.1,10
bayesfl_observability_v1,ola_sparse_bayesian_keep010_seed42,105,ola,global,,,layers.1.bias,db,6,-71.55673543624376,-71.1082814255168,-71.33250843088027,0,0.0,0.1,10
bayesfl_observability_v1,ola_sparse_bayesian_keep010_seed42,105,ola,global,,,layers.1.bias,db,7,-71.1082814255168,-70.65982741478983,-70.88405442015332,0,0.0,0.1,10
bayesfl_observability_v1,ola_sparse_bayesian_keep010_seed42,105,ola,global,,,layers.1.bias,db,8,-70.65982741478983,-70.21137340406287,-70.43560040942634,0,0.0,0.1,10
bayesfl_observability_v1,ola_sparse_bayesian_keep010_seed42,105,ola,global,,,layers.1.bias,db,9,-70.21137340406287,-69.76291939333589,-69.98714639869938,0,0.0,0.1,10
bayesfl_observability_v1,ola_sparse_bayesian_keep010_seed42,105,ola,global,,,layers.1.bias,db,10,-69.76291939333589,-69.31446538260893,-69.53869238797242,0,0.0,0.1,10
bayesfl_observability_v1,ola_sparse_bayesian_keep010_seed42,105,ola,global,,,layers.1.bias,db,11,-69.31446538260893,-68.86601137188197,-69.09023837724544,0,0.0,0.1,10
bayesfl_observability_v1,ola_sparse_bayesian_keep010_seed42,105,ola,global,,,layers.1.bias,db,12,-68.86601137188197,-68.417557361155,-68.6417843665185,0,0.0,0.1,10
bayesfl_observability_v1,ola_sparse_bayesian_keep010_seed42,105,ola,global,,,layers.1.bias,db,13,-68.417557361155,-67.96910335042803,-68.19333035579152,0,0.0,0.1,10
bayesfl_observability_v1,ola_sparse_bayesian_keep010_seed42,105,ola,global,,,layers.1.bias,db,14,-67.96910335042803,-67.52064933970107,-67.74487634506454,0,0.0,0.1,10
bayesfl_observability_v1,ola_sparse_bayesian_keep010_seed42,105,ola,global,,,layers.1.bias,db,15,-67.52064933970107,-67.0721953289741,-67.29642233433759,0,0.0,0.1,10
bayesfl_observability_v1,ola_sparse_bayesian_keep010_seed42,105,ola,global,,,layers.1.bias,db,16,-67.0721953289741,-66.62374131824714,-66.84796832361062,0,0.0,0.1,10
bayesfl_observability_v1,ola_sparse_bayesian_keep010_seed42,105,ola,global,,,layers.1.bias,db,17,-66.62374131824714,-66.17528730752016,-66.39951431288365,0,0.0,0.1,10
bayesfl_observability_v1,ola_sparse_bayesian_keep010_seed42,105,ola,global,,,layers.1.bias,db,18,-66.17528730752016,-65.7268332967932,-65.95106030215669,0,0.0,0.1,10
bayesfl_observability_v1,ola_sparse_bayesian_keep010_seed42,105,ola,global,,,layers.1.bias,db,19,-65.7268332967932,-65.27837928606624,-65.50260629142971,0,0.0,0.1,10
bayesfl_observability_v1,ola_sparse_bayesian_keep010_seed42,105,ola,global,,,layers.1.bias,db,20,-65.27837928606624,-64.82992527533928,-65.05415228070277,0,0.0,0.1,10
bayesfl_observability_v1,ola_sparse_bayesian_keep010_seed42,105,ola,global,,,layers.1.bias,db,21,-64.82992527533928,-64.3814712646123,-64.60569826997579,1,0.22298830561888103,0.2,10
bayesfl_observability_v1,ola_sparse_bayesian_keep010_seed42,105,ola,global,,,layers.1.bias,db,22,-64.3814712646123,-63.93301725388534,-64.15724425924881,1,0.2229883056188881,0.3,10
bayesfl_observability_v1,ola_sparse_bayesian_keep010_seed42,105,ola,global,,,layers.1.bias,db,23,-63.93301725388534,-63.48456324315838,-63.70879024852186,0,0.0,0.3,10
bayesfl_observability_v1,ola_sparse_bayesian_keep010_seed42,105,ola,global,,,layers.1.bias,db,24,-63.48456324315838,-63.03610923243141,-63.26033623779489,0,0.0,0.3,10
bayesfl_observability_v1,ola_sparse_bayesian_keep010_seed42,105,ola,global,,,layers.1.bias,db,25,-63.03610923243141,-62.58765522170444,-62.811882227067926,0,0.0,0.3,10
bayesfl_observability_v1,ola_sparse_bayesian_keep010_seed42,105,ola,global,,,layers.1.bias,db,26,-62.58765522170444,-62.139201210977475,-62.36342821634096,0,0.0,0.3,10
bayesfl_observability_v1,ola_sparse_bayesian_keep010_seed42,105,ola,global,,,layers.1.bias,db,27,-62.139201210977475,-61.69074720025051,-61.914974205613994,0,0.0,0.3,10
bayesfl_observability_v1,ola_sparse_bayesian_keep010_seed42,105,ola,global,,,layers.1.bias,db,28,-61.69074720025051,-61.242293189523544,-61.466520194887025,0,0.0,0.3,10
bayesfl_observability_v1,ola_sparse_bayesian_keep010_seed42,105,ola,global,,,layers.1.bias,db,29,-61.242293189523544,-60.793839178796574,-61.01806618416006,1,0.22298830561888458,0.4,10
bayesfl_observability_v1,ola_sparse_bayesian_keep010_seed42,105,ola,global,,,layers.1.bias,db,30,-60.793839178796574,-60.34538516806961,-60.56961217343309,0,0.0,0.4,10
bayesfl_observability_v1,ola_sparse_bayesian_keep010_seed42,105,ola,global,,,layers.1.bias,db,31,-60.34538516806961,-59.89693115734265,-60.12115816270613,0,0.0,0.4,10
bayesfl_observability_v1,ola_sparse_bayesian_keep010_seed42,105,ola,global,,,layers.1.bias,db,32,-59.89693115734265,-59.44847714661568,-59.67270415197916,1,0.22298830561888458,0.5,10
bayesfl_observability_v1,ola_sparse_bayesian_keep010_seed42,105,ola,global,,,layers.1.bias,db,33,-59.44847714661568,-59.00002313588871,-59.2242501412522,0,0.0,0.5,10
bayesfl_observability_v1,ola_sparse_bayesian_keep010_seed42,105,ola,global,,,layers.1.bias,db,34,-59.00002313588871,-58.55156912516175,-58.77579613052523,0,0.0,0.5,10
bayesfl_observability_v1,ola_sparse_bayesian_keep010_seed42,105,ola,global,,,layers.1.bias,db,35,-58.55156912516175,-58.103115114434786,-58.32734211979827,0,0.0,0.5,10
bayesfl_observability_v1,ola_sparse_bayesian_keep010_seed42,105,ola,global,,,layers.1.bias,db,36,-58.103115114434786,-57.65466110370782,-57.8788881090713,0,0.0,0.5,10
bayesfl_observability_v1,ola_sparse_bayesian_keep010_seed42,105,ola,global,,,layers.1.bias,db,37,-57.65466110370782,-57.20620709298085,-57.430434098344335,0,0.0,0.5,10
bayesfl_observability_v1,ola_sparse_bayesian_keep010_seed42,105,ola,global,,,layers.1.bias,db,38,-57.20620709298085,-56.757753082253885,-56.981980087617366,0,0.0,0.5,10
bayesfl_observability_v1,ola_sparse_bayesian_keep010_seed42,105,ola,global,,,layers.1.bias,db,39,-56.757753082253885,-56.30929907152692,-56.5335260768904,0,0.0,0.5,10
bayesfl_observability_v1,ola_sparse_bayesian_keep010_seed42,105,ola,global,,,layers.1.bias,db,40,-56.30929907152692,-55.86084506079995,-56.085072066163434,1,0.22298830561888458,0.6,10
bayesfl_observability_v1,ola_sparse_bayesian_keep010_seed42,105,ola,global,,,layers.1.bias,db,41,-55.86084506079995,-55.41239105007298,-55.63661805543647,0,0.0,0.6,10
bayesfl_observability_v1,ola_sparse_bayesian_keep010_seed42,105,ola,global,,,layers.1.bias,db,42,-55.41239105007298,-54.96393703934602,-55.1881640447095,0,0.0,0.6,10
bayesfl_observability_v1,ola_sparse_bayesian_keep010_seed42,105,ola,global,,,layers.1.bias,db,43,-54.96393703934602,-54.51548302861906,-54.73971003398254,0,0.0,0.6,10
bayesfl_observability_v1,ola_sparse_bayesian_keep010_seed42,105,ola,global,,,layers.1.bias,db,44,-54.51548302861906,-54.06702901789209,-54.29125602325557,0,0.0,0.6,10
bayesfl_observability_v1,ola_sparse_bayesian_keep010_seed42,105,ola,global,,,layers.1.bias,db,45,-54.06702901789209,-53.61857500716512,-53.84280201252861,0,0.0,0.6,10
bayesfl_observability_v1,ola_sparse_bayesian_keep010_seed42,105,ola,global,,,layers.1.bias,db,46,-53.61857500716512,-53.17012099643816,-53.39434800180164,0,0.0,0.6,10
bayesfl_observability_v1,ola_sparse_bayesian_keep010_seed42,105,ola,global,,,layers.1.bias,db,47,-53.17012099643816,-52.72166698571119,-52.94589399107467,0,0.0,0.6,10
bayesfl_observability_v1,ola_sparse_bayesian_keep010_seed42,105,ola,global,,,layers.1.bias,db,48,-52.72166698571119,-52.27321297498422,-52.49743998034771,0,0.0,0.6,10
bayesfl_observability_v1,ola_sparse_bayesian_keep010_seed42,105,ola,global,,,layers.1.bias,db,49,-52.27321297498422,-51.824758964257256,-52.04898596962074,0,0.0,0.6,10
bayesfl_observability_v1,ola_sparse_bayesian_keep010_seed42,105,ola,global,,,layers.1.bias,db,50,-51.824758964257256,-51.376304953530294,-51.600531958893775,0,0.0,0.6,10
bayesfl_observability_v1,ola_sparse_bayesian_keep010_seed42,105,ola,global,,,layers.1.bias,db,51,-51.376304953530294,-50.927850942803325,-51.152077948166806,0,0.0,0.6,10
bayesfl_observability_v1,ola_sparse_bayesian_keep010_seed42,105,ola,global,,,layers.1.bias,db,52,-50.927850942803325,-50.479396932076355,-50.70362393743984,0,0.0,0.6,10
bayesfl_observability_v1,ola_sparse_bayesian_keep010_seed42,105,ola,global,,,layers.1.bias,db,53,-50.479396932076355,-50.03094292134939,-50.255169926712874,0,0.0,0.6,10
bayesfl_observability_v1,ola_sparse_bayesian_keep010_seed42,105,ola,global,,,layers.1.bias,db,54,-50.03094292134939,-49.58248891062243,-49.80671591598591,0,0.0,0.6,10
bayesfl_observability_v1,ola_sparse_bayesian_keep010_seed42,105,ola,global,,,layers.1.bias,db,55,-49.58248891062243,-49.13403489989546,-49.35826190525894,0,0.0,0.6,10
bayesfl_observability_v1,ola_sparse_bayesian_keep010_seed42,105,ola,global,,,layers.1.bias,db,56,-49.13403489989546,-48.68558088916849,-48.90980789453198,0,0.0,0.6,10
bayesfl_observability_v1,ola_sparse_bayesian_keep010_seed42,105,ola,global,,,layers.1.bias,db,57,-48.68558088916849,-48.23712687844153,-48.46135388380501,0,0.0,0.6,10
bayesfl_observability_v1,ola_sparse_bayesian_keep010_seed42,105,ola,global,,,layers.1.bias,db,58,-48.23712687844153,-47.78867286771457,-48.01289987307805,0,0.0,0.6,10
bayesfl_observability_v1,ola_sparse_bayesian_keep010_seed42,105,ola,global,,,layers.1.bias,db,59,-47.78867286771457,-47.3402188569876,-47.56444586235108,0,0.0,0.6,10
bayesfl_observability_v1,ola_sparse_bayesian_keep010_seed42,105,ola,global,,,layers.1.bias,db,60,-47.3402188569876,-46.89176484626063,-47.115991851624116,0,0.0,0.6,10
bayesfl_observability_v1,ola_sparse_bayesian_keep010_seed42,105,ola,global,,,layers.1.bias,db,61,-46.89176484626063,-46.443310835533666,-46.66753784089715,0,0.0,0.6,10
bayesfl_observability_v1,ola_sparse_bayesian_keep010_seed42,105,ola,global,,,layers.1.bias,db,62,-46.443310835533666,-45.9948568248067,-46.219083830170185,1,0.2229883056188881,0.7,10
bayesfl_observability_v1,ola_sparse_bayesian_keep010_seed42,105,ola,global,,,layers.1.bias,db,63,-45.9948568248067,-45.546402814079734,-45.770629819443215,1,0.22298830561888458,0.8,10
bayesfl_observability_v1,ola_sparse_bayesian_keep010_seed42,105,ola,global,,,layers.1.bias,db,64,-45.546402814079734,-45.097948803352764,-45.32217580871625,0,0.0,0.8,10
bayesfl_observability_v1,ola_sparse_bayesian_keep010_seed42,105,ola,global,,,layers.1.bias,db,65,-45.097948803352764,-44.6494947926258,-44.87372179798928,0,0.0,0.8,10
bayesfl_observability_v1,ola_sparse_bayesian_keep010_seed42,105,ola,global,,,layers.1.bias,db,66,-44.6494947926258,-44.20104078189884,-44.42526778726232,1,0.2229883056188881,0.9,10
bayesfl_observability_v1,ola_sparse_bayesian_keep010_seed42,105,ola,global,,,layers.1.bias,db,67,-44.20104078189884,-43.75258677117187,-43.97681377653535,0,0.0,0.9,10
bayesfl_observability_v1,ola_sparse_bayesian_keep010_seed42,105,ola,global,,,layers.1.bias,db,68,-43.75258677117187,-43.3041327604449,-43.52835976580839,0,0.0,0.9,10
bayesfl_observability_v1,ola_sparse_bayesian_keep010_seed42,105,ola,global,,,layers.1.bias,db,69,-43.3041327604449,-42.85567874971794,-43.07990575508142,0,0.0,0.9,10
bayesfl_observability_v1,ola_sparse_bayesian_keep010_seed42,105,ola,global,,,layers.1.bias,db,70,-42.85567874971794,-42.407224738990976,-42.63145174435446,0,0.0,0.9,10
bayesfl_observability_v1,ola_sparse_bayesian_keep010_seed42,105,ola,global,,,layers.1.bias,db,71,-42.407224738990976,-41.95877072826401,-42.18299773362749,0,0.0,0.9,10
bayesfl_observability_v1,ola_sparse_bayesian_keep010_seed42,105,ola,global,,,layers.1.bias,db,72,-41.95877072826401,-41.51031671753704,-41.734543722900526,0,0.0,0.9,10
bayesfl_observability_v1,ola_sparse_bayesian_keep010_seed42,105,ola,global,,,layers.1.bias,db,73,-41.51031671753704,-41.061862706810075,-41.286089712173556,0,0.0,0.9,10
bayesfl_observability_v1,ola_sparse_bayesian_keep010_seed42,105,ola,global,,,layers.1.bias,db,74,-41.061862706810075,-40.613408696083106,-40.83763570144659,0,0.0,0.9,10
bayesfl_observability_v1,ola_sparse_bayesian_keep010_seed42,105,ola,global,,,layers.1.bias,db,75,-40.613408696083106,-40.16495468535614,-40.389181690719624,0,0.0,0.9,10
bayesfl_observability_v1,ola_sparse_bayesian_keep010_seed42,105,ola,global,,,layers.1.bias,db,76,-40.16495468535614,-39.716500674629174,-39.94072767999266,0,0.0,0.9,10
bayesfl_observability_v1,ola_sparse_bayesian_keep010_seed42,105,ola,global,,,layers.1.bias,db,77,-39.716500674629174,-39.26804666390221,-39.49227366926569,0,0.0,0.9,10
bayesfl_observability_v1,ola_sparse_bayesian_keep010_seed42,105,ola,global,,,layers.1.bias,db,78,-39.26804666390221,-38.81959265317524,-39.04381965853872,0,0.0,0.9,10
bayesfl_observability_v1,ola_sparse_bayesian_keep010_seed42,105,ola,global,,,layers.1.bias,db,79,-38.81959265317524,-38.37113864244828,-38.59536564781176,1,0.2229883056188881,1.0,10
bayesfl_observability_v1,ola_sparse_bayesian_keep010_seed42,110,ola,global,,,all,raw,0,2.0005701773262004e-08,0.0011366787361895914,0.0005683493709456824,77280,668.0627345039945,0.7593593396875307,101770
bayesfl_observability_v1,ola_sparse_bayesian_keep010_seed42,110,ola,global,,,all,raw,1,0.0011366787361895914,0.0022733374666774092,0.0017050081014335003,20175,174.40690564982006,0.9576004716517638,101770
bayesfl_observability_v1,ola_sparse_bayesian_keep010_seed42,110,ola,global,,,all,raw,2,0.0022733374666774092,0.003409996197165227,0.002841666831921318,3184,27.524737922628354,0.9888867053159084,101770
bayesfl_observability_v1,ola_sparse_bayesian_keep010_seed42,110,ola,global,,,all,raw,3,0.003409996197165227,0.004546654927653045,0.003978325562409136,384,3.319566382628544,0.9926599194261571,101770
bayesfl_observability_v1,ola_sparse_bayesian_keep010_seed42,110,ola,global,,,all,raw,4,0.004546654927653045,0.005683313658140864,0.0051149842928969545,146,1.262126801728561,0.9940945268743244,101770
bayesfl_observability_v1,ola_sparse_bayesian_keep010_seed42,110,ola,global,,,all,raw,5,0.005683313658140864,0.006819972388628681,0.006251643023384773,100,0.8644704121428506,0.995077134715535,101770
bayesfl_observability_v1,ola_sparse_bayesian_keep010_seed42,110,ola,global,,,all,raw,6,0.006819972388628681,0.0079566311191165,0.007388301753872591,72,0.6224186967428514,0.9957846123612066,101770
bayesfl_observability_v1,ola_sparse_bayesian_keep010_seed42,110,ola,global,,,all,raw,7,0.0079566311191165,0.009093289849604318,0.00852496048436041,63,0.5446163596499956,0.9964036553011693,101770
bayesfl_observability_v1,ola_sparse_bayesian_keep010_seed42,110,ola,global,,,all,raw,8,0.009093289849604318,0.010229948580092137,0.009661619214848228,59,0.5100375431642815,0.9969833939274836,101770
bayesfl_observability_v1,ola_sparse_bayesian_keep010_seed42,110,ola,global,,,all,raw,9,0.010229948580092137,0.011366607310579955,0.010798277945336046,41,0.3544328689785685,0.9973862631423799,101770
bayesfl_observability_v1,ola_sparse_bayesian_keep010_seed42,110,ola,global,,,all,raw,10,0.011366607310579955,0.012503266041067773,0.011934936675823864,33,0.2852752360071405,0.9977105237299794,101770
bayesfl_observability_v1,ola_sparse_bayesian_keep010_seed42,110,ola,global,,,all,raw,11,0.012503266041067773,0.01363992477155559,0.01307159540631168,33,0.28527523600714094,0.9980347843175789,101770
bayesfl_observability_v1,ola_sparse_bayesian_keep010_seed42,110,ola,global,,,all,raw,12,0.01363992477155559,0.014776583502043408,0.014208254136799499,18,0.155604674185713,0.9982116537289968,101770
bayesfl_observability_v1,ola_sparse_bayesian_keep010_seed42,110,ola,global,,,all,raw,13,0.014776583502043408,0.015913242232531224,0.015344912867287317,24,0.2074728989142843,0.9984474796108873,101770
bayesfl_observability_v1,ola_sparse_bayesian_keep010_seed42,110,ola,global,,,all,raw,14,0.015913242232531224,0.017049900963019043,0.016481571597775135,25,0.2161176030357125,0.9986931315711899,101770
bayesfl_observability_v1,ola_sparse_bayesian_keep010_seed42,110,ola,global,,,all,raw,15,0.017049900963019043,0.01818655969350686,0.01761823032826295,17,0.1469599700642845,0.9988601749041958,101770
bayesfl_observability_v1,ola_sparse_bayesian_keep010_seed42,110,ola,global,,,all,raw,16,0.01818655969350686,0.01932321842399468,0.018754889058750772,12,0.103736449457142,0.998978087845141,101770
bayesfl_observability_v1,ola_sparse_bayesian_keep010_seed42,110,ola,global,,,all,raw,17,0.01932321842399468,0.020459877154482498,0.019891547789238587,17,0.1469599700642845,0.9991451311781469,101770
bayesfl_observability_v1,ola_sparse_bayesian_keep010_seed42,110,ola,global,,,all,raw,18,0.020459877154482498,0.021596535884970316,0.02102820651972641,4,0.034578816485714,0.9991844354917953,101770
bayesfl_observability_v1,ola_sparse_bayesian_keep010_seed42,110,ola,global,,,all,raw,19,0.021596535884970316,0.022733194615458134,0.022164865250214223,5,0.0432235206071425,0.9992335658838557,101770
bayesfl_observability_v1,ola_sparse_bayesian_keep010_seed42,110,ola,global,,,all,raw,20,0.022733194615458134,0.023869853345945952,0.023301523980702045,7,0.0605129288499995,0.9993023484327405,101770
bayesfl_observability_v1,ola_sparse_bayesian_keep010_seed42,110,ola,global,,,all,raw,21,0.023869853345945952,0.02500651207643377,0.02443818271118986,6,0.051868224728571,0.9993613049032132,101770
bayesfl_observability_v1,ola_sparse_bayesian_keep010_seed42,110,ola,global,,,all,raw,22,0.02500651207643377,0.02614317080692159,0.02557484144167768,6,0.051868224728571,0.9994202613736858,101770
bayesfl_observability_v1,ola_sparse_bayesian_keep010_seed42,110,ola,global,,,all,raw,23,0.02614317080692159,0.027279829537409404,0.026711500172165496,6,0.05186822472857115,0.9994792178441584,101770
bayesfl_observability_v1,ola_sparse_bayesian_keep010_seed42,110,ola,global,,,all,raw,24,0.027279829537409404,0.028416488267897222,0.02784815890265331,7,0.0605129288499995,0.9995480003930431,101770
bayesfl_observability_v1,ola_sparse_bayesian_keep010_seed42,110,ola,global,,,all,raw,25,0.028416488267897222,0.02955314699838504,0.028984817633141133,4,0.034578816485714,0.9995873047066915,101770
bayesfl_observability_v1,ola_sparse_bayesian_keep010_seed42,110,ola,global,,,all,raw,26,0.02955314699838504,0.03068980572887286,0.030121476363628948,5,0.0432235206071425,0.9996364350987521,101770
bayesfl_observability_v1,ola_sparse_bayesian_keep010_seed42,110,ola,global,,,all,raw,27,0.03068980572887286,0.03182646445936068,0.03125813509411677,2,0.017289408242856946,0.9996560872555763,101770
bayesfl_observability_v1,ola_sparse_bayesian_keep010_seed42,110,ola,global,,,all,raw,28,0.03182646445936068,0.0329631231898485,0.03239479382460459,0,0.0,0.9996560872555763,101770
bayesfl_observability_v1,ola_sparse_bayesian_keep010_seed42,110,ola,global,,,all,raw,29,0.0329631231898485,0.03409978192033632,0.033531452555092406,0,0.0,0.9996560872555763,101770
bayesfl_observability_v1,ola_sparse_bayesian_keep010_seed42,110,ola,global,,,all,raw,30,0.03409978192033632,0.03523644065082414,0.03466811128558023,3,0.02593411236428542,0.9996855654908127,101770
bayesfl_observability_v1,ola_sparse_bayesian_keep010_seed42,110,ola,global,,,all,raw,31,0.03523644065082414,0.03637309938131195,0.03580477001606805,5,0.04322352060714263,0.9997346958828731,101770
bayesfl_observability_v1,ola_sparse_bayesian_keep010_seed42,110,ola,global,,,all,raw,32,0.03637309938131195,0.03750975811179977,0.03694142874655586,1,0.008644704121428525,0.9997445219612853,101770
bayesfl_observability_v1,ola_sparse_bayesian_keep010_seed42,110,ola,global,,,all,raw,33,0.03750975811179977,0.03864641684228759,0.03807808747704368,8,0.06915763297142778,0.9998231305885821,101770
bayesfl_observability_v1,ola_sparse_bayesian_keep010_seed42,110,ola,global,,,all,raw,34,0.03864641684228759,0.039783075572775405,0.0392147462075315,1,0.008644704121428525,0.9998329566669942,101770
bayesfl_observability_v1,ola_sparse_bayesian_keep010_seed42,110,ola,global,,,all,raw,35,0.039783075572775405,0.040919734303263226,0.040351404938019315,1,0.008644704121428473,0.9998427827454063,101770
bayesfl_observability_v1,ola_sparse_bayesian_keep010_seed42,110,ola,global,,,all,raw,36,0.040919734303263226,0.04205639303375104,0.04148806366850713,0,0.0,0.9998427827454063,101770
bayesfl_observability_v1,ola_sparse_bayesian_keep010_seed42,110,ola,global,,,all,raw,37,0.04205639303375104,0.04319305176423886,0.04262472239899495,0,0.0,0.9998427827454063,101770
bayesfl_observability_v1,ola_sparse_bayesian_keep010_seed42,110,ola,global,,,all,raw,38,0.04319305176423886,0.04432971049472668,0.043761381129482774,0,0.0,0.9998427827454063,101770
bayesfl_observability_v1,ola_sparse_bayesian_keep010_seed42,110,ola,global,,,all,raw,39,0.04432971049472668,0.0454663692252145,0.04489803985997059,2,0.017289408242856946,0.9998624349022305,101770
bayesfl_observability_v1,ola_sparse_bayesian_keep010_seed42,110,ola,global,,,all,raw,40,0.0454663692252145,0.046603027955702314,0.0460346985904584,1,0.008644704121428525,0.9998722609806426,101770
bayesfl_observability_v1,ola_sparse_bayesian_keep010_seed42,110,ola,global,,,all,raw,41,0.046603027955702314,0.047739686686190136,0.047171357320946225,0,0.0,0.9998722609806426,101770
bayesfl_observability_v1,ola_sparse_bayesian_keep010_seed42,110,ola,global,,,all,raw,42,0.047739686686190136,0.04887634541667795,0.04830801605143405,0,0.0,0.9998722609806426,101770
bayesfl_observability_v1,ola_sparse_bayesian_keep010_seed42,110,ola,global,,,all,raw,43,0.04887634541667795,0.05001300414716577,0.04944467478192186,0,0.0,0.9998722609806426,101770
bayesfl_observability_v1,ola_sparse_bayesian_keep010_seed42,110,ola,global,,,all,raw,44,0.05001300414716577,0.05114966287765359,0.050581333512409676,1,0.008644704121428525,0.9998820870590547,101770
bayesfl_observability_v1,ola_sparse_bayesian_keep010_seed42,110,ola,global,,,all,raw,45,0.05114966287765359,0.05228632160814141,0.0517179922428975,1,0.008644704121428473,0.9998919131374668,101770
bayesfl_observability_v1,ola_sparse_bayesian_keep010_seed42,110,ola,global,,,all,raw,46,0.05228632160814141,0.053422980338629224,0.05285465097338532,0,0.0,0.9998919131374668,101770
bayesfl_observability_v1,ola_sparse_bayesian_keep010_seed42,110,ola,global,,,all,raw,47,0.053422980338629224,0.05455963906911704,0.05399130970387313,0,0.0,0.9998919131374668,101770
bayesfl_observability_v1,ola_sparse_bayesian_keep010_seed42,110,ola,global,,,all,raw,48,0.05455963906911704,0.05569629779960486,0.05512796843436095,1,0.008644704121428473,0.999901739215879,101770
bayesfl_observability_v1,ola_sparse_bayesian_keep010_seed42,110,ola,global,,,all,raw,49,0.05569629779960486,0.056832956530092675,0.05626462716484877,0,0.0,0.999901739215879,101770
bayesfl_observability_v1,ola_sparse_bayesian_keep010_seed42,110,ola,global,,,all,raw,50,0.056832956530092675,0.0579696152605805,0.057401285895336586,2,0.017289408242856946,0.9999213913727032,101770
bayesfl_observability_v1,ola_sparse_bayesian_keep010_seed42,110,ola,global,,,all,raw,51,0.0579696152605805,0.05910627399106831,0.0585379446258244,0,0.0,0.9999213913727032,101770
bayesfl_observability_v1,ola_sparse_bayesian_keep010_seed42,110,ola,global,,,all,raw,52,0.05910627399106831,0.06024293272155613,0.05967460335631222,0,0.0,0.9999213913727032,101770
bayesfl_observability_v1,ola_sparse_bayesian_keep010_seed42,110,ola,global,,,all,raw,53,0.06024293272155613,0.06137959145204395,0.060811262086800044,3,0.025934112364285576,0.9999508696079394,101770
bayesfl_observability_v1,ola_sparse_bayesian_keep010_seed42,110,ola,global,,,all,raw,54,0.06137959145204395,0.06251625018253176,0.06194792081728785,1,0.008644704121428525,0.9999606956863516,101770
bayesfl_observability_v1,ola_sparse_bayesian_keep010_seed42,110,ola,global,,,all,raw,55,0.06251625018253176,0.06365290891301958,0.06308457954777567,0,0.0,0.9999606956863516,101770
bayesfl_observability_v1,ola_sparse_bayesian_keep010_seed42,110,ola,global,,,all,raw,56,0.06365290891301958,0.0647895676435074,0.0642212382782635,0,0.0,0.9999606956863516,101770
bayesfl_observability_v1,ola_sparse_bayesian_keep010_seed42,110,ola,global,,,all,raw,57,0.0647895676435074,0.06592622637399523,0.06535789700875132,1,0.008644704121428473,0.9999705217647636,101770
bayesfl_observability_v1,ola_sparse_bayesian_keep010_seed42,110,ola,global,,,all,raw,58,0.06592622637399523,0.06706288510448304,0.06649455573923913,1,0.008644704121428579,0.9999803478431758,101770
bayesfl_observability_v1,ola_sparse_bayesian_keep010_seed42,110,ola,global,,,all,raw,59,0.06706288510448304,0.06819954383497086,0.06763121446972695,0,0.0,0.9999803478431758,101770
bayesfl_observability_v1,ola_sparse_bayesian_keep010_seed42,110,ola,global,,,all,raw,60,0.06819954383497086,0.06933620256545868,0.06876787320021477,0,0.0,0.9999803478431758,101770
bayesfl_observability_v1,ola_sparse_bayesian_keep010_seed42,110,ola,global,,,all,raw,61,0.06933620256545868,0.0704728612959465,0.06990453193070259,0,0.0,0.9999803478431758,101770
bayesfl_observability_v1,ola_sparse_bayesian_keep010_seed42,110,ola,global,,,all,raw,62,0.0704728612959465,0.07160952002643431,0.07104119066119041,0,0.0,0.9999803478431758,101770
bayesfl_observability_v1,ola_sparse_bayesian_keep010_seed42,110,ola,global,,,all,raw,63,0.07160952002643431,0.07274617875692213,0.07217784939167822,0,0.0,0.9999803478431758,101770
bayesfl_observability_v1,ola_sparse_bayesian_keep010_seed42,110,ola,global,,,all,raw,64,0.07274617875692213,0.07388283748740995,0.07331450812216604,1,0.008644704121428473,0.9999901739215878,101770
bayesfl_observability_v1,ola_sparse_bayesian_keep010_seed42,110,ola,global,,,all,raw,65,0.07388283748740995,0.07501949621789776,0.07445116685265385,0,0.0,0.9999901739215878,101770
bayesfl_observability_v1,ola_sparse_bayesian_keep010_seed42,110,ola,global,,,all,raw,66,0.07501949621789776,0.07615615494838558,0.07558782558314167,0,0.0,0.9999901739215878,101770
bayesfl_observability_v1,ola_sparse_bayesian_keep010_seed42,110,ola,global,,,all,raw,67,0.07615615494838558,0.0772928136788734,0.07672448431362949,0,0.0,0.9999901739215878,101770
bayesfl_observability_v1,ola_sparse_bayesian_keep010_seed42,110,ola,global,,,all,raw,68,0.0772928136788734,0.07842947240936123,0.07786114304411731,0,0.0,0.9999901739215878,101770
bayesfl_observability_v1,ola_sparse_bayesian_keep010_seed42,110,ola,global,,,all,raw,69,0.07842947240936123,0.07956613113984903,0.07899780177460514,0,0.0,0.9999901739215878,101770
bayesfl_observability_v1,ola_sparse_bayesian_keep010_seed42,110,ola,global,,,all,raw,70,0.07956613113984903,0.08070278987033686,0.08013446050509294,0,0.0,0.9999901739215878,101770
bayesfl_observability_v1,ola_sparse_bayesian_keep010_seed42,110,ola,global,,,all,raw,71,0.08070278987033686,0.08183944860082468,0.08127111923558077,0,0.0,0.9999901739215878,101770
bayesfl_observability_v1,ola_sparse_bayesian_keep010_seed42,110,ola,global,,,all,raw,72,0.08183944860082468,0.0829761073313125,0.08240777796606859,0,0.0,0.9999901739215878,101770
bayesfl_observability_v1,ola_sparse_bayesian_keep010_seed42,110,ola,global,,,all,raw,73,0.0829761073313125,0.0841127660618003,0.0835444366965564,0,0.0,0.9999901739215878,101770
bayesfl_observability_v1,ola_sparse_bayesian_keep010_seed42,110,ola,global,,,all,raw,74,0.0841127660618003,0.08524942479228813,0.08468109542704422,0,0.0,0.9999901739215878,101770
bayesfl_observability_v1,ola_sparse_bayesian_keep010_seed42,110,ola,global,,,all,raw,75,0.08524942479228813,0.08638608352277595,0.08581775415753204,0,0.0,0.9999901739215878,101770
bayesfl_observability_v1,ola_sparse_bayesian_keep010_seed42,110,ola,global,,,all,raw,76,0.08638608352277595,0.08752274225326377,0.08695441288801986,0,0.0,0.9999901739215878,101770
bayesfl_observability_v1,ola_sparse_bayesian_keep010_seed42,110,ola,global,,,all,raw,77,0.08752274225326377,0.08865940098375158,0.08809107161850768,0,0.0,0.9999901739215878,101770
bayesfl_observability_v1,ola_sparse_bayesian_keep010_seed42,110,ola,global,,,all,raw,78,0.08865940098375158,0.0897960597142394,0.08922773034899549,0,0.0,0.9999901739215878,101770
bayesfl_observability_v1,ola_sparse_bayesian_keep010_seed42,110,ola,global,,,all,raw,79,0.0897960597142394,0.09093271844472722,0.09036438907948331,1,0.008644704121428473,1.0,101770
bayesfl_observability_v1,ola_sparse_bayesian_keep010_seed42,110,ola,global,,,all,db,0,-153.97649003110982,-152.31210386207778,-153.14429694659378,1,5.903725105947189e-06,9.826078412105729e-06,101770
bayesfl_observability_v1,ola_sparse_bayesian_keep010_seed42,110,ola,global,,,all,db,1,-152.31210386207778,-150.6477176930457,-151.47991077756174,1,5.9037251059470885e-06,1.9652156824211458e-05,101770
bayesfl_observability_v1,ola_sparse_bayesian_keep010_seed42,110,ola,global,,,all,db,2,-150.6477176930457,-148.98333152401366,-149.8155246085297,0,0.0,1.9652156824211458e-05,101770
bayesfl_observability_v1,ola_sparse_bayesian_keep010_seed42,110,ola,global,,,all,db,3,-148.98333152401366,-147.3189453549816,-148.15113843949763,1,5.9037251059470885e-06,2.9478235236317185e-05,101770
bayesfl_observability_v1,ola_sparse_bayesian_keep010_seed42,110,ola,global,,,all,db,4,-147.3189453549816,-145.65455918594955,-146.48675227046556,1,5.903725105947189e-06,3.9304313648422916e-05,101770
bayesfl_observability_v1,ola_sparse_bayesian_keep010_seed42,110,ola,global,,,all,db,5,-145.65455918594955,-143.99017301691748,-144.82236610143352,0,0.0,3.9304313648422916e-05,101770
bayesfl_observability_v1,ola_sparse_bayesian_keep010_seed42,110,ola,global,,,all,db,6,-143.99017301691748,-142.32578684788544,-143.15797993240147,0,0.0,3.9304313648422916e-05,101770
bayesfl_observability_v1,ola_sparse_bayesian_keep010_seed42,110,ola,global,,,all,db,7,-142.32578684788544,-140.6614006788534,-141.4935937633694,0,0.0,3.9304313648422916e-05,101770
bayesfl_observability_v1,ola_sparse_bayesian_keep010_seed42,110,ola,global,,,all,db,8,-140.6614006788534,-138.99701450982133,-139.82920759433736,1,5.9037251059470885e-06,4.913039206052864e-05,101770
bayesfl_observability_v1,ola_sparse_bayesian_keep010_seed42,110,ola,global,,,all,db,9,-138.99701450982133,-137.33262834078928,-138.16482142530532,1,5.903725105947189e-06,5.895647047263437e-05,101770
bayesfl_observability_v1,ola_sparse_bayesian_keep010_seed42,110,ola,global,,,all,db,10,-137.33262834078928,-135.6682421717572,-136.50043525627325,2,1.1807450211894177e-05,7.860862729684583e-05,101770
bayesfl_observability_v1,ola_sparse_bayesian_keep010_seed42,110,ola,global,,,all,db,11,-135.6682421717572,-134.00385600272517,-134.83604908724118,1,5.903725105947189e-06,8.843470570895156e-05,101770
bayesfl_observability_v1,ola_sparse_bayesian_keep010_seed42,110,ola,global,,,all,db,12,-134.00385600272517,-132.3394698336931,-133.17166291820914,3,1.7711175317841266e-05,0.00011791294094526874,101770
bayesfl_observability_v1,ola_sparse_bayesian_keep010_seed42,110,ola,global,,,all,db,13,-132.3394698336931,-130.67508366466106,-131.5072767491771,9,5.31335259535247e-05,0.0002063476466542203,101770
bayesfl_observability_v1,ola_sparse_bayesian_keep010_seed42,110,ola,global,,,all,db,14,-130.67508366466106,-129.01069749562902,-129.84289058014502,2,1.1807450211894379e-05,0.00022599980347843177,101770
bayesfl_observability_v1,ola_sparse_bayesian_keep010_seed42,110,ola,global,,,all,db,15,-129.01069749562902,-127.34631132659695,-128.17850441111298,3,1.7711175317841266e-05,0.0002554780387147489,101770
bayesfl_observability_v1,ola_sparse_bayesian_keep010_seed42,110,ola,global,,,all,db,16,-127.34631132659695,-125.68192515756489,-126.51411824208091,7,4.1326075741629965e-05,0.000324260587599489,101770
bayesfl_observability_v1,ola_sparse_bayesian_keep010_seed42,110,ola,global,,,all,db,17,-125.68192515756489,-124.01753898853283,-124.84973207304887,14,8.265215148325993e-05,0.0004618256853689692,101770
bayesfl_observability_v1,ola_sparse_bayesian_keep010_seed42,110,ola,global,,,all,db,18,-124.01753898853283,-122.35315281950079,-123.18534590401681,8,4.7229800847577515e-05,0.0005404343126658151,101770
bayesfl_observability_v1,ola_sparse_bayesian_keep010_seed42,110,ola,global,,,all,db,19,-122.35315281950079,-120.68876665046872,-121.52095973498476,12,7.084470127136506e-05,0.0006583472536110838,101770
bayesfl_observability_v1,ola_sparse_bayesian_keep010_seed42,110,ola,global,,,all,db,20,-120.68876665046872,-119.02438048143668,-119.8565735659527,9,5.31335259535247e-05,0.0007467819593200354,101770
bayesfl_observability_v1,ola_sparse_bayesian_keep010_seed42,110,ola,global,,,all,db,21,-119.02438048143668,-117.35999431240462,-118.19218739692064,19,0.00011217077701299563,0.0009334774491500442,101770
bayesfl_observability_v1,ola_sparse_bayesian_keep010_seed42,110,ola,global,,,all,db,22,-117.35999431240462,-115.69560814337257,-116.5278012278886,19,0.00011217077701299563,0.001120172938980053,101770
bayesfl_observability_v1,ola_sparse_bayesian_keep010_seed42,110,ola,global,,,all,db,23,-115.69560814337257,-114.03122197434051,-114.86341505885653,30,0.00017711175317841415,0.001414955291343225,101770
bayesfl_observability_v1,ola_sparse_bayesian_keep010_seed42,110,ola,global,,,all,db,24,-114.03122197434051,-112.36683580530845,-113.19902888982449,32,0.00018891920339030843,0.0017293898005306082,101770
bayesfl_observability_v1,ola_sparse_bayesian_keep010_seed42,110,ola,global,,,all,db,25,-112.36683580530845,-110.7024496362764,-111.53464272079242,40,0.00023614900423788552,0.0021224329370148373,101770
bayesfl_observability_v1,ola_sparse_bayesian_keep010_seed42,110,ola,global,,,all,db,26,-110.7024496362764,-109.03806346724434,-109.87025655176038,45,0.0002656676297676212,0.0025646064655595953,101770
bayesfl_observability_v1,ola_sparse_bayesian_keep010_seed42,110,ola,global,,,all,db,27,-109.03806346724434,-107.3736772982123,-108.20587038272832,60,0.00035422350635683133,0.003154171170285939,101770
bayesfl_observability_v1,ola_sparse_bayesian_keep010_seed42,110,ola,global,,,all,db,28,-107.3736772982123,-105.70929112918023,-106.54148421369626,59,0.0003483197812508782,0.003733909796600177,101770
bayesfl_observability_v1,ola_sparse_bayesian_keep010_seed42,110,ola,global,,,all,db,29,-105.70929112918023,-104.04490496014819,-104.87709804466421,89,0.0005254315344292998,0.004608430775277587,101770
bayesfl_observability_v1,ola_sparse_bayesian_keep010_seed42,110,ola,global,,,all,db,30,-104.04490496014819,-102.38051879111613,-103.21271187563215,92,0.0005431427097471368,0.005512429989191314,101770
bayesfl_observability_v1,ola_sparse_bayesian_keep010_seed42,110,ola,global,,,all,db,31,-102.38051879111613,-100.71613262208407,-101.54832570660011,117,0.0006907358373958152,0.006662081163407684,101770
bayesfl_observability_v1,ola_sparse_bayesian_keep010_seed42,110,ola,global,,,all,db,32,-100.71613262208407,-99.05174645305202,-99.88393953756804,129,0.0007615805386671808,0.007929645278569323,101770
bayesfl_observability_v1,ola_sparse_bayesian_keep010_seed42,110,ola,global,,,all,db,33,-99.05174645305202,-97.38736028401996,-98.219553368536,157,0.0009268848416337007,0.009472339589269923,101770
bayesfl_observability_v1,ola_sparse_bayesian_keep010_seed42,110,ola,global,,,all,db,34,-97.38736028401996,-95.72297411498792,-96.55516719950394,244,0.0014405089258511142,0.01186990272182372,101770
bayesfl_observability_v1,ola_sparse_bayesian_keep010_seed42,110,ola,global,,,all,db,35,-95.72297411498792,-94.05858794595585,-94.89078103047189,236,0.0013932791250035128,0.014188857227080673,101770
bayesfl_observability_v1,ola_sparse_bayesian_keep010_seed42,110,ola,global,,,all,db,36,-94.05858794595585,-92.39420177692381,-93.22639486143983,307,0.001812443607525787,0.01720546329959713,101770
bayesfl_observability_v1,ola_sparse_bayesian_keep010_seed42,110,ola,global,,,all,db,37,-92.39420177692381,-90.72981560789175,-91.56200869240777,346,0.00204268888665771,0.020605286430185714,101770
bayesfl_observability_v1,ola_sparse_bayesian_keep010_seed42,110,ola,global,,,all,db,38,-90.72981560789175,-89.0654294388597,-89.89762252337573,393,0.002320163966637225,0.024466935246143264,101770
bayesfl_observability_v1,ola_sparse_bayesian_keep010_seed42,110,ola,global,,,all,db,39,-89.0654294388597,-87.40104326982764,-88.23323635434366,524,0.0030935519555163006,0.029615800334086666,101770
bayesfl_observability_v1,ola_sparse_bayesian_keep010_seed42,110,ola,global,,,all,db,40,-87.40104326982764,-85.73665710079558,-86.56885018531162,603,0.0035599462388861245,0.03554092561658642,101770
bayesfl_observability_v1,ola_sparse_bayesian_keep010_seed42,110,ola,global,,,all,db,41,-85.73665710079558,-84.07227093176353,-84.90446401627955,725,0.004280200701811675,0.042664832465363074,101770
bayesfl_observability_v1,ola_sparse_bayesian_keep010_seed42,110,ola,global,,,all,db,42,-84.07227093176353,-82.40788476273147,-83.2400778472475,901,0.005319256320458371,0.05151812911467034,101770
bayesfl_observability_v1,ola_sparse_bayesian_keep010_seed42,110,ola,global,,,all,db,43,-82.40788476273147,-80.74349859369943,-81.57569167821545,1138,0.0067184391705679015,0.06270020634764666,101770
bayesfl_observability_v1,ola_sparse_bayesian_keep010_seed42,110,ola,global,,,all,db,44,-80.74349859369943,-79.07911242466737,-79.91130550918339,1321,0.00779882086495617,0.07568045593003832,101770
bayesfl_observability_v1,ola_sparse_bayesian_keep010_seed42,110,ola,global,,,all,db,45,-79.07911242466737,-77.41472625563532,-78.24691934015135,1638,0.009670301723541412,0.0917755723690675,101770
bayesfl_observability_v1,ola_sparse_bayesian_keep010_seed42,110,ola,global,,,all,db,46,-77.41472625563532,-75.75034008660326,-76.58253317111928,1962,0.011583108657868286,0.11105433821361894,101770
bayesfl_observability_v1,ola_sparse_bayesian_keep010_seed42,110,ola,global,,,all,db,47,-75.75034008660326,-74.0859539175712,-74.91814700208724,2391,0.014115806728319608,0.13454849169696373,101770
bayesfl_observability_v1,ola_sparse_bayesian_keep010_seed42,110,ola,global,,,all,db,48,-74.0859539175712,-72.42156774853915,-73.25376083305517,2929,0.017292010835319168,0.16332907536602143,101770
bayesfl_observability_v1,ola_sparse_bayesian_keep010_seed42,110,ola,global,,,all,db,49,-72.42156774853915,-70.75718157950709,-71.58937466402313,3491,0.02060990434486146,0.19763191510268252,101770
bayesfl_observability_v1,ola_sparse_bayesian_keep010_seed42,110,ola,global,,,all,db,50,-70.75718157950709,-69.09279541047503,-69.92498849499106,4331,0.025569033433857056,0.24018866070551242,101770
bayesfl_observability_v1,ola_sparse_bayesian_keep010_seed42,110,ola,global,,,all,db,51,-69.09279541047503,-67.42840924144298,-68.26060232595901,5257,0.031035882881964107,0.29184435491795224,101770
bayesfl_observability_v1,ola_sparse_bayesian_keep010_seed42,110,ola,global,,,all,db,52,-67.42840924144298,-65.76402307241094,-66.59621615692696,6387,0.0377070922516847,0.3546035177360715,101770
bayesfl_observability_v1,ola_sparse_bayesian_keep010_seed42,110,ola,global,,,all,db,53,-65.76402307241094,-64.09963690337888,-64.9318299878949,7540,0.044514087298841425,0.42869214896334873,101770
bayesfl_observability_v1,ola_sparse_bayesian_keep010_seed42,110,ola,global,,,all,db,54,-64.09963690337888,-62.43525073434682,-63.26744381886285,8981,0.05302135517651125,0.5169401591824703,101770
bayesfl_observability_v1,ola_sparse_bayesian_keep010_seed42,110,ola,global,,,all,db,55,-62.43525073434682,-60.77086456531477,-61.603057649830795,10738,0.06339420018766037,0.6224525891716616,101770
bayesfl_observability_v1,ola_sparse_bayesian_keep010_seed42,110,ola,global,,,all,db,56,-60.77086456531477,-59.10647839628271,-59.93867148079874,12522,0.07392644577667007,0.7454947430480495,101770
bayesfl_observability_v1,ola_sparse_bayesian_keep010_seed42,110,ola,global,,,all,db,57,-59.10647839628271,-57.442092227250654,-58.27428531176668,8418,0.04969755794186301,0.8282106711211555,101770
bayesfl_observability_v1,ola_sparse_bayesian_keep010_seed42,110,ola,global,,,all,db,58,-57.442092227250654,-55.7777060582186,-56.609899142734626,5751,0.033952323084301995,0.8847204480691756,101770
bayesfl_observability_v1,ola_sparse_bayesian_keep010_seed42,110,ola,global,,,all,db,59,-55.7777060582186,-54.113319889186556,-54.94551297370258,4715,0.027836063874540996,0.9310504077822541,101770
bayesfl_observability_v1,ola_sparse_bayesian_keep010_seed42,110,ola,global,,,all,db,60,-54.113319889186556,-52.4489337201545,-53.28112680467053,3397,0.02005495418490243,0.9644295961481772,101770
bayesfl_observability_v1,ola_sparse_bayesian_keep010_seed42,110,ola,global,,,all,db,61,-52.4489337201545,-50.784547551122444,-51.61674063563847,1833,0.010821528119201104,0.9824407978775671,101770
bayesfl_observability_v1,ola_sparse_bayesian_keep010_seed42,110,ola,global,,,all,db,62,-50.784547551122444,-49.12016138209039,-49.952354466606415,741,0.00437466030350683,0.9897219219809374,101770
bayesfl_observability_v1,ola_sparse_bayesian_keep010_seed42,110,ola,global,,,all,db,63,-49.12016138209039,-47.45577521305833,-48.28796829757436,245,0.001446412650957049,0.9921293111919033,101770
bayesfl_observability_v1,ola_sparse_bayesian_keep010_seed42,110,ola,global,,,all,db,64,-47.45577521305833,-45.791389044026275,-46.6235821285423,133,0.0007851954390909693,0.9934361796207134,101770
bayesfl_observability_v1,ola_sparse_bayesian_keep010_seed42,110,ola,global,,,all,db,65,-45.791389044026275,-44.12700287499422,-44.95919595951025,113,0.0006671209369720267,0.9945465264812813,101770
bayesfl_observability_v1,ola_sparse_bayesian_keep010_seed42,110,ola,global,,,all,db,66,-44.12700287499422,-42.46261670596216,-43.29480979047819,103,0.0006080836859125552,0.9955586125577283,101770
bayesfl_observability_v1,ola_sparse_bayesian_keep010_seed42,110,ola,global,,,all,db,67,-42.46261670596216,-40.798230536930106,-41.630423621446134,86,0.0005077203591114539,0.9964036553011693,101770
bayesfl_observability_v1,ola_sparse_bayesian_keep010_seed42,110,ola,global,,,all,db,68,-40.798230536930106,-39.133844367898064,-39.966037452414085,93,0.0005490464348530886,0.9973174805934951,101770
bayesfl_observability_v1,ola_sparse_bayesian_keep010_seed42,110,ola,global,,,all,db,69,-39.133844367898064,-37.46945819886601,-38.301651283382036,67,0.0003955495820984583,0.9979758278471063,101770
bayesfl_observability_v1,ola_sparse_bayesian_keep010_seed42,110,ola,global,,,all,db,70,-37.46945819886601,-35.80507202983395,-36.63726511434998,53,0.0003128974306151983,0.9984966100029479,101770
bayesfl_observability_v1,ola_sparse_bayesian_keep010_seed42,110,ola,global,,,all,db,71,-35.80507202983395,-34.140685860801895,-34.97287894531792,54,0.00031880115572114546,0.9990272182372015,101770
bayesfl_observability_v1,ola_sparse_bayesian_keep010_seed42,110,ola,global,,,all,db,72,-34.140685860801895,-32.47629969176984,-33.30849277628587,28,0.00016530430296651986,0.9993023484327405,101770
bayesfl_observability_v1,ola_sparse_bayesian_keep010_seed42,110,ola,global,,,all,db,73,-32.47629969176984,-30.811913522737783,-31.64410660725381,25,0.00014759312764867845,0.9995480003930431,101770
bayesfl_observability_v1,ola_sparse_bayesian_keep010_seed42,110,ola,global,,,all,db,74,-30.811913522737783,-29.147527353705726,-29.979720438221754,12,7.084470127136566e-05,0.9996659133339884,101770
bayesfl_observability_v1,ola_sparse_bayesian_keep010_seed42,110,ola,global,,,all,db,75,-29.147527353705726,-27.483141184673684,-28.315334269189705,18,0.0001062670519070494,0.9998427827454063,101770
bayesfl_observability_v1,ola_sparse_bayesian_keep010_seed42,110,ola,global,,,all,db,76,-27.483141184673684,-25.818755015641614,-26.65094810015765,4,2.3614900423788354e-05,0.9998820870590547,101770
bayesfl_observability_v1,ola_sparse_bayesian_keep010_seed42,110,ola,global,,,all,db,77,-25.818755015641614,-24.15436884660957,-24.986561931125593,8,4.7229800847577515e-05,0.9999606956863516,101770
bayesfl_observability_v1,ola_sparse_bayesian_keep010_seed42,110,ola,global,,,all,db,78,-24.15436884660957,-22.4899826775775,-23.322175762093536,3,1.7711175317841266e-05,0.9999901739215878,101770
bayesfl_observability_v1,ola_sparse_bayesian_keep010_seed42,110,ola,global,,,all,db,79,-22.4899826775775,-20.82559650854545,-21.657789593061473,1,5.903725105947151e-06,1.0,101770
bayesfl_observability_v1,ola_sparse_bayesian_keep010_seed42,110,ola,global,,,layers.0.weight,raw,0,2.0005701773262004e-08,6.521233772808859e-05,3.2616171714930924e-05,4527,691.9710822387657,0.045111208545918366,100352
bayesfl_observability_v1,ola_sparse_bayesian_keep010_seed42,110,ola,global,,,layers.0.weight,raw,1,6.521233772808859e-05,0.00013040466975440394,9.780850374124626e-05,4494,686.926892772479,0.08989357461734694,100352
bayesfl_observability_v1,ola_sparse_bayesian_keep010_seed42,110,ola,global,,,layers.0.weight,raw,2,0.00013040466975440394,0.00019559700178071925,0.0001630008357675616,4492,686.6211843199771,0.13465601084183673,100352
bayesfl_observability_v1,ola_sparse_bayesian_keep010_seed42,110,ola,global,,,layers.0.weight,raw,3,0.00019559700178071925,0.00026078933380703457,0.0002281931677938769,4493,686.7740385462282,0.17942841198979592,100352
bayesfl_observability_v1,ola_sparse_bayesian_keep010_seed42,110,ola,global,,,layers.0.weight,raw,4,0.00026078933380703457,0.0003259816658333499,0.00029338549982019224,4650,710.7721520676519,0.22576530612244897,100352
bayesfl_observability_v1,ola_sparse_bayesian_keep010_seed42,110,ola,global,,,layers.0.weight,raw,5,0.0003259816658333499,0.0003911739978596652,0.0003585778318465076,4533,692.8882075962729,0.2709363042091837,100352
bayesfl_observability_v1,ola_sparse_bayesian_keep010_seed42,110,ola,global,,,layers.0.weight,raw,6,0.0003911739978596652,0.00045636632988598055,0.0004237701638728229,4628,707.4093590901275,0.3170539700255102,100352
bayesfl_observability_v1,ola_sparse_bayesian_keep010_seed42,110,ola,global,,,layers.0.weight,raw,7,0.00045636632988598055,0.0005215586619122959,0.0004889624958991383,4617,705.7279626013653,0.36306202168367346,100352
bayesfl_observability_v1,ola_sparse_bayesian_keep010_seed42,110,ola,global,,,layers.0.weight,raw,8,0.0005215586619122959,0.0005867509939386112,0.0005541548279254535,4532,692.7353533700211,0.40822305484693877,100352
bayesfl_observability_v1,ola_sparse_bayesian_keep010_seed42,110,ola,global,,,layers.0.weight,raw,9,0.0005867509939386112,0.0006519433259649266,0.000619347159951769,4525,691.6653737862634,0.4533143335459184,100352
bayesfl_observability_v1,ola_sparse_bayesian_keep010_seed42,110,ola,global,,,layers.0.weight,raw,10,0.0006519433259649266,0.0007171356579912419,0.0006845394919780842,4359,666.2915722285795,0.4967514349489796,100352
bayesfl_observability_v1,ola_sparse_bayesian_keep010_seed42,110,ola,global,,,layers.0.weight,raw,11,0.0007171356579912419,0.0007823279900175572,0.0007497318240043996,4395,671.7943243736205,0.5405472735969388,100352
bayesfl_observability_v1,ola_sparse_bayesian_keep010_seed42,110,ola,global,,,layers.0.weight,raw,12,0.0007823279900175572,0.0008475203220438725,0.0008149241560307149,4398,672.2528870523727,0.5843730070153061,100352
bayesfl_observability_v1,ola_sparse_bayesian_keep010_seed42,110,ola,global,,,layers.0.weight,raw,13,0.0008475203220438725,0.0009127126540701879,0.0008801164880570301,4331,662.0116538935484,0.6275310905612245,100352
bayesfl_observability_v1,ola_sparse_bayesian_keep010_seed42,110,ola,global,,,layers.0.weight,raw,14,0.0009127126540701879,0.0009779049860965034,0.0009453088200833456,4565,697.7795428363054,0.6730209661989796,100352
bayesfl_observability_v1,ola_sparse_bayesian_keep010_seed42,110,ola,global,,,layers.0.weight,raw,15,0.0009779049860965034,0.0010430973181228187,0.001010501152109661,4228,646.2676685896854,0.7151526626275511,100352
bayesfl_observability_v1,ola_sparse_bayesian_keep010_seed42,110,ola,global,,,layers.0.weight,raw,16,0.0010430973181228187,0.001108289650149134,0.0010756934841359763,3860,590.0173133292776,0.7536172672193877,100352
bayesfl_observability_v1,ola_sparse_bayesian_keep010_seed42,110,ola,global,,,layers.0.weight,raw,17,0.001108289650149134,0.0011734819821754494,0.0011408858161622917,2985,456.2698653595564,0.7833625637755102,100352
bayesfl_observability_v1,ola_sparse_bayesian_keep010_seed42,110,ola,global,,,layers.0.weight,raw,18,0.0011734819821754494,0.0012386743142017646,0.001206078148188607,2482,379.3841895552505,0.8080955038265306,100352
bayesfl_observability_v1,ola_sparse_bayesian_keep010_seed42,110,ola,global,,,layers.0.weight,raw,19,0.0012386743142017646,0.00130386664622808,0.0012712704802149222,1932,295.31436511714,0.8273477359693877,100352
bayesfl_observability_v1,ola_sparse_bayesian_keep010_seed42,110,ola,global,,,layers.0.weight,raw,20,0.00130386664622808,0.0013690589782543953,0.0013364628122412377,1595,243.80249087051754,0.8432417889030612,100352
bayesfl_observability_v1,ola_sparse_bayesian_keep010_seed42,110,ola,global,,,layers.0.weight,raw,21,0.0013690589782543953,0.0014342513102807107,0.0014016551442675531,1439,219.95723157534394,0.8575813137755102,100352
bayesfl_observability_v1,ola_sparse_bayesian_keep010_seed42,110,ola,global,,,layers.0.weight,raw,22,0.0014342513102807107,0.001499443642307026,0.0014668474762938684,1274,194.73628424391183,0.8702766262755102,100352
bayesfl_observability_v1,ola_sparse_bayesian_keep010_seed42,110,ola,global,,,layers.0.weight,raw,23,0.001499443642307026,0.0015646359743333412,0.0015320398083201836,1315,201.00330752020727,0.8833805006377551,100352
bayesfl_observability_v1,ola_sparse_bayesian_keep010_seed42,110,ola,global,,,layers.0.weight,raw,24,0.0015646359743333412,0.0016298283063596567,0.0015972321403464988,1127,172.26671298499835,0.8946109693877551,100352
bayesfl_observability_v1,ola_sparse_bayesian_keep010_seed42,110,ola,global,,,layers.0.weight,raw,25,0.0016298283063596567,0.001695020638385972,0.0016624244723728143,1052,160.8026460161658,0.9050940688775511,100352
bayesfl_observability_v1,ola_sparse_bayesian_keep010_seed42,110,ola,global,,,layers.0.weight,raw,26,0.001695020638385972,0.0017602129704122874,0.0017276168043991297,962,147.04576565356558,0.914680325255102,100352
bayesfl_observability_v1,ola_sparse_bayesian_keep010_seed42,110,ola,global,,,layers.0.weight,raw,27,0.0017602129704122874,0.0018254053024386026,0.001792809136425445,886,135.42884445848185,0.9235092474489796,100352
bayesfl_observability_v1,ola_sparse_bayesian_keep010_seed42,110,ola,global,,,layers.0.weight,raw,28,0.0018254053024386026,0.001890597634464918,0.0018580014684517602,831,127.02186201467046,0.9317900988520408,100352
bayesfl_observability_v1,ola_sparse_bayesian_keep010_seed42,110,ola,global,,,layers.0.weight,raw,29,0.001890597634464918,0.0019557899664912333,0.0019231938004780757,713,108.98506331704013,0.9388950892857143,100352
bayesfl_observability_v1,ola_sparse_bayesian_keep010_seed42,110,ola,global,,,layers.0.weight,raw,30,0.0019557899664912333,0.0020209822985175485,0.001988386132504391,660,100.8837893257314,0.9454719387755102,100352
bayesfl_observability_v1,ola_sparse_bayesian_keep010_seed42,110,ola,global,,,layers.0.weight,raw,31,0.0020209822985175485,0.0020861746305438638,0.002053578464530706,623,95.2281829544404,0.9516800860969388,100352
bayesfl_observability_v1,ola_sparse_bayesian_keep010_seed42,110,ola,global,,,layers.0.weight,raw,32,0.0020861746305438638,0.002151366962570179,0.0021187707965570216,557,85.13980402186726,0.9572305484693877,100352
bayesfl_observability_v1,ola_sparse_bayesian_keep010_seed42,110,ola,global,,,layers.0.weight,raw,33,0.002151366962570179,0.0022165592945964942,0.0021839631285833364,552,84.37553289061172,0.9627311862244898,100352
bayesfl_observability_v1,ola_sparse_bayesian_keep010_seed42,110,ola,global,,,layers.0.weight,raw,34,0.0022165592945964942,0.00228175162662281,0.002249155460609652,462,70.61865252801151,0.9673349808673469,100352
bayesfl_observability_v1,ola_sparse_bayesian_keep010_seed42,110,ola,global,,,layers.0.weight,raw,35,0.00228175162662281,0.002346943958649125,0.0023143477926359677,393,60.07171091668552,0.9712511957908163,100352
bayesfl_observability_v1,ola_sparse_bayesian_keep010_seed42,110,ola,global,,,layers.0.weight,raw,36,0.002346943958649125,0.0024121362906754404,0.0023795401246622825,346,52.88756228288343,0.9746990593112245,100352
bayesfl_observability_v1,ola_sparse_bayesian_keep010_seed42,110,ola,global,,,layers.0.weight,raw,37,0.0024121362906754404,0.0024773286227017556,0.002444732456688598,304,46.46768478033689,0.9777283960459183,100352
bayesfl_observability_v1,ola_sparse_bayesian_keep010_seed42,110,ola,global,,,layers.0.weight,raw,38,0.0024773286227017556,0.0025425209547280713,0.0025099247887149134,316,48.301935495349866,0.9808773118622449,100352
bayesfl_observability_v1,ola_sparse_bayesian_keep010_seed42,110,ola,global,,,layers.0.weight,raw,39,0.0025425209547280713,0.0026077132867543865,0.0025751171207412287,260,39.742098825288124,0.9834681919642857,100352
bayesfl_observability_v1,ola_sparse_bayesian_keep010_seed42,110,ola,global,,,layers.0.weight,raw,40,0.0026077132867543865,0.0026729056187807018,0.0026403094527675443,233,35.615034716508205,0.9857900191326531,100352
bayesfl_observability_v1,ola_sparse_bayesian_keep010_seed42,110,ola,global,,,layers.0.weight,raw,41,0.0026729056187807018,0.002738097950807017,0.002705501784793859,185,28.278031856455012,0.9876335299744898,100352
bayesfl_observability_v1,ola_sparse_bayesian_keep010_seed42,110,ola,global,,,layers.0.weight,raw,42,0.002738097950807017,0.0028032902828333322,0.002770694116820175,175,26.74948959394393,0.9893773915816326,100352
bayesfl_observability_v1,ola_sparse_bayesian_keep010_seed42,110,ola,global,,,layers.0.weight,raw,43,0.0028032902828333322,0.002868482614859648,0.00283588644884649,148,22.62242548516386,0.990852200255102,100352
bayesfl_observability_v1,ola_sparse_bayesian_keep010_seed42,110,ola,global,,,layers.0.weight,raw,44,0.002868482614859648,0.002933674946885963,0.0029010787808728053,128,19.565340960141846,0.9921277104591837,100352
bayesfl_observability_v1,ola_sparse_bayesian_keep010_seed42,110,ola,global,,,layers.0.weight,raw,45,0.002933674946885963,0.0029988672789122784,0.002966271112899121,105,16.04969375636636,0.9931740274234694,100352
bayesfl_observability_v1,ola_sparse_bayesian_keep010_seed42,110,ola,global,,,layers.0.weight,raw,46,0.0029988672789122784,0.0030640596109385936,0.0030314634449254358,92,14.062588815101952,0.9940908003826531,100352
bayesfl_observability_v1,ola_sparse_bayesian_keep010_seed42,110,ola,global,,,layers.0.weight,raw,47,0.0030640596109385936,0.003129251942964909,0.0030966557769517514,81,12.381192326339763,0.9948979591836735,100352
bayesfl_observability_v1,ola_sparse_bayesian_keep010_seed42,110,ola,global,,,layers.0.weight,raw,48,0.003129251942964909,0.0031944442749912245,0.0031618481089780667,63,9.629816253819751,0.9955257493622449,100352
bayesfl_observability_v1,ola_sparse_bayesian_keep010_seed42,110,ola,global,,,layers.0.weight,raw,49,0.0031944442749912245,0.0032596366070175397,0.003227040441004382,62,9.476962027568707,0.9961435746173469,100352
bayesfl_observability_v1,ola_sparse_bayesian_keep010_seed42,110,ola,global,,,layers.0.weight,raw,50,0.0032596366070175397,0.003324828939043855,0.0032922327730306976,44,6.72558595504876,0.99658203125,100352
bayesfl_observability_v1,ola_sparse_bayesian_keep010_seed42,110,ola,global,,,layers.0.weight,raw,51,0.003324828939043855,0.0033900212710701702,0.0033574251050570124,44,6.72558595504876,0.9970204878826531,100352
bayesfl_observability_v1,ola_sparse_bayesian_keep010_seed42,110,ola,global,,,layers.0.weight,raw,52,0.0033900212710701702,0.003455213603096486,0.003422617437083328,57,8.712690896313108,0.9975884885204082,100352
bayesfl_observability_v1,ola_sparse_bayesian_keep010_seed42,110,ola,global,,,layers.0.weight,raw,53,0.003455213603096486,0.003520405935122801,0.0034878097691096437,50,7.642711312555409,0.9980867346938775,100352
bayesfl_observability_v1,ola_sparse_bayesian_keep010_seed42,110,ola,global,,,layers.0.weight,raw,54,0.003520405935122801,0.0035855982671491164,0.0035530021011359585,25,3.8213556562777047,0.9983358577806123,100352
bayesfl_observability_v1,ola_sparse_bayesian_keep010_seed42,110,ola,global,,,layers.0.weight,raw,55,0.0035855982671491164,0.0036507905991754316,0.003618194433162274,24,3.6685014300265966,0.9985750159438775,100352
bayesfl_observability_v1,ola_sparse_bayesian_keep010_seed42,110,ola,global,,,layers.0.weight,raw,56,0.0036507905991754316,0.003715982931201747,0.003683386765188589,19,2.9042302987710555,0.9987643494897959,100352
bayesfl_observability_v1,ola_sparse_bayesian_keep010_seed42,110,ola,global,,,layers.0.weight,raw,57,0.003715982931201747,0.0037811752632280625,0.0037485790972149047,22,3.3627929775243577,0.9989835778061225,100352
bayesfl_observability_v1,ola_sparse_bayesian_keep010_seed42,110,ola,global,,,layers.0.weight,raw,58,0.0037811752632280625,0.0038463675952543777,0.0038137714292412203,13,1.9871049412644064,0.9991131218112245,100352
bayesfl_observability_v1,ola_sparse_bayesian_keep010_seed42,110,ola,global,,,layers.0.weight,raw,59,0.0038463675952543777,0.003911559927280693,0.0038789637612675356,19,2.904230298771036,0.9993024553571429,100352
bayesfl_observability_v1,ola_sparse_bayesian_keep010_seed42,110,ola,global,,,layers.0.weight,raw,60,0.003911559927280693,0.003976752259307008,0.003944156093293851,12,1.8342507150133103,0.9994220344387755,100352
bayesfl_observability_v1,ola_sparse_bayesian_keep010_seed42,110,ola,global,,,layers.0.weight,raw,61,0.003976752259307008,0.004041944591333324,0.004009348425320166,8,1.2228338100088574,0.9995017538265306,100352
bayesfl_observability_v1,ola_sparse_bayesian_keep010_seed42,110,ola,global,,,layers.0.weight,raw,62,0.004041944591333324,0.004107136923359639,0.004074540757346481,4,0.6114169050044368,0.9995416135204082,100352
bayesfl_observability_v1,ola_sparse_bayesian_keep010_seed42,110,ola,global,,,layers.0.weight,raw,63,0.004107136923359639,0.004172329255385954,0.004139733089372797,6,0.917125357506643,0.9996014030612245,100352
bayesfl_observability_v1,ola_sparse_bayesian_keep010_seed42,110,ola,global,,,layers.0.weight,raw,64,0.004172329255385954,0.00423752158741227,0.004204925421399112,6,0.917125357506643,0.9996611926020408,100352
bayesfl_observability_v1,ola_sparse_bayesian_keep010_seed42,110,ola,global,,,layers.0.weight,raw,65,0.00423752158741227,0.004302713919438585,0.0042701177534254274,7,1.0699795837577644,0.9997309470663265,100352
bayesfl_observability_v1,ola_sparse_bayesian_keep010_seed42,110,ola,global,,,layers.0.weight,raw,66,0.004302713919438585,0.0043679062514649005,0.004335310085451743,4,0.6114169050044287,0.9997708067602041,100352
bayesfl_observability_v1,ola_sparse_bayesian_keep010_seed42,110,ola,global,,,layers.0.weight,raw,67,0.0043679062514649005,0.004433098583491215,0.004400502417478058,8,1.2228338100088736,0.9998505261479592,100352
bayesfl_observability_v1,ola_sparse_bayesian_keep010_seed42,110,ola,global,,,layers.0.weight,raw,68,0.004433098583491215,0.004498290915517531,0.004465694749504373,2,0.30570845250221435,0.999870455994898,100352
bayesfl_observability_v1,ola_sparse_bayesian_keep010_seed42,110,ola,global,,,layers.0.weight,raw,69,0.004498290915517531,0.004563483247543847,0.004530887081530689,4,0.6114169050044287,0.9999103156887755,100352
bayesfl_observability_v1,ola_sparse_bayesian_keep010_seed42,110,ola,global,,,layers.0.weight,raw,70,0.004563483247543847,0.0046286755795701615,0.004596079413557004,3,0.45856267875332757,0.9999402104591837,100352
bayesfl_observability_v1,ola_sparse_bayesian_keep010_seed42,110,ola,global,,,layers.0.weight,raw,71,0.0046286755795701615,0.004693867911596477,0.004661271745583319,0,0.0,0.9999402104591837,100352
bayesfl_observability_v1,ola_sparse_bayesian_keep010_seed42,110,ola,global,,,layers.0.weight,raw,72,0.004693867911596477,0.004759060243622792,0.0047264640776096345,1,0.1528542262511092,0.9999501753826531,100352
bayesfl_observability_v1,ola_sparse_bayesian_keep010_seed42,110,ola,global,,,layers.0.weight,raw,73,0.004759060243622792,0.004824252575649108,0.00479165640963595,0,0.0,0.9999501753826531,100352
bayesfl_observability_v1,ola_sparse_bayesian_keep010_seed42,110,ola,global,,,layers.0.weight,raw,74,0.004824252575649108,0.004889444907675423,0.004856848741662265,2,0.30570845250221435,0.9999701052295918,100352
bayesfl_observability_v1,ola_sparse_bayesian_keep010_seed42,110,ola,global,,,layers.0.weight,raw,75,0.004889444907675423,0.004954637239701738,0.004922041073688581,1,0.1528542262511092,0.9999800701530612,100352
bayesfl_observability_v1,ola_sparse_bayesian_keep010_seed42,110,ola,global,,,layers.0.weight,raw,76,0.004954637239701738,0.005019829571728054,0.004987233405714896,0,0.0,0.9999800701530612,100352
bayesfl_observability_v1,ola_sparse_bayesian_keep010_seed42,110,ola,global,,,layers.0.weight,raw,77,0.005019829571728054,0.005085021903754369,0.005052425737741211,0,0.0,0.9999800701530612,100352
bayesfl_observability_v1,ola_sparse_bayesian_keep010_seed42,110,ola,global,,,layers.0.weight,raw,78,0.005085021903754369,0.005150214235780684,0.005117618069767527,0,0.0,0.9999800701530612,100352
bayesfl_observability_v1,ola_sparse_bayesian_keep010_seed42,110,ola,global,,,layers.0.weight,raw,79,0.005150214235780684,0.005215406567807,0.0051828104017938425,2,0.30570845250221435,1.0,100352
bayesfl_observability_v1,ola_sparse_bayesian_keep010_seed42,110,ola,global,,,layers.0.weight,db,0,-153.97649003110982,-152.6224618633066,-153.2994759472082,1,7.359465413156707e-06,9.964923469387754e-06,100352
bayesfl_observability_v1,ola_sparse_bayesian_keep010_seed42,110,ola,global,,,layers.0.weight,db,1,-152.6224618633066,-151.26843369550335,-151.94544777940496,0,0.0,9.964923469387754e-06,100352
bayesfl_observability_v1,ola_sparse_bayesian_keep010_seed42,110,ola,global,,,layers.0.weight,db,2,-151.26843369550335,-149.91440552770013,-150.59141961160174,1,7.359465413156707e-06,1.992984693877551e-05,100352
bayesfl_observability_v1,ola_sparse_bayesian_keep010_seed42,110,ola,global,,,layers.0.weight,db,3,-149.91440552770013,-148.56037735989688,-149.23739144379851,0,0.0,1.992984693877551e-05,100352
bayesfl_observability_v1,ola_sparse_bayesian_keep010_seed42,110,ola,global,,,layers.0.weight,db,4,-148.56037735989688,-147.20634919209365,-147.88336327599526,1,7.359465413156707e-06,2.9894770408163265e-05,100352
bayesfl_observability_v1,ola_sparse_bayesian_keep010_seed42,110,ola,global,,,layers.0.weight,db,5,-147.20634919209365,-145.8523210242904,-146.52933510819202,0,0.0,2.9894770408163265e-05,100352
bayesfl_observability_v1,ola_sparse_bayesian_keep010_seed42,110,ola,global,,,layers.0.weight,db,6,-145.8523210242904,-144.49829285648718,-145.1753069403888,1,7.359465413156707e-06,3.985969387755102e-05,100352
bayesfl_observability_v1,ola_sparse_bayesian_keep010_seed42,110,ola,global,,,layers.0.weight,db,7,-144.49829285648718,-143.14426468868393,-143.82127877258557,0,0.0,3.985969387755102e-05,100352
bayesfl_observability_v1,ola_sparse_bayesian_keep010_seed42,110,ola,global,,,layers.0.weight,db,8,-143.14426468868393,-141.7902365208807,-142.46725060478232,0,0.0,3.985969387755102e-05,100352
bayesfl_observability_v1,ola_sparse_bayesian_keep010_seed42,110,ola,global,,,layers.0.weight,db,9,-141.7902365208807,-140.43620835307746,-141.11322243697907,0,0.0,3.985969387755102e-05,100352
bayesfl_observability_v1,ola_sparse_bayesian_keep010_seed42,110,ola,global,,,layers.0.weight,db,10,-140.43620835307746,-139.08218018527424,-139.75919426917585,1,7.359465413156707e-06,4.982461734693878e-05,100352
bayesfl_observability_v1,ola_sparse_bayesian_keep010_seed42,110,ola,global,,,layers.0.weight,db,11,-139.08218018527424,-137.728152017471,-138.40516610137263,1,7.359465413156553e-06,5.978954081632653e-05,100352
bayesfl_observability_v1,ola_sparse_bayesian_keep010_seed42,110,ola,global,,,layers.0.weight,db,12,-137.728152017471,-136.37412384966777,-137.05113793356938,2,1.4718930826313414e-05,7.971938775510203e-05,100352
bayesfl_observability_v1,ola_sparse_bayesian_keep010_seed42,110,ola,global,,,layers.0.weight,db,13,-136.37412384966777,-135.02009568186452,-135.69710976576613,1,7.359465413156553e-06,8.96843112244898e-05,100352
bayesfl_observability_v1,ola_sparse_bayesian_keep010_seed42,110,ola,global,,,layers.0.weight,db,14,-135.02009568186452,-133.6660675140613,-134.3430815979629,0,0.0,8.96843112244898e-05,100352
bayesfl_observability_v1,ola_sparse_bayesian_keep010_seed42,110,ola,global,,,layers.0.weight,db,15,-133.6660675140613,-132.31203934625805,-132.9890534301597,3,2.207839623946966e-05,0.00011957908163265306,100352
bayesfl_observability_v1,ola_sparse_bayesian_keep010_seed42,110,ola,global,,,layers.0.weight,db,16,-132.31203934625805,-130.95801117845483,-131.63502526235644,8,5.887572330525366e-05,0.0001992984693877551,100352
bayesfl_observability_v1,ola_sparse_bayesian_keep010_seed42,110,ola,global,,,layers.0.weight,db,17,-130.95801117845483,-129.60398301065158,-130.2809970945532,3,2.207839623946966e-05,0.00022919323979591838,100352
bayesfl_observability_v1,ola_sparse_bayesian_keep010_seed42,110,ola,global,,,layers.0.weight,db,18,-129.60398301065158,-128.24995484284835,-128.92696892674996,1,7.359465413156707e-06,0.00023915816326530612,100352
bayesfl_observability_v1,ola_sparse_bayesian_keep010_seed42,110,ola,global,,,layers.0.weight,db,19,-128.24995484284835,-126.8959266750451,-127.57294075894673,3,2.207839623946966e-05,0.00026905293367346936,100352
bayesfl_observability_v1,ola_sparse_bayesian_keep010_seed42,110,ola,global,,,layers.0.weight,db,20,-126.8959266750451,-125.54189850724188,-126.21891259114349,12,8.831358495788048e-05,0.00038863201530612245,100352
bayesfl_observability_v1,ola_sparse_bayesian_keep010_seed42,110,ola,global,,,layers.0.weight,db,21,-125.54189850724188,-124.18787033943865,-124.86488442334027,7,5.151625789209641e-05,0.00045838647959183676,100352
bayesfl_observability_v1,ola_sparse_bayesian_keep010_seed42,110,ola,global,,,layers.0.weight,db,22,-124.18787033943865,-122.83384217163541,-123.51085625553702,7,5.151625789209641e-05,0.0005281409438775511,100352
bayesfl_observability_v1,ola_sparse_bayesian_keep010_seed42,110,ola,global,,,layers.0.weight,db,23,-122.83384217163541,-121.47981400383217,-122.1568280877338,9,6.623518871840967e-05,0.0006178252551020409,100352
bayesfl_observability_v1,ola_sparse_bayesian_keep010_seed42,110,ola,global,,,layers.0.weight,db,24,-121.47981400383217,-120.12578583602894,-120.80279991993055,6,4.415679247893978e-05,0.0006776147959183673,100352
bayesfl_observability_v1,ola_sparse_bayesian_keep010_seed42,110,ola,global,,,layers.0.weight,db,25,-120.12578583602894,-118.7717576682257,-119.44877175212733,12,8.831358495787956e-05,0.0007971938775510204,100352
bayesfl_observability_v1,ola_sparse_bayesian_keep010_seed42,110,ola,global,,,layers.0.weight,db,26,-118.7717576682257,-117.41772950042247,-118.09474358432408,14,0.00010303251578419282,0.0009367028061224489,100352
bayesfl_observability_v1,ola_sparse_bayesian_keep010_seed42,110,ola,global,,,layers.0.weight,db,27,-117.41772950042247,-116.06370133261923,-116.74071541652086,16,0.00011775144661050608,0.001096141581632653,100352
bayesfl_observability_v1,ola_sparse_bayesian_keep010_seed42,110,ola,global,,,layers.0.weight,db,28,-116.06370133261923,-114.709673164816,-115.3866872487176,22,0.00016190823908944586,0.0013153698979591836,100352
bayesfl_observability_v1,ola_sparse_bayesian_keep010_seed42,110,ola,global,,,layers.0.weight,db,29,-114.709673164816,-113.35564499701276,-114.03265908091439,27,0.000198705566155229,0.001584422831632653,100352
bayesfl_observability_v1,ola_sparse_bayesian_keep010_seed42,110,ola,global,,,layers.0.weight,db,30,-113.35564499701276,-112.00161682920952,-112.67863091311114,27,0.000198705566155229,0.0018534757653061226,100352
bayesfl_observability_v1,ola_sparse_bayesian_keep010_seed42,110,ola,global,,,layers.0.weight,db,31,-112.00161682920952,-110.64758866140629,-111.32460274530791,33,0.0002428623586341688,0.0021823182397959183,100352
bayesfl_observability_v1,ola_sparse_bayesian_keep010_seed42,110,ola,global,,,layers.0.weight,db,32,-110.64758866140629,-109.29356049360305,-109.97057457750466,38,0.0002796596856999519,0.002560985331632653,100352
bayesfl_observability_v1,ola_sparse_bayesian_keep010_seed42,110,ola,global,,,layers.0.weight,db,33,-109.29356049360305,-107.93953232579982,-108.61654640970144,35,0.00025758128946048206,0.0029097576530612247,100352
bayesfl_observability_v1,ola_sparse_bayesian_keep010_seed42,110,ola,global,,,layers.0.weight,db,34,-107.93953232579982,-106.58550415799658,-107.26251824189819,56,0.0004121300631367713,0.0034677933673469387,100352
bayesfl_observability_v1,ola_sparse_bayesian_keep010_seed42,110,ola,global,,,layers.0.weight,db,35,-106.58550415799658,-105.23147599019335,-105.90849007409497,53,0.00039005166689730136,0.00399593431122449,100352
bayesfl_observability_v1,ola_sparse_bayesian_keep010_seed42,110,ola,global,,,layers.0.weight,db,36,-105.23147599019335,-103.87744782239011,-104.55446190629172,73,0.000537240975160434,0.004723373724489796,100352
bayesfl_observability_v1,ola_sparse_bayesian_keep010_seed42,110,ola,global,,,layers.0.weight,db,37,-103.87744782239011,-102.52341965458687,-103.2004337384885,73,0.000537240975160434,0.005450813137755102,100352
bayesfl_observability_v1,ola_sparse_bayesian_keep010_seed42,110,ola,global,,,layers.0.weight,db,38,-102.52341965458687,-101.16939148678364,-101.84640557068525,86,0.0006329140255314702,0.006307796556122449,100352
bayesfl_observability_v1,ola_sparse_bayesian_keep010_seed42,110,ola,global,,,layers.0.weight,db,39,-101.16939148678364,-99.8153633189804,-100.49237740288203,106,0.0007801033337946027,0.007364078443877551,100352
bayesfl_observability_v1,ola_sparse_bayesian_keep010_seed42,110,ola,global,,,layers.0.weight,db,40,-99.8153633189804,-98.46133515117717,-99.13834923507878,106,0.0007801033337946027,0.008420360331632654,100352
bayesfl_observability_v1,ola_sparse_bayesian_keep010_seed42,110,ola,global,,,layers.0.weight,db,41,-98.46133515117717,-97.10730698337395,-97.78432106727556,152,0.0011186387427998194,0.009935028698979591,100352
bayesfl_observability_v1,ola_sparse_bayesian_keep010_seed42,110,ola,global,,,layers.0.weight,db,42,-97.10730698337395,-95.7532788155707,-96.43029289947232,197,0.001449814686391841,0.01189811862244898,100352
bayesfl_observability_v1,ola_sparse_bayesian_keep010_seed42,110,ola,global,,,layers.0.weight,db,43,-95.7532788155707,-94.39925064776747,-95.07626473166908,188,0.001383579497673461,0.013771524234693877,100352
bayesfl_observability_v1,ola_sparse_bayesian_keep010_seed42,110,ola,global,,,layers.0.weight,db,44,-94.39925064776747,-93.04522247996422,-93.72223656386585,232,0.0017073959758523202,0.016083386479591837,100352
bayesfl_observability_v1,ola_sparse_bayesian_keep010_seed42,110,ola,global,,,layers.0.weight,db,45,-93.04522247996422,-91.691194312161,-92.36820839606261,276,0.002031212454031251,0.018833705357142856,100352
bayesfl_observability_v1,ola_sparse_bayesian_keep010_seed42,110,ola,global,,,layers.0.weight,db,46,-91.691194312161,-90.33716614435775,-91.01418022825938,278,0.0020459313848575217,0.021603954081632654,100352
bayesfl_observability_v1,ola_sparse_bayesian_keep010_seed42,110,ola,global,,,layers.0.weight,db,47,-90.33716614435775,-88.98313797655453,-89.66015206045614,328,0.0024139046555154,0.024872448979591837,100352
bayesfl_observability_v1,ola_sparse_bayesian_keep010_seed42,110,ola,global,,,layers.0.weight,db,48,-88.98313797655453,-87.6291098087513,-88.30612389265292,419,0.003083616008112628,0.029047751913265307,100352
bayesfl_observability_v1,ola_sparse_bayesian_keep010_seed42,110,ola,global,,,layers.0.weight,db,49,-87.6291098087513,-86.27508164094806,-86.95209572484967,475,0.0034957460712493993,0.03378109056122449,100352
bayesfl_observability_v1,ola_sparse_bayesian_keep010_seed42,110,ola,global,,,layers.0.weight,db,50,-86.27508164094806,-84.92105347314482,-85.59806755704645,556,0.004091862769715086,0.03932158801020408,100352
bayesfl_observability_v1,ola_sparse_bayesian_keep010_seed42,110,ola,global,,,layers.0.weight,db,51,-84.92105347314482,-83.56702530534159,-84.2440393892432,646,0.004754214656899183,0.04575892857142857,100352
bayesfl_observability_v1,ola_sparse_bayesian_keep010_seed42,110,ola,global,,,layers.0.weight,db,52,-83.56702530534159,-82.21299713753835,-82.89001122143998,762,0.005607912644825352,0.05335220025510204,100352
bayesfl_observability_v1,ola_sparse_bayesian_keep010_seed42,110,ola,global,,,layers.0.weight,db,53,-82.21299713753835,-80.85896896973512,-81.53598305363673,907,0.006675035129733063,0.06239038584183673,100352
bayesfl_observability_v1,ola_sparse_bayesian_keep010_seed42,110,ola,global,,,layers.0.weight,db,54,-80.85896896973512,-79.50494080193188,-80.1819548858335,1019,0.007499295256006606,0.07254464285714286,100352
bayesfl_observability_v1,ola_sparse_bayesian_keep010_seed42,110,ola,global,,,layers.0.weight,db,55,-79.50494080193188,-78.15091263412864,-78.82792671803026,1266,0.009317083213056293,0.08516023596938775,100352
bayesfl_observability_v1,ola_sparse_bayesian_keep010_seed42,110,ola,global,,,layers.0.weight,db,56,-78.15091263412864,-76.79688446632541,-77.47389855022703,1431,0.010531395006227138,0.09942004145408163,100352
bayesfl_observability_v1,ola_sparse_bayesian_keep010_seed42,110,ola,global,,,layers.0.weight,db,57,-76.79688446632541,-75.44285629852217,-76.11987038242378,1686,0.012408058686582077,0.11622090242346939,100352
bayesfl_observability_v1,ola_sparse_bayesian_keep010_seed42,110,ola,global,,,layers.0.weight,db,58,-75.44285629852217,-74.08882813071894,-74.76584221462056,1975,0.014534944190984344,0.1359016262755102,100352
bayesfl_observability_v1,ola_sparse_bayesian_keep010_seed42,110,ola,global,,,layers.0.weight,db,59,-74.08882813071894,-72.7347999629157,-73.41181404681731,2319,0.017066600293110225,0.15901028380102042,100352
bayesfl_observability_v1,ola_sparse_bayesian_keep010_seed42,110,ola,global,,,layers.0.weight,db,60,-72.7347999629157,-71.38077179511247,-72.05778587901409,2661,0.019583537464409793,0.18552694515306123,100352
bayesfl_observability_v1,ola_sparse_bayesian_keep010_seed42,110,ola,global,,,layers.0.weight,db,61,-71.38077179511247,-70.02674362730923,-70.70375771121084,3213,0.02364596237247225,0.21754424426020408,100352
bayesfl_observability_v1,ola_sparse_bayesian_keep010_seed42,110,ola,global,,,layers.0.weight,db,62,-70.02674362730923,-68.672715459506,-69.34972954340762,3694,0.02718586523620059,0.25435467155612246,100352
bayesfl_observability_v1,ola_sparse_bayesian_keep010_seed42,110,ola,global,,,layers.0.weight,db,63,-68.672715459506,-67.31868729170276,-67.99570137560437,4471,0.03290416986222329,0.2989078443877551,100352
bayesfl_observability_v1,ola_sparse_bayesian_keep010_seed42,110,ola,global,,,layers.0.weight,db,64,-67.31868729170276,-65.96465912389952,-66.64167320780115,5150,0.037901246877756645,0.35022720025510207,100352
bayesfl_observability_v1,ola_sparse_bayesian_keep010_seed42,110,ola,global,,,layers.0.weight,db,65,-65.96465912389952,-64.61063095609629,-65.2876450399979,5921,0.043575394711300404,0.4092295121173469,100352
bayesfl_observability_v1,ola_sparse_bayesian_keep010_seed42,110,ola,global,,,layers.0.weight,db,66,-64.61063095609629,-63.25660278829305,-63.93361687219467,6818,0.0501768351869019,0.4771703603316326,100352
bayesfl_observability_v1,ola_sparse_bayesian_keep010_seed42,110,ola,global,,,layers.0.weight,db,67,-63.25660278829305,-61.902574620489816,-62.57958870439143,7737,0.05694018390159285,0.5542689732142857,100352
bayesfl_observability_v1,ola_sparse_bayesian_keep010_seed42,110,ola,global,,,layers.0.weight,db,68,-61.902574620489816,-60.54854645268658,-61.2255605365882,9194,0.06766292500856205,0.6458864795918368,100352
bayesfl_observability_v1,ola_sparse_bayesian_keep010_seed42,110,ola,global,,,layers.0.weight,db,69,-60.54854645268658,-59.194518284883344,-59.87153236878496,10208,0.07512542293750288,0.7476084183673469,100352
bayesfl_observability_v1,ola_sparse_bayesian_keep010_seed42,110,ola,global,,,layers.0.weight,db,70,-59.194518284883344,-57.84049011708011,-58.517504200981726,7384,0.054342292610748556,0.8211894132653061,100352
bayesfl_observability_v1,ola_sparse_bayesian_keep010_seed42,110,ola,global,,,layers.0.weight,db,71,-57.84049011708011,-56.48646194927687,-57.16347603317849,4913,0.036157053574838526,0.8701470822704082,100352
bayesfl_observability_v1,ola_sparse_bayesian_keep010_seed42,110,ola,global,,,layers.0.weight,db,72,-56.48646194927687,-55.13243378147364,-55.809447865375255,4330,0.031866485238968206,0.9132952008928571,100352
bayesfl_observability_v1,ola_sparse_bayesian_keep010_seed42,110,ola,global,,,layers.0.weight,db,73,-55.13243378147364,-53.7784056136704,-54.45541969757202,3478,0.02559622070695876,0.9479532047193877,100352
bayesfl_observability_v1,ola_sparse_bayesian_keep010_seed42,110,ola,global,,,layers.0.weight,db,74,-53.7784056136704,-52.424377445867165,-53.10139152976878,2597,0.019112531677967767,0.9738321109693877,100352
bayesfl_observability_v1,ola_sparse_bayesian_keep010_seed42,110,ola,global,,,layers.0.weight,db,75,-52.424377445867165,-51.07034927806393,-51.74736336196555,1542,0.011348295667087524,0.9891980229591837,100352
bayesfl_observability_v1,ola_sparse_bayesian_keep010_seed42,110,ola,global,,,layers.0.weight,db,76,-51.07034927806393,-49.716321110260694,-50.39333519416231,702,0.005166344720035954,0.9961933992346939,100352
bayesfl_observability_v1,ola_sparse_bayesian_keep010_seed42,110,ola,global,,,layers.0.weight,db,77,-49.716321110260694,-48.36229294245746,-49.039307026359076,287,0.0021121665735759527,0.9990533322704082,100352
bayesfl_observability_v1,ola_sparse_bayesian_keep010_seed42,110,ola,global,,,layers.0.weight,db,78,-48.36229294245746,-47.00826477465422,-47.68527885855584,81,0.000596116698465687,0.9998604910714286,100352
bayesfl_observability_v1,ola_sparse_bayesian_keep010_seed42,110,ola,global,,,layers.0.weight,db,79,-47.00826477465422,-45.654236606851,-46.33125069075261,14,0.0001030325157841939,1.0,100352
bayesfl_observability_v1,ola_sparse_bayesian_keep010_seed42,110,ola,global,,,layers.0.bias,raw,0,8.020214628369947e-06,6.221488779490504e-05,3.5117551211637494e-05,11,1585.7185767302667,0.0859375,128
bayesfl_observability_v1,ola_sparse_bayesian_keep010_seed42,110,ola,global,,,layers.0.bias,raw,1,6.221488779490504e-05,0.00011640956096144014,8.931222437817259e-05,5,720.7811712410302,0.125,128
bayesfl_observability_v1,ola_sparse_bayesian_keep010_seed42,110,ola,global,,,layers.0.bias,raw,2,0.00011640956096144014,0.00017060423412797524,0.0001435068975447077,6,864.9374054892364,0.171875,128
bayesfl_observability_v1,ola_sparse_bayesian_keep010_seed42,110,ola,global,,,layers.0.bias,raw,3,0.00017060423412797524,0.00022479890729451034,0.0001977015707112428,6,864.9374054892362,0.21875,128
bayesfl_observability_v1,ola_sparse_bayesian_keep010_seed42,110,ola,global,,,layers.0.bias,raw,4,0.00022479890729451034,0.00027899358046104544,0.0002518962438777779,3,432.4687027446181,0.2421875,128
bayesfl_observability_v1,ola_sparse_bayesian_keep010_seed42,110,ola,global,,,layers.0.bias,raw,5,0.00027899358046104544,0.0003331882536275805,0.00030609091704431296,1,144.1562342482061,0.25,128
bayesfl_observability_v1,ola_sparse_bayesian_keep010_seed42,110,ola,global,,,layers.0.bias,raw,6,0.0003331882536275805,0.00038738292679411565,0.0003602855902108481,5,720.7811712410298,0.2890625,128
bayesfl_observability_v1,ola_sparse_bayesian_keep010_seed42,110,ola,global,,,layers.0.bias,raw,7,0.00038738292679411565,0.00044157759996065073,0.0004144802633773832,0,0.0,0.2890625,128
bayesfl_observability_v1,ola_sparse_bayesian_keep010_seed42,110,ola,global,,,layers.0.bias,raw,8,0.00044157759996065073,0.0004957722731271858,0.00046867493654391824,4,576.6249369928244,0.3203125,128
bayesfl_observability_v1,ola_sparse_bayesian_keep010_seed42,110,ola,global,,,layers.0.bias,raw,9,0.0004957722731271858,0.0005499669462937209,0.0005228696097104534,3,432.4687027446179,0.34375,128
bayesfl_observability_v1,ola_sparse_bayesian_keep010_seed42,110,ola,global,,,layers.0.bias,raw,10,0.0005499669462937209,0.0006041616194602561,0.0005770642828769885,1,144.15623424820595,0.3515625,128
bayesfl_observability_v1,ola_sparse_bayesian_keep010_seed42,110,ola,global,,,layers.0.bias,raw,11,0.0006041616194602561,0.0006583562926267911,0.0006312589560435236,3,432.4687027446187,0.375,128
bayesfl_observability_v1,ola_sparse_bayesian_keep010_seed42,110,ola,global,,,layers.0.bias,raw,12,0.0006583562926267911,0.0007125509657933262,0.0006854536292100587,6,864.9374054892357,0.421875,128
bayesfl_observability_v1,ola_sparse_bayesian_keep010_seed42,110,ola,global,,,layers.0.bias,raw,13,0.0007125509657933262,0.0007667456389598614,0.0007396483023765938,1,144.15623424820595,0.4296875,128
bayesfl_observability_v1,ola_sparse_bayesian_keep010_seed42,110,ola,global,,,layers.0.bias,raw,14,0.0007667456389598614,0.0008209403121263964,0.0007938429755431288,4,576.6249369928249,0.4609375,128
bayesfl_observability_v1,ola_sparse_bayesian_keep010_seed42,110,ola,global,,,layers.0.bias,raw,15,0.0008209403121263964,0.0008751349852929315,0.000848037648709664,3,432.4687027446179,0.484375,128
bayesfl_observability_v1,ola_sparse_bayesian_keep010_seed42,110,ola,global,,,layers.0.bias,raw,16,0.0008751349852929315,0.0009293296584594666,0.0009022323218761991,6,864.9374054892357,0.53125,128
bayesfl_observability_v1,ola_sparse_bayesian_keep010_seed42,110,ola,global,,,layers.0.bias,raw,17,0.0009293296584594666,0.0009835243316260016,0.0009564269950427341,4,576.6249369928262,0.5625,128
bayesfl_observability_v1,ola_sparse_bayesian_keep010_seed42,110,ola,global,,,layers.0.bias,raw,18,0.0009835243316260016,0.0010377190047925367,0.0010106216682092691,7,1009.0936397374417,0.6171875,128
bayesfl_observability_v1,ola_sparse_bayesian_keep010_seed42,110,ola,global,,,layers.0.bias,raw,19,0.0010377190047925367,0.0010919136779590718,0.0010648163413758043,3,432.4687027446179,0.640625,128
bayesfl_observability_v1,ola_sparse_bayesian_keep010_seed42,110,ola,global,,,layers.0.bias,raw,20,0.0010919136779590718,0.001146108351125607,0.0011190110145423394,3,432.4687027446179,0.6640625,128
bayesfl_observability_v1,ola_sparse_bayesian_keep010_seed42,110,ola,global,,,layers.0.bias,raw,21,0.001146108351125607,0.001200303024292142,0.0011732056877088745,4,576.6249369928238,0.6953125,128
bayesfl_observability_v1,ola_sparse_bayesian_keep010_seed42,110,ola,global,,,layers.0.bias,raw,22,0.001200303024292142,0.001254497697458677,0.0012274003608754094,0,0.0,0.6953125,128
bayesfl_observability_v1,ola_sparse_bayesian_keep010_seed42,110,ola,global,,,layers.0.bias,raw,23,0.001254497697458677,0.0013086923706252121,0.0012815950340419446,2,288.3124684964119,0.7109375,128
bayesfl_observability_v1,ola_sparse_bayesian_keep010_seed42,110,ola,global,,,layers.0.bias,raw,24,0.0013086923706252121,0.0013628870437917473,0.0013357897072084797,2,288.3124684964119,0.7265625,128
bayesfl_observability_v1,ola_sparse_bayesian_keep010_seed42,110,ola,global,,,layers.0.bias,raw,25,0.0013628870437917473,0.0014170817169582824,0.0013899843803750148,3,432.4687027446179,0.75,128
bayesfl_observability_v1,ola_sparse_bayesian_keep010_seed42,110,ola,global,,,layers.0.bias,raw,26,0.0014170817169582824,0.0014712763901248175,0.00144417905354155,0,0.0,0.75,128
bayesfl_observability_v1,ola_sparse_bayesian_keep010_seed42,110,ola,global,,,layers.0.bias,raw,27,0.0014712763901248175,0.0015254710632913527,0.001498373726708085,2,288.3124684964119,0.765625,128
bayesfl_observability_v1,ola_sparse_bayesian_keep010_seed42,110,ola,global,,,layers.0.bias,raw,28,0.0015254710632913527,0.0015796657364578876,0.0015525683998746202,3,432.4687027446196,0.7890625,128
bayesfl_observability_v1,ola_sparse_bayesian_keep010_seed42,110,ola,global,,,layers.0.bias,raw,29,0.0015796657364578876,0.0016338604096244227,0.0016067630730411551,4,576.6249369928238,0.8203125,128
bayesfl_observability_v1,ola_sparse_bayesian_keep010_seed42,110,ola,global,,,layers.0.bias,raw,30,0.0016338604096244227,0.0016880550827909578,0.0016609577462076903,1,144.15623424820595,0.828125,128
bayesfl_observability_v1,ola_sparse_bayesian_keep010_seed42,110,ola,global,,,layers.0.bias,raw,31,0.0016880550827909578,0.001742249755957493,0.0017151524193742254,4,576.6249369928238,0.859375,128
bayesfl_observability_v1,ola_sparse_bayesian_keep010_seed42,110,ola,global,,,layers.0.bias,raw,32,0.001742249755957493,0.001796444429124028,0.0017693470925407605,1,144.15623424820595,0.8671875,128
bayesfl_observability_v1,ola_sparse_bayesian_keep010_seed42,110,ola,global,,,layers.0.bias,raw,33,0.001796444429124028,0.0018506391022905632,0.0018235417657072957,2,288.3124684964119,0.8828125,128
bayesfl_observability_v1,ola_sparse_bayesian_keep010_seed42,110,ola,global,,,layers.0.bias,raw,34,0.0018506391022905632,0.0019048337754570984,0.0018777364388738308,1,144.15623424820595,0.890625,128
bayesfl_observability_v1,ola_sparse_bayesian_keep010_seed42,110,ola,global,,,layers.0.bias,raw,35,0.0019048337754570984,0.0019590284486236333,0.0019319311120403657,3,432.4687027446196,0.9140625,128
bayesfl_observability_v1,ola_sparse_bayesian_keep010_seed42,110,ola,global,,,layers.0.bias,raw,36,0.0019590284486236333,0.0020132231217901684,0.001986125785206901,1,144.15623424820595,0.921875,128
bayesfl_observability_v1,ola_sparse_bayesian_keep010_seed42,110,ola,global,,,layers.0.bias,raw,37,0.0020132231217901684,0.0020674177949567035,0.002040320458373436,3,432.4687027446179,0.9453125,128
bayesfl_observability_v1,ola_sparse_bayesian_keep010_seed42,110,ola,global,,,layers.0.bias,raw,38,0.0020674177949567035,0.0021216124681232387,0.002094515131539971,1,144.15623424820595,0.953125,128
bayesfl_observability_v1,ola_sparse_bayesian_keep010_seed42,110,ola,global,,,layers.0.bias,raw,39,0.0021216124681232387,0.002175807141289774,0.0021487098047065062,0,0.0,0.953125,128
bayesfl_observability_v1,ola_sparse_bayesian_keep010_seed42,110,ola,global,,,layers.0.bias,raw,40,0.002175807141289774,0.002230001814456309,0.0022029044778730414,0,0.0,0.953125,128
bayesfl_observability_v1,ola_sparse_bayesian_keep010_seed42,110,ola,global,,,layers.0.bias,raw,41,0.002230001814456309,0.002284196487622844,0.0022570991510395765,0,0.0,0.953125,128
bayesfl_observability_v1,ola_sparse_bayesian_keep010_seed42,110,ola,global,,,layers.0.bias,raw,42,0.002284196487622844,0.002338391160789379,0.0023112938242061116,0,0.0,0.953125,128
bayesfl_observability_v1,ola_sparse_bayesian_keep010_seed42,110,ola,global,,,layers.0.bias,raw,43,0.002338391160789379,0.0023925858339559143,0.0023654884973726468,2,288.3124684964119,0.96875,128
bayesfl_observability_v1,ola_sparse_bayesian_keep010_seed42,110,ola,global,,,layers.0.bias,raw,44,0.0023925858339559143,0.002446780507122449,0.0024196831705391815,0,0.0,0.96875,128
bayesfl_observability_v1,ola_sparse_bayesian_keep010_seed42,110,ola,global,,,layers.0.bias,raw,45,0.002446780507122449,0.002500975180288984,0.0024738778437057166,2,288.3124684964119,0.984375,128
bayesfl_observability_v1,ola_sparse_bayesian_keep010_seed42,110,ola,global,,,layers.0.bias,raw,46,0.002500975180288984,0.0025551698534555193,0.0025280725168722517,0,0.0,0.984375,128
bayesfl_observability_v1,ola_sparse_bayesian_keep010_seed42,110,ola,global,,,layers.0.bias,raw,47,0.0025551698534555193,0.0026093645266220544,0.002582267190038787,0,0.0,0.984375,128
bayesfl_observability_v1,ola_sparse_bayesian_keep010_seed42,110,ola,global,,,layers.0.bias,raw,48,0.0026093645266220544,0.0026635591997885896,0.002636461863205322,1,144.15623424820595,0.9921875,128
bayesfl_observability_v1,ola_sparse_bayesian_keep010_seed42,110,ola,global,,,layers.0.bias,raw,49,0.0026635591997885896,0.0027177538729551247,0.002690656536371857,0,0.0,0.9921875,128
bayesfl_observability_v1,ola_sparse_bayesian_keep010_seed42,110,ola,global,,,layers.0.bias,raw,50,0.0027177538729551247,0.00277194854612166,0.0027448512095383923,0,0.0,0.9921875,128
bayesfl_observability_v1,ola_sparse_bayesian_keep010_seed42,110,ola,global,,,layers.0.bias,raw,51,0.00277194854612166,0.002826143219288195,0.0027990458827049274,0,0.0,0.9921875,128
bayesfl_observability_v1,ola_sparse_bayesian_keep010_seed42,110,ola,global,,,layers.0.bias,raw,52,0.002826143219288195,0.00288033789245473,0.0028532405558714625,0,0.0,0.9921875,128
bayesfl_observability_v1,ola_sparse_bayesian_keep010_seed42,110,ola,global,,,layers.0.bias,raw,53,0.00288033789245473,0.002934532565621265,0.0029074352290379976,0,0.0,0.9921875,128
bayesfl_observability_v1,ola_sparse_bayesian_keep010_seed42,110,ola,global,,,layers.0.bias,raw,54,0.002934532565621265,0.0029887272387878003,0.0029616299022045328,0,0.0,0.9921875,128
bayesfl_observability_v1,ola_sparse_bayesian_keep010_seed42,110,ola,global,,,layers.0.bias,raw,55,0.0029887272387878003,0.0030429219119543355,0.003015824575371068,0,0.0,0.9921875,128
bayesfl_observability_v1,ola_sparse_bayesian_keep010_seed42,110,ola,global,,,layers.0.bias,raw,56,0.0030429219119543355,0.0030971165851208706,0.003070019248537603,0,0.0,0.9921875,128
bayesfl_observability_v1,ola_sparse_bayesian_keep010_seed42,110,ola,global,,,layers.0.bias,raw,57,0.0030971165851208706,0.0031513112582874053,0.003124213921704138,0,0.0,0.9921875,128
bayesfl_observability_v1,ola_sparse_bayesian_keep010_seed42,110,ola,global,,,layers.0.bias,raw,58,0.0031513112582874053,0.0032055059314539404,0.003178408594870673,0,0.0,0.9921875,128
bayesfl_observability_v1,ola_sparse_bayesian_keep010_seed42,110,ola,global,,,layers.0.bias,raw,59,0.0032055059314539404,0.0032597006046204756,0.003232603268037208,0,0.0,0.9921875,128
bayesfl_observability_v1,ola_sparse_bayesian_keep010_seed42,110,ola,global,,,layers.0.bias,raw,60,0.0032597006046204756,0.0033138952777870107,0.003286797941203743,0,0.0,0.9921875,128
bayesfl_observability_v1,ola_sparse_bayesian_keep010_seed42,110,ola,global,,,layers.0.bias,raw,61,0.0033138952777870107,0.003368089950953546,0.0033409926143702783,0,0.0,0.9921875,128
bayesfl_observability_v1,ola_sparse_bayesian_keep010_seed42,110,ola,global,,,layers.0.bias,raw,62,0.003368089950953546,0.003422284624120081,0.0033951872875368134,0,0.0,0.9921875,128
bayesfl_observability_v1,ola_sparse_bayesian_keep010_seed42,110,ola,global,,,layers.0.bias,raw,63,0.003422284624120081,0.003476479297286616,0.0034493819607033485,0,0.0,0.9921875,128
bayesfl_observability_v1,ola_sparse_bayesian_keep010_seed42,110,ola,global,,,layers.0.bias,raw,64,0.003476479297286616,0.0035306739704531512,0.0035035766338698837,0,0.0,0.9921875,128
bayesfl_observability_v1,ola_sparse_bayesian_keep010_seed42,110,ola,global,,,layers.0.bias,raw,65,0.0035306739704531512,0.0035848686436196864,0.003557771307036419,0,0.0,0.9921875,128
bayesfl_observability_v1,ola_sparse_bayesian_keep010_seed42,110,ola,global,,,layers.0.bias,raw,66,0.0035848686436196864,0.0036390633167862215,0.003611965980202954,0,0.0,0.9921875,128
bayesfl_observability_v1,ola_sparse_bayesian_keep010_seed42,110,ola,global,,,layers.0.bias,raw,67,0.0036390633167862215,0.0036932579899527566,0.003666160653369489,0,0.0,0.9921875,128
bayesfl_observability_v1,ola_sparse_bayesian_keep010_seed42,110,ola,global,,,layers.0.bias,raw,68,0.0036932579899527566,0.0037474526631192918,0.003720355326536024,0,0.0,0.9921875,128
bayesfl_observability_v1,ola_sparse_bayesian_keep010_seed42,110,ola,global,,,layers.0.bias,raw,69,0.0037474526631192918,0.003801647336285827,0.0037745499997025593,0,0.0,0.9921875,128
bayesfl_observability_v1,ola_sparse_bayesian_keep010_seed42,110,ola,global,,,layers.0.bias,raw,70,0.003801647336285827,0.0038558420094523616,0.003828744672869094,0,0.0,0.9921875,128
bayesfl_observability_v1,ola_sparse_bayesian_keep010_seed42,110,ola,global,,,layers.0.bias,raw,71,0.0038558420094523616,0.003910036682618897,0.003882939346035629,0,0.0,0.9921875,128
bayesfl_observability_v1,ola_sparse_bayesian_keep010_seed42,110,ola,global,,,layers.0.bias,raw,72,0.003910036682618897,0.003964231355785432,0.003937134019202164,0,0.0,0.9921875,128
bayesfl_observability_v1,ola_sparse_bayesian_keep010_seed42,110,ola,global,,,layers.0.bias,raw,73,0.003964231355785432,0.004018426028951967,0.003991328692368699,0,0.0,0.9921875,128
bayesfl_observability_v1,ola_sparse_bayesian_keep010_seed42,110,ola,global,,,layers.0.bias,raw,74,0.004018426028951967,0.004072620702118502,0.0040455233655352345,0,0.0,0.9921875,128
bayesfl_observability_v1,ola_sparse_bayesian_keep010_seed42,110,ola,global,,,layers.0.bias,raw,75,0.004072620702118502,0.004126815375285037,0.00409971803870177,0,0.0,0.9921875,128
bayesfl_observability_v1,ola_sparse_bayesian_keep010_seed42,110,ola,global,,,layers.0.bias,raw,76,0.004126815375285037,0.004181010048451572,0.004153912711868305,0,0.0,0.9921875,128
bayesfl_observability_v1,ola_sparse_bayesian_keep010_seed42,110,ola,global,,,layers.0.bias,raw,77,0.004181010048451572,0.0042352047216181075,0.00420810738503484,0,0.0,0.9921875,128
bayesfl_observability_v1,ola_sparse_bayesian_keep010_seed42,110,ola,global,,,layers.0.bias,raw,78,0.0042352047216181075,0.004289399394784643,0.004262302058201375,0,0.0,0.9921875,128
bayesfl_observability_v1,ola_sparse_bayesian_keep010_seed42,110,ola,global,,,layers.0.bias,raw,79,0.004289399394784643,0.004343594067951178,0.00431649673136791,1,144.15623424820595,1.0,128
bayesfl_observability_v1,ola_sparse_bayesian_keep010_seed42,110,ola,global,,,layers.0.bias,db,0,-101.91627910575731,-101.23286330907537,-101.57457120741634,1,0.011431547292190989,0.0078125,128
bayesfl_observability_v1,ola_sparse_bayesian_keep010_seed42,110,ola,global,,,layers.0.bias,db,1,-101.23286330907537,-100.54944751239343,-100.8911554107344,1,0.011431547292190989,0.015625,128
bayesfl_observability_v1,ola_sparse_bayesian_keep010_seed42,110,ola,global,,,layers.0.bias,db,2,-100.54944751239343,-99.86603171571149,-100.20773961405246,0,0.0,0.015625,128
bayesfl_observability_v1,ola_sparse_bayesian_keep010_seed42,110,ola,global,,,layers.0.bias,db,3,-99.86603171571149,-99.18261591902954,-99.52432381737052,0,0.0,0.015625,128
bayesfl_observability_v1,ola_sparse_bayesian_keep010_seed42,110,ola,global,,,layers.0.bias,db,4,-99.18261591902954,-98.49920012234762,-98.84090802068857,0,0.0,0.015625,128
bayesfl_observability_v1,ola_sparse_bayesian_keep010_seed42,110,ola,global,,,layers.0.bias,db,5,-98.49920012234762,-97.81578432566567,-98.15749222400665,0,0.0,0.015625,128
bayesfl_observability_v1,ola_sparse_bayesian_keep010_seed42,110,ola,global,,,layers.0.bias,db,6,-97.81578432566567,-97.13236852898373,-97.4740764273247,1,0.011431547292190989,0.0234375,128
bayesfl_observability_v1,ola_sparse_bayesian_keep010_seed42,110,ola,global,,,layers.0.bias,db,7,-97.13236852898373,-96.44895273230179,-96.79066063064276,0,0.0,0.0234375,128
bayesfl_observability_v1,ola_sparse_bayesian_keep010_seed42,110,ola,global,,,layers.0.bias,db,8,-96.44895273230179,-95.76553693561985,-96.10724483396082,2,0.022863094584381977,0.0390625,128
bayesfl_observability_v1,ola_sparse_bayesian_keep010_seed42,110,ola,global,,,layers.0.bias,db,9,-95.76553693561985,-95.08212113893791,-95.42382903727888,1,0.011431547292190989,0.046875,128
bayesfl_observability_v1,ola_sparse_bayesian_keep010_seed42,110,ola,global,,,layers.0.bias,db,10,-95.08212113893791,-94.39870534225597,-94.74041324059694,0,0.0,0.046875,128
bayesfl_observability_v1,ola_sparse_bayesian_keep010_seed42,110,ola,global,,,layers.0.bias,db,11,-94.39870534225597,-93.71528954557402,-94.056997443915,0,0.0,0.046875,128
bayesfl_observability_v1,ola_sparse_bayesian_keep010_seed42,110,ola,global,,,layers.0.bias,db,12,-93.71528954557402,-93.03187374889208,-93.37358164723305,0,0.0,0.046875,128
bayesfl_observability_v1,ola_sparse_bayesian_keep010_seed42,110,ola,global,,,layers.0.bias,db,13,-93.03187374889208,-92.34845795221014,-92.69016585055111,0,0.0,0.046875,128
bayesfl_observability_v1,ola_sparse_bayesian_keep010_seed42,110,ola,global,,,layers.0.bias,db,14,-92.34845795221014,-91.66504215552821,-92.00675005386918,0,0.0,0.046875,128
bayesfl_observability_v1,ola_sparse_bayesian_keep010_seed42,110,ola,global,,,layers.0.bias,db,15,-91.66504215552821,-90.98162635884627,-91.32333425718724,1,0.011431547292190989,0.0546875,128
bayesfl_observability_v1,ola_sparse_bayesian_keep010_seed42,110,ola,global,,,layers.0.bias,db,16,-90.98162635884627,-90.29821056216433,-90.6399184605053,1,0.011431547292190989,0.0625,128
bayesfl_observability_v1,ola_sparse_bayesian_keep010_seed42,110,ola,global,,,layers.0.bias,db,17,-90.29821056216433,-89.61479476548239,-89.95650266382336,0,0.0,0.0625,128
bayesfl_observability_v1,ola_sparse_bayesian_keep010_seed42,110,ola,global,,,layers.0.bias,db,18,-89.61479476548239,-88.93137896880044,-89.27308686714142,0,0.0,0.0625,128
bayesfl_observability_v1,ola_sparse_bayesian_keep010_seed42,110,ola,global,,,layers.0.bias,db,19,-88.93137896880044,-88.2479631721185,-88.58967107045947,1,0.011431547292190989,0.0703125,128
bayesfl_observability_v1,ola_sparse_bayesian_keep010_seed42,110,ola,global,,,layers.0.bias,db,20,-88.2479631721185,-87.56454737543656,-87.90625527377753,0,0.0,0.0703125,128
bayesfl_observability_v1,ola_sparse_bayesian_keep010_seed42,110,ola,global,,,layers.0.bias,db,21,-87.56454737543656,-86.88113157875462,-87.22283947709559,1,0.011431547292190989,0.078125,128
bayesfl_observability_v1,ola_sparse_bayesian_keep010_seed42,110,ola,global,,,layers.0.bias,db,22,-86.88113157875462,-86.19771578207269,-86.53942368041365,1,0.011431547292191226,0.0859375,128
bayesfl_observability_v1,ola_sparse_bayesian_keep010_seed42,110,ola,global,,,layers.0.bias,db,23,-86.19771578207269,-85.51429998539075,-85.85600788373172,0,0.0,0.0859375,128
bayesfl_observability_v1,ola_sparse_bayesian_keep010_seed42,110,ola,global,,,layers.0.bias,db,24,-85.51429998539075,-84.83088418870881,-85.17259208704978,0,0.0,0.0859375,128
bayesfl_observability_v1,ola_sparse_bayesian_keep010_seed42,110,ola,global,,,layers.0.bias,db,25,-84.83088418870881,-84.14746839202687,-84.48917629036784,0,0.0,0.0859375,128
bayesfl_observability_v1,ola_sparse_bayesian_keep010_seed42,110,ola,global,,,layers.0.bias,db,26,-84.14746839202687,-83.46405259534492,-83.8057604936859,0,0.0,0.0859375,128
bayesfl_observability_v1,ola_sparse_bayesian_keep010_seed42,110,ola,global,,,layers.0.bias,db,27,-83.46405259534492,-82.78063679866298,-83.12234469700395,1,0.011431547292190989,0.09375,128
bayesfl_observability_v1,ola_sparse_bayesian_keep010_seed42,110,ola,global,,,layers.0.bias,db,28,-82.78063679866298,-82.09722100198104,-82.43892890032201,0,0.0,0.09375,128
bayesfl_observability_v1,ola_sparse_bayesian_keep010_seed42,110,ola,global,,,layers.0.bias,db,29,-82.09722100198104,-81.4138052052991,-81.75551310364007,3,0.03429464187657297,0.1171875,128
bayesfl_observability_v1,ola_sparse_bayesian_keep010_seed42,110,ola,global,,,layers.0.bias,db,30,-81.4138052052991,-80.73038940861716,-81.07209730695813,0,0.0,0.1171875,128
bayesfl_observability_v1,ola_sparse_bayesian_keep010_seed42,110,ola,global,,,layers.0.bias,db,31,-80.73038940861716,-80.04697361193521,-80.38868151027619,0,0.0,0.1171875,128
bayesfl_observability_v1,ola_sparse_bayesian_keep010_seed42,110,ola,global,,,layers.0.bias,db,32,-80.04697361193521,-79.36355781525327,-79.70526571359424,0,0.0,0.1171875,128
bayesfl_observability_v1,ola_sparse_bayesian_keep010_seed42,110,ola,global,,,layers.0.bias,db,33,-79.36355781525327,-78.68014201857135,-79.02184991691232,1,0.011431547292191226,0.125,128
bayesfl_observability_v1,ola_sparse_bayesian_keep010_seed42,110,ola,global,,,layers.0.bias,db,34,-78.68014201857135,-77.9967262218894,-78.33843412023037,1,0.011431547292190989,0.1328125,128
bayesfl_observability_v1,ola_sparse_bayesian_keep010_seed42,110,ola,global,,,layers.0.bias,db,35,-77.9967262218894,-77.31331042520746,-77.65501832354843,0,0.0,0.1328125,128
bayesfl_observability_v1,ola_sparse_bayesian_keep010_seed42,110,ola,global,,,layers.0.bias,db,36,-77.31331042520746,-76.62989462852552,-76.97160252686649,2,0.022863094584381977,0.1484375,128
bayesfl_observability_v1,ola_sparse_bayesian_keep010_seed42,110,ola,global,,,layers.0.bias,db,37,-76.62989462852552,-75.94647883184358,-76.28818673018455,2,0.022863094584381977,0.1640625,128
bayesfl_observability_v1,ola_sparse_bayesian_keep010_seed42,110,ola,global,,,layers.0.bias,db,38,-75.94647883184358,-75.26306303516164,-75.6047709335026,1,0.011431547292190989,0.171875,128
bayesfl_observability_v1,ola_sparse_bayesian_keep010_seed42,110,ola,global,,,layers.0.bias,db,39,-75.26306303516164,-74.57964723847971,-74.92135513682067,2,0.022863094584382453,0.1875,128
bayesfl_observability_v1,ola_sparse_bayesian_keep010_seed42,110,ola,global,,,layers.0.bias,db,40,-74.57964723847971,-73.89623144179777,-74.23793934013874,1,0.011431547292190989,0.1953125,128
bayesfl_observability_v1,ola_sparse_bayesian_keep010_seed42,110,ola,global,,,layers.0.bias,db,41,-73.89623144179777,-73.21281564511582,-73.5545235434568,2,0.022863094584381977,0.2109375,128
bayesfl_observability_v1,ola_sparse_bayesian_keep010_seed42,110,ola,global,,,layers.0.bias,db,42,-73.21281564511582,-72.52939984843388,-72.87110774677485,2,0.022863094584381977,0.2265625,128
bayesfl_observability_v1,ola_sparse_bayesian_keep010_seed42,110,ola,global,,,layers.0.bias,db,43,-72.52939984843388,-71.84598405175194,-72.18769195009291,1,0.011431547292190989,0.234375,128
bayesfl_observability_v1,ola_sparse_bayesian_keep010_seed42,110,ola,global,,,layers.0.bias,db,44,-71.84598405175194,-71.16256825507,-71.50427615341097,1,0.011431547292190989,0.2421875,128
bayesfl_observability_v1,ola_sparse_bayesian_keep010_seed42,110,ola,global,,,layers.0.bias,db,45,-71.16256825507,-70.47915245838806,-70.82086035672903,0,0.0,0.2421875,128
bayesfl_observability_v1,ola_sparse_bayesian_keep010_seed42,110,ola,global,,,layers.0.bias,db,46,-70.47915245838806,-69.79573666170612,-70.13744456004709,1,0.011431547292190989,0.25,128
bayesfl_observability_v1,ola_sparse_bayesian_keep010_seed42,110,ola,global,,,layers.0.bias,db,47,-69.79573666170612,-69.11232086502417,-69.45402876336514,1,0.011431547292190989,0.2578125,128
bayesfl_observability_v1,ola_sparse_bayesian_keep010_seed42,110,ola,global,,,layers.0.bias,db,48,-69.11232086502417,-68.42890506834223,-68.7706129666832,2,0.022863094584381977,0.2734375,128
bayesfl_observability_v1,ola_sparse_bayesian_keep010_seed42,110,ola,global,,,layers.0.bias,db,49,-68.42890506834223,-67.74548927166029,-68.08719717000126,2,0.022863094584381977,0.2890625,128
bayesfl_observability_v1,ola_sparse_bayesian_keep010_seed42,110,ola,global,,,layers.0.bias,db,50,-67.74548927166029,-67.06207347497835,-67.40378137331932,0,0.0,0.2890625,128
bayesfl_observability_v1,ola_sparse_bayesian_keep010_seed42,110,ola,global,,,layers.0.bias,db,51,-67.06207347497835,-66.3786576782964,-66.72036557663738,3,0.03429464187657297,0.3125,128
bayesfl_observability_v1,ola_sparse_bayesian_keep010_seed42,110,ola,global,,,layers.0.bias,db,52,-66.3786576782964,-65.69524188161448,-66.03694977995545,1,0.011431547292191226,0.3203125,128
bayesfl_observability_v1,ola_sparse_bayesian_keep010_seed42,110,ola,global,,,layers.0.bias,db,53,-65.69524188161448,-65.01182608493254,-65.35353398327351,3,0.03429464187657297,0.34375,128
bayesfl_observability_v1,ola_sparse_bayesian_keep010_seed42,110,ola,global,,,layers.0.bias,db,54,-65.01182608493254,-64.3284102882506,-64.67011818659157,1,0.011431547292190989,0.3515625,128
bayesfl_observability_v1,ola_sparse_bayesian_keep010_seed42,110,ola,global,,,layers.0.bias,db,55,-64.3284102882506,-63.64499449156865,-63.986702389909624,2,0.022863094584381977,0.3671875,128
bayesfl_observability_v1,ola_sparse_bayesian_keep010_seed42,110,ola,global,,,layers.0.bias,db,56,-63.64499449156865,-62.96157869488671,-63.30328659322768,7,0.08002083104533693,0.421875,128
bayesfl_observability_v1,ola_sparse_bayesian_keep010_seed42,110,ola,global,,,layers.0.bias,db,57,-62.96157869488671,-62.278162898204776,-62.61987079654574,1,0.011431547292191108,0.4296875,128
bayesfl_observability_v1,ola_sparse_bayesian_keep010_seed42,110,ola,global,,,layers.0.bias,db,58,-62.278162898204776,-61.594747101522834,-61.936454999863805,4,0.045726189168763955,0.4609375,128
bayesfl_observability_v1,ola_sparse_bayesian_keep010_seed42,110,ola,global,,,layers.0.bias,db,59,-61.594747101522834,-60.91133130484089,-61.253039203181864,5,0.05715773646095495,0.5,128
bayesfl_observability_v1,ola_sparse_bayesian_keep010_seed42,110,ola,global,,,layers.0.bias,db,60,-60.91133130484089,-60.22791550815895,-60.56962340649992,8,0.09145237833752791,0.5625,128
bayesfl_observability_v1,ola_sparse_bayesian_keep010_seed42,110,ola,global,,,layers.0.bias,db,61,-60.22791550815895,-59.544499711477016,-59.88620760981799,8,0.09145237833752887,0.625,128
bayesfl_observability_v1,ola_sparse_bayesian_keep010_seed42,110,ola,global,,,layers.0.bias,db,62,-59.544499711477016,-58.861083914795074,-59.202791813136045,5,0.05715773646095495,0.6640625,128
bayesfl_observability_v1,ola_sparse_bayesian_keep010_seed42,110,ola,global,,,layers.0.bias,db,63,-58.861083914795074,-58.17766811811313,-58.5193760164541,4,0.045726189168763955,0.6953125,128
bayesfl_observability_v1,ola_sparse_bayesian_keep010_seed42,110,ola,global,,,layers.0.bias,db,64,-58.17766811811313,-57.49425232143119,-57.83596021977216,4,0.045726189168763955,0.7265625,128
bayesfl_observability_v1,ola_sparse_bayesian_keep010_seed42,110,ola,global,,,layers.0.bias,db,65,-57.49425232143119,-56.81083652474925,-57.15254442309022,3,0.03429464187657297,0.75,128
bayesfl_observability_v1,ola_sparse_bayesian_keep010_seed42,110,ola,global,,,layers.0.bias,db,66,-56.81083652474925,-56.127420728067314,-56.46912862640828,5,0.05715773646095554,0.7890625,128
bayesfl_observability_v1,ola_sparse_bayesian_keep010_seed42,110,ola,global,,,layers.0.bias,db,67,-56.127420728067314,-55.44400493138537,-55.78571282972634,5,0.05715773646095495,0.828125,128
bayesfl_observability_v1,ola_sparse_bayesian_keep010_seed42,110,ola,global,,,layers.0.bias,db,68,-55.44400493138537,-54.76058913470343,-55.1022970330444,7,0.08002083104533693,0.8828125,128
bayesfl_observability_v1,ola_sparse_bayesian_keep010_seed42,110,ola,global,,,layers.0.bias,db,69,-54.76058913470343,-54.07717333802149,-54.41888123636246,4,0.045726189168763955,0.9140625,128
bayesfl_observability_v1,ola_sparse_bayesian_keep010_seed42,110,ola,global,,,layers.0.bias,db,70,-54.07717333802149,-53.39375754133955,-53.735465439680524,5,0.05715773646095554,0.953125,128
bayesfl_observability_v1,ola_sparse_bayesian_keep010_seed42,110,ola,global,,,layers.0.bias,db,71,-53.39375754133955,-52.71034174465761,-53.05204964299858,0,0.0,0.953125,128
bayesfl_observability_v1,ola_sparse_bayesian_keep010_seed42,110,ola,global,,,layers.0.bias,db,72,-52.71034174465761,-52.02692594797567,-52.36863384631664,4,0.045726189168763955,0.984375,128
bayesfl_observability_v1,ola_sparse_bayesian_keep010_seed42,110,ola,global,,,layers.0.bias,db,73,-52.02692594797567,-51.34351015129373,-51.6852180496347,1,0.011431547292190989,0.9921875,128
bayesfl_observability_v1,ola_sparse_bayesian_keep010_seed42,110,ola,global,,,layers.0.bias,db,74,-51.34351015129373,-50.660094354611786,-51.00180225295276,0,0.0,0.9921875,128
bayesfl_observability_v1,ola_sparse_bayesian_keep010_seed42,110,ola,global,,,layers.0.bias,db,75,-50.660094354611786,-49.97667855792985,-50.318386456270815,0,0.0,0.9921875,128
bayesfl_observability_v1,ola_sparse_bayesian_keep010_seed42,110,ola,global,,,layers.0.bias,db,76,-49.97667855792985,-49.29326276124791,-49.63497065958888,0,0.0,0.9921875,128
bayesfl_observability_v1,ola_sparse_bayesian_keep010_seed42,110,ola,global,,,layers.0.bias,db,77,-49.29326276124791,-48.60984696456597,-48.95155486290694,0,0.0,0.9921875,128
bayesfl_observability_v1,ola_sparse_bayesian_keep010_seed42,110,ola,global,,,layers.0.bias,db,78,-48.60984696456597,-47.926431167884026,-48.268139066225,0,0.0,0.9921875,128
bayesfl_observability_v1,ola_sparse_bayesian_keep010_seed42,110,ola,global,,,layers.0.bias,db,79,-47.926431167884026,-47.24301537120209,-47.58472326954306,1,0.011431547292191108,1.0,128
bayesfl_observability_v1,ola_sparse_bayesian_keep010_seed42,110,ola,global,,,layers.1.weight,raw,0,7.0287392126020715e-06,0.0011435998605315348,0.0005753142998720684,157,107.91779563927656,0.12265625,1280
bayesfl_observability_v1,ola_sparse_bayesian_keep010_seed42,110,ola,global,,,layers.1.weight,raw,1,0.0011435998605315348,0.002280170981850468,0.0017118854211910014,157,107.91779563927653,0.2453125,1280
bayesfl_observability_v1,ola_sparse_bayesian_keep010_seed42,110,ola,global,,,layers.1.weight,raw,2,0.002280170981850468,0.003416742103169401,0.0028484565425099346,117,80.42281585856914,0.33671875,1280
bayesfl_observability_v1,ola_sparse_bayesian_keep010_seed42,110,ola,global,,,layers.1.weight,raw,3,0.003416742103169401,0.004553313224488333,0.003985027663828867,116,79.73544136405152,0.42734375,1280
bayesfl_observability_v1,ola_sparse_bayesian_keep010_seed42,110,ola,global,,,layers.1.weight,raw,4,0.004553313224488333,0.005689884345807266,0.005121598785147799,137,94.17030574892287,0.534375,1280
bayesfl_observability_v1,ola_sparse_bayesian_keep010_seed42,110,ola,global,,,layers.1.weight,raw,5,0.005689884345807266,0.006826455467126199,0.0062581699064667325,97,66.67532596821542,0.61015625,1280
bayesfl_observability_v1,ola_sparse_bayesian_keep010_seed42,110,ola,global,,,layers.1.weight,raw,6,0.006826455467126199,0.007963026588445131,0.007394741027785665,71,48.80358911075569,0.665625,1280
bayesfl_observability_v1,ola_sparse_bayesian_keep010_seed42,110,ola,global,,,layers.1.weight,raw,7,0.007963026588445131,0.009099597709764064,0.008531312149104598,63,43.30459315461414,0.71484375,1280
bayesfl_observability_v1,ola_sparse_bayesian_keep010_seed42,110,ola,global,,,layers.1.weight,raw,8,0.009099597709764064,0.010236168831082998,0.009667883270423531,59,40.5550951765434,0.7609375,1280
bayesfl_observability_v1,ola_sparse_bayesian_keep010_seed42,110,ola,global,,,layers.1.weight,raw,9,0.010236168831082998,0.01137273995240193,0.010804454391742463,41,28.182354275225116,0.79296875,1280
bayesfl_observability_v1,ola_sparse_bayesian_keep010_seed42,110,ola,global,,,layers.1.weight,raw,10,0.01137273995240193,0.012509311073720863,0.011941025513061396,32,21.99598382456591,0.81796875,1280
bayesfl_observability_v1,ola_sparse_bayesian_keep010_seed42,110,ola,global,,,layers.1.weight,raw,11,0.012509311073720863,0.013645882195039797,0.01307759663438033,34,23.37073281360128,0.84453125,1280
bayesfl_observability_v1,ola_sparse_bayesian_keep010_seed42,110,ola,global,,,layers.1.weight,raw,12,0.013645882195039797,0.014782453316358728,0.014214167755699263,17,11.685366406800657,0.8578125,1280
bayesfl_observability_v1,ola_sparse_bayesian_keep010_seed42,110,ola,global,,,layers.1.weight,raw,13,0.014782453316358728,0.015919024437677662,0.015350738877018195,24,16.496987868424434,0.8765625,1280
bayesfl_observability_v1,ola_sparse_bayesian_keep010_seed42,110,ola,global,,,layers.1.weight,raw,14,0.015919024437677662,0.017055595558996595,0.016487309998337127,25,17.184362362942117,0.89609375,1280
bayesfl_observability_v1,ola_sparse_bayesian_keep010_seed42,110,ola,global,,,layers.1.weight,raw,15,0.017055595558996595,0.01819216668031553,0.017623881119656064,18,12.372740901318325,0.91015625,1280
bayesfl_observability_v1,ola_sparse_bayesian_keep010_seed42,110,ola,global,,,layers.1.weight,raw,16,0.01819216668031553,0.019328737801634462,0.018760452240974994,11,7.561119439694532,0.91875,1280
bayesfl_observability_v1,ola_sparse_bayesian_keep010_seed42,110,ola,global,,,layers.1.weight,raw,17,0.019328737801634462,0.020465308922953396,0.01989702336229393,17,11.68536640680064,0.93203125,1280
bayesfl_observability_v1,ola_sparse_bayesian_keep010_seed42,110,ola,global,,,layers.1.weight,raw,18,0.020465308922953396,0.021601880044272326,0.02103359448361286,4,2.7494979780707474,0.93515625,1280
bayesfl_observability_v1,ola_sparse_bayesian_keep010_seed42,110,ola,global,,,layers.1.weight,raw,19,0.021601880044272326,0.02273845116559126,0.02217016560493179,5,3.4368724725884237,0.9390625,1280
bayesfl_observability_v1,ola_sparse_bayesian_keep010_seed42,110,ola,global,,,layers.1.weight,raw,20,0.02273845116559126,0.023875022286910193,0.023306736726250728,7,4.811621461623793,0.94453125,1280
bayesfl_observability_v1,ola_sparse_bayesian_keep010_seed42,110,ola,global,,,layers.1.weight,raw,21,0.023875022286910193,0.025011593408229126,0.024443307847569658,6,4.124246967106108,0.94921875,1280
bayesfl_observability_v1,ola_sparse_bayesian_keep010_seed42,110,ola,global,,,layers.1.weight,raw,22,0.025011593408229126,0.02614816452954806,0.025579878968888595,6,4.124246967106108,0.95390625,1280
bayesfl_observability_v1,ola_sparse_bayesian_keep010_seed42,110,ola,global,,,layers.1.weight,raw,23,0.02614816452954806,0.027284735650866993,0.026716450090207525,6,4.124246967106108,0.95859375,1280
bayesfl_observability_v1,ola_sparse_bayesian_keep010_seed42,110,ola,global,,,layers.1.weight,raw,24,0.027284735650866993,0.028421306772185923,0.027853021211526458,7,4.811621461623807,0.9640625,1280
bayesfl_observability_v1,ola_sparse_bayesian_keep010_seed42,110,ola,global,,,layers.1.weight,raw,25,0.028421306772185923,0.029557877893504857,0.02898959233284539,4,2.749497978070739,0.9671875,1280
bayesfl_observability_v1,ola_sparse_bayesian_keep010_seed42,110,ola,global,,,layers.1.weight,raw,26,0.029557877893504857,0.03069444901482379,0.03012616345416432,5,3.4368724725884237,0.97109375,1280
bayesfl_observability_v1,ola_sparse_bayesian_keep010_seed42,110,ola,global,,,layers.1.weight,raw,27,0.03069444901482379,0.03183102013614272,0.03126273457548325,2,1.374748989035378,0.97265625,1280
bayesfl_observability_v1,ola_sparse_bayesian_keep010_seed42,110,ola,global,,,layers.1.weight,raw,28,0.03183102013614272,0.032967591257461654,0.03239930569680219,0,0.0,0.97265625,1280
bayesfl_observability_v1,ola_sparse_bayesian_keep010_seed42,110,ola,global,,,layers.1.weight,raw,29,0.032967591257461654,0.034104162378780584,0.03353587681812112,0,0.0,0.97265625,1280
bayesfl_observability_v1,ola_sparse_bayesian_keep010_seed42,110,ola,global,,,layers.1.weight,raw,30,0.034104162378780584,0.03524073350009952,0.03467244793944005,3,2.062123483553048,0.975,1280
bayesfl_observability_v1,ola_sparse_bayesian_keep010_seed42,110,ola,global,,,layers.1.weight,raw,31,0.03524073350009952,0.03637730462141845,0.035809019060758986,5,3.436872472588434,0.97890625,1280
bayesfl_observability_v1,ola_sparse_bayesian_keep010_seed42,110,ola,global,,,layers.1.weight,raw,32,0.03637730462141845,0.03751387574273738,0.036945590182077916,1,0.6873744945176868,0.9796875,1280
bayesfl_observability_v1,ola_sparse_bayesian_keep010_seed42,110,ola,global,,,layers.1.weight,raw,33,0.03751387574273738,0.03865044686405632,0.03808216130339685,8,5.498995956141461,0.9859375,1280
bayesfl_observability_v1,ola_sparse_bayesian_keep010_seed42,110,ola,global,,,layers.1.weight,raw,34,0.03865044686405632,0.03978701798537525,0.03921873242471578,1,0.6873744945176868,0.98671875,1280
bayesfl_observability_v1,ola_sparse_bayesian_keep010_seed42,110,ola,global,,,layers.1.weight,raw,35,0.03978701798537525,0.040923589106694185,0.04035530354603471,1,0.6873744945176826,0.9875,1280
bayesfl_observability_v1,ola_sparse_bayesian_keep010_seed42,110,ola,global,,,layers.1.weight,raw,36,0.040923589106694185,0.042060160228013115,0.04149187466735365,0,0.0,0.9875,1280
bayesfl_observability_v1,ola_sparse_bayesian_keep010_seed42,110,ola,global,,,layers.1.weight,raw,37,0.042060160228013115,0.043196731349332045,0.04262844578867258,0,0.0,0.9875,1280
bayesfl_observability_v1,ola_sparse_bayesian_keep010_seed42,110,ola,global,,,layers.1.weight,raw,38,0.043196731349332045,0.04433330247065098,0.043765016909991517,0,0.0,0.9875,1280
bayesfl_observability_v1,ola_sparse_bayesian_keep010_seed42,110,ola,global,,,layers.1.weight,raw,39,0.04433330247065098,0.04546987359196991,0.044901588031310447,2,1.3747489890353737,0.9890625,1280
bayesfl_observability_v1,ola_sparse_bayesian_keep010_seed42,110,ola,global,,,layers.1.weight,raw,40,0.04546987359196991,0.04660644471328885,0.046038159152629377,1,0.6873744945176826,0.98984375,1280
bayesfl_observability_v1,ola_sparse_bayesian_keep010_seed42,110,ola,global,,,layers.1.weight,raw,41,0.04660644471328885,0.04774301583460778,0.047174730273948313,0,0.0,0.98984375,1280
bayesfl_observability_v1,ola_sparse_bayesian_keep010_seed42,110,ola,global,,,layers.1.weight,raw,42,0.04774301583460778,0.04887958695592671,0.048311301395267243,0,0.0,0.98984375,1280
bayesfl_observability_v1,ola_sparse_bayesian_keep010_seed42,110,ola,global,,,layers.1.weight,raw,43,0.04887958695592671,0.050016158077245645,0.04944787251658618,0,0.0,0.98984375,1280
bayesfl_observability_v1,ola_sparse_bayesian_keep010_seed42,110,ola,global,,,layers.1.weight,raw,44,0.050016158077245645,0.051152729198564575,0.05058444363790511,1,0.6873744945176868,0.990625,1280
bayesfl_observability_v1,ola_sparse_bayesian_keep010_seed42,110,ola,global,,,layers.1.weight,raw,45,0.051152729198564575,0.05228930031988351,0.05172101475922404,1,0.6873744945176826,0.99140625,1280
bayesfl_observability_v1,ola_sparse_bayesian_keep010_seed42,110,ola,global,,,layers.1.weight,raw,46,0.05228930031988351,0.05342587144120244,0.05285758588054298,0,0.0,0.99140625,1280
bayesfl_observability_v1,ola_sparse_bayesian_keep010_seed42,110,ola,global,,,layers.1.weight,raw,47,0.05342587144120244,0.05456244256252138,0.053994157001861914,0,0.0,0.99140625,1280
bayesfl_observability_v1,ola_sparse_bayesian_keep010_seed42,110,ola,global,,,layers.1.weight,raw,48,0.05456244256252138,0.05569901368384031,0.055130728123180844,1,0.6873744945176868,0.9921875,1280
bayesfl_observability_v1,ola_sparse_bayesian_keep010_seed42,110,ola,global,,,layers.1.weight,raw,49,0.05569901368384031,0.05683558480515924,0.056267299244499774,0,0.0,0.9921875,1280
bayesfl_observability_v1,ola_sparse_bayesian_keep010_seed42,110,ola,global,,,layers.1.weight,raw,50,0.05683558480515924,0.057972155926478176,0.057403870365818704,2,1.3747489890353652,0.99375,1280
bayesfl_observability_v1,ola_sparse_bayesian_keep010_seed42,110,ola,global,,,layers.1.weight,raw,51,0.057972155926478176,0.059108727047797106,0.05854044148713764,0,0.0,0.99375,1280
bayesfl_observability_v1,ola_sparse_bayesian_keep010_seed42,110,ola,global,,,layers.1.weight,raw,52,0.059108727047797106,0.06024529816911604,0.05967701260845658,0,0.0,0.99375,1280
bayesfl_observability_v1,ola_sparse_bayesian_keep010_seed42,110,ola,global,,,layers.1.weight,raw,53,0.06024529816911604,0.06138186929043497,0.06081358372977551,3,2.0621234835530604,0.99609375,1280
bayesfl_observability_v1,ola_sparse_bayesian_keep010_seed42,110,ola,global,,,layers.1.weight,raw,54,0.06138186929043497,0.0625184404117539,0.06195015485109444,1,0.6873744945176868,0.996875,1280
bayesfl_observability_v1,ola_sparse_bayesian_keep010_seed42,110,ola,global,,,layers.1.weight,raw,55,0.0625184404117539,0.06365501153307283,0.06308672597241337,0,0.0,0.996875,1280
bayesfl_observability_v1,ola_sparse_bayesian_keep010_seed42,110,ola,global,,,layers.1.weight,raw,56,0.06365501153307283,0.06479158265439178,0.06422329709373231,0,0.0,0.996875,1280
bayesfl_observability_v1,ola_sparse_bayesian_keep010_seed42,110,ola,global,,,layers.1.weight,raw,57,0.06479158265439178,0.06592815377571071,0.06535986821505124,1,0.6873744945176868,0.99765625,1280
bayesfl_observability_v1,ola_sparse_bayesian_keep010_seed42,110,ola,global,,,layers.1.weight,raw,58,0.06592815377571071,0.06706472489702964,0.06649643933637017,1,0.6873744945176868,0.9984375,1280
bayesfl_observability_v1,ola_sparse_bayesian_keep010_seed42,110,ola,global,,,layers.1.weight,raw,59,0.06706472489702964,0.06820129601834857,0.0676330104576891,0,0.0,0.9984375,1280
bayesfl_observability_v1,ola_sparse_bayesian_keep010_seed42,110,ola,global,,,layers.1.weight,raw,60,0.06820129601834857,0.0693378671396675,0.06876958157900803,0,0.0,0.9984375,1280
bayesfl_observability_v1,ola_sparse_bayesian_keep010_seed42,110,ola,global,,,layers.1.weight,raw,61,0.0693378671396675,0.07047443826098644,0.06990615270032696,0,0.0,0.9984375,1280
bayesfl_observability_v1,ola_sparse_bayesian_keep010_seed42,110,ola,global,,,layers.1.weight,raw,62,0.07047443826098644,0.07161100938230537,0.0710427238216459,0,0.0,0.9984375,1280
bayesfl_observability_v1,ola_sparse_bayesian_keep010_seed42,110,ola,global,,,layers.1.weight,raw,63,0.07161100938230537,0.0727475805036243,0.07217929494296484,0,0.0,0.9984375,1280
bayesfl_observability_v1,ola_sparse_bayesian_keep010_seed42,110,ola,global,,,layers.1.weight,raw,64,0.0727475805036243,0.07388415162494323,0.07331586606428377,1,0.6873744945176868,0.99921875,1280
bayesfl_observability_v1,ola_sparse_bayesian_keep010_seed42,110,ola,global,,,layers.1.weight,raw,65,0.07388415162494323,0.07502072274626216,0.0744524371856027,0,0.0,0.99921875,1280
bayesfl_observability_v1,ola_sparse_bayesian_keep010_seed42,110,ola,global,,,layers.1.weight,raw,66,0.07502072274626216,0.0761572938675811,0.07558900830692164,0,0.0,0.99921875,1280
bayesfl_observability_v1,ola_sparse_bayesian_keep010_seed42,110,ola,global,,,layers.1.weight,raw,67,0.0761572938675811,0.07729386498890004,0.07672557942824057,0,0.0,0.99921875,1280
bayesfl_observability_v1,ola_sparse_bayesian_keep010_seed42,110,ola,global,,,layers.1.weight,raw,68,0.07729386498890004,0.07843043611021897,0.0778621505495595,0,0.0,0.99921875,1280
bayesfl_observability_v1,ola_sparse_bayesian_keep010_seed42,110,ola,global,,,layers.1.weight,raw,69,0.07843043611021897,0.0795670072315379,0.07899872167087843,0,0.0,0.99921875,1280
bayesfl_observability_v1,ola_sparse_bayesian_keep010_seed42,110,ola,global,,,layers.1.weight,raw,70,0.0795670072315379,0.08070357835285683,0.08013529279219736,0,0.0,0.99921875,1280
bayesfl_observability_v1,ola_sparse_bayesian_keep010_seed42,110,ola,global,,,layers.1.weight,raw,71,0.08070357835285683,0.08184014947417577,0.08127186391351629,0,0.0,0.99921875,1280
bayesfl_observability_v1,ola_sparse_bayesian_keep010_seed42,110,ola,global,,,layers.1.weight,raw,72,0.08184014947417577,0.0829767205954947,0.08240843503483523,0,0.0,0.99921875,1280
bayesfl_observability_v1,ola_sparse_bayesian_keep010_seed42,110,ola,global,,,layers.1.weight,raw,73,0.0829767205954947,0.08411329171681363,0.08354500615615416,0,0.0,0.99921875,1280
bayesfl_observability_v1,ola_sparse_bayesian_keep010_seed42,110,ola,global,,,layers.1.weight,raw,74,0.08411329171681363,0.08524986283813256,0.0846815772774731,0,0.0,0.99921875,1280
bayesfl_observability_v1,ola_sparse_bayesian_keep010_seed42,110,ola,global,,,layers.1.weight,raw,75,0.08524986283813256,0.08638643395945149,0.08581814839879202,0,0.0,0.99921875,1280
bayesfl_observability_v1,ola_sparse_bayesian_keep010_seed42,110,ola,global,,,layers.1.weight,raw,76,0.08638643395945149,0.08752300508077043,0.08695471952011097,0,0.0,0.99921875,1280
bayesfl_observability_v1,ola_sparse_bayesian_keep010_seed42,110,ola,global,,,layers.1.weight,raw,77,0.08752300508077043,0.08865957620208936,0.0880912906414299,0,0.0,0.99921875,1280
bayesfl_observability_v1,ola_sparse_bayesian_keep010_seed42,110,ola,global,,,layers.1.weight,raw,78,0.08865957620208936,0.08979614732340829,0.08922786176274883,0,0.0,0.99921875,1280
bayesfl_observability_v1,ola_sparse_bayesian_keep010_seed42,110,ola,global,,,layers.1.weight,raw,79,0.08979614732340829,0.09093271844472722,0.09036443288406776,1,0.6873744945176868,1.0,1280
bayesfl_observability_v1,ola_sparse_bayesian_keep010_seed42,110,ola,global,,,layers.1.weight,db,0,-103.06245016459194,-102.03448949389136,-102.54846982924164,1,0.0007599998932522968,0.00078125,1280
bayesfl_observability_v1,ola_sparse_bayesian_keep010_seed42,110,ola,global,,,layers.1.weight,db,1,-102.03448949389136,-101.00652882319078,-101.52050915854107,0,0.0,0.00078125,1280
bayesfl_observability_v1,ola_sparse_bayesian_keep010_seed42,110,ola,global,,,layers.1.weight,db,2,-101.00652882319078,-99.9785681524902,-100.49254848784048,0,0.0,0.00078125,1280
bayesfl_observability_v1,ola_sparse_bayesian_keep010_seed42,110,ola,global,,,layers.1.weight,db,3,-99.9785681524902,-98.95060748178962,-99.46458781713991,1,0.0007599998932522968,0.0015625,1280
bayesfl_observability_v1,ola_sparse_bayesian_keep010_seed42,110,ola,global,,,layers.1.weight,db,4,-98.95060748178962,-97.92264681108904,-98.43662714643932,0,0.0,0.0015625,1280
bayesfl_observability_v1,ola_sparse_bayesian_keep010_seed42,110,ola,global,,,layers.1.weight,db,5,-97.92264681108904,-96.89468614038844,-97.40866647573874,0,0.0,0.0015625,1280
bayesfl_observability_v1,ola_sparse_bayesian_keep010_seed42,110,ola,global,,,layers.1.weight,db,6,-96.89468614038844,-95.86672546968786,-96.38070580503816,2,0.0015199997865045936,0.003125,1280
bayesfl_observability_v1,ola_sparse_bayesian_keep010_seed42,110,ola,global,,,layers.1.weight,db,7,-95.86672546968786,-94.83876479898728,-95.35274513433757,0,0.0,0.003125,1280
bayesfl_observability_v1,ola_sparse_bayesian_keep010_seed42,110,ola,global,,,layers.1.weight,db,8,-94.83876479898728,-93.8108041282867,-94.324784463637,0,0.0,0.003125,1280
bayesfl_observability_v1,ola_sparse_bayesian_keep010_seed42,110,ola,global,,,layers.1.weight,db,9,-93.8108041282867,-92.78284345758613,-93.29682379293641,0,0.0,0.003125,1280
bayesfl_observability_v1,ola_sparse_bayesian_keep010_seed42,110,ola,global,,,layers.1.weight,db,10,-92.78284345758613,-91.75488278688555,-92.26886312223584,2,0.0015199997865045936,0.0046875,1280
bayesfl_observability_v1,ola_sparse_bayesian_keep010_seed42,110,ola,global,,,layers.1.weight,db,11,-91.75488278688555,-90.72692211618497,-91.24090245153525,0,0.0,0.0046875,1280
bayesfl_observability_v1,ola_sparse_bayesian_keep010_seed42,110,ola,global,,,layers.1.weight,db,12,-90.72692211618497,-89.69896144548439,-90.21294178083468,0,0.0,0.0046875,1280
bayesfl_observability_v1,ola_sparse_bayesian_keep010_seed42,110,ola,global,,,layers.1.weight,db,13,-89.69896144548439,-88.6710007747838,-89.18498111013409,0,0.0,0.0046875,1280
bayesfl_observability_v1,ola_sparse_bayesian_keep010_seed42,110,ola,global,,,layers.1.weight,db,14,-88.6710007747838,-87.64304010408323,-88.15702043943352,1,0.0007599998932522968,0.00546875,1280
bayesfl_observability_v1,ola_sparse_bayesian_keep010_seed42,110,ola,global,,,layers.1.weight,db,15,-87.64304010408323,-86.61507943338265,-87.12905976873293,1,0.0007599998932522968,0.00625,1280
bayesfl_observability_v1,ola_sparse_bayesian_keep010_seed42,110,ola,global,,,layers.1.weight,db,16,-86.61507943338265,-85.58711876268205,-86.10109909803235,0,0.0,0.00625,1280
bayesfl_observability_v1,ola_sparse_bayesian_keep010_seed42,110,ola,global,,,layers.1.weight,db,17,-85.58711876268205,-84.55915809198147,-85.07313842733177,0,0.0,0.00625,1280
bayesfl_observability_v1,ola_sparse_bayesian_keep010_seed42,110,ola,global,,,layers.1.weight,db,18,-84.55915809198147,-83.5311974212809,-84.04517775663118,1,0.0007599998932522968,0.00703125,1280
bayesfl_observability_v1,ola_sparse_bayesian_keep010_seed42,110,ola,global,,,layers.1.weight,db,19,-83.5311974212809,-82.50323675058031,-83.01721708593061,0,0.0,0.00703125,1280
bayesfl_observability_v1,ola_sparse_bayesian_keep010_seed42,110,ola,global,,,layers.1.weight,db,20,-82.50323675058031,-81.47527607987973,-81.98925641523002,0,0.0,0.00703125,1280
bayesfl_observability_v1,ola_sparse_bayesian_keep010_seed42,110,ola,global,,,layers.1.weight,db,21,-81.47527607987973,-80.44731540917915,-80.96129574452945,1,0.0007599998932522968,0.0078125,1280
bayesfl_observability_v1,ola_sparse_bayesian_keep010_seed42,110,ola,global,,,layers.1.weight,db,22,-80.44731540917915,-79.41935473847857,-79.93333507382886,1,0.0007599998932522968,0.00859375,1280
bayesfl_observability_v1,ola_sparse_bayesian_keep010_seed42,110,ola,global,,,layers.1.weight,db,23,-79.41935473847857,-78.391394067778,-78.90537440312829,3,0.0022799996797568905,0.0109375,1280
bayesfl_observability_v1,ola_sparse_bayesian_keep010_seed42,110,ola,global,,,layers.1.weight,db,24,-78.391394067778,-77.36343339707742,-77.8774137324277,4,0.0030399995730091872,0.0140625,1280
bayesfl_observability_v1,ola_sparse_bayesian_keep010_seed42,110,ola,global,,,layers.1.weight,db,25,-77.36343339707742,-76.33547272637682,-76.84945306172712,1,0.0007599998932522863,0.01484375,1280
bayesfl_observability_v1,ola_sparse_bayesian_keep010_seed42,110,ola,global,,,layers.1.weight,db,26,-76.33547272637682,-75.30751205567626,-75.82149239102654,4,0.0030399995730092293,0.01796875,1280
bayesfl_observability_v1,ola_sparse_bayesian_keep010_seed42,110,ola,global,,,layers.1.weight,db,27,-75.30751205567626,-74.27955138497566,-74.79353172032596,3,0.002279999679756859,0.0203125,1280
bayesfl_observability_v1,ola_sparse_bayesian_keep010_seed42,110,ola,global,,,layers.1.weight,db,28,-74.27955138497566,-73.25159071427508,-73.76557104962538,4,0.0030399995730091872,0.0234375,1280
bayesfl_observability_v1,ola_sparse_bayesian_keep010_seed42,110,ola,global,,,layers.1.weight,db,29,-73.25159071427508,-72.2236300435745,-72.73761037892478,4,0.0030399995730091872,0.0265625,1280
bayesfl_observability_v1,ola_sparse_bayesian_keep010_seed42,110,ola,global,,,layers.1.weight,db,30,-72.2236300435745,-71.19566937287392,-71.70964970822422,2,0.0015199997865045936,0.028125,1280
bayesfl_observability_v1,ola_sparse_bayesian_keep010_seed42,110,ola,global,,,layers.1.weight,db,31,-71.19566937287392,-70.16770870217334,-70.68168903752363,1,0.0007599998932522968,0.02890625,1280
bayesfl_observability_v1,ola_sparse_bayesian_keep010_seed42,110,ola,global,,,layers.1.weight,db,32,-70.16770870217334,-69.13974803147276,-69.65372836682306,6,0.004559999359513781,0.03359375,1280
bayesfl_observability_v1,ola_sparse_bayesian_keep010_seed42,110,ola,global,,,layers.1.weight,db,33,-69.13974803147276,-68.11178736077218,-68.62576769612247,8,0.0060799991460183745,0.03984375,1280
bayesfl_observability_v1,ola_sparse_bayesian_keep010_seed42,110,ola,global,,,layers.1.weight,db,34,-68.11178736077218,-67.08382669007159,-67.59780702542189,7,0.005319999252766004,0.0453125,1280
bayesfl_observability_v1,ola_sparse_bayesian_keep010_seed42,110,ola,global,,,layers.1.weight,db,35,-67.08382669007159,-66.05586601937102,-66.5698463547213,14,0.010639998505532301,0.05625,1280
bayesfl_observability_v1,ola_sparse_bayesian_keep010_seed42,110,ola,global,,,layers.1.weight,db,36,-66.05586601937102,-65.02790534867043,-65.54188568402073,6,0.004559999359513718,0.0609375,1280
bayesfl_observability_v1,ola_sparse_bayesian_keep010_seed42,110,ola,global,,,layers.1.weight,db,37,-65.02790534867043,-63.99994467796986,-64.51392501332015,9,0.006839999039270718,0.06796875,1280
bayesfl_observability_v1,ola_sparse_bayesian_keep010_seed42,110,ola,global,,,layers.1.weight,db,38,-63.99994467796986,-62.97198400726928,-63.48596434261957,10,0.007599998932522968,0.07578125,1280
bayesfl_observability_v1,ola_sparse_bayesian_keep010_seed42,110,ola,global,,,layers.1.weight,db,39,-62.97198400726928,-61.94402333656869,-62.45800367191899,12,0.009119998719027498,0.08515625,1280
bayesfl_observability_v1,ola_sparse_bayesian_keep010_seed42,110,ola,global,,,layers.1.weight,db,40,-61.94402333656869,-60.91606266586811,-61.4300430012184,17,0.012919998185289045,0.0984375,1280
bayesfl_observability_v1,ola_sparse_bayesian_keep010_seed42,110,ola,global,,,layers.1.weight,db,41,-60.91606266586811,-59.88810199516753,-60.40208233051782,18,0.013679998078541342,0.1125,1280
bayesfl_observability_v1,ola_sparse_bayesian_keep010_seed42,110,ola,global,,,layers.1.weight,db,42,-59.88810199516753,-58.86014132446695,-59.37412165981724,13,0.009879998612279858,0.12265625,1280
bayesfl_observability_v1,ola_sparse_bayesian_keep010_seed42,110,ola,global,,,layers.1.weight,db,43,-58.86014132446695,-57.83218065376637,-58.34616098911666,17,0.012919998185289045,0.1359375,1280
bayesfl_observability_v1,ola_sparse_bayesian_keep010_seed42,110,ola,global,,,layers.1.weight,db,44,-57.83218065376637,-56.80421998306579,-57.31820031841608,27,0.020519997117812012,0.15703125,1280
bayesfl_observability_v1,ola_sparse_bayesian_keep010_seed42,110,ola,global,,,layers.1.weight,db,45,-56.80421998306579,-55.776259312365205,-56.290239647715495,24,0.018239997438054996,0.17578125,1280
bayesfl_observability_v1,ola_sparse_bayesian_keep010_seed42,110,ola,global,,,layers.1.weight,db,46,-55.776259312365205,-54.748298641664626,-55.262278977014915,23,0.017479997544802825,0.19375,1280
bayesfl_observability_v1,ola_sparse_bayesian_keep010_seed42,110,ola,global,,,layers.1.weight,db,47,-54.748298641664626,-53.720337970964046,-54.234318306314336,34,0.02583999637057809,0.2203125,1280
bayesfl_observability_v1,ola_sparse_bayesian_keep010_seed42,110,ola,global,,,layers.1.weight,db,48,-53.720337970964046,-52.692377300263466,-53.206357635613756,36,0.027359996157082685,0.2484375,1280
bayesfl_observability_v1,ola_sparse_bayesian_keep010_seed42,110,ola,global,,,layers.1.weight,db,49,-52.692377300263466,-51.664416629562886,-52.178396964913176,29,0.022039996904316607,0.27109375,1280
bayesfl_observability_v1,ola_sparse_bayesian_keep010_seed42,110,ola,global,,,layers.1.weight,db,50,-51.664416629562886,-50.6364559588623,-51.1504362942126,37,0.028119996050334786,0.3,1280
bayesfl_observability_v1,ola_sparse_bayesian_keep010_seed42,110,ola,global,,,layers.1.weight,db,51,-50.6364559588623,-49.60849528816172,-50.12247562351201,35,0.02659999626383039,0.32734375,1280
bayesfl_observability_v1,ola_sparse_bayesian_keep010_seed42,110,ola,global,,,layers.1.weight,db,52,-49.60849528816172,-48.58053461746114,-49.09451495281143,43,0.03267999540984876,0.3609375,1280
bayesfl_observability_v1,ola_sparse_bayesian_keep010_seed42,110,ola,global,,,layers.1.weight,db,53,-48.58053461746114,-47.55257394676056,-48.06655428211085,48,0.03647999487611025,0.3984375,1280
bayesfl_observability_v1,ola_sparse_bayesian_keep010_seed42,110,ola,global,,,layers.1.weight,db,54,-47.55257394676056,-46.52461327605998,-47.03859361141027,57,0.04331999391538092,0.44296875,1280
bayesfl_observability_v1,ola_sparse_bayesian_keep010_seed42,110,ola,global,,,layers.1.weight,db,55,-46.52461327605998,-45.4966526053594,-46.01063294070969,67,0.05091999284790388,0.4953125,1280
bayesfl_observability_v1,ola_sparse_bayesian_keep010_seed42,110,ola,global,,,layers.1.weight,db,56,-45.4966526053594,-44.468691934658814,-44.982672270009104,76,0.05775999188717416,0.5546875,1280
bayesfl_observability_v1,ola_sparse_bayesian_keep010_seed42,110,ola,global,,,layers.1.weight,db,57,-44.468691934658814,-43.440731263958234,-43.954711599308524,59,0.04483999370188551,0.60078125,1280
bayesfl_observability_v1,ola_sparse_bayesian_keep010_seed42,110,ola,global,,,layers.1.weight,db,58,-43.440731263958234,-42.412770593257655,-42.926750928607945,62,0.047119993381642404,0.64921875,1280
bayesfl_observability_v1,ola_sparse_bayesian_keep010_seed42,110,ola,global,,,layers.1.weight,db,59,-42.412770593257655,-41.384809922557075,-41.898790257907365,52,0.03951999444911943,0.68984375,1280
bayesfl_observability_v1,ola_sparse_bayesian_keep010_seed42,110,ola,global,,,layers.1.weight,db,60,-41.384809922557075,-40.356849251856495,-40.870829587206785,64,0.048639993168146996,0.73984375,1280
bayesfl_observability_v1,ola_sparse_bayesian_keep010_seed42,110,ola,global,,,layers.1.weight,db,61,-40.356849251856495,-39.32888858115591,-39.842868916506205,53,0.04027999434237145,0.78125,1280
bayesfl_observability_v1,ola_sparse_bayesian_keep010_seed42,110,ola,global,,,layers.1.weight,db,62,-39.32888858115591,-38.30092791045533,-38.81490824580562,39,0.029639995836839576,0.81171875,1280
bayesfl_observability_v1,ola_sparse_bayesian_keep010_seed42,110,ola,global,,,layers.1.weight,db,63,-38.30092791045533,-37.27296723975475,-37.78694757510504,44,0.03343999530310106,0.84609375,1280
bayesfl_observability_v1,ola_sparse_bayesian_keep010_seed42,110,ola,global,,,layers.1.weight,db,64,-37.27296723975475,-36.24500656905417,-36.75898690440446,27,0.020519997117812012,0.8671875,1280
bayesfl_observability_v1,ola_sparse_bayesian_keep010_seed42,110,ola,global,,,layers.1.weight,db,65,-36.24500656905417,-35.21704589835359,-35.73102623370388,42,0.03191999551659647,0.9,1280
bayesfl_observability_v1,ola_sparse_bayesian_keep010_seed42,110,ola,global,,,layers.1.weight,db,66,-35.21704589835359,-34.18908522765301,-34.7030655630033,27,0.020519997117812012,0.92109375,1280
bayesfl_observability_v1,ola_sparse_bayesian_keep010_seed42,110,ola,global,,,layers.1.weight,db,67,-34.18908522765301,-33.16112455695243,-33.67510489230272,20,0.015199997865045936,0.93671875,1280
bayesfl_observability_v1,ola_sparse_bayesian_keep010_seed42,110,ola,global,,,layers.1.weight,db,68,-33.16112455695243,-32.13316388625185,-32.64714422160214,15,0.011399998398784451,0.9484375,1280
bayesfl_observability_v1,ola_sparse_bayesian_keep010_seed42,110,ola,global,,,layers.1.weight,db,69,-32.13316388625185,-31.105203215551256,-31.619183550901553,17,0.012919998185288866,0.96171875,1280
bayesfl_observability_v1,ola_sparse_bayesian_keep010_seed42,110,ola,global,,,layers.1.weight,db,70,-31.105203215551256,-30.077242544850677,-30.591222880200966,14,0.010639998505532156,0.97265625,1280
bayesfl_observability_v1,ola_sparse_bayesian_keep010_seed42,110,ola,global,,,layers.1.weight,db,71,-30.077242544850677,-29.049281874150097,-29.563262209500387,4,0.0030399995730091872,0.97578125,1280
bayesfl_observability_v1,ola_sparse_bayesian_keep010_seed42,110,ola,global,,,layers.1.weight,db,72,-29.049281874150097,-28.021321203449517,-28.535301538799807,14,0.010639998505532156,0.98671875,1280
bayesfl_observability_v1,ola_sparse_bayesian_keep010_seed42,110,ola,global,,,layers.1.weight,db,73,-28.021321203449517,-26.993360532748937,-27.507340868099227,2,0.0015199997865045936,0.98828125,1280
bayesfl_observability_v1,ola_sparse_bayesian_keep010_seed42,110,ola,global,,,layers.1.weight,db,74,-26.993360532748937,-25.965399862048358,-26.479380197398648,2,0.0015199997865045936,0.98984375,1280
bayesfl_observability_v1,ola_sparse_bayesian_keep010_seed42,110,ola,global,,,layers.1.weight,db,75,-25.965399862048358,-24.937439191347778,-25.451419526698068,3,0.0022799996797568905,0.9921875,1280
bayesfl_observability_v1,ola_sparse_bayesian_keep010_seed42,110,ola,global,,,layers.1.weight,db,76,-24.937439191347778,-23.9094785206472,-24.423458855997488,6,0.004559999359513781,0.996875,1280
bayesfl_observability_v1,ola_sparse_bayesian_keep010_seed42,110,ola,global,,,layers.1.weight,db,77,-23.9094785206472,-22.88151784994662,-23.39549818529691,2,0.0015199997865045936,0.9984375,1280
bayesfl_observability_v1,ola_sparse_bayesian_keep010_seed42,110,ola,global,,,layers.1.weight,db,78,-22.88151784994662,-21.85355717924604,-22.36753751459633,1,0.0007599998932522968,0.99921875,1280
bayesfl_observability_v1,ola_sparse_bayesian_keep010_seed42,110,ola,global,,,layers.1.weight,db,79,-21.85355717924604,-20.82559650854545,-21.339576843895742,1,0.0007599998932522889,1.0,1280
bayesfl_observability_v1,ola_sparse_bayesian_keep010_seed42,110,ola,global,,,layers.1.bias,raw,0,0.00022269229737476723,0.00036987054907256715,0.0002962814232236672,1,679.4482122625651,0.1,10
bayesfl_observability_v1,ola_sparse_bayesian_keep010_seed42,110,ola,global,,,layers.1.bias,raw,1,0.00036987054907256715,0.000517048800770367,0.0004434596749214671,1,679.4482122625656,0.2,10
bayesfl_observability_v1,ola_sparse_bayesian_keep010_seed42,110,ola,global,,,layers.1.bias,raw,2,0.000517048800770367,0.0006642270524681669,0.000590637926619267,1,679.448212262565,0.3,10
bayesfl_observability_v1,ola_sparse_bayesian_keep010_seed42,110,ola,global,,,layers.1.bias,raw,3,0.0006642270524681669,0.0008114053041659668,0.0007378161783170669,2,1358.8964245251311,0.5,10
bayesfl_observability_v1,ola_sparse_bayesian_keep010_seed42,110,ola,global,,,layers.1.bias,raw,4,0.0008114053041659668,0.0009585835558637667,0.0008849944300148668,0,0.0,0.5,10
bayesfl_observability_v1,ola_sparse_bayesian_keep010_seed42,110,ola,global,,,layers.1.bias,raw,5,0.0009585835558637667,0.0011057618075615667,0.0010321726817126668,0,0.0,0.5,10
bayesfl_observability_v1,ola_sparse_bayesian_keep010_seed42,110,ola,global,,,layers.1.bias,raw,6,0.0011057618075615667,0.0012529400592593664,0.0011793509334104666,0,0.0,0.5,10
bayesfl_observability_v1,ola_sparse_bayesian_keep010_seed42,110,ola,global,,,layers.1.bias,raw,7,0.0012529400592593664,0.0014001183109571664,0.0013265291851082663,0,0.0,0.5,10
bayesfl_observability_v1,ola_sparse_bayesian_keep010_seed42,110,ola,global,,,layers.1.bias,raw,8,0.0014001183109571664,0.0015472965626549663,0.0014737074368060665,0,0.0,0.5,10
bayesfl_observability_v1,ola_sparse_bayesian_keep010_seed42,110,ola,global,,,layers.1.bias,raw,9,0.0015472965626549663,0.0016944748143527663,0.0016208856885038662,1,679.448212262565,0.6,10
bayesfl_observability_v1,ola_sparse_bayesian_keep010_seed42,110,ola,global,,,layers.1.bias,raw,10,0.0016944748143527663,0.001841653066050566,0.0017680639402016661,0,0.0,0.6,10
bayesfl_observability_v1,ola_sparse_bayesian_keep010_seed42,110,ola,global,,,layers.1.bias,raw,11,0.001841653066050566,0.001988831317748366,0.001915242191899466,0,0.0,0.6,10
bayesfl_observability_v1,ola_sparse_bayesian_keep010_seed42,110,ola,global,,,layers.1.bias,raw,12,0.001988831317748366,0.002136009569446166,0.0020624204435972663,0,0.0,0.6,10
bayesfl_observability_v1,ola_sparse_bayesian_keep010_seed42,110,ola,global,,,layers.1.bias,raw,13,0.002136009569446166,0.0022831878211439656,0.0022095986952950656,0,0.0,0.6,10
bayesfl_observability_v1,ola_sparse_bayesian_keep010_seed42,110,ola,global,,,layers.1.bias,raw,14,0.0022831878211439656,0.002430366072841766,0.0023567769469928657,0,0.0,0.6,10
bayesfl_observability_v1,ola_sparse_bayesian_keep010_seed42,110,ola,global,,,layers.1.bias,raw,15,0.002430366072841766,0.0025775443245395655,0.002503955198690666,0,0.0,0.6,10
bayesfl_observability_v1,ola_sparse_bayesian_keep010_seed42,110,ola,global,,,layers.1.bias,raw,16,0.0025775443245395655,0.0027247225762373653,0.002651133450388465,0,0.0,0.6,10
bayesfl_observability_v1,ola_sparse_bayesian_keep010_seed42,110,ola,global,,,layers.1.bias,raw,17,0.0027247225762373653,0.0028719008279351655,0.0027983117020862654,0,0.0,0.6,10
bayesfl_observability_v1,ola_sparse_bayesian_keep010_seed42,110,ola,global,,,layers.1.bias,raw,18,0.0028719008279351655,0.003019079079632965,0.0029454899537840655,0,0.0,0.6,10
bayesfl_observability_v1,ola_sparse_bayesian_keep010_seed42,110,ola,global,,,layers.1.bias,raw,19,0.003019079079632965,0.0031662573313307654,0.0030926682054818653,0,0.0,0.6,10
bayesfl_observability_v1,ola_sparse_bayesian_keep010_seed42,110,ola,global,,,layers.1.bias,raw,20,0.0031662573313307654,0.003313435583028565,0.003239846457179665,0,0.0,0.6,10
bayesfl_observability_v1,ola_sparse_bayesian_keep010_seed42,110,ola,global,,,layers.1.bias,raw,21,0.003313435583028565,0.003460613834726365,0.003387024708877465,0,0.0,0.6,10
bayesfl_observability_v1,ola_sparse_bayesian_keep010_seed42,110,ola,global,,,layers.1.bias,raw,22,0.003460613834726365,0.003607792086424165,0.003534202960575265,0,0.0,0.6,10
bayesfl_observability_v1,ola_sparse_bayesian_keep010_seed42,110,ola,global,,,layers.1.bias,raw,23,0.003607792086424165,0.0037549703381219647,0.0036813812122730646,0,0.0,0.6,10
bayesfl_observability_v1,ola_sparse_bayesian_keep010_seed42,110,ola,global,,,layers.1.bias,raw,24,0.0037549703381219647,0.0039021485898197645,0.003828559463970865,0,0.0,0.6,10
bayesfl_observability_v1,ola_sparse_bayesian_keep010_seed42,110,ola,global,,,layers.1.bias,raw,25,0.0039021485898197645,0.004049326841517565,0.003975737715668665,0,0.0,0.6,10
bayesfl_observability_v1,ola_sparse_bayesian_keep010_seed42,110,ola,global,,,layers.1.bias,raw,26,0.004049326841517565,0.004196505093215365,0.004122915967366464,0,0.0,0.6,10
bayesfl_observability_v1,ola_sparse_bayesian_keep010_seed42,110,ola,global,,,layers.1.bias,raw,27,0.004196505093215365,0.004343683344913164,0.0042700942190642644,0,0.0,0.6,10
bayesfl_observability_v1,ola_sparse_bayesian_keep010_seed42,110,ola,global,,,layers.1.bias,raw,28,0.004343683344913164,0.004490861596610964,0.004417272470762065,0,0.0,0.6,10
bayesfl_observability_v1,ola_sparse_bayesian_keep010_seed42,110,ola,global,,,layers.1.bias,raw,29,0.004490861596610964,0.004638039848308764,0.004564450722459864,0,0.0,0.6,10
bayesfl_observability_v1,ola_sparse_bayesian_keep010_seed42,110,ola,global,,,layers.1.bias,raw,30,0.004638039848308764,0.004785218100006564,0.004711628974157664,0,0.0,0.6,10
bayesfl_observability_v1,ola_sparse_bayesian_keep010_seed42,110,ola,global,,,layers.1.bias,raw,31,0.004785218100006564,0.004932396351704364,0.004858807225855464,1,679.448212262564,0.7,10
bayesfl_observability_v1,ola_sparse_bayesian_keep010_seed42,110,ola,global,,,layers.1.bias,raw,32,0.004932396351704364,0.005079574603402164,0.0050059854775532635,1,679.448212262564,0.8,10
bayesfl_observability_v1,ola_sparse_bayesian_keep010_seed42,110,ola,global,,,layers.1.bias,raw,33,0.005079574603402164,0.005226752855099963,0.005153163729251064,0,0.0,0.8,10
bayesfl_observability_v1,ola_sparse_bayesian_keep010_seed42,110,ola,global,,,layers.1.bias,raw,34,0.005226752855099963,0.0053739311067977635,0.005300341980948864,0,0.0,0.8,10
bayesfl_observability_v1,ola_sparse_bayesian_keep010_seed42,110,ola,global,,,layers.1.bias,raw,35,0.0053739311067977635,0.005521109358495564,0.005447520232646663,0,0.0,0.8,10
bayesfl_observability_v1,ola_sparse_bayesian_keep010_seed42,110,ola,global,,,layers.1.bias,raw,36,0.005521109358495564,0.005668287610193363,0.005594698484344463,0,0.0,0.8,10
bayesfl_observability_v1,ola_sparse_bayesian_keep010_seed42,110,ola,global,,,layers.1.bias,raw,37,0.005668287610193363,0.005815465861891163,0.0057418767360422635,0,0.0,0.8,10
bayesfl_observability_v1,ola_sparse_bayesian_keep010_seed42,110,ola,global,,,layers.1.bias,raw,38,0.005815465861891163,0.005962644113588963,0.005889054987740063,1,679.448212262564,0.9,10
bayesfl_observability_v1,ola_sparse_bayesian_keep010_seed42,110,ola,global,,,layers.1.bias,raw,39,0.005962644113588963,0.0061098223652867635,0.006036233239437864,0,0.0,0.9,10
bayesfl_observability_v1,ola_sparse_bayesian_keep010_seed42,110,ola,global,,,layers.1.bias,raw,40,0.0061098223652867635,0.006257000616984563,0.006183411491135663,0,0.0,0.9,10
bayesfl_observability_v1,ola_sparse_bayesian_keep010_seed42,110,ola,global,,,layers.1.bias,raw,41,0.006257000616984563,0.006404178868682363,0.0063305897428334625,0,0.0,0.9,10
bayesfl_observability_v1,ola_sparse_bayesian_keep010_seed42,110,ola,global,,,layers.1.bias,raw,42,0.006404178868682363,0.006551357120380163,0.0064777679945312635,0,0.0,0.9,10
bayesfl_observability_v1,ola_sparse_bayesian_keep010_seed42,110,ola,global,,,layers.1.bias,raw,43,0.006551357120380163,0.0066985353720779624,0.006624946246229063,0,0.0,0.9,10
bayesfl_observability_v1,ola_sparse_bayesian_keep010_seed42,110,ola,global,,,layers.1.bias,raw,44,0.0066985353720779624,0.006845713623775763,0.006772124497926862,0,0.0,0.9,10
bayesfl_observability_v1,ola_sparse_bayesian_keep010_seed42,110,ola,global,,,layers.1.bias,raw,45,0.006845713623775763,0.006992891875473563,0.006919302749624663,0,0.0,0.9,10
bayesfl_observability_v1,ola_sparse_bayesian_keep010_seed42,110,ola,global,,,layers.1.bias,raw,46,0.006992891875473563,0.007140070127171362,0.007066481001322462,0,0.0,0.9,10
bayesfl_observability_v1,ola_sparse_bayesian_keep010_seed42,110,ola,global,,,layers.1.bias,raw,47,0.007140070127171362,0.007287248378869162,0.007213659253020262,0,0.0,0.9,10
bayesfl_observability_v1,ola_sparse_bayesian_keep010_seed42,110,ola,global,,,layers.1.bias,raw,48,0.007287248378869162,0.007434426630566962,0.007360837504718063,0,0.0,0.9,10
bayesfl_observability_v1,ola_sparse_bayesian_keep010_seed42,110,ola,global,,,layers.1.bias,raw,49,0.007434426630566962,0.007581604882264762,0.007508015756415862,0,0.0,0.9,10
bayesfl_observability_v1,ola_sparse_bayesian_keep010_seed42,110,ola,global,,,layers.1.bias,raw,50,0.007581604882264762,0.007728783133962562,0.007655194008113661,0,0.0,0.9,10
bayesfl_observability_v1,ola_sparse_bayesian_keep010_seed42,110,ola,global,,,layers.1.bias,raw,51,0.007728783133962562,0.007875961385660362,0.007802372259811462,0,0.0,0.9,10
bayesfl_observability_v1,ola_sparse_bayesian_keep010_seed42,110,ola,global,,,layers.1.bias,raw,52,0.007875961385660362,0.008023139637358161,0.007949550511509262,0,0.0,0.9,10
bayesfl_observability_v1,ola_sparse_bayesian_keep010_seed42,110,ola,global,,,layers.1.bias,raw,53,0.008023139637358161,0.008170317889055962,0.008096728763207061,0,0.0,0.9,10
bayesfl_observability_v1,ola_sparse_bayesian_keep010_seed42,110,ola,global,,,layers.1.bias,raw,54,0.008170317889055962,0.008317496140753762,0.008243907014904862,0,0.0,0.9,10
bayesfl_observability_v1,ola_sparse_bayesian_keep010_seed42,110,ola,global,,,layers.1.bias,raw,55,0.008317496140753762,0.008464674392451561,0.008391085266602661,0,0.0,0.9,10
bayesfl_observability_v1,ola_sparse_bayesian_keep010_seed42,110,ola,global,,,layers.1.bias,raw,56,0.008464674392451561,0.008611852644149362,0.008538263518300462,0,0.0,0.9,10
bayesfl_observability_v1,ola_sparse_bayesian_keep010_seed42,110,ola,global,,,layers.1.bias,raw,57,0.008611852644149362,0.008759030895847161,0.008685441769998262,0,0.0,0.9,10
bayesfl_observability_v1,ola_sparse_bayesian_keep010_seed42,110,ola,global,,,layers.1.bias,raw,58,0.008759030895847161,0.00890620914754496,0.008832620021696061,0,0.0,0.9,10
bayesfl_observability_v1,ola_sparse_bayesian_keep010_seed42,110,ola,global,,,layers.1.bias,raw,59,0.00890620914754496,0.009053387399242762,0.00897979827339386,0,0.0,0.9,10
bayesfl_observability_v1,ola_sparse_bayesian_keep010_seed42,110,ola,global,,,layers.1.bias,raw,60,0.009053387399242762,0.009200565650940561,0.009126976525091661,0,0.0,0.9,10
bayesfl_observability_v1,ola_sparse_bayesian_keep010_seed42,110,ola,global,,,layers.1.bias,raw,61,0.009200565650940561,0.00934774390263836,0.00927415477678946,0,0.0,0.9,10
bayesfl_observability_v1,ola_sparse_bayesian_keep010_seed42,110,ola,global,,,layers.1.bias,raw,62,0.00934774390263836,0.009494922154336161,0.009421333028487262,0,0.0,0.9,10
bayesfl_observability_v1,ola_sparse_bayesian_keep010_seed42,110,ola,global,,,layers.1.bias,raw,63,0.009494922154336161,0.00964210040603396,0.009568511280185061,0,0.0,0.9,10
bayesfl_observability_v1,ola_sparse_bayesian_keep010_seed42,110,ola,global,,,layers.1.bias,raw,64,0.00964210040603396,0.00978927865773176,0.00971568953188286,0,0.0,0.9,10
bayesfl_observability_v1,ola_sparse_bayesian_keep010_seed42,110,ola,global,,,layers.1.bias,raw,65,0.00978927865773176,0.009936456909429561,0.00986286778358066,0,0.0,0.9,10
bayesfl_observability_v1,ola_sparse_bayesian_keep010_seed42,110,ola,global,,,layers.1.bias,raw,66,0.009936456909429561,0.01008363516112736,0.01001004603527846,0,0.0,0.9,10
bayesfl_observability_v1,ola_sparse_bayesian_keep010_seed42,110,ola,global,,,layers.1.bias,raw,67,0.01008363516112736,0.01023081341282516,0.01015722428697626,0,0.0,0.9,10
bayesfl_observability_v1,ola_sparse_bayesian_keep010_seed42,110,ola,global,,,layers.1.bias,raw,68,0.01023081341282516,0.01037799166452296,0.010304402538674061,0,0.0,0.9,10
bayesfl_observability_v1,ola_sparse_bayesian_keep010_seed42,110,ola,global,,,layers.1.bias,raw,69,0.01037799166452296,0.01052516991622076,0.01045158079037186,0,0.0,0.9,10
bayesfl_observability_v1,ola_sparse_bayesian_keep010_seed42,110,ola,global,,,layers.1.bias,raw,70,0.01052516991622076,0.01067234816791856,0.01059875904206966,0,0.0,0.9,10
bayesfl_observability_v1,ola_sparse_bayesian_keep010_seed42,110,ola,global,,,layers.1.bias,raw,71,0.01067234816791856,0.01081952641961636,0.010745937293767459,0,0.0,0.9,10
bayesfl_observability_v1,ola_sparse_bayesian_keep010_seed42,110,ola,global,,,layers.1.bias,raw,72,0.01081952641961636,0.01096670467131416,0.01089311554546526,0,0.0,0.9,10
bayesfl_observability_v1,ola_sparse_bayesian_keep010_seed42,110,ola,global,,,layers.1.bias,raw,73,0.01096670467131416,0.011113882923011959,0.01104029379716306,0,0.0,0.9,10
bayesfl_observability_v1,ola_sparse_bayesian_keep010_seed42,110,ola,global,,,layers.1.bias,raw,74,0.011113882923011959,0.01126106117470976,0.01118747204886086,0,0.0,0.9,10
bayesfl_observability_v1,ola_sparse_bayesian_keep010_seed42,110,ola,global,,,layers.1.bias,raw,75,0.01126106117470976,0.01140823942640756,0.01133465030055866,0,0.0,0.9,10
bayesfl_observability_v1,ola_sparse_bayesian_keep010_seed42,110,ola,global,,,layers.1.bias,raw,76,0.01140823942640756,0.011555417678105358,0.011481828552256459,0,0.0,0.9,10
bayesfl_observability_v1,ola_sparse_bayesian_keep010_seed42,110,ola,global,,,layers.1.bias,raw,77,0.011555417678105358,0.01170259592980316,0.011629006803954258,0,0.0,0.9,10
bayesfl_observability_v1,ola_sparse_bayesian_keep010_seed42,110,ola,global,,,layers.1.bias,raw,78,0.01170259592980316,0.011849774181500959,0.011776185055652059,0,0.0,0.9,10
bayesfl_observability_v1,ola_sparse_bayesian_keep010_seed42,110,ola,global,,,layers.1.bias,raw,79,0.011849774181500959,0.011996952433198758,0.011923363307349858,1,679.4482122625681,1.0,10
bayesfl_observability_v1,ola_sparse_bayesian_keep010_seed42,110,ola,global,,,layers.1.bias,db,0,-73.04589604828894,-72.61305461344644,-72.8294753308677,1,0.2310314862448119,0.1,10
bayesfl_observability_v1,ola_sparse_bayesian_keep010_seed42,110,ola,global,,,layers.1.bias,db,1,-72.61305461344644,-72.18021317860394,-72.39663389602518,0,0.0,0.1,10
bayesfl_observability_v1,ola_sparse_bayesian_keep010_seed42,110,ola,global,,,layers.1.bias,db,2,-72.18021317860394,-71.74737174376145,-71.96379246118269,0,0.0,0.1,10
bayesfl_observability_v1,ola_sparse_bayesian_keep010_seed42,110,ola,global,,,layers.1.bias,db,3,-71.74737174376145,-71.31453030891895,-71.5309510263402,0,0.0,0.1,10
bayesfl_observability_v1,ola_sparse_bayesian_keep010_seed42,110,ola,global,,,layers.1.bias,db,4,-71.31453030891895,-70.88168887407645,-71.09810959149769,0,0.0,0.1,10
bayesfl_observability_v1,ola_sparse_bayesian_keep010_seed42,110,ola,global,,,layers.1.bias,db,5,-70.88168887407645,-70.44884743923394,-70.6652681566552,0,0.0,0.1,10
bayesfl_observability_v1,ola_sparse_bayesian_keep010_seed42,110,ola,global,,,layers.1.bias,db,6,-70.44884743923394,-70.01600600439144,-70.23242672181269,0,0.0,0.1,10
bayesfl_observability_v1,ola_sparse_bayesian_keep010_seed42,110,ola,global,,,layers.1.bias,db,7,-70.01600600439144,-69.58316456954896,-69.7995852869702,0,0.0,0.1,10
bayesfl_observability_v1,ola_sparse_bayesian_keep010_seed42,110,ola,global,,,layers.1.bias,db,8,-69.58316456954896,-69.15032313470645,-69.36674385212771,0,0.0,0.1,10
bayesfl_observability_v1,ola_sparse_bayesian_keep010_seed42,110,ola,global,,,layers.1.bias,db,9,-69.15032313470645,-68.71748169986395,-68.9339024172852,0,0.0,0.1,10
bayesfl_observability_v1,ola_sparse_bayesian_keep010_seed42,110,ola,global,,,layers.1.bias,db,10,-68.71748169986395,-68.28464026502145,-68.50106098244271,0,0.0,0.1,10
bayesfl_observability_v1,ola_sparse_bayesian_keep010_seed42,110,ola,global,,,layers.1.bias,db,11,-68.28464026502145,-67.85179883017895,-68.0682195476002,0,0.0,0.1,10
bayesfl_observability_v1,ola_sparse_bayesian_keep010_seed42,110,ola,global,,,layers.1.bias,db,12,-67.85179883017895,-67.41895739533646,-67.6353781127577,0,0.0,0.1,10
bayesfl_observability_v1,ola_sparse_bayesian_keep010_seed42,110,ola,global,,,layers.1.bias,db,13,-67.41895739533646,-66.98611596049396,-67.20253667791522,0,0.0,0.1,10
bayesfl_observability_v1,ola_sparse_bayesian_keep010_seed42,110,ola,global,,,layers.1.bias,db,14,-66.98611596049396,-66.55327452565146,-66.7696952430727,0,0.0,0.1,10
bayesfl_observability_v1,ola_sparse_bayesian_keep010_seed42,110,ola,global,,,layers.1.bias,db,15,-66.55327452565146,-66.12043309080896,-66.33685380823022,0,0.0,0.1,10
bayesfl_observability_v1,ola_sparse_bayesian_keep010_seed42,110,ola,global,,,layers.1.bias,db,16,-66.12043309080896,-65.68759165596647,-65.90401237338772,1,0.23103148624481948,0.2,10
bayesfl_observability_v1,ola_sparse_bayesian_keep010_seed42,110,ola,global,,,layers.1.bias,db,17,-65.68759165596647,-65.25475022112397,-65.47117093854521,0,0.0,0.2,10
bayesfl_observability_v1,ola_sparse_bayesian_keep010_seed42,110,ola,global,,,layers.1.bias,db,18,-65.25475022112397,-64.82190878628147,-65.03832950370273,0,0.0,0.2,10
bayesfl_observability_v1,ola_sparse_bayesian_keep010_seed42,110,ola,global,,,layers.1.bias,db,19,-64.82190878628147,-64.38906735143897,-64.60548806886021,0,0.0,0.2,10
bayesfl_observability_v1,ola_sparse_bayesian_keep010_seed42,110,ola,global,,,layers.1.bias,db,20,-64.38906735143897,-63.95622591659647,-64.17264663401772,1,0.23103148624481568,0.3,10
bayesfl_observability_v1,ola_sparse_bayesian_keep010_seed42,110,ola,global,,,layers.1.bias,db,21,-63.95622591659647,-63.52338448175397,-63.73980519917522,0,0.0,0.3,10
bayesfl_observability_v1,ola_sparse_bayesian_keep010_seed42,110,ola,global,,,layers.1.bias,db,22,-63.52338448175397,-63.09054304691148,-63.30696376433272,1,0.23103148624481568,0.4,10
bayesfl_observability_v1,ola_sparse_bayesian_keep010_seed42,110,ola,global,,,layers.1.bias,db,23,-63.09054304691148,-62.657701612068976,-62.87412232949023,0,0.0,0.4,10
bayesfl_observability_v1,ola_sparse_bayesian_keep010_seed42,110,ola,global,,,layers.1.bias,db,24,-62.657701612068976,-62.224860177226475,-62.441280894647726,0,0.0,0.4,10
bayesfl_observability_v1,ola_sparse_bayesian_keep010_seed42,110,ola,global,,,layers.1.bias,db,25,-62.224860177226475,-61.79201874238398,-62.00843945980523,1,0.23103148624481568,0.5,10
bayesfl_observability_v1,ola_sparse_bayesian_keep010_seed42,110,ola,global,,,layers.1.bias,db,26,-61.79201874238398,-61.359177307541486,-61.57559802496273,0,0.0,0.5,10
bayesfl_observability_v1,ola_sparse_bayesian_keep010_seed42,110,ola,global,,,layers.1.bias,db,27,-61.359177307541486,-60.926335872698985,-61.142756590120236,0,0.0,0.5,10
bayesfl_observability_v1,ola_sparse_bayesian_keep010_seed42,110,ola,global,,,layers.1.bias,db,28,-60.926335872698985,-60.493494437856484,-60.709915155277734,0,0.0,0.5,10
bayesfl_observability_v1,ola_sparse_bayesian_keep010_seed42,110,ola,global,,,layers.1.bias,db,29,-60.493494437856484,-60.06065300301399,-60.27707372043524,0,0.0,0.5,10
bayesfl_observability_v1,ola_sparse_bayesian_keep010_seed42,110,ola,global,,,layers.1.bias,db,30,-60.06065300301399,-59.62781156817149,-59.84423228559274,0,0.0,0.5,10
bayesfl_observability_v1,ola_sparse_bayesian_keep010_seed42,110,ola,global,,,layers.1.bias,db,31,-59.62781156817149,-59.194970133328994,-59.41139085075024,0,0.0,0.5,10
bayesfl_observability_v1,ola_sparse_bayesian_keep010_seed42,110,ola,global,,,layers.1.bias,db,32,-59.194970133328994,-58.76212869848649,-58.97854941590774,0,0.0,0.5,10
bayesfl_observability_v1,ola_sparse_bayesian_keep010_seed42,110,ola,global,,,layers.1.bias,db,33,-58.76212869848649,-58.32928726364399,-58.54570798106524,0,0.0,0.5,10
bayesfl_observability_v1,ola_sparse_bayesian_keep010_seed42,110,ola,global,,,layers.1.bias,db,34,-58.32928726364399,-57.8964458288015,-58.11286654622275,0,0.0,0.5,10
bayesfl_observability_v1,ola_sparse_bayesian_keep010_seed42,110,ola,global,,,layers.1.bias,db,35,-57.8964458288015,-57.463604393958995,-57.680025111380246,0,0.0,0.5,10
bayesfl_observability_v1,ola_sparse_bayesian_keep010_seed42,110,ola,global,,,layers.1.bias,db,36,-57.463604393958995,-57.0307629591165,-57.247183676537745,0,0.0,0.5,10
bayesfl_observability_v1,ola_sparse_bayesian_keep010_seed42,110,ola,global,,,layers.1.bias,db,37,-57.0307629591165,-56.597921524274,-56.81434224169525,0,0.0,0.5,10
bayesfl_observability_v1,ola_sparse_bayesian_keep010_seed42,110,ola,global,,,layers.1.bias,db,38,-56.597921524274,-56.1650800894315,-56.38150080685275,0,0.0,0.5,10
bayesfl_observability_v1,ola_sparse_bayesian_keep010_seed42,110,ola,global,,,layers.1.bias,db,39,-56.1650800894315,-55.732238654589004,-55.948659372010255,1,0.23103148624481568,0.6,10
bayesfl_observability_v1,ola_sparse_bayesian_keep010_seed42,110,ola,global,,,layers.1.bias,db,40,-55.732238654589004,-55.29939721974651,-55.51581793716775,0,0.0,0.6,10
bayesfl_observability_v1,ola_sparse_bayesian_keep010_seed42,110,ola,global,,,layers.1.bias,db,41,-55.29939721974651,-54.86655578490401,-55.08297650232526,0,0.0,0.6,10
bayesfl_observability_v1,ola_sparse_bayesian_keep010_seed42,110,ola,global,,,layers.1.bias,db,42,-54.86655578490401,-54.43371435006151,-54.65013506748276,0,0.0,0.6,10
bayesfl_observability_v1,ola_sparse_bayesian_keep010_seed42,110,ola,global,,,layers.1.bias,db,43,-54.43371435006151,-54.000872915219006,-54.217293632640256,0,0.0,0.6,10
bayesfl_observability_v1,ola_sparse_bayesian_keep010_seed42,110,ola,global,,,layers.1.bias,db,44,-54.000872915219006,-53.56803148037651,-53.78445219779776,0,0.0,0.6,10
bayesfl_observability_v1,ola_sparse_bayesian_keep010_seed42,110,ola,global,,,layers.1.bias,db,45,-53.56803148037651,-53.13519004553402,-53.35161076295526,0,0.0,0.6,10
bayesfl_observability_v1,ola_sparse_bayesian_keep010_seed42,110,ola,global,,,layers.1.bias,db,46,-53.13519004553402,-52.702348610691516,-52.91876932811277,0,0.0,0.6,10
bayesfl_observability_v1,ola_sparse_bayesian_keep010_seed42,110,ola,global,,,layers.1.bias,db,47,-52.702348610691516,-52.269507175849014,-52.485927893270265,0,0.0,0.6,10
bayesfl_observability_v1,ola_sparse_bayesian_keep010_seed42,110,ola,global,,,layers.1.bias,db,48,-52.269507175849014,-51.83666574100651,-52.053086458427764,0,0.0,0.6,10
bayesfl_observability_v1,ola_sparse_bayesian_keep010_seed42,110,ola,global,,,layers.1.bias,db,49,-51.83666574100651,-51.40382430616402,-51.62024502358527,0,0.0,0.6,10
bayesfl_observability_v1,ola_sparse_bayesian_keep010_seed42,110,ola,global,,,layers.1.bias,db,50,-51.40382430616402,-50.970982871321524,-51.18740358874277,0,0.0,0.6,10
bayesfl_observability_v1,ola_sparse_bayesian_keep010_seed42,110,ola,global,,,layers.1.bias,db,51,-50.970982871321524,-50.53814143647902,-50.754562153900274,0,0.0,0.6,10
bayesfl_observability_v1,ola_sparse_bayesian_keep010_seed42,110,ola,global,,,layers.1.bias,db,52,-50.53814143647902,-50.10530000163652,-50.32172071905777,0,0.0,0.6,10
bayesfl_observability_v1,ola_sparse_bayesian_keep010_seed42,110,ola,global,,,layers.1.bias,db,53,-50.10530000163652,-49.67245856679403,-49.88887928421528,0,0.0,0.6,10
bayesfl_observability_v1,ola_sparse_bayesian_keep010_seed42,110,ola,global,,,layers.1.bias,db,54,-49.67245856679403,-49.239617131951526,-49.45603784937278,0,0.0,0.6,10
bayesfl_observability_v1,ola_sparse_bayesian_keep010_seed42,110,ola,global,,,layers.1.bias,db,55,-49.239617131951526,-48.80677569710903,-49.023196414530275,0,0.0,0.6,10
bayesfl_observability_v1,ola_sparse_bayesian_keep010_seed42,110,ola,global,,,layers.1.bias,db,56,-48.80677569710903,-48.37393426226653,-48.59035497968778,0,0.0,0.6,10
bayesfl_observability_v1,ola_sparse_bayesian_keep010_seed42,110,ola,global,,,layers.1.bias,db,57,-48.37393426226653,-47.94109282742403,-48.15751354484528,0,0.0,0.6,10
bayesfl_observability_v1,ola_sparse_bayesian_keep010_seed42,110,ola,global,,,layers.1.bias,db,58,-47.94109282742403,-47.508251392581535,-47.724672110002786,0,0.0,0.6,10
bayesfl_observability_v1,ola_sparse_bayesian_keep010_seed42,110,ola,global,,,layers.1.bias,db,59,-47.508251392581535,-47.07540995773904,-47.291830675160284,0,0.0,0.6,10
bayesfl_observability_v1,ola_sparse_bayesian_keep010_seed42,110,ola,global,,,layers.1.bias,db,60,-47.07540995773904,-46.64256852289654,-46.85898924031779,0,0.0,0.6,10
bayesfl_observability_v1,ola_sparse_bayesian_keep010_seed42,110,ola,global,,,layers.1.bias,db,61,-46.64256852289654,-46.20972708805404,-46.42614780547529,0,0.0,0.6,10
bayesfl_observability_v1,ola_sparse_bayesian_keep010_seed42,110,ola,global,,,layers.1.bias,db,62,-46.20972708805404,-45.77688565321154,-45.99330637063279,2,0.4620629724896238,0.8,10
bayesfl_observability_v1,ola_sparse_bayesian_keep010_seed42,110,ola,global,,,layers.1.bias,db,63,-45.77688565321154,-45.34404421836904,-45.56046493579029,0,0.0,0.8,10
bayesfl_observability_v1,ola_sparse_bayesian_keep010_seed42,110,ola,global,,,layers.1.bias,db,64,-45.34404421836904,-44.91120278352655,-45.12762350094779,0,0.0,0.8,10
bayesfl_observability_v1,ola_sparse_bayesian_keep010_seed42,110,ola,global,,,layers.1.bias,db,65,-44.91120278352655,-44.47836134868405,-44.6947820661053,1,0.2310314862448119,0.9,10
bayesfl_observability_v1,ola_sparse_bayesian_keep010_seed42,110,ola,global,,,layers.1.bias,db,66,-44.47836134868405,-44.045519913841545,-44.261940631262796,0,0.0,0.9,10
bayesfl_observability_v1,ola_sparse_bayesian_keep010_seed42,110,ola,global,,,layers.1.bias,db,67,-44.045519913841545,-43.612678478999044,-43.829099196420295,0,0.0,0.9,10
bayesfl_observability_v1,ola_sparse_bayesian_keep010_seed42,110,ola,global,,,layers.1.bias,db,68,-43.612678478999044,-43.17983704415655,-43.3962577615778,0,0.0,0.9,10
bayesfl_observability_v1,ola_sparse_bayesian_keep010_seed42,110,ola,global,,,layers.1.bias,db,69,-43.17983704415655,-42.746995609314055,-42.9634163267353,0,0.0,0.9,10
bayesfl_observability_v1,ola_sparse_bayesian_keep010_seed42,110,ola,global,,,layers.1.bias,db,70,-42.746995609314055,-42.314154174471554,-42.530574891892805,0,0.0,0.9,10
bayesfl_observability_v1,ola_sparse_bayesian_keep010_seed42,110,ola,global,,,layers.1.bias,db,71,-42.314154174471554,-41.88131273962905,-42.0977334570503,0,0.0,0.9,10
bayesfl_observability_v1,ola_sparse_bayesian_keep010_seed42,110,ola,global,,,layers.1.bias,db,72,-41.88131273962905,-41.44847130478656,-41.66489202220781,0,0.0,0.9,10
bayesfl_observability_v1,ola_sparse_bayesian_keep010_seed42,110,ola,global,,,layers.1.bias,db,73,-41.44847130478656,-41.01562986994406,-41.23205058736531,0,0.0,0.9,10
bayesfl_observability_v1,ola_sparse_bayesian_keep010_seed42,110,ola,global,,,layers.1.bias,db,74,-41.01562986994406,-40.58278843510156,-40.799209152522806,0,0.0,0.9,10
bayesfl_observability_v1,ola_sparse_bayesian_keep010_seed42,110,ola,global,,,layers.1.bias,db,75,-40.58278843510156,-40.14994700025906,-40.36636771768031,0,0.0,0.9,10
bayesfl_observability_v1,ola_sparse_bayesian_keep010_seed42,110,ola,global,,,layers.1.bias,db,76,-40.14994700025906,-39.71710556541656,-39.93352628283781,0,0.0,0.9,10
bayesfl_observability_v1,ola_sparse_bayesian_keep010_seed42,110,ola,global,,,layers.1.bias,db,77,-39.71710556541656,-39.284264130574066,-39.500684847995316,0,0.0,0.9,10
bayesfl_observability_v1,ola_sparse_bayesian_keep010_seed42,110,ola,global,,,layers.1.bias,db,78,-39.284264130574066,-38.851422695731564,-39.067843413152815,0,0.0,0.9,10
bayesfl_observability_v1,ola_sparse_bayesian_keep010_seed42,110,ola,global,,,layers.1.bias,db,79,-38.851422695731564,-38.41858126088907,-38.635001978310314,1,0.23103148624481568,1.0,10
bayesfl_observability_v1,ola_sparse_bayesian_keep010_seed42,115,ola,global,,,all,raw,0,8.90897981127365e-09,0.0012810273154081273,0.0006405181121939693,82517,632.9483700335111,0.8108185123317284,101770
bayesfl_observability_v1,ola_sparse_bayesian_keep010_seed42,115,ola,global,,,all,raw,1,0.0012810273154081273,0.0025620457218364433,0.0019215365186222853,16398,125.78120110776585,0.9719465461334381,101770
bayesfl_observability_v1,ola_sparse_bayesian_keep010_seed42,115,ola,global,,,all,raw,2,0.0025620457218364433,0.0038430641282647593,0.003202554925050601,1945,14.919163078095169,0.9910582686449838,101770
bayesfl_observability_v1,ola_sparse_bayesian_keep010_seed42,115,ola,global,,,all,raw,3,0.0038430641282647593,0.005124082534693076,0.0044835733314789175,253,1.940641778281787,0.9935442664832466,101770
bayesfl_observability_v1,ola_sparse_bayesian_keep010_seed42,115,ola,global,,,all,raw,4,0.005124082534693076,0.006405100941121392,0.005764591737907234,112,0.8590983366306726,0.9946447872654024,101770
bayesfl_observability_v1,ola_sparse_bayesian_keep010_seed42,115,ola,global,,,all,raw,5,0.006405100941121392,0.007686119347549708,0.0070456101443355495,101,0.7747226071401607,0.9956372211850251,101770
bayesfl_observability_v1,ola_sparse_bayesian_keep010_seed42,115,ola,global,,,all,raw,6,0.007686119347549708,0.008967137753978022,0.008326628550763864,67,0.5139248978058496,0.9962955684386361,101770
bayesfl_observability_v1,ola_sparse_bayesian_keep010_seed42,115,ola,global,,,all,raw,7,0.008967137753978022,0.010248156160406339,0.00960764695719218,67,0.5139248978058487,0.9969539156922472,101770
bayesfl_observability_v1,ola_sparse_bayesian_keep010_seed42,115,ola,global,,,all,raw,8,0.010248156160406339,0.011529174566834655,0.010888665363620497,53,0.4065376057270147,0.9974746978480888,101770
bayesfl_observability_v1,ola_sparse_bayesian_keep010_seed42,115,ola,global,,,all,raw,9,0.011529174566834655,0.012810192973262972,0.012169683770048813,27,0.20710406329489428,0.9977400019652157,101770
bayesfl_observability_v1,ola_sparse_bayesian_keep010_seed42,115,ola,global,,,all,raw,10,0.012810192973262972,0.014091211379691286,0.01345070217647713,35,0.2684682301970856,0.9980839147096394,101770
bayesfl_observability_v1,ola_sparse_bayesian_keep010_seed42,115,ola,global,,,all,raw,11,0.014091211379691286,0.015372229786119603,0.014731720582905445,22,0.16875145898102498,0.9983000884347057,101770
bayesfl_observability_v1,ola_sparse_bayesian_keep010_seed42,115,ola,global,,,all,raw,12,0.015372229786119603,0.016653248192547918,0.01601273898933376,30,0.2301156258832162,0.9985948707870689,101770
bayesfl_observability_v1,ola_sparse_bayesian_keep010_seed42,115,ola,global,,,all,raw,13,0.016653248192547918,0.017934266598976234,0.017293757395762076,25,0.19176302156934655,0.9988405227473716,101770
bayesfl_observability_v1,ola_sparse_bayesian_keep010_seed42,115,ola,global,,,all,raw,14,0.017934266598976234,0.01921528500540455,0.018574775802190392,19,0.14573989639270338,0.9990272182372015,101770
bayesfl_observability_v1,ola_sparse_bayesian_keep010_seed42,115,ola,global,,,all,raw,15,0.01921528500540455,0.020496303411832867,0.01985579420861871,12,0.09204625035328634,0.9991451311781469,101770
bayesfl_observability_v1,ola_sparse_bayesian_keep010_seed42,115,ola,global,,,all,raw,16,0.020496303411832867,0.021777321818261183,0.021136812615047025,4,0.030682083451095448,0.9991844354917953,101770
bayesfl_observability_v1,ola_sparse_bayesian_keep010_seed42,115,ola,global,,,all,raw,17,0.021777321818261183,0.0230583402246895,0.02241783102147534,8,0.061364166902190896,0.9992630441190921,101770
bayesfl_observability_v1,ola_sparse_bayesian_keep010_seed42,115,ola,global,,,all,raw,18,0.0230583402246895,0.024339358631117816,0.023698849427903658,6,0.04602312517664317,0.9993220005895647,101770
bayesfl_observability_v1,ola_sparse_bayesian_keep010_seed42,115,ola,global,,,all,raw,19,0.024339358631117816,0.025620377037546133,0.024979867834331974,8,0.061364166902190896,0.9994006092168616,101770
bayesfl_observability_v1,ola_sparse_bayesian_keep010_seed42,115,ola,global,,,all,raw,20,0.025620377037546133,0.026901395443974446,0.02626088624076029,7,0.05369364603941719,0.9994693917657463,101770
bayesfl_observability_v1,ola_sparse_bayesian_keep010_seed42,115,ola,global,,,all,raw,21,0.026901395443974446,0.028182413850402762,0.027541904647188604,6,0.04602312517664317,0.9995283482362189,101770
bayesfl_observability_v1,ola_sparse_bayesian_keep010_seed42,115,ola,global,,,all,raw,22,0.028182413850402762,0.02946343225683108,0.02882292305361692,3,0.023011562588321585,0.9995578264714552,101770
bayesfl_observability_v1,ola_sparse_bayesian_keep010_seed42,115,ola,global,,,all,raw,23,0.02946343225683108,0.030744450663259395,0.030103941460045237,6,0.04602312517664317,0.9996167829419279,101770
bayesfl_observability_v1,ola_sparse_bayesian_keep010_seed42,115,ola,global,,,all,raw,24,0.030744450663259395,0.03202546906968771,0.03138495986647355,1,0.007670520862773884,0.99962660902034,101770
bayesfl_observability_v1,ola_sparse_bayesian_keep010_seed42,115,ola,global,,,all,raw,25,0.03202546906968771,0.033306487476116024,0.032665978272901866,3,0.023011562588321585,0.9996560872555763,101770
bayesfl_observability_v1,ola_sparse_bayesian_keep010_seed42,115,ola,global,,,all,raw,26,0.033306487476116024,0.03458750588254434,0.03394699667933018,1,0.007670520862773862,0.9996659133339884,101770
bayesfl_observability_v1,ola_sparse_bayesian_keep010_seed42,115,ola,global,,,all,raw,27,0.03458750588254434,0.03586852428897266,0.0352280150857585,3,0.023011562588321585,0.9996953915692247,101770
bayesfl_observability_v1,ola_sparse_bayesian_keep010_seed42,115,ola,global,,,all,raw,28,0.03586852428897266,0.037149542695400974,0.036509033492186815,5,0.03835260431386931,0.9997445219612853,101770
bayesfl_observability_v1,ola_sparse_bayesian_keep010_seed42,115,ola,global,,,all,raw,29,0.037149542695400974,0.03843056110182929,0.03779005189861513,1,0.007670520862773862,0.9997543480396973,101770
bayesfl_observability_v1,ola_sparse_bayesian_keep010_seed42,115,ola,global,,,all,raw,30,0.03843056110182929,0.039711579508257606,0.03907107030504345,4,0.030682083451095448,0.9997936523533458,101770
bayesfl_observability_v1,ola_sparse_bayesian_keep010_seed42,115,ola,global,,,all,raw,31,0.039711579508257606,0.04099259791468592,0.040352088711471765,3,0.023011562588321585,0.9998231305885821,101770
bayesfl_observability_v1,ola_sparse_bayesian_keep010_seed42,115,ola,global,,,all,raw,32,0.04099259791468592,0.04227361632111424,0.04163310711790008,3,0.023011562588321585,0.9998526088238184,101770
bayesfl_observability_v1,ola_sparse_bayesian_keep010_seed42,115,ola,global,,,all,raw,33,0.04227361632111424,0.043554634727542556,0.0429141255243284,0,0.0,0.9998526088238184,101770
bayesfl_observability_v1,ola_sparse_bayesian_keep010_seed42,115,ola,global,,,all,raw,34,0.043554634727542556,0.04483565313397087,0.044195143930756714,0,0.0,0.9998526088238184,101770
bayesfl_observability_v1,ola_sparse_bayesian_keep010_seed42,115,ola,global,,,all,raw,35,0.04483565313397087,0.04611667154039919,0.04547616233718503,1,0.007670520862773862,0.9998624349022305,101770
bayesfl_observability_v1,ola_sparse_bayesian_keep010_seed42,115,ola,global,,,all,raw,36,0.04611667154039919,0.047397689946827505,0.04675718074361335,0,0.0,0.9998624349022305,101770
bayesfl_observability_v1,ola_sparse_bayesian_keep010_seed42,115,ola,global,,,all,raw,37,0.047397689946827505,0.04867870835325582,0.04803819915004166,2,0.015341041725547724,0.9998820870590547,101770
bayesfl_observability_v1,ola_sparse_bayesian_keep010_seed42,115,ola,global,,,all,raw,38,0.04867870835325582,0.04995972675968414,0.04931921755646998,0,0.0,0.9998820870590547,101770
bayesfl_observability_v1,ola_sparse_bayesian_keep010_seed42,115,ola,global,,,all,raw,39,0.04995972675968414,0.051240745166112454,0.050600235962898296,0,0.0,0.9998820870590547,101770
bayesfl_observability_v1,ola_sparse_bayesian_keep010_seed42,115,ola,global,,,all,raw,40,0.051240745166112454,0.052521763572540764,0.05188125436932661,0,0.0,0.9998820870590547,101770
bayesfl_observability_v1,ola_sparse_bayesian_keep010_seed42,115,ola,global,,,all,raw,41,0.052521763572540764,0.05380278197896908,0.05316227277575492,2,0.015341041725547724,0.999901739215879,101770
bayesfl_observability_v1,ola_sparse_bayesian_keep010_seed42,115,ola,global,,,all,raw,42,0.05380278197896908,0.0550838003853974,0.05444329118218324,2,0.015341041725547724,0.9999213913727032,101770
bayesfl_observability_v1,ola_sparse_bayesian_keep010_seed42,115,ola,global,,,all,raw,43,0.0550838003853974,0.05636481879182571,0.055724309588611555,1,0.007670520862773862,0.9999312174511152,101770
bayesfl_observability_v1,ola_sparse_bayesian_keep010_seed42,115,ola,global,,,all,raw,44,0.05636481879182571,0.05764583719825403,0.05700532799503987,0,0.0,0.9999312174511152,101770
bayesfl_observability_v1,ola_sparse_bayesian_keep010_seed42,115,ola,global,,,all,raw,45,0.05764583719825403,0.058926855604682346,0.05828634640146819,0,0.0,0.9999312174511152,101770
bayesfl_observability_v1,ola_sparse_bayesian_keep010_seed42,115,ola,global,,,all,raw,46,0.058926855604682346,0.06020787401111066,0.059567364807896504,1,0.007670520862773862,0.9999410435295274,101770
bayesfl_observability_v1,ola_sparse_bayesian_keep010_seed42,115,ola,global,,,all,raw,47,0.06020787401111066,0.06148889241753898,0.06084838321432482,0,0.0,0.9999410435295274,101770
bayesfl_observability_v1,ola_sparse_bayesian_keep010_seed42,115,ola,global,,,all,raw,48,0.06148889241753898,0.0627699108239673,0.06212940162075314,1,0.007670520862773862,0.9999508696079394,101770
bayesfl_observability_v1,ola_sparse_bayesian_keep010_seed42,115,ola,global,,,all,raw,49,0.0627699108239673,0.06405092923039561,0.06341042002718145,0,0.0,0.9999508696079394,101770
bayesfl_observability_v1,ola_sparse_bayesian_keep010_seed42,115,ola,global,,,all,raw,50,0.06405092923039561,0.06533194763682393,0.06469143843360978,0,0.0,0.9999508696079394,101770
bayesfl_observability_v1,ola_sparse_bayesian_keep010_seed42,115,ola,global,,,all,raw,51,0.06533194763682393,0.06661296604325224,0.06597245684003808,2,0.015341041725547724,0.9999705217647636,101770
bayesfl_observability_v1,ola_sparse_bayesian_keep010_seed42,115,ola,global,,,all,raw,52,0.06661296604325224,0.06789398444968056,0.06725347524646641,0,0.0,0.9999705217647636,101770
bayesfl_observability_v1,ola_sparse_bayesian_keep010_seed42,115,ola,global,,,all,raw,53,0.06789398444968056,0.06917500285610888,0.06853449365289471,1,0.007670520862773862,0.9999803478431758,101770
bayesfl_observability_v1,ola_sparse_bayesian_keep010_seed42,115,ola,global,,,all,raw,54,0.06917500285610888,0.0704560212625372,0.06981551205932304,0,0.0,0.9999803478431758,101770
bayesfl_observability_v1,ola_sparse_bayesian_keep010_seed42,115,ola,global,,,all,raw,55,0.0704560212625372,0.07173703966896551,0.07109653046575135,0,0.0,0.9999803478431758,101770
bayesfl_observability_v1,ola_sparse_bayesian_keep010_seed42,115,ola,global,,,all,raw,56,0.07173703966896551,0.07301805807539383,0.07237754887217968,0,0.0,0.9999803478431758,101770
bayesfl_observability_v1,ola_sparse_bayesian_keep010_seed42,115,ola,global,,,all,raw,57,0.07301805807539383,0.07429907648182214,0.07365856727860798,0,0.0,0.9999803478431758,101770
bayesfl_observability_v1,ola_sparse_bayesian_keep010_seed42,115,ola,global,,,all,raw,58,0.07429907648182214,0.07558009488825046,0.07493958568503631,0,0.0,0.9999803478431758,101770
bayesfl_observability_v1,ola_sparse_bayesian_keep010_seed42,115,ola,global,,,all,raw,59,0.07558009488825046,0.07686111329467878,0.07622060409146461,0,0.0,0.9999803478431758,101770
bayesfl_observability_v1,ola_sparse_bayesian_keep010_seed42,115,ola,global,,,all,raw,60,0.07686111329467878,0.07814213170110709,0.07750162249789294,1,0.007670520862773862,0.9999901739215878,101770
bayesfl_observability_v1,ola_sparse_bayesian_keep010_seed42,115,ola,global,,,all,raw,61,0.07814213170110709,0.07942315010753541,0.07878264090432124,0,0.0,0.9999901739215878,101770
bayesfl_observability_v1,ola_sparse_bayesian_keep010_seed42,115,ola,global,,,all,raw,62,0.07942315010753541,0.08070416851396373,0.08006365931074957,0,0.0,0.9999901739215878,101770
bayesfl_observability_v1,ola_sparse_bayesian_keep010_seed42,115,ola,global,,,all,raw,63,0.08070416851396373,0.08198518692039204,0.08134467771717788,0,0.0,0.9999901739215878,101770
bayesfl_observability_v1,ola_sparse_bayesian_keep010_seed42,115,ola,global,,,all,raw,64,0.08198518692039204,0.08326620532682036,0.08262569612360621,0,0.0,0.9999901739215878,101770
bayesfl_observability_v1,ola_sparse_bayesian_keep010_seed42,115,ola,global,,,all,raw,65,0.08326620532682036,0.08454722373324867,0.08390671453003451,0,0.0,0.9999901739215878,101770
bayesfl_observability_v1,ola_sparse_bayesian_keep010_seed42,115,ola,global,,,all,raw,66,0.08454722373324867,0.08582824213967699,0.08518773293646284,0,0.0,0.9999901739215878,101770
bayesfl_observability_v1,ola_sparse_bayesian_keep010_seed42,115,ola,global,,,all,raw,67,0.08582824213967699,0.08710926054610531,0.08646875134289114,0,0.0,0.9999901739215878,101770
bayesfl_observability_v1,ola_sparse_bayesian_keep010_seed42,115,ola,global,,,all,raw,68,0.08710926054610531,0.08839027895253362,0.08774976974931947,0,0.0,0.9999901739215878,101770
bayesfl_observability_v1,ola_sparse_bayesian_keep010_seed42,115,ola,global,,,all,raw,69,0.08839027895253362,0.08967129735896194,0.08903078815574778,0,0.0,0.9999901739215878,101770
bayesfl_observability_v1,ola_sparse_bayesian_keep010_seed42,115,ola,global,,,all,raw,70,0.08967129735896194,0.09095231576539026,0.0903118065621761,0,0.0,0.9999901739215878,101770
bayesfl_observability_v1,ola_sparse_bayesian_keep010_seed42,115,ola,global,,,all,raw,71,0.09095231576539026,0.09223333417181857,0.09159282496860441,0,0.0,0.9999901739215878,101770
bayesfl_observability_v1,ola_sparse_bayesian_keep010_seed42,115,ola,global,,,all,raw,72,0.09223333417181857,0.09351435257824689,0.09287384337503274,0,0.0,0.9999901739215878,101770
bayesfl_observability_v1,ola_sparse_bayesian_keep010_seed42,115,ola,global,,,all,raw,73,0.09351435257824689,0.0947953709846752,0.09415486178146104,0,0.0,0.9999901739215878,101770
bayesfl_observability_v1,ola_sparse_bayesian_keep010_seed42,115,ola,global,,,all,raw,74,0.0947953709846752,0.09607638939110352,0.09543588018788937,0,0.0,0.9999901739215878,101770
bayesfl_observability_v1,ola_sparse_bayesian_keep010_seed42,115,ola,global,,,all,raw,75,0.09607638939110352,0.09735740779753184,0.09671689859431767,0,0.0,0.9999901739215878,101770
bayesfl_observability_v1,ola_sparse_bayesian_keep010_seed42,115,ola,global,,,all,raw,76,0.09735740779753184,0.09863842620396016,0.097997917000746,0,0.0,0.9999901739215878,101770
bayesfl_observability_v1,ola_sparse_bayesian_keep010_seed42,115,ola,global,,,all,raw,77,0.09863842620396016,0.09991944461038847,0.0992789354071743,0,0.0,0.9999901739215878,101770
bayesfl_observability_v1,ola_sparse_bayesian_keep010_seed42,115,ola,global,,,all,raw,78,0.09991944461038847,0.10120046301681679,0.10055995381360264,0,0.0,0.9999901739215878,101770
bayesfl_observability_v1,ola_sparse_bayesian_keep010_seed42,115,ola,global,,,all,raw,79,0.10120046301681679,0.10248148142324509,0.10184097222003094,1,0.007670520862773946,1.0,101770
bayesfl_observability_v1,ola_sparse_bayesian_keep010_seed42,115,ola,global,,,all,db,0,-161.00246560021063,-159.23727343152314,-160.11986951586687,1,5.566577161631024e-06,9.826078412105729e-06,101770
bayesfl_observability_v1,ola_sparse_bayesian_keep010_seed42,115,ola,global,,,all,db,1,-159.23727343152314,-157.47208126283564,-158.3546773471794,0,0.0,9.826078412105729e-06,101770
bayesfl_observability_v1,ola_sparse_bayesian_keep010_seed42,115,ola,global,,,all,db,2,-157.47208126283564,-155.70688909414818,-156.5894851784919,0,0.0,9.826078412105729e-06,101770
bayesfl_observability_v1,ola_sparse_bayesian_keep010_seed42,115,ola,global,,,all,db,3,-155.70688909414818,-153.9416969254607,-154.82429300980442,1,5.566577161631024e-06,1.9652156824211458e-05,101770
bayesfl_observability_v1,ola_sparse_bayesian_keep010_seed42,115,ola,global,,,all,db,4,-153.9416969254607,-152.1765047567732,-153.05910084111696,0,0.0,1.9652156824211458e-05,101770
bayesfl_observability_v1,ola_sparse_bayesian_keep010_seed42,115,ola,global,,,all,db,5,-152.1765047567732,-150.4113125880857,-151.29390867242944,2,1.1133154323262048e-05,3.9304313648422916e-05,101770
bayesfl_observability_v1,ola_sparse_bayesian_keep010_seed42,115,ola,global,,,all,db,6,-150.4113125880857,-148.64612041939824,-149.52871650374198,0,0.0,3.9304313648422916e-05,101770
bayesfl_observability_v1,ola_sparse_bayesian_keep010_seed42,115,ola,global,,,all,db,7,-148.64612041939824,-146.88092825071075,-147.7635243350545,1,5.566577161631024e-06,4.913039206052864e-05,101770
bayesfl_observability_v1,ola_sparse_bayesian_keep010_seed42,115,ola,global,,,all,db,8,-146.88092825071075,-145.11573608202326,-145.998332166367,1,5.566577161631024e-06,5.895647047263437e-05,101770
bayesfl_observability_v1,ola_sparse_bayesian_keep010_seed42,115,ola,global,,,all,db,9,-145.11573608202326,-143.35054391333577,-144.23313999767953,0,0.0,5.895647047263437e-05,101770
bayesfl_observability_v1,ola_sparse_bayesian_keep010_seed42,115,ola,global,,,all,db,10,-143.35054391333577,-141.58535174464828,-142.467947828992,0,0.0,5.895647047263437e-05,101770
bayesfl_observability_v1,ola_sparse_bayesian_keep010_seed42,115,ola,global,,,all,db,11,-141.58535174464828,-139.82015957596082,-140.70275566030455,2,1.113315432326223e-05,7.860862729684583e-05,101770
bayesfl_observability_v1,ola_sparse_bayesian_keep010_seed42,115,ola,global,,,all,db,12,-139.82015957596082,-138.05496740727332,-138.93756349161708,1,5.566577161631024e-06,8.843470570895156e-05,101770
bayesfl_observability_v1,ola_sparse_bayesian_keep010_seed42,115,ola,global,,,all,db,13,-138.05496740727332,-136.28977523858583,-137.17237132292956,1,5.566577161631024e-06,9.826078412105728e-05,101770
bayesfl_observability_v1,ola_sparse_bayesian_keep010_seed42,115,ola,global,,,all,db,14,-136.28977523858583,-134.52458306989834,-135.4071791542421,1,5.566577161631024e-06,0.00010808686253316301,101770
bayesfl_observability_v1,ola_sparse_bayesian_keep010_seed42,115,ola,global,,,all,db,15,-134.52458306989834,-132.75939090121088,-133.6419869855546,1,5.566577161631115e-06,0.00011791294094526874,101770
bayesfl_observability_v1,ola_sparse_bayesian_keep010_seed42,115,ola,global,,,all,db,16,-132.75939090121088,-130.9941987325234,-131.87679481686712,8,4.453261729304819e-05,0.00019652156824211456,101770
bayesfl_observability_v1,ola_sparse_bayesian_keep010_seed42,115,ola,global,,,all,db,17,-130.9941987325234,-129.2290065638359,-130.11160264817966,6,3.339946296978615e-05,0.0002554780387147489,101770
bayesfl_observability_v1,ola_sparse_bayesian_keep010_seed42,115,ola,global,,,all,db,18,-129.2290065638359,-127.4638143951484,-128.34641047949214,5,2.7832885808155122e-05,0.0003046084307752776,101770
bayesfl_observability_v1,ola_sparse_bayesian_keep010_seed42,115,ola,global,,,all,db,19,-127.4638143951484,-125.69862222646093,-126.58121831080467,8,4.453261729304856e-05,0.00038321705807212343,101770
bayesfl_observability_v1,ola_sparse_bayesian_keep010_seed42,115,ola,global,,,all,db,20,-125.69862222646093,-123.93343005777345,-124.81602614211718,12,6.679892593957284e-05,0.0005011299990173921,101770
bayesfl_observability_v1,ola_sparse_bayesian_keep010_seed42,115,ola,global,,,all,db,21,-123.93343005777345,-122.16823788908596,-123.0508339734297,10,5.5665771616310245e-05,0.0005993907831384495,101770
bayesfl_observability_v1,ola_sparse_bayesian_keep010_seed42,115,ola,global,,,all,db,22,-122.16823788908596,-120.40304572039847,-121.28564180474221,9,5.009919445467922e-05,0.000687825488847401,101770
bayesfl_observability_v1,ola_sparse_bayesian_keep010_seed42,115,ola,global,,,all,db,23,-120.40304572039847,-118.63785355171099,-119.52044963605474,12,6.679892593957284e-05,0.0008057384297926697,101770
bayesfl_observability_v1,ola_sparse_bayesian_keep010_seed42,115,ola,global,,,all,db,24,-118.63785355171099,-116.87266138302351,-117.75525746736724,17,9.463181174772818e-05,0.0009727817627984671,101770
bayesfl_observability_v1,ola_sparse_bayesian_keep010_seed42,115,ola,global,,,all,db,25,-116.87266138302351,-115.10746921433602,-115.99006529867977,18,0.00010019838890935844,0.0011496511742163703,101770
bayesfl_observability_v1,ola_sparse_bayesian_keep010_seed42,115,ola,global,,,all,db,26,-115.10746921433602,-113.34227704564853,-114.22487312999228,35,0.00019483020065708587,0.0014935639186400707,101770
bayesfl_observability_v1,ola_sparse_bayesian_keep010_seed42,115,ola,global,,,all,db,27,-113.34227704564853,-111.57708487696104,-112.45968096130478,36,0.0002003967778187169,0.001847302741475877,101770
bayesfl_observability_v1,ola_sparse_bayesian_keep010_seed42,115,ola,global,,,all,db,28,-111.57708487696104,-109.81189270827356,-110.6944887926173,46,0.0002560625494350292,0.0022993023484327406,101770
bayesfl_observability_v1,ola_sparse_bayesian_keep010_seed42,115,ola,global,,,all,db,29,-109.81189270827356,-108.04670053958608,-108.92929662392982,47,0.0002616291265966603,0.0027611280338017095,101770
bayesfl_observability_v1,ola_sparse_bayesian_keep010_seed42,115,ola,global,,,all,db,30,-108.04670053958608,-106.28150837089859,-107.16410445524234,65,0.00036182751550601657,0.003399823130588582,101770
bayesfl_observability_v1,ola_sparse_bayesian_keep010_seed42,115,ola,global,,,all,db,31,-106.28150837089859,-104.5163162022111,-105.39891228655485,96,0.0005343914075165784,0.004343126658150732,101770
bayesfl_observability_v1,ola_sparse_bayesian_keep010_seed42,115,ola,global,,,all,db,32,-104.5163162022111,-102.75112403352362,-103.63372011786737,89,0.0004954253673851652,0.005217647636828142,101770
bayesfl_observability_v1,ola_sparse_bayesian_keep010_seed42,115,ola,global,,,all,db,33,-102.75112403352362,-100.98593186483615,-101.86852794917988,138,0.0007681876483050876,0.006573646457698732,101770
bayesfl_observability_v1,ola_sparse_bayesian_keep010_seed42,115,ola,global,,,all,db,34,-100.98593186483615,-99.22073969614866,-100.1033357804924,145,0.0008071536884364986,0.007998427827454063,101770
bayesfl_observability_v1,ola_sparse_bayesian_keep010_seed42,115,ola,global,,,all,db,35,-99.22073969614866,-97.45554752746116,-98.33814361180491,169,0.0009407515403156431,0.009659035079099931,101770
bayesfl_observability_v1,ola_sparse_bayesian_keep010_seed42,115,ola,global,,,all,db,36,-97.45554752746116,-95.69035535877369,-96.57295144311743,232,0.001291445901498408,0.01193868527070846,101770
bayesfl_observability_v1,ola_sparse_bayesian_keep010_seed42,115,ola,global,,,all,db,37,-95.69035535877369,-93.9251631900862,-94.80775927442994,236,0.0013137122101449217,0.014257639775965412,101770
bayesfl_observability_v1,ola_sparse_bayesian_keep010_seed42,115,ola,global,,,all,db,38,-93.9251631900862,-92.15997102139872,-93.04256710574245,312,0.0017367720744288937,0.0173233762405424,101770
bayesfl_observability_v1,ola_sparse_bayesian_keep010_seed42,115,ola,global,,,all,db,39,-92.15997102139872,-90.39477885271123,-91.27737493705497,375,0.002087466435611634,0.021008155645082047,101770
bayesfl_observability_v1,ola_sparse_bayesian_keep010_seed42,115,ola,global,,,all,db,40,-90.39477885271123,-88.62958668402375,-89.5121827683675,463,0.0025773252258351853,0.025557629949887,101770
bayesfl_observability_v1,ola_sparse_bayesian_keep010_seed42,115,ola,global,,,all,db,41,-88.62958668402375,-86.86439451533626,-87.74699059968,575,0.003200781867937839,0.031207625036847795,101770
bayesfl_observability_v1,ola_sparse_bayesian_keep010_seed42,115,ola,global,,,all,db,42,-86.86439451533626,-85.09920234664877,-85.98179843099251,677,0.0037685727384242037,0.037859880121843374,101770
bayesfl_observability_v1,ola_sparse_bayesian_keep010_seed42,115,ola,global,,,all,db,43,-85.09920234664877,-83.33401017796129,-84.21660626230502,846,0.0047093242787398844,0.046172742458484815,101770
bayesfl_observability_v1,ola_sparse_bayesian_keep010_seed42,115,ola,global,,,all,db,44,-83.33401017796129,-81.5688180092738,-82.45141409361754,1076,0.005989637025914982,0.056745602829910584,101770
bayesfl_observability_v1,ola_sparse_bayesian_keep010_seed42,115,ola,global,,,all,db,45,-81.5688180092738,-79.80362584058632,-80.68622192493007,1338,0.007448080242262371,0.06989289574530805,101770
bayesfl_observability_v1,ola_sparse_bayesian_keep010_seed42,115,ola,global,,,all,db,46,-79.80362584058632,-78.03843367189883,-78.92102975624258,1617,0.009001155270357367,0.08578166453768302,101770
bayesfl_observability_v1,ola_sparse_bayesian_keep010_seed42,115,ola,global,,,all,db,47,-78.03843367189883,-76.27324150321135,-77.15583758755508,1900,0.010576496607099032,0.1044512135206839,101770
bayesfl_observability_v1,ola_sparse_bayesian_keep010_seed42,115,ola,global,,,all,db,48,-76.27324150321135,-74.50804933452386,-75.3906454188676,2390,0.013304119416298148,0.1279355409256166,101770
bayesfl_observability_v1,ola_sparse_bayesian_keep010_seed42,115,ola,global,,,all,db,49,-74.50804933452386,-72.74285716583638,-73.62545325018013,3008,0.016744264102186258,0.1574923847892306,101770
bayesfl_observability_v1,ola_sparse_bayesian_keep010_seed42,115,ola,global,,,all,db,50,-72.74285716583638,-70.97766499714889,-71.86026108149264,3582,0.01993947939296233,0.19268939766139334,101770
bayesfl_observability_v1,ola_sparse_bayesian_keep010_seed42,115,ola,global,,,all,db,51,-70.97766499714889,-69.21247282846142,-70.09506891280515,4505,0.025077430113147968,0.23695588090792966,101770
bayesfl_observability_v1,ola_sparse_bayesian_keep010_seed42,115,ola,global,,,all,db,52,-69.21247282846142,-67.44728065977392,-68.32987674411767,5456,0.03037124499385887,0.2905669647243785,101770
bayesfl_observability_v1,ola_sparse_bayesian_keep010_seed42,115,ola,global,,,all,db,53,-67.44728065977392,-65.68208849108643,-66.56468457543018,6742,0.03752986322371637,0.35681438537879534,101770
bayesfl_observability_v1,ola_sparse_bayesian_keep010_seed42,115,ola,global,,,all,db,54,-65.68208849108643,-63.916896322398955,-64.7994924067427,8167,0.045462235679040945,0.4370639677704628,101770
bayesfl_observability_v1,ola_sparse_bayesian_keep010_seed42,115,ola,global,,,all,db,55,-63.916896322398955,-62.151704153711464,-63.03430023805521,9782,0.054452257795074684,0.533182666797681,101770
bayesfl_observability_v1,ola_sparse_bayesian_keep010_seed42,115,ola,global,,,all,db,56,-62.151704153711464,-60.386511985023986,-61.269108069367725,11867,0.0660585711770759,0.6497887393141397,101770
bayesfl_observability_v1,ola_sparse_bayesian_keep010_seed42,115,ola,global,,,all,db,57,-60.386511985023986,-58.621319816336495,-59.50391590068024,12563,0.06993290888157055,0.773233762405424,101770
bayesfl_observability_v1,ola_sparse_bayesian_keep010_seed42,115,ola,global,,,all,db,58,-58.621319816336495,-56.85612764764902,-57.738723731992756,7556,0.04206105703328436,0.8474796108872948,101770
bayesfl_observability_v1,ola_sparse_bayesian_keep010_seed42,115,ola,global,,,all,db,59,-56.85612764764902,-55.090935478961526,-55.97353156330527,5733,0.031913186867630665,0.903812518423897,101770
bayesfl_observability_v1,ola_sparse_bayesian_keep010_seed42,115,ola,global,,,all,db,60,-55.090935478961526,-53.32574331027405,-54.20833939461779,4422,0.02461540420873259,0.9472634371622286,101770
bayesfl_observability_v1,ola_sparse_bayesian_keep010_seed42,115,ola,global,,,all,db,61,-53.32574331027405,-51.56055114158656,-52.4431472259303,2840,0.01580907913903211,0.9751694998526088,101770
bayesfl_observability_v1,ola_sparse_bayesian_keep010_seed42,115,ola,global,,,all,db,62,-51.56055114158656,-49.79535897289908,-50.67795505724282,1237,0.006885855948937633,0.9873243588483837,101770
bayesfl_observability_v1,ola_sparse_bayesian_keep010_seed42,115,ola,global,,,all,db,63,-49.79535897289908,-48.03016680421159,-48.912762888555335,416,0.002315696099238506,0.9914120074678195,101770
bayesfl_observability_v1,ola_sparse_bayesian_keep010_seed42,115,ola,global,,,all,db,64,-48.03016680421159,-46.2649746355241,-47.14757071986784,182,0.0010131170434168465,0.9932003537388229,101770
bayesfl_observability_v1,ola_sparse_bayesian_keep010_seed42,115,ola,global,,,all,db,65,-46.2649746355241,-44.49978246683662,-45.38237855118036,111,0.0006178900649410487,0.9942910484425665,101770
bayesfl_observability_v1,ola_sparse_bayesian_keep010_seed42,115,ola,global,,,all,db,66,-44.49978246683662,-42.73459029814913,-43.617186382492875,113,0.0006290232192643058,0.9954013953031345,101770
bayesfl_observability_v1,ola_sparse_bayesian_keep010_seed42,115,ola,global,,,all,db,67,-42.73459029814913,-40.96939812946165,-41.85199421380539,89,0.0004954253673851652,0.9962759162818119,101770
bayesfl_observability_v1,ola_sparse_bayesian_keep010_seed42,115,ola,global,,,all,db,68,-40.96939812946165,-39.20420596077416,-40.086802045117906,105,0.0005844906019712576,0.9973076545150831,101770
bayesfl_observability_v1,ola_sparse_bayesian_keep010_seed42,115,ola,global,,,all,db,69,-39.20420596077416,-37.43901379208668,-38.32160987643042,65,0.0003618275155060195,0.9979463496118699,101770
bayesfl_observability_v1,ola_sparse_bayesian_keep010_seed42,115,ola,global,,,all,db,70,-37.43901379208668,-35.67382162339919,-36.55641770774294,63,0.0003506943611827545,0.9985653925518325,101770
bayesfl_observability_v1,ola_sparse_bayesian_keep010_seed42,115,ola,global,,,all,db,71,-35.67382162339919,-33.908629454711715,-34.79122553905545,55,0.00030616174388970884,0.9991058268644983,101770
bayesfl_observability_v1,ola_sparse_bayesian_keep010_seed42,115,ola,global,,,all,db,72,-33.908629454711715,-32.14343728602424,-33.026033370367976,24,0.00013359785187914568,0.9993416527463889,101770
bayesfl_observability_v1,ola_sparse_bayesian_keep010_seed42,115,ola,global,,,all,db,73,-32.14343728602424,-30.378245117336746,-31.260841201680492,24,0.0001335978518791446,0.9995774786282795,101770
bayesfl_observability_v1,ola_sparse_bayesian_keep010_seed42,115,ola,global,,,all,db,74,-30.378245117336746,-28.613052948649255,-29.495649032993,17,9.463181174772741e-05,0.9997445219612853,101770
bayesfl_observability_v1,ola_sparse_bayesian_keep010_seed42,115,ola,global,,,all,db,75,-28.613052948649255,-26.847860779961763,-27.73045686430551,11,6.123234877794127e-05,0.9998526088238184,101770
bayesfl_observability_v1,ola_sparse_bayesian_keep010_seed42,115,ola,global,,,all,db,76,-26.847860779961763,-25.082668611274272,-25.965264695618018,7,3.896604013141717e-05,0.9999213913727032,101770
bayesfl_observability_v1,ola_sparse_bayesian_keep010_seed42,115,ola,global,,,all,db,77,-25.082668611274272,-23.31747644258681,-24.20007252693054,5,2.7832885808155573e-05,0.9999705217647636,101770
bayesfl_observability_v1,ola_sparse_bayesian_keep010_seed42,115,ola,global,,,all,db,78,-23.31747644258681,-21.552284273899318,-22.434880358243063,2,1.1133154323262048e-05,0.9999901739215878,101770
bayesfl_observability_v1,ola_sparse_bayesian_keep010_seed42,115,ola,global,,,all,db,79,-21.552284273899318,-19.787092105211816,-20.669688189555565,1,5.566577161630991e-06,1.0,101770
bayesfl_observability_v1,ola_sparse_bayesian_keep010_seed42,115,ola,global,,,layers.0.weight,raw,0,8.90897981127365e-09,6.763487091875013e-05,3.3821889949280705e-05,4641,683.8676818111114,0.04624720982142857,100352
bayesfl_observability_v1,ola_sparse_bayesian_keep010_seed42,115,ola,global,,,layers.0.weight,raw,1,6.763487091875013e-05,0.00013526083285768899,0.00010144785188821956,4713,694.477135181161,0.09321189413265306,100352
bayesfl_observability_v1,ola_sparse_bayesian_keep010_seed42,115,ola,global,,,layers.0.weight,raw,2,0.00013526083285768899,0.00020288679479662784,0.0001690738138271584,4659,686.5200451536239,0.13963847257653061,100352
bayesfl_observability_v1,ola_sparse_bayesian_keep010_seed42,115,ola,global,,,layers.0.weight,raw,3,0.00020288679479662784,0.00027051275673556667,0.00023669977576609724,4669,687.9935803439089,0.18616470025510204,100352
bayesfl_observability_v1,ola_sparse_bayesian_keep010_seed42,115,ola,global,,,layers.0.weight,raw,4,0.00027051275673556667,0.0003381387186745055,0.0003043257377050361,4776,703.7604068799544,0.23375717474489796,100352
bayesfl_observability_v1,ola_sparse_bayesian_keep010_seed42,115,ola,global,,,layers.0.weight,raw,5,0.0003381387186745055,0.0004057646806134444,0.00037195169964397495,4704,693.1509535099048,0.28063217474489793,100352
bayesfl_observability_v1,ola_sparse_bayesian_keep010_seed42,115,ola,global,,,layers.0.weight,raw,6,0.0004057646806134444,0.00047339064255238323,0.0004395776615829138,4827,711.2754363504062,0.3287328603316326,100352
bayesfl_observability_v1,ola_sparse_bayesian_keep010_seed42,115,ola,global,,,layers.0.weight,raw,7,0.00047339064255238323,0.0005410166044913221,0.0005072036235218527,4719,695.3612562953318,0.37575733418367346,100352
bayesfl_observability_v1,ola_sparse_bayesian_keep010_seed42,115,ola,global,,,layers.0.weight,raw,8,0.0005410166044913221,0.0006086425664302609,0.0005748295854607915,4691,691.2353577625347,0.42250279017857145,100352
bayesfl_observability_v1,ola_sparse_bayesian_keep010_seed42,115,ola,global,,,layers.0.weight,raw,9,0.0006086425664302609,0.0006762685283691998,0.0006424555473997304,4638,683.425621254026,0.46872010522959184,100352
bayesfl_observability_v1,ola_sparse_bayesian_keep010_seed42,115,ola,global,,,layers.0.weight,raw,10,0.0006762685283691998,0.0007438944903081386,0.0007100815093386692,4578,674.5844101123181,0.5143395248724489,100352
bayesfl_observability_v1,ola_sparse_bayesian_keep010_seed42,115,ola,global,,,layers.0.weight,raw,11,0.0007438944903081386,0.0008115204522470775,0.0007777074712776081,4549,670.3111580604925,0.5596699617346939,100352
bayesfl_observability_v1,ola_sparse_bayesian_keep010_seed42,115,ola,global,,,layers.0.weight,raw,12,0.0008115204522470775,0.0008791464141860164,0.0008453334332165469,4480,660.1437652475283,0.6043128188775511,100352
bayesfl_observability_v1,ola_sparse_bayesian_keep010_seed42,115,ola,global,,,layers.0.weight,raw,13,0.0008791464141860164,0.0009467723761249552,0.0009129593951554858,4609,679.1523692022005,0.6502411511479592,100352
bayesfl_observability_v1,ola_sparse_bayesian_keep010_seed42,115,ola,global,,,layers.0.weight,raw,14,0.0009467723761249552,0.001014398338063894,0.0009805853570944247,4591,676.5000058596881,0.6959901147959183,100352
bayesfl_observability_v1,ola_sparse_bayesian_keep010_seed42,115,ola,global,,,layers.0.weight,raw,15,0.001014398338063894,0.001082024300002833,0.0010482113190333634,4169,614.3168208296754,0.7375338807397959,100352
bayesfl_observability_v1,ola_sparse_bayesian_keep010_seed42,115,ola,global,,,layers.0.weight,raw,16,0.001082024300002833,0.0011496502619417718,0.0011158372809723024,3454,508.95905472432213,0.7719527264030612,100352
bayesfl_observability_v1,ola_sparse_bayesian_keep010_seed42,115,ola,global,,,layers.0.weight,raw,17,0.0011496502619417718,0.0012172762238807106,0.001183463242911241,2756,406.1062984424527,0.7994160554846939,100352
bayesfl_observability_v1,ola_sparse_bayesian_keep010_seed42,115,ola,global,,,layers.0.weight,raw,18,0.0012172762238807106,0.0012849021858196495,0.0012510892048501802,2129,313.7156420116045,0.8206313775510204,100352
bayesfl_observability_v1,ola_sparse_bayesian_keep010_seed42,115,ola,global,,,layers.0.weight,raw,19,0.0012849021858196495,0.0013525281477585883,0.0013187151667891188,1708,251.6798105006202,0.8376514668367347,100352
bayesfl_observability_v1,ola_sparse_bayesian_keep010_seed42,115,ola,global,,,layers.0.weight,raw,20,0.0013525281477585883,0.0014201541096975272,0.0013863411287280579,1578,232.5238530269196,0.8533761160714286,100352
bayesfl_observability_v1,ola_sparse_bayesian_keep010_seed42,115,ola,global,,,layers.0.weight,raw,21,0.0014201541096975272,0.001487780071636466,0.0014539670906669965,1345,198.19048309328699,0.8667789381377551,100352
bayesfl_observability_v1,ola_sparse_bayesian_keep010_seed42,115,ola,global,,,layers.0.weight,raw,22,0.001487780071636466,0.0015554060335754049,0.0015215930526059356,1297,191.11751417992062,0.8797034438775511,100352
bayesfl_observability_v1,ola_sparse_bayesian_keep010_seed42,115,ola,global,,,layers.0.weight,raw,23,0.0015554060335754049,0.0016230319955143437,0.0015892190145448742,1255,184.92866638072502,0.8922094228316326,100352
bayesfl_observability_v1,ola_sparse_bayesian_keep010_seed42,115,ola,global,,,layers.0.weight,raw,24,0.0016230319955143437,0.0016906579574532826,0.0016568449764838133,1062,156.48943720823107,0.9027921715561225,100352
bayesfl_observability_v1,ola_sparse_bayesian_keep010_seed42,115,ola,global,,,layers.0.weight,raw,25,0.0016906579574532826,0.0017582839193922215,0.001724470938422752,1009,148.67970069972236,0.9128467793367347,100352
bayesfl_observability_v1,ola_sparse_bayesian_keep010_seed42,115,ola,global,,,layers.0.weight,raw,26,0.0017582839193922215,0.0018259098813311603,0.001792096900361691,951,140.13319659607131,0.9223234215561225,100352
bayesfl_observability_v1,ola_sparse_bayesian_keep010_seed42,115,ola,global,,,layers.0.weight,raw,27,0.0018259098813311603,0.0018935358432700992,0.0018597228623006296,842,124.0716630219685,0.9307138871173469,100352
bayesfl_observability_v1,ola_sparse_bayesian_keep010_seed42,115,ola,global,,,layers.0.weight,raw,28,0.0018935358432700992,0.0019611618052090382,0.0019273488242395687,762,112.28338149969086,0.9383071588010204,100352
bayesfl_observability_v1,ola_sparse_bayesian_keep010_seed42,115,ola,global,,,layers.0.weight,raw,29,0.0019611618052090382,0.002028787767147977,0.0019949747861785078,677,99.75833238227192,0.9450534119897959,100352
bayesfl_observability_v1,ola_sparse_bayesian_keep010_seed42,115,ola,global,,,layers.0.weight,raw,30,0.002028787767147977,0.0020964137290869155,0.002062600748117446,629,92.68536346890552,0.9513213488520408,100352
bayesfl_observability_v1,ola_sparse_bayesian_keep010_seed42,115,ola,global,,,layers.0.weight,raw,31,0.0020964137290869155,0.0021640396910258546,0.002130226710056385,591,87.08592974582322,0.9572106186224489,100352
bayesfl_observability_v1,ola_sparse_bayesian_keep010_seed42,115,ola,global,,,layers.0.weight,raw,32,0.0021640396910258546,0.0022316656529647936,0.002197852671995324,543,80.01296083245687,0.9626215720663265,100352
bayesfl_observability_v1,ola_sparse_bayesian_keep010_seed42,115,ola,global,,,layers.0.weight,raw,33,0.0022316656529647936,0.0022992916149037323,0.002265478633934263,499,73.52940599520485,0.9675940688775511,100352
bayesfl_observability_v1,ola_sparse_bayesian_keep010_seed42,115,ola,global,,,layers.0.weight,raw,34,0.0022992916149037323,0.002366917576842671,0.0023331045958732014,412,60.70964983972826,0.9716996173469388,100352
bayesfl_observability_v1,ola_sparse_bayesian_keep010_seed42,115,ola,global,,,layers.0.weight,raw,35,0.002366917576842671,0.00243454353878161,0.0024007305578121405,343,50.542257026763735,0.9751175860969388,100352
bayesfl_observability_v1,ola_sparse_bayesian_keep010_seed42,115,ola,global,,,layers.0.weight,raw,36,0.00243454353878161,0.002502169500720549,0.0024683565197510795,340,50.10019646967834,0.9785056600765306,100352
bayesfl_observability_v1,ola_sparse_bayesian_keep010_seed42,115,ola,global,,,layers.0.weight,raw,37,0.002502169500720549,0.0025697954626594877,0.0025359824816900186,285,41.995752923112995,0.9813456632653061,100352
bayesfl_observability_v1,ola_sparse_bayesian_keep010_seed42,115,ola,global,,,layers.0.weight,raw,38,0.0025697954626594877,0.0026374214245984263,0.002603608443628957,267,39.34338958060059,0.9840062978316326,100352
bayesfl_observability_v1,ola_sparse_bayesian_keep010_seed42,115,ola,global,,,layers.0.weight,raw,39,0.0026374214245984263,0.0027050473865373654,0.002671234405567896,210,30.944238995977795,0.9860989317602041,100352
bayesfl_observability_v1,ola_sparse_bayesian_keep010_seed42,115,ola,global,,,layers.0.weight,raw,40,0.0027050473865373654,0.0027726733484763045,0.002738860367506835,221,32.56512770529092,0.9883011798469388,100352
bayesfl_observability_v1,ola_sparse_bayesian_keep010_seed42,115,ola,global,,,layers.0.weight,raw,41,0.0027726733484763045,0.002840299310415243,0.002806486329445774,157,23.134502487469263,0.9898656728316326,100352
bayesfl_observability_v1,ola_sparse_bayesian_keep010_seed42,115,ola,global,,,layers.0.weight,raw,42,0.002840299310415243,0.0029079252723541817,0.002874112291384712,140,20.629492663985328,0.9912607621173469,100352
bayesfl_observability_v1,ola_sparse_bayesian_keep010_seed42,115,ola,global,,,layers.0.weight,raw,43,0.0029079252723541817,0.002975551234293121,0.0029417382533236513,133,19.598018030785937,0.9925860969387755,100352
bayesfl_observability_v1,ola_sparse_bayesian_keep010_seed42,115,ola,global,,,layers.0.weight,raw,44,0.002975551234293121,0.00304317719623206,0.0030093642152625904,101,14.882705421875036,0.9935925542091837,100352
bayesfl_observability_v1,ola_sparse_bayesian_keep010_seed42,115,ola,global,,,layers.0.weight,raw,45,0.00304317719623206,0.0031108031581709985,0.0030769901772015294,77,11.34622096519193,0.9943598533163265,100352
bayesfl_observability_v1,ola_sparse_bayesian_keep010_seed42,115,ola,global,,,layers.0.weight,raw,46,0.0031108031581709985,0.003178429120109937,0.0031446161391404676,93,13.703877269647398,0.9952865911989796,100352
bayesfl_observability_v1,ola_sparse_bayesian_keep010_seed42,115,ola,global,,,layers.0.weight,raw,47,0.003178429120109937,0.0032460550820488762,0.0032122421010794067,59,8.693857622679475,0.9958745216836735,100352
bayesfl_observability_v1,ola_sparse_bayesian_keep010_seed42,115,ola,global,,,layers.0.weight,raw,48,0.0032460550820488762,0.0033136810439878153,0.0032798680630183458,52,7.662382989480216,0.9963926977040817,100352
bayesfl_observability_v1,ola_sparse_bayesian_keep010_seed42,115,ola,global,,,layers.0.weight,raw,49,0.0033136810439878153,0.003381307005926754,0.003347494024957285,60,8.841211141707998,0.9969905931122449,100352
bayesfl_observability_v1,ola_sparse_bayesian_keep010_seed42,115,ola,global,,,layers.0.weight,raw,50,0.003381307005926754,0.0034489329678656926,0.003415119986896223,41,6.041494280167132,0.9973991549744898,100352
bayesfl_observability_v1,ola_sparse_bayesian_keep010_seed42,115,ola,global,,,layers.0.weight,raw,51,0.0034489329678656926,0.0035165589298046316,0.003482745948835162,58,8.54650410365101,0.9979771205357143,100352
bayesfl_observability_v1,ola_sparse_bayesian_keep010_seed42,115,ola,global,,,layers.0.weight,raw,52,0.0035165589298046316,0.0035841848917435707,0.003550371910774101,33,4.8626661279393675,0.9983059630102041,100352
bayesfl_observability_v1,ola_sparse_bayesian_keep010_seed42,115,ola,global,,,layers.0.weight,raw,53,0.0035841848917435707,0.0036518108536825094,0.0036179978727130403,23,3.3891309376547327,0.99853515625,100352
bayesfl_observability_v1,ola_sparse_bayesian_keep010_seed42,115,ola,global,,,layers.0.weight,raw,54,0.0036518108536825094,0.003719436815621448,0.0036856238346519785,20,2.9470703805693326,0.9987344547193877,100352
bayesfl_observability_v1,ola_sparse_bayesian_keep010_seed42,115,ola,global,,,layers.0.weight,raw,55,0.003719436815621448,0.003787062777560387,0.0037532497965909175,19,2.799716861540848,0.9989237882653061,100352
bayesfl_observability_v1,ola_sparse_bayesian_keep010_seed42,115,ola,global,,,layers.0.weight,raw,56,0.003787062777560387,0.003854688739499326,0.0038208757585298566,17,2.505009823483917,0.9990931919642857,100352
bayesfl_observability_v1,ola_sparse_bayesian_keep010_seed42,115,ola,global,,,layers.0.weight,raw,57,0.003854688739499326,0.003922314701438266,0.0038885017204687957,11,1.6208887093131121,0.9992028061224489,100352
bayesfl_observability_v1,ola_sparse_bayesian_keep010_seed42,115,ola,global,,,layers.0.weight,raw,58,0.003922314701438266,0.003989940663377204,0.003956127682407735,16,2.3576563044554812,0.9993622448979592,100352
bayesfl_observability_v1,ola_sparse_bayesian_keep010_seed42,115,ola,global,,,layers.0.weight,raw,59,0.003989940663377204,0.004057566625316143,0.004023753644346673,10,1.473535190284657,0.9994618941326531,100352
bayesfl_observability_v1,ola_sparse_bayesian_keep010_seed42,115,ola,global,,,layers.0.weight,raw,60,0.004057566625316143,0.004125192587255082,0.004091379606285613,10,1.473535190284657,0.9995615433673469,100352
bayesfl_observability_v1,ola_sparse_bayesian_keep010_seed42,115,ola,global,,,layers.0.weight,raw,61,0.004125192587255082,0.00419281854919402,0.004159005568224551,5,0.7367675951423379,0.9996113679846939,100352
bayesfl_observability_v1,ola_sparse_bayesian_keep010_seed42,115,ola,global,,,layers.0.weight,raw,62,0.00419281854919402,0.004260444511132959,0.004226631530163489,7,1.03147463319926,0.9996811224489796,100352
bayesfl_observability_v1,ola_sparse_bayesian_keep010_seed42,115,ola,global,,,layers.0.weight,raw,63,0.004260444511132959,0.004328070473071898,0.004294257492102429,7,1.03147463319926,0.9997508769132653,100352
bayesfl_observability_v1,ola_sparse_bayesian_keep010_seed42,115,ola,global,,,layers.0.weight,raw,64,0.004328070473071898,0.004395696435010837,0.004361883454041367,6,0.8841211141707942,0.9998106664540817,100352
bayesfl_observability_v1,ola_sparse_bayesian_keep010_seed42,115,ola,global,,,layers.0.weight,raw,65,0.004395696435010837,0.0044633223969497765,0.004429509415980307,3,0.4420605570853971,0.9998405612244898,100352
bayesfl_observability_v1,ola_sparse_bayesian_keep010_seed42,115,ola,global,,,layers.0.weight,raw,66,0.0044633223969497765,0.004530948358888715,0.004497135377919246,1,0.14735351902846758,0.9998505261479592,100352
bayesfl_observability_v1,ola_sparse_bayesian_keep010_seed42,115,ola,global,,,layers.0.weight,raw,67,0.004530948358888715,0.004598574320827654,0.004564761339858184,7,1.03147463319926,0.9999202806122449,100352
bayesfl_observability_v1,ola_sparse_bayesian_keep010_seed42,115,ola,global,,,layers.0.weight,raw,68,0.004598574320827654,0.004666200282766593,0.004632387301797124,2,0.2947070380569314,0.9999402104591837,100352
bayesfl_observability_v1,ola_sparse_bayesian_keep010_seed42,115,ola,global,,,layers.0.weight,raw,69,0.004666200282766593,0.004733826244705531,0.004700013263736062,1,0.14735351902846758,0.9999501753826531,100352
bayesfl_observability_v1,ola_sparse_bayesian_keep010_seed42,115,ola,global,,,layers.0.weight,raw,70,0.004733826244705531,0.00480145220664447,0.004767639225675,2,0.2947070380569314,0.9999701052295918,100352
bayesfl_observability_v1,ola_sparse_bayesian_keep010_seed42,115,ola,global,,,layers.0.weight,raw,71,0.00480145220664447,0.004869078168583409,0.00483526518761394,0,0.0,0.9999701052295918,100352
bayesfl_observability_v1,ola_sparse_bayesian_keep010_seed42,115,ola,global,,,layers.0.weight,raw,72,0.004869078168583409,0.004936704130522348,0.004902891149552878,0,0.0,0.9999701052295918,100352
bayesfl_observability_v1,ola_sparse_bayesian_keep010_seed42,115,ola,global,,,layers.0.weight,raw,73,0.004936704130522348,0.005004330092461287,0.004970517111491818,0,0.0,0.9999701052295918,100352
bayesfl_observability_v1,ola_sparse_bayesian_keep010_seed42,115,ola,global,,,layers.0.weight,raw,74,0.005004330092461287,0.0050719560544002255,0.005038143073430756,1,0.14735351902846758,0.9999800701530612,100352
bayesfl_observability_v1,ola_sparse_bayesian_keep010_seed42,115,ola,global,,,layers.0.weight,raw,75,0.0050719560544002255,0.005139582016339165,0.005105769035369695,1,0.1473535190284657,0.9999900350765306,100352
bayesfl_observability_v1,ola_sparse_bayesian_keep010_seed42,115,ola,global,,,layers.0.weight,raw,76,0.005139582016339165,0.005207207978278104,0.0051733949973086345,0,0.0,0.9999900350765306,100352
bayesfl_observability_v1,ola_sparse_bayesian_keep010_seed42,115,ola,global,,,layers.0.weight,raw,77,0.005207207978278104,0.005274833940217042,0.005241020959247573,0,0.0,0.9999900350765306,100352
bayesfl_observability_v1,ola_sparse_bayesian_keep010_seed42,115,ola,global,,,layers.0.weight,raw,78,0.005274833940217042,0.005342459902155981,0.005308646921186511,0,0.0,0.9999900350765306,100352
bayesfl_observability_v1,ola_sparse_bayesian_keep010_seed42,115,ola,global,,,layers.0.weight,raw,79,0.005342459902155981,0.00541008586409492,0.005376272883125451,1,0.1473535190284657,1.0,100352
bayesfl_observability_v1,ola_sparse_bayesian_keep010_seed42,115,ola,global,,,layers.0.weight,db,0,-161.00246560021063,-159.55663374071318,-160.2795496704619,1,6.892173113996427e-06,9.964923469387754e-06,100352
bayesfl_observability_v1,ola_sparse_bayesian_keep010_seed42,115,ola,global,,,layers.0.weight,db,1,-159.55663374071318,-158.11080188121576,-158.83371781096446,0,0.0,9.964923469387754e-06,100352
bayesfl_observability_v1,ola_sparse_bayesian_keep010_seed42,115,ola,global,,,layers.0.weight,db,2,-158.11080188121576,-156.66497002171832,-157.38788595146704,0,0.0,9.964923469387754e-06,100352
bayesfl_observability_v1,ola_sparse_bayesian_keep010_seed42,115,ola,global,,,layers.0.weight,db,3,-156.66497002171832,-155.21913816222087,-155.9420540919696,0,0.0,9.964923469387754e-06,100352
bayesfl_observability_v1,ola_sparse_bayesian_keep010_seed42,115,ola,global,,,layers.0.weight,db,4,-155.21913816222087,-153.77330630272346,-154.49622223247218,1,6.892173113996562e-06,1.992984693877551e-05,100352
bayesfl_observability_v1,ola_sparse_bayesian_keep010_seed42,115,ola,global,,,layers.0.weight,db,5,-153.77330630272346,-152.327474443226,-153.05039037297473,0,0.0,1.992984693877551e-05,100352
bayesfl_observability_v1,ola_sparse_bayesian_keep010_seed42,115,ola,global,,,layers.0.weight,db,6,-152.327474443226,-150.8816425837286,-151.6045585134773,0,0.0,1.992984693877551e-05,100352
bayesfl_observability_v1,ola_sparse_bayesian_keep010_seed42,115,ola,global,,,layers.0.weight,db,7,-150.8816425837286,-149.43581072423115,-150.15872665397987,1,6.892173113996427e-06,2.9894770408163265e-05,100352
bayesfl_observability_v1,ola_sparse_bayesian_keep010_seed42,115,ola,global,,,layers.0.weight,db,8,-149.43581072423115,-147.9899788647337,-148.71289479448242,1,6.892173113996427e-06,3.985969387755102e-05,100352
bayesfl_observability_v1,ola_sparse_bayesian_keep010_seed42,115,ola,global,,,layers.0.weight,db,9,-147.9899788647337,-146.54414700523628,-147.267062934985,0,0.0,3.985969387755102e-05,100352
bayesfl_observability_v1,ola_sparse_bayesian_keep010_seed42,115,ola,global,,,layers.0.weight,db,10,-146.54414700523628,-145.09831514573884,-145.82123107548756,1,6.892173113996427e-06,4.982461734693878e-05,100352
bayesfl_observability_v1,ola_sparse_bayesian_keep010_seed42,115,ola,global,,,layers.0.weight,db,11,-145.09831514573884,-143.6524832862414,-144.37539921599011,0,0.0,4.982461734693878e-05,100352
bayesfl_observability_v1,ola_sparse_bayesian_keep010_seed42,115,ola,global,,,layers.0.weight,db,12,-143.6524832862414,-142.20665142674397,-142.92956735649267,0,0.0,4.982461734693878e-05,100352
bayesfl_observability_v1,ola_sparse_bayesian_keep010_seed42,115,ola,global,,,layers.0.weight,db,13,-142.20665142674397,-140.76081956724653,-141.48373549699525,0,0.0,4.982461734693878e-05,100352
bayesfl_observability_v1,ola_sparse_bayesian_keep010_seed42,115,ola,global,,,layers.0.weight,db,14,-140.76081956724653,-139.31498770774908,-140.0379036374978,3,2.067651934198928e-05,7.971938775510203e-05,100352
bayesfl_observability_v1,ola_sparse_bayesian_keep010_seed42,115,ola,global,,,layers.0.weight,db,15,-139.31498770774908,-137.86915584825167,-138.5920717780004,0,0.0,7.971938775510203e-05,100352
bayesfl_observability_v1,ola_sparse_bayesian_keep010_seed42,115,ola,global,,,layers.0.weight,db,16,-137.86915584825167,-136.42332398875422,-137.14623991850294,1,6.892173113996427e-06,8.96843112244898e-05,100352
bayesfl_observability_v1,ola_sparse_bayesian_keep010_seed42,115,ola,global,,,layers.0.weight,db,17,-136.42332398875422,-134.9774921292568,-135.7004080590055,1,6.892173113996562e-06,9.964923469387755e-05,100352
bayesfl_observability_v1,ola_sparse_bayesian_keep010_seed42,115,ola,global,,,layers.0.weight,db,18,-134.9774921292568,-133.53166026975936,-134.25457619950808,1,6.892173113996427e-06,0.0001096141581632653,100352
bayesfl_observability_v1,ola_sparse_bayesian_keep010_seed42,115,ola,global,,,layers.0.weight,db,19,-133.53166026975936,-132.0858284102619,-132.80874434001063,4,2.7568692455985707e-05,0.00014947385204081633,100352
bayesfl_observability_v1,ola_sparse_bayesian_keep010_seed42,115,ola,global,,,layers.0.weight,db,20,-132.0858284102619,-130.6399965507645,-131.36291248051322,7,4.8245211797975937e-05,0.0002192283163265306,100352
bayesfl_observability_v1,ola_sparse_bayesian_keep010_seed42,115,ola,global,,,layers.0.weight,db,21,-130.6399965507645,-129.19416469126705,-129.91708062101577,3,2.067651934198928e-05,0.0002491230867346939,100352
bayesfl_observability_v1,ola_sparse_bayesian_keep010_seed42,115,ola,global,,,layers.0.weight,db,22,-129.19416469126705,-127.74833283176962,-128.47124876151832,3,2.0676519341989484e-05,0.00027901785714285713,100352
bayesfl_observability_v1,ola_sparse_bayesian_keep010_seed42,115,ola,global,,,layers.0.weight,db,23,-127.74833283176962,-126.30250097227218,-127.02541690202091,6,4.135303868397897e-05,0.00033880739795918367,100352
bayesfl_observability_v1,ola_sparse_bayesian_keep010_seed42,115,ola,global,,,layers.0.weight,db,24,-126.30250097227218,-124.85666911277474,-125.57958504252346,12,8.270607736795712e-05,0.00045838647959183676,100352
bayesfl_observability_v1,ola_sparse_bayesian_keep010_seed42,115,ola,global,,,layers.0.weight,db,25,-124.85666911277474,-123.41083725327731,-124.13375318302602,10,6.892173113996495e-05,0.0005580357142857143,100352
bayesfl_observability_v1,ola_sparse_bayesian_keep010_seed42,115,ola,global,,,layers.0.weight,db,26,-123.41083725327731,-121.96500539377988,-122.6879213235286,5,3.4460865569982475e-05,0.0006078603316326531,100352
bayesfl_observability_v1,ola_sparse_bayesian_keep010_seed42,115,ola,global,,,layers.0.weight,db,27,-121.96500539377988,-120.51917353428243,-121.24208946403115,8,5.5137384911971414e-05,0.0006875797193877551,100352
bayesfl_observability_v1,ola_sparse_bayesian_keep010_seed42,115,ola,global,,,layers.0.weight,db,28,-120.51917353428243,-119.07334167478501,-119.79625760453372,7,4.8245211797975937e-05,0.0007573341836734694,100352
bayesfl_observability_v1,ola_sparse_bayesian_keep010_seed42,115,ola,global,,,layers.0.weight,db,29,-119.07334167478501,-117.62750981528757,-118.35042574503629,13,8.959825048195356e-05,0.0008868781887755102,100352
bayesfl_observability_v1,ola_sparse_bayesian_keep010_seed42,115,ola,global,,,layers.0.weight,db,30,-117.62750981528757,-116.18167795579014,-116.90459388553884,17,0.00011716694293794041,0.0010562818877551021,100352
bayesfl_observability_v1,ola_sparse_bayesian_keep010_seed42,115,ola,global,,,layers.0.weight,db,31,-116.18167795579014,-114.7358460962927,-115.45876202604143,20,0.0001378434622799299,0.0012555803571428572,100352
bayesfl_observability_v1,ola_sparse_bayesian_keep010_seed42,115,ola,global,,,layers.0.weight,db,32,-114.7358460962927,-113.29001423679526,-114.01293016654398,25,0.00017230432784991068,0.001504703443877551,100352
bayesfl_observability_v1,ola_sparse_bayesian_keep010_seed42,115,ola,global,,,layers.0.weight,db,33,-113.29001423679526,-111.84418237729783,-112.56709830704654,30,0.00020676519341989485,0.0018036511479591836,100352
bayesfl_observability_v1,ola_sparse_bayesian_keep010_seed42,115,ola,global,,,layers.0.weight,db,34,-111.84418237729783,-110.3983505178004,-111.12126644754912,38,0.00026190257833186677,0.0021823182397959183,100352
bayesfl_observability_v1,ola_sparse_bayesian_keep010_seed42,115,ola,global,,,layers.0.weight,db,35,-110.3983505178004,-108.95251865830295,-109.67543458805167,36,0.00024811823210387136,0.0025410554846938774,100352
bayesfl_observability_v1,ola_sparse_bayesian_keep010_seed42,115,ola,global,,,layers.0.weight,db,36,-108.95251865830295,-107.50668679880552,-108.22960272855423,52,0.00035839300192781775,0.003059231505102041,100352
bayesfl_observability_v1,ola_sparse_bayesian_keep010_seed42,115,ola,global,,,layers.0.weight,db,37,-107.50668679880552,-106.06085493930809,-106.78377086905681,51,0.0003515008288138212,0.003567442602040816,100352
bayesfl_observability_v1,ola_sparse_bayesian_keep010_seed42,115,ola,global,,,layers.0.weight,db,38,-106.06085493930809,-104.61502307981064,-105.33793900955936,75,0.000516912983549732,0.004314811862244898,100352
bayesfl_observability_v1,ola_sparse_bayesian_keep010_seed42,115,ola,global,,,layers.0.weight,db,39,-104.61502307981064,-103.16919122031322,-103.89210715006193,68,0.00046866777175176626,0.0049924266581632655,100352
bayesfl_observability_v1,ola_sparse_bayesian_keep010_seed42,115,ola,global,,,layers.0.weight,db,40,-103.16919122031322,-101.72335936081578,-102.4462752905645,103,0.000709893830741632,0.006018813775510204,100352
bayesfl_observability_v1,ola_sparse_bayesian_keep010_seed42,115,ola,global,,,layers.0.weight,db,41,-101.72335936081578,-100.27752750131835,-101.00044343106705,120,0.0008270607736795794,0.0072146045918367345,100352
bayesfl_observability_v1,ola_sparse_bayesian_keep010_seed42,115,ola,global,,,layers.0.weight,db,42,-100.27752750131835,-98.83169564182091,-99.55461157156964,113,0.0007788155618816039,0.00834064094387755,100352
bayesfl_observability_v1,ola_sparse_bayesian_keep010_seed42,115,ola,global,,,layers.0.weight,db,43,-98.83169564182091,-97.38586378232347,-98.10877971207219,148,0.0010200416208714712,0.00981544961734694,100352
bayesfl_observability_v1,ola_sparse_bayesian_keep010_seed42,115,ola,global,,,layers.0.weight,db,44,-97.38586378232347,-95.94003192282604,-96.66294785257475,183,0.0012612676798613586,0.011639030612244899,100352
bayesfl_observability_v1,ola_sparse_bayesian_keep010_seed42,115,ola,global,,,layers.0.weight,db,45,-95.94003192282604,-94.4942000633286,-95.21711599307733,193,0.0013301894110013235,0.013562260841836735,100352
bayesfl_observability_v1,ola_sparse_bayesian_keep010_seed42,115,ola,global,,,layers.0.weight,db,46,-94.4942000633286,-93.04836820383117,-93.77128413357988,233,0.0016058763355611832,0.01588408801020408,100352
bayesfl_observability_v1,ola_sparse_bayesian_keep010_seed42,115,ola,global,,,layers.0.weight,db,47,-93.04836820383117,-91.60253634433373,-92.32545227408245,271,0.0018677789138930316,0.018584582270408163,100352
bayesfl_observability_v1,ola_sparse_bayesian_keep010_seed42,115,ola,global,,,layers.0.weight,db,48,-91.60253634433373,-90.1567044848363,-90.87962041458502,322,0.0022192797427068715,0.02179328762755102,100352
bayesfl_observability_v1,ola_sparse_bayesian_keep010_seed42,115,ola,global,,,layers.0.weight,db,49,-90.1567044848363,-88.71087262533887,-89.43378855508757,375,0.0025845649177486853,0.025530133928571428,100352
bayesfl_observability_v1,ola_sparse_bayesian_keep010_seed42,115,ola,global,,,layers.0.weight,db,50,-88.71087262533887,-87.26504076584142,-87.98795669559014,465,0.0032048604980083385,0.030163823341836735,100352
bayesfl_observability_v1,ola_sparse_bayesian_keep010_seed42,115,ola,global,,,layers.0.weight,db,51,-87.26504076584142,-85.81920890634399,-86.54212483609271,516,0.0035563613268221913,0.03530572385204082,100352
bayesfl_observability_v1,ola_sparse_bayesian_keep010_seed42,115,ola,global,,,layers.0.weight,db,52,-85.81920890634399,-84.37337704684656,-85.09629297659527,621,0.004280039503791824,0.041493941326530615,100352
bayesfl_observability_v1,ola_sparse_bayesian_keep010_seed42,115,ola,global,,,layers.0.weight,db,53,-84.37337704684656,-82.92754518734912,-83.65046111709785,738,0.005086423758129413,0.04884805484693878,100352
bayesfl_observability_v1,ola_sparse_bayesian_keep010_seed42,115,ola,global,,,layers.0.weight,db,54,-82.92754518734912,-81.48171332785168,-82.2046292576004,909,0.006264985360622752,0.05790617028061224,100352
bayesfl_observability_v1,ola_sparse_bayesian_keep010_seed42,115,ola,global,,,layers.0.weight,db,55,-81.48171332785168,-80.03588146835425,-80.75879739810296,1110,0.007650312156536109,0.06896723533163265,100352
bayesfl_observability_v1,ola_sparse_bayesian_keep010_seed42,115,ola,global,,,layers.0.weight,db,56,-80.03588146835425,-78.59004960885682,-79.31296553860554,1228,0.008463588583987696,0.08120416135204081,100352
bayesfl_observability_v1,ola_sparse_bayesian_keep010_seed42,115,ola,global,,,layers.0.weight,db,57,-78.59004960885682,-77.14421774935938,-77.8671336791081,1457,0.010041896227092893,0.09572305484693877,100352
bayesfl_observability_v1,ola_sparse_bayesian_keep010_seed42,115,ola,global,,,layers.0.weight,db,58,-77.14421774935938,-75.69838588986194,-76.42130181961066,1758,0.01211644033440572,0.11324139030612244,100352
bayesfl_observability_v1,ola_sparse_bayesian_keep010_seed42,115,ola,global,,,layers.0.weight,db,59,-75.69838588986194,-74.25255403036451,-74.97546996011323,2026,0.013963542728956899,0.13343032525510204,100352
bayesfl_observability_v1,ola_sparse_bayesian_keep010_seed42,115,ola,global,,,layers.0.weight,db,60,-74.25255403036451,-72.80672217086708,-73.52963810061578,2456,0.016927177167975392,0.15790417729591838,100352
bayesfl_observability_v1,ola_sparse_bayesian_keep010_seed42,115,ola,global,,,layers.0.weight,db,61,-72.80672217086708,-71.36089031136964,-72.08380624111837,2827,0.019484173393268092,0.18607501594387754,100352
bayesfl_observability_v1,ola_sparse_bayesian_keep010_seed42,115,ola,global,,,layers.0.weight,db,62,-71.36089031136964,-69.9150584518722,-70.63797438162092,3461,0.023853811147541634,0.22056361607142858,100352
bayesfl_observability_v1,ola_sparse_bayesian_keep010_seed42,115,ola,global,,,layers.0.weight,db,63,-69.9150584518722,-68.46922659237477,-69.19214252212348,4008,0.02762382984089795,0.2605030293367347,100352
bayesfl_observability_v1,ola_sparse_bayesian_keep010_seed42,115,ola,global,,,layers.0.weight,db,64,-68.46922659237477,-67.02339473287734,-67.74631066262606,4843,0.03337879439108502,0.3087631536989796,100352
bayesfl_observability_v1,ola_sparse_bayesian_keep010_seed42,115,ola,global,,,layers.0.weight,db,65,-67.02339473287734,-65.57756287337989,-66.30047880312861,5674,0.039106190248815724,0.3653041294642857,100352
bayesfl_observability_v1,ola_sparse_bayesian_keep010_seed42,115,ola,global,,,layers.0.weight,db,66,-65.57756287337989,-64.13173101388246,-64.85464694363117,6577,0.04532982257075495,0.430843431122449,100352
bayesfl_observability_v1,ola_sparse_bayesian_keep010_seed42,115,ola,global,,,layers.0.weight,db,67,-64.13173101388246,-62.68589915438503,-63.40881508413374,7730,0.053276498171192906,0.5078722895408163,100352
bayesfl_observability_v1,ola_sparse_bayesian_keep010_seed42,115,ola,global,,,layers.0.weight,db,68,-62.68589915438503,-61.240067294887595,-61.96298322463631,8858,0.06105086944378095,0.5961415816326531,100352
bayesfl_observability_v1,ola_sparse_bayesian_keep010_seed42,115,ola,global,,,layers.0.weight,db,69,-61.240067294887595,-59.79423543539015,-60.51715136513887,10613,0.07314663325884407,0.7018993144132653,100352
bayesfl_observability_v1,ola_sparse_bayesian_keep010_seed42,115,ola,global,,,layers.0.weight,db,70,-59.79423543539015,-58.34840357589272,-59.07131950564143,9486,0.06537915415937075,0.7964265784438775,100352
bayesfl_observability_v1,ola_sparse_bayesian_keep010_seed42,115,ola,global,,,layers.0.weight,db,71,-58.34840357589272,-56.902571716395286,-57.625487646144,5882,0.04053976225652738,0.8550402582908163,100352
bayesfl_observability_v1,ola_sparse_bayesian_keep010_seed42,115,ola,global,,,layers.0.weight,db,72,-56.902571716395286,-55.456739856897855,-56.17965578664657,4739,0.03266200838722939,0.9022640306122449,100352
bayesfl_observability_v1,ola_sparse_bayesian_keep010_seed42,115,ola,global,,,layers.0.weight,db,73,-55.456739856897855,-54.01090799740041,-54.73382392714913,3952,0.02723786814651388,0.9416454081632653,100352
bayesfl_observability_v1,ola_sparse_bayesian_keep010_seed42,115,ola,global,,,layers.0.weight,db,74,-54.01090799740041,-52.56507613790298,-53.28799206765169,2932,0.020207851570237724,0.9708625637755102,100352
bayesfl_observability_v1,ola_sparse_bayesian_keep010_seed42,115,ola,global,,,layers.0.weight,db,75,-52.56507613790298,-51.119244278405546,-51.84216020815426,1771,0.012206038584887792,0.9885104432397959,100352
bayesfl_observability_v1,ola_sparse_bayesian_keep010_seed42,115,ola,global,,,layers.0.weight,db,76,-51.119244278405546,-49.673412418908114,-50.39632834865683,770,0.005306973297777301,0.9961834343112245,100352
bayesfl_observability_v1,ola_sparse_bayesian_keep010_seed42,115,ola,global,,,layers.0.weight,db,77,-49.673412418908114,-48.22758055941067,-48.95049648915939,297,0.0020469754148569387,0.9991430165816326,100352
bayesfl_observability_v1,ola_sparse_bayesian_keep010_seed42,115,ola,global,,,layers.0.weight,db,78,-48.22758055941067,-46.78174869991324,-47.50466462966195,76,0.0005238051566637335,0.9999003507653061,100352
bayesfl_observability_v1,ola_sparse_bayesian_keep010_seed42,115,ola,global,,,layers.0.weight,db,79,-46.78174869991324,-45.335916840415805,-46.05883277016452,10,6.892173113996495e-05,1.0,100352
bayesfl_observability_v1,ola_sparse_bayesian_keep010_seed42,115,ola,global,,,layers.0.bias,raw,0,8.020214628369947e-06,6.3863032892211e-05,3.5941623760290476e-05,12,1678.8192808797462,0.09375,128
bayesfl_observability_v1,ola_sparse_bayesian_keep010_seed42,115,ola,global,,,layers.0.bias,raw,1,6.3863032892211e-05,0.00011970585115605207,9.178444202413155e-05,5,699.5080336998941,0.1328125,128
bayesfl_observability_v1,ola_sparse_bayesian_keep010_seed42,115,ola,global,,,layers.0.bias,raw,2,0.00011970585115605207,0.00017554866941989314,0.0001476272602879726,6,839.4096404398729,0.1796875,128
bayesfl_observability_v1,ola_sparse_bayesian_keep010_seed42,115,ola,global,,,layers.0.bias,raw,3,0.00017554866941989314,0.0002313914876837342,0.00020347007855181368,5,699.5080336998942,0.21875,128
bayesfl_observability_v1,ola_sparse_bayesian_keep010_seed42,115,ola,global,,,layers.0.bias,raw,4,0.0002313914876837342,0.00028723430594757525,0.0002593128968156547,3,419.70482021993655,0.2421875,128
bayesfl_observability_v1,ola_sparse_bayesian_keep010_seed42,115,ola,global,,,layers.0.bias,raw,5,0.00028723430594757525,0.00034307712421141633,0.0003151557150794958,3,419.7048202199364,0.265625,128
bayesfl_observability_v1,ola_sparse_bayesian_keep010_seed42,115,ola,global,,,layers.0.bias,raw,6,0.00034307712421141633,0.00039891994247525736,0.0003709985333433368,3,419.7048202199368,0.2890625,128
bayesfl_observability_v1,ola_sparse_bayesian_keep010_seed42,115,ola,global,,,layers.0.bias,raw,7,0.00039891994247525736,0.00045476276073909845,0.0004268413516071779,3,419.7048202199364,0.3125,128
bayesfl_observability_v1,ola_sparse_bayesian_keep010_seed42,115,ola,global,,,layers.0.bias,raw,8,0.00045476276073909845,0.0005106055790029395,0.000482684169871019,0,0.0,0.3125,128
bayesfl_observability_v1,ola_sparse_bayesian_keep010_seed42,115,ola,global,,,layers.0.bias,raw,9,0.0005106055790029395,0.0005664483972667806,0.0005385269881348601,4,559.6064269599151,0.34375,128
bayesfl_observability_v1,ola_sparse_bayesian_keep010_seed42,115,ola,global,,,layers.0.bias,raw,10,0.0005664483972667806,0.0006222912155306216,0.000594369806398701,1,139.90160673997877,0.3515625,128
bayesfl_observability_v1,ola_sparse_bayesian_keep010_seed42,115,ola,global,,,layers.0.bias,raw,11,0.0006222912155306216,0.0006781340337944627,0.0006502126246625422,6,839.4096404398728,0.3984375,128
bayesfl_observability_v1,ola_sparse_bayesian_keep010_seed42,115,ola,global,,,layers.0.bias,raw,12,0.0006781340337944627,0.0007339768520583038,0.0007060554429263832,4,559.6064269599151,0.4296875,128
bayesfl_observability_v1,ola_sparse_bayesian_keep010_seed42,115,ola,global,,,layers.0.bias,raw,13,0.0007339768520583038,0.0007898196703221448,0.0007618982611902243,0,0.0,0.4296875,128
bayesfl_observability_v1,ola_sparse_bayesian_keep010_seed42,115,ola,global,,,layers.0.bias,raw,14,0.0007898196703221448,0.0008456624885859859,0.0008177410794540654,4,559.6064269599151,0.4609375,128
bayesfl_observability_v1,ola_sparse_bayesian_keep010_seed42,115,ola,global,,,layers.0.bias,raw,15,0.0008456624885859859,0.0009015053068498269,0.0008735838977179063,6,839.4096404398728,0.5078125,128
bayesfl_observability_v1,ola_sparse_bayesian_keep010_seed42,115,ola,global,,,layers.0.bias,raw,16,0.0009015053068498269,0.000957348125113668,0.0009294267159817475,7,979.3112471798515,0.5625,128
bayesfl_observability_v1,ola_sparse_bayesian_keep010_seed42,115,ola,global,,,layers.0.bias,raw,17,0.000957348125113668,0.0010131909433775089,0.0009852695342455885,6,839.409640439876,0.609375,128
bayesfl_observability_v1,ola_sparse_bayesian_keep010_seed42,115,ola,global,,,layers.0.bias,raw,18,0.0010131909433775089,0.00106903376164135,0.0010411123525094295,2,279.80321347995704,0.625,128
bayesfl_observability_v1,ola_sparse_bayesian_keep010_seed42,115,ola,global,,,layers.0.bias,raw,19,0.00106903376164135,0.001124876579905191,0.0010969551707732707,4,559.6064269599162,0.65625,128
bayesfl_observability_v1,ola_sparse_bayesian_keep010_seed42,115,ola,global,,,layers.0.bias,raw,20,0.001124876579905191,0.0011807193981690322,0.0011527979890371117,1,139.90160673997852,0.6640625,128
bayesfl_observability_v1,ola_sparse_bayesian_keep010_seed42,115,ola,global,,,layers.0.bias,raw,21,0.0011807193981690322,0.0012365622164328732,0.0012086408073009526,3,419.7048202199372,0.6875,128
bayesfl_observability_v1,ola_sparse_bayesian_keep010_seed42,115,ola,global,,,layers.0.bias,raw,22,0.0012365622164328732,0.0012924050346967142,0.0012644836255647938,2,279.8032134799581,0.703125,128
bayesfl_observability_v1,ola_sparse_bayesian_keep010_seed42,115,ola,global,,,layers.0.bias,raw,23,0.0012924050346967142,0.0013482478529605554,0.0013203264438286348,2,279.80321347995704,0.71875,128
bayesfl_observability_v1,ola_sparse_bayesian_keep010_seed42,115,ola,global,,,layers.0.bias,raw,24,0.0013482478529605554,0.0014040906712243964,0.0013761692620924758,2,279.8032134799581,0.734375,128
bayesfl_observability_v1,ola_sparse_bayesian_keep010_seed42,115,ola,global,,,layers.0.bias,raw,25,0.0014040906712243964,0.0014599334894882376,0.001432012080356317,2,279.80321347995704,0.75,128
bayesfl_observability_v1,ola_sparse_bayesian_keep010_seed42,115,ola,global,,,layers.0.bias,raw,26,0.0014599334894882376,0.0015157763077520785,0.0014878548986201581,2,279.8032134799581,0.765625,128
bayesfl_observability_v1,ola_sparse_bayesian_keep010_seed42,115,ola,global,,,layers.0.bias,raw,27,0.0015157763077520785,0.0015716191260159195,0.001543697716883999,3,419.7048202199372,0.7890625,128
bayesfl_observability_v1,ola_sparse_bayesian_keep010_seed42,115,ola,global,,,layers.0.bias,raw,28,0.0015716191260159195,0.0016274619442797607,0.00159954053514784,2,279.80321347995704,0.8046875,128
bayesfl_observability_v1,ola_sparse_bayesian_keep010_seed42,115,ola,global,,,layers.0.bias,raw,29,0.0016274619442797607,0.0016833047625436017,0.0016553833534116813,3,419.7048202199372,0.828125,128
bayesfl_observability_v1,ola_sparse_bayesian_keep010_seed42,115,ola,global,,,layers.0.bias,raw,30,0.0016833047625436017,0.0017391475808074429,0.0017112261716755223,3,419.7048202199355,0.8515625,128
bayesfl_observability_v1,ola_sparse_bayesian_keep010_seed42,115,ola,global,,,layers.0.bias,raw,31,0.0017391475808074429,0.0017949903990712838,0.0017670689899393632,3,419.7048202199372,0.875,128
bayesfl_observability_v1,ola_sparse_bayesian_keep010_seed42,115,ola,global,,,layers.0.bias,raw,32,0.0017949903990712838,0.0018508332173351248,0.0018229118082032044,1,139.90160673997906,0.8828125,128
bayesfl_observability_v1,ola_sparse_bayesian_keep010_seed42,115,ola,global,,,layers.0.bias,raw,33,0.0018508332173351248,0.001906676035598966,0.0018787546264670454,1,139.90160673997852,0.890625,128
bayesfl_observability_v1,ola_sparse_bayesian_keep010_seed42,115,ola,global,,,layers.0.bias,raw,34,0.001906676035598966,0.001962518853862807,0.0019345974447308866,2,279.80321347995704,0.90625,128
bayesfl_observability_v1,ola_sparse_bayesian_keep010_seed42,115,ola,global,,,layers.0.bias,raw,35,0.001962518853862807,0.002018361672126648,0.0019904402629947276,2,279.8032134799592,0.921875,128
bayesfl_observability_v1,ola_sparse_bayesian_keep010_seed42,115,ola,global,,,layers.0.bias,raw,36,0.002018361672126648,0.002074204490390489,0.0020462830812585688,2,279.80321347995704,0.9375,128
bayesfl_observability_v1,ola_sparse_bayesian_keep010_seed42,115,ola,global,,,layers.0.bias,raw,37,0.002074204490390489,0.0021300473086543303,0.0021021258995224095,2,279.80321347995704,0.953125,128
bayesfl_observability_v1,ola_sparse_bayesian_keep010_seed42,115,ola,global,,,layers.0.bias,raw,38,0.0021300473086543303,0.002185890126918171,0.0021579687177862507,0,0.0,0.953125,128
bayesfl_observability_v1,ola_sparse_bayesian_keep010_seed42,115,ola,global,,,layers.0.bias,raw,39,0.002185890126918171,0.0022417329451820123,0.002213811536050092,0,0.0,0.953125,128
bayesfl_observability_v1,ola_sparse_bayesian_keep010_seed42,115,ola,global,,,layers.0.bias,raw,40,0.0022417329451820123,0.0022975757634458535,0.0022696543543139326,1,139.90160673997852,0.9609375,128
bayesfl_observability_v1,ola_sparse_bayesian_keep010_seed42,115,ola,global,,,layers.0.bias,raw,41,0.0022975757634458535,0.0023534185817096947,0.0023254971725777743,0,0.0,0.9609375,128
bayesfl_observability_v1,ola_sparse_bayesian_keep010_seed42,115,ola,global,,,layers.0.bias,raw,42,0.0023534185817096947,0.0024092613999735354,0.002381339990841615,0,0.0,0.9609375,128
bayesfl_observability_v1,ola_sparse_bayesian_keep010_seed42,115,ola,global,,,layers.0.bias,raw,43,0.0024092613999735354,0.0024651042182373766,0.002437182809105456,1,139.90160673997852,0.96875,128
bayesfl_observability_v1,ola_sparse_bayesian_keep010_seed42,115,ola,global,,,layers.0.bias,raw,44,0.0024651042182373766,0.002520947036501218,0.0024930256273692974,1,139.90160673997852,0.9765625,128
bayesfl_observability_v1,ola_sparse_bayesian_keep010_seed42,115,ola,global,,,layers.0.bias,raw,45,0.002520947036501218,0.0025767898547650585,0.002548868445633138,1,139.9016067399796,0.984375,128
bayesfl_observability_v1,ola_sparse_bayesian_keep010_seed42,115,ola,global,,,layers.0.bias,raw,46,0.0025767898547650585,0.0026326326730288997,0.002604711263896979,1,139.90160673997852,0.9921875,128
bayesfl_observability_v1,ola_sparse_bayesian_keep010_seed42,115,ola,global,,,layers.0.bias,raw,47,0.0026326326730288997,0.002688475491292741,0.0026605540821608206,0,0.0,0.9921875,128
bayesfl_observability_v1,ola_sparse_bayesian_keep010_seed42,115,ola,global,,,layers.0.bias,raw,48,0.002688475491292741,0.0027443183095565817,0.0027163969004246613,0,0.0,0.9921875,128
bayesfl_observability_v1,ola_sparse_bayesian_keep010_seed42,115,ola,global,,,layers.0.bias,raw,49,0.0027443183095565817,0.002800161127820423,0.002772239718688502,0,0.0,0.9921875,128
bayesfl_observability_v1,ola_sparse_bayesian_keep010_seed42,115,ola,global,,,layers.0.bias,raw,50,0.002800161127820423,0.002856003946084264,0.0028280825369523437,0,0.0,0.9921875,128
bayesfl_observability_v1,ola_sparse_bayesian_keep010_seed42,115,ola,global,,,layers.0.bias,raw,51,0.002856003946084264,0.0029118467643481053,0.0028839253552161844,0,0.0,0.9921875,128
bayesfl_observability_v1,ola_sparse_bayesian_keep010_seed42,115,ola,global,,,layers.0.bias,raw,52,0.0029118467643481053,0.002967689582611946,0.0029397681734800256,0,0.0,0.9921875,128
bayesfl_observability_v1,ola_sparse_bayesian_keep010_seed42,115,ola,global,,,layers.0.bias,raw,53,0.002967689582611946,0.003023532400875787,0.002995610991743867,0,0.0,0.9921875,128
bayesfl_observability_v1,ola_sparse_bayesian_keep010_seed42,115,ola,global,,,layers.0.bias,raw,54,0.003023532400875787,0.0030793752191396284,0.0030514538100077076,0,0.0,0.9921875,128
bayesfl_observability_v1,ola_sparse_bayesian_keep010_seed42,115,ola,global,,,layers.0.bias,raw,55,0.0030793752191396284,0.003135218037403469,0.0031072966282715488,0,0.0,0.9921875,128
bayesfl_observability_v1,ola_sparse_bayesian_keep010_seed42,115,ola,global,,,layers.0.bias,raw,56,0.003135218037403469,0.0031910608556673103,0.00316313944653539,0,0.0,0.9921875,128
bayesfl_observability_v1,ola_sparse_bayesian_keep010_seed42,115,ola,global,,,layers.0.bias,raw,57,0.0031910608556673103,0.0032469036739311515,0.0032189822647992307,0,0.0,0.9921875,128
bayesfl_observability_v1,ola_sparse_bayesian_keep010_seed42,115,ola,global,,,layers.0.bias,raw,58,0.0032469036739311515,0.0033027464921949923,0.003274825083063072,0,0.0,0.9921875,128
bayesfl_observability_v1,ola_sparse_bayesian_keep010_seed42,115,ola,global,,,layers.0.bias,raw,59,0.0033027464921949923,0.0033585893104588335,0.003330667901326913,0,0.0,0.9921875,128
bayesfl_observability_v1,ola_sparse_bayesian_keep010_seed42,115,ola,global,,,layers.0.bias,raw,60,0.0033585893104588335,0.0034144321287226747,0.003386510719590754,0,0.0,0.9921875,128
bayesfl_observability_v1,ola_sparse_bayesian_keep010_seed42,115,ola,global,,,layers.0.bias,raw,61,0.0034144321287226747,0.003470274946986516,0.0034423535378545955,0,0.0,0.9921875,128
bayesfl_observability_v1,ola_sparse_bayesian_keep010_seed42,115,ola,global,,,layers.0.bias,raw,62,0.003470274946986516,0.0035261177652503566,0.0034981963561184362,0,0.0,0.9921875,128
bayesfl_observability_v1,ola_sparse_bayesian_keep010_seed42,115,ola,global,,,layers.0.bias,raw,63,0.0035261177652503566,0.003581960583514198,0.003554039174382277,0,0.0,0.9921875,128
bayesfl_observability_v1,ola_sparse_bayesian_keep010_seed42,115,ola,global,,,layers.0.bias,raw,64,0.003581960583514198,0.003637803401778039,0.0036098819926461186,0,0.0,0.9921875,128
bayesfl_observability_v1,ola_sparse_bayesian_keep010_seed42,115,ola,global,,,layers.0.bias,raw,65,0.003637803401778039,0.0036936462200418798,0.0036657248109099594,0,0.0,0.9921875,128
bayesfl_observability_v1,ola_sparse_bayesian_keep010_seed42,115,ola,global,,,layers.0.bias,raw,66,0.0036936462200418798,0.003749489038305721,0.0037215676291738,0,0.0,0.9921875,128
bayesfl_observability_v1,ola_sparse_bayesian_keep010_seed42,115,ola,global,,,layers.0.bias,raw,67,0.003749489038305721,0.003805331856569562,0.0037774104474376418,0,0.0,0.9921875,128
bayesfl_observability_v1,ola_sparse_bayesian_keep010_seed42,115,ola,global,,,layers.0.bias,raw,68,0.003805331856569562,0.0038611746748334033,0.0038332532657014825,0,0.0,0.9921875,128
bayesfl_observability_v1,ola_sparse_bayesian_keep010_seed42,115,ola,global,,,layers.0.bias,raw,69,0.0038611746748334033,0.0039170174930972445,0.003889096083965324,0,0.0,0.9921875,128
bayesfl_observability_v1,ola_sparse_bayesian_keep010_seed42,115,ola,global,,,layers.0.bias,raw,70,0.0039170174930972445,0.003972860311361085,0.003944938902229165,0,0.0,0.9921875,128
bayesfl_observability_v1,ola_sparse_bayesian_keep010_seed42,115,ola,global,,,layers.0.bias,raw,71,0.003972860311361085,0.004028703129624926,0.004000781720493006,0,0.0,0.9921875,128
bayesfl_observability_v1,ola_sparse_bayesian_keep010_seed42,115,ola,global,,,layers.0.bias,raw,72,0.004028703129624926,0.004084545947888768,0.004056624538756846,0,0.0,0.9921875,128
bayesfl_observability_v1,ola_sparse_bayesian_keep010_seed42,115,ola,global,,,layers.0.bias,raw,73,0.004084545947888768,0.004140388766152608,0.004112467357020688,0,0.0,0.9921875,128
bayesfl_observability_v1,ola_sparse_bayesian_keep010_seed42,115,ola,global,,,layers.0.bias,raw,74,0.004140388766152608,0.004196231584416449,0.004168310175284529,0,0.0,0.9921875,128
bayesfl_observability_v1,ola_sparse_bayesian_keep010_seed42,115,ola,global,,,layers.0.bias,raw,75,0.004196231584416449,0.004252074402680291,0.00422415299354837,0,0.0,0.9921875,128
bayesfl_observability_v1,ola_sparse_bayesian_keep010_seed42,115,ola,global,,,layers.0.bias,raw,76,0.004252074402680291,0.0043079172209441316,0.004279995811812211,0,0.0,0.9921875,128
bayesfl_observability_v1,ola_sparse_bayesian_keep010_seed42,115,ola,global,,,layers.0.bias,raw,77,0.0043079172209441316,0.004363760039207972,0.004335838630076052,0,0.0,0.9921875,128
bayesfl_observability_v1,ola_sparse_bayesian_keep010_seed42,115,ola,global,,,layers.0.bias,raw,78,0.004363760039207972,0.004419602857471814,0.004391681448339893,0,0.0,0.9921875,128
bayesfl_observability_v1,ola_sparse_bayesian_keep010_seed42,115,ola,global,,,layers.0.bias,raw,79,0.004419602857471814,0.004475445675735655,0.004447524266603734,1,139.9016067399796,1.0,128
bayesfl_observability_v1,ola_sparse_bayesian_keep010_seed42,115,ola,global,,,layers.0.bias,db,0,-101.91627910575731,-101.22961654443525,-101.57294782509628,1,0.011377495206609484,0.0078125,128
bayesfl_observability_v1,ola_sparse_bayesian_keep010_seed42,115,ola,global,,,layers.0.bias,db,1,-101.22961654443525,-100.5429539831132,-100.88628526377423,0,0.0,0.0078125,128
bayesfl_observability_v1,ola_sparse_bayesian_keep010_seed42,115,ola,global,,,layers.0.bias,db,2,-100.5429539831132,-99.85629142179113,-100.19962270245216,1,0.011377495206609484,0.015625,128
bayesfl_observability_v1,ola_sparse_bayesian_keep010_seed42,115,ola,global,,,layers.0.bias,db,3,-99.85629142179113,-99.16962886046906,-99.5129601411301,1,0.011377495206609484,0.0234375,128
bayesfl_observability_v1,ola_sparse_bayesian_keep010_seed42,115,ola,global,,,layers.0.bias,db,4,-99.16962886046906,-98.482966299147,-98.82629757980803,1,0.011377495206609484,0.03125,128
bayesfl_observability_v1,ola_sparse_bayesian_keep010_seed42,115,ola,global,,,layers.0.bias,db,5,-98.482966299147,-97.79630373782494,-98.13963501848596,0,0.0,0.03125,128
bayesfl_observability_v1,ola_sparse_bayesian_keep010_seed42,115,ola,global,,,layers.0.bias,db,6,-97.79630373782494,-97.10964117650288,-97.45297245716391,0,0.0,0.03125,128
bayesfl_observability_v1,ola_sparse_bayesian_keep010_seed42,115,ola,global,,,layers.0.bias,db,7,-97.10964117650288,-96.42297861518081,-96.76630989584184,0,0.0,0.03125,128
bayesfl_observability_v1,ola_sparse_bayesian_keep010_seed42,115,ola,global,,,layers.0.bias,db,8,-96.42297861518081,-95.73631605385874,-96.07964733451978,0,0.0,0.03125,128
bayesfl_observability_v1,ola_sparse_bayesian_keep010_seed42,115,ola,global,,,layers.0.bias,db,9,-95.73631605385874,-95.04965349253669,-95.39298477319772,0,0.0,0.03125,128
bayesfl_observability_v1,ola_sparse_bayesian_keep010_seed42,115,ola,global,,,layers.0.bias,db,10,-95.04965349253669,-94.36299093121463,-94.70632221187566,0,0.0,0.03125,128
bayesfl_observability_v1,ola_sparse_bayesian_keep010_seed42,115,ola,global,,,layers.0.bias,db,11,-94.36299093121463,-93.67632836989256,-94.01965965055359,0,0.0,0.03125,128
bayesfl_observability_v1,ola_sparse_bayesian_keep010_seed42,115,ola,global,,,layers.0.bias,db,12,-93.67632836989256,-92.98966580857049,-93.33299708923153,0,0.0,0.03125,128
bayesfl_observability_v1,ola_sparse_bayesian_keep010_seed42,115,ola,global,,,layers.0.bias,db,13,-92.98966580857049,-92.30300324724844,-92.64633452790946,0,0.0,0.03125,128
bayesfl_observability_v1,ola_sparse_bayesian_keep010_seed42,115,ola,global,,,layers.0.bias,db,14,-92.30300324724844,-91.61634068592637,-91.95967196658741,1,0.011377495206609484,0.0390625,128
bayesfl_observability_v1,ola_sparse_bayesian_keep010_seed42,115,ola,global,,,layers.0.bias,db,15,-91.61634068592637,-90.92967812460431,-91.27300940526534,1,0.011377495206609484,0.046875,128
bayesfl_observability_v1,ola_sparse_bayesian_keep010_seed42,115,ola,global,,,layers.0.bias,db,16,-90.92967812460431,-90.24301556328226,-90.58634684394329,0,0.0,0.046875,128
bayesfl_observability_v1,ola_sparse_bayesian_keep010_seed42,115,ola,global,,,layers.0.bias,db,17,-90.24301556328226,-89.55635300196019,-89.89968428262122,0,0.0,0.046875,128
bayesfl_observability_v1,ola_sparse_bayesian_keep010_seed42,115,ola,global,,,layers.0.bias,db,18,-89.55635300196019,-88.86969044063812,-89.21302172129916,0,0.0,0.046875,128
bayesfl_observability_v1,ola_sparse_bayesian_keep010_seed42,115,ola,global,,,layers.0.bias,db,19,-88.86969044063812,-88.18302787931606,-88.52635915997709,0,0.0,0.046875,128
bayesfl_observability_v1,ola_sparse_bayesian_keep010_seed42,115,ola,global,,,layers.0.bias,db,20,-88.18302787931606,-87.496365317994,-87.83969659865502,1,0.01137749520660972,0.0546875,128
bayesfl_observability_v1,ola_sparse_bayesian_keep010_seed42,115,ola,global,,,layers.0.bias,db,21,-87.496365317994,-86.80970275667194,-87.15303403733297,0,0.0,0.0546875,128
bayesfl_observability_v1,ola_sparse_bayesian_keep010_seed42,115,ola,global,,,layers.0.bias,db,22,-86.80970275667194,-86.12304019534987,-86.4663714760109,3,0.03413248561982845,0.078125,128
bayesfl_observability_v1,ola_sparse_bayesian_keep010_seed42,115,ola,global,,,layers.0.bias,db,23,-86.12304019534987,-85.43637763402782,-85.77970891468885,0,0.0,0.078125,128
bayesfl_observability_v1,ola_sparse_bayesian_keep010_seed42,115,ola,global,,,layers.0.bias,db,24,-85.43637763402782,-84.74971507270575,-85.09304635336679,2,0.02275499041321897,0.09375,128
bayesfl_observability_v1,ola_sparse_bayesian_keep010_seed42,115,ola,global,,,layers.0.bias,db,25,-84.74971507270575,-84.06305251138369,-84.40638379204472,0,0.0,0.09375,128
bayesfl_observability_v1,ola_sparse_bayesian_keep010_seed42,115,ola,global,,,layers.0.bias,db,26,-84.06305251138369,-83.37638995006162,-83.71972123072266,0,0.0,0.09375,128
bayesfl_observability_v1,ola_sparse_bayesian_keep010_seed42,115,ola,global,,,layers.0.bias,db,27,-83.37638995006162,-82.68972738873956,-83.03305866940059,0,0.0,0.09375,128
bayesfl_observability_v1,ola_sparse_bayesian_keep010_seed42,115,ola,global,,,layers.0.bias,db,28,-82.68972738873956,-82.0030648274175,-82.34639610807852,0,0.0,0.09375,128
bayesfl_observability_v1,ola_sparse_bayesian_keep010_seed42,115,ola,global,,,layers.0.bias,db,29,-82.0030648274175,-81.31640226609544,-81.65973354675647,2,0.02275499041321897,0.109375,128
bayesfl_observability_v1,ola_sparse_bayesian_keep010_seed42,115,ola,global,,,layers.0.bias,db,30,-81.31640226609544,-80.62973970477337,-80.9730709854344,0,0.0,0.109375,128
bayesfl_observability_v1,ola_sparse_bayesian_keep010_seed42,115,ola,global,,,layers.0.bias,db,31,-80.62973970477337,-79.94307714345132,-80.28640842411235,2,0.02275499041321944,0.125,128
bayesfl_observability_v1,ola_sparse_bayesian_keep010_seed42,115,ola,global,,,layers.0.bias,db,32,-79.94307714345132,-79.25641458212925,-79.59974586279029,1,0.011377495206609484,0.1328125,128
bayesfl_observability_v1,ola_sparse_bayesian_keep010_seed42,115,ola,global,,,layers.0.bias,db,33,-79.25641458212925,-78.56975202080719,-78.91308330146822,0,0.0,0.1328125,128
bayesfl_observability_v1,ola_sparse_bayesian_keep010_seed42,115,ola,global,,,layers.0.bias,db,34,-78.56975202080719,-77.88308945948512,-78.22642074014615,0,0.0,0.1328125,128
bayesfl_observability_v1,ola_sparse_bayesian_keep010_seed42,115,ola,global,,,layers.0.bias,db,35,-77.88308945948512,-77.19642689816305,-77.53975817882409,0,0.0,0.1328125,128
bayesfl_observability_v1,ola_sparse_bayesian_keep010_seed42,115,ola,global,,,layers.0.bias,db,36,-77.19642689816305,-76.509764336841,-76.85309561750202,1,0.01137749520660972,0.140625,128
bayesfl_observability_v1,ola_sparse_bayesian_keep010_seed42,115,ola,global,,,layers.0.bias,db,37,-76.509764336841,-75.82310177551894,-76.16643305617997,3,0.03413248561982845,0.1640625,128
bayesfl_observability_v1,ola_sparse_bayesian_keep010_seed42,115,ola,global,,,layers.0.bias,db,38,-75.82310177551894,-75.13643921419687,-75.4797704948579,2,0.02275499041321897,0.1796875,128
bayesfl_observability_v1,ola_sparse_bayesian_keep010_seed42,115,ola,global,,,layers.0.bias,db,39,-75.13643921419687,-74.44977665287482,-74.79310793353585,1,0.01137749520660972,0.1875,128
bayesfl_observability_v1,ola_sparse_bayesian_keep010_seed42,115,ola,global,,,layers.0.bias,db,40,-74.44977665287482,-73.76311409155275,-74.10644537221378,1,0.011377495206609484,0.1953125,128
bayesfl_observability_v1,ola_sparse_bayesian_keep010_seed42,115,ola,global,,,layers.0.bias,db,41,-73.76311409155275,-73.07645153023068,-73.41978281089172,2,0.02275499041321897,0.2109375,128
bayesfl_observability_v1,ola_sparse_bayesian_keep010_seed42,115,ola,global,,,layers.0.bias,db,42,-73.07645153023068,-72.38978896890862,-72.73312024956965,1,0.011377495206609484,0.21875,128
bayesfl_observability_v1,ola_sparse_bayesian_keep010_seed42,115,ola,global,,,layers.0.bias,db,43,-72.38978896890862,-71.70312640758657,-72.04645768824759,1,0.01137749520660972,0.2265625,128
bayesfl_observability_v1,ola_sparse_bayesian_keep010_seed42,115,ola,global,,,layers.0.bias,db,44,-71.70312640758657,-71.0164638462645,-71.35979512692553,1,0.011377495206609484,0.234375,128
bayesfl_observability_v1,ola_sparse_bayesian_keep010_seed42,115,ola,global,,,layers.0.bias,db,45,-71.0164638462645,-70.32980128494243,-70.67313256560347,2,0.02275499041321897,0.25,128
bayesfl_observability_v1,ola_sparse_bayesian_keep010_seed42,115,ola,global,,,layers.0.bias,db,46,-70.32980128494243,-69.64313872362038,-69.98647000428141,0,0.0,0.25,128
bayesfl_observability_v1,ola_sparse_bayesian_keep010_seed42,115,ola,global,,,layers.0.bias,db,47,-69.64313872362038,-68.95647616229832,-69.29980744295935,2,0.02275499041321897,0.265625,128
bayesfl_observability_v1,ola_sparse_bayesian_keep010_seed42,115,ola,global,,,layers.0.bias,db,48,-68.95647616229832,-68.26981360097625,-68.61314488163728,2,0.02275499041321897,0.28125,128
bayesfl_observability_v1,ola_sparse_bayesian_keep010_seed42,115,ola,global,,,layers.0.bias,db,49,-68.26981360097625,-67.58315103965418,-67.92648232031522,1,0.011377495206609484,0.2890625,128
bayesfl_observability_v1,ola_sparse_bayesian_keep010_seed42,115,ola,global,,,layers.0.bias,db,50,-67.58315103965418,-66.89648847833212,-67.23981975899315,2,0.02275499041321897,0.3046875,128
bayesfl_observability_v1,ola_sparse_bayesian_keep010_seed42,115,ola,global,,,layers.0.bias,db,51,-66.89648847833212,-66.20982591701006,-66.55315719767108,1,0.01137749520660972,0.3125,128
bayesfl_observability_v1,ola_sparse_bayesian_keep010_seed42,115,ola,global,,,layers.0.bias,db,52,-66.20982591701006,-65.523163355688,-65.86649463634903,0,0.0,0.3125,128
bayesfl_observability_v1,ola_sparse_bayesian_keep010_seed42,115,ola,global,,,layers.0.bias,db,53,-65.523163355688,-64.83650079436595,-65.17983207502698,4,0.04550998082643888,0.34375,128
bayesfl_observability_v1,ola_sparse_bayesian_keep010_seed42,115,ola,global,,,layers.0.bias,db,54,-64.83650079436595,-64.14983823304388,-64.49316951370491,1,0.011377495206609484,0.3515625,128
bayesfl_observability_v1,ola_sparse_bayesian_keep010_seed42,115,ola,global,,,layers.0.bias,db,55,-64.14983823304388,-63.463175671721814,-63.80650695238285,6,0.0682649712396569,0.3984375,128
bayesfl_observability_v1,ola_sparse_bayesian_keep010_seed42,115,ola,global,,,layers.0.bias,db,56,-63.463175671721814,-62.77651311039975,-63.11984439106078,4,0.04550998082643794,0.4296875,128
bayesfl_observability_v1,ola_sparse_bayesian_keep010_seed42,115,ola,global,,,layers.0.bias,db,57,-62.77651311039975,-62.08985054907769,-62.433181829738714,0,0.0,0.4296875,128
bayesfl_observability_v1,ola_sparse_bayesian_keep010_seed42,115,ola,global,,,layers.0.bias,db,58,-62.08985054907769,-61.40318798775562,-61.746519268416655,4,0.04550998082643794,0.4609375,128
bayesfl_observability_v1,ola_sparse_bayesian_keep010_seed42,115,ola,global,,,layers.0.bias,db,59,-61.40318798775562,-60.71652542643356,-61.059856707094596,7,0.07964246644626721,0.515625,128
bayesfl_observability_v1,ola_sparse_bayesian_keep010_seed42,115,ola,global,,,layers.0.bias,db,60,-60.71652542643356,-60.0298628651115,-60.37319414577253,9,0.10239745685948536,0.5859375,128
bayesfl_observability_v1,ola_sparse_bayesian_keep010_seed42,115,ola,global,,,layers.0.bias,db,61,-60.0298628651115,-59.34320030378944,-59.686531584450464,5,0.05688747603304801,0.625,128
bayesfl_observability_v1,ola_sparse_bayesian_keep010_seed42,115,ola,global,,,layers.0.bias,db,62,-59.34320030378944,-58.65653774246737,-58.999869023128404,5,0.05688747603304742,0.6640625,128
bayesfl_observability_v1,ola_sparse_bayesian_keep010_seed42,115,ola,global,,,layers.0.bias,db,63,-58.65653774246737,-57.96987518114531,-58.313206461806345,4,0.04550998082643841,0.6953125,128
bayesfl_observability_v1,ola_sparse_bayesian_keep010_seed42,115,ola,global,,,layers.0.bias,db,64,-57.96987518114531,-57.28321261982325,-57.62654390048428,3,0.0341324856198288,0.71875,128
bayesfl_observability_v1,ola_sparse_bayesian_keep010_seed42,115,ola,global,,,layers.0.bias,db,65,-57.28321261982325,-56.59655005850119,-56.93988133916222,4,0.04550998082643794,0.75,128
bayesfl_observability_v1,ola_sparse_bayesian_keep010_seed42,115,ola,global,,,layers.0.bias,db,66,-56.59655005850119,-55.90988749717913,-56.25321877784016,6,0.0682649712396576,0.796875,128
bayesfl_observability_v1,ola_sparse_bayesian_keep010_seed42,115,ola,global,,,layers.0.bias,db,67,-55.90988749717913,-55.22322493585706,-55.566556216518094,7,0.0796424664462664,0.8515625,128
bayesfl_observability_v1,ola_sparse_bayesian_keep010_seed42,115,ola,global,,,layers.0.bias,db,68,-55.22322493585706,-54.536562374535,-54.87989365519603,4,0.04550998082643841,0.8828125,128
bayesfl_observability_v1,ola_sparse_bayesian_keep010_seed42,115,ola,global,,,layers.0.bias,db,69,-54.536562374535,-53.849899813212936,-54.19323109387397,6,0.0682649712396569,0.9296875,128
bayesfl_observability_v1,ola_sparse_bayesian_keep010_seed42,115,ola,global,,,layers.0.bias,db,70,-53.849899813212936,-53.16323725189088,-53.50656853255191,3,0.0341324856198288,0.953125,128
bayesfl_observability_v1,ola_sparse_bayesian_keep010_seed42,115,ola,global,,,layers.0.bias,db,71,-53.16323725189088,-52.47657469056881,-52.81990597122984,1,0.011377495206609484,0.9609375,128
bayesfl_observability_v1,ola_sparse_bayesian_keep010_seed42,115,ola,global,,,layers.0.bias,db,72,-52.47657469056881,-51.78991212924675,-52.13324340990778,3,0.0341324856198288,0.984375,128
bayesfl_observability_v1,ola_sparse_bayesian_keep010_seed42,115,ola,global,,,layers.0.bias,db,73,-51.78991212924675,-51.103249567924685,-51.44658084858572,1,0.011377495206609484,0.9921875,128
bayesfl_observability_v1,ola_sparse_bayesian_keep010_seed42,115,ola,global,,,layers.0.bias,db,74,-51.103249567924685,-50.416587006602626,-50.75991828726366,0,0.0,0.9921875,128
bayesfl_observability_v1,ola_sparse_bayesian_keep010_seed42,115,ola,global,,,layers.0.bias,db,75,-50.416587006602626,-49.72992444528056,-50.07325572594159,0,0.0,0.9921875,128
bayesfl_observability_v1,ola_sparse_bayesian_keep010_seed42,115,ola,global,,,layers.0.bias,db,76,-49.72992444528056,-49.0432618839585,-49.386593164619526,0,0.0,0.9921875,128
bayesfl_observability_v1,ola_sparse_bayesian_keep010_seed42,115,ola,global,,,layers.0.bias,db,77,-49.0432618839585,-48.356599322636434,-48.69993060329747,0,0.0,0.9921875,128
bayesfl_observability_v1,ola_sparse_bayesian_keep010_seed42,115,ola,global,,,layers.0.bias,db,78,-48.356599322636434,-47.669936761314375,-48.01326804197541,0,0.0,0.9921875,128
bayesfl_observability_v1,ola_sparse_bayesian_keep010_seed42,115,ola,global,,,layers.0.bias,db,79,-47.669936761314375,-46.98327419999231,-47.32660548065334,1,0.011377495206609484,1.0,128
bayesfl_observability_v1,ola_sparse_bayesian_keep010_seed42,115,ola,global,,,layers.1.weight,raw,0,2.8719517536696136e-08,0.0012810468783141312,0.0006405377989158339,177,107.94636207960023,0.13828125,1280
bayesfl_observability_v1,ola_sparse_bayesian_keep010_seed42,115,ola,global,,,layers.1.weight,raw,1,0.0012810468783141312,0.0025620650371107256,0.0019215559577124284,163,99.40823174562055,0.265625,1280
bayesfl_observability_v1,ola_sparse_bayesian_keep010_seed42,115,ola,global,,,layers.1.weight,raw,2,0.0025620650371107256,0.00384308319590732,0.0032025741165090226,128,78.06290591067135,0.365625,1280
bayesfl_observability_v1,ola_sparse_bayesian_keep010_seed42,115,ola,global,,,layers.1.weight,raw,3,0.00384308319590732,0.0051241013547039145,0.0044835922753056175,160,97.57863238833919,0.490625,1280
bayesfl_observability_v1,ola_sparse_bayesian_keep010_seed42,115,ola,global,,,layers.1.weight,raw,4,0.0051241013547039145,0.0064051195135005085,0.0057646104341022115,108,65.86557686212898,0.575,1280
bayesfl_observability_v1,ola_sparse_bayesian_keep010_seed42,115,ola,global,,,layers.1.weight,raw,5,0.0064051195135005085,0.007686137672297103,0.007045628592898806,101,61.59651169513909,0.65390625,1280
bayesfl_observability_v1,ola_sparse_bayesian_keep010_seed42,115,ola,global,,,layers.1.weight,raw,6,0.007686137672297103,0.008967155831093698,0.0083266467516954,67,40.86105231261702,0.70625,1280
bayesfl_observability_v1,ola_sparse_bayesian_keep010_seed42,115,ola,global,,,layers.1.weight,raw,7,0.008967155831093698,0.010248173989890292,0.009607664910491996,67,40.86105231261705,0.75859375,1280
bayesfl_observability_v1,ola_sparse_bayesian_keep010_seed42,115,ola,global,,,layers.1.weight,raw,8,0.010248173989890292,0.011529192148686886,0.010888683069288588,52,31.713055526210244,0.79921875,1280
bayesfl_observability_v1,ola_sparse_bayesian_keep010_seed42,115,ola,global,,,layers.1.weight,raw,9,0.011529192148686886,0.01281021030748348,0.012169701228085184,27,16.466394215532244,0.8203125,1280
bayesfl_observability_v1,ola_sparse_bayesian_keep010_seed42,115,ola,global,,,layers.1.weight,raw,10,0.01281021030748348,0.014091228466280076,0.013450719386881778,35,21.345325834949175,0.84765625,1280
bayesfl_observability_v1,ola_sparse_bayesian_keep010_seed42,115,ola,global,,,layers.1.weight,raw,11,0.014091228466280076,0.01537224662507667,0.014731737545678372,22,13.417061953396642,0.86484375,1280
bayesfl_observability_v1,ola_sparse_bayesian_keep010_seed42,115,ola,global,,,layers.1.weight,raw,12,0.01537224662507667,0.016653264783873262,0.016012755704474968,30,18.29599357281363,0.88828125,1280
bayesfl_observability_v1,ola_sparse_bayesian_keep010_seed42,115,ola,global,,,layers.1.weight,raw,13,0.016653264783873262,0.017934282942669858,0.01729377386327156,25,15.246661310677982,0.9078125,1280
bayesfl_observability_v1,ola_sparse_bayesian_keep010_seed42,115,ola,global,,,layers.1.weight,raw,14,0.017934282942669858,0.01921530110146645,0.018574792022068153,19,11.587462596115298,0.92265625,1280
bayesfl_observability_v1,ola_sparse_bayesian_keep010_seed42,115,ola,global,,,layers.1.weight,raw,15,0.01921530110146645,0.020496319260263046,0.01985581018086475,12,7.318397429125431,0.93203125,1280
bayesfl_observability_v1,ola_sparse_bayesian_keep010_seed42,115,ola,global,,,layers.1.weight,raw,16,0.020496319260263046,0.021777337419059642,0.021136828339661344,4,2.439465809708477,0.93515625,1280
bayesfl_observability_v1,ola_sparse_bayesian_keep010_seed42,115,ola,global,,,layers.1.weight,raw,17,0.021777337419059642,0.023058355577856234,0.02241784649845794,8,4.878931619416967,0.94140625,1280
bayesfl_observability_v1,ola_sparse_bayesian_keep010_seed42,115,ola,global,,,layers.1.weight,raw,18,0.023058355577856234,0.02433937373665283,0.023698864657254532,6,3.6591987145627156,0.94609375,1280
bayesfl_observability_v1,ola_sparse_bayesian_keep010_seed42,115,ola,global,,,layers.1.weight,raw,19,0.02433937373665283,0.025620391895449422,0.024979882816051124,8,4.878931619416967,0.95234375,1280
bayesfl_observability_v1,ola_sparse_bayesian_keep010_seed42,115,ola,global,,,layers.1.weight,raw,20,0.025620391895449422,0.026901410054246018,0.02626090097484772,7,4.269065166989835,0.9578125,1280
bayesfl_observability_v1,ola_sparse_bayesian_keep010_seed42,115,ola,global,,,layers.1.weight,raw,21,0.026901410054246018,0.028182428213042614,0.027541919133644316,6,3.6591987145627156,0.9625,1280
bayesfl_observability_v1,ola_sparse_bayesian_keep010_seed42,115,ola,global,,,layers.1.weight,raw,22,0.028182428213042614,0.029463446371839206,0.02882293729244091,3,1.829599357281363,0.96484375,1280
bayesfl_observability_v1,ola_sparse_bayesian_keep010_seed42,115,ola,global,,,layers.1.weight,raw,23,0.029463446371839206,0.030744464530635802,0.030103955451237504,6,3.6591987145627156,0.96953125,1280
bayesfl_observability_v1,ola_sparse_bayesian_keep010_seed42,115,ola,global,,,layers.1.weight,raw,24,0.030744464530635802,0.032025482689432394,0.031384973610034096,1,0.6098664524271209,0.9703125,1280
bayesfl_observability_v1,ola_sparse_bayesian_keep010_seed42,115,ola,global,,,layers.1.weight,raw,25,0.032025482689432394,0.03330650084822899,0.03266599176883069,3,1.8295993572813578,0.97265625,1280
bayesfl_observability_v1,ola_sparse_bayesian_keep010_seed42,115,ola,global,,,layers.1.weight,raw,26,0.03330650084822899,0.034587519007025586,0.03394700992762729,1,0.6098664524271192,0.9734375,1280
bayesfl_observability_v1,ola_sparse_bayesian_keep010_seed42,115,ola,global,,,layers.1.weight,raw,27,0.034587519007025586,0.03586853716582218,0.03522802808642388,3,1.8295993572813578,0.97578125,1280
bayesfl_observability_v1,ola_sparse_bayesian_keep010_seed42,115,ola,global,,,layers.1.weight,raw,28,0.03586853716582218,0.03714955532461878,0.03650904624522048,5,3.0493322621355965,0.9796875,1280
bayesfl_observability_v1,ola_sparse_bayesian_keep010_seed42,115,ola,global,,,layers.1.weight,raw,29,0.03714955532461878,0.038430573483415366,0.03779006440401707,1,0.6098664524271226,0.98046875,1280
bayesfl_observability_v1,ola_sparse_bayesian_keep010_seed42,115,ola,global,,,layers.1.weight,raw,30,0.038430573483415366,0.03971159164221196,0.039071082562813664,4,2.439465809708477,0.98359375,1280
bayesfl_observability_v1,ola_sparse_bayesian_keep010_seed42,115,ola,global,,,layers.1.weight,raw,31,0.03971159164221196,0.04099260980100856,0.04035210072161026,3,1.8295993572813578,0.9859375,1280
bayesfl_observability_v1,ola_sparse_bayesian_keep010_seed42,115,ola,global,,,layers.1.weight,raw,32,0.04099260980100856,0.04227362795980515,0.041633118880406855,3,1.8295993572813578,0.98828125,1280
bayesfl_observability_v1,ola_sparse_bayesian_keep010_seed42,115,ola,global,,,layers.1.weight,raw,33,0.04227362795980515,0.04355464611860175,0.04291413703920345,0,0.0,0.98828125,1280
bayesfl_observability_v1,ola_sparse_bayesian_keep010_seed42,115,ola,global,,,layers.1.weight,raw,34,0.04355464611860175,0.04483566427739834,0.04419515519800005,0,0.0,0.98828125,1280
bayesfl_observability_v1,ola_sparse_bayesian_keep010_seed42,115,ola,global,,,layers.1.weight,raw,35,0.04483566427739834,0.04611668243619493,0.045476173356796636,1,0.6098664524271192,0.9890625,1280
bayesfl_observability_v1,ola_sparse_bayesian_keep010_seed42,115,ola,global,,,layers.1.weight,raw,36,0.04611668243619493,0.04739770059499153,0.04675719151559323,0,0.0,0.9890625,1280
bayesfl_observability_v1,ola_sparse_bayesian_keep010_seed42,115,ola,global,,,layers.1.weight,raw,37,0.04739770059499153,0.048678718753788125,0.04803820967438983,2,1.2197329048542385,0.990625,1280
bayesfl_observability_v1,ola_sparse_bayesian_keep010_seed42,115,ola,global,,,layers.1.weight,raw,38,0.048678718753788125,0.04995973691258472,0.04931922783318642,0,0.0,0.990625,1280
bayesfl_observability_v1,ola_sparse_bayesian_keep010_seed42,115,ola,global,,,layers.1.weight,raw,39,0.04995973691258472,0.05124075507138131,0.05060024599198301,0,0.0,0.990625,1280
bayesfl_observability_v1,ola_sparse_bayesian_keep010_seed42,115,ola,global,,,layers.1.weight,raw,40,0.05124075507138131,0.052521773230177905,0.05188126415077961,0,0.0,0.990625,1280
bayesfl_observability_v1,ola_sparse_bayesian_keep010_seed42,115,ola,global,,,layers.1.weight,raw,41,0.052521773230177905,0.0538027913889745,0.0531622823095762,2,1.2197329048542385,0.9921875,1280
bayesfl_observability_v1,ola_sparse_bayesian_keep010_seed42,115,ola,global,,,layers.1.weight,raw,42,0.0538027913889745,0.0550838095477711,0.0544433004683728,2,1.2197329048542385,0.99375,1280
bayesfl_observability_v1,ola_sparse_bayesian_keep010_seed42,115,ola,global,,,layers.1.weight,raw,43,0.0550838095477711,0.05636482770656769,0.055724318627169395,1,0.6098664524271192,0.99453125,1280
bayesfl_observability_v1,ola_sparse_bayesian_keep010_seed42,115,ola,global,,,layers.1.weight,raw,44,0.05636482770656769,0.05764584586536429,0.05700533678596599,0,0.0,0.99453125,1280
bayesfl_observability_v1,ola_sparse_bayesian_keep010_seed42,115,ola,global,,,layers.1.weight,raw,45,0.05764584586536429,0.05892686402416088,0.058286354944762586,0,0.0,0.99453125,1280
bayesfl_observability_v1,ola_sparse_bayesian_keep010_seed42,115,ola,global,,,layers.1.weight,raw,46,0.05892686402416088,0.06020788218295747,0.059567373103559175,1,0.6098664524271192,0.9953125,1280
bayesfl_observability_v1,ola_sparse_bayesian_keep010_seed42,115,ola,global,,,layers.1.weight,raw,47,0.06020788218295747,0.06148890034175407,0.06084839126235577,0,0.0,0.9953125,1280
bayesfl_observability_v1,ola_sparse_bayesian_keep010_seed42,115,ola,global,,,layers.1.weight,raw,48,0.06148890034175407,0.06276991850055066,0.062129409421152366,1,0.6098664524271192,0.99609375,1280
bayesfl_observability_v1,ola_sparse_bayesian_keep010_seed42,115,ola,global,,,layers.1.weight,raw,49,0.06276991850055066,0.06405093665934726,0.06341042757994897,0,0.0,0.99609375,1280
bayesfl_observability_v1,ola_sparse_bayesian_keep010_seed42,115,ola,global,,,layers.1.weight,raw,50,0.06405093665934726,0.06533195481814386,0.06469144573874555,0,0.0,0.99609375,1280
bayesfl_observability_v1,ola_sparse_bayesian_keep010_seed42,115,ola,global,,,layers.1.weight,raw,51,0.06533195481814386,0.06661297297694045,0.06597246389754216,2,1.2197329048542385,0.99765625,1280
bayesfl_observability_v1,ola_sparse_bayesian_keep010_seed42,115,ola,global,,,layers.1.weight,raw,52,0.06661297297694045,0.06789399113573705,0.06725348205633874,0,0.0,0.99765625,1280
bayesfl_observability_v1,ola_sparse_bayesian_keep010_seed42,115,ola,global,,,layers.1.weight,raw,53,0.06789399113573705,0.06917500929453364,0.06853450021513535,1,0.6098664524271192,0.9984375,1280
bayesfl_observability_v1,ola_sparse_bayesian_keep010_seed42,115,ola,global,,,layers.1.weight,raw,54,0.06917500929453364,0.07045602745333024,0.06981551837393193,0,0.0,0.9984375,1280
bayesfl_observability_v1,ola_sparse_bayesian_keep010_seed42,115,ola,global,,,layers.1.weight,raw,55,0.07045602745333024,0.07173704561212683,0.07109653653272854,0,0.0,0.9984375,1280
bayesfl_observability_v1,ola_sparse_bayesian_keep010_seed42,115,ola,global,,,layers.1.weight,raw,56,0.07173704561212683,0.07301806377092343,0.07237755469152513,0,0.0,0.9984375,1280
bayesfl_observability_v1,ola_sparse_bayesian_keep010_seed42,115,ola,global,,,layers.1.weight,raw,57,0.07301806377092343,0.07429908192972003,0.07365857285032174,0,0.0,0.9984375,1280
bayesfl_observability_v1,ola_sparse_bayesian_keep010_seed42,115,ola,global,,,layers.1.weight,raw,58,0.07429908192972003,0.07558010008851661,0.07493959100911832,0,0.0,0.9984375,1280
bayesfl_observability_v1,ola_sparse_bayesian_keep010_seed42,115,ola,global,,,layers.1.weight,raw,59,0.07558010008851661,0.0768611182473132,0.0762206091679149,0,0.0,0.9984375,1280
bayesfl_observability_v1,ola_sparse_bayesian_keep010_seed42,115,ola,global,,,layers.1.weight,raw,60,0.0768611182473132,0.0781421364061098,0.07750162732671151,1,0.6098664524271192,0.99921875,1280
bayesfl_observability_v1,ola_sparse_bayesian_keep010_seed42,115,ola,global,,,layers.1.weight,raw,61,0.0781421364061098,0.0794231545649064,0.07878264548550809,0,0.0,0.99921875,1280
bayesfl_observability_v1,ola_sparse_bayesian_keep010_seed42,115,ola,global,,,layers.1.weight,raw,62,0.0794231545649064,0.08070417272370299,0.0800636636443047,0,0.0,0.99921875,1280
bayesfl_observability_v1,ola_sparse_bayesian_keep010_seed42,115,ola,global,,,layers.1.weight,raw,63,0.08070417272370299,0.08198519088249959,0.08134468180310128,0,0.0,0.99921875,1280
bayesfl_observability_v1,ola_sparse_bayesian_keep010_seed42,115,ola,global,,,layers.1.weight,raw,64,0.08198519088249959,0.08326620904129618,0.08262569996189789,0,0.0,0.99921875,1280
bayesfl_observability_v1,ola_sparse_bayesian_keep010_seed42,115,ola,global,,,layers.1.weight,raw,65,0.08326620904129618,0.08454722720009278,0.08390671812069447,0,0.0,0.99921875,1280
bayesfl_observability_v1,ola_sparse_bayesian_keep010_seed42,115,ola,global,,,layers.1.weight,raw,66,0.08454722720009278,0.08582824535888937,0.08518773627949108,0,0.0,0.99921875,1280
bayesfl_observability_v1,ola_sparse_bayesian_keep010_seed42,115,ola,global,,,layers.1.weight,raw,67,0.08582824535888937,0.08710926351768597,0.08646875443828766,0,0.0,0.99921875,1280
bayesfl_observability_v1,ola_sparse_bayesian_keep010_seed42,115,ola,global,,,layers.1.weight,raw,68,0.08710926351768597,0.08839028167648257,0.08774977259708427,0,0.0,0.99921875,1280
bayesfl_observability_v1,ola_sparse_bayesian_keep010_seed42,115,ola,global,,,layers.1.weight,raw,69,0.08839028167648257,0.08967129983527915,0.08903079075588086,0,0.0,0.99921875,1280
bayesfl_observability_v1,ola_sparse_bayesian_keep010_seed42,115,ola,global,,,layers.1.weight,raw,70,0.08967129983527915,0.09095231799407574,0.09031180891467744,0,0.0,0.99921875,1280
bayesfl_observability_v1,ola_sparse_bayesian_keep010_seed42,115,ola,global,,,layers.1.weight,raw,71,0.09095231799407574,0.09223333615287234,0.09159282707347405,0,0.0,0.99921875,1280
bayesfl_observability_v1,ola_sparse_bayesian_keep010_seed42,115,ola,global,,,layers.1.weight,raw,72,0.09223333615287234,0.09351435431166893,0.09287384523227063,0,0.0,0.99921875,1280
bayesfl_observability_v1,ola_sparse_bayesian_keep010_seed42,115,ola,global,,,layers.1.weight,raw,73,0.09351435431166893,0.09479537247046553,0.09415486339106724,0,0.0,0.99921875,1280
bayesfl_observability_v1,ola_sparse_bayesian_keep010_seed42,115,ola,global,,,layers.1.weight,raw,74,0.09479537247046553,0.09607639062926213,0.09543588154986382,0,0.0,0.99921875,1280
bayesfl_observability_v1,ola_sparse_bayesian_keep010_seed42,115,ola,global,,,layers.1.weight,raw,75,0.09607639062926213,0.09735740878805872,0.09671689970866043,0,0.0,0.99921875,1280
bayesfl_observability_v1,ola_sparse_bayesian_keep010_seed42,115,ola,global,,,layers.1.weight,raw,76,0.09735740878805872,0.09863842694685532,0.09799791786745701,0,0.0,0.99921875,1280
bayesfl_observability_v1,ola_sparse_bayesian_keep010_seed42,115,ola,global,,,layers.1.weight,raw,77,0.09863842694685532,0.09991944510565191,0.09927893602625362,0,0.0,0.99921875,1280
bayesfl_observability_v1,ola_sparse_bayesian_keep010_seed42,115,ola,global,,,layers.1.weight,raw,78,0.09991944510565191,0.10120046326444851,0.1005599541850502,0,0.0,0.99921875,1280
bayesfl_observability_v1,ola_sparse_bayesian_keep010_seed42,115,ola,global,,,layers.1.weight,raw,79,0.10120046326444851,0.10248148142324509,0.1018409723438468,1,0.6098664524271259,1.0,1280
bayesfl_observability_v1,ola_sparse_bayesian_keep010_seed42,115,ola,global,,,layers.1.weight,db,0,-150.83615476957928,-149.1980414862747,-150.017098127927,1,0.00047692061834940524,0.00078125,1280
bayesfl_observability_v1,ola_sparse_bayesian_keep010_seed42,115,ola,global,,,layers.1.weight,db,1,-149.1980414862747,-147.5599282029701,-148.37898484462238,0,0.0,0.00078125,1280
bayesfl_observability_v1,ola_sparse_bayesian_keep010_seed42,115,ola,global,,,layers.1.weight,db,2,-147.5599282029701,-145.9218149196655,-146.74087156131782,0,0.0,0.00078125,1280
bayesfl_observability_v1,ola_sparse_bayesian_keep010_seed42,115,ola,global,,,layers.1.weight,db,3,-145.9218149196655,-144.28370163636092,-145.1027582780132,0,0.0,0.00078125,1280
bayesfl_observability_v1,ola_sparse_bayesian_keep010_seed42,115,ola,global,,,layers.1.weight,db,4,-144.28370163636092,-142.64558835305633,-143.46464499470864,0,0.0,0.00078125,1280
bayesfl_observability_v1,ola_sparse_bayesian_keep010_seed42,115,ola,global,,,layers.1.weight,db,5,-142.64558835305633,-141.0074750697517,-141.82653171140402,0,0.0,0.00078125,1280
bayesfl_observability_v1,ola_sparse_bayesian_keep010_seed42,115,ola,global,,,layers.1.weight,db,6,-141.0074750697517,-139.36936178644712,-140.1884184280994,0,0.0,0.00078125,1280
bayesfl_observability_v1,ola_sparse_bayesian_keep010_seed42,115,ola,global,,,layers.1.weight,db,7,-139.36936178644712,-137.73124850314252,-138.55030514479483,0,0.0,0.00078125,1280
bayesfl_observability_v1,ola_sparse_bayesian_keep010_seed42,115,ola,global,,,layers.1.weight,db,8,-137.73124850314252,-136.09313521983793,-136.91219186149021,0,0.0,0.00078125,1280
bayesfl_observability_v1,ola_sparse_bayesian_keep010_seed42,115,ola,global,,,layers.1.weight,db,9,-136.09313521983793,-134.45502193653334,-135.27407857818565,0,0.0,0.00078125,1280
bayesfl_observability_v1,ola_sparse_bayesian_keep010_seed42,115,ola,global,,,layers.1.weight,db,10,-134.45502193653334,-132.81690865322875,-133.63596529488103,0,0.0,0.00078125,1280
bayesfl_observability_v1,ola_sparse_bayesian_keep010_seed42,115,ola,global,,,layers.1.weight,db,11,-132.81690865322875,-131.17879536992416,-131.99785201157647,0,0.0,0.00078125,1280
bayesfl_observability_v1,ola_sparse_bayesian_keep010_seed42,115,ola,global,,,layers.1.weight,db,12,-131.17879536992416,-129.54068208661957,-130.35973872827185,0,0.0,0.00078125,1280
bayesfl_observability_v1,ola_sparse_bayesian_keep010_seed42,115,ola,global,,,layers.1.weight,db,13,-129.54068208661957,-127.90256880331498,-128.7216254449673,0,0.0,0.00078125,1280
bayesfl_observability_v1,ola_sparse_bayesian_keep010_seed42,115,ola,global,,,layers.1.weight,db,14,-127.90256880331498,-126.26445552001039,-127.08351216166268,0,0.0,0.00078125,1280
bayesfl_observability_v1,ola_sparse_bayesian_keep010_seed42,115,ola,global,,,layers.1.weight,db,15,-126.26445552001039,-124.6263422367058,-125.44539887835809,0,0.0,0.00078125,1280
bayesfl_observability_v1,ola_sparse_bayesian_keep010_seed42,115,ola,global,,,layers.1.weight,db,16,-124.6263422367058,-122.98822895340119,-123.80728559505349,0,0.0,0.00078125,1280
bayesfl_observability_v1,ola_sparse_bayesian_keep010_seed42,115,ola,global,,,layers.1.weight,db,17,-122.98822895340119,-121.3501156700966,-122.1691723117489,0,0.0,0.00078125,1280
bayesfl_observability_v1,ola_sparse_bayesian_keep010_seed42,115,ola,global,,,layers.1.weight,db,18,-121.3501156700966,-119.71200238679201,-120.5310590284443,0,0.0,0.00078125,1280
bayesfl_observability_v1,ola_sparse_bayesian_keep010_seed42,115,ola,global,,,layers.1.weight,db,19,-119.71200238679201,-118.07388910348742,-118.89294574513971,0,0.0,0.00078125,1280
bayesfl_observability_v1,ola_sparse_bayesian_keep010_seed42,115,ola,global,,,layers.1.weight,db,20,-118.07388910348742,-116.43577582018281,-117.25483246183512,0,0.0,0.00078125,1280
bayesfl_observability_v1,ola_sparse_bayesian_keep010_seed42,115,ola,global,,,layers.1.weight,db,21,-116.43577582018281,-114.79766253687822,-115.61671917853052,0,0.0,0.00078125,1280
bayesfl_observability_v1,ola_sparse_bayesian_keep010_seed42,115,ola,global,,,layers.1.weight,db,22,-114.79766253687822,-113.15954925357363,-113.97860589522593,0,0.0,0.00078125,1280
bayesfl_observability_v1,ola_sparse_bayesian_keep010_seed42,115,ola,global,,,layers.1.weight,db,23,-113.15954925357363,-111.52143597026904,-112.34049261192133,0,0.0,0.00078125,1280
bayesfl_observability_v1,ola_sparse_bayesian_keep010_seed42,115,ola,global,,,layers.1.weight,db,24,-111.52143597026904,-109.88332268696445,-110.70237932861674,0,0.0,0.00078125,1280
bayesfl_observability_v1,ola_sparse_bayesian_keep010_seed42,115,ola,global,,,layers.1.weight,db,25,-109.88332268696445,-108.24520940365986,-109.06426604531215,0,0.0,0.00078125,1280
bayesfl_observability_v1,ola_sparse_bayesian_keep010_seed42,115,ola,global,,,layers.1.weight,db,26,-108.24520940365986,-106.60709612035527,-107.42615276200756,0,0.0,0.00078125,1280
bayesfl_observability_v1,ola_sparse_bayesian_keep010_seed42,115,ola,global,,,layers.1.weight,db,27,-106.60709612035527,-104.96898283705067,-105.78803947870297,0,0.0,0.00078125,1280
bayesfl_observability_v1,ola_sparse_bayesian_keep010_seed42,115,ola,global,,,layers.1.weight,db,28,-104.96898283705067,-103.33086955374608,-104.14992619539838,1,0.00047692061834940524,0.0015625,1280
bayesfl_observability_v1,ola_sparse_bayesian_keep010_seed42,115,ola,global,,,layers.1.weight,db,29,-103.33086955374608,-101.69275627044149,-102.51181291209379,0,0.0,0.0015625,1280
bayesfl_observability_v1,ola_sparse_bayesian_keep010_seed42,115,ola,global,,,layers.1.weight,db,30,-101.69275627044149,-100.05464298713689,-100.87369962878918,0,0.0,0.0015625,1280
bayesfl_observability_v1,ola_sparse_bayesian_keep010_seed42,115,ola,global,,,layers.1.weight,db,31,-100.05464298713689,-98.4165297038323,-99.23558634548459,0,0.0,0.0015625,1280
bayesfl_observability_v1,ola_sparse_bayesian_keep010_seed42,115,ola,global,,,layers.1.weight,db,32,-98.4165297038323,-96.7784164205277,-97.59747306218,0,0.0,0.0015625,1280
bayesfl_observability_v1,ola_sparse_bayesian_keep010_seed42,115,ola,global,,,layers.1.weight,db,33,-96.7784164205277,-95.1403031372231,-95.95935977887541,1,0.0004769206183494011,0.00234375,1280
bayesfl_observability_v1,ola_sparse_bayesian_keep010_seed42,115,ola,global,,,layers.1.weight,db,34,-95.1403031372231,-93.50218985391851,-94.3212464955708,0,0.0,0.00234375,1280
bayesfl_observability_v1,ola_sparse_bayesian_keep010_seed42,115,ola,global,,,layers.1.weight,db,35,-93.50218985391851,-91.86407657061392,-92.68313321226621,0,0.0,0.00234375,1280
bayesfl_observability_v1,ola_sparse_bayesian_keep010_seed42,115,ola,global,,,layers.1.weight,db,36,-91.86407657061392,-90.22596328730933,-91.04501992896162,0,0.0,0.00234375,1280
bayesfl_observability_v1,ola_sparse_bayesian_keep010_seed42,115,ola,global,,,layers.1.weight,db,37,-90.22596328730933,-88.58785000400474,-89.40690664565703,1,0.00047692061834940524,0.003125,1280
bayesfl_observability_v1,ola_sparse_bayesian_keep010_seed42,115,ola,global,,,layers.1.weight,db,38,-88.58785000400474,-86.94973672070014,-87.76879336235244,1,0.00047692061834940524,0.00390625,1280
bayesfl_observability_v1,ola_sparse_bayesian_keep010_seed42,115,ola,global,,,layers.1.weight,db,39,-86.94973672070014,-85.31162343739555,-86.13068007904785,0,0.0,0.00390625,1280
bayesfl_observability_v1,ola_sparse_bayesian_keep010_seed42,115,ola,global,,,layers.1.weight,db,40,-85.31162343739555,-83.67351015409096,-84.49256679574326,3,0.0014307618550482156,0.00625,1280
bayesfl_observability_v1,ola_sparse_bayesian_keep010_seed42,115,ola,global,,,layers.1.weight,db,41,-83.67351015409096,-82.03539687078636,-82.85445351243865,2,0.0009538412366988022,0.0078125,1280
bayesfl_observability_v1,ola_sparse_bayesian_keep010_seed42,115,ola,global,,,layers.1.weight,db,42,-82.03539687078636,-80.39728358748177,-81.21634022913406,2,0.0009538412366988105,0.009375,1280
bayesfl_observability_v1,ola_sparse_bayesian_keep010_seed42,115,ola,global,,,layers.1.weight,db,43,-80.39728358748177,-78.75917030417718,-79.57822694582947,3,0.0014307618550482156,0.01171875,1280
bayesfl_observability_v1,ola_sparse_bayesian_keep010_seed42,115,ola,global,,,layers.1.weight,db,44,-78.75917030417718,-77.12105702087258,-77.94011366252488,3,0.0014307618550482156,0.0140625,1280
bayesfl_observability_v1,ola_sparse_bayesian_keep010_seed42,115,ola,global,,,layers.1.weight,db,45,-77.12105702087258,-75.482943737568,-76.30200037922029,3,0.0014307618550482156,0.01640625,1280
bayesfl_observability_v1,ola_sparse_bayesian_keep010_seed42,115,ola,global,,,layers.1.weight,db,46,-75.482943737568,-73.8448304542634,-74.6638870959157,6,0.0028615237100964312,0.02109375,1280
bayesfl_observability_v1,ola_sparse_bayesian_keep010_seed42,115,ola,global,,,layers.1.weight,db,47,-73.8448304542634,-72.2067171709588,-73.0257738126111,3,0.0014307618550482033,0.0234375,1280
bayesfl_observability_v1,ola_sparse_bayesian_keep010_seed42,115,ola,global,,,layers.1.weight,db,48,-72.2067171709588,-70.5686038876542,-71.3876605293065,5,0.002384603091747026,0.02734375,1280
bayesfl_observability_v1,ola_sparse_bayesian_keep010_seed42,115,ola,global,,,layers.1.weight,db,49,-70.5686038876542,-68.93049060434961,-69.74954724600191,7,0.003338444328445837,0.0328125,1280
bayesfl_observability_v1,ola_sparse_bayesian_keep010_seed42,115,ola,global,,,layers.1.weight,db,50,-68.93049060434961,-67.29237732104502,-68.11143396269732,12,0.0057230474201928625,0.0421875,1280
bayesfl_observability_v1,ola_sparse_bayesian_keep010_seed42,115,ola,global,,,layers.1.weight,db,51,-67.29237732104502,-65.65426403774043,-66.47332067939273,23,0.01096917422203632,0.06015625,1280
bayesfl_observability_v1,ola_sparse_bayesian_keep010_seed42,115,ola,global,,,layers.1.weight,db,52,-65.65426403774043,-64.01615075443584,-64.83520739608814,12,0.0057230474201928625,0.06953125,1280
bayesfl_observability_v1,ola_sparse_bayesian_keep010_seed42,115,ola,global,,,layers.1.weight,db,53,-64.01615075443584,-62.37803747113125,-63.197094112783546,21,0.01001533298533751,0.0859375,1280
bayesfl_observability_v1,ola_sparse_bayesian_keep010_seed42,115,ola,global,,,layers.1.weight,db,54,-62.37803747113125,-60.739924187826645,-61.55898082947895,24,0.011446094840385626,0.1046875,1280
bayesfl_observability_v1,ola_sparse_bayesian_keep010_seed42,115,ola,global,,,layers.1.weight,db,55,-60.739924187826645,-59.101810904522054,-59.92086754617435,23,0.01096917422203632,0.12265625,1280
bayesfl_observability_v1,ola_sparse_bayesian_keep010_seed42,115,ola,global,,,layers.1.weight,db,56,-59.101810904522054,-57.46369762121746,-58.28275426286976,28,0.013353777313783347,0.14453125,1280
bayesfl_observability_v1,ola_sparse_bayesian_keep010_seed42,115,ola,global,,,layers.1.weight,db,57,-57.46369762121746,-55.82558433791287,-56.64464097956517,32,0.015261459787180968,0.16953125,1280
bayesfl_observability_v1,ola_sparse_bayesian_keep010_seed42,115,ola,global,,,layers.1.weight,db,58,-55.82558433791287,-54.18747105460828,-55.00652769626058,51,0.024322951535819665,0.209375,1280
bayesfl_observability_v1,ola_sparse_bayesian_keep010_seed42,115,ola,global,,,layers.1.weight,db,59,-54.18747105460828,-52.54935777130369,-53.368414412955985,45,0.021461427825723235,0.24453125,1280
bayesfl_observability_v1,ola_sparse_bayesian_keep010_seed42,115,ola,global,,,layers.1.weight,db,60,-52.54935777130369,-50.911244487999085,-51.73030112965139,56,0.026707554627566462,0.28828125,1280
bayesfl_observability_v1,ola_sparse_bayesian_keep010_seed42,115,ola,global,,,layers.1.weight,db,61,-50.911244487999085,-49.273131204694494,-50.09218784634679,68,0.032430602047759556,0.34140625,1280
bayesfl_observability_v1,ola_sparse_bayesian_keep010_seed42,115,ola,global,,,layers.1.weight,db,62,-49.273131204694494,-47.6350179213899,-48.4540745630422,68,0.032430602047759556,0.39453125,1280
bayesfl_observability_v1,ola_sparse_bayesian_keep010_seed42,115,ola,global,,,layers.1.weight,db,63,-47.6350179213899,-45.99690463808531,-46.81596127973761,108,0.05150742678173577,0.47890625,1280
bayesfl_observability_v1,ola_sparse_bayesian_keep010_seed42,115,ola,global,,,layers.1.weight,db,64,-45.99690463808531,-44.35879135478072,-45.177847996433016,94,0.04483053812484409,0.55234375,1280
bayesfl_observability_v1,ola_sparse_bayesian_keep010_seed42,115,ola,global,,,layers.1.weight,db,65,-44.35879135478072,-42.72067807147613,-43.539734713128425,107,0.05103050616338636,0.6359375,1280
bayesfl_observability_v1,ola_sparse_bayesian_keep010_seed42,115,ola,global,,,layers.1.weight,db,66,-42.72067807147613,-41.08256478817154,-41.901621429823834,83,0.03958441132300063,0.70078125,1280
bayesfl_observability_v1,ola_sparse_bayesian_keep010_seed42,115,ola,global,,,layers.1.weight,db,67,-41.08256478817154,-39.44445150486693,-40.263508146519236,91,0.0433997762697955,0.771875,1280
bayesfl_observability_v1,ola_sparse_bayesian_keep010_seed42,115,ola,global,,,layers.1.weight,db,68,-39.44445150486693,-37.80633822156234,-38.62539486321464,64,0.030522919574361936,0.821875,1280
bayesfl_observability_v1,ola_sparse_bayesian_keep010_seed42,115,ola,global,,,layers.1.weight,db,69,-37.80633822156234,-36.16822493825775,-36.98728157991005,57,0.0271844752459161,0.86640625,1280
bayesfl_observability_v1,ola_sparse_bayesian_keep010_seed42,115,ola,global,,,layers.1.weight,db,70,-36.16822493825775,-34.53011165495316,-35.349168296605455,63,0.03004599895601253,0.915625,1280
bayesfl_observability_v1,ola_sparse_bayesian_keep010_seed42,115,ola,global,,,layers.1.weight,db,71,-34.53011165495316,-32.89199837164857,-33.711055013300864,31,0.014784539168831563,0.93984375,1280
bayesfl_observability_v1,ola_sparse_bayesian_keep010_seed42,115,ola,global,,,layers.1.weight,db,72,-32.89199837164857,-31.253885088343978,-32.07294172999627,27,0.012876856695433942,0.9609375,1280
bayesfl_observability_v1,ola_sparse_bayesian_keep010_seed42,115,ola,global,,,layers.1.weight,db,73,-31.253885088343978,-29.615771805039373,-30.434828446691675,15,0.007153809275241016,0.97265625,1280
bayesfl_observability_v1,ola_sparse_bayesian_keep010_seed42,115,ola,global,,,layers.1.weight,db,74,-29.615771805039373,-27.97765852173478,-28.796715163387077,15,0.007153809275241079,0.984375,1280
bayesfl_observability_v1,ola_sparse_bayesian_keep010_seed42,115,ola,global,,,layers.1.weight,db,75,-27.97765852173478,-26.33954523843019,-27.158601880082486,7,0.003338444328445837,0.98984375,1280
bayesfl_observability_v1,ola_sparse_bayesian_keep010_seed42,115,ola,global,,,layers.1.weight,db,76,-26.33954523843019,-24.7014319551256,-25.520488596777895,6,0.0028615237100964312,0.99453125,1280
bayesfl_observability_v1,ola_sparse_bayesian_keep010_seed42,115,ola,global,,,layers.1.weight,db,77,-24.7014319551256,-23.06331867182101,-23.882375313473304,5,0.002384603091747026,0.9984375,1280
bayesfl_observability_v1,ola_sparse_bayesian_keep010_seed42,115,ola,global,,,layers.1.weight,db,78,-23.06331867182101,-21.425205388516417,-22.244262030168713,1,0.00047692061834940524,0.99921875,1280
bayesfl_observability_v1,ola_sparse_bayesian_keep010_seed42,115,ola,global,,,layers.1.weight,db,79,-21.425205388516417,-19.787092105211816,-20.606148746864115,1,0.00047692061834940215,1.0,1280
bayesfl_observability_v1,ola_sparse_bayesian_keep010_seed42,115,ola,global,,,layers.1.bias,raw,0,0.00029419157475556277,0.0004336755748125824,0.0003639335747840726,1,716.9281061564122,0.1,10
bayesfl_observability_v1,ola_sparse_bayesian_keep010_seed42,115,ola,global,,,layers.1.bias,raw,1,0.0004336755748125824,0.000573159574869602,0.0005034175748410922,1,716.9281061564128,0.2,10
bayesfl_observability_v1,ola_sparse_bayesian_keep010_seed42,115,ola,global,,,layers.1.bias,raw,2,0.000573159574869602,0.0007126435749266216,0.0006429015748981117,3,2150.784318469237,0.5,10
bayesfl_observability_v1,ola_sparse_bayesian_keep010_seed42,115,ola,global,,,layers.1.bias,raw,3,0.0007126435749266216,0.0008521275749836413,0.0007823855749551315,0,0.0,0.5,10
bayesfl_observability_v1,ola_sparse_bayesian_keep010_seed42,115,ola,global,,,layers.1.bias,raw,4,0.0008521275749836413,0.0009916115750406608,0.000921869575012151,0,0.0,0.5,10
bayesfl_observability_v1,ola_sparse_bayesian_keep010_seed42,115,ola,global,,,layers.1.bias,raw,5,0.0009916115750406608,0.0011310955750976803,0.0010613535750691706,0,0.0,0.5,10
bayesfl_observability_v1,ola_sparse_bayesian_keep010_seed42,115,ola,global,,,layers.1.bias,raw,6,0.0011310955750976803,0.0012705795751547,0.0012008375751261903,0,0.0,0.5,10
bayesfl_observability_v1,ola_sparse_bayesian_keep010_seed42,115,ola,global,,,layers.1.bias,raw,7,0.0012705795751547,0.0014100635752117199,0.0013403215751832099,0,0.0,0.5,10
bayesfl_observability_v1,ola_sparse_bayesian_keep010_seed42,115,ola,global,,,layers.1.bias,raw,8,0.0014100635752117199,0.0015495475752687394,0.0014798055752402296,0,0.0,0.5,10
bayesfl_observability_v1,ola_sparse_bayesian_keep010_seed42,115,ola,global,,,layers.1.bias,raw,9,0.0015495475752687394,0.001689031575325759,0.0016192895752972492,1,716.9281061564128,0.6,10
bayesfl_observability_v1,ola_sparse_bayesian_keep010_seed42,115,ola,global,,,layers.1.bias,raw,10,0.001689031575325759,0.0018285155753827785,0.0017587735753542687,0,0.0,0.6,10
bayesfl_observability_v1,ola_sparse_bayesian_keep010_seed42,115,ola,global,,,layers.1.bias,raw,11,0.0018285155753827785,0.001967999575439798,0.0018982575754112883,0,0.0,0.6,10
bayesfl_observability_v1,ola_sparse_bayesian_keep010_seed42,115,ola,global,,,layers.1.bias,raw,12,0.001967999575439798,0.002107483575496818,0.002037741575468308,0,0.0,0.6,10
bayesfl_observability_v1,ola_sparse_bayesian_keep010_seed42,115,ola,global,,,layers.1.bias,raw,13,0.002107483575496818,0.0022469675755538376,0.0021772255755253276,0,0.0,0.6,10
bayesfl_observability_v1,ola_sparse_bayesian_keep010_seed42,115,ola,global,,,layers.1.bias,raw,14,0.0022469675755538376,0.002386451575610857,0.0023167095755823475,0,0.0,0.6,10
bayesfl_observability_v1,ola_sparse_bayesian_keep010_seed42,115,ola,global,,,layers.1.bias,raw,15,0.002386451575610857,0.0025259355756678766,0.0024561935756393666,0,0.0,0.6,10
bayesfl_observability_v1,ola_sparse_bayesian_keep010_seed42,115,ola,global,,,layers.1.bias,raw,16,0.0025259355756678766,0.002665419575724896,0.0025956775756963866,0,0.0,0.6,10
bayesfl_observability_v1,ola_sparse_bayesian_keep010_seed42,115,ola,global,,,layers.1.bias,raw,17,0.002665419575724896,0.0028049035757819157,0.0027351615757534057,0,0.0,0.6,10
bayesfl_observability_v1,ola_sparse_bayesian_keep010_seed42,115,ola,global,,,layers.1.bias,raw,18,0.0028049035757819157,0.0029443875758389357,0.0028746455758104257,0,0.0,0.6,10
bayesfl_observability_v1,ola_sparse_bayesian_keep010_seed42,115,ola,global,,,layers.1.bias,raw,19,0.0029443875758389357,0.0030838715758959552,0.0030141295758674457,0,0.0,0.6,10
bayesfl_observability_v1,ola_sparse_bayesian_keep010_seed42,115,ola,global,,,layers.1.bias,raw,20,0.0030838715758959552,0.0032233555759529748,0.003153613575924465,0,0.0,0.6,10
bayesfl_observability_v1,ola_sparse_bayesian_keep010_seed42,115,ola,global,,,layers.1.bias,raw,21,0.0032233555759529748,0.0033628395760099943,0.0032930975759814848,0,0.0,0.6,10
bayesfl_observability_v1,ola_sparse_bayesian_keep010_seed42,115,ola,global,,,layers.1.bias,raw,22,0.0033628395760099943,0.003502323576067014,0.003432581576038504,0,0.0,0.6,10
bayesfl_observability_v1,ola_sparse_bayesian_keep010_seed42,115,ola,global,,,layers.1.bias,raw,23,0.003502323576067014,0.0036418075761240334,0.003572065576095524,0,0.0,0.6,10
bayesfl_observability_v1,ola_sparse_bayesian_keep010_seed42,115,ola,global,,,layers.1.bias,raw,24,0.0036418075761240334,0.0037812915761810534,0.0037115495761525434,0,0.0,0.6,10
bayesfl_observability_v1,ola_sparse_bayesian_keep010_seed42,115,ola,global,,,layers.1.bias,raw,25,0.0037812915761810534,0.003920775576238073,0.0038510335762095634,0,0.0,0.6,10
bayesfl_observability_v1,ola_sparse_bayesian_keep010_seed42,115,ola,global,,,layers.1.bias,raw,26,0.003920775576238073,0.0040602595762950925,0.003990517576266583,0,0.0,0.6,10
bayesfl_observability_v1,ola_sparse_bayesian_keep010_seed42,115,ola,global,,,layers.1.bias,raw,27,0.0040602595762950925,0.0041997435763521124,0.004130001576323603,0,0.0,0.6,10
bayesfl_observability_v1,ola_sparse_bayesian_keep010_seed42,115,ola,global,,,layers.1.bias,raw,28,0.0041997435763521124,0.0043392275764091316,0.004269485576380622,0,0.0,0.6,10
bayesfl_observability_v1,ola_sparse_bayesian_keep010_seed42,115,ola,global,,,layers.1.bias,raw,29,0.0043392275764091316,0.0044787115764661515,0.004408969576437641,0,0.0,0.6,10
bayesfl_observability_v1,ola_sparse_bayesian_keep010_seed42,115,ola,global,,,layers.1.bias,raw,30,0.0044787115764661515,0.004618195576523171,0.004548453576494661,0,0.0,0.6,10
bayesfl_observability_v1,ola_sparse_bayesian_keep010_seed42,115,ola,global,,,layers.1.bias,raw,31,0.004618195576523171,0.004757679576580191,0.004687937576551681,0,0.0,0.6,10
bayesfl_observability_v1,ola_sparse_bayesian_keep010_seed42,115,ola,global,,,layers.1.bias,raw,32,0.004757679576580191,0.004897163576637211,0.0048274215766087,0,0.0,0.6,10
bayesfl_observability_v1,ola_sparse_bayesian_keep010_seed42,115,ola,global,,,layers.1.bias,raw,33,0.004897163576637211,0.00503664757669423,0.00496690557666572,0,0.0,0.6,10
bayesfl_observability_v1,ola_sparse_bayesian_keep010_seed42,115,ola,global,,,layers.1.bias,raw,34,0.00503664757669423,0.00517613157675125,0.00510638957672274,0,0.0,0.6,10
bayesfl_observability_v1,ola_sparse_bayesian_keep010_seed42,115,ola,global,,,layers.1.bias,raw,35,0.00517613157675125,0.005315615576808269,0.005245873576779759,1,716.9281061564151,0.7,10
bayesfl_observability_v1,ola_sparse_bayesian_keep010_seed42,115,ola,global,,,layers.1.bias,raw,36,0.005315615576808269,0.005455099576865289,0.005385357576836778,1,716.9281061564106,0.8,10
bayesfl_observability_v1,ola_sparse_bayesian_keep010_seed42,115,ola,global,,,layers.1.bias,raw,37,0.005455099576865289,0.005594583576922309,0.005524841576893799,1,716.9281061564106,0.9,10
bayesfl_observability_v1,ola_sparse_bayesian_keep010_seed42,115,ola,global,,,layers.1.bias,raw,38,0.005594583576922309,0.005734067576979328,0.005664325576950818,0,0.0,0.9,10
bayesfl_observability_v1,ola_sparse_bayesian_keep010_seed42,115,ola,global,,,layers.1.bias,raw,39,0.005734067576979328,0.005873551577036348,0.005803809577007837,0,0.0,0.9,10
bayesfl_observability_v1,ola_sparse_bayesian_keep010_seed42,115,ola,global,,,layers.1.bias,raw,40,0.005873551577036348,0.006013035577093367,0.005943293577064857,0,0.0,0.9,10
bayesfl_observability_v1,ola_sparse_bayesian_keep010_seed42,115,ola,global,,,layers.1.bias,raw,41,0.006013035577093367,0.006152519577150387,0.006082777577121877,0,0.0,0.9,10
bayesfl_observability_v1,ola_sparse_bayesian_keep010_seed42,115,ola,global,,,layers.1.bias,raw,42,0.006152519577150387,0.006292003577207407,0.0062222615771788965,0,0.0,0.9,10
bayesfl_observability_v1,ola_sparse_bayesian_keep010_seed42,115,ola,global,,,layers.1.bias,raw,43,0.006292003577207407,0.006431487577264426,0.006361745577235916,0,0.0,0.9,10
bayesfl_observability_v1,ola_sparse_bayesian_keep010_seed42,115,ola,global,,,layers.1.bias,raw,44,0.006431487577264426,0.006570971577321446,0.006501229577292936,0,0.0,0.9,10
bayesfl_observability_v1,ola_sparse_bayesian_keep010_seed42,115,ola,global,,,layers.1.bias,raw,45,0.006570971577321446,0.006710455577378465,0.0066407135773499555,0,0.0,0.9,10
bayesfl_observability_v1,ola_sparse_bayesian_keep010_seed42,115,ola,global,,,layers.1.bias,raw,46,0.006710455577378465,0.006849939577435485,0.006780197577406975,0,0.0,0.9,10
bayesfl_observability_v1,ola_sparse_bayesian_keep010_seed42,115,ola,global,,,layers.1.bias,raw,47,0.006849939577435485,0.006989423577492504,0.006919681577463995,0,0.0,0.9,10
bayesfl_observability_v1,ola_sparse_bayesian_keep010_seed42,115,ola,global,,,layers.1.bias,raw,48,0.006989423577492504,0.007128907577549524,0.007059165577521015,0,0.0,0.9,10
bayesfl_observability_v1,ola_sparse_bayesian_keep010_seed42,115,ola,global,,,layers.1.bias,raw,49,0.007128907577549524,0.007268391577606544,0.007198649577578034,0,0.0,0.9,10
bayesfl_observability_v1,ola_sparse_bayesian_keep010_seed42,115,ola,global,,,layers.1.bias,raw,50,0.007268391577606544,0.007407875577663563,0.007338133577635054,0,0.0,0.9,10
bayesfl_observability_v1,ola_sparse_bayesian_keep010_seed42,115,ola,global,,,layers.1.bias,raw,51,0.007407875577663563,0.007547359577720583,0.007477617577692074,0,0.0,0.9,10
bayesfl_observability_v1,ola_sparse_bayesian_keep010_seed42,115,ola,global,,,layers.1.bias,raw,52,0.007547359577720583,0.007686843577777602,0.007617101577749093,0,0.0,0.9,10
bayesfl_observability_v1,ola_sparse_bayesian_keep010_seed42,115,ola,global,,,layers.1.bias,raw,53,0.007686843577777602,0.007826327577834623,0.007756585577806113,0,0.0,0.9,10
bayesfl_observability_v1,ola_sparse_bayesian_keep010_seed42,115,ola,global,,,layers.1.bias,raw,54,0.007826327577834623,0.007965811577891642,0.007896069577863133,0,0.0,0.9,10
bayesfl_observability_v1,ola_sparse_bayesian_keep010_seed42,115,ola,global,,,layers.1.bias,raw,55,0.007965811577891642,0.008105295577948661,0.008035553577920152,0,0.0,0.9,10
bayesfl_observability_v1,ola_sparse_bayesian_keep010_seed42,115,ola,global,,,layers.1.bias,raw,56,0.008105295577948661,0.008244779578005682,0.008175037577977173,0,0.0,0.9,10
bayesfl_observability_v1,ola_sparse_bayesian_keep010_seed42,115,ola,global,,,layers.1.bias,raw,57,0.008244779578005682,0.008384263578062701,0.008314521578034192,0,0.0,0.9,10
bayesfl_observability_v1,ola_sparse_bayesian_keep010_seed42,115,ola,global,,,layers.1.bias,raw,58,0.008384263578062701,0.008523747578119722,0.00845400557809121,0,0.0,0.9,10
bayesfl_observability_v1,ola_sparse_bayesian_keep010_seed42,115,ola,global,,,layers.1.bias,raw,59,0.008523747578119722,0.008663231578176741,0.008593489578148232,0,0.0,0.9,10
bayesfl_observability_v1,ola_sparse_bayesian_keep010_seed42,115,ola,global,,,layers.1.bias,raw,60,0.008663231578176741,0.00880271557823376,0.00873297357820525,0,0.0,0.9,10
bayesfl_observability_v1,ola_sparse_bayesian_keep010_seed42,115,ola,global,,,layers.1.bias,raw,61,0.00880271557823376,0.00894219957829078,0.00887245757826227,0,0.0,0.9,10
bayesfl_observability_v1,ola_sparse_bayesian_keep010_seed42,115,ola,global,,,layers.1.bias,raw,62,0.00894219957829078,0.0090816835783478,0.00901194157831929,0,0.0,0.9,10
bayesfl_observability_v1,ola_sparse_bayesian_keep010_seed42,115,ola,global,,,layers.1.bias,raw,63,0.0090816835783478,0.00922116757840482,0.00915142557837631,0,0.0,0.9,10
bayesfl_observability_v1,ola_sparse_bayesian_keep010_seed42,115,ola,global,,,layers.1.bias,raw,64,0.00922116757840482,0.009360651578461839,0.009290909578433329,0,0.0,0.9,10
bayesfl_observability_v1,ola_sparse_bayesian_keep010_seed42,115,ola,global,,,layers.1.bias,raw,65,0.009360651578461839,0.00950013557851886,0.009430393578490348,0,0.0,0.9,10
bayesfl_observability_v1,ola_sparse_bayesian_keep010_seed42,115,ola,global,,,layers.1.bias,raw,66,0.00950013557851886,0.009639619578575878,0.009569877578547369,0,0.0,0.9,10
bayesfl_observability_v1,ola_sparse_bayesian_keep010_seed42,115,ola,global,,,layers.1.bias,raw,67,0.009639619578575878,0.009779103578632898,0.009709361578604388,0,0.0,0.9,10
bayesfl_observability_v1,ola_sparse_bayesian_keep010_seed42,115,ola,global,,,layers.1.bias,raw,68,0.009779103578632898,0.009918587578689917,0.009848845578661407,0,0.0,0.9,10
bayesfl_observability_v1,ola_sparse_bayesian_keep010_seed42,115,ola,global,,,layers.1.bias,raw,69,0.009918587578689917,0.010058071578746938,0.009988329578718428,0,0.0,0.9,10
bayesfl_observability_v1,ola_sparse_bayesian_keep010_seed42,115,ola,global,,,layers.1.bias,raw,70,0.010058071578746938,0.010197555578803957,0.010127813578775447,0,0.0,0.9,10
bayesfl_observability_v1,ola_sparse_bayesian_keep010_seed42,115,ola,global,,,layers.1.bias,raw,71,0.010197555578803957,0.010337039578860976,0.010267297578832466,0,0.0,0.9,10
bayesfl_observability_v1,ola_sparse_bayesian_keep010_seed42,115,ola,global,,,layers.1.bias,raw,72,0.010337039578860976,0.010476523578917997,0.010406781578889485,0,0.0,0.9,10
bayesfl_observability_v1,ola_sparse_bayesian_keep010_seed42,115,ola,global,,,layers.1.bias,raw,73,0.010476523578917997,0.010616007578975016,0.010546265578946506,0,0.0,0.9,10
bayesfl_observability_v1,ola_sparse_bayesian_keep010_seed42,115,ola,global,,,layers.1.bias,raw,74,0.010616007578975016,0.010755491579032035,0.010685749579003525,0,0.0,0.9,10
bayesfl_observability_v1,ola_sparse_bayesian_keep010_seed42,115,ola,global,,,layers.1.bias,raw,75,0.010755491579032035,0.010894975579089056,0.010825233579060546,0,0.0,0.9,10
bayesfl_observability_v1,ola_sparse_bayesian_keep010_seed42,115,ola,global,,,layers.1.bias,raw,76,0.010894975579089056,0.011034459579146075,0.010964717579117565,0,0.0,0.9,10
bayesfl_observability_v1,ola_sparse_bayesian_keep010_seed42,115,ola,global,,,layers.1.bias,raw,77,0.011034459579146075,0.011173943579203094,0.011104201579174584,0,0.0,0.9,10
bayesfl_observability_v1,ola_sparse_bayesian_keep010_seed42,115,ola,global,,,layers.1.bias,raw,78,0.011173943579203094,0.011313427579260113,0.011243685579231603,0,0.0,0.9,10
bayesfl_observability_v1,ola_sparse_bayesian_keep010_seed42,115,ola,global,,,layers.1.bias,raw,79,0.011313427579260113,0.011452911579317134,0.011383169579288623,1,716.9281061564061,1.0,10
bayesfl_observability_v1,ola_sparse_bayesian_keep010_seed42,115,ola,global,,,layers.1.bias,db,0,-70.62739535108584,-70.22982393223305,-70.42860964165945,1,0.25152713514606767,0.1,10
bayesfl_observability_v1,ola_sparse_bayesian_keep010_seed42,115,ola,global,,,layers.1.bias,db,1,-70.22982393223305,-69.83225251338025,-70.03103822280664,0,0.0,0.1,10
bayesfl_observability_v1,ola_sparse_bayesian_keep010_seed42,115,ola,global,,,layers.1.bias,db,2,-69.83225251338025,-69.43468109452746,-69.63346680395387,0,0.0,0.1,10
bayesfl_observability_v1,ola_sparse_bayesian_keep010_seed42,115,ola,global,,,layers.1.bias,db,3,-69.43468109452746,-69.03710967567467,-69.23589538510106,0,0.0,0.1,10
bayesfl_observability_v1,ola_sparse_bayesian_keep010_seed42,115,ola,global,,,layers.1.bias,db,4,-69.03710967567467,-68.63953825682188,-68.83832396624828,0,0.0,0.1,10
bayesfl_observability_v1,ola_sparse_bayesian_keep010_seed42,115,ola,global,,,layers.1.bias,db,5,-68.63953825682188,-68.24196683796909,-68.44075254739548,0,0.0,0.1,10
bayesfl_observability_v1,ola_sparse_bayesian_keep010_seed42,115,ola,global,,,layers.1.bias,db,6,-68.24196683796909,-67.8443954191163,-68.0431811285427,0,0.0,0.1,10
bayesfl_observability_v1,ola_sparse_bayesian_keep010_seed42,115,ola,global,,,layers.1.bias,db,7,-67.8443954191163,-67.4468240002635,-67.6456097096899,0,0.0,0.1,10
bayesfl_observability_v1,ola_sparse_bayesian_keep010_seed42,115,ola,global,,,layers.1.bias,db,8,-67.4468240002635,-67.04925258141071,-67.24803829083712,0,0.0,0.1,10
bayesfl_observability_v1,ola_sparse_bayesian_keep010_seed42,115,ola,global,,,layers.1.bias,db,9,-67.04925258141071,-66.65168116255792,-66.85046687198431,1,0.25152713514606767,0.2,10
bayesfl_observability_v1,ola_sparse_bayesian_keep010_seed42,115,ola,global,,,layers.1.bias,db,10,-66.65168116255792,-66.25410974370513,-66.45289545313153,0,0.0,0.2,10
bayesfl_observability_v1,ola_sparse_bayesian_keep010_seed42,115,ola,global,,,layers.1.bias,db,11,-66.25410974370513,-65.85653832485234,-66.05532403427873,0,0.0,0.2,10
bayesfl_observability_v1,ola_sparse_bayesian_keep010_seed42,115,ola,global,,,layers.1.bias,db,12,-65.85653832485234,-65.45896690599955,-65.65775261542595,0,0.0,0.2,10
bayesfl_observability_v1,ola_sparse_bayesian_keep010_seed42,115,ola,global,,,layers.1.bias,db,13,-65.45896690599955,-65.06139548714675,-65.26018119657314,0,0.0,0.2,10
bayesfl_observability_v1,ola_sparse_bayesian_keep010_seed42,115,ola,global,,,layers.1.bias,db,14,-65.06139548714675,-64.66382406829396,-64.86260977772037,0,0.0,0.2,10
bayesfl_observability_v1,ola_sparse_bayesian_keep010_seed42,115,ola,global,,,layers.1.bias,db,15,-64.66382406829396,-64.26625264944117,-64.46503835886756,1,0.25152713514606767,0.3,10
bayesfl_observability_v1,ola_sparse_bayesian_keep010_seed42,115,ola,global,,,layers.1.bias,db,16,-64.26625264944117,-63.86868123058838,-64.06746694001478,1,0.25152713514606767,0.4,10
bayesfl_observability_v1,ola_sparse_bayesian_keep010_seed42,115,ola,global,,,layers.1.bias,db,17,-63.86868123058838,-63.47110981173559,-63.66989552116198,0,0.0,0.4,10
bayesfl_observability_v1,ola_sparse_bayesian_keep010_seed42,115,ola,global,,,layers.1.bias,db,18,-63.47110981173559,-63.073538392882796,-63.27232410230919,1,0.25152713514606767,0.5,10
bayesfl_observability_v1,ola_sparse_bayesian_keep010_seed42,115,ola,global,,,layers.1.bias,db,19,-63.073538392882796,-62.675966974030004,-62.8747526834564,0,0.0,0.5,10
bayesfl_observability_v1,ola_sparse_bayesian_keep010_seed42,115,ola,global,,,layers.1.bias,db,20,-62.675966974030004,-62.27839555517721,-62.47718126460361,0,0.0,0.5,10
bayesfl_observability_v1,ola_sparse_bayesian_keep010_seed42,115,ola,global,,,layers.1.bias,db,21,-62.27839555517721,-61.88082413632442,-62.07960984575082,0,0.0,0.5,10
bayesfl_observability_v1,ola_sparse_bayesian_keep010_seed42,115,ola,global,,,layers.1.bias,db,22,-61.88082413632442,-61.48325271747163,-61.682038426898025,0,0.0,0.5,10
bayesfl_observability_v1,ola_sparse_bayesian_keep010_seed42,115,ola,global,,,layers.1.bias,db,23,-61.48325271747163,-61.08568129861884,-61.28446700804523,0,0.0,0.5,10
bayesfl_observability_v1,ola_sparse_bayesian_keep010_seed42,115,ola,global,,,layers.1.bias,db,24,-61.08568129861884,-60.688109879766046,-60.88689558919244,0,0.0,0.5,10
bayesfl_observability_v1,ola_sparse_bayesian_keep010_seed42,115,ola,global,,,layers.1.bias,db,25,-60.688109879766046,-60.290538460913254,-60.48932417033965,0,0.0,0.5,10
bayesfl_observability_v1,ola_sparse_bayesian_keep010_seed42,115,ola,global,,,layers.1.bias,db,26,-60.290538460913254,-59.892967042060455,-60.09175275148685,0,0.0,0.5,10
bayesfl_observability_v1,ola_sparse_bayesian_keep010_seed42,115,ola,global,,,layers.1.bias,db,27,-59.892967042060455,-59.49539562320766,-59.69418133263406,0,0.0,0.5,10
bayesfl_observability_v1,ola_sparse_bayesian_keep010_seed42,115,ola,global,,,layers.1.bias,db,28,-59.49539562320766,-59.09782420435487,-59.29660991378127,0,0.0,0.5,10
bayesfl_observability_v1,ola_sparse_bayesian_keep010_seed42,115,ola,global,,,layers.1.bias,db,29,-59.09782420435487,-58.70025278550208,-58.899038494928476,0,0.0,0.5,10
bayesfl_observability_v1,ola_sparse_bayesian_keep010_seed42,115,ola,global,,,layers.1.bias,db,30,-58.70025278550208,-58.30268136664929,-58.501467076075684,0,0.0,0.5,10
bayesfl_observability_v1,ola_sparse_bayesian_keep010_seed42,115,ola,global,,,layers.1.bias,db,31,-58.30268136664929,-57.9051099477965,-58.10389565722289,0,0.0,0.5,10
bayesfl_observability_v1,ola_sparse_bayesian_keep010_seed42,115,ola,global,,,layers.1.bias,db,32,-57.9051099477965,-57.507538528943705,-57.7063242383701,0,0.0,0.5,10
bayesfl_observability_v1,ola_sparse_bayesian_keep010_seed42,115,ola,global,,,layers.1.bias,db,33,-57.507538528943705,-57.10996711009091,-57.30875281951731,0,0.0,0.5,10
bayesfl_observability_v1,ola_sparse_bayesian_keep010_seed42,115,ola,global,,,layers.1.bias,db,34,-57.10996711009091,-56.71239569123812,-56.91118140066452,0,0.0,0.5,10
bayesfl_observability_v1,ola_sparse_bayesian_keep010_seed42,115,ola,global,,,layers.1.bias,db,35,-56.71239569123812,-56.31482427238533,-56.513609981811726,0,0.0,0.5,10
bayesfl_observability_v1,ola_sparse_bayesian_keep010_seed42,115,ola,global,,,layers.1.bias,db,36,-56.31482427238533,-55.91725285353254,-56.116038562958934,1,0.25152713514606767,0.6,10
bayesfl_observability_v1,ola_sparse_bayesian_keep010_seed42,115,ola,global,,,layers.1.bias,db,37,-55.91725285353254,-55.51968143467975,-55.71846714410614,0,0.0,0.6,10
bayesfl_observability_v1,ola_sparse_bayesian_keep010_seed42,115,ola,global,,,layers.1.bias,db,38,-55.51968143467975,-55.122110015826955,-55.32089572525335,0,0.0,0.6,10
bayesfl_observability_v1,ola_sparse_bayesian_keep010_seed42,115,ola,global,,,layers.1.bias,db,39,-55.122110015826955,-54.72453859697416,-54.92332430640056,0,0.0,0.6,10
bayesfl_observability_v1,ola_sparse_bayesian_keep010_seed42,115,ola,global,,,layers.1.bias,db,40,-54.72453859697416,-54.32696717812137,-54.52575288754777,0,0.0,0.6,10
bayesfl_observability_v1,ola_sparse_bayesian_keep010_seed42,115,ola,global,,,layers.1.bias,db,41,-54.32696717812137,-53.92939575926858,-54.128181468694976,0,0.0,0.6,10
bayesfl_observability_v1,ola_sparse_bayesian_keep010_seed42,115,ola,global,,,layers.1.bias,db,42,-53.92939575926858,-53.53182434041579,-53.730610049842184,0,0.0,0.6,10
bayesfl_observability_v1,ola_sparse_bayesian_keep010_seed42,115,ola,global,,,layers.1.bias,db,43,-53.53182434041579,-53.134252921563,-53.33303863098939,0,0.0,0.6,10
bayesfl_observability_v1,ola_sparse_bayesian_keep010_seed42,115,ola,global,,,layers.1.bias,db,44,-53.134252921563,-52.736681502710205,-52.9354672121366,0,0.0,0.6,10
bayesfl_observability_v1,ola_sparse_bayesian_keep010_seed42,115,ola,global,,,layers.1.bias,db,45,-52.736681502710205,-52.33911008385741,-52.53789579328381,0,0.0,0.6,10
bayesfl_observability_v1,ola_sparse_bayesian_keep010_seed42,115,ola,global,,,layers.1.bias,db,46,-52.33911008385741,-51.94153866500462,-52.14032437443102,0,0.0,0.6,10
bayesfl_observability_v1,ola_sparse_bayesian_keep010_seed42,115,ola,global,,,layers.1.bias,db,47,-51.94153866500462,-51.54396724615183,-51.742752955578226,0,0.0,0.6,10
bayesfl_observability_v1,ola_sparse_bayesian_keep010_seed42,115,ola,global,,,layers.1.bias,db,48,-51.54396724615183,-51.14639582729904,-51.345181536725434,0,0.0,0.6,10
bayesfl_observability_v1,ola_sparse_bayesian_keep010_seed42,115,ola,global,,,layers.1.bias,db,49,-51.14639582729904,-50.74882440844625,-50.94761011787264,0,0.0,0.6,10
bayesfl_observability_v1,ola_sparse_bayesian_keep010_seed42,115,ola,global,,,layers.1.bias,db,50,-50.74882440844625,-50.351252989593455,-50.55003869901985,0,0.0,0.6,10
bayesfl_observability_v1,ola_sparse_bayesian_keep010_seed42,115,ola,global,,,layers.1.bias,db,51,-50.351252989593455,-49.95368157074066,-50.15246728016706,0,0.0,0.6,10
bayesfl_observability_v1,ola_sparse_bayesian_keep010_seed42,115,ola,global,,,layers.1.bias,db,52,-49.95368157074066,-49.55611015188787,-49.75489586131427,0,0.0,0.6,10
bayesfl_observability_v1,ola_sparse_bayesian_keep010_seed42,115,ola,global,,,layers.1.bias,db,53,-49.55611015188787,-49.15853873303507,-49.357324442461476,0,0.0,0.6,10
bayesfl_observability_v1,ola_sparse_bayesian_keep010_seed42,115,ola,global,,,layers.1.bias,db,54,-49.15853873303507,-48.76096731418228,-48.95975302360868,0,0.0,0.6,10
bayesfl_observability_v1,ola_sparse_bayesian_keep010_seed42,115,ola,global,,,layers.1.bias,db,55,-48.76096731418228,-48.36339589532949,-48.562181604755885,0,0.0,0.6,10
bayesfl_observability_v1,ola_sparse_bayesian_keep010_seed42,115,ola,global,,,layers.1.bias,db,56,-48.36339589532949,-47.9658244764767,-48.16461018590309,0,0.0,0.6,10
bayesfl_observability_v1,ola_sparse_bayesian_keep010_seed42,115,ola,global,,,layers.1.bias,db,57,-47.9658244764767,-47.568253057623906,-47.7670387670503,0,0.0,0.6,10
bayesfl_observability_v1,ola_sparse_bayesian_keep010_seed42,115,ola,global,,,layers.1.bias,db,58,-47.568253057623906,-47.170681638771114,-47.36946734819751,0,0.0,0.6,10
bayesfl_observability_v1,ola_sparse_bayesian_keep010_seed42,115,ola,global,,,layers.1.bias,db,59,-47.170681638771114,-46.77311021991832,-46.97189592934472,0,0.0,0.6,10
bayesfl_observability_v1,ola_sparse_bayesian_keep010_seed42,115,ola,global,,,layers.1.bias,db,60,-46.77311021991832,-46.37553880106553,-46.57432451049193,0,0.0,0.6,10
bayesfl_observability_v1,ola_sparse_bayesian_keep010_seed42,115,ola,global,,,layers.1.bias,db,61,-46.37553880106553,-45.97796738221274,-46.176753091639135,0,0.0,0.6,10
bayesfl_observability_v1,ola_sparse_bayesian_keep010_seed42,115,ola,global,,,layers.1.bias,db,62,-45.97796738221274,-45.58039596335995,-45.77918167278634,1,0.25152713514606767,0.7,10
bayesfl_observability_v1,ola_sparse_bayesian_keep010_seed42,115,ola,global,,,layers.1.bias,db,63,-45.58039596335995,-45.182824544507156,-45.38161025393355,1,0.25152713514606767,0.8,10
bayesfl_observability_v1,ola_sparse_bayesian_keep010_seed42,115,ola,global,,,layers.1.bias,db,64,-45.182824544507156,-44.785253125654364,-44.98403883508076,1,0.25152713514606767,0.9,10
bayesfl_observability_v1,ola_sparse_bayesian_keep010_seed42,115,ola,global,,,layers.1.bias,db,65,-44.785253125654364,-44.38768170680157,-44.58646741622797,0,0.0,0.9,10
bayesfl_observability_v1,ola_sparse_bayesian_keep010_seed42,115,ola,global,,,layers.1.bias,db,66,-44.38768170680157,-43.99011028794878,-44.18889599737518,0,0.0,0.9,10
bayesfl_observability_v1,ola_sparse_bayesian_keep010_seed42,115,ola,global,,,layers.1.bias,db,67,-43.99011028794878,-43.59253886909599,-43.791324578522385,0,0.0,0.9,10
bayesfl_observability_v1,ola_sparse_bayesian_keep010_seed42,115,ola,global,,,layers.1.bias,db,68,-43.59253886909599,-43.1949674502432,-43.39375315966959,0,0.0,0.9,10
bayesfl_observability_v1,ola_sparse_bayesian_keep010_seed42,115,ola,global,,,layers.1.bias,db,69,-43.1949674502432,-42.797396031390406,-42.9961817408168,0,0.0,0.9,10
bayesfl_observability_v1,ola_sparse_bayesian_keep010_seed42,115,ola,global,,,layers.1.bias,db,70,-42.797396031390406,-42.399824612537614,-42.59861032196401,0,0.0,0.9,10
bayesfl_observability_v1,ola_sparse_bayesian_keep010_seed42,115,ola,global,,,layers.1.bias,db,71,-42.399824612537614,-42.00225319368482,-42.20103890311122,0,0.0,0.9,10
bayesfl_observability_v1,ola_sparse_bayesian_keep010_seed42,115,ola,global,,,layers.1.bias,db,72,-42.00225319368482,-41.60468177483203,-41.80346748425843,0,0.0,0.9,10
bayesfl_observability_v1,ola_sparse_bayesian_keep010_seed42,115,ola,global,,,layers.1.bias,db,73,-41.60468177483203,-41.20711035597924,-41.405896065405635,0,0.0,0.9,10
bayesfl_observability_v1,ola_sparse_bayesian_keep010_seed42,115,ola,global,,,layers.1.bias,db,74,-41.20711035597924,-40.80953893712645,-41.00832464655284,0,0.0,0.9,10
bayesfl_observability_v1,ola_sparse_bayesian_keep010_seed42,115,ola,global,,,layers.1.bias,db,75,-40.80953893712645,-40.411967518273656,-40.61075322770005,0,0.0,0.9,10
bayesfl_observability_v1,ola_sparse_bayesian_keep010_seed42,115,ola,global,,,layers.1.bias,db,76,-40.411967518273656,-40.014396099420864,-40.21318180884726,0,0.0,0.9,10
bayesfl_observability_v1,ola_sparse_bayesian_keep010_seed42,115,ola,global,,,layers.1.bias,db,77,-40.014396099420864,-39.61682468056807,-39.81561038999447,0,0.0,0.9,10
bayesfl_observability_v1,ola_sparse_bayesian_keep010_seed42,115,ola,global,,,layers.1.bias,db,78,-39.61682468056807,-39.21925326171528,-39.41803897114168,0,0.0,0.9,10
bayesfl_observability_v1,ola_sparse_bayesian_keep010_seed42,115,ola,global,,,layers.1.bias,db,79,-39.21925326171528,-38.82168184286249,-39.020467552288885,1,0.25152713514606767,1.0,10
bayesfl_observability_v1,ola_sparse_bayesian_keep010_seed42,120,ola,global,,,all,raw,0,6.070295547446101e-09,0.0012898702039958639,0.0006449381371457057,82606,629.285683742403,0.8116930333104058,101770
bayesfl_observability_v1,ola_sparse_bayesian_keep010_seed42,120,ola,global,,,all,raw,1,0.0012898702039958639,0.0025797343376961802,0.001934802270846022,16278,124.00445923975056,0.9716419377026628,101770
bayesfl_observability_v1,ola_sparse_bayesian_keep010_seed42,120,ola,global,,,all,raw,2,0.0025797343376961802,0.0038695984713964966,0.0032246664045463384,1976,15.053004758431447,0.9910582686449838,101770
bayesfl_observability_v1,ola_sparse_bayesian_keep010_seed42,120,ola,global,,,all,raw,3,0.0038695984713964966,0.005159462605096813,0.004514530538246655,242,1.8435360078645802,0.9934361796207134,101770
bayesfl_observability_v1,ola_sparse_bayesian_keep010_seed42,120,ola,global,,,all,raw,4,0.005159462605096813,0.006449326738797129,0.005804394671946971,126,0.9598575908716409,0.9946742655006386,101770
bayesfl_observability_v1,ola_sparse_bayesian_keep010_seed42,120,ola,global,,,all,raw,5,0.006449326738797129,0.007739190872497446,0.007094258805647288,99,0.7541738213991465,0.9956470472634371,101770
bayesfl_observability_v1,ola_sparse_bayesian_keep010_seed42,120,ola,global,,,all,raw,6,0.007739190872497446,0.009029055006197762,0.008384122939347604,69,0.5256362997630415,0.9963250466738724,101770
bayesfl_observability_v1,ola_sparse_bayesian_keep010_seed42,120,ola,global,,,all,raw,7,0.009029055006197762,0.010318919139898079,0.00967398707304792,70,0.5332542171509116,0.9970128721627198,101770
bayesfl_observability_v1,ola_sparse_bayesian_keep010_seed42,120,ola,global,,,all,raw,8,0.010318919139898079,0.011608783273598395,0.010963851206748237,49,0.3732779520056381,0.997494350004913,101770
bayesfl_observability_v1,ola_sparse_bayesian_keep010_seed42,120,ola,global,,,all,raw,9,0.011608783273598395,0.012898647407298711,0.012253715340448553,33,0.2513912737997155,0.9978186105925125,101770
bayesfl_observability_v1,ola_sparse_bayesian_keep010_seed42,120,ola,global,,,all,raw,10,0.012898647407298711,0.014188511540999028,0.01354357947414887,34,0.25900919118758564,0.9981526972585241,101770
bayesfl_observability_v1,ola_sparse_bayesian_keep010_seed42,120,ola,global,,,all,raw,11,0.014188511540999028,0.015478375674699344,0.014833443607849186,25,0.19044793469675414,0.9983983492188268,101770
bayesfl_observability_v1,ola_sparse_bayesian_keep010_seed42,120,ola,global,,,all,raw,12,0.015478375674699344,0.01676823980839966,0.016123307741549502,25,0.19044793469675414,0.9986440011791294,101770
bayesfl_observability_v1,ola_sparse_bayesian_keep010_seed42,120,ola,global,,,all,raw,13,0.01676823980839966,0.018058103942099977,0.01741317187524982,19,0.14474043036953316,0.9988306966689594,101770
bayesfl_observability_v1,ola_sparse_bayesian_keep010_seed42,120,ola,global,,,all,raw,14,0.018058103942099977,0.019347968075800293,0.018703036008950135,22,0.16759418253314365,0.9990468703940257,101770
bayesfl_observability_v1,ola_sparse_bayesian_keep010_seed42,120,ola,global,,,all,raw,15,0.019347968075800293,0.02063783220950061,0.01999290014265045,9,0.06856125649083149,0.9991353050997347,101770
bayesfl_observability_v1,ola_sparse_bayesian_keep010_seed42,120,ola,global,,,all,raw,16,0.02063783220950061,0.021927696343200926,0.021282764276350768,9,0.06856125649083149,0.9992237398054437,101770
bayesfl_observability_v1,ola_sparse_bayesian_keep010_seed42,120,ola,global,,,all,raw,17,0.021927696343200926,0.023217560476901242,0.022572628410051084,5,0.03808958693935083,0.9992728701975042,101770
bayesfl_observability_v1,ola_sparse_bayesian_keep010_seed42,120,ola,global,,,all,raw,18,0.023217560476901242,0.02450742461060156,0.0238624925437514,7,0.05332542171509116,0.9993416527463889,101770
bayesfl_observability_v1,ola_sparse_bayesian_keep010_seed42,120,ola,global,,,all,raw,19,0.02450742461060156,0.025797288744301875,0.025152356677451717,11,0.08379709126657182,0.999449739608922,101770
bayesfl_observability_v1,ola_sparse_bayesian_keep010_seed42,120,ola,global,,,all,raw,20,0.025797288744301875,0.02708715287800219,0.026442220811152033,6,0.045707504327220996,0.9995086960793947,101770
bayesfl_observability_v1,ola_sparse_bayesian_keep010_seed42,120,ola,global,,,all,raw,21,0.02708715287800219,0.028377017011702508,0.02773208494485235,3,0.022853752163610498,0.999538174314631,101770
bayesfl_observability_v1,ola_sparse_bayesian_keep010_seed42,120,ola,global,,,all,raw,22,0.028377017011702508,0.029666881145402824,0.029021949078552666,3,0.022853752163610498,0.9995676525498673,101770
bayesfl_observability_v1,ola_sparse_bayesian_keep010_seed42,120,ola,global,,,all,raw,23,0.029666881145402824,0.03095674527910314,0.030311813212252983,4,0.030471669551480663,0.9996069568635157,101770
bayesfl_observability_v1,ola_sparse_bayesian_keep010_seed42,120,ola,global,,,all,raw,24,0.03095674527910314,0.032246609412803454,0.031601677345953295,3,0.022853752163610557,0.9996364350987521,101770
bayesfl_observability_v1,ola_sparse_bayesian_keep010_seed42,120,ola,global,,,all,raw,25,0.032246609412803454,0.03353647354650377,0.03289154147965361,2,0.015235834775740332,0.9996560872555763,101770
bayesfl_observability_v1,ola_sparse_bayesian_keep010_seed42,120,ola,global,,,all,raw,26,0.03353647354650377,0.034826337680204086,0.03418140561335393,4,0.030471669551480663,0.9996953915692247,101770
bayesfl_observability_v1,ola_sparse_bayesian_keep010_seed42,120,ola,global,,,all,raw,27,0.034826337680204086,0.0361162018139044,0.035471269747054245,1,0.007617917387870166,0.9997052176476369,101770
bayesfl_observability_v1,ola_sparse_bayesian_keep010_seed42,120,ola,global,,,all,raw,28,0.0361162018139044,0.03740606594760472,0.03676113388075456,7,0.05332542171509116,0.9997740001965215,101770
bayesfl_observability_v1,ola_sparse_bayesian_keep010_seed42,120,ola,global,,,all,raw,29,0.03740606594760472,0.038695930081305036,0.03805099801445488,2,0.015235834775740332,0.9997936523533458,101770
bayesfl_observability_v1,ola_sparse_bayesian_keep010_seed42,120,ola,global,,,all,raw,30,0.038695930081305036,0.03998579421500535,0.039340862148155194,2,0.015235834775740332,0.99981330451017,101770
bayesfl_observability_v1,ola_sparse_bayesian_keep010_seed42,120,ola,global,,,all,raw,31,0.03998579421500535,0.04127565834870567,0.04063072628185551,1,0.007617917387870166,0.9998231305885821,101770
bayesfl_observability_v1,ola_sparse_bayesian_keep010_seed42,120,ola,global,,,all,raw,32,0.04127565834870567,0.042565522482405985,0.041920590415555826,1,0.007617917387870166,0.9998329566669942,101770
bayesfl_observability_v1,ola_sparse_bayesian_keep010_seed42,120,ola,global,,,all,raw,33,0.042565522482405985,0.0438553866161063,0.04321045454925614,1,0.007617917387870166,0.9998427827454063,101770
bayesfl_observability_v1,ola_sparse_bayesian_keep010_seed42,120,ola,global,,,all,raw,34,0.0438553866161063,0.04514525074980662,0.04450031868295646,2,0.015235834775740332,0.9998624349022305,101770
bayesfl_observability_v1,ola_sparse_bayesian_keep010_seed42,120,ola,global,,,all,raw,35,0.04514525074980662,0.046435114883506934,0.045790182816656776,0,0.0,0.9998624349022305,101770
bayesfl_observability_v1,ola_sparse_bayesian_keep010_seed42,120,ola,global,,,all,raw,36,0.046435114883506934,0.04772497901720725,0.04708004695035709,0,0.0,0.9998624349022305,101770
bayesfl_observability_v1,ola_sparse_bayesian_keep010_seed42,120,ola,global,,,all,raw,37,0.04772497901720725,0.04901484315090757,0.04836991108405741,1,0.007617917387870166,0.9998722609806426,101770
bayesfl_observability_v1,ola_sparse_bayesian_keep010_seed42,120,ola,global,,,all,raw,38,0.04901484315090757,0.05030470728460788,0.049659775217757725,1,0.007617917387870166,0.9998820870590547,101770
bayesfl_observability_v1,ola_sparse_bayesian_keep010_seed42,120,ola,global,,,all,raw,39,0.05030470728460788,0.0515945714183082,0.05094963935145804,1,0.007617917387870166,0.9998919131374668,101770
bayesfl_observability_v1,ola_sparse_bayesian_keep010_seed42,120,ola,global,,,all,raw,40,0.0515945714183082,0.052884435552008516,0.05223950348515836,2,0.015235834775740332,0.999911565294291,101770
bayesfl_observability_v1,ola_sparse_bayesian_keep010_seed42,120,ola,global,,,all,raw,41,0.052884435552008516,0.05417429968570883,0.053529367618858674,0,0.0,0.999911565294291,101770
bayesfl_observability_v1,ola_sparse_bayesian_keep010_seed42,120,ola,global,,,all,raw,42,0.05417429968570883,0.05546416381940915,0.05481923175255899,2,0.015235834775740332,0.9999312174511152,101770
bayesfl_observability_v1,ola_sparse_bayesian_keep010_seed42,120,ola,global,,,all,raw,43,0.05546416381940915,0.056754027953109465,0.05610909588625931,0,0.0,0.9999312174511152,101770
bayesfl_observability_v1,ola_sparse_bayesian_keep010_seed42,120,ola,global,,,all,raw,44,0.056754027953109465,0.05804389208680978,0.05739896001995962,0,0.0,0.9999312174511152,101770
bayesfl_observability_v1,ola_sparse_bayesian_keep010_seed42,120,ola,global,,,all,raw,45,0.05804389208680978,0.0593337562205101,0.05868882415365994,0,0.0,0.9999312174511152,101770
bayesfl_observability_v1,ola_sparse_bayesian_keep010_seed42,120,ola,global,,,all,raw,46,0.0593337562205101,0.060623620354210414,0.059978688287360256,1,0.007617917387870166,0.9999410435295274,101770
bayesfl_observability_v1,ola_sparse_bayesian_keep010_seed42,120,ola,global,,,all,raw,47,0.060623620354210414,0.06191348448791073,0.06126855242106057,0,0.0,0.9999410435295274,101770
bayesfl_observability_v1,ola_sparse_bayesian_keep010_seed42,120,ola,global,,,all,raw,48,0.06191348448791073,0.06320334862161105,0.06255841655476088,1,0.007617917387870166,0.9999508696079394,101770
bayesfl_observability_v1,ola_sparse_bayesian_keep010_seed42,120,ola,global,,,all,raw,49,0.06320334862161105,0.06449321275531136,0.06384828068846121,0,0.0,0.9999508696079394,101770
bayesfl_observability_v1,ola_sparse_bayesian_keep010_seed42,120,ola,global,,,all,raw,50,0.06449321275531136,0.06578307688901168,0.06513814482216151,1,0.007617917387870166,0.9999606956863516,101770
bayesfl_observability_v1,ola_sparse_bayesian_keep010_seed42,120,ola,global,,,all,raw,51,0.06578307688901168,0.067072941022712,0.06642800895586184,1,0.007617917387870166,0.9999705217647636,101770
bayesfl_observability_v1,ola_sparse_bayesian_keep010_seed42,120,ola,global,,,all,raw,52,0.067072941022712,0.06836280515641231,0.06771787308956215,0,0.0,0.9999705217647636,101770
bayesfl_observability_v1,ola_sparse_bayesian_keep010_seed42,120,ola,global,,,all,raw,53,0.06836280515641231,0.06965266929011263,0.06900773722326248,0,0.0,0.9999705217647636,101770
bayesfl_observability_v1,ola_sparse_bayesian_keep010_seed42,120,ola,global,,,all,raw,54,0.06965266929011263,0.07094253342381295,0.07029760135696278,1,0.007617917387870166,0.9999803478431758,101770
bayesfl_observability_v1,ola_sparse_bayesian_keep010_seed42,120,ola,global,,,all,raw,55,0.07094253342381295,0.07223239755751326,0.07158746549066311,0,0.0,0.9999803478431758,101770
bayesfl_observability_v1,ola_sparse_bayesian_keep010_seed42,120,ola,global,,,all,raw,56,0.07223239755751326,0.07352226169121358,0.07287732962436341,0,0.0,0.9999803478431758,101770
bayesfl_observability_v1,ola_sparse_bayesian_keep010_seed42,120,ola,global,,,all,raw,57,0.07352226169121358,0.0748121258249139,0.07416719375806374,0,0.0,0.9999803478431758,101770
bayesfl_observability_v1,ola_sparse_bayesian_keep010_seed42,120,ola,global,,,all,raw,58,0.0748121258249139,0.07610198995861421,0.07545705789176405,0,0.0,0.9999803478431758,101770
bayesfl_observability_v1,ola_sparse_bayesian_keep010_seed42,120,ola,global,,,all,raw,59,0.07610198995861421,0.07739185409231453,0.07674692202546438,0,0.0,0.9999803478431758,101770
bayesfl_observability_v1,ola_sparse_bayesian_keep010_seed42,120,ola,global,,,all,raw,60,0.07739185409231453,0.07868171822601484,0.07803678615916468,0,0.0,0.9999803478431758,101770
bayesfl_observability_v1,ola_sparse_bayesian_keep010_seed42,120,ola,global,,,all,raw,61,0.07868171822601484,0.07997158235971516,0.07932665029286501,0,0.0,0.9999803478431758,101770
bayesfl_observability_v1,ola_sparse_bayesian_keep010_seed42,120,ola,global,,,all,raw,62,0.07997158235971516,0.08126144649341548,0.08061651442656531,0,0.0,0.9999803478431758,101770
bayesfl_observability_v1,ola_sparse_bayesian_keep010_seed42,120,ola,global,,,all,raw,63,0.08126144649341548,0.08255131062711579,0.08190637856026564,0,0.0,0.9999803478431758,101770
bayesfl_observability_v1,ola_sparse_bayesian_keep010_seed42,120,ola,global,,,all,raw,64,0.08255131062711579,0.08384117476081611,0.08319624269396594,0,0.0,0.9999803478431758,101770
bayesfl_observability_v1,ola_sparse_bayesian_keep010_seed42,120,ola,global,,,all,raw,65,0.08384117476081611,0.08513103889451643,0.08448610682766627,1,0.007617917387870166,0.9999901739215878,101770
bayesfl_observability_v1,ola_sparse_bayesian_keep010_seed42,120,ola,global,,,all,raw,66,0.08513103889451643,0.08642090302821674,0.08577597096136658,0,0.0,0.9999901739215878,101770
bayesfl_observability_v1,ola_sparse_bayesian_keep010_seed42,120,ola,global,,,all,raw,67,0.08642090302821674,0.08771076716191706,0.0870658350950669,0,0.0,0.9999901739215878,101770
bayesfl_observability_v1,ola_sparse_bayesian_keep010_seed42,120,ola,global,,,all,raw,68,0.08771076716191706,0.08900063129561737,0.08835569922876721,0,0.0,0.9999901739215878,101770
bayesfl_observability_v1,ola_sparse_bayesian_keep010_seed42,120,ola,global,,,all,raw,69,0.08900063129561737,0.09029049542931769,0.08964556336246754,0,0.0,0.9999901739215878,101770
bayesfl_observability_v1,ola_sparse_bayesian_keep010_seed42,120,ola,global,,,all,raw,70,0.09029049542931769,0.09158035956301801,0.09093542749616784,0,0.0,0.9999901739215878,101770
bayesfl_observability_v1,ola_sparse_bayesian_keep010_seed42,120,ola,global,,,all,raw,71,0.09158035956301801,0.09287022369671832,0.09222529162986817,0,0.0,0.9999901739215878,101770
bayesfl_observability_v1,ola_sparse_bayesian_keep010_seed42,120,ola,global,,,all,raw,72,0.09287022369671832,0.09416008783041864,0.09351515576356847,0,0.0,0.9999901739215878,101770
bayesfl_observability_v1,ola_sparse_bayesian_keep010_seed42,120,ola,global,,,all,raw,73,0.09416008783041864,0.09544995196411896,0.0948050198972688,0,0.0,0.9999901739215878,101770
bayesfl_observability_v1,ola_sparse_bayesian_keep010_seed42,120,ola,global,,,all,raw,74,0.09544995196411896,0.09673981609781927,0.09609488403096911,0,0.0,0.9999901739215878,101770
bayesfl_observability_v1,ola_sparse_bayesian_keep010_seed42,120,ola,global,,,all,raw,75,0.09673981609781927,0.09802968023151959,0.09738474816466944,0,0.0,0.9999901739215878,101770
bayesfl_observability_v1,ola_sparse_bayesian_keep010_seed42,120,ola,global,,,all,raw,76,0.09802968023151959,0.0993195443652199,0.09867461229836974,0,0.0,0.9999901739215878,101770
bayesfl_observability_v1,ola_sparse_bayesian_keep010_seed42,120,ola,global,,,all,raw,77,0.0993195443652199,0.10060940849892022,0.09996447643207007,0,0.0,0.9999901739215878,101770
bayesfl_observability_v1,ola_sparse_bayesian_keep010_seed42,120,ola,global,,,all,raw,78,0.10060940849892022,0.10189927263262054,0.10125434056577037,0,0.0,0.9999901739215878,101770
bayesfl_observability_v1,ola_sparse_bayesian_keep010_seed42,120,ola,global,,,all,raw,79,0.10189927263262054,0.10318913676632085,0.1025442046994707,1,0.007617917387870166,1.0,101770
bayesfl_observability_v1,ola_sparse_bayesian_keep010_seed42,120,ola,global,,,all,db,0,-164.33437250775,-162.52678435656273,-163.43057843215638,1,5.436016166432427e-06,9.826078412105729e-06,101770
bayesfl_observability_v1,ola_sparse_bayesian_keep010_seed42,120,ola,global,,,all,db,1,-162.52678435656273,-160.71919620537545,-161.62299028096908,1,5.436016166432427e-06,1.9652156824211458e-05,101770
bayesfl_observability_v1,ola_sparse_bayesian_keep010_seed42,120,ola,global,,,all,db,2,-160.71919620537545,-158.91160805418818,-159.81540212978183,1,5.436016166432427e-06,2.9478235236317185e-05,101770
bayesfl_observability_v1,ola_sparse_bayesian_keep010_seed42,120,ola,global,,,all,db,3,-158.91160805418818,-157.1040199030009,-158.00781397859453,0,0.0,2.9478235236317185e-05,101770
bayesfl_observability_v1,ola_sparse_bayesian_keep010_seed42,120,ola,global,,,all,db,4,-157.1040199030009,-155.29643175181363,-156.20022582740728,0,0.0,2.9478235236317185e-05,101770
bayesfl_observability_v1,ola_sparse_bayesian_keep010_seed42,120,ola,global,,,all,db,5,-155.29643175181363,-153.48884360062635,-154.39263767621998,1,5.436016166432427e-06,3.9304313648422916e-05,101770
bayesfl_observability_v1,ola_sparse_bayesian_keep010_seed42,120,ola,global,,,all,db,6,-153.48884360062635,-151.6812554494391,-152.58504952503273,1,5.436016166432512e-06,4.913039206052864e-05,101770
bayesfl_observability_v1,ola_sparse_bayesian_keep010_seed42,120,ola,global,,,all,db,7,-151.6812554494391,-149.87366729825183,-150.77746137384548,1,5.436016166432427e-06,5.895647047263437e-05,101770
bayesfl_observability_v1,ola_sparse_bayesian_keep010_seed42,120,ola,global,,,all,db,8,-149.87366729825183,-148.06607914706456,-148.96987322265818,1,5.436016166432427e-06,6.87825488847401e-05,101770
bayesfl_observability_v1,ola_sparse_bayesian_keep010_seed42,120,ola,global,,,all,db,9,-148.06607914706456,-146.25849099587728,-147.16228507147093,0,0.0,6.87825488847401e-05,101770
bayesfl_observability_v1,ola_sparse_bayesian_keep010_seed42,120,ola,global,,,all,db,10,-146.25849099587728,-144.45090284469,-145.35469692028363,1,5.436016166432427e-06,7.860862729684583e-05,101770
bayesfl_observability_v1,ola_sparse_bayesian_keep010_seed42,120,ola,global,,,all,db,11,-144.45090284469,-142.64331469350273,-143.54710876909638,0,0.0,7.860862729684583e-05,101770
bayesfl_observability_v1,ola_sparse_bayesian_keep010_seed42,120,ola,global,,,all,db,12,-142.64331469350273,-140.83572654231546,-141.73952061790908,0,0.0,7.860862729684583e-05,101770
bayesfl_observability_v1,ola_sparse_bayesian_keep010_seed42,120,ola,global,,,all,db,13,-140.83572654231546,-139.02813839112818,-139.93193246672183,1,5.436016166432427e-06,8.843470570895156e-05,101770
bayesfl_observability_v1,ola_sparse_bayesian_keep010_seed42,120,ola,global,,,all,db,14,-139.02813839112818,-137.2205502399409,-138.12434431553453,1,5.436016166432427e-06,9.826078412105728e-05,101770
bayesfl_observability_v1,ola_sparse_bayesian_keep010_seed42,120,ola,global,,,all,db,15,-137.2205502399409,-135.41296208875363,-136.31675616434728,2,1.0872032332864854e-05,0.00011791294094526874,101770
bayesfl_observability_v1,ola_sparse_bayesian_keep010_seed42,120,ola,global,,,all,db,16,-135.41296208875363,-133.60537393756636,-134.50916801315998,2,1.0872032332864854e-05,0.0001375650977694802,101770
bayesfl_observability_v1,ola_sparse_bayesian_keep010_seed42,120,ola,global,,,all,db,17,-133.60537393756636,-131.7977857863791,-132.70157986197273,7,3.805211316502758e-05,0.0002063476466542203,101770
bayesfl_observability_v1,ola_sparse_bayesian_keep010_seed42,120,ola,global,,,all,db,18,-131.7977857863791,-129.9901976351918,-130.89399171078546,6,3.261609699859405e-05,0.00026530411712685466,101770
bayesfl_observability_v1,ola_sparse_bayesian_keep010_seed42,120,ola,global,,,all,db,19,-129.9901976351918,-128.18260948400456,-129.08640355959818,2,1.0872032332865023e-05,0.00028495627395106615,101770
bayesfl_observability_v1,ola_sparse_bayesian_keep010_seed42,120,ola,global,,,all,db,20,-128.18260948400456,-126.37502133281728,-127.27881540841092,3,1.630804849929728e-05,0.00031443450918738333,101770
bayesfl_observability_v1,ola_sparse_bayesian_keep010_seed42,120,ola,global,,,all,db,21,-126.37502133281728,-124.56743318163001,-125.47122725722365,12,6.523219399718912e-05,0.00043234745013265204,101770
bayesfl_observability_v1,ola_sparse_bayesian_keep010_seed42,120,ola,global,,,all,db,22,-124.56743318163001,-122.75984503044273,-123.66363910603637,12,6.523219399718912e-05,0.0005502603910779208,101770
bayesfl_observability_v1,ola_sparse_bayesian_keep010_seed42,120,ola,global,,,all,db,23,-122.75984503044273,-120.95225687925546,-121.8560509548491,13,7.066821016362155e-05,0.0006779994104352953,101770
bayesfl_observability_v1,ola_sparse_bayesian_keep010_seed42,120,ola,global,,,all,db,24,-120.95225687925546,-119.14466872806818,-120.04846280366182,11,5.979617783075669e-05,0.0007860862729684582,101770
bayesfl_observability_v1,ola_sparse_bayesian_keep010_seed42,120,ola,global,,,all,db,25,-119.14466872806818,-117.33708057688091,-118.24087465247455,16,8.697625866291883e-05,0.0009433035275621499,101770
bayesfl_observability_v1,ola_sparse_bayesian_keep010_seed42,120,ola,global,,,all,db,26,-117.33708057688091,-115.52949242569363,-116.43328650128727,20,0.00010872032332864854,0.0011398250958042646,101770
bayesfl_observability_v1,ola_sparse_bayesian_keep010_seed42,120,ola,global,,,all,db,27,-115.52949242569363,-113.72190427450636,-114.6256983501,32,0.00017395251732583766,0.0014542596049916478,101770
bayesfl_observability_v1,ola_sparse_bayesian_keep010_seed42,120,ola,global,,,all,db,28,-113.72190427450636,-111.91431612331908,-112.81811019891272,47,0.00025549275982232405,0.0019160852903606172,101770
bayesfl_observability_v1,ola_sparse_bayesian_keep010_seed42,120,ola,global,,,all,db,29,-111.91431612331908,-110.10672797213181,-111.01052204772544,47,0.00025549275982232405,0.002377910975729586,101770
bayesfl_observability_v1,ola_sparse_bayesian_keep010_seed42,120,ola,global,,,all,db,30,-110.10672797213181,-108.29913982094455,-109.20293389653818,47,0.00025549275982232606,0.0028397366610985555,101770
bayesfl_observability_v1,ola_sparse_bayesian_keep010_seed42,120,ola,global,,,all,db,31,-108.29913982094455,-106.49155166975727,-107.39534574535091,69,0.00037508511548383744,0.003517736071533851,101770
bayesfl_observability_v1,ola_sparse_bayesian_keep010_seed42,120,ola,global,,,all,db,32,-106.49155166975727,-104.68396351857,-105.58775759416363,83,0.00045118934181389143,0.004333300579738626,101770
bayesfl_observability_v1,ola_sparse_bayesian_keep010_seed42,120,ola,global,,,all,db,33,-104.68396351857,-102.87637536738274,-103.78016944297636,93,0.0005055495034782196,0.005247125872064459,101770
bayesfl_observability_v1,ola_sparse_bayesian_keep010_seed42,120,ola,global,,,all,db,34,-102.87637536738274,-101.06878721619546,-101.9725812917891,128,0.0006958100693033506,0.006504863908813992,101770
bayesfl_observability_v1,ola_sparse_bayesian_keep010_seed42,120,ola,global,,,all,db,35,-101.06878721619546,-99.26119906500819,-100.16499314060182,135,0.0007338621824683776,0.007831384494448266,101770
bayesfl_observability_v1,ola_sparse_bayesian_keep010_seed42,120,ola,global,,,all,db,36,-99.26119906500819,-97.45361091382091,-98.35740498941455,167,0.0009078146997942153,0.009472339589269923,101770
bayesfl_observability_v1,ola_sparse_bayesian_keep010_seed42,120,ola,global,,,all,db,37,-97.45361091382091,-95.64602276263363,-96.54981683822727,235,0.0012774637991116204,0.011781468016114769,101770
bayesfl_observability_v1,ola_sparse_bayesian_keep010_seed42,120,ola,global,,,all,db,38,-95.64602276263363,-93.83843461144636,-94.74222868704,247,0.0013426959931088095,0.014208509383904883,101770
bayesfl_observability_v1,ola_sparse_bayesian_keep010_seed42,120,ola,global,,,all,db,39,-93.83843461144636,-92.03084646025908,-92.93464053585272,327,0.0017775772864234035,0.017421637024663456,101770
bayesfl_observability_v1,ola_sparse_bayesian_keep010_seed42,120,ola,global,,,all,db,40,-92.03084646025908,-90.22325830907181,-91.12705238466545,375,0.00203850606241216,0.021106416429203106,101770
bayesfl_observability_v1,ola_sparse_bayesian_keep010_seed42,120,ola,global,,,all,db,41,-90.22325830907181,-88.41567015788455,-89.31946423347819,476,0.0025875436952218552,0.02578362975336543,101770
bayesfl_observability_v1,ola_sparse_bayesian_keep010_seed42,120,ola,global,,,all,db,42,-88.41567015788455,-86.60808200669727,-87.51187608229091,592,0.003218121570527997,0.03160066817333202,101770
bayesfl_observability_v1,ola_sparse_bayesian_keep010_seed42,120,ola,global,,,all,db,43,-86.60808200669727,-84.80049385551,-85.70428793110364,734,0.0039900358661614016,0.03881300972781763,101770
bayesfl_observability_v1,ola_sparse_bayesian_keep010_seed42,120,ola,global,,,all,db,44,-84.80049385551,-82.99290570432272,-83.89669977991636,911,0.004952210727619941,0.04776456716124595,101770
bayesfl_observability_v1,ola_sparse_bayesian_keep010_seed42,120,ola,global,,,all,db,45,-82.99290570432272,-81.18531755313545,-82.08911162872909,1172,0.0063710109470588045,0.05928073106023386,101770
bayesfl_observability_v1,ola_sparse_bayesian_keep010_seed42,120,ola,global,,,all,db,46,-81.18531755313545,-79.37772940194817,-80.28152347754181,1397,0.0075941145845061005,0.07300776260194557,101770
bayesfl_observability_v1,ola_sparse_bayesian_keep010_seed42,120,ola,global,,,all,db,47,-79.37772940194817,-77.57014125076091,-78.47393532635454,1743,0.009474976178091793,0.09013461727424585,101770
bayesfl_observability_v1,ola_sparse_bayesian_keep010_seed42,120,ola,global,,,all,db,48,-77.57014125076091,-75.76255309957364,-76.66634717516727,2117,0.011508046224337447,0.11093642527267368,101770
bayesfl_observability_v1,ola_sparse_bayesian_keep010_seed42,120,ola,global,,,all,db,49,-75.76255309957364,-73.95496494838636,-74.85875902398,2584,0.014046665774061391,0.13632701188955487,101770
bayesfl_observability_v1,ola_sparse_bayesian_keep010_seed42,120,ola,global,,,all,db,50,-73.95496494838636,-72.14737679719909,-73.05117087279272,3295,0.017911673268394847,0.16870394025744326,101770
bayesfl_observability_v1,ola_sparse_bayesian_keep010_seed42,120,ola,global,,,all,db,51,-72.14737679719909,-70.33978864601181,-71.24358272160545,3908,0.021243951178417923,0.20710425469195246,101770
bayesfl_observability_v1,ola_sparse_bayesian_keep010_seed42,120,ola,global,,,all,db,52,-70.33978864601181,-68.53220049482454,-69.43599457041817,4953,0.02692458807233981,0.25577282106711213,101770
bayesfl_observability_v1,ola_sparse_bayesian_keep010_seed42,120,ola,global,,,all,db,53,-68.53220049482454,-66.72461234363726,-67.6284064192309,6187,0.03363263202171742,0.31656676820281027,101770
bayesfl_observability_v1,ola_sparse_bayesian_keep010_seed42,120,ola,global,,,all,db,54,-66.72461234363726,-64.91702419245,-65.82081826804364,7295,0.03965573793412486,0.38824801021912153,101770
bayesfl_observability_v1,ola_sparse_bayesian_keep010_seed42,120,ola,global,,,all,db,55,-64.91702419245,-63.109436041262725,-64.01323011685636,9095,0.04944056703370292,0.47761619337722316,101770
bayesfl_observability_v1,ola_sparse_bayesian_keep010_seed42,120,ola,global,,,all,db,56,-63.109436041262725,-61.30184789007545,-62.20564196566909,10865,0.059062315648288316,0.5843765353247519,101770
bayesfl_observability_v1,ola_sparse_bayesian_keep010_seed42,120,ola,global,,,all,db,57,-61.30184789007545,-59.494259738888175,-60.39805381448181,13339,0.07251101964404214,0.7154465952638303,101770
bayesfl_observability_v1,ola_sparse_bayesian_keep010_seed42,120,ola,global,,,all,db,58,-59.494259738888175,-57.6866715877009,-58.59046566329454,10172,0.055295156444950644,0.8153974648717697,101770
bayesfl_observability_v1,ola_sparse_bayesian_keep010_seed42,120,ola,global,,,all,db,59,-57.6866715877009,-55.879083436513625,-56.78287751210726,6397,0.034774195416668235,0.87825488847401,101770
bayesfl_observability_v1,ola_sparse_bayesian_keep010_seed42,120,ola,global,,,all,db,60,-55.879083436513625,-54.071495285326364,-54.975289360919994,5178,0.028147691709787325,0.9291343224918935,101770
bayesfl_observability_v1,ola_sparse_bayesian_keep010_seed42,120,ola,global,,,all,db,61,-54.071495285326364,-52.26390713413909,-53.167701209732726,3629,0.019727302667983275,0.9647931610494251,101770
bayesfl_observability_v1,ola_sparse_bayesian_keep010_seed42,120,ola,global,,,all,db,62,-52.26390713413909,-50.456318982951814,-51.36011305854545,1923,0.010453459088049557,0.9836887098359045,101770
bayesfl_observability_v1,ola_sparse_bayesian_keep010_seed42,120,ola,global,,,all,db,63,-50.456318982951814,-48.64873083176454,-49.552524907358176,675,0.003669310912341888,0.9903213127640759,101770
bayesfl_observability_v1,ola_sparse_bayesian_keep010_seed42,120,ola,global,,,all,db,64,-48.64873083176454,-46.84114268057726,-47.7449367561709,227,0.0012339756697801608,0.9925518325636239,101770
bayesfl_observability_v1,ola_sparse_bayesian_keep010_seed42,120,ola,global,,,all,db,65,-46.84114268057726,-45.03355452938999,-45.937348604983626,139,0.0007556062471341073,0.9939176574629065,101770
bayesfl_observability_v1,ola_sparse_bayesian_keep010_seed42,120,ola,global,,,all,db,66,-45.03355452938999,-43.22596637820271,-44.12976045379635,113,0.0006142698268068643,0.9950280043234745,101770
bayesfl_observability_v1,ola_sparse_bayesian_keep010_seed42,120,ola,global,,,all,db,67,-43.22596637820271,-41.41837822701545,-42.32217230260908,106,0.0005762177136418417,0.9960695686351577,101770
bayesfl_observability_v1,ola_sparse_bayesian_keep010_seed42,120,ola,global,,,all,db,68,-41.41837822701545,-39.61079007582818,-40.514584151421815,102,0.0005544736489761075,0.9970718286331925,101770
bayesfl_observability_v1,ola_sparse_bayesian_keep010_seed42,120,ola,global,,,all,db,69,-39.61079007582818,-37.8032019246409,-38.70699600023454,76,0.00041313722864886443,0.9978186105925125,101770
bayesfl_observability_v1,ola_sparse_bayesian_keep010_seed42,120,ola,global,,,all,db,70,-37.8032019246409,-35.99561377345364,-36.89940784904727,67,0.0003642130831509754,0.9984769578461236,101770
bayesfl_observability_v1,ola_sparse_bayesian_keep010_seed42,120,ola,global,,,all,db,71,-35.99561377345364,-34.188025622266366,-35.091819697860004,60,0.0003261609699859456,0.9990665225508499,101770
bayesfl_observability_v1,ola_sparse_bayesian_keep010_seed42,120,ola,global,,,all,db,72,-34.188025622266366,-32.38043747107909,-33.28423154667273,24,0.00013046438799437825,0.9993023484327405,101770
bayesfl_observability_v1,ola_sparse_bayesian_keep010_seed42,120,ola,global,,,all,db,73,-32.38043747107909,-30.572849319891816,-31.476643395485453,26,0.0001413364203272431,0.9995578264714552,101770
bayesfl_observability_v1,ola_sparse_bayesian_keep010_seed42,120,ola,global,,,all,db,74,-30.572849319891816,-28.76526116870454,-29.66905524429818,16,8.697625866291883e-05,0.9997150437260489,101770
bayesfl_observability_v1,ola_sparse_bayesian_keep010_seed42,120,ola,global,,,all,db,75,-28.76526116870454,-26.957673017517266,-27.861467093110903,15,8.15402424964864e-05,0.9998624349022305,101770
bayesfl_observability_v1,ola_sparse_bayesian_keep010_seed42,120,ola,global,,,all,db,76,-26.957673017517266,-25.15008486632999,-26.053878941923628,6,3.261609699859456e-05,0.9999213913727032,101770
bayesfl_observability_v1,ola_sparse_bayesian_keep010_seed42,120,ola,global,,,all,db,77,-25.15008486632999,-23.342496715142715,-24.246290790736353,5,2.7180080832162135e-05,0.9999705217647636,101770
bayesfl_observability_v1,ola_sparse_bayesian_keep010_seed42,120,ola,global,,,all,db,78,-23.342496715142715,-21.53490856395544,-22.438702639549078,1,5.436016166432427e-06,0.9999803478431758,101770
bayesfl_observability_v1,ola_sparse_bayesian_keep010_seed42,120,ola,global,,,all,db,79,-21.53490856395544,-19.727320412768165,-20.631114488361803,2,1.0872032332864854e-05,1.0,101770
bayesfl_observability_v1,ola_sparse_bayesian_keep010_seed42,120,ola,global,,,layers.0.weight,raw,0,6.070295547446101e-09,6.800086566860096e-05,3.40034679820742e-05,4647,681.0374104103337,0.046306999362244895,100352
bayesfl_observability_v1,ola_sparse_bayesian_keep010_seed42,120,ola,global,,,layers.0.weight,raw,1,6.800086566860096e-05,0.00013599566104165447,0.00010199826335512771,4729,693.0548555692851,0.0934311224489796,100352
bayesfl_observability_v1,ola_sparse_bayesian_keep010_seed42,120,ola,global,,,layers.0.weight,raw,2,0.00013599566104165447,0.00020399045641470798,0.00016999305872818124,4676,685.2874824787433,0.14002710459183673,100352
bayesfl_observability_v1,ola_sparse_bayesian_keep010_seed42,120,ola,global,,,layers.0.weight,raw,3,0.00020399045641470798,0.0002719852517877615,0.00023798785410123475,4729,693.0548555692848,0.18715122767857142,100352
bayesfl_observability_v1,ola_sparse_bayesian_keep010_seed42,120,ola,global,,,layers.0.weight,raw,4,0.0002719852517877615,0.000339980047160815,0.00030598264947428826,4802,703.7533128449372,0.23500279017857142,100352
bayesfl_observability_v1,ola_sparse_bayesian_keep010_seed42,120,ola,global,,,layers.0.weight,raw,5,0.000339980047160815,0.00040797484253386854,0.00037397744484734174,4722,692.0289761044962,0.2820571588010204,100352
bayesfl_observability_v1,ola_sparse_bayesian_keep010_seed42,120,ola,global,,,layers.0.weight,raw,6,0.00040797484253386854,0.0004759696379069221,0.00044197224022039534,4857,711.8137943539895,0.33045679209183676,100352
bayesfl_observability_v1,ola_sparse_bayesian_keep010_seed42,120,ola,global,,,layers.0.weight,raw,7,0.0004759696379069221,0.0005439644332799756,0.0005099670355934488,4682,686.1668077342766,0.3771125637755102,100352
bayesfl_observability_v1,ola_sparse_bayesian_keep010_seed42,120,ola,global,,,layers.0.weight,raw,8,0.0005439644332799756,0.000611959228653029,0.0005779618309665023,4641,680.1580851548009,0.42335977359693877,100352
bayesfl_observability_v1,ola_sparse_bayesian_keep010_seed42,120,ola,global,,,layers.0.weight,raw,9,0.000611959228653029,0.0006799540240260825,0.0006459566263395558,4681,686.0202535250211,0.47000558035714285,100352
bayesfl_observability_v1,ola_sparse_bayesian_keep010_seed42,120,ola,global,,,layers.0.weight,raw,10,0.0006799540240260825,0.0007479488193991361,0.0007139514217126093,4636,679.4253141085222,0.5162029655612245,100352
bayesfl_observability_v1,ola_sparse_bayesian_keep010_seed42,120,ola,global,,,layers.0.weight,raw,11,0.0007479488193991361,0.0008159436147721896,0.0007819462170856629,4533,664.3302305552063,0.5613739636479592,100352
bayesfl_observability_v1,ola_sparse_bayesian_keep010_seed42,120,ola,global,,,layers.0.weight,raw,12,0.0008159436147721896,0.0008839384101452431,0.0008499410124587163,4473,655.536977999876,0.6059470663265306,100352
bayesfl_observability_v1,ola_sparse_bayesian_keep010_seed42,120,ola,global,,,layers.0.weight,raw,13,0.0008839384101452431,0.0009519332055182967,0.0009179358078317699,4690,687.3392414083196,0.6526825573979592,100352
bayesfl_observability_v1,ola_sparse_bayesian_keep010_seed42,120,ola,global,,,layers.0.weight,raw,14,0.0009519332055182967,0.0010199280008913502,0.0009859306032048234,4525,663.1577968811622,0.6977738360969388,100352
bayesfl_observability_v1,ola_sparse_bayesian_keep010_seed42,120,ola,global,,,layers.0.weight,raw,15,0.0010199280008913502,0.0010879227962644037,0.001053925398577877,4222,618.7518714767441,0.7398457429846939,100352
bayesfl_observability_v1,ola_sparse_bayesian_keep010_seed42,120,ola,global,,,layers.0.weight,raw,16,0.0010879227962644037,0.0011559175916374571,0.0011219201939509304,3386,496.2325525391415,0.7735869738520408,100352
bayesfl_observability_v1,ola_sparse_bayesian_keep010_seed42,120,ola,global,,,layers.0.weight,raw,17,0.0011559175916374571,0.0012239123870105106,0.0011899149893239839,2699,395.5498107806093,0.8004823022959183,100352
bayesfl_observability_v1,ola_sparse_bayesian_keep010_seed42,120,ola,global,,,layers.0.weight,raw,18,0.0012239123870105106,0.001291907182383564,0.0012579097846970374,2068,303.0741047403853,0.8210897640306123,100352
bayesfl_observability_v1,ola_sparse_bayesian_keep010_seed42,120,ola,global,,,layers.0.weight,raw,19,0.001291907182383564,0.0013599019777566176,0.0013259045800700908,1692,247.96972206031523,0.8379504145408163,100352
bayesfl_observability_v1,ola_sparse_bayesian_keep010_seed42,120,ola,global,,,layers.0.weight,raw,20,0.0013599019777566176,0.0014278967731296713,0.0013938993754431445,1554,227.74524118305476,0.8534359056122449,100352
bayesfl_observability_v1,ola_sparse_bayesian_keep010_seed42,120,ola,global,,,layers.0.weight,raw,21,0.0014278967731296713,0.0014958915685027248,0.001461894170816198,1319,193.3050020080117,0.8665796396683674,100352
bayesfl_observability_v1,ola_sparse_bayesian_keep010_seed42,120,ola,global,,,layers.0.weight,raw,22,0.0014958915685027248,0.0015638863638757783,0.0015298889661892515,1333,195.35676093758877,0.8798628826530612,100352
bayesfl_observability_v1,ola_sparse_bayesian_keep010_seed42,120,ola,global,,,layers.0.weight,raw,23,0.0015638863638757783,0.0016318811592488317,0.001597883761562305,1203,176.30471373437308,0.8918506855867347,100352
bayesfl_observability_v1,ola_sparse_bayesian_keep010_seed42,120,ola,global,,,layers.0.weight,raw,24,0.0016318811592488317,0.0016998759546218852,0.0016658785569353585,1069,156.66644969413534,0.9025031887755102,100352
bayesfl_observability_v1,ola_sparse_bayesian_keep010_seed42,120,ola,global,,,layers.0.weight,raw,25,0.0016998759546218852,0.0017678707499949387,0.001733873352308412,994,145.67488399997242,0.9124083227040817,100352
bayesfl_observability_v1,ola_sparse_bayesian_keep010_seed42,120,ola,global,,,layers.0.weight,raw,26,0.0017678707499949387,0.0018358655453679922,0.0018018681476814655,940,137.76095670017514,0.9217753507653061,100352
bayesfl_observability_v1,ola_sparse_bayesian_keep010_seed42,120,ola,global,,,layers.0.weight,raw,27,0.0018358655453679922,0.001903860340741046,0.001869862943054519,864,126.6228367967563,0.9303850446428571,100352
bayesfl_observability_v1,ola_sparse_bayesian_keep010_seed42,120,ola,global,,,layers.0.weight,raw,28,0.001903860340741046,0.0019718551361140994,0.0019378577384275726,742,108.74322326758505,0.9377790178571429,100352
bayesfl_observability_v1,ola_sparse_bayesian_keep010_seed42,120,ola,global,,,layers.0.weight,raw,29,0.0019718551361140994,0.002039849931487153,0.002005852533800626,692,101.41551280480978,0.9446747448979592,100352
bayesfl_observability_v1,ola_sparse_bayesian_keep010_seed42,120,ola,global,,,layers.0.weight,raw,30,0.002039849931487153,0.0021078447268602063,0.00207384732917368,627,91.88948920320193,0.9509227519132653,100352
bayesfl_observability_v1,ola_sparse_bayesian_keep010_seed42,120,ola,global,,,layers.0.weight,raw,31,0.0021078447268602063,0.00217583952223326,0.002141842124546733,563,82.51001981084957,0.9565330038265306,100352
bayesfl_observability_v1,ola_sparse_bayesian_keep010_seed42,120,ola,global,,,layers.0.weight,raw,32,0.00217583952223326,0.0022438343176063133,0.002209836919919787,543,79.57893562573946,0.9619439572704082,100352
bayesfl_observability_v1,ola_sparse_bayesian_keep010_seed42,120,ola,global,,,layers.0.weight,raw,33,0.0022438343176063133,0.002311829112979367,0.00227783171529284,480,70.34602044264263,0.9667271205357143,100352
bayesfl_observability_v1,ola_sparse_bayesian_keep010_seed42,120,ola,global,,,layers.0.weight,raw,34,0.002311829112979367,0.0023798239083524203,0.0023458265106658938,408,59.79411737624623,0.9707928093112245,100352
bayesfl_observability_v1,ola_sparse_bayesian_keep010_seed42,120,ola,global,,,layers.0.weight,raw,35,0.0023798239083524203,0.0024478187037254738,0.002413821306038947,374,54.81127426155904,0.9745196906887755,100352
bayesfl_observability_v1,ola_sparse_bayesian_keep010_seed42,120,ola,global,,,layers.0.weight,raw,36,0.0024478187037254738,0.0025158134990985273,0.0024818161014120007,322,47.19045538027276,0.9777283960459183,100352
bayesfl_observability_v1,ola_sparse_bayesian_keep010_seed42,120,ola,global,,,layers.0.weight,raw,37,0.0025158134990985273,0.0025838082944715807,0.0025498108967850538,326,47.77667221729478,0.9809769610969388,100352
bayesfl_observability_v1,ola_sparse_bayesian_keep010_seed42,120,ola,global,,,layers.0.weight,raw,38,0.0025838082944715807,0.0026518030898446342,0.0026178056921581077,267,39.12997387121996,0.9836375956632653,100352
bayesfl_observability_v1,ola_sparse_bayesian_keep010_seed42,120,ola,global,,,layers.0.weight,raw,39,0.0026518030898446342,0.0027197978852176877,0.0026858004875311607,210,30.776383943656146,0.9857302295918368,100352
bayesfl_observability_v1,ola_sparse_bayesian_keep010_seed42,120,ola,global,,,layers.0.weight,raw,40,0.0027197978852176877,0.0027877926805907416,0.0027537952829042147,218,31.948817617699987,0.9879025829081632,100352
bayesfl_observability_v1,ola_sparse_bayesian_keep010_seed42,120,ola,global,,,layers.0.weight,raw,41,0.0027877926805907416,0.002855787475963795,0.0028217900782772686,164,24.034890317902896,0.9895368303571429,100352
bayesfl_observability_v1,ola_sparse_bayesian_keep010_seed42,120,ola,global,,,layers.0.weight,raw,42,0.002855787475963795,0.0029237822713368486,0.0028897848736503216,158,23.155565062369863,0.9911112882653061,100352
bayesfl_observability_v1,ola_sparse_bayesian_keep010_seed42,120,ola,global,,,layers.0.weight,raw,43,0.0029237822713368486,0.002991777066709902,0.0029577796690233756,117,17.14684248289414,0.9922771843112245,100352
bayesfl_observability_v1,ola_sparse_bayesian_keep010_seed42,120,ola,global,,,layers.0.weight,raw,44,0.002991777066709902,0.0030597718620829556,0.0030257744643964286,97,14.21575829778403,0.9932437818877551,100352
bayesfl_observability_v1,ola_sparse_bayesian_keep010_seed42,120,ola,global,,,layers.0.weight,raw,45,0.0030597718620829556,0.003127766657456009,0.0030937692597694825,94,13.776095670017513,0.9941804846938775,100352
bayesfl_observability_v1,ola_sparse_bayesian_keep010_seed42,120,ola,global,,,layers.0.weight,raw,46,0.003127766657456009,0.0031957614528290625,0.0031617640551425356,81,11.870890949695942,0.994987643494898,100352
bayesfl_observability_v1,ola_sparse_bayesian_keep010_seed42,120,ola,global,,,layers.0.weight,raw,47,0.0031957614528290625,0.003263756248202116,0.0032297588505155895,71,10.405348857140888,0.9956951530612245,100352
bayesfl_observability_v1,ola_sparse_bayesian_keep010_seed42,120,ola,global,,,layers.0.weight,raw,48,0.003263756248202116,0.0033317510435751695,0.0032977536458886425,64,9.37946939235235,0.9963329081632653,100352
bayesfl_observability_v1,ola_sparse_bayesian_keep010_seed42,120,ola,global,,,layers.0.weight,raw,49,0.0033317510435751695,0.003399745838948223,0.0033657484412616965,53,7.767373090541789,0.9968610491071429,100352
bayesfl_observability_v1,ola_sparse_bayesian_keep010_seed42,120,ola,global,,,layers.0.weight,raw,50,0.003399745838948223,0.0034677406343212765,0.0034337432366347495,49,7.1811562535197675,0.9973493303571429,100352
bayesfl_observability_v1,ola_sparse_bayesian_keep010_seed42,120,ola,global,,,layers.0.weight,raw,51,0.0034677406343212765,0.00353573542969433,0.0035017380320078034,55,8.060481509052801,0.9978974011479592,100352
bayesfl_observability_v1,ola_sparse_bayesian_keep010_seed42,120,ola,global,,,layers.0.weight,raw,52,0.00353573542969433,0.0036037302250673834,0.0035697328273808565,34,4.982843114687186,0.9982362085459183,100352
bayesfl_observability_v1,ola_sparse_bayesian_keep010_seed42,120,ola,global,,,layers.0.weight,raw,53,0.0036037302250673834,0.003671725020440437,0.0036377276227539104,22,3.22419260362112,0.9984554368622449,100352
bayesfl_observability_v1,ola_sparse_bayesian_keep010_seed42,120,ola,global,,,layers.0.weight,raw,54,0.003671725020440437,0.0037397198158134904,0.0037057224181269634,20,2.9310841851101093,0.9986547353316326,100352
bayesfl_observability_v1,ola_sparse_bayesian_keep010_seed42,120,ola,global,,,layers.0.weight,raw,55,0.0037397198158134904,0.0038077146111865443,0.0037737172135000174,19,2.784529975854586,0.9988440688775511,100352
bayesfl_observability_v1,ola_sparse_bayesian_keep010_seed42,120,ola,global,,,layers.0.weight,raw,56,0.0038077146111865443,0.003875709406559598,0.0038417120088730713,19,2.784529975854604,0.9990334024234694,100352
bayesfl_observability_v1,ola_sparse_bayesian_keep010_seed42,120,ola,global,,,layers.0.weight,raw,57,0.003875709406559598,0.003943704201932651,0.003909706804246124,19,2.784529975854604,0.9992227359693877,100352
bayesfl_observability_v1,ola_sparse_bayesian_keep010_seed42,120,ola,global,,,layers.0.weight,raw,58,0.003943704201932651,0.004011698997305704,0.003977701599619177,14,2.0517589295770895,0.9993622448979592,100352
bayesfl_observability_v1,ola_sparse_bayesian_keep010_seed42,120,ola,global,,,layers.0.weight,raw,59,0.004011698997305704,0.004079693792678758,0.004045696394992231,10,1.4655420925550453,0.9994618941326531,100352
bayesfl_observability_v1,ola_sparse_bayesian_keep010_seed42,120,ola,global,,,layers.0.weight,raw,60,0.004079693792678758,0.004147688588051811,0.004113691190365285,5,0.732771046277532,0.99951171875,100352
bayesfl_observability_v1,ola_sparse_bayesian_keep010_seed42,120,ola,global,,,layers.0.weight,raw,61,0.004147688588051811,0.004215683383424865,0.004181685985738338,7,1.0258794647885316,0.9995814732142857,100352
bayesfl_observability_v1,ola_sparse_bayesian_keep010_seed42,120,ola,global,,,layers.0.weight,raw,62,0.004215683383424865,0.004283678178797918,0.004249680781111391,6,0.8793252555330384,0.999641262755102,100352
bayesfl_observability_v1,ola_sparse_bayesian_keep010_seed42,120,ola,global,,,layers.0.weight,raw,63,0.004283678178797918,0.004351672974170972,0.004317675576484445,6,0.8793252555330272,0.9997010522959183,100352
bayesfl_observability_v1,ola_sparse_bayesian_keep010_seed42,120,ola,global,,,layers.0.weight,raw,64,0.004351672974170972,0.004419667769544026,0.004385670371857499,8,1.1724336740440362,0.9997807716836735,100352
bayesfl_observability_v1,ola_sparse_bayesian_keep010_seed42,120,ola,global,,,layers.0.weight,raw,65,0.004419667769544026,0.004487662564917079,0.004453665167230553,4,0.5862168370220256,0.9998206313775511,100352
bayesfl_observability_v1,ola_sparse_bayesian_keep010_seed42,120,ola,global,,,layers.0.weight,raw,66,0.004487662564917079,0.004555657360290133,0.004521659962603606,5,0.7327710462775227,0.999870455994898,100352
bayesfl_observability_v1,ola_sparse_bayesian_keep010_seed42,120,ola,global,,,layers.0.weight,raw,67,0.004555657360290133,0.004623652155663186,0.004589654757976659,3,0.4396626277665192,0.9999003507653061,100352
bayesfl_observability_v1,ola_sparse_bayesian_keep010_seed42,120,ola,global,,,layers.0.weight,raw,68,0.004623652155663186,0.00469164695103624,0.004657649553349713,2,0.29310841851100905,0.9999202806122449,100352
bayesfl_observability_v1,ola_sparse_bayesian_keep010_seed42,120,ola,global,,,layers.0.weight,raw,69,0.00469164695103624,0.004759641746409293,0.004725644348722767,2,0.2931084185110128,0.9999402104591837,100352
bayesfl_observability_v1,ola_sparse_bayesian_keep010_seed42,120,ola,global,,,layers.0.weight,raw,70,0.004759641746409293,0.004827636541782347,0.00479363914409582,0,0.0,0.9999402104591837,100352
bayesfl_observability_v1,ola_sparse_bayesian_keep010_seed42,120,ola,global,,,layers.0.weight,raw,71,0.004827636541782347,0.0048956313371554,0.004861633939468873,1,0.1465542092555064,0.9999501753826531,100352
bayesfl_observability_v1,ola_sparse_bayesian_keep010_seed42,120,ola,global,,,layers.0.weight,raw,72,0.0048956313371554,0.004963626132528454,0.004929628734841927,1,0.14655420925550453,0.9999601403061225,100352
bayesfl_observability_v1,ola_sparse_bayesian_keep010_seed42,120,ola,global,,,layers.0.weight,raw,73,0.004963626132528454,0.005031620927901507,0.004997623530214981,1,0.1465542092555064,0.9999701052295918,100352
bayesfl_observability_v1,ola_sparse_bayesian_keep010_seed42,120,ola,global,,,layers.0.weight,raw,74,0.005031620927901507,0.005099615723274561,0.005065618325588034,1,0.14655420925550453,0.9999800701530612,100352
bayesfl_observability_v1,ola_sparse_bayesian_keep010_seed42,120,ola,global,,,layers.0.weight,raw,75,0.005099615723274561,0.005167610518647614,0.005133613120961087,0,0.0,0.9999800701530612,100352
bayesfl_observability_v1,ola_sparse_bayesian_keep010_seed42,120,ola,global,,,layers.0.weight,raw,76,0.005167610518647614,0.005235605314020668,0.005201607916334141,0,0.0,0.9999800701530612,100352
bayesfl_observability_v1,ola_sparse_bayesian_keep010_seed42,120,ola,global,,,layers.0.weight,raw,77,0.005235605314020668,0.005303600109393721,0.005269602711707195,1,0.1465542092555064,0.9999900350765306,100352
bayesfl_observability_v1,ola_sparse_bayesian_keep010_seed42,120,ola,global,,,layers.0.weight,raw,78,0.005303600109393721,0.005371594904766775,0.005337597507080248,0,0.0,0.9999900350765306,100352
bayesfl_observability_v1,ola_sparse_bayesian_keep010_seed42,120,ola,global,,,layers.0.weight,raw,79,0.005371594904766775,0.005439589700139828,0.005405592302453301,1,0.1465542092555064,1.0,100352
bayesfl_observability_v1,ola_sparse_bayesian_keep010_seed42,120,ola,global,,,layers.0.weight,db,0,-164.33437250775,-162.84630131569048,-163.59033691172024,1,6.696536780337836e-06,9.964923469387754e-06,100352
bayesfl_observability_v1,ola_sparse_bayesian_keep010_seed42,120,ola,global,,,layers.0.weight,db,1,-162.84630131569048,-161.35823012363096,-162.10226571966072,0,0.0,9.964923469387754e-06,100352
bayesfl_observability_v1,ola_sparse_bayesian_keep010_seed42,120,ola,global,,,layers.0.weight,db,2,-161.35823012363096,-159.87015893157147,-160.61419452760123,2,1.3393073560675928e-05,2.9894770408163265e-05,100352
bayesfl_observability_v1,ola_sparse_bayesian_keep010_seed42,120,ola,global,,,layers.0.weight,db,3,-159.87015893157147,-158.38208773951195,-159.1261233355417,0,0.0,2.9894770408163265e-05,100352
bayesfl_observability_v1,ola_sparse_bayesian_keep010_seed42,120,ola,global,,,layers.0.weight,db,4,-158.38208773951195,-156.89401654745242,-157.63805214348218,0,0.0,2.9894770408163265e-05,100352
bayesfl_observability_v1,ola_sparse_bayesian_keep010_seed42,120,ola,global,,,layers.0.weight,db,5,-156.89401654745242,-155.4059453553929,-156.14998095142266,0,0.0,2.9894770408163265e-05,100352
bayesfl_observability_v1,ola_sparse_bayesian_keep010_seed42,120,ola,global,,,layers.0.weight,db,6,-155.4059453553929,-153.9178741633334,-154.66190975936314,1,6.696536780337964e-06,3.985969387755102e-05,100352
bayesfl_observability_v1,ola_sparse_bayesian_keep010_seed42,120,ola,global,,,layers.0.weight,db,7,-153.9178741633334,-152.4298029712739,-153.17383856730365,0,0.0,3.985969387755102e-05,100352
bayesfl_observability_v1,ola_sparse_bayesian_keep010_seed42,120,ola,global,,,layers.0.weight,db,8,-152.4298029712739,-150.94173177921436,-151.68576737524413,1,6.696536780337836e-06,4.982461734693878e-05,100352
bayesfl_observability_v1,ola_sparse_bayesian_keep010_seed42,120,ola,global,,,layers.0.weight,db,9,-150.94173177921436,-149.45366058715484,-150.1976961831846,1,6.696536780337836e-06,5.978954081632653e-05,100352
bayesfl_observability_v1,ola_sparse_bayesian_keep010_seed42,120,ola,global,,,layers.0.weight,db,10,-149.45366058715484,-147.96558939509532,-148.70962499112508,1,6.696536780337836e-06,6.975446428571428e-05,100352
bayesfl_observability_v1,ola_sparse_bayesian_keep010_seed42,120,ola,global,,,layers.0.weight,db,11,-147.96558939509532,-146.4775182030358,-147.22155379906556,0,0.0,6.975446428571428e-05,100352
bayesfl_observability_v1,ola_sparse_bayesian_keep010_seed42,120,ola,global,,,layers.0.weight,db,12,-146.4775182030358,-144.9894470109763,-145.73348260700607,1,6.696536780337964e-06,7.971938775510203e-05,100352
bayesfl_observability_v1,ola_sparse_bayesian_keep010_seed42,120,ola,global,,,layers.0.weight,db,13,-144.9894470109763,-143.50137581891678,-144.24541141494655,0,0.0,7.971938775510203e-05,100352
bayesfl_observability_v1,ola_sparse_bayesian_keep010_seed42,120,ola,global,,,layers.0.weight,db,14,-143.50137581891678,-142.01330462685726,-142.75734022288702,0,0.0,7.971938775510203e-05,100352
bayesfl_observability_v1,ola_sparse_bayesian_keep010_seed42,120,ola,global,,,layers.0.weight,db,15,-142.01330462685726,-140.52523343479774,-141.2692690308275,0,0.0,7.971938775510203e-05,100352
bayesfl_observability_v1,ola_sparse_bayesian_keep010_seed42,120,ola,global,,,layers.0.weight,db,16,-140.52523343479774,-139.03716224273825,-139.78119783876798,1,6.696536780337964e-06,8.96843112244898e-05,100352
bayesfl_observability_v1,ola_sparse_bayesian_keep010_seed42,120,ola,global,,,layers.0.weight,db,17,-139.03716224273825,-137.54909105067873,-138.2931266467085,1,6.696536780337836e-06,9.964923469387755e-05,100352
bayesfl_observability_v1,ola_sparse_bayesian_keep010_seed42,120,ola,global,,,layers.0.weight,db,18,-137.54909105067873,-136.0610198586192,-136.80505545464896,2,1.3393073560675672e-05,0.00011957908163265306,100352
bayesfl_observability_v1,ola_sparse_bayesian_keep010_seed42,120,ola,global,,,layers.0.weight,db,19,-136.0610198586192,-134.57294866655968,-135.31698426258944,2,1.3393073560675672e-05,0.00013950892857142856,100352
bayesfl_observability_v1,ola_sparse_bayesian_keep010_seed42,120,ola,global,,,layers.0.weight,db,20,-134.57294866655968,-133.08487747450016,-133.82891307052992,0,0.0,0.00013950892857142856,100352
bayesfl_observability_v1,ola_sparse_bayesian_keep010_seed42,120,ola,global,,,layers.0.weight,db,21,-133.08487747450016,-131.59680628244067,-132.34084187847043,8,5.357229424270371e-05,0.0002192283163265306,100352
bayesfl_observability_v1,ola_sparse_bayesian_keep010_seed42,120,ola,global,,,layers.0.weight,db,22,-131.59680628244067,-130.10873509038115,-130.8527706864109,5,3.348268390168918e-05,0.00026905293367346936,100352
bayesfl_observability_v1,ola_sparse_bayesian_keep010_seed42,120,ola,global,,,layers.0.weight,db,23,-130.10873509038115,-128.62066389832162,-129.36469949435138,1,6.696536780337836e-06,0.00027901785714285713,100352
bayesfl_observability_v1,ola_sparse_bayesian_keep010_seed42,120,ola,global,,,layers.0.weight,db,24,-128.62066389832162,-127.1325927062621,-127.87662830229186,2,1.3393073560675672e-05,0.00029894770408163266,100352
bayesfl_observability_v1,ola_sparse_bayesian_keep010_seed42,120,ola,global,,,layers.0.weight,db,25,-127.1325927062621,-125.6445215142026,-126.38855711023234,5,3.34826839016895e-05,0.00034877232142857144,100352
bayesfl_observability_v1,ola_sparse_bayesian_keep010_seed42,120,ola,global,,,layers.0.weight,db,26,-125.6445215142026,-124.15645032214309,-124.90048591817285,12,8.035844136405479e-05,0.00046835140306122447,100352
bayesfl_observability_v1,ola_sparse_bayesian_keep010_seed42,120,ola,global,,,layers.0.weight,db,27,-124.15645032214309,-122.66837913008357,-123.41241472611333,10,6.696536780337836e-05,0.000568000637755102,100352
bayesfl_observability_v1,ola_sparse_bayesian_keep010_seed42,120,ola,global,,,layers.0.weight,db,28,-122.66837913008357,-121.18030793802404,-121.9243435340538,9,6.026883102304052e-05,0.0006576849489795918,100352
bayesfl_observability_v1,ola_sparse_bayesian_keep010_seed42,120,ola,global,,,layers.0.weight,db,29,-121.18030793802404,-119.69223674596452,-120.43627234199428,8,5.357229424270269e-05,0.0007374043367346938,100352
bayesfl_observability_v1,ola_sparse_bayesian_keep010_seed42,120,ola,global,,,layers.0.weight,db,30,-119.69223674596452,-118.20416555390501,-118.94820114993476,15,0.0001004480517050685,0.0008868781887755102,100352
bayesfl_observability_v1,ola_sparse_bayesian_keep010_seed42,120,ola,global,,,layers.0.weight,db,31,-118.20416555390501,-116.7160943618455,-117.46012995787527,12,8.035844136405479e-05,0.0010064572704081632,100352
bayesfl_observability_v1,ola_sparse_bayesian_keep010_seed42,120,ola,global,,,layers.0.weight,db,32,-116.7160943618455,-115.22802316978598,-115.97205876581575,19,0.0001272341988264189,0.0011957908163265306,100352
bayesfl_observability_v1,ola_sparse_bayesian_keep010_seed42,120,ola,global,,,layers.0.weight,db,33,-115.22802316978598,-113.73995197772646,-114.48398757375622,27,0.00018080649306912157,0.00146484375,100352
bayesfl_observability_v1,ola_sparse_bayesian_keep010_seed42,120,ola,global,,,layers.0.weight,db,34,-113.73995197772646,-112.25188078566696,-112.9959163816967,37,0.0002477718608725023,0.001833545918367347,100352
bayesfl_observability_v1,ola_sparse_bayesian_keep010_seed42,120,ola,global,,,layers.0.weight,db,35,-112.25188078566696,-110.76380959360743,-111.5078451896372,32,0.00021428917697081075,0.002152423469387755,100352
bayesfl_observability_v1,ola_sparse_bayesian_keep010_seed42,120,ola,global,,,layers.0.weight,db,36,-110.76380959360743,-109.27573840154793,-110.01977399757769,48,0.00032143376545621917,0.0026307397959183672,100352
bayesfl_observability_v1,ola_sparse_bayesian_keep010_seed42,120,ola,global,,,layers.0.weight,db,37,-109.27573840154793,-107.7876672094884,-108.53170280551817,46,0.00030804069189554047,0.0030891262755102043,100352
bayesfl_observability_v1,ola_sparse_bayesian_keep010_seed42,120,ola,global,,,layers.0.weight,db,38,-107.7876672094884,-106.29959601742888,-107.04363161345864,53,0.0003549164493579053,0.003617267219387755,100352
bayesfl_observability_v1,ola_sparse_bayesian_keep010_seed42,120,ola,global,,,layers.0.weight,db,39,-106.29959601742888,-104.81152482536937,-105.55556042139912,70,0.000468757574623653,0.004314811862244898,100352
bayesfl_observability_v1,ola_sparse_bayesian_keep010_seed42,120,ola,global,,,layers.0.weight,db,40,-104.81152482536937,-103.32345363330987,-104.06748922933963,79,0.0005290264056466941,0.00510204081632653,100352
bayesfl_observability_v1,ola_sparse_bayesian_keep010_seed42,120,ola,global,,,layers.0.weight,db,41,-103.32345363330987,-101.83538244125035,-102.5794180372801,89,0.0005959917734500674,0.005988919005102041,100352
bayesfl_observability_v1,ola_sparse_bayesian_keep010_seed42,120,ola,global,,,layers.0.weight,db,42,-101.83538244125035,-100.34731124919082,-101.09134684522058,117,0.0007834948032995268,0.0071548150510204085,100352
bayesfl_observability_v1,ola_sparse_bayesian_keep010_seed42,120,ola,global,,,layers.0.weight,db,43,-100.34731124919082,-98.85924005713132,-99.60327565316106,107,0.0007165294354961552,0.008221061862244899,100352
bayesfl_observability_v1,ola_sparse_bayesian_keep010_seed42,120,ola,global,,,layers.0.weight,db,44,-98.85924005713132,-97.3711688650718,-98.11520446110156,147,0.000984390906709662,0.009685905612244899,100352
bayesfl_observability_v1,ola_sparse_bayesian_keep010_seed42,120,ola,global,,,layers.0.weight,db,45,-97.3711688650718,-95.88309767301227,-96.62713326904203,182,0.001218769694021486,0.011499521683673469,100352
bayesfl_observability_v1,ola_sparse_bayesian_keep010_seed42,120,ola,global,,,layers.0.weight,db,46,-95.88309767301227,-94.39502648095277,-95.13906207698253,201,0.001346003892847918,0.013502471301020409,100352
bayesfl_observability_v1,ola_sparse_bayesian_keep010_seed42,120,ola,global,,,layers.0.weight,db,47,-94.39502648095277,-92.90695528889324,-93.650990884923,249,0.0016674376583041212,0.01598373724489796,100352
bayesfl_observability_v1,ola_sparse_bayesian_keep010_seed42,120,ola,global,,,layers.0.weight,db,48,-92.90695528889324,-91.41888409683374,-92.16291969286348,286,0.0019152095191766394,0.018833705357142856,100352
bayesfl_observability_v1,ola_sparse_bayesian_keep010_seed42,120,ola,global,,,layers.0.weight,db,49,-91.41888409683374,-89.93081290477421,-90.67484850080398,316,0.002116105622586756,0.02198262117346939,100352
bayesfl_observability_v1,ola_sparse_bayesian_keep010_seed42,120,ola,global,,,layers.0.weight,db,50,-89.93081290477421,-88.4427417127147,-89.18677730874447,403,0.0026987043224761735,0.025998485331632654,100352
bayesfl_observability_v1,ola_sparse_bayesian_keep010_seed42,120,ola,global,,,layers.0.weight,db,51,-88.4427417127147,-86.95467052065518,-87.69870611668495,479,0.003207641117781823,0.03077168367346939,100352
bayesfl_observability_v1,ola_sparse_bayesian_keep010_seed42,120,ola,global,,,layers.0.weight,db,52,-86.95467052065518,-85.46659932859566,-86.21063492462542,560,0.003750060596989188,0.03635204081632653,100352
bayesfl_observability_v1,ola_sparse_bayesian_keep010_seed42,120,ola,global,,,layers.0.weight,db,53,-85.46659932859566,-83.97852813653616,-84.7225637325659,679,0.004546948473849434,0.04311822385204082,100352
bayesfl_observability_v1,ola_sparse_bayesian_keep010_seed42,120,ola,global,,,layers.0.weight,db,54,-83.97852813653616,-82.49045694447663,-83.2344925405064,804,0.00538401557139162,0.05113002232142857,100352
bayesfl_observability_v1,ola_sparse_bayesian_keep010_seed42,120,ola,global,,,layers.0.weight,db,55,-82.49045694447663,-81.00238575241713,-81.74642134844689,1000,0.0066965367803379,0.06109494579081633,100352
bayesfl_observability_v1,ola_sparse_bayesian_keep010_seed42,120,ola,global,,,layers.0.weight,db,56,-81.00238575241713,-79.5143145603576,-80.25835015638737,1149,0.007694320760608173,0.07254464285714286,100352
bayesfl_observability_v1,ola_sparse_bayesian_keep010_seed42,120,ola,global,,,layers.0.weight,db,57,-79.5143145603576,-78.02624336829808,-78.77027896432784,1408,0.009428723786715673,0.08657525510204081,100352
bayesfl_observability_v1,ola_sparse_bayesian_keep010_seed42,120,ola,global,,,layers.0.weight,db,58,-78.02624336829808,-76.53817217623858,-77.28220777226832,1587,0.010627403870396247,0.10238958864795919,100352
bayesfl_observability_v1,ola_sparse_bayesian_keep010_seed42,120,ola,global,,,layers.0.weight,db,59,-76.53817217623858,-75.05010098417905,-75.79413658020881,1890,0.01265645451483851,0.12122329400510204,100352
bayesfl_observability_v1,ola_sparse_bayesian_keep010_seed42,120,ola,global,,,layers.0.weight,db,60,-75.05010098417905,-73.56202979211955,-74.3060653881493,2294,0.015361855374095143,0.14408282844387754,100352
bayesfl_observability_v1,ola_sparse_bayesian_keep010_seed42,120,ola,global,,,layers.0.weight,db,61,-73.56202979211955,-72.07395860006002,-72.81799419608978,2792,0.018696730690703236,0.17190489477040816,100352
bayesfl_observability_v1,ola_sparse_bayesian_keep010_seed42,120,ola,global,,,layers.0.weight,db,62,-72.07395860006002,-70.58588740800052,-71.32992300403026,3137,0.02100703587991999,0.20316485969387754,100352
bayesfl_observability_v1,ola_sparse_bayesian_keep010_seed42,120,ola,global,,,layers.0.weight,db,63,-70.58588740800052,-69.097816215941,-69.84185181197076,3941,0.02639105145131141,0.2424366230867347,100352
bayesfl_observability_v1,ola_sparse_bayesian_keep010_seed42,120,ola,global,,,layers.0.weight,db,64,-69.097816215941,-67.60974502388147,-68.35378061991123,4609,0.030864338020577087,0.28836495535714285,100352
bayesfl_observability_v1,ola_sparse_bayesian_keep010_seed42,120,ola,global,,,layers.0.weight,db,65,-67.60974502388147,-66.12167383182197,-66.86570942785173,5507,0.03687782804932081,0.34324178890306123,100352
bayesfl_observability_v1,ola_sparse_bayesian_keep010_seed42,120,ola,global,,,layers.0.weight,db,66,-66.12167383182197,-64.63360263976244,-65.3776382357922,6302,0.04220157478968904,0.40604073660714285,100352
bayesfl_observability_v1,ola_sparse_bayesian_keep010_seed42,120,ola,global,,,layers.0.weight,db,67,-64.63360263976244,-63.145531447702936,-63.88956704373269,7517,0.05033786697779999,0.4809470663265306,100352
bayesfl_observability_v1,ola_sparse_bayesian_keep010_seed42,120,ola,global,,,layers.0.weight,db,68,-63.145531447702936,-61.657460255643414,-62.401495851673175,8823,0.05908354401292072,0.5688675860969388,100352
bayesfl_observability_v1,ola_sparse_bayesian_keep010_seed42,120,ola,global,,,layers.0.weight,db,69,-61.657460255643414,-60.16938906358391,-60.91342465961366,10413,0.06973103749365855,0.6726323341836735,100352
bayesfl_observability_v1,ola_sparse_bayesian_keep010_seed42,120,ola,global,,,layers.0.weight,db,70,-60.16938906358391,-58.681317871524385,-59.425353467554146,10470,0.07011274009013714,0.7769650829081632,100352
bayesfl_observability_v1,ola_sparse_bayesian_keep010_seed42,120,ola,global,,,layers.0.weight,db,71,-58.681317871524385,-57.19324667946486,-57.937282275494624,6622,0.044344466559397146,0.8429528061224489,100352
bayesfl_observability_v1,ola_sparse_bayesian_keep010_seed42,120,ola,global,,,layers.0.weight,db,72,-57.19324667946486,-55.705175487405356,-56.44921108343511,5018,0.03360322156373558,0.8929567920918368,100352
bayesfl_observability_v1,ola_sparse_bayesian_keep010_seed42,120,ola,global,,,layers.0.weight,db,73,-55.705175487405356,-54.217104295345834,-54.961139891375595,4227,0.028306260970488033,0.9350785235969388,100352
bayesfl_observability_v1,ola_sparse_bayesian_keep010_seed42,120,ola,global,,,layers.0.weight,db,74,-54.217104295345834,-52.729033103286326,-53.47306869931608,3165,0.021194538909769453,0.9666175063775511,100352
bayesfl_observability_v1,ola_sparse_bayesian_keep010_seed42,120,ola,global,,,layers.0.weight,db,75,-52.729033103286326,-51.240961911226805,-51.984997507256566,1985,0.013292625508970604,0.9863978794642857,100352
bayesfl_observability_v1,ola_sparse_bayesian_keep010_seed42,120,ola,global,,,layers.0.weight,db,76,-51.240961911226805,-49.75289071916728,-50.496926315197044,922,0.006174206911471485,0.9955855389030612,100352
bayesfl_observability_v1,ola_sparse_bayesian_keep010_seed42,120,ola,global,,,layers.0.weight,db,77,-49.75289071916728,-48.264819527107775,-49.00885512313753,344,0.0023036086524362374,0.9990134725765306,100352
bayesfl_observability_v1,ola_sparse_bayesian_keep010_seed42,120,ola,global,,,layers.0.weight,db,78,-48.264819527107775,-46.776748335048254,-47.520783931078014,88,0.0005892952366697296,0.9998903858418368,100352
bayesfl_observability_v1,ola_sparse_bayesian_keep010_seed42,120,ola,global,,,layers.0.weight,db,79,-46.776748335048254,-45.288677142988746,-46.0327127390185,11,7.366190458371689e-05,1.0,100352
bayesfl_observability_v1,ola_sparse_bayesian_keep010_seed42,120,ola,global,,,layers.0.bias,raw,0,8.020214628369947e-06,6.394688909235086e-05,3.5983551860360406e-05,12,1676.3020669211946,0.09375,128
bayesfl_observability_v1,ola_sparse_bayesian_keep010_seed42,120,ola,global,,,layers.0.bias,raw,1,6.394688909235086e-05,0.00011987356355633178,9.191022632434133e-05,5,698.4591945504977,0.1328125,128
bayesfl_observability_v1,ola_sparse_bayesian_keep010_seed42,120,ola,global,,,layers.0.bias,raw,2,0.00011987356355633178,0.0001758002380203127,0.00014783690078832223,7,977.8428723706966,0.1875,128
bayesfl_observability_v1,ola_sparse_bayesian_keep010_seed42,120,ola,global,,,layers.0.bias,raw,3,0.0001758002380203127,0.0002317269124842936,0.00020376357525230316,4,558.7673556403984,0.21875,128
bayesfl_observability_v1,ola_sparse_bayesian_keep010_seed42,120,ola,global,,,layers.0.bias,raw,4,0.0002317269124842936,0.0002876535869482745,0.00025969024971628403,1,139.6918389100996,0.2265625,128
bayesfl_observability_v1,ola_sparse_bayesian_keep010_seed42,120,ola,global,,,layers.0.bias,raw,5,0.0002876535869482745,0.00034358026141225546,0.000315616924180265,2,279.3836778201989,0.2421875,128
bayesfl_observability_v1,ola_sparse_bayesian_keep010_seed42,120,ola,global,,,layers.0.bias,raw,6,0.00034358026141225546,0.00039950693587623636,0.00037154359864424594,4,558.7673556403984,0.2734375,128
bayesfl_observability_v1,ola_sparse_bayesian_keep010_seed42,120,ola,global,,,layers.0.bias,raw,7,0.00039950693587623636,0.00045543361034021726,0.0004274702731082268,3,419.0755167302988,0.296875,128
bayesfl_observability_v1,ola_sparse_bayesian_keep010_seed42,120,ola,global,,,layers.0.bias,raw,8,0.00045543361034021726,0.0005113602848041982,0.00048339694757220774,3,419.0755167302983,0.3203125,128
bayesfl_observability_v1,ola_sparse_bayesian_keep010_seed42,120,ola,global,,,layers.0.bias,raw,9,0.0005113602848041982,0.0005672869592681791,0.0005393236220361886,3,419.07551673029917,0.34375,128
bayesfl_observability_v1,ola_sparse_bayesian_keep010_seed42,120,ola,global,,,layers.0.bias,raw,10,0.0005672869592681791,0.00062321363373216,0.0005952502965001695,3,419.0755167302983,0.3671875,128
bayesfl_observability_v1,ola_sparse_bayesian_keep010_seed42,120,ola,global,,,layers.0.bias,raw,11,0.00062321363373216,0.000679140308196141,0.0006511769709641505,3,419.0755167302983,0.390625,128
bayesfl_observability_v1,ola_sparse_bayesian_keep010_seed42,120,ola,global,,,layers.0.bias,raw,12,0.000679140308196141,0.0007350669826601218,0.0007071036454281315,3,419.07551673029917,0.4140625,128
bayesfl_observability_v1,ola_sparse_bayesian_keep010_seed42,120,ola,global,,,layers.0.bias,raw,13,0.0007350669826601218,0.0007909936571241028,0.0007630303198921123,3,419.0755167302983,0.4375,128
bayesfl_observability_v1,ola_sparse_bayesian_keep010_seed42,120,ola,global,,,layers.0.bias,raw,14,0.0007909936571241028,0.0008469203315880836,0.0008189569943560931,3,419.07551673029917,0.4609375,128
bayesfl_observability_v1,ola_sparse_bayesian_keep010_seed42,120,ola,global,,,layers.0.bias,raw,15,0.0008469203315880836,0.0009028470060520646,0.0008748836688200741,4,558.7673556403978,0.4921875,128
bayesfl_observability_v1,ola_sparse_bayesian_keep010_seed42,120,ola,global,,,layers.0.bias,raw,16,0.0009028470060520646,0.0009587736805160455,0.0009308103432840551,4,558.7673556403978,0.5234375,128
bayesfl_observability_v1,ola_sparse_bayesian_keep010_seed42,120,ola,global,,,layers.0.bias,raw,17,0.0009587736805160455,0.0010147003549800264,0.000986737017748036,6,838.1510334605983,0.5703125,128
bayesfl_observability_v1,ola_sparse_bayesian_keep010_seed42,120,ola,global,,,layers.0.bias,raw,18,0.0010147003549800264,0.0010706270294440071,0.0010426636922120168,5,698.4591945505,0.609375,128
bayesfl_observability_v1,ola_sparse_bayesian_keep010_seed42,120,ola,global,,,layers.0.bias,raw,19,0.0010706270294440071,0.001126553703907988,0.0010985903666759977,4,558.7673556403978,0.640625,128
bayesfl_observability_v1,ola_sparse_bayesian_keep010_seed42,120,ola,global,,,layers.0.bias,raw,20,0.001126553703907988,0.001182480378371969,0.0011545170411399784,1,139.69183891009945,0.6484375,128
bayesfl_observability_v1,ola_sparse_bayesian_keep010_seed42,120,ola,global,,,layers.0.bias,raw,21,0.001182480378371969,0.00123840705283595,0.0012104437156039596,5,698.4591945504973,0.6875,128
bayesfl_observability_v1,ola_sparse_bayesian_keep010_seed42,120,ola,global,,,layers.0.bias,raw,22,0.00123840705283595,0.001294333727299931,0.0012663703900679404,1,139.69183891009945,0.6953125,128
bayesfl_observability_v1,ola_sparse_bayesian_keep010_seed42,120,ola,global,,,layers.0.bias,raw,23,0.001294333727299931,0.001350260401763912,0.0013222970645319215,3,419.0755167302983,0.71875,128
bayesfl_observability_v1,ola_sparse_bayesian_keep010_seed42,120,ola,global,,,layers.0.bias,raw,24,0.001350260401763912,0.0014061870762278926,0.0013782237389959023,2,279.3836778202,0.734375,128
bayesfl_observability_v1,ola_sparse_bayesian_keep010_seed42,120,ola,global,,,layers.0.bias,raw,25,0.0014061870762278926,0.0014621137506918736,0.001434150413459883,1,139.69183891009945,0.7421875,128
bayesfl_observability_v1,ola_sparse_bayesian_keep010_seed42,120,ola,global,,,layers.0.bias,raw,26,0.0014621137506918736,0.0015180404251558545,0.0014900770879238642,3,419.0755167302983,0.765625,128
bayesfl_observability_v1,ola_sparse_bayesian_keep010_seed42,120,ola,global,,,layers.0.bias,raw,27,0.0015180404251558545,0.0015739670996198355,0.001546003762387845,3,419.0755167302983,0.7890625,128
bayesfl_observability_v1,ola_sparse_bayesian_keep010_seed42,120,ola,global,,,layers.0.bias,raw,28,0.0015739670996198355,0.0016298937740838165,0.001601930436851826,1,139.69183891009945,0.796875,128
bayesfl_observability_v1,ola_sparse_bayesian_keep010_seed42,120,ola,global,,,layers.0.bias,raw,29,0.0016298937740838165,0.0016858204485477972,0.0016578571113158068,1,139.6918389101,0.8046875,128
bayesfl_observability_v1,ola_sparse_bayesian_keep010_seed42,120,ola,global,,,layers.0.bias,raw,30,0.0016858204485477972,0.0017417471230117782,0.0017137837857797876,5,698.4591945504973,0.84375,128
bayesfl_observability_v1,ola_sparse_bayesian_keep010_seed42,120,ola,global,,,layers.0.bias,raw,31,0.0017417471230117782,0.001797673797475759,0.0017697104602437687,3,419.0755167302983,0.8671875,128
bayesfl_observability_v1,ola_sparse_bayesian_keep010_seed42,120,ola,global,,,layers.0.bias,raw,32,0.001797673797475759,0.00185360047193974,0.0018256371347077495,0,0.0,0.8671875,128
bayesfl_observability_v1,ola_sparse_bayesian_keep010_seed42,120,ola,global,,,layers.0.bias,raw,33,0.00185360047193974,0.001909527146403721,0.0018815638091717306,2,279.3836778201989,0.8828125,128
bayesfl_observability_v1,ola_sparse_bayesian_keep010_seed42,120,ola,global,,,layers.0.bias,raw,34,0.001909527146403721,0.0019654538208677018,0.0019374904836357114,2,279.3836778202,0.8984375,128
bayesfl_observability_v1,ola_sparse_bayesian_keep010_seed42,120,ola,global,,,layers.0.bias,raw,35,0.0019654538208677018,0.002021380495331683,0.001993417158099692,2,279.3836778201978,0.9140625,128
bayesfl_observability_v1,ola_sparse_bayesian_keep010_seed42,120,ola,global,,,layers.0.bias,raw,36,0.002021380495331683,0.0020773071697956637,0.0020493438325636733,3,419.07551673029997,0.9375,128
bayesfl_observability_v1,ola_sparse_bayesian_keep010_seed42,120,ola,global,,,layers.0.bias,raw,37,0.0020773071697956637,0.0021332338442596444,0.002105270507027654,1,139.6918389101,0.9453125,128
bayesfl_observability_v1,ola_sparse_bayesian_keep010_seed42,120,ola,global,,,layers.0.bias,raw,38,0.0021332338442596444,0.0021891605187236256,0.002161197181491635,1,139.6918389100989,0.953125,128
bayesfl_observability_v1,ola_sparse_bayesian_keep010_seed42,120,ola,global,,,layers.0.bias,raw,39,0.0021891605187236256,0.0022450871931876063,0.002217123855955616,0,0.0,0.953125,128
bayesfl_observability_v1,ola_sparse_bayesian_keep010_seed42,120,ola,global,,,layers.0.bias,raw,40,0.0022450871931876063,0.0023010138676515875,0.0022730505304195967,1,139.6918389100989,0.9609375,128
bayesfl_observability_v1,ola_sparse_bayesian_keep010_seed42,120,ola,global,,,layers.0.bias,raw,41,0.0023010138676515875,0.0023569405421155682,0.002328977204883578,0,0.0,0.9609375,128
bayesfl_observability_v1,ola_sparse_bayesian_keep010_seed42,120,ola,global,,,layers.0.bias,raw,42,0.0023569405421155682,0.002412867216579549,0.0023849038793475586,0,0.0,0.9609375,128
bayesfl_observability_v1,ola_sparse_bayesian_keep010_seed42,120,ola,global,,,layers.0.bias,raw,43,0.002412867216579549,0.00246879389104353,0.0024408305538115398,1,139.6918389100989,0.96875,128
bayesfl_observability_v1,ola_sparse_bayesian_keep010_seed42,120,ola,global,,,layers.0.bias,raw,44,0.00246879389104353,0.002524720565507511,0.0024967572282755205,1,139.6918389101,0.9765625,128
bayesfl_observability_v1,ola_sparse_bayesian_keep010_seed42,120,ola,global,,,layers.0.bias,raw,45,0.002524720565507511,0.002580647239971492,0.0025526839027395012,1,139.6918389100989,0.984375,128
bayesfl_observability_v1,ola_sparse_bayesian_keep010_seed42,120,ola,global,,,layers.0.bias,raw,46,0.002580647239971492,0.002636573914435473,0.0026086105772034824,0,0.0,0.984375,128
bayesfl_observability_v1,ola_sparse_bayesian_keep010_seed42,120,ola,global,,,layers.0.bias,raw,47,0.002636573914435473,0.002692500588899454,0.0026645372516674636,1,139.6918389100989,0.9921875,128
bayesfl_observability_v1,ola_sparse_bayesian_keep010_seed42,120,ola,global,,,layers.0.bias,raw,48,0.002692500588899454,0.0027484272633634347,0.0027204639261314443,0,0.0,0.9921875,128
bayesfl_observability_v1,ola_sparse_bayesian_keep010_seed42,120,ola,global,,,layers.0.bias,raw,49,0.0027484272633634347,0.0028043539378274154,0.002776390600595425,0,0.0,0.9921875,128
bayesfl_observability_v1,ola_sparse_bayesian_keep010_seed42,120,ola,global,,,layers.0.bias,raw,50,0.0028043539378274154,0.0028602806122913966,0.002832317275059406,0,0.0,0.9921875,128
bayesfl_observability_v1,ola_sparse_bayesian_keep010_seed42,120,ola,global,,,layers.0.bias,raw,51,0.0028602806122913966,0.0029162072867553773,0.002888243949523387,0,0.0,0.9921875,128
bayesfl_observability_v1,ola_sparse_bayesian_keep010_seed42,120,ola,global,,,layers.0.bias,raw,52,0.0029162072867553773,0.0029721339612193585,0.002944170623987368,0,0.0,0.9921875,128
bayesfl_observability_v1,ola_sparse_bayesian_keep010_seed42,120,ola,global,,,layers.0.bias,raw,53,0.0029721339612193585,0.0030280606356833393,0.003000097298451349,0,0.0,0.9921875,128
bayesfl_observability_v1,ola_sparse_bayesian_keep010_seed42,120,ola,global,,,layers.0.bias,raw,54,0.0030280606356833393,0.00308398731014732,0.0030560239729153296,0,0.0,0.9921875,128
bayesfl_observability_v1,ola_sparse_bayesian_keep010_seed42,120,ola,global,,,layers.0.bias,raw,55,0.00308398731014732,0.003139913984611301,0.0031119506473793104,0,0.0,0.9921875,128
bayesfl_observability_v1,ola_sparse_bayesian_keep010_seed42,120,ola,global,,,layers.0.bias,raw,56,0.003139913984611301,0.003195840659075282,0.0031678773218432915,0,0.0,0.9921875,128
bayesfl_observability_v1,ola_sparse_bayesian_keep010_seed42,120,ola,global,,,layers.0.bias,raw,57,0.003195840659075282,0.003251767333539263,0.0032238039963072727,0,0.0,0.9921875,128
bayesfl_observability_v1,ola_sparse_bayesian_keep010_seed42,120,ola,global,,,layers.0.bias,raw,58,0.003251767333539263,0.003307694008003244,0.0032797306707712534,0,0.0,0.9921875,128
bayesfl_observability_v1,ola_sparse_bayesian_keep010_seed42,120,ola,global,,,layers.0.bias,raw,59,0.003307694008003244,0.0033636206824672246,0.003335657345235234,0,0.0,0.9921875,128
bayesfl_observability_v1,ola_sparse_bayesian_keep010_seed42,120,ola,global,,,layers.0.bias,raw,60,0.0033636206824672246,0.0034195473569312057,0.003391584019699215,0,0.0,0.9921875,128
bayesfl_observability_v1,ola_sparse_bayesian_keep010_seed42,120,ola,global,,,layers.0.bias,raw,61,0.0034195473569312057,0.0034754740313951865,0.003447510694163196,0,0.0,0.9921875,128
bayesfl_observability_v1,ola_sparse_bayesian_keep010_seed42,120,ola,global,,,layers.0.bias,raw,62,0.0034754740313951865,0.0035314007058591676,0.0035034373686271773,0,0.0,0.9921875,128
bayesfl_observability_v1,ola_sparse_bayesian_keep010_seed42,120,ola,global,,,layers.0.bias,raw,63,0.0035314007058591676,0.0035873273803231484,0.003559364043091158,0,0.0,0.9921875,128
bayesfl_observability_v1,ola_sparse_bayesian_keep010_seed42,120,ola,global,,,layers.0.bias,raw,64,0.0035873273803231484,0.003643254054787129,0.0036152907175551387,0,0.0,0.9921875,128
bayesfl_observability_v1,ola_sparse_bayesian_keep010_seed42,120,ola,global,,,layers.0.bias,raw,65,0.003643254054787129,0.0036991807292511103,0.0036712173920191195,0,0.0,0.9921875,128
bayesfl_observability_v1,ola_sparse_bayesian_keep010_seed42,120,ola,global,,,layers.0.bias,raw,66,0.0036991807292511103,0.003755107403715091,0.0037271440664831007,0,0.0,0.9921875,128
bayesfl_observability_v1,ola_sparse_bayesian_keep010_seed42,120,ola,global,,,layers.0.bias,raw,67,0.003755107403715091,0.003811034078179072,0.003783070740947082,0,0.0,0.9921875,128
bayesfl_observability_v1,ola_sparse_bayesian_keep010_seed42,120,ola,global,,,layers.0.bias,raw,68,0.003811034078179072,0.003866960752643053,0.0038389974154110626,0,0.0,0.9921875,128
bayesfl_observability_v1,ola_sparse_bayesian_keep010_seed42,120,ola,global,,,layers.0.bias,raw,69,0.003866960752643053,0.003922887427107034,0.0038949240898750433,0,0.0,0.9921875,128
bayesfl_observability_v1,ola_sparse_bayesian_keep010_seed42,120,ola,global,,,layers.0.bias,raw,70,0.003922887427107034,0.003978814101571014,0.003950850764339024,0,0.0,0.9921875,128
bayesfl_observability_v1,ola_sparse_bayesian_keep010_seed42,120,ola,global,,,layers.0.bias,raw,71,0.003978814101571014,0.004034740776034996,0.004006777438803006,0,0.0,0.9921875,128
bayesfl_observability_v1,ola_sparse_bayesian_keep010_seed42,120,ola,global,,,layers.0.bias,raw,72,0.004034740776034996,0.004090667450498977,0.004062704113266986,0,0.0,0.9921875,128
bayesfl_observability_v1,ola_sparse_bayesian_keep010_seed42,120,ola,global,,,layers.0.bias,raw,73,0.004090667450498977,0.0041465941249629575,0.004118630787730967,0,0.0,0.9921875,128
bayesfl_observability_v1,ola_sparse_bayesian_keep010_seed42,120,ola,global,,,layers.0.bias,raw,74,0.0041465941249629575,0.004202520799426938,0.004174557462194948,0,0.0,0.9921875,128
bayesfl_observability_v1,ola_sparse_bayesian_keep010_seed42,120,ola,global,,,layers.0.bias,raw,75,0.004202520799426938,0.004258447473890919,0.004230484136658929,0,0.0,0.9921875,128
bayesfl_observability_v1,ola_sparse_bayesian_keep010_seed42,120,ola,global,,,layers.0.bias,raw,76,0.004258447473890919,0.004314374148354901,0.004286410811122909,0,0.0,0.9921875,128
bayesfl_observability_v1,ola_sparse_bayesian_keep010_seed42,120,ola,global,,,layers.0.bias,raw,77,0.004314374148354901,0.004370300822818881,0.004342337485586891,0,0.0,0.9921875,128
bayesfl_observability_v1,ola_sparse_bayesian_keep010_seed42,120,ola,global,,,layers.0.bias,raw,78,0.004370300822818881,0.004426227497282862,0.004398264160050872,0,0.0,0.9921875,128
bayesfl_observability_v1,ola_sparse_bayesian_keep010_seed42,120,ola,global,,,layers.0.bias,raw,79,0.004426227497282862,0.004482154171746843,0.004454190834514852,1,139.6918389101,1.0,128
bayesfl_observability_v1,ola_sparse_bayesian_keep010_seed42,120,ola,global,,,layers.0.bias,db,0,-101.91627910575731,-101.22945391921236,-101.57286651248484,1,0.011374801263914764,0.0078125,128
bayesfl_observability_v1,ola_sparse_bayesian_keep010_seed42,120,ola,global,,,layers.0.bias,db,1,-101.22945391921236,-100.5426287326674,-100.88604132593989,0,0.0,0.0078125,128
bayesfl_observability_v1,ola_sparse_bayesian_keep010_seed42,120,ola,global,,,layers.0.bias,db,2,-100.5426287326674,-99.85580354612244,-100.19921613939492,0,0.0,0.0078125,128
bayesfl_observability_v1,ola_sparse_bayesian_keep010_seed42,120,ola,global,,,layers.0.bias,db,3,-99.85580354612244,-99.1689783595775,-99.51239095284997,0,0.0,0.0078125,128
bayesfl_observability_v1,ola_sparse_bayesian_keep010_seed42,120,ola,global,,,layers.0.bias,db,4,-99.1689783595775,-98.48215317303253,-98.825565766305,0,0.0,0.0078125,128
bayesfl_observability_v1,ola_sparse_bayesian_keep010_seed42,120,ola,global,,,layers.0.bias,db,5,-98.48215317303253,-97.79532798648758,-98.13874057976005,2,0.022749602527829527,0.0234375,128
bayesfl_observability_v1,ola_sparse_bayesian_keep010_seed42,120,ola,global,,,layers.0.bias,db,6,-97.79532798648758,-97.10850279994261,-97.4519153932151,0,0.0,0.0234375,128
bayesfl_observability_v1,ola_sparse_bayesian_keep010_seed42,120,ola,global,,,layers.0.bias,db,7,-97.10850279994261,-96.42167761339766,-96.76509020667014,0,0.0,0.0234375,128
bayesfl_observability_v1,ola_sparse_bayesian_keep010_seed42,120,ola,global,,,layers.0.bias,db,8,-96.42167761339766,-95.73485242685271,-96.07826502012519,0,0.0,0.0234375,128
bayesfl_observability_v1,ola_sparse_bayesian_keep010_seed42,120,ola,global,,,layers.0.bias,db,9,-95.73485242685271,-95.04802724030775,-95.39143983358022,0,0.0,0.0234375,128
bayesfl_observability_v1,ola_sparse_bayesian_keep010_seed42,120,ola,global,,,layers.0.bias,db,10,-95.04802724030775,-94.3612020537628,-94.70461464703527,0,0.0,0.0234375,128
bayesfl_observability_v1,ola_sparse_bayesian_keep010_seed42,120,ola,global,,,layers.0.bias,db,11,-94.3612020537628,-93.67437686721784,-94.01778946049032,1,0.011374801263914764,0.03125,128
bayesfl_observability_v1,ola_sparse_bayesian_keep010_seed42,120,ola,global,,,layers.0.bias,db,12,-93.67437686721784,-92.98755168067288,-93.33096427394537,0,0.0,0.03125,128
bayesfl_observability_v1,ola_sparse_bayesian_keep010_seed42,120,ola,global,,,layers.0.bias,db,13,-92.98755168067288,-92.30072649412793,-92.6441390874004,1,0.011374801263914764,0.0390625,128
bayesfl_observability_v1,ola_sparse_bayesian_keep010_seed42,120,ola,global,,,layers.0.bias,db,14,-92.30072649412793,-91.61390130758298,-91.95731390085545,0,0.0,0.0390625,128
bayesfl_observability_v1,ola_sparse_bayesian_keep010_seed42,120,ola,global,,,layers.0.bias,db,15,-91.61390130758298,-90.92707612103801,-91.27048871431049,1,0.011374801263914528,0.046875,128
bayesfl_observability_v1,ola_sparse_bayesian_keep010_seed42,120,ola,global,,,layers.0.bias,db,16,-90.92707612103801,-90.24025093449306,-90.58366352776554,0,0.0,0.046875,128
bayesfl_observability_v1,ola_sparse_bayesian_keep010_seed42,120,ola,global,,,layers.0.bias,db,17,-90.24025093449306,-89.5534257479481,-89.89683834122059,0,0.0,0.046875,128
bayesfl_observability_v1,ola_sparse_bayesian_keep010_seed42,120,ola,global,,,layers.0.bias,db,18,-89.5534257479481,-88.86660056140315,-89.21001315467562,0,0.0,0.046875,128
bayesfl_observability_v1,ola_sparse_bayesian_keep010_seed42,120,ola,global,,,layers.0.bias,db,19,-88.86660056140315,-88.1797753748582,-88.52318796813067,0,0.0,0.046875,128
bayesfl_observability_v1,ola_sparse_bayesian_keep010_seed42,120,ola,global,,,layers.0.bias,db,20,-88.1797753748582,-87.49295018831323,-87.8363627815857,0,0.0,0.046875,128
bayesfl_observability_v1,ola_sparse_bayesian_keep010_seed42,120,ola,global,,,layers.0.bias,db,21,-87.49295018831323,-86.80612500176828,-87.14953759504075,0,0.0,0.046875,128
bayesfl_observability_v1,ola_sparse_bayesian_keep010_seed42,120,ola,global,,,layers.0.bias,db,22,-86.80612500176828,-86.11929981522331,-86.4627124084958,1,0.011374801263914528,0.0546875,128
bayesfl_observability_v1,ola_sparse_bayesian_keep010_seed42,120,ola,global,,,layers.0.bias,db,23,-86.11929981522331,-85.43247462867836,-85.77588722195084,1,0.011374801263914764,0.0625,128
bayesfl_observability_v1,ola_sparse_bayesian_keep010_seed42,120,ola,global,,,layers.0.bias,db,24,-85.43247462867836,-84.74564944213341,-85.08906203540589,2,0.022749602527829527,0.078125,128
bayesfl_observability_v1,ola_sparse_bayesian_keep010_seed42,120,ola,global,,,layers.0.bias,db,25,-84.74564944213341,-84.05882425558846,-84.40223684886094,2,0.022749602527829527,0.09375,128
bayesfl_observability_v1,ola_sparse_bayesian_keep010_seed42,120,ola,global,,,layers.0.bias,db,26,-84.05882425558846,-83.3719990690435,-83.71541166231597,1,0.011374801263914528,0.1015625,128
bayesfl_observability_v1,ola_sparse_bayesian_keep010_seed42,120,ola,global,,,layers.0.bias,db,27,-83.3719990690435,-82.68517388249855,-83.02858647577102,0,0.0,0.1015625,128
bayesfl_observability_v1,ola_sparse_bayesian_keep010_seed42,120,ola,global,,,layers.0.bias,db,28,-82.68517388249855,-81.99834869595358,-82.34176128922607,0,0.0,0.1015625,128
bayesfl_observability_v1,ola_sparse_bayesian_keep010_seed42,120,ola,global,,,layers.0.bias,db,29,-81.99834869595358,-81.31152350940863,-81.6549361026811,2,0.022749602527829527,0.1171875,128
bayesfl_observability_v1,ola_sparse_bayesian_keep010_seed42,120,ola,global,,,layers.0.bias,db,30,-81.31152350940863,-80.62469832286368,-80.96811091613615,1,0.011374801263914764,0.125,128
bayesfl_observability_v1,ola_sparse_bayesian_keep010_seed42,120,ola,global,,,layers.0.bias,db,31,-80.62469832286368,-79.93787313631871,-80.28128572959119,1,0.011374801263914528,0.1328125,128
bayesfl_observability_v1,ola_sparse_bayesian_keep010_seed42,120,ola,global,,,layers.0.bias,db,32,-79.93787313631871,-79.25104794977376,-79.59446054304624,0,0.0,0.1328125,128
bayesfl_observability_v1,ola_sparse_bayesian_keep010_seed42,120,ola,global,,,layers.0.bias,db,33,-79.25104794977376,-78.5642227632288,-78.90763535650129,0,0.0,0.1328125,128
bayesfl_observability_v1,ola_sparse_bayesian_keep010_seed42,120,ola,global,,,layers.0.bias,db,34,-78.5642227632288,-77.87739757668385,-78.22081016995632,1,0.011374801263914764,0.140625,128
bayesfl_observability_v1,ola_sparse_bayesian_keep010_seed42,120,ola,global,,,layers.0.bias,db,35,-77.87739757668385,-77.1905723901389,-77.53398498341137,0,0.0,0.140625,128
bayesfl_observability_v1,ola_sparse_bayesian_keep010_seed42,120,ola,global,,,layers.0.bias,db,36,-77.1905723901389,-76.50374720359395,-76.84715979686642,1,0.011374801263914764,0.1484375,128
bayesfl_observability_v1,ola_sparse_bayesian_keep010_seed42,120,ola,global,,,layers.0.bias,db,37,-76.50374720359395,-75.81692201704898,-76.16033461032146,3,0.034124403791743585,0.171875,128
bayesfl_observability_v1,ola_sparse_bayesian_keep010_seed42,120,ola,global,,,layers.0.bias,db,38,-75.81692201704898,-75.13009683050403,-75.4735094237765,2,0.022749602527829527,0.1875,128
bayesfl_observability_v1,ola_sparse_bayesian_keep010_seed42,120,ola,global,,,layers.0.bias,db,39,-75.13009683050403,-74.44327164395906,-74.78668423723155,1,0.011374801263914528,0.1953125,128
bayesfl_observability_v1,ola_sparse_bayesian_keep010_seed42,120,ola,global,,,layers.0.bias,db,40,-74.44327164395906,-73.75644645741411,-74.09985905068659,2,0.022749602527829527,0.2109375,128
bayesfl_observability_v1,ola_sparse_bayesian_keep010_seed42,120,ola,global,,,layers.0.bias,db,41,-73.75644645741411,-73.06962127086916,-73.41303386414164,0,0.0,0.2109375,128
bayesfl_observability_v1,ola_sparse_bayesian_keep010_seed42,120,ola,global,,,layers.0.bias,db,42,-73.06962127086916,-72.3827960843242,-72.72620867759667,1,0.011374801263914528,0.21875,128
bayesfl_observability_v1,ola_sparse_bayesian_keep010_seed42,120,ola,global,,,layers.0.bias,db,43,-72.3827960843242,-71.69597089777925,-72.03938349105172,1,0.011374801263914764,0.2265625,128
bayesfl_observability_v1,ola_sparse_bayesian_keep010_seed42,120,ola,global,,,layers.0.bias,db,44,-71.69597089777925,-71.00914571123428,-71.35255830450677,0,0.0,0.2265625,128
bayesfl_observability_v1,ola_sparse_bayesian_keep010_seed42,120,ola,global,,,layers.0.bias,db,45,-71.00914571123428,-70.32232052468933,-70.6657331179618,0,0.0,0.2265625,128
bayesfl_observability_v1,ola_sparse_bayesian_keep010_seed42,120,ola,global,,,layers.0.bias,db,46,-70.32232052468933,-69.63549533814438,-69.97890793141686,2,0.022749602527829527,0.2421875,128
bayesfl_observability_v1,ola_sparse_bayesian_keep010_seed42,120,ola,global,,,layers.0.bias,db,47,-69.63549533814438,-68.94867015159943,-69.2920827448719,0,0.0,0.2421875,128
bayesfl_observability_v1,ola_sparse_bayesian_keep010_seed42,120,ola,global,,,layers.0.bias,db,48,-68.94867015159943,-68.26184496505446,-68.60525755832694,4,0.04549920505565811,0.2734375,128
bayesfl_observability_v1,ola_sparse_bayesian_keep010_seed42,120,ola,global,,,layers.0.bias,db,49,-68.26184496505446,-67.5750197785095,-67.91843237178199,1,0.011374801263914528,0.28125,128
bayesfl_observability_v1,ola_sparse_bayesian_keep010_seed42,120,ola,global,,,layers.0.bias,db,50,-67.5750197785095,-66.88819459196455,-67.23160718523702,2,0.022749602527829527,0.296875,128
bayesfl_observability_v1,ola_sparse_bayesian_keep010_seed42,120,ola,global,,,layers.0.bias,db,51,-66.88819459196455,-66.2013694054196,-66.54478199869207,1,0.011374801263914764,0.3046875,128
bayesfl_observability_v1,ola_sparse_bayesian_keep010_seed42,120,ola,global,,,layers.0.bias,db,52,-66.2013694054196,-65.51454421887465,-65.85795681214712,2,0.022749602527829527,0.3203125,128
bayesfl_observability_v1,ola_sparse_bayesian_keep010_seed42,120,ola,global,,,layers.0.bias,db,53,-65.51454421887465,-64.82771903232968,-65.17113162560216,3,0.034124403791743585,0.34375,128
bayesfl_observability_v1,ola_sparse_bayesian_keep010_seed42,120,ola,global,,,layers.0.bias,db,54,-64.82771903232968,-64.14089384578473,-64.4843064390572,3,0.03412440379174429,0.3671875,128
bayesfl_observability_v1,ola_sparse_bayesian_keep010_seed42,120,ola,global,,,layers.0.bias,db,55,-64.14089384578473,-63.45406865923977,-63.797481252512256,3,0.03412440379174394,0.390625,128
bayesfl_observability_v1,ola_sparse_bayesian_keep010_seed42,120,ola,global,,,layers.0.bias,db,56,-63.45406865923977,-62.767243472694815,-63.11065606596729,3,0.03412440379174394,0.4140625,128
bayesfl_observability_v1,ola_sparse_bayesian_keep010_seed42,120,ola,global,,,layers.0.bias,db,57,-62.767243472694815,-62.08041828614986,-62.42383087942234,3,0.03412440379174394,0.4375,128
bayesfl_observability_v1,ola_sparse_bayesian_keep010_seed42,120,ola,global,,,layers.0.bias,db,58,-62.08041828614986,-61.39359309960491,-61.73700569287738,4,0.045499205055659055,0.46875,128
bayesfl_observability_v1,ola_sparse_bayesian_keep010_seed42,120,ola,global,,,layers.0.bias,db,59,-61.39359309960491,-60.70676791305995,-61.050180506332424,3,0.03412440379174394,0.4921875,128
bayesfl_observability_v1,ola_sparse_bayesian_keep010_seed42,120,ola,global,,,layers.0.bias,db,60,-60.70676791305995,-60.01994272651499,-60.36335531978747,10,0.11374801263914645,0.5703125,128
bayesfl_observability_v1,ola_sparse_bayesian_keep010_seed42,120,ola,global,,,layers.0.bias,db,61,-60.01994272651499,-59.33311753997003,-59.67653013324251,5,0.05687400631957323,0.609375,128
bayesfl_observability_v1,ola_sparse_bayesian_keep010_seed42,120,ola,global,,,layers.0.bias,db,62,-59.33311753997003,-58.64629235342508,-58.98970494669756,5,0.05687400631957382,0.6484375,128
bayesfl_observability_v1,ola_sparse_bayesian_keep010_seed42,120,ola,global,,,layers.0.bias,db,63,-58.64629235342508,-57.959467166880124,-58.30287976015261,5,0.05687400631957323,0.6875,128
bayesfl_observability_v1,ola_sparse_bayesian_keep010_seed42,120,ola,global,,,layers.0.bias,db,64,-57.959467166880124,-57.272641980335166,-57.61605457360764,4,0.04549920505565858,0.71875,128
bayesfl_observability_v1,ola_sparse_bayesian_keep010_seed42,120,ola,global,,,layers.0.bias,db,65,-57.272641980335166,-56.585816793790215,-56.92922938706269,4,0.045499205055659055,0.75,128
bayesfl_observability_v1,ola_sparse_bayesian_keep010_seed42,120,ola,global,,,layers.0.bias,db,66,-56.585816793790215,-55.89899160724526,-56.24240420051774,5,0.05687400631957323,0.7890625,128
bayesfl_observability_v1,ola_sparse_bayesian_keep010_seed42,120,ola,global,,,layers.0.bias,db,67,-55.89899160724526,-55.2121664207003,-55.555579013972775,7,0.07962360884740252,0.84375,128
bayesfl_observability_v1,ola_sparse_bayesian_keep010_seed42,120,ola,global,,,layers.0.bias,db,68,-55.2121664207003,-54.52534123415534,-54.868753827427824,4,0.04549920505565858,0.875,128
bayesfl_observability_v1,ola_sparse_bayesian_keep010_seed42,120,ola,global,,,layers.0.bias,db,69,-54.52534123415534,-53.83851604761039,-54.181928640882866,5,0.05687400631957382,0.9140625,128
bayesfl_observability_v1,ola_sparse_bayesian_keep010_seed42,120,ola,global,,,layers.0.bias,db,70,-53.83851604761039,-53.15169086106543,-53.49510345433791,5,0.05687400631957323,0.953125,128
bayesfl_observability_v1,ola_sparse_bayesian_keep010_seed42,120,ola,global,,,layers.0.bias,db,71,-53.15169086106543,-52.464865674520475,-52.80827826779296,1,0.011374801263914646,0.9609375,128
bayesfl_observability_v1,ola_sparse_bayesian_keep010_seed42,120,ola,global,,,layers.0.bias,db,72,-52.464865674520475,-51.77804048797552,-52.12145308124799,3,0.03412440379174394,0.984375,128
bayesfl_observability_v1,ola_sparse_bayesian_keep010_seed42,120,ola,global,,,layers.0.bias,db,73,-51.77804048797552,-51.091215301430566,-51.43462789470304,1,0.011374801263914764,0.9921875,128
bayesfl_observability_v1,ola_sparse_bayesian_keep010_seed42,120,ola,global,,,layers.0.bias,db,74,-51.091215301430566,-50.40439011488561,-50.74780270815809,0,0.0,0.9921875,128
bayesfl_observability_v1,ola_sparse_bayesian_keep010_seed42,120,ola,global,,,layers.0.bias,db,75,-50.40439011488561,-49.71756492834065,-50.060977521613125,0,0.0,0.9921875,128
bayesfl_observability_v1,ola_sparse_bayesian_keep010_seed42,120,ola,global,,,layers.0.bias,db,76,-49.71756492834065,-49.03073974179569,-49.374152335068175,0,0.0,0.9921875,128
bayesfl_observability_v1,ola_sparse_bayesian_keep010_seed42,120,ola,global,,,layers.0.bias,db,77,-49.03073974179569,-48.34391455525074,-48.68732714852322,0,0.0,0.9921875,128
bayesfl_observability_v1,ola_sparse_bayesian_keep010_seed42,120,ola,global,,,layers.0.bias,db,78,-48.34391455525074,-47.65708936870578,-48.00050196197826,0,0.0,0.9921875,128
bayesfl_observability_v1,ola_sparse_bayesian_keep010_seed42,120,ola,global,,,layers.0.bias,db,79,-47.65708936870578,-46.970264182160825,-47.31367677543331,1,0.011374801263914646,1.0,128
bayesfl_observability_v1,ola_sparse_bayesian_keep010_seed42,120,ola,global,,,layers.1.weight,raw,0,1.333035061573949e-05,0.0013030279308120535,0.0006581791407138965,175,106.0083790955001,0.13671875,1280
bayesfl_observability_v1,ola_sparse_bayesian_keep010_seed42,120,ola,global,,,layers.1.weight,raw,1,0.0013030279308120535,0.0025927255110083673,0.0019478767209102103,160,96.92194660160011,0.26171875,1280
bayesfl_observability_v1,ola_sparse_bayesian_keep010_seed42,120,ola,global,,,layers.1.weight,raw,2,0.0025927255110083673,0.0038824230912046813,0.0032375743011065243,138,83.59517894388009,0.36953125,1280
bayesfl_observability_v1,ola_sparse_bayesian_keep010_seed42,120,ola,global,,,layers.1.weight,raw,3,0.0038824230912046813,0.005172120671400995,0.004527271881302838,145,87.83551410770009,0.4828125,1280
bayesfl_observability_v1,ola_sparse_bayesian_keep010_seed42,120,ola,global,,,layers.1.weight,raw,4,0.005172120671400995,0.006461818251597309,0.005816969461499152,121,73.29722211746007,0.57734375,1280
bayesfl_observability_v1,ola_sparse_bayesian_keep010_seed42,120,ola,global,,,layers.1.weight,raw,5,0.006461818251597309,0.007751515831793623,0.007106667041695466,99,59.97045445974006,0.6546875,1280
bayesfl_observability_v1,ola_sparse_bayesian_keep010_seed42,120,ola,global,,,layers.1.weight,raw,6,0.007751515831793623,0.009041213411989938,0.008396364621891781,69,41.797589471940015,0.70859375,1280
bayesfl_observability_v1,ola_sparse_bayesian_keep010_seed42,120,ola,global,,,layers.1.weight,raw,7,0.009041213411989938,0.010330910992186252,0.009686062202088095,71,43.00911380446004,0.7640625,1280
bayesfl_observability_v1,ola_sparse_bayesian_keep010_seed42,120,ola,global,,,layers.1.weight,raw,8,0.010330910992186252,0.011620608572382566,0.010975759782284409,48,29.076583980480027,0.8015625,1280
bayesfl_observability_v1,ola_sparse_bayesian_keep010_seed42,120,ola,global,,,layers.1.weight,raw,9,0.011620608572382566,0.01291030615257888,0.012265457362480723,32,19.384389320320018,0.8265625,1280
bayesfl_observability_v1,ola_sparse_bayesian_keep010_seed42,120,ola,global,,,layers.1.weight,raw,10,0.01291030615257888,0.014200003732775194,0.013555154942677037,35,21.20167581910002,0.85390625,1280
bayesfl_observability_v1,ola_sparse_bayesian_keep010_seed42,120,ola,global,,,layers.1.weight,raw,11,0.014200003732775194,0.015489701312971508,0.014844852522873351,26,15.749816322760015,0.87421875,1280
bayesfl_observability_v1,ola_sparse_bayesian_keep010_seed42,120,ola,global,,,layers.1.weight,raw,12,0.015489701312971508,0.016779398893167822,0.016134550103069665,23,13.932529823980014,0.8921875,1280
bayesfl_observability_v1,ola_sparse_bayesian_keep010_seed42,120,ola,global,,,layers.1.weight,raw,13,0.016779398893167822,0.018069096473364136,0.01742424768326598,19,11.50948115894001,0.90703125,1280
bayesfl_observability_v1,ola_sparse_bayesian_keep010_seed42,120,ola,global,,,layers.1.weight,raw,14,0.018069096473364136,0.01935879405356045,0.018713945263462293,22,13.326767657720014,0.92421875,1280
bayesfl_observability_v1,ola_sparse_bayesian_keep010_seed42,120,ola,global,,,layers.1.weight,raw,15,0.01935879405356045,0.020648491633756764,0.020003642843658607,9,5.451859496340005,0.93125,1280
bayesfl_observability_v1,ola_sparse_bayesian_keep010_seed42,120,ola,global,,,layers.1.weight,raw,16,0.020648491633756764,0.021938189213953078,0.02129334042385492,9,5.451859496340005,0.93828125,1280
bayesfl_observability_v1,ola_sparse_bayesian_keep010_seed42,120,ola,global,,,layers.1.weight,raw,17,0.021938189213953078,0.023227886794149392,0.022583038004051235,5,3.028810831300003,0.9421875,1280
bayesfl_observability_v1,ola_sparse_bayesian_keep010_seed42,120,ola,global,,,layers.1.weight,raw,18,0.023227886794149392,0.024517584374345706,0.02387273558424755,7,4.240335163820004,0.94765625,1280
bayesfl_observability_v1,ola_sparse_bayesian_keep010_seed42,120,ola,global,,,layers.1.weight,raw,19,0.024517584374345706,0.02580728195454202,0.025162433164443863,11,6.663383828860007,0.95625,1280
bayesfl_observability_v1,ola_sparse_bayesian_keep010_seed42,120,ola,global,,,layers.1.weight,raw,20,0.02580728195454202,0.027096979534738334,0.026452130744640177,6,3.6345729975600034,0.9609375,1280
bayesfl_observability_v1,ola_sparse_bayesian_keep010_seed42,120,ola,global,,,layers.1.weight,raw,21,0.027096979534738334,0.028386677114934648,0.02774182832483649,3,1.8172864987800017,0.96328125,1280
bayesfl_observability_v1,ola_sparse_bayesian_keep010_seed42,120,ola,global,,,layers.1.weight,raw,22,0.028386677114934648,0.02967637469513096,0.029031525905032805,3,1.8172864987800017,0.965625,1280
bayesfl_observability_v1,ola_sparse_bayesian_keep010_seed42,120,ola,global,,,layers.1.weight,raw,23,0.02967637469513096,0.030966072275327276,0.03032122348522912,4,2.4230486650400023,0.96875,1280
bayesfl_observability_v1,ola_sparse_bayesian_keep010_seed42,120,ola,global,,,layers.1.weight,raw,24,0.030966072275327276,0.032255769855523586,0.03161092106542543,3,1.8172864987800066,0.97109375,1280
bayesfl_observability_v1,ola_sparse_bayesian_keep010_seed42,120,ola,global,,,layers.1.weight,raw,25,0.032255769855523586,0.0335454674357199,0.03290061864562174,2,1.2115243325200011,0.97265625,1280
bayesfl_observability_v1,ola_sparse_bayesian_keep010_seed42,120,ola,global,,,layers.1.weight,raw,26,0.0335454674357199,0.034835165015916214,0.03419031622581806,4,2.4230486650400023,0.97578125,1280
bayesfl_observability_v1,ola_sparse_bayesian_keep010_seed42,120,ola,global,,,layers.1.weight,raw,27,0.034835165015916214,0.03612486259611253,0.03548001380601437,1,0.6057621662600006,0.9765625,1280
bayesfl_observability_v1,ola_sparse_bayesian_keep010_seed42,120,ola,global,,,layers.1.weight,raw,28,0.03612486259611253,0.03741456017630884,0.036769711386210685,7,4.240335163820004,0.98203125,1280
bayesfl_observability_v1,ola_sparse_bayesian_keep010_seed42,120,ola,global,,,layers.1.weight,raw,29,0.03741456017630884,0.038704257756505156,0.038059408966407,2,1.2115243325200011,0.98359375,1280
bayesfl_observability_v1,ola_sparse_bayesian_keep010_seed42,120,ola,global,,,layers.1.weight,raw,30,0.038704257756505156,0.03999395533670147,0.03934910654660331,2,1.2115243325200011,0.98515625,1280
bayesfl_observability_v1,ola_sparse_bayesian_keep010_seed42,120,ola,global,,,layers.1.weight,raw,31,0.03999395533670147,0.041283652916897784,0.04063880412679963,1,0.6057621662600006,0.9859375,1280
bayesfl_observability_v1,ola_sparse_bayesian_keep010_seed42,120,ola,global,,,layers.1.weight,raw,32,0.041283652916897784,0.0425733504970941,0.04192850170699594,1,0.6057621662600006,0.98671875,1280
bayesfl_observability_v1,ola_sparse_bayesian_keep010_seed42,120,ola,global,,,layers.1.weight,raw,33,0.0425733504970941,0.04386304807729041,0.043218199287192255,1,0.6057621662600006,0.9875,1280
bayesfl_observability_v1,ola_sparse_bayesian_keep010_seed42,120,ola,global,,,layers.1.weight,raw,34,0.04386304807729041,0.045152745657486726,0.04450789686738857,2,1.2115243325200011,0.9890625,1280
bayesfl_observability_v1,ola_sparse_bayesian_keep010_seed42,120,ola,global,,,layers.1.weight,raw,35,0.045152745657486726,0.04644244323768304,0.04579759444758488,0,0.0,0.9890625,1280
bayesfl_observability_v1,ola_sparse_bayesian_keep010_seed42,120,ola,global,,,layers.1.weight,raw,36,0.04644244323768304,0.047732140817879354,0.0470872920277812,0,0.0,0.9890625,1280
bayesfl_observability_v1,ola_sparse_bayesian_keep010_seed42,120,ola,global,,,layers.1.weight,raw,37,0.047732140817879354,0.04902183839807567,0.04837698960797751,1,0.6057621662600006,0.98984375,1280
bayesfl_observability_v1,ola_sparse_bayesian_keep010_seed42,120,ola,global,,,layers.1.weight,raw,38,0.04902183839807567,0.05031153597827198,0.049666687188173825,1,0.6057621662600006,0.990625,1280
bayesfl_observability_v1,ola_sparse_bayesian_keep010_seed42,120,ola,global,,,layers.1.weight,raw,39,0.05031153597827198,0.051601233558468296,0.05095638476837014,1,0.6057621662600006,0.99140625,1280
bayesfl_observability_v1,ola_sparse_bayesian_keep010_seed42,120,ola,global,,,layers.1.weight,raw,40,0.051601233558468296,0.05289093113866461,0.05224608234856645,2,1.2115243325200011,0.99296875,1280
bayesfl_observability_v1,ola_sparse_bayesian_keep010_seed42,120,ola,global,,,layers.1.weight,raw,41,0.05289093113866461,0.054180628718860924,0.05353577992876277,0,0.0,0.99296875,1280
bayesfl_observability_v1,ola_sparse_bayesian_keep010_seed42,120,ola,global,,,layers.1.weight,raw,42,0.054180628718860924,0.05547032629905724,0.05482547750895908,2,1.2115243325200011,0.99453125,1280
bayesfl_observability_v1,ola_sparse_bayesian_keep010_seed42,120,ola,global,,,layers.1.weight,raw,43,0.05547032629905724,0.05676002387925355,0.056115175089155395,0,0.0,0.99453125,1280
bayesfl_observability_v1,ola_sparse_bayesian_keep010_seed42,120,ola,global,,,layers.1.weight,raw,44,0.05676002387925355,0.058049721459449866,0.05740487266935171,0,0.0,0.99453125,1280
bayesfl_observability_v1,ola_sparse_bayesian_keep010_seed42,120,ola,global,,,layers.1.weight,raw,45,0.058049721459449866,0.05933941903964618,0.05869457024954802,0,0.0,0.99453125,1280
bayesfl_observability_v1,ola_sparse_bayesian_keep010_seed42,120,ola,global,,,layers.1.weight,raw,46,0.05933941903964618,0.060629116619842494,0.05998426782974434,1,0.6057621662600006,0.9953125,1280
bayesfl_observability_v1,ola_sparse_bayesian_keep010_seed42,120,ola,global,,,layers.1.weight,raw,47,0.060629116619842494,0.06191881420003881,0.06127396540994065,0,0.0,0.9953125,1280
bayesfl_observability_v1,ola_sparse_bayesian_keep010_seed42,120,ola,global,,,layers.1.weight,raw,48,0.06191881420003881,0.06320851178023512,0.06256366299013696,1,0.6057621662600006,0.99609375,1280
bayesfl_observability_v1,ola_sparse_bayesian_keep010_seed42,120,ola,global,,,layers.1.weight,raw,49,0.06320851178023512,0.06449820936043144,0.06385336057033328,0,0.0,0.99609375,1280
bayesfl_observability_v1,ola_sparse_bayesian_keep010_seed42,120,ola,global,,,layers.1.weight,raw,50,0.06449820936043144,0.06578790694062775,0.06514305815052959,1,0.6057621662600006,0.996875,1280
bayesfl_observability_v1,ola_sparse_bayesian_keep010_seed42,120,ola,global,,,layers.1.weight,raw,51,0.06578790694062775,0.06707760452082406,0.0664327557307259,1,0.6057621662600006,0.99765625,1280
bayesfl_observability_v1,ola_sparse_bayesian_keep010_seed42,120,ola,global,,,layers.1.weight,raw,52,0.06707760452082406,0.06836730210102038,0.06772245331092222,0,0.0,0.99765625,1280
bayesfl_observability_v1,ola_sparse_bayesian_keep010_seed42,120,ola,global,,,layers.1.weight,raw,53,0.06836730210102038,0.06965699968121669,0.06901215089111853,0,0.0,0.99765625,1280
bayesfl_observability_v1,ola_sparse_bayesian_keep010_seed42,120,ola,global,,,layers.1.weight,raw,54,0.06965699968121669,0.070946697261413,0.07030184847131485,1,0.6057621662600006,0.9984375,1280
bayesfl_observability_v1,ola_sparse_bayesian_keep010_seed42,120,ola,global,,,layers.1.weight,raw,55,0.070946697261413,0.07223639484160932,0.07159154605151116,0,0.0,0.9984375,1280
bayesfl_observability_v1,ola_sparse_bayesian_keep010_seed42,120,ola,global,,,layers.1.weight,raw,56,0.07223639484160932,0.07352609242180563,0.07288124363170748,0,0.0,0.9984375,1280
bayesfl_observability_v1,ola_sparse_bayesian_keep010_seed42,120,ola,global,,,layers.1.weight,raw,57,0.07352609242180563,0.07481579000200195,0.07417094121190379,0,0.0,0.9984375,1280
bayesfl_observability_v1,ola_sparse_bayesian_keep010_seed42,120,ola,global,,,layers.1.weight,raw,58,0.07481579000200195,0.07610548758219826,0.0754606387921001,0,0.0,0.9984375,1280
bayesfl_observability_v1,ola_sparse_bayesian_keep010_seed42,120,ola,global,,,layers.1.weight,raw,59,0.07610548758219826,0.07739518516239458,0.07675033637229642,0,0.0,0.9984375,1280
bayesfl_observability_v1,ola_sparse_bayesian_keep010_seed42,120,ola,global,,,layers.1.weight,raw,60,0.07739518516239458,0.07868488274259089,0.07804003395249273,0,0.0,0.9984375,1280
bayesfl_observability_v1,ola_sparse_bayesian_keep010_seed42,120,ola,global,,,layers.1.weight,raw,61,0.07868488274259089,0.0799745803227872,0.07932973153268905,0,0.0,0.9984375,1280
bayesfl_observability_v1,ola_sparse_bayesian_keep010_seed42,120,ola,global,,,layers.1.weight,raw,62,0.0799745803227872,0.08126427790298352,0.08061942911288536,0,0.0,0.9984375,1280
bayesfl_observability_v1,ola_sparse_bayesian_keep010_seed42,120,ola,global,,,layers.1.weight,raw,63,0.08126427790298352,0.08255397548317983,0.08190912669308167,0,0.0,0.9984375,1280
bayesfl_observability_v1,ola_sparse_bayesian_keep010_seed42,120,ola,global,,,layers.1.weight,raw,64,0.08255397548317983,0.08384367306337615,0.08319882427327799,0,0.0,0.9984375,1280
bayesfl_observability_v1,ola_sparse_bayesian_keep010_seed42,120,ola,global,,,layers.1.weight,raw,65,0.08384367306337615,0.08513337064357246,0.0844885218534743,1,0.6057621662600006,0.99921875,1280
bayesfl_observability_v1,ola_sparse_bayesian_keep010_seed42,120,ola,global,,,layers.1.weight,raw,66,0.08513337064357246,0.08642306822376877,0.08577821943367062,0,0.0,0.99921875,1280
bayesfl_observability_v1,ola_sparse_bayesian_keep010_seed42,120,ola,global,,,layers.1.weight,raw,67,0.08642306822376877,0.08771276580396509,0.08706791701386693,0,0.0,0.99921875,1280
bayesfl_observability_v1,ola_sparse_bayesian_keep010_seed42,120,ola,global,,,layers.1.weight,raw,68,0.08771276580396509,0.0890024633841614,0.08835761459406324,0,0.0,0.99921875,1280
bayesfl_observability_v1,ola_sparse_bayesian_keep010_seed42,120,ola,global,,,layers.1.weight,raw,69,0.0890024633841614,0.09029216096435771,0.08964731217425956,0,0.0,0.99921875,1280
bayesfl_observability_v1,ola_sparse_bayesian_keep010_seed42,120,ola,global,,,layers.1.weight,raw,70,0.09029216096435771,0.09158185854455403,0.09093700975445587,0,0.0,0.99921875,1280
bayesfl_observability_v1,ola_sparse_bayesian_keep010_seed42,120,ola,global,,,layers.1.weight,raw,71,0.09158185854455403,0.09287155612475034,0.09222670733465219,0,0.0,0.99921875,1280
bayesfl_observability_v1,ola_sparse_bayesian_keep010_seed42,120,ola,global,,,layers.1.weight,raw,72,0.09287155612475034,0.09416125370494666,0.0935164049148485,0,0.0,0.99921875,1280
bayesfl_observability_v1,ola_sparse_bayesian_keep010_seed42,120,ola,global,,,layers.1.weight,raw,73,0.09416125370494666,0.09545095128514297,0.09480610249504481,0,0.0,0.99921875,1280
bayesfl_observability_v1,ola_sparse_bayesian_keep010_seed42,120,ola,global,,,layers.1.weight,raw,74,0.09545095128514297,0.09674064886533928,0.09609580007524113,0,0.0,0.99921875,1280
bayesfl_observability_v1,ola_sparse_bayesian_keep010_seed42,120,ola,global,,,layers.1.weight,raw,75,0.09674064886533928,0.0980303464455356,0.09738549765543744,0,0.0,0.99921875,1280
bayesfl_observability_v1,ola_sparse_bayesian_keep010_seed42,120,ola,global,,,layers.1.weight,raw,76,0.0980303464455356,0.09932004402573191,0.09867519523563376,0,0.0,0.99921875,1280
bayesfl_observability_v1,ola_sparse_bayesian_keep010_seed42,120,ola,global,,,layers.1.weight,raw,77,0.09932004402573191,0.10060974160592823,0.09996489281583007,0,0.0,0.99921875,1280
bayesfl_observability_v1,ola_sparse_bayesian_keep010_seed42,120,ola,global,,,layers.1.weight,raw,78,0.10060974160592823,0.10189943918612454,0.10125459039602638,0,0.0,0.99921875,1280
bayesfl_observability_v1,ola_sparse_bayesian_keep010_seed42,120,ola,global,,,layers.1.weight,raw,79,0.10189943918612454,0.10318913676632085,0.1025442879762227,1,0.6057621662600006,1.0,1280
bayesfl_observability_v1,ola_sparse_bayesian_keep010_seed42,120,ola,global,,,layers.1.weight,db,0,-97.50316790030281,-96.53096980670863,-97.01706885350572,2,0.0016071827442321804,0.0015625,1280
bayesfl_observability_v1,ola_sparse_bayesian_keep010_seed42,120,ola,global,,,layers.1.weight,db,1,-96.53096980670863,-95.55877171311445,-96.04487075991153,0,0.0,0.0015625,1280
bayesfl_observability_v1,ola_sparse_bayesian_keep010_seed42,120,ola,global,,,layers.1.weight,db,2,-95.55877171311445,-94.58657361952027,-95.07267266631736,1,0.0008035913721160902,0.00234375,1280
bayesfl_observability_v1,ola_sparse_bayesian_keep010_seed42,120,ola,global,,,layers.1.weight,db,3,-94.58657361952027,-93.61437552592608,-94.10047457272317,1,0.0008035913721160902,0.003125,1280
bayesfl_observability_v1,ola_sparse_bayesian_keep010_seed42,120,ola,global,,,layers.1.weight,db,4,-93.61437552592608,-92.64217743233189,-93.12827647912898,0,0.0,0.003125,1280
bayesfl_observability_v1,ola_sparse_bayesian_keep010_seed42,120,ola,global,,,layers.1.weight,db,5,-92.64217743233189,-91.66997933873772,-92.15607838553481,0,0.0,0.003125,1280
bayesfl_observability_v1,ola_sparse_bayesian_keep010_seed42,120,ola,global,,,layers.1.weight,db,6,-91.66997933873772,-90.69778124514353,-91.18388029194062,0,0.0,0.003125,1280
bayesfl_observability_v1,ola_sparse_bayesian_keep010_seed42,120,ola,global,,,layers.1.weight,db,7,-90.69778124514353,-89.72558315154934,-90.21168219834644,0,0.0,0.003125,1280
bayesfl_observability_v1,ola_sparse_bayesian_keep010_seed42,120,ola,global,,,layers.1.weight,db,8,-89.72558315154934,-88.75338505795517,-89.23948410475225,0,0.0,0.003125,1280
bayesfl_observability_v1,ola_sparse_bayesian_keep010_seed42,120,ola,global,,,layers.1.weight,db,9,-88.75338505795517,-87.78118696436098,-88.26728601115808,0,0.0,0.003125,1280
bayesfl_observability_v1,ola_sparse_bayesian_keep010_seed42,120,ola,global,,,layers.1.weight,db,10,-87.78118696436098,-86.8089888707668,-87.29508791756389,0,0.0,0.003125,1280
bayesfl_observability_v1,ola_sparse_bayesian_keep010_seed42,120,ola,global,,,layers.1.weight,db,11,-86.8089888707668,-85.83679077717261,-86.3228898239697,0,0.0,0.003125,1280
bayesfl_observability_v1,ola_sparse_bayesian_keep010_seed42,120,ola,global,,,layers.1.weight,db,12,-85.83679077717261,-84.86459268357844,-85.35069173037553,1,0.000803591372116102,0.00390625,1280
bayesfl_observability_v1,ola_sparse_bayesian_keep010_seed42,120,ola,global,,,layers.1.weight,db,13,-84.86459268357844,-83.89239458998425,-84.37849363678134,2,0.0016071827442321804,0.00546875,1280
bayesfl_observability_v1,ola_sparse_bayesian_keep010_seed42,120,ola,global,,,layers.1.weight,db,14,-83.89239458998425,-82.92019649639006,-83.40629554318716,1,0.0008035913721160902,0.00625,1280
bayesfl_observability_v1,ola_sparse_bayesian_keep010_seed42,120,ola,global,,,layers.1.weight,db,15,-82.92019649639006,-81.94799840279589,-82.43409744959297,2,0.001607182744232204,0.0078125,1280
bayesfl_observability_v1,ola_sparse_bayesian_keep010_seed42,120,ola,global,,,layers.1.weight,db,16,-81.94799840279589,-80.9758003092017,-81.4618993559988,3,0.0024107741163482705,0.01015625,1280
bayesfl_observability_v1,ola_sparse_bayesian_keep010_seed42,120,ola,global,,,layers.1.weight,db,17,-80.9758003092017,-80.00360221560751,-80.48970126240461,1,0.0008035913721160902,0.0109375,1280
bayesfl_observability_v1,ola_sparse_bayesian_keep010_seed42,120,ola,global,,,layers.1.weight,db,18,-80.00360221560751,-79.03140412201333,-79.51750316881042,1,0.0008035913721160902,0.01171875,1280
bayesfl_observability_v1,ola_sparse_bayesian_keep010_seed42,120,ola,global,,,layers.1.weight,db,19,-79.03140412201333,-78.05920602841915,-78.54530507521625,2,0.001607182744232204,0.01328125,1280
bayesfl_observability_v1,ola_sparse_bayesian_keep010_seed42,120,ola,global,,,layers.1.weight,db,20,-78.05920602841915,-77.08700793482497,-77.57310698162206,3,0.0024107741163482705,0.015625,1280
bayesfl_observability_v1,ola_sparse_bayesian_keep010_seed42,120,ola,global,,,layers.1.weight,db,21,-77.08700793482497,-76.11480984123078,-76.60090888802787,2,0.0016071827442321804,0.0171875,1280
bayesfl_observability_v1,ola_sparse_bayesian_keep010_seed42,120,ola,global,,,layers.1.weight,db,22,-76.11480984123078,-75.14261174763661,-75.62871079443369,3,0.002410774116348306,0.01953125,1280
bayesfl_observability_v1,ola_sparse_bayesian_keep010_seed42,120,ola,global,,,layers.1.weight,db,23,-75.14261174763661,-74.17041365404242,-74.65651270083951,3,0.0024107741163482705,0.021875,1280
bayesfl_observability_v1,ola_sparse_bayesian_keep010_seed42,120,ola,global,,,layers.1.weight,db,24,-74.17041365404242,-73.19821556044823,-73.68431460724533,2,0.0016071827442321804,0.0234375,1280
bayesfl_observability_v1,ola_sparse_bayesian_keep010_seed42,120,ola,global,,,layers.1.weight,db,25,-73.19821556044823,-72.22601746685405,-72.71211651365114,3,0.0024107741163482705,0.02578125,1280
bayesfl_observability_v1,ola_sparse_bayesian_keep010_seed42,120,ola,global,,,layers.1.weight,db,26,-72.22601746685405,-71.25381937325987,-71.73991842005697,3,0.002410774116348306,0.028125,1280
bayesfl_observability_v1,ola_sparse_bayesian_keep010_seed42,120,ola,global,,,layers.1.weight,db,27,-71.25381937325987,-70.28162127966569,-70.76772032646278,3,0.0024107741163482705,0.03046875,1280
bayesfl_observability_v1,ola_sparse_bayesian_keep010_seed42,120,ola,global,,,layers.1.weight,db,28,-70.28162127966569,-69.30942318607151,-69.79552223286859,4,0.003214365488464408,0.03359375,1280
bayesfl_observability_v1,ola_sparse_bayesian_keep010_seed42,120,ola,global,,,layers.1.weight,db,29,-69.30942318607151,-68.33722509247733,-68.82332413927442,5,0.004017956860580451,0.0375,1280
bayesfl_observability_v1,ola_sparse_bayesian_keep010_seed42,120,ola,global,,,layers.1.weight,db,30,-68.33722509247733,-67.36502699888314,-67.85112604568023,8,0.006428730976928722,0.04375,1280
bayesfl_observability_v1,ola_sparse_bayesian_keep010_seed42,120,ola,global,,,layers.1.weight,db,31,-67.36502699888314,-66.39282890528895,-66.87892795208604,9,0.007232322349044812,0.05078125,1280
bayesfl_observability_v1,ola_sparse_bayesian_keep010_seed42,120,ola,global,,,layers.1.weight,db,32,-66.39282890528895,-65.42063081169476,-65.90672985849186,7,0.005625139604812632,0.05625,1280
bayesfl_observability_v1,ola_sparse_bayesian_keep010_seed42,120,ola,global,,,layers.1.weight,db,33,-65.42063081169476,-64.44843271810059,-64.93453176489768,7,0.005625139604812714,0.06171875,1280
bayesfl_observability_v1,ola_sparse_bayesian_keep010_seed42,120,ola,global,,,layers.1.weight,db,34,-64.44843271810059,-63.476234624506404,-63.9623336713035,9,0.007232322349044812,0.06875,1280
bayesfl_observability_v1,ola_sparse_bayesian_keep010_seed42,120,ola,global,,,layers.1.weight,db,35,-63.476234624506404,-62.504036530912224,-62.99013557770931,7,0.0056251396048126725,0.07421875,1280
bayesfl_observability_v1,ola_sparse_bayesian_keep010_seed42,120,ola,global,,,layers.1.weight,db,36,-62.504036530912224,-61.53183843731804,-62.01793748411513,18,0.014464644698089625,0.08828125,1280
bayesfl_observability_v1,ola_sparse_bayesian_keep010_seed42,120,ola,global,,,layers.1.weight,db,37,-61.53183843731804,-60.559640343723856,-61.04573939052095,13,0.010446687837509249,0.0984375,1280
bayesfl_observability_v1,ola_sparse_bayesian_keep010_seed42,120,ola,global,,,layers.1.weight,db,38,-60.559640343723856,-59.587442250129676,-60.07354129692676,13,0.010446687837509249,0.10859375,1280
bayesfl_observability_v1,ola_sparse_bayesian_keep010_seed42,120,ola,global,,,layers.1.weight,db,39,-59.587442250129676,-58.61524415653549,-59.10134320333258,17,0.013661053325973534,0.121875,1280
bayesfl_observability_v1,ola_sparse_bayesian_keep010_seed42,120,ola,global,,,layers.1.weight,db,40,-58.61524415653549,-57.64304606294131,-58.1291451097384,19,0.015268236070205827,0.13671875,1280
bayesfl_observability_v1,ola_sparse_bayesian_keep010_seed42,120,ola,global,,,layers.1.weight,db,41,-57.64304606294131,-56.67084796934712,-57.156947016144215,25,0.020089784302902255,0.15625,1280
bayesfl_observability_v1,ola_sparse_bayesian_keep010_seed42,120,ola,global,,,layers.1.weight,db,42,-56.67084796934712,-55.69864987575294,-56.18474892255003,11,0.008839505093277057,0.16484375,1280
bayesfl_observability_v1,ola_sparse_bayesian_keep010_seed42,120,ola,global,,,layers.1.weight,db,43,-55.69864987575294,-54.726451782158755,-55.21255082895585,28,0.022500558419250527,0.18671875,1280
bayesfl_observability_v1,ola_sparse_bayesian_keep010_seed42,120,ola,global,,,layers.1.weight,db,44,-54.726451782158755,-53.754253688564575,-54.24035273536167,28,0.02250055841925069,0.20859375,1280
bayesfl_observability_v1,ola_sparse_bayesian_keep010_seed42,120,ola,global,,,layers.1.weight,db,45,-53.754253688564575,-52.782055594970394,-53.26815464176748,35,0.028125698024063363,0.2359375,1280
bayesfl_observability_v1,ola_sparse_bayesian_keep010_seed42,120,ola,global,,,layers.1.weight,db,46,-52.782055594970394,-51.80985750137621,-52.2959565481733,30,0.02410774116348271,0.259375,1280
bayesfl_observability_v1,ola_sparse_bayesian_keep010_seed42,120,ola,global,,,layers.1.weight,db,47,-51.80985750137621,-50.83765940778203,-51.32375845457912,32,0.025714923907715074,0.284375,1280
bayesfl_observability_v1,ola_sparse_bayesian_keep010_seed42,120,ola,global,,,layers.1.weight,db,48,-50.83765940778203,-49.86546131418784,-50.351560360984934,39,0.03134006351252752,0.31484375,1280
bayesfl_observability_v1,ola_sparse_bayesian_keep010_seed42,120,ola,global,,,layers.1.weight,db,49,-49.86546131418784,-48.89326322059366,-49.379362267390746,38,0.030536472140411653,0.34453125,1280
bayesfl_observability_v1,ola_sparse_bayesian_keep010_seed42,120,ola,global,,,layers.1.weight,db,50,-48.89326322059366,-47.92106512699947,-48.407164173796566,49,0.03937597723368842,0.3828125,1280
bayesfl_observability_v1,ola_sparse_bayesian_keep010_seed42,120,ola,global,,,layers.1.weight,db,51,-47.92106512699947,-46.94886703340529,-47.434966080202386,42,0.03375083762887603,0.415625,1280
bayesfl_observability_v1,ola_sparse_bayesian_keep010_seed42,120,ola,global,,,layers.1.weight,db,52,-46.94886703340529,-45.97666893981111,-46.4627679866082,72,0.05785857879235892,0.471875,1280
bayesfl_observability_v1,ola_sparse_bayesian_keep010_seed42,120,ola,global,,,layers.1.weight,db,53,-45.97666893981111,-45.004470846216925,-45.49056989301402,60,0.04821548232696542,0.51875,1280
bayesfl_observability_v1,ola_sparse_bayesian_keep010_seed42,120,ola,global,,,layers.1.weight,db,54,-45.004470846216925,-44.032272752622745,-44.51837179941984,59,0.04741189095484967,0.56484375,1280
bayesfl_observability_v1,ola_sparse_bayesian_keep010_seed42,120,ola,global,,,layers.1.weight,db,55,-44.032272752622745,-43.06007465902856,-43.54617370582565,58,0.046608299582733236,0.61015625,1280
bayesfl_observability_v1,ola_sparse_bayesian_keep010_seed42,120,ola,global,,,layers.1.weight,db,56,-43.06007465902856,-42.08787656543438,-42.573975612231465,61,0.049019073699081865,0.6578125,1280
bayesfl_observability_v1,ola_sparse_bayesian_keep010_seed42,120,ola,global,,,layers.1.weight,db,57,-42.08787656543438,-41.1156784718402,-41.60177751863729,50,0.04017956860580481,0.696875,1280
bayesfl_observability_v1,ola_sparse_bayesian_keep010_seed42,120,ola,global,,,layers.1.weight,db,58,-41.1156784718402,-40.14348037824601,-40.629579425043104,58,0.046608299582733236,0.7421875,1280
bayesfl_observability_v1,ola_sparse_bayesian_keep010_seed42,120,ola,global,,,layers.1.weight,db,59,-40.14348037824601,-39.17128228465183,-39.65738133144892,56,0.04500111683850138,0.7859375,1280
bayesfl_observability_v1,ola_sparse_bayesian_keep010_seed42,120,ola,global,,,layers.1.weight,db,60,-39.17128228465183,-38.19908419105764,-38.68518323785474,38,0.030536472140411428,0.815625,1280
bayesfl_observability_v1,ola_sparse_bayesian_keep010_seed42,120,ola,global,,,layers.1.weight,db,61,-38.19908419105764,-37.22688609746346,-37.71298514426056,42,0.03375083762887603,0.8484375,1280
bayesfl_observability_v1,ola_sparse_bayesian_keep010_seed42,120,ola,global,,,layers.1.weight,db,62,-37.22688609746346,-36.254688003869276,-36.74078705066637,24,0.019286192930786164,0.8671875,1280
bayesfl_observability_v1,ola_sparse_bayesian_keep010_seed42,120,ola,global,,,layers.1.weight,db,63,-36.254688003869276,-35.282489910275096,-35.76858895707218,40,0.032143654884643845,0.8984375,1280
bayesfl_observability_v1,ola_sparse_bayesian_keep010_seed42,120,ola,global,,,layers.1.weight,db,64,-35.282489910275096,-34.310291816680916,-34.79639086347801,32,0.025714923907715074,0.9234375,1280
bayesfl_observability_v1,ola_sparse_bayesian_keep010_seed42,120,ola,global,,,layers.1.weight,db,65,-34.310291816680916,-33.33809372308673,-33.82419276988382,16,0.012857461953857443,0.9359375,1280
bayesfl_observability_v1,ola_sparse_bayesian_keep010_seed42,120,ola,global,,,layers.1.weight,db,66,-33.33809372308673,-32.36589562949254,-32.851994676289635,12,0.009643096465393082,0.9453125,1280
bayesfl_observability_v1,ola_sparse_bayesian_keep010_seed42,120,ola,global,,,layers.1.weight,db,67,-32.36589562949254,-31.39369753589837,-31.879796582695455,19,0.015268236070205938,0.96015625,1280
bayesfl_observability_v1,ola_sparse_bayesian_keep010_seed42,120,ola,global,,,layers.1.weight,db,68,-31.39369753589837,-30.42149944230418,-30.907598489101275,10,0.008035913721160902,0.96796875,1280
bayesfl_observability_v1,ola_sparse_bayesian_keep010_seed42,120,ola,global,,,layers.1.weight,db,69,-30.42149944230418,-29.449301348709994,-29.935400395507088,6,0.004821548232696541,0.97265625,1280
bayesfl_observability_v1,ola_sparse_bayesian_keep010_seed42,120,ola,global,,,layers.1.weight,db,70,-29.449301348709994,-28.47710325511582,-28.963202301912908,12,0.009643096465393224,0.98203125,1280
bayesfl_observability_v1,ola_sparse_bayesian_keep010_seed42,120,ola,global,,,layers.1.weight,db,71,-28.47710325511582,-27.504905161521634,-27.991004208318728,6,0.004821548232696541,0.98671875,1280
bayesfl_observability_v1,ola_sparse_bayesian_keep010_seed42,120,ola,global,,,layers.1.weight,db,72,-27.504905161521634,-26.532707067927447,-27.01880611472454,3,0.0024107741163482705,0.9890625,1280
bayesfl_observability_v1,ola_sparse_bayesian_keep010_seed42,120,ola,global,,,layers.1.weight,db,73,-26.532707067927447,-25.56050897433326,-26.046608021130353,4,0.003214365488464361,0.9921875,1280
bayesfl_observability_v1,ola_sparse_bayesian_keep010_seed42,120,ola,global,,,layers.1.weight,db,74,-25.56050897433326,-24.588310880739087,-25.074409927536173,3,0.002410774116348306,0.99453125,1280
bayesfl_observability_v1,ola_sparse_bayesian_keep010_seed42,120,ola,global,,,layers.1.weight,db,75,-24.588310880739087,-23.6161127871449,-24.102211833941993,3,0.0024107741163482705,0.996875,1280
bayesfl_observability_v1,ola_sparse_bayesian_keep010_seed42,120,ola,global,,,layers.1.weight,db,76,-23.6161127871449,-22.643914693550713,-23.130013740347806,2,0.0016071827442321804,0.9984375,1280
bayesfl_observability_v1,ola_sparse_bayesian_keep010_seed42,120,ola,global,,,layers.1.weight,db,77,-22.643914693550713,-21.67171659995654,-22.157815646753626,0,0.0,0.9984375,1280
bayesfl_observability_v1,ola_sparse_bayesian_keep010_seed42,120,ola,global,,,layers.1.weight,db,78,-21.67171659995654,-20.699518506362352,-21.185617553159446,1,0.0008035913721160902,0.99921875,1280
bayesfl_observability_v1,ola_sparse_bayesian_keep010_seed42,120,ola,global,,,layers.1.weight,db,79,-20.699518506362352,-19.727320412768165,-20.21341945956526,1,0.0008035913721160902,1.0,1280
bayesfl_observability_v1,ola_sparse_bayesian_keep010_seed42,120,ola,global,,,layers.1.bias,raw,0,0.0003756200134022092,0.000510690834113716,0.0004431554237579626,1,740.3523534782294,0.1,10
bayesfl_observability_v1,ola_sparse_bayesian_keep010_seed42,120,ola,global,,,layers.1.bias,raw,1,0.000510690834113716,0.0006457616548252228,0.0005782262444694695,1,740.352353478229,0.2,10
bayesfl_observability_v1,ola_sparse_bayesian_keep010_seed42,120,ola,global,,,layers.1.bias,raw,2,0.0006457616548252228,0.0007808324755367295,0.0007132970651809762,3,2221.057060434689,0.5,10
bayesfl_observability_v1,ola_sparse_bayesian_keep010_seed42,120,ola,global,,,layers.1.bias,raw,3,0.0007808324755367295,0.0009159032962482363,0.0008483678858924829,0,0.0,0.5,10
bayesfl_observability_v1,ola_sparse_bayesian_keep010_seed42,120,ola,global,,,layers.1.bias,raw,4,0.0009159032962482363,0.001050974116959743,0.0009834387066039896,0,0.0,0.5,10
bayesfl_observability_v1,ola_sparse_bayesian_keep010_seed42,120,ola,global,,,layers.1.bias,raw,5,0.001050974116959743,0.00118604493767125,0.0011185095273154966,0,0.0,0.5,10
bayesfl_observability_v1,ola_sparse_bayesian_keep010_seed42,120,ola,global,,,layers.1.bias,raw,6,0.00118604493767125,0.0013211157583827566,0.0012535803480270033,0,0.0,0.5,10
bayesfl_observability_v1,ola_sparse_bayesian_keep010_seed42,120,ola,global,,,layers.1.bias,raw,7,0.0013211157583827566,0.0014561865790942634,0.00138865116873851,1,740.3523534782296,0.6,10
bayesfl_observability_v1,ola_sparse_bayesian_keep010_seed42,120,ola,global,,,layers.1.bias,raw,8,0.0014561865790942634,0.00159125739980577,0.0015237219894500167,0,0.0,0.6,10
bayesfl_observability_v1,ola_sparse_bayesian_keep010_seed42,120,ola,global,,,layers.1.bias,raw,9,0.00159125739980577,0.0017263282205172768,0.0016587928101615235,0,0.0,0.6,10
bayesfl_observability_v1,ola_sparse_bayesian_keep010_seed42,120,ola,global,,,layers.1.bias,raw,10,0.0017263282205172768,0.0018613990412287838,0.0017938636308730302,0,0.0,0.6,10
bayesfl_observability_v1,ola_sparse_bayesian_keep010_seed42,120,ola,global,,,layers.1.bias,raw,11,0.0018613990412287838,0.0019964698619402907,0.0019289344515845373,0,0.0,0.6,10
bayesfl_observability_v1,ola_sparse_bayesian_keep010_seed42,120,ola,global,,,layers.1.bias,raw,12,0.0019964698619402907,0.0021315406826517974,0.002064005272296044,0,0.0,0.6,10
bayesfl_observability_v1,ola_sparse_bayesian_keep010_seed42,120,ola,global,,,layers.1.bias,raw,13,0.0021315406826517974,0.002266611503363304,0.0021990760930075508,0,0.0,0.6,10
bayesfl_observability_v1,ola_sparse_bayesian_keep010_seed42,120,ola,global,,,layers.1.bias,raw,14,0.002266611503363304,0.002401682324074811,0.0023341469137190575,0,0.0,0.6,10
bayesfl_observability_v1,ola_sparse_bayesian_keep010_seed42,120,ola,global,,,layers.1.bias,raw,15,0.002401682324074811,0.0025367531447863176,0.0024692177344305642,0,0.0,0.6,10
bayesfl_observability_v1,ola_sparse_bayesian_keep010_seed42,120,ola,global,,,layers.1.bias,raw,16,0.0025367531447863176,0.0026718239654978243,0.002604288555142071,0,0.0,0.6,10
bayesfl_observability_v1,ola_sparse_bayesian_keep010_seed42,120,ola,global,,,layers.1.bias,raw,17,0.0026718239654978243,0.002806894786209331,0.0027393593758535777,0,0.0,0.6,10
bayesfl_observability_v1,ola_sparse_bayesian_keep010_seed42,120,ola,global,,,layers.1.bias,raw,18,0.002806894786209331,0.0029419656069208378,0.0028744301965650844,0,0.0,0.6,10
bayesfl_observability_v1,ola_sparse_bayesian_keep010_seed42,120,ola,global,,,layers.1.bias,raw,19,0.0029419656069208378,0.0030770364276323445,0.003009501017276591,0,0.0,0.6,10
bayesfl_observability_v1,ola_sparse_bayesian_keep010_seed42,120,ola,global,,,layers.1.bias,raw,20,0.0030770364276323445,0.0032121072483438516,0.003144571837988098,0,0.0,0.6,10
bayesfl_observability_v1,ola_sparse_bayesian_keep010_seed42,120,ola,global,,,layers.1.bias,raw,21,0.0032121072483438516,0.0033471780690553584,0.003279642658699605,0,0.0,0.6,10
bayesfl_observability_v1,ola_sparse_bayesian_keep010_seed42,120,ola,global,,,layers.1.bias,raw,22,0.0033471780690553584,0.003482248889766865,0.0034147134794111117,0,0.0,0.6,10
bayesfl_observability_v1,ola_sparse_bayesian_keep010_seed42,120,ola,global,,,layers.1.bias,raw,23,0.003482248889766865,0.003617319710478372,0.0035497843001226184,0,0.0,0.6,10
bayesfl_observability_v1,ola_sparse_bayesian_keep010_seed42,120,ola,global,,,layers.1.bias,raw,24,0.003617319710478372,0.0037523905311898785,0.003684855120834125,0,0.0,0.6,10
bayesfl_observability_v1,ola_sparse_bayesian_keep010_seed42,120,ola,global,,,layers.1.bias,raw,25,0.0037523905311898785,0.0038874613519013852,0.003819925941545632,0,0.0,0.6,10
bayesfl_observability_v1,ola_sparse_bayesian_keep010_seed42,120,ola,global,,,layers.1.bias,raw,26,0.0038874613519013852,0.004022532172612892,0.003954996762257139,0,0.0,0.6,10
bayesfl_observability_v1,ola_sparse_bayesian_keep010_seed42,120,ola,global,,,layers.1.bias,raw,27,0.004022532172612892,0.004157602993324399,0.004090067582968646,0,0.0,0.6,10
bayesfl_observability_v1,ola_sparse_bayesian_keep010_seed42,120,ola,global,,,layers.1.bias,raw,28,0.004157602993324399,0.004292673814035906,0.0042251384036801525,0,0.0,0.6,10
bayesfl_observability_v1,ola_sparse_bayesian_keep010_seed42,120,ola,global,,,layers.1.bias,raw,29,0.004292673814035906,0.004427744634747413,0.004360209224391659,0,0.0,0.6,10
bayesfl_observability_v1,ola_sparse_bayesian_keep010_seed42,120,ola,global,,,layers.1.bias,raw,30,0.004427744634747413,0.004562815455458919,0.004495280045103166,0,0.0,0.6,10
bayesfl_observability_v1,ola_sparse_bayesian_keep010_seed42,120,ola,global,,,layers.1.bias,raw,31,0.004562815455458919,0.004697886276170426,0.004630350865814673,0,0.0,0.6,10
bayesfl_observability_v1,ola_sparse_bayesian_keep010_seed42,120,ola,global,,,layers.1.bias,raw,32,0.004697886276170426,0.004832957096881933,0.004765421686526179,0,0.0,0.6,10
bayesfl_observability_v1,ola_sparse_bayesian_keep010_seed42,120,ola,global,,,layers.1.bias,raw,33,0.004832957096881933,0.0049680279175934395,0.004900492507237686,0,0.0,0.6,10
bayesfl_observability_v1,ola_sparse_bayesian_keep010_seed42,120,ola,global,,,layers.1.bias,raw,34,0.0049680279175934395,0.005103098738304946,0.005035563327949193,1,740.3523534782296,0.7,10
bayesfl_observability_v1,ola_sparse_bayesian_keep010_seed42,120,ola,global,,,layers.1.bias,raw,35,0.005103098738304946,0.005238169559016453,0.0051706341486606995,1,740.3523534782296,0.8,10
bayesfl_observability_v1,ola_sparse_bayesian_keep010_seed42,120,ola,global,,,layers.1.bias,raw,36,0.005238169559016453,0.00537324037972796,0.005305704969372206,0,0.0,0.8,10
bayesfl_observability_v1,ola_sparse_bayesian_keep010_seed42,120,ola,global,,,layers.1.bias,raw,37,0.00537324037972796,0.005508311200439466,0.005440775790083713,0,0.0,0.8,10
bayesfl_observability_v1,ola_sparse_bayesian_keep010_seed42,120,ola,global,,,layers.1.bias,raw,38,0.005508311200439466,0.005643382021150973,0.00557584661079522,0,0.0,0.8,10
bayesfl_observability_v1,ola_sparse_bayesian_keep010_seed42,120,ola,global,,,layers.1.bias,raw,39,0.005643382021150973,0.00577845284186248,0.0057109174315067264,1,740.3523534782296,0.9,10
bayesfl_observability_v1,ola_sparse_bayesian_keep010_seed42,120,ola,global,,,layers.1.bias,raw,40,0.00577845284186248,0.005913523662573987,0.005845988252218234,0,0.0,0.9,10
bayesfl_observability_v1,ola_sparse_bayesian_keep010_seed42,120,ola,global,,,layers.1.bias,raw,41,0.005913523662573987,0.006048594483285494,0.005981059072929741,0,0.0,0.9,10
bayesfl_observability_v1,ola_sparse_bayesian_keep010_seed42,120,ola,global,,,layers.1.bias,raw,42,0.006048594483285494,0.006183665303997001,0.0061161298936412475,0,0.0,0.9,10
bayesfl_observability_v1,ola_sparse_bayesian_keep010_seed42,120,ola,global,,,layers.1.bias,raw,43,0.006183665303997001,0.0063187361247085076,0.006251200714352754,0,0.0,0.9,10
bayesfl_observability_v1,ola_sparse_bayesian_keep010_seed42,120,ola,global,,,layers.1.bias,raw,44,0.0063187361247085076,0.006453806945420014,0.006386271535064261,0,0.0,0.9,10
bayesfl_observability_v1,ola_sparse_bayesian_keep010_seed42,120,ola,global,,,layers.1.bias,raw,45,0.006453806945420014,0.006588877766131521,0.006521342355775768,0,0.0,0.9,10
bayesfl_observability_v1,ola_sparse_bayesian_keep010_seed42,120,ola,global,,,layers.1.bias,raw,46,0.006588877766131521,0.006723948586843028,0.006656413176487274,0,0.0,0.9,10
bayesfl_observability_v1,ola_sparse_bayesian_keep010_seed42,120,ola,global,,,layers.1.bias,raw,47,0.006723948586843028,0.0068590194075545344,0.006791483997198781,0,0.0,0.9,10
bayesfl_observability_v1,ola_sparse_bayesian_keep010_seed42,120,ola,global,,,layers.1.bias,raw,48,0.0068590194075545344,0.006994090228266041,0.006926554817910288,0,0.0,0.9,10
bayesfl_observability_v1,ola_sparse_bayesian_keep010_seed42,120,ola,global,,,layers.1.bias,raw,49,0.006994090228266041,0.007129161048977548,0.0070616256386217945,0,0.0,0.9,10
bayesfl_observability_v1,ola_sparse_bayesian_keep010_seed42,120,ola,global,,,layers.1.bias,raw,50,0.007129161048977548,0.007264231869689055,0.007196696459333301,0,0.0,0.9,10
bayesfl_observability_v1,ola_sparse_bayesian_keep010_seed42,120,ola,global,,,layers.1.bias,raw,51,0.007264231869689055,0.007399302690400561,0.007331767280044808,0,0.0,0.9,10
bayesfl_observability_v1,ola_sparse_bayesian_keep010_seed42,120,ola,global,,,layers.1.bias,raw,52,0.007399302690400561,0.007534373511112068,0.007466838100756315,0,0.0,0.9,10
bayesfl_observability_v1,ola_sparse_bayesian_keep010_seed42,120,ola,global,,,layers.1.bias,raw,53,0.007534373511112068,0.007669444331823575,0.007601908921467821,0,0.0,0.9,10
bayesfl_observability_v1,ola_sparse_bayesian_keep010_seed42,120,ola,global,,,layers.1.bias,raw,54,0.007669444331823575,0.0078045151525350815,0.007736979742179328,0,0.0,0.9,10
bayesfl_observability_v1,ola_sparse_bayesian_keep010_seed42,120,ola,global,,,layers.1.bias,raw,55,0.0078045151525350815,0.00793958597324659,0.007872050562890837,0,0.0,0.9,10
bayesfl_observability_v1,ola_sparse_bayesian_keep010_seed42,120,ola,global,,,layers.1.bias,raw,56,0.00793958597324659,0.008074656793958097,0.008007121383602343,0,0.0,0.9,10
bayesfl_observability_v1,ola_sparse_bayesian_keep010_seed42,120,ola,global,,,layers.1.bias,raw,57,0.008074656793958097,0.008209727614669603,0.00814219220431385,0,0.0,0.9,10
bayesfl_observability_v1,ola_sparse_bayesian_keep010_seed42,120,ola,global,,,layers.1.bias,raw,58,0.008209727614669603,0.00834479843538111,0.008277263025025357,0,0.0,0.9,10
bayesfl_observability_v1,ola_sparse_bayesian_keep010_seed42,120,ola,global,,,layers.1.bias,raw,59,0.00834479843538111,0.008479869256092617,0.008412333845736863,0,0.0,0.9,10
bayesfl_observability_v1,ola_sparse_bayesian_keep010_seed42,120,ola,global,,,layers.1.bias,raw,60,0.008479869256092617,0.008614940076804124,0.00854740466644837,0,0.0,0.9,10
bayesfl_observability_v1,ola_sparse_bayesian_keep010_seed42,120,ola,global,,,layers.1.bias,raw,61,0.008614940076804124,0.00875001089751563,0.008682475487159877,0,0.0,0.9,10
bayesfl_observability_v1,ola_sparse_bayesian_keep010_seed42,120,ola,global,,,layers.1.bias,raw,62,0.00875001089751563,0.008885081718227137,0.008817546307871384,0,0.0,0.9,10
bayesfl_observability_v1,ola_sparse_bayesian_keep010_seed42,120,ola,global,,,layers.1.bias,raw,63,0.008885081718227137,0.009020152538938644,0.00895261712858289,0,0.0,0.9,10
bayesfl_observability_v1,ola_sparse_bayesian_keep010_seed42,120,ola,global,,,layers.1.bias,raw,64,0.009020152538938644,0.00915522335965015,0.009087687949294397,0,0.0,0.9,10
bayesfl_observability_v1,ola_sparse_bayesian_keep010_seed42,120,ola,global,,,layers.1.bias,raw,65,0.00915522335965015,0.009290294180361657,0.009222758770005904,0,0.0,0.9,10
bayesfl_observability_v1,ola_sparse_bayesian_keep010_seed42,120,ola,global,,,layers.1.bias,raw,66,0.009290294180361657,0.009425365001073164,0.00935782959071741,0,0.0,0.9,10
bayesfl_observability_v1,ola_sparse_bayesian_keep010_seed42,120,ola,global,,,layers.1.bias,raw,67,0.009425365001073164,0.00956043582178467,0.009492900411428917,0,0.0,0.9,10
bayesfl_observability_v1,ola_sparse_bayesian_keep010_seed42,120,ola,global,,,layers.1.bias,raw,68,0.00956043582178467,0.009695506642496177,0.009627971232140424,0,0.0,0.9,10
bayesfl_observability_v1,ola_sparse_bayesian_keep010_seed42,120,ola,global,,,layers.1.bias,raw,69,0.009695506642496177,0.009830577463207684,0.00976304205285193,0,0.0,0.9,10
bayesfl_observability_v1,ola_sparse_bayesian_keep010_seed42,120,ola,global,,,layers.1.bias,raw,70,0.009830577463207684,0.00996564828391919,0.009898112873563437,0,0.0,0.9,10
bayesfl_observability_v1,ola_sparse_bayesian_keep010_seed42,120,ola,global,,,layers.1.bias,raw,71,0.00996564828391919,0.010100719104630698,0.010033183694274944,0,0.0,0.9,10
bayesfl_observability_v1,ola_sparse_bayesian_keep010_seed42,120,ola,global,,,layers.1.bias,raw,72,0.010100719104630698,0.010235789925342204,0.010168254514986451,0,0.0,0.9,10
bayesfl_observability_v1,ola_sparse_bayesian_keep010_seed42,120,ola,global,,,layers.1.bias,raw,73,0.010235789925342204,0.010370860746053711,0.010303325335697958,0,0.0,0.9,10
bayesfl_observability_v1,ola_sparse_bayesian_keep010_seed42,120,ola,global,,,layers.1.bias,raw,74,0.010370860746053711,0.010505931566765218,0.010438396156409464,0,0.0,0.9,10
bayesfl_observability_v1,ola_sparse_bayesian_keep010_seed42,120,ola,global,,,layers.1.bias,raw,75,0.010505931566765218,0.010641002387476724,0.010573466977120971,0,0.0,0.9,10
bayesfl_observability_v1,ola_sparse_bayesian_keep010_seed42,120,ola,global,,,layers.1.bias,raw,76,0.010641002387476724,0.010776073208188231,0.010708537797832478,0,0.0,0.9,10
bayesfl_observability_v1,ola_sparse_bayesian_keep010_seed42,120,ola,global,,,layers.1.bias,raw,77,0.010776073208188231,0.010911144028899738,0.010843608618543985,0,0.0,0.9,10
bayesfl_observability_v1,ola_sparse_bayesian_keep010_seed42,120,ola,global,,,layers.1.bias,raw,78,0.010911144028899738,0.011046214849611245,0.010978679439255491,0,0.0,0.9,10
bayesfl_observability_v1,ola_sparse_bayesian_keep010_seed42,120,ola,global,,,layers.1.bias,raw,79,0.011046214849611245,0.011181285670322751,0.011113750259966998,1,740.3523534782296,1.0,10
bayesfl_observability_v1,ola_sparse_bayesian_keep010_seed42,120,ola,global,,,layers.1.bias,db,0,-68.50502549995775,-68.13658974535068,-68.32080762265421,1,0.2714177404053693,0.1,10
bayesfl_observability_v1,ola_sparse_bayesian_keep010_seed42,120,ola,global,,,layers.1.bias,db,1,-68.13658974535068,-67.7681539907436,-67.95237186804714,0,0.0,0.1,10
bayesfl_observability_v1,ola_sparse_bayesian_keep010_seed42,120,ola,global,,,layers.1.bias,db,2,-67.7681539907436,-67.39971823613652,-67.58393611344006,0,0.0,0.1,10
bayesfl_observability_v1,ola_sparse_bayesian_keep010_seed42,120,ola,global,,,layers.1.bias,db,3,-67.39971823613652,-67.03128248152946,-67.215500358833,0,0.0,0.1,10
bayesfl_observability_v1,ola_sparse_bayesian_keep010_seed42,120,ola,global,,,layers.1.bias,db,4,-67.03128248152946,-66.66284672692238,-66.84706460422592,0,0.0,0.1,10
bayesfl_observability_v1,ola_sparse_bayesian_keep010_seed42,120,ola,global,,,layers.1.bias,db,5,-66.66284672692238,-66.2944109723153,-66.47862884961884,0,0.0,0.1,10
bayesfl_observability_v1,ola_sparse_bayesian_keep010_seed42,120,ola,global,,,layers.1.bias,db,6,-66.2944109723153,-65.92597521770823,-66.11019309501177,0,0.0,0.1,10
bayesfl_observability_v1,ola_sparse_bayesian_keep010_seed42,120,ola,global,,,layers.1.bias,db,7,-65.92597521770823,-65.55753946310115,-65.74175734040469,0,0.0,0.1,10
bayesfl_observability_v1,ola_sparse_bayesian_keep010_seed42,120,ola,global,,,layers.1.bias,db,8,-65.55753946310115,-65.18910370849407,-65.37332158579761,0,0.0,0.1,10
bayesfl_observability_v1,ola_sparse_bayesian_keep010_seed42,120,ola,global,,,layers.1.bias,db,9,-65.18910370849407,-64.820667953887,-65.00488583119053,0,0.0,0.1,10
bayesfl_observability_v1,ola_sparse_bayesian_keep010_seed42,120,ola,global,,,layers.1.bias,db,10,-64.820667953887,-64.45223219927993,-64.63645007658346,0,0.0,0.1,10
bayesfl_observability_v1,ola_sparse_bayesian_keep010_seed42,120,ola,global,,,layers.1.bias,db,11,-64.45223219927993,-64.08379644467286,-64.2680143219764,1,0.2714177404053693,0.2,10
bayesfl_observability_v1,ola_sparse_bayesian_keep010_seed42,120,ola,global,,,layers.1.bias,db,12,-64.08379644467286,-63.71536069006578,-63.89957856736932,1,0.2714177404053693,0.3,10
bayesfl_observability_v1,ola_sparse_bayesian_keep010_seed42,120,ola,global,,,layers.1.bias,db,13,-63.71536069006578,-63.3469249354587,-63.53114281276224,2,0.5428354808107386,0.5,10
bayesfl_observability_v1,ola_sparse_bayesian_keep010_seed42,120,ola,global,,,layers.1.bias,db,14,-63.3469249354587,-62.978489180851625,-63.16270705815516,0,0.0,0.5,10
bayesfl_observability_v1,ola_sparse_bayesian_keep010_seed42,120,ola,global,,,layers.1.bias,db,15,-62.978489180851625,-62.610053426244555,-62.794271303548086,0,0.0,0.5,10
bayesfl_observability_v1,ola_sparse_bayesian_keep010_seed42,120,ola,global,,,layers.1.bias,db,16,-62.610053426244555,-62.24161767163748,-62.425835548941016,0,0.0,0.5,10
bayesfl_observability_v1,ola_sparse_bayesian_keep010_seed42,120,ola,global,,,layers.1.bias,db,17,-62.24161767163748,-61.8731819170304,-62.05739979433394,0,0.0,0.5,10
bayesfl_observability_v1,ola_sparse_bayesian_keep010_seed42,120,ola,global,,,layers.1.bias,db,18,-61.8731819170304,-61.50474616242333,-61.68896403972687,0,0.0,0.5,10
bayesfl_observability_v1,ola_sparse_bayesian_keep010_seed42,120,ola,global,,,layers.1.bias,db,19,-61.50474616242333,-61.136310407816254,-61.32052828511979,0,0.0,0.5,10
bayesfl_observability_v1,ola_sparse_bayesian_keep010_seed42,120,ola,global,,,layers.1.bias,db,20,-61.136310407816254,-60.76787465320918,-60.952092530512715,0,0.0,0.5,10
bayesfl_observability_v1,ola_sparse_bayesian_keep010_seed42,120,ola,global,,,layers.1.bias,db,21,-60.76787465320918,-60.3994388986021,-60.58365677590564,0,0.0,0.5,10
bayesfl_observability_v1,ola_sparse_bayesian_keep010_seed42,120,ola,global,,,layers.1.bias,db,22,-60.3994388986021,-60.03100314399503,-60.21522102129856,0,0.0,0.5,10
bayesfl_observability_v1,ola_sparse_bayesian_keep010_seed42,120,ola,global,,,layers.1.bias,db,23,-60.03100314399503,-59.66256738938795,-59.84678526669149,0,0.0,0.5,10
bayesfl_observability_v1,ola_sparse_bayesian_keep010_seed42,120,ola,global,,,layers.1.bias,db,24,-59.66256738938795,-59.294131634780875,-59.478349512084414,0,0.0,0.5,10
bayesfl_observability_v1,ola_sparse_bayesian_keep010_seed42,120,ola,global,,,layers.1.bias,db,25,-59.294131634780875,-58.925695880173805,-59.109913757477344,0,0.0,0.5,10
bayesfl_observability_v1,ola_sparse_bayesian_keep010_seed42,120,ola,global,,,layers.1.bias,db,26,-58.925695880173805,-58.55726012556673,-58.74147800287027,0,0.0,0.5,10
bayesfl_observability_v1,ola_sparse_bayesian_keep010_seed42,120,ola,global,,,layers.1.bias,db,27,-58.55726012556673,-58.18882437095965,-58.37304224826319,0,0.0,0.5,10
bayesfl_observability_v1,ola_sparse_bayesian_keep010_seed42,120,ola,global,,,layers.1.bias,db,28,-58.18882437095965,-57.820388616352574,-58.00460649365611,0,0.0,0.5,10
bayesfl_observability_v1,ola_sparse_bayesian_keep010_seed42,120,ola,global,,,layers.1.bias,db,29,-57.820388616352574,-57.451952861745504,-57.636170739049035,0,0.0,0.5,10
bayesfl_observability_v1,ola_sparse_bayesian_keep010_seed42,120,ola,global,,,layers.1.bias,db,30,-57.451952861745504,-57.08351710713843,-57.267734984441965,0,0.0,0.5,10
bayesfl_observability_v1,ola_sparse_bayesian_keep010_seed42,120,ola,global,,,layers.1.bias,db,31,-57.08351710713843,-56.71508135253135,-56.89929922983489,1,0.2714177404053693,0.6,10
bayesfl_observability_v1,ola_sparse_bayesian_keep010_seed42,120,ola,global,,,layers.1.bias,db,32,-56.71508135253135,-56.34664559792428,-56.53086347522782,0,0.0,0.6,10
bayesfl_observability_v1,ola_sparse_bayesian_keep010_seed42,120,ola,global,,,layers.1.bias,db,33,-56.34664559792428,-55.9782098433172,-56.16242772062074,0,0.0,0.6,10
bayesfl_observability_v1,ola_sparse_bayesian_keep010_seed42,120,ola,global,,,layers.1.bias,db,34,-55.9782098433172,-55.609774088710125,-55.793991966013664,0,0.0,0.6,10
bayesfl_observability_v1,ola_sparse_bayesian_keep010_seed42,120,ola,global,,,layers.1.bias,db,35,-55.609774088710125,-55.24133833410305,-55.42555621140659,0,0.0,0.6,10
bayesfl_observability_v1,ola_sparse_bayesian_keep010_seed42,120,ola,global,,,layers.1.bias,db,36,-55.24133833410305,-54.87290257949598,-55.05712045679951,0,0.0,0.6,10
bayesfl_observability_v1,ola_sparse_bayesian_keep010_seed42,120,ola,global,,,layers.1.bias,db,37,-54.87290257949598,-54.5044668248889,-54.68868470219244,0,0.0,0.6,10
bayesfl_observability_v1,ola_sparse_bayesian_keep010_seed42,120,ola,global,,,layers.1.bias,db,38,-54.5044668248889,-54.136031070281824,-54.32024894758536,0,0.0,0.6,10
bayesfl_observability_v1,ola_sparse_bayesian_keep010_seed42,120,ola,global,,,layers.1.bias,db,39,-54.136031070281824,-53.767595315674754,-53.95181319297829,0,0.0,0.6,10
bayesfl_observability_v1,ola_sparse_bayesian_keep010_seed42,120,ola,global,,,layers.1.bias,db,40,-53.767595315674754,-53.39915956106768,-53.583377438371215,0,0.0,0.6,10
bayesfl_observability_v1,ola_sparse_bayesian_keep010_seed42,120,ola,global,,,layers.1.bias,db,41,-53.39915956106768,-53.0307238064606,-53.21494168376414,0,0.0,0.6,10
bayesfl_observability_v1,ola_sparse_bayesian_keep010_seed42,120,ola,global,,,layers.1.bias,db,42,-53.0307238064606,-52.66228805185352,-52.84650592915706,0,0.0,0.6,10
bayesfl_observability_v1,ola_sparse_bayesian_keep010_seed42,120,ola,global,,,layers.1.bias,db,43,-52.66228805185352,-52.293852297246445,-52.478070174549984,0,0.0,0.6,10
bayesfl_observability_v1,ola_sparse_bayesian_keep010_seed42,120,ola,global,,,layers.1.bias,db,44,-52.293852297246445,-51.925416542639375,-52.10963441994291,0,0.0,0.6,10
bayesfl_observability_v1,ola_sparse_bayesian_keep010_seed42,120,ola,global,,,layers.1.bias,db,45,-51.925416542639375,-51.556980788032305,-51.741198665335844,0,0.0,0.6,10
bayesfl_observability_v1,ola_sparse_bayesian_keep010_seed42,120,ola,global,,,layers.1.bias,db,46,-51.556980788032305,-51.18854503342523,-51.37276291072877,0,0.0,0.6,10
bayesfl_observability_v1,ola_sparse_bayesian_keep010_seed42,120,ola,global,,,layers.1.bias,db,47,-51.18854503342523,-50.82010927881815,-51.00432715612169,0,0.0,0.6,10
bayesfl_observability_v1,ola_sparse_bayesian_keep010_seed42,120,ola,global,,,layers.1.bias,db,48,-50.82010927881815,-50.451673524211074,-50.63589140151461,0,0.0,0.6,10
bayesfl_observability_v1,ola_sparse_bayesian_keep010_seed42,120,ola,global,,,layers.1.bias,db,49,-50.451673524211074,-50.083237769604,-50.267455646907536,0,0.0,0.6,10
bayesfl_observability_v1,ola_sparse_bayesian_keep010_seed42,120,ola,global,,,layers.1.bias,db,50,-50.083237769604,-49.71480201499692,-49.89901989230046,0,0.0,0.6,10
bayesfl_observability_v1,ola_sparse_bayesian_keep010_seed42,120,ola,global,,,layers.1.bias,db,51,-49.71480201499692,-49.34636626038985,-49.53058413769338,0,0.0,0.6,10
bayesfl_observability_v1,ola_sparse_bayesian_keep010_seed42,120,ola,global,,,layers.1.bias,db,52,-49.34636626038985,-48.97793050578278,-49.16214838308632,0,0.0,0.6,10
bayesfl_observability_v1,ola_sparse_bayesian_keep010_seed42,120,ola,global,,,layers.1.bias,db,53,-48.97793050578278,-48.6094947511757,-48.79371262847924,0,0.0,0.6,10
bayesfl_observability_v1,ola_sparse_bayesian_keep010_seed42,120,ola,global,,,layers.1.bias,db,54,-48.6094947511757,-48.241058996568626,-48.425276873872164,0,0.0,0.6,10
bayesfl_observability_v1,ola_sparse_bayesian_keep010_seed42,120,ola,global,,,layers.1.bias,db,55,-48.241058996568626,-47.87262324196155,-48.05684111926509,0,0.0,0.6,10
bayesfl_observability_v1,ola_sparse_bayesian_keep010_seed42,120,ola,global,,,layers.1.bias,db,56,-47.87262324196155,-47.50418748735447,-47.68840536465801,0,0.0,0.6,10
bayesfl_observability_v1,ola_sparse_bayesian_keep010_seed42,120,ola,global,,,layers.1.bias,db,57,-47.50418748735447,-47.1357517327474,-47.31996961005093,0,0.0,0.6,10
bayesfl_observability_v1,ola_sparse_bayesian_keep010_seed42,120,ola,global,,,layers.1.bias,db,58,-47.1357517327474,-46.767315978140324,-46.95153385544386,0,0.0,0.6,10
bayesfl_observability_v1,ola_sparse_bayesian_keep010_seed42,120,ola,global,,,layers.1.bias,db,59,-46.767315978140324,-46.398880223533254,-46.58309810083679,0,0.0,0.6,10
bayesfl_observability_v1,ola_sparse_bayesian_keep010_seed42,120,ola,global,,,layers.1.bias,db,60,-46.398880223533254,-46.03044446892618,-46.214662346229716,0,0.0,0.6,10
bayesfl_observability_v1,ola_sparse_bayesian_keep010_seed42,120,ola,global,,,layers.1.bias,db,61,-46.03044446892618,-45.6620087143191,-45.84622659162264,2,0.5428354808107386,0.8,10
bayesfl_observability_v1,ola_sparse_bayesian_keep010_seed42,120,ola,global,,,layers.1.bias,db,62,-45.6620087143191,-45.29357295971202,-45.47779083701556,0,0.0,0.8,10
bayesfl_observability_v1,ola_sparse_bayesian_keep010_seed42,120,ola,global,,,layers.1.bias,db,63,-45.29357295971202,-44.925137205104946,-45.109355082408484,0,0.0,0.8,10
bayesfl_observability_v1,ola_sparse_bayesian_keep010_seed42,120,ola,global,,,layers.1.bias,db,64,-44.925137205104946,-44.556701450497876,-44.74091932780141,1,0.27141774040537453,0.9,10
bayesfl_observability_v1,ola_sparse_bayesian_keep010_seed42,120,ola,global,,,layers.1.bias,db,65,-44.556701450497876,-44.1882656958908,-44.37248357319434,0,0.0,0.9,10
bayesfl_observability_v1,ola_sparse_bayesian_keep010_seed42,120,ola,global,,,layers.1.bias,db,66,-44.1882656958908,-43.81982994128373,-44.00404781858727,0,0.0,0.9,10
bayesfl_observability_v1,ola_sparse_bayesian_keep010_seed42,120,ola,global,,,layers.1.bias,db,67,-43.81982994128373,-43.45139418667665,-43.63561206398019,0,0.0,0.9,10
bayesfl_observability_v1,ola_sparse_bayesian_keep010_seed42,120,ola,global,,,layers.1.bias,db,68,-43.45139418667665,-43.082958432069574,-43.26717630937311,0,0.0,0.9,10
bayesfl_observability_v1,ola_sparse_bayesian_keep010_seed42,120,ola,global,,,layers.1.bias,db,69,-43.082958432069574,-42.7145226774625,-42.898740554766036,0,0.0,0.9,10
bayesfl_observability_v1,ola_sparse_bayesian_keep010_seed42,120,ola,global,,,layers.1.bias,db,70,-42.7145226774625,-42.34608692285542,-42.53030480015896,0,0.0,0.9,10
bayesfl_observability_v1,ola_sparse_bayesian_keep010_seed42,120,ola,global,,,layers.1.bias,db,71,-42.34608692285542,-41.97765116824835,-42.16186904555188,0,0.0,0.9,10
bayesfl_observability_v1,ola_sparse_bayesian_keep010_seed42,120,ola,global,,,layers.1.bias,db,72,-41.97765116824835,-41.60921541364127,-41.79343329094481,0,0.0,0.9,10
bayesfl_observability_v1,ola_sparse_bayesian_keep010_seed42,120,ola,global,,,layers.1.bias,db,73,-41.60921541364127,-41.2407796590342,-41.42499753633774,0,0.0,0.9,10
bayesfl_observability_v1,ola_sparse_bayesian_keep010_seed42,120,ola,global,,,layers.1.bias,db,74,-41.2407796590342,-40.872343904427126,-41.056561781730665,0,0.0,0.9,10
bayesfl_observability_v1,ola_sparse_bayesian_keep010_seed42,120,ola,global,,,layers.1.bias,db,75,-40.872343904427126,-40.50390814982005,-40.68812602712359,0,0.0,0.9,10
bayesfl_observability_v1,ola_sparse_bayesian_keep010_seed42,120,ola,global,,,layers.1.bias,db,76,-40.50390814982005,-40.13547239521297,-40.31969027251651,0,0.0,0.9,10
bayesfl_observability_v1,ola_sparse_bayesian_keep010_seed42,120,ola,global,,,layers.1.bias,db,77,-40.13547239521297,-39.767036640605895,-39.95125451790943,0,0.0,0.9,10
bayesfl_observability_v1,ola_sparse_bayesian_keep010_seed42,120,ola,global,,,layers.1.bias,db,78,-39.767036640605895,-39.398600885998825,-39.582818763302356,0,0.0,0.9,10
bayesfl_observability_v1,ola_sparse_bayesian_keep010_seed42,120,ola,global,,,layers.1.bias,db,79,-39.398600885998825,-39.03016513139175,-39.214383008695286,1,0.2714177404053693,1.0,10
bayesfl_observability_v1,ola_sparse_bayesian_keep010_seed42,125,ola,global,,,all,raw,0,6.070295547446101e-09,0.001256008517396512,0.0006280072938460297,81484,637.4734182883809,0.8006681733320232,101770
bayesfl_observability_v1,ola_sparse_bayesian_keep010_seed42,125,ola,global,,,all,raw,1,0.001256008517396512,0.0025120109644974765,0.0018840097409469942,16993,132.9412620511322,0.9676427237889358,101770
bayesfl_observability_v1,ola_sparse_bayesian_keep010_seed42,125,ola,global,,,all,raw,2,0.0025120109644974765,0.003768013411598441,0.0031400121880479585,2331,18.236102032671642,0.9905473125675542,101770
bayesfl_observability_v1,ola_sparse_bayesian_keep010_seed42,125,ola,global,,,all,raw,3,0.003768013411598441,0.005024015858699406,0.004396014635148923,270,2.1122898107341666,0.9932003537388229,101770
bayesfl_observability_v1,ola_sparse_bayesian_keep010_seed42,125,ola,global,,,all,raw,4,0.005024015858699406,0.00628001830580037,0.005652017082249888,129,1.0092051317952129,0.9944679178539845,101770
bayesfl_observability_v1,ola_sparse_bayesian_keep010_seed42,125,ola,global,,,all,raw,5,0.00628001830580037,0.007536020752901334,0.006908019529350853,97,0.758859672745238,0.9954210474599587,101770
bayesfl_observability_v1,ola_sparse_bayesian_keep010_seed42,125,ola,global,,,all,raw,6,0.007536020752901334,0.008792023200002299,0.008164021976451816,68,0.5319841004811975,0.9960892207919819,101770
bayesfl_observability_v1,ola_sparse_bayesian_keep010_seed42,125,ola,global,,,all,raw,7,0.008792023200002299,0.010048025647103264,0.009420024423552782,70,0.5476306916718209,0.9967770462808293,101770
bayesfl_observability_v1,ola_sparse_bayesian_keep010_seed42,125,ola,global,,,all,raw,8,0.010048025647103264,0.011304028094204228,0.010676026870653745,54,0.4224579621468333,0.9973076545150831,101770
bayesfl_observability_v1,ola_sparse_bayesian_keep010_seed42,125,ola,global,,,all,raw,9,0.011304028094204228,0.012560030541305193,0.011932029317754712,36,0.2816386414312222,0.9976613933379188,101770
bayesfl_observability_v1,ola_sparse_bayesian_keep010_seed42,125,ola,global,,,all,raw,10,0.012560030541305193,0.013816032988406158,0.013188031764855675,33,0.258168754645287,0.9979856539255183,101770
bayesfl_observability_v1,ola_sparse_bayesian_keep010_seed42,125,ola,global,,,all,raw,11,0.013816032988406158,0.015072035435507121,0.01444403421195664,20,0.15646591190623477,0.9981821754937604,101770
bayesfl_observability_v1,ola_sparse_bayesian_keep010_seed42,125,ola,global,,,all,raw,12,0.015072035435507121,0.016328037882608087,0.015700036659057604,26,0.20340568547810464,0.9984376535324752,101770
bayesfl_observability_v1,ola_sparse_bayesian_keep010_seed42,125,ola,global,,,all,raw,13,0.016328037882608087,0.01758404032970905,0.016956039106158567,27,0.21122898107341695,0.998702957649602,101770
bayesfl_observability_v1,ola_sparse_bayesian_keep010_seed42,125,ola,global,,,all,raw,14,0.01758404032970905,0.018840042776810017,0.018212041553259534,23,0.1799357986921695,0.9989289574530805,101770
bayesfl_observability_v1,ola_sparse_bayesian_keep010_seed42,125,ola,global,,,all,raw,15,0.018840042776810017,0.02009604522391098,0.0194680440003605,12,0.09387954714374086,0.9990468703940257,101770
bayesfl_observability_v1,ola_sparse_bayesian_keep010_seed42,125,ola,global,,,all,raw,16,0.02009604522391098,0.021352047671011943,0.02072404644746146,9,0.07040966035780565,0.9991353050997347,101770
bayesfl_observability_v1,ola_sparse_bayesian_keep010_seed42,125,ola,global,,,all,raw,17,0.021352047671011943,0.02260805011811291,0.021980048894562426,6,0.046939773571870305,0.9991942615702073,101770
bayesfl_observability_v1,ola_sparse_bayesian_keep010_seed42,125,ola,global,,,all,raw,18,0.02260805011811291,0.023864052565213872,0.023236051341663393,8,0.0625863647624939,0.9992728701975042,101770
bayesfl_observability_v1,ola_sparse_bayesian_keep010_seed42,125,ola,global,,,all,raw,19,0.023864052565213872,0.02512005501231484,0.024492053788764356,6,0.046939773571870305,0.9993318266679768,101770
bayesfl_observability_v1,ola_sparse_bayesian_keep010_seed42,125,ola,global,,,all,raw,20,0.02512005501231484,0.026376057459415802,0.02574805623586532,10,0.07823295595311738,0.9994300874520978,101770
bayesfl_observability_v1,ola_sparse_bayesian_keep010_seed42,125,ola,global,,,all,raw,21,0.026376057459415802,0.02763205990651677,0.027004058682966285,4,0.03129318238124687,0.9994693917657463,101770
bayesfl_observability_v1,ola_sparse_bayesian_keep010_seed42,125,ola,global,,,all,raw,22,0.02763205990651677,0.02888806235361773,0.02826006113006725,6,0.04693977357187043,0.9995283482362189,101770
bayesfl_observability_v1,ola_sparse_bayesian_keep010_seed42,125,ola,global,,,all,raw,23,0.02888806235361773,0.030144064800718694,0.02951606357716821,6,0.04693977357187043,0.9995873047066915,101770
bayesfl_observability_v1,ola_sparse_bayesian_keep010_seed42,125,ola,global,,,all,raw,24,0.030144064800718694,0.03140006724781966,0.030772066024269178,3,0.023469886785935215,0.9996167829419279,101770
bayesfl_observability_v1,ola_sparse_bayesian_keep010_seed42,125,ola,global,,,all,raw,25,0.03140006724781966,0.032656069694920624,0.032028068471370144,2,0.015646591190623435,0.9996364350987521,101770
bayesfl_observability_v1,ola_sparse_bayesian_keep010_seed42,125,ola,global,,,all,raw,26,0.032656069694920624,0.03391207214202158,0.033284070918471104,2,0.01564659119062352,0.9996560872555763,101770
bayesfl_observability_v1,ola_sparse_bayesian_keep010_seed42,125,ola,global,,,all,raw,27,0.03391207214202158,0.03516807458912255,0.03454007336557206,3,0.023469886785935153,0.9996855654908127,101770
bayesfl_observability_v1,ola_sparse_bayesian_keep010_seed42,125,ola,global,,,all,raw,28,0.03516807458912255,0.036424077036223516,0.03579607581267304,5,0.03911647797655859,0.9997346958828731,101770
bayesfl_observability_v1,ola_sparse_bayesian_keep010_seed42,125,ola,global,,,all,raw,29,0.036424077036223516,0.03768007948332448,0.037052078259773996,3,0.023469886785935153,0.9997641741181095,101770
bayesfl_observability_v1,ola_sparse_bayesian_keep010_seed42,125,ola,global,,,all,raw,30,0.03768007948332448,0.03893608193042544,0.03830808070687496,2,0.01564659119062352,0.9997838262749337,101770
bayesfl_observability_v1,ola_sparse_bayesian_keep010_seed42,125,ola,global,,,all,raw,31,0.03893608193042544,0.04019208437752641,0.03956408315397593,2,0.015646591190623435,0.9998034784317579,101770
bayesfl_observability_v1,ola_sparse_bayesian_keep010_seed42,125,ola,global,,,all,raw,32,0.04019208437752641,0.041448086824627375,0.04082008560107689,2,0.015646591190623435,0.9998231305885821,101770
bayesfl_observability_v1,ola_sparse_bayesian_keep010_seed42,125,ola,global,,,all,raw,33,0.041448086824627375,0.042704089271728335,0.042076088048177855,0,0.0,0.9998231305885821,101770
bayesfl_observability_v1,ola_sparse_bayesian_keep010_seed42,125,ola,global,,,all,raw,34,0.042704089271728335,0.0439600917188293,0.04333209049527882,2,0.015646591190623435,0.9998427827454063,101770
bayesfl_observability_v1,ola_sparse_bayesian_keep010_seed42,125,ola,global,,,all,raw,35,0.0439600917188293,0.04521609416593027,0.04458809294237978,1,0.007823295595311718,0.9998526088238184,101770
bayesfl_observability_v1,ola_sparse_bayesian_keep010_seed42,125,ola,global,,,all,raw,36,0.04521609416593027,0.046472096613031234,0.045844095389480755,0,0.0,0.9998526088238184,101770
bayesfl_observability_v1,ola_sparse_bayesian_keep010_seed42,125,ola,global,,,all,raw,37,0.046472096613031234,0.047728099060132194,0.047100097836581714,1,0.00782329559531176,0.9998624349022305,101770
bayesfl_observability_v1,ola_sparse_bayesian_keep010_seed42,125,ola,global,,,all,raw,38,0.047728099060132194,0.04898410150723316,0.048356100283682674,0,0.0,0.9998624349022305,101770
bayesfl_observability_v1,ola_sparse_bayesian_keep010_seed42,125,ola,global,,,all,raw,39,0.04898410150723316,0.05024010395433413,0.04961210273078365,1,0.007823295595311718,0.9998722609806426,101770
bayesfl_observability_v1,ola_sparse_bayesian_keep010_seed42,125,ola,global,,,all,raw,40,0.05024010395433413,0.051496106401435086,0.05086810517788461,1,0.00782329559531176,0.9998820870590547,101770
bayesfl_observability_v1,ola_sparse_bayesian_keep010_seed42,125,ola,global,,,all,raw,41,0.051496106401435086,0.05275210884853605,0.052124107624985566,1,0.007823295595311718,0.9998919131374668,101770
bayesfl_observability_v1,ola_sparse_bayesian_keep010_seed42,125,ola,global,,,all,raw,42,0.05275210884853605,0.05400811129563702,0.05338011007208654,0,0.0,0.9998919131374668,101770
bayesfl_observability_v1,ola_sparse_bayesian_keep010_seed42,125,ola,global,,,all,raw,43,0.05400811129563702,0.055264113742737986,0.0546361125191875,1,0.007823295595311718,0.999901739215879,101770
bayesfl_observability_v1,ola_sparse_bayesian_keep010_seed42,125,ola,global,,,all,raw,44,0.055264113742737986,0.056520116189838945,0.055892114966288466,1,0.00782329559531176,0.999911565294291,101770
bayesfl_observability_v1,ola_sparse_bayesian_keep010_seed42,125,ola,global,,,all,raw,45,0.056520116189838945,0.05777611863693991,0.05714811741338943,0,0.0,0.999911565294291,101770
bayesfl_observability_v1,ola_sparse_bayesian_keep010_seed42,125,ola,global,,,all,raw,46,0.05777611863693991,0.05903212108404088,0.05840411986049039,0,0.0,0.999911565294291,101770
bayesfl_observability_v1,ola_sparse_bayesian_keep010_seed42,125,ola,global,,,all,raw,47,0.05903212108404088,0.06028812353114184,0.05966012230759136,1,0.00782329559531176,0.9999213913727032,101770
bayesfl_observability_v1,ola_sparse_bayesian_keep010_seed42,125,ola,global,,,all,raw,48,0.06028812353114184,0.061544125978242804,0.060916124754692325,2,0.015646591190623435,0.9999410435295274,101770
bayesfl_observability_v1,ola_sparse_bayesian_keep010_seed42,125,ola,global,,,all,raw,49,0.061544125978242804,0.06280012842534377,0.062172127201793284,0,0.0,0.9999410435295274,101770
bayesfl_observability_v1,ola_sparse_bayesian_keep010_seed42,125,ola,global,,,all,raw,50,0.06280012842534377,0.06405613087244473,0.06342812964889424,0,0.0,0.9999410435295274,101770
bayesfl_observability_v1,ola_sparse_bayesian_keep010_seed42,125,ola,global,,,all,raw,51,0.06405613087244473,0.0653121333195457,0.06468413209599522,0,0.0,0.9999410435295274,101770
bayesfl_observability_v1,ola_sparse_bayesian_keep010_seed42,125,ola,global,,,all,raw,52,0.0653121333195457,0.06656813576664666,0.06594013454309619,1,0.00782329559531176,0.9999508696079394,101770
bayesfl_observability_v1,ola_sparse_bayesian_keep010_seed42,125,ola,global,,,all,raw,53,0.06656813576664666,0.06782413821374762,0.06719613699019714,0,0.0,0.9999508696079394,101770
bayesfl_observability_v1,ola_sparse_bayesian_keep010_seed42,125,ola,global,,,all,raw,54,0.06782413821374762,0.0690801406608486,0.06845213943729811,1,0.007823295595311674,0.9999606956863516,101770
bayesfl_observability_v1,ola_sparse_bayesian_keep010_seed42,125,ola,global,,,all,raw,55,0.0690801406608486,0.07033614310794956,0.06970814188439908,2,0.01564659119062352,0.9999803478431758,101770
bayesfl_observability_v1,ola_sparse_bayesian_keep010_seed42,125,ola,global,,,all,raw,56,0.07033614310794956,0.07159214555505052,0.07096414433150003,0,0.0,0.9999803478431758,101770
bayesfl_observability_v1,ola_sparse_bayesian_keep010_seed42,125,ola,global,,,all,raw,57,0.07159214555505052,0.07284814800215149,0.072220146778601,0,0.0,0.9999803478431758,101770
bayesfl_observability_v1,ola_sparse_bayesian_keep010_seed42,125,ola,global,,,all,raw,58,0.07284814800215149,0.07410415044925245,0.07347614922570198,0,0.0,0.9999803478431758,101770
bayesfl_observability_v1,ola_sparse_bayesian_keep010_seed42,125,ola,global,,,all,raw,59,0.07410415044925245,0.07536015289635342,0.07473215167280294,0,0.0,0.9999803478431758,101770
bayesfl_observability_v1,ola_sparse_bayesian_keep010_seed42,125,ola,global,,,all,raw,60,0.07536015289635342,0.07661615534345438,0.0759881541199039,0,0.0,0.9999803478431758,101770
bayesfl_observability_v1,ola_sparse_bayesian_keep010_seed42,125,ola,global,,,all,raw,61,0.07661615534345438,0.07787215779055534,0.07724415656700487,0,0.0,0.9999803478431758,101770
bayesfl_observability_v1,ola_sparse_bayesian_keep010_seed42,125,ola,global,,,all,raw,62,0.07787215779055534,0.07912816023765631,0.07850015901410583,0,0.0,0.9999803478431758,101770
bayesfl_observability_v1,ola_sparse_bayesian_keep010_seed42,125,ola,global,,,all,raw,63,0.07912816023765631,0.08038416268475727,0.07975616146120679,0,0.0,0.9999803478431758,101770
bayesfl_observability_v1,ola_sparse_bayesian_keep010_seed42,125,ola,global,,,all,raw,64,0.08038416268475727,0.08164016513185823,0.08101216390830776,0,0.0,0.9999803478431758,101770
bayesfl_observability_v1,ola_sparse_bayesian_keep010_seed42,125,ola,global,,,all,raw,65,0.08164016513185823,0.0828961675789592,0.08226816635540872,1,0.007823295595311674,0.9999901739215878,101770
bayesfl_observability_v1,ola_sparse_bayesian_keep010_seed42,125,ola,global,,,all,raw,66,0.0828961675789592,0.08415217002606017,0.08352416880250968,0,0.0,0.9999901739215878,101770
bayesfl_observability_v1,ola_sparse_bayesian_keep010_seed42,125,ola,global,,,all,raw,67,0.08415217002606017,0.08540817247316113,0.08478017124961065,0,0.0,0.9999901739215878,101770
bayesfl_observability_v1,ola_sparse_bayesian_keep010_seed42,125,ola,global,,,all,raw,68,0.08540817247316113,0.0866641749202621,0.08603617369671161,0,0.0,0.9999901739215878,101770
bayesfl_observability_v1,ola_sparse_bayesian_keep010_seed42,125,ola,global,,,all,raw,69,0.0866641749202621,0.08792017736736306,0.08729217614381257,0,0.0,0.9999901739215878,101770
bayesfl_observability_v1,ola_sparse_bayesian_keep010_seed42,125,ola,global,,,all,raw,70,0.08792017736736306,0.08917617981446403,0.08854817859091355,0,0.0,0.9999901739215878,101770
bayesfl_observability_v1,ola_sparse_bayesian_keep010_seed42,125,ola,global,,,all,raw,71,0.08917617981446403,0.09043218226156499,0.08980418103801452,0,0.0,0.9999901739215878,101770
bayesfl_observability_v1,ola_sparse_bayesian_keep010_seed42,125,ola,global,,,all,raw,72,0.09043218226156499,0.09168818470866595,0.09106018348511546,0,0.0,0.9999901739215878,101770
bayesfl_observability_v1,ola_sparse_bayesian_keep010_seed42,125,ola,global,,,all,raw,73,0.09168818470866595,0.09294418715576692,0.09231618593221644,0,0.0,0.9999901739215878,101770
bayesfl_observability_v1,ola_sparse_bayesian_keep010_seed42,125,ola,global,,,all,raw,74,0.09294418715576692,0.09420018960286788,0.09357218837931741,0,0.0,0.9999901739215878,101770
bayesfl_observability_v1,ola_sparse_bayesian_keep010_seed42,125,ola,global,,,all,raw,75,0.09420018960286788,0.09545619204996884,0.09482819082641836,0,0.0,0.9999901739215878,101770
bayesfl_observability_v1,ola_sparse_bayesian_keep010_seed42,125,ola,global,,,all,raw,76,0.09545619204996884,0.09671219449706982,0.09608419327351933,0,0.0,0.9999901739215878,101770
bayesfl_observability_v1,ola_sparse_bayesian_keep010_seed42,125,ola,global,,,all,raw,77,0.09671219449706982,0.09796819694417078,0.0973401957206203,0,0.0,0.9999901739215878,101770
bayesfl_observability_v1,ola_sparse_bayesian_keep010_seed42,125,ola,global,,,all,raw,78,0.09796819694417078,0.09922419939127174,0.09859619816772125,0,0.0,0.9999901739215878,101770
bayesfl_observability_v1,ola_sparse_bayesian_keep010_seed42,125,ola,global,,,all,raw,79,0.09922419939127174,0.10048020183837271,0.09985220061482222,1,0.007823295595311674,1.0,101770
bayesfl_observability_v1,ola_sparse_bayesian_keep010_seed42,125,ola,global,,,all,db,0,-164.33437250775,-162.52967272670762,-163.43202261722882,1,5.4447163541130505e-06,9.826078412105729e-06,101770
bayesfl_observability_v1,ola_sparse_bayesian_keep010_seed42,125,ola,global,,,all,db,1,-162.52967272670762,-160.72497294566523,-161.6273228361864,0,0.0,9.826078412105729e-06,101770
bayesfl_observability_v1,ola_sparse_bayesian_keep010_seed42,125,ola,global,,,all,db,2,-160.72497294566523,-158.92027316462287,-159.82262305514405,0,0.0,9.826078412105729e-06,101770
bayesfl_observability_v1,ola_sparse_bayesian_keep010_seed42,125,ola,global,,,all,db,3,-158.92027316462287,-157.11557338358048,-158.0179232741017,0,0.0,9.826078412105729e-06,101770
bayesfl_observability_v1,ola_sparse_bayesian_keep010_seed42,125,ola,global,,,all,db,4,-157.11557338358048,-155.3108736025381,-156.21322349305927,1,5.4447163541130505e-06,1.9652156824211458e-05,101770
bayesfl_observability_v1,ola_sparse_bayesian_keep010_seed42,125,ola,global,,,all,db,5,-155.3108736025381,-153.5061738214957,-154.40852371201692,2,1.0889432708226101e-05,3.9304313648422916e-05,101770
bayesfl_observability_v1,ola_sparse_bayesian_keep010_seed42,125,ola,global,,,all,db,6,-153.5061738214957,-151.70147404045332,-152.6038239309745,0,0.0,3.9304313648422916e-05,101770
bayesfl_observability_v1,ola_sparse_bayesian_keep010_seed42,125,ola,global,,,all,db,7,-151.70147404045332,-149.89677425941093,-150.79912414993214,1,5.4447163541130505e-06,4.913039206052864e-05,101770
bayesfl_observability_v1,ola_sparse_bayesian_keep010_seed42,125,ola,global,,,all,db,8,-149.89677425941093,-148.09207447836854,-148.99442436888972,1,5.4447163541130505e-06,5.895647047263437e-05,101770
bayesfl_observability_v1,ola_sparse_bayesian_keep010_seed42,125,ola,global,,,all,db,9,-148.09207447836854,-146.2873746973262,-147.18972458784737,0,0.0,5.895647047263437e-05,101770
bayesfl_observability_v1,ola_sparse_bayesian_keep010_seed42,125,ola,global,,,all,db,10,-146.2873746973262,-144.4826749162838,-145.385024806805,2,1.0889432708226101e-05,7.860862729684583e-05,101770
bayesfl_observability_v1,ola_sparse_bayesian_keep010_seed42,125,ola,global,,,all,db,11,-144.4826749162838,-142.6779751352414,-143.5803250257626,1,5.4447163541130505e-06,8.843470570895156e-05,101770
bayesfl_observability_v1,ola_sparse_bayesian_keep010_seed42,125,ola,global,,,all,db,12,-142.6779751352414,-140.87327535419902,-141.77562524472023,0,0.0,8.843470570895156e-05,101770
bayesfl_observability_v1,ola_sparse_bayesian_keep010_seed42,125,ola,global,,,all,db,13,-140.87327535419902,-139.06857557315664,-139.97092546367782,1,5.4447163541130505e-06,9.826078412105728e-05,101770
bayesfl_observability_v1,ola_sparse_bayesian_keep010_seed42,125,ola,global,,,all,db,14,-139.06857557315664,-137.26387579211428,-138.16622568263546,1,5.444716354113136e-06,0.00010808686253316301,101770
bayesfl_observability_v1,ola_sparse_bayesian_keep010_seed42,125,ola,global,,,all,db,15,-137.26387579211428,-135.4591760110719,-136.3615259015931,2,1.0889432708226101e-05,0.00012773901935737446,101770
bayesfl_observability_v1,ola_sparse_bayesian_keep010_seed42,125,ola,global,,,all,db,16,-135.4591760110719,-133.6544762300295,-134.55682612055068,5,2.722358177056525e-05,0.00017686941141790313,101770
bayesfl_observability_v1,ola_sparse_bayesian_keep010_seed42,125,ola,global,,,all,db,17,-133.6544762300295,-131.84977644898711,-132.75212633950832,6,3.2668298124678305e-05,0.00023582588189053748,101770
bayesfl_observability_v1,ola_sparse_bayesian_keep010_seed42,125,ola,global,,,all,db,18,-131.84977644898711,-130.04507666794473,-130.9474265584659,7,3.8113014478791354e-05,0.0003046084307752776,101770
bayesfl_observability_v1,ola_sparse_bayesian_keep010_seed42,125,ola,global,,,all,db,19,-130.04507666794473,-128.24037688690234,-129.14272677742355,3,1.6334149062339152e-05,0.00033408666601159476,101770
bayesfl_observability_v1,ola_sparse_bayesian_keep010_seed42,125,ola,global,,,all,db,20,-128.24037688690234,-126.43567710585997,-127.33802699638116,2,1.0889432708226187e-05,0.00035373882283580625,101770
bayesfl_observability_v1,ola_sparse_bayesian_keep010_seed42,125,ola,global,,,all,db,21,-126.43567710585997,-124.63097732481758,-125.53332721533877,14,7.622602895758271e-05,0.0004913039206052865,101770
bayesfl_observability_v1,ola_sparse_bayesian_keep010_seed42,125,ola,global,,,all,db,22,-124.63097732481758,-122.8262775437752,-123.72862743429638,12,6.533659624935712e-05,0.0006092168615505552,101770
bayesfl_observability_v1,ola_sparse_bayesian_keep010_seed42,125,ola,global,,,all,db,23,-122.8262775437752,-121.02157776273282,-121.92392765325401,12,6.533659624935661e-05,0.0007271298024958239,101770
bayesfl_observability_v1,ola_sparse_bayesian_keep010_seed42,125,ola,global,,,all,db,24,-121.02157776273282,-119.21687798169043,-120.11922787221162,7,3.8113014478791354e-05,0.000795912351380564,101770
bayesfl_observability_v1,ola_sparse_bayesian_keep010_seed42,125,ola,global,,,all,db,25,-119.21687798169043,-117.41217820064804,-118.31452809116924,17,9.256017801992186e-05,0.0009629556843863614,101770
bayesfl_observability_v1,ola_sparse_bayesian_keep010_seed42,125,ola,global,,,all,db,26,-117.41217820064804,-115.60747841960567,-116.50982831012686,21,0.00011433904343637497,0.0011693033310405817,101770
bayesfl_observability_v1,ola_sparse_bayesian_keep010_seed42,125,ola,global,,,all,db,27,-115.60747841960567,-113.80277863856328,-114.70512852908448,24,0.00013067319249871322,0.001405129212931119,101770
bayesfl_observability_v1,ola_sparse_bayesian_keep010_seed42,125,ola,global,,,all,db,28,-113.80277863856328,-111.99807885752091,-112.90042874804209,40,0.00021778865416452375,0.0017981723494153484,101770
bayesfl_observability_v1,ola_sparse_bayesian_keep010_seed42,125,ola,global,,,all,db,29,-111.99807885752091,-110.19337907647852,-111.09572896699972,44,0.0002395675195809742,0.0022305197995480005,101770
bayesfl_observability_v1,ola_sparse_bayesian_keep010_seed42,125,ola,global,,,all,db,30,-110.19337907647852,-108.38867929543613,-109.29102918595733,57,0.00031034883218444386,0.002790606269038027,101770
bayesfl_observability_v1,ola_sparse_bayesian_keep010_seed42,125,ola,global,,,all,db,31,-108.38867929543613,-106.58397951439375,-107.48632940491494,67,0.0003647959957255744,0.003448953522649111,101770
bayesfl_observability_v1,ola_sparse_bayesian_keep010_seed42,125,ola,global,,,all,db,32,-106.58397951439375,-104.77927973335137,-105.68162962387257,80,0.0004355773083290475,0.004235039795617569,101770
bayesfl_observability_v1,ola_sparse_bayesian_keep010_seed42,125,ola,global,,,all,db,33,-104.77927973335137,-102.97457995230899,-103.87692984283018,105,0.0005716952171818702,0.005266778028888671,101770
bayesfl_observability_v1,ola_sparse_bayesian_keep010_seed42,125,ola,global,,,all,db,34,-102.97457995230899,-101.16988017126661,-102.07223006178779,112,0.0006098082316606664,0.006367298811044512,101770
bayesfl_observability_v1,ola_sparse_bayesian_keep010_seed42,125,ola,global,,,all,db,35,-101.16988017126661,-99.36518039022422,-100.26753028074542,142,0.0007731497222840532,0.007762601945563526,101770
bayesfl_observability_v1,ola_sparse_bayesian_keep010_seed42,125,ola,global,,,all,db,36,-99.36518039022422,-97.56048060918184,-98.46283049970303,162,0.0008820440493663142,0.009354426648324653,101770
bayesfl_observability_v1,ola_sparse_bayesian_keep010_seed42,125,ola,global,,,all,db,37,-97.56048060918184,-95.75578082813945,-96.65813071866064,237,0.001290397775924793,0.011683207231993712,101770
bayesfl_observability_v1,ola_sparse_bayesian_keep010_seed42,125,ola,global,,,all,db,38,-95.75578082813945,-93.95108104709708,-94.85343093761827,248,0.0013502896558200473,0.014120074678195932,101770
bayesfl_observability_v1,ola_sparse_bayesian_keep010_seed42,125,ola,global,,,all,db,39,-93.95108104709708,-92.14638126605469,-93.04873115657588,341,0.0018566482767525502,0.017470767416723987,101770
bayesfl_observability_v1,ola_sparse_bayesian_keep010_seed42,125,ola,global,,,all,db,40,-92.14638126605469,-90.3416814850123,-91.2440313755335,376,0.002047213349146507,0.02116537289967574,101770
bayesfl_observability_v1,ola_sparse_bayesian_keep010_seed42,125,ola,global,,,all,db,41,-90.3416814850123,-88.53698170396993,-89.43933159449111,464,0.0025263483883084755,0.025724673282892796,101770
bayesfl_observability_v1,ola_sparse_bayesian_keep010_seed42,125,ola,global,,,all,db,42,-88.53698170396993,-86.73228192292754,-87.63463181344873,583,0.0031742696344479082,0.031453276997150434,101770
bayesfl_observability_v1,ola_sparse_bayesian_keep010_seed42,125,ola,global,,,all,db,43,-86.73228192292754,-84.92758214188515,-85.82993203240635,698,0.003800412015170909,0.038311879728800236,101770
bayesfl_observability_v1,ola_sparse_bayesian_keep010_seed42,125,ola,global,,,all,db,44,-84.92758214188515,-83.12288236084278,-84.02523225136397,908,0.004943802449534689,0.04723395892699224,101770
bayesfl_observability_v1,ola_sparse_bayesian_keep010_seed42,125,ola,global,,,all,db,45,-83.12288236084278,-81.31818257980039,-82.22053247032159,1131,0.00615797419650186,0.05834725361108382,101770
bayesfl_observability_v1,ola_sparse_bayesian_keep010_seed42,125,ola,global,,,all,db,46,-81.31818257980039,-79.513482798758,-80.4158326892792,1393,0.007584489881279479,0.0720349808391471,101770
bayesfl_observability_v1,ola_sparse_bayesian_keep010_seed42,125,ola,global,,,all,db,47,-79.513482798758,-77.70878301771563,-78.61113290823681,1721,0.009370356845428635,0.08894566178638105,101770
bayesfl_observability_v1,ola_sparse_bayesian_keep010_seed42,125,ola,global,,,all,db,48,-77.70878301771563,-75.90408323667324,-76.80643312719444,2065,0.01124333927124345,0.10923651370737938,101770
bayesfl_observability_v1,ola_sparse_bayesian_keep010_seed42,125,ola,global,,,all,db,49,-75.90408323667324,-74.09938345563086,-75.00173334615205,2515,0.013693461630594322,0.13394910091382528,101770
bayesfl_observability_v1,ola_sparse_bayesian_keep010_seed42,125,ola,global,,,all,db,50,-74.09938345563086,-72.29468367458848,-73.19703356510968,3212,0.017488428929411257,0.1655104647735089,101770
bayesfl_observability_v1,ola_sparse_bayesian_keep010_seed42,125,ola,global,,,all,db,51,-72.29468367458848,-70.4899838935461,-71.39233378406729,3871,0.021076497006771618,0.20354721430677017,101770
bayesfl_observability_v1,ola_sparse_bayesian_keep010_seed42,125,ola,global,,,all,db,52,-70.4899838935461,-68.68528411250371,-69.5876340030249,4754,0.025884181547453443,0.2502603910779208,101770
bayesfl_observability_v1,ola_sparse_bayesian_keep010_seed42,125,ola,global,,,all,db,53,-68.68528411250371,-66.88058433146134,-67.78293422198252,6110,0.033267216923631,0.3102977301758868,101770
bayesfl_observability_v1,ola_sparse_bayesian_keep010_seed42,125,ola,global,,,all,db,54,-66.88058433146134,-65.07588455041895,-65.97823444094014,7258,0.03951775129815252,0.38161540729095017,101770
bayesfl_observability_v1,ola_sparse_bayesian_keep010_seed42,125,ola,global,,,all,db,55,-65.07588455041895,-63.27118476937656,-64.17353465989775,8796,0.04789172505077839,0.4680455930038322,101770
bayesfl_observability_v1,ola_sparse_bayesian_keep010_seed42,125,ola,global,,,all,db,56,-63.27118476937656,-61.46648498833419,-62.368834878855374,10717,0.05835102516703002,0.5733516753463692,101770
bayesfl_observability_v1,ola_sparse_bayesian_keep010_seed42,125,ola,global,,,all,db,57,-61.46648498833419,-59.6617852072918,-60.56413509781299,13089,0.07126589235898571,0.7019652156824211,101770
bayesfl_observability_v1,ola_sparse_bayesian_keep010_seed42,125,ola,global,,,all,db,58,-59.6617852072918,-57.85708542624941,-58.759435316770606,10727,0.058405472330570696,0.8073695588090793,101770
bayesfl_observability_v1,ola_sparse_bayesian_keep010_seed42,125,ola,global,,,all,db,59,-57.85708542624941,-56.05238564520704,-56.954735535728226,6519,0.035494105912463256,0.8714257639775965,101770
bayesfl_observability_v1,ola_sparse_bayesian_keep010_seed42,125,ola,global,,,all,db,60,-56.05238564520704,-54.24768586416465,-55.150035754685845,5309,0.028905999123986184,0.9235924142674659,101770
bayesfl_observability_v1,ola_sparse_bayesian_keep010_seed42,125,ola,global,,,all,db,61,-54.24768586416465,-52.442986083122264,-53.34533597364346,3768,0.020515691222297974,0.9606170777242803,101770
bayesfl_observability_v1,ola_sparse_bayesian_keep010_seed42,125,ola,global,,,all,db,62,-52.442986083122264,-50.63828630207989,-51.54063619260108,2189,0.011918484099153562,0.9821263633683797,101770
bayesfl_observability_v1,ola_sparse_bayesian_keep010_seed42,125,ola,global,,,all,db,63,-50.63828630207989,-48.8335865210375,-49.7359364115587,777,0.00423054460714584,0.9897612262945858,101770
bayesfl_observability_v1,ola_sparse_bayesian_keep010_seed42,125,ola,global,,,all,db,64,-48.8335865210375,-47.028886739995116,-47.93123663051631,258,0.001404736819361167,0.9922963545249092,101770
bayesfl_observability_v1,ola_sparse_bayesian_keep010_seed42,125,ola,global,,,all,db,65,-47.028886739995116,-45.22418695895274,-46.12653684947393,150,0.000816707453116964,0.9937702662867249,101770
bayesfl_observability_v1,ola_sparse_bayesian_keep010_seed42,125,ola,global,,,all,db,66,-45.22418695895274,-43.419487177910355,-44.32183706843155,110,0.0005989187989524355,0.9948511349120566,101770
bayesfl_observability_v1,ola_sparse_bayesian_keep010_seed42,125,ola,global,,,all,db,67,-43.419487177910355,-41.61478739686797,-42.51713728738916,97,0.0005281374863489659,0.9958042645180308,101770
bayesfl_observability_v1,ola_sparse_bayesian_keep010_seed42,125,ola,global,,,all,db,68,-41.61478739686797,-39.810087615825594,-40.71243750634678,107,0.000582584649890101,0.9968556549081262,101770
bayesfl_observability_v1,ola_sparse_bayesian_keep010_seed42,125,ola,global,,,all,db,69,-39.810087615825594,-38.00538783478321,-38.9077377253044,82,0.00044646674103727014,0.9976613933379188,101770
bayesfl_observability_v1,ola_sparse_bayesian_keep010_seed42,125,ola,global,,,all,db,70,-38.00538783478321,-36.20068805374083,-37.10303794426202,58,0.00031579354853855944,0.998231305885821,101770
bayesfl_observability_v1,ola_sparse_bayesian_keep010_seed42,125,ola,global,,,all,db,71,-36.20068805374083,-34.395988272698446,-35.29833816321964,73,0.00039746429385025266,0.9989486096099047,101770
bayesfl_observability_v1,ola_sparse_bayesian_keep010_seed42,125,ola,global,,,all,db,72,-34.395988272698446,-32.59128849165606,-33.49363838217725,29,0.00015789677426927847,0.9992335658838557,101770
bayesfl_observability_v1,ola_sparse_bayesian_keep010_seed42,125,ola,global,,,all,db,73,-32.59128849165606,-30.78658871061367,-31.688938601134865,30,0.0001633414906233915,0.9995283482362189,101770
bayesfl_observability_v1,ola_sparse_bayesian_keep010_seed42,125,ola,global,,,all,db,74,-30.78658871061367,-28.981888929571284,-29.884238820092477,16,8.711546166580881e-05,0.9996855654908127,101770
bayesfl_observability_v1,ola_sparse_bayesian_keep010_seed42,125,ola,global,,,all,db,75,-28.981888929571284,-27.177189148528896,-28.07953903905009,16,8.711546166580881e-05,0.9998427827454063,101770
bayesfl_observability_v1,ola_sparse_bayesian_keep010_seed42,125,ola,global,,,all,db,76,-27.177189148528896,-25.372489367486537,-26.274839258007717,5,2.722358177056568e-05,0.9998919131374668,101770
bayesfl_observability_v1,ola_sparse_bayesian_keep010_seed42,125,ola,global,,,all,db,77,-25.372489367486537,-23.56778958644415,-24.470139476965343,6,3.2668298124678305e-05,0.9999508696079394,101770
bayesfl_observability_v1,ola_sparse_bayesian_keep010_seed42,125,ola,global,,,all,db,78,-23.56778958644415,-21.763089805401762,-22.665439695922956,3,1.6334149062339152e-05,0.9999803478431758,101770
bayesfl_observability_v1,ola_sparse_bayesian_keep010_seed42,125,ola,global,,,all,db,79,-21.763089805401762,-19.958390024359364,-20.86073991488056,2,1.0889432708226037e-05,1.0,101770
bayesfl_observability_v1,ola_sparse_bayesian_keep010_seed42,125,ola,global,,,layers.0.weight,raw,0,6.070295547446101e-09,6.819250081202485e-05,3.409928555378615e-05,4681,684.0922219697659,0.04664580676020408,100352
bayesfl_observability_v1,ola_sparse_bayesian_keep010_seed42,125,ola,global,,,layers.0.weight,raw,1,6.819250081202485e-05,0.00013637893132850226,0.00010228571607026355,4742,693.0069037771053,0.09389947385204081,100352
bayesfl_observability_v1,ola_sparse_bayesian_keep010_seed42,125,ola,global,,,layers.0.weight,raw,2,0.00013637893132850226,0.00020456536184497966,0.00017047214658674097,4648,679.2695252543201,0.1402164381377551,100352
bayesfl_observability_v1,ola_sparse_bayesian_keep010_seed42,125,ola,global,,,layers.0.weight,raw,3,0.00020456536184497966,0.0002727517923614571,0.0002386585771032184,4758,695.3451809724726,0.18762954400510204,100352
bayesfl_observability_v1,ola_sparse_bayesian_keep010_seed42,125,ola,global,,,layers.0.weight,raw,4,0.0002727517923614571,0.0003409382228779345,0.0003068450076196958,4738,692.4223344782632,0.23484335140306123,100352
bayesfl_observability_v1,ola_sparse_bayesian_keep010_seed42,125,ola,global,,,layers.0.weight,raw,5,0.0003409382228779345,0.0004091246533944119,0.00037503143813617324,4795,700.7524469867612,0.28262515943877553,100352
bayesfl_observability_v1,ola_sparse_bayesian_keep010_seed42,125,ola,global,,,layers.0.weight,raw,6,0.0004091246533944119,0.0004773110839108893,0.0004432178686526506,4815,703.6752934809703,0.33060626594387754,100352
bayesfl_observability_v1,ola_sparse_bayesian_keep010_seed42,125,ola,global,,,layers.0.weight,raw,7,0.0004773110839108893,0.0005454975144273667,0.0005114042991691281,4691,685.5536452168706,0.37735172193877553,100352
bayesfl_observability_v1,ola_sparse_bayesian_keep010_seed42,125,ola,global,,,layers.0.weight,raw,8,0.0005454975144273667,0.0006136839449438442,0.0005795907296856054,4733,691.6916228547108,0.42451570471938777,100352
bayesfl_observability_v1,ola_sparse_bayesian_keep010_seed42,125,ola,global,,,layers.0.weight,raw,9,0.0006136839449438442,0.0006818703754603216,0.0006477771602020829,4606,673.1315476164796,0.47041414221938777,100352
bayesfl_observability_v1,ola_sparse_bayesian_keep010_seed42,125,ola,global,,,layers.0.weight,raw,10,0.0006818703754603216,0.000750056805976799,0.0007159635907185602,4560,666.4090006797974,0.5158541932397959,100352
bayesfl_observability_v1,ola_sparse_bayesian_keep010_seed42,125,ola,global,,,layers.0.weight,raw,11,0.000750056805976799,0.0008182432364932763,0.0007841500212350377,4636,677.5158173577952,0.5620515784438775,100352
bayesfl_observability_v1,ola_sparse_bayesian_keep010_seed42,125,ola,global,,,layers.0.weight,raw,12,0.0008182432364932763,0.0008864296670097537,0.0008523364517515151,4493,656.6174649241951,0.6068239795918368,100352
bayesfl_observability_v1,ola_sparse_bayesian_keep010_seed42,125,ola,global,,,layers.0.weight,raw,13,0.0008864296670097537,0.0009546160975262312,0.0009205228822679924,4726,690.6686265817374,0.6539182079081632,100352
bayesfl_observability_v1,ola_sparse_bayesian_keep010_seed42,125,ola,global,,,layers.0.weight,raw,14,0.0009546160975262312,0.0010228025280427087,0.00098870931278447,4478,654.4253300535369,0.6985411352040817,100352
bayesfl_observability_v1,ola_sparse_bayesian_keep010_seed42,125,ola,global,,,layers.0.weight,raw,15,0.0010228025280427087,0.001090988958559186,0.0010568957433009472,4215,615.9898986546822,0.7405432876275511,100352
bayesfl_observability_v1,ola_sparse_bayesian_keep010_seed42,125,ola,global,,,layers.0.weight,raw,16,0.001090988958559186,0.0011591753890756633,0.0011250821738174248,3340,488.11536453301034,0.7738261320153061,100352
bayesfl_observability_v1,ola_sparse_bayesian_keep010_seed42,125,ola,global,,,layers.0.weight,raw,17,0.0011591753890756633,0.0012273618195921408,0.001193268604333902,2670,390.20000697698606,0.8004324776785714,100352
bayesfl_observability_v1,ola_sparse_bayesian_keep010_seed42,125,ola,global,,,layers.0.weight,raw,18,0.0012273618195921408,0.0012955482501086182,0.0012614550348503794,2017,294.76906894104246,0.8205317283163265,100352
bayesfl_observability_v1,ola_sparse_bayesian_keep010_seed42,125,ola,global,,,layers.0.weight,raw,19,0.0012955482501086182,0.0013637346806250957,0.001329641465366857,1733,253.2646487232647,0.8378009406887755,100352
bayesfl_observability_v1,ola_sparse_bayesian_keep010_seed42,125,ola,global,,,layers.0.weight,raw,20,0.0013637346806250957,0.001431921111141573,0.0013978278958833345,1512,220.96719496224898,0.8528679049744898,100352
bayesfl_observability_v1,ola_sparse_bayesian_keep010_seed42,125,ola,global,,,layers.0.weight,raw,21,0.001431921111141573,0.0015001075416580505,0.0014660143263998118,1335,195.10000348849303,0.8661710778061225,100352
bayesfl_observability_v1,ola_sparse_bayesian_keep010_seed42,125,ola,global,,,layers.0.weight,raw,22,0.0015001075416580505,0.0015682939721745278,0.001534200756916289,1322,193.20015326725738,0.8793447066326531,100352
bayesfl_observability_v1,ola_sparse_bayesian_keep010_seed42,125,ola,global,,,layers.0.weight,raw,23,0.0015682939721745278,0.0016364804026910052,0.0016023871874327666,1148,167.77138876763348,0.8907844387755102,100352
bayesfl_observability_v1,ola_sparse_bayesian_keep010_seed42,125,ola,global,,,layers.0.weight,raw,24,0.0016364804026910052,0.0017046668332074827,0.001670573617949244,1107,161.7795534545032,0.9018156090561225,100352
bayesfl_observability_v1,ola_sparse_bayesian_keep010_seed42,125,ola,global,,,layers.0.weight,raw,25,0.0017046668332074827,0.00177285326372396,0.0017387600484657212,1015,148.33445958113936,0.9119300063775511,100352
bayesfl_observability_v1,ola_sparse_bayesian_keep010_seed42,125,ola,global,,,layers.0.weight,raw,26,0.00177285326372396,0.0018410396942404375,0.0018069464789821988,905,132.2588038629859,0.9209482621173469,100352
bayesfl_observability_v1,ola_sparse_bayesian_keep010_seed42,125,ola,global,,,layers.0.weight,raw,27,0.0018410396942404375,0.0019092261247569148,0.0018751329094986763,856,125.09782995217272,0.9294782366071429,100352
bayesfl_observability_v1,ola_sparse_bayesian_keep010_seed42,125,ola,global,,,layers.0.weight,raw,28,0.0019092261247569148,0.0019774125552733924,0.0019433193400151536,761,111.21430910467654,0.9370615433673469,100352
bayesfl_observability_v1,ola_sparse_bayesian_keep010_seed42,125,ola,global,,,layers.0.weight,raw,29,0.0019774125552733924,0.00204559898578987,0.002011505770531631,691,100.98434637494283,0.9439473054846939,100352
bayesfl_observability_v1,ola_sparse_bayesian_keep010_seed42,125,ola,global,,,layers.0.weight,raw,30,0.00204559898578987,0.002113785416306347,0.0020796922010481085,617,90.16981434636776,0.9500956632653061,100352
bayesfl_observability_v1,ola_sparse_bayesian_keep010_seed42,125,ola,global,,,layers.0.weight,raw,31,0.002113785416306347,0.0021819718468228245,0.002147878631564586,597,87.24696785215755,0.9560447225765306,100352
bayesfl_observability_v1,ola_sparse_bayesian_keep010_seed42,125,ola,global,,,layers.0.weight,raw,32,0.0021819718468228245,0.002250158277339302,0.002216065062081063,534,78.04000139539721,0.9613659917091837,100352
bayesfl_observability_v1,ola_sparse_bayesian_keep010_seed42,125,ola,global,,,layers.0.weight,raw,33,0.002250158277339302,0.002318344707855779,0.0022842514925975406,447,65.32561914558572,0.9658203125,100352
bayesfl_observability_v1,ola_sparse_bayesian_keep010_seed42,125,ola,global,,,layers.0.weight,raw,34,0.002318344707855779,0.0023865311383722567,0.002352437923114018,404,59.041499183034595,0.9698461415816326,100352
bayesfl_observability_v1,ola_sparse_bayesian_keep010_seed42,125,ola,global,,,layers.0.weight,raw,35,0.0023865311383722567,0.0024547175688887342,0.0024206243536304952,397,58.01850291006122,0.9738022161989796,100352
bayesfl_observability_v1,ola_sparse_bayesian_keep010_seed42,125,ola,global,,,layers.0.weight,raw,36,0.0024547175688887342,0.0025229039994052118,0.002488810784146973,352,51.44209829808955,0.9773098692602041,100352
bayesfl_observability_v1,ola_sparse_bayesian_keep010_seed42,125,ola,global,,,layers.0.weight,raw,37,0.0025229039994052118,0.002591090429921689,0.0025569972146634503,318,46.473259257933464,0.9804787149234694,100352
bayesfl_observability_v1,ola_sparse_bayesian_keep010_seed42,125,ola,global,,,layers.0.weight,raw,38,0.002591090429921689,0.0026592768604381664,0.0026251836451799274,261,38.143146749435715,0.9830795599489796,100352
bayesfl_observability_v1,ola_sparse_bayesian_keep010_seed42,125,ola,global,,,layers.0.weight,raw,39,0.0026592768604381664,0.002727463290954644,0.0026933700756964054,211,30.83603051391163,0.9851821588010204,100352
bayesfl_observability_v1,ola_sparse_bayesian_keep010_seed42,125,ola,global,,,layers.0.weight,raw,40,0.002727463290954644,0.002795649721471121,0.0027615565062128825,220,32.15131143630617,0.9873744419642857,100352
bayesfl_observability_v1,ola_sparse_bayesian_keep010_seed42,125,ola,global,,,layers.0.weight,raw,41,0.002795649721471121,0.0028638361519875985,0.0028297429367293596,183,26.744045422018143,0.9891980229591837,100352
bayesfl_observability_v1,ola_sparse_bayesian_keep010_seed42,125,ola,global,,,layers.0.weight,raw,42,0.0028638361519875985,0.002932022582504076,0.0028979293672458375,156,22.79820265483514,0.9907525510204082,100352
bayesfl_observability_v1,ola_sparse_bayesian_keep010_seed42,125,ola,global,,,layers.0.weight,raw,43,0.002932022582504076,0.0030002090130205536,0.0029661157977623146,116,16.952509666415875,0.9919084821428571,100352
bayesfl_observability_v1,ola_sparse_bayesian_keep010_seed42,125,ola,global,,,layers.0.weight,raw,44,0.0030002090130205536,0.0030683954435370307,0.003034302228278792,101,14.760374795758741,0.9929149394132653,100352
bayesfl_observability_v1,ola_sparse_bayesian_keep010_seed42,125,ola,global,,,layers.0.weight,raw,45,0.0030683954435370307,0.0031365818740535082,0.0031024886587952697,93,13.591236198074794,0.9938416772959183,100352
bayesfl_observability_v1,ola_sparse_bayesian_keep010_seed42,125,ola,global,,,layers.0.weight,raw,46,0.0031365818740535082,0.0032047683045699858,0.0031706750893117468,87,12.714382249811905,0.9947086256377551,100352
bayesfl_observability_v1,ola_sparse_bayesian_keep010_seed42,125,ola,global,,,layers.0.weight,raw,47,0.0032047683045699858,0.003272954735086463,0.0032388615198282243,80,11.691385976838607,0.9955058195153061,100352
bayesfl_observability_v1,ola_sparse_bayesian_keep010_seed42,125,ola,global,,,layers.0.weight,raw,48,0.003272954735086463,0.0033411411656029404,0.003307047950344702,61,8.914681807339381,0.9961136798469388,100352
bayesfl_observability_v1,ola_sparse_bayesian_keep010_seed42,125,ola,global,,,layers.0.weight,raw,49,0.0033411411656029404,0.003409327596119418,0.003375234380861179,49,7.160973910813602,0.9966019610969388,100352
bayesfl_observability_v1,ola_sparse_bayesian_keep010_seed42,125,ola,global,,,layers.0.weight,raw,50,0.003409327596119418,0.0034775140266358954,0.003443420811377657,57,8.330112508497455,0.9971699617346939,100352
bayesfl_observability_v1,ola_sparse_bayesian_keep010_seed42,125,ola,global,,,layers.0.weight,raw,51,0.0034775140266358954,0.0035457004571523725,0.003511607241894134,47,6.8686892613926815,0.9976383131377551,100352
bayesfl_observability_v1,ola_sparse_bayesian_keep010_seed42,125,ola,global,,,layers.0.weight,raw,52,0.0035457004571523725,0.00361388688766885,0.003579793672410611,34,4.968839040156377,0.9979771205357143,100352
bayesfl_observability_v1,ola_sparse_bayesian_keep010_seed42,125,ola,global,,,layers.0.weight,raw,53,0.00361388688766885,0.0036820733181853276,0.003647980102927089,36,5.26112368957734,0.9983358577806123,100352
bayesfl_observability_v1,ola_sparse_bayesian_keep010_seed42,125,ola,global,,,layers.0.weight,raw,54,0.0036820733181853276,0.003750259748701805,0.003716166533443566,28,4.091985091893487,0.9986148756377551,100352
bayesfl_observability_v1,ola_sparse_bayesian_keep010_seed42,125,ola,global,,,layers.0.weight,raw,55,0.003750259748701805,0.0038184461792182822,0.0037843529639600437,17,2.484419520078204,0.9987842793367347,100352
bayesfl_observability_v1,ola_sparse_bayesian_keep010_seed42,125,ola,global,,,layers.0.weight,raw,56,0.0038184461792182822,0.0038866326097347598,0.003852539394476521,20,2.922846494209633,0.9989835778061225,100352
bayesfl_observability_v1,ola_sparse_bayesian_keep010_seed42,125,ola,global,,,layers.0.weight,raw,57,0.0038866326097347598,0.003954819040251237,0.003920725824992998,21,3.068988818920115,0.9991928411989796,100352
bayesfl_observability_v1,ola_sparse_bayesian_keep010_seed42,125,ola,global,,,layers.0.weight,raw,58,0.003954819040251237,0.004023005470767714,0.003988912255509475,9,1.3152809223943434,0.9992825255102041,100352
bayesfl_observability_v1,ola_sparse_bayesian_keep010_seed42,125,ola,global,,,layers.0.weight,raw,59,0.004023005470767714,0.004091191901284192,0.004057098686025953,10,1.4614232471048074,0.999382174744898,100352
bayesfl_observability_v1,ola_sparse_bayesian_keep010_seed42,125,ola,global,,,layers.0.weight,raw,60,0.004091191901284192,0.0041593783318006694,0.004125285116542431,10,1.4614232471048259,0.9994818239795918,100352
bayesfl_observability_v1,ola_sparse_bayesian_keep010_seed42,125,ola,global,,,layers.0.weight,raw,61,0.0041593783318006694,0.0042275647623171465,0.0041934715470589076,6,0.8768539482628955,0.9995416135204082,100352
bayesfl_observability_v1,ola_sparse_bayesian_keep010_seed42,125,ola,global,,,layers.0.weight,raw,62,0.0042275647623171465,0.0042957511928336245,0.0042616579775753855,3,0.4384269741314422,0.9995715082908163,100352
bayesfl_observability_v1,ola_sparse_bayesian_keep010_seed42,125,ola,global,,,layers.0.weight,raw,63,0.0042957511928336245,0.004363937623350102,0.0043298444080918635,8,1.1691385976838606,0.9996512276785714,100352
bayesfl_observability_v1,ola_sparse_bayesian_keep010_seed42,125,ola,global,,,layers.0.weight,raw,64,0.004363937623350102,0.004432124053866579,0.00439803083860834,10,1.4614232471048259,0.9997508769132653,100352
bayesfl_observability_v1,ola_sparse_bayesian_keep010_seed42,125,ola,global,,,layers.0.weight,raw,65,0.004432124053866579,0.004500310484383057,0.004466217269124818,5,0.7307116235524037,0.9998007015306123,100352
bayesfl_observability_v1,ola_sparse_bayesian_keep010_seed42,125,ola,global,,,layers.0.weight,raw,66,0.004500310484383057,0.004568496914899534,0.004534403699641296,6,0.8768539482628955,0.9998604910714286,100352
bayesfl_observability_v1,ola_sparse_bayesian_keep010_seed42,125,ola,global,,,layers.0.weight,raw,67,0.004568496914899534,0.004636683345416011,0.004602590130157772,4,0.5845692988419303,0.9999003507653061,100352
bayesfl_observability_v1,ola_sparse_bayesian_keep010_seed42,125,ola,global,,,layers.0.weight,raw,68,0.004636683345416011,0.004704869775932489,0.00467077656067425,2,0.29228464942096144,0.9999202806122449,100352
bayesfl_observability_v1,ola_sparse_bayesian_keep010_seed42,125,ola,global,,,layers.0.weight,raw,69,0.004704869775932489,0.004773056206448966,0.004738962991190728,0,0.0,0.9999202806122449,100352
bayesfl_observability_v1,ola_sparse_bayesian_keep010_seed42,125,ola,global,,,layers.0.weight,raw,70,0.004773056206448966,0.004841242636965444,0.004807149421707205,1,0.14614232471048072,0.9999302455357143,100352
bayesfl_observability_v1,ola_sparse_bayesian_keep010_seed42,125,ola,global,,,layers.0.weight,raw,71,0.004841242636965444,0.004909429067481921,0.004875335852223682,0,0.0,0.9999302455357143,100352
bayesfl_observability_v1,ola_sparse_bayesian_keep010_seed42,125,ola,global,,,layers.0.weight,raw,72,0.004909429067481921,0.004977615497998398,0.00494352228274016,0,0.0,0.9999302455357143,100352
bayesfl_observability_v1,ola_sparse_bayesian_keep010_seed42,125,ola,global,,,layers.0.weight,raw,73,0.004977615497998398,0.005045801928514876,0.005011708713256637,1,0.14614232471048072,0.9999402104591837,100352
bayesfl_observability_v1,ola_sparse_bayesian_keep010_seed42,125,ola,global,,,layers.0.weight,raw,74,0.005045801928514876,0.005113988359031353,0.005079895143773114,2,0.29228464942096516,0.9999601403061225,100352
bayesfl_observability_v1,ola_sparse_bayesian_keep010_seed42,125,ola,global,,,layers.0.weight,raw,75,0.005113988359031353,0.00518217478954783,0.005148081574289592,1,0.14614232471048258,0.9999701052295918,100352
bayesfl_observability_v1,ola_sparse_bayesian_keep010_seed42,125,ola,global,,,layers.0.weight,raw,76,0.00518217478954783,0.005250361220064308,0.005216268004806069,0,0.0,0.9999701052295918,100352
bayesfl_observability_v1,ola_sparse_bayesian_keep010_seed42,125,ola,global,,,layers.0.weight,raw,77,0.005250361220064308,0.005318547650580785,0.005284454435322546,0,0.0,0.9999701052295918,100352
bayesfl_observability_v1,ola_sparse_bayesian_keep010_seed42,125,ola,global,,,layers.0.weight,raw,78,0.005318547650580785,0.005386734081097262,0.005352640865839024,0,0.0,0.9999701052295918,100352
bayesfl_observability_v1,ola_sparse_bayesian_keep010_seed42,125,ola,global,,,layers.0.weight,raw,79,0.005386734081097262,0.00545492051161374,0.005420827296355501,3,0.4384269741314422,1.0,100352
bayesfl_observability_v1,ola_sparse_bayesian_keep010_seed42,125,ola,global,,,layers.0.weight,db,0,-164.33437250775,-162.84599574476115,-163.59018412625556,1,6.695161949032934e-06,9.964923469387754e-06,100352
bayesfl_observability_v1,ola_sparse_bayesian_keep010_seed42,125,ola,global,,,layers.0.weight,db,1,-162.84599574476115,-161.35761898177233,-162.10180736326674,0,0.0,9.964923469387754e-06,100352
bayesfl_observability_v1,ola_sparse_bayesian_keep010_seed42,125,ola,global,,,layers.0.weight,db,2,-161.35761898177233,-159.86924221878348,-160.61343060027792,0,0.0,9.964923469387754e-06,100352
bayesfl_observability_v1,ola_sparse_bayesian_keep010_seed42,125,ola,global,,,layers.0.weight,db,3,-159.86924221878348,-158.38086545579466,-159.12505383728907,0,0.0,9.964923469387754e-06,100352
bayesfl_observability_v1,ola_sparse_bayesian_keep010_seed42,125,ola,global,,,layers.0.weight,db,4,-158.38086545579466,-156.8924886928058,-157.63667707430022,0,0.0,9.964923469387754e-06,100352
bayesfl_observability_v1,ola_sparse_bayesian_keep010_seed42,125,ola,global,,,layers.0.weight,db,5,-156.8924886928058,-155.40411192981696,-156.1483003113114,1,6.695161949032934e-06,1.992984693877551e-05,100352
bayesfl_observability_v1,ola_sparse_bayesian_keep010_seed42,125,ola,global,,,layers.0.weight,db,6,-155.40411192981696,-153.91573516682814,-154.65992354832255,2,1.3390323898066124e-05,3.985969387755102e-05,100352
bayesfl_observability_v1,ola_sparse_bayesian_keep010_seed42,125,ola,global,,,layers.0.weight,db,7,-153.91573516682814,-152.4273584038393,-153.1715467853337,0,0.0,3.985969387755102e-05,100352
bayesfl_observability_v1,ola_sparse_bayesian_keep010_seed42,125,ola,global,,,layers.0.weight,db,8,-152.4273584038393,-150.93898164085044,-151.68317002234488,0,0.0,3.985969387755102e-05,100352
bayesfl_observability_v1,ola_sparse_bayesian_keep010_seed42,125,ola,global,,,layers.0.weight,db,9,-150.93898164085044,-149.45060487786162,-150.19479325935603,1,6.695161949033062e-06,4.982461734693878e-05,100352
bayesfl_observability_v1,ola_sparse_bayesian_keep010_seed42,125,ola,global,,,layers.0.weight,db,10,-149.45060487786162,-147.96222811487277,-148.70641649636718,1,6.695161949032934e-06,5.978954081632653e-05,100352
bayesfl_observability_v1,ola_sparse_bayesian_keep010_seed42,125,ola,global,,,layers.0.weight,db,11,-147.96222811487277,-146.47385135188395,-147.21803973337836,0,0.0,5.978954081632653e-05,100352
bayesfl_observability_v1,ola_sparse_bayesian_keep010_seed42,125,ola,global,,,layers.0.weight,db,12,-146.47385135188395,-144.9854745888951,-145.72966297038954,2,1.3390323898065868e-05,7.971938775510203e-05,100352
bayesfl_observability_v1,ola_sparse_bayesian_keep010_seed42,125,ola,global,,,layers.0.weight,db,13,-144.9854745888951,-143.49709782590628,-144.2412862074007,0,0.0,7.971938775510203e-05,100352
bayesfl_observability_v1,ola_sparse_bayesian_keep010_seed42,125,ola,global,,,layers.0.weight,db,14,-143.49709782590628,-142.00872106291743,-142.75290944441184,1,6.695161949032934e-06,8.96843112244898e-05,100352
bayesfl_observability_v1,ola_sparse_bayesian_keep010_seed42,125,ola,global,,,layers.0.weight,db,15,-142.00872106291743,-140.52034429992858,-141.26453268142302,0,0.0,8.96843112244898e-05,100352
bayesfl_observability_v1,ola_sparse_bayesian_keep010_seed42,125,ola,global,,,layers.0.weight,db,16,-140.52034429992858,-139.03196753693976,-139.77615591843417,1,6.695161949033062e-06,9.964923469387755e-05,100352
bayesfl_observability_v1,ola_sparse_bayesian_keep010_seed42,125,ola,global,,,layers.0.weight,db,17,-139.03196753693976,-137.5435907739509,-138.28777915544532,1,6.695161949032934e-06,0.0001096141581632653,100352
bayesfl_observability_v1,ola_sparse_bayesian_keep010_seed42,125,ola,global,,,layers.0.weight,db,18,-137.5435907739509,-136.05521401096206,-136.7994023924565,2,1.3390323898065868e-05,0.00012954400510204082,100352
bayesfl_observability_v1,ola_sparse_bayesian_keep010_seed42,125,ola,global,,,layers.0.weight,db,19,-136.05521401096206,-134.56683724797324,-135.31102562946765,5,3.347580974516531e-05,0.0001793686224489796,100352
bayesfl_observability_v1,ola_sparse_bayesian_keep010_seed42,125,ola,global,,,layers.0.weight,db,20,-134.56683724797324,-133.0784604849844,-133.8226488664788,0,0.0,0.0001793686224489796,100352
bayesfl_observability_v1,ola_sparse_bayesian_keep010_seed42,125,ola,global,,,layers.0.weight,db,21,-133.0784604849844,-131.59008372199554,-132.33427210348998,8,5.356129559226347e-05,0.00025908801020408165,100352
bayesfl_observability_v1,ola_sparse_bayesian_keep010_seed42,125,ola,global,,,layers.0.weight,db,22,-131.59008372199554,-130.10170695900672,-130.84589534050113,5,3.347580974516531e-05,0.0003089126275510204,100352
bayesfl_observability_v1,ola_sparse_bayesian_keep010_seed42,125,ola,global,,,layers.0.weight,db,23,-130.10170695900672,-128.6133301960179,-129.3575185775123,1,6.695161949033062e-06,0.00031887755102040814,100352
bayesfl_observability_v1,ola_sparse_bayesian_keep010_seed42,125,ola,global,,,layers.0.weight,db,24,-128.6133301960179,-127.12495343302905,-127.86914181452347,4,2.6780647796131737e-05,0.0003587372448979592,100352
bayesfl_observability_v1,ola_sparse_bayesian_keep010_seed42,125,ola,global,,,layers.0.weight,db,25,-127.12495343302905,-125.6365766700402,-126.38076505153462,7,4.686613364323054e-05,0.00042849170918367346,100352
bayesfl_observability_v1,ola_sparse_bayesian_keep010_seed42,125,ola,global,,,layers.0.weight,db,26,-125.6365766700402,-124.14819990705136,-124.89238828854579,10,6.695161949032998e-05,0.0005281409438775511,100352
bayesfl_observability_v1,ola_sparse_bayesian_keep010_seed42,125,ola,global,,,layers.0.weight,db,27,-124.14819990705136,-122.65982314406253,-123.40401152555694,10,6.695161949032998e-05,0.0006277901785714286,100352
bayesfl_observability_v1,ola_sparse_bayesian_keep010_seed42,125,ola,global,,,layers.0.weight,db,28,-122.65982314406253,-121.17144638107368,-121.9156347625681,11,7.364678143936227e-05,0.0007374043367346938,100352
bayesfl_observability_v1,ola_sparse_bayesian_keep010_seed42,125,ola,global,,,layers.0.weight,db,29,-121.17144638107368,-119.68306961808486,-120.42725799957927,3,2.0085485847099184e-05,0.0007672991071428571,100352
bayesfl_observability_v1,ola_sparse_bayesian_keep010_seed42,125,ola,global,,,layers.0.weight,db,30,-119.68306961808486,-118.19469285509601,-118.93888123659043,14,9.373226728646107e-05,0.0009068080357142857,100352
bayesfl_observability_v1,ola_sparse_bayesian_keep010_seed42,125,ola,global,,,layers.0.weight,db,31,-118.19469285509601,-116.70631609210717,-117.4505044736016,17,0.00011381775313356097,0.0010762117346938774,100352
bayesfl_observability_v1,ola_sparse_bayesian_keep010_seed42,125,ola,global,,,layers.0.weight,db,32,-116.70631609210717,-115.21793932911834,-115.96212771061275,14,9.373226728646197e-05,0.0012157206632653062,100352
bayesfl_observability_v1,ola_sparse_bayesian_keep010_seed42,125,ola,global,,,layers.0.weight,db,33,-115.21793932911834,-113.72956256612949,-114.47375094762391,22,0.00014729356287872453,0.0014349489795918368,100352
bayesfl_observability_v1,ola_sparse_bayesian_keep010_seed42,125,ola,global,,,layers.0.weight,db,34,-113.72956256612949,-112.24118580314067,-112.98537418463508,33,0.00022094034431809103,0.0017637914540816326,100352
bayesfl_observability_v1,ola_sparse_bayesian_keep010_seed42,125,ola,global,,,layers.0.weight,db,35,-112.24118580314067,-110.75280904015182,-111.49699742164624,31,0.00020755002042002096,0.002072704081632653,100352
bayesfl_observability_v1,ola_sparse_bayesian_keep010_seed42,125,ola,global,,,layers.0.weight,db,36,-110.75280904015182,-109.26443227716298,-110.0086206586574,46,0.0003079774496555179,0.00253109056122449,100352
bayesfl_observability_v1,ola_sparse_bayesian_keep010_seed42,125,ola,global,,,layers.0.weight,db,37,-109.26443227716298,-107.77605551417415,-108.52024389566856,56,0.0003749290691458479,0.0030891262755102043,100352
bayesfl_observability_v1,ola_sparse_bayesian_keep010_seed42,125,ola,global,,,layers.0.weight,db,38,-107.77605551417415,-106.2876787511853,-107.03186713267972,53,0.0003548435832987455,0.003617267219387755,100352
bayesfl_observability_v1,ola_sparse_bayesian_keep010_seed42,125,ola,global,,,layers.0.weight,db,39,-106.2876787511853,-104.79930198819646,-105.54349036969089,66,0.00044188068863617783,0.004274952168367347,100352
bayesfl_observability_v1,ola_sparse_bayesian_keep010_seed42,125,ola,global,,,layers.0.weight,db,40,-104.79930198819646,-103.31092522520763,-104.05511360670204,87,0.0005824790895658708,0.005141900510204082,100352
bayesfl_observability_v1,ola_sparse_bayesian_keep010_seed42,125,ola,global,,,layers.0.weight,db,41,-103.31092522520763,-101.82254846221879,-102.56673684371322,87,0.0005824790895658708,0.006008848852040816,100352
bayesfl_observability_v1,ola_sparse_bayesian_keep010_seed42,125,ola,global,,,layers.0.weight,db,42,-101.82254846221879,-100.33417169922996,-101.07836008072437,113,0.0007565533002407287,0.007134885204081632,100352
bayesfl_observability_v1,ola_sparse_bayesian_keep010_seed42,125,ola,global,,,layers.0.weight,db,43,-100.33417169922996,-98.8457949362411,-99.58998331773553,110,0.0007364678143936227,0.008231026785714286,100352
bayesfl_observability_v1,ola_sparse_bayesian_keep010_seed42,125,ola,global,,,layers.0.weight,db,44,-98.8457949362411,-97.35741817325227,-98.1016065547467,145,0.0009707984826097846,0.00967594068877551,100352
bayesfl_observability_v1,ola_sparse_bayesian_keep010_seed42,125,ola,global,,,layers.0.weight,db,45,-97.35741817325227,-95.86904141026343,-96.61322979175785,193,0.0012921662561633685,0.011599170918367346,100352
bayesfl_observability_v1,ola_sparse_bayesian_keep010_seed42,125,ola,global,,,layers.0.weight,db,46,-95.86904141026343,-94.3806646472746,-95.12485302876902,204,0.0013658130376027315,0.01363201530612245,100352
bayesfl_observability_v1,ola_sparse_bayesian_keep010_seed42,125,ola,global,,,layers.0.weight,db,47,-94.3806646472746,-92.89228788428576,-93.63647626578017,259,0.0017340469447995465,0.01621293048469388,100352
bayesfl_observability_v1,ola_sparse_bayesian_keep010_seed42,125,ola,global,,,layers.0.weight,db,48,-92.89228788428576,-91.40391112129691,-92.14809950279134,305,0.002042024394455045,0.019252232142857144,100352
bayesfl_observability_v1,ola_sparse_bayesian_keep010_seed42,125,ola,global,,,layers.0.weight,db,49,-91.40391112129691,-89.91553435830808,-90.6597227398025,315,0.002108976013945394,0.022391183035714284,100352
bayesfl_observability_v1,ola_sparse_bayesian_keep010_seed42,125,ola,global,,,layers.0.weight,db,50,-89.91553435830808,-88.42715759531924,-89.17134597681365,386,0.002584332512326737,0.02623764349489796,100352
bayesfl_observability_v1,ola_sparse_bayesian_keep010_seed42,125,ola,global,,,layers.0.weight,db,51,-88.42715759531924,-86.93878083233041,-87.68296921382483,471,0.003153421277994542,0.03093112244897959,100352
bayesfl_observability_v1,ola_sparse_bayesian_keep010_seed42,125,ola,global,,,layers.0.weight,db,52,-86.93878083233041,-85.45040406934156,-86.19459245083598,566,0.0037894616631526405,0.03657126913265306,100352
bayesfl_observability_v1,ola_sparse_bayesian_keep010_seed42,125,ola,global,,,layers.0.weight,db,53,-85.45040406934156,-83.96202730635272,-84.70621568784713,653,0.004371940752718548,0.04307836415816327,100352
bayesfl_observability_v1,ola_sparse_bayesian_keep010_seed42,125,ola,global,,,layers.0.weight,db,54,-83.96202730635272,-82.47365054336389,-83.21783892485831,828,0.005543594093799322,0.05132932079081633,100352
bayesfl_observability_v1,ola_sparse_bayesian_keep010_seed42,125,ola,global,,,layers.0.weight,db,55,-82.47365054336389,-80.98527378037505,-81.72946216186946,988,0.0066148200056446015,0.06117466517857143,100352
bayesfl_observability_v1,ola_sparse_bayesian_keep010_seed42,125,ola,global,,,layers.0.weight,db,56,-80.98527378037505,-79.49689701738622,-80.24108539888064,1161,0.00777308302282731,0.07274394132653061,100352
bayesfl_observability_v1,ola_sparse_bayesian_keep010_seed42,125,ola,global,,,layers.0.weight,db,57,-79.49689701738622,-78.00852025439737,-78.75270863589179,1407,0.009420092862289339,0.08676458864795919,100352
bayesfl_observability_v1,ola_sparse_bayesian_keep010_seed42,125,ola,global,,,layers.0.weight,db,58,-78.00852025439737,-76.52014349140853,-77.26433187290294,1591,0.0106520026609115,0.1026187818877551,100352
bayesfl_observability_v1,ola_sparse_bayesian_keep010_seed42,125,ola,global,,,layers.0.weight,db,59,-76.52014349140853,-75.0317667284197,-75.77595510991412,1928,0.01290827223773562,0.12183115433673469,100352
bayesfl_observability_v1,ola_sparse_bayesian_keep010_seed42,125,ola,global,,,layers.0.weight,db,60,-75.0317667284197,-73.54338996543086,-74.28757834692527,2256,0.015104285357018443,0.14431202168367346,100352
bayesfl_observability_v1,ola_sparse_bayesian_keep010_seed42,125,ola,global,,,layers.0.weight,db,61,-73.54338996543086,-72.05501320244201,-72.79920158393644,2747,0.018391609873993468,0.17168566645408162,100352
bayesfl_observability_v1,ola_sparse_bayesian_keep010_seed42,125,ola,global,,,layers.0.weight,db,62,-72.05501320244201,-70.56663643945318,-71.3108248209476,3233,0.021645458581223683,0.20390226403061223,100352
bayesfl_observability_v1,ola_sparse_bayesian_keep010_seed42,125,ola,global,,,layers.0.weight,db,63,-70.56663643945318,-69.07825967646434,-69.82244805795875,3823,0.025595604131153152,0.24199816645408162,100352
bayesfl_observability_v1,ola_sparse_bayesian_keep010_seed42,125,ola,global,,,layers.0.weight,db,64,-69.07825967646434,-67.5898829134755,-68.33407129496993,4655,0.031165978872748603,0.2883848852040816,100352
bayesfl_observability_v1,ola_sparse_bayesian_keep010_seed42,125,ola,global,,,layers.0.weight,db,65,-67.5898829134755,-66.10150615048667,-66.84569453198108,5486,0.03672965845239502,0.34305245535714285,100352
bayesfl_observability_v1,ola_sparse_bayesian_keep010_seed42,125,ola,global,,,layers.0.weight,db,66,-66.10150615048667,-64.61312938749782,-65.35731776899225,6381,0.04272182839677915,0.40663863201530615,100352
bayesfl_observability_v1,ola_sparse_bayesian_keep010_seed42,125,ola,global,,,layers.0.weight,db,67,-64.61312938749782,-63.124752624508986,-63.8689410060034,7487,0.05012667751241005,0.48124601403061223,100352
bayesfl_observability_v1,ola_sparse_bayesian_keep010_seed42,125,ola,global,,,layers.0.weight,db,68,-63.124752624508986,-61.63637586152015,-62.38056424301457,8839,0.059178536467502665,0.5693259725765306,100352
bayesfl_observability_v1,ola_sparse_bayesian_keep010_seed42,125,ola,global,,,layers.0.weight,db,69,-61.63637586152015,-60.147999098531315,-60.89218748002573,10422,0.0697769778328219,0.6731804049744898,100352
bayesfl_observability_v1,ola_sparse_bayesian_keep010_seed42,125,ola,global,,,layers.0.weight,db,70,-60.147999098531315,-58.659622335542466,-59.40381071703689,10400,0.06962968426994251,0.7768156090561225,100352
bayesfl_observability_v1,ola_sparse_bayesian_keep010_seed42,125,ola,global,,,layers.0.weight,db,71,-58.659622335542466,-57.17124557255363,-57.91543395404805,6616,0.04429519145480231,0.8427435427295918,100352
bayesfl_observability_v1,ola_sparse_bayesian_keep010_seed42,125,ola,global,,,layers.0.weight,db,72,-57.17124557255363,-55.682868809564795,-56.42705719105921,4946,0.033114270999917206,0.8920300542091837,100352
bayesfl_observability_v1,ola_sparse_bayesian_keep010_seed42,125,ola,global,,,layers.0.weight,db,73,-55.682868809564795,-54.19449204657596,-54.93868042807038,4239,0.028380791501950876,0.9342713647959183,100352
bayesfl_observability_v1,ola_sparse_bayesian_keep010_seed42,125,ola,global,,,layers.0.weight,db,74,-54.19449204657596,-52.706115283587124,-53.45030366508154,3154,0.021116540787250074,0.9657007334183674,100352
bayesfl_observability_v1,ola_sparse_bayesian_keep010_seed42,125,ola,global,,,layers.0.weight,db,75,-52.706115283587124,-51.217738520598274,-51.9619269020927,2038,0.01364474005212912,0.9860092474489796,100352
bayesfl_observability_v1,ola_sparse_bayesian_keep010_seed42,125,ola,global,,,layers.0.weight,db,76,-51.217738520598274,-49.72936175760944,-50.47355013910386,943,0.006313537717938117,0.9954061702806123,100352
bayesfl_observability_v1,ola_sparse_bayesian_keep010_seed42,125,ola,global,,,layers.0.weight,db,77,-49.72936175760944,-48.240984994620604,-48.98517337611502,354,0.0023700873299576813,0.9989337531887755,100352
bayesfl_observability_v1,ola_sparse_bayesian_keep010_seed42,125,ola,global,,,layers.0.weight,db,78,-48.240984994620604,-46.75260823163177,-47.496796613126186,94,0.0006293452232091018,0.999870455994898,100352
bayesfl_observability_v1,ola_sparse_bayesian_keep010_seed42,125,ola,global,,,layers.0.weight,db,79,-46.75260823163177,-45.264231468642926,-46.008419850137344,13,8.703710533742855e-05,1.0,100352
bayesfl_observability_v1,ola_sparse_bayesian_keep010_seed42,125,ola,global,,,layers.0.bias,raw,0,8.020214628369947e-06,6.41837156255168e-05,3.6101965126943376e-05,12,1669.2335473310784,0.09375,128
bayesfl_observability_v1,ola_sparse_bayesian_keep010_seed42,125,ola,global,,,layers.0.bias,raw,1,6.41837156255168e-05,0.00012034721662266366,9.226546612409024e-05,5,695.513978054616,0.1328125,128
bayesfl_observability_v1,ola_sparse_bayesian_keep010_seed42,125,ola,global,,,layers.0.bias,raw,2,0.00012034721662266366,0.00017651071761981053,0.00014842896712123708,4,556.4111824436926,0.1640625,128
bayesfl_observability_v1,ola_sparse_bayesian_keep010_seed42,125,ola,global,,,layers.0.bias,raw,3,0.00017651071761981053,0.00023267421861695737,0.00020459246811838395,4,556.411182443693,0.1953125,128
bayesfl_observability_v1,ola_sparse_bayesian_keep010_seed42,125,ola,global,,,layers.0.bias,raw,4,0.00023267421861695737,0.0002888377196141042,0.00026075596911553076,4,556.411182443693,0.2265625,128
bayesfl_observability_v1,ola_sparse_bayesian_keep010_seed42,125,ola,global,,,layers.0.bias,raw,5,0.0002888377196141042,0.0003450012206112511,0.00031691947011267766,1,139.1027956109231,0.234375,128
bayesfl_observability_v1,ola_sparse_bayesian_keep010_seed42,125,ola,global,,,layers.0.bias,raw,6,0.0003450012206112511,0.00040116472160839795,0.00037308297110982456,4,556.411182443693,0.265625,128
bayesfl_observability_v1,ola_sparse_bayesian_keep010_seed42,125,ola,global,,,layers.0.bias,raw,7,0.00040116472160839795,0.0004573282226055448,0.00042924647210697134,4,556.411182443693,0.296875,128
bayesfl_observability_v1,ola_sparse_bayesian_keep010_seed42,125,ola,global,,,layers.0.bias,raw,8,0.0004573282226055448,0.0005134917236026917,0.00048540997310411824,4,556.4111824436924,0.328125,128
bayesfl_observability_v1,ola_sparse_bayesian_keep010_seed42,125,ola,global,,,layers.0.bias,raw,9,0.0005134917236026917,0.0005696552245998385,0.000541573474101265,2,278.2055912218467,0.34375,128
bayesfl_observability_v1,ola_sparse_bayesian_keep010_seed42,125,ola,global,,,layers.0.bias,raw,10,0.0005696552245998385,0.0006258187255969854,0.0005977369750984119,1,139.1027956109231,0.3515625,128
bayesfl_observability_v1,ola_sparse_bayesian_keep010_seed42,125,ola,global,,,layers.0.bias,raw,11,0.0006258187255969854,0.0006819822265941323,0.0006539004760955588,5,695.5139780546154,0.390625,128
bayesfl_observability_v1,ola_sparse_bayesian_keep010_seed42,125,ola,global,,,layers.0.bias,raw,12,0.0006819822265941323,0.0007381457275912791,0.0007100639770927057,3,417.3083868327701,0.4140625,128
bayesfl_observability_v1,ola_sparse_bayesian_keep010_seed42,125,ola,global,,,layers.0.bias,raw,13,0.0007381457275912791,0.000794309228588426,0.0007662274780898525,3,417.30838683276926,0.4375,128
bayesfl_observability_v1,ola_sparse_bayesian_keep010_seed42,125,ola,global,,,layers.0.bias,raw,14,0.000794309228588426,0.0008504727295855727,0.0008223909790869993,3,417.3083868327701,0.4609375,128
bayesfl_observability_v1,ola_sparse_bayesian_keep010_seed42,125,ola,global,,,layers.0.bias,raw,15,0.0008504727295855727,0.0009066362305827196,0.0008785544800841462,5,695.5139780546154,0.5,128
bayesfl_observability_v1,ola_sparse_bayesian_keep010_seed42,125,ola,global,,,layers.0.bias,raw,16,0.0009066362305827196,0.0009627997315798665,0.0009347179810812931,4,556.4111824436924,0.53125,128
bayesfl_observability_v1,ola_sparse_bayesian_keep010_seed42,125,ola,global,,,layers.0.bias,raw,17,0.0009627997315798665,0.0010189632325770133,0.00099088148207844,4,556.4111824436934,0.5625,128
bayesfl_observability_v1,ola_sparse_bayesian_keep010_seed42,125,ola,global,,,layers.0.bias,raw,18,0.0010189632325770133,0.00107512673357416,0.0010470449830755867,4,556.4111824436945,0.59375,128
bayesfl_observability_v1,ola_sparse_bayesian_keep010_seed42,125,ola,global,,,layers.0.bias,raw,19,0.00107512673357416,0.001131290234571307,0.0011032084840727333,5,695.5139780546154,0.6328125,128
bayesfl_observability_v1,ola_sparse_bayesian_keep010_seed42,125,ola,global,,,layers.0.bias,raw,20,0.001131290234571307,0.0011874537355684538,0.0011593719850698805,2,278.2055912218462,0.6484375,128
bayesfl_observability_v1,ola_sparse_bayesian_keep010_seed42,125,ola,global,,,layers.0.bias,raw,21,0.0011874537355684538,0.0012436172365656007,0.0012155354860670271,3,417.30838683276926,0.671875,128
bayesfl_observability_v1,ola_sparse_bayesian_keep010_seed42,125,ola,global,,,layers.0.bias,raw,22,0.0012436172365656007,0.0012997807375627476,0.0012716989870641742,2,278.2055912218462,0.6875,128
bayesfl_observability_v1,ola_sparse_bayesian_keep010_seed42,125,ola,global,,,layers.0.bias,raw,23,0.0012997807375627476,0.0013559442385598945,0.001327862488061321,4,556.4111824436924,0.71875,128
bayesfl_observability_v1,ola_sparse_bayesian_keep010_seed42,125,ola,global,,,layers.0.bias,raw,24,0.0013559442385598945,0.0014121077395570412,0.0013840259890584678,1,139.10279561092364,0.7265625,128
bayesfl_observability_v1,ola_sparse_bayesian_keep010_seed42,125,ola,global,,,layers.0.bias,raw,25,0.0014121077395570412,0.001468271240554188,0.0014401894900556147,2,278.2055912218462,0.7421875,128
bayesfl_observability_v1,ola_sparse_bayesian_keep010_seed42,125,ola,global,,,layers.0.bias,raw,26,0.001468271240554188,0.001524434741551335,0.0014963529910527614,2,278.2055912218462,0.7578125,128
bayesfl_observability_v1,ola_sparse_bayesian_keep010_seed42,125,ola,global,,,layers.0.bias,raw,27,0.001524434741551335,0.0015805982425484818,0.0015525164920499085,4,556.4111824436924,0.7890625,128
bayesfl_observability_v1,ola_sparse_bayesian_keep010_seed42,125,ola,global,,,layers.0.bias,raw,28,0.0015805982425484818,0.0016367617435456287,0.0016086799930470552,0,0.0,0.7890625,128
bayesfl_observability_v1,ola_sparse_bayesian_keep010_seed42,125,ola,global,,,layers.0.bias,raw,29,0.0016367617435456287,0.0016929252445427754,0.001664843494044202,1,139.10279561092364,0.796875,128
bayesfl_observability_v1,ola_sparse_bayesian_keep010_seed42,125,ola,global,,,layers.0.bias,raw,30,0.0016929252445427754,0.0017490887455399223,0.001721006995041349,2,278.2055912218462,0.8125,128
bayesfl_observability_v1,ola_sparse_bayesian_keep010_seed42,125,ola,global,,,layers.0.bias,raw,31,0.0017490887455399223,0.0018052522465370692,0.0017771704960384957,5,695.5139780546154,0.8515625,128
bayesfl_observability_v1,ola_sparse_bayesian_keep010_seed42,125,ola,global,,,layers.0.bias,raw,32,0.0018052522465370692,0.0018614157475342161,0.0018333339970356428,2,278.2055912218462,0.8671875,128
bayesfl_observability_v1,ola_sparse_bayesian_keep010_seed42,125,ola,global,,,layers.0.bias,raw,33,0.0018614157475342161,0.001917579248531363,0.0018894974980327895,2,278.2055912218462,0.8828125,128
bayesfl_observability_v1,ola_sparse_bayesian_keep010_seed42,125,ola,global,,,layers.0.bias,raw,34,0.001917579248531363,0.0019737427495285097,0.0019456609990299363,3,417.3083868327709,0.90625,128
bayesfl_observability_v1,ola_sparse_bayesian_keep010_seed42,125,ola,global,,,layers.0.bias,raw,35,0.0019737427495285097,0.002029906250525657,0.0020018245000270832,1,139.10279561092256,0.9140625,128
bayesfl_observability_v1,ola_sparse_bayesian_keep010_seed42,125,ola,global,,,layers.0.bias,raw,36,0.002029906250525657,0.0020860697515228035,0.0020579880010242304,3,417.3083868327709,0.9375,128
bayesfl_observability_v1,ola_sparse_bayesian_keep010_seed42,125,ola,global,,,layers.0.bias,raw,37,0.0020860697515228035,0.00214223325251995,0.0021141515020213766,1,139.10279561092364,0.9453125,128
bayesfl_observability_v1,ola_sparse_bayesian_keep010_seed42,125,ola,global,,,layers.0.bias,raw,38,0.00214223325251995,0.0021983967535170973,0.0021703150030185237,1,139.10279561092256,0.953125,128
bayesfl_observability_v1,ola_sparse_bayesian_keep010_seed42,125,ola,global,,,layers.0.bias,raw,39,0.0021983967535170973,0.002254560254514244,0.002226478504015671,0,0.0,0.953125,128
bayesfl_observability_v1,ola_sparse_bayesian_keep010_seed42,125,ola,global,,,layers.0.bias,raw,40,0.002254560254514244,0.002310723755511391,0.0022826420050128175,1,139.10279561092256,0.9609375,128
bayesfl_observability_v1,ola_sparse_bayesian_keep010_seed42,125,ola,global,,,layers.0.bias,raw,41,0.002310723755511391,0.0023668872565085377,0.002338805506009964,0,0.0,0.9609375,128
bayesfl_observability_v1,ola_sparse_bayesian_keep010_seed42,125,ola,global,,,layers.0.bias,raw,42,0.0023668872565085377,0.0024230507575056844,0.0023949690070071113,0,0.0,0.9609375,128
bayesfl_observability_v1,ola_sparse_bayesian_keep010_seed42,125,ola,global,,,layers.0.bias,raw,43,0.0024230507575056844,0.0024792142585028315,0.002451132508004258,1,139.10279561092256,0.96875,128
bayesfl_observability_v1,ola_sparse_bayesian_keep010_seed42,125,ola,global,,,layers.0.bias,raw,44,0.0024792142585028315,0.002535377759499978,0.0025072960090014047,0,0.0,0.96875,128
bayesfl_observability_v1,ola_sparse_bayesian_keep010_seed42,125,ola,global,,,layers.0.bias,raw,45,0.002535377759499978,0.0025915412604971253,0.0025634595099985518,2,278.2055912218451,0.984375,128
bayesfl_observability_v1,ola_sparse_bayesian_keep010_seed42,125,ola,global,,,layers.0.bias,raw,46,0.0025915412604971253,0.002647704761494272,0.002619623010995699,0,0.0,0.984375,128
bayesfl_observability_v1,ola_sparse_bayesian_keep010_seed42,125,ola,global,,,layers.0.bias,raw,47,0.002647704761494272,0.002703868262491419,0.0026757865119928456,1,139.10279561092256,0.9921875,128
bayesfl_observability_v1,ola_sparse_bayesian_keep010_seed42,125,ola,global,,,layers.0.bias,raw,48,0.002703868262491419,0.002760031763488566,0.0027319500129899922,0,0.0,0.9921875,128
bayesfl_observability_v1,ola_sparse_bayesian_keep010_seed42,125,ola,global,,,layers.0.bias,raw,49,0.002760031763488566,0.0028161952644857125,0.0027881135139871394,0,0.0,0.9921875,128
bayesfl_observability_v1,ola_sparse_bayesian_keep010_seed42,125,ola,global,,,layers.0.bias,raw,50,0.0028161952644857125,0.0028723587654828596,0.002844277014984286,0,0.0,0.9921875,128
bayesfl_observability_v1,ola_sparse_bayesian_keep010_seed42,125,ola,global,,,layers.0.bias,raw,51,0.0028723587654828596,0.0029285222664800063,0.0029004405159814327,0,0.0,0.9921875,128
bayesfl_observability_v1,ola_sparse_bayesian_keep010_seed42,125,ola,global,,,layers.0.bias,raw,52,0.0029285222664800063,0.0029846857674771534,0.00295660401697858,0,0.0,0.9921875,128
bayesfl_observability_v1,ola_sparse_bayesian_keep010_seed42,125,ola,global,,,layers.0.bias,raw,53,0.0029846857674771534,0.0030408492684743,0.003012767517975727,0,0.0,0.9921875,128
bayesfl_observability_v1,ola_sparse_bayesian_keep010_seed42,125,ola,global,,,layers.0.bias,raw,54,0.0030408492684743,0.0030970127694714467,0.003068931018972873,0,0.0,0.9921875,128
bayesfl_observability_v1,ola_sparse_bayesian_keep010_seed42,125,ola,global,,,layers.0.bias,raw,55,0.0030970127694714467,0.003153176270468594,0.0031250945199700203,0,0.0,0.9921875,128
bayesfl_observability_v1,ola_sparse_bayesian_keep010_seed42,125,ola,global,,,layers.0.bias,raw,56,0.003153176270468594,0.0032093397714657405,0.0031812580209671674,0,0.0,0.9921875,128
bayesfl_observability_v1,ola_sparse_bayesian_keep010_seed42,125,ola,global,,,layers.0.bias,raw,57,0.0032093397714657405,0.0032655032724628877,0.003237421521964314,0,0.0,0.9921875,128
bayesfl_observability_v1,ola_sparse_bayesian_keep010_seed42,125,ola,global,,,layers.0.bias,raw,58,0.0032655032724628877,0.0033216667734600343,0.0032935850229614608,0,0.0,0.9921875,128
bayesfl_observability_v1,ola_sparse_bayesian_keep010_seed42,125,ola,global,,,layers.0.bias,raw,59,0.0033216667734600343,0.003377830274457181,0.003349748523958608,0,0.0,0.9921875,128
bayesfl_observability_v1,ola_sparse_bayesian_keep010_seed42,125,ola,global,,,layers.0.bias,raw,60,0.003377830274457181,0.003433993775454328,0.0034059120249557546,0,0.0,0.9921875,128
bayesfl_observability_v1,ola_sparse_bayesian_keep010_seed42,125,ola,global,,,layers.0.bias,raw,61,0.003433993775454328,0.003490157276451475,0.0034620755259529012,0,0.0,0.9921875,128
bayesfl_observability_v1,ola_sparse_bayesian_keep010_seed42,125,ola,global,,,layers.0.bias,raw,62,0.003490157276451475,0.003546320777448622,0.0035182390269500484,0,0.0,0.9921875,128
bayesfl_observability_v1,ola_sparse_bayesian_keep010_seed42,125,ola,global,,,layers.0.bias,raw,63,0.003546320777448622,0.0036024842784457686,0.0035744025279471955,0,0.0,0.9921875,128
bayesfl_observability_v1,ola_sparse_bayesian_keep010_seed42,125,ola,global,,,layers.0.bias,raw,64,0.0036024842784457686,0.0036586477794429153,0.0036305660289443417,0,0.0,0.9921875,128
bayesfl_observability_v1,ola_sparse_bayesian_keep010_seed42,125,ola,global,,,layers.0.bias,raw,65,0.0036586477794429153,0.0037148112804400624,0.003686729529941489,0,0.0,0.9921875,128
bayesfl_observability_v1,ola_sparse_bayesian_keep010_seed42,125,ola,global,,,layers.0.bias,raw,66,0.0037148112804400624,0.003770974781437209,0.003742893030938636,0,0.0,0.9921875,128
bayesfl_observability_v1,ola_sparse_bayesian_keep010_seed42,125,ola,global,,,layers.0.bias,raw,67,0.003770974781437209,0.003827138282434356,0.0037990565319357826,0,0.0,0.9921875,128
bayesfl_observability_v1,ola_sparse_bayesian_keep010_seed42,125,ola,global,,,layers.0.bias,raw,68,0.003827138282434356,0.003883301783431503,0.0038552200329329293,0,0.0,0.9921875,128
bayesfl_observability_v1,ola_sparse_bayesian_keep010_seed42,125,ola,global,,,layers.0.bias,raw,69,0.003883301783431503,0.0039394652844286495,0.003911383533930076,0,0.0,0.9921875,128
bayesfl_observability_v1,ola_sparse_bayesian_keep010_seed42,125,ola,global,,,layers.0.bias,raw,70,0.0039394652844286495,0.003995628785425797,0.003967547034927223,0,0.0,0.9921875,128
bayesfl_observability_v1,ola_sparse_bayesian_keep010_seed42,125,ola,global,,,layers.0.bias,raw,71,0.003995628785425797,0.004051792286422944,0.004023710535924371,0,0.0,0.9921875,128
bayesfl_observability_v1,ola_sparse_bayesian_keep010_seed42,125,ola,global,,,layers.0.bias,raw,72,0.004051792286422944,0.00410795578742009,0.004079874036921517,0,0.0,0.9921875,128
bayesfl_observability_v1,ola_sparse_bayesian_keep010_seed42,125,ola,global,,,layers.0.bias,raw,73,0.00410795578742009,0.004164119288417237,0.004136037537918663,0,0.0,0.9921875,128
bayesfl_observability_v1,ola_sparse_bayesian_keep010_seed42,125,ola,global,,,layers.0.bias,raw,74,0.004164119288417237,0.004220282789414384,0.004192201038915811,0,0.0,0.9921875,128
bayesfl_observability_v1,ola_sparse_bayesian_keep010_seed42,125,ola,global,,,layers.0.bias,raw,75,0.004220282789414384,0.0042764462904115305,0.004248364539912957,0,0.0,0.9921875,128
bayesfl_observability_v1,ola_sparse_bayesian_keep010_seed42,125,ola,global,,,layers.0.bias,raw,76,0.0042764462904115305,0.004332609791408678,0.004304528040910104,0,0.0,0.9921875,128
bayesfl_observability_v1,ola_sparse_bayesian_keep010_seed42,125,ola,global,,,layers.0.bias,raw,77,0.004332609791408678,0.004388773292405825,0.004360691541907252,0,0.0,0.9921875,128
bayesfl_observability_v1,ola_sparse_bayesian_keep010_seed42,125,ola,global,,,layers.0.bias,raw,78,0.004388773292405825,0.004444936793402972,0.004416855042904398,0,0.0,0.9921875,128
bayesfl_observability_v1,ola_sparse_bayesian_keep010_seed42,125,ola,global,,,layers.0.bias,raw,79,0.004444936793402972,0.004501100294400118,0.004473018543901545,1,139.10279561092472,1.0,128
bayesfl_observability_v1,ola_sparse_bayesian_keep010_seed42,125,ola,global,,,layers.0.bias,db,0,-101.91627910575731,-101.22899594439093,-101.57263752507413,1,0.011367221604073711,0.0078125,128
bayesfl_observability_v1,ola_sparse_bayesian_keep010_seed42,125,ola,global,,,layers.0.bias,db,1,-101.22899594439093,-100.54171278302455,-100.88535436370773,0,0.0,0.0078125,128
bayesfl_observability_v1,ola_sparse_bayesian_keep010_seed42,125,ola,global,,,layers.0.bias,db,2,-100.54171278302455,-99.85442962165817,-100.19807120234137,0,0.0,0.0078125,128
bayesfl_observability_v1,ola_sparse_bayesian_keep010_seed42,125,ola,global,,,layers.0.bias,db,3,-99.85442962165817,-99.16714646029179,-99.51078804097497,0,0.0,0.0078125,128
bayesfl_observability_v1,ola_sparse_bayesian_keep010_seed42,125,ola,global,,,layers.0.bias,db,4,-99.16714646029179,-98.47986329892541,-98.8235048796086,0,0.0,0.0078125,128
bayesfl_observability_v1,ola_sparse_bayesian_keep010_seed42,125,ola,global,,,layers.0.bias,db,5,-98.47986329892541,-97.79258013755903,-98.13622171824221,0,0.0,0.0078125,128
bayesfl_observability_v1,ola_sparse_bayesian_keep010_seed42,125,ola,global,,,layers.0.bias,db,6,-97.79258013755903,-97.10529697619265,-97.44893855687585,0,0.0,0.0078125,128
bayesfl_observability_v1,ola_sparse_bayesian_keep010_seed42,125,ola,global,,,layers.0.bias,db,7,-97.10529697619265,-96.41801381482627,-96.76165539550945,0,0.0,0.0078125,128
bayesfl_observability_v1,ola_sparse_bayesian_keep010_seed42,125,ola,global,,,layers.0.bias,db,8,-96.41801381482627,-95.73073065345989,-96.07437223414308,0,0.0,0.0078125,128
bayesfl_observability_v1,ola_sparse_bayesian_keep010_seed42,125,ola,global,,,layers.0.bias,db,9,-95.73073065345989,-95.0434474920935,-95.38708907277669,1,0.011367221604073711,0.015625,128
bayesfl_observability_v1,ola_sparse_bayesian_keep010_seed42,125,ola,global,,,layers.0.bias,db,10,-95.0434474920935,-94.35616433072713,-94.69980591141032,1,0.011367221604073711,0.0234375,128
bayesfl_observability_v1,ola_sparse_bayesian_keep010_seed42,125,ola,global,,,layers.0.bias,db,11,-94.35616433072713,-93.66888116936074,-94.01252275004393,0,0.0,0.0234375,128
bayesfl_observability_v1,ola_sparse_bayesian_keep010_seed42,125,ola,global,,,layers.0.bias,db,12,-93.66888116936074,-92.98159800799436,-93.32523958867756,1,0.011367221604073711,0.03125,128
bayesfl_observability_v1,ola_sparse_bayesian_keep010_seed42,125,ola,global,,,layers.0.bias,db,13,-92.98159800799436,-92.29431484662798,-92.63795642731117,0,0.0,0.03125,128
bayesfl_observability_v1,ola_sparse_bayesian_keep010_seed42,125,ola,global,,,layers.0.bias,db,14,-92.29431484662798,-91.6070316852616,-91.9506732659448,1,0.011367221604073711,0.0390625,128
bayesfl_observability_v1,ola_sparse_bayesian_keep010_seed42,125,ola,global,,,layers.0.bias,db,15,-91.6070316852616,-90.91974852389522,-91.2633901045784,1,0.011367221604073711,0.046875,128
bayesfl_observability_v1,ola_sparse_bayesian_keep010_seed42,125,ola,global,,,layers.0.bias,db,16,-90.91974852389522,-90.23246536252884,-90.57610694321204,0,0.0,0.046875,128
bayesfl_observability_v1,ola_sparse_bayesian_keep010_seed42,125,ola,global,,,layers.0.bias,db,17,-90.23246536252884,-89.54518220116246,-89.88882378184564,2,0.022734443208147423,0.0625,128
bayesfl_observability_v1,ola_sparse_bayesian_keep010_seed42,125,ola,global,,,layers.0.bias,db,18,-89.54518220116246,-88.85789903979608,-89.20154062047928,0,0.0,0.0625,128
bayesfl_observability_v1,ola_sparse_bayesian_keep010_seed42,125,ola,global,,,layers.0.bias,db,19,-88.85789903979608,-88.1706158784297,-88.51425745911288,0,0.0,0.0625,128
bayesfl_observability_v1,ola_sparse_bayesian_keep010_seed42,125,ola,global,,,layers.0.bias,db,20,-88.1706158784297,-87.48333271706332,-87.82697429774652,1,0.011367221604073711,0.0703125,128
bayesfl_observability_v1,ola_sparse_bayesian_keep010_seed42,125,ola,global,,,layers.0.bias,db,21,-87.48333271706332,-86.79604955569694,-87.13969113638012,1,0.011367221604073711,0.078125,128
bayesfl_observability_v1,ola_sparse_bayesian_keep010_seed42,125,ola,global,,,layers.0.bias,db,22,-86.79604955569694,-86.10876639433056,-86.45240797501376,1,0.011367221604073711,0.0859375,128
bayesfl_observability_v1,ola_sparse_bayesian_keep010_seed42,125,ola,global,,,layers.0.bias,db,23,-86.10876639433056,-85.42148323296416,-85.76512481364736,0,0.0,0.0859375,128
bayesfl_observability_v1,ola_sparse_bayesian_keep010_seed42,125,ola,global,,,layers.0.bias,db,24,-85.42148323296416,-84.7342000715978,-85.07784165228098,0,0.0,0.0859375,128
bayesfl_observability_v1,ola_sparse_bayesian_keep010_seed42,125,ola,global,,,layers.0.bias,db,25,-84.7342000715978,-84.0469169102314,-84.3905584909146,1,0.011367221604073477,0.09375,128
bayesfl_observability_v1,ola_sparse_bayesian_keep010_seed42,125,ola,global,,,layers.0.bias,db,26,-84.0469169102314,-83.35963374886504,-83.70327532954822,0,0.0,0.09375,128
bayesfl_observability_v1,ola_sparse_bayesian_keep010_seed42,125,ola,global,,,layers.0.bias,db,27,-83.35963374886504,-82.67235058749864,-83.01599216818184,0,0.0,0.09375,128
bayesfl_observability_v1,ola_sparse_bayesian_keep010_seed42,125,ola,global,,,layers.0.bias,db,28,-82.67235058749864,-81.98506742613228,-82.32870900681546,1,0.011367221604073946,0.1015625,128
bayesfl_observability_v1,ola_sparse_bayesian_keep010_seed42,125,ola,global,,,layers.0.bias,db,29,-81.98506742613228,-81.29778426476588,-81.64142584544908,1,0.011367221604073477,0.109375,128
bayesfl_observability_v1,ola_sparse_bayesian_keep010_seed42,125,ola,global,,,layers.0.bias,db,30,-81.29778426476588,-80.61050110339951,-80.9541426840827,2,0.02273444320814789,0.125,128
bayesfl_observability_v1,ola_sparse_bayesian_keep010_seed42,125,ola,global,,,layers.0.bias,db,31,-80.61050110339951,-79.92321794203312,-80.26685952271632,1,0.011367221604073477,0.1328125,128
bayesfl_observability_v1,ola_sparse_bayesian_keep010_seed42,125,ola,global,,,layers.0.bias,db,32,-79.92321794203312,-79.23593478066675,-79.57957636134994,0,0.0,0.1328125,128
bayesfl_observability_v1,ola_sparse_bayesian_keep010_seed42,125,ola,global,,,layers.0.bias,db,33,-79.23593478066675,-78.54865161930036,-78.89229319998356,0,0.0,0.1328125,128
bayesfl_observability_v1,ola_sparse_bayesian_keep010_seed42,125,ola,global,,,layers.0.bias,db,34,-78.54865161930036,-77.86136845793399,-78.20501003861717,0,0.0,0.1328125,128
bayesfl_observability_v1,ola_sparse_bayesian_keep010_seed42,125,ola,global,,,layers.0.bias,db,35,-77.86136845793399,-77.1740852965676,-77.5177268772508,0,0.0,0.1328125,128
bayesfl_observability_v1,ola_sparse_bayesian_keep010_seed42,125,ola,global,,,layers.0.bias,db,36,-77.1740852965676,-76.48680213520123,-76.83044371588441,0,0.0,0.1328125,128
bayesfl_observability_v1,ola_sparse_bayesian_keep010_seed42,125,ola,global,,,layers.0.bias,db,37,-76.48680213520123,-75.79951897383484,-76.14316055451803,1,0.011367221604073477,0.140625,128
bayesfl_observability_v1,ola_sparse_bayesian_keep010_seed42,125,ola,global,,,layers.0.bias,db,38,-75.79951897383484,-75.11223581246847,-75.45587739315165,3,0.03410166481222184,0.1640625,128
bayesfl_observability_v1,ola_sparse_bayesian_keep010_seed42,125,ola,global,,,layers.0.bias,db,39,-75.11223581246847,-74.42495265110207,-74.76859423178527,2,0.022734443208146955,0.1796875,128
bayesfl_observability_v1,ola_sparse_bayesian_keep010_seed42,125,ola,global,,,layers.0.bias,db,40,-74.42495265110207,-73.7376694897357,-74.08131107041888,1,0.011367221604073711,0.1875,128
bayesfl_observability_v1,ola_sparse_bayesian_keep010_seed42,125,ola,global,,,layers.0.bias,db,41,-73.7376694897357,-73.05038632836931,-73.39402790905251,1,0.011367221604073711,0.1953125,128
bayesfl_observability_v1,ola_sparse_bayesian_keep010_seed42,125,ola,global,,,layers.0.bias,db,42,-73.05038632836931,-72.36310316700293,-72.70674474768612,1,0.011367221604073711,0.203125,128
bayesfl_observability_v1,ola_sparse_bayesian_keep010_seed42,125,ola,global,,,layers.0.bias,db,43,-72.36310316700293,-71.67582000563655,-72.01946158631975,3,0.034101664812221134,0.2265625,128
bayesfl_observability_v1,ola_sparse_bayesian_keep010_seed42,125,ola,global,,,layers.0.bias,db,44,-71.67582000563655,-70.98853684427017,-71.33217842495336,0,0.0,0.2265625,128
bayesfl_observability_v1,ola_sparse_bayesian_keep010_seed42,125,ola,global,,,layers.0.bias,db,45,-70.98853684427017,-70.30125368290379,-70.64489526358699,0,0.0,0.2265625,128
bayesfl_observability_v1,ola_sparse_bayesian_keep010_seed42,125,ola,global,,,layers.0.bias,db,46,-70.30125368290379,-69.61397052153742,-69.95761210222061,0,0.0,0.2265625,128
bayesfl_observability_v1,ola_sparse_bayesian_keep010_seed42,125,ola,global,,,layers.0.bias,db,47,-69.61397052153742,-68.92668736017103,-69.27032894085423,2,0.022734443208146955,0.2421875,128
bayesfl_observability_v1,ola_sparse_bayesian_keep010_seed42,125,ola,global,,,layers.0.bias,db,48,-68.92668736017103,-68.23940419880465,-68.58304577948783,3,0.034101664812221134,0.265625,128
bayesfl_observability_v1,ola_sparse_bayesian_keep010_seed42,125,ola,global,,,layers.0.bias,db,49,-68.23940419880465,-67.55212103743827,-67.89576261812147,2,0.022734443208147423,0.28125,128
bayesfl_observability_v1,ola_sparse_bayesian_keep010_seed42,125,ola,global,,,layers.0.bias,db,50,-67.55212103743827,-66.86483787607189,-67.20847945675507,2,0.022734443208147423,0.296875,128
bayesfl_observability_v1,ola_sparse_bayesian_keep010_seed42,125,ola,global,,,layers.0.bias,db,51,-66.86483787607189,-66.17755471470551,-66.5211962953887,1,0.011367221604073711,0.3046875,128
bayesfl_observability_v1,ola_sparse_bayesian_keep010_seed42,125,ola,global,,,layers.0.bias,db,52,-66.17755471470551,-65.49027155333913,-65.83391313402231,4,0.045468886416294846,0.3359375,128
bayesfl_observability_v1,ola_sparse_bayesian_keep010_seed42,125,ola,global,,,layers.0.bias,db,53,-65.49027155333913,-64.80298839197275,-65.14662997265594,1,0.011367221604073711,0.34375,128
bayesfl_observability_v1,ola_sparse_bayesian_keep010_seed42,125,ola,global,,,layers.0.bias,db,54,-64.80298839197275,-64.11570523060637,-64.45934681128955,1,0.011367221604073711,0.3515625,128
bayesfl_observability_v1,ola_sparse_bayesian_keep010_seed42,125,ola,global,,,layers.0.bias,db,55,-64.11570523060637,-63.428422069239986,-63.772063649923176,5,0.05683610802036856,0.390625,128
bayesfl_observability_v1,ola_sparse_bayesian_keep010_seed42,125,ola,global,,,layers.0.bias,db,56,-63.428422069239986,-62.741138907873605,-63.084780488556795,3,0.034101664812221134,0.4140625,128
bayesfl_observability_v1,ola_sparse_bayesian_keep010_seed42,125,ola,global,,,layers.0.bias,db,57,-62.741138907873605,-62.053855746507224,-62.397497327190415,2,0.022734443208147423,0.4296875,128
bayesfl_observability_v1,ola_sparse_bayesian_keep010_seed42,125,ola,global,,,layers.0.bias,db,58,-62.053855746507224,-61.366572585140844,-61.710214165824034,4,0.045468886416294846,0.4609375,128
bayesfl_observability_v1,ola_sparse_bayesian_keep010_seed42,125,ola,global,,,layers.0.bias,db,59,-61.366572585140844,-60.67928942377446,-61.022931004457654,5,0.05683610802036856,0.5,128
bayesfl_observability_v1,ola_sparse_bayesian_keep010_seed42,125,ola,global,,,layers.0.bias,db,60,-60.67928942377446,-59.99200626240808,-60.33564784309127,7,0.07957055122851597,0.5546875,128
bayesfl_observability_v1,ola_sparse_bayesian_keep010_seed42,125,ola,global,,,layers.0.bias,db,61,-59.99200626240808,-59.3047231010417,-59.64836468172489,5,0.05683610802036856,0.59375,128
bayesfl_observability_v1,ola_sparse_bayesian_keep010_seed42,125,ola,global,,,layers.0.bias,db,62,-59.3047231010417,-58.61743993967532,-58.96108152035851,6,0.06820332962444227,0.640625,128
bayesfl_observability_v1,ola_sparse_bayesian_keep010_seed42,125,ola,global,,,layers.0.bias,db,63,-58.61743993967532,-57.93015677830894,-58.27379835899213,5,0.05683610802036856,0.6796875,128
bayesfl_observability_v1,ola_sparse_bayesian_keep010_seed42,125,ola,global,,,layers.0.bias,db,64,-57.93015677830894,-57.24287361694256,-57.58651519762575,5,0.05683610802036856,0.71875,128
bayesfl_observability_v1,ola_sparse_bayesian_keep010_seed42,125,ola,global,,,layers.0.bias,db,65,-57.24287361694256,-56.55559045557618,-56.89923203625937,3,0.034101664812221134,0.7421875,128
bayesfl_observability_v1,ola_sparse_bayesian_keep010_seed42,125,ola,global,,,layers.0.bias,db,66,-56.55559045557618,-55.8683072942098,-56.21194887489299,6,0.06820332962444227,0.7890625,128
bayesfl_observability_v1,ola_sparse_bayesian_keep010_seed42,125,ola,global,,,layers.0.bias,db,67,-55.8683072942098,-55.18102413284342,-55.52466571352661,3,0.034101664812221134,0.8125,128
bayesfl_observability_v1,ola_sparse_bayesian_keep010_seed42,125,ola,global,,,layers.0.bias,db,68,-55.18102413284342,-54.49374097147704,-54.83738255216023,8,0.09093777283258969,0.875,128
bayesfl_observability_v1,ola_sparse_bayesian_keep010_seed42,125,ola,global,,,layers.0.bias,db,69,-54.49374097147704,-53.80645781011066,-54.15009939079385,5,0.05683610802036856,0.9140625,128
bayesfl_observability_v1,ola_sparse_bayesian_keep010_seed42,125,ola,global,,,layers.0.bias,db,70,-53.80645781011066,-53.11917464874428,-53.46281622942747,5,0.05683610802036856,0.953125,128
bayesfl_observability_v1,ola_sparse_bayesian_keep010_seed42,125,ola,global,,,layers.0.bias,db,71,-53.11917464874428,-52.4318914873779,-52.77553306806109,1,0.011367221604073711,0.9609375,128
bayesfl_observability_v1,ola_sparse_bayesian_keep010_seed42,125,ola,global,,,layers.0.bias,db,72,-52.4318914873779,-51.744608326011516,-52.088249906694706,3,0.034101664812221134,0.984375,128
bayesfl_observability_v1,ola_sparse_bayesian_keep010_seed42,125,ola,global,,,layers.0.bias,db,73,-51.744608326011516,-51.057325164645135,-51.400966745328326,1,0.011367221604073711,0.9921875,128
bayesfl_observability_v1,ola_sparse_bayesian_keep010_seed42,125,ola,global,,,layers.0.bias,db,74,-51.057325164645135,-50.370042003278755,-50.713683583961945,0,0.0,0.9921875,128
bayesfl_observability_v1,ola_sparse_bayesian_keep010_seed42,125,ola,global,,,layers.0.bias,db,75,-50.370042003278755,-49.682758841912374,-50.026400422595565,0,0.0,0.9921875,128
bayesfl_observability_v1,ola_sparse_bayesian_keep010_seed42,125,ola,global,,,layers.0.bias,db,76,-49.682758841912374,-48.995475680545994,-49.339117261229184,0,0.0,0.9921875,128
bayesfl_observability_v1,ola_sparse_bayesian_keep010_seed42,125,ola,global,,,layers.0.bias,db,77,-48.995475680545994,-48.30819251917961,-48.6518340998628,0,0.0,0.9921875,128
bayesfl_observability_v1,ola_sparse_bayesian_keep010_seed42,125,ola,global,,,layers.0.bias,db,78,-48.30819251917961,-47.62090935781323,-47.96455093849642,0,0.0,0.9921875,128
bayesfl_observability_v1,ola_sparse_bayesian_keep010_seed42,125,ola,global,,,layers.0.bias,db,79,-47.62090935781323,-46.93362619644685,-47.27726777713004,1,0.011367221604073711,1.0,128
bayesfl_observability_v1,ola_sparse_bayesian_keep010_seed42,125,ola,global,,,layers.1.weight,raw,0,6.790254197513788e-06,0.0012627078989997037,0.0006347490765986087,169,105.12731511212684,0.13203125,1280
bayesfl_observability_v1,ola_sparse_bayesian_keep010_seed42,125,ola,global,,,layers.1.weight,raw,1,0.0012627078989997037,0.0025186255438018937,0.0018906667214007987,156,97.04059856504016,0.25390625,1280
bayesfl_observability_v1,ola_sparse_bayesian_keep010_seed42,125,ola,global,,,layers.1.weight,raw,2,0.0025186255438018937,0.0037745431886040837,0.003146584366202989,135,83.97744106590014,0.359375,1280
bayesfl_observability_v1,ola_sparse_bayesian_keep010_seed42,125,ola,global,,,layers.1.weight,raw,3,0.0037745431886040837,0.005030460833406274,0.0044025020110051785,137,85.22155130391343,0.46640625,1280
bayesfl_observability_v1,ola_sparse_bayesian_keep010_seed42,125,ola,global,,,layers.1.weight,raw,4,0.005030460833406274,0.006286378478208464,0.005658419655807369,122,75.89072451881347,0.56171875,1280
bayesfl_observability_v1,ola_sparse_bayesian_keep010_seed42,125,ola,global,,,layers.1.weight,raw,5,0.006286378478208464,0.007542296123010654,0.006914337300609559,96,59.71729142464007,0.63671875,1280
bayesfl_observability_v1,ola_sparse_bayesian_keep010_seed42,125,ola,global,,,layers.1.weight,raw,6,0.007542296123010654,0.008798213767812844,0.008170254945411749,68,42.29974809245341,0.68984375,1280
bayesfl_observability_v1,ola_sparse_bayesian_keep010_seed42,125,ola,global,,,layers.1.weight,raw,7,0.008798213767812844,0.010054131412615033,0.009426172590213939,71,44.165913449473415,0.7453125,1280
bayesfl_observability_v1,ola_sparse_bayesian_keep010_seed42,125,ola,global,,,layers.1.weight,raw,8,0.010054131412615033,0.011310049057417223,0.010682090235016128,53,32.9689213073534,0.78671875,1280
bayesfl_observability_v1,ola_sparse_bayesian_keep010_seed42,125,ola,global,,,layers.1.weight,raw,9,0.011310049057417223,0.012565966702219412,0.011938007879818318,35,21.771929165233374,0.8140625,1280
bayesfl_observability_v1,ola_sparse_bayesian_keep010_seed42,125,ola,global,,,layers.1.weight,raw,10,0.012565966702219412,0.013821884347021604,0.013193925524620509,33,20.52781892722001,0.83984375,1280
bayesfl_observability_v1,ola_sparse_bayesian_keep010_seed42,125,ola,global,,,layers.1.weight,raw,11,0.013821884347021604,0.015077801991823793,0.014449843169422699,20,12.441102380133357,0.85546875,1280
bayesfl_observability_v1,ola_sparse_bayesian_keep010_seed42,125,ola,global,,,layers.1.weight,raw,12,0.015077801991823793,0.016333719636625985,0.015705760814224888,26,16.17343309417334,0.87578125,1280
bayesfl_observability_v1,ola_sparse_bayesian_keep010_seed42,125,ola,global,,,layers.1.weight,raw,13,0.016333719636625985,0.017589637281428174,0.01696167845902708,27,16.795488213180032,0.896875,1280
bayesfl_observability_v1,ola_sparse_bayesian_keep010_seed42,125,ola,global,,,layers.1.weight,raw,14,0.017589637281428174,0.018845554926230364,0.018217596103829267,23,14.30726773715336,0.91484375,1280
bayesfl_observability_v1,ola_sparse_bayesian_keep010_seed42,125,ola,global,,,layers.1.weight,raw,15,0.018845554926230364,0.020101472571032553,0.01947351374863146,12,7.464661428080014,0.92421875,1280
bayesfl_observability_v1,ola_sparse_bayesian_keep010_seed42,125,ola,global,,,layers.1.weight,raw,16,0.020101472571032553,0.021357390215834743,0.020729431393433646,9,5.59849607106001,0.93125,1280
bayesfl_observability_v1,ola_sparse_bayesian_keep010_seed42,125,ola,global,,,layers.1.weight,raw,17,0.021357390215834743,0.022613307860636932,0.02198534903823584,6,3.732330714040007,0.9359375,1280
bayesfl_observability_v1,ola_sparse_bayesian_keep010_seed42,125,ola,global,,,layers.1.weight,raw,18,0.022613307860636932,0.023869225505439122,0.023241266683038025,8,4.976440952053343,0.9421875,1280
bayesfl_observability_v1,ola_sparse_bayesian_keep010_seed42,125,ola,global,,,layers.1.weight,raw,19,0.023869225505439122,0.02512514315024131,0.02449718432784022,6,3.732330714040007,0.946875,1280
bayesfl_observability_v1,ola_sparse_bayesian_keep010_seed42,125,ola,global,,,layers.1.weight,raw,20,0.02512514315024131,0.026381060795043505,0.025753101972642408,10,6.2205511900666615,0.9546875,1280
bayesfl_observability_v1,ola_sparse_bayesian_keep010_seed42,125,ola,global,,,layers.1.weight,raw,21,0.026381060795043505,0.027636978439845694,0.027009019617444598,4,2.4882204760266715,0.9578125,1280
bayesfl_observability_v1,ola_sparse_bayesian_keep010_seed42,125,ola,global,,,layers.1.weight,raw,22,0.027636978439845694,0.028892896084647884,0.02826493726224679,6,3.732330714040007,0.9625,1280
bayesfl_observability_v1,ola_sparse_bayesian_keep010_seed42,125,ola,global,,,layers.1.weight,raw,23,0.028892896084647884,0.030148813729450073,0.029520854907048977,6,3.732330714040007,0.9671875,1280
bayesfl_observability_v1,ola_sparse_bayesian_keep010_seed42,125,ola,global,,,layers.1.weight,raw,24,0.030148813729450073,0.031404731374252266,0.03077677255185117,3,1.8661653570199983,0.96953125,1280
bayesfl_observability_v1,ola_sparse_bayesian_keep010_seed42,125,ola,global,,,layers.1.weight,raw,25,0.031404731374252266,0.03266064901905446,0.03203269019665336,2,1.2441102380133322,0.97109375,1280
bayesfl_observability_v1,ola_sparse_bayesian_keep010_seed42,125,ola,global,,,layers.1.weight,raw,26,0.03266064901905446,0.033916566663856645,0.033288607841455556,2,1.244110238013339,0.97265625,1280
bayesfl_observability_v1,ola_sparse_bayesian_keep010_seed42,125,ola,global,,,layers.1.weight,raw,27,0.033916566663856645,0.03517248430865884,0.03454452548625774,3,1.8661653570199983,0.975,1280
bayesfl_observability_v1,ola_sparse_bayesian_keep010_seed42,125,ola,global,,,layers.1.weight,raw,28,0.03517248430865884,0.036428401953461025,0.03580044313105993,5,3.1102755950333476,0.97890625,1280
bayesfl_observability_v1,ola_sparse_bayesian_keep010_seed42,125,ola,global,,,layers.1.weight,raw,29,0.036428401953461025,0.03768431959826322,0.03705636077586212,3,1.8661653570199983,0.98125,1280
bayesfl_observability_v1,ola_sparse_bayesian_keep010_seed42,125,ola,global,,,layers.1.weight,raw,30,0.03768431959826322,0.038940237243065404,0.038312278420664314,2,1.244110238013339,0.9828125,1280
bayesfl_observability_v1,ola_sparse_bayesian_keep010_seed42,125,ola,global,,,layers.1.weight,raw,31,0.038940237243065404,0.0401961548878676,0.0395681960654665,2,1.2441102380133322,0.984375,1280
bayesfl_observability_v1,ola_sparse_bayesian_keep010_seed42,125,ola,global,,,layers.1.weight,raw,32,0.0401961548878676,0.04145207253266979,0.04082411371026869,2,1.2441102380133322,0.9859375,1280
bayesfl_observability_v1,ola_sparse_bayesian_keep010_seed42,125,ola,global,,,layers.1.weight,raw,33,0.04145207253266979,0.042707990177471976,0.04208003135507088,0,0.0,0.9859375,1280
bayesfl_observability_v1,ola_sparse_bayesian_keep010_seed42,125,ola,global,,,layers.1.weight,raw,34,0.042707990177471976,0.04396390782227417,0.04333594899987307,2,1.2441102380133322,0.9875,1280
bayesfl_observability_v1,ola_sparse_bayesian_keep010_seed42,125,ola,global,,,layers.1.weight,raw,35,0.04396390782227417,0.045219825467076355,0.044591866644675265,1,0.6220551190066695,0.98828125,1280
bayesfl_observability_v1,ola_sparse_bayesian_keep010_seed42,125,ola,global,,,layers.1.weight,raw,36,0.045219825467076355,0.04647574311187855,0.04584778428947745,0,0.0,0.98828125,1280
bayesfl_observability_v1,ola_sparse_bayesian_keep010_seed42,125,ola,global,,,layers.1.weight,raw,37,0.04647574311187855,0.047731660756680734,0.04710370193427964,1,0.6220551190066695,0.9890625,1280
bayesfl_observability_v1,ola_sparse_bayesian_keep010_seed42,125,ola,global,,,layers.1.weight,raw,38,0.047731660756680734,0.04898757840148293,0.04835961957908183,0,0.0,0.9890625,1280
bayesfl_observability_v1,ola_sparse_bayesian_keep010_seed42,125,ola,global,,,layers.1.weight,raw,39,0.04898757840148293,0.05024349604628511,0.049615537223884024,1,0.6220551190066695,0.98984375,1280
bayesfl_observability_v1,ola_sparse_bayesian_keep010_seed42,125,ola,global,,,layers.1.weight,raw,40,0.05024349604628511,0.051499413691087306,0.05087145486868621,1,0.6220551190066661,0.990625,1280
bayesfl_observability_v1,ola_sparse_bayesian_keep010_seed42,125,ola,global,,,layers.1.weight,raw,41,0.051499413691087306,0.0527553313358895,0.0521273725134884,1,0.6220551190066661,0.99140625,1280
bayesfl_observability_v1,ola_sparse_bayesian_keep010_seed42,125,ola,global,,,layers.1.weight,raw,42,0.0527553313358895,0.054011248980691685,0.05338329015829059,0,0.0,0.99140625,1280
bayesfl_observability_v1,ola_sparse_bayesian_keep010_seed42,125,ola,global,,,layers.1.weight,raw,43,0.054011248980691685,0.05526716662549388,0.05463920780309278,1,0.6220551190066661,0.9921875,1280
bayesfl_observability_v1,ola_sparse_bayesian_keep010_seed42,125,ola,global,,,layers.1.weight,raw,44,0.05526716662549388,0.056523084270296065,0.055895125447894975,1,0.6220551190066695,0.99296875,1280
bayesfl_observability_v1,ola_sparse_bayesian_keep010_seed42,125,ola,global,,,layers.1.weight,raw,45,0.056523084270296065,0.05777900191509826,0.05715104309269716,0,0.0,0.99296875,1280
bayesfl_observability_v1,ola_sparse_bayesian_keep010_seed42,125,ola,global,,,layers.1.weight,raw,46,0.05777900191509826,0.059034919559900444,0.05840696073749935,0,0.0,0.99296875,1280
bayesfl_observability_v1,ola_sparse_bayesian_keep010_seed42,125,ola,global,,,layers.1.weight,raw,47,0.059034919559900444,0.06029083720470264,0.05966287838230154,1,0.6220551190066661,0.99375,1280
bayesfl_observability_v1,ola_sparse_bayesian_keep010_seed42,125,ola,global,,,layers.1.weight,raw,48,0.06029083720470264,0.06154675484950483,0.06091879602710373,2,1.2441102380133322,0.9953125,1280
bayesfl_observability_v1,ola_sparse_bayesian_keep010_seed42,125,ola,global,,,layers.1.weight,raw,49,0.06154675484950483,0.06280267249430702,0.062174713671905926,0,0.0,0.9953125,1280
bayesfl_observability_v1,ola_sparse_bayesian_keep010_seed42,125,ola,global,,,layers.1.weight,raw,50,0.06280267249430702,0.06405859013910921,0.06343063131670812,0,0.0,0.9953125,1280
bayesfl_observability_v1,ola_sparse_bayesian_keep010_seed42,125,ola,global,,,layers.1.weight,raw,51,0.06405859013910921,0.0653145077839114,0.0646865489615103,0,0.0,0.9953125,1280
bayesfl_observability_v1,ola_sparse_bayesian_keep010_seed42,125,ola,global,,,layers.1.weight,raw,52,0.0653145077839114,0.06657042542871358,0.06594246660631249,1,0.622055119006673,0.99609375,1280
bayesfl_observability_v1,ola_sparse_bayesian_keep010_seed42,125,ola,global,,,layers.1.weight,raw,53,0.06657042542871358,0.06782634307351577,0.06719838425111468,0,0.0,0.99609375,1280
bayesfl_observability_v1,ola_sparse_bayesian_keep010_seed42,125,ola,global,,,layers.1.weight,raw,54,0.06782634307351577,0.06908226071831797,0.06845430189591686,1,0.6220551190066661,0.996875,1280
bayesfl_observability_v1,ola_sparse_bayesian_keep010_seed42,125,ola,global,,,layers.1.weight,raw,55,0.06908226071831797,0.07033817836312016,0.06971021954071907,2,1.2441102380133322,0.9984375,1280
bayesfl_observability_v1,ola_sparse_bayesian_keep010_seed42,125,ola,global,,,layers.1.weight,raw,56,0.07033817836312016,0.07159409600792235,0.07096613718552125,0,0.0,0.9984375,1280
bayesfl_observability_v1,ola_sparse_bayesian_keep010_seed42,125,ola,global,,,layers.1.weight,raw,57,0.07159409600792235,0.07285001365272453,0.07222205483032344,0,0.0,0.9984375,1280
bayesfl_observability_v1,ola_sparse_bayesian_keep010_seed42,125,ola,global,,,layers.1.weight,raw,58,0.07285001365272453,0.07410593129752673,0.07347797247512564,0,0.0,0.9984375,1280
bayesfl_observability_v1,ola_sparse_bayesian_keep010_seed42,125,ola,global,,,layers.1.weight,raw,59,0.07410593129752673,0.07536184894232892,0.07473389011992781,0,0.0,0.9984375,1280
bayesfl_observability_v1,ola_sparse_bayesian_keep010_seed42,125,ola,global,,,layers.1.weight,raw,60,0.07536184894232892,0.07661776658713111,0.07598980776473002,0,0.0,0.9984375,1280
bayesfl_observability_v1,ola_sparse_bayesian_keep010_seed42,125,ola,global,,,layers.1.weight,raw,61,0.07661776658713111,0.07787368423193329,0.0772457254095322,0,0.0,0.9984375,1280
bayesfl_observability_v1,ola_sparse_bayesian_keep010_seed42,125,ola,global,,,layers.1.weight,raw,62,0.07787368423193329,0.07912960187673548,0.07850164305433438,0,0.0,0.9984375,1280
bayesfl_observability_v1,ola_sparse_bayesian_keep010_seed42,125,ola,global,,,layers.1.weight,raw,63,0.07912960187673548,0.08038551952153768,0.07975756069913659,0,0.0,0.9984375,1280
bayesfl_observability_v1,ola_sparse_bayesian_keep010_seed42,125,ola,global,,,layers.1.weight,raw,64,0.08038551952153768,0.08164143716633987,0.08101347834393877,0,0.0,0.9984375,1280
bayesfl_observability_v1,ola_sparse_bayesian_keep010_seed42,125,ola,global,,,layers.1.weight,raw,65,0.08164143716633987,0.08289735481114206,0.08226939598874097,1,0.6220551190066661,0.99921875,1280
bayesfl_observability_v1,ola_sparse_bayesian_keep010_seed42,125,ola,global,,,layers.1.weight,raw,66,0.08289735481114206,0.08415327245594424,0.08352531363354315,0,0.0,0.99921875,1280
bayesfl_observability_v1,ola_sparse_bayesian_keep010_seed42,125,ola,global,,,layers.1.weight,raw,67,0.08415327245594424,0.08540919010074643,0.08478123127834533,0,0.0,0.99921875,1280
bayesfl_observability_v1,ola_sparse_bayesian_keep010_seed42,125,ola,global,,,layers.1.weight,raw,68,0.08540919010074643,0.08666510774554863,0.08603714892314754,0,0.0,0.99921875,1280
bayesfl_observability_v1,ola_sparse_bayesian_keep010_seed42,125,ola,global,,,layers.1.weight,raw,69,0.08666510774554863,0.08792102539035082,0.08729306656794972,0,0.0,0.99921875,1280
bayesfl_observability_v1,ola_sparse_bayesian_keep010_seed42,125,ola,global,,,layers.1.weight,raw,70,0.08792102539035082,0.089176943035153,0.08854898421275191,0,0.0,0.99921875,1280
bayesfl_observability_v1,ola_sparse_bayesian_keep010_seed42,125,ola,global,,,layers.1.weight,raw,71,0.089176943035153,0.0904328606799552,0.0898049018575541,0,0.0,0.99921875,1280
bayesfl_observability_v1,ola_sparse_bayesian_keep010_seed42,125,ola,global,,,layers.1.weight,raw,72,0.0904328606799552,0.09168877832475739,0.09106081950235628,0,0.0,0.99921875,1280
bayesfl_observability_v1,ola_sparse_bayesian_keep010_seed42,125,ola,global,,,layers.1.weight,raw,73,0.09168877832475739,0.09294469596955958,0.09231673714715849,0,0.0,0.99921875,1280
bayesfl_observability_v1,ola_sparse_bayesian_keep010_seed42,125,ola,global,,,layers.1.weight,raw,74,0.09294469596955958,0.09420061361436177,0.09357265479196067,0,0.0,0.99921875,1280
bayesfl_observability_v1,ola_sparse_bayesian_keep010_seed42,125,ola,global,,,layers.1.weight,raw,75,0.09420061361436177,0.09545653125916395,0.09482857243676286,0,0.0,0.99921875,1280
bayesfl_observability_v1,ola_sparse_bayesian_keep010_seed42,125,ola,global,,,layers.1.weight,raw,76,0.09545653125916395,0.09671244890396614,0.09608449008156505,0,0.0,0.99921875,1280
bayesfl_observability_v1,ola_sparse_bayesian_keep010_seed42,125,ola,global,,,layers.1.weight,raw,77,0.09671244890396614,0.09796836654876834,0.09734040772636723,0,0.0,0.99921875,1280
bayesfl_observability_v1,ola_sparse_bayesian_keep010_seed42,125,ola,global,,,layers.1.weight,raw,78,0.09796836654876834,0.09922428419357053,0.09859632537116944,0,0.0,0.99921875,1280
bayesfl_observability_v1,ola_sparse_bayesian_keep010_seed42,125,ola,global,,,layers.1.weight,raw,79,0.09922428419357053,0.10048020183837271,0.09985224301597162,1,0.622055119006673,1.0,1280
bayesfl_observability_v1,ola_sparse_bayesian_keep010_seed42,125,ola,global,,,layers.1.weight,db,0,-103.36227806729326,-102.31972946675658,-102.84100376702492,1,0.0007493655447792393,0.00078125,1280
bayesfl_observability_v1,ola_sparse_bayesian_keep010_seed42,125,ola,global,,,layers.1.weight,db,1,-102.31972946675658,-101.27718086621991,-101.79845516648825,1,0.0007493655447792393,0.0015625,1280
bayesfl_observability_v1,ola_sparse_bayesian_keep010_seed42,125,ola,global,,,layers.1.weight,db,2,-101.27718086621991,-100.23463226568325,-100.75590656595158,0,0.0,0.0015625,1280
bayesfl_observability_v1,ola_sparse_bayesian_keep010_seed42,125,ola,global,,,layers.1.weight,db,3,-100.23463226568325,-99.19208366514657,-99.7133579654149,0,0.0,0.0015625,1280
bayesfl_observability_v1,ola_sparse_bayesian_keep010_seed42,125,ola,global,,,layers.1.weight,db,4,-99.19208366514657,-98.14953506460989,-98.67080936487824,0,0.0,0.0015625,1280
bayesfl_observability_v1,ola_sparse_bayesian_keep010_seed42,125,ola,global,,,layers.1.weight,db,5,-98.14953506460989,-97.10698646407322,-97.62826076434155,0,0.0,0.0015625,1280
bayesfl_observability_v1,ola_sparse_bayesian_keep010_seed42,125,ola,global,,,layers.1.weight,db,6,-97.10698646407322,-96.06443786353654,-96.58571216380489,0,0.0,0.0015625,1280
bayesfl_observability_v1,ola_sparse_bayesian_keep010_seed42,125,ola,global,,,layers.1.weight,db,7,-96.06443786353654,-95.02188926299988,-95.54316356326821,0,0.0,0.0015625,1280
bayesfl_observability_v1,ola_sparse_bayesian_keep010_seed42,125,ola,global,,,layers.1.weight,db,8,-95.02188926299988,-93.9793406624632,-94.50061496273153,0,0.0,0.0015625,1280
bayesfl_observability_v1,ola_sparse_bayesian_keep010_seed42,125,ola,global,,,layers.1.weight,db,9,-93.9793406624632,-92.93679206192652,-93.45806636219487,0,0.0,0.0015625,1280
bayesfl_observability_v1,ola_sparse_bayesian_keep010_seed42,125,ola,global,,,layers.1.weight,db,10,-92.93679206192652,-91.89424346138985,-92.41551776165818,0,0.0,0.0015625,1280
bayesfl_observability_v1,ola_sparse_bayesian_keep010_seed42,125,ola,global,,,layers.1.weight,db,11,-91.89424346138985,-90.85169486085317,-91.37296916112152,2,0.0014987310895584786,0.003125,1280
bayesfl_observability_v1,ola_sparse_bayesian_keep010_seed42,125,ola,global,,,layers.1.weight,db,12,-90.85169486085317,-89.80914626031651,-90.33042056058484,3,0.0022480966343377483,0.00546875,1280
bayesfl_observability_v1,ola_sparse_bayesian_keep010_seed42,125,ola,global,,,layers.1.weight,db,13,-89.80914626031651,-88.76659765977983,-89.28787196004816,1,0.0007493655447792393,0.00625,1280
bayesfl_observability_v1,ola_sparse_bayesian_keep010_seed42,125,ola,global,,,layers.1.weight,db,14,-88.76659765977983,-87.72404905924316,-88.2453233595115,1,0.0007493655447792393,0.00703125,1280
bayesfl_observability_v1,ola_sparse_bayesian_keep010_seed42,125,ola,global,,,layers.1.weight,db,15,-87.72404905924316,-86.68150045870648,-87.20277475897481,2,0.0014987310895584786,0.00859375,1280
bayesfl_observability_v1,ola_sparse_bayesian_keep010_seed42,125,ola,global,,,layers.1.weight,db,16,-86.68150045870648,-85.6389518581698,-86.16022615843815,0,0.0,0.00859375,1280
bayesfl_observability_v1,ola_sparse_bayesian_keep010_seed42,125,ola,global,,,layers.1.weight,db,17,-85.6389518581698,-84.59640325763314,-85.11767755790147,1,0.0007493655447792495,0.009375,1280
bayesfl_observability_v1,ola_sparse_bayesian_keep010_seed42,125,ola,global,,,layers.1.weight,db,18,-84.59640325763314,-83.55385465709645,-84.0751289573648,0,0.0,0.009375,1280
bayesfl_observability_v1,ola_sparse_bayesian_keep010_seed42,125,ola,global,,,layers.1.weight,db,19,-83.55385465709645,-82.51130605655979,-83.03258035682812,3,0.0022480966343377483,0.01171875,1280
bayesfl_observability_v1,ola_sparse_bayesian_keep010_seed42,125,ola,global,,,layers.1.weight,db,20,-82.51130605655979,-81.46875745602311,-81.99003175629144,4,0.002997462179116957,0.01484375,1280
bayesfl_observability_v1,ola_sparse_bayesian_keep010_seed42,125,ola,global,,,layers.1.weight,db,21,-81.46875745602311,-80.42620885548644,-80.94748315575478,1,0.0007493655447792393,0.015625,1280
bayesfl_observability_v1,ola_sparse_bayesian_keep010_seed42,125,ola,global,,,layers.1.weight,db,22,-80.42620885548644,-79.38366025494976,-79.90493455521809,2,0.0014987310895584786,0.0171875,1280
bayesfl_observability_v1,ola_sparse_bayesian_keep010_seed42,125,ola,global,,,layers.1.weight,db,23,-79.38366025494976,-78.34111165441308,-78.86238595468143,4,0.002997462179116957,0.0203125,1280
bayesfl_observability_v1,ola_sparse_bayesian_keep010_seed42,125,ola,global,,,layers.1.weight,db,24,-78.34111165441308,-77.29856305387642,-77.81983735414475,2,0.001498731089558499,0.021875,1280
bayesfl_observability_v1,ola_sparse_bayesian_keep010_seed42,125,ola,global,,,layers.1.weight,db,25,-77.29856305387642,-76.25601445333974,-76.77728875360808,0,0.0,0.021875,1280
bayesfl_observability_v1,ola_sparse_bayesian_keep010_seed42,125,ola,global,,,layers.1.weight,db,26,-76.25601445333974,-75.21346585280307,-75.73474015307141,1,0.0007493655447792393,0.02265625,1280
bayesfl_observability_v1,ola_sparse_bayesian_keep010_seed42,125,ola,global,,,layers.1.weight,db,27,-75.21346585280307,-74.17091725226639,-74.69219155253472,0,0.0,0.02265625,1280
bayesfl_observability_v1,ola_sparse_bayesian_keep010_seed42,125,ola,global,,,layers.1.weight,db,28,-74.17091725226639,-73.12836865172972,-73.64964295199806,3,0.0022480966343377175,0.025,1280
bayesfl_observability_v1,ola_sparse_bayesian_keep010_seed42,125,ola,global,,,layers.1.weight,db,29,-73.12836865172972,-72.08582005119305,-72.60709435146138,2,0.001498731089558499,0.0265625,1280
bayesfl_observability_v1,ola_sparse_bayesian_keep010_seed42,125,ola,global,,,layers.1.weight,db,30,-72.08582005119305,-71.04327145065638,-71.56454575092471,5,0.0037468277238961963,0.03046875,1280
bayesfl_observability_v1,ola_sparse_bayesian_keep010_seed42,125,ola,global,,,layers.1.weight,db,31,-71.04327145065638,-70.0007228501197,-70.52199715038805,3,0.0022480966343377175,0.0328125,1280
bayesfl_observability_v1,ola_sparse_bayesian_keep010_seed42,125,ola,global,,,layers.1.weight,db,32,-70.0007228501197,-68.95817424958302,-69.47944854985136,8,0.005994924358233914,0.0390625,1280
bayesfl_observability_v1,ola_sparse_bayesian_keep010_seed42,125,ola,global,,,layers.1.weight,db,33,-68.95817424958302,-67.91562564904635,-68.4368999493147,4,0.002997462179116957,0.0421875,1280
bayesfl_observability_v1,ola_sparse_bayesian_keep010_seed42,125,ola,global,,,layers.1.weight,db,34,-67.91562564904635,-66.87307704850969,-67.39435134877802,4,0.002997462179116998,0.0453125,1280
bayesfl_observability_v1,ola_sparse_bayesian_keep010_seed42,125,ola,global,,,layers.1.weight,db,35,-66.87307704850969,-65.83052844797301,-66.35180274824134,12,0.00899238653735087,0.0546875,1280
bayesfl_observability_v1,ola_sparse_bayesian_keep010_seed42,125,ola,global,,,layers.1.weight,db,36,-65.83052844797301,-64.78797984743633,-65.30925414770468,7,0.005245558813454675,0.06015625,1280
bayesfl_observability_v1,ola_sparse_bayesian_keep010_seed42,125,ola,global,,,layers.1.weight,db,37,-64.78797984743633,-63.745431246899656,-64.26670554716799,12,0.00899238653735087,0.06953125,1280
bayesfl_observability_v1,ola_sparse_bayesian_keep010_seed42,125,ola,global,,,layers.1.weight,db,38,-63.745431246899656,-62.70288264636299,-63.224156946631325,6,0.004496193268675466,0.07421875,1280
bayesfl_observability_v1,ola_sparse_bayesian_keep010_seed42,125,ola,global,,,layers.1.weight,db,39,-62.70288264636299,-61.66033404582631,-62.18160834609465,16,0.011989848716467829,0.08671875,1280
bayesfl_observability_v1,ola_sparse_bayesian_keep010_seed42,125,ola,global,,,layers.1.weight,db,40,-61.66033404582631,-60.617785445289634,-61.13905974555797,18,0.013488579806026307,0.10078125,1280
bayesfl_observability_v1,ola_sparse_bayesian_keep010_seed42,125,ola,global,,,layers.1.weight,db,41,-60.617785445289634,-59.575236844752965,-60.096511145021296,15,0.011240483171688666,0.1125,1280
bayesfl_observability_v1,ola_sparse_bayesian_keep010_seed42,125,ola,global,,,layers.1.weight,db,42,-59.575236844752965,-58.53268824421629,-59.05396254448463,17,0.012739214261247068,0.12578125,1280
bayesfl_observability_v1,ola_sparse_bayesian_keep010_seed42,125,ola,global,,,layers.1.weight,db,43,-58.53268824421629,-57.49013964367961,-58.01141394394795,20,0.014987310895584785,0.14140625,1280
bayesfl_observability_v1,ola_sparse_bayesian_keep010_seed42,125,ola,global,,,layers.1.weight,db,44,-57.49013964367961,-56.44759104314294,-56.96886534341128,22,0.016486041985143376,0.15859375,1280
bayesfl_observability_v1,ola_sparse_bayesian_keep010_seed42,125,ola,global,,,layers.1.weight,db,45,-56.44759104314294,-55.405042442606266,-55.926316742874604,26,0.01948350416426022,0.17890625,1280
bayesfl_observability_v1,ola_sparse_bayesian_keep010_seed42,125,ola,global,,,layers.1.weight,db,46,-55.405042442606266,-54.3624938420696,-54.88376814233793,23,0.01723540752992262,0.196875,1280
bayesfl_observability_v1,ola_sparse_bayesian_keep010_seed42,125,ola,global,,,layers.1.weight,db,47,-54.3624938420696,-53.31994524153292,-53.84121954180126,28,0.0209822352538187,0.21875,1280
bayesfl_observability_v1,ola_sparse_bayesian_keep010_seed42,125,ola,global,,,layers.1.weight,db,48,-53.31994524153292,-52.277396640996244,-52.79867094126458,27,0.02023286970903946,0.23984375,1280
bayesfl_observability_v1,ola_sparse_bayesian_keep010_seed42,125,ola,global,,,layers.1.weight,db,49,-52.277396640996244,-51.234848040459575,-51.75612234072791,49,0.036718911694182975,0.278125,1280
bayesfl_observability_v1,ola_sparse_bayesian_keep010_seed42,125,ola,global,,,layers.1.weight,db,50,-51.234848040459575,-50.1922994399229,-50.71357374019124,37,0.02772652515683185,0.30703125,1280
bayesfl_observability_v1,ola_sparse_bayesian_keep010_seed42,125,ola,global,,,layers.1.weight,db,51,-50.1922994399229,-49.14975083938623,-49.67102513965456,40,0.029974621791169775,0.33828125,1280
bayesfl_observability_v1,ola_sparse_bayesian_keep010_seed42,125,ola,global,,,layers.1.weight,db,52,-49.14975083938623,-48.10720223884955,-48.62847653911789,49,0.036718911694182725,0.3765625,1280
bayesfl_observability_v1,ola_sparse_bayesian_keep010_seed42,125,ola,global,,,layers.1.weight,db,53,-48.10720223884955,-47.064653638312876,-47.585927938581214,40,0.02997462179116957,0.4078125,1280
bayesfl_observability_v1,ola_sparse_bayesian_keep010_seed42,125,ola,global,,,layers.1.weight,db,54,-47.064653638312876,-46.02210503777621,-46.543379338044545,73,0.05470368476888484,0.46484375,1280
bayesfl_observability_v1,ola_sparse_bayesian_keep010_seed42,125,ola,global,,,layers.1.weight,db,55,-46.02210503777621,-44.97955643723953,-45.50083073750787,63,0.04721002932109207,0.5140625,1280
bayesfl_observability_v1,ola_sparse_bayesian_keep010_seed42,125,ola,global,,,layers.1.weight,db,56,-44.97955643723953,-43.937007836702854,-44.45828213697119,65,0.04870876041065055,0.56484375,1280
bayesfl_observability_v1,ola_sparse_bayesian_keep010_seed42,125,ola,global,,,layers.1.weight,db,57,-43.937007836702854,-42.894459236166185,-43.415733536434516,67,0.050207491500209374,0.6171875,1280
bayesfl_observability_v1,ola_sparse_bayesian_keep010_seed42,125,ola,global,,,layers.1.weight,db,58,-42.894459236166185,-41.85191063562951,-42.37318493589785,55,0.04121510496285816,0.66015625,1280
bayesfl_observability_v1,ola_sparse_bayesian_keep010_seed42,125,ola,global,,,layers.1.weight,db,59,-41.85191063562951,-40.80936203509283,-41.33063633536117,55,0.04121510496285816,0.703125,1280
bayesfl_observability_v1,ola_sparse_bayesian_keep010_seed42,125,ola,global,,,layers.1.weight,db,60,-40.80936203509283,-39.76681343455616,-40.2880877348245,62,0.04646066377631315,0.7515625,1280
bayesfl_observability_v1,ola_sparse_bayesian_keep010_seed42,125,ola,global,,,layers.1.weight,db,61,-39.76681343455616,-38.72426483401949,-39.245539134287824,54,0.0404657394180792,0.79375,1280
bayesfl_observability_v1,ola_sparse_bayesian_keep010_seed42,125,ola,global,,,layers.1.weight,db,62,-38.72426483401949,-37.68171623348282,-38.202990533751155,36,0.026977159612052614,0.821875,1280
bayesfl_observability_v1,ola_sparse_bayesian_keep010_seed42,125,ola,global,,,layers.1.weight,db,63,-37.68171623348282,-36.63916763294614,-37.16044193321448,41,0.030723987335948808,0.85390625,1280
bayesfl_observability_v1,ola_sparse_bayesian_keep010_seed42,125,ola,global,,,layers.1.weight,db,64,-36.63916763294614,-35.596619032409464,-36.1178933326778,34,0.025478428522494136,0.88046875,1280
bayesfl_observability_v1,ola_sparse_bayesian_keep010_seed42,125,ola,global,,,layers.1.weight,db,65,-35.596619032409464,-34.55407043187279,-35.075344732141126,38,0.028475890701611092,0.91015625,1280
bayesfl_observability_v1,ola_sparse_bayesian_keep010_seed42,125,ola,global,,,layers.1.weight,db,66,-34.55407043187279,-33.511521831336125,-34.03279613160446,25,0.018734138619481238,0.9296875,1280
bayesfl_observability_v1,ola_sparse_bayesian_keep010_seed42,125,ola,global,,,layers.1.weight,db,67,-33.511521831336125,-32.46897323079945,-32.99024753106779,13,0.00974175208213011,0.93984375,1280
bayesfl_observability_v1,ola_sparse_bayesian_keep010_seed42,125,ola,global,,,layers.1.weight,db,68,-32.46897323079945,-31.426424630262773,-31.94769893053111,20,0.014987310895584785,0.95546875,1280
bayesfl_observability_v1,ola_sparse_bayesian_keep010_seed42,125,ola,global,,,layers.1.weight,db,69,-31.426424630262773,-30.383876029726096,-30.905150329994434,15,0.01124048317168859,0.9671875,1280
bayesfl_observability_v1,ola_sparse_bayesian_keep010_seed42,125,ola,global,,,layers.1.weight,db,70,-30.383876029726096,-29.34132742918942,-29.862601729457758,8,0.005994924358233914,0.9734375,1280
bayesfl_observability_v1,ola_sparse_bayesian_keep010_seed42,125,ola,global,,,layers.1.weight,db,71,-29.34132742918942,-28.298778828652758,-28.82005312892109,10,0.007493655447792494,0.98125,1280
bayesfl_observability_v1,ola_sparse_bayesian_keep010_seed42,125,ola,global,,,layers.1.weight,db,72,-28.298778828652758,-27.25623022811608,-27.77750452838442,7,0.005245558813454675,0.98671875,1280
bayesfl_observability_v1,ola_sparse_bayesian_keep010_seed42,125,ola,global,,,layers.1.weight,db,73,-27.25623022811608,-26.213681627579405,-26.734955927847743,3,0.0022480966343377175,0.9890625,1280
bayesfl_observability_v1,ola_sparse_bayesian_keep010_seed42,125,ola,global,,,layers.1.weight,db,74,-26.213681627579405,-25.17113302704273,-25.692407327311066,4,0.002997462179116957,0.9921875,1280
bayesfl_observability_v1,ola_sparse_bayesian_keep010_seed42,125,ola,global,,,layers.1.weight,db,75,-25.17113302704273,-24.128584426506052,-24.64985872677439,4,0.002997462179116957,0.9953125,1280
bayesfl_observability_v1,ola_sparse_bayesian_keep010_seed42,125,ola,global,,,layers.1.weight,db,76,-24.128584426506052,-23.086035825969375,-23.607310126237714,3,0.0022480966343377175,0.99765625,1280
bayesfl_observability_v1,ola_sparse_bayesian_keep010_seed42,125,ola,global,,,layers.1.weight,db,77,-23.086035825969375,-22.043487225432713,-22.564761525701044,1,0.0007493655447792495,0.9984375,1280
bayesfl_observability_v1,ola_sparse_bayesian_keep010_seed42,125,ola,global,,,layers.1.weight,db,78,-22.043487225432713,-21.000938624896037,-21.522212925164375,1,0.0007493655447792393,0.99921875,1280
bayesfl_observability_v1,ola_sparse_bayesian_keep010_seed42,125,ola,global,,,layers.1.weight,db,79,-21.000938624896037,-19.958390024359364,-20.4796643246277,1,0.0007493655447792418,1.0,1280
bayesfl_observability_v1,ola_sparse_bayesian_keep010_seed42,125,ola,global,,,layers.1.bias,raw,0,7.032925549992769e-05,0.00021211344449981957,0.00014122134999987362,2,1410.594519817386,0.2,10
bayesfl_observability_v1,ola_sparse_bayesian_keep010_seed42,125,ola,global,,,layers.1.bias,raw,1,0.00021211344449981957,0.00035389763349971145,0.0002830055389997655,1,705.297259908693,0.3,10
bayesfl_observability_v1,ola_sparse_bayesian_keep010_seed42,125,ola,global,,,layers.1.bias,raw,2,0.00035389763349971145,0.0004956818224996034,0.00042478972799965737,0,0.0,0.3,10
bayesfl_observability_v1,ola_sparse_bayesian_keep010_seed42,125,ola,global,,,layers.1.bias,raw,3,0.0004956818224996034,0.0006374660114994952,0.0005665739169995493,1,705.2972599086931,0.4,10
bayesfl_observability_v1,ola_sparse_bayesian_keep010_seed42,125,ola,global,,,layers.1.bias,raw,4,0.0006374660114994952,0.000779250200499387,0.0007083581059994411,1,705.2972599086931,0.5,10
bayesfl_observability_v1,ola_sparse_bayesian_keep010_seed42,125,ola,global,,,layers.1.bias,raw,5,0.000779250200499387,0.000921034389499279,0.000850142294999333,0,0.0,0.5,10
bayesfl_observability_v1,ola_sparse_bayesian_keep010_seed42,125,ola,global,,,layers.1.bias,raw,6,0.000921034389499279,0.0010628185784991708,0.000991926483999225,0,0.0,0.5,10
bayesfl_observability_v1,ola_sparse_bayesian_keep010_seed42,125,ola,global,,,layers.1.bias,raw,7,0.0010628185784991708,0.0012046027674990627,0.0011337106729991167,0,0.0,0.5,10
bayesfl_observability_v1,ola_sparse_bayesian_keep010_seed42,125,ola,global,,,layers.1.bias,raw,8,0.0012046027674990627,0.0013463869564989547,0.0012754948619990087,0,0.0,0.5,10
bayesfl_observability_v1,ola_sparse_bayesian_keep010_seed42,125,ola,global,,,layers.1.bias,raw,9,0.0013463869564989547,0.0014881711454988464,0.0014172790509989004,0,0.0,0.5,10
bayesfl_observability_v1,ola_sparse_bayesian_keep010_seed42,125,ola,global,,,layers.1.bias,raw,10,0.0014881711454988464,0.0016299553344987384,0.0015590632399987924,1,705.2972599086927,0.6,10
bayesfl_observability_v1,ola_sparse_bayesian_keep010_seed42,125,ola,global,,,layers.1.bias,raw,11,0.0016299553344987384,0.0017717395234986303,0.0017008474289986844,0,0.0,0.6,10
bayesfl_observability_v1,ola_sparse_bayesian_keep010_seed42,125,ola,global,,,layers.1.bias,raw,12,0.0017717395234986303,0.001913523712498522,0.0018426316179985763,0,0.0,0.6,10
bayesfl_observability_v1,ola_sparse_bayesian_keep010_seed42,125,ola,global,,,layers.1.bias,raw,13,0.001913523712498522,0.002055307901498414,0.001984415806998468,0,0.0,0.6,10
bayesfl_observability_v1,ola_sparse_bayesian_keep010_seed42,125,ola,global,,,layers.1.bias,raw,14,0.002055307901498414,0.0021970920904983058,0.00212619999599836,0,0.0,0.6,10
bayesfl_observability_v1,ola_sparse_bayesian_keep010_seed42,125,ola,global,,,layers.1.bias,raw,15,0.0021970920904983058,0.0023388762794981977,0.0022679841849982518,0,0.0,0.6,10
bayesfl_observability_v1,ola_sparse_bayesian_keep010_seed42,125,ola,global,,,layers.1.bias,raw,16,0.0023388762794981977,0.0024806604684980897,0.0024097683739981437,0,0.0,0.6,10
bayesfl_observability_v1,ola_sparse_bayesian_keep010_seed42,125,ola,global,,,layers.1.bias,raw,17,0.0024806604684980897,0.0026224446574979817,0.0025515525629980357,0,0.0,0.6,10
bayesfl_observability_v1,ola_sparse_bayesian_keep010_seed42,125,ola,global,,,layers.1.bias,raw,18,0.0026224446574979817,0.002764228846497873,0.0026933367519979276,0,0.0,0.6,10
bayesfl_observability_v1,ola_sparse_bayesian_keep010_seed42,125,ola,global,,,layers.1.bias,raw,19,0.002764228846497873,0.002906013035497765,0.002835120940997819,0,0.0,0.6,10
bayesfl_observability_v1,ola_sparse_bayesian_keep010_seed42,125,ola,global,,,layers.1.bias,raw,20,0.002906013035497765,0.003047797224497657,0.002976905129997711,0,0.0,0.6,10
bayesfl_observability_v1,ola_sparse_bayesian_keep010_seed42,125,ola,global,,,layers.1.bias,raw,21,0.003047797224497657,0.003189581413497549,0.003118689318997603,0,0.0,0.6,10
bayesfl_observability_v1,ola_sparse_bayesian_keep010_seed42,125,ola,global,,,layers.1.bias,raw,22,0.003189581413497549,0.003331365602497441,0.003260473507997495,0,0.0,0.6,10
bayesfl_observability_v1,ola_sparse_bayesian_keep010_seed42,125,ola,global,,,layers.1.bias,raw,23,0.003331365602497441,0.003473149791497333,0.003402257696997387,0,0.0,0.6,10
bayesfl_observability_v1,ola_sparse_bayesian_keep010_seed42,125,ola,global,,,layers.1.bias,raw,24,0.003473149791497333,0.0036149339804972245,0.0035440418859972785,0,0.0,0.6,10
bayesfl_observability_v1,ola_sparse_bayesian_keep010_seed42,125,ola,global,,,layers.1.bias,raw,25,0.0036149339804972245,0.0037567181694971165,0.0036858260749971705,0,0.0,0.6,10
bayesfl_observability_v1,ola_sparse_bayesian_keep010_seed42,125,ola,global,,,layers.1.bias,raw,26,0.0037567181694971165,0.0038985023584970084,0.0038276102639970624,0,0.0,0.6,10
bayesfl_observability_v1,ola_sparse_bayesian_keep010_seed42,125,ola,global,,,layers.1.bias,raw,27,0.0038985023584970084,0.0040402865474969,0.003969394452996954,0,0.0,0.6,10
bayesfl_observability_v1,ola_sparse_bayesian_keep010_seed42,125,ola,global,,,layers.1.bias,raw,28,0.0040402865474969,0.004182070736496792,0.004111178641996846,0,0.0,0.6,10
bayesfl_observability_v1,ola_sparse_bayesian_keep010_seed42,125,ola,global,,,layers.1.bias,raw,29,0.004182070736496792,0.004323854925496684,0.0042529628309967375,0,0.0,0.6,10
bayesfl_observability_v1,ola_sparse_bayesian_keep010_seed42,125,ola,global,,,layers.1.bias,raw,30,0.004323854925496684,0.004465639114496576,0.00439474701999663,0,0.0,0.6,10
bayesfl_observability_v1,ola_sparse_bayesian_keep010_seed42,125,ola,global,,,layers.1.bias,raw,31,0.004465639114496576,0.004607423303496468,0.004536531208996521,0,0.0,0.6,10
bayesfl_observability_v1,ola_sparse_bayesian_keep010_seed42,125,ola,global,,,layers.1.bias,raw,32,0.004607423303496468,0.00474920749249636,0.004678315397996414,0,0.0,0.6,10
bayesfl_observability_v1,ola_sparse_bayesian_keep010_seed42,125,ola,global,,,layers.1.bias,raw,33,0.00474920749249636,0.004890991681496252,0.004820099586996305,0,0.0,0.6,10
bayesfl_observability_v1,ola_sparse_bayesian_keep010_seed42,125,ola,global,,,layers.1.bias,raw,34,0.004890991681496252,0.005032775870496144,0.004961883775996198,1,705.2972599086927,0.7,10
bayesfl_observability_v1,ola_sparse_bayesian_keep010_seed42,125,ola,global,,,layers.1.bias,raw,35,0.005032775870496144,0.005174560059496036,0.005103667964996089,0,0.0,0.7,10
bayesfl_observability_v1,ola_sparse_bayesian_keep010_seed42,125,ola,global,,,layers.1.bias,raw,36,0.005174560059496036,0.005316344248495928,0.005245452153995982,1,705.2972599086927,0.8,10
bayesfl_observability_v1,ola_sparse_bayesian_keep010_seed42,125,ola,global,,,layers.1.bias,raw,37,0.005316344248495928,0.005458128437495819,0.005387236342995873,0,0.0,0.8,10
bayesfl_observability_v1,ola_sparse_bayesian_keep010_seed42,125,ola,global,,,layers.1.bias,raw,38,0.005458128437495819,0.005599912626495711,0.005529020531995764,0,0.0,0.8,10
bayesfl_observability_v1,ola_sparse_bayesian_keep010_seed42,125,ola,global,,,layers.1.bias,raw,39,0.005599912626495711,0.005741696815495603,0.005670804720995657,1,705.2972599086927,0.9,10
bayesfl_observability_v1,ola_sparse_bayesian_keep010_seed42,125,ola,global,,,layers.1.bias,raw,40,0.005741696815495603,0.0058834810044954946,0.005812588909995548,0,0.0,0.9,10
bayesfl_observability_v1,ola_sparse_bayesian_keep010_seed42,125,ola,global,,,layers.1.bias,raw,41,0.0058834810044954946,0.0060252651934953865,0.005954373098995441,0,0.0,0.9,10
bayesfl_observability_v1,ola_sparse_bayesian_keep010_seed42,125,ola,global,,,layers.1.bias,raw,42,0.0060252651934953865,0.0061670493824952785,0.006096157287995332,0,0.0,0.9,10
bayesfl_observability_v1,ola_sparse_bayesian_keep010_seed42,125,ola,global,,,layers.1.bias,raw,43,0.0061670493824952785,0.00630883357149517,0.006237941476995225,0,0.0,0.9,10
bayesfl_observability_v1,ola_sparse_bayesian_keep010_seed42,125,ola,global,,,layers.1.bias,raw,44,0.00630883357149517,0.006450617760495062,0.006379725665995116,0,0.0,0.9,10
bayesfl_observability_v1,ola_sparse_bayesian_keep010_seed42,125,ola,global,,,layers.1.bias,raw,45,0.006450617760495062,0.006592401949494954,0.006521509854995009,0,0.0,0.9,10
bayesfl_observability_v1,ola_sparse_bayesian_keep010_seed42,125,ola,global,,,layers.1.bias,raw,46,0.006592401949494954,0.006734186138494846,0.0066632940439949,0,0.0,0.9,10
bayesfl_observability_v1,ola_sparse_bayesian_keep010_seed42,125,ola,global,,,layers.1.bias,raw,47,0.006734186138494846,0.006875970327494738,0.006805078232994793,0,0.0,0.9,10
bayesfl_observability_v1,ola_sparse_bayesian_keep010_seed42,125,ola,global,,,layers.1.bias,raw,48,0.006875970327494738,0.007017754516494629,0.006946862421994684,0,0.0,0.9,10
bayesfl_observability_v1,ola_sparse_bayesian_keep010_seed42,125,ola,global,,,layers.1.bias,raw,49,0.007017754516494629,0.007159538705494521,0.007088646610994575,0,0.0,0.9,10
bayesfl_observability_v1,ola_sparse_bayesian_keep010_seed42,125,ola,global,,,layers.1.bias,raw,50,0.007159538705494521,0.007301322894494413,0.007230430799994468,0,0.0,0.9,10
bayesfl_observability_v1,ola_sparse_bayesian_keep010_seed42,125,ola,global,,,layers.1.bias,raw,51,0.007301322894494413,0.007443107083494305,0.007372214988994359,0,0.0,0.9,10
bayesfl_observability_v1,ola_sparse_bayesian_keep010_seed42,125,ola,global,,,layers.1.bias,raw,52,0.007443107083494305,0.007584891272494197,0.007513999177994252,0,0.0,0.9,10
bayesfl_observability_v1,ola_sparse_bayesian_keep010_seed42,125,ola,global,,,layers.1.bias,raw,53,0.007584891272494197,0.007726675461494089,0.007655783366994143,0,0.0,0.9,10
bayesfl_observability_v1,ola_sparse_bayesian_keep010_seed42,125,ola,global,,,layers.1.bias,raw,54,0.007726675461494089,0.007868459650493981,0.007797567555994036,0,0.0,0.9,10
bayesfl_observability_v1,ola_sparse_bayesian_keep010_seed42,125,ola,global,,,layers.1.bias,raw,55,0.007868459650493981,0.008010243839493872,0.007939351744993927,0,0.0,0.9,10
bayesfl_observability_v1,ola_sparse_bayesian_keep010_seed42,125,ola,global,,,layers.1.bias,raw,56,0.008010243839493872,0.008152028028493765,0.00808113593399382,0,0.0,0.9,10
bayesfl_observability_v1,ola_sparse_bayesian_keep010_seed42,125,ola,global,,,layers.1.bias,raw,57,0.008152028028493765,0.008293812217493656,0.00822292012299371,0,0.0,0.9,10
bayesfl_observability_v1,ola_sparse_bayesian_keep010_seed42,125,ola,global,,,layers.1.bias,raw,58,0.008293812217493656,0.008435596406493549,0.008364704311993602,0,0.0,0.9,10
bayesfl_observability_v1,ola_sparse_bayesian_keep010_seed42,125,ola,global,,,layers.1.bias,raw,59,0.008435596406493549,0.00857738059549344,0.008506488500993495,0,0.0,0.9,10
bayesfl_observability_v1,ola_sparse_bayesian_keep010_seed42,125,ola,global,,,layers.1.bias,raw,60,0.00857738059549344,0.008719164784493333,0.008648272689993387,0,0.0,0.9,10
bayesfl_observability_v1,ola_sparse_bayesian_keep010_seed42,125,ola,global,,,layers.1.bias,raw,61,0.008719164784493333,0.008860948973493224,0.008790056878993278,0,0.0,0.9,10
bayesfl_observability_v1,ola_sparse_bayesian_keep010_seed42,125,ola,global,,,layers.1.bias,raw,62,0.008860948973493224,0.009002733162493117,0.00893184106799317,0,0.0,0.9,10
bayesfl_observability_v1,ola_sparse_bayesian_keep010_seed42,125,ola,global,,,layers.1.bias,raw,63,0.009002733162493117,0.009144517351493008,0.009073625256993062,0,0.0,0.9,10
bayesfl_observability_v1,ola_sparse_bayesian_keep010_seed42,125,ola,global,,,layers.1.bias,raw,64,0.009144517351493008,0.009286301540492899,0.009215409445992953,0,0.0,0.9,10
bayesfl_observability_v1,ola_sparse_bayesian_keep010_seed42,125,ola,global,,,layers.1.bias,raw,65,0.009286301540492899,0.009428085729492792,0.009357193634992846,0,0.0,0.9,10
bayesfl_observability_v1,ola_sparse_bayesian_keep010_seed42,125,ola,global,,,layers.1.bias,raw,66,0.009428085729492792,0.009569869918492683,0.009498977823992737,0,0.0,0.9,10
bayesfl_observability_v1,ola_sparse_bayesian_keep010_seed42,125,ola,global,,,layers.1.bias,raw,67,0.009569869918492683,0.009711654107492576,0.009640762012992628,0,0.0,0.9,10
bayesfl_observability_v1,ola_sparse_bayesian_keep010_seed42,125,ola,global,,,layers.1.bias,raw,68,0.009711654107492576,0.009853438296492467,0.009782546201992521,0,0.0,0.9,10
bayesfl_observability_v1,ola_sparse_bayesian_keep010_seed42,125,ola,global,,,layers.1.bias,raw,69,0.009853438296492467,0.00999522248549236,0.009924330390992414,0,0.0,0.9,10
bayesfl_observability_v1,ola_sparse_bayesian_keep010_seed42,125,ola,global,,,layers.1.bias,raw,70,0.00999522248549236,0.01013700667449225,0.010066114579992305,0,0.0,0.9,10
bayesfl_observability_v1,ola_sparse_bayesian_keep010_seed42,125,ola,global,,,layers.1.bias,raw,71,0.01013700667449225,0.010278790863492144,0.010207898768992196,0,0.0,0.9,10
bayesfl_observability_v1,ola_sparse_bayesian_keep010_seed42,125,ola,global,,,layers.1.bias,raw,72,0.010278790863492144,0.010420575052492035,0.010349682957992089,0,0.0,0.9,10
bayesfl_observability_v1,ola_sparse_bayesian_keep010_seed42,125,ola,global,,,layers.1.bias,raw,73,0.010420575052492035,0.010562359241491927,0.010491467146991982,0,0.0,0.9,10
bayesfl_observability_v1,ola_sparse_bayesian_keep010_seed42,125,ola,global,,,layers.1.bias,raw,74,0.010562359241491927,0.010704143430491819,0.010633251335991873,0,0.0,0.9,10
bayesfl_observability_v1,ola_sparse_bayesian_keep010_seed42,125,ola,global,,,layers.1.bias,raw,75,0.010704143430491819,0.01084592761949171,0.010775035524991764,0,0.0,0.9,10
bayesfl_observability_v1,ola_sparse_bayesian_keep010_seed42,125,ola,global,,,layers.1.bias,raw,76,0.01084592761949171,0.010987711808491602,0.010916819713991655,0,0.0,0.9,10
bayesfl_observability_v1,ola_sparse_bayesian_keep010_seed42,125,ola,global,,,layers.1.bias,raw,77,0.010987711808491602,0.011129495997491494,0.011058603902991548,0,0.0,0.9,10
bayesfl_observability_v1,ola_sparse_bayesian_keep010_seed42,125,ola,global,,,layers.1.bias,raw,78,0.011129495997491494,0.011271280186491386,0.01120038809199144,0,0.0,0.9,10
bayesfl_observability_v1,ola_sparse_bayesian_keep010_seed42,125,ola,global,,,layers.1.bias,raw,79,0.011271280186491386,0.011413064375491278,0.011342172280991332,1,705.297259908697,1.0,10
bayesfl_observability_v1,ola_sparse_bayesian_keep010_seed42,125,ola,global,,,layers.1.bias,db,0,-83.0572794758995,-82.50471291571253,-82.78099619580601,1,0.18097367304703074,0.1,10
bayesfl_observability_v1,ola_sparse_bayesian_keep010_seed42,125,ola,global,,,layers.1.bias,db,1,-82.50471291571253,-81.95214635552556,-82.22842963561905,0,0.0,0.1,10
bayesfl_observability_v1,ola_sparse_bayesian_keep010_seed42,125,ola,global,,,layers.1.bias,db,2,-81.95214635552556,-81.39957979533858,-81.67586307543206,0,0.0,0.1,10
bayesfl_observability_v1,ola_sparse_bayesian_keep010_seed42,125,ola,global,,,layers.1.bias,db,3,-81.39957979533858,-80.8470132351516,-81.1232965152451,0,0.0,0.1,10
bayesfl_observability_v1,ola_sparse_bayesian_keep010_seed42,125,ola,global,,,layers.1.bias,db,4,-80.8470132351516,-80.29444667496465,-80.57072995505813,0,0.0,0.1,10
bayesfl_observability_v1,ola_sparse_bayesian_keep010_seed42,125,ola,global,,,layers.1.bias,db,5,-80.29444667496465,-79.74188011477767,-80.01816339487115,0,0.0,0.1,10
bayesfl_observability_v1,ola_sparse_bayesian_keep010_seed42,125,ola,global,,,layers.1.bias,db,6,-79.74188011477767,-79.1893135545907,-79.46559683468419,0,0.0,0.1,10
bayesfl_observability_v1,ola_sparse_bayesian_keep010_seed42,125,ola,global,,,layers.1.bias,db,7,-79.1893135545907,-78.63674699440372,-78.9130302744972,0,0.0,0.1,10
bayesfl_observability_v1,ola_sparse_bayesian_keep010_seed42,125,ola,global,,,layers.1.bias,db,8,-78.63674699440372,-78.08418043421675,-78.36046371431024,0,0.0,0.1,10
bayesfl_observability_v1,ola_sparse_bayesian_keep010_seed42,125,ola,global,,,layers.1.bias,db,9,-78.08418043421675,-77.53161387402977,-77.80789715412325,0,0.0,0.1,10
bayesfl_observability_v1,ola_sparse_bayesian_keep010_seed42,125,ola,global,,,layers.1.bias,db,10,-77.53161387402977,-76.9790473138428,-77.25533059393629,0,0.0,0.1,10
bayesfl_observability_v1,ola_sparse_bayesian_keep010_seed42,125,ola,global,,,layers.1.bias,db,11,-76.9790473138428,-76.42648075365582,-76.7027640337493,0,0.0,0.1,10
bayesfl_observability_v1,ola_sparse_bayesian_keep010_seed42,125,ola,global,,,layers.1.bias,db,12,-76.42648075365582,-75.87391419346885,-76.15019747356234,0,0.0,0.1,10
bayesfl_observability_v1,ola_sparse_bayesian_keep010_seed42,125,ola,global,,,layers.1.bias,db,13,-75.87391419346885,-75.32134763328187,-75.59763091337535,0,0.0,0.1,10
bayesfl_observability_v1,ola_sparse_bayesian_keep010_seed42,125,ola,global,,,layers.1.bias,db,14,-75.32134763328187,-74.76878107309491,-75.0450643531884,1,0.1809736730470354,0.2,10
bayesfl_observability_v1,ola_sparse_bayesian_keep010_seed42,125,ola,global,,,layers.1.bias,db,15,-74.76878107309491,-74.21621451290794,-74.49249779300143,0,0.0,0.2,10
bayesfl_observability_v1,ola_sparse_bayesian_keep010_seed42,125,ola,global,,,layers.1.bias,db,16,-74.21621451290794,-73.66364795272096,-73.93993123281444,0,0.0,0.2,10
bayesfl_observability_v1,ola_sparse_bayesian_keep010_seed42,125,ola,global,,,layers.1.bias,db,17,-73.66364795272096,-73.11108139253399,-73.38736467262748,0,0.0,0.2,10
bayesfl_observability_v1,ola_sparse_bayesian_keep010_seed42,125,ola,global,,,layers.1.bias,db,18,-73.11108139253399,-72.55851483234702,-72.8347981124405,0,0.0,0.2,10
bayesfl_observability_v1,ola_sparse_bayesian_keep010_seed42,125,ola,global,,,layers.1.bias,db,19,-72.55851483234702,-72.00594827216004,-72.28223155225353,0,0.0,0.2,10
bayesfl_observability_v1,ola_sparse_bayesian_keep010_seed42,125,ola,global,,,layers.1.bias,db,20,-72.00594827216004,-71.45338171197307,-71.72966499206655,0,0.0,0.2,10
bayesfl_observability_v1,ola_sparse_bayesian_keep010_seed42,125,ola,global,,,layers.1.bias,db,21,-71.45338171197307,-70.90081515178609,-71.17709843187959,0,0.0,0.2,10
bayesfl_observability_v1,ola_sparse_bayesian_keep010_seed42,125,ola,global,,,layers.1.bias,db,22,-70.90081515178609,-70.34824859159912,-70.6245318716926,0,0.0,0.2,10
bayesfl_observability_v1,ola_sparse_bayesian_keep010_seed42,125,ola,global,,,layers.1.bias,db,23,-70.34824859159912,-69.79568203141216,-70.07196531150564,1,0.1809736730470354,0.3,10
bayesfl_observability_v1,ola_sparse_bayesian_keep010_seed42,125,ola,global,,,layers.1.bias,db,24,-69.79568203141216,-69.24311547122518,-69.51939875131868,0,0.0,0.3,10
bayesfl_observability_v1,ola_sparse_bayesian_keep010_seed42,125,ola,global,,,layers.1.bias,db,25,-69.24311547122518,-68.6905489110382,-68.96683219113169,0,0.0,0.3,10
bayesfl_observability_v1,ola_sparse_bayesian_keep010_seed42,125,ola,global,,,layers.1.bias,db,26,-68.6905489110382,-68.13798235085123,-68.41426563094473,0,0.0,0.3,10
bayesfl_observability_v1,ola_sparse_bayesian_keep010_seed42,125,ola,global,,,layers.1.bias,db,27,-68.13798235085123,-67.58541579066426,-67.86169907075774,0,0.0,0.3,10
bayesfl_observability_v1,ola_sparse_bayesian_keep010_seed42,125,ola,global,,,layers.1.bias,db,28,-67.58541579066426,-67.03284923047728,-67.30913251057078,0,0.0,0.3,10
bayesfl_observability_v1,ola_sparse_bayesian_keep010_seed42,125,ola,global,,,layers.1.bias,db,29,-67.03284923047728,-66.48028267029031,-66.75656595038379,0,0.0,0.3,10
bayesfl_observability_v1,ola_sparse_bayesian_keep010_seed42,125,ola,global,,,layers.1.bias,db,30,-66.48028267029031,-65.92771611010335,-66.20399939019683,0,0.0,0.3,10
bayesfl_observability_v1,ola_sparse_bayesian_keep010_seed42,125,ola,global,,,layers.1.bias,db,31,-65.92771611010335,-65.37514954991636,-65.65143283000985,0,0.0,0.3,10
bayesfl_observability_v1,ola_sparse_bayesian_keep010_seed42,125,ola,global,,,layers.1.bias,db,32,-65.37514954991636,-64.8225829897294,-65.09886626982288,0,0.0,0.3,10
bayesfl_observability_v1,ola_sparse_bayesian_keep010_seed42,125,ola,global,,,layers.1.bias,db,33,-64.8225829897294,-64.27001642954242,-64.54629970963592,0,0.0,0.3,10
bayesfl_observability_v1,ola_sparse_bayesian_keep010_seed42,125,ola,global,,,layers.1.bias,db,34,-64.27001642954242,-63.71744986935545,-63.993733149448936,1,0.18097367304703074,0.4,10
bayesfl_observability_v1,ola_sparse_bayesian_keep010_seed42,125,ola,global,,,layers.1.bias,db,35,-63.71744986935545,-63.164883309168474,-63.44116658926196,0,0.0,0.4,10
bayesfl_observability_v1,ola_sparse_bayesian_keep010_seed42,125,ola,global,,,layers.1.bias,db,36,-63.164883309168474,-62.6123167489815,-62.888600029074986,0,0.0,0.4,10
bayesfl_observability_v1,ola_sparse_bayesian_keep010_seed42,125,ola,global,,,layers.1.bias,db,37,-62.6123167489815,-62.059750188794524,-62.33603346888801,1,0.18097367304703074,0.5,10
bayesfl_observability_v1,ola_sparse_bayesian_keep010_seed42,125,ola,global,,,layers.1.bias,db,38,-62.059750188794524,-61.50718362860755,-61.78346690870104,0,0.0,0.5,10
bayesfl_observability_v1,ola_sparse_bayesian_keep010_seed42,125,ola,global,,,layers.1.bias,db,39,-61.50718362860755,-60.95461706842058,-61.23090034851407,0,0.0,0.5,10
bayesfl_observability_v1,ola_sparse_bayesian_keep010_seed42,125,ola,global,,,layers.1.bias,db,40,-60.95461706842058,-60.40205050823361,-60.678333788327095,0,0.0,0.5,10
bayesfl_observability_v1,ola_sparse_bayesian_keep010_seed42,125,ola,global,,,layers.1.bias,db,41,-60.40205050823361,-59.84948394804663,-60.12576722814012,0,0.0,0.5,10
bayesfl_observability_v1,ola_sparse_bayesian_keep010_seed42,125,ola,global,,,layers.1.bias,db,42,-59.84948394804663,-59.296917387859665,-59.573200667953145,0,0.0,0.5,10
bayesfl_observability_v1,ola_sparse_bayesian_keep010_seed42,125,ola,global,,,layers.1.bias,db,43,-59.296917387859665,-58.74435082767269,-59.02063410776618,0,0.0,0.5,10
bayesfl_observability_v1,ola_sparse_bayesian_keep010_seed42,125,ola,global,,,layers.1.bias,db,44,-58.74435082767269,-58.191784267485716,-58.4680675475792,0,0.0,0.5,10
bayesfl_observability_v1,ola_sparse_bayesian_keep010_seed42,125,ola,global,,,layers.1.bias,db,45,-58.191784267485716,-57.63921770729874,-57.91550098739223,0,0.0,0.5,10
bayesfl_observability_v1,ola_sparse_bayesian_keep010_seed42,125,ola,global,,,layers.1.bias,db,46,-57.63921770729874,-57.086651147111766,-57.36293442720525,0,0.0,0.5,10
bayesfl_observability_v1,ola_sparse_bayesian_keep010_seed42,125,ola,global,,,layers.1.bias,db,47,-57.086651147111766,-56.53408458692479,-56.81036786701828,0,0.0,0.5,10
bayesfl_observability_v1,ola_sparse_bayesian_keep010_seed42,125,ola,global,,,layers.1.bias,db,48,-56.53408458692479,-55.98151802673782,-56.257801306831304,1,0.18097367304703074,0.6,10
bayesfl_observability_v1,ola_sparse_bayesian_keep010_seed42,125,ola,global,,,layers.1.bias,db,49,-55.98151802673782,-55.42895146655085,-55.70523474664434,0,0.0,0.6,10
bayesfl_observability_v1,ola_sparse_bayesian_keep010_seed42,125,ola,global,,,layers.1.bias,db,50,-55.42895146655085,-54.876384906363874,-55.15266818645736,0,0.0,0.6,10
bayesfl_observability_v1,ola_sparse_bayesian_keep010_seed42,125,ola,global,,,layers.1.bias,db,51,-54.876384906363874,-54.32381834617691,-54.60010162627039,0,0.0,0.6,10
bayesfl_observability_v1,ola_sparse_bayesian_keep010_seed42,125,ola,global,,,layers.1.bias,db,52,-54.32381834617691,-53.77125178598993,-54.04753506608342,0,0.0,0.6,10
bayesfl_observability_v1,ola_sparse_bayesian_keep010_seed42,125,ola,global,,,layers.1.bias,db,53,-53.77125178598993,-53.21868522580296,-53.494968505896445,0,0.0,0.6,10
bayesfl_observability_v1,ola_sparse_bayesian_keep010_seed42,125,ola,global,,,layers.1.bias,db,54,-53.21868522580296,-52.66611866561598,-52.94240194570947,0,0.0,0.6,10
bayesfl_observability_v1,ola_sparse_bayesian_keep010_seed42,125,ola,global,,,layers.1.bias,db,55,-52.66611866561598,-52.11355210542901,-52.389835385522495,0,0.0,0.6,10
bayesfl_observability_v1,ola_sparse_bayesian_keep010_seed42,125,ola,global,,,layers.1.bias,db,56,-52.11355210542901,-51.56098554524203,-51.83726882533552,0,0.0,0.6,10
bayesfl_observability_v1,ola_sparse_bayesian_keep010_seed42,125,ola,global,,,layers.1.bias,db,57,-51.56098554524203,-51.008418985055066,-51.28470226514855,0,0.0,0.6,10
bayesfl_observability_v1,ola_sparse_bayesian_keep010_seed42,125,ola,global,,,layers.1.bias,db,58,-51.008418985055066,-50.45585242486809,-50.73213570496158,0,0.0,0.6,10
bayesfl_observability_v1,ola_sparse_bayesian_keep010_seed42,125,ola,global,,,layers.1.bias,db,59,-50.45585242486809,-49.903285864681116,-50.179569144774604,0,0.0,0.6,10
bayesfl_observability_v1,ola_sparse_bayesian_keep010_seed42,125,ola,global,,,layers.1.bias,db,60,-49.903285864681116,-49.35071930449414,-49.62700258458763,0,0.0,0.6,10
bayesfl_observability_v1,ola_sparse_bayesian_keep010_seed42,125,ola,global,,,layers.1.bias,db,61,-49.35071930449414,-48.798152744307174,-49.074436024400654,0,0.0,0.6,10
bayesfl_observability_v1,ola_sparse_bayesian_keep010_seed42,125,ola,global,,,layers.1.bias,db,62,-48.798152744307174,-48.2455861841202,-48.52186946421369,0,0.0,0.6,10
bayesfl_observability_v1,ola_sparse_bayesian_keep010_seed42,125,ola,global,,,layers.1.bias,db,63,-48.2455861841202,-47.693019623933225,-47.96930290402671,0,0.0,0.6,10
bayesfl_observability_v1,ola_sparse_bayesian_keep010_seed42,125,ola,global,,,layers.1.bias,db,64,-47.693019623933225,-47.14045306374625,-47.41673634383974,0,0.0,0.6,10
bayesfl_observability_v1,ola_sparse_bayesian_keep010_seed42,125,ola,global,,,layers.1.bias,db,65,-47.14045306374625,-46.587886503559275,-46.86416978365276,0,0.0,0.6,10
bayesfl_observability_v1,ola_sparse_bayesian_keep010_seed42,125,ola,global,,,layers.1.bias,db,66,-46.587886503559275,-46.03531994337231,-46.311603223465795,0,0.0,0.6,10
bayesfl_observability_v1,ola_sparse_bayesian_keep010_seed42,125,ola,global,,,layers.1.bias,db,67,-46.03531994337231,-45.48275338318533,-45.75903666327882,2,0.3619473460940615,0.8,10
bayesfl_observability_v1,ola_sparse_bayesian_keep010_seed42,125,ola,global,,,layers.1.bias,db,68,-45.48275338318533,-44.93018682299836,-45.206470103091846,0,0.0,0.8,10
bayesfl_observability_v1,ola_sparse_bayesian_keep010_seed42,125,ola,global,,,layers.1.bias,db,69,-44.93018682299836,-44.377620262811384,-44.65390354290487,1,0.18097367304703074,0.9,10
bayesfl_observability_v1,ola_sparse_bayesian_keep010_seed42,125,ola,global,,,layers.1.bias,db,70,-44.377620262811384,-43.825053702624416,-44.101336982717896,0,0.0,0.9,10
bayesfl_observability_v1,ola_sparse_bayesian_keep010_seed42,125,ola,global,,,layers.1.bias,db,71,-43.825053702624416,-43.27248714243744,-43.54877042253093,0,0.0,0.9,10
bayesfl_observability_v1,ola_sparse_bayesian_keep010_seed42,125,ola,global,,,layers.1.bias,db,72,-43.27248714243744,-42.71992058225047,-42.996203862343954,0,0.0,0.9,10
bayesfl_observability_v1,ola_sparse_bayesian_keep010_seed42,125,ola,global,,,layers.1.bias,db,73,-42.71992058225047,-42.16735402206349,-42.44363730215698,0,0.0,0.9,10
bayesfl_observability_v1,ola_sparse_bayesian_keep010_seed42,125,ola,global,,,layers.1.bias,db,74,-42.16735402206349,-41.61478746187652,-41.891070741970005,0,0.0,0.9,10
bayesfl_observability_v1,ola_sparse_bayesian_keep010_seed42,125,ola,global,,,layers.1.bias,db,75,-41.61478746187652,-41.06222090168955,-41.33850418178304,0,0.0,0.9,10
bayesfl_observability_v1,ola_sparse_bayesian_keep010_seed42,125,ola,global,,,layers.1.bias,db,76,-41.06222090168955,-40.509654341502575,-40.78593762159606,0,0.0,0.9,10
bayesfl_observability_v1,ola_sparse_bayesian_keep010_seed42,125,ola,global,,,layers.1.bias,db,77,-40.509654341502575,-39.9570877813156,-40.23337106140909,0,0.0,0.9,10
bayesfl_observability_v1,ola_sparse_bayesian_keep010_seed42,125,ola,global,,,layers.1.bias,db,78,-39.9570877813156,-39.404521221128626,-39.68080450122211,0,0.0,0.9,10
bayesfl_observability_v1,ola_sparse_bayesian_keep010_seed42,125,ola,global,,,layers.1.bias,db,79,-39.404521221128626,-38.85195466094166,-39.12823794103514,1,0.18097367304703307,1.0,10
bayesfl_observability_v1,ola_sparse_bayesian_keep010_seed42,130,ola,global,,,all,raw,0,2.0005701773262004e-08,0.001291649446230639,0.0006458347259662062,82323,626.2726969033516,0.8089122531197799,101770
bayesfl_observability_v1,ola_sparse_bayesian_keep010_seed42,130,ola,global,,,all,raw,1,0.001291649446230639,0.0025832788867595044,0.0019374641664950717,16408,124.82395455450111,0.9701385477056107,101770
bayesfl_observability_v1,ola_sparse_bayesian_keep010_seed42,130,ola,global,,,all,raw,2,0.0025832788867595044,0.00387490832728837,0.003229093607023937,2116,16.097482193888613,0.9909305296256264,101770
bayesfl_observability_v1,ola_sparse_bayesian_keep010_seed42,130,ola,global,,,all,raw,3,0.00387490832728837,0.005166537767817236,0.004520723047552803,261,1.9855590040666002,0.993495136091186,101770
bayesfl_observability_v1,ola_sparse_bayesian_keep010_seed42,130,ola,global,,,all,raw,4,0.005166537767817236,0.0064581672083461016,0.005812352488081669,100,0.7607505762707281,0.9944777439323966,101770
bayesfl_observability_v1,ola_sparse_bayesian_keep010_seed42,130,ola,global,,,all,raw,5,0.0064581672083461016,0.0077497966488749665,0.0071039819286105345,108,0.8216106223723869,0.995538960400904,101770
bayesfl_observability_v1,ola_sparse_bayesian_keep010_seed42,130,ola,global,,,all,raw,6,0.0077497966488749665,0.009041426089403833,0.0083956113691394,70,0.5325254033895093,0.9962267858897514,101770
bayesfl_observability_v1,ola_sparse_bayesian_keep010_seed42,130,ola,global,,,all,raw,7,0.009041426089403833,0.010333055529932699,0.009687240809668266,71,0.5401329091522169,0.9969244374570109,101770
bayesfl_observability_v1,ola_sparse_bayesian_keep010_seed42,130,ola,global,,,all,raw,8,0.010333055529932699,0.011624684970461565,0.010978870250197132,49,0.3727677823726568,0.9974059152992041,101770
bayesfl_observability_v1,ola_sparse_bayesian_keep010_seed42,130,ola,global,,,all,raw,9,0.011624684970461565,0.01291631441099043,0.012270499690725998,32,0.24344018440663298,0.9977203498083914,101770
bayesfl_observability_v1,ola_sparse_bayesian_keep010_seed42,130,ola,global,,,all,raw,10,0.01291631441099043,0.014207943851519297,0.013562129131254864,33,0.25104769016934025,0.9980446103959909,101770
bayesfl_observability_v1,ola_sparse_bayesian_keep010_seed42,130,ola,global,,,all,raw,11,0.014207943851519297,0.01549957329204816,0.01485375857178373,22,0.1673651267795604,0.9982607841210572,101770
bayesfl_observability_v1,ola_sparse_bayesian_keep010_seed42,130,ola,global,,,all,raw,12,0.01549957329204816,0.016791202732577025,0.016145388012312592,35,0.2662627016947552,0.998604696865481,101770
bayesfl_observability_v1,ola_sparse_bayesian_keep010_seed42,130,ola,global,,,all,raw,13,0.016791202732577025,0.01808283217310589,0.017437017452841458,17,0.12932759796602378,0.9987717401984868,101770
bayesfl_observability_v1,ola_sparse_bayesian_keep010_seed42,130,ola,global,,,all,raw,14,0.01808283217310589,0.019374461613634757,0.018728646893370324,21,0.1597576210168529,0.998978087845141,101770
bayesfl_observability_v1,ola_sparse_bayesian_keep010_seed42,130,ola,global,,,all,raw,15,0.019374461613634757,0.020666091054163623,0.02002027633389919,13,0.09889757491519464,0.9991058268644983,101770
bayesfl_observability_v1,ola_sparse_bayesian_keep010_seed42,130,ola,global,,,all,raw,16,0.020666091054163623,0.02195772049469249,0.021311905774428055,7,0.053252540338950966,0.9991746094133831,101770
bayesfl_observability_v1,ola_sparse_bayesian_keep010_seed42,130,ola,global,,,all,raw,17,0.02195772049469249,0.023249349935221354,0.02260353521495692,10,0.07607505762707281,0.9992728701975042,101770
bayesfl_observability_v1,ola_sparse_bayesian_keep010_seed42,130,ola,global,,,all,raw,18,0.023249349935221354,0.02454097937575022,0.023895164655485787,6,0.045645034576243686,0.9993318266679768,101770
bayesfl_observability_v1,ola_sparse_bayesian_keep010_seed42,130,ola,global,,,all,raw,19,0.02454097937575022,0.025832608816279086,0.025186794096014653,7,0.053252540338950966,0.9994006092168616,101770
bayesfl_observability_v1,ola_sparse_bayesian_keep010_seed42,130,ola,global,,,all,raw,20,0.025832608816279086,0.027124238256807952,0.02647842353654352,8,0.060860046101658245,0.9994792178441584,101770
bayesfl_observability_v1,ola_sparse_bayesian_keep010_seed42,130,ola,global,,,all,raw,21,0.027124238256807952,0.028415867697336818,0.027770052977072385,2,0.015215011525414561,0.9994988700009826,101770
bayesfl_observability_v1,ola_sparse_bayesian_keep010_seed42,130,ola,global,,,all,raw,22,0.028415867697336818,0.029707497137865684,0.02906168241760125,6,0.045645034576243686,0.9995578264714552,101770
bayesfl_observability_v1,ola_sparse_bayesian_keep010_seed42,130,ola,global,,,all,raw,23,0.029707497137865684,0.030999126578394546,0.030353311858130116,5,0.03803752881353651,0.9996069568635157,101770
bayesfl_observability_v1,ola_sparse_bayesian_keep010_seed42,130,ola,global,,,all,raw,24,0.030999126578394546,0.032290756018923415,0.03164494129865898,3,0.022822517288121784,0.9996364350987521,101770
bayesfl_observability_v1,ola_sparse_bayesian_keep010_seed42,130,ola,global,,,all,raw,25,0.032290756018923415,0.03358238545945228,0.03293657073918785,2,0.015215011525414561,0.9996560872555763,101770
bayesfl_observability_v1,ola_sparse_bayesian_keep010_seed42,130,ola,global,,,all,raw,26,0.03358238545945228,0.03487401489998115,0.034228200179716714,3,0.022822517288121843,0.9996855654908127,101770
bayesfl_observability_v1,ola_sparse_bayesian_keep010_seed42,130,ola,global,,,all,raw,27,0.03487401489998115,0.03616564434051001,0.03551982962024558,3,0.022822517288121843,0.9997150437260489,101770
bayesfl_observability_v1,ola_sparse_bayesian_keep010_seed42,130,ola,global,,,all,raw,28,0.03616564434051001,0.03745727378103888,0.036811459060774446,4,0.030430023050829123,0.9997543480396973,101770
bayesfl_observability_v1,ola_sparse_bayesian_keep010_seed42,130,ola,global,,,all,raw,29,0.03745727378103888,0.038748903221567745,0.03810308850130331,1,0.007607505762707281,0.9997641741181095,101770
bayesfl_observability_v1,ola_sparse_bayesian_keep010_seed42,130,ola,global,,,all,raw,30,0.038748903221567745,0.04004053266209661,0.03939471794183218,4,0.030430023050829123,0.9998034784317579,101770
bayesfl_observability_v1,ola_sparse_bayesian_keep010_seed42,130,ola,global,,,all,raw,31,0.04004053266209661,0.041332162102625476,0.04068634738236104,3,0.022822517288121843,0.9998329566669942,101770
bayesfl_observability_v1,ola_sparse_bayesian_keep010_seed42,130,ola,global,,,all,raw,32,0.041332162102625476,0.04262379154315434,0.04197797682288991,0,0.0,0.9998329566669942,101770
bayesfl_observability_v1,ola_sparse_bayesian_keep010_seed42,130,ola,global,,,all,raw,33,0.04262379154315434,0.04391542098368321,0.043269606263418775,0,0.0,0.9998329566669942,101770
bayesfl_observability_v1,ola_sparse_bayesian_keep010_seed42,130,ola,global,,,all,raw,34,0.04391542098368321,0.045207050424212074,0.04456123570394764,1,0.007607505762707281,0.9998427827454063,101770
bayesfl_observability_v1,ola_sparse_bayesian_keep010_seed42,130,ola,global,,,all,raw,35,0.045207050424212074,0.04649867986474094,0.04585286514447651,1,0.007607505762707281,0.9998526088238184,101770
bayesfl_observability_v1,ola_sparse_bayesian_keep010_seed42,130,ola,global,,,all,raw,36,0.04649867986474094,0.047790309305269806,0.04714449458500537,2,0.015215011525414561,0.9998722609806426,101770
bayesfl_observability_v1,ola_sparse_bayesian_keep010_seed42,130,ola,global,,,all,raw,37,0.047790309305269806,0.04908193874579867,0.04843612402553424,1,0.007607505762707281,0.9998820870590547,101770
bayesfl_observability_v1,ola_sparse_bayesian_keep010_seed42,130,ola,global,,,all,raw,38,0.04908193874579867,0.05037356818632754,0.049727753466063104,1,0.007607505762707281,0.9998919131374668,101770
bayesfl_observability_v1,ola_sparse_bayesian_keep010_seed42,130,ola,global,,,all,raw,39,0.05037356818632754,0.0516651976268564,0.05101938290659197,0,0.0,0.9998919131374668,101770
bayesfl_observability_v1,ola_sparse_bayesian_keep010_seed42,130,ola,global,,,all,raw,40,0.0516651976268564,0.05295682706738527,0.052311012347120836,0,0.0,0.9998919131374668,101770
bayesfl_observability_v1,ola_sparse_bayesian_keep010_seed42,130,ola,global,,,all,raw,41,0.05295682706738527,0.054248456507914135,0.0536026417876497,0,0.0,0.9998919131374668,101770
bayesfl_observability_v1,ola_sparse_bayesian_keep010_seed42,130,ola,global,,,all,raw,42,0.054248456507914135,0.055540085948443,0.05489427122817857,1,0.007607505762707281,0.999901739215879,101770
bayesfl_observability_v1,ola_sparse_bayesian_keep010_seed42,130,ola,global,,,all,raw,43,0.055540085948443,0.05683171538897187,0.056185900668707434,0,0.0,0.999901739215879,101770
bayesfl_observability_v1,ola_sparse_bayesian_keep010_seed42,130,ola,global,,,all,raw,44,0.05683171538897187,0.05812334482950073,0.0574775301092363,2,0.015215011525414561,0.9999213913727032,101770
bayesfl_observability_v1,ola_sparse_bayesian_keep010_seed42,130,ola,global,,,all,raw,45,0.05812334482950073,0.0594149742700296,0.058769159549765165,0,0.0,0.9999213913727032,101770
bayesfl_observability_v1,ola_sparse_bayesian_keep010_seed42,130,ola,global,,,all,raw,46,0.0594149742700296,0.060706603710558464,0.06006078899029403,0,0.0,0.9999213913727032,101770
bayesfl_observability_v1,ola_sparse_bayesian_keep010_seed42,130,ola,global,,,all,raw,47,0.060706603710558464,0.06199823315108732,0.0613524184308229,1,0.007607505762707322,0.9999312174511152,101770
bayesfl_observability_v1,ola_sparse_bayesian_keep010_seed42,130,ola,global,,,all,raw,48,0.06199823315108732,0.06328986259161619,0.06264404787135175,1,0.007607505762707281,0.9999410435295274,101770
bayesfl_observability_v1,ola_sparse_bayesian_keep010_seed42,130,ola,global,,,all,raw,49,0.06328986259161619,0.06458149203214505,0.06393567731188063,1,0.007607505762707281,0.9999508696079394,101770
bayesfl_observability_v1,ola_sparse_bayesian_keep010_seed42,130,ola,global,,,all,raw,50,0.06458149203214505,0.06587312147267392,0.06522730675240948,0,0.0,0.9999508696079394,101770
bayesfl_observability_v1,ola_sparse_bayesian_keep010_seed42,130,ola,global,,,all,raw,51,0.06587312147267392,0.06716475091320279,0.06651893619293836,0,0.0,0.9999508696079394,101770
bayesfl_observability_v1,ola_sparse_bayesian_keep010_seed42,130,ola,global,,,all,raw,52,0.06716475091320279,0.06845638035373165,0.06781056563346721,1,0.007607505762707281,0.9999606956863516,101770
bayesfl_observability_v1,ola_sparse_bayesian_keep010_seed42,130,ola,global,,,all,raw,53,0.06845638035373165,0.06974800979426052,0.06910219507399609,1,0.007607505762707281,0.9999705217647636,101770
bayesfl_observability_v1,ola_sparse_bayesian_keep010_seed42,130,ola,global,,,all,raw,54,0.06974800979426052,0.07103963923478938,0.07039382451452494,0,0.0,0.9999705217647636,101770
bayesfl_observability_v1,ola_sparse_bayesian_keep010_seed42,130,ola,global,,,all,raw,55,0.07103963923478938,0.07233126867531825,0.07168545395505382,0,0.0,0.9999705217647636,101770
bayesfl_observability_v1,ola_sparse_bayesian_keep010_seed42,130,ola,global,,,all,raw,56,0.07233126867531825,0.07362289811584712,0.07297708339558268,1,0.007607505762707281,0.9999803478431758,101770
bayesfl_observability_v1,ola_sparse_bayesian_keep010_seed42,130,ola,global,,,all,raw,57,0.07362289811584712,0.07491452755637598,0.07426871283611156,0,0.0,0.9999803478431758,101770
bayesfl_observability_v1,ola_sparse_bayesian_keep010_seed42,130,ola,global,,,all,raw,58,0.07491452755637598,0.07620615699690485,0.07556034227664041,0,0.0,0.9999803478431758,101770
bayesfl_observability_v1,ola_sparse_bayesian_keep010_seed42,130,ola,global,,,all,raw,59,0.07620615699690485,0.07749778643743371,0.07685197171716929,1,0.007607505762707281,0.9999901739215878,101770
bayesfl_observability_v1,ola_sparse_bayesian_keep010_seed42,130,ola,global,,,all,raw,60,0.07749778643743371,0.07878941587796258,0.07814360115769814,0,0.0,0.9999901739215878,101770
bayesfl_observability_v1,ola_sparse_bayesian_keep010_seed42,130,ola,global,,,all,raw,61,0.07878941587796258,0.08008104531849145,0.07943523059822702,0,0.0,0.9999901739215878,101770
bayesfl_observability_v1,ola_sparse_bayesian_keep010_seed42,130,ola,global,,,all,raw,62,0.08008104531849145,0.08137267475902031,0.08072686003875587,0,0.0,0.9999901739215878,101770
bayesfl_observability_v1,ola_sparse_bayesian_keep010_seed42,130,ola,global,,,all,raw,63,0.08137267475902031,0.08266430419954918,0.08201848947928475,0,0.0,0.9999901739215878,101770
bayesfl_observability_v1,ola_sparse_bayesian_keep010_seed42,130,ola,global,,,all,raw,64,0.08266430419954918,0.08395593364007804,0.0833101189198136,0,0.0,0.9999901739215878,101770
bayesfl_observability_v1,ola_sparse_bayesian_keep010_seed42,130,ola,global,,,all,raw,65,0.08395593364007804,0.08524756308060691,0.08460174836034248,0,0.0,0.9999901739215878,101770
bayesfl_observability_v1,ola_sparse_bayesian_keep010_seed42,130,ola,global,,,all,raw,66,0.08524756308060691,0.08653919252113577,0.08589337780087133,0,0.0,0.9999901739215878,101770
bayesfl_observability_v1,ola_sparse_bayesian_keep010_seed42,130,ola,global,,,all,raw,67,0.08653919252113577,0.08783082196166464,0.08718500724140021,0,0.0,0.9999901739215878,101770
bayesfl_observability_v1,ola_sparse_bayesian_keep010_seed42,130,ola,global,,,all,raw,68,0.08783082196166464,0.0891224514021935,0.08847663668192907,0,0.0,0.9999901739215878,101770
bayesfl_observability_v1,ola_sparse_bayesian_keep010_seed42,130,ola,global,,,all,raw,69,0.0891224514021935,0.09041408084272237,0.08976826612245795,0,0.0,0.9999901739215878,101770
bayesfl_observability_v1,ola_sparse_bayesian_keep010_seed42,130,ola,global,,,all,raw,70,0.09041408084272237,0.09170571028325124,0.0910598955629868,0,0.0,0.9999901739215878,101770
bayesfl_observability_v1,ola_sparse_bayesian_keep010_seed42,130,ola,global,,,all,raw,71,0.09170571028325124,0.0929973397237801,0.09235152500351568,0,0.0,0.9999901739215878,101770
bayesfl_observability_v1,ola_sparse_bayesian_keep010_seed42,130,ola,global,,,all,raw,72,0.0929973397237801,0.09428896916430897,0.09364315444404453,0,0.0,0.9999901739215878,101770
bayesfl_observability_v1,ola_sparse_bayesian_keep010_seed42,130,ola,global,,,all,raw,73,0.09428896916430897,0.09558059860483784,0.09493478388457341,0,0.0,0.9999901739215878,101770
bayesfl_observability_v1,ola_sparse_bayesian_keep010_seed42,130,ola,global,,,all,raw,74,0.09558059860483784,0.0968722280453667,0.09622641332510226,0,0.0,0.9999901739215878,101770
bayesfl_observability_v1,ola_sparse_bayesian_keep010_seed42,130,ola,global,,,all,raw,75,0.0968722280453667,0.09816385748589557,0.09751804276563114,0,0.0,0.9999901739215878,101770
bayesfl_observability_v1,ola_sparse_bayesian_keep010_seed42,130,ola,global,,,all,raw,76,0.09816385748589557,0.09945548692642443,0.09880967220615999,0,0.0,0.9999901739215878,101770
bayesfl_observability_v1,ola_sparse_bayesian_keep010_seed42,130,ola,global,,,all,raw,77,0.09945548692642443,0.1007471163669533,0.10010130164668887,0,0.0,0.9999901739215878,101770
bayesfl_observability_v1,ola_sparse_bayesian_keep010_seed42,130,ola,global,,,all,raw,78,0.1007471163669533,0.10203874580748216,0.10139293108721772,0,0.0,0.9999901739215878,101770
bayesfl_observability_v1,ola_sparse_bayesian_keep010_seed42,130,ola,global,,,all,raw,79,0.10203874580748216,0.10333037524801103,0.1026845605277466,1,0.007607505762707281,1.0,101770
bayesfl_observability_v1,ola_sparse_bayesian_keep010_seed42,130,ola,global,,,all,db,0,-153.97649003110982,-152.29822690408284,-153.13735846759633,1,5.85490931300653e-06,9.826078412105729e-06,101770
bayesfl_observability_v1,ola_sparse_bayesian_keep010_seed42,130,ola,global,,,all,db,1,-152.29822690408284,-150.61996377705583,-151.45909534056932,2,1.1709818626012863e-05,2.9478235236317185e-05,101770
bayesfl_observability_v1,ola_sparse_bayesian_keep010_seed42,130,ola,global,,,all,db,2,-150.61996377705583,-148.94170065002885,-149.78083221354234,0,0.0,2.9478235236317185e-05,101770
bayesfl_observability_v1,ola_sparse_bayesian_keep010_seed42,130,ola,global,,,all,db,3,-148.94170065002885,-147.26343752300184,-148.10256908651536,1,5.854909313006431e-06,3.9304313648422916e-05,101770
bayesfl_observability_v1,ola_sparse_bayesian_keep010_seed42,130,ola,global,,,all,db,4,-147.26343752300184,-145.58517439597486,-146.42430595948835,2,1.170981862601306e-05,5.895647047263437e-05,101770
bayesfl_observability_v1,ola_sparse_bayesian_keep010_seed42,130,ola,global,,,all,db,5,-145.58517439597486,-143.90691126894785,-144.74604283246134,1,5.854909313006431e-06,6.87825488847401e-05,101770
bayesfl_observability_v1,ola_sparse_bayesian_keep010_seed42,130,ola,global,,,all,db,6,-143.90691126894785,-142.22864814192087,-143.06777970543436,1,5.85490931300653e-06,7.860862729684583e-05,101770
bayesfl_observability_v1,ola_sparse_bayesian_keep010_seed42,130,ola,global,,,all,db,7,-142.22864814192087,-140.55038501489386,-141.38951657840738,0,0.0,7.860862729684583e-05,101770
bayesfl_observability_v1,ola_sparse_bayesian_keep010_seed42,130,ola,global,,,all,db,8,-140.55038501489386,-138.87212188786688,-139.71125345138037,1,5.85490931300653e-06,8.843470570895156e-05,101770
bayesfl_observability_v1,ola_sparse_bayesian_keep010_seed42,130,ola,global,,,all,db,9,-138.87212188786688,-137.19385876083987,-138.03299032435336,2,1.1709818626012863e-05,0.00010808686253316301,101770
bayesfl_observability_v1,ola_sparse_bayesian_keep010_seed42,130,ola,global,,,all,db,10,-137.19385876083987,-135.5155956338129,-136.35472719732638,1,5.85490931300653e-06,0.00011791294094526874,101770
bayesfl_observability_v1,ola_sparse_bayesian_keep010_seed42,130,ola,global,,,all,db,11,-135.5155956338129,-133.8373325067859,-134.6764640702994,1,5.85490931300653e-06,0.00012773901935737446,101770
bayesfl_observability_v1,ola_sparse_bayesian_keep010_seed42,130,ola,global,,,all,db,12,-133.8373325067859,-132.1590693797589,-132.99820094327242,4,2.3419637252025725e-05,0.00016704333300579738,101770
bayesfl_observability_v1,ola_sparse_bayesian_keep010_seed42,130,ola,global,,,all,db,13,-132.1590693797589,-130.4808062527319,-131.31993781624539,8,4.683927450405145e-05,0.00024565196030264323,101770
bayesfl_observability_v1,ola_sparse_bayesian_keep010_seed42,130,ola,global,,,all,db,14,-130.4808062527319,-128.80254312570491,-129.6416746892184,3,1.756472793901959e-05,0.0002751301955389604,101770
bayesfl_observability_v1,ola_sparse_bayesian_keep010_seed42,130,ola,global,,,all,db,15,-128.80254312570491,-127.12427999867792,-127.96341156219142,3,1.7564727939019443e-05,0.0003046084307752776,101770
bayesfl_observability_v1,ola_sparse_bayesian_keep010_seed42,130,ola,global,,,all,db,16,-127.12427999867792,-125.44601687165093,-126.28514843516442,9,5.269418381705833e-05,0.0003930431364842291,101770
bayesfl_observability_v1,ola_sparse_bayesian_keep010_seed42,130,ola,global,,,all,db,17,-125.44601687165093,-123.76775374462395,-124.60688530813744,10,5.8549093130065296e-05,0.0004913039206052865,101770
bayesfl_observability_v1,ola_sparse_bayesian_keep010_seed42,130,ola,global,,,all,db,18,-123.76775374462395,-122.08949061759694,-122.92862218111044,9,5.269418381705788e-05,0.000579738626314238,101770
bayesfl_observability_v1,ola_sparse_bayesian_keep010_seed42,130,ola,global,,,all,db,19,-122.08949061759694,-120.41122749056996,-121.25035905408345,10,5.8549093130065296e-05,0.0006779994104352953,101770
bayesfl_observability_v1,ola_sparse_bayesian_keep010_seed42,130,ola,global,,,all,db,20,-120.41122749056996,-118.73296436354295,-119.57209592705645,12,7.025891175607718e-05,0.000795912351380564,101770
bayesfl_observability_v1,ola_sparse_bayesian_keep010_seed42,130,ola,global,,,all,db,21,-118.73296436354295,-117.05470123651597,-117.89383280002946,19,0.00011124327694712407,0.000982607841210573,101770
bayesfl_observability_v1,ola_sparse_bayesian_keep010_seed42,130,ola,global,,,all,db,22,-117.05470123651597,-115.37643810948897,-116.21556967300248,21,0.0001229530955731361,0.001188955487864793,101770
bayesfl_observability_v1,ola_sparse_bayesian_keep010_seed42,130,ola,global,,,all,db,23,-115.37643810948897,-113.69817498246198,-114.53730654597547,25,0.00014637273282516202,0.0014346074481674364,101770
bayesfl_observability_v1,ola_sparse_bayesian_keep010_seed42,130,ola,global,,,all,db,24,-113.69817498246198,-112.01991185543498,-112.85904341894849,38,0.0002224865538942463,0.0018079984278274541,101770
bayesfl_observability_v1,ola_sparse_bayesian_keep010_seed42,130,ola,global,,,all,db,25,-112.01991185543498,-110.34164872840799,-111.18078029192148,47,0.0002751807377113046,0.0022698241131964233,101770
bayesfl_observability_v1,ola_sparse_bayesian_keep010_seed42,130,ola,global,,,all,db,26,-110.34164872840799,-108.663385601381,-109.5025171648945,38,0.0002224865538942463,0.002643215092856441,101770
bayesfl_observability_v1,ola_sparse_bayesian_keep010_seed42,130,ola,global,,,all,db,27,-108.663385601381,-106.985122474354,-107.82425403786749,72,0.00042155347053646664,0.0033506927385280535,101770
bayesfl_observability_v1,ola_sparse_bayesian_keep010_seed42,130,ola,global,,,all,db,28,-106.985122474354,-105.30685934732702,-106.14599091084051,61,0.0003571494680933983,0.003950083521666503,101770
bayesfl_observability_v1,ola_sparse_bayesian_keep010_seed42,130,ola,global,,,all,db,29,-105.30685934732702,-103.62859622030001,-104.46772778381352,86,0.0005035222009185531,0.004795126265107596,101770
bayesfl_observability_v1,ola_sparse_bayesian_keep010_seed42,130,ola,global,,,all,db,30,-103.62859622030001,-101.95033309327303,-102.78946465678652,101,0.0005913458406136595,0.005787560184730274,101770
bayesfl_observability_v1,ola_sparse_bayesian_keep010_seed42,130,ola,global,,,all,db,31,-101.95033309327303,-100.27206996624602,-101.11120152975953,139,0.0008138323945078939,0.00715338508401297,101770
bayesfl_observability_v1,ola_sparse_bayesian_keep010_seed42,130,ola,global,,,all,db,32,-100.27206996624602,-98.59380683921904,-99.43293840273253,124,0.0007260087548128097,0.00837181880711408,101770
bayesfl_observability_v1,ola_sparse_bayesian_keep010_seed42,130,ola,global,,,all,db,33,-98.59380683921904,-96.91554371219203,-97.75467527570554,172,0.0010070444018371062,0.010061904293996267,101770
bayesfl_observability_v1,ola_sparse_bayesian_keep010_seed42,130,ola,global,,,all,db,34,-96.91554371219203,-95.23728058516505,-96.07641214867854,220,0.0012880800488614366,0.012223641544659526,101770
bayesfl_observability_v1,ola_sparse_bayesian_keep010_seed42,130,ola,global,,,all,db,35,-95.23728058516505,-93.55901745813806,-94.39814902165156,256,0.0014988567841296592,0.014739117618158593,101770
bayesfl_observability_v1,ola_sparse_bayesian_keep010_seed42,130,ola,global,,,all,db,36,-93.55901745813806,-91.88075433111106,-92.71988589462455,316,0.001850151342910048,0.017844158396384004,101770
bayesfl_observability_v1,ola_sparse_bayesian_keep010_seed42,130,ola,global,,,all,db,37,-91.88075433111106,-90.20249120408407,-91.04162276759757,348,0.0020375084409262555,0.021263633683796797,101770
bayesfl_observability_v1,ola_sparse_bayesian_keep010_seed42,130,ola,global,,,all,db,38,-90.20249120408407,-88.52422807705707,-89.36335964057056,435,0.002546885551157819,0.02553797779306279,101770
bayesfl_observability_v1,ola_sparse_bayesian_keep010_seed42,130,ola,global,,,all,db,39,-88.52422807705707,-86.84596495003008,-87.68509651354358,557,0.00326118448734461,0.03101110346860568,101770
bayesfl_observability_v1,ola_sparse_bayesian_keep010_seed42,130,ola,global,,,all,db,40,-86.84596495003008,-85.16770182300309,-86.00683338651658,655,0.003834965600019245,0.03744718482853493,101770
bayesfl_observability_v1,ola_sparse_bayesian_keep010_seed42,130,ola,global,,,all,db,41,-85.16770182300309,-83.48943869597609,-84.3285702594896,796,0.004660507813153159,0.04526874324457109,101770
bayesfl_observability_v1,ola_sparse_bayesian_keep010_seed42,130,ola,global,,,all,db,42,-83.48943869597609,-81.8111755689491,-82.65030713246259,972,0.0056909718522423,0.05481969146113786,101770
bayesfl_observability_v1,ola_sparse_bayesian_keep010_seed42,130,ola,global,,,all,db,43,-81.8111755689491,-80.1329124419221,-80.9720440054356,1269,0.007429879918205224,0.06728898496610003,101770
bayesfl_observability_v1,ola_sparse_bayesian_keep010_seed42,130,ola,global,,,all,db,44,-80.1329124419221,-78.45464931489512,-79.29378087840861,1458,0.00853645777836352,0.08161540729095018,101770
bayesfl_observability_v1,ola_sparse_bayesian_keep010_seed42,130,ola,global,,,all,db,45,-78.45464931489512,-76.77638618786813,-77.61551775138162,1684,0.009859667283102913,0.09816252333693623,101770
bayesfl_observability_v1,ola_sparse_bayesian_keep010_seed42,130,ola,global,,,all,db,46,-76.77638618786813,-75.09812306084113,-75.93725462435464,2150,0.012588055022963934,0.11928859192296355,101770
bayesfl_observability_v1,ola_sparse_bayesian_keep010_seed42,130,ola,global,,,all,db,47,-75.09812306084113,-73.41985993381414,-74.25899149732763,2643,0.015474525314276129,0.145258917166159,101770
bayesfl_observability_v1,ola_sparse_bayesian_keep010_seed42,130,ola,global,,,all,db,48,-73.41985993381414,-71.74159680678714,-72.58072837030065,3173,0.018577627250169565,0.17643706396777045,101770
bayesfl_observability_v1,ola_sparse_bayesian_keep010_seed42,130,ola,global,,,all,db,49,-71.74159680678714,-70.06333367976015,-70.90246524327364,3808,0.02229549466392868,0.21385477056106908,101770
bayesfl_observability_v1,ola_sparse_bayesian_keep010_seed42,130,ola,global,,,all,db,50,-70.06333367976015,-68.38507055273315,-69.22420211624666,4635,0.027137504665785038,0.2593986440011791,101770
bayesfl_observability_v1,ola_sparse_bayesian_keep010_seed42,130,ola,global,,,all,db,51,-68.38507055273315,-66.70680742570616,-67.54593898921965,5718,0.03347837145177106,0.3155841603615997,101770
bayesfl_observability_v1,ola_sparse_bayesian_keep010_seed42,130,ola,global,,,all,db,52,-66.70680742570616,-65.02854429867917,-65.86767586219267,6871,0.040229081889667534,0.38309914513117815,101770
bayesfl_observability_v1,ola_sparse_bayesian_keep010_seed42,130,ola,global,,,all,db,53,-65.02854429867917,-63.35028117165217,-64.18941273516566,8127,0.04758284798680367,0.4629556843863614,101770
bayesfl_observability_v1,ola_sparse_bayesian_keep010_seed42,130,ola,global,,,all,db,54,-63.35028117165217,-61.672018044625176,-62.51114960813867,9793,0.05733712690227247,0.5591824702761128,101770
bayesfl_observability_v1,ola_sparse_bayesian_keep010_seed42,130,ola,global,,,all,db,55,-61.672018044625176,-59.99375491759818,-60.83288648111168,11893,0.06963243645958608,0.6760440208312862,101770
bayesfl_observability_v1,ola_sparse_bayesian_keep010_seed42,130,ola,global,,,all,db,56,-59.99375491759818,-58.31549179057119,-59.154623354084684,11069,0.06480799118566874,0.7848088827748846,101770
bayesfl_observability_v1,ola_sparse_bayesian_keep010_seed42,130,ola,global,,,all,db,57,-58.31549179057119,-56.63722866354421,-57.4763602270577,6644,0.03890001747561538,0.850093347744915,101770
bayesfl_observability_v1,ola_sparse_bayesian_keep010_seed42,130,ola,global,,,all,db,58,-56.63722866354421,-54.95896553651721,-55.79809710003071,5349,0.03131790991527167,0.9026530411712685,101770
bayesfl_observability_v1,ola_sparse_bayesian_keep010_seed42,130,ola,global,,,all,db,59,-54.95896553651721,-53.28070240949022,-54.119833973003715,4191,0.02453792493081016,0.9438341357964036,101770
bayesfl_observability_v1,ola_sparse_bayesian_keep010_seed42,130,ola,global,,,all,db,60,-53.28070240949022,-51.60243928246322,-52.44157084597672,2868,0.016791879909702587,0.9720153286823229,101770
bayesfl_observability_v1,ola_sparse_bayesian_keep010_seed42,130,ola,global,,,all,db,61,-51.60243928246322,-49.92417615543623,-50.763307718949726,1396,0.008173453400957048,0.9857325341456225,101770
bayesfl_observability_v1,ola_sparse_bayesian_keep010_seed42,130,ola,global,,,all,db,62,-49.92417615543623,-48.245913028409234,-49.08504459192273,528,0.003091392117267422,0.9909207035472143,101770
bayesfl_observability_v1,ola_sparse_bayesian_keep010_seed42,130,ola,global,,,all,db,63,-48.245913028409234,-46.56764990138224,-47.40678146489574,194,0.0011358524067232572,0.9928269627591628,101770
bayesfl_observability_v1,ola_sparse_bayesian_keep010_seed42,130,ola,global,,,all,db,64,-46.56764990138224,-44.889386774355245,-45.72851833786874,107,0.0006264752964916934,0.9938783531492581,101770
bayesfl_observability_v1,ola_sparse_bayesian_keep010_seed42,130,ola,global,,,all,db,65,-44.889386774355245,-43.21112364732825,-44.05025521084175,109,0.0006381851151177064,0.9949493956961777,101770
bayesfl_observability_v1,ola_sparse_bayesian_keep010_seed42,130,ola,global,,,all,db,66,-43.21112364732825,-41.532860520301256,-42.37199208381475,94,0.0005503614754226092,0.9958730470669156,101770
bayesfl_observability_v1,ola_sparse_bayesian_keep010_seed42,130,ola,global,,,all,db,67,-41.532860520301256,-39.85459739327426,-40.69372895678776,92,0.0005386516567965963,0.9967770462808293,101770
bayesfl_observability_v1,ola_sparse_bayesian_keep010_seed42,130,ola,global,,,all,db,68,-39.85459739327426,-38.17633426624727,-39.015465829760764,79,0.000462537835727512,0.9975533064753856,101770
bayesfl_observability_v1,ola_sparse_bayesian_keep010_seed42,130,ola,global,,,all,db,69,-38.17633426624727,-36.49807113922027,-37.33720270273377,62,0.0003630043774064018,0.9981625233369362,101770
bayesfl_observability_v1,ola_sparse_bayesian_keep010_seed42,130,ola,global,,,all,db,70,-36.49807113922027,-34.81980801219329,-35.65893957570678,62,0.00036300437740640484,0.9987717401984868,101770
bayesfl_observability_v1,ola_sparse_bayesian_keep010_seed42,130,ola,global,,,all,db,71,-34.81980801219329,-33.1415448851663,-33.980676448679795,41,0.00024005128183326573,0.9991746094133831,101770
bayesfl_observability_v1,ola_sparse_bayesian_keep010_seed42,130,ola,global,,,all,db,72,-33.1415448851663,-31.463281758139303,-32.3024133216528,30,0.00017564727939019443,0.9994693917657463,101770
bayesfl_observability_v1,ola_sparse_bayesian_keep010_seed42,130,ola,global,,,all,db,73,-31.463281758139303,-29.785018631112308,-30.624150194625805,17,9.953345832111017e-05,0.9996364350987521,101770
bayesfl_observability_v1,ola_sparse_bayesian_keep010_seed42,130,ola,global,,,all,db,74,-29.785018631112308,-28.106755504085314,-28.94588706759881,14,8.196873038209073e-05,0.9997740001965215,101770
bayesfl_observability_v1,ola_sparse_bayesian_keep010_seed42,130,ola,global,,,all,db,75,-28.106755504085314,-26.42849237705832,-27.267623940571816,10,5.854909313006481e-05,0.9998722609806426,101770
bayesfl_observability_v1,ola_sparse_bayesian_keep010_seed42,130,ola,global,,,all,db,76,-26.42849237705832,-24.75022925003134,-25.58936081354483,5,2.9274546565032648e-05,0.9999213913727032,101770
bayesfl_observability_v1,ola_sparse_bayesian_keep010_seed42,130,ola,global,,,all,db,77,-24.75022925003134,-23.07196612300433,-23.911097686517834,5,2.9274546565032157e-05,0.9999705217647636,101770
bayesfl_observability_v1,ola_sparse_bayesian_keep010_seed42,130,ola,global,,,all,db,78,-23.07196612300433,-21.39370299597735,-22.23283455949084,2,1.170981862601306e-05,0.9999901739215878,101770
bayesfl_observability_v1,ola_sparse_bayesian_keep010_seed42,130,ola,global,,,all,db,79,-21.39370299597735,-19.71543986895035,-20.554571432463852,1,5.854909313006468e-06,1.0,101770
bayesfl_observability_v1,ola_sparse_bayesian_keep010_seed42,130,ola,global,,,layers.0.weight,raw,0,2.0005701773262004e-08,6.998676180936547e-05,3.5003383755569365e-05,4788,681.9246200018018,0.04771205357142857,100352
bayesfl_observability_v1,ola_sparse_bayesian_keep010_seed42,130,ola,global,,,layers.0.weight,raw,1,6.998676180936547e-05,0.0001399535179169577,0.00010497013986316159,4845,690.0427702399185,0.09599210778061225,100352
bayesfl_observability_v1,ola_sparse_bayesian_keep010_seed42,130,ola,global,,,layers.0.weight,raw,2,0.0001399535179169577,0.00020992027402454993,0.0001749368959707538,4854,691.3245834354105,0.14436184630102042,100352
bayesfl_observability_v1,ola_sparse_bayesian_keep010_seed42,130,ola,global,,,layers.0.weight,raw,3,0.00020992027402454993,0.0002798870301321421,0.000244903652078346,4853,691.1821597470231,0.1927216198979592,100352
bayesfl_observability_v1,ola_sparse_bayesian_keep010_seed42,130,ola,global,,,layers.0.weight,raw,4,0.0002798870301321421,0.0003498537862397343,0.0003148704081859382,4854,691.3245834354108,0.24109135841836735,100352
bayesfl_observability_v1,ola_sparse_bayesian_keep010_seed42,130,ola,global,,,layers.0.weight,raw,5,0.0003498537862397343,0.00041982054234732656,0.00038483716429353046,4875,694.3154808915585,0.2896703603316326,100352
bayesfl_observability_v1,ola_sparse_bayesian_keep010_seed42,130,ola,global,,,layers.0.weight,raw,6,0.00041982054234732656,0.0004897872984549188,0.00045480392040112266,4924,701.2942416225717,0.33873764349489793,100352
bayesfl_observability_v1,ola_sparse_bayesian_keep010_seed42,130,ola,global,,,layers.0.weight,raw,7,0.0004897872984549188,0.000559754054562511,0.0005247706765087149,4819,686.3397543418304,0.38675860969387754,100352
bayesfl_observability_v1,ola_sparse_bayesian_keep010_seed42,130,ola,global,,,layers.0.weight,raw,8,0.000559754054562511,0.0006297208106701032,0.0005947374326163071,4749,676.3700961546696,0.43408203125,100352
bayesfl_observability_v1,ola_sparse_bayesian_keep010_seed42,130,ola,global,,,layers.0.weight,raw,9,0.0006297208106701032,0.0006996875667776954,0.0006647041887238993,4739,674.9458592707895,0.48130580357142855,100352
bayesfl_observability_v1,ola_sparse_bayesian_keep010_seed42,130,ola,global,,,layers.0.weight,raw,10,0.0006996875667776954,0.0007696543228852876,0.0007346709448314915,4726,673.0943513217453,0.5284000318877551,100352
bayesfl_observability_v1,ola_sparse_bayesian_keep010_seed42,130,ola,global,,,layers.0.weight,raw,11,0.0007696543228852876,0.0008396210789928799,0.0008046377009390837,4655,662.9822694461953,0.5747867506377551,100352
bayesfl_observability_v1,ola_sparse_bayesian_keep010_seed42,130,ola,global,,,layers.0.weight,raw,12,0.0008396210789928799,0.0009095878351004721,0.000874604457046676,4720,672.2398091914172,0.6218211894132653,100352
bayesfl_observability_v1,ola_sparse_bayesian_keep010_seed42,130,ola,global,,,layers.0.weight,raw,13,0.0009095878351004721,0.0009795545912080644,0.0009445712131542683,4797,683.2064331972931,0.6696229272959183,100352
bayesfl_observability_v1,ola_sparse_bayesian_keep010_seed42,130,ola,global,,,layers.0.weight,raw,14,0.0009795545912080644,0.0010495213473156566,0.0010145379692618605,4475,637.3460055363543,0.7142159598214286,100352
bayesfl_observability_v1,ola_sparse_bayesian_keep010_seed42,130,ola,global,,,layers.0.weight,raw,15,0.0010495213473156566,0.0011194881034232488,0.0010845047253694527,3963,564.425077081692,0.7537069515306123,100352
bayesfl_observability_v1,ola_sparse_bayesian_keep010_seed42,130,ola,global,,,layers.0.weight,raw,16,0.0011194881034232488,0.001189454859530841,0.0011544714814770449,3059,435.67406277892906,0.7841896524234694,100352
bayesfl_observability_v1,ola_sparse_bayesian_keep010_seed42,130,ola,global,,,layers.0.weight,raw,17,0.001189454859530841,0.0012594216156384332,0.001224438237584637,2458,350.07742605773376,0.8086834343112245,100352
bayesfl_observability_v1,ola_sparse_bayesian_keep010_seed42,130,ola,global,,,layers.0.weight,raw,18,0.0012594216156384332,0.0013293883717460254,0.0012944049936922293,1876,267.18683941591075,0.8273776307397959,100352
bayesfl_observability_v1,ola_sparse_bayesian_keep010_seed42,130,ola,global,,,layers.0.weight,raw,19,0.0013293883717460254,0.0013993551278536176,0.0013643717497998215,1676,238.7021017383083,0.8440788424744898,100352
bayesfl_observability_v1,ola_sparse_bayesian_keep010_seed42,130,ola,global,,,layers.0.weight,raw,20,0.0013993551278536176,0.0014693218839612098,0.0014343385059074137,1448,206.22950078584154,0.8585080516581632,100352
bayesfl_observability_v1,ola_sparse_bayesian_keep010_seed42,130,ola,global,,,layers.0.weight,raw,21,0.0014693218839612098,0.001539288640068802,0.0015043052620150059,1357,193.26894514253243,0.8720304528061225,100352
bayesfl_observability_v1,ola_sparse_bayesian_keep010_seed42,130,ola,global,,,layers.0.weight,raw,22,0.001539288640068802,0.0016092553961763942,0.001574272018122598,1284,182.87201589020756,0.8848254145408163,100352
bayesfl_observability_v1,ola_sparse_bayesian_keep010_seed42,130,ola,global,,,layers.0.weight,raw,23,0.0016092553961763942,0.0016792221522839866,0.0016442387742301905,1127,160.51149681328914,0.8960558832908163,100352
bayesfl_observability_v1,ola_sparse_bayesian_keep010_seed42,130,ola,global,,,layers.0.weight,raw,24,0.0016792221522839866,0.0017491889083915788,0.0017142055303377827,1074,152.963041328725,0.9067582110969388,100352
bayesfl_observability_v1,ola_sparse_bayesian_keep010_seed42,130,ola,global,,,layers.0.weight,raw,25,0.0017491889083915788,0.001819155664499171,0.001784172286445375,959,136.58431716410362,0.9163145727040817,100352
bayesfl_observability_v1,ola_sparse_bayesian_keep010_seed42,130,ola,global,,,layers.0.weight,raw,26,0.001819155664499171,0.0018891224206067632,0.001854139042552967,900,128.1813195492109,0.9252830038265306,100352
bayesfl_observability_v1,ola_sparse_bayesian_keep010_seed42,130,ola,global,,,layers.0.weight,raw,27,0.0018891224206067632,0.001959089176714355,0.0019241057986605593,794,113.08440858008198,0.9331951530612245,100352
bayesfl_observability_v1,ola_sparse_bayesian_keep010_seed42,130,ola,global,,,layers.0.weight,raw,28,0.001959089176714355,0.0020290559328219474,0.001994072554768151,713,101.54808982065263,0.940300143494898,100352
bayesfl_observability_v1,ola_sparse_bayesian_keep010_seed42,130,ola,global,,,layers.0.weight,raw,29,0.0020290559328219474,0.0020990226889295396,0.0020640393108757437,665,94.71175277802806,0.9469268176020408,100352
bayesfl_observability_v1,ola_sparse_bayesian_keep010_seed42,130,ola,global,,,layers.0.weight,raw,30,0.0020990226889295396,0.002168989445037132,0.0021340060669833355,636,90.58146581477571,0.9532645089285714,100352
bayesfl_observability_v1,ola_sparse_bayesian_keep010_seed42,130,ola,global,,,layers.0.weight,raw,31,0.002168989445037132,0.002238956201144724,0.002203972823090928,602,85.73906040958329,0.9592633928571429,100352
bayesfl_observability_v1,ola_sparse_bayesian_keep010_seed42,130,ola,global,,,layers.0.weight,raw,32,0.002238956201144724,0.002308922957252316,0.00227393957919852,470,66.9391335423657,0.9639469068877551,100352
bayesfl_observability_v1,ola_sparse_bayesian_keep010_seed42,130,ola,global,,,layers.0.weight,raw,33,0.002308922957252316,0.0023788897133599084,0.0023439063353061125,453,64.51793083976949,0.9684610172193877,100352
bayesfl_observability_v1,ola_sparse_bayesian_keep010_seed42,130,ola,global,,,layers.0.weight,raw,34,0.0023788897133599084,0.0024488564694675006,0.0024138730914137043,413,58.820983304249005,0.9725765306122449,100352
bayesfl_observability_v1,ola_sparse_bayesian_keep010_seed42,130,ola,global,,,layers.0.weight,raw,35,0.0024488564694675006,0.002518823225575093,0.002483839847521297,377,53.69373052228057,0.9763333067602041,100352
bayesfl_observability_v1,ola_sparse_bayesian_keep010_seed42,130,ola,global,,,layers.0.weight,raw,36,0.002518823225575093,0.002588789981682685,0.0025538066036288887,306,43.58164864673171,0.9793825733418368,100352
bayesfl_observability_v1,ola_sparse_bayesian_keep010_seed42,130,ola,global,,,layers.0.weight,raw,37,0.002588789981682685,0.002658756737790277,0.0026237733597364813,264,37.5998537344352,0.9820133131377551,100352
bayesfl_observability_v1,ola_sparse_bayesian_keep010_seed42,130,ola,global,,,layers.0.weight,raw,38,0.002658756737790277,0.0027287234938978694,0.002693740115844073,243,34.608956278286946,0.9844347895408163,100352
bayesfl_observability_v1,ola_sparse_bayesian_keep010_seed42,130,ola,global,,,layers.0.weight,raw,39,0.0027287234938978694,0.0027986902500054616,0.0027637068719516657,206,29.339279807930495,0.9864875637755102,100352
bayesfl_observability_v1,ola_sparse_bayesian_keep010_seed42,130,ola,global,,,layers.0.weight,raw,40,0.0027986902500054616,0.002868657006113054,0.0028336736280592575,221,31.47563513375068,0.9886898118622449,100352
bayesfl_observability_v1,ola_sparse_bayesian_keep010_seed42,130,ola,global,,,layers.0.weight,raw,41,0.002868657006113054,0.002938623762220646,0.00290364038416685,152,21.648400634977843,0.9902044802295918,100352
bayesfl_observability_v1,ola_sparse_bayesian_keep010_seed42,130,ola,global,,,layers.0.weight,raw,42,0.002938623762220646,0.003008590518328238,0.002973607140274442,136,19.36962162076965,0.9915597098214286,100352
bayesfl_observability_v1,ola_sparse_bayesian_keep010_seed42,130,ola,global,,,layers.0.weight,raw,43,0.003008590518328238,0.0030785572744358304,0.0030435738963820345,107,15.239334657517297,0.9926259566326531,100352
bayesfl_observability_v1,ola_sparse_bayesian_keep010_seed42,130,ola,global,,,layers.0.weight,raw,44,0.0030785572744358304,0.0031485240305434226,0.0031135406524896263,118,16.80599522978543,0.9938018176020408,100352
bayesfl_observability_v1,ola_sparse_bayesian_keep010_seed42,130,ola,global,,,layers.0.weight,raw,45,0.0031485240305434226,0.003218490786651015,0.003183507408597219,98,13.957521462025188,0.9947783801020408,100352
bayesfl_observability_v1,ola_sparse_bayesian_keep010_seed42,130,ola,global,,,layers.0.weight,raw,46,0.003218490786651015,0.003288457542758607,0.0032534741647048107,62,8.83026868005675,0.9953962053571429,100352
bayesfl_observability_v1,ola_sparse_bayesian_keep010_seed42,130,ola,global,,,layers.0.weight,raw,47,0.003288457542758607,0.0033584242988661996,0.0033234409208124033,64,9.115116056832719,0.9960339604591837,100352
bayesfl_observability_v1,ola_sparse_bayesian_keep010_seed42,130,ola,global,,,layers.0.weight,raw,48,0.0033584242988661996,0.003428391054973792,0.003393407676919996,52,7.40603179617663,0.9965521364795918,100352
bayesfl_observability_v1,ola_sparse_bayesian_keep010_seed42,130,ola,global,,,layers.0.weight,raw,49,0.003428391054973792,0.003498357811081384,0.0034633744330275877,48,6.8363370426245815,0.9970304528061225,100352
bayesfl_observability_v1,ola_sparse_bayesian_keep010_seed42,130,ola,global,,,layers.0.weight,raw,50,0.003498357811081384,0.0035683245671889762,0.0035333411891351803,45,6.409065977460545,0.9974788743622449,100352
bayesfl_observability_v1,ola_sparse_bayesian_keep010_seed42,130,ola,global,,,layers.0.weight,raw,51,0.0035683245671889762,0.0036382913232965684,0.003603307945242772,49,6.978760731012594,0.9979671556122449,100352
bayesfl_observability_v1,ola_sparse_bayesian_keep010_seed42,130,ola,global,,,layers.0.weight,raw,52,0.0036382913232965684,0.0037082580794041606,0.0036732747013503647,31,4.415134340028375,0.9982760682397959,100352
bayesfl_observability_v1,ola_sparse_bayesian_keep010_seed42,130,ola,global,,,layers.0.weight,raw,53,0.0037082580794041606,0.003778224835511753,0.0037432414574579565,30,4.272710651640364,0.9985750159438775,100352
bayesfl_observability_v1,ola_sparse_bayesian_keep010_seed42,130,ola,global,,,layers.0.weight,raw,54,0.003778224835511753,0.003848191591619345,0.003813208213565549,21,2.9908974561482546,0.9987842793367347,100352
bayesfl_observability_v1,ola_sparse_bayesian_keep010_seed42,130,ola,global,,,layers.0.weight,raw,55,0.003848191591619345,0.003918158347726937,0.003883174969673141,19,2.7060500793722304,0.9989736128826531,100352
bayesfl_observability_v1,ola_sparse_bayesian_keep010_seed42,130,ola,global,,,layers.0.weight,raw,56,0.003918158347726937,0.003988125103834529,0.003953141725780733,13,1.851507949044169,0.9991031568877551,100352
bayesfl_observability_v1,ola_sparse_bayesian_keep010_seed42,130,ola,global,,,layers.0.weight,raw,57,0.003988125103834529,0.004058091859942122,0.004023108481888325,16,2.2787790142081796,0.9992625956632653,100352
bayesfl_observability_v1,ola_sparse_bayesian_keep010_seed42,130,ola,global,,,layers.0.weight,raw,58,0.004058091859942122,0.004128058616049713,0.004093075237995918,8,1.139389507104104,0.9993423150510204,100352
bayesfl_observability_v1,ola_sparse_bayesian_keep010_seed42,130,ola,global,,,layers.0.weight,raw,59,0.004128058616049713,0.004198025372157306,0.00416304199410351,6,0.8545421303280674,0.9994021045918368,100352
bayesfl_observability_v1,ola_sparse_bayesian_keep010_seed42,130,ola,global,,,layers.0.weight,raw,60,0.004198025372157306,0.004267992128264898,0.0042330087502111015,10,1.42423688388013,0.9995017538265306,100352
bayesfl_observability_v1,ola_sparse_bayesian_keep010_seed42,130,ola,global,,,layers.0.weight,raw,61,0.004267992128264898,0.0043379588843724904,0.004302975506318694,6,0.8545421303280674,0.9995615433673469,100352
bayesfl_observability_v1,ola_sparse_bayesian_keep010_seed42,130,ola,global,,,layers.0.weight,raw,62,0.0043379588843724904,0.004407925640480082,0.004372942262426287,9,1.281813195492117,0.9996512276785714,100352
bayesfl_observability_v1,ola_sparse_bayesian_keep010_seed42,130,ola,global,,,layers.0.weight,raw,63,0.004407925640480082,0.004477892396587675,0.0044429090185338785,8,1.1393895071040898,0.9997309470663265,100352
bayesfl_observability_v1,ola_sparse_bayesian_keep010_seed42,130,ola,global,,,layers.0.weight,raw,64,0.004477892396587675,0.0045478591526952675,0.004512875774641471,7,0.9969658187160786,0.9998007015306123,100352
bayesfl_observability_v1,ola_sparse_bayesian_keep010_seed42,130,ola,global,,,layers.0.weight,raw,65,0.0045478591526952675,0.004617825908802859,0.004582842530749063,5,0.712118441940065,0.9998505261479592,100352
bayesfl_observability_v1,ola_sparse_bayesian_keep010_seed42,130,ola,global,,,layers.0.weight,raw,66,0.004617825908802859,0.004687792664910452,0.0046528092868566556,5,0.7121184419400561,0.9999003507653061,100352
bayesfl_observability_v1,ola_sparse_bayesian_keep010_seed42,130,ola,global,,,layers.0.weight,raw,67,0.004687792664910452,0.004757759421018044,0.004722776042964248,1,0.142423688388013,0.9999103156887755,100352
bayesfl_observability_v1,ola_sparse_bayesian_keep010_seed42,130,ola,global,,,layers.0.weight,raw,68,0.004757759421018044,0.004827726177125636,0.00479274279907184,0,0.0,0.9999103156887755,100352
bayesfl_observability_v1,ola_sparse_bayesian_keep010_seed42,130,ola,global,,,layers.0.weight,raw,69,0.004827726177125636,0.004897692933233228,0.004862709555179432,1,0.142423688388013,0.9999202806122449,100352
bayesfl_observability_v1,ola_sparse_bayesian_keep010_seed42,130,ola,global,,,layers.0.weight,raw,70,0.004897692933233228,0.004967659689340821,0.004932676311287024,2,0.28484737677602245,0.9999402104591837,100352
bayesfl_observability_v1,ola_sparse_bayesian_keep010_seed42,130,ola,global,,,layers.0.weight,raw,71,0.004967659689340821,0.0050376264454484124,0.005002643067394617,1,0.142423688388013,0.9999501753826531,100352
bayesfl_observability_v1,ola_sparse_bayesian_keep010_seed42,130,ola,global,,,layers.0.weight,raw,72,0.0050376264454484124,0.005107593201556005,0.005072609823502209,2,0.28484737677602245,0.9999701052295918,100352
bayesfl_observability_v1,ola_sparse_bayesian_keep010_seed42,130,ola,global,,,layers.0.weight,raw,73,0.005107593201556005,0.005177559957663597,0.0051425765796098005,0,0.0,0.9999701052295918,100352
bayesfl_observability_v1,ola_sparse_bayesian_keep010_seed42,130,ola,global,,,layers.0.weight,raw,74,0.005177559957663597,0.0052475267137711895,0.005212543335717393,0,0.0,0.9999701052295918,100352
bayesfl_observability_v1,ola_sparse_bayesian_keep010_seed42,130,ola,global,,,layers.0.weight,raw,75,0.0052475267137711895,0.005317493469878781,0.005282510091824986,0,0.0,0.9999701052295918,100352
bayesfl_observability_v1,ola_sparse_bayesian_keep010_seed42,130,ola,global,,,layers.0.weight,raw,76,0.005317493469878781,0.005387460225986374,0.0053524768479325776,2,0.28484737677602245,0.9999900350765306,100352
bayesfl_observability_v1,ola_sparse_bayesian_keep010_seed42,130,ola,global,,,layers.0.weight,raw,77,0.005387460225986374,0.005457426982093966,0.005422443604040169,0,0.0,0.9999900350765306,100352
bayesfl_observability_v1,ola_sparse_bayesian_keep010_seed42,130,ola,global,,,layers.0.weight,raw,78,0.005457426982093966,0.005527393738201558,0.005492410360147762,0,0.0,0.9999900350765306,100352
bayesfl_observability_v1,ola_sparse_bayesian_keep010_seed42,130,ola,global,,,layers.0.weight,raw,79,0.005527393738201558,0.00559736049430915,0.005562377116255355,1,0.142423688388013,1.0,100352
bayesfl_observability_v1,ola_sparse_bayesian_keep010_seed42,130,ola,global,,,layers.0.weight,db,0,-153.97649003110982,-152.6147880861373,-153.29563905862358,1,7.317991654619347e-06,9.964923469387754e-06,100352
bayesfl_observability_v1,ola_sparse_bayesian_keep010_seed42,130,ola,global,,,layers.0.weight,db,1,-152.6147880861373,-151.25308614116477,-151.93393711365104,1,7.317991654619194e-06,1.992984693877551e-05,100352
bayesfl_observability_v1,ola_sparse_bayesian_keep010_seed42,130,ola,global,,,layers.0.weight,db,2,-151.25308614116477,-149.89138419619226,-150.5722351686785,1,7.317991654619347e-06,2.9894770408163265e-05,100352
bayesfl_observability_v1,ola_sparse_bayesian_keep010_seed42,130,ola,global,,,layers.0.weight,db,3,-149.89138419619226,-148.52968225121973,-149.210533223706,0,0.0,2.9894770408163265e-05,100352
bayesfl_observability_v1,ola_sparse_bayesian_keep010_seed42,130,ola,global,,,layers.0.weight,db,4,-148.52968225121973,-147.16798030624722,-147.84883127873348,1,7.317991654619347e-06,3.985969387755102e-05,100352
bayesfl_observability_v1,ola_sparse_bayesian_keep010_seed42,130,ola,global,,,layers.0.weight,db,5,-147.16798030624722,-145.80627836127468,-146.48712933376095,2,1.4635983309238389e-05,5.978954081632653e-05,100352
bayesfl_observability_v1,ola_sparse_bayesian_keep010_seed42,130,ola,global,,,layers.0.weight,db,6,-145.80627836127468,-144.44457641630217,-145.1254273887884,1,7.317991654619347e-06,6.975446428571428e-05,100352
bayesfl_observability_v1,ola_sparse_bayesian_keep010_seed42,130,ola,global,,,layers.0.weight,db,7,-144.44457641630217,-143.08287447132963,-143.7637254438159,1,7.317991654619194e-06,7.971938775510203e-05,100352
bayesfl_observability_v1,ola_sparse_bayesian_keep010_seed42,130,ola,global,,,layers.0.weight,db,8,-143.08287447132963,-141.72117252635712,-142.4020234988434,0,0.0,7.971938775510203e-05,100352
bayesfl_observability_v1,ola_sparse_bayesian_keep010_seed42,130,ola,global,,,layers.0.weight,db,9,-141.72117252635712,-140.35947058138458,-141.04032155387085,0,0.0,7.971938775510203e-05,100352
bayesfl_observability_v1,ola_sparse_bayesian_keep010_seed42,130,ola,global,,,layers.0.weight,db,10,-140.35947058138458,-138.99776863641208,-139.67861960889832,1,7.317991654619347e-06,8.96843112244898e-05,100352
bayesfl_observability_v1,ola_sparse_bayesian_keep010_seed42,130,ola,global,,,layers.0.weight,db,11,-138.99776863641208,-137.63606669143954,-138.3169176639258,2,1.4635983309238389e-05,0.0001096141581632653,100352
bayesfl_observability_v1,ola_sparse_bayesian_keep010_seed42,130,ola,global,,,layers.0.weight,db,12,-137.63606669143954,-136.27436474646703,-136.9552157189533,1,7.317991654619347e-06,0.00011957908163265306,100352
bayesfl_observability_v1,ola_sparse_bayesian_keep010_seed42,130,ola,global,,,layers.0.weight,db,13,-136.27436474646703,-134.9126628014945,-135.59351377398076,1,7.317991654619194e-06,0.00012954400510204082,100352
bayesfl_observability_v1,ola_sparse_bayesian_keep010_seed42,130,ola,global,,,layers.0.weight,db,14,-134.9126628014945,-133.55096085652198,-134.23181182900822,0,0.0,0.00012954400510204082,100352
bayesfl_observability_v1,ola_sparse_bayesian_keep010_seed42,130,ola,global,,,layers.0.weight,db,15,-133.55096085652198,-132.18925891154944,-132.8701098840357,4,2.9271966618476777e-05,0.00016940369897959184,100352
bayesfl_observability_v1,ola_sparse_bayesian_keep010_seed42,130,ola,global,,,layers.0.weight,db,16,-132.18925891154944,-130.82755696657694,-131.5084079390632,7,5.122594158233543e-05,0.00023915816326530612,100352
bayesfl_observability_v1,ola_sparse_bayesian_keep010_seed42,130,ola,global,,,layers.0.weight,db,17,-130.82755696657694,-129.4658550216044,-130.14670599409067,3,2.195397496385758e-05,0.00026905293367346936,100352
bayesfl_observability_v1,ola_sparse_bayesian_keep010_seed42,130,ola,global,,,layers.0.weight,db,18,-129.4658550216044,-128.1041530766319,-128.78500404911813,3,2.195397496385804e-05,0.00029894770408163266,100352
bayesfl_observability_v1,ola_sparse_bayesian_keep010_seed42,130,ola,global,,,layers.0.weight,db,19,-128.1041530766319,-126.74245113165937,-127.42330210414562,1,7.3179916546192705e-06,0.0003089126275510204,100352
bayesfl_observability_v1,ola_sparse_bayesian_keep010_seed42,130,ola,global,,,layers.0.weight,db,20,-126.74245113165937,-125.38074918668684,-126.06160015917311,9,6.586192489157343e-05,0.0003985969387755102,100352
bayesfl_observability_v1,ola_sparse_bayesian_keep010_seed42,130,ola,global,,,layers.0.weight,db,21,-125.38074918668684,-124.01904724171432,-124.69989821420057,7,5.122594158233489e-05,0.00046835140306122447,100352
bayesfl_observability_v1,ola_sparse_bayesian_keep010_seed42,130,ola,global,,,layers.0.weight,db,22,-124.01904724171432,-122.6573452967418,-123.33819626922806,10,7.31799165461927e-05,0.000568000637755102,100352
bayesfl_observability_v1,ola_sparse_bayesian_keep010_seed42,130,ola,global,,,layers.0.weight,db,23,-122.6573452967418,-121.29564335176927,-121.97649432425553,5,3.658995827309635e-05,0.0006178252551020409,100352
bayesfl_observability_v1,ola_sparse_bayesian_keep010_seed42,130,ola,global,,,layers.0.weight,db,24,-121.29564335176927,-119.93394140679675,-120.61479237928302,8,5.8543933236954164e-05,0.0006975446428571429,100352
bayesfl_observability_v1,ola_sparse_bayesian_keep010_seed42,130,ola,global,,,layers.0.weight,db,25,-119.93394140679675,-118.57223946182422,-119.25309043431048,12,8.781589985543124e-05,0.000817123724489796,100352
bayesfl_observability_v1,ola_sparse_bayesian_keep010_seed42,130,ola,global,,,layers.0.weight,db,26,-118.57223946182422,-117.2105375168517,-117.89138848933797,14,0.00010245188316466979,0.0009566326530612245,100352
bayesfl_observability_v1,ola_sparse_bayesian_keep010_seed42,130,ola,global,,,layers.0.weight,db,27,-117.2105375168517,-115.84883557187919,-116.52968654436545,17,0.0001244058581285289,0.0011260363520408164,100352
bayesfl_observability_v1,ola_sparse_bayesian_keep010_seed42,130,ola,global,,,layers.0.weight,db,28,-115.84883557187919,-114.48713362690665,-115.16798459939292,22,0.00016099581640162226,0.001345264668367347,100352
bayesfl_observability_v1,ola_sparse_bayesian_keep010_seed42,130,ola,global,,,layers.0.weight,db,29,-114.48713362690665,-113.12543168193415,-113.8062826544204,24,0.00017563179971086433,0.001584422831632653,100352
bayesfl_observability_v1,ola_sparse_bayesian_keep010_seed42,130,ola,global,,,layers.0.weight,db,30,-113.12543168193415,-111.76372973696161,-112.44458070944788,32,0.00023417573294781422,0.0019033003826530613,100352
bayesfl_observability_v1,ola_sparse_bayesian_keep010_seed42,130,ola,global,,,layers.0.weight,db,31,-111.76372973696161,-110.4020277919891,-111.08287876447535,38,0.0002780836828755352,0.0022819674744897957,100352
bayesfl_observability_v1,ola_sparse_bayesian_keep010_seed42,130,ola,global,,,layers.0.weight,db,32,-110.4020277919891,-109.04032584701656,-109.72117681950283,28,0.00020490376632933743,0.002560985331632653,100352
bayesfl_observability_v1,ola_sparse_bayesian_keep010_seed42,130,ola,global,,,layers.0.weight,db,33,-109.04032584701656,-107.67862390204405,-108.3594748745303,50,0.00036589958273096736,0.003059231505102041,100352
bayesfl_observability_v1,ola_sparse_bayesian_keep010_seed42,130,ola,global,,,layers.0.weight,db,34,-107.67862390204405,-106.31692195707151,-106.99777292955778,54,0.0003951715493494365,0.0035973373724489796,100352
bayesfl_observability_v1,ola_sparse_bayesian_keep010_seed42,130,ola,global,,,layers.0.weight,db,35,-106.31692195707151,-104.955220012099,-105.63607098458526,50,0.00036589958273096736,0.004095583545918368,100352
bayesfl_observability_v1,ola_sparse_bayesian_keep010_seed42,130,ola,global,,,layers.0.weight,db,36,-104.955220012099,-103.59351806712647,-104.27436903961274,80,0.0005854393323695355,0.004892777423469388,100352
bayesfl_observability_v1,ola_sparse_bayesian_keep010_seed42,130,ola,global,,,layers.0.weight,db,37,-103.59351806712647,-102.23181612215396,-102.91266709464021,74,0.0005415313824418316,0.005630181760204082,100352
bayesfl_observability_v1,ola_sparse_bayesian_keep010_seed42,130,ola,global,,,layers.0.weight,db,38,-102.23181612215396,-100.87011417718143,-101.55096514966769,110,0.0008049790820081197,0.0067263233418367345,100352
bayesfl_observability_v1,ola_sparse_bayesian_keep010_seed42,130,ola,global,,,layers.0.weight,db,39,-100.87011417718143,-99.50841223220891,-100.18926320469518,106,0.0007757071153896427,0.007782605229591837,100352
bayesfl_observability_v1,ola_sparse_bayesian_keep010_seed42,130,ola,global,,,layers.0.weight,db,40,-99.50841223220891,-98.14671028723639,-98.82756125972264,107,0.0007830251070442619,0.008848852040816327,100352
bayesfl_observability_v1,ola_sparse_bayesian_keep010_seed42,130,ola,global,,,layers.0.weight,db,41,-98.14671028723639,-96.78500834226386,-97.46585931475013,146,0.0010684267815744134,0.01030373086734694,100352
bayesfl_observability_v1,ola_sparse_bayesian_keep010_seed42,130,ola,global,,,layers.0.weight,db,42,-96.78500834226386,-95.42330639729134,-96.1041573697776,180,0.0013172384978314686,0.012097417091836735,100352
bayesfl_observability_v1,ola_sparse_bayesian_keep010_seed42,130,ola,global,,,layers.0.weight,db,43,-95.42330639729134,-94.06160445231882,-94.74245542480509,193,0.0014123723893415192,0.014020647321428572,100352
bayesfl_observability_v1,ola_sparse_bayesian_keep010_seed42,130,ola,global,,,layers.0.weight,db,44,-94.06160445231882,-92.6999025073463,-93.38075347983255,261,0.0019099958218556296,0.016621492346938774,100352
bayesfl_observability_v1,ola_sparse_bayesian_keep010_seed42,130,ola,global,,,layers.0.weight,db,45,-92.6999025073463,-91.33820056237377,-92.01905153486004,254,0.0018587698802732947,0.019152582908163265,100352
bayesfl_observability_v1,ola_sparse_bayesian_keep010_seed42,130,ola,global,,,layers.0.weight,db,46,-91.33820056237377,-89.97649861740125,-90.6573495898875,288,0.0021075815965303497,0.022022480867346938,100352
bayesfl_observability_v1,ola_sparse_bayesian_keep010_seed42,130,ola,global,,,layers.0.weight,db,47,-89.97649861740125,-88.61479667242872,-89.295647644915,360,0.0026344769956629373,0.02560985331632653,100352
bayesfl_observability_v1,ola_sparse_bayesian_keep010_seed42,130,ola,global,,,layers.0.weight,db,48,-88.61479667242872,-87.2530947274562,-87.93394569994246,422,0.003088192478249332,0.029815051020408163,100352
bayesfl_observability_v1,ola_sparse_bayesian_keep010_seed42,130,ola,global,,,layers.0.weight,db,49,-87.2530947274562,-85.89139278248368,-86.57224375496995,515,0.0037687657021289243,0.034946986607142856,100352
bayesfl_observability_v1,ola_sparse_bayesian_keep010_seed42,130,ola,global,,,layers.0.weight,db,50,-85.89139278248368,-84.52969083751115,-85.21054180999741,590,0.004317615076225369,0.040826291454081634,100352
bayesfl_observability_v1,ola_sparse_bayesian_keep010_seed42,130,ola,global,,,layers.0.weight,db,51,-84.52969083751115,-83.16798889253863,-83.8488398650249,658,0.00481523850873948,0.04738321109693878,100352
bayesfl_observability_v1,ola_sparse_bayesian_keep010_seed42,130,ola,global,,,layers.0.weight,db,52,-83.16798889253863,-81.80628694756611,-82.48713792005236,806,0.005898301273623132,0.05541493941326531,100352
bayesfl_observability_v1,ola_sparse_bayesian_keep010_seed42,130,ola,global,,,layers.0.weight,db,53,-81.80628694756611,-80.4445850025936,-81.12543597507985,1009,0.007383853579510921,0.06546954719387756,100352
bayesfl_observability_v1,ola_sparse_bayesian_keep010_seed42,130,ola,global,,,layers.0.weight,db,54,-80.4445850025936,-79.08288305762107,-79.76373403010734,1091,0.007983928895189623,0.0763412786989796,100352
bayesfl_observability_v1,ola_sparse_bayesian_keep010_seed42,130,ola,global,,,layers.0.weight,db,55,-79.08288305762107,-77.72118111264855,-78.4020320851348,1320,0.009659748984097436,0.08949497767857142,100352
bayesfl_observability_v1,ola_sparse_bayesian_keep010_seed42,130,ola,global,,,layers.0.weight,db,56,-77.72118111264855,-76.35947916767603,-77.0403301401623,1446,0.010581815932579465,0.10390425701530612,100352
bayesfl_observability_v1,ola_sparse_bayesian_keep010_seed42,130,ola,global,,,layers.0.weight,db,57,-76.35947916767603,-74.9977772227035,-75.67862819518976,1835,0.013428514686226361,0.12218989158163265,100352
bayesfl_observability_v1,ola_sparse_bayesian_keep010_seed42,130,ola,global,,,layers.0.weight,db,58,-74.9977772227035,-73.63607527773098,-74.31692625021725,2083,0.01524337661657194,0.14294682716836735,100352
bayesfl_observability_v1,ola_sparse_bayesian_keep010_seed42,130,ola,global,,,layers.0.weight,db,59,-73.63607527773098,-72.27437333275846,-72.95522430524471,2456,0.017972987503744927,0.1674206792091837,100352
bayesfl_observability_v1,ola_sparse_bayesian_keep010_seed42,130,ola,global,,,layers.0.weight,db,60,-72.27437333275846,-70.91267138778593,-71.5935223602722,2887,0.021127041906885833,0.19618941326530612,100352
bayesfl_observability_v1,ola_sparse_bayesian_keep010_seed42,130,ola,global,,,layers.0.weight,db,61,-70.91267138778593,-69.55096944281341,-70.23182041529967,3363,0.024610405934484606,0.22970145089285715,100352
bayesfl_observability_v1,ola_sparse_bayesian_keep010_seed42,130,ola,global,,,layers.0.weight,db,62,-69.55096944281341,-68.18926749784089,-68.87011847032716,3879,0.02838648962826815,0.26835538903061223,100352
bayesfl_observability_v1,ola_sparse_bayesian_keep010_seed42,130,ola,global,,,layers.0.weight,db,63,-68.18926749784089,-66.82756555286836,-67.50841652535462,4652,0.03404329717728884,0.3147122130102041,100352
bayesfl_observability_v1,ola_sparse_bayesian_keep010_seed42,130,ola,global,,,layers.0.weight,db,64,-66.82756555286836,-65.46586360789584,-66.14671458038211,5392,0.039458611001707104,0.36844308035714285,100352
bayesfl_observability_v1,ola_sparse_bayesian_keep010_seed42,130,ola,global,,,layers.0.weight,db,65,-65.46586360789584,-64.10416166292332,-64.78501263540957,6133,0.044881242817779984,0.42955795599489793,100352
bayesfl_observability_v1,ola_sparse_bayesian_keep010_seed42,130,ola,global,,,layers.0.weight,db,66,-64.10416166292332,-62.742459717950794,-63.423310690437056,7227,0.05288712568793347,0.5015744579081632,100352
bayesfl_observability_v1,ola_sparse_bayesian_keep010_seed42,130,ola,global,,,layers.0.weight,db,67,-62.742459717950794,-61.38075777297827,-62.06160874546453,8256,0.0604173391005367,0.5838448660714286,100352
bayesfl_observability_v1,ola_sparse_bayesian_keep010_seed42,130,ola,global,,,layers.0.weight,db,68,-61.38075777297827,-60.01905582800575,-60.69990680049201,9790,0.07164313829872265,0.6814014668367347,100352
bayesfl_observability_v1,ola_sparse_bayesian_keep010_seed42,130,ola,global,,,layers.0.weight,db,69,-60.01905582800575,-58.657353883033224,-59.338204855519486,9413,0.0688842554449312,0.7752012914540817,100352
bayesfl_observability_v1,ola_sparse_bayesian_keep010_seed42,130,ola,global,,,layers.0.weight,db,70,-58.657353883033224,-57.2956519380607,-57.97650291054696,6153,0.04502760265087237,0.8365154655612245,100352
bayesfl_observability_v1,ola_sparse_bayesian_keep010_seed42,130,ola,global,,,layers.0.weight,db,71,-57.2956519380607,-55.93394999308818,-56.61480096557444,4633,0.03390425533585108,0.882682955994898,100352
bayesfl_observability_v1,ola_sparse_bayesian_keep010_seed42,130,ola,global,,,layers.0.weight,db,72,-55.93394999308818,-54.572248048115654,-55.253099020601915,4014,0.029374418501641752,0.9226821588010204,100352
bayesfl_observability_v1,ola_sparse_bayesian_keep010_seed42,130,ola,global,,,layers.0.weight,db,73,-54.572248048115654,-53.21054610314313,-53.89139707562939,3216,0.023534661161255573,0.9547293526785714,100352
bayesfl_observability_v1,ola_sparse_bayesian_keep010_seed42,130,ola,global,,,layers.0.weight,db,74,-53.21054610314313,-51.84884415817062,-52.529695130656876,2334,0.017080192521881556,0.9779874840561225,100352
bayesfl_observability_v1,ola_sparse_bayesian_keep010_seed42,130,ola,global,,,layers.0.weight,db,75,-51.84884415817062,-50.4871422131981,-51.16799318568436,1322,0.009674384967406675,0.9911611128826531,100352
bayesfl_observability_v1,ola_sparse_bayesian_keep010_seed42,130,ola,global,,,layers.0.weight,db,76,-50.4871422131981,-49.125440268225574,-49.806291240711836,589,0.00431029708457075,0.9970304528061225,100352
bayesfl_observability_v1,ola_sparse_bayesian_keep010_seed42,130,ola,global,,,layers.0.weight,db,77,-49.125440268225574,-47.76373832325305,-48.44458929573931,230,0.0016831380805624322,0.9993223852040817,100352
bayesfl_observability_v1,ola_sparse_bayesian_keep010_seed42,130,ola,global,,,layers.0.weight,db,78,-47.76373832325305,-46.40203637828053,-47.08288735076679,59,0.00043176150762253696,0.9999103156887755,100352
bayesfl_observability_v1,ola_sparse_bayesian_keep010_seed42,130,ola,global,,,layers.0.weight,db,79,-46.40203637828053,-45.04033443330801,-45.72118540579427,9,6.586192489157378e-05,1.0,100352
bayesfl_observability_v1,ola_sparse_bayesian_keep010_seed42,130,ola,global,,,layers.0.bias,raw,0,8.020214628369947e-06,6.506159736214213e-05,3.654090599525604e-05,8,1095.695738858658,0.0625,128
bayesfl_observability_v1,ola_sparse_bayesian_keep010_seed42,130,ola,global,,,layers.0.bias,raw,1,6.506159736214213e-05,0.0001221029800959143,9.358228872902822e-05,9,1232.6577062159902,0.1328125,128
bayesfl_observability_v1,ola_sparse_bayesian_keep010_seed42,130,ola,global,,,layers.0.bias,raw,2,0.0001221029800959143,0.0001791443628296865,0.0001506236714628004,5,684.8098367866611,0.171875,128
bayesfl_observability_v1,ola_sparse_bayesian_keep010_seed42,130,ola,global,,,layers.0.bias,raw,3,0.0001791443628296865,0.00023618574556345868,0.00020766505419657258,5,684.8098367866611,0.2109375,128
bayesfl_observability_v1,ola_sparse_bayesian_keep010_seed42,130,ola,global,,,layers.0.bias,raw,4,0.00023618574556345868,0.0002932271282972309,0.0002647064369303448,1,136.9619673573322,0.21875,128
bayesfl_observability_v1,ola_sparse_bayesian_keep010_seed42,130,ola,global,,,layers.0.bias,raw,5,0.0002932271282972309,0.00035026851103100304,0.00032174781966411696,3,410.88590207199684,0.2421875,128
bayesfl_observability_v1,ola_sparse_bayesian_keep010_seed42,130,ola,global,,,layers.0.bias,raw,6,0.00035026851103100304,0.00040730989376477526,0.0003787892023978892,6,821.7718041439929,0.2890625,128
bayesfl_observability_v1,ola_sparse_bayesian_keep010_seed42,130,ola,global,,,layers.0.bias,raw,7,0.00040730989376477526,0.0004643512764985474,0.00043583058513166134,1,136.96196735733227,0.296875,128
bayesfl_observability_v1,ola_sparse_bayesian_keep010_seed42,130,ola,global,,,layers.0.bias,raw,8,0.0004643512764985474,0.0005213926592323196,0.0004928719678654335,4,547.8478694293286,0.328125,128
bayesfl_observability_v1,ola_sparse_bayesian_keep010_seed42,130,ola,global,,,layers.0.bias,raw,9,0.0005213926592323196,0.0005784340419660918,0.0005499133505992057,2,273.92393471466454,0.34375,128
bayesfl_observability_v1,ola_sparse_bayesian_keep010_seed42,130,ola,global,,,layers.0.bias,raw,10,0.0005784340419660918,0.000635475424699864,0.0006069547333329779,2,273.92393471466454,0.359375,128
bayesfl_observability_v1,ola_sparse_bayesian_keep010_seed42,130,ola,global,,,layers.0.bias,raw,11,0.000635475424699864,0.0006925168074336361,0.00066399611606675,3,410.88590207199684,0.3828125,128
bayesfl_observability_v1,ola_sparse_bayesian_keep010_seed42,130,ola,global,,,layers.0.bias,raw,12,0.0006925168074336361,0.0007495581901674083,0.0007210374988005223,4,547.8478694293291,0.4140625,128
bayesfl_observability_v1,ola_sparse_bayesian_keep010_seed42,130,ola,global,,,layers.0.bias,raw,13,0.0007495581901674083,0.0008065995729011806,0.0007780788815342944,3,410.88590207199604,0.4375,128
bayesfl_observability_v1,ola_sparse_bayesian_keep010_seed42,130,ola,global,,,layers.0.bias,raw,14,0.0008065995729011806,0.0008636409556349527,0.0008351202642680666,5,684.8098367866614,0.4765625,128
bayesfl_observability_v1,ola_sparse_bayesian_keep010_seed42,130,ola,global,,,layers.0.bias,raw,15,0.0008636409556349527,0.0009206823383687249,0.0008921616470018389,5,684.8098367866614,0.515625,128
bayesfl_observability_v1,ola_sparse_bayesian_keep010_seed42,130,ola,global,,,layers.0.bias,raw,16,0.0009206823383687249,0.000977723721102497,0.0009492030297356109,3,410.88590207199763,0.5390625,128
bayesfl_observability_v1,ola_sparse_bayesian_keep010_seed42,130,ola,global,,,layers.0.bias,raw,17,0.000977723721102497,0.0010347651038362692,0.0010062444124693832,5,684.8098367866601,0.578125,128
bayesfl_observability_v1,ola_sparse_bayesian_keep010_seed42,130,ola,global,,,layers.0.bias,raw,18,0.0010347651038362692,0.0010918064865700413,0.0010632857952031552,2,273.92393471466505,0.59375,128
bayesfl_observability_v1,ola_sparse_bayesian_keep010_seed42,130,ola,global,,,layers.0.bias,raw,19,0.0010918064865700413,0.0011488478693038135,0.0011203271779369273,4,547.8478694293281,0.625,128
bayesfl_observability_v1,ola_sparse_bayesian_keep010_seed42,130,ola,global,,,layers.0.bias,raw,20,0.0011488478693038135,0.0012058892520375856,0.0011773685606706996,3,410.88590207199763,0.6484375,128
bayesfl_observability_v1,ola_sparse_bayesian_keep010_seed42,130,ola,global,,,layers.0.bias,raw,21,0.0012058892520375856,0.0012629306347713579,0.0012344099434044718,4,547.8478694293281,0.6796875,128
bayesfl_observability_v1,ola_sparse_bayesian_keep010_seed42,130,ola,global,,,layers.0.bias,raw,22,0.0012629306347713579,0.0013199720175051301,0.001291451326138244,3,410.88590207199604,0.703125,128
bayesfl_observability_v1,ola_sparse_bayesian_keep010_seed42,130,ola,global,,,layers.0.bias,raw,23,0.0013199720175051301,0.0013770134002389022,0.0013484927088720162,1,136.96196735733253,0.7109375,128
bayesfl_observability_v1,ola_sparse_bayesian_keep010_seed42,130,ola,global,,,layers.0.bias,raw,24,0.0013770134002389022,0.0014340547829726745,0.0014055340916057884,2,273.92393471466403,0.7265625,128
bayesfl_observability_v1,ola_sparse_bayesian_keep010_seed42,130,ola,global,,,layers.0.bias,raw,25,0.0014340547829726745,0.0014910961657064465,0.0014625754743395605,1,136.96196735733253,0.734375,128
bayesfl_observability_v1,ola_sparse_bayesian_keep010_seed42,130,ola,global,,,layers.0.bias,raw,26,0.0014910961657064465,0.0015481375484402188,0.0015196168570733326,5,684.8098367866601,0.7734375,128
bayesfl_observability_v1,ola_sparse_bayesian_keep010_seed42,130,ola,global,,,layers.0.bias,raw,27,0.0015481375484402188,0.001605178931173991,0.001576658239807105,3,410.88590207199604,0.796875,128
bayesfl_observability_v1,ola_sparse_bayesian_keep010_seed42,130,ola,global,,,layers.0.bias,raw,28,0.001605178931173991,0.0016622203139077631,0.001633699622540877,0,0.0,0.796875,128
bayesfl_observability_v1,ola_sparse_bayesian_keep010_seed42,130,ola,global,,,layers.0.bias,raw,29,0.0016622203139077631,0.0017192616966415354,0.0016907410052746492,0,0.0,0.796875,128
bayesfl_observability_v1,ola_sparse_bayesian_keep010_seed42,130,ola,global,,,layers.0.bias,raw,30,0.0017192616966415354,0.0017763030793753075,0.0017477823880084214,2,273.92393471466505,0.8125,128
bayesfl_observability_v1,ola_sparse_bayesian_keep010_seed42,130,ola,global,,,layers.0.bias,raw,31,0.0017763030793753075,0.0018333444621090797,0.0018048237707421937,5,684.8098367866601,0.8515625,128
bayesfl_observability_v1,ola_sparse_bayesian_keep010_seed42,130,ola,global,,,layers.0.bias,raw,32,0.0018333444621090797,0.001890385844842852,0.0018618651534759658,3,410.88590207199604,0.875,128
bayesfl_observability_v1,ola_sparse_bayesian_keep010_seed42,130,ola,global,,,layers.0.bias,raw,33,0.001890385844842852,0.001947427227576624,0.001918906536209738,1,136.96196735733253,0.8828125,128
bayesfl_observability_v1,ola_sparse_bayesian_keep010_seed42,130,ola,global,,,layers.0.bias,raw,34,0.001947427227576624,0.002004468610310396,0.0019759479189435103,1,136.96196735733253,0.890625,128
bayesfl_observability_v1,ola_sparse_bayesian_keep010_seed42,130,ola,global,,,layers.0.bias,raw,35,0.002004468610310396,0.0020615099930441686,0.0020329893016772824,2,273.923934714663,0.90625,128
bayesfl_observability_v1,ola_sparse_bayesian_keep010_seed42,130,ola,global,,,layers.0.bias,raw,36,0.0020615099930441686,0.0021185513757779406,0.0020900306844110544,3,410.88590207199763,0.9296875,128
bayesfl_observability_v1,ola_sparse_bayesian_keep010_seed42,130,ola,global,,,layers.0.bias,raw,37,0.0021185513757779406,0.0021755927585117127,0.002147072067144827,2,273.92393471466505,0.9453125,128
bayesfl_observability_v1,ola_sparse_bayesian_keep010_seed42,130,ola,global,,,layers.0.bias,raw,38,0.0021755927585117127,0.002232634141245485,0.002204113449878599,2,273.923934714663,0.9609375,128
bayesfl_observability_v1,ola_sparse_bayesian_keep010_seed42,130,ola,global,,,layers.0.bias,raw,39,0.002232634141245485,0.0022896755239792572,0.002261154832612371,0,0.0,0.9609375,128
bayesfl_observability_v1,ola_sparse_bayesian_keep010_seed42,130,ola,global,,,layers.0.bias,raw,40,0.0022896755239792572,0.0023467169067130293,0.0023181962153461435,0,0.0,0.9609375,128
bayesfl_observability_v1,ola_sparse_bayesian_keep010_seed42,130,ola,global,,,layers.0.bias,raw,41,0.0023467169067130293,0.0024037582894468014,0.002375237598079915,0,0.0,0.9609375,128
bayesfl_observability_v1,ola_sparse_bayesian_keep010_seed42,130,ola,global,,,layers.0.bias,raw,42,0.0024037582894468014,0.002460799672180574,0.0024322789808136876,0,0.0,0.9609375,128
bayesfl_observability_v1,ola_sparse_bayesian_keep010_seed42,130,ola,global,,,layers.0.bias,raw,43,0.002460799672180574,0.002517841054914346,0.00248932036354746,1,136.96196735733253,0.96875,128
bayesfl_observability_v1,ola_sparse_bayesian_keep010_seed42,130,ola,global,,,layers.0.bias,raw,44,0.002517841054914346,0.002574882437648118,0.0025463617462812317,0,0.0,0.96875,128
bayesfl_observability_v1,ola_sparse_bayesian_keep010_seed42,130,ola,global,,,layers.0.bias,raw,45,0.002574882437648118,0.0026319238203818904,0.002603403129015004,1,136.9619673573315,0.9765625,128
bayesfl_observability_v1,ola_sparse_bayesian_keep010_seed42,130,ola,global,,,layers.0.bias,raw,46,0.0026319238203818904,0.0026889652031156625,0.0026604445117487767,2,273.92393471466505,0.9921875,128
bayesfl_observability_v1,ola_sparse_bayesian_keep010_seed42,130,ola,global,,,layers.0.bias,raw,47,0.0026889652031156625,0.0027460065858494346,0.0027174858944825483,0,0.0,0.9921875,128
bayesfl_observability_v1,ola_sparse_bayesian_keep010_seed42,130,ola,global,,,layers.0.bias,raw,48,0.0027460065858494346,0.002803047968583207,0.002774527277216321,0,0.0,0.9921875,128
bayesfl_observability_v1,ola_sparse_bayesian_keep010_seed42,130,ola,global,,,layers.0.bias,raw,49,0.002803047968583207,0.002860089351316979,0.0028315686599500933,0,0.0,0.9921875,128
bayesfl_observability_v1,ola_sparse_bayesian_keep010_seed42,130,ola,global,,,layers.0.bias,raw,50,0.002860089351316979,0.002917130734050751,0.002888610042683865,0,0.0,0.9921875,128
bayesfl_observability_v1,ola_sparse_bayesian_keep010_seed42,130,ola,global,,,layers.0.bias,raw,51,0.002917130734050751,0.002974172116784523,0.0029456514254176374,0,0.0,0.9921875,128
bayesfl_observability_v1,ola_sparse_bayesian_keep010_seed42,130,ola,global,,,layers.0.bias,raw,52,0.002974172116784523,0.0030312134995182957,0.0030026928081514095,0,0.0,0.9921875,128
bayesfl_observability_v1,ola_sparse_bayesian_keep010_seed42,130,ola,global,,,layers.0.bias,raw,53,0.0030312134995182957,0.0030882548822520678,0.0030597341908851815,0,0.0,0.9921875,128
bayesfl_observability_v1,ola_sparse_bayesian_keep010_seed42,130,ola,global,,,layers.0.bias,raw,54,0.0030882548822520678,0.00314529626498584,0.003116775573618954,0,0.0,0.9921875,128
bayesfl_observability_v1,ola_sparse_bayesian_keep010_seed42,130,ola,global,,,layers.0.bias,raw,55,0.00314529626498584,0.0032023376477196123,0.003173816956352726,0,0.0,0.9921875,128
bayesfl_observability_v1,ola_sparse_bayesian_keep010_seed42,130,ola,global,,,layers.0.bias,raw,56,0.0032023376477196123,0.0032593790304533844,0.003230858339086498,0,0.0,0.9921875,128
bayesfl_observability_v1,ola_sparse_bayesian_keep010_seed42,130,ola,global,,,layers.0.bias,raw,57,0.0032593790304533844,0.0033164204131871564,0.0032878997218202706,0,0.0,0.9921875,128
bayesfl_observability_v1,ola_sparse_bayesian_keep010_seed42,130,ola,global,,,layers.0.bias,raw,58,0.0033164204131871564,0.003373461795920929,0.0033449411045540427,0,0.0,0.9921875,128
bayesfl_observability_v1,ola_sparse_bayesian_keep010_seed42,130,ola,global,,,layers.0.bias,raw,59,0.003373461795920929,0.003430503178654701,0.0034019824872878147,0,0.0,0.9921875,128
bayesfl_observability_v1,ola_sparse_bayesian_keep010_seed42,130,ola,global,,,layers.0.bias,raw,60,0.003430503178654701,0.003487544561388473,0.003459023870021587,0,0.0,0.9921875,128
bayesfl_observability_v1,ola_sparse_bayesian_keep010_seed42,130,ola,global,,,layers.0.bias,raw,61,0.003487544561388473,0.003544585944122245,0.003516065252755359,0,0.0,0.9921875,128
bayesfl_observability_v1,ola_sparse_bayesian_keep010_seed42,130,ola,global,,,layers.0.bias,raw,62,0.003544585944122245,0.0036016273268560176,0.0035731066354891313,0,0.0,0.9921875,128
bayesfl_observability_v1,ola_sparse_bayesian_keep010_seed42,130,ola,global,,,layers.0.bias,raw,63,0.0036016273268560176,0.0036586687095897896,0.003630148018222904,0,0.0,0.9921875,128
bayesfl_observability_v1,ola_sparse_bayesian_keep010_seed42,130,ola,global,,,layers.0.bias,raw,64,0.0036586687095897896,0.0037157100923235617,0.0036871894009566754,0,0.0,0.9921875,128
bayesfl_observability_v1,ola_sparse_bayesian_keep010_seed42,130,ola,global,,,layers.0.bias,raw,65,0.0037157100923235617,0.003772751475057334,0.003744230783690448,0,0.0,0.9921875,128
bayesfl_observability_v1,ola_sparse_bayesian_keep010_seed42,130,ola,global,,,layers.0.bias,raw,66,0.003772751475057334,0.003829792857791106,0.0038012721664242204,0,0.0,0.9921875,128
bayesfl_observability_v1,ola_sparse_bayesian_keep010_seed42,130,ola,global,,,layers.0.bias,raw,67,0.003829792857791106,0.0038868342405248783,0.003858313549157992,0,0.0,0.9921875,128
bayesfl_observability_v1,ola_sparse_bayesian_keep010_seed42,130,ola,global,,,layers.0.bias,raw,68,0.0038868342405248783,0.003943875623258651,0.0039153549318917645,0,0.0,0.9921875,128
bayesfl_observability_v1,ola_sparse_bayesian_keep010_seed42,130,ola,global,,,layers.0.bias,raw,69,0.003943875623258651,0.004000917005992422,0.003972396314625537,0,0.0,0.9921875,128
bayesfl_observability_v1,ola_sparse_bayesian_keep010_seed42,130,ola,global,,,layers.0.bias,raw,70,0.004000917005992422,0.004057958388726195,0.004029437697359309,0,0.0,0.9921875,128
bayesfl_observability_v1,ola_sparse_bayesian_keep010_seed42,130,ola,global,,,layers.0.bias,raw,71,0.004057958388726195,0.004114999771459967,0.004086479080093081,0,0.0,0.9921875,128
bayesfl_observability_v1,ola_sparse_bayesian_keep010_seed42,130,ola,global,,,layers.0.bias,raw,72,0.004114999771459967,0.004172041154193739,0.004143520462826853,0,0.0,0.9921875,128
bayesfl_observability_v1,ola_sparse_bayesian_keep010_seed42,130,ola,global,,,layers.0.bias,raw,73,0.004172041154193739,0.0042290825369275115,0.004200561845560625,0,0.0,0.9921875,128
bayesfl_observability_v1,ola_sparse_bayesian_keep010_seed42,130,ola,global,,,layers.0.bias,raw,74,0.0042290825369275115,0.004286123919661284,0.004257603228294398,0,0.0,0.9921875,128
bayesfl_observability_v1,ola_sparse_bayesian_keep010_seed42,130,ola,global,,,layers.0.bias,raw,75,0.004286123919661284,0.004343165302395056,0.00431464461102817,0,0.0,0.9921875,128
bayesfl_observability_v1,ola_sparse_bayesian_keep010_seed42,130,ola,global,,,layers.0.bias,raw,76,0.004343165302395056,0.004400206685128828,0.004371685993761942,0,0.0,0.9921875,128
bayesfl_observability_v1,ola_sparse_bayesian_keep010_seed42,130,ola,global,,,layers.0.bias,raw,77,0.004400206685128828,0.0044572480678626005,0.004428727376495714,0,0.0,0.9921875,128
bayesfl_observability_v1,ola_sparse_bayesian_keep010_seed42,130,ola,global,,,layers.0.bias,raw,78,0.0044572480678626005,0.004514289450596372,0.004485768759229486,0,0.0,0.9921875,128
bayesfl_observability_v1,ola_sparse_bayesian_keep010_seed42,130,ola,global,,,layers.0.bias,raw,79,0.004514289450596372,0.004571330833330145,0.004542810141963258,1,136.9619673573315,1.0,128
bayesfl_observability_v1,ola_sparse_bayesian_keep010_seed42,130,ola,global,,,layers.0.bias,db,0,-101.91627910575731,-101.2273149536867,-101.571797029722,1,0.011339486933420755,0.0078125,128
bayesfl_observability_v1,ola_sparse_bayesian_keep010_seed42,130,ola,global,,,layers.0.bias,db,1,-101.2273149536867,-100.53835080161609,-100.8828328776514,0,0.0,0.0078125,128
bayesfl_observability_v1,ola_sparse_bayesian_keep010_seed42,130,ola,global,,,layers.0.bias,db,2,-100.53835080161609,-99.84938664954547,-100.19386872558078,0,0.0,0.0078125,128
bayesfl_observability_v1,ola_sparse_bayesian_keep010_seed42,130,ola,global,,,layers.0.bias,db,3,-99.84938664954547,-99.16042249747485,-99.50490457351016,0,0.0,0.0078125,128
bayesfl_observability_v1,ola_sparse_bayesian_keep010_seed42,130,ola,global,,,layers.0.bias,db,4,-99.16042249747485,-98.47145834540424,-98.81594042143955,0,0.0,0.0078125,128
bayesfl_observability_v1,ola_sparse_bayesian_keep010_seed42,130,ola,global,,,layers.0.bias,db,5,-98.47145834540424,-97.78249419333363,-98.12697626936894,0,0.0,0.0078125,128
bayesfl_observability_v1,ola_sparse_bayesian_keep010_seed42,130,ola,global,,,layers.0.bias,db,6,-97.78249419333363,-97.09353004126302,-97.43801211729833,0,0.0,0.0078125,128
bayesfl_observability_v1,ola_sparse_bayesian_keep010_seed42,130,ola,global,,,layers.0.bias,db,7,-97.09353004126302,-96.40456588919241,-96.74904796522772,0,0.0,0.0078125,128
bayesfl_observability_v1,ola_sparse_bayesian_keep010_seed42,130,ola,global,,,layers.0.bias,db,8,-96.40456588919241,-95.71560173712179,-96.06008381315709,0,0.0,0.0078125,128
bayesfl_observability_v1,ola_sparse_bayesian_keep010_seed42,130,ola,global,,,layers.0.bias,db,9,-95.71560173712179,-95.02663758505118,-95.37111966108648,0,0.0,0.0078125,128
bayesfl_observability_v1,ola_sparse_bayesian_keep010_seed42,130,ola,global,,,layers.0.bias,db,10,-95.02663758505118,-94.33767343298057,-94.68215550901587,0,0.0,0.0078125,128
bayesfl_observability_v1,ola_sparse_bayesian_keep010_seed42,130,ola,global,,,layers.0.bias,db,11,-94.33767343298057,-93.64870928090996,-93.99319135694526,0,0.0,0.0078125,128
bayesfl_observability_v1,ola_sparse_bayesian_keep010_seed42,130,ola,global,,,layers.0.bias,db,12,-93.64870928090996,-92.95974512883934,-93.30422720487465,0,0.0,0.0078125,128
bayesfl_observability_v1,ola_sparse_bayesian_keep010_seed42,130,ola,global,,,layers.0.bias,db,13,-92.95974512883934,-92.27078097676873,-92.61526305280404,0,0.0,0.0078125,128
bayesfl_observability_v1,ola_sparse_bayesian_keep010_seed42,130,ola,global,,,layers.0.bias,db,14,-92.27078097676873,-91.58181682469811,-91.92629890073343,0,0.0,0.0078125,128
bayesfl_observability_v1,ola_sparse_bayesian_keep010_seed42,130,ola,global,,,layers.0.bias,db,15,-91.58181682469811,-90.8928526726275,-91.2373347486628,2,0.02267897386684151,0.0234375,128
bayesfl_observability_v1,ola_sparse_bayesian_keep010_seed42,130,ola,global,,,layers.0.bias,db,16,-90.8928526726275,-90.20388852055689,-90.54837059659219,1,0.011339486933420755,0.03125,128
bayesfl_observability_v1,ola_sparse_bayesian_keep010_seed42,130,ola,global,,,layers.0.bias,db,17,-90.20388852055689,-89.51492436848628,-89.85940644452158,0,0.0,0.03125,128
bayesfl_observability_v1,ola_sparse_bayesian_keep010_seed42,130,ola,global,,,layers.0.bias,db,18,-89.51492436848628,-88.82596021641567,-89.17044229245097,1,0.011339486933420755,0.0390625,128
bayesfl_observability_v1,ola_sparse_bayesian_keep010_seed42,130,ola,global,,,layers.0.bias,db,19,-88.82596021641567,-88.13699606434506,-88.48147814038036,0,0.0,0.0390625,128
bayesfl_observability_v1,ola_sparse_bayesian_keep010_seed42,130,ola,global,,,layers.0.bias,db,20,-88.13699606434506,-87.44803191227443,-87.79251398830974,0,0.0,0.0390625,128
bayesfl_observability_v1,ola_sparse_bayesian_keep010_seed42,130,ola,global,,,layers.0.bias,db,21,-87.44803191227443,-86.75906776020382,-87.10354983623913,0,0.0,0.0390625,128
bayesfl_observability_v1,ola_sparse_bayesian_keep010_seed42,130,ola,global,,,layers.0.bias,db,22,-86.75906776020382,-86.07010360813321,-86.41458568416851,1,0.011339486933420755,0.046875,128
bayesfl_observability_v1,ola_sparse_bayesian_keep010_seed42,130,ola,global,,,layers.0.bias,db,23,-86.07010360813321,-85.3811394560626,-85.7256215320979,0,0.0,0.046875,128
bayesfl_observability_v1,ola_sparse_bayesian_keep010_seed42,130,ola,global,,,layers.0.bias,db,24,-85.3811394560626,-84.69217530399199,-85.0366573800273,1,0.011339486933420755,0.0546875,128
bayesfl_observability_v1,ola_sparse_bayesian_keep010_seed42,130,ola,global,,,layers.0.bias,db,25,-84.69217530399199,-84.00321115192136,-84.34769322795668,1,0.01133948693342052,0.0625,128
bayesfl_observability_v1,ola_sparse_bayesian_keep010_seed42,130,ola,global,,,layers.0.bias,db,26,-84.00321115192136,-83.31424699985075,-83.65872907588606,2,0.02267897386684151,0.078125,128
bayesfl_observability_v1,ola_sparse_bayesian_keep010_seed42,130,ola,global,,,layers.0.bias,db,27,-83.31424699985075,-82.62528284778014,-82.96976492381545,0,0.0,0.078125,128
bayesfl_observability_v1,ola_sparse_bayesian_keep010_seed42,130,ola,global,,,layers.0.bias,db,28,-82.62528284778014,-81.93631869570953,-82.28080077174484,2,0.02267897386684151,0.09375,128
bayesfl_observability_v1,ola_sparse_bayesian_keep010_seed42,130,ola,global,,,layers.0.bias,db,29,-81.93631869570953,-81.24735454363892,-81.59183661967423,3,0.03401846080026227,0.1171875,128
bayesfl_observability_v1,ola_sparse_bayesian_keep010_seed42,130,ola,global,,,layers.0.bias,db,30,-81.24735454363892,-80.55839039156831,-80.90287246760361,1,0.011339486933420755,0.125,128
bayesfl_observability_v1,ola_sparse_bayesian_keep010_seed42,130,ola,global,,,layers.0.bias,db,31,-80.55839039156831,-79.8694262394977,-80.213908315533,0,0.0,0.125,128
bayesfl_observability_v1,ola_sparse_bayesian_keep010_seed42,130,ola,global,,,layers.0.bias,db,32,-79.8694262394977,-79.18046208742707,-79.52494416346238,0,0.0,0.125,128
bayesfl_observability_v1,ola_sparse_bayesian_keep010_seed42,130,ola,global,,,layers.0.bias,db,33,-79.18046208742707,-78.49149793535646,-78.83598001139177,1,0.011339486933420755,0.1328125,128
bayesfl_observability_v1,ola_sparse_bayesian_keep010_seed42,130,ola,global,,,layers.0.bias,db,34,-78.49149793535646,-77.80253378328585,-78.14701585932116,0,0.0,0.1328125,128
bayesfl_observability_v1,ola_sparse_bayesian_keep010_seed42,130,ola,global,,,layers.0.bias,db,35,-77.80253378328585,-77.11356963121524,-77.45805170725055,0,0.0,0.1328125,128
bayesfl_observability_v1,ola_sparse_bayesian_keep010_seed42,130,ola,global,,,layers.0.bias,db,36,-77.11356963121524,-76.42460547914463,-76.76908755517994,1,0.011339486933420755,0.140625,128
bayesfl_observability_v1,ola_sparse_bayesian_keep010_seed42,130,ola,global,,,layers.0.bias,db,37,-76.42460547914463,-75.735641327074,-76.08012340310933,2,0.02267897386684104,0.15625,128
bayesfl_observability_v1,ola_sparse_bayesian_keep010_seed42,130,ola,global,,,layers.0.bias,db,38,-75.735641327074,-75.0466771750034,-75.3911592510387,1,0.011339486933420755,0.1640625,128
bayesfl_observability_v1,ola_sparse_bayesian_keep010_seed42,130,ola,global,,,layers.0.bias,db,39,-75.0466771750034,-74.35771302293278,-74.70219509896809,1,0.011339486933420755,0.171875,128
bayesfl_observability_v1,ola_sparse_bayesian_keep010_seed42,130,ola,global,,,layers.0.bias,db,40,-74.35771302293278,-73.66874887086217,-74.01323094689748,3,0.03401846080026227,0.1953125,128
bayesfl_observability_v1,ola_sparse_bayesian_keep010_seed42,130,ola,global,,,layers.0.bias,db,41,-73.66874887086217,-72.97978471879156,-73.32426679482687,1,0.011339486933420755,0.203125,128
bayesfl_observability_v1,ola_sparse_bayesian_keep010_seed42,130,ola,global,,,layers.0.bias,db,42,-72.97978471879156,-72.29082056672095,-72.63530264275626,1,0.011339486933420755,0.2109375,128
bayesfl_observability_v1,ola_sparse_bayesian_keep010_seed42,130,ola,global,,,layers.0.bias,db,43,-72.29082056672095,-71.60185641465034,-71.94633849068565,0,0.0,0.2109375,128
bayesfl_observability_v1,ola_sparse_bayesian_keep010_seed42,130,ola,global,,,layers.0.bias,db,44,-71.60185641465034,-70.91289226257972,-71.25737433861502,1,0.01133948693342052,0.21875,128
bayesfl_observability_v1,ola_sparse_bayesian_keep010_seed42,130,ola,global,,,layers.0.bias,db,45,-70.91289226257972,-70.2239281105091,-70.56841018654441,1,0.011339486933420755,0.2265625,128
bayesfl_observability_v1,ola_sparse_bayesian_keep010_seed42,130,ola,global,,,layers.0.bias,db,46,-70.2239281105091,-69.5349639584385,-69.8794460344738,0,0.0,0.2265625,128
bayesfl_observability_v1,ola_sparse_bayesian_keep010_seed42,130,ola,global,,,layers.0.bias,db,47,-69.5349639584385,-68.84599980636789,-69.19048188240319,3,0.03401846080026227,0.25,128
bayesfl_observability_v1,ola_sparse_bayesian_keep010_seed42,130,ola,global,,,layers.0.bias,db,48,-68.84599980636789,-68.15703565429726,-68.50151773033258,4,0.04535794773368208,0.28125,128
bayesfl_observability_v1,ola_sparse_bayesian_keep010_seed42,130,ola,global,,,layers.0.bias,db,49,-68.15703565429726,-67.46807150222665,-67.81255357826196,1,0.011339486933420755,0.2890625,128
bayesfl_observability_v1,ola_sparse_bayesian_keep010_seed42,130,ola,global,,,layers.0.bias,db,50,-67.46807150222665,-66.77910735015604,-67.12358942619134,0,0.0,0.2890625,128
bayesfl_observability_v1,ola_sparse_bayesian_keep010_seed42,130,ola,global,,,layers.0.bias,db,51,-66.77910735015604,-66.09014319808543,-66.43462527412073,2,0.02267897386684151,0.3046875,128
bayesfl_observability_v1,ola_sparse_bayesian_keep010_seed42,130,ola,global,,,layers.0.bias,db,52,-66.09014319808543,-65.40117904601482,-65.74566112205012,3,0.03401846080026227,0.328125,128
bayesfl_observability_v1,ola_sparse_bayesian_keep010_seed42,130,ola,global,,,layers.0.bias,db,53,-65.40117904601482,-64.7122148939442,-65.05669696997951,2,0.02267897386684151,0.34375,128
bayesfl_observability_v1,ola_sparse_bayesian_keep010_seed42,130,ola,global,,,layers.0.bias,db,54,-64.7122148939442,-64.0232507418736,-64.3677328179089,2,0.02267897386684151,0.359375,128
bayesfl_observability_v1,ola_sparse_bayesian_keep010_seed42,130,ola,global,,,layers.0.bias,db,55,-64.0232507418736,-63.33428658980298,-63.67876866583829,3,0.03401846080026191,0.3828125,128
bayesfl_observability_v1,ola_sparse_bayesian_keep010_seed42,130,ola,global,,,layers.0.bias,db,56,-63.33428658980298,-62.64532243773236,-62.989804513767666,2,0.022678973866841277,0.3984375,128
bayesfl_observability_v1,ola_sparse_bayesian_keep010_seed42,130,ola,global,,,layers.0.bias,db,57,-62.64532243773236,-61.95635828566175,-62.300840361697055,4,0.04535794773368302,0.4296875,128
bayesfl_observability_v1,ola_sparse_bayesian_keep010_seed42,130,ola,global,,,layers.0.bias,db,58,-61.95635828566175,-61.26739413359114,-61.611876209626445,6,0.06803692160052453,0.4765625,128
bayesfl_observability_v1,ola_sparse_bayesian_keep010_seed42,130,ola,global,,,layers.0.bias,db,59,-61.26739413359114,-60.57842998152052,-60.922912057555834,5,0.05669743466710319,0.515625,128
bayesfl_observability_v1,ola_sparse_bayesian_keep010_seed42,130,ola,global,,,layers.0.bias,db,60,-60.57842998152052,-59.88946582944991,-60.233947905485216,4,0.04535794773368302,0.546875,128
bayesfl_observability_v1,ola_sparse_bayesian_keep010_seed42,130,ola,global,,,layers.0.bias,db,61,-59.88946582944991,-59.2005016773793,-59.544983753414606,7,0.07937640853394529,0.6015625,128
bayesfl_observability_v1,ola_sparse_bayesian_keep010_seed42,130,ola,global,,,layers.0.bias,db,62,-59.2005016773793,-58.51153752530868,-58.85601960134399,5,0.05669743466710319,0.640625,128
bayesfl_observability_v1,ola_sparse_bayesian_keep010_seed42,130,ola,global,,,layers.0.bias,db,63,-58.51153752530868,-57.82257337323807,-58.16705544927338,5,0.05669743466710377,0.6796875,128
bayesfl_observability_v1,ola_sparse_bayesian_keep010_seed42,130,ola,global,,,layers.0.bias,db,64,-57.82257337323807,-57.13360922116746,-57.478091297202766,5,0.05669743466710377,0.71875,128
bayesfl_observability_v1,ola_sparse_bayesian_keep010_seed42,130,ola,global,,,layers.0.bias,db,65,-57.13360922116746,-56.44464506909684,-56.789127145132156,3,0.03401846080026191,0.7421875,128
bayesfl_observability_v1,ola_sparse_bayesian_keep010_seed42,130,ola,global,,,layers.0.bias,db,66,-56.44464506909684,-55.75568091702623,-56.10016299306154,7,0.07937640853394529,0.796875,128
bayesfl_observability_v1,ola_sparse_bayesian_keep010_seed42,130,ola,global,,,layers.0.bias,db,67,-55.75568091702623,-55.06671676495562,-55.41119884099093,2,0.02267897386684151,0.8125,128
bayesfl_observability_v1,ola_sparse_bayesian_keep010_seed42,130,ola,global,,,layers.0.bias,db,68,-55.06671676495562,-54.377752612885004,-54.72223468892031,8,0.09071589546736511,0.875,128
bayesfl_observability_v1,ola_sparse_bayesian_keep010_seed42,130,ola,global,,,layers.0.bias,db,69,-54.377752612885004,-53.68878846081439,-54.0332705368497,5,0.05669743466710377,0.9140625,128
bayesfl_observability_v1,ola_sparse_bayesian_keep010_seed42,130,ola,global,,,layers.0.bias,db,70,-53.68878846081439,-52.99982430874378,-53.34430638477909,6,0.06803692160052453,0.9609375,128
bayesfl_observability_v1,ola_sparse_bayesian_keep010_seed42,130,ola,global,,,layers.0.bias,db,71,-52.99982430874378,-52.310860156673165,-52.65534223270848,0,0.0,0.9609375,128
bayesfl_observability_v1,ola_sparse_bayesian_keep010_seed42,130,ola,global,,,layers.0.bias,db,72,-52.310860156673165,-51.621896004602554,-51.96637808063786,2,0.02267897386684151,0.9765625,128
bayesfl_observability_v1,ola_sparse_bayesian_keep010_seed42,130,ola,global,,,layers.0.bias,db,73,-51.621896004602554,-50.932931852531944,-51.27741392856725,2,0.02267897386684151,0.9921875,128
bayesfl_observability_v1,ola_sparse_bayesian_keep010_seed42,130,ola,global,,,layers.0.bias,db,74,-50.932931852531944,-50.243967700461326,-50.58844977649663,0,0.0,0.9921875,128
bayesfl_observability_v1,ola_sparse_bayesian_keep010_seed42,130,ola,global,,,layers.0.bias,db,75,-50.243967700461326,-49.555003548390715,-49.89948562442602,0,0.0,0.9921875,128
bayesfl_observability_v1,ola_sparse_bayesian_keep010_seed42,130,ola,global,,,layers.0.bias,db,76,-49.555003548390715,-48.866039396320105,-49.21052147235541,0,0.0,0.9921875,128
bayesfl_observability_v1,ola_sparse_bayesian_keep010_seed42,130,ola,global,,,layers.0.bias,db,77,-48.866039396320105,-48.17707524424949,-48.5215573202848,0,0.0,0.9921875,128
bayesfl_observability_v1,ola_sparse_bayesian_keep010_seed42,130,ola,global,,,layers.0.bias,db,78,-48.17707524424949,-47.488111092178876,-47.83259316821418,0,0.0,0.9921875,128
bayesfl_observability_v1,ola_sparse_bayesian_keep010_seed42,130,ola,global,,,layers.0.bias,db,79,-47.488111092178876,-46.799146940108265,-47.14362901614357,1,0.011339486933420755,1.0,128
bayesfl_observability_v1,ola_sparse_bayesian_keep010_seed42,130,ola,global,,,layers.1.weight,raw,0,1.2150975424842934e-06,0.001292829599423341,0.0006470223484829126,168,101.61700709373655,0.13125,1280
bayesfl_observability_v1,ola_sparse_bayesian_keep010_seed42,130,ola,global,,,layers.1.weight,raw,1,0.001292829599423341,0.0025844441013041976,0.0019386368503637693,170,102.82673336866198,0.2640625,1280
bayesfl_observability_v1,ola_sparse_bayesian_keep010_seed42,130,ola,global,,,layers.1.weight,raw,2,0.0025844441013041976,0.0038760586031850544,0.003230251352244626,137,82.8662498323923,0.37109375,1280
bayesfl_observability_v1,ola_sparse_bayesian_keep010_seed42,130,ola,global,,,layers.1.weight,raw,3,0.0038760586031850544,0.005167673105065911,0.004521865854125483,150,90.72947061940764,0.48828125,1280
bayesfl_observability_v1,ola_sparse_bayesian_keep010_seed42,130,ola,global,,,layers.1.weight,raw,4,0.005167673105065911,0.006459287606946767,0.005813480356006339,94,56.857134921495465,0.56171875,1280
bayesfl_observability_v1,ola_sparse_bayesian_keep010_seed42,130,ola,global,,,layers.1.weight,raw,5,0.006459287606946767,0.0077509021088276245,0.007105094857887196,108,65.32521884597347,0.64609375,1280
bayesfl_observability_v1,ola_sparse_bayesian_keep010_seed42,130,ola,global,,,layers.1.weight,raw,6,0.0077509021088276245,0.009042516610708482,0.008396709359768054,70,42.34041962239018,0.70078125,1280
bayesfl_observability_v1,ola_sparse_bayesian_keep010_seed42,130,ola,global,,,layers.1.weight,raw,7,0.009042516610708482,0.010334131112589339,0.00968832386164891,71,42.94528275985296,0.75625,1280
bayesfl_observability_v1,ola_sparse_bayesian_keep010_seed42,130,ola,global,,,layers.1.weight,raw,8,0.010334131112589339,0.011625745614470195,0.010979938363529767,48,29.033430598210447,0.79375,1280
bayesfl_observability_v1,ola_sparse_bayesian_keep010_seed42,130,ola,global,,,layers.1.weight,raw,9,0.011625745614470195,0.012917360116351051,0.012271552865410623,32,19.355620398806966,0.81875,1280
bayesfl_observability_v1,ola_sparse_bayesian_keep010_seed42,130,ola,global,,,layers.1.weight,raw,10,0.012917360116351051,0.01420897461823191,0.01356316736729148,33,19.960483536269656,0.84453125,1280
bayesfl_observability_v1,ola_sparse_bayesian_keep010_seed42,130,ola,global,,,layers.1.weight,raw,11,0.01420897461823191,0.015500589120112766,0.014854781869172337,22,13.306989024179789,0.86171875,1280
bayesfl_observability_v1,ola_sparse_bayesian_keep010_seed42,130,ola,global,,,layers.1.weight,raw,12,0.015500589120112766,0.016792203621993622,0.016146396371053195,35,21.170209811195118,0.8890625,1280
bayesfl_observability_v1,ola_sparse_bayesian_keep010_seed42,130,ola,global,,,layers.1.weight,raw,13,0.016792203621993622,0.018083818123874478,0.01743801087293405,17,10.2826733368662,0.90234375,1280
bayesfl_observability_v1,ola_sparse_bayesian_keep010_seed42,130,ola,global,,,layers.1.weight,raw,14,0.018083818123874478,0.019375432625755334,0.018729625374814908,21,12.702125886717072,0.91875,1280
bayesfl_observability_v1,ola_sparse_bayesian_keep010_seed42,130,ola,global,,,layers.1.weight,raw,15,0.019375432625755334,0.02066704712763619,0.02002123987669576,13,7.86322078701533,0.92890625,1280
bayesfl_observability_v1,ola_sparse_bayesian_keep010_seed42,130,ola,global,,,layers.1.weight,raw,16,0.02066704712763619,0.021958661629517047,0.02131285437857662,7,4.234041962239024,0.934375,1280
bayesfl_observability_v1,ola_sparse_bayesian_keep010_seed42,130,ola,global,,,layers.1.weight,raw,17,0.021958661629517047,0.023250276131397903,0.022604468880457473,10,6.048631374627177,0.9421875,1280
bayesfl_observability_v1,ola_sparse_bayesian_keep010_seed42,130,ola,global,,,layers.1.weight,raw,18,0.023250276131397903,0.02454189063327876,0.023896083382338333,6,3.629178824776306,0.946875,1280
bayesfl_observability_v1,ola_sparse_bayesian_keep010_seed42,130,ola,global,,,layers.1.weight,raw,19,0.02454189063327876,0.025833505135159616,0.025187697884219186,7,4.234041962239024,0.95234375,1280
bayesfl_observability_v1,ola_sparse_bayesian_keep010_seed42,130,ola,global,,,layers.1.weight,raw,20,0.025833505135159616,0.027125119637040476,0.026479312386100046,8,4.838905099701728,0.95859375,1280
bayesfl_observability_v1,ola_sparse_bayesian_keep010_seed42,130,ola,global,,,layers.1.weight,raw,21,0.027125119637040476,0.028416734138921332,0.027770926887980905,2,1.2097262749254354,0.96015625,1280
bayesfl_observability_v1,ola_sparse_bayesian_keep010_seed42,130,ola,global,,,layers.1.weight,raw,22,0.028416734138921332,0.029708348640802188,0.029062541389861758,6,3.629178824776306,0.96484375,1280
bayesfl_observability_v1,ola_sparse_bayesian_keep010_seed42,130,ola,global,,,layers.1.weight,raw,23,0.029708348640802188,0.030999963142683044,0.030354155891742618,5,3.0243156873135884,0.96875,1280
bayesfl_observability_v1,ola_sparse_bayesian_keep010_seed42,130,ola,global,,,layers.1.weight,raw,24,0.030999963142683044,0.032291577644563904,0.03164577039362347,3,1.814589412388148,0.97109375,1280
bayesfl_observability_v1,ola_sparse_bayesian_keep010_seed42,130,ola,global,,,layers.1.weight,raw,25,0.032291577644563904,0.033583192146444764,0.03293738489550434,2,1.209726274925432,0.97265625,1280
bayesfl_observability_v1,ola_sparse_bayesian_keep010_seed42,130,ola,global,,,layers.1.weight,raw,26,0.033583192146444764,0.03487480664832562,0.03422899939738519,3,1.8145894123881579,0.975,1280
bayesfl_observability_v1,ola_sparse_bayesian_keep010_seed42,130,ola,global,,,layers.1.weight,raw,27,0.03487480664832562,0.036166421150206476,0.03552061389926604,3,1.814589412388148,0.97734375,1280
bayesfl_observability_v1,ola_sparse_bayesian_keep010_seed42,130,ola,global,,,layers.1.weight,raw,28,0.036166421150206476,0.03745803565208733,0.0368122284011469,4,2.4194525498508774,0.98046875,1280
bayesfl_observability_v1,ola_sparse_bayesian_keep010_seed42,130,ola,global,,,layers.1.weight,raw,29,0.03745803565208733,0.03874965015396819,0.03810384290302776,1,0.604863137462716,0.98125,1280
bayesfl_observability_v1,ola_sparse_bayesian_keep010_seed42,130,ola,global,,,layers.1.weight,raw,30,0.03874965015396819,0.04004126465584904,0.039395457404908615,4,2.4194525498508774,0.984375,1280
bayesfl_observability_v1,ola_sparse_bayesian_keep010_seed42,130,ola,global,,,layers.1.weight,raw,31,0.04004126465584904,0.0413328791577299,0.04068707190678947,3,1.814589412388148,0.98671875,1280
bayesfl_observability_v1,ola_sparse_bayesian_keep010_seed42,130,ola,global,,,layers.1.weight,raw,32,0.0413328791577299,0.04262449365961076,0.041978686408670335,0,0.0,0.98671875,1280
bayesfl_observability_v1,ola_sparse_bayesian_keep010_seed42,130,ola,global,,,layers.1.weight,raw,33,0.04262449365961076,0.043916108161491614,0.04327030091055119,0,0.0,0.98671875,1280
bayesfl_observability_v1,ola_sparse_bayesian_keep010_seed42,130,ola,global,,,layers.1.weight,raw,34,0.043916108161491614,0.045207722663372474,0.04456191541243204,1,0.604863137462716,0.9875,1280
bayesfl_observability_v1,ola_sparse_bayesian_keep010_seed42,130,ola,global,,,layers.1.weight,raw,35,0.045207722663372474,0.04649933716525333,0.0458535299143129,1,0.6048631374627194,0.98828125,1280
bayesfl_observability_v1,ola_sparse_bayesian_keep010_seed42,130,ola,global,,,layers.1.weight,raw,36,0.04649933716525333,0.047790951667134186,0.04714514441619376,2,1.209726274925432,0.98984375,1280
bayesfl_observability_v1,ola_sparse_bayesian_keep010_seed42,130,ola,global,,,layers.1.weight,raw,37,0.047790951667134186,0.04908256616901504,0.04843675891807461,1,0.6048631374627194,0.990625,1280
bayesfl_observability_v1,ola_sparse_bayesian_keep010_seed42,130,ola,global,,,layers.1.weight,raw,38,0.04908256616901504,0.0503741806708959,0.049728373419955466,1,0.604863137462716,0.99140625,1280
bayesfl_observability_v1,ola_sparse_bayesian_keep010_seed42,130,ola,global,,,layers.1.weight,raw,39,0.0503741806708959,0.05166579517277675,0.051019987921836325,0,0.0,0.99140625,1280
bayesfl_observability_v1,ola_sparse_bayesian_keep010_seed42,130,ola,global,,,layers.1.weight,raw,40,0.05166579517277675,0.05295740967465761,0.052311602423717185,0,0.0,0.99140625,1280
bayesfl_observability_v1,ola_sparse_bayesian_keep010_seed42,130,ola,global,,,layers.1.weight,raw,41,0.05295740967465761,0.05424902417653847,0.05360321692559804,0,0.0,0.99140625,1280
bayesfl_observability_v1,ola_sparse_bayesian_keep010_seed42,130,ola,global,,,layers.1.weight,raw,42,0.05424902417653847,0.055540638678419324,0.0548948314274789,1,0.6048631374627194,0.9921875,1280
bayesfl_observability_v1,ola_sparse_bayesian_keep010_seed42,130,ola,global,,,layers.1.weight,raw,43,0.055540638678419324,0.056832253180300184,0.05618644592935976,0,0.0,0.9921875,1280
bayesfl_observability_v1,ola_sparse_bayesian_keep010_seed42,130,ola,global,,,layers.1.weight,raw,44,0.056832253180300184,0.05812386768218104,0.05747806043124061,2,1.2097262749254387,0.99375,1280
bayesfl_observability_v1,ola_sparse_bayesian_keep010_seed42,130,ola,global,,,layers.1.weight,raw,45,0.05812386768218104,0.059415482184061896,0.05876967493312146,0,0.0,0.99375,1280
bayesfl_observability_v1,ola_sparse_bayesian_keep010_seed42,130,ola,global,,,layers.1.weight,raw,46,0.059415482184061896,0.06070709668594275,0.06006128943500232,0,0.0,0.99375,1280
bayesfl_observability_v1,ola_sparse_bayesian_keep010_seed42,130,ola,global,,,layers.1.weight,raw,47,0.06070709668594275,0.06199871118782361,0.06135290393688318,1,0.604863137462716,0.99453125,1280
bayesfl_observability_v1,ola_sparse_bayesian_keep010_seed42,130,ola,global,,,layers.1.weight,raw,48,0.06199871118782361,0.06329032568970447,0.06264451843876404,1,0.604863137462716,0.9953125,1280
bayesfl_observability_v1,ola_sparse_bayesian_keep010_seed42,130,ola,global,,,layers.1.weight,raw,49,0.06329032568970447,0.06458194019158532,0.0639361329406449,1,0.6048631374627194,0.99609375,1280
bayesfl_observability_v1,ola_sparse_bayesian_keep010_seed42,130,ola,global,,,layers.1.weight,raw,50,0.06458194019158532,0.06587355469346617,0.06522774744252574,0,0.0,0.99609375,1280
bayesfl_observability_v1,ola_sparse_bayesian_keep010_seed42,130,ola,global,,,layers.1.weight,raw,51,0.06587355469346617,0.06716516919534704,0.06651936194440661,0,0.0,0.99609375,1280
bayesfl_observability_v1,ola_sparse_bayesian_keep010_seed42,130,ola,global,,,layers.1.weight,raw,52,0.06716516919534704,0.0684567836972279,0.06781097644628747,1,0.6048631374627194,0.996875,1280
bayesfl_observability_v1,ola_sparse_bayesian_keep010_seed42,130,ola,global,,,layers.1.weight,raw,53,0.0684567836972279,0.06974839819910875,0.06910259094816831,1,0.6048631374627194,0.99765625,1280
bayesfl_observability_v1,ola_sparse_bayesian_keep010_seed42,130,ola,global,,,layers.1.weight,raw,54,0.06974839819910875,0.0710400127009896,0.07039420545004918,0,0.0,0.99765625,1280
bayesfl_observability_v1,ola_sparse_bayesian_keep010_seed42,130,ola,global,,,layers.1.weight,raw,55,0.0710400127009896,0.07233162720287047,0.07168581995193003,0,0.0,0.99765625,1280
bayesfl_observability_v1,ola_sparse_bayesian_keep010_seed42,130,ola,global,,,layers.1.weight,raw,56,0.07233162720287047,0.07362324170475132,0.07297743445381089,1,0.6048631374627194,0.9984375,1280
bayesfl_observability_v1,ola_sparse_bayesian_keep010_seed42,130,ola,global,,,layers.1.weight,raw,57,0.07362324170475132,0.07491485620663217,0.07426904895569175,0,0.0,0.9984375,1280
bayesfl_observability_v1,ola_sparse_bayesian_keep010_seed42,130,ola,global,,,layers.1.weight,raw,58,0.07491485620663217,0.07620647070851304,0.0755606634575726,0,0.0,0.9984375,1280
bayesfl_observability_v1,ola_sparse_bayesian_keep010_seed42,130,ola,global,,,layers.1.weight,raw,59,0.07620647070851304,0.07749808521039389,0.07685227795945346,1,0.6048631374627194,0.99921875,1280
bayesfl_observability_v1,ola_sparse_bayesian_keep010_seed42,130,ola,global,,,layers.1.weight,raw,60,0.07749808521039389,0.07878969971227474,0.07814389246133432,0,0.0,0.99921875,1280
bayesfl_observability_v1,ola_sparse_bayesian_keep010_seed42,130,ola,global,,,layers.1.weight,raw,61,0.07878969971227474,0.0800813142141556,0.07943550696321516,0,0.0,0.99921875,1280
bayesfl_observability_v1,ola_sparse_bayesian_keep010_seed42,130,ola,global,,,layers.1.weight,raw,62,0.0800813142141556,0.08137292871603646,0.08072712146509603,0,0.0,0.99921875,1280
bayesfl_observability_v1,ola_sparse_bayesian_keep010_seed42,130,ola,global,,,layers.1.weight,raw,63,0.08137292871603646,0.08266454321791732,0.0820187359669769,0,0.0,0.99921875,1280
bayesfl_observability_v1,ola_sparse_bayesian_keep010_seed42,130,ola,global,,,layers.1.weight,raw,64,0.08266454321791732,0.08395615771979817,0.08331035046885774,0,0.0,0.99921875,1280
bayesfl_observability_v1,ola_sparse_bayesian_keep010_seed42,130,ola,global,,,layers.1.weight,raw,65,0.08395615771979817,0.08524777222167904,0.0846019649707386,0,0.0,0.99921875,1280
bayesfl_observability_v1,ola_sparse_bayesian_keep010_seed42,130,ola,global,,,layers.1.weight,raw,66,0.08524777222167904,0.08653938672355989,0.08589357947261947,0,0.0,0.99921875,1280
bayesfl_observability_v1,ola_sparse_bayesian_keep010_seed42,130,ola,global,,,layers.1.weight,raw,67,0.08653938672355989,0.08783100122544074,0.08718519397450031,0,0.0,0.99921875,1280
bayesfl_observability_v1,ola_sparse_bayesian_keep010_seed42,130,ola,global,,,layers.1.weight,raw,68,0.08783100122544074,0.0891226157273216,0.08847680847638117,0,0.0,0.99921875,1280
bayesfl_observability_v1,ola_sparse_bayesian_keep010_seed42,130,ola,global,,,layers.1.weight,raw,69,0.0891226157273216,0.09041423022920246,0.08976842297826203,0,0.0,0.99921875,1280
bayesfl_observability_v1,ola_sparse_bayesian_keep010_seed42,130,ola,global,,,layers.1.weight,raw,70,0.09041423022920246,0.09170584473108331,0.09106003748014288,0,0.0,0.99921875,1280
bayesfl_observability_v1,ola_sparse_bayesian_keep010_seed42,130,ola,global,,,layers.1.weight,raw,71,0.09170584473108331,0.09299745923296417,0.09235165198202375,0,0.0,0.99921875,1280
bayesfl_observability_v1,ola_sparse_bayesian_keep010_seed42,130,ola,global,,,layers.1.weight,raw,72,0.09299745923296417,0.09428907373484503,0.0936432664839046,0,0.0,0.99921875,1280
bayesfl_observability_v1,ola_sparse_bayesian_keep010_seed42,130,ola,global,,,layers.1.weight,raw,73,0.09428907373484503,0.09558068823672589,0.09493488098578545,0,0.0,0.99921875,1280
bayesfl_observability_v1,ola_sparse_bayesian_keep010_seed42,130,ola,global,,,layers.1.weight,raw,74,0.09558068823672589,0.09687230273860674,0.09622649548766632,0,0.0,0.99921875,1280
bayesfl_observability_v1,ola_sparse_bayesian_keep010_seed42,130,ola,global,,,layers.1.weight,raw,75,0.09687230273860674,0.09816391724048759,0.09751810998954716,0,0.0,0.99921875,1280
bayesfl_observability_v1,ola_sparse_bayesian_keep010_seed42,130,ola,global,,,layers.1.weight,raw,76,0.09816391724048759,0.09945553174236846,0.09880972449142802,0,0.0,0.99921875,1280
bayesfl_observability_v1,ola_sparse_bayesian_keep010_seed42,130,ola,global,,,layers.1.weight,raw,77,0.09945553174236846,0.10074714624424931,0.10010133899330889,0,0.0,0.99921875,1280
bayesfl_observability_v1,ola_sparse_bayesian_keep010_seed42,130,ola,global,,,layers.1.weight,raw,78,0.10074714624424931,0.10203876074613016,0.10139295349518973,0,0.0,0.99921875,1280
bayesfl_observability_v1,ola_sparse_bayesian_keep010_seed42,130,ola,global,,,layers.1.weight,raw,79,0.10203876074613016,0.10333037524801103,0.1026845679970706,1,0.6048631374627128,1.0,1280
bayesfl_observability_v1,ola_sparse_bayesian_keep010_seed42,130,ola,global,,,layers.1.weight,db,0,-118.30777000144913,-117.0753658747929,-117.69156793812101,1,0.000633923550807714,0.00078125,1280
bayesfl_observability_v1,ola_sparse_bayesian_keep010_seed42,130,ola,global,,,layers.1.weight,db,1,-117.0753658747929,-115.84296174813666,-116.45916381146478,0,0.0,0.00078125,1280
bayesfl_observability_v1,ola_sparse_bayesian_keep010_seed42,130,ola,global,,,layers.1.weight,db,2,-115.84296174813666,-114.61055762148042,-115.22675968480854,0,0.0,0.00078125,1280
bayesfl_observability_v1,ola_sparse_bayesian_keep010_seed42,130,ola,global,,,layers.1.weight,db,3,-114.61055762148042,-113.37815349482419,-113.99435555815231,0,0.0,0.00078125,1280
bayesfl_observability_v1,ola_sparse_bayesian_keep010_seed42,130,ola,global,,,layers.1.weight,db,4,-113.37815349482419,-112.14574936816796,-112.76195143149607,0,0.0,0.00078125,1280
bayesfl_observability_v1,ola_sparse_bayesian_keep010_seed42,130,ola,global,,,layers.1.weight,db,5,-112.14574936816796,-110.91334524151172,-111.52954730483984,0,0.0,0.00078125,1280
bayesfl_observability_v1,ola_sparse_bayesian_keep010_seed42,130,ola,global,,,layers.1.weight,db,6,-110.91334524151172,-109.68094111485549,-110.2971431781836,0,0.0,0.00078125,1280
bayesfl_observability_v1,ola_sparse_bayesian_keep010_seed42,130,ola,global,,,layers.1.weight,db,7,-109.68094111485549,-108.44853698819925,-109.06473905152737,0,0.0,0.00078125,1280
bayesfl_observability_v1,ola_sparse_bayesian_keep010_seed42,130,ola,global,,,layers.1.weight,db,8,-108.44853698819925,-107.21613286154302,-107.83233492487113,0,0.0,0.00078125,1280
bayesfl_observability_v1,ola_sparse_bayesian_keep010_seed42,130,ola,global,,,layers.1.weight,db,9,-107.21613286154302,-105.98372873488678,-106.5999307982149,0,0.0,0.00078125,1280
bayesfl_observability_v1,ola_sparse_bayesian_keep010_seed42,130,ola,global,,,layers.1.weight,db,10,-105.98372873488678,-104.75132460823055,-105.36752667155866,0,0.0,0.00078125,1280
bayesfl_observability_v1,ola_sparse_bayesian_keep010_seed42,130,ola,global,,,layers.1.weight,db,11,-104.75132460823055,-103.51892048157431,-104.13512254490243,0,0.0,0.00078125,1280
bayesfl_observability_v1,ola_sparse_bayesian_keep010_seed42,130,ola,global,,,layers.1.weight,db,12,-103.51892048157431,-102.28651635491808,-102.9027184182462,1,0.000633923550807714,0.0015625,1280
bayesfl_observability_v1,ola_sparse_bayesian_keep010_seed42,130,ola,global,,,layers.1.weight,db,13,-102.28651635491808,-101.05411222826184,-101.67031429158996,0,0.0,0.0015625,1280
bayesfl_observability_v1,ola_sparse_bayesian_keep010_seed42,130,ola,global,,,layers.1.weight,db,14,-101.05411222826184,-99.82170810160561,-100.43791016493373,0,0.0,0.0015625,1280
bayesfl_observability_v1,ola_sparse_bayesian_keep010_seed42,130,ola,global,,,layers.1.weight,db,15,-99.82170810160561,-98.58930397494937,-99.20550603827749,0,0.0,0.0015625,1280
bayesfl_observability_v1,ola_sparse_bayesian_keep010_seed42,130,ola,global,,,layers.1.weight,db,16,-98.58930397494937,-97.35689984829314,-97.97310191162126,0,0.0,0.0015625,1280
bayesfl_observability_v1,ola_sparse_bayesian_keep010_seed42,130,ola,global,,,layers.1.weight,db,17,-97.35689984829314,-96.1244957216369,-96.74069778496502,0,0.0,0.0015625,1280
bayesfl_observability_v1,ola_sparse_bayesian_keep010_seed42,130,ola,global,,,layers.1.weight,db,18,-96.1244957216369,-94.89209159498067,-95.50829365830879,0,0.0,0.0015625,1280
bayesfl_observability_v1,ola_sparse_bayesian_keep010_seed42,130,ola,global,,,layers.1.weight,db,19,-94.89209159498067,-93.65968746832444,-94.27588953165255,0,0.0,0.0015625,1280
bayesfl_observability_v1,ola_sparse_bayesian_keep010_seed42,130,ola,global,,,layers.1.weight,db,20,-93.65968746832444,-92.4272833416682,-93.04348540499632,0,0.0,0.0015625,1280
bayesfl_observability_v1,ola_sparse_bayesian_keep010_seed42,130,ola,global,,,layers.1.weight,db,21,-92.4272833416682,-91.19487921501197,-91.81108127834008,0,0.0,0.0015625,1280
bayesfl_observability_v1,ola_sparse_bayesian_keep010_seed42,130,ola,global,,,layers.1.weight,db,22,-91.19487921501197,-89.96247508835573,-90.57867715168385,0,0.0,0.0015625,1280
bayesfl_observability_v1,ola_sparse_bayesian_keep010_seed42,130,ola,global,,,layers.1.weight,db,23,-89.96247508835573,-88.7300709616995,-89.34627302502761,0,0.0,0.0015625,1280
bayesfl_observability_v1,ola_sparse_bayesian_keep010_seed42,130,ola,global,,,layers.1.weight,db,24,-88.7300709616995,-87.49766683504326,-88.11386889837138,0,0.0,0.0015625,1280
bayesfl_observability_v1,ola_sparse_bayesian_keep010_seed42,130,ola,global,,,layers.1.weight,db,25,-87.49766683504326,-86.26526270838703,-86.88146477171514,2,0.001267847101615428,0.003125,1280
bayesfl_observability_v1,ola_sparse_bayesian_keep010_seed42,130,ola,global,,,layers.1.weight,db,26,-86.26526270838703,-85.03285858173079,-85.64906064505891,0,0.0,0.003125,1280
bayesfl_observability_v1,ola_sparse_bayesian_keep010_seed42,130,ola,global,,,layers.1.weight,db,27,-85.03285858173079,-83.80045445507456,-84.41665651840268,3,0.001901770652423142,0.00546875,1280
bayesfl_observability_v1,ola_sparse_bayesian_keep010_seed42,130,ola,global,,,layers.1.weight,db,28,-83.80045445507456,-82.56805032841832,-83.18425239174644,1,0.000633923550807714,0.00625,1280
bayesfl_observability_v1,ola_sparse_bayesian_keep010_seed42,130,ola,global,,,layers.1.weight,db,29,-82.56805032841832,-81.33564620176209,-81.9518482650902,2,0.001267847101615428,0.0078125,1280
bayesfl_observability_v1,ola_sparse_bayesian_keep010_seed42,130,ola,global,,,layers.1.weight,db,30,-81.33564620176209,-80.10324207510585,-80.71944413843397,3,0.001901770652423142,0.01015625,1280
bayesfl_observability_v1,ola_sparse_bayesian_keep010_seed42,130,ola,global,,,layers.1.weight,db,31,-80.10324207510585,-78.87083794844962,-79.48704001177774,3,0.001901770652423142,0.0125,1280
bayesfl_observability_v1,ola_sparse_bayesian_keep010_seed42,130,ola,global,,,layers.1.weight,db,32,-78.87083794844962,-77.63843382179338,-78.2546358851215,1,0.000633923550807714,0.01328125,1280
bayesfl_observability_v1,ola_sparse_bayesian_keep010_seed42,130,ola,global,,,layers.1.weight,db,33,-77.63843382179338,-76.40602969513715,-77.02223175846527,3,0.001901770652423142,0.015625,1280
bayesfl_observability_v1,ola_sparse_bayesian_keep010_seed42,130,ola,global,,,layers.1.weight,db,34,-76.40602969513715,-75.17362556848092,-75.78982763180903,3,0.001901770652423142,0.01796875,1280
bayesfl_observability_v1,ola_sparse_bayesian_keep010_seed42,130,ola,global,,,layers.1.weight,db,35,-75.17362556848092,-73.94122144182468,-74.5574235051528,3,0.001901770652423142,0.0203125,1280
bayesfl_observability_v1,ola_sparse_bayesian_keep010_seed42,130,ola,global,,,layers.1.weight,db,36,-73.94122144182468,-72.70881731516845,-73.32501937849656,5,0.0031696177540385703,0.02421875,1280
bayesfl_observability_v1,ola_sparse_bayesian_keep010_seed42,130,ola,global,,,layers.1.weight,db,37,-72.70881731516845,-71.47641318851221,-72.09261525184033,4,0.002535694203230856,0.02734375,1280
bayesfl_observability_v1,ola_sparse_bayesian_keep010_seed42,130,ola,global,,,layers.1.weight,db,38,-71.47641318851221,-70.24400906185598,-70.8602111251841,6,0.003803541304846284,0.03203125,1280
bayesfl_observability_v1,ola_sparse_bayesian_keep010_seed42,130,ola,global,,,layers.1.weight,db,39,-70.24400906185598,-69.01160493519974,-69.62780699852786,5,0.0031696177540385703,0.0359375,1280
bayesfl_observability_v1,ola_sparse_bayesian_keep010_seed42,130,ola,global,,,layers.1.weight,db,40,-69.01160493519974,-67.77920080854351,-68.39540287187162,6,0.003803541304846284,0.040625,1280
bayesfl_observability_v1,ola_sparse_bayesian_keep010_seed42,130,ola,global,,,layers.1.weight,db,41,-67.77920080854351,-66.54679668188727,-67.16299874521539,8,0.005071388406461712,0.046875,1280
bayesfl_observability_v1,ola_sparse_bayesian_keep010_seed42,130,ola,global,,,layers.1.weight,db,42,-66.54679668188727,-65.31439255523104,-65.93059461855916,15,0.00950885326211571,0.05859375,1280
bayesfl_observability_v1,ola_sparse_bayesian_keep010_seed42,130,ola,global,,,layers.1.weight,db,43,-65.31439255523104,-64.0819884285748,-64.69819049190292,9,0.005705311957269426,0.065625,1280
bayesfl_observability_v1,ola_sparse_bayesian_keep010_seed42,130,ola,global,,,layers.1.weight,db,44,-64.0819884285748,-62.84958430191857,-63.465786365246686,13,0.008241006160500282,0.07578125,1280
bayesfl_observability_v1,ola_sparse_bayesian_keep010_seed42,130,ola,global,,,layers.1.weight,db,45,-62.84958430191857,-61.617180175262334,-62.23338223859045,16,0.010142776812923424,0.08828125,1280
bayesfl_observability_v1,ola_sparse_bayesian_keep010_seed42,130,ola,global,,,layers.1.weight,db,46,-61.617180175262334,-60.3847760486061,-61.00097811193422,22,0.013946318117769708,0.10546875,1280
bayesfl_observability_v1,ola_sparse_bayesian_keep010_seed42,130,ola,global,,,layers.1.weight,db,47,-60.3847760486061,-59.152371921949864,-59.76857398527798,13,0.008241006160500282,0.115625,1280
bayesfl_observability_v1,ola_sparse_bayesian_keep010_seed42,130,ola,global,,,layers.1.weight,db,48,-59.152371921949864,-57.91996779529363,-58.53616985862175,18,0.011410623914538853,0.1296875,1280
bayesfl_observability_v1,ola_sparse_bayesian_keep010_seed42,130,ola,global,,,layers.1.weight,db,49,-57.91996779529363,-56.687563668637395,-57.30376573196551,20,0.012678471016154281,0.1453125,1280
bayesfl_observability_v1,ola_sparse_bayesian_keep010_seed42,130,ola,global,,,layers.1.weight,db,50,-56.687563668637395,-55.45515954198116,-56.07136160530928,28,0.017749859422615994,0.1671875,1280
bayesfl_observability_v1,ola_sparse_bayesian_keep010_seed42,130,ola,global,,,layers.1.weight,db,51,-55.45515954198116,-54.222755415324926,-54.83895747865304,37,0.02345517137988542,0.19609375,1280
bayesfl_observability_v1,ola_sparse_bayesian_keep010_seed42,130,ola,global,,,layers.1.weight,db,52,-54.222755415324926,-52.99035128866869,-53.60655335199681,38,0.024089094930693132,0.22578125,1280
bayesfl_observability_v1,ola_sparse_bayesian_keep010_seed42,130,ola,global,,,layers.1.weight,db,53,-52.99035128866869,-51.75794716201246,-52.374149225340574,48,0.030428330438770274,0.26328125,1280
bayesfl_observability_v1,ola_sparse_bayesian_keep010_seed42,130,ola,global,,,layers.1.weight,db,54,-51.75794716201246,-50.52554303535622,-51.14174509868434,39,0.024723018481500846,0.29375,1280
bayesfl_observability_v1,ola_sparse_bayesian_keep010_seed42,130,ola,global,,,layers.1.weight,db,55,-50.52554303535622,-49.29313890869999,-49.909340972028104,50,0.0316961775403857,0.3328125,1280
bayesfl_observability_v1,ola_sparse_bayesian_keep010_seed42,130,ola,global,,,layers.1.weight,db,56,-49.29313890869999,-48.06073478204375,-48.67693684537187,56,0.03549971884523199,0.3765625,1280
bayesfl_observability_v1,ola_sparse_bayesian_keep010_seed42,130,ola,global,,,layers.1.weight,db,57,-48.06073478204375,-46.82833065538752,-47.444532718715635,63,0.03993718370088598,0.42578125,1280
bayesfl_observability_v1,ola_sparse_bayesian_keep010_seed42,130,ola,global,,,layers.1.weight,db,58,-46.82833065538752,-45.59592652873128,-46.2121285920594,85,0.05388350181865569,0.4921875,1280
bayesfl_observability_v1,ola_sparse_bayesian_keep010_seed42,130,ola,global,,,layers.1.weight,db,59,-45.59592652873128,-44.36352240207505,-44.979724465403166,63,0.03993718370088598,0.54140625,1280
bayesfl_observability_v1,ola_sparse_bayesian_keep010_seed42,130,ola,global,,,layers.1.weight,db,60,-44.36352240207505,-43.131118275418814,-43.74732033874693,77,0.04881211341219398,0.6015625,1280
bayesfl_observability_v1,ola_sparse_bayesian_keep010_seed42,130,ola,global,,,layers.1.weight,db,61,-43.131118275418814,-41.89871414876258,-42.5149162120907,73,0.046276419208963124,0.65859375,1280
bayesfl_observability_v1,ola_sparse_bayesian_keep010_seed42,130,ola,global,,,layers.1.weight,db,62,-41.89871414876258,-40.666310022106344,-41.28251208543446,67,0.042472877904116836,0.7109375,1280
bayesfl_observability_v1,ola_sparse_bayesian_keep010_seed42,130,ola,global,,,layers.1.weight,db,63,-40.666310022106344,-39.43390589545011,-40.05010795877823,72,0.04564249565815541,0.7671875,1280
bayesfl_observability_v1,ola_sparse_bayesian_keep010_seed42,130,ola,global,,,layers.1.weight,db,64,-39.43390589545011,-38.201501768793875,-38.81770383212199,48,0.030428330438770274,0.8046875,1280
bayesfl_observability_v1,ola_sparse_bayesian_keep010_seed42,130,ola,global,,,layers.1.weight,db,65,-38.201501768793875,-36.96909764213764,-37.58529970546576,50,0.0316961775403857,0.84375,1280
bayesfl_observability_v1,ola_sparse_bayesian_keep010_seed42,130,ola,global,,,layers.1.weight,db,66,-36.96909764213764,-35.736693515481406,-36.35289557880952,48,0.030428330438770274,0.88125,1280
bayesfl_observability_v1,ola_sparse_bayesian_keep010_seed42,130,ola,global,,,layers.1.weight,db,67,-35.736693515481406,-34.50428938882517,-35.12049145215329,41,0.025990865583116276,0.91328125,1280
bayesfl_observability_v1,ola_sparse_bayesian_keep010_seed42,130,ola,global,,,layers.1.weight,db,68,-34.50428938882517,-33.27188526216894,-33.888087325497054,25,0.01584808877019285,0.9328125,1280
bayesfl_observability_v1,ola_sparse_bayesian_keep010_seed42,130,ola,global,,,layers.1.weight,db,69,-33.27188526216894,-32.0394811355127,-32.65568319884082,22,0.013946318117769708,0.95,1280
bayesfl_observability_v1,ola_sparse_bayesian_keep010_seed42,130,ola,global,,,layers.1.weight,db,70,-32.0394811355127,-30.807077008856467,-31.423279072184584,14,0.008874929711307997,0.9609375,1280
bayesfl_observability_v1,ola_sparse_bayesian_keep010_seed42,130,ola,global,,,layers.1.weight,db,71,-30.807077008856467,-29.574672882200232,-30.19087494552835,13,0.008241006160500282,0.97109375,1280
bayesfl_observability_v1,ola_sparse_bayesian_keep010_seed42,130,ola,global,,,layers.1.weight,db,72,-29.574672882200232,-28.342268755543998,-28.958470818872115,13,0.008241006160500282,0.98125,1280
bayesfl_observability_v1,ola_sparse_bayesian_keep010_seed42,130,ola,global,,,layers.1.weight,db,73,-28.342268755543998,-27.109864628887763,-27.72606669221588,7,0.0044374648556539985,0.98671875,1280
bayesfl_observability_v1,ola_sparse_bayesian_keep010_seed42,130,ola,global,,,layers.1.weight,db,74,-27.109864628887763,-25.87746050223153,-26.493662565559646,6,0.003803541304846284,0.99140625,1280
bayesfl_observability_v1,ola_sparse_bayesian_keep010_seed42,130,ola,global,,,layers.1.weight,db,75,-25.87746050223153,-24.645056375575294,-25.26125843890341,3,0.001901770652423142,0.99375,1280
bayesfl_observability_v1,ola_sparse_bayesian_keep010_seed42,130,ola,global,,,layers.1.weight,db,76,-24.645056375575294,-23.41265224891906,-24.028854312247176,3,0.001901770652423142,0.99609375,1280
bayesfl_observability_v1,ola_sparse_bayesian_keep010_seed42,130,ola,global,,,layers.1.weight,db,77,-23.41265224891906,-22.180248122262824,-22.796450185590942,4,0.002535694203230856,0.99921875,1280
bayesfl_observability_v1,ola_sparse_bayesian_keep010_seed42,130,ola,global,,,layers.1.weight,db,78,-22.180248122262824,-20.94784399560659,-21.564046058934707,0,0.0,0.99921875,1280
bayesfl_observability_v1,ola_sparse_bayesian_keep010_seed42,130,ola,global,,,layers.1.weight,db,79,-20.94784399560659,-19.71543986895035,-20.331641932278472,1,0.0006339235508077122,1.0,1280
bayesfl_observability_v1,ola_sparse_bayesian_keep010_seed42,130,ola,global,,,layers.1.bias,raw,0,2.0238871096025483e-05,0.0001612986763167941,9.07687737064098e-05,2,1417.8383394687505,0.2,10
bayesfl_observability_v1,ola_sparse_bayesian_keep010_seed42,130,ola,global,,,layers.1.bias,raw,1,0.0001612986763167941,0.0003023584815375628,0.00023182857892717844,0,0.0,0.2,10
bayesfl_observability_v1,ola_sparse_bayesian_keep010_seed42,130,ola,global,,,layers.1.bias,raw,2,0.0003023584815375628,0.0004434182867583314,0.0003728883841479471,1,708.9191697343755,0.3,10
bayesfl_observability_v1,ola_sparse_bayesian_keep010_seed42,130,ola,global,,,layers.1.bias,raw,3,0.0004434182867583314,0.0005844780919791,0.0005139481893687158,1,708.9191697343751,0.4,10
bayesfl_observability_v1,ola_sparse_bayesian_keep010_seed42,130,ola,global,,,layers.1.bias,raw,4,0.0005844780919791,0.0007255378971998687,0.0006550079945894843,1,708.9191697343751,0.5,10
bayesfl_observability_v1,ola_sparse_bayesian_keep010_seed42,130,ola,global,,,layers.1.bias,raw,5,0.0007255378971998687,0.0008665977024206373,0.000796067799810253,0,0.0,0.5,10
bayesfl_observability_v1,ola_sparse_bayesian_keep010_seed42,130,ola,global,,,layers.1.bias,raw,6,0.0008665977024206373,0.001007657507641406,0.0009371276050310216,0,0.0,0.5,10
bayesfl_observability_v1,ola_sparse_bayesian_keep010_seed42,130,ola,global,,,layers.1.bias,raw,7,0.001007657507641406,0.0011487173128621746,0.0010781874102517904,0,0.0,0.5,10
bayesfl_observability_v1,ola_sparse_bayesian_keep010_seed42,130,ola,global,,,layers.1.bias,raw,8,0.0011487173128621746,0.0012897771180829431,0.0012192472154725588,0,0.0,0.5,10
bayesfl_observability_v1,ola_sparse_bayesian_keep010_seed42,130,ola,global,,,layers.1.bias,raw,9,0.0012897771180829431,0.001430836923303712,0.0013603070206933275,0,0.0,0.5,10
bayesfl_observability_v1,ola_sparse_bayesian_keep010_seed42,130,ola,global,,,layers.1.bias,raw,10,0.001430836923303712,0.0015718967285244805,0.0015013668259140963,1,708.9191697343757,0.6,10
bayesfl_observability_v1,ola_sparse_bayesian_keep010_seed42,130,ola,global,,,layers.1.bias,raw,11,0.0015718967285244805,0.001712956533745249,0.0016424266311348646,0,0.0,0.6,10
bayesfl_observability_v1,ola_sparse_bayesian_keep010_seed42,130,ola,global,,,layers.1.bias,raw,12,0.001712956533745249,0.0018540163389660178,0.0017834864363556334,0,0.0,0.6,10
bayesfl_observability_v1,ola_sparse_bayesian_keep010_seed42,130,ola,global,,,layers.1.bias,raw,13,0.0018540163389660178,0.0019950761441867863,0.0019245462415764022,0,0.0,0.6,10
bayesfl_observability_v1,ola_sparse_bayesian_keep010_seed42,130,ola,global,,,layers.1.bias,raw,14,0.0019950761441867863,0.0021361359494075547,0.0020656060467971705,0,0.0,0.6,10
bayesfl_observability_v1,ola_sparse_bayesian_keep010_seed42,130,ola,global,,,layers.1.bias,raw,15,0.0021361359494075547,0.0022771957546283235,0.002206665852017939,0,0.0,0.6,10
bayesfl_observability_v1,ola_sparse_bayesian_keep010_seed42,130,ola,global,,,layers.1.bias,raw,16,0.0022771957546283235,0.0024182555598490922,0.002347725657238708,0,0.0,0.6,10
bayesfl_observability_v1,ola_sparse_bayesian_keep010_seed42,130,ola,global,,,layers.1.bias,raw,17,0.0024182555598490922,0.0025593153650698606,0.0024887854624594764,0,0.0,0.6,10
bayesfl_observability_v1,ola_sparse_bayesian_keep010_seed42,130,ola,global,,,layers.1.bias,raw,18,0.0025593153650698606,0.0027003751702906293,0.0026298452676802447,0,0.0,0.6,10
bayesfl_observability_v1,ola_sparse_bayesian_keep010_seed42,130,ola,global,,,layers.1.bias,raw,19,0.0027003751702906293,0.002841434975511398,0.002770905072901014,0,0.0,0.6,10
bayesfl_observability_v1,ola_sparse_bayesian_keep010_seed42,130,ola,global,,,layers.1.bias,raw,20,0.002841434975511398,0.0029824947807321664,0.0029119648781217823,0,0.0,0.6,10
bayesfl_observability_v1,ola_sparse_bayesian_keep010_seed42,130,ola,global,,,layers.1.bias,raw,21,0.0029824947807321664,0.0031235545859529352,0.0030530246833425506,0,0.0,0.6,10
bayesfl_observability_v1,ola_sparse_bayesian_keep010_seed42,130,ola,global,,,layers.1.bias,raw,22,0.0031235545859529352,0.003264614391173704,0.00319408448856332,0,0.0,0.6,10
bayesfl_observability_v1,ola_sparse_bayesian_keep010_seed42,130,ola,global,,,layers.1.bias,raw,23,0.003264614391173704,0.0034056741963944723,0.003335144293784088,0,0.0,0.6,10
bayesfl_observability_v1,ola_sparse_bayesian_keep010_seed42,130,ola,global,,,layers.1.bias,raw,24,0.0034056741963944723,0.003546734001615241,0.0034762040990048565,0,0.0,0.6,10
bayesfl_observability_v1,ola_sparse_bayesian_keep010_seed42,130,ola,global,,,layers.1.bias,raw,25,0.003546734001615241,0.00368779380683601,0.0036172639042256257,0,0.0,0.6,10
bayesfl_observability_v1,ola_sparse_bayesian_keep010_seed42,130,ola,global,,,layers.1.bias,raw,26,0.00368779380683601,0.0038288536120567786,0.003758323709446394,0,0.0,0.6,10
bayesfl_observability_v1,ola_sparse_bayesian_keep010_seed42,130,ola,global,,,layers.1.bias,raw,27,0.0038288536120567786,0.003969913417277548,0.0038993835146671632,0,0.0,0.6,10
bayesfl_observability_v1,ola_sparse_bayesian_keep010_seed42,130,ola,global,,,layers.1.bias,raw,28,0.003969913417277548,0.004110973222498316,0.004040443319887932,0,0.0,0.6,10
bayesfl_observability_v1,ola_sparse_bayesian_keep010_seed42,130,ola,global,,,layers.1.bias,raw,29,0.004110973222498316,0.0042520330277190845,0.004181503125108701,0,0.0,0.6,10
bayesfl_observability_v1,ola_sparse_bayesian_keep010_seed42,130,ola,global,,,layers.1.bias,raw,30,0.0042520330277190845,0.004393092832939854,0.004322562930329469,0,0.0,0.6,10
bayesfl_observability_v1,ola_sparse_bayesian_keep010_seed42,130,ola,global,,,layers.1.bias,raw,31,0.004393092832939854,0.004534152638160622,0.0044636227355502375,0,0.0,0.6,10
bayesfl_observability_v1,ola_sparse_bayesian_keep010_seed42,130,ola,global,,,layers.1.bias,raw,32,0.004534152638160622,0.00467521244338139,0.004604682540771007,0,0.0,0.6,10
bayesfl_observability_v1,ola_sparse_bayesian_keep010_seed42,130,ola,global,,,layers.1.bias,raw,33,0.00467521244338139,0.00481627224860216,0.004745742345991775,0,0.0,0.6,10
bayesfl_observability_v1,ola_sparse_bayesian_keep010_seed42,130,ola,global,,,layers.1.bias,raw,34,0.00481627224860216,0.004957332053822928,0.004886802151212543,0,0.0,0.6,10
bayesfl_observability_v1,ola_sparse_bayesian_keep010_seed42,130,ola,global,,,layers.1.bias,raw,35,0.004957332053822928,0.005098391859043696,0.0050278619564333125,0,0.0,0.6,10
bayesfl_observability_v1,ola_sparse_bayesian_keep010_seed42,130,ola,global,,,layers.1.bias,raw,36,0.005098391859043696,0.0052394516642644655,0.005168921761654081,1,708.9191697343724,0.7,10
bayesfl_observability_v1,ola_sparse_bayesian_keep010_seed42,130,ola,global,,,layers.1.bias,raw,37,0.0052394516642644655,0.005380511469485234,0.005309981566874849,1,708.9191697343769,0.8,10
bayesfl_observability_v1,ola_sparse_bayesian_keep010_seed42,130,ola,global,,,layers.1.bias,raw,38,0.005380511469485234,0.005521571274706002,0.005451041372095618,1,708.9191697343769,0.9,10
bayesfl_observability_v1,ola_sparse_bayesian_keep010_seed42,130,ola,global,,,layers.1.bias,raw,39,0.005521571274706002,0.005662631079926771,0.005592101177316387,0,0.0,0.9,10
bayesfl_observability_v1,ola_sparse_bayesian_keep010_seed42,130,ola,global,,,layers.1.bias,raw,40,0.005662631079926771,0.00580369088514754,0.005733160982537155,0,0.0,0.9,10
bayesfl_observability_v1,ola_sparse_bayesian_keep010_seed42,130,ola,global,,,layers.1.bias,raw,41,0.00580369088514754,0.005944750690368308,0.005874220787757924,0,0.0,0.9,10
bayesfl_observability_v1,ola_sparse_bayesian_keep010_seed42,130,ola,global,,,layers.1.bias,raw,42,0.005944750690368308,0.006085810495589077,0.006015280592978693,0,0.0,0.9,10
bayesfl_observability_v1,ola_sparse_bayesian_keep010_seed42,130,ola,global,,,layers.1.bias,raw,43,0.006085810495589077,0.006226870300809846,0.006156340398199461,0,0.0,0.9,10
bayesfl_observability_v1,ola_sparse_bayesian_keep010_seed42,130,ola,global,,,layers.1.bias,raw,44,0.006226870300809846,0.006367930106030614,0.00629740020342023,0,0.0,0.9,10
bayesfl_observability_v1,ola_sparse_bayesian_keep010_seed42,130,ola,global,,,layers.1.bias,raw,45,0.006367930106030614,0.006508989911251383,0.0064384600086409985,0,0.0,0.9,10
bayesfl_observability_v1,ola_sparse_bayesian_keep010_seed42,130,ola,global,,,layers.1.bias,raw,46,0.006508989911251383,0.0066500497164721515,0.006579519813861767,0,0.0,0.9,10
bayesfl_observability_v1,ola_sparse_bayesian_keep010_seed42,130,ola,global,,,layers.1.bias,raw,47,0.0066500497164721515,0.00679110952169292,0.006720579619082536,0,0.0,0.9,10
bayesfl_observability_v1,ola_sparse_bayesian_keep010_seed42,130,ola,global,,,layers.1.bias,raw,48,0.00679110952169292,0.006932169326913689,0.006861639424303304,0,0.0,0.9,10
bayesfl_observability_v1,ola_sparse_bayesian_keep010_seed42,130,ola,global,,,layers.1.bias,raw,49,0.006932169326913689,0.007073229132134457,0.007002699229524073,0,0.0,0.9,10
bayesfl_observability_v1,ola_sparse_bayesian_keep010_seed42,130,ola,global,,,layers.1.bias,raw,50,0.007073229132134457,0.0072142889373552265,0.007143759034744842,0,0.0,0.9,10
bayesfl_observability_v1,ola_sparse_bayesian_keep010_seed42,130,ola,global,,,layers.1.bias,raw,51,0.0072142889373552265,0.007355348742575995,0.007284818839965611,0,0.0,0.9,10
bayesfl_observability_v1,ola_sparse_bayesian_keep010_seed42,130,ola,global,,,layers.1.bias,raw,52,0.007355348742575995,0.007496408547796763,0.007425878645186379,0,0.0,0.9,10
bayesfl_observability_v1,ola_sparse_bayesian_keep010_seed42,130,ola,global,,,layers.1.bias,raw,53,0.007496408547796763,0.007637468353017532,0.007566938450407148,0,0.0,0.9,10
bayesfl_observability_v1,ola_sparse_bayesian_keep010_seed42,130,ola,global,,,layers.1.bias,raw,54,0.007637468353017532,0.007778528158238301,0.007707998255627917,0,0.0,0.9,10
bayesfl_observability_v1,ola_sparse_bayesian_keep010_seed42,130,ola,global,,,layers.1.bias,raw,55,0.007778528158238301,0.00791958796345907,0.007849058060848686,0,0.0,0.9,10
bayesfl_observability_v1,ola_sparse_bayesian_keep010_seed42,130,ola,global,,,layers.1.bias,raw,56,0.00791958796345907,0.008060647768679837,0.007990117866069454,0,0.0,0.9,10
bayesfl_observability_v1,ola_sparse_bayesian_keep010_seed42,130,ola,global,,,layers.1.bias,raw,57,0.008060647768679837,0.008201707573900607,0.008131177671290221,0,0.0,0.9,10
bayesfl_observability_v1,ola_sparse_bayesian_keep010_seed42,130,ola,global,,,layers.1.bias,raw,58,0.008201707573900607,0.008342767379121376,0.008272237476510992,0,0.0,0.9,10
bayesfl_observability_v1,ola_sparse_bayesian_keep010_seed42,130,ola,global,,,layers.1.bias,raw,59,0.008342767379121376,0.008483827184342143,0.00841329728173176,0,0.0,0.9,10
bayesfl_observability_v1,ola_sparse_bayesian_keep010_seed42,130,ola,global,,,layers.1.bias,raw,60,0.008483827184342143,0.008624886989562913,0.008554357086952527,0,0.0,0.9,10
bayesfl_observability_v1,ola_sparse_bayesian_keep010_seed42,130,ola,global,,,layers.1.bias,raw,61,0.008624886989562913,0.008765946794783682,0.008695416892173298,0,0.0,0.9,10
bayesfl_observability_v1,ola_sparse_bayesian_keep010_seed42,130,ola,global,,,layers.1.bias,raw,62,0.008765946794783682,0.00890700660000445,0.008836476697394065,0,0.0,0.9,10
bayesfl_observability_v1,ola_sparse_bayesian_keep010_seed42,130,ola,global,,,layers.1.bias,raw,63,0.00890700660000445,0.009048066405225218,0.008977536502614833,0,0.0,0.9,10
bayesfl_observability_v1,ola_sparse_bayesian_keep010_seed42,130,ola,global,,,layers.1.bias,raw,64,0.009048066405225218,0.009189126210445988,0.009118596307835604,0,0.0,0.9,10
bayesfl_observability_v1,ola_sparse_bayesian_keep010_seed42,130,ola,global,,,layers.1.bias,raw,65,0.009189126210445988,0.009330186015666755,0.009259656113056371,0,0.0,0.9,10
bayesfl_observability_v1,ola_sparse_bayesian_keep010_seed42,130,ola,global,,,layers.1.bias,raw,66,0.009330186015666755,0.009471245820887524,0.009400715918277139,0,0.0,0.9,10
bayesfl_observability_v1,ola_sparse_bayesian_keep010_seed42,130,ola,global,,,layers.1.bias,raw,67,0.009471245820887524,0.009612305626108293,0.00954177572349791,0,0.0,0.9,10
bayesfl_observability_v1,ola_sparse_bayesian_keep010_seed42,130,ola,global,,,layers.1.bias,raw,68,0.009612305626108293,0.009753365431329061,0.009682835528718677,0,0.0,0.9,10
bayesfl_observability_v1,ola_sparse_bayesian_keep010_seed42,130,ola,global,,,layers.1.bias,raw,69,0.009753365431329061,0.00989442523654983,0.009823895333939445,0,0.0,0.9,10
bayesfl_observability_v1,ola_sparse_bayesian_keep010_seed42,130,ola,global,,,layers.1.bias,raw,70,0.00989442523654983,0.0100354850417706,0.009964955139160216,0,0.0,0.9,10
bayesfl_observability_v1,ola_sparse_bayesian_keep010_seed42,130,ola,global,,,layers.1.bias,raw,71,0.0100354850417706,0.010176544846991367,0.010106014944380983,0,0.0,0.9,10
bayesfl_observability_v1,ola_sparse_bayesian_keep010_seed42,130,ola,global,,,layers.1.bias,raw,72,0.010176544846991367,0.010317604652212136,0.01024707474960175,0,0.0,0.9,10
bayesfl_observability_v1,ola_sparse_bayesian_keep010_seed42,130,ola,global,,,layers.1.bias,raw,73,0.010317604652212136,0.010458664457432905,0.010388134554822522,0,0.0,0.9,10
bayesfl_observability_v1,ola_sparse_bayesian_keep010_seed42,130,ola,global,,,layers.1.bias,raw,74,0.010458664457432905,0.010599724262653673,0.010529194360043289,0,0.0,0.9,10
bayesfl_observability_v1,ola_sparse_bayesian_keep010_seed42,130,ola,global,,,layers.1.bias,raw,75,0.010599724262653673,0.010740784067874442,0.010670254165264056,0,0.0,0.9,10
bayesfl_observability_v1,ola_sparse_bayesian_keep010_seed42,130,ola,global,,,layers.1.bias,raw,76,0.010740784067874442,0.010881843873095211,0.010811313970484827,0,0.0,0.9,10
bayesfl_observability_v1,ola_sparse_bayesian_keep010_seed42,130,ola,global,,,layers.1.bias,raw,77,0.010881843873095211,0.011022903678315979,0.010952373775705595,0,0.0,0.9,10
bayesfl_observability_v1,ola_sparse_bayesian_keep010_seed42,130,ola,global,,,layers.1.bias,raw,78,0.011022903678315979,0.011163963483536748,0.011093433580926362,0,0.0,0.9,10
bayesfl_observability_v1,ola_sparse_bayesian_keep010_seed42,130,ola,global,,,layers.1.bias,raw,79,0.011163963483536748,0.011305023288757517,0.011234493386147133,1,708.9191697343724,1.0,10
bayesfl_observability_v1,ola_sparse_bayesian_keep010_seed42,130,ola,global,,,layers.1.bias,db,0,-93.87627388419551,-93.1895025952973,-93.5328882397464,1,0.145608882631698,0.1,10
bayesfl_observability_v1,ola_sparse_bayesian_keep010_seed42,130,ola,global,,,layers.1.bias,db,1,-93.1895025952973,-92.50273130639908,-92.8461169508482,0,0.0,0.1,10
bayesfl_observability_v1,ola_sparse_bayesian_keep010_seed42,130,ola,global,,,layers.1.bias,db,2,-92.50273130639908,-91.81596001750087,-92.15934566194997,0,0.0,0.1,10
bayesfl_observability_v1,ola_sparse_bayesian_keep010_seed42,130,ola,global,,,layers.1.bias,db,3,-91.81596001750087,-91.12918872860266,-91.47257437305177,0,0.0,0.1,10
bayesfl_observability_v1,ola_sparse_bayesian_keep010_seed42,130,ola,global,,,layers.1.bias,db,4,-91.12918872860266,-90.44241743970444,-90.78580308415354,0,0.0,0.1,10
bayesfl_observability_v1,ola_sparse_bayesian_keep010_seed42,130,ola,global,,,layers.1.bias,db,5,-90.44241743970444,-89.75564615080623,-90.09903179525534,0,0.0,0.1,10
bayesfl_observability_v1,ola_sparse_bayesian_keep010_seed42,130,ola,global,,,layers.1.bias,db,6,-89.75564615080623,-89.06887486190801,-89.41226050635711,0,0.0,0.1,10
bayesfl_observability_v1,ola_sparse_bayesian_keep010_seed42,130,ola,global,,,layers.1.bias,db,7,-89.06887486190801,-88.3821035730098,-88.72548921745891,0,0.0,0.1,10
bayesfl_observability_v1,ola_sparse_bayesian_keep010_seed42,130,ola,global,,,layers.1.bias,db,8,-88.3821035730098,-87.69533228411159,-88.03871792856069,0,0.0,0.1,10
bayesfl_observability_v1,ola_sparse_bayesian_keep010_seed42,130,ola,global,,,layers.1.bias,db,9,-87.69533228411159,-87.00856099521337,-87.35194663966249,0,0.0,0.1,10
bayesfl_observability_v1,ola_sparse_bayesian_keep010_seed42,130,ola,global,,,layers.1.bias,db,10,-87.00856099521337,-86.32178970631516,-86.66517535076426,0,0.0,0.1,10
bayesfl_observability_v1,ola_sparse_bayesian_keep010_seed42,130,ola,global,,,layers.1.bias,db,11,-86.32178970631516,-85.63501841741694,-85.97840406186606,0,0.0,0.1,10
bayesfl_observability_v1,ola_sparse_bayesian_keep010_seed42,130,ola,global,,,layers.1.bias,db,12,-85.63501841741694,-84.94824712851873,-85.29163277296783,0,0.0,0.1,10
bayesfl_observability_v1,ola_sparse_bayesian_keep010_seed42,130,ola,global,,,layers.1.bias,db,13,-84.94824712851873,-84.26147583962052,-84.60486148406963,0,0.0,0.1,10
bayesfl_observability_v1,ola_sparse_bayesian_keep010_seed42,130,ola,global,,,layers.1.bias,db,14,-84.26147583962052,-83.5747045507223,-83.9180901951714,0,0.0,0.1,10
bayesfl_observability_v1,ola_sparse_bayesian_keep010_seed42,130,ola,global,,,layers.1.bias,db,15,-83.5747045507223,-82.88793326182409,-83.2313189062732,0,0.0,0.1,10
bayesfl_observability_v1,ola_sparse_bayesian_keep010_seed42,130,ola,global,,,layers.1.bias,db,16,-82.88793326182409,-82.20116197292587,-82.54454761737497,0,0.0,0.1,10
bayesfl_observability_v1,ola_sparse_bayesian_keep010_seed42,130,ola,global,,,layers.1.bias,db,17,-82.20116197292587,-81.51439068402766,-81.85777632847677,0,0.0,0.1,10
bayesfl_observability_v1,ola_sparse_bayesian_keep010_seed42,130,ola,global,,,layers.1.bias,db,18,-81.51439068402766,-80.82761939512943,-81.17100503957855,0,0.0,0.1,10
bayesfl_observability_v1,ola_sparse_bayesian_keep010_seed42,130,ola,global,,,layers.1.bias,db,19,-80.82761939512943,-80.14084810623123,-80.48423375068033,1,0.145608882631701,0.2,10
bayesfl_observability_v1,ola_sparse_bayesian_keep010_seed42,130,ola,global,,,layers.1.bias,db,20,-80.14084810623123,-79.454076817333,-79.79746246178212,0,0.0,0.2,10
bayesfl_observability_v1,ola_sparse_bayesian_keep010_seed42,130,ola,global,,,layers.1.bias,db,21,-79.454076817333,-78.7673055284348,-79.1106911728839,0,0.0,0.2,10
bayesfl_observability_v1,ola_sparse_bayesian_keep010_seed42,130,ola,global,,,layers.1.bias,db,22,-78.7673055284348,-78.08053423953658,-78.42391988398569,0,0.0,0.2,10
bayesfl_observability_v1,ola_sparse_bayesian_keep010_seed42,130,ola,global,,,layers.1.bias,db,23,-78.08053423953658,-77.39376295063838,-77.73714859508748,0,0.0,0.2,10
bayesfl_observability_v1,ola_sparse_bayesian_keep010_seed42,130,ola,global,,,layers.1.bias,db,24,-77.39376295063838,-76.70699166174015,-77.05037730618926,0,0.0,0.2,10
bayesfl_observability_v1,ola_sparse_bayesian_keep010_seed42,130,ola,global,,,layers.1.bias,db,25,-76.70699166174015,-76.02022037284195,-76.36360601729105,0,0.0,0.2,10
bayesfl_observability_v1,ola_sparse_bayesian_keep010_seed42,130,ola,global,,,layers.1.bias,db,26,-76.02022037284195,-75.33344908394372,-75.67683472839283,0,0.0,0.2,10
bayesfl_observability_v1,ola_sparse_bayesian_keep010_seed42,130,ola,global,,,layers.1.bias,db,27,-75.33344908394372,-74.6466777950455,-74.9900634394946,0,0.0,0.2,10
bayesfl_observability_v1,ola_sparse_bayesian_keep010_seed42,130,ola,global,,,layers.1.bias,db,28,-74.6466777950455,-73.95990650614729,-74.3032921505964,0,0.0,0.2,10
bayesfl_observability_v1,ola_sparse_bayesian_keep010_seed42,130,ola,global,,,layers.1.bias,db,29,-73.95990650614729,-73.27313521724908,-73.61652086169818,0,0.0,0.2,10
bayesfl_observability_v1,ola_sparse_bayesian_keep010_seed42,130,ola,global,,,layers.1.bias,db,30,-73.27313521724908,-72.58636392835086,-72.92974957279998,0,0.0,0.2,10
bayesfl_observability_v1,ola_sparse_bayesian_keep010_seed42,130,ola,global,,,layers.1.bias,db,31,-72.58636392835086,-71.89959263945265,-72.24297828390175,0,0.0,0.2,10
bayesfl_observability_v1,ola_sparse_bayesian_keep010_seed42,130,ola,global,,,layers.1.bias,db,32,-71.89959263945265,-71.21282135055444,-71.55620699500355,0,0.0,0.2,10
bayesfl_observability_v1,ola_sparse_bayesian_keep010_seed42,130,ola,global,,,layers.1.bias,db,33,-71.21282135055444,-70.52605006165622,-70.86943570610532,0,0.0,0.2,10
bayesfl_observability_v1,ola_sparse_bayesian_keep010_seed42,130,ola,global,,,layers.1.bias,db,34,-70.52605006165622,-69.83927877275801,-70.18266441720712,0,0.0,0.2,10
bayesfl_observability_v1,ola_sparse_bayesian_keep010_seed42,130,ola,global,,,layers.1.bias,db,35,-69.83927877275801,-69.1525074838598,-69.4958931283089,0,0.0,0.2,10
bayesfl_observability_v1,ola_sparse_bayesian_keep010_seed42,130,ola,global,,,layers.1.bias,db,36,-69.1525074838598,-68.46573619496158,-68.8091218394107,0,0.0,0.2,10
bayesfl_observability_v1,ola_sparse_bayesian_keep010_seed42,130,ola,global,,,layers.1.bias,db,37,-68.46573619496158,-67.77896490606336,-68.12235055051246,1,0.145608882631698,0.3,10
bayesfl_observability_v1,ola_sparse_bayesian_keep010_seed42,130,ola,global,,,layers.1.bias,db,38,-67.77896490606336,-67.09219361716515,-67.43557926161427,0,0.0,0.3,10
bayesfl_observability_v1,ola_sparse_bayesian_keep010_seed42,130,ola,global,,,layers.1.bias,db,39,-67.09219361716515,-66.40542232826694,-66.74880797271604,1,0.145608882631698,0.4,10
bayesfl_observability_v1,ola_sparse_bayesian_keep010_seed42,130,ola,global,,,layers.1.bias,db,40,-66.40542232826694,-65.71865103936872,-66.06203668381784,0,0.0,0.4,10
bayesfl_observability_v1,ola_sparse_bayesian_keep010_seed42,130,ola,global,,,layers.1.bias,db,41,-65.71865103936872,-65.03187975047051,-65.37526539491961,0,0.0,0.4,10
bayesfl_observability_v1,ola_sparse_bayesian_keep010_seed42,130,ola,global,,,layers.1.bias,db,42,-65.03187975047051,-64.3451084615723,-64.68849410602141,1,0.145608882631698,0.5,10
bayesfl_observability_v1,ola_sparse_bayesian_keep010_seed42,130,ola,global,,,layers.1.bias,db,43,-64.3451084615723,-63.65833717267408,-64.00172281712318,0,0.0,0.5,10
bayesfl_observability_v1,ola_sparse_bayesian_keep010_seed42,130,ola,global,,,layers.1.bias,db,44,-63.65833717267408,-62.97156588377587,-63.314951528224974,0,0.0,0.5,10
bayesfl_observability_v1,ola_sparse_bayesian_keep010_seed42,130,ola,global,,,layers.1.bias,db,45,-62.97156588377587,-62.28479459487765,-62.62818023932676,0,0.0,0.5,10
bayesfl_observability_v1,ola_sparse_bayesian_keep010_seed42,130,ola,global,,,layers.1.bias,db,46,-62.28479459487765,-61.59802330597944,-61.941408950428546,0,0.0,0.5,10
bayesfl_observability_v1,ola_sparse_bayesian_keep010_seed42,130,ola,global,,,layers.1.bias,db,47,-61.59802330597944,-60.911252017081225,-61.25463766153033,0,0.0,0.5,10
bayesfl_observability_v1,ola_sparse_bayesian_keep010_seed42,130,ola,global,,,layers.1.bias,db,48,-60.911252017081225,-60.22448072818301,-60.56786637263212,0,0.0,0.5,10
bayesfl_observability_v1,ola_sparse_bayesian_keep010_seed42,130,ola,global,,,layers.1.bias,db,49,-60.22448072818301,-59.5377094392848,-59.8810950837339,0,0.0,0.5,10
bayesfl_observability_v1,ola_sparse_bayesian_keep010_seed42,130,ola,global,,,layers.1.bias,db,50,-59.5377094392848,-58.85093815038658,-59.19432379483569,0,0.0,0.5,10
bayesfl_observability_v1,ola_sparse_bayesian_keep010_seed42,130,ola,global,,,layers.1.bias,db,51,-58.85093815038658,-58.16416686148837,-58.507552505937475,0,0.0,0.5,10
bayesfl_observability_v1,ola_sparse_bayesian_keep010_seed42,130,ola,global,,,layers.1.bias,db,52,-58.16416686148837,-57.477395572590154,-57.82078121703926,0,0.0,0.5,10
bayesfl_observability_v1,ola_sparse_bayesian_keep010_seed42,130,ola,global,,,layers.1.bias,db,53,-57.477395572590154,-56.79062428369193,-57.13400992814104,1,0.1456088826316965,0.6,10
bayesfl_observability_v1,ola_sparse_bayesian_keep010_seed42,130,ola,global,,,layers.1.bias,db,54,-56.79062428369193,-56.10385299479372,-56.447238639242826,0,0.0,0.6,10
bayesfl_observability_v1,ola_sparse_bayesian_keep010_seed42,130,ola,global,,,layers.1.bias,db,55,-56.10385299479372,-55.417081705895505,-55.76046735034461,0,0.0,0.6,10
bayesfl_observability_v1,ola_sparse_bayesian_keep010_seed42,130,ola,global,,,layers.1.bias,db,56,-55.417081705895505,-54.73031041699729,-55.0736960614464,0,0.0,0.6,10
bayesfl_observability_v1,ola_sparse_bayesian_keep010_seed42,130,ola,global,,,layers.1.bias,db,57,-54.73031041699729,-54.04353912809908,-54.386924772548184,0,0.0,0.6,10
bayesfl_observability_v1,ola_sparse_bayesian_keep010_seed42,130,ola,global,,,layers.1.bias,db,58,-54.04353912809908,-53.35676783920086,-53.70015348364997,0,0.0,0.6,10
bayesfl_observability_v1,ola_sparse_bayesian_keep010_seed42,130,ola,global,,,layers.1.bias,db,59,-53.35676783920086,-52.66999655030265,-53.013382194751756,0,0.0,0.6,10
bayesfl_observability_v1,ola_sparse_bayesian_keep010_seed42,130,ola,global,,,layers.1.bias,db,60,-52.66999655030265,-51.983225261404435,-52.32661090585354,0,0.0,0.6,10
bayesfl_observability_v1,ola_sparse_bayesian_keep010_seed42,130,ola,global,,,layers.1.bias,db,61,-51.983225261404435,-51.29645397250622,-51.63983961695533,0,0.0,0.6,10
bayesfl_observability_v1,ola_sparse_bayesian_keep010_seed42,130,ola,global,,,layers.1.bias,db,62,-51.29645397250622,-50.60968268360801,-50.953068328057114,0,0.0,0.6,10
bayesfl_observability_v1,ola_sparse_bayesian_keep010_seed42,130,ola,global,,,layers.1.bias,db,63,-50.60968268360801,-49.92291139470979,-50.2662970391589,0,0.0,0.6,10
bayesfl_observability_v1,ola_sparse_bayesian_keep010_seed42,130,ola,global,,,layers.1.bias,db,64,-49.92291139470979,-49.23614010581158,-49.579525750260686,0,0.0,0.6,10
bayesfl_observability_v1,ola_sparse_bayesian_keep010_seed42,130,ola,global,,,layers.1.bias,db,65,-49.23614010581158,-48.549368816913365,-48.89275446136247,0,0.0,0.6,10
bayesfl_observability_v1,ola_sparse_bayesian_keep010_seed42,130,ola,global,,,layers.1.bias,db,66,-48.549368816913365,-47.86259752801515,-48.20598317246426,0,0.0,0.6,10
bayesfl_observability_v1,ola_sparse_bayesian_keep010_seed42,130,ola,global,,,layers.1.bias,db,67,-47.86259752801515,-47.17582623911694,-47.519211883566044,0,0.0,0.6,10
bayesfl_observability_v1,ola_sparse_bayesian_keep010_seed42,130,ola,global,,,layers.1.bias,db,68,-47.17582623911694,-46.48905495021872,-46.83244059466783,0,0.0,0.6,10
bayesfl_observability_v1,ola_sparse_bayesian_keep010_seed42,130,ola,global,,,layers.1.bias,db,69,-46.48905495021872,-45.80228366132051,-46.145669305769616,0,0.0,0.6,10
bayesfl_observability_v1,ola_sparse_bayesian_keep010_seed42,130,ola,global,,,layers.1.bias,db,70,-45.80228366132051,-45.115512372422295,-45.4588980168714,3,0.43682664789509396,0.9,10
bayesfl_observability_v1,ola_sparse_bayesian_keep010_seed42,130,ola,global,,,layers.1.bias,db,71,-45.115512372422295,-44.42874108352408,-44.77212672797319,0,0.0,0.9,10
bayesfl_observability_v1,ola_sparse_bayesian_keep010_seed42,130,ola,global,,,layers.1.bias,db,72,-44.42874108352408,-43.74196979462587,-44.085355439074974,0,0.0,0.9,10
bayesfl_observability_v1,ola_sparse_bayesian_keep010_seed42,130,ola,global,,,layers.1.bias,db,73,-43.74196979462587,-43.05519850572765,-43.39858415017676,0,0.0,0.9,10
bayesfl_observability_v1,ola_sparse_bayesian_keep010_seed42,130,ola,global,,,layers.1.bias,db,74,-43.05519850572765,-42.36842721682943,-42.711812861278545,0,0.0,0.9,10
bayesfl_observability_v1,ola_sparse_bayesian_keep010_seed42,130,ola,global,,,layers.1.bias,db,75,-42.36842721682943,-41.68165592793122,-42.025041572380324,0,0.0,0.9,10
bayesfl_observability_v1,ola_sparse_bayesian_keep010_seed42,130,ola,global,,,layers.1.bias,db,76,-41.68165592793122,-40.994884639033,-41.33827028348211,0,0.0,0.9,10
bayesfl_observability_v1,ola_sparse_bayesian_keep010_seed42,130,ola,global,,,layers.1.bias,db,77,-40.994884639033,-40.30811335013479,-40.651498994583896,0,0.0,0.9,10
bayesfl_observability_v1,ola_sparse_bayesian_keep010_seed42,130,ola,global,,,layers.1.bias,db,78,-40.30811335013479,-39.621342061236575,-39.96472770568568,0,0.0,0.9,10
bayesfl_observability_v1,ola_sparse_bayesian_keep010_seed42,130,ola,global,,,layers.1.bias,db,79,-39.621342061236575,-38.93457077233836,-39.27795641678747,1,0.145608882631698,1.0,10
bayesfl_observability_v1,ola_sparse_bayesian_keep010_seed42,135,ola,global,,,all,raw,0,2.0005701773262004e-08,0.001134675342058488,0.0005673476738801307,76349,661.1798637414664,0.7502112606858603,101770
bayesfl_observability_v1,ola_sparse_bayesian_keep010_seed42,135,ola,global,,,all,raw,1,0.001134675342058488,0.0022693306784152024,0.0017020030102368453,20351,176.23899994764287,0.9501817824506239,101770
bayesfl_observability_v1,ola_sparse_bayesian_keep010_seed42,135,ola,global,,,all,raw,2,0.0022693306784152024,0.003403986014771917,0.00283665834659356,3804,32.9425166233027,0.9875601847302742,101770
bayesfl_observability_v1,ola_sparse_bayesian_keep010_seed42,135,ola,global,,,all,raw,3,0.003403986014771917,0.004538641351128632,0.003971313682950274,500,4.3299837832942565,0.992473223936327,101770
bayesfl_observability_v1,ola_sparse_bayesian_keep010_seed42,135,ola,global,,,all,raw,4,0.004538641351128632,0.005673296687485347,0.005105969019306989,143,1.2383753620221567,0.9938783531492581,101770
bayesfl_observability_v1,ola_sparse_bayesian_keep010_seed42,135,ola,global,,,all,raw,5,0.005673296687485347,0.006807952023842061,0.0062406243556637035,97,0.8400168539590861,0.9948314827552324,101770
bayesfl_observability_v1,ola_sparse_bayesian_keep010_seed42,135,ola,global,,,all,raw,6,0.006807952023842061,0.007942607360198776,0.007375279692020419,76,0.6581575350607267,0.9955782647145525,101770
bayesfl_observability_v1,ola_sparse_bayesian_keep010_seed42,135,ola,global,,,all,raw,7,0.007942607360198776,0.009077262696555491,0.008509935028377134,73,0.6321776323609611,0.9962955684386361,101770
bayesfl_observability_v1,ola_sparse_bayesian_keep010_seed42,135,ola,global,,,all,raw,8,0.009077262696555491,0.010211918032912206,0.009644590364733849,55,0.476298216162368,0.9968360027513019,101770
bayesfl_observability_v1,ola_sparse_bayesian_keep010_seed42,135,ola,global,,,all,raw,9,0.010211918032912206,0.011346573369268921,0.010779245701090564,50,0.43299837832942545,0.9973273066719073,101770
bayesfl_observability_v1,ola_sparse_bayesian_keep010_seed42,135,ola,global,,,all,raw,10,0.011346573369268921,0.012481228705625635,0.011913901037447279,25,0.21649918916471306,0.9975729586322098,101770
bayesfl_observability_v1,ola_sparse_bayesian_keep010_seed42,135,ola,global,,,all,raw,11,0.012481228705625635,0.01361588404198235,0.013048556373803992,37,0.3204187999637748,0.9979365235334577,101770
bayesfl_observability_v1,ola_sparse_bayesian_keep010_seed42,135,ola,global,,,all,raw,12,0.01361588404198235,0.014750539378339065,0.014183211710160707,18,0.15587941619859316,0.9981133929448757,101770
bayesfl_observability_v1,ola_sparse_bayesian_keep010_seed42,135,ola,global,,,all,raw,13,0.014750539378339065,0.015885194714695777,0.01531786704651742,23,0.19917925403153633,0.9983393927483541,101770
bayesfl_observability_v1,ola_sparse_bayesian_keep010_seed42,135,ola,global,,,all,raw,14,0.015885194714695777,0.01701985005105249,0.016452522382874132,17,0.14721944863200465,0.9985064360813599,101770
bayesfl_observability_v1,ola_sparse_bayesian_keep010_seed42,135,ola,global,,,all,raw,15,0.01701985005105249,0.018154505387409207,0.01758717771923085,24,0.2078392215981242,0.9987422619632504,101770
bayesfl_observability_v1,ola_sparse_bayesian_keep010_seed42,135,ola,global,,,all,raw,16,0.018154505387409207,0.019289160723765922,0.018721833055587563,15,0.12989951349882764,0.998889653139432,101770
bayesfl_observability_v1,ola_sparse_bayesian_keep010_seed42,135,ola,global,,,all,raw,17,0.019289160723765922,0.020423816060122637,0.01985648839194428,17,0.14721944863200465,0.9990566964724379,101770
bayesfl_observability_v1,ola_sparse_bayesian_keep010_seed42,135,ola,global,,,all,raw,18,0.020423816060122637,0.021558471396479352,0.020991143728300993,8,0.06927974053270808,0.9991353050997347,101770
bayesfl_observability_v1,ola_sparse_bayesian_keep010_seed42,135,ola,global,,,all,raw,19,0.021558471396479352,0.022693126732836067,0.02212579906465771,9,0.07793970809929658,0.9992237398054437,101770
bayesfl_observability_v1,ola_sparse_bayesian_keep010_seed42,135,ola,global,,,all,raw,20,0.022693126732836067,0.02382778206919278,0.023260454401014423,6,0.05195980539953121,0.9992826962759163,101770
bayesfl_observability_v1,ola_sparse_bayesian_keep010_seed42,135,ola,global,,,all,raw,21,0.02382778206919278,0.024962437405549494,0.024395109737371135,6,0.05195980539953105,0.9993416527463889,101770
bayesfl_observability_v1,ola_sparse_bayesian_keep010_seed42,135,ola,global,,,all,raw,22,0.024962437405549494,0.02609709274190621,0.025529765073727853,5,0.04329983783294254,0.9993907831384494,101770
bayesfl_observability_v1,ola_sparse_bayesian_keep010_seed42,135,ola,global,,,all,raw,23,0.02609709274190621,0.027231748078262924,0.026664420410084565,5,0.04329983783294254,0.99943991353051,101770
bayesfl_observability_v1,ola_sparse_bayesian_keep010_seed42,135,ola,global,,,all,raw,24,0.027231748078262924,0.02836640341461964,0.027799075746441283,6,0.05195980539953105,0.9994988700009826,101770
bayesfl_observability_v1,ola_sparse_bayesian_keep010_seed42,135,ola,global,,,all,raw,25,0.02836640341461964,0.029501058750976354,0.028933731082797995,3,0.025979902699765526,0.9995283482362189,101770
bayesfl_observability_v1,ola_sparse_bayesian_keep010_seed42,135,ola,global,,,all,raw,26,0.029501058750976354,0.03063571408733307,0.030068386419154713,5,0.04329983783294254,0.9995774786282795,101770
bayesfl_observability_v1,ola_sparse_bayesian_keep010_seed42,135,ola,global,,,all,raw,27,0.03063571408733307,0.031770369423689784,0.031203041755511425,0,0.0,0.9995774786282795,101770
bayesfl_observability_v1,ola_sparse_bayesian_keep010_seed42,135,ola,global,,,all,raw,28,0.031770369423689784,0.0329050247600465,0.032337697091868144,8,0.06927974053270787,0.9996560872555763,101770
bayesfl_observability_v1,ola_sparse_bayesian_keep010_seed42,135,ola,global,,,all,raw,29,0.0329050247600465,0.034039680096403215,0.033472352428224855,2,0.01731993513317707,0.9996757394124005,101770
bayesfl_observability_v1,ola_sparse_bayesian_keep010_seed42,135,ola,global,,,all,raw,30,0.034039680096403215,0.03517433543275993,0.034607007764581574,4,0.034639870266353935,0.9997150437260489,101770
bayesfl_observability_v1,ola_sparse_bayesian_keep010_seed42,135,ola,global,,,all,raw,31,0.03517433543275993,0.036308990769116645,0.03574166310093829,6,0.05195980539953121,0.9997740001965215,101770
bayesfl_observability_v1,ola_sparse_bayesian_keep010_seed42,135,ola,global,,,all,raw,32,0.036308990769116645,0.037443646105473356,0.036876318437295,3,0.025979902699765606,0.9998034784317579,101770
bayesfl_observability_v1,ola_sparse_bayesian_keep010_seed42,135,ola,global,,,all,raw,33,0.037443646105473356,0.038578301441830075,0.038010973773651716,0,0.0,0.9998034784317579,101770
bayesfl_observability_v1,ola_sparse_bayesian_keep010_seed42,135,ola,global,,,all,raw,34,0.038578301441830075,0.039712956778186786,0.039145629110008434,1,0.008659967566588536,0.99981330451017,101770
bayesfl_observability_v1,ola_sparse_bayesian_keep010_seed42,135,ola,global,,,all,raw,35,0.039712956778186786,0.040847612114543505,0.040280284446365146,1,0.008659967566588484,0.9998231305885821,101770
bayesfl_observability_v1,ola_sparse_bayesian_keep010_seed42,135,ola,global,,,all,raw,36,0.040847612114543505,0.04198226745090022,0.04141493978272186,0,0.0,0.9998231305885821,101770
bayesfl_observability_v1,ola_sparse_bayesian_keep010_seed42,135,ola,global,,,all,raw,37,0.04198226745090022,0.043116922787256935,0.042549595119078576,1,0.008659967566588484,0.9998329566669942,101770
bayesfl_observability_v1,ola_sparse_bayesian_keep010_seed42,135,ola,global,,,all,raw,38,0.043116922787256935,0.04425157812361365,0.043684250455435295,0,0.0,0.9998329566669942,101770
bayesfl_observability_v1,ola_sparse_bayesian_keep010_seed42,135,ola,global,,,all,raw,39,0.04425157812361365,0.045386233459970365,0.044818905791792006,1,0.008659967566588484,0.9998427827454063,101770
bayesfl_observability_v1,ola_sparse_bayesian_keep010_seed42,135,ola,global,,,all,raw,40,0.045386233459970365,0.04652088879632708,0.04595356112814872,1,0.008659967566588536,0.9998526088238184,101770
bayesfl_observability_v1,ola_sparse_bayesian_keep010_seed42,135,ola,global,,,all,raw,41,0.04652088879632708,0.04765554413268379,0.047088216464505436,2,0.01731993513317707,0.9998722609806426,101770
bayesfl_observability_v1,ola_sparse_bayesian_keep010_seed42,135,ola,global,,,all,raw,42,0.04765554413268379,0.04879019946904051,0.04822287180086215,0,0.0,0.9998722609806426,101770
bayesfl_observability_v1,ola_sparse_bayesian_keep010_seed42,135,ola,global,,,all,raw,43,0.04879019946904051,0.04992485480539722,0.04935752713721886,0,0.0,0.9998722609806426,101770
bayesfl_observability_v1,ola_sparse_bayesian_keep010_seed42,135,ola,global,,,all,raw,44,0.04992485480539722,0.05105951014175394,0.05049218247357558,0,0.0,0.9998722609806426,101770
bayesfl_observability_v1,ola_sparse_bayesian_keep010_seed42,135,ola,global,,,all,raw,45,0.05105951014175394,0.05219416547811065,0.0516268378099323,0,0.0,0.9998722609806426,101770
bayesfl_observability_v1,ola_sparse_bayesian_keep010_seed42,135,ola,global,,,all,raw,46,0.05219416547811065,0.05332882081446737,0.05276149314628901,1,0.008659967566588484,0.9998820870590547,101770
bayesfl_observability_v1,ola_sparse_bayesian_keep010_seed42,135,ola,global,,,all,raw,47,0.05332882081446737,0.05446347615082408,0.05389614848264572,1,0.008659967566588536,0.9998919131374668,101770
bayesfl_observability_v1,ola_sparse_bayesian_keep010_seed42,135,ola,global,,,all,raw,48,0.05446347615082408,0.05559813148718079,0.05503080381900244,1,0.008659967566588536,0.999901739215879,101770
bayesfl_observability_v1,ola_sparse_bayesian_keep010_seed42,135,ola,global,,,all,raw,49,0.05559813148718079,0.05673278682353751,0.05616545915535915,0,0.0,0.999901739215879,101770
bayesfl_observability_v1,ola_sparse_bayesian_keep010_seed42,135,ola,global,,,all,raw,50,0.05673278682353751,0.05786744215989422,0.05730011449171586,0,0.0,0.999901739215879,101770
bayesfl_observability_v1,ola_sparse_bayesian_keep010_seed42,135,ola,global,,,all,raw,51,0.05786744215989422,0.05900209749625094,0.05843476982807258,1,0.008659967566588484,0.999911565294291,101770
bayesfl_observability_v1,ola_sparse_bayesian_keep010_seed42,135,ola,global,,,all,raw,52,0.05900209749625094,0.06013675283260765,0.0595694251644293,2,0.01731993513317707,0.9999312174511152,101770
bayesfl_observability_v1,ola_sparse_bayesian_keep010_seed42,135,ola,global,,,all,raw,53,0.06013675283260765,0.06127140816896437,0.06070408050078601,0,0.0,0.9999312174511152,101770
bayesfl_observability_v1,ola_sparse_bayesian_keep010_seed42,135,ola,global,,,all,raw,54,0.06127140816896437,0.06240606350532108,0.06183873583714272,1,0.008659967566588536,0.9999410435295274,101770
bayesfl_observability_v1,ola_sparse_bayesian_keep010_seed42,135,ola,global,,,all,raw,55,0.06240606350532108,0.06354071884167779,0.06297339117349944,0,0.0,0.9999410435295274,101770
bayesfl_observability_v1,ola_sparse_bayesian_keep010_seed42,135,ola,global,,,all,raw,56,0.06354071884167779,0.06467537417803451,0.06410804650985616,2,0.017319935133176968,0.9999606956863516,101770
bayesfl_observability_v1,ola_sparse_bayesian_keep010_seed42,135,ola,global,,,all,raw,57,0.06467537417803451,0.06581002951439123,0.06524270184621286,0,0.0,0.9999606956863516,101770
bayesfl_observability_v1,ola_sparse_bayesian_keep010_seed42,135,ola,global,,,all,raw,58,0.06581002951439123,0.06694468485074793,0.06637735718256958,0,0.0,0.9999606956863516,101770
bayesfl_observability_v1,ola_sparse_bayesian_keep010_seed42,135,ola,global,,,all,raw,59,0.06694468485074793,0.06807934018710465,0.0675120125189263,0,0.0,0.9999606956863516,101770
bayesfl_observability_v1,ola_sparse_bayesian_keep010_seed42,135,ola,global,,,all,raw,60,0.06807934018710465,0.06921399552346137,0.068646667855283,1,0.008659967566588484,0.9999705217647636,101770
bayesfl_observability_v1,ola_sparse_bayesian_keep010_seed42,135,ola,global,,,all,raw,61,0.06921399552346137,0.07034865085981809,0.06978132319163974,0,0.0,0.9999705217647636,101770
bayesfl_observability_v1,ola_sparse_bayesian_keep010_seed42,135,ola,global,,,all,raw,62,0.07034865085981809,0.0714833061961748,0.07091597852799644,1,0.00865996756658859,0.9999803478431758,101770
bayesfl_observability_v1,ola_sparse_bayesian_keep010_seed42,135,ola,global,,,all,raw,63,0.0714833061961748,0.07261796153253151,0.07205063386435315,0,0.0,0.9999803478431758,101770
bayesfl_observability_v1,ola_sparse_bayesian_keep010_seed42,135,ola,global,,,all,raw,64,0.07261796153253151,0.07375261686888823,0.07318528920070988,0,0.0,0.9999803478431758,101770
bayesfl_observability_v1,ola_sparse_bayesian_keep010_seed42,135,ola,global,,,all,raw,65,0.07375261686888823,0.07488727220524494,0.07431994453706658,0,0.0,0.9999803478431758,101770
bayesfl_observability_v1,ola_sparse_bayesian_keep010_seed42,135,ola,global,,,all,raw,66,0.07488727220524494,0.07602192754160166,0.07545459987342329,0,0.0,0.9999803478431758,101770
bayesfl_observability_v1,ola_sparse_bayesian_keep010_seed42,135,ola,global,,,all,raw,67,0.07602192754160166,0.07715658287795837,0.07658925520978002,0,0.0,0.9999803478431758,101770
bayesfl_observability_v1,ola_sparse_bayesian_keep010_seed42,135,ola,global,,,all,raw,68,0.07715658287795837,0.07829123821431509,0.07772391054613673,0,0.0,0.9999803478431758,101770
bayesfl_observability_v1,ola_sparse_bayesian_keep010_seed42,135,ola,global,,,all,raw,69,0.07829123821431509,0.0794258935506718,0.07885856588249344,0,0.0,0.9999803478431758,101770
bayesfl_observability_v1,ola_sparse_bayesian_keep010_seed42,135,ola,global,,,all,raw,70,0.0794258935506718,0.08056054888702852,0.07999322121885016,0,0.0,0.9999803478431758,101770
bayesfl_observability_v1,ola_sparse_bayesian_keep010_seed42,135,ola,global,,,all,raw,71,0.08056054888702852,0.08169520422338523,0.08112787655520687,0,0.0,0.9999803478431758,101770
bayesfl_observability_v1,ola_sparse_bayesian_keep010_seed42,135,ola,global,,,all,raw,72,0.08169520422338523,0.08282985955974194,0.08226253189156359,0,0.0,0.9999803478431758,101770
bayesfl_observability_v1,ola_sparse_bayesian_keep010_seed42,135,ola,global,,,all,raw,73,0.08282985955974194,0.08396451489609866,0.0833971872279203,0,0.0,0.9999803478431758,101770
bayesfl_observability_v1,ola_sparse_bayesian_keep010_seed42,135,ola,global,,,all,raw,74,0.08396451489609866,0.08509917023245538,0.08453184256427701,1,0.008659967566588484,0.9999901739215878,101770
bayesfl_observability_v1,ola_sparse_bayesian_keep010_seed42,135,ola,global,,,all,raw,75,0.08509917023245538,0.0862338255688121,0.08566649790063374,0,0.0,0.9999901739215878,101770
bayesfl_observability_v1,ola_sparse_bayesian_keep010_seed42,135,ola,global,,,all,raw,76,0.0862338255688121,0.0873684809051688,0.08680115323699045,0,0.0,0.9999901739215878,101770
bayesfl_observability_v1,ola_sparse_bayesian_keep010_seed42,135,ola,global,,,all,raw,77,0.0873684809051688,0.08850313624152552,0.08793580857334715,0,0.0,0.9999901739215878,101770
bayesfl_observability_v1,ola_sparse_bayesian_keep010_seed42,135,ola,global,,,all,raw,78,0.08850313624152552,0.08963779157788224,0.08907046390970388,0,0.0,0.9999901739215878,101770
bayesfl_observability_v1,ola_sparse_bayesian_keep010_seed42,135,ola,global,,,all,raw,79,0.08963779157788224,0.09077244691423894,0.09020511924606059,1,0.00865996756658859,1.0,101770
bayesfl_observability_v1,ola_sparse_bayesian_keep010_seed42,135,ola,global,,,all,db,0,-153.97649003110982,-152.31229539504605,-153.14439271307793,2,1.1808809137069242e-05,1.9652156824211458e-05,101770
bayesfl_observability_v1,ola_sparse_bayesian_keep010_seed42,135,ola,global,,,all,db,1,-152.31229539504605,-150.64810075898228,-151.48019807701417,1,5.904404568534621e-06,2.9478235236317185e-05,101770
bayesfl_observability_v1,ola_sparse_bayesian_keep010_seed42,135,ola,global,,,all,db,2,-150.64810075898228,-148.9839061229185,-149.8160034409504,0,0.0,2.9478235236317185e-05,101770
bayesfl_observability_v1,ola_sparse_bayesian_keep010_seed42,135,ola,global,,,all,db,3,-148.9839061229185,-147.31971148685474,-148.15180880488663,1,5.904404568534621e-06,3.9304313648422916e-05,101770
bayesfl_observability_v1,ola_sparse_bayesian_keep010_seed42,135,ola,global,,,all,db,4,-147.31971148685474,-145.65551685079097,-146.48761416882286,0,0.0,3.9304313648422916e-05,101770
bayesfl_observability_v1,ola_sparse_bayesian_keep010_seed42,135,ola,global,,,all,db,5,-145.65551685079097,-143.99132221472718,-144.8234195327591,0,0.0,3.9304313648422916e-05,101770
bayesfl_observability_v1,ola_sparse_bayesian_keep010_seed42,135,ola,global,,,all,db,6,-143.99132221472718,-142.3271275786634,-143.1592248966953,0,0.0,3.9304313648422916e-05,101770
bayesfl_observability_v1,ola_sparse_bayesian_keep010_seed42,135,ola,global,,,all,db,7,-142.3271275786634,-140.66293294259964,-141.49503026063152,1,5.904404568534621e-06,4.913039206052864e-05,101770
bayesfl_observability_v1,ola_sparse_bayesian_keep010_seed42,135,ola,global,,,all,db,8,-140.66293294259964,-138.99873830653587,-139.83083562456775,2,1.1808809137069242e-05,6.87825488847401e-05,101770
bayesfl_observability_v1,ola_sparse_bayesian_keep010_seed42,135,ola,global,,,all,db,9,-138.99873830653587,-137.3345436704721,-138.16664098850399,2,1.1808809137069242e-05,8.843470570895156e-05,101770
bayesfl_observability_v1,ola_sparse_bayesian_keep010_seed42,135,ola,global,,,all,db,10,-137.3345436704721,-135.67034903440833,-136.50244635244022,1,5.904404568534621e-06,9.826078412105728e-05,101770
bayesfl_observability_v1,ola_sparse_bayesian_keep010_seed42,135,ola,global,,,all,db,11,-135.67034903440833,-134.00615439834456,-134.83825171637645,2,1.1808809137069242e-05,0.00011791294094526874,101770
bayesfl_observability_v1,ola_sparse_bayesian_keep010_seed42,135,ola,global,,,all,db,12,-134.00615439834456,-132.3419597622808,-133.17405708031268,1,5.904404568534621e-06,0.00012773901935737446,101770
bayesfl_observability_v1,ola_sparse_bayesian_keep010_seed42,135,ola,global,,,all,db,13,-132.3419597622808,-130.67776512621703,-131.5098624442489,8,4.723523654827697e-05,0.0002063476466542203,101770
bayesfl_observability_v1,ola_sparse_bayesian_keep010_seed42,135,ola,global,,,all,db,14,-130.67776512621703,-129.01357049015326,-129.84566780818514,2,1.1808809137069242e-05,0.00022599980347843177,101770
bayesfl_observability_v1,ola_sparse_bayesian_keep010_seed42,135,ola,global,,,all,db,15,-129.01357049015326,-127.34937585408949,-128.18147317212137,4,2.3617618274138485e-05,0.00026530411712685466,101770
bayesfl_observability_v1,ola_sparse_bayesian_keep010_seed42,135,ola,global,,,all,db,16,-127.34937585408949,-125.6851812180257,-126.5172785360576,3,1.7713213705603714e-05,0.00029478235236317184,101770
bayesfl_observability_v1,ola_sparse_bayesian_keep010_seed42,135,ola,global,,,all,db,17,-125.6851812180257,-124.02098658196194,-124.85308389999382,15,8.856606852801931e-05,0.0004421735285447578,101770
bayesfl_observability_v1,ola_sparse_bayesian_keep010_seed42,135,ola,global,,,all,db,18,-124.02098658196194,-122.35679194589817,-123.18888926393005,11,6.494845025388083e-05,0.0005502603910779208,101770
bayesfl_observability_v1,ola_sparse_bayesian_keep010_seed42,135,ola,global,,,all,db,19,-122.35679194589817,-120.6925973098344,-121.52469462786628,9,5.3139641116811584e-05,0.0006386950967868723,101770
bayesfl_observability_v1,ola_sparse_bayesian_keep010_seed42,135,ola,global,,,all,db,20,-120.6925973098344,-119.02840267377061,-119.8604999918025,7,4.1330831979741996e-05,0.0007074776456716125,101770
bayesfl_observability_v1,ola_sparse_bayesian_keep010_seed42,135,ola,global,,,all,db,21,-119.02840267377061,-117.36420803770685,-118.19630535573873,23,0.00013580130507629627,0.0009334774491500442,101770
bayesfl_observability_v1,ola_sparse_bayesian_keep010_seed42,135,ola,global,,,all,db,22,-117.36420803770685,-115.70001340164308,-116.53211071967496,21,0.00012399249593922704,0.0011398250958042646,101770
bayesfl_observability_v1,ola_sparse_bayesian_keep010_seed42,135,ola,global,,,all,db,23,-115.70001340164308,-114.03581876557931,-114.86791608361119,23,0.00013580130507629627,0.0013658248992826963,101770
bayesfl_observability_v1,ola_sparse_bayesian_keep010_seed42,135,ola,global,,,all,db,24,-114.03581876557931,-112.37162412951554,-113.20372144754742,31,0.00018303654162457324,0.0016704333300579738,101770
bayesfl_observability_v1,ola_sparse_bayesian_keep010_seed42,135,ola,global,,,all,db,25,-112.37162412951554,-110.70742949345177,-111.53952681148365,38,0.0002243673736043156,0.0020438243097179913,101770
bayesfl_observability_v1,ola_sparse_bayesian_keep010_seed42,135,ola,global,,,all,db,26,-110.70742949345177,-109.043234857388,-109.87533217541989,44,0.0002597938010155233,0.0024761717598506434,101770
bayesfl_observability_v1,ola_sparse_bayesian_keep010_seed42,135,ola,global,,,all,db,27,-109.043234857388,-107.37904022132423,-108.21113753935612,60,0.00035426427411207724,0.0030657364645769875,101770
bayesfl_observability_v1,ola_sparse_bayesian_keep010_seed42,135,ola,global,,,all,db,28,-107.37904022132423,-105.71484558526046,-106.54694290329235,55,0.00032474225126940414,0.0036061707772428024,101770
bayesfl_observability_v1,ola_sparse_bayesian_keep010_seed42,135,ola,global,,,all,db,29,-105.71484558526046,-104.0506509491967,-104.88274826722858,77,0.0004546391517771658,0.004362778814974944,101770
bayesfl_observability_v1,ola_sparse_bayesian_keep010_seed42,135,ola,global,,,all,db,30,-104.0506509491967,-102.38645631313291,-103.21855363116481,93,0.0005491096248737152,0.005276604107300777,101770
bayesfl_observability_v1,ola_sparse_bayesian_keep010_seed42,135,ola,global,,,all,db,31,-102.38645631313291,-100.72226167706914,-101.55435899510103,126,0.0007439549756353622,0.006514689987226098,101770
bayesfl_observability_v1,ola_sparse_bayesian_keep010_seed42,135,ola,global,,,all,db,32,-100.72226167706914,-99.05806704100537,-99.89016435903726,133,0.0007852858076151046,0.00782155841603616,101770
bayesfl_observability_v1,ola_sparse_bayesian_keep010_seed42,135,ola,global,,,all,db,33,-99.05806704100537,-97.39387240494159,-98.22596972297347,144,0.0008502342578689782,0.009236513707379384,101770
bayesfl_observability_v1,ola_sparse_bayesian_keep010_seed42,135,ola,global,,,all,db,34,-97.39387240494159,-95.72967776887782,-96.5617750869097,237,0.001399343882742705,0.011565294291048443,101770
bayesfl_observability_v1,ola_sparse_bayesian_keep010_seed42,135,ola,global,,,all,db,35,-95.72967776887782,-94.06548313281405,-94.89758045084594,232,0.001369821859900032,0.013844944482656971,101770
bayesfl_observability_v1,ola_sparse_bayesian_keep010_seed42,135,ola,global,,,all,db,36,-94.06548313281405,-92.40128849675028,-93.23338581478217,324,0.0019130270802052171,0.017028593888179226,101770
bayesfl_observability_v1,ola_sparse_bayesian_keep010_seed42,135,ola,global,,,all,db,37,-92.40128849675028,-90.73709386068651,-91.5691911787184,311,0.001836269820814267,0.02008450427434411,101770
bayesfl_observability_v1,ola_sparse_bayesian_keep010_seed42,135,ola,global,,,all,db,38,-90.73709386068651,-89.07289922462274,-89.90499654265463,423,0.0024975631324901447,0.024240935442664834,101770
bayesfl_observability_v1,ola_sparse_bayesian_keep010_seed42,135,ola,global,,,all,db,39,-89.07289922462274,-87.40870458855898,-88.24080190659086,532,0.0031411432304604184,0.02946840915790508,101770
bayesfl_observability_v1,ola_sparse_bayesian_keep010_seed42,135,ola,global,,,all,db,40,-87.40870458855898,-85.7445099524952,-86.57660727052709,598,0.003530833931983703,0.035344404048344304,101770
bayesfl_observability_v1,ola_sparse_bayesian_keep010_seed42,135,ola,global,,,all,db,41,-85.7445099524952,-84.08031531643142,-84.91241263446332,745,0.0043987814035582554,0.042664832465363074,101770
bayesfl_observability_v1,ola_sparse_bayesian_keep010_seed42,135,ola,global,,,all,db,42,-84.08031531643142,-82.41612068036765,-83.24821799839954,858,0.005065979119802704,0.051095607742949786,101770
bayesfl_observability_v1,ola_sparse_bayesian_keep010_seed42,135,ola,global,,,all,db,43,-82.41612068036765,-80.75192604430389,-81.58402336233577,1161,0.006855013704068695,0.06250368477940454,101770
bayesfl_observability_v1,ola_sparse_bayesian_keep010_seed42,135,ola,global,,,all,db,44,-80.75192604430389,-79.08773140824012,-79.919828726272,1290,0.007616681893409661,0.07517932593102093,101770
bayesfl_observability_v1,ola_sparse_bayesian_keep010_seed42,135,ola,global,,,all,db,45,-79.08773140824012,-77.42353677217635,-78.25563409020823,1613,0.009523804569046343,0.09102879040974747,101770
bayesfl_observability_v1,ola_sparse_bayesian_keep010_seed42,135,ola,global,,,all,db,46,-77.42353677217635,-75.75934213611258,-76.59143945414446,1931,0.011401405221840353,0.11000294782352363,101770
bayesfl_observability_v1,ola_sparse_bayesian_keep010_seed42,135,ola,global,,,all,db,47,-75.75934213611258,-74.0951475000488,-74.92724481808068,2336,0.013792689072096758,0.1329566669942026,101770
bayesfl_observability_v1,ola_sparse_bayesian_keep010_seed42,135,ola,global,,,all,db,48,-74.0951475000488,-72.43095286398503,-73.26305018201691,2998,0.017701404896466794,0.1624152500736956,101770
bayesfl_observability_v1,ola_sparse_bayesian_keep010_seed42,135,ola,global,,,all,db,49,-72.43095286398503,-70.76675822792126,-71.59885554595314,3445,0.02034067373860177,0.19626609020339983,101770
bayesfl_observability_v1,ola_sparse_bayesian_keep010_seed42,135,ola,global,,,all,db,50,-70.76675822792126,-69.10256359185749,-69.93466090988937,4301,0.025394844049267402,0.23852805345386657,101770
bayesfl_observability_v1,ola_sparse_bayesian_keep010_seed42,135,ola,global,,,all,db,51,-69.10256359185749,-67.43836895579372,-68.2704662738256,5110,0.03017150734521191,0.2887393141397268,101770
bayesfl_observability_v1,ola_sparse_bayesian_keep010_seed42,135,ola,global,,,all,db,52,-67.43836895579372,-65.77417431972995,-66.60627163776184,6295,0.037168226758925435,0.3505944777439324,101770
bayesfl_observability_v1,ola_sparse_bayesian_keep010_seed42,135,ola,global,,,all,db,53,-65.77417431972995,-64.10997968366618,-64.94207700169807,7394,0.04365716737974499,0.42324850152304216,101770
bayesfl_observability_v1,ola_sparse_bayesian_keep010_seed42,135,ola,global,,,all,db,54,-64.10997968366618,-62.4457850476024,-63.27788236563429,8931,0.05273223720158225,0.5110052078215584,101770
bayesfl_observability_v1,ola_sparse_bayesian_keep010_seed42,135,ola,global,,,all,db,55,-62.4457850476024,-60.78159041153863,-61.613687729570515,10613,0.06266344568585792,0.6152893780092366,101770
bayesfl_observability_v1,ola_sparse_bayesian_keep010_seed42,135,ola,global,,,all,db,56,-60.78159041153863,-59.11739577547486,-59.949493093506746,12372,0.07304929332191033,0.7368576201238086,101770
bayesfl_observability_v1,ola_sparse_bayesian_keep010_seed42,135,ola,global,,,all,db,57,-59.11739577547486,-57.45320113941109,-58.28529845744298,8329,0.04917778565132486,0.8186990272182372,101770
bayesfl_observability_v1,ola_sparse_bayesian_keep010_seed42,135,ola,global,,,all,db,58,-57.45320113941109,-55.78900650334732,-56.62110382137921,5744,0.03391489984166286,0.8751400216173725,101770
bayesfl_observability_v1,ola_sparse_bayesian_keep010_seed42,135,ola,global,,,all,db,59,-55.78900650334732,-54.124811867283555,-54.95690918531544,4849,0.028630457752824377,0.9227866758376732,101770
bayesfl_observability_v1,ola_sparse_bayesian_keep010_seed42,135,ola,global,,,all,db,60,-54.124811867283555,-52.46061723121977,-53.29271454925166,3559,0.021013775859414538,0.9577576889063575,101770
bayesfl_observability_v1,ola_sparse_bayesian_keep010_seed42,135,ola,global,,,all,db,61,-52.46061723121977,-50.796422595156,-51.62851991318789,2195,0.012960168027933493,0.9793259310209296,101770
bayesfl_observability_v1,ola_sparse_bayesian_keep010_seed42,135,ola,global,,,all,db,62,-50.796422595156,-49.13222795909223,-49.96432527712412,922,0.00544386101218892,0.988385575316891,101770
bayesfl_observability_v1,ola_sparse_bayesian_keep010_seed42,135,ola,global,,,all,db,63,-49.13222795909223,-47.468033323028465,-48.30013064106035,348,0.002054732789850048,0.9918050506043038,101770
bayesfl_observability_v1,ola_sparse_bayesian_keep010_seed42,135,ola,global,,,all,db,64,-47.468033323028465,-45.803838686964696,-46.63593600499658,159,0.0009388003263970047,0.9933673970718286,101770
bayesfl_observability_v1,ola_sparse_bayesian_keep010_seed42,135,ola,global,,,all,db,65,-45.803838686964696,-44.13964405090093,-44.97174136893281,97,0.0005727272431478582,0.9943205266778029,101770
bayesfl_observability_v1,ola_sparse_bayesian_keep010_seed42,135,ola,global,,,all,db,66,-44.13964405090093,-42.47544941483716,-43.30754673286904,104,0.0006140580751276005,0.9953424388326619,101770
bayesfl_observability_v1,ola_sparse_bayesian_keep010_seed42,135,ola,global,,,all,db,67,-42.47544941483716,-40.811254778773375,-41.643352096805266,99,0.0005845360522849226,0.9963152205954604,101770
bayesfl_observability_v1,ola_sparse_bayesian_keep010_seed42,135,ola,global,,,all,db,68,-40.811254778773375,-39.147060142709606,-39.97915746074149,89,0.0005254920065995812,0.9971897415741378,101770
bayesfl_observability_v1,ola_sparse_bayesian_keep010_seed42,135,ola,global,,,all,db,69,-39.147060142709606,-37.48286550664584,-38.31496282467772,68,0.0004014995106603542,0.9978579149061609,101770
bayesfl_observability_v1,ola_sparse_bayesian_keep010_seed42,135,ola,global,,,all,db,70,-37.48286550664584,-35.81867087058207,-36.65076818861395,51,0.00030112463299526563,0.9983590449051783,101770
bayesfl_observability_v1,ola_sparse_bayesian_keep010_seed42,135,ola,global,,,all,db,71,-35.81867087058207,-34.1544762345183,-34.98657355255018,57,0.00033655106040647337,0.9989191313746684,101770
bayesfl_observability_v1,ola_sparse_bayesian_keep010_seed42,135,ola,global,,,all,db,72,-34.1544762345183,-32.49028159845453,-33.322378916486414,35,0.00020665415989871172,0.9992630441190921,101770
bayesfl_observability_v1,ola_sparse_bayesian_keep010_seed42,135,ola,global,,,all,db,73,-32.49028159845453,-30.826086962390747,-31.65818428042264,25,0.00014761011421336428,0.9995086960793947,101770
bayesfl_observability_v1,ola_sparse_bayesian_keep010_seed42,135,ola,global,,,all,db,74,-30.826086962390747,-29.161892326326978,-29.993989644358862,20,0.00011808809137069241,0.9997052176476369,101770
bayesfl_observability_v1,ola_sparse_bayesian_keep010_seed42,135,ola,global,,,all,db,75,-29.161892326326978,-27.49769769026321,-28.329795008295093,12,7.085285482241545e-05,0.9998231305885821,101770
bayesfl_observability_v1,ola_sparse_bayesian_keep010_seed42,135,ola,global,,,all,db,76,-27.49769769026321,-25.83350305419944,-26.665600372231324,5,2.9522022842673102e-05,0.9998722609806426,101770
bayesfl_observability_v1,ola_sparse_bayesian_keep010_seed42,135,ola,global,,,all,db,77,-25.83350305419944,-24.16930841813567,-25.001405736167555,7,4.133083197974235e-05,0.9999410435295274,101770
bayesfl_observability_v1,ola_sparse_bayesian_keep010_seed42,135,ola,global,,,all,db,78,-24.16930841813567,-22.505113782071902,-23.337211100103787,4,2.3617618274138485e-05,0.9999803478431758,101770
bayesfl_observability_v1,ola_sparse_bayesian_keep010_seed42,135,ola,global,,,all,db,79,-22.505113782071902,-20.840919146008137,-21.673016464040018,2,1.1808809137069268e-05,1.0,101770
bayesfl_observability_v1,ola_sparse_bayesian_keep010_seed42,135,ola,global,,,layers.0.weight,raw,0,2.0005701773262004e-08,6.785496252458082e-05,3.393748411317704e-05,4655,683.8173255002912,0.04638671875,100352
bayesfl_observability_v1,ola_sparse_bayesian_keep010_seed42,135,ola,global,,,layers.0.weight,raw,1,6.785496252458082e-05,0.0001356899193473884,0.00010177244093598461,4660,684.5518231646307,0.09282326211734694,100352
bayesfl_observability_v1,ola_sparse_bayesian_keep010_seed42,135,ola,global,,,layers.0.weight,raw,2,0.0001356899193473884,0.00020352487617019595,0.00016960739775879216,4591,674.4157553967427,0.13857222576530612,100352
bayesfl_observability_v1,ola_sparse_bayesian_keep010_seed42,135,ola,global,,,layers.0.weight,raw,3,0.00020352487617019595,0.0002713598329930035,0.00023744235458159974,4724,693.9533932681796,0.18564652423469388,100352
bayesfl_observability_v1,ola_sparse_bayesian_keep010_seed42,135,ola,global,,,layers.0.weight,raw,4,0.0002713598329930035,0.0003391947898158111,0.0003052773114044073,4781,702.3266666416523,0.23328882334183673,100352
bayesfl_observability_v1,ola_sparse_bayesian_keep010_seed42,135,ola,global,,,layers.0.weight,raw,5,0.0003391947898158111,0.0004070297466386186,0.00037311226822721484,4686,688.371211019198,0.27998445471938777,100352
bayesfl_observability_v1,ola_sparse_bayesian_keep010_seed42,135,ola,global,,,layers.0.weight,raw,6,0.0004070297466386186,0.0004748647034614262,0.00044094722505002236,4724,693.9533932681793,0.32705875318877553,100352
bayesfl_observability_v1,ola_sparse_bayesian_keep010_seed42,135,ola,global,,,layers.0.weight,raw,7,0.0004748647034614262,0.0005426996602842338,0.00050878218187283,4676,686.9022156905179,0.3736547353316326,100352
bayesfl_observability_v1,ola_sparse_bayesian_keep010_seed42,135,ola,global,,,layers.0.weight,raw,8,0.0005426996602842338,0.0006105346171070413,0.0005766171386956375,4608,676.913047455498,0.41957310267857145,100352
bayesfl_observability_v1,ola_sparse_bayesian_keep010_seed42,135,ola,global,,,layers.0.weight,raw,9,0.0006105346171070413,0.0006783695739298489,0.0006444520955184452,4618,678.3820427841765,0.4655911192602041,100352
bayesfl_observability_v1,ola_sparse_bayesian_keep010_seed42,135,ola,global,,,layers.0.weight,raw,10,0.0006783695739298489,0.0007462045307526564,0.0007122870523412527,4586,673.6812577324033,0.5112902582908163,100352
bayesfl_observability_v1,ola_sparse_bayesian_keep010_seed42,135,ola,global,,,layers.0.weight,raw,11,0.0007462045307526564,0.000814039487575464,0.0007801220091640602,4509,662.3699937015714,0.5562220982142857,100352
bayesfl_observability_v1,ola_sparse_bayesian_keep010_seed42,135,ola,global,,,layers.0.weight,raw,12,0.000814039487575464,0.0008818744443982716,0.0008479569659868677,4464,655.7595147225128,0.6007055165816326,100352
bayesfl_observability_v1,ola_sparse_bayesian_keep010_seed42,135,ola,global,,,layers.0.weight,raw,13,0.0008818744443982716,0.0009497094012210791,0.0009157919228096754,4678,687.1960147562544,0.6473214285714286,100352
bayesfl_observability_v1,ola_sparse_bayesian_keep010_seed42,135,ola,global,,,layers.0.weight,raw,14,0.0009497094012210791,0.0010175443580438869,0.000983626879632483,4488,659.2851035113424,0.6920440051020408,100352
bayesfl_observability_v1,ola_sparse_bayesian_keep010_seed42,135,ola,global,,,layers.0.weight,raw,15,0.0010175443580438869,0.0010853793148666944,0.0010514618364552905,4172,612.8648511250733,0.7336176658163265,100352
bayesfl_observability_v1,ola_sparse_bayesian_keep010_seed42,135,ola,global,,,layers.0.weight,raw,16,0.0010853793148666944,0.001153214271689502,0.0011192967932780983,3338,490.35064071320585,0.7668805803571429,100352
bayesfl_observability_v1,ola_sparse_bayesian_keep010_seed42,135,ola,global,,,layers.0.weight,raw,17,0.001153214271689502,0.0012210492285123094,0.0011871317501009056,2650,389.2837621000586,0.7932876275510204,100352
bayesfl_observability_v1,ola_sparse_bayesian_keep010_seed42,135,ola,global,,,layers.0.weight,raw,18,0.0012210492285123094,0.0012888841853351172,0.0012549667069237133,2095,307.75452135834723,0.8141641422193877,100352
bayesfl_observability_v1,ola_sparse_bayesian_keep010_seed42,135,ola,global,,,layers.0.weight,raw,19,0.0012888841853351172,0.0013567191421579247,0.001322801663746521,1780,261.481168504945,0.831901705994898,100352
bayesfl_observability_v1,ola_sparse_bayesian_keep010_seed42,135,ola,global,,,layers.0.weight,raw,20,0.0013567191421579247,0.0014245540989807322,0.0013906366205693283,1525,224.02178762361862,0.8470982142857143,100352
bayesfl_observability_v1,ola_sparse_bayesian_keep010_seed42,135,ola,global,,,layers.0.weight,raw,21,0.0014245540989807322,0.0014923890558035397,0.001458471577392136,1335,196.11087637870875,0.8604013871173469,100352
bayesfl_observability_v1,ola_sparse_bayesian_keep010_seed42,135,ola,global,,,layers.0.weight,raw,22,0.0014923890558035397,0.0015602240126263473,0.0015263065342149434,1307,191.99768945840626,0.8734255420918368,100352
bayesfl_observability_v1,ola_sparse_bayesian_keep010_seed42,135,ola,global,,,layers.0.weight,raw,23,0.0015602240126263473,0.0016280589694491548,0.0015941414910377511,1157,169.96275952821426,0.8849549585459183,100352
bayesfl_observability_v1,ola_sparse_bayesian_keep010_seed42,135,ola,global,,,layers.0.weight,raw,24,0.0016280589694491548,0.0016958939262719625,0.0016619764478605587,1060,155.71350484002295,0.8955177774234694,100352
bayesfl_observability_v1,ola_sparse_bayesian_keep010_seed42,135,ola,global,,,layers.0.weight,raw,25,0.0016958939262719625,0.00176372888309477,0.0017298114046833662,1075,157.91699783304264,0.9062300701530612,100352
bayesfl_observability_v1,ola_sparse_bayesian_keep010_seed42,135,ola,global,,,layers.0.weight,raw,26,0.00176372888309477,0.0018315638399175776,0.001797646361506174,943,138.52625949447366,0.9156269929846939,100352
bayesfl_observability_v1,ola_sparse_bayesian_keep010_seed42,135,ola,global,,,layers.0.weight,raw,27,0.0018315638399175776,0.001899398796740385,0.0018654813183289812,859,126.18669873356616,0.924186862244898,100352
bayesfl_observability_v1,ola_sparse_bayesian_keep010_seed42,135,ola,global,,,layers.0.weight,raw,28,0.001899398796740385,0.0019672337535631924,0.0019333162751517888,792,116.3444300314141,0.9320790816326531,100352
bayesfl_observability_v1,ola_sparse_bayesian_keep010_seed42,135,ola,global,,,layers.0.weight,raw,29,0.0019672337535631924,0.002035068710386,0.0020011512319745963,683,100.33238094880724,0.9388851243622449,100352
bayesfl_observability_v1,ola_sparse_bayesian_keep010_seed42,135,ola,global,,,layers.0.weight,raw,30,0.002035068710386,0.0021029036672088075,0.002068986188797404,644,94.60329916695794,0.9453025350765306,100352
bayesfl_observability_v1,ola_sparse_bayesian_keep010_seed42,135,ola,global,,,layers.0.weight,raw,31,0.0021029036672088075,0.002170738624031615,0.0021368211456202113,610,89.60871504944717,0.9513811383928571,100352
bayesfl_observability_v1,ola_sparse_bayesian_keep010_seed42,135,ola,global,,,layers.0.weight,raw,32,0.002170738624031615,0.002238573580854423,0.002204656102443019,579,85.05482953054083,0.9571508290816326,100352
bayesfl_observability_v1,ola_sparse_bayesian_keep010_seed42,135,ola,global,,,layers.0.weight,raw,33,0.002238573580854423,0.0023064085376772302,0.0022724910592658264,483,70.95247437521846,0.9619638871173469,100352
bayesfl_observability_v1,ola_sparse_bayesian_keep010_seed42,135,ola,global,,,layers.0.weight,raw,34,0.0023064085376772302,0.002374243494500038,0.002340326016088634,457,67.1330865206514,0.9665178571428571,100352
bayesfl_observability_v1,ola_sparse_bayesian_keep010_seed42,135,ola,global,,,layers.0.weight,raw,35,0.002374243494500038,0.0024420784513228453,0.002408160972911442,419,61.55090427166984,0.9706931600765306,100352
bayesfl_observability_v1,ola_sparse_bayesian_keep010_seed42,135,ola,global,,,layers.0.weight,raw,36,0.0024420784513228453,0.002509913408145653,0.002475995929734249,378,55.528023424083656,0.9744599011479592,100352
bayesfl_observability_v1,ola_sparse_bayesian_keep010_seed42,135,ola,global,,,layers.0.weight,raw,37,0.002509913408145653,0.0025777483649684608,0.002543830886557057,316,46.42025238627099,0.9776088169642857,100352
bayesfl_observability_v1,ola_sparse_bayesian_keep010_seed42,135,ola,global,,,layers.0.weight,raw,38,0.0025777483649684608,0.002645583321791268,0.002611665843379864,275,40.397371538685455,0.9803491709183674,100352
bayesfl_observability_v1,ola_sparse_bayesian_keep010_seed42,135,ola,global,,,layers.0.weight,raw,39,0.002645583321791268,0.002713418278614076,0.002679500800202672,267,39.22217527574163,0.9830098054846939,100352
bayesfl_observability_v1,ola_sparse_bayesian_keep010_seed42,135,ola,global,,,layers.0.weight,raw,40,0.002713418278614076,0.002781253235436883,0.0027473357570254797,218,32.02409816521247,0.9851821588010204,100352
bayesfl_observability_v1,ola_sparse_bayesian_keep010_seed42,135,ola,global,,,layers.0.weight,raw,41,0.002781253235436883,0.002849088192259691,0.002815170713848287,196,28.79230844211745,0.9871352838010204,100352
bayesfl_observability_v1,ola_sparse_bayesian_keep010_seed42,135,ola,global,,,layers.0.weight,raw,42,0.002849088192259691,0.0029169231490824986,0.0028830056706710947,183,26.88261451483415,0.9889588647959183,100352
bayesfl_observability_v1,ola_sparse_bayesian_keep010_seed42,135,ola,global,,,layers.0.weight,raw,43,0.0029169231490824986,0.002984758105905306,0.002950840627493902,149,21.88803039732412,0.9904436383928571,100352
bayesfl_observability_v1,ola_sparse_bayesian_keep010_seed42,135,ola,global,,,layers.0.weight,raw,44,0.002984758105905306,0.0030525930627281136,0.0030186755843167098,125,18.36244160849327,0.9916892538265306,100352
bayesfl_observability_v1,ola_sparse_bayesian_keep010_seed42,135,ola,global,,,layers.0.weight,raw,45,0.0030525930627281136,0.003120428019550921,0.0030865105411395175,108,15.865149549738288,0.9927654655612245,100352
bayesfl_observability_v1,ola_sparse_bayesian_keep010_seed42,135,ola,global,,,layers.0.weight,raw,46,0.003120428019550921,0.0031882629763737287,0.003154345497962325,108,15.865149549738186,0.9938416772959183,100352
bayesfl_observability_v1,ola_sparse_bayesian_keep010_seed42,135,ola,global,,,layers.0.weight,raw,47,0.0031882629763737287,0.003256097933196536,0.003222180454785132,87,12.7802593595114,0.9947086256377551,100352
bayesfl_observability_v1,ola_sparse_bayesian_keep010_seed42,135,ola,global,,,layers.0.weight,raw,48,0.003256097933196536,0.0033239328900193437,0.00329001541160794,70,10.282967300756232,0.9954061702806123,100352
bayesfl_observability_v1,ola_sparse_bayesian_keep010_seed42,135,ola,global,,,layers.0.weight,raw,49,0.0033239328900193437,0.0033917678468421515,0.0033578503684307476,52,7.638775709133201,0.9959243463010204,100352
bayesfl_observability_v1,ola_sparse_bayesian_keep010_seed42,135,ola,global,,,layers.0.weight,raw,50,0.0033917678468421515,0.003459602803664959,0.0034256853252535554,56,8.226373840605039,0.9964823820153061,100352
bayesfl_observability_v1,ola_sparse_bayesian_keep010_seed42,135,ola,global,,,layers.0.weight,raw,51,0.003459602803664959,0.0035274377604877665,0.0034935202820763627,46,6.757378511925524,0.996940768494898,100352
bayesfl_observability_v1,ola_sparse_bayesian_keep010_seed42,135,ola,global,,,layers.0.weight,raw,52,0.0035274377604877665,0.003595272717310574,0.00356135523889917,50,7.344976643397356,0.9974390146683674,100352
bayesfl_observability_v1,ola_sparse_bayesian_keep010_seed42,135,ola,global,,,layers.0.weight,raw,53,0.003595272717310574,0.0036631076741333816,0.0036291901957219777,44,6.463579446189631,0.9978774713010204,100352
bayesfl_observability_v1,ola_sparse_bayesian_keep010_seed42,135,ola,global,,,layers.0.weight,raw,54,0.0036631076741333816,0.0037309426309561893,0.0036970251525447854,30,4.406985986038385,0.998176419005102,100352
bayesfl_observability_v1,ola_sparse_bayesian_keep010_seed42,135,ola,global,,,layers.0.weight,raw,55,0.0037309426309561893,0.0037987775877789966,0.003764860109367593,25,3.672488321698678,0.9984255420918368,100352
bayesfl_observability_v1,ola_sparse_bayesian_keep010_seed42,135,ola,global,,,layers.0.weight,raw,56,0.0037987775877789966,0.0038666125446018044,0.0038326950661904005,24,3.5255887888307083,0.998664700255102,100352
bayesfl_observability_v1,ola_sparse_bayesian_keep010_seed42,135,ola,global,,,layers.0.weight,raw,57,0.0038666125446018044,0.003934447501424612,0.003900530023013208,25,3.672488321698678,0.9989138233418368,100352
bayesfl_observability_v1,ola_sparse_bayesian_keep010_seed42,135,ola,global,,,layers.0.weight,raw,58,0.003934447501424612,0.004002282458247419,0.0039683649798360155,26,3.8193878545666005,0.9991729113520408,100352
bayesfl_observability_v1,ola_sparse_bayesian_keep010_seed42,135,ola,global,,,layers.0.weight,raw,59,0.004002282458247419,0.004070117415070227,0.004036199936658823,4,0.5875981314717846,0.9992127710459183,100352
bayesfl_observability_v1,ola_sparse_bayesian_keep010_seed42,135,ola,global,,,layers.0.weight,raw,60,0.004070117415070227,0.004137952371893035,0.004104034893481631,13,1.9096939272833002,0.9993423150510204,100352
bayesfl_observability_v1,ola_sparse_bayesian_keep010_seed42,135,ola,global,,,layers.0.weight,raw,61,0.004137952371893035,0.004205787328715842,0.004171869850304438,8,1.1751962629435844,0.9994220344387755,100352
bayesfl_observability_v1,ola_sparse_bayesian_keep010_seed42,135,ola,global,,,layers.0.weight,raw,62,0.004205787328715842,0.0042736222855386495,0.004239704807127246,7,1.0282967300756232,0.9994917889030612,100352
bayesfl_observability_v1,ola_sparse_bayesian_keep010_seed42,135,ola,global,,,layers.0.weight,raw,63,0.0042736222855386495,0.004341457242361457,0.004307539763950053,9,1.3220957958115156,0.9995814732142857,100352
bayesfl_observability_v1,ola_sparse_bayesian_keep010_seed42,135,ola,global,,,layers.0.weight,raw,64,0.004341457242361457,0.004409292199184265,0.004375374720772861,7,1.0282967300756232,0.9996512276785714,100352
bayesfl_observability_v1,ola_sparse_bayesian_keep010_seed42,135,ola,global,,,layers.0.weight,raw,65,0.004409292199184265,0.004477127156007073,0.004443209677595669,4,0.5875981314717846,0.9996910873724489,100352
bayesfl_observability_v1,ola_sparse_bayesian_keep010_seed42,135,ola,global,,,layers.0.weight,raw,66,0.004477127156007073,0.00454496211282988,0.004511044634418477,12,1.7627943944153766,0.9998106664540817,100352
bayesfl_observability_v1,ola_sparse_bayesian_keep010_seed42,135,ola,global,,,layers.0.weight,raw,67,0.00454496211282988,0.004612797069652687,0.0045788795912412835,5,0.7344976643397308,0.9998604910714286,100352
bayesfl_observability_v1,ola_sparse_bayesian_keep010_seed42,135,ola,global,,,layers.0.weight,raw,68,0.004612797069652687,0.004680632026475495,0.004646714548064091,5,0.7344976643397308,0.9999103156887755,100352
bayesfl_observability_v1,ola_sparse_bayesian_keep010_seed42,135,ola,global,,,layers.0.weight,raw,69,0.004680632026475495,0.004748466983298303,0.004714549504886899,1,0.14689953286794616,0.9999202806122449,100352
bayesfl_observability_v1,ola_sparse_bayesian_keep010_seed42,135,ola,global,,,layers.0.weight,raw,70,0.004748466983298303,0.0048163019401211106,0.004782384461709707,0,0.0,0.9999202806122449,100352
bayesfl_observability_v1,ola_sparse_bayesian_keep010_seed42,135,ola,global,,,layers.0.weight,raw,71,0.0048163019401211106,0.0048841368969439174,0.0048502194185325136,2,0.2937990657358961,0.9999402104591837,100352
bayesfl_observability_v1,ola_sparse_bayesian_keep010_seed42,135,ola,global,,,layers.0.weight,raw,72,0.0048841368969439174,0.004951971853766725,0.004918054375355321,0,0.0,0.9999402104591837,100352
bayesfl_observability_v1,ola_sparse_bayesian_keep010_seed42,135,ola,global,,,layers.0.weight,raw,73,0.004951971853766725,0.005019806810589533,0.004985889332178129,1,0.14689953286794616,0.9999501753826531,100352
bayesfl_observability_v1,ola_sparse_bayesian_keep010_seed42,135,ola,global,,,layers.0.weight,raw,74,0.005019806810589533,0.005087641767412341,0.005053724289000937,0,0.0,0.9999501753826531,100352
bayesfl_observability_v1,ola_sparse_bayesian_keep010_seed42,135,ola,global,,,layers.0.weight,raw,75,0.005087641767412341,0.005155476724235148,0.0051215592458237445,2,0.2937990657358923,0.9999701052295918,100352
bayesfl_observability_v1,ola_sparse_bayesian_keep010_seed42,135,ola,global,,,layers.0.weight,raw,76,0.005155476724235148,0.005223311681057955,0.005189394202646552,0,0.0,0.9999701052295918,100352
bayesfl_observability_v1,ola_sparse_bayesian_keep010_seed42,135,ola,global,,,layers.0.weight,raw,77,0.005223311681057955,0.005291146637880763,0.005257229159469359,0,0.0,0.9999701052295918,100352
bayesfl_observability_v1,ola_sparse_bayesian_keep010_seed42,135,ola,global,,,layers.0.weight,raw,78,0.005291146637880763,0.005358981594703571,0.005325064116292167,0,0.0,0.9999701052295918,100352
bayesfl_observability_v1,ola_sparse_bayesian_keep010_seed42,135,ola,global,,,layers.0.weight,raw,79,0.005358981594703571,0.0054268165515263785,0.005392899073114975,3,0.44069859860383853,1.0,100352
bayesfl_observability_v1,ola_sparse_bayesian_keep010_seed42,135,ola,global,,,layers.0.weight,db,0,-153.97649003110982,-152.61814762047405,-153.29731882579193,2,1.4672181905479459e-05,1.992984693877551e-05,100352
bayesfl_observability_v1,ola_sparse_bayesian_keep010_seed42,135,ola,global,,,layers.0.weight,db,1,-152.61814762047405,-151.25980520983828,-151.93897641515616,0,0.0,1.992984693877551e-05,100352
bayesfl_observability_v1,ola_sparse_bayesian_keep010_seed42,135,ola,global,,,layers.0.weight,db,2,-151.25980520983828,-149.9014627992025,-150.5806340045204,1,7.336090952739729e-06,2.9894770408163265e-05,100352
bayesfl_observability_v1,ola_sparse_bayesian_keep010_seed42,135,ola,global,,,layers.0.weight,db,3,-149.9014627992025,-148.54312038856673,-149.22229159388462,0,0.0,2.9894770408163265e-05,100352
bayesfl_observability_v1,ola_sparse_bayesian_keep010_seed42,135,ola,global,,,layers.0.weight,db,4,-148.54312038856673,-147.18477797793093,-147.86394918324885,1,7.336090952739576e-06,3.985969387755102e-05,100352
bayesfl_observability_v1,ola_sparse_bayesian_keep010_seed42,135,ola,global,,,layers.0.weight,db,5,-147.18477797793093,-145.82643556729516,-146.50560677261305,0,0.0,3.985969387755102e-05,100352
bayesfl_observability_v1,ola_sparse_bayesian_keep010_seed42,135,ola,global,,,layers.0.weight,db,6,-145.82643556729516,-144.4680931566594,-145.14726436197728,0,0.0,3.985969387755102e-05,100352
bayesfl_observability_v1,ola_sparse_bayesian_keep010_seed42,135,ola,global,,,layers.0.weight,db,7,-144.4680931566594,-143.10975074602362,-143.7889219513415,0,0.0,3.985969387755102e-05,100352
bayesfl_observability_v1,ola_sparse_bayesian_keep010_seed42,135,ola,global,,,layers.0.weight,db,8,-143.10975074602362,-141.75140833538785,-142.43057954070574,0,0.0,3.985969387755102e-05,100352
bayesfl_observability_v1,ola_sparse_bayesian_keep010_seed42,135,ola,global,,,layers.0.weight,db,9,-141.75140833538785,-140.39306592475208,-141.07223713006996,1,7.336090952739729e-06,4.982461734693878e-05,100352
bayesfl_observability_v1,ola_sparse_bayesian_keep010_seed42,135,ola,global,,,layers.0.weight,db,10,-140.39306592475208,-139.0347235141163,-139.7138947194342,2,1.4672181905479459e-05,6.975446428571428e-05,100352
bayesfl_observability_v1,ola_sparse_bayesian_keep010_seed42,135,ola,global,,,layers.0.weight,db,11,-139.0347235141163,-137.67638110348054,-138.35555230879842,2,1.4672181905479459e-05,8.96843112244898e-05,100352
bayesfl_observability_v1,ola_sparse_bayesian_keep010_seed42,135,ola,global,,,layers.0.weight,db,12,-137.67638110348054,-136.31803869284477,-136.99720989816265,1,7.336090952739729e-06,9.964923469387755e-05,100352
bayesfl_observability_v1,ola_sparse_bayesian_keep010_seed42,135,ola,global,,,layers.0.weight,db,13,-136.31803869284477,-134.959696282209,-135.63886748752688,2,1.4672181905479459e-05,0.00011957908163265306,100352
bayesfl_observability_v1,ola_sparse_bayesian_keep010_seed42,135,ola,global,,,layers.0.weight,db,14,-134.959696282209,-133.6013538715732,-134.28052507689108,0,0.0,0.00011957908163265306,100352
bayesfl_observability_v1,ola_sparse_bayesian_keep010_seed42,135,ola,global,,,layers.0.weight,db,15,-133.6013538715732,-132.24301146093742,-132.9221826662553,3,2.200827285821919e-05,0.00014947385204081633,100352
bayesfl_observability_v1,ola_sparse_bayesian_keep010_seed42,135,ola,global,,,layers.0.weight,db,16,-132.24301146093742,-130.88466905030165,-131.56384025561954,6,4.401654571643838e-05,0.00020926339285714285,100352
bayesfl_observability_v1,ola_sparse_bayesian_keep010_seed42,135,ola,global,,,layers.0.weight,db,17,-130.88466905030165,-129.52632663966588,-130.20549784498377,2,1.4672181905479459e-05,0.00022919323979591838,100352
bayesfl_observability_v1,ola_sparse_bayesian_keep010_seed42,135,ola,global,,,layers.0.weight,db,18,-129.52632663966588,-128.1679842290301,-128.847155434348,1,7.336090952739729e-06,0.00023915816326530612,100352
bayesfl_observability_v1,ola_sparse_bayesian_keep010_seed42,135,ola,global,,,layers.0.weight,db,19,-128.1679842290301,-126.80964181839434,-127.48881302371223,3,2.200827285821919e-05,0.00026905293367346936,100352
bayesfl_observability_v1,ola_sparse_bayesian_keep010_seed42,135,ola,global,,,layers.0.weight,db,20,-126.80964181839434,-125.45129940775857,-126.13047061307645,9,6.602481857465756e-05,0.0003587372448979592,100352
bayesfl_observability_v1,ola_sparse_bayesian_keep010_seed42,135,ola,global,,,layers.0.weight,db,21,-125.45129940775857,-124.09295699712278,-124.77212820244068,8,5.8688727621917224e-05,0.0004384566326530612,100352
bayesfl_observability_v1,ola_sparse_bayesian_keep010_seed42,135,ola,global,,,layers.0.weight,db,22,-124.09295699712278,-122.73461458648701,-123.4137857918049,11,8.069700048013702e-05,0.0005480707908163265,100352
bayesfl_observability_v1,ola_sparse_bayesian_keep010_seed42,135,ola,global,,,layers.0.weight,db,23,-122.73461458648701,-121.37627217585124,-122.05544338116913,5,3.668045476369865e-05,0.0005978954081632653,100352
bayesfl_observability_v1,ola_sparse_bayesian_keep010_seed42,135,ola,global,,,layers.0.weight,db,24,-121.37627217585124,-120.01792976521546,-120.69710097053334,7,5.135263666917757e-05,0.0006676498724489796,100352
bayesfl_observability_v1,ola_sparse_bayesian_keep010_seed42,135,ola,global,,,layers.0.weight,db,25,-120.01792976521546,-118.65958735457968,-119.33875855989757,8,5.8688727621917834e-05,0.0007473692602040816,100352
bayesfl_observability_v1,ola_sparse_bayesian_keep010_seed42,135,ola,global,,,layers.0.weight,db,26,-118.65958735457968,-117.30124494394391,-117.9804161492618,20,0.0001467218190547946,0.0009466677295918367,100352
bayesfl_observability_v1,ola_sparse_bayesian_keep010_seed42,135,ola,global,,,layers.0.weight,db,27,-117.30124494394391,-115.94290253330814,-116.62207373862603,17,0.0001247135461965754,0.0011160714285714285,100352
bayesfl_observability_v1,ola_sparse_bayesian_keep010_seed42,135,ola,global,,,layers.0.weight,db,28,-115.94290253330814,-114.58456012267237,-115.26373132799026,18,0.00013204963714931513,0.001295440051020408,100352
bayesfl_observability_v1,ola_sparse_bayesian_keep010_seed42,135,ola,global,,,layers.0.weight,db,29,-114.58456012267237,-113.2262177120366,-113.90538891735449,25,0.00018340227381849323,0.0015445631377551021,100352
bayesfl_observability_v1,ola_sparse_bayesian_keep010_seed42,135,ola,global,,,layers.0.weight,db,30,-113.2262177120366,-111.86787530140082,-112.54704650671871,30,0.00022008272858218959,0.0018435108418367347,100352
bayesfl_observability_v1,ola_sparse_bayesian_keep010_seed42,135,ola,global,,,layers.0.weight,db,31,-111.86787530140082,-110.50953289076504,-111.18870409608293,29,0.00021274663762945215,0.0021324936224489796,100352
bayesfl_observability_v1,ola_sparse_bayesian_keep010_seed42,135,ola,global,,,layers.0.weight,db,32,-110.50953289076504,-109.15119048012927,-109.83036168544716,35,0.0002567631833458905,0.002481265943877551,100352
bayesfl_observability_v1,ola_sparse_bayesian_keep010_seed42,135,ola,global,,,layers.0.weight,db,33,-109.15119048012927,-107.79284806949349,-108.47201927481137,39,0.0002861075471568465,0.0028698979591836736,100352
bayesfl_observability_v1,ola_sparse_bayesian_keep010_seed42,135,ola,global,,,layers.0.weight,db,34,-107.79284806949349,-106.43450565885772,-107.1136768641756,58,0.0004254932752589043,0.0034478635204081634,100352
bayesfl_observability_v1,ola_sparse_bayesian_keep010_seed42,135,ola,global,,,layers.0.weight,db,35,-106.43450565885772,-105.07616324822195,-105.75533445353983,48,0.00035213236573150705,0.003926179846938775,100352
bayesfl_observability_v1,ola_sparse_bayesian_keep010_seed42,135,ola,global,,,layers.0.weight,db,36,-105.07616324822195,-103.71782083758617,-104.39699204290406,70,0.000513526366691781,0.004623724489795918,100352
bayesfl_observability_v1,ola_sparse_bayesian_keep010_seed42,135,ola,global,,,layers.0.weight,db,37,-103.71782083758617,-102.3594784269504,-103.03864963226829,72,0.0005281985485972605,0.005341198979591837,100352
bayesfl_observability_v1,ola_sparse_bayesian_keep010_seed42,135,ola,global,,,layers.0.weight,db,38,-102.3594784269504,-101.00113601631463,-101.68030722163252,97,0.0007116008224157538,0.006307796556122449,100352
bayesfl_observability_v1,ola_sparse_bayesian_keep010_seed42,135,ola,global,,,layers.0.weight,db,39,-101.00113601631463,-99.64279360567885,-100.32196481099675,101,0.000740945186226705,0.007314253826530612,100352
bayesfl_observability_v1,ola_sparse_bayesian_keep010_seed42,135,ola,global,,,layers.0.weight,db,40,-99.64279360567885,-98.28445119504308,-98.96362240036096,121,0.0008876670052815073,0.008520009566326531,100352
bayesfl_observability_v1,ola_sparse_bayesian_keep010_seed42,135,ola,global,,,layers.0.weight,db,41,-98.28445119504308,-96.9261087844073,-97.60527998972519,140,0.001027052733383562,0.009915098852040817,100352
bayesfl_observability_v1,ola_sparse_bayesian_keep010_seed42,135,ola,global,,,layers.0.weight,db,42,-96.9261087844073,-95.56776637377152,-96.2469375790894,204,0.0014965625543588892,0.011947943239795918,100352
bayesfl_observability_v1,ola_sparse_bayesian_keep010_seed42,135,ola,global,,,layers.0.weight,db,43,-95.56776637377152,-94.20942396313575,-94.88859516845363,186,0.0013645129172095898,0.01380141900510204,100352
bayesfl_observability_v1,ola_sparse_bayesian_keep010_seed42,135,ola,global,,,layers.0.weight,db,44,-94.20942396313575,-92.85108155249998,-93.53025275781786,266,0.001951400193428768,0.016452088647959183,100352
bayesfl_observability_v1,ola_sparse_bayesian_keep010_seed42,135,ola,global,,,layers.0.weight,db,45,-92.85108155249998,-91.4927391418642,-92.17191034718209,247,0.0018120144653267132,0.01891342474489796,100352
bayesfl_observability_v1,ola_sparse_bayesian_keep010_seed42,135,ola,global,,,layers.0.weight,db,46,-91.4927391418642,-90.13439673122843,-90.81356793654632,283,0.0020761137396253437,0.021733498086734693,100352
bayesfl_observability_v1,ola_sparse_bayesian_keep010_seed42,135,ola,global,,,layers.0.weight,db,47,-90.13439673122843,-88.77605432059266,-89.45522552591055,352,0.002582304015364385,0.025241151147959183,100352
bayesfl_observability_v1,ola_sparse_bayesian_keep010_seed42,135,ola,global,,,layers.0.weight,db,48,-88.77605432059266,-87.41771190995688,-88.09688311527478,445,0.0032645604739691457,0.029675542091836735,100352
bayesfl_observability_v1,ola_sparse_bayesian_keep010_seed42,135,ola,global,,,layers.0.weight,db,49,-87.41771190995688,-86.05936949932111,-86.738540704639,486,0.0035653402030315084,0.03451849489795918,100352
bayesfl_observability_v1,ola_sparse_bayesian_keep010_seed42,135,ola,global,,,layers.0.weight,db,50,-86.05936949932111,-84.70102708868534,-85.38019829400322,568,0.004166899661156166,0.04017857142857143,100352
bayesfl_observability_v1,ola_sparse_bayesian_keep010_seed42,135,ola,global,,,layers.0.weight,db,51,-84.70102708868534,-83.34268467804957,-84.02185588336745,646,0.0047391147554698655,0.04661591198979592,100352
bayesfl_observability_v1,ola_sparse_bayesian_keep010_seed42,135,ola,global,,,layers.0.weight,db,52,-83.34268467804957,-81.98434226741378,-82.66351347273167,764,0.005604773487893095,0.05422911352040816,100352
bayesfl_observability_v1,ola_sparse_bayesian_keep010_seed42,135,ola,global,,,layers.0.weight,db,53,-81.98434226741378,-80.62599985677801,-81.3051710620959,973,0.007138016497015757,0.06392498405612244,100352
bayesfl_observability_v1,ola_sparse_bayesian_keep010_seed42,135,ola,global,,,layers.0.weight,db,54,-80.62599985677801,-79.26765744614224,-79.94682865146012,1047,0.007680887227518497,0.07435825892857142,100352
bayesfl_observability_v1,ola_sparse_bayesian_keep010_seed42,135,ola,global,,,layers.0.weight,db,55,-79.26765744614224,-77.90931503550647,-78.58848624082435,1301,0.009544254329514388,0.0873226243622449,100352
bayesfl_observability_v1,ola_sparse_bayesian_keep010_seed42,135,ola,global,,,layers.0.weight,db,56,-77.90931503550647,-76.5509726248707,-77.23014383018858,1400,0.010270527333835622,0.10127351721938775,100352
bayesfl_observability_v1,ola_sparse_bayesian_keep010_seed42,135,ola,global,,,layers.0.weight,db,57,-76.5509726248707,-75.19263021423491,-75.87180141955281,1737,0.012742789984908777,0.11858258928571429,100352
bayesfl_observability_v1,ola_sparse_bayesian_keep010_seed42,135,ola,global,,,layers.0.weight,db,58,-75.19263021423491,-73.83428780359914,-74.51345900891702,1996,0.0146428375416685,0.13847257653061223,100352
bayesfl_observability_v1,ola_sparse_bayesian_keep010_seed42,135,ola,global,,,layers.0.weight,db,59,-73.83428780359914,-72.47594539296337,-73.15511659828125,2495,0.018303546927085624,0.1633350605867347,100352
bayesfl_observability_v1,ola_sparse_bayesian_keep010_seed42,135,ola,global,,,layers.0.weight,db,60,-72.47594539296337,-71.1176029823276,-71.79677418764548,2714,0.019910150845735625,0.19037986288265307,100352
bayesfl_observability_v1,ola_sparse_bayesian_keep010_seed42,135,ola,global,,,layers.0.weight,db,61,-71.1176029823276,-69.75926057169181,-70.4384317770097,3354,0.024605249055488797,0.22380221619897958,100352
bayesfl_observability_v1,ola_sparse_bayesian_keep010_seed42,135,ola,global,,,layers.0.weight,db,62,-69.75926057169181,-68.40091816105604,-69.08008936637393,3718,0.027275586162286314,0.26085180165816324,100352
bayesfl_observability_v1,ola_sparse_bayesian_keep010_seed42,135,ola,global,,,layers.0.weight,db,63,-68.40091816105604,-67.04257575042027,-67.72174695573815,4486,0.032909704013990425,0.30555444834183676,100352
bayesfl_observability_v1,ola_sparse_bayesian_keep010_seed42,135,ola,global,,,layers.0.weight,db,64,-67.04257575042027,-65.6842333397845,-66.36340454510238,5269,0.03865386322998564,0.35805963010204084,100352
bayesfl_observability_v1,ola_sparse_bayesian_keep010_seed42,135,ola,global,,,layers.0.weight,db,65,-65.6842333397845,-64.32589092914873,-65.00506213446661,5980,0.043869823897383586,0.4176498724489796,100352
bayesfl_observability_v1,ola_sparse_bayesian_keep010_seed42,135,ola,global,,,layers.0.weight,db,66,-64.32589092914873,-62.96754851851294,-63.646719723830834,6982,0.05122058703202826,0.4872249681122449,100352
bayesfl_observability_v1,ola_sparse_bayesian_keep010_seed42,135,ola,global,,,layers.0.weight,db,67,-62.96754851851294,-61.60920610787717,-62.288377313195056,8083,0.05929762317099523,0.5677714445153061,100352
bayesfl_observability_v1,ola_sparse_bayesian_keep010_seed42,135,ola,global,,,layers.0.weight,db,68,-61.60920610787717,-60.2508636972414,-60.930034902559285,9487,0.06959749486864182,0.6623086734693877,100352
bayesfl_observability_v1,ola_sparse_bayesian_keep010_seed42,135,ola,global,,,layers.0.weight,db,69,-60.2508636972414,-58.89252128660563,-59.571692491923514,9721,0.07131414015158291,0.7591776945153061,100352
bayesfl_observability_v1,ola_sparse_bayesian_keep010_seed42,135,ola,global,,,layers.0.weight,db,70,-58.89252128660563,-57.53417887596984,-58.213350081287736,6535,0.047941354376153635,0.8242984693877551,100352
bayesfl_observability_v1,ola_sparse_bayesian_keep010_seed42,135,ola,global,,,layers.0.weight,db,71,-57.53417887596984,-56.17583646533407,-56.85500767065196,4789,0.03513253957267057,0.8720204878826531,100352
bayesfl_observability_v1,ola_sparse_bayesian_keep010_seed42,135,ola,global,,,layers.0.weight,db,72,-56.17583646533407,-54.8174940546983,-55.49666526001619,4153,0.030466785726728098,0.9134048150510204,100352
bayesfl_observability_v1,ola_sparse_bayesian_keep010_seed42,135,ola,global,,,layers.0.weight,db,73,-54.8174940546983,-53.45915164406253,-54.138322849380415,3377,0.024773979147402068,0.9470563616071429,100352
bayesfl_observability_v1,ola_sparse_bayesian_keep010_seed42,135,ola,global,,,layers.0.weight,db,74,-53.45915164406253,-52.10080923342676,-52.779980438744644,2607,0.019125189113792476,0.9730349170918368,100352
bayesfl_observability_v1,ola_sparse_bayesian_keep010_seed42,135,ola,global,,,layers.0.weight,db,75,-52.10080923342676,-50.74246682279097,-51.421638028108866,1565,0.011480982341037557,0.9886300223214286,100352
bayesfl_observability_v1,ola_sparse_bayesian_keep010_seed42,135,ola,global,,,layers.0.weight,db,76,-50.74246682279097,-49.3841244121552,-50.06329561747309,734,0.0053846907593109615,0.9959442761479592,100352
bayesfl_observability_v1,ola_sparse_bayesian_keep010_seed42,135,ola,global,,,layers.0.weight,db,77,-49.3841244121552,-48.02578200151943,-48.70495320683732,316,0.0023182047410657547,0.9990931919642857,100352
bayesfl_observability_v1,ola_sparse_bayesian_keep010_seed42,135,ola,global,,,layers.0.weight,db,78,-48.02578200151943,-46.66743959088366,-47.346610796201546,80,0.0005868872762191784,0.9998903858418368,100352
bayesfl_observability_v1,ola_sparse_bayesian_keep010_seed42,135,ola,global,,,layers.0.weight,db,79,-46.66743959088366,-45.309097180247875,-45.98826838556577,11,8.069700048013618e-05,1.0,100352
bayesfl_observability_v1,ola_sparse_bayesian_keep010_seed42,135,ola,global,,,layers.0.bias,raw,0,7.5759624246909545e-06,6.498777907950904e-05,3.6281870752099995e-05,7,952.5478061215564,0.0546875,128
bayesfl_observability_v1,ola_sparse_bayesian_keep010_seed42,135,ola,global,,,layers.0.bias,raw,1,6.498777907950904e-05,0.00012239959573432714,9.369368740691809e-05,10,1360.7825801736517,0.1328125,128
bayesfl_observability_v1,ola_sparse_bayesian_keep010_seed42,135,ola,global,,,layers.0.bias,raw,2,0.00012239959573432714,0.00017981141238914523,0.00015110550406173618,5,680.3912900868258,0.171875,128
bayesfl_observability_v1,ola_sparse_bayesian_keep010_seed42,135,ola,global,,,layers.0.bias,raw,3,0.00017981141238914523,0.00023722322904396332,0.00020851732071655428,6,816.4695481041911,0.21875,128
bayesfl_observability_v1,ola_sparse_bayesian_keep010_seed42,135,ola,global,,,layers.0.bias,raw,4,0.00023722322904396332,0.0002946350456987814,0.00026592913737137234,0,0.0,0.21875,128
bayesfl_observability_v1,ola_sparse_bayesian_keep010_seed42,135,ola,global,,,layers.0.bias,raw,5,0.0002946350456987814,0.0003520468623535995,0.0003233409540261905,2,272.1565160347304,0.234375,128
bayesfl_observability_v1,ola_sparse_bayesian_keep010_seed42,135,ola,global,,,layers.0.bias,raw,6,0.0003520468623535995,0.0004094586790084176,0.00038075277068100853,5,680.3912900868258,0.2734375,128
bayesfl_observability_v1,ola_sparse_bayesian_keep010_seed42,135,ola,global,,,layers.0.bias,raw,7,0.0004094586790084176,0.0004668704956632357,0.0004381645873358267,4,544.3130320694607,0.3046875,128
bayesfl_observability_v1,ola_sparse_bayesian_keep010_seed42,135,ola,global,,,layers.0.bias,raw,8,0.0004668704956632357,0.0005242823123180537,0.0004955764039906447,3,408.23477405209593,0.328125,128
bayesfl_observability_v1,ola_sparse_bayesian_keep010_seed42,135,ola,global,,,layers.0.bias,raw,9,0.0005242823123180537,0.0005816941289728719,0.0005529882206454628,1,136.07825801736504,0.3359375,128
bayesfl_observability_v1,ola_sparse_bayesian_keep010_seed42,135,ola,global,,,layers.0.bias,raw,10,0.0005816941289728719,0.00063910594562769,0.000610400037300281,3,408.23477405209513,0.359375,128
bayesfl_observability_v1,ola_sparse_bayesian_keep010_seed42,135,ola,global,,,layers.0.bias,raw,11,0.00063910594562769,0.0006965177622825081,0.000667811853955099,2,272.1565160347306,0.375,128
bayesfl_observability_v1,ola_sparse_bayesian_keep010_seed42,135,ola,global,,,layers.0.bias,raw,12,0.0006965177622825081,0.0007539295789373261,0.0007252236706099171,3,408.23477405209593,0.3984375,128
bayesfl_observability_v1,ola_sparse_bayesian_keep010_seed42,135,ola,global,,,layers.0.bias,raw,13,0.0007539295789373261,0.0008113413955921443,0.0007826354872647351,3,408.23477405209513,0.421875,128
bayesfl_observability_v1,ola_sparse_bayesian_keep010_seed42,135,ola,global,,,layers.0.bias,raw,14,0.0008113413955921443,0.0008687532122469624,0.0008400473039195534,7,952.5478061215554,0.4765625,128
bayesfl_observability_v1,ola_sparse_bayesian_keep010_seed42,135,ola,global,,,layers.0.bias,raw,15,0.0008687532122469624,0.0009261650289017804,0.0008974591205743714,4,544.3130320694612,0.5078125,128
bayesfl_observability_v1,ola_sparse_bayesian_keep010_seed42,135,ola,global,,,layers.0.bias,raw,16,0.0009261650289017804,0.0009835768455565986,0.0009548709372291895,0,0.0,0.5078125,128
bayesfl_observability_v1,ola_sparse_bayesian_keep010_seed42,135,ola,global,,,layers.0.bias,raw,17,0.0009835768455565986,0.0010409886622114166,0.0010122827538840075,8,1088.6260641389224,0.5703125,128
bayesfl_observability_v1,ola_sparse_bayesian_keep010_seed42,135,ola,global,,,layers.0.bias,raw,18,0.0010409886622114166,0.0010984004788662349,0.0010696945705388258,3,408.2347740520944,0.59375,128
bayesfl_observability_v1,ola_sparse_bayesian_keep010_seed42,135,ola,global,,,layers.0.bias,raw,19,0.0010984004788662349,0.001155812295521053,0.001127106387193644,3,408.23477405209593,0.6171875,128
bayesfl_observability_v1,ola_sparse_bayesian_keep010_seed42,135,ola,global,,,layers.0.bias,raw,20,0.001155812295521053,0.001213224112175871,0.0011845182038484618,4,544.3130320694612,0.6484375,128
bayesfl_observability_v1,ola_sparse_bayesian_keep010_seed42,135,ola,global,,,layers.0.bias,raw,21,0.001213224112175871,0.0012706359288306892,0.00124193002050328,3,408.2347740520944,0.671875,128
bayesfl_observability_v1,ola_sparse_bayesian_keep010_seed42,135,ola,global,,,layers.0.bias,raw,22,0.0012706359288306892,0.0013280477454855073,0.0012993418371580983,3,408.23477405209593,0.6953125,128
bayesfl_observability_v1,ola_sparse_bayesian_keep010_seed42,135,ola,global,,,layers.0.bias,raw,23,0.0013280477454855073,0.0013854595621403253,0.0013567536538129162,2,272.1565160347306,0.7109375,128
bayesfl_observability_v1,ola_sparse_bayesian_keep010_seed42,135,ola,global,,,layers.0.bias,raw,24,0.0013854595621403253,0.0014428713787951433,0.0014141654704677344,2,272.1565160347306,0.7265625,128
bayesfl_observability_v1,ola_sparse_bayesian_keep010_seed42,135,ola,global,,,layers.0.bias,raw,25,0.0014428713787951433,0.0015002831954499614,0.0014715772871225523,1,136.0782580173653,0.734375,128
bayesfl_observability_v1,ola_sparse_bayesian_keep010_seed42,135,ola,global,,,layers.0.bias,raw,26,0.0015002831954499614,0.0015576950121047796,0.0015289891037773705,2,272.1565160347296,0.75,128
bayesfl_observability_v1,ola_sparse_bayesian_keep010_seed42,135,ola,global,,,layers.0.bias,raw,27,0.0015576950121047796,0.0016151068287595977,0.0015864009204321888,6,816.4695481041919,0.796875,128
bayesfl_observability_v1,ola_sparse_bayesian_keep010_seed42,135,ola,global,,,layers.0.bias,raw,28,0.0016151068287595977,0.0016725186454144157,0.0016438127370870066,0,0.0,0.796875,128
bayesfl_observability_v1,ola_sparse_bayesian_keep010_seed42,135,ola,global,,,layers.0.bias,raw,29,0.0016725186454144157,0.001729930462069234,0.0017012245537418248,0,0.0,0.796875,128
bayesfl_observability_v1,ola_sparse_bayesian_keep010_seed42,135,ola,global,,,layers.0.bias,raw,30,0.001729930462069234,0.001787342278724052,0.001758636370396643,0,0.0,0.796875,128
bayesfl_observability_v1,ola_sparse_bayesian_keep010_seed42,135,ola,global,,,layers.0.bias,raw,31,0.001787342278724052,0.00184475409537887,0.001816048187051461,3,408.23477405209593,0.8203125,128
bayesfl_observability_v1,ola_sparse_bayesian_keep010_seed42,135,ola,global,,,layers.0.bias,raw,32,0.00184475409537887,0.001902165912033688,0.0018734600037062792,4,544.3130320694612,0.8515625,128
bayesfl_observability_v1,ola_sparse_bayesian_keep010_seed42,135,ola,global,,,layers.0.bias,raw,33,0.001902165912033688,0.001959577728688506,0.001930871820361097,3,408.23477405209746,0.875,128
bayesfl_observability_v1,ola_sparse_bayesian_keep010_seed42,135,ola,global,,,layers.0.bias,raw,34,0.001959577728688506,0.002016989545343324,0.0019882836370159153,2,272.1565160347296,0.890625,128
bayesfl_observability_v1,ola_sparse_bayesian_keep010_seed42,135,ola,global,,,layers.0.bias,raw,35,0.002016989545343324,0.002074401361998142,0.002045695453670733,3,408.23477405209746,0.9140625,128
bayesfl_observability_v1,ola_sparse_bayesian_keep010_seed42,135,ola,global,,,layers.0.bias,raw,36,0.002074401361998142,0.0021318131786529602,0.002103107270325551,0,0.0,0.9140625,128
bayesfl_observability_v1,ola_sparse_bayesian_keep010_seed42,135,ola,global,,,layers.0.bias,raw,37,0.0021318131786529602,0.0021892249953077785,0.0021605190869803696,2,272.1565160347296,0.9296875,128
bayesfl_observability_v1,ola_sparse_bayesian_keep010_seed42,135,ola,global,,,layers.0.bias,raw,38,0.0021892249953077785,0.0022466368119625963,0.0022179309036351874,2,272.1565160347316,0.9453125,128
bayesfl_observability_v1,ola_sparse_bayesian_keep010_seed42,135,ola,global,,,layers.0.bias,raw,39,0.0022466368119625963,0.0023040486286174146,0.0022753427202900052,2,272.1565160347296,0.9609375,128
bayesfl_observability_v1,ola_sparse_bayesian_keep010_seed42,135,ola,global,,,layers.0.bias,raw,40,0.0023040486286174146,0.002361460445272233,0.002332754536944824,0,0.0,0.9609375,128
bayesfl_observability_v1,ola_sparse_bayesian_keep010_seed42,135,ola,global,,,layers.0.bias,raw,41,0.002361460445272233,0.0024188722619270507,0.0023901663535996417,0,0.0,0.9609375,128
bayesfl_observability_v1,ola_sparse_bayesian_keep010_seed42,135,ola,global,,,layers.0.bias,raw,42,0.0024188722619270507,0.002476284078581869,0.0024475781702544596,1,136.0782580173648,0.96875,128
bayesfl_observability_v1,ola_sparse_bayesian_keep010_seed42,135,ola,global,,,layers.0.bias,raw,43,0.002476284078581869,0.002533695895236687,0.0025049899869092783,0,0.0,0.96875,128
bayesfl_observability_v1,ola_sparse_bayesian_keep010_seed42,135,ola,global,,,layers.0.bias,raw,44,0.002533695895236687,0.002591107711891505,0.002562401803564096,0,0.0,0.96875,128
bayesfl_observability_v1,ola_sparse_bayesian_keep010_seed42,135,ola,global,,,layers.0.bias,raw,45,0.002591107711891505,0.0026485195285463232,0.002619813620218914,1,136.0782580173648,0.9765625,128
bayesfl_observability_v1,ola_sparse_bayesian_keep010_seed42,135,ola,global,,,layers.0.bias,raw,46,0.0026485195285463232,0.002705931345201141,0.002677225436873732,2,272.1565160347316,0.9921875,128
bayesfl_observability_v1,ola_sparse_bayesian_keep010_seed42,135,ola,global,,,layers.0.bias,raw,47,0.002705931345201141,0.0027633431618559593,0.0027346372535285504,0,0.0,0.9921875,128
bayesfl_observability_v1,ola_sparse_bayesian_keep010_seed42,135,ola,global,,,layers.0.bias,raw,48,0.0027633431618559593,0.0028207549785107776,0.0027920490701833682,0,0.0,0.9921875,128
bayesfl_observability_v1,ola_sparse_bayesian_keep010_seed42,135,ola,global,,,layers.0.bias,raw,49,0.0028207549785107776,0.0028781667951655954,0.0028494608868381865,0,0.0,0.9921875,128
bayesfl_observability_v1,ola_sparse_bayesian_keep010_seed42,135,ola,global,,,layers.0.bias,raw,50,0.0028781667951655954,0.0029355786118204137,0.0029068727034930048,0,0.0,0.9921875,128
bayesfl_observability_v1,ola_sparse_bayesian_keep010_seed42,135,ola,global,,,layers.0.bias,raw,51,0.0029355786118204137,0.0029929904284752315,0.0029642845201478226,0,0.0,0.9921875,128
bayesfl_observability_v1,ola_sparse_bayesian_keep010_seed42,135,ola,global,,,layers.0.bias,raw,52,0.0029929904284752315,0.0030504022451300497,0.0030216963368026404,0,0.0,0.9921875,128
bayesfl_observability_v1,ola_sparse_bayesian_keep010_seed42,135,ola,global,,,layers.0.bias,raw,53,0.0030504022451300497,0.003107814061784868,0.003079108153457459,0,0.0,0.9921875,128
bayesfl_observability_v1,ola_sparse_bayesian_keep010_seed42,135,ola,global,,,layers.0.bias,raw,54,0.003107814061784868,0.003165225878439686,0.003136519970112277,0,0.0,0.9921875,128
bayesfl_observability_v1,ola_sparse_bayesian_keep010_seed42,135,ola,global,,,layers.0.bias,raw,55,0.003165225878439686,0.003222637695094504,0.0031939317867670947,0,0.0,0.9921875,128
bayesfl_observability_v1,ola_sparse_bayesian_keep010_seed42,135,ola,global,,,layers.0.bias,raw,56,0.003222637695094504,0.0032800495117493223,0.0032513436034219134,0,0.0,0.9921875,128
bayesfl_observability_v1,ola_sparse_bayesian_keep010_seed42,135,ola,global,,,layers.0.bias,raw,57,0.0032800495117493223,0.00333746132840414,0.0033087554200767312,0,0.0,0.9921875,128
bayesfl_observability_v1,ola_sparse_bayesian_keep010_seed42,135,ola,global,,,layers.0.bias,raw,58,0.00333746132840414,0.0033948731450589584,0.003366167236731549,0,0.0,0.9921875,128
bayesfl_observability_v1,ola_sparse_bayesian_keep010_seed42,135,ola,global,,,layers.0.bias,raw,59,0.0033948731450589584,0.0034522849617137767,0.0034235790533863678,0,0.0,0.9921875,128
bayesfl_observability_v1,ola_sparse_bayesian_keep010_seed42,135,ola,global,,,layers.0.bias,raw,60,0.0034522849617137767,0.0035096967783685945,0.0034809908700411856,0,0.0,0.9921875,128
bayesfl_observability_v1,ola_sparse_bayesian_keep010_seed42,135,ola,global,,,layers.0.bias,raw,61,0.0035096967783685945,0.0035671085950234127,0.0035384026866960034,0,0.0,0.9921875,128
bayesfl_observability_v1,ola_sparse_bayesian_keep010_seed42,135,ola,global,,,layers.0.bias,raw,62,0.0035671085950234127,0.0036245204116782306,0.0035958145033508217,0,0.0,0.9921875,128
bayesfl_observability_v1,ola_sparse_bayesian_keep010_seed42,135,ola,global,,,layers.0.bias,raw,63,0.0036245204116782306,0.003681932228333049,0.00365322632000564,0,0.0,0.9921875,128
bayesfl_observability_v1,ola_sparse_bayesian_keep010_seed42,135,ola,global,,,layers.0.bias,raw,64,0.003681932228333049,0.003739344044987867,0.0037106381366604577,0,0.0,0.9921875,128
bayesfl_observability_v1,ola_sparse_bayesian_keep010_seed42,135,ola,global,,,layers.0.bias,raw,65,0.003739344044987867,0.003796755861642685,0.003768049953315276,0,0.0,0.9921875,128
bayesfl_observability_v1,ola_sparse_bayesian_keep010_seed42,135,ola,global,,,layers.0.bias,raw,66,0.003796755861642685,0.003854167678297503,0.0038254617699700942,0,0.0,0.9921875,128
bayesfl_observability_v1,ola_sparse_bayesian_keep010_seed42,135,ola,global,,,layers.0.bias,raw,67,0.003854167678297503,0.003911579494952321,0.003882873586624912,0,0.0,0.9921875,128
bayesfl_observability_v1,ola_sparse_bayesian_keep010_seed42,135,ola,global,,,layers.0.bias,raw,68,0.003911579494952321,0.00396899131160714,0.003940285403279731,0,0.0,0.9921875,128
bayesfl_observability_v1,ola_sparse_bayesian_keep010_seed42,135,ola,global,,,layers.0.bias,raw,69,0.00396899131160714,0.004026403128261958,0.0039976972199345494,0,0.0,0.9921875,128
bayesfl_observability_v1,ola_sparse_bayesian_keep010_seed42,135,ola,global,,,layers.0.bias,raw,70,0.004026403128261958,0.004083814944916776,0.004055109036589366,0,0.0,0.9921875,128
bayesfl_observability_v1,ola_sparse_bayesian_keep010_seed42,135,ola,global,,,layers.0.bias,raw,71,0.004083814944916776,0.004141226761571594,0.004112520853244185,0,0.0,0.9921875,128
bayesfl_observability_v1,ola_sparse_bayesian_keep010_seed42,135,ola,global,,,layers.0.bias,raw,72,0.004141226761571594,0.004198638578226412,0.004169932669899003,0,0.0,0.9921875,128
bayesfl_observability_v1,ola_sparse_bayesian_keep010_seed42,135,ola,global,,,layers.0.bias,raw,73,0.004198638578226412,0.00425605039488123,0.004227344486553821,0,0.0,0.9921875,128
bayesfl_observability_v1,ola_sparse_bayesian_keep010_seed42,135,ola,global,,,layers.0.bias,raw,74,0.00425605039488123,0.004313462211536048,0.004284756303208639,0,0.0,0.9921875,128
bayesfl_observability_v1,ola_sparse_bayesian_keep010_seed42,135,ola,global,,,layers.0.bias,raw,75,0.004313462211536048,0.004370874028190867,0.004342168119863457,0,0.0,0.9921875,128
bayesfl_observability_v1,ola_sparse_bayesian_keep010_seed42,135,ola,global,,,layers.0.bias,raw,76,0.004370874028190867,0.004428285844845684,0.004399579936518275,0,0.0,0.9921875,128
bayesfl_observability_v1,ola_sparse_bayesian_keep010_seed42,135,ola,global,,,layers.0.bias,raw,77,0.004428285844845684,0.004485697661500502,0.004456991753173094,0,0.0,0.9921875,128
bayesfl_observability_v1,ola_sparse_bayesian_keep010_seed42,135,ola,global,,,layers.0.bias,raw,78,0.004485697661500502,0.004543109478155321,0.004514403569827912,0,0.0,0.9921875,128
bayesfl_observability_v1,ola_sparse_bayesian_keep010_seed42,135,ola,global,,,layers.0.bias,raw,79,0.004543109478155321,0.004600521294810139,0.004571815386482729,1,136.0782580173658,1.0,128
bayesfl_observability_v1,ola_sparse_bayesian_keep010_seed42,135,ola,global,,,layers.0.bias,db,0,-102.41124261381593,-101.71540031979531,-102.06332146680562,2,0.022454800655645313,0.015625,128
bayesfl_observability_v1,ola_sparse_bayesian_keep010_seed42,135,ola,global,,,layers.0.bias,db,1,-101.71540031979531,-101.01955802577469,-101.367479172785,0,0.0,0.015625,128
bayesfl_observability_v1,ola_sparse_bayesian_keep010_seed42,135,ola,global,,,layers.0.bias,db,2,-101.01955802577469,-100.32371573175406,-100.67163687876437,0,0.0,0.015625,128
bayesfl_observability_v1,ola_sparse_bayesian_keep010_seed42,135,ola,global,,,layers.0.bias,db,3,-100.32371573175406,-99.62787343773343,-99.97579458474374,0,0.0,0.015625,128
bayesfl_observability_v1,ola_sparse_bayesian_keep010_seed42,135,ola,global,,,layers.0.bias,db,4,-99.62787343773343,-98.9320311437128,-99.27995229072312,0,0.0,0.015625,128
bayesfl_observability_v1,ola_sparse_bayesian_keep010_seed42,135,ola,global,,,layers.0.bias,db,5,-98.9320311437128,-98.23618884969218,-98.5841099967025,0,0.0,0.015625,128
bayesfl_observability_v1,ola_sparse_bayesian_keep010_seed42,135,ola,global,,,layers.0.bias,db,6,-98.23618884969218,-97.54034655567156,-97.88826770268187,0,0.0,0.015625,128
bayesfl_observability_v1,ola_sparse_bayesian_keep010_seed42,135,ola,global,,,layers.0.bias,db,7,-97.54034655567156,-96.84450426165094,-97.19242540866125,0,0.0,0.015625,128
bayesfl_observability_v1,ola_sparse_bayesian_keep010_seed42,135,ola,global,,,layers.0.bias,db,8,-96.84450426165094,-96.14866196763032,-96.49658311464063,0,0.0,0.015625,128
bayesfl_observability_v1,ola_sparse_bayesian_keep010_seed42,135,ola,global,,,layers.0.bias,db,9,-96.14866196763032,-95.4528196736097,-95.80074082062,0,0.0,0.015625,128
bayesfl_observability_v1,ola_sparse_bayesian_keep010_seed42,135,ola,global,,,layers.0.bias,db,10,-95.4528196736097,-94.75697737958907,-95.10489852659938,0,0.0,0.015625,128
bayesfl_observability_v1,ola_sparse_bayesian_keep010_seed42,135,ola,global,,,layers.0.bias,db,11,-94.75697737958907,-94.06113508556844,-94.40905623257876,0,0.0,0.015625,128
bayesfl_observability_v1,ola_sparse_bayesian_keep010_seed42,135,ola,global,,,layers.0.bias,db,12,-94.06113508556844,-93.36529279154782,-93.71321393855813,0,0.0,0.015625,128
bayesfl_observability_v1,ola_sparse_bayesian_keep010_seed42,135,ola,global,,,layers.0.bias,db,13,-93.36529279154782,-92.6694504975272,-93.0173716445375,0,0.0,0.015625,128
bayesfl_observability_v1,ola_sparse_bayesian_keep010_seed42,135,ola,global,,,layers.0.bias,db,14,-92.6694504975272,-91.97360820350657,-92.32152935051688,1,0.011227400327822656,0.0234375,128
bayesfl_observability_v1,ola_sparse_bayesian_keep010_seed42,135,ola,global,,,layers.0.bias,db,15,-91.97360820350657,-91.27776590948595,-91.62568705649626,0,0.0,0.0234375,128
bayesfl_observability_v1,ola_sparse_bayesian_keep010_seed42,135,ola,global,,,layers.0.bias,db,16,-91.27776590948595,-90.58192361546533,-90.92984476247564,0,0.0,0.0234375,128
bayesfl_observability_v1,ola_sparse_bayesian_keep010_seed42,135,ola,global,,,layers.0.bias,db,17,-90.58192361546533,-89.8860813214447,-90.23400246845502,1,0.011227400327822656,0.03125,128
bayesfl_observability_v1,ola_sparse_bayesian_keep010_seed42,135,ola,global,,,layers.0.bias,db,18,-89.8860813214447,-89.19023902742407,-89.53816017443438,0,0.0,0.03125,128
bayesfl_observability_v1,ola_sparse_bayesian_keep010_seed42,135,ola,global,,,layers.0.bias,db,19,-89.19023902742407,-88.49439673340345,-88.84231788041376,0,0.0,0.03125,128
bayesfl_observability_v1,ola_sparse_bayesian_keep010_seed42,135,ola,global,,,layers.0.bias,db,20,-88.49439673340345,-87.79855443938283,-88.14647558639314,1,0.011227400327822656,0.0390625,128
bayesfl_observability_v1,ola_sparse_bayesian_keep010_seed42,135,ola,global,,,layers.0.bias,db,21,-87.79855443938283,-87.1027121453622,-87.45063329237252,0,0.0,0.0390625,128
bayesfl_observability_v1,ola_sparse_bayesian_keep010_seed42,135,ola,global,,,layers.0.bias,db,22,-87.1027121453622,-86.40686985134158,-86.7547909983519,1,0.011227400327822656,0.046875,128
bayesfl_observability_v1,ola_sparse_bayesian_keep010_seed42,135,ola,global,,,layers.0.bias,db,23,-86.40686985134158,-85.71102755732096,-86.05894870433127,0,0.0,0.046875,128
bayesfl_observability_v1,ola_sparse_bayesian_keep010_seed42,135,ola,global,,,layers.0.bias,db,24,-85.71102755732096,-85.01518526330034,-85.36310641031065,1,0.011227400327822656,0.0546875,128
bayesfl_observability_v1,ola_sparse_bayesian_keep010_seed42,135,ola,global,,,layers.0.bias,db,25,-85.01518526330034,-84.31934296927972,-84.66726411629003,0,0.0,0.0546875,128
bayesfl_observability_v1,ola_sparse_bayesian_keep010_seed42,135,ola,global,,,layers.0.bias,db,26,-84.31934296927972,-83.6235006752591,-83.9714218222694,0,0.0,0.0546875,128
bayesfl_observability_v1,ola_sparse_bayesian_keep010_seed42,135,ola,global,,,layers.0.bias,db,27,-83.6235006752591,-82.92765838123846,-83.27557952824878,0,0.0,0.0546875,128
bayesfl_observability_v1,ola_sparse_bayesian_keep010_seed42,135,ola,global,,,layers.0.bias,db,28,-82.92765838123846,-82.23181608721784,-82.57973723422815,3,0.03368220098346797,0.078125,128
bayesfl_observability_v1,ola_sparse_bayesian_keep010_seed42,135,ola,global,,,layers.0.bias,db,29,-82.23181608721784,-81.53597379319721,-81.88389494020753,0,0.0,0.078125,128
bayesfl_observability_v1,ola_sparse_bayesian_keep010_seed42,135,ola,global,,,layers.0.bias,db,30,-81.53597379319721,-80.8401314991766,-81.1880526461869,3,0.03368220098346797,0.1015625,128
bayesfl_observability_v1,ola_sparse_bayesian_keep010_seed42,135,ola,global,,,layers.0.bias,db,31,-80.8401314991766,-80.14428920515597,-80.49221035216628,0,0.0,0.1015625,128
bayesfl_observability_v1,ola_sparse_bayesian_keep010_seed42,135,ola,global,,,layers.0.bias,db,32,-80.14428920515597,-79.44844691113533,-79.79636805814565,0,0.0,0.1015625,128
bayesfl_observability_v1,ola_sparse_bayesian_keep010_seed42,135,ola,global,,,layers.0.bias,db,33,-79.44844691113533,-78.75260461711471,-79.10052576412502,2,0.022454800655645313,0.1171875,128
bayesfl_observability_v1,ola_sparse_bayesian_keep010_seed42,135,ola,global,,,layers.0.bias,db,34,-78.75260461711471,-78.05676232309409,-78.4046834701044,3,0.03368220098346797,0.140625,128
bayesfl_observability_v1,ola_sparse_bayesian_keep010_seed42,135,ola,global,,,layers.0.bias,db,35,-78.05676232309409,-77.36092002907347,-77.70884117608378,0,0.0,0.140625,128
bayesfl_observability_v1,ola_sparse_bayesian_keep010_seed42,135,ola,global,,,layers.0.bias,db,36,-77.36092002907347,-76.66507773505285,-77.01299888206316,0,0.0,0.140625,128
bayesfl_observability_v1,ola_sparse_bayesian_keep010_seed42,135,ola,global,,,layers.0.bias,db,37,-76.66507773505285,-75.96923544103223,-76.31715658804254,2,0.022454800655645313,0.15625,128
bayesfl_observability_v1,ola_sparse_bayesian_keep010_seed42,135,ola,global,,,layers.0.bias,db,38,-75.96923544103223,-75.2733931470116,-75.62131429402191,1,0.011227400327822656,0.1640625,128
bayesfl_observability_v1,ola_sparse_bayesian_keep010_seed42,135,ola,global,,,layers.0.bias,db,39,-75.2733931470116,-74.57755085299098,-74.92547200000129,2,0.022454800655645313,0.1796875,128
bayesfl_observability_v1,ola_sparse_bayesian_keep010_seed42,135,ola,global,,,layers.0.bias,db,40,-74.57755085299098,-73.88170855897036,-74.22962970598067,0,0.0,0.1796875,128
bayesfl_observability_v1,ola_sparse_bayesian_keep010_seed42,135,ola,global,,,layers.0.bias,db,41,-73.88170855897036,-73.18586626494974,-73.53378741196005,2,0.022454800655645313,0.1953125,128
bayesfl_observability_v1,ola_sparse_bayesian_keep010_seed42,135,ola,global,,,layers.0.bias,db,42,-73.18586626494974,-72.4900239709291,-72.83794511793943,3,0.03368220098346728,0.21875,128
bayesfl_observability_v1,ola_sparse_bayesian_keep010_seed42,135,ola,global,,,layers.0.bias,db,43,-72.4900239709291,-71.79418167690848,-72.14210282391879,0,0.0,0.21875,128
bayesfl_observability_v1,ola_sparse_bayesian_keep010_seed42,135,ola,global,,,layers.0.bias,db,44,-71.79418167690848,-71.09833938288786,-71.44626052989817,0,0.0,0.21875,128
bayesfl_observability_v1,ola_sparse_bayesian_keep010_seed42,135,ola,global,,,layers.0.bias,db,45,-71.09833938288786,-70.40249708886724,-70.75041823587755,0,0.0,0.21875,128
bayesfl_observability_v1,ola_sparse_bayesian_keep010_seed42,135,ola,global,,,layers.0.bias,db,46,-70.40249708886724,-69.70665479484661,-70.05457594185692,1,0.011227400327822656,0.2265625,128
bayesfl_observability_v1,ola_sparse_bayesian_keep010_seed42,135,ola,global,,,layers.0.bias,db,47,-69.70665479484661,-69.01081250082598,-69.35873364783629,1,0.011227400327822427,0.234375,128
bayesfl_observability_v1,ola_sparse_bayesian_keep010_seed42,135,ola,global,,,layers.0.bias,db,48,-69.01081250082598,-68.31497020680536,-68.66289135381567,4,0.044909601311290626,0.265625,128
bayesfl_observability_v1,ola_sparse_bayesian_keep010_seed42,135,ola,global,,,layers.0.bias,db,49,-68.31497020680536,-67.61912791278473,-67.96704905979504,2,0.022454800655645313,0.28125,128
bayesfl_observability_v1,ola_sparse_bayesian_keep010_seed42,135,ola,global,,,layers.0.bias,db,50,-67.61912791278473,-66.92328561876411,-67.27120676577442,3,0.03368220098346797,0.3046875,128
bayesfl_observability_v1,ola_sparse_bayesian_keep010_seed42,135,ola,global,,,layers.0.bias,db,51,-66.92328561876411,-66.22744332474349,-66.5753644717538,1,0.011227400327822656,0.3125,128
bayesfl_observability_v1,ola_sparse_bayesian_keep010_seed42,135,ola,global,,,layers.0.bias,db,52,-66.22744332474349,-65.53160103072287,-65.87952217773318,2,0.022454800655645313,0.328125,128
bayesfl_observability_v1,ola_sparse_bayesian_keep010_seed42,135,ola,global,,,layers.0.bias,db,53,-65.53160103072287,-64.83575873670225,-65.18367988371256,1,0.011227400327822656,0.3359375,128
bayesfl_observability_v1,ola_sparse_bayesian_keep010_seed42,135,ola,global,,,layers.0.bias,db,54,-64.83575873670225,-64.13991644268162,-64.48783758969194,3,0.03368220098346797,0.359375,128
bayesfl_observability_v1,ola_sparse_bayesian_keep010_seed42,135,ola,global,,,layers.0.bias,db,55,-64.13991644268162,-63.444074148660995,-63.79199529567131,1,0.011227400327822542,0.3671875,128
bayesfl_observability_v1,ola_sparse_bayesian_keep010_seed42,135,ola,global,,,layers.0.bias,db,56,-63.444074148660995,-62.74823185464037,-63.096153001650684,2,0.022454800655645313,0.3828125,128
bayesfl_observability_v1,ola_sparse_bayesian_keep010_seed42,135,ola,global,,,layers.0.bias,db,57,-62.74823185464037,-62.05238956061975,-62.40031070763006,4,0.044909601311290626,0.4140625,128
bayesfl_observability_v1,ola_sparse_bayesian_keep010_seed42,135,ola,global,,,layers.0.bias,db,58,-62.05238956061975,-61.35654726659912,-61.70446841360943,6,0.06736440196693526,0.4609375,128
bayesfl_observability_v1,ola_sparse_bayesian_keep010_seed42,135,ola,global,,,layers.0.bias,db,59,-61.35654726659912,-60.6607049725785,-61.00862611958881,6,0.06736440196693594,0.5078125,128
bayesfl_observability_v1,ola_sparse_bayesian_keep010_seed42,135,ola,global,,,layers.0.bias,db,60,-60.6607049725785,-59.96486267855788,-60.31278382556819,1,0.011227400327822656,0.515625,128
bayesfl_observability_v1,ola_sparse_bayesian_keep010_seed42,135,ola,global,,,layers.0.bias,db,61,-59.96486267855788,-59.26902038453726,-59.61694153154757,9,0.10104660295040391,0.5859375,128
bayesfl_observability_v1,ola_sparse_bayesian_keep010_seed42,135,ola,global,,,layers.0.bias,db,62,-59.26902038453726,-58.57317809051663,-58.921099237526946,6,0.06736440196693526,0.6328125,128
bayesfl_observability_v1,ola_sparse_bayesian_keep010_seed42,135,ola,global,,,layers.0.bias,db,63,-58.57317809051663,-57.877335796496006,-58.22525694350632,6,0.06736440196693594,0.6796875,128
bayesfl_observability_v1,ola_sparse_bayesian_keep010_seed42,135,ola,global,,,layers.0.bias,db,64,-57.877335796496006,-57.181493502475384,-57.529414649485695,4,0.044909601311290626,0.7109375,128
bayesfl_observability_v1,ola_sparse_bayesian_keep010_seed42,135,ola,global,,,layers.0.bias,db,65,-57.181493502475384,-56.485651208454755,-56.833572355465066,3,0.03368220098346763,0.734375,128
bayesfl_observability_v1,ola_sparse_bayesian_keep010_seed42,135,ola,global,,,layers.0.bias,db,66,-56.485651208454755,-55.78980891443413,-56.137730061444444,8,0.08981920262258125,0.796875,128
bayesfl_observability_v1,ola_sparse_bayesian_keep010_seed42,135,ola,global,,,layers.0.bias,db,67,-55.78980891443413,-55.09396662041351,-55.44188776742382,0,0.0,0.796875,128
bayesfl_observability_v1,ola_sparse_bayesian_keep010_seed42,135,ola,global,,,layers.0.bias,db,68,-55.09396662041351,-54.39812432639289,-54.7460454734032,7,0.0785918022947586,0.8515625,128
bayesfl_observability_v1,ola_sparse_bayesian_keep010_seed42,135,ola,global,,,layers.0.bias,db,69,-54.39812432639289,-53.70228203237226,-54.05020317938258,8,0.08981920262258034,0.9140625,128
bayesfl_observability_v1,ola_sparse_bayesian_keep010_seed42,135,ola,global,,,layers.0.bias,db,70,-53.70228203237226,-53.00643973835164,-53.35436088536195,3,0.03368220098346797,0.9375,128
bayesfl_observability_v1,ola_sparse_bayesian_keep010_seed42,135,ola,global,,,layers.0.bias,db,71,-53.00643973835164,-52.310597444331016,-52.65851859134133,3,0.03368220098346797,0.9609375,128
bayesfl_observability_v1,ola_sparse_bayesian_keep010_seed42,135,ola,global,,,layers.0.bias,db,72,-52.310597444331016,-51.614755150310394,-51.962676297320705,1,0.011227400327822656,0.96875,128
bayesfl_observability_v1,ola_sparse_bayesian_keep010_seed42,135,ola,global,,,layers.0.bias,db,73,-51.614755150310394,-50.918912856289765,-51.266834003300076,3,0.03368220098346763,0.9921875,128
bayesfl_observability_v1,ola_sparse_bayesian_keep010_seed42,135,ola,global,,,layers.0.bias,db,74,-50.918912856289765,-50.22307056226914,-50.570991709279454,0,0.0,0.9921875,128
bayesfl_observability_v1,ola_sparse_bayesian_keep010_seed42,135,ola,global,,,layers.0.bias,db,75,-50.22307056226914,-49.52722826824852,-49.87514941525883,0,0.0,0.9921875,128
bayesfl_observability_v1,ola_sparse_bayesian_keep010_seed42,135,ola,global,,,layers.0.bias,db,76,-49.52722826824852,-48.8313859742279,-49.17930712123821,0,0.0,0.9921875,128
bayesfl_observability_v1,ola_sparse_bayesian_keep010_seed42,135,ola,global,,,layers.0.bias,db,77,-48.8313859742279,-48.13554368020727,-48.48346482721759,0,0.0,0.9921875,128
bayesfl_observability_v1,ola_sparse_bayesian_keep010_seed42,135,ola,global,,,layers.0.bias,db,78,-48.13554368020727,-47.43970138618665,-47.78762253319696,0,0.0,0.9921875,128
bayesfl_observability_v1,ola_sparse_bayesian_keep010_seed42,135,ola,global,,,layers.0.bias,db,79,-47.43970138618665,-46.743859092166026,-47.09178023917634,1,0.011227400327822656,1.0,128
bayesfl_observability_v1,ola_sparse_bayesian_keep010_seed42,135,ola,global,,,layers.1.weight,raw,0,1.3036214299481921e-05,0.0011475288480487253,0.0005802825311741036,147,101.22917204007504,0.11484375,1280
bayesfl_observability_v1,ola_sparse_bayesian_keep010_seed42,135,ola,global,,,layers.1.weight,raw,1,0.0011475288480487253,0.0022820214817979687,0.001714775164923347,145,99.8519043932713,0.228125,1280
bayesfl_observability_v1,ola_sparse_bayesian_keep010_seed42,135,ola,global,,,layers.1.weight,raw,2,0.0022820214817979687,0.0034165141155472123,0.0028492677986725907,128,88.14512939543948,0.328125,1280
bayesfl_observability_v1,ola_sparse_bayesian_keep010_seed42,135,ola,global,,,layers.1.weight,raw,3,0.0034165141155472123,0.004551006749296455,0.003983760432421834,123,84.70196027843015,0.42421875,1280
bayesfl_observability_v1,ola_sparse_bayesian_keep010_seed42,135,ola,global,,,layers.1.weight,raw,4,0.004551006749296455,0.005685499383045699,0.005118253066171077,120,82.63605880822453,0.51796875,1280
bayesfl_observability_v1,ola_sparse_bayesian_keep010_seed42,135,ola,global,,,layers.1.weight,raw,5,0.005685499383045699,0.006819992016794943,0.00625274569992032,92,63.354311752972094,0.58984375,1280
bayesfl_observability_v1,ola_sparse_bayesian_keep010_seed42,135,ola,global,,,layers.1.weight,raw,6,0.006819992016794943,0.007954484650544186,0.007387238333669564,76,52.33617057854221,0.64921875,1280
bayesfl_observability_v1,ola_sparse_bayesian_keep010_seed42,135,ola,global,,,layers.1.weight,raw,7,0.007954484650544186,0.009088977284293429,0.008521730967418806,73,50.27026910833659,0.70625,1280
bayesfl_observability_v1,ola_sparse_bayesian_keep010_seed42,135,ola,global,,,layers.1.weight,raw,8,0.009088977284293429,0.010223469918042672,0.009656223601168051,55,37.87486028710291,0.74921875,1280
bayesfl_observability_v1,ola_sparse_bayesian_keep010_seed42,135,ola,global,,,layers.1.weight,raw,9,0.010223469918042672,0.011357962551791915,0.010790716234917293,50,34.43169117009356,0.78828125,1280
bayesfl_observability_v1,ola_sparse_bayesian_keep010_seed42,135,ola,global,,,layers.1.weight,raw,10,0.011357962551791915,0.012492455185541158,0.011925208868666538,26,17.90447940844865,0.80859375,1280
bayesfl_observability_v1,ola_sparse_bayesian_keep010_seed42,135,ola,global,,,layers.1.weight,raw,11,0.012492455185541158,0.013626947819290403,0.01305970150241578,35,24.102183819065452,0.8359375,1280
bayesfl_observability_v1,ola_sparse_bayesian_keep010_seed42,135,ola,global,,,layers.1.weight,raw,12,0.013626947819290403,0.014761440453039646,0.014194194136165024,19,13.084042644635552,0.85078125,1280
bayesfl_observability_v1,ola_sparse_bayesian_keep010_seed42,135,ola,global,,,layers.1.weight,raw,13,0.014761440453039646,0.01589593308678889,0.015328686769914269,23,15.838577938243036,0.86875,1280
bayesfl_observability_v1,ola_sparse_bayesian_keep010_seed42,135,ola,global,,,layers.1.weight,raw,14,0.01589593308678889,0.01703042572053813,0.01646317940366351,16,11.018141174429955,0.88125,1280
bayesfl_observability_v1,ola_sparse_bayesian_keep010_seed42,135,ola,global,,,layers.1.weight,raw,15,0.01703042572053813,0.018164918354287376,0.017597672037412755,24,16.52721176164488,0.9,1280
bayesfl_observability_v1,ola_sparse_bayesian_keep010_seed42,135,ola,global,,,layers.1.weight,raw,16,0.018164918354287376,0.01929941098803662,0.018732164671161997,16,11.018141174429921,0.9125,1280
bayesfl_observability_v1,ola_sparse_bayesian_keep010_seed42,135,ola,global,,,layers.1.weight,raw,17,0.01929941098803662,0.020433903621785862,0.01986665730491124,16,11.018141174429955,0.925,1280
bayesfl_observability_v1,ola_sparse_bayesian_keep010_seed42,135,ola,global,,,layers.1.weight,raw,18,0.020433903621785862,0.021568396255535107,0.021001149938660486,8,5.509070587214961,0.93125,1280
bayesfl_observability_v1,ola_sparse_bayesian_keep010_seed42,135,ola,global,,,layers.1.weight,raw,19,0.021568396255535107,0.02270288888928435,0.022135642572409728,9,6.19770441061685,0.93828125,1280
bayesfl_observability_v1,ola_sparse_bayesian_keep010_seed42,135,ola,global,,,layers.1.weight,raw,20,0.02270288888928435,0.023837381523033593,0.02327013520615897,6,4.13180294041122,0.94296875,1280
bayesfl_observability_v1,ola_sparse_bayesian_keep010_seed42,135,ola,global,,,layers.1.weight,raw,21,0.023837381523033593,0.024971874156782835,0.024404627839908214,6,4.131802940411233,0.94765625,1280
bayesfl_observability_v1,ola_sparse_bayesian_keep010_seed42,135,ola,global,,,layers.1.weight,raw,22,0.024971874156782835,0.02610636679053208,0.02553912047365746,5,3.4431691170093504,0.9515625,1280
bayesfl_observability_v1,ola_sparse_bayesian_keep010_seed42,135,ola,global,,,layers.1.weight,raw,23,0.02610636679053208,0.027240859424281325,0.0266736131074067,6,4.13180294041122,0.95625,1280
bayesfl_observability_v1,ola_sparse_bayesian_keep010_seed42,135,ola,global,,,layers.1.weight,raw,24,0.027240859424281325,0.028375352058030566,0.027808105741155945,5,3.443169117009361,0.96015625,1280
bayesfl_observability_v1,ola_sparse_bayesian_keep010_seed42,135,ola,global,,,layers.1.weight,raw,25,0.028375352058030566,0.02950984469177981,0.02894259837490519,3,2.06590147020561,0.9625,1280
bayesfl_observability_v1,ola_sparse_bayesian_keep010_seed42,135,ola,global,,,layers.1.weight,raw,26,0.02950984469177981,0.030644337325529052,0.03007709100865443,5,3.443169117009361,0.96640625,1280
bayesfl_observability_v1,ola_sparse_bayesian_keep010_seed42,135,ola,global,,,layers.1.weight,raw,27,0.030644337325529052,0.0317788299592783,0.031211583642403673,0,0.0,0.96640625,1280
bayesfl_observability_v1,ola_sparse_bayesian_keep010_seed42,135,ola,global,,,layers.1.weight,raw,28,0.0317788299592783,0.03291332259302754,0.03234607627615292,8,5.509070587214977,0.97265625,1280
bayesfl_observability_v1,ola_sparse_bayesian_keep010_seed42,135,ola,global,,,layers.1.weight,raw,29,0.03291332259302754,0.03404781522677678,0.033480568909902156,2,1.3772676468037444,0.97421875,1280
bayesfl_observability_v1,ola_sparse_bayesian_keep010_seed42,135,ola,global,,,layers.1.weight,raw,30,0.03404781522677678,0.03518230786052603,0.034615061543651404,4,2.754535293607472,0.97734375,1280
bayesfl_observability_v1,ola_sparse_bayesian_keep010_seed42,135,ola,global,,,layers.1.weight,raw,31,0.03518230786052603,0.03631680049427527,0.03574955417740065,6,4.131802940411233,0.98203125,1280
bayesfl_observability_v1,ola_sparse_bayesian_keep010_seed42,135,ola,global,,,layers.1.weight,raw,32,0.03631680049427527,0.03745129312802451,0.03688404681114989,3,2.0659014702056164,0.984375,1280
bayesfl_observability_v1,ola_sparse_bayesian_keep010_seed42,135,ola,global,,,layers.1.weight,raw,33,0.03745129312802451,0.03858578576177376,0.038018539444899135,0,0.0,0.984375,1280
bayesfl_observability_v1,ola_sparse_bayesian_keep010_seed42,135,ola,global,,,layers.1.weight,raw,34,0.03858578576177376,0.039720278395523,0.039153032078648384,1,0.6886338234018722,0.98515625,1280
bayesfl_observability_v1,ola_sparse_bayesian_keep010_seed42,135,ola,global,,,layers.1.weight,raw,35,0.039720278395523,0.04085477102927224,0.04028752471239762,1,0.6886338234018722,0.9859375,1280
bayesfl_observability_v1,ola_sparse_bayesian_keep010_seed42,135,ola,global,,,layers.1.weight,raw,36,0.04085477102927224,0.041989263663021484,0.04142201734614687,0,0.0,0.9859375,1280
bayesfl_observability_v1,ola_sparse_bayesian_keep010_seed42,135,ola,global,,,layers.1.weight,raw,37,0.041989263663021484,0.04312375629677073,0.04255650997989611,1,0.688633823401868,0.98671875,1280
bayesfl_observability_v1,ola_sparse_bayesian_keep010_seed42,135,ola,global,,,layers.1.weight,raw,38,0.04312375629677073,0.044258248930519974,0.04369100261364535,0,0.0,0.98671875,1280
bayesfl_observability_v1,ola_sparse_bayesian_keep010_seed42,135,ola,global,,,layers.1.weight,raw,39,0.044258248930519974,0.045392741564269215,0.0448254952473946,1,0.6886338234018722,0.9875,1280
bayesfl_observability_v1,ola_sparse_bayesian_keep010_seed42,135,ola,global,,,layers.1.weight,raw,40,0.045392741564269215,0.04652723419801846,0.04595998788114384,1,0.688633823401868,0.98828125,1280
bayesfl_observability_v1,ola_sparse_bayesian_keep010_seed42,135,ola,global,,,layers.1.weight,raw,41,0.04652723419801846,0.047661726831767705,0.04709448051489308,2,1.3772676468037444,0.98984375,1280
bayesfl_observability_v1,ola_sparse_bayesian_keep010_seed42,135,ola,global,,,layers.1.weight,raw,42,0.047661726831767705,0.048796219465516946,0.04822897314864233,0,0.0,0.98984375,1280
bayesfl_observability_v1,ola_sparse_bayesian_keep010_seed42,135,ola,global,,,layers.1.weight,raw,43,0.048796219465516946,0.04993071209926619,0.04936346578239156,0,0.0,0.98984375,1280
bayesfl_observability_v1,ola_sparse_bayesian_keep010_seed42,135,ola,global,,,layers.1.weight,raw,44,0.04993071209926619,0.051065204733015436,0.05049795841614081,0,0.0,0.98984375,1280
bayesfl_observability_v1,ola_sparse_bayesian_keep010_seed42,135,ola,global,,,layers.1.weight,raw,45,0.051065204733015436,0.05219969736676468,0.05163245104989006,0,0.0,0.98984375,1280
bayesfl_observability_v1,ola_sparse_bayesian_keep010_seed42,135,ola,global,,,layers.1.weight,raw,46,0.05219969736676468,0.05333419000051392,0.052766943683639295,1,0.6886338234018722,0.990625,1280
bayesfl_observability_v1,ola_sparse_bayesian_keep010_seed42,135,ola,global,,,layers.1.weight,raw,47,0.05333419000051392,0.05446868263426317,0.05390143631738854,1,0.688633823401868,0.99140625,1280
bayesfl_observability_v1,ola_sparse_bayesian_keep010_seed42,135,ola,global,,,layers.1.weight,raw,48,0.05446868263426317,0.05560317526801241,0.05503592895113779,1,0.6886338234018722,0.9921875,1280
bayesfl_observability_v1,ola_sparse_bayesian_keep010_seed42,135,ola,global,,,layers.1.weight,raw,49,0.05560317526801241,0.05673766790176165,0.056170421584887026,0,0.0,0.9921875,1280
bayesfl_observability_v1,ola_sparse_bayesian_keep010_seed42,135,ola,global,,,layers.1.weight,raw,50,0.05673766790176165,0.05787216053551089,0.057304914218636274,0,0.0,0.9921875,1280
bayesfl_observability_v1,ola_sparse_bayesian_keep010_seed42,135,ola,global,,,layers.1.weight,raw,51,0.05787216053551089,0.05900665316926014,0.058439406852385516,1,0.688633823401868,0.99296875,1280
bayesfl_observability_v1,ola_sparse_bayesian_keep010_seed42,135,ola,global,,,layers.1.weight,raw,52,0.05900665316926014,0.06014114580300938,0.05957389948613476,2,1.3772676468037444,0.99453125,1280
bayesfl_observability_v1,ola_sparse_bayesian_keep010_seed42,135,ola,global,,,layers.1.weight,raw,53,0.06014114580300938,0.06127563843675862,0.060708392119884005,0,0.0,0.99453125,1280
bayesfl_observability_v1,ola_sparse_bayesian_keep010_seed42,135,ola,global,,,layers.1.weight,raw,54,0.06127563843675862,0.062410131070507864,0.06184288475363324,1,0.6886338234018722,0.9953125,1280
bayesfl_observability_v1,ola_sparse_bayesian_keep010_seed42,135,ola,global,,,layers.1.weight,raw,55,0.062410131070507864,0.0635446237042571,0.06297737738738249,0,0.0,0.9953125,1280
bayesfl_observability_v1,ola_sparse_bayesian_keep010_seed42,135,ola,global,,,layers.1.weight,raw,56,0.0635446237042571,0.06467911633800635,0.06411187002113172,2,1.377267646803736,0.996875,1280
bayesfl_observability_v1,ola_sparse_bayesian_keep010_seed42,135,ola,global,,,layers.1.weight,raw,57,0.06467911633800635,0.06581360897175559,0.06524636265488097,0,0.0,0.996875,1280
bayesfl_observability_v1,ola_sparse_bayesian_keep010_seed42,135,ola,global,,,layers.1.weight,raw,58,0.06581360897175559,0.06694810160550484,0.06638085528863022,0,0.0,0.996875,1280
bayesfl_observability_v1,ola_sparse_bayesian_keep010_seed42,135,ola,global,,,layers.1.weight,raw,59,0.06694810160550484,0.06808259423925407,0.06751534792237945,0,0.0,0.996875,1280
bayesfl_observability_v1,ola_sparse_bayesian_keep010_seed42,135,ola,global,,,layers.1.weight,raw,60,0.06808259423925407,0.06921708687300332,0.06864984055612869,1,0.688633823401868,0.99765625,1280
bayesfl_observability_v1,ola_sparse_bayesian_keep010_seed42,135,ola,global,,,layers.1.weight,raw,61,0.06921708687300332,0.07035157950675257,0.06978433318987795,0,0.0,0.99765625,1280
bayesfl_observability_v1,ola_sparse_bayesian_keep010_seed42,135,ola,global,,,layers.1.weight,raw,62,0.07035157950675257,0.0714860721405018,0.07091882582362719,1,0.6886338234018764,0.9984375,1280
bayesfl_observability_v1,ola_sparse_bayesian_keep010_seed42,135,ola,global,,,layers.1.weight,raw,63,0.0714860721405018,0.07262056477425105,0.07205331845737642,0,0.0,0.9984375,1280
bayesfl_observability_v1,ola_sparse_bayesian_keep010_seed42,135,ola,global,,,layers.1.weight,raw,64,0.07262056477425105,0.0737550574080003,0.07318781109112568,0,0.0,0.9984375,1280
bayesfl_observability_v1,ola_sparse_bayesian_keep010_seed42,135,ola,global,,,layers.1.weight,raw,65,0.0737550574080003,0.07488955004174953,0.07432230372487492,0,0.0,0.9984375,1280
bayesfl_observability_v1,ola_sparse_bayesian_keep010_seed42,135,ola,global,,,layers.1.weight,raw,66,0.07488955004174953,0.07602404267549878,0.07545679635862415,0,0.0,0.9984375,1280
bayesfl_observability_v1,ola_sparse_bayesian_keep010_seed42,135,ola,global,,,layers.1.weight,raw,67,0.07602404267549878,0.07715853530924803,0.07659128899237341,0,0.0,0.9984375,1280
bayesfl_observability_v1,ola_sparse_bayesian_keep010_seed42,135,ola,global,,,layers.1.weight,raw,68,0.07715853530924803,0.07829302794299726,0.07772578162612265,0,0.0,0.9984375,1280
bayesfl_observability_v1,ola_sparse_bayesian_keep010_seed42,135,ola,global,,,layers.1.weight,raw,69,0.07829302794299726,0.07942752057674651,0.07886027425987188,0,0.0,0.9984375,1280
bayesfl_observability_v1,ola_sparse_bayesian_keep010_seed42,135,ola,global,,,layers.1.weight,raw,70,0.07942752057674651,0.08056201321049575,0.07999476689362113,0,0.0,0.9984375,1280
bayesfl_observability_v1,ola_sparse_bayesian_keep010_seed42,135,ola,global,,,layers.1.weight,raw,71,0.08056201321049575,0.081696505844245,0.08112925952737038,0,0.0,0.9984375,1280
bayesfl_observability_v1,ola_sparse_bayesian_keep010_seed42,135,ola,global,,,layers.1.weight,raw,72,0.081696505844245,0.08283099847799424,0.08226375216111961,0,0.0,0.9984375,1280
bayesfl_observability_v1,ola_sparse_bayesian_keep010_seed42,135,ola,global,,,layers.1.weight,raw,73,0.08283099847799424,0.08396549111174348,0.08339824479486886,0,0.0,0.9984375,1280
bayesfl_observability_v1,ola_sparse_bayesian_keep010_seed42,135,ola,global,,,layers.1.weight,raw,74,0.08396549111174348,0.08509998374549273,0.08453273742861811,1,0.688633823401868,0.99921875,1280
bayesfl_observability_v1,ola_sparse_bayesian_keep010_seed42,135,ola,global,,,layers.1.weight,raw,75,0.08509998374549273,0.08623447637924198,0.08566723006236734,0,0.0,0.99921875,1280
bayesfl_observability_v1,ola_sparse_bayesian_keep010_seed42,135,ola,global,,,layers.1.weight,raw,76,0.08623447637924198,0.08736896901299121,0.08680172269611659,0,0.0,0.99921875,1280
bayesfl_observability_v1,ola_sparse_bayesian_keep010_seed42,135,ola,global,,,layers.1.weight,raw,77,0.08736896901299121,0.08850346164674046,0.08793621532986584,0,0.0,0.99921875,1280
bayesfl_observability_v1,ola_sparse_bayesian_keep010_seed42,135,ola,global,,,layers.1.weight,raw,78,0.08850346164674046,0.0896379542804897,0.08907070796361508,0,0.0,0.99921875,1280
bayesfl_observability_v1,ola_sparse_bayesian_keep010_seed42,135,ola,global,,,layers.1.weight,raw,79,0.0896379542804897,0.09077244691423894,0.09020520059736432,1,0.6886338234018764,1.0,1280
bayesfl_observability_v1,ola_sparse_bayesian_keep010_seed42,135,ola,global,,,layers.1.weight,db,0,-97.6969695112308,-96.73626888166552,-97.21661919644816,1,0.0008132085854398964,0.00078125,1280
bayesfl_observability_v1,ola_sparse_bayesian_keep010_seed42,135,ola,global,,,layers.1.weight,db,1,-96.73626888166552,-95.77556825210024,-96.25591856688288,0,0.0,0.00078125,1280
bayesfl_observability_v1,ola_sparse_bayesian_keep010_seed42,135,ola,global,,,layers.1.weight,db,2,-95.77556825210024,-94.81486762253496,-95.2952179373176,0,0.0,0.00078125,1280
bayesfl_observability_v1,ola_sparse_bayesian_keep010_seed42,135,ola,global,,,layers.1.weight,db,3,-94.81486762253496,-93.85416699296967,-94.33451730775232,1,0.0008132085854398843,0.0015625,1280
bayesfl_observability_v1,ola_sparse_bayesian_keep010_seed42,135,ola,global,,,layers.1.weight,db,4,-93.85416699296967,-92.89346636340439,-93.37381667818703,0,0.0,0.0015625,1280
bayesfl_observability_v1,ola_sparse_bayesian_keep010_seed42,135,ola,global,,,layers.1.weight,db,5,-92.89346636340439,-91.9327657338391,-92.41311604862175,1,0.0008132085854398964,0.00234375,1280
bayesfl_observability_v1,ola_sparse_bayesian_keep010_seed42,135,ola,global,,,layers.1.weight,db,6,-91.9327657338391,-90.97206510427382,-91.45241541905646,1,0.0008132085854398964,0.003125,1280
bayesfl_observability_v1,ola_sparse_bayesian_keep010_seed42,135,ola,global,,,layers.1.weight,db,7,-90.97206510427382,-90.01136447470854,-90.49171478949118,2,0.0016264171708797927,0.0046875,1280
bayesfl_observability_v1,ola_sparse_bayesian_keep010_seed42,135,ola,global,,,layers.1.weight,db,8,-90.01136447470854,-89.05066384514325,-89.53101415992589,2,0.0016264171708797687,0.00625,1280
bayesfl_observability_v1,ola_sparse_bayesian_keep010_seed42,135,ola,global,,,layers.1.weight,db,9,-89.05066384514325,-88.08996321557797,-88.57031353036061,1,0.0008132085854398964,0.00703125,1280
bayesfl_observability_v1,ola_sparse_bayesian_keep010_seed42,135,ola,global,,,layers.1.weight,db,10,-88.08996321557797,-87.12926258601269,-87.60961290079533,1,0.0008132085854398964,0.0078125,1280
bayesfl_observability_v1,ola_sparse_bayesian_keep010_seed42,135,ola,global,,,layers.1.weight,db,11,-87.12926258601269,-86.1685619564474,-86.64891227123005,2,0.0016264171708797927,0.009375,1280
bayesfl_observability_v1,ola_sparse_bayesian_keep010_seed42,135,ola,global,,,layers.1.weight,db,12,-86.1685619564474,-85.20786132688212,-85.68821164166476,0,0.0,0.009375,1280
bayesfl_observability_v1,ola_sparse_bayesian_keep010_seed42,135,ola,global,,,layers.1.weight,db,13,-85.20786132688212,-84.24716069731684,-84.72751101209948,0,0.0,0.009375,1280
bayesfl_observability_v1,ola_sparse_bayesian_keep010_seed42,135,ola,global,,,layers.1.weight,db,14,-84.24716069731684,-83.28646006775155,-83.7668103825342,0,0.0,0.009375,1280
bayesfl_observability_v1,ola_sparse_bayesian_keep010_seed42,135,ola,global,,,layers.1.weight,db,15,-83.28646006775155,-82.32575943818627,-82.80610975296891,1,0.0008132085854398964,0.01015625,1280
bayesfl_observability_v1,ola_sparse_bayesian_keep010_seed42,135,ola,global,,,layers.1.weight,db,16,-82.32575943818627,-81.36505880862099,-81.84540912340363,1,0.0008132085854398964,0.0109375,1280
bayesfl_observability_v1,ola_sparse_bayesian_keep010_seed42,135,ola,global,,,layers.1.weight,db,17,-81.36505880862099,-80.4043581790557,-80.88470849383835,2,0.0016264171708797927,0.0125,1280
bayesfl_observability_v1,ola_sparse_bayesian_keep010_seed42,135,ola,global,,,layers.1.weight,db,18,-80.4043581790557,-79.44365754949042,-79.92400786427307,0,0.0,0.0125,1280
bayesfl_observability_v1,ola_sparse_bayesian_keep010_seed42,135,ola,global,,,layers.1.weight,db,19,-79.44365754949042,-78.48295691992513,-78.96330723470777,1,0.0008132085854398843,0.01328125,1280
bayesfl_observability_v1,ola_sparse_bayesian_keep010_seed42,135,ola,global,,,layers.1.weight,db,20,-78.48295691992513,-77.52225629035985,-78.00260660514249,1,0.0008132085854398964,0.0140625,1280
bayesfl_observability_v1,ola_sparse_bayesian_keep010_seed42,135,ola,global,,,layers.1.weight,db,21,-77.52225629035985,-76.56155566079457,-77.04190597557721,0,0.0,0.0140625,1280
bayesfl_observability_v1,ola_sparse_bayesian_keep010_seed42,135,ola,global,,,layers.1.weight,db,22,-76.56155566079457,-75.60085503122929,-76.08120534601193,1,0.0008132085854398964,0.01484375,1280
bayesfl_observability_v1,ola_sparse_bayesian_keep010_seed42,135,ola,global,,,layers.1.weight,db,23,-75.60085503122929,-74.640154401664,-75.12050471644665,2,0.0016264171708797927,0.01640625,1280
bayesfl_observability_v1,ola_sparse_bayesian_keep010_seed42,135,ola,global,,,layers.1.weight,db,24,-74.640154401664,-73.67945377209873,-74.15980408688137,1,0.0008132085854398964,0.0171875,1280
bayesfl_observability_v1,ola_sparse_bayesian_keep010_seed42,135,ola,global,,,layers.1.weight,db,25,-73.67945377209873,-72.71875314253344,-73.19910345731608,5,0.004066042927199482,0.02109375,1280
bayesfl_observability_v1,ola_sparse_bayesian_keep010_seed42,135,ola,global,,,layers.1.weight,db,26,-72.71875314253344,-71.75805251296815,-72.2384028277508,2,0.0016264171708797687,0.02265625,1280
bayesfl_observability_v1,ola_sparse_bayesian_keep010_seed42,135,ola,global,,,layers.1.weight,db,27,-71.75805251296815,-70.79735188340287,-71.27770219818551,5,0.004066042927199482,0.0265625,1280
bayesfl_observability_v1,ola_sparse_bayesian_keep010_seed42,135,ola,global,,,layers.1.weight,db,28,-70.79735188340287,-69.83665125383759,-70.31700156862023,10,0.008132085854398964,0.034375,1280
bayesfl_observability_v1,ola_sparse_bayesian_keep010_seed42,135,ola,global,,,layers.1.weight,db,29,-69.83665125383759,-68.8759506242723,-69.35630093905495,5,0.004066042927199482,0.03828125,1280
bayesfl_observability_v1,ola_sparse_bayesian_keep010_seed42,135,ola,global,,,layers.1.weight,db,30,-68.8759506242723,-67.91524999470703,-68.39560030948967,4,0.0032528343417595855,0.04140625,1280
bayesfl_observability_v1,ola_sparse_bayesian_keep010_seed42,135,ola,global,,,layers.1.weight,db,31,-67.91524999470703,-66.95454936514173,-67.43489967992437,8,0.006505668683519075,0.04765625,1280
bayesfl_observability_v1,ola_sparse_bayesian_keep010_seed42,135,ola,global,,,layers.1.weight,db,32,-66.95454936514173,-65.99384873557645,-66.47419905035909,7,0.005692460098079275,0.053125,1280
bayesfl_observability_v1,ola_sparse_bayesian_keep010_seed42,135,ola,global,,,layers.1.weight,db,33,-65.99384873557645,-65.03314810601117,-65.51349842079381,1,0.0008132085854398964,0.05390625,1280
bayesfl_observability_v1,ola_sparse_bayesian_keep010_seed42,135,ola,global,,,layers.1.weight,db,34,-65.03314810601117,-64.07244747644589,-64.55279779122853,6,0.004879251512639378,0.05859375,1280
bayesfl_observability_v1,ola_sparse_bayesian_keep010_seed42,135,ola,global,,,layers.1.weight,db,35,-64.07244747644589,-63.11174684688061,-63.59209716166325,13,0.010571711610718654,0.06875,1280
bayesfl_observability_v1,ola_sparse_bayesian_keep010_seed42,135,ola,global,,,layers.1.weight,db,36,-63.11174684688061,-62.15104621731532,-62.631396532097966,10,0.008132085854398903,0.0765625,1280
bayesfl_observability_v1,ola_sparse_bayesian_keep010_seed42,135,ola,global,,,layers.1.weight,db,37,-62.15104621731532,-61.19034558775004,-61.67069590253268,14,0.01138492019615855,0.0875,1280
bayesfl_observability_v1,ola_sparse_bayesian_keep010_seed42,135,ola,global,,,layers.1.weight,db,38,-61.19034558775004,-60.22964495818476,-60.7099952729674,11,0.008945294439838861,0.09609375,1280
bayesfl_observability_v1,ola_sparse_bayesian_keep010_seed42,135,ola,global,,,layers.1.weight,db,39,-60.22964495818476,-59.26894432861947,-59.74929464340211,18,0.014637754537918027,0.11015625,1280
bayesfl_observability_v1,ola_sparse_bayesian_keep010_seed42,135,ola,global,,,layers.1.weight,db,40,-59.26894432861947,-58.30824369905419,-58.78859401383683,19,0.015450963123358032,0.125,1280
bayesfl_observability_v1,ola_sparse_bayesian_keep010_seed42,135,ola,global,,,layers.1.weight,db,41,-58.30824369905419,-57.34754306948891,-57.82789338427155,21,0.017077380294237825,0.14140625,1280
bayesfl_observability_v1,ola_sparse_bayesian_keep010_seed42,135,ola,global,,,layers.1.weight,db,42,-57.34754306948891,-56.38684243992362,-56.86719275470627,19,0.015450963123357917,0.15625,1280
bayesfl_observability_v1,ola_sparse_bayesian_keep010_seed42,135,ola,global,,,layers.1.weight,db,43,-56.38684243992362,-55.42614181035834,-55.90649212514098,26,0.021143423221437307,0.1765625,1280
bayesfl_observability_v1,ola_sparse_bayesian_keep010_seed42,135,ola,global,,,layers.1.weight,db,44,-55.42614181035834,-54.46544118079306,-54.9457914955757,23,0.018703797465117616,0.19453125,1280
bayesfl_observability_v1,ola_sparse_bayesian_keep010_seed42,135,ola,global,,,layers.1.weight,db,45,-54.46544118079306,-53.50474055122777,-53.98509086601041,25,0.02033021463599726,0.2140625,1280
bayesfl_observability_v1,ola_sparse_bayesian_keep010_seed42,135,ola,global,,,layers.1.weight,db,46,-53.50474055122777,-52.54403992166249,-53.02439023644513,30,0.024396257563196893,0.2375,1280
bayesfl_observability_v1,ola_sparse_bayesian_keep010_seed42,135,ola,global,,,layers.1.weight,db,47,-52.54403992166249,-51.58333929209721,-52.06368960687985,36,0.02927550907583627,0.265625,1280
bayesfl_observability_v1,ola_sparse_bayesian_keep010_seed42,135,ola,global,,,layers.1.weight,db,48,-51.58333929209721,-50.62263866253192,-51.10298897731457,35,0.028462300490396164,0.29296875,1280
bayesfl_observability_v1,ola_sparse_bayesian_keep010_seed42,135,ola,global,,,layers.1.weight,db,49,-50.62263866253192,-49.66193803296664,-50.14228834774928,36,0.02927550907583627,0.32109375,1280
bayesfl_observability_v1,ola_sparse_bayesian_keep010_seed42,135,ola,global,,,layers.1.weight,db,50,-49.66193803296664,-48.70123740340135,-49.18158771818399,36,0.029275509075836054,0.34921875,1280
bayesfl_observability_v1,ola_sparse_bayesian_keep010_seed42,135,ola,global,,,layers.1.weight,db,51,-48.70123740340135,-47.74053677383607,-48.22088708861871,40,0.032528343417595855,0.38046875,1280
bayesfl_observability_v1,ola_sparse_bayesian_keep010_seed42,135,ola,global,,,layers.1.weight,db,52,-47.74053677383607,-46.77983614427079,-47.26018645905343,60,0.048792515126393786,0.42734375,1280
bayesfl_observability_v1,ola_sparse_bayesian_keep010_seed42,135,ola,global,,,layers.1.weight,db,53,-46.77983614427079,-45.8191355147055,-46.29948582948815,65,0.05285855805359287,0.478125,1280
bayesfl_observability_v1,ola_sparse_bayesian_keep010_seed42,135,ola,global,,,layers.1.weight,db,54,-45.8191355147055,-44.85843488514022,-45.33878519992286,56,0.0455396807846342,0.521875,1280
bayesfl_observability_v1,ola_sparse_bayesian_keep010_seed42,135,ola,global,,,layers.1.weight,db,55,-44.85843488514022,-43.89773425557494,-44.37808457035758,54,0.0439132636137544,0.5640625,1280
bayesfl_observability_v1,ola_sparse_bayesian_keep010_seed42,135,ola,global,,,layers.1.weight,db,56,-43.89773425557494,-42.93703362600965,-43.41738394079229,56,0.045539680784633864,0.6078125,1280
bayesfl_observability_v1,ola_sparse_bayesian_keep010_seed42,135,ola,global,,,layers.1.weight,db,57,-42.93703362600965,-41.97633299644437,-42.45668331122701,53,0.04310005502831451,0.64921875,1280
bayesfl_observability_v1,ola_sparse_bayesian_keep010_seed42,135,ola,global,,,layers.1.weight,db,58,-41.97633299644437,-41.01563236687909,-41.49598268166173,63,0.051232140882713474,0.6984375,1280
bayesfl_observability_v1,ola_sparse_bayesian_keep010_seed42,135,ola,global,,,layers.1.weight,db,59,-41.01563236687909,-40.0549317373138,-40.53528205209645,55,0.04472647219919397,0.74140625,1280
bayesfl_observability_v1,ola_sparse_bayesian_keep010_seed42,135,ola,global,,,layers.1.weight,db,60,-40.0549317373138,-39.09423110774852,-39.57458142253116,51,0.041473637857434714,0.78125,1280
bayesfl_observability_v1,ola_sparse_bayesian_keep010_seed42,135,ola,global,,,layers.1.weight,db,61,-39.09423110774852,-38.13353047818324,-38.61388079296588,32,0.026022674734076684,0.80625,1280
bayesfl_observability_v1,ola_sparse_bayesian_keep010_seed42,135,ola,global,,,layers.1.weight,db,62,-38.13353047818324,-37.17282984861795,-37.65318016340059,43,0.034967969173915286,0.83984375,1280
bayesfl_observability_v1,ola_sparse_bayesian_keep010_seed42,135,ola,global,,,layers.1.weight,db,63,-37.17282984861795,-36.21212921905267,-36.69247953383531,29,0.023583048977756996,0.8625,1280
bayesfl_observability_v1,ola_sparse_bayesian_keep010_seed42,135,ola,global,,,layers.1.weight,db,64,-36.21212921905267,-35.25142858948739,-35.73177890427003,30,0.024396257563196893,0.8859375,1280
bayesfl_observability_v1,ola_sparse_bayesian_keep010_seed42,135,ola,global,,,layers.1.weight,db,65,-35.25142858948739,-34.2907279599221,-34.77107827470475,33,0.026835883319516383,0.91171875,1280
bayesfl_observability_v1,ola_sparse_bayesian_keep010_seed42,135,ola,global,,,layers.1.weight,db,66,-34.2907279599221,-33.33002733035681,-33.810377645139454,25,0.02033021463599726,0.93125,1280
bayesfl_observability_v1,ola_sparse_bayesian_keep010_seed42,135,ola,global,,,layers.1.weight,db,67,-33.33002733035681,-32.36932670079153,-32.84967701557417,16,0.013011337367038342,0.94375,1280
bayesfl_observability_v1,ola_sparse_bayesian_keep010_seed42,135,ola,global,,,layers.1.weight,db,68,-32.36932670079153,-31.40862607122625,-31.888976386008892,15,0.012198128781598446,0.95546875,1280
bayesfl_observability_v1,ola_sparse_bayesian_keep010_seed42,135,ola,global,,,layers.1.weight,db,69,-31.40862607122625,-30.44792544166097,-30.92827575644361,12,0.009758503025278756,0.96484375,1280
bayesfl_observability_v1,ola_sparse_bayesian_keep010_seed42,135,ola,global,,,layers.1.weight,db,70,-30.44792544166097,-29.48722481209569,-29.96757512687833,12,0.009758503025278756,0.97421875,1280
bayesfl_observability_v1,ola_sparse_bayesian_keep010_seed42,135,ola,global,,,layers.1.weight,db,71,-29.48722481209569,-28.52652418253041,-29.00687449731305,13,0.010571711610718654,0.984375,1280
bayesfl_observability_v1,ola_sparse_bayesian_keep010_seed42,135,ola,global,,,layers.1.weight,db,72,-28.52652418253041,-27.565823552965114,-28.04617386774776,2,0.0016264171708797687,0.9859375,1280
bayesfl_observability_v1,ola_sparse_bayesian_keep010_seed42,135,ola,global,,,layers.1.weight,db,73,-27.565823552965114,-26.605122923399833,-27.085473238182473,3,0.002439625756319689,0.98828125,1280
bayesfl_observability_v1,ola_sparse_bayesian_keep010_seed42,135,ola,global,,,layers.1.weight,db,74,-26.605122923399833,-25.644422293834552,-26.124772608617192,2,0.0016264171708797927,0.98984375,1280
bayesfl_observability_v1,ola_sparse_bayesian_keep010_seed42,135,ola,global,,,layers.1.weight,db,75,-25.644422293834552,-24.68372166426927,-25.16407197905191,3,0.002439625756319689,0.9921875,1280
bayesfl_observability_v1,ola_sparse_bayesian_keep010_seed42,135,ola,global,,,layers.1.weight,db,76,-24.68372166426927,-23.72302103470399,-24.20337134948663,6,0.004879251512639378,0.996875,1280
bayesfl_observability_v1,ola_sparse_bayesian_keep010_seed42,135,ola,global,,,layers.1.weight,db,77,-23.72302103470399,-22.76232040513871,-23.24267071992135,2,0.0016264171708797927,0.9984375,1280
bayesfl_observability_v1,ola_sparse_bayesian_keep010_seed42,135,ola,global,,,layers.1.weight,db,78,-22.76232040513871,-21.801619775573414,-22.28197009035606,0,0.0,0.9984375,1280
bayesfl_observability_v1,ola_sparse_bayesian_keep010_seed42,135,ola,global,,,layers.1.weight,db,79,-21.801619775573414,-20.840919146008137,-21.321269460790774,2,0.0016264171708797988,1.0,1280
bayesfl_observability_v1,ola_sparse_bayesian_keep010_seed42,135,ola,global,,,layers.1.bias,raw,0,3.494596218235348e-05,0.00017498057072805716,0.00010496326645520532,1,714.1091837119862,0.1,10
bayesfl_observability_v1,ola_sparse_bayesian_keep010_seed42,135,ola,global,,,layers.1.bias,raw,1,0.00017498057072805716,0.00031501517927376085,0.000244997875000909,1,714.1091837119862,0.2,10
bayesfl_observability_v1,ola_sparse_bayesian_keep010_seed42,135,ola,global,,,layers.1.bias,raw,2,0.00031501517927376085,0.00045504978781946457,0.0003850324835466127,1,714.1091837119861,0.3,10
bayesfl_observability_v1,ola_sparse_bayesian_keep010_seed42,135,ola,global,,,layers.1.bias,raw,3,0.00045504978781946457,0.0005950843963651683,0.0005250670920923165,0,0.0,0.3,10
bayesfl_observability_v1,ola_sparse_bayesian_keep010_seed42,135,ola,global,,,layers.1.bias,raw,4,0.0005950843963651683,0.000735119004910872,0.0006651017006380201,1,714.1091837119864,0.4,10
bayesfl_observability_v1,ola_sparse_bayesian_keep010_seed42,135,ola,global,,,layers.1.bias,raw,5,0.000735119004910872,0.0008751536134565757,0.0008051363091837239,1,714.1091837119859,0.5,10
bayesfl_observability_v1,ola_sparse_bayesian_keep010_seed42,135,ola,global,,,layers.1.bias,raw,6,0.0008751536134565757,0.0010151882220022794,0.0009451709177294276,0,0.0,0.5,10
bayesfl_observability_v1,ola_sparse_bayesian_keep010_seed42,135,ola,global,,,layers.1.bias,raw,7,0.0010151882220022794,0.001155222830547983,0.0010852055262751312,0,0.0,0.5,10
bayesfl_observability_v1,ola_sparse_bayesian_keep010_seed42,135,ola,global,,,layers.1.bias,raw,8,0.001155222830547983,0.0012952574390936867,0.0012252401348208349,0,0.0,0.5,10
bayesfl_observability_v1,ola_sparse_bayesian_keep010_seed42,135,ola,global,,,layers.1.bias,raw,9,0.0012952574390936867,0.0014352920476393904,0.0013652747433665386,0,0.0,0.5,10
bayesfl_observability_v1,ola_sparse_bayesian_keep010_seed42,135,ola,global,,,layers.1.bias,raw,10,0.0014352920476393904,0.001575326656185094,0.0015053093519122422,1,714.1091837119864,0.6,10
bayesfl_observability_v1,ola_sparse_bayesian_keep010_seed42,135,ola,global,,,layers.1.bias,raw,11,0.001575326656185094,0.001715361264730798,0.0016453439604579459,0,0.0,0.6,10
bayesfl_observability_v1,ola_sparse_bayesian_keep010_seed42,135,ola,global,,,layers.1.bias,raw,12,0.001715361264730798,0.0018553958732765016,0.0017853785690036498,0,0.0,0.6,10
bayesfl_observability_v1,ola_sparse_bayesian_keep010_seed42,135,ola,global,,,layers.1.bias,raw,13,0.0018553958732765016,0.0019954304818222053,0.0019254131775493534,0,0.0,0.6,10
bayesfl_observability_v1,ola_sparse_bayesian_keep010_seed42,135,ola,global,,,layers.1.bias,raw,14,0.0019954304818222053,0.002135465090367909,0.002065447786095057,0,0.0,0.6,10
bayesfl_observability_v1,ola_sparse_bayesian_keep010_seed42,135,ola,global,,,layers.1.bias,raw,15,0.002135465090367909,0.0022754996989136126,0.002205482394640761,0,0.0,0.6,10
bayesfl_observability_v1,ola_sparse_bayesian_keep010_seed42,135,ola,global,,,layers.1.bias,raw,16,0.0022754996989136126,0.0024155343074593163,0.002345517003186464,0,0.0,0.6,10
bayesfl_observability_v1,ola_sparse_bayesian_keep010_seed42,135,ola,global,,,layers.1.bias,raw,17,0.0024155343074593163,0.00255556891600502,0.0024855516117321683,0,0.0,0.6,10
bayesfl_observability_v1,ola_sparse_bayesian_keep010_seed42,135,ola,global,,,layers.1.bias,raw,18,0.00255556891600502,0.0026956035245507236,0.0026255862202778715,0,0.0,0.6,10
bayesfl_observability_v1,ola_sparse_bayesian_keep010_seed42,135,ola,global,,,layers.1.bias,raw,19,0.0026956035245507236,0.0028356381330964272,0.0027656208288235756,0,0.0,0.6,10
bayesfl_observability_v1,ola_sparse_bayesian_keep010_seed42,135,ola,global,,,layers.1.bias,raw,20,0.0028356381330964272,0.002975672741642131,0.002905655437369279,0,0.0,0.6,10
bayesfl_observability_v1,ola_sparse_bayesian_keep010_seed42,135,ola,global,,,layers.1.bias,raw,21,0.002975672741642131,0.0031157073501878346,0.003045690045914983,0,0.0,0.6,10
bayesfl_observability_v1,ola_sparse_bayesian_keep010_seed42,135,ola,global,,,layers.1.bias,raw,22,0.0031157073501878346,0.0032557419587335382,0.003185724654460686,0,0.0,0.6,10
bayesfl_observability_v1,ola_sparse_bayesian_keep010_seed42,135,ola,global,,,layers.1.bias,raw,23,0.0032557419587335382,0.0033957765672792423,0.0033257592630063903,0,0.0,0.6,10
bayesfl_observability_v1,ola_sparse_bayesian_keep010_seed42,135,ola,global,,,layers.1.bias,raw,24,0.0033957765672792423,0.003535811175824946,0.0034657938715520944,0,0.0,0.6,10
bayesfl_observability_v1,ola_sparse_bayesian_keep010_seed42,135,ola,global,,,layers.1.bias,raw,25,0.003535811175824946,0.0036758457843706497,0.0036058284800977976,0,0.0,0.6,10
bayesfl_observability_v1,ola_sparse_bayesian_keep010_seed42,135,ola,global,,,layers.1.bias,raw,26,0.0036758457843706497,0.0038158803929163533,0.0037458630886435017,0,0.0,0.6,10
bayesfl_observability_v1,ola_sparse_bayesian_keep010_seed42,135,ola,global,,,layers.1.bias,raw,27,0.0038158803929163533,0.003955915001462057,0.003885897697189205,0,0.0,0.6,10
bayesfl_observability_v1,ola_sparse_bayesian_keep010_seed42,135,ola,global,,,layers.1.bias,raw,28,0.003955915001462057,0.00409594961000776,0.004025932305734909,0,0.0,0.6,10
bayesfl_observability_v1,ola_sparse_bayesian_keep010_seed42,135,ola,global,,,layers.1.bias,raw,29,0.00409594961000776,0.004235984218553464,0.004165966914280612,0,0.0,0.6,10
bayesfl_observability_v1,ola_sparse_bayesian_keep010_seed42,135,ola,global,,,layers.1.bias,raw,30,0.004235984218553464,0.0043760188270991675,0.0043060015228263155,0,0.0,0.6,10
bayesfl_observability_v1,ola_sparse_bayesian_keep010_seed42,135,ola,global,,,layers.1.bias,raw,31,0.0043760188270991675,0.004516053435644872,0.00444603613137202,0,0.0,0.6,10
bayesfl_observability_v1,ola_sparse_bayesian_keep010_seed42,135,ola,global,,,layers.1.bias,raw,32,0.004516053435644872,0.004656088044190576,0.004586070739917724,0,0.0,0.6,10
bayesfl_observability_v1,ola_sparse_bayesian_keep010_seed42,135,ola,global,,,layers.1.bias,raw,33,0.004656088044190576,0.004796122652736279,0.004726105348463428,0,0.0,0.6,10
bayesfl_observability_v1,ola_sparse_bayesian_keep010_seed42,135,ola,global,,,layers.1.bias,raw,34,0.004796122652736279,0.004936157261281983,0.004866139957009131,1,714.1091837119842,0.7,10
bayesfl_observability_v1,ola_sparse_bayesian_keep010_seed42,135,ola,global,,,layers.1.bias,raw,35,0.004936157261281983,0.005076191869827686,0.005006174565554834,0,0.0,0.7,10
bayesfl_observability_v1,ola_sparse_bayesian_keep010_seed42,135,ola,global,,,layers.1.bias,raw,36,0.005076191869827686,0.00521622647837339,0.005146209174100538,0,0.0,0.7,10
bayesfl_observability_v1,ola_sparse_bayesian_keep010_seed42,135,ola,global,,,layers.1.bias,raw,37,0.00521622647837339,0.005356261086919094,0.0052862437826462425,0,0.0,0.7,10
bayesfl_observability_v1,ola_sparse_bayesian_keep010_seed42,135,ola,global,,,layers.1.bias,raw,38,0.005356261086919094,0.005496295695464798,0.005426278391191946,0,0.0,0.7,10
bayesfl_observability_v1,ola_sparse_bayesian_keep010_seed42,135,ola,global,,,layers.1.bias,raw,39,0.005496295695464798,0.005636330304010501,0.005566312999737649,1,714.1091837119886,0.8,10
bayesfl_observability_v1,ola_sparse_bayesian_keep010_seed42,135,ola,global,,,layers.1.bias,raw,40,0.005636330304010501,0.005776364912556205,0.005706347608283353,0,0.0,0.8,10
bayesfl_observability_v1,ola_sparse_bayesian_keep010_seed42,135,ola,global,,,layers.1.bias,raw,41,0.005776364912556205,0.005916399521101908,0.005846382216829057,0,0.0,0.8,10
bayesfl_observability_v1,ola_sparse_bayesian_keep010_seed42,135,ola,global,,,layers.1.bias,raw,42,0.005916399521101908,0.006056434129647612,0.00598641682537476,1,714.1091837119842,0.9,10
bayesfl_observability_v1,ola_sparse_bayesian_keep010_seed42,135,ola,global,,,layers.1.bias,raw,43,0.006056434129647612,0.006196468738193316,0.006126451433920464,0,0.0,0.9,10
bayesfl_observability_v1,ola_sparse_bayesian_keep010_seed42,135,ola,global,,,layers.1.bias,raw,44,0.006196468738193316,0.00633650334673902,0.006266486042466168,0,0.0,0.9,10
bayesfl_observability_v1,ola_sparse_bayesian_keep010_seed42,135,ola,global,,,layers.1.bias,raw,45,0.00633650334673902,0.006476537955284723,0.006406520651011872,0,0.0,0.9,10
bayesfl_observability_v1,ola_sparse_bayesian_keep010_seed42,135,ola,global,,,layers.1.bias,raw,46,0.006476537955284723,0.006616572563830427,0.006546555259557575,0,0.0,0.9,10
bayesfl_observability_v1,ola_sparse_bayesian_keep010_seed42,135,ola,global,,,layers.1.bias,raw,47,0.006616572563830427,0.006756607172376131,0.006686589868103279,0,0.0,0.9,10
bayesfl_observability_v1,ola_sparse_bayesian_keep010_seed42,135,ola,global,,,layers.1.bias,raw,48,0.006756607172376131,0.006896641780921834,0.006826624476648982,0,0.0,0.9,10
bayesfl_observability_v1,ola_sparse_bayesian_keep010_seed42,135,ola,global,,,layers.1.bias,raw,49,0.006896641780921834,0.0070366763894675385,0.006966659085194686,0,0.0,0.9,10
bayesfl_observability_v1,ola_sparse_bayesian_keep010_seed42,135,ola,global,,,layers.1.bias,raw,50,0.0070366763894675385,0.007176710998013242,0.0071066936937403905,0,0.0,0.9,10
bayesfl_observability_v1,ola_sparse_bayesian_keep010_seed42,135,ola,global,,,layers.1.bias,raw,51,0.007176710998013242,0.007316745606558946,0.007246728302286094,0,0.0,0.9,10
bayesfl_observability_v1,ola_sparse_bayesian_keep010_seed42,135,ola,global,,,layers.1.bias,raw,52,0.007316745606558946,0.007456780215104649,0.007386762910831797,0,0.0,0.9,10
bayesfl_observability_v1,ola_sparse_bayesian_keep010_seed42,135,ola,global,,,layers.1.bias,raw,53,0.007456780215104649,0.007596814823650353,0.007526797519377501,0,0.0,0.9,10
bayesfl_observability_v1,ola_sparse_bayesian_keep010_seed42,135,ola,global,,,layers.1.bias,raw,54,0.007596814823650353,0.007736849432196056,0.007666832127923205,0,0.0,0.9,10
bayesfl_observability_v1,ola_sparse_bayesian_keep010_seed42,135,ola,global,,,layers.1.bias,raw,55,0.007736849432196056,0.00787688404074176,0.0078068667364689075,0,0.0,0.9,10
bayesfl_observability_v1,ola_sparse_bayesian_keep010_seed42,135,ola,global,,,layers.1.bias,raw,56,0.00787688404074176,0.008016918649287464,0.007946901345014612,0,0.0,0.9,10
bayesfl_observability_v1,ola_sparse_bayesian_keep010_seed42,135,ola,global,,,layers.1.bias,raw,57,0.008016918649287464,0.008156953257833166,0.008086935953560314,0,0.0,0.9,10
bayesfl_observability_v1,ola_sparse_bayesian_keep010_seed42,135,ola,global,,,layers.1.bias,raw,58,0.008156953257833166,0.00829698786637887,0.008226970562106018,0,0.0,0.9,10
bayesfl_observability_v1,ola_sparse_bayesian_keep010_seed42,135,ola,global,,,layers.1.bias,raw,59,0.00829698786637887,0.008437022474924574,0.008367005170651722,0,0.0,0.9,10
bayesfl_observability_v1,ola_sparse_bayesian_keep010_seed42,135,ola,global,,,layers.1.bias,raw,60,0.008437022474924574,0.008577057083470278,0.008507039779197426,0,0.0,0.9,10
bayesfl_observability_v1,ola_sparse_bayesian_keep010_seed42,135,ola,global,,,layers.1.bias,raw,61,0.008577057083470278,0.00871709169201598,0.00864707438774313,0,0.0,0.9,10
bayesfl_observability_v1,ola_sparse_bayesian_keep010_seed42,135,ola,global,,,layers.1.bias,raw,62,0.00871709169201598,0.008857126300561685,0.008787108996288833,0,0.0,0.9,10
bayesfl_observability_v1,ola_sparse_bayesian_keep010_seed42,135,ola,global,,,layers.1.bias,raw,63,0.008857126300561685,0.008997160909107389,0.008927143604834537,0,0.0,0.9,10
bayesfl_observability_v1,ola_sparse_bayesian_keep010_seed42,135,ola,global,,,layers.1.bias,raw,64,0.008997160909107389,0.009137195517653093,0.009067178213380241,0,0.0,0.9,10
bayesfl_observability_v1,ola_sparse_bayesian_keep010_seed42,135,ola,global,,,layers.1.bias,raw,65,0.009137195517653093,0.009277230126198797,0.009207212821925945,0,0.0,0.9,10
bayesfl_observability_v1,ola_sparse_bayesian_keep010_seed42,135,ola,global,,,layers.1.bias,raw,66,0.009277230126198797,0.0094172647347445,0.009347247430471647,0,0.0,0.9,10
bayesfl_observability_v1,ola_sparse_bayesian_keep010_seed42,135,ola,global,,,layers.1.bias,raw,67,0.0094172647347445,0.009557299343290204,0.009487282039017352,0,0.0,0.9,10
bayesfl_observability_v1,ola_sparse_bayesian_keep010_seed42,135,ola,global,,,layers.1.bias,raw,68,0.009557299343290204,0.009697333951835908,0.009627316647563056,0,0.0,0.9,10
bayesfl_observability_v1,ola_sparse_bayesian_keep010_seed42,135,ola,global,,,layers.1.bias,raw,69,0.009697333951835908,0.009837368560381612,0.00976735125610876,0,0.0,0.9,10
bayesfl_observability_v1,ola_sparse_bayesian_keep010_seed42,135,ola,global,,,layers.1.bias,raw,70,0.009837368560381612,0.009977403168927314,0.009907385864654464,0,0.0,0.9,10
bayesfl_observability_v1,ola_sparse_bayesian_keep010_seed42,135,ola,global,,,layers.1.bias,raw,71,0.009977403168927314,0.010117437777473018,0.010047420473200166,0,0.0,0.9,10
bayesfl_observability_v1,ola_sparse_bayesian_keep010_seed42,135,ola,global,,,layers.1.bias,raw,72,0.010117437777473018,0.010257472386018722,0.01018745508174587,0,0.0,0.9,10
bayesfl_observability_v1,ola_sparse_bayesian_keep010_seed42,135,ola,global,,,layers.1.bias,raw,73,0.010257472386018722,0.010397506994564426,0.010327489690291574,0,0.0,0.9,10
bayesfl_observability_v1,ola_sparse_bayesian_keep010_seed42,135,ola,global,,,layers.1.bias,raw,74,0.010397506994564426,0.010537541603110129,0.010467524298837277,0,0.0,0.9,10
bayesfl_observability_v1,ola_sparse_bayesian_keep010_seed42,135,ola,global,,,layers.1.bias,raw,75,0.010537541603110129,0.010677576211655833,0.01060755890738298,0,0.0,0.9,10
bayesfl_observability_v1,ola_sparse_bayesian_keep010_seed42,135,ola,global,,,layers.1.bias,raw,76,0.010677576211655833,0.010817610820201537,0.010747593515928685,0,0.0,0.9,10
bayesfl_observability_v1,ola_sparse_bayesian_keep010_seed42,135,ola,global,,,layers.1.bias,raw,77,0.010817610820201537,0.010957645428747241,0.010887628124474389,0,0.0,0.9,10
bayesfl_observability_v1,ola_sparse_bayesian_keep010_seed42,135,ola,global,,,layers.1.bias,raw,78,0.010957645428747241,0.011097680037292943,0.011027662733020093,0,0.0,0.9,10
bayesfl_observability_v1,ola_sparse_bayesian_keep010_seed42,135,ola,global,,,layers.1.bias,raw,79,0.011097680037292943,0.011237714645838648,0.011167697341565795,1,714.1091837119842,1.0,10
bayesfl_observability_v1,ola_sparse_bayesian_keep010_seed42,135,ola,global,,,layers.1.bias,db,0,-89.1320596995871,-88.5052394533183,-88.8186495764527,1,0.15953537014041477,0.1,10
bayesfl_observability_v1,ola_sparse_bayesian_keep010_seed42,135,ola,global,,,layers.1.bias,db,1,-88.5052394533183,-87.87841920704949,-88.1918293301839,0,0.0,0.1,10
bayesfl_observability_v1,ola_sparse_bayesian_keep010_seed42,135,ola,global,,,layers.1.bias,db,2,-87.87841920704949,-87.25159896078067,-87.56500908391507,0,0.0,0.1,10
bayesfl_observability_v1,ola_sparse_bayesian_keep010_seed42,135,ola,global,,,layers.1.bias,db,3,-87.25159896078067,-86.62477871451186,-86.93818883764627,0,0.0,0.1,10
bayesfl_observability_v1,ola_sparse_bayesian_keep010_seed42,135,ola,global,,,layers.1.bias,db,4,-86.62477871451186,-85.99795846824306,-86.31136859137746,0,0.0,0.1,10
bayesfl_observability_v1,ola_sparse_bayesian_keep010_seed42,135,ola,global,,,layers.1.bias,db,5,-85.99795846824306,-85.37113822197425,-85.68454834510865,0,0.0,0.1,10
bayesfl_observability_v1,ola_sparse_bayesian_keep010_seed42,135,ola,global,,,layers.1.bias,db,6,-85.37113822197425,-84.74431797570543,-85.05772809883985,0,0.0,0.1,10
bayesfl_observability_v1,ola_sparse_bayesian_keep010_seed42,135,ola,global,,,layers.1.bias,db,7,-84.74431797570543,-84.11749772943662,-84.43090785257102,0,0.0,0.1,10
bayesfl_observability_v1,ola_sparse_bayesian_keep010_seed42,135,ola,global,,,layers.1.bias,db,8,-84.11749772943662,-83.49067748316781,-83.80408760630222,0,0.0,0.1,10
bayesfl_observability_v1,ola_sparse_bayesian_keep010_seed42,135,ola,global,,,layers.1.bias,db,9,-83.49067748316781,-82.86385723689901,-83.17726736003341,0,0.0,0.1,10
bayesfl_observability_v1,ola_sparse_bayesian_keep010_seed42,135,ola,global,,,layers.1.bias,db,10,-82.86385723689901,-82.2370369906302,-82.5504471137646,0,0.0,0.1,10
bayesfl_observability_v1,ola_sparse_bayesian_keep010_seed42,135,ola,global,,,layers.1.bias,db,11,-82.2370369906302,-81.6102167443614,-81.9236268674958,0,0.0,0.1,10
bayesfl_observability_v1,ola_sparse_bayesian_keep010_seed42,135,ola,global,,,layers.1.bias,db,12,-81.6102167443614,-80.98339649809257,-81.29680662122698,0,0.0,0.1,10
bayesfl_observability_v1,ola_sparse_bayesian_keep010_seed42,135,ola,global,,,layers.1.bias,db,13,-80.98339649809257,-80.35657625182377,-80.66998637495817,0,0.0,0.1,10
bayesfl_observability_v1,ola_sparse_bayesian_keep010_seed42,135,ola,global,,,layers.1.bias,db,14,-80.35657625182377,-79.72975600555496,-80.04316612868936,0,0.0,0.1,10
bayesfl_observability_v1,ola_sparse_bayesian_keep010_seed42,135,ola,global,,,layers.1.bias,db,15,-79.72975600555496,-79.10293575928615,-79.41634588242056,0,0.0,0.1,10
bayesfl_observability_v1,ola_sparse_bayesian_keep010_seed42,135,ola,global,,,layers.1.bias,db,16,-79.10293575928615,-78.47611551301733,-78.78952563615175,0,0.0,0.1,10
bayesfl_observability_v1,ola_sparse_bayesian_keep010_seed42,135,ola,global,,,layers.1.bias,db,17,-78.47611551301733,-77.84929526674853,-78.16270538988293,0,0.0,0.1,10
bayesfl_observability_v1,ola_sparse_bayesian_keep010_seed42,135,ola,global,,,layers.1.bias,db,18,-77.84929526674853,-77.22247502047972,-77.53588514361412,0,0.0,0.1,10
bayesfl_observability_v1,ola_sparse_bayesian_keep010_seed42,135,ola,global,,,layers.1.bias,db,19,-77.22247502047972,-76.59565477421091,-76.90906489734532,0,0.0,0.1,10
bayesfl_observability_v1,ola_sparse_bayesian_keep010_seed42,135,ola,global,,,layers.1.bias,db,20,-76.59565477421091,-75.96883452794211,-76.28224465107651,0,0.0,0.1,10
bayesfl_observability_v1,ola_sparse_bayesian_keep010_seed42,135,ola,global,,,layers.1.bias,db,21,-75.96883452794211,-75.34201428167329,-75.65542440480769,0,0.0,0.1,10
bayesfl_observability_v1,ola_sparse_bayesian_keep010_seed42,135,ola,global,,,layers.1.bias,db,22,-75.34201428167329,-74.71519403540448,-75.02860415853888,0,0.0,0.1,10
bayesfl_observability_v1,ola_sparse_bayesian_keep010_seed42,135,ola,global,,,layers.1.bias,db,23,-74.71519403540448,-74.08837378913567,-74.40178391227008,0,0.0,0.1,10
bayesfl_observability_v1,ola_sparse_bayesian_keep010_seed42,135,ola,global,,,layers.1.bias,db,24,-74.08837378913567,-73.46155354286687,-73.77496366600127,0,0.0,0.1,10
bayesfl_observability_v1,ola_sparse_bayesian_keep010_seed42,135,ola,global,,,layers.1.bias,db,25,-73.46155354286687,-72.83473329659805,-73.14814341973246,0,0.0,0.1,10
bayesfl_observability_v1,ola_sparse_bayesian_keep010_seed42,135,ola,global,,,layers.1.bias,db,26,-72.83473329659805,-72.20791305032924,-72.52132317346364,0,0.0,0.1,10
bayesfl_observability_v1,ola_sparse_bayesian_keep010_seed42,135,ola,global,,,layers.1.bias,db,27,-72.20791305032924,-71.58109280406043,-71.89450292719484,0,0.0,0.1,10
bayesfl_observability_v1,ola_sparse_bayesian_keep010_seed42,135,ola,global,,,layers.1.bias,db,28,-71.58109280406043,-70.95427255779163,-71.26768268092603,0,0.0,0.1,10
bayesfl_observability_v1,ola_sparse_bayesian_keep010_seed42,135,ola,global,,,layers.1.bias,db,29,-70.95427255779163,-70.32745231152282,-70.64086243465722,1,0.15953537014041477,0.2,10
bayesfl_observability_v1,ola_sparse_bayesian_keep010_seed42,135,ola,global,,,layers.1.bias,db,30,-70.32745231152282,-69.70063206525401,-70.01404218838842,0,0.0,0.2,10
bayesfl_observability_v1,ola_sparse_bayesian_keep010_seed42,135,ola,global,,,layers.1.bias,db,31,-69.70063206525401,-69.07381181898519,-69.3872219421196,0,0.0,0.2,10
bayesfl_observability_v1,ola_sparse_bayesian_keep010_seed42,135,ola,global,,,layers.1.bias,db,32,-69.07381181898519,-68.44699157271639,-68.76040169585079,0,0.0,0.2,10
bayesfl_observability_v1,ola_sparse_bayesian_keep010_seed42,135,ola,global,,,layers.1.bias,db,33,-68.44699157271639,-67.82017132644758,-68.13358144958198,0,0.0,0.2,10
bayesfl_observability_v1,ola_sparse_bayesian_keep010_seed42,135,ola,global,,,layers.1.bias,db,34,-67.82017132644758,-67.19335108017876,-67.50676120331318,1,0.15953537014041114,0.3,10
bayesfl_observability_v1,ola_sparse_bayesian_keep010_seed42,135,ola,global,,,layers.1.bias,db,35,-67.19335108017876,-66.56653083390995,-66.87994095704435,0,0.0,0.3,10
bayesfl_observability_v1,ola_sparse_bayesian_keep010_seed42,135,ola,global,,,layers.1.bias,db,36,-66.56653083390995,-65.93971058764114,-66.25312071077555,0,0.0,0.3,10
bayesfl_observability_v1,ola_sparse_bayesian_keep010_seed42,135,ola,global,,,layers.1.bias,db,37,-65.93971058764114,-65.31289034137234,-65.62630046450674,0,0.0,0.3,10
bayesfl_observability_v1,ola_sparse_bayesian_keep010_seed42,135,ola,global,,,layers.1.bias,db,38,-65.31289034137234,-64.68607009510353,-64.99948021823793,0,0.0,0.3,10
bayesfl_observability_v1,ola_sparse_bayesian_keep010_seed42,135,ola,global,,,layers.1.bias,db,39,-64.68607009510353,-64.05924984883472,-64.37265997196913,0,0.0,0.3,10
bayesfl_observability_v1,ola_sparse_bayesian_keep010_seed42,135,ola,global,,,layers.1.bias,db,40,-64.05924984883472,-63.432429602565904,-63.745839725700314,0,0.0,0.3,10
bayesfl_observability_v1,ola_sparse_bayesian_keep010_seed42,135,ola,global,,,layers.1.bias,db,41,-63.432429602565904,-62.8056093562971,-63.1190194794315,1,0.15953537014041477,0.4,10
bayesfl_observability_v1,ola_sparse_bayesian_keep010_seed42,135,ola,global,,,layers.1.bias,db,42,-62.8056093562971,-62.17878911002829,-62.492199233162694,0,0.0,0.4,10
bayesfl_observability_v1,ola_sparse_bayesian_keep010_seed42,135,ola,global,,,layers.1.bias,db,43,-62.17878911002829,-61.551968863759484,-61.86537898689389,1,0.15953537014041477,0.5,10
bayesfl_observability_v1,ola_sparse_bayesian_keep010_seed42,135,ola,global,,,layers.1.bias,db,44,-61.551968863759484,-60.92514861749067,-61.23855874062508,0,0.0,0.5,10
bayesfl_observability_v1,ola_sparse_bayesian_keep010_seed42,135,ola,global,,,layers.1.bias,db,45,-60.92514861749067,-60.29832837122186,-60.61173849435626,0,0.0,0.5,10
bayesfl_observability_v1,ola_sparse_bayesian_keep010_seed42,135,ola,global,,,layers.1.bias,db,46,-60.29832837122186,-59.67150812495305,-59.98491824808745,0,0.0,0.5,10
bayesfl_observability_v1,ola_sparse_bayesian_keep010_seed42,135,ola,global,,,layers.1.bias,db,47,-59.67150812495305,-59.04468787868424,-59.35809800181865,0,0.0,0.5,10
bayesfl_observability_v1,ola_sparse_bayesian_keep010_seed42,135,ola,global,,,layers.1.bias,db,48,-59.04468787868424,-58.41786763241544,-58.73127775554984,0,0.0,0.5,10
bayesfl_observability_v1,ola_sparse_bayesian_keep010_seed42,135,ola,global,,,layers.1.bias,db,49,-58.41786763241544,-57.79104738614662,-58.10445750928103,0,0.0,0.5,10
bayesfl_observability_v1,ola_sparse_bayesian_keep010_seed42,135,ola,global,,,layers.1.bias,db,50,-57.79104738614662,-57.16422713987781,-57.47763726301221,0,0.0,0.5,10
bayesfl_observability_v1,ola_sparse_bayesian_keep010_seed42,135,ola,global,,,layers.1.bias,db,51,-57.16422713987781,-56.537406893609,-56.850817016743406,0,0.0,0.5,10
bayesfl_observability_v1,ola_sparse_bayesian_keep010_seed42,135,ola,global,,,layers.1.bias,db,52,-56.537406893609,-55.910586647340196,-56.2239967704746,1,0.15953537014041477,0.6,10
bayesfl_observability_v1,ola_sparse_bayesian_keep010_seed42,135,ola,global,,,layers.1.bias,db,53,-55.910586647340196,-55.28376640107138,-55.59717652420579,0,0.0,0.6,10
bayesfl_observability_v1,ola_sparse_bayesian_keep010_seed42,135,ola,global,,,layers.1.bias,db,54,-55.28376640107138,-54.656946154802576,-54.97035627793698,0,0.0,0.6,10
bayesfl_observability_v1,ola_sparse_bayesian_keep010_seed42,135,ola,global,,,layers.1.bias,db,55,-54.656946154802576,-54.03012590853376,-54.343536031668165,0,0.0,0.6,10
bayesfl_observability_v1,ola_sparse_bayesian_keep010_seed42,135,ola,global,,,layers.1.bias,db,56,-54.03012590853376,-53.403305662264955,-53.71671578539936,0,0.0,0.6,10
bayesfl_observability_v1,ola_sparse_bayesian_keep010_seed42,135,ola,global,,,layers.1.bias,db,57,-53.403305662264955,-52.77648541599615,-53.08989553913055,0,0.0,0.6,10
bayesfl_observability_v1,ola_sparse_bayesian_keep010_seed42,135,ola,global,,,layers.1.bias,db,58,-52.77648541599615,-52.149665169727335,-52.463075292861745,0,0.0,0.6,10
bayesfl_observability_v1,ola_sparse_bayesian_keep010_seed42,135,ola,global,,,layers.1.bias,db,59,-52.149665169727335,-51.52284492345853,-51.83625504659293,0,0.0,0.6,10
bayesfl_observability_v1,ola_sparse_bayesian_keep010_seed42,135,ola,global,,,layers.1.bias,db,60,-51.52284492345853,-50.896024677189715,-51.20943480032412,0,0.0,0.6,10
bayesfl_observability_v1,ola_sparse_bayesian_keep010_seed42,135,ola,global,,,layers.1.bias,db,61,-50.896024677189715,-50.26920443092091,-50.58261455405531,0,0.0,0.6,10
bayesfl_observability_v1,ola_sparse_bayesian_keep010_seed42,135,ola,global,,,layers.1.bias,db,62,-50.26920443092091,-49.642384184652094,-49.955794307786505,0,0.0,0.6,10
bayesfl_observability_v1,ola_sparse_bayesian_keep010_seed42,135,ola,global,,,layers.1.bias,db,63,-49.642384184652094,-49.01556393838329,-49.32897406151769,0,0.0,0.6,10
bayesfl_observability_v1,ola_sparse_bayesian_keep010_seed42,135,ola,global,,,layers.1.bias,db,64,-49.01556393838329,-48.38874369211448,-48.702153815248884,0,0.0,0.6,10
bayesfl_observability_v1,ola_sparse_bayesian_keep010_seed42,135,ola,global,,,layers.1.bias,db,65,-48.38874369211448,-47.76192344584567,-48.07533356898007,0,0.0,0.6,10
bayesfl_observability_v1,ola_sparse_bayesian_keep010_seed42,135,ola,global,,,layers.1.bias,db,66,-47.76192344584567,-47.13510319957686,-47.448513322711264,0,0.0,0.6,10
bayesfl_observability_v1,ola_sparse_bayesian_keep010_seed42,135,ola,global,,,layers.1.bias,db,67,-47.13510319957686,-46.50828295330805,-46.82169307644246,0,0.0,0.6,10
bayesfl_observability_v1,ola_sparse_bayesian_keep010_seed42,135,ola,global,,,layers.1.bias,db,68,-46.50828295330805,-45.88146270703924,-46.194872830173644,1,0.15953537014041477,0.7,10
bayesfl_observability_v1,ola_sparse_bayesian_keep010_seed42,135,ola,global,,,layers.1.bias,db,69,-45.88146270703924,-45.25464246077043,-45.56805258390483,0,0.0,0.7,10
bayesfl_observability_v1,ola_sparse_bayesian_keep010_seed42,135,ola,global,,,layers.1.bias,db,70,-45.25464246077043,-44.62782221450162,-44.94123233763602,1,0.15953537014041477,0.8,10
bayesfl_observability_v1,ola_sparse_bayesian_keep010_seed42,135,ola,global,,,layers.1.bias,db,71,-44.62782221450162,-44.00100196823281,-44.31441209136722,1,0.15953537014041477,0.9,10
bayesfl_observability_v1,ola_sparse_bayesian_keep010_seed42,135,ola,global,,,layers.1.bias,db,72,-44.00100196823281,-43.374181721964,-43.68759184509841,0,0.0,0.9,10
bayesfl_observability_v1,ola_sparse_bayesian_keep010_seed42,135,ola,global,,,layers.1.bias,db,73,-43.374181721964,-42.74736147569519,-43.0607715988296,0,0.0,0.9,10
bayesfl_observability_v1,ola_sparse_bayesian_keep010_seed42,135,ola,global,,,layers.1.bias,db,74,-42.74736147569519,-42.12054122942638,-42.43395135256078,0,0.0,0.9,10
bayesfl_observability_v1,ola_sparse_bayesian_keep010_seed42,135,ola,global,,,layers.1.bias,db,75,-42.12054122942638,-41.49372098315757,-41.807131106291976,0,0.0,0.9,10
bayesfl_observability_v1,ola_sparse_bayesian_keep010_seed42,135,ola,global,,,layers.1.bias,db,76,-41.49372098315757,-40.866900736888766,-41.18031086002317,0,0.0,0.9,10
bayesfl_observability_v1,ola_sparse_bayesian_keep010_seed42,135,ola,global,,,layers.1.bias,db,77,-40.866900736888766,-40.24008049061995,-40.55349061375436,0,0.0,0.9,10
bayesfl_observability_v1,ola_sparse_bayesian_keep010_seed42,135,ola,global,,,layers.1.bias,db,78,-40.24008049061995,-39.613260244351146,-39.92667036748555,0,0.0,0.9,10
bayesfl_observability_v1,ola_sparse_bayesian_keep010_seed42,135,ola,global,,,layers.1.bias,db,79,-39.613260244351146,-38.98643999808233,-39.299850121216735,1,0.15953537014041297,1.0,10
bayesfl_observability_v1,ola_sparse_bayesian_keep010_seed42,140,ola,global,,,all,raw,0,2.0005701773262004e-08,0.0013631995563503114,0.0006816097810260424,83625,602.7861896999641,0.8217058072123415,101770
bayesfl_observability_v1,ola_sparse_bayesian_keep010_seed42,140,ola,global,,,all,raw,1,0.0013631995563503114,0.002726379106998849,0.00204478933167458,15415,111.11448866038803,0.9731748059349513,101770
bayesfl_observability_v1,ola_sparse_bayesian_keep010_seed42,140,ola,global,,,all,raw,2,0.002726379106998849,0.004089558657647387,0.003407968882323118,1846,13.30634745813015,0.9913137466836985,101770
bayesfl_observability_v1,ola_sparse_bayesian_keep010_seed42,140,ola,global,,,all,raw,3,0.004089558657647387,0.005452738208295925,0.004771148432971656,234,1.686720100326357,0.9936130490321313,101770
bayesfl_observability_v1,ola_sparse_bayesian_keep010_seed42,140,ola,global,,,all,raw,4,0.005452738208295925,0.006815917758944463,0.006134327983620194,124,0.8938174890618302,0.9948314827552324,101770
bayesfl_observability_v1,ola_sparse_bayesian_keep010_seed42,140,ola,global,,,all,raw,5,0.006815917758944463,0.008179097309593002,0.007497507534268732,81,0.5838646501129694,0.9956273951066129,101770
bayesfl_observability_v1,ola_sparse_bayesian_keep010_seed42,140,ola,global,,,all,raw,6,0.008179097309593002,0.00954227686024154,0.00886068708491727,81,0.5838646501129697,0.9964233074579936,101770
bayesfl_observability_v1,ola_sparse_bayesian_keep010_seed42,140,ola,global,,,all,raw,7,0.00954227686024154,0.010905456410890078,0.01022386663556581,68,0.49015797787261656,0.9970914807900167,101770
bayesfl_observability_v1,ola_sparse_bayesian_keep010_seed42,140,ola,global,,,all,raw,8,0.010905456410890078,0.012268635961538616,0.011587046186214346,44,0.31716104450581073,0.9975238282401494,101770
bayesfl_observability_v1,ola_sparse_bayesian_keep010_seed42,140,ola,global,,,all,raw,9,0.012268635961538616,0.013631815512187154,0.012950225736862886,31,0.22345437226545756,0.9978284366709246,101770
bayesfl_observability_v1,ola_sparse_bayesian_keep010_seed42,140,ola,global,,,all,raw,10,0.013631815512187154,0.014994995062835692,0.014313405287511422,30,0.2162461667085073,0.9981232190232878,101770
bayesfl_observability_v1,ola_sparse_bayesian_keep010_seed42,140,ola,global,,,all,raw,11,0.014994995062835692,0.01635817461348423,0.01567658483815996,25,0.18020513892375636,0.9983688709835904,101770
bayesfl_observability_v1,ola_sparse_bayesian_keep010_seed42,140,ola,global,,,all,raw,12,0.01635817461348423,0.017721354164132768,0.017039764388808498,27,0.19462155003765635,0.9986341751007173,101770
bayesfl_observability_v1,ola_sparse_bayesian_keep010_seed42,140,ola,global,,,all,raw,13,0.017721354164132768,0.019084533714781304,0.018402943939457038,17,0.12253949446815432,0.998801218433723,101770
bayesfl_observability_v1,ola_sparse_bayesian_keep010_seed42,140,ola,global,,,all,raw,14,0.019084533714781304,0.02044771326542984,0.01976612349010557,21,0.15137231669595533,0.9990075660803773,101770
bayesfl_observability_v1,ola_sparse_bayesian_keep010_seed42,140,ola,global,,,all,raw,15,0.02044771326542984,0.02181089281607838,0.02112930304075411,14,0.10091487779730329,0.9991451311781469,101770
bayesfl_observability_v1,ola_sparse_bayesian_keep010_seed42,140,ola,global,,,all,raw,16,0.02181089281607838,0.02317407236672692,0.02249248259140265,7,0.050457438898651646,0.9992139137270315,101770
bayesfl_observability_v1,ola_sparse_bayesian_keep010_seed42,140,ola,global,,,all,raw,17,0.02317407236672692,0.024537251917375456,0.02385566214205119,8,0.05766564445560203,0.9992925223543284,101770
bayesfl_observability_v1,ola_sparse_bayesian_keep010_seed42,140,ola,global,,,all,raw,18,0.024537251917375456,0.025900431468023993,0.025218841692699723,8,0.05766564445560203,0.9993711309816252,101770
bayesfl_observability_v1,ola_sparse_bayesian_keep010_seed42,140,ola,global,,,all,raw,19,0.025900431468023993,0.027263611018672532,0.026582021243348262,7,0.050457438898651646,0.99943991353051,101770
bayesfl_observability_v1,ola_sparse_bayesian_keep010_seed42,140,ola,global,,,all,raw,20,0.027263611018672532,0.028626790569321072,0.027945200793996802,3,0.021624616670850704,0.9994693917657463,101770
bayesfl_observability_v1,ola_sparse_bayesian_keep010_seed42,140,ola,global,,,all,raw,21,0.028626790569321072,0.02998997011996961,0.029308380344645342,6,0.043249233341701526,0.9995283482362189,101770
bayesfl_observability_v1,ola_sparse_bayesian_keep010_seed42,140,ola,global,,,all,raw,22,0.02998997011996961,0.03135314967061815,0.030671559895293878,10,0.07208205556950235,0.99962660902034,101770
bayesfl_observability_v1,ola_sparse_bayesian_keep010_seed42,140,ola,global,,,all,raw,23,0.03135314967061815,0.03271632922126669,0.032034739445942415,2,0.01441641111390047,0.9996462611771642,101770
bayesfl_observability_v1,ola_sparse_bayesian_keep010_seed42,140,ola,global,,,all,raw,24,0.03271632922126669,0.03407950877191523,0.03339791899659096,4,0.02883282222780094,0.9996855654908127,101770
bayesfl_observability_v1,ola_sparse_bayesian_keep010_seed42,140,ola,global,,,all,raw,25,0.03407950877191523,0.03544268832256377,0.034761098547239494,3,0.021624616670850704,0.9997150437260489,101770
bayesfl_observability_v1,ola_sparse_bayesian_keep010_seed42,140,ola,global,,,all,raw,26,0.03544268832256377,0.0368058678732123,0.036124278097888034,2,0.014416411113900544,0.9997346958828731,101770
bayesfl_observability_v1,ola_sparse_bayesian_keep010_seed42,140,ola,global,,,all,raw,27,0.0368058678732123,0.03816904742386084,0.037487457648536573,1,0.007208205556950235,0.9997445219612853,101770
bayesfl_observability_v1,ola_sparse_bayesian_keep010_seed42,140,ola,global,,,all,raw,28,0.03816904742386084,0.03953222697450938,0.038850637199185106,2,0.01441641111390047,0.9997641741181095,101770
bayesfl_observability_v1,ola_sparse_bayesian_keep010_seed42,140,ola,global,,,all,raw,29,0.03953222697450938,0.04089540652515791,0.040213816749833646,4,0.028832822227801088,0.9998034784317579,101770
bayesfl_observability_v1,ola_sparse_bayesian_keep010_seed42,140,ola,global,,,all,raw,30,0.04089540652515791,0.04225858607580645,0.041576996300482186,2,0.01441641111390047,0.9998231305885821,101770
bayesfl_observability_v1,ola_sparse_bayesian_keep010_seed42,140,ola,global,,,all,raw,31,0.04225858607580645,0.04362176562645499,0.04294017585113072,0,0.0,0.9998231305885821,101770
bayesfl_observability_v1,ola_sparse_bayesian_keep010_seed42,140,ola,global,,,all,raw,32,0.04362176562645499,0.04498494517710353,0.044303355401779265,1,0.007208205556950235,0.9998329566669942,101770
bayesfl_observability_v1,ola_sparse_bayesian_keep010_seed42,140,ola,global,,,all,raw,33,0.04498494517710353,0.04634812472775207,0.0456665349524278,2,0.01441641111390047,0.9998526088238184,101770
bayesfl_observability_v1,ola_sparse_bayesian_keep010_seed42,140,ola,global,,,all,raw,34,0.04634812472775207,0.047711304278400604,0.04702971450307634,0,0.0,0.9998526088238184,101770
bayesfl_observability_v1,ola_sparse_bayesian_keep010_seed42,140,ola,global,,,all,raw,35,0.047711304278400604,0.049074483829049144,0.04839289405372488,0,0.0,0.9998526088238184,101770
bayesfl_observability_v1,ola_sparse_bayesian_keep010_seed42,140,ola,global,,,all,raw,36,0.049074483829049144,0.050437663379697684,0.04975607360437341,1,0.007208205556950235,0.9998624349022305,101770
bayesfl_observability_v1,ola_sparse_bayesian_keep010_seed42,140,ola,global,,,all,raw,37,0.050437663379697684,0.051800842930346216,0.05111925315502195,1,0.007208205556950272,0.9998722609806426,101770
bayesfl_observability_v1,ola_sparse_bayesian_keep010_seed42,140,ola,global,,,all,raw,38,0.051800842930346216,0.053164022480994756,0.05248243270567049,0,0.0,0.9998722609806426,101770
bayesfl_observability_v1,ola_sparse_bayesian_keep010_seed42,140,ola,global,,,all,raw,39,0.053164022480994756,0.054527202031643296,0.05384561225631902,1,0.007208205556950235,0.9998820870590547,101770
bayesfl_observability_v1,ola_sparse_bayesian_keep010_seed42,140,ola,global,,,all,raw,40,0.054527202031643296,0.055890381582291836,0.05520879180696757,1,0.007208205556950235,0.9998919131374668,101770
bayesfl_observability_v1,ola_sparse_bayesian_keep010_seed42,140,ola,global,,,all,raw,41,0.055890381582291836,0.057253561132940375,0.0565719713576161,2,0.01441641111390047,0.999911565294291,101770
bayesfl_observability_v1,ola_sparse_bayesian_keep010_seed42,140,ola,global,,,all,raw,42,0.057253561132940375,0.05861674068358891,0.05793515090826464,0,0.0,0.999911565294291,101770
bayesfl_observability_v1,ola_sparse_bayesian_keep010_seed42,140,ola,global,,,all,raw,43,0.05861674068358891,0.05997992023423745,0.05929833045891318,0,0.0,0.999911565294291,101770
bayesfl_observability_v1,ola_sparse_bayesian_keep010_seed42,140,ola,global,,,all,raw,44,0.05997992023423745,0.06134309978488599,0.060661510009561714,0,0.0,0.999911565294291,101770
bayesfl_observability_v1,ola_sparse_bayesian_keep010_seed42,140,ola,global,,,all,raw,45,0.06134309978488599,0.06270627933553452,0.062024689560210254,3,0.021624616670850815,0.9999410435295274,101770
bayesfl_observability_v1,ola_sparse_bayesian_keep010_seed42,140,ola,global,,,all,raw,46,0.06270627933553452,0.06406945888618307,0.0633878691108588,0,0.0,0.9999410435295274,101770
bayesfl_observability_v1,ola_sparse_bayesian_keep010_seed42,140,ola,global,,,all,raw,47,0.06406945888618307,0.0654326384368316,0.06475104866150733,1,0.007208205556950272,0.9999508696079394,101770
bayesfl_observability_v1,ola_sparse_bayesian_keep010_seed42,140,ola,global,,,all,raw,48,0.0654326384368316,0.06679581798748013,0.06611422821215587,1,0.007208205556950272,0.9999606956863516,101770
bayesfl_observability_v1,ola_sparse_bayesian_keep010_seed42,140,ola,global,,,all,raw,49,0.06679581798748013,0.06815899753812868,0.0674774077628044,0,0.0,0.9999606956863516,101770
bayesfl_observability_v1,ola_sparse_bayesian_keep010_seed42,140,ola,global,,,all,raw,50,0.06815899753812868,0.06952217708877721,0.06884058731345294,0,0.0,0.9999606956863516,101770
bayesfl_observability_v1,ola_sparse_bayesian_keep010_seed42,140,ola,global,,,all,raw,51,0.06952217708877721,0.07088535663942576,0.07020376686410149,1,0.007208205556950198,0.9999705217647636,101770
bayesfl_observability_v1,ola_sparse_bayesian_keep010_seed42,140,ola,global,,,all,raw,52,0.07088535663942576,0.07224853619007429,0.07156694641475003,1,0.007208205556950272,0.9999803478431758,101770
bayesfl_observability_v1,ola_sparse_bayesian_keep010_seed42,140,ola,global,,,all,raw,53,0.07224853619007429,0.07361171574072282,0.07293012596539855,0,0.0,0.9999803478431758,101770
bayesfl_observability_v1,ola_sparse_bayesian_keep010_seed42,140,ola,global,,,all,raw,54,0.07361171574072282,0.07497489529137137,0.0742933055160471,0,0.0,0.9999803478431758,101770
bayesfl_observability_v1,ola_sparse_bayesian_keep010_seed42,140,ola,global,,,all,raw,55,0.07497489529137137,0.0763380748420199,0.07565648506669564,0,0.0,0.9999803478431758,101770
bayesfl_observability_v1,ola_sparse_bayesian_keep010_seed42,140,ola,global,,,all,raw,56,0.0763380748420199,0.07770125439266844,0.07701966461734416,0,0.0,0.9999803478431758,101770
bayesfl_observability_v1,ola_sparse_bayesian_keep010_seed42,140,ola,global,,,all,raw,57,0.07770125439266844,0.07906443394331698,0.07838284416799271,0,0.0,0.9999803478431758,101770
bayesfl_observability_v1,ola_sparse_bayesian_keep010_seed42,140,ola,global,,,all,raw,58,0.07906443394331698,0.08042761349396552,0.07974602371864126,0,0.0,0.9999803478431758,101770
bayesfl_observability_v1,ola_sparse_bayesian_keep010_seed42,140,ola,global,,,all,raw,59,0.08042761349396552,0.08179079304461405,0.08110920326928978,0,0.0,0.9999803478431758,101770
bayesfl_observability_v1,ola_sparse_bayesian_keep010_seed42,140,ola,global,,,all,raw,60,0.08179079304461405,0.0831539725952626,0.08247238281993832,0,0.0,0.9999803478431758,101770
bayesfl_observability_v1,ola_sparse_bayesian_keep010_seed42,140,ola,global,,,all,raw,61,0.0831539725952626,0.08451715214591113,0.08383556237058687,0,0.0,0.9999803478431758,101770
bayesfl_observability_v1,ola_sparse_bayesian_keep010_seed42,140,ola,global,,,all,raw,62,0.08451715214591113,0.08588033169655968,0.0851987419212354,0,0.0,0.9999803478431758,101770
bayesfl_observability_v1,ola_sparse_bayesian_keep010_seed42,140,ola,global,,,all,raw,63,0.08588033169655968,0.08724351124720821,0.08656192147188393,0,0.0,0.9999803478431758,101770
bayesfl_observability_v1,ola_sparse_bayesian_keep010_seed42,140,ola,global,,,all,raw,64,0.08724351124720821,0.08860669079785674,0.08792510102253248,0,0.0,0.9999803478431758,101770
bayesfl_observability_v1,ola_sparse_bayesian_keep010_seed42,140,ola,global,,,all,raw,65,0.08860669079785674,0.08996987034850529,0.08928828057318101,0,0.0,0.9999803478431758,101770
bayesfl_observability_v1,ola_sparse_bayesian_keep010_seed42,140,ola,global,,,all,raw,66,0.08996987034850529,0.09133304989915382,0.09065146012382955,0,0.0,0.9999803478431758,101770
bayesfl_observability_v1,ola_sparse_bayesian_keep010_seed42,140,ola,global,,,all,raw,67,0.09133304989915382,0.09269622944980237,0.0920146396744781,0,0.0,0.9999803478431758,101770
bayesfl_observability_v1,ola_sparse_bayesian_keep010_seed42,140,ola,global,,,all,raw,68,0.09269622944980237,0.0940594090004509,0.09337781922512664,1,0.007208205556950272,0.9999901739215878,101770
bayesfl_observability_v1,ola_sparse_bayesian_keep010_seed42,140,ola,global,,,all,raw,69,0.0940594090004509,0.09542258855109943,0.09474099877577516,0,0.0,0.9999901739215878,101770
bayesfl_observability_v1,ola_sparse_bayesian_keep010_seed42,140,ola,global,,,all,raw,70,0.09542258855109943,0.09678576810174798,0.0961041783264237,0,0.0,0.9999901739215878,101770
bayesfl_observability_v1,ola_sparse_bayesian_keep010_seed42,140,ola,global,,,all,raw,71,0.09678576810174798,0.09814894765239651,0.09746735787707225,0,0.0,0.9999901739215878,101770
bayesfl_observability_v1,ola_sparse_bayesian_keep010_seed42,140,ola,global,,,all,raw,72,0.09814894765239651,0.09951212720304504,0.09883053742772077,0,0.0,0.9999901739215878,101770
bayesfl_observability_v1,ola_sparse_bayesian_keep010_seed42,140,ola,global,,,all,raw,73,0.09951212720304504,0.10087530675369359,0.10019371697836932,0,0.0,0.9999901739215878,101770
bayesfl_observability_v1,ola_sparse_bayesian_keep010_seed42,140,ola,global,,,all,raw,74,0.10087530675369359,0.10223848630434212,0.10155689652901786,0,0.0,0.9999901739215878,101770
bayesfl_observability_v1,ola_sparse_bayesian_keep010_seed42,140,ola,global,,,all,raw,75,0.10223848630434212,0.10360166585499066,0.10292007607966638,0,0.0,0.9999901739215878,101770
bayesfl_observability_v1,ola_sparse_bayesian_keep010_seed42,140,ola,global,,,all,raw,76,0.10360166585499066,0.1049648454056392,0.10428325563031493,0,0.0,0.9999901739215878,101770
bayesfl_observability_v1,ola_sparse_bayesian_keep010_seed42,140,ola,global,,,all,raw,77,0.1049648454056392,0.10632802495628774,0.10564643518096348,0,0.0,0.9999901739215878,101770
bayesfl_observability_v1,ola_sparse_bayesian_keep010_seed42,140,ola,global,,,all,raw,78,0.10632802495628774,0.10769120450693628,0.10700961473161201,0,0.0,0.9999901739215878,101770
bayesfl_observability_v1,ola_sparse_bayesian_keep010_seed42,140,ola,global,,,all,raw,79,0.10769120450693628,0.10905438405758482,0.10837279428226054,1,0.007208205556950272,1.0,101770
bayesfl_observability_v1,ola_sparse_bayesian_keep010_seed42,140,ola,global,,,all,db,0,-153.97649003110982,-152.29237312342295,-153.13443157726638,1,5.834558377305181e-06,9.826078412105729e-06,101770
bayesfl_observability_v1,ola_sparse_bayesian_keep010_seed42,140,ola,global,,,all,db,1,-152.29237312342295,-150.6082562157361,-151.45031466957954,1,5.834558377305278e-06,1.9652156824211458e-05,101770
bayesfl_observability_v1,ola_sparse_bayesian_keep010_seed42,140,ola,global,,,all,db,2,-150.6082562157361,-148.92413930804923,-149.76619776189267,1,5.834558377305181e-06,2.9478235236317185e-05,101770
bayesfl_observability_v1,ola_sparse_bayesian_keep010_seed42,140,ola,global,,,all,db,3,-148.92413930804923,-147.2400224003624,-148.0820808542058,1,5.834558377305278e-06,3.9304313648422916e-05,101770
bayesfl_observability_v1,ola_sparse_bayesian_keep010_seed42,140,ola,global,,,all,db,4,-147.2400224003624,-145.55590549267552,-146.39796394651896,1,5.834558377305181e-06,4.913039206052864e-05,101770
bayesfl_observability_v1,ola_sparse_bayesian_keep010_seed42,140,ola,global,,,all,db,5,-145.55590549267552,-143.87178858498868,-144.7138470388321,0,0.0,4.913039206052864e-05,101770
bayesfl_observability_v1,ola_sparse_bayesian_keep010_seed42,140,ola,global,,,all,db,6,-143.87178858498868,-142.1876716773018,-143.02973013114524,1,5.834558377305181e-06,5.895647047263437e-05,101770
bayesfl_observability_v1,ola_sparse_bayesian_keep010_seed42,140,ola,global,,,all,db,7,-142.1876716773018,-140.50355476961496,-141.34561322345837,1,5.834558377305278e-06,6.87825488847401e-05,101770
bayesfl_observability_v1,ola_sparse_bayesian_keep010_seed42,140,ola,global,,,all,db,8,-140.50355476961496,-138.8194378619281,-139.66149631577153,3,1.750367513191554e-05,9.826078412105728e-05,101770
bayesfl_observability_v1,ola_sparse_bayesian_keep010_seed42,140,ola,global,,,all,db,9,-138.8194378619281,-137.13532095424125,-137.9773794080847,1,5.834558377305278e-06,0.00010808686253316301,101770
bayesfl_observability_v1,ola_sparse_bayesian_keep010_seed42,140,ola,global,,,all,db,10,-137.13532095424125,-135.45120404655438,-136.29326250039782,2,1.1669116754610362e-05,0.00012773901935737446,101770
bayesfl_observability_v1,ola_sparse_bayesian_keep010_seed42,140,ola,global,,,all,db,11,-135.45120404655438,-133.76708713886754,-134.60914559271095,2,1.1669116754610557e-05,0.00014739117618158592,101770
bayesfl_observability_v1,ola_sparse_bayesian_keep010_seed42,140,ola,global,,,all,db,12,-133.76708713886754,-132.08297023118067,-132.9250286850241,4,2.3338233509220724e-05,0.00018669548983000884,101770
bayesfl_observability_v1,ola_sparse_bayesian_keep010_seed42,140,ola,global,,,all,db,13,-132.08297023118067,-130.39885332349382,-131.24091177733726,12,7.001470052766334e-05,0.0003046084307752776,101770
bayesfl_observability_v1,ola_sparse_bayesian_keep010_seed42,140,ola,global,,,all,db,14,-130.39885332349382,-128.71473641580695,-129.5567948696504,1,5.834558377305181e-06,0.00031443450918738333,101770
bayesfl_observability_v1,ola_sparse_bayesian_keep010_seed42,140,ola,global,,,all,db,15,-128.71473641580695,-127.0306195081201,-127.87267796196352,3,1.750367513191569e-05,0.0003439127444237005,101770
bayesfl_observability_v1,ola_sparse_bayesian_keep010_seed42,140,ola,global,,,all,db,16,-127.0306195081201,-125.34650260043324,-126.18856105427668,10,5.83455837730523e-05,0.0004421735285447578,101770
bayesfl_observability_v1,ola_sparse_bayesian_keep010_seed42,140,ola,global,,,all,db,17,-125.34650260043324,-123.66238569274638,-124.5044441465898,8,4.667646701844184e-05,0.0005207821558416036,101770
bayesfl_observability_v1,ola_sparse_bayesian_keep010_seed42,140,ola,global,,,all,db,18,-123.66238569274638,-121.97826878505953,-122.82032723890296,10,5.83455837730523e-05,0.0006190429399626609,101770
bayesfl_observability_v1,ola_sparse_bayesian_keep010_seed42,140,ola,global,,,all,db,19,-121.97826878505953,-120.29415187737267,-121.13621033121609,6,3.500735026383138e-05,0.0006779994104352953,101770
bayesfl_observability_v1,ola_sparse_bayesian_keep010_seed42,140,ola,global,,,all,db,20,-120.29415187737267,-118.61003496968581,-119.45209342352925,10,5.83455837730523e-05,0.0007762601945563526,101770
bayesfl_observability_v1,ola_sparse_bayesian_keep010_seed42,140,ola,global,,,all,db,21,-118.61003496968581,-116.92591806199896,-117.76797651584238,24,0.00014002940105532552,0.00101208607644689,101770
bayesfl_observability_v1,ola_sparse_bayesian_keep010_seed42,140,ola,global,,,all,db,22,-116.92591806199896,-115.2418011543121,-116.08385960815554,22,0.00012836028430071507,0.001228259801513216,101770
bayesfl_observability_v1,ola_sparse_bayesian_keep010_seed42,140,ola,global,,,all,db,23,-115.2418011543121,-113.55768424662524,-114.39974270046866,36,0.0002100441015829883,0.0015819986243490224,101770
bayesfl_observability_v1,ola_sparse_bayesian_keep010_seed42,140,ola,global,,,all,db,24,-113.55768424662524,-111.87356733893839,-112.71562579278182,30,0.0001750367513191569,0.0018767809767121942,101770
bayesfl_observability_v1,ola_sparse_bayesian_keep010_seed42,140,ola,global,,,all,db,25,-111.87356733893839,-110.18945043125153,-111.03150888509495,39,0.000227547776714904,0.0022599980347843174,101770
bayesfl_observability_v1,ola_sparse_bayesian_keep010_seed42,140,ola,global,,,all,db,26,-110.18945043125153,-108.50533352356467,-109.34739197740811,41,0.00023921689346951443,0.0026628672496806526,101770
bayesfl_observability_v1,ola_sparse_bayesian_keep010_seed42,140,ola,global,,,all,db,27,-108.50533352356467,-106.8212166158778,-107.66327506972124,65,0.0003792462945248367,0.003301562346467525,101770
bayesfl_observability_v1,ola_sparse_bayesian_keep010_seed42,140,ola,global,,,all,db,28,-106.8212166158778,-105.13709970819096,-105.97915816203438,54,0.00031506615237448507,0.0038321705807212343,101770
bayesfl_observability_v1,ola_sparse_bayesian_keep010_seed42,140,ola,global,,,all,db,29,-105.13709970819096,-103.45298280050409,-104.29504125434752,88,0.0005134411372028559,0.0046968654809865385,101770
bayesfl_observability_v1,ola_sparse_bayesian_keep010_seed42,140,ola,global,,,all,db,30,-103.45298280050409,-101.76886589281725,-102.61092434666067,111,0.000647635979880886,0.005787560184730274,101770
bayesfl_observability_v1,ola_sparse_bayesian_keep010_seed42,140,ola,global,,,all,db,31,-101.76886589281725,-100.08474898513037,-100.92680743897381,137,0.0007993344976908097,0.007133732927188759,101770
bayesfl_observability_v1,ola_sparse_bayesian_keep010_seed42,140,ola,global,,,all,db,32,-100.08474898513037,-98.40063207744353,-99.24269053128695,140,0.000816838172822739,0.008509383904883561,101770
bayesfl_observability_v1,ola_sparse_bayesian_keep010_seed42,140,ola,global,,,all,db,33,-98.40063207744353,-96.71651516975666,-97.5585736236001,162,0.0009451984571234393,0.010101208607644688,101770
bayesfl_observability_v1,ola_sparse_bayesian_keep010_seed42,140,ola,global,,,all,db,34,-96.71651516975666,-95.03239826206982,-95.87445671591324,232,0.0013536175435348247,0.012380858799253217,101770
bayesfl_observability_v1,ola_sparse_bayesian_keep010_seed42,140,ola,global,,,all,db,35,-95.03239826206982,-93.34828135438295,-94.19033980822638,269,0.0015694962034950937,0.01502407389210966,101770
bayesfl_observability_v1,ola_sparse_bayesian_keep010_seed42,140,ola,global,,,all,db,36,-93.34828135438295,-91.6641644466961,-92.50622290053953,322,0.0018787277974922998,0.018188071140807702,101770
bayesfl_observability_v1,ola_sparse_bayesian_keep010_seed42,140,ola,global,,,all,db,37,-91.6641644466961,-89.98004753900923,-90.82210599285267,371,0.002164621157980222,0.02183354623169893,101770
bayesfl_observability_v1,ola_sparse_bayesian_keep010_seed42,140,ola,global,,,all,db,38,-89.98004753900923,-88.29593063132238,-89.1379890851658,452,0.0026372203865419643,0.02627493367397072,101770
bayesfl_observability_v1,ola_sparse_bayesian_keep010_seed42,140,ola,global,,,all,db,39,-88.29593063132238,-86.61181372363552,-87.45387217747896,578,0.003372374742082423,0.031954406996167826,101770
bayesfl_observability_v1,ola_sparse_bayesian_keep010_seed42,140,ola,global,,,all,db,40,-86.61181372363552,-84.92769681594866,-85.76975526979209,661,0.0038566430873987574,0.038449444826569715,101770
bayesfl_observability_v1,ola_sparse_bayesian_keep010_seed42,140,ola,global,,,all,db,41,-84.92769681594866,-83.24357990826181,-84.08563836210524,821,0.0047901724277675944,0.04651665520290852,101770
bayesfl_observability_v1,ola_sparse_bayesian_keep010_seed42,140,ola,global,,,all,db,42,-83.24357990826181,-81.55946300057495,-82.40152145441837,998,0.00582288926055062,0.05632308145819004,101770
bayesfl_observability_v1,ola_sparse_bayesian_keep010_seed42,140,ola,global,,,all,db,43,-81.55946300057495,-79.8753460928881,-80.71740454673153,1261,0.007357378113781896,0.06871376633585537,101770
bayesfl_observability_v1,ola_sparse_bayesian_keep010_seed42,140,ola,global,,,all,db,44,-79.8753460928881,-78.19122918520124,-79.03328763904466,1512,0.008821852266485509,0.08357079689495922,101770
bayesfl_observability_v1,ola_sparse_bayesian_keep010_seed42,140,ola,global,,,all,db,45,-78.19122918520124,-76.50711227751438,-77.34917073135782,1756,0.010245484510547985,0.10082539058661688,101770
bayesfl_observability_v1,ola_sparse_bayesian_keep010_seed42,140,ola,global,,,all,db,46,-76.50711227751438,-74.82299536982752,-75.66505382367095,2233,0.01302856885652258,0.12276702368084898,101770
bayesfl_observability_v1,ola_sparse_bayesian_keep010_seed42,140,ola,global,,,all,db,47,-74.82299536982752,-73.13887846214067,-73.9809369159841,2698,0.01574163850196951,0.14927778323671023,101770
bayesfl_observability_v1,ola_sparse_bayesian_keep010_seed42,140,ola,global,,,all,db,48,-73.13887846214067,-71.45476155445381,-72.29682000829723,3216,0.018763939741413622,0.18087845141004225,101770
bayesfl_observability_v1,ola_sparse_bayesian_keep010_seed42,140,ola,global,,,all,db,49,-71.45476155445381,-69.77064464676695,-70.61270310061039,4012,0.023408248209748583,0.22030067799941044,101770
bayesfl_observability_v1,ola_sparse_bayesian_keep010_seed42,140,ola,global,,,all,db,50,-69.77064464676695,-68.0865277390801,-68.92858619292352,4811,0.02807006035321546,0.26757394124005107,101770
bayesfl_observability_v1,ola_sparse_bayesian_keep010_seed42,140,ola,global,,,all,db,51,-68.0865277390801,-66.40241083139324,-67.24446928523668,5860,0.03419051209100865,0.32515476073499067,101770
bayesfl_observability_v1,ola_sparse_bayesian_keep010_seed42,140,ola,global,,,all,db,52,-66.40241083139324,-64.71829392370638,-65.5603523775498,7014,0.04092359245841889,0.39407487471750025,101770
bayesfl_observability_v1,ola_sparse_bayesian_keep010_seed42,140,ola,global,,,all,db,53,-64.71829392370638,-63.03417701601951,-63.87623546986295,8466,0.04939537122226566,0.4772624545543873,101770
bayesfl_observability_v1,ola_sparse_bayesian_keep010_seed42,140,ola,global,,,all,db,54,-63.03417701601951,-61.350060108332656,-62.192118562176084,10031,0.058526455082748764,0.5758278471062199,101770
bayesfl_observability_v1,ola_sparse_bayesian_keep010_seed42,140,ola,global,,,all,db,55,-61.350060108332656,-59.6659432006458,-60.50800165448923,12288,0.07169505334032666,0.6965706986341751,101770
bayesfl_observability_v1,ola_sparse_bayesian_keep010_seed42,140,ola,global,,,all,db,56,-59.6659432006458,-57.98182629295894,-58.82388474680237,10033,0.058538124199503376,0.7951557433428319,101770
bayesfl_observability_v1,ola_sparse_bayesian_keep010_seed42,140,ola,global,,,all,db,57,-57.98182629295894,-56.297709385272086,-57.139767839115514,6236,0.03638430604087541,0.8564311683207232,101770
bayesfl_observability_v1,ola_sparse_bayesian_keep010_seed42,140,ola,global,,,all,db,58,-56.297709385272086,-54.61359247758523,-55.45565093142866,5210,0.03039804914576025,0.907625036847794,101770
bayesfl_observability_v1,ola_sparse_bayesian_keep010_seed42,140,ola,global,,,all,db,59,-54.61359247758523,-52.92947556989837,-53.7715340237418,4048,0.02361829231133157,0.947401002259998,101770
bayesfl_observability_v1,ola_sparse_bayesian_keep010_seed42,140,ola,global,,,all,db,60,-52.92947556989837,-51.245358662211515,-52.087417116054944,2668,0.015566601750650354,0.9736169794634961,101770
bayesfl_observability_v1,ola_sparse_bayesian_keep010_seed42,140,ola,global,,,all,db,61,-51.245358662211515,-49.56124175452466,-50.40330020836809,1306,0.007619933240760631,0.9864498378697062,101770
bayesfl_observability_v1,ola_sparse_bayesian_keep010_seed42,140,ola,global,,,all,db,62,-49.56124175452466,-47.8771248468378,-48.71918330068123,479,0.0027947534627292053,0.9911565294291048,101770
bayesfl_observability_v1,ola_sparse_bayesian_keep010_seed42,140,ola,global,,,all,db,63,-47.8771248468378,-46.193007939150945,-47.03506639299437,177,0.0010327168327830258,0.9928957453080476,101770
bayesfl_observability_v1,ola_sparse_bayesian_keep010_seed42,140,ola,global,,,all,db,64,-46.193007939150945,-44.50889103146409,-45.35094948530752,115,0.0006709742133901015,0.9940257443254397,101770
bayesfl_observability_v1,ola_sparse_bayesian_keep010_seed42,140,ola,global,,,all,db,65,-44.50889103146409,-42.82477412377723,-43.66683257762066,100,0.0005834558377305231,0.9950083521666503,101770
bayesfl_observability_v1,ola_sparse_bayesian_keep010_seed42,140,ola,global,,,all,db,66,-42.82477412377723,-41.140657216090375,-41.9827156699338,99,0.0005776212793532178,0.9959811339294488,101770
bayesfl_observability_v1,ola_sparse_bayesian_keep010_seed42,140,ola,global,,,all,db,67,-41.140657216090375,-39.45654030840352,-40.29859876224695,102,0.0005951249544851334,0.9969833939274836,101770
bayesfl_observability_v1,ola_sparse_bayesian_keep010_seed42,140,ola,global,,,all,db,68,-39.45654030840352,-37.77242340071666,-38.61448185456009,73,0.0004259227615432818,0.9977006976515672,101770
bayesfl_observability_v1,ola_sparse_bayesian_keep010_seed42,140,ola,global,,,all,db,69,-37.77242340071666,-36.088306493029805,-36.93036494687323,54,0.0003150661523744824,0.998231305885821,101770
bayesfl_observability_v1,ola_sparse_bayesian_keep010_seed42,140,ola,global,,,all,db,70,-36.088306493029805,-34.40418958534295,-35.246248039186376,57,0.0003325698275063981,0.998791392355311,101770
bayesfl_observability_v1,ola_sparse_bayesian_keep010_seed42,140,ola,global,,,all,db,71,-34.40418958534295,-32.72007267765609,-33.56213113149952,43,0.0002508860102241249,0.9992139137270315,101770
bayesfl_observability_v1,ola_sparse_bayesian_keep010_seed42,140,ola,global,,,all,db,72,-32.72007267765609,-31.035955769969235,-31.878014223812663,24,0.00014002940105532552,0.999449739608922,101770
bayesfl_observability_v1,ola_sparse_bayesian_keep010_seed42,140,ola,global,,,all,db,73,-31.035955769969235,-29.351838862282378,-30.193897316125806,24,0.00014002940105532552,0.9996855654908127,101770
bayesfl_observability_v1,ola_sparse_bayesian_keep010_seed42,140,ola,global,,,all,db,74,-29.351838862282378,-27.667721954595507,-28.509780408438942,12,7.001470052766216e-05,0.9998034784317579,101770
bayesfl_observability_v1,ola_sparse_bayesian_keep010_seed42,140,ola,global,,,all,db,75,-27.667721954595507,-25.98360504690865,-26.82566350075208,6,3.500735026383138e-05,0.9998624349022305,101770
bayesfl_observability_v1,ola_sparse_bayesian_keep010_seed42,140,ola,global,,,all,db,76,-25.98360504690865,-24.299488139221808,-25.14154659306523,5,2.9172791886526395e-05,0.999911565294291,101770
bayesfl_observability_v1,ola_sparse_bayesian_keep010_seed42,140,ola,global,,,all,db,77,-24.299488139221808,-22.615371231534937,-23.457429685378372,7,4.084190864113627e-05,0.9999803478431758,101770
bayesfl_observability_v1,ola_sparse_bayesian_keep010_seed42,140,ola,global,,,all,db,78,-22.615371231534937,-20.931254323848094,-21.773312777691515,0,0.0,0.9999803478431758,101770
bayesfl_observability_v1,ola_sparse_bayesian_keep010_seed42,140,ola,global,,,all,db,79,-20.931254323848094,-19.247137416161237,-20.089195870004666,2,1.166911675461046e-05,1.0,101770
bayesfl_observability_v1,ola_sparse_bayesian_keep010_seed42,140,ola,global,,,layers.0.weight,raw,0,2.0005701773262004e-08,6.803237208985683e-05,3.402618889581504e-05,4668,683.9383074789197,0.04651626275510204,100352
bayesfl_observability_v1,ola_sparse_bayesian_keep010_seed42,140,ola,global,,,layers.0.weight,raw,1,6.803237208985683e-05,0.0001360447384779404,0.00010203855528389862,4635,679.1032680301611,0.09270368303571429,100352
bayesfl_observability_v1,ola_sparse_bayesian_keep010_seed42,140,ola,global,,,layers.0.weight,raw,2,0.0001360447384779404,0.000204057104866024,0.0001700509216719822,4688,686.868634417561,0.13941924426020408,100352
bayesfl_observability_v1,ola_sparse_bayesian_keep010_seed42,140,ola,global,,,layers.0.weight,raw,3,0.000204057104866024,0.0002720694712541075,0.00023806328806006576,4695,687.894248846086,0.18620455994897958,100352
bayesfl_observability_v1,ola_sparse_bayesian_keep010_seed42,140,ola,global,,,layers.0.weight,raw,4,0.0002720694712541075,0.00034008183764219107,0.00030607565444814926,4668,683.9383074789198,0.23272082270408162,100352
bayesfl_observability_v1,ola_sparse_bayesian_keep010_seed42,140,ola,global,,,layers.0.weight,raw,5,0.00034008183764219107,0.0004080942040302747,0.00037408802083623287,4759,697.271295049738,0.28014389349489793,100352
bayesfl_observability_v1,ola_sparse_bayesian_keep010_seed42,140,ola,global,,,layers.0.weight,raw,6,0.0004080942040302747,0.00047610657041835823,0.0004421003872243165,4709,689.9454777031348,0.3270687181122449,100352
bayesfl_observability_v1,ola_sparse_bayesian_keep010_seed42,140,ola,global,,,layers.0.weight,raw,7,0.00047610657041835823,0.0005441189368064418,0.0005101127536124,4679,685.5499872951726,0.3736945950255102,100352
bayesfl_observability_v1,ola_sparse_bayesian_keep010_seed42,140,ola,global,,,layers.0.weight,raw,8,0.0005441189368064418,0.0006121313031945254,0.0005781251200004836,4609,675.293843009927,0.4196229272959184,100352
bayesfl_observability_v1,ola_sparse_bayesian_keep010_seed42,140,ola,global,,,layers.0.weight,raw,9,0.0006121313031945254,0.0006801436695826089,0.0006461374863885672,4637,679.3963007240261,0.4658302774234694,100352
bayesfl_observability_v1,ola_sparse_bayesian_keep010_seed42,140,ola,global,,,layers.0.weight,raw,10,0.0006801436695826089,0.0007481560359706925,0.0007141498527766507,4516,661.667822745244,0.5108318718112245,100352
bayesfl_observability_v1,ola_sparse_bayesian_keep010_seed42,140,ola,global,,,layers.0.weight,raw,11,0.0007481560359706925,0.0008161684023587761,0.0007821622191647343,4522,662.5469208268365,0.5558932557397959,100352
bayesfl_observability_v1,ola_sparse_bayesian_keep010_seed42,140,ola,global,,,layers.0.weight,raw,12,0.0008161684023587761,0.0008841807687468596,0.0008501745855528178,4509,660.6422083167206,0.6008250956632653,100352
bayesfl_observability_v1,ola_sparse_bayesian_keep010_seed42,140,ola,global,,,layers.0.weight,raw,13,0.0008841807687468596,0.0009521931351349432,0.0009181869519409014,4618,676.6124901323155,0.646843112244898,100352
bayesfl_observability_v1,ola_sparse_bayesian_keep010_seed42,140,ola,global,,,layers.0.weight,raw,14,0.0009521931351349432,0.0010202055015230268,0.000986199318328985,4542,665.477247765478,0.6921037946428571,100352
bayesfl_observability_v1,ola_sparse_bayesian_keep010_seed42,140,ola,global,,,layers.0.weight,raw,15,0.0010202055015230268,0.0010882178679111104,0.0010542116847170686,4119,603.5008330132109,0.7331493144132653,100352
bayesfl_observability_v1,ola_sparse_bayesian_keep010_seed42,140,ola,global,,,layers.0.weight,raw,16,0.0010882178679111104,0.001156230234299194,0.0011222240511051522,3307,484.5295593043672,0.7661033163265306,100352
bayesfl_observability_v1,ola_sparse_bayesian_keep010_seed42,140,ola,global,,,layers.0.weight,raw,17,0.001156230234299194,0.0012242426006872776,0.0011902364174932358,2608,382.11463279884777,0.7920918367346939,100352
bayesfl_observability_v1,ola_sparse_bayesian_keep010_seed42,140,ola,global,,,layers.0.weight,raw,18,0.0012242426006872776,0.001292254967075361,0.0012582487838813192,2081,304.90051796564603,0.8128288424744898,100352
bayesfl_observability_v1,ola_sparse_bayesian_keep010_seed42,140,ola,global,,,layers.0.weight,raw,19,0.001292254967075361,0.0013602673334634446,0.0013262611502694028,1711,250.6894696007778,0.8298788265306123,100352
bayesfl_observability_v1,ola_sparse_bayesian_keep010_seed42,140,ola,global,,,layers.0.weight,raw,20,0.0013602673334634446,0.0014282796998515283,0.0013942735166574865,1489,218.1628405818575,0.8447165975765306,100352
bayesfl_observability_v1,ola_sparse_bayesian_keep010_seed42,140,ola,global,,,layers.0.weight,raw,21,0.0014282796998515283,0.0014962920662396119,0.00146228588304557,1422,208.34624533740856,0.85888671875,100352
bayesfl_observability_v1,ola_sparse_bayesian_keep010_seed42,140,ola,global,,,layers.0.weight,raw,22,0.0014962920662396119,0.0015643044326276955,0.0015302982494336537,1276,186.95485868532583,0.8716019610969388,100352
bayesfl_observability_v1,ola_sparse_bayesian_keep010_seed42,140,ola,global,,,layers.0.weight,raw,23,0.0015643044326276955,0.001632316799015779,0.0015983106158217373,1188,174.06142015530335,0.8834402901785714,100352
bayesfl_observability_v1,ola_sparse_bayesian_keep010_seed42,140,ola,global,,,layers.0.weight,raw,24,0.001632316799015779,0.0017003291654038625,0.0016663229822098209,1077,157.79810564584372,0.894172512755102,100352
bayesfl_observability_v1,ola_sparse_bayesian_keep010_seed42,140,ola,global,,,layers.0.weight,raw,25,0.0017003291654038625,0.001768341531791946,0.0017343353485979043,1062,155.6003604418621,0.9047552614795918,100352
bayesfl_observability_v1,ola_sparse_bayesian_keep010_seed42,140,ola,global,,,layers.0.weight,raw,26,0.001768341531791946,0.0018363538981800297,0.0018023477149859879,947,138.75098054467364,0.914192044005102,100352
bayesfl_observability_v1,ola_sparse_bayesian_keep010_seed42,140,ola,global,,,layers.0.weight,raw,27,0.0018363538981800297,0.0019043662645681133,0.0018703600813740715,868,127.17618913703983,0.9228415975765306,100352
bayesfl_observability_v1,ola_sparse_bayesian_keep010_seed42,140,ola,global,,,layers.0.weight,raw,28,0.0019043662645681133,0.0019723786309561965,0.0019383724477621549,736,107.8360313420068,0.93017578125,100352
bayesfl_observability_v1,ola_sparse_bayesian_keep010_seed42,140,ola,global,,,layers.0.weight,raw,29,0.0019723786309561965,0.00204039099734428,0.0020063848141502385,737,107.9825476889382,0.9375199298469388,100352
bayesfl_observability_v1,ola_sparse_bayesian_keep010_seed42,140,ola,global,,,layers.0.weight,raw,30,0.00204039099734428,0.0021084033637323637,0.0020743971805383217,671,98.31246879142134,0.944206393494898,100352
bayesfl_observability_v1,ola_sparse_bayesian_keep010_seed42,140,ola,global,,,layers.0.weight,raw,31,0.0021084033637323637,0.0021764157301204473,0.0021424095469264057,619,90.69361875095352,0.9503746811224489,100352
bayesfl_observability_v1,ola_sparse_bayesian_keep010_seed42,140,ola,global,,,layers.0.weight,raw,32,0.0021764157301204473,0.002244428096508531,0.002210421913314489,533,78.09321291479519,0.9556859853316326,100352
bayesfl_observability_v1,ola_sparse_bayesian_keep010_seed42,140,ola,global,,,layers.0.weight,raw,33,0.002244428096508531,0.0023124404628966145,0.002278434279702573,511,74.86985328228958,0.9607780612244898,100352
bayesfl_observability_v1,ola_sparse_bayesian_keep010_seed42,140,ola,global,,,layers.0.weight,raw,34,0.0023124404628966145,0.002380452829284698,0.002346446646090656,473,69.30223209887079,0.9654914700255102,100352
bayesfl_observability_v1,ola_sparse_bayesian_keep010_seed42,140,ola,global,,,layers.0.weight,raw,35,0.002380452829284698,0.0024484651956727817,0.00241445901247874,441,64.61370899704443,0.9698860012755102,100352
bayesfl_observability_v1,ola_sparse_bayesian_keep010_seed42,140,ola,global,,,layers.0.weight,raw,36,0.0024484651956727817,0.0025164775620608653,0.0024824713788668233,363,53.1854339363427,0.973503268494898,100352
bayesfl_observability_v1,ola_sparse_bayesian_keep010_seed42,140,ola,global,,,layers.0.weight,raw,37,0.0025164775620608653,0.0025844899284489485,0.002550483745254907,310,45.42006754894309,0.9765923947704082,100352
bayesfl_observability_v1,ola_sparse_bayesian_keep010_seed42,140,ola,global,,,layers.0.weight,raw,38,0.0025844899284489485,0.002652502294837032,0.0026184961116429905,309,45.27355120201072,0.9796715561224489,100352
bayesfl_observability_v1,ola_sparse_bayesian_keep010_seed42,140,ola,global,,,layers.0.weight,raw,39,0.002652502294837032,0.0027205146612251157,0.0026865084780310737,235,34.43134152903728,0.9820133131377551,100352
bayesfl_observability_v1,ola_sparse_bayesian_keep010_seed42,140,ola,global,,,layers.0.weight,raw,40,0.0027205146612251157,0.0027885270276131993,0.0027545208444191577,256,37.50818481461083,0.9845643335459183,100352
bayesfl_observability_v1,ola_sparse_bayesian_keep010_seed42,140,ola,global,,,layers.0.weight,raw,41,0.0027885270276131993,0.002856539394001283,0.002822533210807241,191,27.984622264026047,0.9864676339285714,100352
bayesfl_observability_v1,ola_sparse_bayesian_keep010_seed42,140,ola,global,,,layers.0.weight,raw,42,0.002856539394001283,0.0029245517603893665,0.002890545577195325,196,28.717203998686415,0.9884207589285714,100352
bayesfl_observability_v1,ola_sparse_bayesian_keep010_seed42,140,ola,global,,,layers.0.weight,raw,43,0.0029245517603893665,0.00299256412677745,0.002958557943583408,158,23.149582815267618,0.9899952168367347,100352
bayesfl_observability_v1,ola_sparse_bayesian_keep010_seed42,140,ola,global,,,layers.0.weight,raw,44,0.00299256412677745,0.0030605764931655338,0.003026570309971492,124,18.168027019577117,0.9912308673469388,100352
bayesfl_observability_v1,ola_sparse_bayesian_keep010_seed42,140,ola,global,,,layers.0.weight,raw,45,0.0030605764931655338,0.0031285888595536174,0.0030945826763595754,111,16.263314509460162,0.9923369738520408,100352
bayesfl_observability_v1,ola_sparse_bayesian_keep010_seed42,140,ola,global,,,layers.0.weight,raw,46,0.0031285888595536174,0.003196601225941701,0.0031625950427476594,117,17.142412591052604,0.9935028698979592,100352
bayesfl_observability_v1,ola_sparse_bayesian_keep010_seed42,140,ola,global,,,layers.0.weight,raw,47,0.003196601225941701,0.0032646135923297846,0.0032306074091357426,91,13.332987570818691,0.9944096779336735,100352
bayesfl_observability_v1,ola_sparse_bayesian_keep010_seed42,140,ola,global,,,layers.0.weight,raw,48,0.0032646135923297846,0.0033326259587178678,0.003298619775523826,66,9.670078897516914,0.9950673628826531,100352
bayesfl_observability_v1,ola_sparse_bayesian_keep010_seed42,140,ola,global,,,layers.0.weight,raw,49,0.0033326259587178678,0.0034006383251059514,0.00336663214191191,63,9.230529856720633,0.9956951530612245,100352
bayesfl_observability_v1,ola_sparse_bayesian_keep010_seed42,140,ola,global,,,layers.0.weight,raw,50,0.0034006383251059514,0.003468650691494035,0.003434644508299993,51,7.4723336935357505,0.9962033641581632,100352
bayesfl_observability_v1,ola_sparse_bayesian_keep010_seed42,140,ola,global,,,layers.0.weight,raw,51,0.003468650691494035,0.0035366630578821186,0.003502656874688077,61,8.937497162856486,0.9968112244897959,100352
bayesfl_observability_v1,ola_sparse_bayesian_keep010_seed42,140,ola,global,,,layers.0.weight,raw,52,0.0035366630578821186,0.003604675424270202,0.00357066924107616,43,6.300202918079162,0.9972397161989796,100352
bayesfl_observability_v1,ola_sparse_bayesian_keep010_seed42,140,ola,global,,,layers.0.weight,raw,53,0.003604675424270202,0.003672687790658286,0.0036386816074642442,38,5.567621183418795,0.9976183832908163,100352
bayesfl_observability_v1,ola_sparse_bayesian_keep010_seed42,140,ola,global,,,layers.0.weight,raw,54,0.003672687790658286,0.0037407001570463694,0.0037066939738523274,41,6.007170224215015,0.9980269451530612,100352
bayesfl_observability_v1,ola_sparse_bayesian_keep010_seed42,140,ola,global,,,layers.0.weight,raw,55,0.0037407001570463694,0.003808712523434453,0.0037747063402404114,30,4.395490407962206,0.9983258928571429,100352
bayesfl_observability_v1,ola_sparse_bayesian_keep010_seed42,140,ola,global,,,layers.0.weight,raw,56,0.003808712523434453,0.0038767248898225366,0.0038427187066284946,23,3.3698759794376913,0.9985550860969388,100352
bayesfl_observability_v1,ola_sparse_bayesian_keep010_seed42,140,ola,global,,,layers.0.weight,raw,57,0.0038767248898225366,0.00394473725621062,0.003910731073016578,31,4.542006754894309,0.9988639987244898,100352
bayesfl_observability_v1,ola_sparse_bayesian_keep010_seed42,140,ola,global,,,layers.0.weight,raw,58,0.00394473725621062,0.004012749622598704,0.003978743439404662,16,2.3442615509131617,0.9990234375,100352
bayesfl_observability_v1,ola_sparse_bayesian_keep010_seed42,140,ola,global,,,layers.0.weight,raw,59,0.004012749622598704,0.004080761988986787,0.004046755805792746,15,2.197745203981117,0.9991729113520408,100352
bayesfl_observability_v1,ola_sparse_bayesian_keep010_seed42,140,ola,global,,,layers.0.weight,raw,60,0.004080761988986787,0.004148774355374871,0.004114768172180829,9,1.3186471223886533,0.9992625956632653,100352
bayesfl_observability_v1,ola_sparse_bayesian_keep010_seed42,140,ola,global,,,layers.0.weight,raw,61,0.004148774355374871,0.004216786721762954,0.004182780538568912,16,2.3442615509131914,0.9994220344387755,100352
bayesfl_observability_v1,ola_sparse_bayesian_keep010_seed42,140,ola,global,,,layers.0.weight,raw,62,0.004216786721762954,0.004284799088151038,0.004250792904956996,8,1.1721307754565808,0.9995017538265306,100352
bayesfl_observability_v1,ola_sparse_bayesian_keep010_seed42,140,ola,global,,,layers.0.weight,raw,63,0.004284799088151038,0.0043528114545391215,0.00431880527134508,6,0.8790980815924468,0.9995615433673469,100352
bayesfl_observability_v1,ola_sparse_bayesian_keep010_seed42,140,ola,global,,,layers.0.weight,raw,64,0.0043528114545391215,0.004420823820927205,0.004386817637733163,2,0.29303269386414893,0.9995814732142857,100352
bayesfl_observability_v1,ola_sparse_bayesian_keep010_seed42,140,ola,global,,,layers.0.weight,raw,65,0.004420823820927205,0.004488836187315289,0.004454830004121247,5,0.732581734660363,0.9996312978316326,100352
bayesfl_observability_v1,ola_sparse_bayesian_keep010_seed42,140,ola,global,,,layers.0.weight,raw,66,0.004488836187315289,0.004556848553703372,0.004522842370509331,14,2.0512288570490425,0.9997708067602041,100352
bayesfl_observability_v1,ola_sparse_bayesian_keep010_seed42,140,ola,global,,,layers.0.weight,raw,67,0.004556848553703372,0.004624860920091456,0.004590854736897414,2,0.2930326938641452,0.9997907366071429,100352
bayesfl_observability_v1,ola_sparse_bayesian_keep010_seed42,140,ola,global,,,layers.0.weight,raw,68,0.004624860920091456,0.004692873286479539,0.004658867103285497,3,0.4395490407962234,0.9998206313775511,100352
bayesfl_observability_v1,ola_sparse_bayesian_keep010_seed42,140,ola,global,,,layers.0.weight,raw,69,0.004692873286479539,0.004760885652867623,0.004726879469673581,3,0.4395490407962178,0.9998505261479592,100352
bayesfl_observability_v1,ola_sparse_bayesian_keep010_seed42,140,ola,global,,,layers.0.weight,raw,70,0.004760885652867623,0.004828898019255706,0.004794891836061665,2,0.29303269386414893,0.999870455994898,100352
bayesfl_observability_v1,ola_sparse_bayesian_keep010_seed42,140,ola,global,,,layers.0.weight,raw,71,0.004828898019255706,0.00489691038564379,0.004862904202449748,2,0.2930326938641452,0.9998903858418368,100352
bayesfl_observability_v1,ola_sparse_bayesian_keep010_seed42,140,ola,global,,,layers.0.weight,raw,72,0.00489691038564379,0.0049649227520318735,0.0049309165688378315,2,0.29303269386414893,0.9999103156887755,100352
bayesfl_observability_v1,ola_sparse_bayesian_keep010_seed42,140,ola,global,,,layers.0.weight,raw,73,0.0049649227520318735,0.0050329351184199575,0.0049989289352259155,3,0.4395490407962178,0.9999402104591837,100352
bayesfl_observability_v1,ola_sparse_bayesian_keep010_seed42,140,ola,global,,,layers.0.weight,raw,74,0.0050329351184199575,0.005100947484808041,0.0050669413016139996,1,0.14651634693207446,0.9999501753826531,100352
bayesfl_observability_v1,ola_sparse_bayesian_keep010_seed42,140,ola,global,,,layers.0.weight,raw,75,0.005100947484808041,0.005168959851196124,0.005134953668002082,2,0.29303269386414893,0.9999701052295918,100352
bayesfl_observability_v1,ola_sparse_bayesian_keep010_seed42,140,ola,global,,,layers.0.weight,raw,76,0.005168959851196124,0.005236972217584208,0.005202966034390166,0,0.0,0.9999701052295918,100352
bayesfl_observability_v1,ola_sparse_bayesian_keep010_seed42,140,ola,global,,,layers.0.weight,raw,77,0.005236972217584208,0.005304984583972291,0.00527097840077825,0,0.0,0.9999701052295918,100352
bayesfl_observability_v1,ola_sparse_bayesian_keep010_seed42,140,ola,global,,,layers.0.weight,raw,78,0.005304984583972291,0.005372996950360375,0.005338990767166333,0,0.0,0.9999701052295918,100352
bayesfl_observability_v1,ola_sparse_bayesian_keep010_seed42,140,ola,global,,,layers.0.weight,raw,79,0.005372996950360375,0.005441009316748458,0.005407003133554416,3,0.4395490407962234,1.0,100352
bayesfl_observability_v1,ola_sparse_bayesian_keep010_seed42,140,ola,global,,,layers.0.weight,db,0,-153.97649003110982,-152.61786403831158,-153.2971770347107,1,7.334559711215233e-06,9.964923469387754e-06,100352
bayesfl_observability_v1,ola_sparse_bayesian_keep010_seed42,140,ola,global,,,layers.0.weight,db,1,-152.61786403831158,-151.25923804551334,-151.93855104191246,0,0.0,9.964923469387754e-06,100352
bayesfl_observability_v1,ola_sparse_bayesian_keep010_seed42,140,ola,global,,,layers.0.weight,db,2,-151.25923804551334,-149.90061205271513,-150.57992504911425,1,7.334559711215386e-06,1.992984693877551e-05,100352
bayesfl_observability_v1,ola_sparse_bayesian_keep010_seed42,140,ola,global,,,layers.0.weight,db,3,-149.90061205271513,-148.5419860599169,-149.221299056316,1,7.334559711215233e-06,2.9894770408163265e-05,100352
bayesfl_observability_v1,ola_sparse_bayesian_keep010_seed42,140,ola,global,,,layers.0.weight,db,4,-148.5419860599169,-147.18336006711866,-147.86267306351778,1,7.334559711215233e-06,3.985969387755102e-05,100352
bayesfl_observability_v1,ola_sparse_bayesian_keep010_seed42,140,ola,global,,,layers.0.weight,db,5,-147.18336006711866,-145.82473407432042,-146.50404707071954,0,0.0,3.985969387755102e-05,100352
bayesfl_observability_v1,ola_sparse_bayesian_keep010_seed42,140,ola,global,,,layers.0.weight,db,6,-145.82473407432042,-144.46610808152218,-145.1454210779213,0,0.0,3.985969387755102e-05,100352
bayesfl_observability_v1,ola_sparse_bayesian_keep010_seed42,140,ola,global,,,layers.0.weight,db,7,-144.46610808152218,-143.10748208872397,-143.78679508512306,1,7.334559711215386e-06,4.982461734693878e-05,100352
bayesfl_observability_v1,ola_sparse_bayesian_keep010_seed42,140,ola,global,,,layers.0.weight,db,8,-143.10748208872397,-141.74885609592573,-142.42816909232485,1,7.334559711215233e-06,5.978954081632653e-05,100352
bayesfl_observability_v1,ola_sparse_bayesian_keep010_seed42,140,ola,global,,,layers.0.weight,db,9,-141.74885609592573,-140.3902301031275,-141.0695430995266,0,0.0,5.978954081632653e-05,100352
bayesfl_observability_v1,ola_sparse_bayesian_keep010_seed42,140,ola,global,,,layers.0.weight,db,10,-140.3902301031275,-139.03160411032925,-139.71091710672837,2,1.4669119422430466e-05,7.971938775510203e-05,100352
bayesfl_observability_v1,ola_sparse_bayesian_keep010_seed42,140,ola,global,,,layers.0.weight,db,11,-139.03160411032925,-137.67297811753104,-138.35229111393016,1,7.334559711215386e-06,8.96843112244898e-05,100352
bayesfl_observability_v1,ola_sparse_bayesian_keep010_seed42,140,ola,global,,,layers.0.weight,db,12,-137.67297811753104,-136.3143521247328,-136.99366512113193,2,1.4669119422430466e-05,0.0001096141581632653,100352
bayesfl_observability_v1,ola_sparse_bayesian_keep010_seed42,140,ola,global,,,layers.0.weight,db,13,-136.3143521247328,-134.95572613193457,-135.6350391283337,3,2.20036791336457e-05,0.00013950892857142856,100352
bayesfl_observability_v1,ola_sparse_bayesian_keep010_seed42,140,ola,global,,,layers.0.weight,db,14,-134.95572613193457,-133.59710013913633,-134.27641313553545,0,0.0,0.00013950892857142856,100352
bayesfl_observability_v1,ola_sparse_bayesian_keep010_seed42,140,ola,global,,,layers.0.weight,db,15,-133.59710013913633,-132.2384741463381,-132.9177871427372,3,2.20036791336457e-05,0.00016940369897959184,100352
bayesfl_observability_v1,ola_sparse_bayesian_keep010_seed42,140,ola,global,,,layers.0.weight,db,16,-132.2384741463381,-130.87984815353988,-131.55916114993897,8,5.867647768972309e-05,0.0002491230867346939,100352
bayesfl_observability_v1,ola_sparse_bayesian_keep010_seed42,140,ola,global,,,layers.0.weight,db,17,-130.87984815353988,-129.52122216074164,-130.20053515714076,6,4.40073582672914e-05,0.0003089126275510204,100352
bayesfl_observability_v1,ola_sparse_bayesian_keep010_seed42,140,ola,global,,,layers.0.weight,db,18,-129.52122216074164,-128.1625961679434,-128.84190916434252,1,7.334559711215233e-06,0.00031887755102040814,100352
bayesfl_observability_v1,ola_sparse_bayesian_keep010_seed42,140,ola,global,,,layers.0.weight,db,19,-128.1625961679434,-126.80397017514517,-127.48328317154429,3,2.20036791336457e-05,0.00034877232142857144,100352
bayesfl_observability_v1,ola_sparse_bayesian_keep010_seed42,140,ola,global,,,layers.0.weight,db,20,-126.80397017514517,-125.44534418234694,-126.12465717874605,9,6.601103740093779e-05,0.0004384566326530612,100352
bayesfl_observability_v1,ola_sparse_bayesian_keep010_seed42,140,ola,global,,,layers.0.weight,db,21,-125.44534418234694,-124.0867181895487,-124.76603118594782,7,5.134191797850663e-05,0.0005082110969387755,100352
bayesfl_observability_v1,ola_sparse_bayesian_keep010_seed42,140,ola,global,,,layers.0.weight,db,22,-124.0867181895487,-122.72809219675048,-123.4074051931496,7,5.134191797850716e-05,0.0005779655612244898,100352
bayesfl_observability_v1,ola_sparse_bayesian_keep010_seed42,140,ola,global,,,layers.0.weight,db,23,-122.72809219675048,-121.36946620395224,-122.04877920035136,5,3.667279855607616e-05,0.0006277901785714286,100352
bayesfl_observability_v1,ola_sparse_bayesian_keep010_seed42,140,ola,global,,,layers.0.weight,db,24,-121.36946620395224,-120.010840211154,-120.69015320755312,5,3.667279855607616e-05,0.0006776147959183673,100352
bayesfl_observability_v1,ola_sparse_bayesian_keep010_seed42,140,ola,global,,,layers.0.weight,db,25,-120.010840211154,-118.65221421835578,-119.33152721475489,9,6.601103740093779e-05,0.0007672991071428571,100352
bayesfl_observability_v1,ola_sparse_bayesian_keep010_seed42,140,ola,global,,,layers.0.weight,db,26,-118.65221421835578,-117.29358822555756,-117.97290122195668,19,0.00013935663451309087,0.0009566326530612245,100352
bayesfl_observability_v1,ola_sparse_bayesian_keep010_seed42,140,ola,global,,,layers.0.weight,db,27,-117.29358822555756,-115.93496223275932,-116.61427522915844,17,0.00012468751509065896,0.0011260363520408164,100352
bayesfl_observability_v1,ola_sparse_bayesian_keep010_seed42,140,ola,global,,,layers.0.weight,db,28,-115.93496223275932,-114.57633623996108,-115.2556492363602,23,0.00016869487335795035,0.0013552295918367347,100352
bayesfl_observability_v1,ola_sparse_bayesian_keep010_seed42,140,ola,global,,,layers.0.weight,db,29,-114.57633623996108,-113.21771024716284,-113.89702324356196,26,0.00019069855249159603,0.0016143176020408164,100352
bayesfl_observability_v1,ola_sparse_bayesian_keep010_seed42,140,ola,global,,,layers.0.weight,db,30,-113.21771024716284,-111.85908425436462,-112.53839725076372,26,0.00019069855249159804,0.0018734056122448979,100352
bayesfl_observability_v1,ola_sparse_bayesian_keep010_seed42,140,ola,global,,,layers.0.weight,db,31,-111.85908425436462,-110.5004582615664,-111.17977125796551,27,0.00019803311220281336,0.0021424585459183672,100352
bayesfl_observability_v1,ola_sparse_bayesian_keep010_seed42,140,ola,global,,,layers.0.weight,db,32,-110.5004582615664,-109.14183226876816,-109.82114526516727,37,0.0002713787093149636,0.0025111607142857145,100352
bayesfl_observability_v1,ola_sparse_bayesian_keep010_seed42,140,ola,global,,,layers.0.weight,db,33,-109.14183226876816,-107.78320627596992,-108.46251927236904,41,0.00030071694815982455,0.0029197225765306123,100352
bayesfl_observability_v1,ola_sparse_bayesian_keep010_seed42,140,ola,global,,,layers.0.weight,db,34,-107.78320627596992,-106.4245802831717,-107.1038932795708,49,0.0003593934258495502,0.0034080038265306123,100352
bayesfl_observability_v1,ola_sparse_bayesian_keep010_seed42,140,ola,global,,,layers.0.weight,db,35,-106.4245802831717,-105.06595429037345,-105.74526728677257,49,0.0003593934258495464,0.0038962850765306123,100352
bayesfl_observability_v1,ola_sparse_bayesian_keep010_seed42,140,ola,global,,,layers.0.weight,db,36,-105.06595429037345,-103.70732829757523,-104.38664129397435,72,0.0005280882992075023,0.00461375956632653,100352
bayesfl_observability_v1,ola_sparse_bayesian_keep010_seed42,140,ola,global,,,layers.0.weight,db,37,-103.70732829757523,-102.34870230477699,-103.02801530117611,79,0.0005794302171860034,0.005400988520408163,100352
bayesfl_observability_v1,ola_sparse_bayesian_keep010_seed42,140,ola,global,,,layers.0.weight,db,38,-102.34870230477699,-100.99007631197875,-101.66938930837787,93,0.0006821140531430166,0.006327726403061225,100352
bayesfl_observability_v1,ola_sparse_bayesian_keep010_seed42,140,ola,global,,,layers.0.weight,db,39,-100.99007631197875,-99.63145031918053,-100.31076331557963,111,0.0008141361279448994,0.0074338329081632655,100352
bayesfl_observability_v1,ola_sparse_bayesian_keep010_seed42,140,ola,global,,,layers.0.weight,db,40,-99.63145031918053,-98.2728243263823,-98.95213732278143,122,0.0008948162847682678,0.008649553571428572,100352
bayesfl_observability_v1,ola_sparse_bayesian_keep010_seed42,140,ola,global,,,layers.0.weight,db,41,-98.2728243263823,-96.91419833358407,-97.59351132998319,130,0.0009534927624579802,0.00994499362244898,100352
bayesfl_observability_v1,ola_sparse_bayesian_keep010_seed42,140,ola,global,,,layers.0.weight,db,42,-96.91419833358407,-95.55557234078583,-96.23488533718495,181,0.0013275553077299572,0.011748644770408163,100352
bayesfl_observability_v1,ola_sparse_bayesian_keep010_seed42,140,ola,global,,,layers.0.weight,db,43,-95.55557234078583,-94.19694634798759,-94.87625934438671,194,0.0014229045839757551,0.013681839923469387,100352
bayesfl_observability_v1,ola_sparse_bayesian_keep010_seed42,140,ola,global,,,layers.0.weight,db,44,-94.19694634798759,-92.83832035518937,-93.51763335158847,238,0.0017456252112692436,0.016053491709183673,100352
bayesfl_observability_v1,ola_sparse_bayesian_keep010_seed42,140,ola,global,,,layers.0.weight,db,45,-92.83832035518937,-91.47969436239114,-92.15900735879026,270,0.0019803311220281334,0.018744021045918366,100352
bayesfl_observability_v1,ola_sparse_bayesian_keep010_seed42,140,ola,global,,,layers.0.weight,db,46,-91.47969436239114,-90.1210683695929,-90.80038136599202,291,0.002134356875963633,0.021643813775510203,100352
bayesfl_observability_v1,ola_sparse_bayesian_keep010_seed42,140,ola,global,,,layers.0.weight,db,47,-90.1210683695929,-88.76244237679467,-89.44175537319379,362,0.0026551106154599144,0.025251116071428572,100352
bayesfl_observability_v1,ola_sparse_bayesian_keep010_seed42,140,ola,global,,,layers.0.weight,db,48,-88.76244237679467,-87.40381638399644,-88.08312938039555,416,0.0030511768398655686,0.02939652423469388,100352
bayesfl_observability_v1,ola_sparse_bayesian_keep010_seed42,140,ola,global,,,layers.0.weight,db,49,-87.40381638399644,-86.0451903911982,-86.72450338759732,503,0.003689283534741262,0.03440888073979592,100352
bayesfl_observability_v1,ola_sparse_bayesian_keep010_seed42,140,ola,global,,,layers.0.weight,db,50,-86.0451903911982,-84.68656439839998,-85.3658773947991,551,0.004041342400879636,0.03989955357142857,100352
bayesfl_observability_v1,ola_sparse_bayesian_keep010_seed42,140,ola,global,,,layers.0.weight,db,51,-84.68656439839998,-83.32793840560174,-84.00725140200086,673,0.004936158685647851,0.04660594706632653,100352
bayesfl_observability_v1,ola_sparse_bayesian_keep010_seed42,140,ola,global,,,layers.0.weight,db,52,-83.32793840560174,-81.9693124128035,-82.64862540920262,764,0.005603603619368438,0.05421914859693878,100352
bayesfl_observability_v1,ola_sparse_bayesian_keep010_seed42,140,ola,global,,,layers.0.weight,db,53,-81.9693124128035,-80.61068642000528,-81.28999941640438,982,0.007202537636413433,0.06400470344387756,100352
bayesfl_observability_v1,ola_sparse_bayesian_keep010_seed42,140,ola,global,,,layers.0.weight,db,54,-80.61068642000528,-79.25206042720704,-79.93137342360616,1050,0.007701287696775994,0.07446787308673469,100352
bayesfl_observability_v1,ola_sparse_bayesian_keep010_seed42,140,ola,global,,,layers.0.weight,db,55,-79.25206042720704,-77.89343443440882,-78.57274743080794,1282,0.009402905549778027,0.08724290497448979,100352
bayesfl_observability_v1,ola_sparse_bayesian_keep010_seed42,140,ola,global,,,layers.0.weight,db,56,-77.89343443440882,-76.53480844161058,-77.2141214380097,1434,0.010517758625882643,0.10153260522959184,100352
bayesfl_observability_v1,ola_sparse_bayesian_keep010_seed42,140,ola,global,,,layers.0.weight,db,57,-76.53480844161058,-75.17618244881234,-75.85549544521146,1748,0.012820810375204227,0.11895129145408163,100352
bayesfl_observability_v1,ola_sparse_bayesian_keep010_seed42,140,ola,global,,,layers.0.weight,db,58,-75.17618244881234,-73.81755645601412,-74.49686945241322,2033,0.014911159892900724,0.13920998086734693,100352
bayesfl_observability_v1,ola_sparse_bayesian_keep010_seed42,140,ola,global,,,layers.0.weight,db,59,-73.81755645601412,-72.45893046321588,-73.138243459615,2392,0.017544266829226836,0.16304607780612246,100352
bayesfl_observability_v1,ola_sparse_bayesian_keep010_seed42,140,ola,global,,,layers.0.weight,db,60,-72.45893046321588,-71.10030447041765,-71.77961746681677,2751,0.020177373765553317,0.19045958227040816,100352
bayesfl_observability_v1,ola_sparse_bayesian_keep010_seed42,140,ola,global,,,layers.0.weight,db,61,-71.10030447041765,-69.74167847761942,-70.42099147401854,3306,0.02424805440527756,0.22340361926020408,100352
bayesfl_observability_v1,ola_sparse_bayesian_keep010_seed42,140,ola,global,,,layers.0.weight,db,62,-69.74167847761942,-68.38305248482119,-69.0623654812203,3748,0.02748992979763498,0.2607521524234694,100352
bayesfl_observability_v1,ola_sparse_bayesian_keep010_seed42,140,ola,global,,,layers.0.weight,db,63,-68.38305248482119,-67.02442649202295,-67.70373948842207,4473,0.03280748558826573,0.30532525510204084,100352
bayesfl_observability_v1,ola_sparse_bayesian_keep010_seed42,140,ola,global,,,layers.0.weight,db,64,-67.02442649202295,-65.66580049922472,-66.34511349562383,5295,0.03883649367088466,0.358089524872449,100352
bayesfl_observability_v1,ola_sparse_bayesian_keep010_seed42,140,ola,global,,,layers.0.weight,db,65,-65.66580049922472,-64.30717450642649,-64.98648750282561,5964,0.04374331411768811,0.41752032844387754,100352
bayesfl_observability_v1,ola_sparse_bayesian_keep010_seed42,140,ola,global,,,layers.0.weight,db,66,-64.30717450642649,-62.94854851362825,-63.62786151002737,6996,0.051312579739661766,0.4872349330357143,100352
bayesfl_observability_v1,ola_sparse_bayesian_keep010_seed42,140,ola,global,,,layers.0.weight,db,67,-62.94854851362825,-61.58992252083003,-62.26923551722914,8032,0.058911183600481365,0.5672731983418368,100352
bayesfl_observability_v1,ola_sparse_bayesian_keep010_seed42,140,ola,global,,,layers.0.weight,db,68,-61.58992252083003,-60.23129652803179,-60.91060952443091,9455,0.06934826206954002,0.661491549744898,100352
bayesfl_observability_v1,ola_sparse_bayesian_keep010_seed42,140,ola,global,,,layers.0.weight,db,69,-60.23129652803179,-58.87267053523357,-59.55198353163268,9708,0.07120390567647822,0.7582310267857143,100352
bayesfl_observability_v1,ola_sparse_bayesian_keep010_seed42,140,ola,global,,,layers.0.weight,db,70,-58.87267053523357,-57.51404454243533,-58.19335753883445,6489,0.04759395796607564,0.8228934151785714,100352
bayesfl_observability_v1,ola_sparse_bayesian_keep010_seed42,140,ola,global,,,layers.0.weight,db,71,-57.51404454243533,-56.15541854963709,-56.83473154603621,4748,0.03482448950884993,0.8702068718112245,100352
bayesfl_observability_v1,ola_sparse_bayesian_keep010_seed42,140,ola,global,,,layers.0.weight,db,72,-56.15541854963709,-54.79679255683887,-55.47610555323798,4211,0.030885830943927668,0.9121691645408163,100352
bayesfl_observability_v1,ola_sparse_bayesian_keep010_seed42,140,ola,global,,,layers.0.weight,db,73,-54.79679255683887,-53.43816656404063,-54.11747956043975,3396,0.02490816477928693,0.9460100446428571,100352
bayesfl_observability_v1,ola_sparse_bayesian_keep010_seed42,140,ola,global,,,layers.0.weight,db,74,-53.43816656404063,-52.079540571242404,-52.758853567641516,2612,0.019157869965694387,0.972038424744898,100352
bayesfl_observability_v1,ola_sparse_bayesian_keep010_seed42,140,ola,global,,,layers.0.weight,db,75,-52.079540571242404,-50.720914578444166,-51.400227574843285,1603,0.011757299217078018,0.9880121970663265,100352
bayesfl_observability_v1,ola_sparse_bayesian_keep010_seed42,140,ola,global,,,layers.0.weight,db,76,-50.720914578444166,-49.36228858564593,-50.04160158204505,775,0.005684283776191805,0.995735012755102,100352
bayesfl_observability_v1,ola_sparse_bayesian_keep010_seed42,140,ola,global,,,layers.0.weight,db,77,-49.36228858564593,-48.003662592847704,-48.682975589246816,322,0.0023617282270113294,0.9989437181122449,100352
bayesfl_observability_v1,ola_sparse_bayesian_keep010_seed42,140,ola,global,,,layers.0.weight,db,78,-48.003662592847704,-46.645036600049465,-47.324349596448585,86,0.00063077213516451,0.9998007015306123,100352
bayesfl_observability_v1,ola_sparse_bayesian_keep010_seed42,140,ola,global,,,layers.0.weight,db,79,-46.645036600049465,-45.28641060725124,-45.96572360365035,20,0.0001466911942243062,1.0,100352
bayesfl_observability_v1,ola_sparse_bayesian_keep010_seed42,140,ola,global,,,layers.0.bias,raw,0,6.7447651757527546e-06,6.569143985813038e-05,3.621810251694157e-05,6,795.2102515125166,0.046875,128
bayesfl_observability_v1,ola_sparse_bayesian_keep010_seed42,140,ola,global,,,layers.0.bias,raw,1,6.569143985813038e-05,0.00012463811454050801,9.51647771993192e-05,11,1457.88546110628,0.1328125,128
bayesfl_observability_v1,ola_sparse_bayesian_keep010_seed42,140,ola,global,,,layers.0.bias,raw,2,0.00012463811454050801,0.00018358478922288562,0.00015411145188169682,7,927.7452934312695,0.1875,128
bayesfl_observability_v1,ola_sparse_bayesian_keep010_seed42,140,ola,global,,,layers.0.bias,raw,3,0.00018358478922288562,0.00024253146390526326,0.00021305812656407445,4,530.140167675011,0.21875,128
bayesfl_observability_v1,ola_sparse_bayesian_keep010_seed42,140,ola,global,,,layers.0.bias,raw,4,0.00024253146390526326,0.0003014781385876409,0.00027200480124645206,0,0.0,0.21875,128
bayesfl_observability_v1,ola_sparse_bayesian_keep010_seed42,140,ola,global,,,layers.0.bias,raw,5,0.0003014781385876409,0.0003604248132700185,0.0003309514759288297,3,397.60512575625836,0.2421875,128
bayesfl_observability_v1,ola_sparse_bayesian_keep010_seed42,140,ola,global,,,layers.0.bias,raw,6,0.0003604248132700185,0.0004193714879523962,0.0003898981506112074,6,795.210251512516,0.2890625,128
bayesfl_observability_v1,ola_sparse_bayesian_keep010_seed42,140,ola,global,,,layers.0.bias,raw,7,0.0004193714879523962,0.0004783181626347738,0.000448844825293585,2,265.0700838375056,0.3046875,128
bayesfl_observability_v1,ola_sparse_bayesian_keep010_seed42,140,ola,global,,,layers.0.bias,raw,8,0.0004783181626347738,0.0005372648373171515,0.0005077914999759626,2,265.0700838375053,0.3203125,128
bayesfl_observability_v1,ola_sparse_bayesian_keep010_seed42,140,ola,global,,,layers.0.bias,raw,9,0.0005372648373171515,0.0005962115119995291,0.0005667381746583403,2,265.0700838375056,0.3359375,128
bayesfl_observability_v1,ola_sparse_bayesian_keep010_seed42,140,ola,global,,,layers.0.bias,raw,10,0.0005962115119995291,0.0006551581866819067,0.0006256848493407178,4,530.1401676750112,0.3671875,128
bayesfl_observability_v1,ola_sparse_bayesian_keep010_seed42,140,ola,global,,,layers.0.bias,raw,11,0.0006551581866819067,0.0007141048613642843,0.0006846315240230955,1,132.5350419187528,0.375,128
bayesfl_observability_v1,ola_sparse_bayesian_keep010_seed42,140,ola,global,,,layers.0.bias,raw,12,0.0007141048613642843,0.0007730515360466619,0.000743578198705473,1,132.5350419187528,0.3828125,128
bayesfl_observability_v1,ola_sparse_bayesian_keep010_seed42,140,ola,global,,,layers.0.bias,raw,13,0.0007730515360466619,0.0008319982107290396,0.0008025248733878507,7,927.7452934312678,0.4375,128
bayesfl_observability_v1,ola_sparse_bayesian_keep010_seed42,140,ola,global,,,layers.0.bias,raw,14,0.0008319982107290396,0.0008909448854114172,0.0008614715480702285,6,795.2102515125167,0.484375,128
bayesfl_observability_v1,ola_sparse_bayesian_keep010_seed42,140,ola,global,,,layers.0.bias,raw,15,0.0008909448854114172,0.0009498915600937948,0.000920418222752606,3,397.60512575625836,0.5078125,128
bayesfl_observability_v1,ola_sparse_bayesian_keep010_seed42,140,ola,global,,,layers.0.bias,raw,16,0.0009498915600937948,0.0010088382347761724,0.0009793648974349837,3,397.60512575625836,0.53125,128
bayesfl_observability_v1,ola_sparse_bayesian_keep010_seed42,140,ola,global,,,layers.0.bias,raw,17,0.0010088382347761724,0.0010677849094585501,0.0010383115721173614,5,662.6752095937627,0.5703125,128
bayesfl_observability_v1,ola_sparse_bayesian_keep010_seed42,140,ola,global,,,layers.0.bias,raw,18,0.0010677849094585501,0.0011267315841409276,0.001097258246799739,3,397.6051257562591,0.59375,128
bayesfl_observability_v1,ola_sparse_bayesian_keep010_seed42,140,ola,global,,,layers.0.bias,raw,19,0.0011267315841409276,0.0011856782588233054,0.0011562049214821164,5,662.6752095937627,0.6328125,128
bayesfl_observability_v1,ola_sparse_bayesian_keep010_seed42,140,ola,global,,,layers.0.bias,raw,20,0.0011856782588233054,0.0012446249335056829,0.001215151596164494,3,397.6051257562591,0.65625,128
bayesfl_observability_v1,ola_sparse_bayesian_keep010_seed42,140,ola,global,,,layers.0.bias,raw,21,0.0012446249335056829,0.0013035716081880606,0.0012740982708468718,2,265.0700838375051,0.671875,128
bayesfl_observability_v1,ola_sparse_bayesian_keep010_seed42,140,ola,global,,,layers.0.bias,raw,22,0.0013035716081880606,0.0013625182828704383,0.0013330449455292493,2,265.0700838375051,0.6875,128
bayesfl_observability_v1,ola_sparse_bayesian_keep010_seed42,140,ola,global,,,layers.0.bias,raw,23,0.0013625182828704383,0.0014214649575528158,0.001391991620211627,3,397.6051257562591,0.7109375,128
bayesfl_observability_v1,ola_sparse_bayesian_keep010_seed42,140,ola,global,,,layers.0.bias,raw,24,0.0014214649575528158,0.0014804116322351935,0.0014509382948940048,4,530.1401676750102,0.7421875,128
bayesfl_observability_v1,ola_sparse_bayesian_keep010_seed42,140,ola,global,,,layers.0.bias,raw,25,0.0014804116322351935,0.001539358306917571,0.0015098849695763823,1,132.53504191875302,0.75,128
bayesfl_observability_v1,ola_sparse_bayesian_keep010_seed42,140,ola,global,,,layers.0.bias,raw,26,0.001539358306917571,0.0015983049815999487,0.0015688316442587598,5,662.6752095937627,0.7890625,128
bayesfl_observability_v1,ola_sparse_bayesian_keep010_seed42,140,ola,global,,,layers.0.bias,raw,27,0.0015983049815999487,0.0016572516562823264,0.0016277783189411377,1,132.53504191875254,0.796875,128
bayesfl_observability_v1,ola_sparse_bayesian_keep010_seed42,140,ola,global,,,layers.0.bias,raw,28,0.0016572516562823264,0.001716198330964704,0.0016867249936235152,0,0.0,0.796875,128
bayesfl_observability_v1,ola_sparse_bayesian_keep010_seed42,140,ola,global,,,layers.0.bias,raw,29,0.001716198330964704,0.0017751450056470817,0.0017456716683058927,0,0.0,0.796875,128
bayesfl_observability_v1,ola_sparse_bayesian_keep010_seed42,140,ola,global,,,layers.0.bias,raw,30,0.0017751450056470817,0.0018340916803294592,0.0018046183429882704,4,530.1401676750121,0.828125,128
bayesfl_observability_v1,ola_sparse_bayesian_keep010_seed42,140,ola,global,,,layers.0.bias,raw,31,0.0018340916803294592,0.0018930383550118369,0.0018635650176706481,1,132.53504191875254,0.8359375,128
bayesfl_observability_v1,ola_sparse_bayesian_keep010_seed42,140,ola,global,,,layers.0.bias,raw,32,0.0018930383550118369,0.0019519850296942146,0.0019225116923530256,4,530.1401676750102,0.8671875,128
bayesfl_observability_v1,ola_sparse_bayesian_keep010_seed42,140,ola,global,,,layers.0.bias,raw,33,0.0019519850296942146,0.002010931704376592,0.001981458367035403,0,0.0,0.8671875,128
bayesfl_observability_v1,ola_sparse_bayesian_keep010_seed42,140,ola,global,,,layers.0.bias,raw,34,0.002010931704376592,0.0020698783790589694,0.0020404050417177806,3,397.6051257562591,0.890625,128
bayesfl_observability_v1,ola_sparse_bayesian_keep010_seed42,140,ola,global,,,layers.0.bias,raw,35,0.0020698783790589694,0.0021288250537413473,0.002099351716400158,1,132.53504191875206,0.8984375,128
bayesfl_observability_v1,ola_sparse_bayesian_keep010_seed42,140,ola,global,,,layers.0.bias,raw,36,0.0021288250537413473,0.002187771728423725,0.002158298391082536,4,530.1401676750121,0.9296875,128
bayesfl_observability_v1,ola_sparse_bayesian_keep010_seed42,140,ola,global,,,layers.0.bias,raw,37,0.002187771728423725,0.0022467184031061023,0.0022172450657649135,2,265.07008383750605,0.9453125,128
bayesfl_observability_v1,ola_sparse_bayesian_keep010_seed42,140,ola,global,,,layers.0.bias,raw,38,0.0022467184031061023,0.0023056650777884802,0.0022761917404472915,1,132.53504191875206,0.953125,128
bayesfl_observability_v1,ola_sparse_bayesian_keep010_seed42,140,ola,global,,,layers.0.bias,raw,39,0.0023056650777884802,0.0023646117524708577,0.002335138415129669,1,132.53504191875302,0.9609375,128
bayesfl_observability_v1,ola_sparse_bayesian_keep010_seed42,140,ola,global,,,layers.0.bias,raw,40,0.0023646117524708577,0.0024235584271532352,0.0023940850898120465,0,0.0,0.9609375,128
bayesfl_observability_v1,ola_sparse_bayesian_keep010_seed42,140,ola,global,,,layers.0.bias,raw,41,0.0024235584271532352,0.0024825051018356127,0.002453031764494424,0,0.0,0.9609375,128
bayesfl_observability_v1,ola_sparse_bayesian_keep010_seed42,140,ola,global,,,layers.0.bias,raw,42,0.0024825051018356127,0.0025414517765179907,0.0025119784391768015,0,0.0,0.9609375,128
bayesfl_observability_v1,ola_sparse_bayesian_keep010_seed42,140,ola,global,,,layers.0.bias,raw,43,0.0025414517765179907,0.002600398451200368,0.0025709251138591794,0,0.0,0.9609375,128
bayesfl_observability_v1,ola_sparse_bayesian_keep010_seed42,140,ola,global,,,layers.0.bias,raw,44,0.002600398451200368,0.0026593451258827457,0.002629871788541557,2,265.07008383750605,0.9765625,128
bayesfl_observability_v1,ola_sparse_bayesian_keep010_seed42,140,ola,global,,,layers.0.bias,raw,45,0.0026593451258827457,0.0027182918005651236,0.002688818463223935,2,265.0700838375041,0.9921875,128
bayesfl_observability_v1,ola_sparse_bayesian_keep010_seed42,140,ola,global,,,layers.0.bias,raw,46,0.0027182918005651236,0.002777238475247501,0.0027477651379063123,0,0.0,0.9921875,128
bayesfl_observability_v1,ola_sparse_bayesian_keep010_seed42,140,ola,global,,,layers.0.bias,raw,47,0.002777238475247501,0.0028361851499298786,0.00280671181258869,0,0.0,0.9921875,128
bayesfl_observability_v1,ola_sparse_bayesian_keep010_seed42,140,ola,global,,,layers.0.bias,raw,48,0.0028361851499298786,0.0028951318246122565,0.0028656584872710673,0,0.0,0.9921875,128
bayesfl_observability_v1,ola_sparse_bayesian_keep010_seed42,140,ola,global,,,layers.0.bias,raw,49,0.0028951318246122565,0.002954078499294634,0.0029246051619534453,0,0.0,0.9921875,128
bayesfl_observability_v1,ola_sparse_bayesian_keep010_seed42,140,ola,global,,,layers.0.bias,raw,50,0.002954078499294634,0.0030130251739770115,0.0029835518366358228,0,0.0,0.9921875,128
bayesfl_observability_v1,ola_sparse_bayesian_keep010_seed42,140,ola,global,,,layers.0.bias,raw,51,0.0030130251739770115,0.003071971848659389,0.0030424985113182003,0,0.0,0.9921875,128
bayesfl_observability_v1,ola_sparse_bayesian_keep010_seed42,140,ola,global,,,layers.0.bias,raw,52,0.003071971848659389,0.003130918523341767,0.003101445186000578,0,0.0,0.9921875,128
bayesfl_observability_v1,ola_sparse_bayesian_keep010_seed42,140,ola,global,,,layers.0.bias,raw,53,0.003130918523341767,0.0031898651980241445,0.0031603918606829557,0,0.0,0.9921875,128
bayesfl_observability_v1,ola_sparse_bayesian_keep010_seed42,140,ola,global,,,layers.0.bias,raw,54,0.0031898651980241445,0.003248811872706522,0.003219338535365333,0,0.0,0.9921875,128
bayesfl_observability_v1,ola_sparse_bayesian_keep010_seed42,140,ola,global,,,layers.0.bias,raw,55,0.003248811872706522,0.0033077585473889,0.0032782852100477107,0,0.0,0.9921875,128
bayesfl_observability_v1,ola_sparse_bayesian_keep010_seed42,140,ola,global,,,layers.0.bias,raw,56,0.0033077585473889,0.0033667052220712774,0.0033372318847300886,0,0.0,0.9921875,128
bayesfl_observability_v1,ola_sparse_bayesian_keep010_seed42,140,ola,global,,,layers.0.bias,raw,57,0.0033667052220712774,0.003425651896753655,0.003396178559412466,0,0.0,0.9921875,128
bayesfl_observability_v1,ola_sparse_bayesian_keep010_seed42,140,ola,global,,,layers.0.bias,raw,58,0.003425651896753655,0.003484598571436033,0.003455125234094844,0,0.0,0.9921875,128
bayesfl_observability_v1,ola_sparse_bayesian_keep010_seed42,140,ola,global,,,layers.0.bias,raw,59,0.003484598571436033,0.0035435452461184103,0.0035140719087772216,0,0.0,0.9921875,128
bayesfl_observability_v1,ola_sparse_bayesian_keep010_seed42,140,ola,global,,,layers.0.bias,raw,60,0.0035435452461184103,0.003602491920800788,0.003573018583459599,0,0.0,0.9921875,128
bayesfl_observability_v1,ola_sparse_bayesian_keep010_seed42,140,ola,global,,,layers.0.bias,raw,61,0.003602491920800788,0.0036614385954831653,0.0036319652581419766,0,0.0,0.9921875,128
bayesfl_observability_v1,ola_sparse_bayesian_keep010_seed42,140,ola,global,,,layers.0.bias,raw,62,0.0036614385954831653,0.0037203852701655432,0.003690911932824354,0,0.0,0.9921875,128
bayesfl_observability_v1,ola_sparse_bayesian_keep010_seed42,140,ola,global,,,layers.0.bias,raw,63,0.0037203852701655432,0.0037793319448479207,0.003749858607506732,0,0.0,0.9921875,128
bayesfl_observability_v1,ola_sparse_bayesian_keep010_seed42,140,ola,global,,,layers.0.bias,raw,64,0.0037793319448479207,0.0038382786195302982,0.0038088052821891095,0,0.0,0.9921875,128
bayesfl_observability_v1,ola_sparse_bayesian_keep010_seed42,140,ola,global,,,layers.0.bias,raw,65,0.0038382786195302982,0.003897225294212676,0.0038677519568714874,0,0.0,0.9921875,128
bayesfl_observability_v1,ola_sparse_bayesian_keep010_seed42,140,ola,global,,,layers.0.bias,raw,66,0.003897225294212676,0.003956171968895054,0.003926698631553865,0,0.0,0.9921875,128
bayesfl_observability_v1,ola_sparse_bayesian_keep010_seed42,140,ola,global,,,layers.0.bias,raw,67,0.003956171968895054,0.004015118643577432,0.003985645306236242,0,0.0,0.9921875,128
bayesfl_observability_v1,ola_sparse_bayesian_keep010_seed42,140,ola,global,,,layers.0.bias,raw,68,0.004015118643577432,0.004074065318259809,0.004044591980918621,0,0.0,0.9921875,128
bayesfl_observability_v1,ola_sparse_bayesian_keep010_seed42,140,ola,global,,,layers.0.bias,raw,69,0.004074065318259809,0.004133011992942187,0.004103538655600997,0,0.0,0.9921875,128
bayesfl_observability_v1,ola_sparse_bayesian_keep010_seed42,140,ola,global,,,layers.0.bias,raw,70,0.004133011992942187,0.004191958667624565,0.004162485330283376,0,0.0,0.9921875,128
bayesfl_observability_v1,ola_sparse_bayesian_keep010_seed42,140,ola,global,,,layers.0.bias,raw,71,0.004191958667624565,0.0042509053423069425,0.004221432004965754,0,0.0,0.9921875,128
bayesfl_observability_v1,ola_sparse_bayesian_keep010_seed42,140,ola,global,,,layers.0.bias,raw,72,0.0042509053423069425,0.00430985201698932,0.004280378679648131,0,0.0,0.9921875,128
bayesfl_observability_v1,ola_sparse_bayesian_keep010_seed42,140,ola,global,,,layers.0.bias,raw,73,0.00430985201698932,0.0043687986916716975,0.004339325354330509,0,0.0,0.9921875,128
bayesfl_observability_v1,ola_sparse_bayesian_keep010_seed42,140,ola,global,,,layers.0.bias,raw,74,0.0043687986916716975,0.004427745366354075,0.004398272029012886,0,0.0,0.9921875,128
bayesfl_observability_v1,ola_sparse_bayesian_keep010_seed42,140,ola,global,,,layers.0.bias,raw,75,0.004427745366354075,0.0044866920410364525,0.004457218703695264,0,0.0,0.9921875,128
bayesfl_observability_v1,ola_sparse_bayesian_keep010_seed42,140,ola,global,,,layers.0.bias,raw,76,0.0044866920410364525,0.00454563871571883,0.004516165378377641,0,0.0,0.9921875,128
bayesfl_observability_v1,ola_sparse_bayesian_keep010_seed42,140,ola,global,,,layers.0.bias,raw,77,0.00454563871571883,0.004604585390401208,0.004575112053060019,0,0.0,0.9921875,128
bayesfl_observability_v1,ola_sparse_bayesian_keep010_seed42,140,ola,global,,,layers.0.bias,raw,78,0.004604585390401208,0.004663532065083586,0.0046340587277423975,0,0.0,0.9921875,128
bayesfl_observability_v1,ola_sparse_bayesian_keep010_seed42,140,ola,global,,,layers.0.bias,raw,79,0.004663532065083586,0.004722478739765963,0.004693005402424774,1,132.53504191875302,1.0,128
bayesfl_observability_v1,ola_sparse_bayesian_keep010_seed42,140,ola,global,,,layers.0.bias,db,0,-103.42066203278598,-102.70936125449364,-103.06501164363982,1,0.010983398638696707,0.0078125,128
bayesfl_observability_v1,ola_sparse_bayesian_keep010_seed42,140,ola,global,,,layers.0.bias,db,1,-102.70936125449364,-101.9980604762013,-102.35371086534747,0,0.0,0.0078125,128
bayesfl_observability_v1,ola_sparse_bayesian_keep010_seed42,140,ola,global,,,layers.0.bias,db,2,-101.9980604762013,-101.28675969790896,-101.64241008705514,1,0.010983398638696707,0.015625,128
bayesfl_observability_v1,ola_sparse_bayesian_keep010_seed42,140,ola,global,,,layers.0.bias,db,3,-101.28675969790896,-100.57545891961662,-100.93110930876279,0,0.0,0.015625,128
bayesfl_observability_v1,ola_sparse_bayesian_keep010_seed42,140,ola,global,,,layers.0.bias,db,4,-100.57545891961662,-99.86415814132428,-100.21980853047046,0,0.0,0.015625,128
bayesfl_observability_v1,ola_sparse_bayesian_keep010_seed42,140,ola,global,,,layers.0.bias,db,5,-99.86415814132428,-99.15285736303193,-99.5085077521781,0,0.0,0.015625,128
bayesfl_observability_v1,ola_sparse_bayesian_keep010_seed42,140,ola,global,,,layers.0.bias,db,6,-99.15285736303193,-98.44155658473959,-98.79720697388575,0,0.0,0.015625,128
bayesfl_observability_v1,ola_sparse_bayesian_keep010_seed42,140,ola,global,,,layers.0.bias,db,7,-98.44155658473959,-97.73025580644725,-98.08590619559342,1,0.010983398638696707,0.0234375,128
bayesfl_observability_v1,ola_sparse_bayesian_keep010_seed42,140,ola,global,,,layers.0.bias,db,8,-97.73025580644725,-97.0189550281549,-97.37460541730107,0,0.0,0.0234375,128
bayesfl_observability_v1,ola_sparse_bayesian_keep010_seed42,140,ola,global,,,layers.0.bias,db,9,-97.0189550281549,-96.30765424986257,-96.66330463900874,0,0.0,0.0234375,128
bayesfl_observability_v1,ola_sparse_bayesian_keep010_seed42,140,ola,global,,,layers.0.bias,db,10,-96.30765424986257,-95.59635347157023,-95.95200386071639,0,0.0,0.0234375,128
bayesfl_observability_v1,ola_sparse_bayesian_keep010_seed42,140,ola,global,,,layers.0.bias,db,11,-95.59635347157023,-94.88505269327788,-95.24070308242406,0,0.0,0.0234375,128
bayesfl_observability_v1,ola_sparse_bayesian_keep010_seed42,140,ola,global,,,layers.0.bias,db,12,-94.88505269327788,-94.17375191498554,-94.52940230413171,0,0.0,0.0234375,128
bayesfl_observability_v1,ola_sparse_bayesian_keep010_seed42,140,ola,global,,,layers.0.bias,db,13,-94.17375191498554,-93.4624511366932,-93.81810152583938,0,0.0,0.0234375,128
bayesfl_observability_v1,ola_sparse_bayesian_keep010_seed42,140,ola,global,,,layers.0.bias,db,14,-93.4624511366932,-92.75115035840086,-93.10680074754703,0,0.0,0.0234375,128
bayesfl_observability_v1,ola_sparse_bayesian_keep010_seed42,140,ola,global,,,layers.0.bias,db,15,-92.75115035840086,-92.03984958010852,-92.3954999692547,1,0.010983398638696707,0.03125,128
bayesfl_observability_v1,ola_sparse_bayesian_keep010_seed42,140,ola,global,,,layers.0.bias,db,16,-92.03984958010852,-91.32854880181617,-91.68419919096235,0,0.0,0.03125,128
bayesfl_observability_v1,ola_sparse_bayesian_keep010_seed42,140,ola,global,,,layers.0.bias,db,17,-91.32854880181617,-90.61724802352384,-90.97289841267,0,0.0,0.03125,128
bayesfl_observability_v1,ola_sparse_bayesian_keep010_seed42,140,ola,global,,,layers.0.bias,db,18,-90.61724802352384,-89.90594724523149,-90.26159763437767,0,0.0,0.03125,128
bayesfl_observability_v1,ola_sparse_bayesian_keep010_seed42,140,ola,global,,,layers.0.bias,db,19,-89.90594724523149,-89.19464646693915,-89.55029685608531,0,0.0,0.03125,128
bayesfl_observability_v1,ola_sparse_bayesian_keep010_seed42,140,ola,global,,,layers.0.bias,db,20,-89.19464646693915,-88.4833456886468,-88.83899607779298,0,0.0,0.03125,128
bayesfl_observability_v1,ola_sparse_bayesian_keep010_seed42,140,ola,global,,,layers.0.bias,db,21,-88.4833456886468,-87.77204491035447,-88.12769529950063,0,0.0,0.03125,128
bayesfl_observability_v1,ola_sparse_bayesian_keep010_seed42,140,ola,global,,,layers.0.bias,db,22,-87.77204491035447,-87.06074413206213,-87.4163945212083,0,0.0,0.03125,128
bayesfl_observability_v1,ola_sparse_bayesian_keep010_seed42,140,ola,global,,,layers.0.bias,db,23,-87.06074413206213,-86.34944335376979,-86.70509374291595,2,0.021966797277393414,0.046875,128
bayesfl_observability_v1,ola_sparse_bayesian_keep010_seed42,140,ola,global,,,layers.0.bias,db,24,-86.34944335376979,-85.63814257547745,-85.99379296462362,0,0.0,0.046875,128
bayesfl_observability_v1,ola_sparse_bayesian_keep010_seed42,140,ola,global,,,layers.0.bias,db,25,-85.63814257547745,-84.9268417971851,-85.28249218633127,0,0.0,0.046875,128
bayesfl_observability_v1,ola_sparse_bayesian_keep010_seed42,140,ola,global,,,layers.0.bias,db,26,-84.9268417971851,-84.21554101889276,-84.57119140803894,0,0.0,0.046875,128
bayesfl_observability_v1,ola_sparse_bayesian_keep010_seed42,140,ola,global,,,layers.0.bias,db,27,-84.21554101889276,-83.50424024060041,-83.85989062974659,0,0.0,0.046875,128
bayesfl_observability_v1,ola_sparse_bayesian_keep010_seed42,140,ola,global,,,layers.0.bias,db,28,-83.50424024060041,-82.79293946230808,-83.14858985145425,0,0.0,0.046875,128
bayesfl_observability_v1,ola_sparse_bayesian_keep010_seed42,140,ola,global,,,layers.0.bias,db,29,-82.79293946230808,-82.08163868401573,-82.4372890731619,1,0.010983398638696488,0.0546875,128
bayesfl_observability_v1,ola_sparse_bayesian_keep010_seed42,140,ola,global,,,layers.0.bias,db,30,-82.08163868401573,-81.37033790572339,-81.72598829486955,2,0.021966797277393414,0.0703125,128
bayesfl_observability_v1,ola_sparse_bayesian_keep010_seed42,140,ola,global,,,layers.0.bias,db,31,-81.37033790572339,-80.65903712743105,-81.01468751657723,2,0.021966797277393414,0.0859375,128
bayesfl_observability_v1,ola_sparse_bayesian_keep010_seed42,140,ola,global,,,layers.0.bias,db,32,-80.65903712743105,-79.94773634913871,-80.30338673828487,0,0.0,0.0859375,128
bayesfl_observability_v1,ola_sparse_bayesian_keep010_seed42,140,ola,global,,,layers.0.bias,db,33,-79.94773634913871,-79.23643557084637,-79.59208595999254,1,0.010983398638696707,0.09375,128
bayesfl_observability_v1,ola_sparse_bayesian_keep010_seed42,140,ola,global,,,layers.0.bias,db,34,-79.23643557084637,-78.52513479255403,-78.88078518170019,3,0.03295019591609012,0.1171875,128
bayesfl_observability_v1,ola_sparse_bayesian_keep010_seed42,140,ola,global,,,layers.0.bias,db,35,-78.52513479255403,-77.81383401426169,-78.16948440340786,2,0.021966797277393414,0.1328125,128
bayesfl_observability_v1,ola_sparse_bayesian_keep010_seed42,140,ola,global,,,layers.0.bias,db,36,-77.81383401426169,-77.10253323596935,-77.45818362511551,1,0.010983398638696707,0.140625,128
bayesfl_observability_v1,ola_sparse_bayesian_keep010_seed42,140,ola,global,,,layers.0.bias,db,37,-77.10253323596935,-76.391232457677,-76.74688284682318,1,0.010983398638696707,0.1484375,128
bayesfl_observability_v1,ola_sparse_bayesian_keep010_seed42,140,ola,global,,,layers.0.bias,db,38,-76.391232457677,-75.67993167938467,-76.03558206853083,3,0.03295019591609012,0.171875,128
bayesfl_observability_v1,ola_sparse_bayesian_keep010_seed42,140,ola,global,,,layers.0.bias,db,39,-75.67993167938467,-74.96863090109233,-75.3242812902385,2,0.021966797277393414,0.1875,128
bayesfl_observability_v1,ola_sparse_bayesian_keep010_seed42,140,ola,global,,,layers.0.bias,db,40,-74.96863090109233,-74.25733012279997,-74.61298051194615,1,0.010983398638696488,0.1953125,128
bayesfl_observability_v1,ola_sparse_bayesian_keep010_seed42,140,ola,global,,,layers.0.bias,db,41,-74.25733012279997,-73.54602934450764,-73.90167973365381,1,0.010983398638696927,0.203125,128
bayesfl_observability_v1,ola_sparse_bayesian_keep010_seed42,140,ola,global,,,layers.0.bias,db,42,-73.54602934450764,-72.83472856621529,-73.19037895536147,2,0.021966797277392976,0.21875,128
bayesfl_observability_v1,ola_sparse_bayesian_keep010_seed42,140,ola,global,,,layers.0.bias,db,43,-72.83472856621529,-72.12342778792295,-72.47907817706911,0,0.0,0.21875,128
bayesfl_observability_v1,ola_sparse_bayesian_keep010_seed42,140,ola,global,,,layers.0.bias,db,44,-72.12342778792295,-71.41212700963061,-71.76777739877679,0,0.0,0.21875,128
bayesfl_observability_v1,ola_sparse_bayesian_keep010_seed42,140,ola,global,,,layers.0.bias,db,45,-71.41212700963061,-70.70082623133827,-71.05647662048443,0,0.0,0.21875,128
bayesfl_observability_v1,ola_sparse_bayesian_keep010_seed42,140,ola,global,,,layers.0.bias,db,46,-70.70082623133827,-69.98952545304593,-70.3451758421921,1,0.010983398638696707,0.2265625,128
bayesfl_observability_v1,ola_sparse_bayesian_keep010_seed42,140,ola,global,,,layers.0.bias,db,47,-69.98952545304593,-69.27822467475359,-69.63387506389975,1,0.010983398638696707,0.234375,128
bayesfl_observability_v1,ola_sparse_bayesian_keep010_seed42,140,ola,global,,,layers.0.bias,db,48,-69.27822467475359,-68.56692389646125,-68.92257428560742,2,0.021966797277393414,0.25,128
bayesfl_observability_v1,ola_sparse_bayesian_keep010_seed42,140,ola,global,,,layers.0.bias,db,49,-68.56692389646125,-67.8556231181689,-68.21127350731507,4,0.04393359455478595,0.28125,128
bayesfl_observability_v1,ola_sparse_bayesian_keep010_seed42,140,ola,global,,,layers.0.bias,db,50,-67.8556231181689,-67.14432233987657,-67.49997272902273,1,0.010983398638696927,0.2890625,128
bayesfl_observability_v1,ola_sparse_bayesian_keep010_seed42,140,ola,global,,,layers.0.bias,db,51,-67.14432233987657,-66.43302156158421,-66.78867195073039,2,0.021966797277392976,0.3046875,128
bayesfl_observability_v1,ola_sparse_bayesian_keep010_seed42,140,ola,global,,,layers.0.bias,db,52,-66.43302156158421,-65.72172078329189,-66.07737117243805,1,0.010983398638696927,0.3125,128
bayesfl_observability_v1,ola_sparse_bayesian_keep010_seed42,140,ola,global,,,layers.0.bias,db,53,-65.72172078329189,-65.01042000499953,-65.36607039414571,2,0.021966797277392976,0.328125,128
bayesfl_observability_v1,ola_sparse_bayesian_keep010_seed42,140,ola,global,,,layers.0.bias,db,54,-65.01042000499953,-64.2991192267072,-64.65476961585337,2,0.021966797277393854,0.34375,128
bayesfl_observability_v1,ola_sparse_bayesian_keep010_seed42,140,ola,global,,,layers.0.bias,db,55,-64.2991192267072,-63.58781844841485,-63.94346883756103,3,0.03295019591608946,0.3671875,128
bayesfl_observability_v1,ola_sparse_bayesian_keep010_seed42,140,ola,global,,,layers.0.bias,db,56,-63.58781844841485,-62.87651767012251,-63.23216805926868,1,0.010983398638696707,0.375,128
bayesfl_observability_v1,ola_sparse_bayesian_keep010_seed42,140,ola,global,,,layers.0.bias,db,57,-62.87651767012251,-62.16521689183017,-62.52086728097634,2,0.021966797277393414,0.390625,128
bayesfl_observability_v1,ola_sparse_bayesian_keep010_seed42,140,ola,global,,,layers.0.bias,db,58,-62.16521689183017,-61.45391611353783,-61.809566502684,7,0.07688379047087696,0.4453125,128
bayesfl_observability_v1,ola_sparse_bayesian_keep010_seed42,140,ola,global,,,layers.0.bias,db,59,-61.45391611353783,-60.74261533524549,-61.09826572439166,6,0.06590039183218024,0.4921875,128
bayesfl_observability_v1,ola_sparse_bayesian_keep010_seed42,140,ola,global,,,layers.0.bias,db,60,-60.74261533524549,-60.03131455695315,-60.38696494609932,3,0.03295019591609012,0.515625,128
bayesfl_observability_v1,ola_sparse_bayesian_keep010_seed42,140,ola,global,,,layers.0.bias,db,61,-60.03131455695315,-59.3200137786608,-59.67566416780697,7,0.07688379047087618,0.5703125,128
bayesfl_observability_v1,ola_sparse_bayesian_keep010_seed42,140,ola,global,,,layers.0.bias,db,62,-59.3200137786608,-58.60871300036846,-58.96436338951463,6,0.06590039183218024,0.6171875,128
bayesfl_observability_v1,ola_sparse_bayesian_keep010_seed42,140,ola,global,,,layers.0.bias,db,63,-58.60871300036846,-57.89741222207612,-58.25306261122229,6,0.06590039183218024,0.6640625,128
bayesfl_observability_v1,ola_sparse_bayesian_keep010_seed42,140,ola,global,,,layers.0.bias,db,64,-57.89741222207612,-57.18611144378378,-57.54176183292995,5,0.05491699319348354,0.703125,128
bayesfl_observability_v1,ola_sparse_bayesian_keep010_seed42,140,ola,global,,,layers.0.bias,db,65,-57.18611144378378,-56.47481066549144,-56.83046105463761,6,0.06590039183218024,0.75,128
bayesfl_observability_v1,ola_sparse_bayesian_keep010_seed42,140,ola,global,,,layers.0.bias,db,66,-56.47481066549144,-55.76350988719909,-56.11916027634527,6,0.06590039183217959,0.796875,128
bayesfl_observability_v1,ola_sparse_bayesian_keep010_seed42,140,ola,global,,,layers.0.bias,db,67,-55.76350988719909,-55.05220910890675,-55.40785949805292,0,0.0,0.796875,128
bayesfl_observability_v1,ola_sparse_bayesian_keep010_seed42,140,ola,global,,,layers.0.bias,db,68,-55.05220910890675,-54.34090833061441,-54.69655871976058,5,0.05491699319348354,0.8359375,128
bayesfl_observability_v1,ola_sparse_bayesian_keep010_seed42,140,ola,global,,,layers.0.bias,db,69,-54.34090833061441,-53.62960755232207,-53.98525794146824,7,0.07688379047087696,0.890625,128
bayesfl_observability_v1,ola_sparse_bayesian_keep010_seed42,140,ola,global,,,layers.0.bias,db,70,-53.62960755232207,-52.91830677402973,-53.2739571631759,7,0.07688379047087696,0.9453125,128
bayesfl_observability_v1,ola_sparse_bayesian_keep010_seed42,140,ola,global,,,layers.0.bias,db,71,-52.91830677402973,-52.20700599573739,-52.56265638488356,2,0.021966797277393414,0.9609375,128
bayesfl_observability_v1,ola_sparse_bayesian_keep010_seed42,140,ola,global,,,layers.0.bias,db,72,-52.20700599573739,-51.49570521744504,-51.85135560659121,2,0.021966797277393195,0.9765625,128
bayesfl_observability_v1,ola_sparse_bayesian_keep010_seed42,140,ola,global,,,layers.0.bias,db,73,-51.49570521744504,-50.7844044391527,-51.14005482829887,2,0.021966797277393414,0.9921875,128
bayesfl_observability_v1,ola_sparse_bayesian_keep010_seed42,140,ola,global,,,layers.0.bias,db,74,-50.7844044391527,-50.07310366086036,-50.42875405000653,0,0.0,0.9921875,128
bayesfl_observability_v1,ola_sparse_bayesian_keep010_seed42,140,ola,global,,,layers.0.bias,db,75,-50.07310366086036,-49.36180288256802,-49.71745327171419,0,0.0,0.9921875,128
bayesfl_observability_v1,ola_sparse_bayesian_keep010_seed42,140,ola,global,,,layers.0.bias,db,76,-49.36180288256802,-48.65050210427568,-49.00615249342185,0,0.0,0.9921875,128
bayesfl_observability_v1,ola_sparse_bayesian_keep010_seed42,140,ola,global,,,layers.0.bias,db,77,-48.65050210427568,-47.93920132598334,-48.29485171512951,0,0.0,0.9921875,128
bayesfl_observability_v1,ola_sparse_bayesian_keep010_seed42,140,ola,global,,,layers.0.bias,db,78,-47.93920132598334,-47.22790054769099,-47.58355093683717,0,0.0,0.9921875,128
bayesfl_observability_v1,ola_sparse_bayesian_keep010_seed42,140,ola,global,,,layers.0.bias,db,79,-47.22790054769099,-46.51659976939865,-46.87225015854482,1,0.010983398638696707,1.0,128
bayesfl_observability_v1,ola_sparse_bayesian_keep010_seed42,140,ola,global,,,layers.1.weight,raw,0,4.541442425132552e-08,0.0013632246474637585,0.0006816350309440049,174,99.72092935783472,0.1359375,1280
bayesfl_observability_v1,ola_sparse_bayesian_keep010_seed42,140,ola,global,,,layers.1.weight,raw,1,0.0013632246474637585,0.0027264038805032654,0.002044814263983512,163,93.41673267429346,0.26328125,1280
bayesfl_observability_v1,ola_sparse_bayesian_keep010_seed42,140,ola,global,,,layers.1.weight,raw,2,0.0027264038805032654,0.004089583113542773,0.0034079934970230193,147,84.24699204368791,0.378125,1280
bayesfl_observability_v1,ola_sparse_bayesian_keep010_seed42,140,ola,global,,,layers.1.weight,raw,3,0.004089583113542773,0.00545276234658228,0.004771172730062527,150,85.9663184119265,0.4953125,1280
bayesfl_observability_v1,ola_sparse_bayesian_keep010_seed42,140,ola,global,,,layers.1.weight,raw,4,0.00545276234658228,0.006815941579621787,0.006134351963102034,121,69.34616351895404,0.58984375,1280
bayesfl_observability_v1,ola_sparse_bayesian_keep010_seed42,140,ola,global,,,layers.1.weight,raw,5,0.006815941579621787,0.008179120812661294,0.0074975311961415405,81,46.42181194244031,0.653125,1280
bayesfl_observability_v1,ola_sparse_bayesian_keep010_seed42,140,ola,global,,,layers.1.weight,raw,6,0.008179120812661294,0.009542300045700801,0.008860710429181047,81,46.42181194244031,0.71640625,1280
bayesfl_observability_v1,ola_sparse_bayesian_keep010_seed42,140,ola,global,,,layers.1.weight,raw,7,0.009542300045700801,0.010905479278740308,0.010223889662220554,68,38.971397680073345,0.76953125,1280
bayesfl_observability_v1,ola_sparse_bayesian_keep010_seed42,140,ola,global,,,layers.1.weight,raw,8,0.010905479278740308,0.012268658511779815,0.011587068895260061,43,24.643677944752262,0.803125,1280
bayesfl_observability_v1,ola_sparse_bayesian_keep010_seed42,140,ola,global,,,layers.1.weight,raw,9,0.012268658511779815,0.013631837744819322,0.012950248128299568,31,17.766372471798142,0.82734375,1280
bayesfl_observability_v1,ola_sparse_bayesian_keep010_seed42,140,ola,global,,,layers.1.weight,raw,10,0.013631837744819322,0.014995016977858829,0.014313427361339075,30,17.1932636823853,0.85078125,1280
bayesfl_observability_v1,ola_sparse_bayesian_keep010_seed42,140,ola,global,,,layers.1.weight,raw,11,0.014995016977858829,0.01635819621089834,0.015676606594378584,25,14.327719735321045,0.8703125,1280
bayesfl_observability_v1,ola_sparse_bayesian_keep010_seed42,140,ola,global,,,layers.1.weight,raw,12,0.01635819621089834,0.017721375443937846,0.017039785827418094,27,15.473937314146768,0.89140625,1280
bayesfl_observability_v1,ola_sparse_bayesian_keep010_seed42,140,ola,global,,,layers.1.weight,raw,13,0.017721375443937846,0.019084554676977353,0.018402965060457598,17,9.742849420018336,0.9046875,1280
bayesfl_observability_v1,ola_sparse_bayesian_keep010_seed42,140,ola,global,,,layers.1.weight,raw,14,0.019084554676977353,0.02044773391001686,0.019766144293497108,21,12.035284577669708,0.92109375,1280
bayesfl_observability_v1,ola_sparse_bayesian_keep010_seed42,140,ola,global,,,layers.1.weight,raw,15,0.02044773391001686,0.021810913143056367,0.02112932352653661,14,8.023523051779806,0.93203125,1280
bayesfl_observability_v1,ola_sparse_bayesian_keep010_seed42,140,ola,global,,,layers.1.weight,raw,16,0.021810913143056367,0.023174092376095873,0.022492502759576122,7,4.011761525889903,0.9375,1280
bayesfl_observability_v1,ola_sparse_bayesian_keep010_seed42,140,ola,global,,,layers.1.weight,raw,17,0.023174092376095873,0.02453727160913538,0.023855681992615625,8,4.584870315302746,0.94375,1280
bayesfl_observability_v1,ola_sparse_bayesian_keep010_seed42,140,ola,global,,,layers.1.weight,raw,18,0.02453727160913538,0.025900450842174887,0.025218861225655136,8,4.584870315302746,0.95,1280
bayesfl_observability_v1,ola_sparse_bayesian_keep010_seed42,140,ola,global,,,layers.1.weight,raw,19,0.025900450842174887,0.027263630075214394,0.02658204045869464,7,4.011761525889903,0.95546875,1280
bayesfl_observability_v1,ola_sparse_bayesian_keep010_seed42,140,ola,global,,,layers.1.weight,raw,20,0.027263630075214394,0.0286268093082539,0.02794521969173415,3,1.7193263682385298,0.9578125,1280
bayesfl_observability_v1,ola_sparse_bayesian_keep010_seed42,140,ola,global,,,layers.1.weight,raw,21,0.0286268093082539,0.029989988541293408,0.029308398924773653,6,3.4386527364770596,0.9625,1280
bayesfl_observability_v1,ola_sparse_bayesian_keep010_seed42,140,ola,global,,,layers.1.weight,raw,22,0.029989988541293408,0.03135316777433291,0.03067157815781316,10,5.731087894128447,0.9703125,1280
bayesfl_observability_v1,ola_sparse_bayesian_keep010_seed42,140,ola,global,,,layers.1.weight,raw,23,0.03135316777433291,0.03271634700737242,0.03203475739085267,2,1.1462175788256836,0.971875,1280
bayesfl_observability_v1,ola_sparse_bayesian_keep010_seed42,140,ola,global,,,layers.1.weight,raw,24,0.03271634700737242,0.034079526240411925,0.03339793662389218,4,2.292435157651379,0.975,1280
bayesfl_observability_v1,ola_sparse_bayesian_keep010_seed42,140,ola,global,,,layers.1.weight,raw,25,0.034079526240411925,0.035442705473451436,0.03476111585693168,3,1.7193263682385256,0.97734375,1280
bayesfl_observability_v1,ola_sparse_bayesian_keep010_seed42,140,ola,global,,,layers.1.weight,raw,26,0.035442705473451436,0.03680588470649094,0.036124295089971184,2,1.1462175788256894,0.97890625,1280
bayesfl_observability_v1,ola_sparse_bayesian_keep010_seed42,140,ola,global,,,layers.1.weight,raw,27,0.03680588470649094,0.03816906393953045,0.037487474323010694,1,0.5731087894128418,0.9796875,1280
bayesfl_observability_v1,ola_sparse_bayesian_keep010_seed42,140,ola,global,,,layers.1.weight,raw,28,0.03816906393953045,0.03953224317256995,0.038850653556050205,2,1.1462175788256894,0.98125,1280
bayesfl_observability_v1,ola_sparse_bayesian_keep010_seed42,140,ola,global,,,layers.1.weight,raw,29,0.03953224317256995,0.04089542240560946,0.04021383278908971,4,2.2924351576513673,0.984375,1280
bayesfl_observability_v1,ola_sparse_bayesian_keep010_seed42,140,ola,global,,,layers.1.weight,raw,30,0.04089542240560946,0.04225860163864897,0.04157701202212921,2,1.1462175788256894,0.9859375,1280
bayesfl_observability_v1,ola_sparse_bayesian_keep010_seed42,140,ola,global,,,layers.1.weight,raw,31,0.04225860163864897,0.04362178087168848,0.04294019125516872,0,0.0,0.9859375,1280
bayesfl_observability_v1,ola_sparse_bayesian_keep010_seed42,140,ola,global,,,layers.1.weight,raw,32,0.04362178087168848,0.04498496010472799,0.04430337048820823,1,0.5731087894128418,0.98671875,1280
bayesfl_observability_v1,ola_sparse_bayesian_keep010_seed42,140,ola,global,,,layers.1.weight,raw,33,0.04498496010472799,0.04634813933776749,0.04566654972124774,2,1.1462175788256894,0.98828125,1280
bayesfl_observability_v1,ola_sparse_bayesian_keep010_seed42,140,ola,global,,,layers.1.weight,raw,34,0.04634813933776749,0.047711318570807,0.047029728954287246,0,0.0,0.98828125,1280
bayesfl_observability_v1,ola_sparse_bayesian_keep010_seed42,140,ola,global,,,layers.1.weight,raw,35,0.047711318570807,0.049074497803846505,0.04839290818732675,0,0.0,0.98828125,1280
bayesfl_observability_v1,ola_sparse_bayesian_keep010_seed42,140,ola,global,,,layers.1.weight,raw,36,0.049074497803846505,0.050437677036886015,0.04975608742036626,1,0.5731087894128418,0.9890625,1280
bayesfl_observability_v1,ola_sparse_bayesian_keep010_seed42,140,ola,global,,,layers.1.weight,raw,37,0.050437677036886015,0.05180085626992552,0.05111926665340577,1,0.5731087894128447,0.98984375,1280
bayesfl_observability_v1,ola_sparse_bayesian_keep010_seed42,140,ola,global,,,layers.1.weight,raw,38,0.05180085626992552,0.05316403550296503,0.052482445886445274,0,0.0,0.98984375,1280
bayesfl_observability_v1,ola_sparse_bayesian_keep010_seed42,140,ola,global,,,layers.1.weight,raw,39,0.05316403550296503,0.05452721473600453,0.05384562511948478,1,0.5731087894128447,0.990625,1280
bayesfl_observability_v1,ola_sparse_bayesian_keep010_seed42,140,ola,global,,,layers.1.weight,raw,40,0.05452721473600453,0.05589039396904404,0.05520880435252429,1,0.5731087894128418,0.99140625,1280
bayesfl_observability_v1,ola_sparse_bayesian_keep010_seed42,140,ola,global,,,layers.1.weight,raw,41,0.05589039396904404,0.057253573202083546,0.0565719835855638,2,1.1462175788256894,0.99296875,1280
bayesfl_observability_v1,ola_sparse_bayesian_keep010_seed42,140,ola,global,,,layers.1.weight,raw,42,0.057253573202083546,0.05861675243512306,0.0579351628186033,0,0.0,0.99296875,1280
bayesfl_observability_v1,ola_sparse_bayesian_keep010_seed42,140,ola,global,,,layers.1.weight,raw,43,0.05861675243512306,0.05997993166816256,0.059298342051642805,0,0.0,0.99296875,1280
bayesfl_observability_v1,ola_sparse_bayesian_keep010_seed42,140,ola,global,,,layers.1.weight,raw,44,0.05997993166816256,0.06134311090120207,0.060661521284682315,0,0.0,0.99296875,1280
bayesfl_observability_v1,ola_sparse_bayesian_keep010_seed42,140,ola,global,,,layers.1.weight,raw,45,0.06134311090120207,0.06270629013424157,0.062024700517721826,3,1.7193263682385342,0.9953125,1280
bayesfl_observability_v1,ola_sparse_bayesian_keep010_seed42,140,ola,global,,,layers.1.weight,raw,46,0.06270629013424157,0.06406946936728108,0.06338787975076132,0,0.0,0.9953125,1280
bayesfl_observability_v1,ola_sparse_bayesian_keep010_seed42,140,ola,global,,,layers.1.weight,raw,47,0.06406946936728108,0.0654326486003206,0.06475105898380085,1,0.5731087894128418,0.99609375,1280
bayesfl_observability_v1,ola_sparse_bayesian_keep010_seed42,140,ola,global,,,layers.1.weight,raw,48,0.0654326486003206,0.0667958278333601,0.06611423821684034,1,0.5731087894128418,0.996875,1280
bayesfl_observability_v1,ola_sparse_bayesian_keep010_seed42,140,ola,global,,,layers.1.weight,raw,49,0.0667958278333601,0.0681590070663996,0.06747741744987985,0,0.0,0.996875,1280
bayesfl_observability_v1,ola_sparse_bayesian_keep010_seed42,140,ola,global,,,layers.1.weight,raw,50,0.0681590070663996,0.06952218629943911,0.06884059668291936,0,0.0,0.996875,1280
bayesfl_observability_v1,ola_sparse_bayesian_keep010_seed42,140,ola,global,,,layers.1.weight,raw,51,0.06952218629943911,0.07088536553247862,0.07020377591595886,1,0.5731087894128418,0.99765625,1280
bayesfl_observability_v1,ola_sparse_bayesian_keep010_seed42,140,ola,global,,,layers.1.weight,raw,52,0.07088536553247862,0.07224854476551813,0.07156695514899838,1,0.5731087894128418,0.9984375,1280
bayesfl_observability_v1,ola_sparse_bayesian_keep010_seed42,140,ola,global,,,layers.1.weight,raw,53,0.07224854476551813,0.07361172399855763,0.07293013438203788,0,0.0,0.9984375,1280
bayesfl_observability_v1,ola_sparse_bayesian_keep010_seed42,140,ola,global,,,layers.1.weight,raw,54,0.07361172399855763,0.07497490323159714,0.07429331361507738,0,0.0,0.9984375,1280
bayesfl_observability_v1,ola_sparse_bayesian_keep010_seed42,140,ola,global,,,layers.1.weight,raw,55,0.07497490323159714,0.07633808246463665,0.0756564928481169,0,0.0,0.9984375,1280
bayesfl_observability_v1,ola_sparse_bayesian_keep010_seed42,140,ola,global,,,layers.1.weight,raw,56,0.07633808246463665,0.07770126169767616,0.0770196720811564,0,0.0,0.9984375,1280
bayesfl_observability_v1,ola_sparse_bayesian_keep010_seed42,140,ola,global,,,layers.1.weight,raw,57,0.07770126169767616,0.07906444093071566,0.07838285131419591,0,0.0,0.9984375,1280
bayesfl_observability_v1,ola_sparse_bayesian_keep010_seed42,140,ola,global,,,layers.1.weight,raw,58,0.07906444093071566,0.08042762016375517,0.07974603054723542,0,0.0,0.9984375,1280
bayesfl_observability_v1,ola_sparse_bayesian_keep010_seed42,140,ola,global,,,layers.1.weight,raw,59,0.08042762016375517,0.08179079939679468,0.08110920978027492,0,0.0,0.9984375,1280
bayesfl_observability_v1,ola_sparse_bayesian_keep010_seed42,140,ola,global,,,layers.1.weight,raw,60,0.08179079939679468,0.08315397862983419,0.08247238901331444,0,0.0,0.9984375,1280
bayesfl_observability_v1,ola_sparse_bayesian_keep010_seed42,140,ola,global,,,layers.1.weight,raw,61,0.08315397862983419,0.08451715786287368,0.08383556824635394,0,0.0,0.9984375,1280
bayesfl_observability_v1,ola_sparse_bayesian_keep010_seed42,140,ola,global,,,layers.1.weight,raw,62,0.08451715786287368,0.0858803370959132,0.08519874747939343,0,0.0,0.9984375,1280
bayesfl_observability_v1,ola_sparse_bayesian_keep010_seed42,140,ola,global,,,layers.1.weight,raw,63,0.0858803370959132,0.0872435163289527,0.08656192671243296,0,0.0,0.9984375,1280
bayesfl_observability_v1,ola_sparse_bayesian_keep010_seed42,140,ola,global,,,layers.1.weight,raw,64,0.0872435163289527,0.08860669556199222,0.08792510594547245,0,0.0,0.9984375,1280
bayesfl_observability_v1,ola_sparse_bayesian_keep010_seed42,140,ola,global,,,layers.1.weight,raw,65,0.08860669556199222,0.08996987479503173,0.08928828517851198,0,0.0,0.9984375,1280
bayesfl_observability_v1,ola_sparse_bayesian_keep010_seed42,140,ola,global,,,layers.1.weight,raw,66,0.08996987479503173,0.09133305402807122,0.09065146441155147,0,0.0,0.9984375,1280
bayesfl_observability_v1,ola_sparse_bayesian_keep010_seed42,140,ola,global,,,layers.1.weight,raw,67,0.09133305402807122,0.09269623326111073,0.09201464364459097,0,0.0,0.9984375,1280
bayesfl_observability_v1,ola_sparse_bayesian_keep010_seed42,140,ola,global,,,layers.1.weight,raw,68,0.09269623326111073,0.09405941249415024,0.0933778228776305,1,0.5731087894128418,0.99921875,1280
bayesfl_observability_v1,ola_sparse_bayesian_keep010_seed42,140,ola,global,,,layers.1.weight,raw,69,0.09405941249415024,0.09542259172718975,0.09474100211066999,0,0.0,0.99921875,1280
bayesfl_observability_v1,ola_sparse_bayesian_keep010_seed42,140,ola,global,,,layers.1.weight,raw,70,0.09542259172718975,0.09678577096022925,0.0961041813437095,0,0.0,0.99921875,1280
bayesfl_observability_v1,ola_sparse_bayesian_keep010_seed42,140,ola,global,,,layers.1.weight,raw,71,0.09678577096022925,0.09814895019326876,0.09746736057674901,0,0.0,0.99921875,1280
bayesfl_observability_v1,ola_sparse_bayesian_keep010_seed42,140,ola,global,,,layers.1.weight,raw,72,0.09814895019326876,0.09951212942630827,0.09883053980978851,0,0.0,0.99921875,1280
bayesfl_observability_v1,ola_sparse_bayesian_keep010_seed42,140,ola,global,,,layers.1.weight,raw,73,0.09951212942630827,0.10087530865934778,0.10019371904282803,0,0.0,0.99921875,1280
bayesfl_observability_v1,ola_sparse_bayesian_keep010_seed42,140,ola,global,,,layers.1.weight,raw,74,0.10087530865934778,0.10223848789238728,0.10155689827586753,0,0.0,0.99921875,1280
bayesfl_observability_v1,ola_sparse_bayesian_keep010_seed42,140,ola,global,,,layers.1.weight,raw,75,0.10223848789238728,0.10360166712542679,0.10292007750890703,0,0.0,0.99921875,1280
bayesfl_observability_v1,ola_sparse_bayesian_keep010_seed42,140,ola,global,,,layers.1.weight,raw,76,0.10360166712542679,0.1049648463584663,0.10428325674194655,0,0.0,0.99921875,1280
bayesfl_observability_v1,ola_sparse_bayesian_keep010_seed42,140,ola,global,,,layers.1.weight,raw,77,0.1049648463584663,0.10632802559150581,0.10564643597498605,0,0.0,0.99921875,1280
bayesfl_observability_v1,ola_sparse_bayesian_keep010_seed42,140,ola,global,,,layers.1.weight,raw,78,0.10632802559150581,0.1076912048245453,0.10700961520802556,0,0.0,0.99921875,1280
bayesfl_observability_v1,ola_sparse_bayesian_keep010_seed42,140,ola,global,,,layers.1.weight,raw,79,0.1076912048245453,0.10905438405758482,0.10837279444106507,1,0.5731087894128418,1.0,1280
bayesfl_observability_v1,ola_sparse_bayesian_keep010_seed42,140,ola,global,,,layers.1.weight,db,0,-146.85593248929445,-145.26082255088028,-146.05837752008736,1,0.0004897781533332466,0.00078125,1280
bayesfl_observability_v1,ola_sparse_bayesian_keep010_seed42,140,ola,global,,,layers.1.weight,db,1,-145.26082255088028,-143.6657126124661,-144.4632675816732,0,0.0,0.00078125,1280
bayesfl_observability_v1,ola_sparse_bayesian_keep010_seed42,140,ola,global,,,layers.1.weight,db,2,-143.6657126124661,-142.07060267405194,-142.86815764325902,0,0.0,0.00078125,1280
bayesfl_observability_v1,ola_sparse_bayesian_keep010_seed42,140,ola,global,,,layers.1.weight,db,3,-142.07060267405194,-140.47549273563777,-141.27304770484486,0,0.0,0.00078125,1280
bayesfl_observability_v1,ola_sparse_bayesian_keep010_seed42,140,ola,global,,,layers.1.weight,db,4,-140.47549273563777,-138.88038279722363,-139.67793776643072,0,0.0,0.00078125,1280
bayesfl_observability_v1,ola_sparse_bayesian_keep010_seed42,140,ola,global,,,layers.1.weight,db,5,-138.88038279722363,-137.28527285880946,-138.08282782801655,0,0.0,0.00078125,1280
bayesfl_observability_v1,ola_sparse_bayesian_keep010_seed42,140,ola,global,,,layers.1.weight,db,6,-137.28527285880946,-135.6901629203953,-136.48771788960238,0,0.0,0.00078125,1280
bayesfl_observability_v1,ola_sparse_bayesian_keep010_seed42,140,ola,global,,,layers.1.weight,db,7,-135.6901629203953,-134.09505298198113,-134.8926079511882,0,0.0,0.00078125,1280
bayesfl_observability_v1,ola_sparse_bayesian_keep010_seed42,140,ola,global,,,layers.1.weight,db,8,-134.09505298198113,-132.49994304356696,-133.29749801277404,0,0.0,0.00078125,1280
bayesfl_observability_v1,ola_sparse_bayesian_keep010_seed42,140,ola,global,,,layers.1.weight,db,9,-132.49994304356696,-130.9048331051528,-131.70238807435987,0,0.0,0.00078125,1280
bayesfl_observability_v1,ola_sparse_bayesian_keep010_seed42,140,ola,global,,,layers.1.weight,db,10,-130.9048331051528,-129.30972316673862,-130.1072781359457,0,0.0,0.00078125,1280
bayesfl_observability_v1,ola_sparse_bayesian_keep010_seed42,140,ola,global,,,layers.1.weight,db,11,-129.30972316673862,-127.71461322832447,-128.51216819753154,0,0.0,0.00078125,1280
bayesfl_observability_v1,ola_sparse_bayesian_keep010_seed42,140,ola,global,,,layers.1.weight,db,12,-127.71461322832447,-126.1195032899103,-126.91705825911738,0,0.0,0.00078125,1280
bayesfl_observability_v1,ola_sparse_bayesian_keep010_seed42,140,ola,global,,,layers.1.weight,db,13,-126.1195032899103,-124.52439335149613,-125.32194832070321,0,0.0,0.00078125,1280
bayesfl_observability_v1,ola_sparse_bayesian_keep010_seed42,140,ola,global,,,layers.1.weight,db,14,-124.52439335149613,-122.92928341308198,-123.72683838228906,0,0.0,0.00078125,1280
bayesfl_observability_v1,ola_sparse_bayesian_keep010_seed42,140,ola,global,,,layers.1.weight,db,15,-122.92928341308198,-121.33417347466781,-122.13172844387489,0,0.0,0.00078125,1280
bayesfl_observability_v1,ola_sparse_bayesian_keep010_seed42,140,ola,global,,,layers.1.weight,db,16,-121.33417347466781,-119.73906353625364,-120.53661850546072,0,0.0,0.00078125,1280
bayesfl_observability_v1,ola_sparse_bayesian_keep010_seed42,140,ola,global,,,layers.1.weight,db,17,-119.73906353625364,-118.14395359783947,-118.94150856704655,1,0.0004897781533332466,0.0015625,1280
bayesfl_observability_v1,ola_sparse_bayesian_keep010_seed42,140,ola,global,,,layers.1.weight,db,18,-118.14395359783947,-116.5488436594253,-117.34639862863239,0,0.0,0.0015625,1280
bayesfl_observability_v1,ola_sparse_bayesian_keep010_seed42,140,ola,global,,,layers.1.weight,db,19,-116.5488436594253,-114.95373372101115,-115.75128869021822,0,0.0,0.0015625,1280
bayesfl_observability_v1,ola_sparse_bayesian_keep010_seed42,140,ola,global,,,layers.1.weight,db,20,-114.95373372101115,-113.35862378259698,-114.15617875180406,1,0.0004897781533332466,0.00234375,1280
bayesfl_observability_v1,ola_sparse_bayesian_keep010_seed42,140,ola,global,,,layers.1.weight,db,21,-113.35862378259698,-111.76351384418281,-112.5610688133899,0,0.0,0.00234375,1280
bayesfl_observability_v1,ola_sparse_bayesian_keep010_seed42,140,ola,global,,,layers.1.weight,db,22,-111.76351384418281,-110.16840390576866,-110.96595887497574,0,0.0,0.00234375,1280
bayesfl_observability_v1,ola_sparse_bayesian_keep010_seed42,140,ola,global,,,layers.1.weight,db,23,-110.16840390576866,-108.57329396735449,-109.37084893656157,0,0.0,0.00234375,1280
bayesfl_observability_v1,ola_sparse_bayesian_keep010_seed42,140,ola,global,,,layers.1.weight,db,24,-108.57329396735449,-106.97818402894032,-107.7757389981474,0,0.0,0.00234375,1280
bayesfl_observability_v1,ola_sparse_bayesian_keep010_seed42,140,ola,global,,,layers.1.weight,db,25,-106.97818402894032,-105.38307409052615,-106.18062905973323,0,0.0,0.00234375,1280
bayesfl_observability_v1,ola_sparse_bayesian_keep010_seed42,140,ola,global,,,layers.1.weight,db,26,-105.38307409052615,-103.78796415211198,-104.58551912131907,0,0.0,0.00234375,1280
bayesfl_observability_v1,ola_sparse_bayesian_keep010_seed42,140,ola,global,,,layers.1.weight,db,27,-103.78796415211198,-102.19285421369781,-102.9904091829049,1,0.0004897781533332466,0.003125,1280
bayesfl_observability_v1,ola_sparse_bayesian_keep010_seed42,140,ola,global,,,layers.1.weight,db,28,-102.19285421369781,-100.59774427528366,-101.39529924449073,0,0.0,0.003125,1280
bayesfl_observability_v1,ola_sparse_bayesian_keep010_seed42,140,ola,global,,,layers.1.weight,db,29,-100.59774427528366,-99.00263433686949,-99.80018930607658,0,0.0,0.003125,1280
bayesfl_observability_v1,ola_sparse_bayesian_keep010_seed42,140,ola,global,,,layers.1.weight,db,30,-99.00263433686949,-97.40752439845534,-98.20507936766242,0,0.0,0.003125,1280
bayesfl_observability_v1,ola_sparse_bayesian_keep010_seed42,140,ola,global,,,layers.1.weight,db,31,-97.40752439845534,-95.81241446004117,-96.60996942924825,1,0.0004897781533332466,0.00390625,1280
bayesfl_observability_v1,ola_sparse_bayesian_keep010_seed42,140,ola,global,,,layers.1.weight,db,32,-95.81241446004117,-94.217304521627,-95.01485949083408,1,0.0004897781533332466,0.0046875,1280
bayesfl_observability_v1,ola_sparse_bayesian_keep010_seed42,140,ola,global,,,layers.1.weight,db,33,-94.217304521627,-92.62219458321283,-93.41974955241992,0,0.0,0.0046875,1280
bayesfl_observability_v1,ola_sparse_bayesian_keep010_seed42,140,ola,global,,,layers.1.weight,db,34,-92.62219458321283,-91.02708464479866,-91.82463961400575,1,0.0004897781533332466,0.00546875,1280
bayesfl_observability_v1,ola_sparse_bayesian_keep010_seed42,140,ola,global,,,layers.1.weight,db,35,-91.02708464479866,-89.4319747063845,-90.22952967559158,0,0.0,0.00546875,1280
bayesfl_observability_v1,ola_sparse_bayesian_keep010_seed42,140,ola,global,,,layers.1.weight,db,36,-89.4319747063845,-87.83686476797033,-88.63441973717741,2,0.0009795563066664931,0.00703125,1280
bayesfl_observability_v1,ola_sparse_bayesian_keep010_seed42,140,ola,global,,,layers.1.weight,db,37,-87.83686476797033,-86.24175482955617,-87.03930979876324,3,0.0014693344599997526,0.009375,1280
bayesfl_observability_v1,ola_sparse_bayesian_keep010_seed42,140,ola,global,,,layers.1.weight,db,38,-86.24175482955617,-84.646644891142,-85.44419986034909,1,0.0004897781533332466,0.01015625,1280
bayesfl_observability_v1,ola_sparse_bayesian_keep010_seed42,140,ola,global,,,layers.1.weight,db,39,-84.646644891142,-83.05153495272785,-83.84908992193493,0,0.0,0.01015625,1280
bayesfl_observability_v1,ola_sparse_bayesian_keep010_seed42,140,ola,global,,,layers.1.weight,db,40,-83.05153495272785,-81.45642501431368,-82.25397998352076,2,0.0009795563066664931,0.01171875,1280
bayesfl_observability_v1,ola_sparse_bayesian_keep010_seed42,140,ola,global,,,layers.1.weight,db,41,-81.45642501431368,-79.86131507589951,-80.6588700451066,2,0.0009795563066664931,0.01328125,1280
bayesfl_observability_v1,ola_sparse_bayesian_keep010_seed42,140,ola,global,,,layers.1.weight,db,42,-79.86131507589951,-78.26620513748534,-79.06376010669243,0,0.0,0.01328125,1280
bayesfl_observability_v1,ola_sparse_bayesian_keep010_seed42,140,ola,global,,,layers.1.weight,db,43,-78.26620513748534,-76.67109519907117,-77.46865016827826,4,0.0019591126133329862,0.01640625,1280
bayesfl_observability_v1,ola_sparse_bayesian_keep010_seed42,140,ola,global,,,layers.1.weight,db,44,-76.67109519907117,-75.07598526065702,-75.87354022986409,1,0.0004897781533332509,0.0171875,1280
bayesfl_observability_v1,ola_sparse_bayesian_keep010_seed42,140,ola,global,,,layers.1.weight,db,45,-75.07598526065702,-73.48087532224285,-74.27843029144994,3,0.0014693344599997396,0.01953125,1280
bayesfl_observability_v1,ola_sparse_bayesian_keep010_seed42,140,ola,global,,,layers.1.weight,db,46,-73.48087532224285,-71.88576538382868,-72.68332035303577,8,0.0039182252266659725,0.02578125,1280
bayesfl_observability_v1,ola_sparse_bayesian_keep010_seed42,140,ola,global,,,layers.1.weight,db,47,-71.88576538382868,-70.29065544541452,-71.0882104146216,5,0.0024488907666662327,0.0296875,1280
bayesfl_observability_v1,ola_sparse_bayesian_keep010_seed42,140,ola,global,,,layers.1.weight,db,48,-70.29065544541452,-68.69554550700035,-69.49310047620743,9,0.0044080033799992185,0.03671875,1280
bayesfl_observability_v1,ola_sparse_bayesian_keep010_seed42,140,ola,global,,,layers.1.weight,db,49,-68.69554550700035,-67.10043556858619,-67.89799053779328,14,0.006856894146665512,0.04765625,1280
bayesfl_observability_v1,ola_sparse_bayesian_keep010_seed42,140,ola,global,,,layers.1.weight,db,50,-67.10043556858619,-65.50532563017202,-66.30288059937911,13,0.006367115993332204,0.0578125,1280
bayesfl_observability_v1,ola_sparse_bayesian_keep010_seed42,140,ola,global,,,layers.1.weight,db,51,-65.50532563017202,-63.910215691757855,-64.70777066096494,8,0.0039182252266659725,0.0640625,1280
bayesfl_observability_v1,ola_sparse_bayesian_keep010_seed42,140,ola,global,,,layers.1.weight,db,52,-63.910215691757855,-62.31510575334369,-63.11266072255077,18,0.008816006759998437,0.078125,1280
bayesfl_observability_v1,ola_sparse_bayesian_keep010_seed42,140,ola,global,,,layers.1.weight,db,53,-62.31510575334369,-60.71999581492953,-61.51755078413661,15,0.007346672299998763,0.08984375,1280
bayesfl_observability_v1,ola_sparse_bayesian_keep010_seed42,140,ola,global,,,layers.1.weight,db,54,-60.71999581492953,-59.124885876515364,-59.92244084572245,25,0.012244453833331163,0.109375,1280
bayesfl_observability_v1,ola_sparse_bayesian_keep010_seed42,140,ola,global,,,layers.1.weight,db,55,-59.124885876515364,-57.529775938101196,-58.32733090730828,30,0.014693344599997394,0.1328125,1280
bayesfl_observability_v1,ola_sparse_bayesian_keep010_seed42,140,ola,global,,,layers.1.weight,db,56,-57.529775938101196,-55.93466599968703,-56.73222096889411,29,0.01420356644666415,0.15546875,1280
bayesfl_observability_v1,ola_sparse_bayesian_keep010_seed42,140,ola,global,,,layers.1.weight,db,57,-55.93466599968703,-54.33955606127287,-55.13711103047995,42,0.020570682439996536,0.18828125,1280
bayesfl_observability_v1,ola_sparse_bayesian_keep010_seed42,140,ola,global,,,layers.1.weight,db,58,-54.33955606127287,-52.744446122858704,-53.54200109206579,49,0.023999129513329078,0.2265625,1280
bayesfl_observability_v1,ola_sparse_bayesian_keep010_seed42,140,ola,global,,,layers.1.weight,db,59,-52.744446122858704,-51.149336184444536,-51.94689115365162,53,0.025958242126662066,0.26796875,1280
bayesfl_observability_v1,ola_sparse_bayesian_keep010_seed42,140,ola,global,,,layers.1.weight,db,60,-51.149336184444536,-49.55422624603037,-50.35178121523745,65,0.031835579966661025,0.31875,1280
bayesfl_observability_v1,ola_sparse_bayesian_keep010_seed42,140,ola,global,,,layers.1.weight,db,61,-49.55422624603037,-47.95911630761621,-48.75667127682329,65,0.03183557996666131,0.36953125,1280
bayesfl_observability_v1,ola_sparse_bayesian_keep010_seed42,140,ola,global,,,layers.1.weight,db,62,-47.95911630761621,-46.364006369202045,-47.16156133840913,93,0.045549368259991924,0.4421875,1280
bayesfl_observability_v1,ola_sparse_bayesian_keep010_seed42,140,ola,global,,,layers.1.weight,db,63,-46.364006369202045,-44.768896430787876,-45.56645139999496,88,0.04310047749332569,0.5109375,1280
bayesfl_observability_v1,ola_sparse_bayesian_keep010_seed42,140,ola,global,,,layers.1.weight,db,64,-44.768896430787876,-43.17378649237371,-43.97134146158079,106,0.05191648425332413,0.59375,1280
bayesfl_observability_v1,ola_sparse_bayesian_keep010_seed42,140,ola,global,,,layers.1.weight,db,65,-43.17378649237371,-41.57867655395954,-42.376231523166624,86,0.0421209211866592,0.6609375,1280
bayesfl_observability_v1,ola_sparse_bayesian_keep010_seed42,140,ola,global,,,layers.1.weight,db,66,-41.57867655395954,-39.983566615545385,-40.78112158475246,94,0.04603914641332558,0.734375,1280
bayesfl_observability_v1,ola_sparse_bayesian_keep010_seed42,140,ola,global,,,layers.1.weight,db,67,-39.983566615545385,-38.38845667713122,-39.1860116463383,84,0.0411413648799927,0.8,1280
bayesfl_observability_v1,ola_sparse_bayesian_keep010_seed42,140,ola,global,,,layers.1.weight,db,68,-38.38845667713122,-36.79334673871705,-37.59090170792413,57,0.02791735473999505,0.84453125,1280
bayesfl_observability_v1,ola_sparse_bayesian_keep010_seed42,140,ola,global,,,layers.1.weight,db,69,-36.79334673871705,-35.19823680030288,-35.995791769509964,51,0.024978685819995572,0.884375,1280
bayesfl_observability_v1,ola_sparse_bayesian_keep010_seed42,140,ola,global,,,layers.1.weight,db,70,-35.19823680030288,-33.603126861888725,-34.4006818310958,51,0.024978685819995794,0.92421875,1280
bayesfl_observability_v1,ola_sparse_bayesian_keep010_seed42,140,ola,global,,,layers.1.weight,db,71,-33.603126861888725,-32.00801692347456,-32.80557189268164,28,0.013713788293330902,0.94609375,1280
bayesfl_observability_v1,ola_sparse_bayesian_keep010_seed42,140,ola,global,,,layers.1.weight,db,72,-32.00801692347456,-30.41290698506039,-31.210461954267473,21,0.010285341219998176,0.9625,1280
bayesfl_observability_v1,ola_sparse_bayesian_keep010_seed42,140,ola,global,,,layers.1.weight,db,73,-30.41290698506039,-28.81779704664622,-29.615352015853304,21,0.010285341219998176,0.97890625,1280
bayesfl_observability_v1,ola_sparse_bayesian_keep010_seed42,140,ola,global,,,layers.1.weight,db,74,-28.81779704664622,-27.222687108232066,-28.020242077439143,9,0.0044080033799992575,0.9859375,1280
bayesfl_observability_v1,ola_sparse_bayesian_keep010_seed42,140,ola,global,,,layers.1.weight,db,75,-27.222687108232066,-25.627577169817897,-26.42513213902498,5,0.0024488907666662327,0.98984375,1280
bayesfl_observability_v1,ola_sparse_bayesian_keep010_seed42,140,ola,global,,,layers.1.weight,db,76,-25.627577169817897,-24.03246723140373,-24.830022200610813,7,0.0034284470733327256,0.9953125,1280
bayesfl_observability_v1,ola_sparse_bayesian_keep010_seed42,140,ola,global,,,layers.1.weight,db,77,-24.03246723140373,-22.43735729298956,-23.234912262196644,4,0.0019591126133329862,0.9984375,1280
bayesfl_observability_v1,ola_sparse_bayesian_keep010_seed42,140,ola,global,,,layers.1.weight,db,78,-22.43735729298956,-20.842247354575406,-21.639802323782483,0,0.0,0.9984375,1280
bayesfl_observability_v1,ola_sparse_bayesian_keep010_seed42,140,ola,global,,,layers.1.weight,db,79,-20.842247354575406,-19.247137416161237,-20.04469238536832,2,0.0009795563066664931,1.0,1280
bayesfl_observability_v1,ola_sparse_bayesian_keep010_seed42,140,ola,global,,,layers.1.bias,raw,0,0.000115724085651067,0.00025389526013969426,0.00018480967289538064,2,1447.4799156929932,0.2,10
bayesfl_observability_v1,ola_sparse_bayesian_keep010_seed42,140,ola,global,,,layers.1.bias,raw,1,0.00025389526013969426,0.0003920664346283215,0.00032298084738400785,0,0.0,0.2,10
bayesfl_observability_v1,ola_sparse_bayesian_keep010_seed42,140,ola,global,,,layers.1.bias,raw,2,0.0003920664346283215,0.0005302376091169487,0.00046115202187263515,0,0.0,0.2,10
bayesfl_observability_v1,ola_sparse_bayesian_keep010_seed42,140,ola,global,,,layers.1.bias,raw,3,0.0005302376091169487,0.0006684087836055759,0.0005993231963612623,2,1447.4799156929937,0.4,10
bayesfl_observability_v1,ola_sparse_bayesian_keep010_seed42,140,ola,global,,,layers.1.bias,raw,4,0.0006684087836055759,0.0008065799580942031,0.0007374943708498895,1,723.7399578464968,0.5,10
bayesfl_observability_v1,ola_sparse_bayesian_keep010_seed42,140,ola,global,,,layers.1.bias,raw,5,0.0008065799580942031,0.0009447511325828304,0.0008756655453385168,0,0.0,0.5,10
bayesfl_observability_v1,ola_sparse_bayesian_keep010_seed42,140,ola,global,,,layers.1.bias,raw,6,0.0009447511325828304,0.0010829223070714577,0.001013836719827144,0,0.0,0.5,10
bayesfl_observability_v1,ola_sparse_bayesian_keep010_seed42,140,ola,global,,,layers.1.bias,raw,7,0.0010829223070714577,0.001221093481560085,0.0011520078943157712,0,0.0,0.5,10
bayesfl_observability_v1,ola_sparse_bayesian_keep010_seed42,140,ola,global,,,layers.1.bias,raw,8,0.001221093481560085,0.001359264656048712,0.0012901790688043986,1,723.7399578464968,0.6,10
bayesfl_observability_v1,ola_sparse_bayesian_keep010_seed42,140,ola,global,,,layers.1.bias,raw,9,0.001359264656048712,0.0014974358305373393,0.0014283502432930256,0,0.0,0.6,10
bayesfl_observability_v1,ola_sparse_bayesian_keep010_seed42,140,ola,global,,,layers.1.bias,raw,10,0.0014974358305373393,0.0016356070050259667,0.001566521417781653,0,0.0,0.6,10
bayesfl_observability_v1,ola_sparse_bayesian_keep010_seed42,140,ola,global,,,layers.1.bias,raw,11,0.0016356070050259667,0.0017737781795145939,0.0017046925922702804,0,0.0,0.6,10
bayesfl_observability_v1,ola_sparse_bayesian_keep010_seed42,140,ola,global,,,layers.1.bias,raw,12,0.0017737781795145939,0.001911949354003221,0.0018428637667589074,0,0.0,0.6,10
bayesfl_observability_v1,ola_sparse_bayesian_keep010_seed42,140,ola,global,,,layers.1.bias,raw,13,0.001911949354003221,0.0020501205284918487,0.0019810349412475348,0,0.0,0.6,10
bayesfl_observability_v1,ola_sparse_bayesian_keep010_seed42,140,ola,global,,,layers.1.bias,raw,14,0.0020501205284918487,0.0021882917029804757,0.002119206115736162,0,0.0,0.6,10
bayesfl_observability_v1,ola_sparse_bayesian_keep010_seed42,140,ola,global,,,layers.1.bias,raw,15,0.0021882917029804757,0.002326462877469103,0.002257377290224789,0,0.0,0.6,10
bayesfl_observability_v1,ola_sparse_bayesian_keep010_seed42,140,ola,global,,,layers.1.bias,raw,16,0.002326462877469103,0.0024646340519577305,0.002395548464713417,0,0.0,0.6,10
bayesfl_observability_v1,ola_sparse_bayesian_keep010_seed42,140,ola,global,,,layers.1.bias,raw,17,0.0024646340519577305,0.0026028052264463575,0.002533719639202044,0,0.0,0.6,10
bayesfl_observability_v1,ola_sparse_bayesian_keep010_seed42,140,ola,global,,,layers.1.bias,raw,18,0.0026028052264463575,0.002740976400934985,0.002671890813690671,0,0.0,0.6,10
bayesfl_observability_v1,ola_sparse_bayesian_keep010_seed42,140,ola,global,,,layers.1.bias,raw,19,0.002740976400934985,0.002879147575423612,0.0028100619881792984,0,0.0,0.6,10
bayesfl_observability_v1,ola_sparse_bayesian_keep010_seed42,140,ola,global,,,layers.1.bias,raw,20,0.002879147575423612,0.0030173187499122392,0.0029482331626679258,0,0.0,0.6,10
bayesfl_observability_v1,ola_sparse_bayesian_keep010_seed42,140,ola,global,,,layers.1.bias,raw,21,0.0030173187499122392,0.0031554899244008667,0.0030864043371565527,0,0.0,0.6,10
bayesfl_observability_v1,ola_sparse_bayesian_keep010_seed42,140,ola,global,,,layers.1.bias,raw,22,0.0031554899244008667,0.0032936610988894936,0.00322457551164518,0,0.0,0.6,10
bayesfl_observability_v1,ola_sparse_bayesian_keep010_seed42,140,ola,global,,,layers.1.bias,raw,23,0.0032936610988894936,0.003431832273378121,0.0033627466861338075,0,0.0,0.6,10
bayesfl_observability_v1,ola_sparse_bayesian_keep010_seed42,140,ola,global,,,layers.1.bias,raw,24,0.003431832273378121,0.0035700034478667484,0.0035009178606224345,0,0.0,0.6,10
bayesfl_observability_v1,ola_sparse_bayesian_keep010_seed42,140,ola,global,,,layers.1.bias,raw,25,0.0035700034478667484,0.0037081746223553754,0.003639089035111062,0,0.0,0.6,10
bayesfl_observability_v1,ola_sparse_bayesian_keep010_seed42,140,ola,global,,,layers.1.bias,raw,26,0.0037081746223553754,0.003846345796844003,0.0037772602095996893,0,0.0,0.6,10
bayesfl_observability_v1,ola_sparse_bayesian_keep010_seed42,140,ola,global,,,layers.1.bias,raw,27,0.003846345796844003,0.00398451697133263,0.003915431384088316,0,0.0,0.6,10
bayesfl_observability_v1,ola_sparse_bayesian_keep010_seed42,140,ola,global,,,layers.1.bias,raw,28,0.00398451697133263,0.004122688145821257,0.004053602558576943,0,0.0,0.6,10
bayesfl_observability_v1,ola_sparse_bayesian_keep010_seed42,140,ola,global,,,layers.1.bias,raw,29,0.004122688145821257,0.004260859320309884,0.004191773733065571,0,0.0,0.6,10
bayesfl_observability_v1,ola_sparse_bayesian_keep010_seed42,140,ola,global,,,layers.1.bias,raw,30,0.004260859320309884,0.004399030494798512,0.004329944907554198,0,0.0,0.6,10
bayesfl_observability_v1,ola_sparse_bayesian_keep010_seed42,140,ola,global,,,layers.1.bias,raw,31,0.004399030494798512,0.004537201669287139,0.004468116082042825,0,0.0,0.6,10
bayesfl_observability_v1,ola_sparse_bayesian_keep010_seed42,140,ola,global,,,layers.1.bias,raw,32,0.004537201669287139,0.004675372843775766,0.004606287256531453,0,0.0,0.6,10
bayesfl_observability_v1,ola_sparse_bayesian_keep010_seed42,140,ola,global,,,layers.1.bias,raw,33,0.004675372843775766,0.004813544018264394,0.00474445843102008,0,0.0,0.6,10
bayesfl_observability_v1,ola_sparse_bayesian_keep010_seed42,140,ola,global,,,layers.1.bias,raw,34,0.004813544018264394,0.004951715192753021,0.004882629605508707,0,0.0,0.6,10
bayesfl_observability_v1,ola_sparse_bayesian_keep010_seed42,140,ola,global,,,layers.1.bias,raw,35,0.004951715192753021,0.005089886367241648,0.005020800779997335,0,0.0,0.6,10
bayesfl_observability_v1,ola_sparse_bayesian_keep010_seed42,140,ola,global,,,layers.1.bias,raw,36,0.005089886367241648,0.005228057541730276,0.005158971954485962,0,0.0,0.6,10
bayesfl_observability_v1,ola_sparse_bayesian_keep010_seed42,140,ola,global,,,layers.1.bias,raw,37,0.005228057541730276,0.0053662287162189026,0.005297143128974589,0,0.0,0.6,10
bayesfl_observability_v1,ola_sparse_bayesian_keep010_seed42,140,ola,global,,,layers.1.bias,raw,38,0.0053662287162189026,0.0055043998907075295,0.0054353143034632165,1,723.739957846498,0.7,10
bayesfl_observability_v1,ola_sparse_bayesian_keep010_seed42,140,ola,global,,,layers.1.bias,raw,39,0.0055043998907075295,0.0056425710651961565,0.005573485477951843,1,723.739957846498,0.8,10
bayesfl_observability_v1,ola_sparse_bayesian_keep010_seed42,140,ola,global,,,layers.1.bias,raw,40,0.0056425710651961565,0.005780742239684784,0.00571165665244047,0,0.0,0.8,10
bayesfl_observability_v1,ola_sparse_bayesian_keep010_seed42,140,ola,global,,,layers.1.bias,raw,41,0.005780742239684784,0.005918913414173411,0.005849827826929098,1,723.739957846498,0.9,10
bayesfl_observability_v1,ola_sparse_bayesian_keep010_seed42,140,ola,global,,,layers.1.bias,raw,42,0.005918913414173411,0.006057084588662038,0.005987999001417724,0,0.0,0.9,10
bayesfl_observability_v1,ola_sparse_bayesian_keep010_seed42,140,ola,global,,,layers.1.bias,raw,43,0.006057084588662038,0.006195255763150666,0.006126170175906352,0,0.0,0.9,10
bayesfl_observability_v1,ola_sparse_bayesian_keep010_seed42,140,ola,global,,,layers.1.bias,raw,44,0.006195255763150666,0.006333426937639293,0.00626434135039498,0,0.0,0.9,10
bayesfl_observability_v1,ola_sparse_bayesian_keep010_seed42,140,ola,global,,,layers.1.bias,raw,45,0.006333426937639293,0.00647159811212792,0.006402512524883606,0,0.0,0.9,10
bayesfl_observability_v1,ola_sparse_bayesian_keep010_seed42,140,ola,global,,,layers.1.bias,raw,46,0.00647159811212792,0.006609769286616548,0.006540683699372234,0,0.0,0.9,10
bayesfl_observability_v1,ola_sparse_bayesian_keep010_seed42,140,ola,global,,,layers.1.bias,raw,47,0.006609769286616548,0.006747940461105175,0.006678854873860862,0,0.0,0.9,10
bayesfl_observability_v1,ola_sparse_bayesian_keep010_seed42,140,ola,global,,,layers.1.bias,raw,48,0.006747940461105175,0.006886111635593802,0.006817026048349488,0,0.0,0.9,10
bayesfl_observability_v1,ola_sparse_bayesian_keep010_seed42,140,ola,global,,,layers.1.bias,raw,49,0.006886111635593802,0.00702428281008243,0.006955197222838116,0,0.0,0.9,10
bayesfl_observability_v1,ola_sparse_bayesian_keep010_seed42,140,ola,global,,,layers.1.bias,raw,50,0.00702428281008243,0.007162453984571057,0.007093368397326744,0,0.0,0.9,10
bayesfl_observability_v1,ola_sparse_bayesian_keep010_seed42,140,ola,global,,,layers.1.bias,raw,51,0.007162453984571057,0.007300625159059684,0.00723153957181537,0,0.0,0.9,10
bayesfl_observability_v1,ola_sparse_bayesian_keep010_seed42,140,ola,global,,,layers.1.bias,raw,52,0.007300625159059684,0.0074387963335483115,0.007369710746303998,0,0.0,0.9,10
bayesfl_observability_v1,ola_sparse_bayesian_keep010_seed42,140,ola,global,,,layers.1.bias,raw,53,0.0074387963335483115,0.0075769675080369385,0.007507881920792625,0,0.0,0.9,10
bayesfl_observability_v1,ola_sparse_bayesian_keep010_seed42,140,ola,global,,,layers.1.bias,raw,54,0.0075769675080369385,0.0077151386825255654,0.0076460530952812515,0,0.0,0.9,10
bayesfl_observability_v1,ola_sparse_bayesian_keep010_seed42,140,ola,global,,,layers.1.bias,raw,55,0.0077151386825255654,0.007853309857014193,0.007784224269769879,0,0.0,0.9,10
bayesfl_observability_v1,ola_sparse_bayesian_keep010_seed42,140,ola,global,,,layers.1.bias,raw,56,0.007853309857014193,0.00799148103150282,0.007922395444258507,0,0.0,0.9,10
bayesfl_observability_v1,ola_sparse_bayesian_keep010_seed42,140,ola,global,,,layers.1.bias,raw,57,0.00799148103150282,0.008129652205991447,0.008060566618747133,0,0.0,0.9,10
bayesfl_observability_v1,ola_sparse_bayesian_keep010_seed42,140,ola,global,,,layers.1.bias,raw,58,0.008129652205991447,0.008267823380480075,0.008198737793235761,0,0.0,0.9,10
bayesfl_observability_v1,ola_sparse_bayesian_keep010_seed42,140,ola,global,,,layers.1.bias,raw,59,0.008267823380480075,0.008405994554968701,0.008336908967724387,0,0.0,0.9,10
bayesfl_observability_v1,ola_sparse_bayesian_keep010_seed42,140,ola,global,,,layers.1.bias,raw,60,0.008405994554968701,0.008544165729457329,0.008475080142213015,0,0.0,0.9,10
bayesfl_observability_v1,ola_sparse_bayesian_keep010_seed42,140,ola,global,,,layers.1.bias,raw,61,0.008544165729457329,0.008682336903945957,0.008613251316701643,0,0.0,0.9,10
bayesfl_observability_v1,ola_sparse_bayesian_keep010_seed42,140,ola,global,,,layers.1.bias,raw,62,0.008682336903945957,0.008820508078434583,0.00875142249119027,0,0.0,0.9,10
bayesfl_observability_v1,ola_sparse_bayesian_keep010_seed42,140,ola,global,,,layers.1.bias,raw,63,0.008820508078434583,0.00895867925292321,0.008889593665678897,0,0.0,0.9,10
bayesfl_observability_v1,ola_sparse_bayesian_keep010_seed42,140,ola,global,,,layers.1.bias,raw,64,0.00895867925292321,0.009096850427411839,0.009027764840167525,0,0.0,0.9,10
bayesfl_observability_v1,ola_sparse_bayesian_keep010_seed42,140,ola,global,,,layers.1.bias,raw,65,0.009096850427411839,0.009235021601900465,0.00916593601465615,0,0.0,0.9,10
bayesfl_observability_v1,ola_sparse_bayesian_keep010_seed42,140,ola,global,,,layers.1.bias,raw,66,0.009235021601900465,0.009373192776389093,0.009304107189144779,0,0.0,0.9,10
bayesfl_observability_v1,ola_sparse_bayesian_keep010_seed42,140,ola,global,,,layers.1.bias,raw,67,0.009373192776389093,0.00951136395087772,0.009442278363633407,0,0.0,0.9,10
bayesfl_observability_v1,ola_sparse_bayesian_keep010_seed42,140,ola,global,,,layers.1.bias,raw,68,0.00951136395087772,0.009649535125366347,0.009580449538122034,0,0.0,0.9,10
bayesfl_observability_v1,ola_sparse_bayesian_keep010_seed42,140,ola,global,,,layers.1.bias,raw,69,0.009649535125366347,0.009787706299854974,0.00971862071261066,0,0.0,0.9,10
bayesfl_observability_v1,ola_sparse_bayesian_keep010_seed42,140,ola,global,,,layers.1.bias,raw,70,0.009787706299854974,0.009925877474343602,0.009856791887099288,0,0.0,0.9,10
bayesfl_observability_v1,ola_sparse_bayesian_keep010_seed42,140,ola,global,,,layers.1.bias,raw,71,0.009925877474343602,0.010064048648832228,0.009994963061587914,0,0.0,0.9,10
bayesfl_observability_v1,ola_sparse_bayesian_keep010_seed42,140,ola,global,,,layers.1.bias,raw,72,0.010064048648832228,0.010202219823320856,0.010133134236076542,0,0.0,0.9,10
bayesfl_observability_v1,ola_sparse_bayesian_keep010_seed42,140,ola,global,,,layers.1.bias,raw,73,0.010202219823320856,0.010340390997809484,0.01027130541056517,0,0.0,0.9,10
bayesfl_observability_v1,ola_sparse_bayesian_keep010_seed42,140,ola,global,,,layers.1.bias,raw,74,0.010340390997809484,0.01047856217229811,0.010409476585053798,0,0.0,0.9,10
bayesfl_observability_v1,ola_sparse_bayesian_keep010_seed42,140,ola,global,,,layers.1.bias,raw,75,0.01047856217229811,0.010616733346786738,0.010547647759542424,0,0.0,0.9,10
bayesfl_observability_v1,ola_sparse_bayesian_keep010_seed42,140,ola,global,,,layers.1.bias,raw,76,0.010616733346786738,0.010754904521275366,0.010685818934031052,0,0.0,0.9,10
bayesfl_observability_v1,ola_sparse_bayesian_keep010_seed42,140,ola,global,,,layers.1.bias,raw,77,0.010754904521275366,0.010893075695763992,0.010823990108519678,0,0.0,0.9,10
bayesfl_observability_v1,ola_sparse_bayesian_keep010_seed42,140,ola,global,,,layers.1.bias,raw,78,0.010893075695763992,0.01103124687025262,0.010962161283008306,0,0.0,0.9,10
bayesfl_observability_v1,ola_sparse_bayesian_keep010_seed42,140,ola,global,,,layers.1.bias,raw,79,0.01103124687025262,0.011169418044741246,0.011100332457496934,1,723.7399578465025,1.0,10
bayesfl_observability_v1,ola_sparse_bayesian_keep010_seed42,140,ola,global,,,layers.1.bias,db,0,-78.73152476375972,-78.23537306774017,-78.48344891574995,1,0.20155126104025084,0.1,10
bayesfl_observability_v1,ola_sparse_bayesian_keep010_seed42,140,ola,global,,,layers.1.bias,db,1,-78.23537306774017,-77.7392213717206,-77.98729721973038,0,0.0,0.1,10
bayesfl_observability_v1,ola_sparse_bayesian_keep010_seed42,140,ola,global,,,layers.1.bias,db,2,-77.7392213717206,-77.24306967570105,-77.49114552371083,0,0.0,0.1,10
bayesfl_observability_v1,ola_sparse_bayesian_keep010_seed42,140,ola,global,,,layers.1.bias,db,3,-77.24306967570105,-76.7469179796815,-76.99499382769127,0,0.0,0.1,10
bayesfl_observability_v1,ola_sparse_bayesian_keep010_seed42,140,ola,global,,,layers.1.bias,db,4,-76.7469179796815,-76.25076628366193,-76.49884213167172,0,0.0,0.1,10
bayesfl_observability_v1,ola_sparse_bayesian_keep010_seed42,140,ola,global,,,layers.1.bias,db,5,-76.25076628366193,-75.75461458764238,-76.00269043565216,0,0.0,0.1,10
bayesfl_observability_v1,ola_sparse_bayesian_keep010_seed42,140,ola,global,,,layers.1.bias,db,6,-75.75461458764238,-75.25846289162283,-75.5065387396326,1,0.20155126104025084,0.2,10
bayesfl_observability_v1,ola_sparse_bayesian_keep010_seed42,140,ola,global,,,layers.1.bias,db,7,-75.25846289162283,-74.76231119560327,-75.01038704361305,0,0.0,0.2,10
bayesfl_observability_v1,ola_sparse_bayesian_keep010_seed42,140,ola,global,,,layers.1.bias,db,8,-74.76231119560327,-74.26615949958371,-74.51423534759348,0,0.0,0.2,10
bayesfl_observability_v1,ola_sparse_bayesian_keep010_seed42,140,ola,global,,,layers.1.bias,db,9,-74.26615949958371,-73.77000780356416,-74.01808365157393,0,0.0,0.2,10
bayesfl_observability_v1,ola_sparse_bayesian_keep010_seed42,140,ola,global,,,layers.1.bias,db,10,-73.77000780356416,-73.2738561075446,-73.52193195555438,0,0.0,0.2,10
bayesfl_observability_v1,ola_sparse_bayesian_keep010_seed42,140,ola,global,,,layers.1.bias,db,11,-73.2738561075446,-72.77770441152504,-73.02578025953483,0,0.0,0.2,10
bayesfl_observability_v1,ola_sparse_bayesian_keep010_seed42,140,ola,global,,,layers.1.bias,db,12,-72.77770441152504,-72.28155271550548,-72.52962856351526,0,0.0,0.2,10
bayesfl_observability_v1,ola_sparse_bayesian_keep010_seed42,140,ola,global,,,layers.1.bias,db,13,-72.28155271550548,-71.78540101948593,-72.03347686749571,0,0.0,0.2,10
bayesfl_observability_v1,ola_sparse_bayesian_keep010_seed42,140,ola,global,,,layers.1.bias,db,14,-71.78540101948593,-71.28924932346636,-71.53732517147614,0,0.0,0.2,10
bayesfl_observability_v1,ola_sparse_bayesian_keep010_seed42,140,ola,global,,,layers.1.bias,db,15,-71.28924932346636,-70.79309762744681,-71.04117347545659,0,0.0,0.2,10
bayesfl_observability_v1,ola_sparse_bayesian_keep010_seed42,140,ola,global,,,layers.1.bias,db,16,-70.79309762744681,-70.29694593142726,-70.54502177943704,0,0.0,0.2,10
bayesfl_observability_v1,ola_sparse_bayesian_keep010_seed42,140,ola,global,,,layers.1.bias,db,17,-70.29694593142726,-69.8007942354077,-70.04887008341748,0,0.0,0.2,10
bayesfl_observability_v1,ola_sparse_bayesian_keep010_seed42,140,ola,global,,,layers.1.bias,db,18,-69.8007942354077,-69.30464253938814,-69.55271838739792,0,0.0,0.2,10
bayesfl_observability_v1,ola_sparse_bayesian_keep010_seed42,140,ola,global,,,layers.1.bias,db,19,-69.30464253938814,-68.80849084336859,-69.05656669137836,0,0.0,0.2,10
bayesfl_observability_v1,ola_sparse_bayesian_keep010_seed42,140,ola,global,,,layers.1.bias,db,20,-68.80849084336859,-68.31233914734904,-68.56041499535881,0,0.0,0.2,10
bayesfl_observability_v1,ola_sparse_bayesian_keep010_seed42,140,ola,global,,,layers.1.bias,db,21,-68.31233914734904,-67.81618745132947,-68.06426329933925,0,0.0,0.2,10
bayesfl_observability_v1,ola_sparse_bayesian_keep010_seed42,140,ola,global,,,layers.1.bias,db,22,-67.81618745132947,-67.32003575530992,-67.5681116033197,0,0.0,0.2,10
bayesfl_observability_v1,ola_sparse_bayesian_keep010_seed42,140,ola,global,,,layers.1.bias,db,23,-67.32003575530992,-66.82388405929035,-67.07195990730014,0,0.0,0.2,10
bayesfl_observability_v1,ola_sparse_bayesian_keep010_seed42,140,ola,global,,,layers.1.bias,db,24,-66.82388405929035,-66.3277323632708,-66.57580821128057,0,0.0,0.2,10
bayesfl_observability_v1,ola_sparse_bayesian_keep010_seed42,140,ola,global,,,layers.1.bias,db,25,-66.3277323632708,-65.83158066725125,-66.07965651526102,0,0.0,0.2,10
bayesfl_observability_v1,ola_sparse_bayesian_keep010_seed42,140,ola,global,,,layers.1.bias,db,26,-65.83158066725125,-65.33542897123169,-65.58350481924147,0,0.0,0.2,10
bayesfl_observability_v1,ola_sparse_bayesian_keep010_seed42,140,ola,global,,,layers.1.bias,db,27,-65.33542897123169,-64.83927727521213,-65.0873531232219,1,0.20155126104024507,0.3,10
bayesfl_observability_v1,ola_sparse_bayesian_keep010_seed42,140,ola,global,,,layers.1.bias,db,28,-64.83927727521213,-64.34312557919257,-64.59120142720235,1,0.20155126104025084,0.4,10
bayesfl_observability_v1,ola_sparse_bayesian_keep010_seed42,140,ola,global,,,layers.1.bias,db,29,-64.34312557919257,-63.846973883173014,-64.0950497311828,0,0.0,0.4,10
bayesfl_observability_v1,ola_sparse_bayesian_keep010_seed42,140,ola,global,,,layers.1.bias,db,30,-63.846973883173014,-63.350822187153454,-63.59889803516323,0,0.0,0.4,10
bayesfl_observability_v1,ola_sparse_bayesian_keep010_seed42,140,ola,global,,,layers.1.bias,db,31,-63.350822187153454,-62.8546704911339,-63.10274633914368,0,0.0,0.4,10
bayesfl_observability_v1,ola_sparse_bayesian_keep010_seed42,140,ola,global,,,layers.1.bias,db,32,-62.8546704911339,-62.35851879511435,-62.606594643124126,0,0.0,0.4,10
bayesfl_observability_v1,ola_sparse_bayesian_keep010_seed42,140,ola,global,,,layers.1.bias,db,33,-62.35851879511435,-61.86236709909479,-62.11044294710457,1,0.20155126104024795,0.5,10
bayesfl_observability_v1,ola_sparse_bayesian_keep010_seed42,140,ola,global,,,layers.1.bias,db,34,-61.86236709909479,-61.36621540307523,-61.61429125108501,0,0.0,0.5,10
bayesfl_observability_v1,ola_sparse_bayesian_keep010_seed42,140,ola,global,,,layers.1.bias,db,35,-61.36621540307523,-60.87006370705568,-61.118139555065454,0,0.0,0.5,10
bayesfl_observability_v1,ola_sparse_bayesian_keep010_seed42,140,ola,global,,,layers.1.bias,db,36,-60.87006370705568,-60.37391201103612,-60.6219878590459,0,0.0,0.5,10
bayesfl_observability_v1,ola_sparse_bayesian_keep010_seed42,140,ola,global,,,layers.1.bias,db,37,-60.37391201103612,-59.87776031501656,-60.125836163026335,0,0.0,0.5,10
bayesfl_observability_v1,ola_sparse_bayesian_keep010_seed42,140,ola,global,,,layers.1.bias,db,38,-59.87776031501656,-59.38160861899701,-59.62968446700678,0,0.0,0.5,10
bayesfl_observability_v1,ola_sparse_bayesian_keep010_seed42,140,ola,global,,,layers.1.bias,db,39,-59.38160861899701,-58.88545692297745,-59.13353277098723,0,0.0,0.5,10
bayesfl_observability_v1,ola_sparse_bayesian_keep010_seed42,140,ola,global,,,layers.1.bias,db,40,-58.88545692297745,-58.38930522695789,-58.637381074967664,0,0.0,0.5,10
bayesfl_observability_v1,ola_sparse_bayesian_keep010_seed42,140,ola,global,,,layers.1.bias,db,41,-58.38930522695789,-57.893153530938335,-58.14122937894811,0,0.0,0.5,10
bayesfl_observability_v1,ola_sparse_bayesian_keep010_seed42,140,ola,global,,,layers.1.bias,db,42,-57.893153530938335,-57.397001834918775,-57.64507768292856,1,0.20155126104024795,0.6,10
bayesfl_observability_v1,ola_sparse_bayesian_keep010_seed42,140,ola,global,,,layers.1.bias,db,43,-57.397001834918775,-56.900850138899216,-57.14892598690899,0,0.0,0.6,10
bayesfl_observability_v1,ola_sparse_bayesian_keep010_seed42,140,ola,global,,,layers.1.bias,db,44,-56.900850138899216,-56.40469844287966,-56.65277429088944,0,0.0,0.6,10
bayesfl_observability_v1,ola_sparse_bayesian_keep010_seed42,140,ola,global,,,layers.1.bias,db,45,-56.40469844287966,-55.908546746860104,-56.15662259486989,0,0.0,0.6,10
bayesfl_observability_v1,ola_sparse_bayesian_keep010_seed42,140,ola,global,,,layers.1.bias,db,46,-55.908546746860104,-55.412395050840544,-55.66047089885032,0,0.0,0.6,10
bayesfl_observability_v1,ola_sparse_bayesian_keep010_seed42,140,ola,global,,,layers.1.bias,db,47,-55.412395050840544,-54.91624335482099,-55.16431920283077,0,0.0,0.6,10
bayesfl_observability_v1,ola_sparse_bayesian_keep010_seed42,140,ola,global,,,layers.1.bias,db,48,-54.91624335482099,-54.42009165880144,-54.668167506811216,0,0.0,0.6,10
bayesfl_observability_v1,ola_sparse_bayesian_keep010_seed42,140,ola,global,,,layers.1.bias,db,49,-54.42009165880144,-53.92393996278188,-54.17201581079166,0,0.0,0.6,10
bayesfl_observability_v1,ola_sparse_bayesian_keep010_seed42,140,ola,global,,,layers.1.bias,db,50,-53.92393996278188,-53.42778826676232,-53.6758641147721,0,0.0,0.6,10
bayesfl_observability_v1,ola_sparse_bayesian_keep010_seed42,140,ola,global,,,layers.1.bias,db,51,-53.42778826676232,-52.93163657074277,-53.179712418752544,0,0.0,0.6,10
bayesfl_observability_v1,ola_sparse_bayesian_keep010_seed42,140,ola,global,,,layers.1.bias,db,52,-52.93163657074277,-52.43548487472321,-52.68356072273299,0,0.0,0.6,10
bayesfl_observability_v1,ola_sparse_bayesian_keep010_seed42,140,ola,global,,,layers.1.bias,db,53,-52.43548487472321,-51.93933317870365,-52.187409026713425,0,0.0,0.6,10
bayesfl_observability_v1,ola_sparse_bayesian_keep010_seed42,140,ola,global,,,layers.1.bias,db,54,-51.93933317870365,-51.443181482684096,-51.69125733069387,0,0.0,0.6,10
bayesfl_observability_v1,ola_sparse_bayesian_keep010_seed42,140,ola,global,,,layers.1.bias,db,55,-51.443181482684096,-50.94702978666454,-51.19510563467432,0,0.0,0.6,10
bayesfl_observability_v1,ola_sparse_bayesian_keep010_seed42,140,ola,global,,,layers.1.bias,db,56,-50.94702978666454,-50.45087809064498,-50.69895393865475,0,0.0,0.6,10
bayesfl_observability_v1,ola_sparse_bayesian_keep010_seed42,140,ola,global,,,layers.1.bias,db,57,-50.45087809064498,-49.954726394625425,-50.2028022426352,0,0.0,0.6,10
bayesfl_observability_v1,ola_sparse_bayesian_keep010_seed42,140,ola,global,,,layers.1.bias,db,58,-49.954726394625425,-49.458574698605865,-49.70665054661565,0,0.0,0.6,10
bayesfl_observability_v1,ola_sparse_bayesian_keep010_seed42,140,ola,global,,,layers.1.bias,db,59,-49.458574698605865,-48.962423002586306,-49.21049885059608,0,0.0,0.6,10
bayesfl_observability_v1,ola_sparse_bayesian_keep010_seed42,140,ola,global,,,layers.1.bias,db,60,-48.962423002586306,-48.46627130656675,-48.71434715457653,0,0.0,0.6,10
bayesfl_observability_v1,ola_sparse_bayesian_keep010_seed42,140,ola,global,,,layers.1.bias,db,61,-48.46627130656675,-47.970119610547194,-48.21819545855698,0,0.0,0.6,10
bayesfl_observability_v1,ola_sparse_bayesian_keep010_seed42,140,ola,global,,,layers.1.bias,db,62,-47.970119610547194,-47.473967914527634,-47.72204376253741,0,0.0,0.6,10
bayesfl_observability_v1,ola_sparse_bayesian_keep010_seed42,140,ola,global,,,layers.1.bias,db,63,-47.473967914527634,-46.97781621850808,-47.22589206651786,0,0.0,0.6,10
bayesfl_observability_v1,ola_sparse_bayesian_keep010_seed42,140,ola,global,,,layers.1.bias,db,64,-46.97781621850808,-46.48166452248852,-46.729740370498305,0,0.0,0.6,10
bayesfl_observability_v1,ola_sparse_bayesian_keep010_seed42,140,ola,global,,,layers.1.bias,db,65,-46.48166452248852,-45.98551282646897,-46.233588674478746,0,0.0,0.6,10
bayesfl_observability_v1,ola_sparse_bayesian_keep010_seed42,140,ola,global,,,layers.1.bias,db,66,-45.98551282646897,-45.48936113044941,-45.737436978459186,0,0.0,0.6,10
bayesfl_observability_v1,ola_sparse_bayesian_keep010_seed42,140,ola,global,,,layers.1.bias,db,67,-45.48936113044941,-44.99320943442986,-45.241285282439634,2,0.4031025220805017,0.8,10
bayesfl_observability_v1,ola_sparse_bayesian_keep010_seed42,140,ola,global,,,layers.1.bias,db,68,-44.99320943442986,-44.4970577384103,-44.74513358642008,1,0.20155126104024795,0.9,10
bayesfl_observability_v1,ola_sparse_bayesian_keep010_seed42,140,ola,global,,,layers.1.bias,db,69,-44.4970577384103,-44.00090604239074,-44.248981890400515,0,0.0,0.9,10
bayesfl_observability_v1,ola_sparse_bayesian_keep010_seed42,140,ola,global,,,layers.1.bias,db,70,-44.00090604239074,-43.504754346371186,-43.75283019438096,0,0.0,0.9,10
bayesfl_observability_v1,ola_sparse_bayesian_keep010_seed42,140,ola,global,,,layers.1.bias,db,71,-43.504754346371186,-43.00860265035163,-43.25667849836141,0,0.0,0.9,10
bayesfl_observability_v1,ola_sparse_bayesian_keep010_seed42,140,ola,global,,,layers.1.bias,db,72,-43.00860265035163,-42.51245095433207,-42.76052680234184,0,0.0,0.9,10
bayesfl_observability_v1,ola_sparse_bayesian_keep010_seed42,140,ola,global,,,layers.1.bias,db,73,-42.51245095433207,-42.016299258312515,-42.26437510632229,0,0.0,0.9,10
bayesfl_observability_v1,ola_sparse_bayesian_keep010_seed42,140,ola,global,,,layers.1.bias,db,74,-42.016299258312515,-41.520147562292955,-41.76822341030274,0,0.0,0.9,10
bayesfl_observability_v1,ola_sparse_bayesian_keep010_seed42,140,ola,global,,,layers.1.bias,db,75,-41.520147562292955,-41.023995866273395,-41.27207171428317,0,0.0,0.9,10
bayesfl_observability_v1,ola_sparse_bayesian_keep010_seed42,140,ola,global,,,layers.1.bias,db,76,-41.023995866273395,-40.52784417025384,-40.77592001826362,0,0.0,0.9,10
bayesfl_observability_v1,ola_sparse_bayesian_keep010_seed42,140,ola,global,,,layers.1.bias,db,77,-40.52784417025384,-40.03169247423428,-40.27976832224407,0,0.0,0.9,10
bayesfl_observability_v1,ola_sparse_bayesian_keep010_seed42,140,ola,global,,,layers.1.bias,db,78,-40.03169247423428,-39.53554077821473,-39.78361662622451,0,0.0,0.9,10
bayesfl_observability_v1,ola_sparse_bayesian_keep010_seed42,140,ola,global,,,layers.1.bias,db,79,-39.53554077821473,-39.03938908219517,-39.28746493020495,1,0.20155126104024795,1.0,10
bayesfl_observability_v1,ola_sparse_bayesian_keep010_seed42,145,ola,global,,,all,raw,0,2.0005701773262004e-08,0.001319305381640054,0.0006596626936709137,82263,612.6973762899263,0.8083226884150535,101770
bayesfl_observability_v1,ola_sparse_bayesian_keep010_seed42,145,ola,global,,,all,raw,1,0.001319305381640054,0.0026385907575783344,0.001978948069609194,16280,121.2539451029017,0.9682912449641348,101770
bayesfl_observability_v1,ola_sparse_bayesian_keep010_seed42,145,ola,global,,,all,raw,2,0.0026385907575783344,0.003957876133516615,0.003298233445547475,2278,16.96661467717506,0.9906750515869117,101770
bayesfl_observability_v1,ola_sparse_bayesian_keep010_seed42,145,ola,global,,,all,raw,3,0.003957876133516615,0.005277161509454896,0.004617518821485755,264,1.9662801908578653,0.9932691362877075,101770
bayesfl_observability_v1,ola_sparse_bayesian_keep010_seed42,145,ola,global,,,all,raw,4,0.005277161509454896,0.006596446885393176,0.005936804197424036,126,0.9384519092730721,0.9945072221676329,101770
bayesfl_observability_v1,ola_sparse_bayesian_keep010_seed42,145,ola,global,,,all,raw,5,0.006596446885393176,0.007915732261331458,0.007256089573362317,74,0.5511542959222797,0.9952343519701288,101770
bayesfl_observability_v1,ola_sparse_bayesian_keep010_seed42,145,ola,global,,,all,raw,6,0.007915732261331458,0.009235017637269739,0.008575374949300598,84,0.625634606182048,0.9960597425567456,101770
bayesfl_observability_v1,ola_sparse_bayesian_keep010_seed42,145,ola,global,,,all,raw,7,0.009235017637269739,0.010554303013208019,0.009894660325238879,65,0.48412201668848953,0.9966984376535325,101770
bayesfl_observability_v1,ola_sparse_bayesian_keep010_seed42,145,ola,global,,,all,raw,8,0.010554303013208019,0.0118735883891463,0.01121394570117716,54,0.40219367540274514,0.9972290458877862,101770
bayesfl_observability_v1,ola_sparse_bayesian_keep010_seed42,145,ola,global,,,all,raw,9,0.0118735883891463,0.01319287376508458,0.01253323107711544,35,0.2606810859091867,0.9975729586322098,101770
bayesfl_observability_v1,ola_sparse_bayesian_keep010_seed42,145,ola,global,,,all,raw,10,0.01319287376508458,0.01451215914102286,0.01385251645305372,42,0.312817303091024,0.9979856539255183,101770
bayesfl_observability_v1,ola_sparse_bayesian_keep010_seed42,145,ola,global,,,all,raw,11,0.01451215914102286,0.01583144451696114,0.015171801828992,19,0.1415125894935585,0.9981723494153484,101770
bayesfl_observability_v1,ola_sparse_bayesian_keep010_seed42,145,ola,global,,,all,raw,12,0.01583144451696114,0.01715072989289942,0.016491087204930283,24,0.1787527446234423,0.9984081752972389,101770
bayesfl_observability_v1,ola_sparse_bayesian_keep010_seed42,145,ola,global,,,all,raw,13,0.01715072989289942,0.0184700152688377,0.01781037258086856,25,0.18620077564941906,0.9986538272575415,101770
bayesfl_observability_v1,ola_sparse_bayesian_keep010_seed42,145,ola,global,,,all,raw,14,0.0184700152688377,0.019789300644775982,0.019129657956806843,23,0.17130471359746552,0.99887982706102,101770
bayesfl_observability_v1,ola_sparse_bayesian_keep010_seed42,145,ola,global,,,all,raw,15,0.019789300644775982,0.021108586020714262,0.02044894333274512,13,0.09682440333769791,0.9990075660803773,101770
bayesfl_observability_v1,ola_sparse_bayesian_keep010_seed42,145,ola,global,,,all,raw,16,0.021108586020714262,0.022427871396652543,0.021768228708683404,10,0.07448031025976762,0.9991058268644983,101770
bayesfl_observability_v1,ola_sparse_bayesian_keep010_seed42,145,ola,global,,,all,raw,17,0.022427871396652543,0.023747156772590823,0.02308751408462168,5,0.03724015512988381,0.9991549572565589,101770
bayesfl_observability_v1,ola_sparse_bayesian_keep010_seed42,145,ola,global,,,all,raw,18,0.023747156772590823,0.025066442148529103,0.024406799460559965,8,0.0595842482078141,0.9992335658838557,101770
bayesfl_observability_v1,ola_sparse_bayesian_keep010_seed42,145,ola,global,,,all,raw,19,0.025066442148529103,0.026385727524467384,0.025726084836498242,12,0.08937637231172114,0.999351478824801,101770
bayesfl_observability_v1,ola_sparse_bayesian_keep010_seed42,145,ola,global,,,all,raw,20,0.026385727524467384,0.027705012900405664,0.027045370212436526,5,0.03724015512988381,0.9994006092168616,101770
bayesfl_observability_v1,ola_sparse_bayesian_keep010_seed42,145,ola,global,,,all,raw,21,0.027705012900405664,0.029024298276343945,0.028364655588374803,4,0.02979212410390705,0.99943991353051,101770
bayesfl_observability_v1,ola_sparse_bayesian_keep010_seed42,145,ola,global,,,all,raw,22,0.029024298276343945,0.030343583652282225,0.029683940964313087,10,0.07448031025976762,0.999538174314631,101770
bayesfl_observability_v1,ola_sparse_bayesian_keep010_seed42,145,ola,global,,,all,raw,23,0.030343583652282225,0.03166286902822051,0.03100322634025137,2,0.014896062051953445,0.9995578264714552,101770
bayesfl_observability_v1,ola_sparse_bayesian_keep010_seed42,145,ola,global,,,all,raw,24,0.03166286902822051,0.03298215440415879,0.03232251171618965,3,0.022344093077930345,0.9995873047066915,101770
bayesfl_observability_v1,ola_sparse_bayesian_keep010_seed42,145,ola,global,,,all,raw,25,0.03298215440415879,0.03430143978009707,0.03364179709212793,4,0.029792124103906966,0.99962660902034,101770
bayesfl_observability_v1,ola_sparse_bayesian_keep010_seed42,145,ola,global,,,all,raw,26,0.03430143978009707,0.03562072515603535,0.034961082468066215,5,0.037240155129883906,0.9996757394124005,101770
bayesfl_observability_v1,ola_sparse_bayesian_keep010_seed42,145,ola,global,,,all,raw,27,0.03562072515603535,0.036940010531973634,0.03628036784400449,4,0.029792124103906966,0.9997150437260489,101770
bayesfl_observability_v1,ola_sparse_bayesian_keep010_seed42,145,ola,global,,,all,raw,28,0.036940010531973634,0.03825929590791191,0.03759965321994277,3,0.022344093077930345,0.9997445219612853,101770
bayesfl_observability_v1,ola_sparse_bayesian_keep010_seed42,145,ola,global,,,all,raw,29,0.03825929590791191,0.039578581283850195,0.03891893859588105,3,0.022344093077930224,0.9997740001965215,101770
bayesfl_observability_v1,ola_sparse_bayesian_keep010_seed42,145,ola,global,,,all,raw,30,0.039578581283850195,0.04089786665978847,0.04023822397181934,1,0.007448031025976781,0.9997838262749337,101770
bayesfl_observability_v1,ola_sparse_bayesian_keep010_seed42,145,ola,global,,,all,raw,31,0.04089786665978847,0.042217152035726756,0.041557509347757614,2,0.014896062051953483,0.9998034784317579,101770
bayesfl_observability_v1,ola_sparse_bayesian_keep010_seed42,145,ola,global,,,all,raw,32,0.042217152035726756,0.04353643741166504,0.0428767947236959,1,0.0074480310259767415,0.99981330451017,101770
bayesfl_observability_v1,ola_sparse_bayesian_keep010_seed42,145,ola,global,,,all,raw,33,0.04353643741166504,0.04485572278760332,0.044196080099634175,0,0.0,0.99981330451017,101770
bayesfl_observability_v1,ola_sparse_bayesian_keep010_seed42,145,ola,global,,,all,raw,34,0.04485572278760332,0.0461750081635416,0.04551536547557246,0,0.0,0.99981330451017,101770
bayesfl_observability_v1,ola_sparse_bayesian_keep010_seed42,145,ola,global,,,all,raw,35,0.0461750081635416,0.04749429353947988,0.04683465085151074,2,0.014896062051953563,0.9998329566669942,101770
bayesfl_observability_v1,ola_sparse_bayesian_keep010_seed42,145,ola,global,,,all,raw,36,0.04749429353947988,0.04881357891541816,0.04815393622744902,2,0.014896062051953483,0.9998526088238184,101770
bayesfl_observability_v1,ola_sparse_bayesian_keep010_seed42,145,ola,global,,,all,raw,37,0.04881357891541816,0.05013286429135644,0.049473221603387296,0,0.0,0.9998526088238184,101770
bayesfl_observability_v1,ola_sparse_bayesian_keep010_seed42,145,ola,global,,,all,raw,38,0.05013286429135644,0.05145214966729472,0.05079250697932558,1,0.0074480310259767415,0.9998624349022305,101770
bayesfl_observability_v1,ola_sparse_bayesian_keep010_seed42,145,ola,global,,,all,raw,39,0.05145214966729472,0.052771435043233,0.052111792355263864,1,0.007448031025976781,0.9998722609806426,101770
bayesfl_observability_v1,ola_sparse_bayesian_keep010_seed42,145,ola,global,,,all,raw,40,0.052771435043233,0.05409072041917128,0.05343107773120214,0,0.0,0.9998722609806426,101770
bayesfl_observability_v1,ola_sparse_bayesian_keep010_seed42,145,ola,global,,,all,raw,41,0.05409072041917128,0.05541000579510956,0.05475036310714042,2,0.014896062051953563,0.9998919131374668,101770
bayesfl_observability_v1,ola_sparse_bayesian_keep010_seed42,145,ola,global,,,all,raw,42,0.05541000579510956,0.056729291171047844,0.0560696484830787,1,0.0074480310259767415,0.999901739215879,101770
bayesfl_observability_v1,ola_sparse_bayesian_keep010_seed42,145,ola,global,,,all,raw,43,0.056729291171047844,0.05804857654698612,0.057388933859016986,0,0.0,0.999901739215879,101770
bayesfl_observability_v1,ola_sparse_bayesian_keep010_seed42,145,ola,global,,,all,raw,44,0.05804857654698612,0.059367861922924405,0.05870821923495526,0,0.0,0.999901739215879,101770
bayesfl_observability_v1,ola_sparse_bayesian_keep010_seed42,145,ola,global,,,all,raw,45,0.059367861922924405,0.06068714729886268,0.06002750461089354,2,0.014896062051953563,0.9999213913727032,101770
bayesfl_observability_v1,ola_sparse_bayesian_keep010_seed42,145,ola,global,,,all,raw,46,0.06068714729886268,0.062006432674800965,0.06134678998683182,0,0.0,0.9999213913727032,101770
bayesfl_observability_v1,ola_sparse_bayesian_keep010_seed42,145,ola,global,,,all,raw,47,0.062006432674800965,0.06332571805073925,0.06266607536277011,2,0.014896062051953483,0.9999410435295274,101770
bayesfl_observability_v1,ola_sparse_bayesian_keep010_seed42,145,ola,global,,,all,raw,48,0.06332571805073925,0.06464500342667753,0.06398536073870839,2,0.014896062051953483,0.9999606956863516,101770
bayesfl_observability_v1,ola_sparse_bayesian_keep010_seed42,145,ola,global,,,all,raw,49,0.06464500342667753,0.0659642888026158,0.06530464611464668,0,0.0,0.9999606956863516,101770
bayesfl_observability_v1,ola_sparse_bayesian_keep010_seed42,145,ola,global,,,all,raw,50,0.0659642888026158,0.06728357417855409,0.06662393149058495,0,0.0,0.9999606956863516,101770
bayesfl_observability_v1,ola_sparse_bayesian_keep010_seed42,145,ola,global,,,all,raw,51,0.06728357417855409,0.06860285955449237,0.06794321686652323,1,0.0074480310259767415,0.9999705217647636,101770
bayesfl_observability_v1,ola_sparse_bayesian_keep010_seed42,145,ola,global,,,all,raw,52,0.06860285955449237,0.06992214493043065,0.06926250224246151,0,0.0,0.9999705217647636,101770
bayesfl_observability_v1,ola_sparse_bayesian_keep010_seed42,145,ola,global,,,all,raw,53,0.06992214493043065,0.07124143030636892,0.07058178761839978,0,0.0,0.9999705217647636,101770
bayesfl_observability_v1,ola_sparse_bayesian_keep010_seed42,145,ola,global,,,all,raw,54,0.07124143030636892,0.07256071568230721,0.07190107299433807,0,0.0,0.9999705217647636,101770
bayesfl_observability_v1,ola_sparse_bayesian_keep010_seed42,145,ola,global,,,all,raw,55,0.07256071568230721,0.07388000105824549,0.07322035837027635,1,0.0074480310259767415,0.9999803478431758,101770
bayesfl_observability_v1,ola_sparse_bayesian_keep010_seed42,145,ola,global,,,all,raw,56,0.07388000105824549,0.07519928643418378,0.07453964374621463,0,0.0,0.9999803478431758,101770
bayesfl_observability_v1,ola_sparse_bayesian_keep010_seed42,145,ola,global,,,all,raw,57,0.07519928643418378,0.07651857181012205,0.07585892912215292,0,0.0,0.9999803478431758,101770
bayesfl_observability_v1,ola_sparse_bayesian_keep010_seed42,145,ola,global,,,all,raw,58,0.07651857181012205,0.07783785718606033,0.07717821449809119,0,0.0,0.9999803478431758,101770
bayesfl_observability_v1,ola_sparse_bayesian_keep010_seed42,145,ola,global,,,all,raw,59,0.07783785718606033,0.07915714256199861,0.07849749987402947,0,0.0,0.9999803478431758,101770
bayesfl_observability_v1,ola_sparse_bayesian_keep010_seed42,145,ola,global,,,all,raw,60,0.07915714256199861,0.0804764279379369,0.07981678524996776,0,0.0,0.9999803478431758,101770
bayesfl_observability_v1,ola_sparse_bayesian_keep010_seed42,145,ola,global,,,all,raw,61,0.0804764279379369,0.08179571331387517,0.08113607062590603,0,0.0,0.9999803478431758,101770
bayesfl_observability_v1,ola_sparse_bayesian_keep010_seed42,145,ola,global,,,all,raw,62,0.08179571331387517,0.08311499868981345,0.08245535600184431,0,0.0,0.9999803478431758,101770
bayesfl_observability_v1,ola_sparse_bayesian_keep010_seed42,145,ola,global,,,all,raw,63,0.08311499868981345,0.08443428406575174,0.0837746413777826,0,0.0,0.9999803478431758,101770
bayesfl_observability_v1,ola_sparse_bayesian_keep010_seed42,145,ola,global,,,all,raw,64,0.08443428406575174,0.08575356944169002,0.08509392675372088,0,0.0,0.9999803478431758,101770
bayesfl_observability_v1,ola_sparse_bayesian_keep010_seed42,145,ola,global,,,all,raw,65,0.08575356944169002,0.0870728548176283,0.08641321212965916,0,0.0,0.9999803478431758,101770
bayesfl_observability_v1,ola_sparse_bayesian_keep010_seed42,145,ola,global,,,all,raw,66,0.0870728548176283,0.08839214019356657,0.08773249750559745,0,0.0,0.9999803478431758,101770
bayesfl_observability_v1,ola_sparse_bayesian_keep010_seed42,145,ola,global,,,all,raw,67,0.08839214019356657,0.08971142556950486,0.08905178288153572,0,0.0,0.9999803478431758,101770
bayesfl_observability_v1,ola_sparse_bayesian_keep010_seed42,145,ola,global,,,all,raw,68,0.08971142556950486,0.09103071094544314,0.090371068257474,0,0.0,0.9999803478431758,101770
bayesfl_observability_v1,ola_sparse_bayesian_keep010_seed42,145,ola,global,,,all,raw,69,0.09103071094544314,0.09234999632138143,0.09169035363341228,1,0.0074480310259767415,0.9999901739215878,101770
bayesfl_observability_v1,ola_sparse_bayesian_keep010_seed42,145,ola,global,,,all,raw,70,0.09234999632138143,0.0936692816973197,0.09300963900935055,0,0.0,0.9999901739215878,101770
bayesfl_observability_v1,ola_sparse_bayesian_keep010_seed42,145,ola,global,,,all,raw,71,0.0936692816973197,0.09498856707325798,0.09432892438528884,0,0.0,0.9999901739215878,101770
bayesfl_observability_v1,ola_sparse_bayesian_keep010_seed42,145,ola,global,,,all,raw,72,0.09498856707325798,0.09630785244919626,0.09564820976122712,0,0.0,0.9999901739215878,101770
bayesfl_observability_v1,ola_sparse_bayesian_keep010_seed42,145,ola,global,,,all,raw,73,0.09630785244919626,0.09762713782513455,0.0969674951371654,0,0.0,0.9999901739215878,101770
bayesfl_observability_v1,ola_sparse_bayesian_keep010_seed42,145,ola,global,,,all,raw,74,0.09762713782513455,0.09894642320107282,0.09828678051310369,0,0.0,0.9999901739215878,101770
bayesfl_observability_v1,ola_sparse_bayesian_keep010_seed42,145,ola,global,,,all,raw,75,0.09894642320107282,0.1002657085770111,0.09960606588904196,0,0.0,0.9999901739215878,101770
bayesfl_observability_v1,ola_sparse_bayesian_keep010_seed42,145,ola,global,,,all,raw,76,0.1002657085770111,0.10158499395294938,0.10092535126498024,0,0.0,0.9999901739215878,101770
bayesfl_observability_v1,ola_sparse_bayesian_keep010_seed42,145,ola,global,,,all,raw,77,0.10158499395294938,0.10290427932888767,0.10224463664091853,0,0.0,0.9999901739215878,101770
bayesfl_observability_v1,ola_sparse_bayesian_keep010_seed42,145,ola,global,,,all,raw,78,0.10290427932888767,0.10422356470482594,0.1035639220168568,0,0.0,0.9999901739215878,101770
bayesfl_observability_v1,ola_sparse_bayesian_keep010_seed42,145,ola,global,,,all,raw,79,0.10422356470482594,0.10554285008076422,0.10488320739279508,1,0.0074480310259767415,1.0,101770
bayesfl_observability_v1,ola_sparse_bayesian_keep010_seed42,145,ola,global,,,all,db,0,-153.97649003110982,-152.2959267012963,-153.13620836620305,1,5.84689564373401e-06,9.826078412105729e-06,101770
bayesfl_observability_v1,ola_sparse_bayesian_keep010_seed42,145,ola,global,,,all,db,1,-152.2959267012963,-150.61536337148283,-151.45564503638957,1,5.8468956437341085e-06,1.9652156824211458e-05,101770
bayesfl_observability_v1,ola_sparse_bayesian_keep010_seed42,145,ola,global,,,all,db,2,-150.61536337148283,-148.93480004166932,-149.7750817065761,0,0.0,1.9652156824211458e-05,101770
bayesfl_observability_v1,ola_sparse_bayesian_keep010_seed42,145,ola,global,,,all,db,3,-148.93480004166932,-147.2542367118558,-148.09451837676255,1,5.84689564373401e-06,2.9478235236317185e-05,101770
bayesfl_observability_v1,ola_sparse_bayesian_keep010_seed42,145,ola,global,,,all,db,4,-147.2542367118558,-145.57367338204233,-146.41395504694907,1,5.8468956437341085e-06,3.9304313648422916e-05,101770
bayesfl_observability_v1,ola_sparse_bayesian_keep010_seed42,145,ola,global,,,all,db,5,-145.57367338204233,-143.89311005222882,-144.7333917171356,0,0.0,3.9304313648422916e-05,101770
bayesfl_observability_v1,ola_sparse_bayesian_keep010_seed42,145,ola,global,,,all,db,6,-143.89311005222882,-142.2125467224153,-143.05282838732205,0,0.0,3.9304313648422916e-05,101770
bayesfl_observability_v1,ola_sparse_bayesian_keep010_seed42,145,ola,global,,,all,db,7,-142.2125467224153,-140.53198339260183,-141.37226505750857,0,0.0,3.9304313648422916e-05,101770
bayesfl_observability_v1,ola_sparse_bayesian_keep010_seed42,145,ola,global,,,all,db,8,-140.53198339260183,-138.85142006278832,-139.6917017276951,1,5.84689564373401e-06,4.913039206052864e-05,101770
bayesfl_observability_v1,ola_sparse_bayesian_keep010_seed42,145,ola,global,,,all,db,9,-138.85142006278832,-137.1708567329748,-138.01113839788155,2,1.169379128746802e-05,6.87825488847401e-05,101770
bayesfl_observability_v1,ola_sparse_bayesian_keep010_seed42,145,ola,global,,,all,db,10,-137.1708567329748,-135.49029340316133,-136.33057506806807,2,1.1693791287468217e-05,8.843470570895156e-05,101770
bayesfl_observability_v1,ola_sparse_bayesian_keep010_seed42,145,ola,global,,,all,db,11,-135.49029340316133,-133.80973007334782,-134.6500117382546,5,2.923447821867005e-05,0.0001375650977694802,101770
bayesfl_observability_v1,ola_sparse_bayesian_keep010_seed42,145,ola,global,,,all,db,12,-133.80973007334782,-132.1291667435343,-132.96944840844105,5,2.923447821867005e-05,0.00018669548983000884,101770
bayesfl_observability_v1,ola_sparse_bayesian_keep010_seed42,145,ola,global,,,all,db,13,-132.1291667435343,-130.4486034137208,-131.28888507862757,6,3.508137386240406e-05,0.00024565196030264323,101770
bayesfl_observability_v1,ola_sparse_bayesian_keep010_seed42,145,ola,global,,,all,db,14,-130.4486034137208,-128.76804008390732,-129.60832174881406,2,1.1693791287468217e-05,0.00026530411712685466,101770
bayesfl_observability_v1,ola_sparse_bayesian_keep010_seed42,145,ola,global,,,all,db,15,-128.76804008390732,-127.08747675409381,-127.92775841900057,3,1.754068693120203e-05,0.00029478235236317184,101770
bayesfl_observability_v1,ola_sparse_bayesian_keep010_seed42,145,ola,global,,,all,db,16,-127.08747675409381,-125.4069134242803,-126.24719508918706,9,5.262206079360609e-05,0.00038321705807212343,101770
bayesfl_observability_v1,ola_sparse_bayesian_keep010_seed42,145,ola,global,,,all,db,17,-125.4069134242803,-123.72635009446681,-124.56663175937356,9,5.262206079360653e-05,0.00047165176378107497,101770
bayesfl_observability_v1,ola_sparse_bayesian_keep010_seed42,145,ola,global,,,all,db,18,-123.72635009446681,-122.04578676465331,-122.88606842956005,12,7.01627477248087e-05,0.0005895647047263437,101770
bayesfl_observability_v1,ola_sparse_bayesian_keep010_seed42,145,ola,global,,,all,db,19,-122.04578676465331,-120.3652234348398,-121.20550509974656,7,4.092826950613807e-05,0.0006583472536110838,101770
bayesfl_observability_v1,ola_sparse_bayesian_keep010_seed42,145,ola,global,,,all,db,20,-120.3652234348398,-118.68466010502631,-119.52494176993306,10,5.8468956437340585e-05,0.0007566080377321411,101770
bayesfl_observability_v1,ola_sparse_bayesian_keep010_seed42,145,ola,global,,,all,db,21,-118.68466010502631,-117.00409677521282,-117.84437844011956,17,9.9397225943479e-05,0.0009236513707379384,101770
bayesfl_observability_v1,ola_sparse_bayesian_keep010_seed42,145,ola,global,,,all,db,22,-117.00409677521282,-115.3235334453993,-116.16381511030606,20,0.0001169379128746802,0.001120172938980053,101770
bayesfl_observability_v1,ola_sparse_bayesian_keep010_seed42,145,ola,global,,,all,db,23,-115.3235334453993,-113.64297011558581,-114.48325178049257,25,0.00014617239109335147,0.0013658248992826963,101770
bayesfl_observability_v1,ola_sparse_bayesian_keep010_seed42,145,ola,global,,,all,db,24,-113.64297011558581,-111.96240678577232,-112.80268845067906,35,0.00020464134753069206,0.0017097376437063968,101770
bayesfl_observability_v1,ola_sparse_bayesian_keep010_seed42,145,ola,global,,,all,db,25,-111.96240678577232,-110.2818434559588,-111.12212512086556,41,0.0002397227213930944,0.002112606858602732,101770
bayesfl_observability_v1,ola_sparse_bayesian_keep010_seed42,145,ola,global,,,all,db,26,-110.2818434559588,-108.60128012614531,-109.44156179105207,37,0.00021633513881816018,0.0024761717598506434,101770
bayesfl_observability_v1,ola_sparse_bayesian_keep010_seed42,145,ola,global,,,all,db,27,-108.60128012614531,-106.92071679633182,-107.76099846123856,63,0.0003683544255552457,0.0030952146998133043,101770
bayesfl_observability_v1,ola_sparse_bayesian_keep010_seed42,145,ola,global,,,all,db,28,-106.92071679633182,-105.24015346651831,-106.08043513142506,46,0.00026895719961176446,0.0035472143067701682,101770
bayesfl_observability_v1,ola_sparse_bayesian_keep010_seed42,145,ola,global,,,all,db,29,-105.24015346651831,-103.55959013670481,-104.39987180161157,90,0.0005262206079360653,0.004431561363859683,101770
bayesfl_observability_v1,ola_sparse_bayesian_keep010_seed42,145,ola,global,,,all,db,30,-103.55959013670481,-101.87902680689132,-102.71930847179806,97,0.0005671488774422037,0.005384690969833939,101770
bayesfl_observability_v1,ola_sparse_bayesian_keep010_seed42,145,ola,global,,,all,db,31,-101.87902680689132,-100.19846347707781,-101.03874514198456,120,0.0007016274772480812,0.006563820379286627,101770
bayesfl_observability_v1,ola_sparse_bayesian_keep010_seed42,145,ola,global,,,all,db,32,-100.19846347707781,-98.5179001472643,-99.35818181217105,148,0.0008653405552726335,0.008018079984278274,101770
bayesfl_observability_v1,ola_sparse_bayesian_keep010_seed42,145,ola,global,,,all,db,33,-98.5179001472643,-96.8373368174508,-97.67761848235756,150,0.0008770343465601088,0.009491991746094134,101770
bayesfl_observability_v1,ola_sparse_bayesian_keep010_seed42,145,ola,global,,,all,db,34,-96.8373368174508,-95.15677348763731,-95.99705515254405,243,0.0014207956414273764,0.011879728800235826,101770
bayesfl_observability_v1,ola_sparse_bayesian_keep010_seed42,145,ola,global,,,all,db,35,-95.15677348763731,-93.4762101578238,-94.31649182273055,247,0.0014441832240023004,0.01430677016802594,101770
bayesfl_observability_v1,ola_sparse_bayesian_keep010_seed42,145,ola,global,,,all,db,36,-93.4762101578238,-91.7956468280103,-92.63592849291706,334,0.0019528631450071755,0.017588680357669254,101770
bayesfl_observability_v1,ola_sparse_bayesian_keep010_seed42,145,ola,global,,,all,db,37,-91.7956468280103,-90.11508349819681,-90.95536516310355,362,0.002116576223031729,0.021145720742851527,101770
bayesfl_observability_v1,ola_sparse_bayesian_keep010_seed42,145,ola,global,,,all,db,38,-90.11508349819681,-88.4345201683833,-89.27480183329006,435,0.002543399605024294,0.02542006485211752,101770
bayesfl_observability_v1,ola_sparse_bayesian_keep010_seed42,145,ola,global,,,all,db,39,-88.4345201683833,-86.7539568385698,-87.59423850347656,578,0.003379505682078286,0.03109953817431463,101770
bayesfl_observability_v1,ola_sparse_bayesian_keep010_seed42,145,ola,global,,,all,db,40,-86.7539568385698,-85.07339350875631,-85.91367517366305,684,0.0039992766203140965,0.03782057580819495,101770
bayesfl_observability_v1,ola_sparse_bayesian_keep010_seed42,145,ola,global,,,all,db,41,-85.07339350875631,-83.3928301789428,-84.23311184384956,834,0.004876310966874164,0.04601552520389113,101770
bayesfl_observability_v1,ola_sparse_bayesian_keep010_seed42,145,ola,global,,,all,db,42,-83.3928301789428,-81.7122668491293,-82.55254851403606,953,0.005572091548478558,0.055379777930627885,101770
bayesfl_observability_v1,ola_sparse_bayesian_keep010_seed42,145,ola,global,,,all,db,43,-81.7122668491293,-80.03170351931581,-80.87198518422255,1263,0.007384629198036116,0.06779011496511742,101770
bayesfl_observability_v1,ola_sparse_bayesian_keep010_seed42,145,ola,global,,,all,db,44,-80.03170351931581,-78.3511401895023,-79.19142185440906,1454,0.008501386265989251,0.08207723297631915,101770
bayesfl_observability_v1,ola_sparse_bayesian_keep010_seed42,145,ola,global,,,all,db,45,-78.3511401895023,-76.67057685968881,-77.51085852459556,1727,0.010097588776728719,0.09904687039402574,101770
bayesfl_observability_v1,ola_sparse_bayesian_keep010_seed42,145,ola,global,,,all,db,46,-76.67057685968881,-74.9900135298753,-75.83029519478205,2142,0.012524050468878249,0.12009433035275621,101770
bayesfl_observability_v1,ola_sparse_bayesian_keep010_seed42,145,ola,global,,,all,db,47,-74.9900135298753,-73.3094502000618,-74.14973186496854,2589,0.015137612821627478,0.14553404736169795,101770
bayesfl_observability_v1,ola_sparse_bayesian_keep010_seed42,145,ola,global,,,all,db,48,-73.3094502000618,-71.62888687024831,-72.46916853515506,3186,0.01862820952093671,0.1768399331826668,101770
bayesfl_observability_v1,ola_sparse_bayesian_keep010_seed42,145,ola,global,,,all,db,49,-71.62888687024831,-69.9483235404348,-70.78860520534155,3869,0.022621639245606884,0.21485703055910385,101770
bayesfl_observability_v1,ola_sparse_bayesian_keep010_seed42,145,ola,global,,,all,db,50,-69.9483235404348,-68.2677602106213,-69.10804187552804,4671,0.02731084955188179,0.26075464282204974,101770
bayesfl_observability_v1,ola_sparse_bayesian_keep010_seed42,145,ola,global,,,all,db,51,-68.2677602106213,-66.5871968808078,-67.42747854571455,5703,0.03334484585621506,0.3167927680062887,101770
bayesfl_observability_v1,ola_sparse_bayesian_keep010_seed42,145,ola,global,,,all,db,52,-66.5871968808078,-64.9066335509943,-65.74691521590105,6854,0.04007462274215324,0.38414070944286133,101770
bayesfl_observability_v1,ola_sparse_bayesian_keep010_seed42,145,ola,global,,,all,db,53,-64.9066335509943,-63.226070221180805,-64.06635188608755,8211,0.048008860130700354,0.4648226392846615,101770
bayesfl_observability_v1,ola_sparse_bayesian_keep010_seed42,145,ola,global,,,all,db,54,-63.226070221180805,-61.545506891367296,-62.38578855627405,9815,0.05738728074324931,0.5612655988994792,101770
bayesfl_observability_v1,ola_sparse_bayesian_keep010_seed42,145,ola,global,,,all,db,55,-61.545506891367296,-59.8649435615538,-60.70522522646055,11999,0.07015690082916497,0.6791687137663358,101770
bayesfl_observability_v1,ola_sparse_bayesian_keep010_seed42,145,ola,global,,,all,db,56,-59.8649435615538,-58.184380231740306,-59.02466189664705,10598,0.061965400032293554,0.7833054927778323,101770
bayesfl_observability_v1,ola_sparse_bayesian_keep010_seed42,145,ola,global,,,all,db,57,-58.184380231740306,-56.5038169019268,-57.34409856683355,6456,0.037747558275946766,0.8467426550063869,101770
bayesfl_observability_v1,ola_sparse_bayesian_keep010_seed42,145,ola,global,,,all,db,58,-56.5038169019268,-54.8232535721133,-55.66353523702005,5381,0.03146214545893297,0.8996167829419279,101770
bayesfl_observability_v1,ola_sparse_bayesian_keep010_seed42,145,ola,global,,,all,db,59,-54.8232535721133,-53.14269024229981,-53.982971907206554,4243,0.02480837821636361,0.9413088336444925,101770
bayesfl_observability_v1,ola_sparse_bayesian_keep010_seed42,145,ola,global,,,all,db,60,-53.14269024229981,-51.4621269124863,-52.30240857739305,2888,0.01688583461910382,0.9696865480986538,101770
bayesfl_observability_v1,ola_sparse_bayesian_keep010_seed42,145,ola,global,,,all,db,61,-51.4621269124863,-49.7815635826728,-50.62184524757955,1544,0.009027606873925387,0.9848580131669451,101770
bayesfl_observability_v1,ola_sparse_bayesian_keep010_seed42,145,ola,global,,,all,db,62,-49.7815635826728,-48.10100025285929,-48.94128191776605,581,0.0033970463690094596,0.9905669647243786,101770
bayesfl_observability_v1,ola_sparse_bayesian_keep010_seed42,145,ola,global,,,all,db,63,-48.10100025285929,-46.4204369230458,-47.260718587952546,201,0.0011752260243905457,0.9925420064852117,101770
bayesfl_observability_v1,ola_sparse_bayesian_keep010_seed42,145,ola,global,,,all,db,64,-46.4204369230458,-44.7398735932323,-45.58015525813905,127,0.0007425557467542255,0.9937899184435491,101770
bayesfl_observability_v1,ola_sparse_bayesian_keep010_seed42,145,ola,global,,,all,db,65,-44.7398735932323,-43.059310263418794,-43.89959192832555,100,0.000584689564373401,0.9947725262847598,101770
bayesfl_observability_v1,ola_sparse_bayesian_keep010_seed42,145,ola,global,,,all,db,66,-43.059310263418794,-41.3787469336053,-42.21902859851205,84,0.000491139234073661,0.9955979168713767,101770
bayesfl_observability_v1,ola_sparse_bayesian_keep010_seed42,145,ola,global,,,all,db,67,-41.3787469336053,-39.69818360379179,-40.538465268698545,107,0.0006256178338795391,0.9966493072614719,101770
bayesfl_observability_v1,ola_sparse_bayesian_keep010_seed42,145,ola,global,,,all,db,68,-39.69818360379179,-38.017620273978295,-38.85790193888504,74,0.00043267027763632036,0.9973764370639677,101770
bayesfl_observability_v1,ola_sparse_bayesian_keep010_seed42,145,ola,global,,,all,db,69,-38.017620273978295,-36.3370569441648,-37.17733860907155,67,0.00039174200813018196,0.9980347843175789,101770
bayesfl_observability_v1,ola_sparse_bayesian_keep010_seed42,145,ola,global,,,all,db,70,-36.3370569441648,-34.65649361435129,-35.496775279258046,63,0.0003683544255552426,0.9986538272575415,101770
bayesfl_observability_v1,ola_sparse_bayesian_keep010_seed42,145,ola,global,,,all,db,71,-34.65649361435129,-32.975930284537796,-33.81621194944454,46,0.0002689571996117667,0.9991058268644983,101770
bayesfl_observability_v1,ola_sparse_bayesian_keep010_seed42,145,ola,global,,,all,db,72,-32.975930284537796,-31.2953669547243,-32.13564861963105,27,0.0001578661823808196,0.9993711309816252,101770
bayesfl_observability_v1,ola_sparse_bayesian_keep010_seed42,145,ola,global,,,all,db,73,-31.2953669547243,-29.61480362491079,-30.455085289817546,22,0.00012863170416214822,0.9995873047066915,101770
bayesfl_observability_v1,ola_sparse_bayesian_keep010_seed42,145,ola,global,,,all,db,74,-29.61480362491079,-27.934240295097297,-28.774521960004044,20,0.00011693791287468117,0.9997838262749337,101770
bayesfl_observability_v1,ola_sparse_bayesian_keep010_seed42,145,ola,global,,,all,db,75,-27.934240295097297,-26.253676965283802,-27.09395863019055,7,4.092826950613841e-05,0.9998526088238184,101770
bayesfl_observability_v1,ola_sparse_bayesian_keep010_seed42,145,ola,global,,,all,db,76,-26.253676965283802,-24.573113635470293,-25.413395300377047,5,2.923447821867005e-05,0.999901739215879,101770
bayesfl_observability_v1,ola_sparse_bayesian_keep010_seed42,145,ola,global,,,all,db,77,-24.573113635470293,-22.892550305656783,-23.732831970563538,7,4.092826950613807e-05,0.9999705217647636,101770
bayesfl_observability_v1,ola_sparse_bayesian_keep010_seed42,145,ola,global,,,all,db,78,-22.892550305656783,-21.211986975843303,-22.052268640750043,1,5.8468956437341085e-06,0.9999803478431758,101770
bayesfl_observability_v1,ola_sparse_bayesian_keep010_seed42,145,ola,global,,,all,db,79,-21.211986975843303,-19.531423646029793,-20.371705310936548,2,1.169379128746802e-05,1.0,101770
bayesfl_observability_v1,ola_sparse_bayesian_keep010_seed42,145,ola,global,,,layers.0.weight,raw,0,2.0005701773262004e-08,6.887302808616262e-05,3.444651689396794e-05,4737,685.5740073538449,0.0472038424744898,100352
bayesfl_observability_v1,ola_sparse_bayesian_keep010_seed42,145,ola,global,,,layers.0.weight,raw,1,6.887302808616262e-05,0.000137726050470552,0.0001032995392783573,4696,679.6401812399524,0.09399912308673469,100352
bayesfl_observability_v1,ola_sparse_bayesian_keep010_seed42,145,ola,global,,,layers.0.weight,raw,2,0.000137726050470552,0.00020657907285494135,0.00017215256166274665,4674,676.4561769837178,0.14057517538265307,100352
bayesfl_observability_v1,ola_sparse_bayesian_keep010_seed42,145,ola,global,,,layers.0.weight,raw,3,0.00020657907285494135,0.0002754320952393307,0.000241005584047136,4732,684.8503700228827,0.18772919323979592,100352
bayesfl_observability_v1,ola_sparse_bayesian_keep010_seed42,145,ola,global,,,layers.0.weight,raw,4,0.0002754320952393307,0.00034428511762372006,0.00030985860643152537,4729,684.4161876243047,0.23485331632653061,100352
bayesfl_observability_v1,ola_sparse_bayesian_keep010_seed42,145,ola,global,,,layers.0.weight,raw,5,0.00034428511762372006,0.0004131381400081094,0.0003787116288159147,4764,689.4816489410425,0.28232621173469385,100352
bayesfl_observability_v1,ola_sparse_bayesian_keep010_seed42,145,ola,global,,,layers.0.weight,raw,6,0.0004131381400081094,0.0004819911623924987,0.0004475646512003041,4754,688.0343742791175,0.32969945790816324,100352
bayesfl_observability_v1,ola_sparse_bayesian_keep010_seed42,145,ola,global,,,layers.0.weight,raw,7,0.0004819911623924987,0.0005508441847768881,0.0005164176735846934,4725,683.8372777595347,0.3767837213010204,100352
bayesfl_observability_v1,ola_sparse_bayesian_keep010_seed42,145,ola,global,,,layers.0.weight,raw,8,0.0005508441847768881,0.0006196972071612775,0.0005852706959690829,4668,675.5878121865626,0.42329998405612246,100352
bayesfl_observability_v1,ola_sparse_bayesian_keep010_seed42,145,ola,global,,,layers.0.weight,raw,9,0.0006196972071612775,0.0006885502295456669,0.0006541237183534721,4621,668.7856212755153,0.46934789540816324,100352
bayesfl_observability_v1,ola_sparse_bayesian_keep010_seed42,145,ola,global,,,layers.0.weight,raw,10,0.0006885502295456669,0.0007574032519300562,0.0007229767407378615,4617,668.2067114107464,0.5153559470663265,100352
bayesfl_observability_v1,ola_sparse_bayesian_keep010_seed42,145,ola,global,,,layers.0.weight,raw,11,0.0007574032519300562,0.0008262562743144455,0.0007918297631222509,4569,661.2597930335056,0.5608856823979592,100352
bayesfl_observability_v1,ola_sparse_bayesian_keep010_seed42,145,ola,global,,,layers.0.weight,raw,12,0.0008262562743144455,0.0008951092966988349,0.0008606827855066402,4545,657.7863338448858,0.6061762595663265,100352
bayesfl_observability_v1,ola_sparse_bayesian_keep010_seed42,145,ola,global,,,layers.0.weight,raw,13,0.0008951092966988349,0.0009639623190832242,0.0009295358078910296,4641,671.6801705993662,0.6524234693877551,100352
bayesfl_observability_v1,ola_sparse_bayesian_keep010_seed42,145,ola,global,,,layers.0.weight,raw,14,0.0009639623190832242,0.0010328153414676138,0.000998388830275419,4511,652.8655999943388,0.6973752391581632,100352
bayesfl_observability_v1,ola_sparse_bayesian_keep010_seed42,145,ola,global,,,layers.0.weight,raw,15,0.0010328153414676138,0.001101668363852003,0.0010672418526598085,4117,595.8429783144992,0.7384008290816326,100352
bayesfl_observability_v1,ola_sparse_bayesian_keep010_seed42,145,ola,global,,,layers.0.weight,raw,16,0.001101668363852003,0.0011705213862363924,0.0011360948750441977,3089,447.06314306861503,0.7691824776785714,100352
bayesfl_observability_v1,ola_sparse_bayesian_keep010_seed42,145,ola,global,,,layers.0.weight,raw,17,0.0011705213862363924,0.0012393744086207819,0.0012049478974285872,2522,365.0026697374696,0.7943140146683674,100352
bayesfl_observability_v1,ola_sparse_bayesian_keep010_seed42,145,ola,global,,,layers.0.weight,raw,18,0.0012393744086207819,0.0013082274310051711,0.0012738009198129765,1994,288.5865675878337,0.8141840720663265,100352
bayesfl_observability_v1,ola_sparse_bayesian_keep010_seed42,145,ola,global,,,layers.0.weight,raw,19,0.0013082274310051711,0.0013770804533895606,0.0013426539421973658,1705,246.76032985820208,0.8311742665816326,100352
bayesfl_observability_v1,ola_sparse_bayesian_keep010_seed42,145,ola,global,,,layers.0.weight,raw,20,0.0013770804533895606,0.00144593347577395,0.0014115069645817553,1489,215.49919716062408,0.8460120376275511,100352
bayesfl_observability_v1,ola_sparse_bayesian_keep010_seed42,145,ola,global,,,layers.0.weight,raw,21,0.00144593347577395,0.0015147864981583392,0.0014803599869661445,1358,196.5398990894073,0.8595444036989796,100352
bayesfl_observability_v1,ola_sparse_bayesian_keep010_seed42,145,ola,global,,,layers.0.weight,raw,22,0.0015147864981583392,0.0015836395205427287,0.001549213009350534,1300,188.14570605024207,0.8724988042091837,100352
bayesfl_observability_v1,ola_sparse_bayesian_keep010_seed42,145,ola,global,,,layers.0.weight,raw,23,0.0015836395205427287,0.001652492542927118,0.0016180660317349233,1197,173.23877703241573,0.8844268176020408,100352
bayesfl_observability_v1,ola_sparse_bayesian_keep010_seed42,145,ola,global,,,layers.0.weight,raw,24,0.001652492542927118,0.0017213455653115072,0.0016869190541193126,1064,153.990024028814,0.8950294961734694,100352
bayesfl_observability_v1,ola_sparse_bayesian_keep010_seed42,145,ola,global,,,layers.0.weight,raw,25,0.0017213455653115072,0.0017901985876958967,0.0017557720765037019,1042,150.80601977257862,0.9054129464285714,100352
bayesfl_observability_v1,ola_sparse_bayesian_keep010_seed42,145,ola,global,,,layers.0.weight,raw,26,0.0017901985876958967,0.001859051610080286,0.0018246250988880914,946,136.91218301809965,0.9148397640306123,100352
bayesfl_observability_v1,ola_sparse_bayesian_keep010_seed42,145,ola,global,,,layers.0.weight,raw,27,0.001859051610080286,0.0019279046324646753,0.0018934781212724806,853,123.45252866219766,0.92333984375,100352
bayesfl_observability_v1,ola_sparse_bayesian_keep010_seed42,145,ola,global,,,layers.0.weight,raw,28,0.0019279046324646753,0.0019967576548490643,0.0019623311436568697,754,109.12450950914106,0.9308533960459183,100352
bayesfl_observability_v1,ola_sparse_bayesian_keep010_seed42,145,ola,global,,,layers.0.weight,raw,29,0.0019967576548490643,0.002065610677233454,0.002031184166041259,750,108.54559964437007,0.9383270886479592,100352
bayesfl_observability_v1,ola_sparse_bayesian_keep010_seed42,145,ola,global,,,layers.0.weight,raw,30,0.002065610677233454,0.0021344636996178433,0.0021000371884256487,662,95.80958261943125,0.9449238679846939,100352
bayesfl_observability_v1,ola_sparse_bayesian_keep010_seed42,145,ola,global,,,layers.0.weight,raw,31,0.0021344636996178433,0.0022033167220022326,0.002168890210810038,577,83.50774799306923,0.9506736288265306,100352
bayesfl_observability_v1,ola_sparse_bayesian_keep010_seed42,145,ola,global,,,layers.0.weight,raw,32,0.0022033167220022326,0.002272169744386622,0.0022377432331944272,520,75.25828242009706,0.9558553890306123,100352
bayesfl_observability_v1,ola_sparse_bayesian_keep010_seed42,145,ola,global,,,layers.0.weight,raw,33,0.002272169744386622,0.002341022766771011,0.0023065962555788165,500,72.36373309624717,0.9608378507653061,100352
bayesfl_observability_v1,ola_sparse_bayesian_keep010_seed42,145,ola,global,,,layers.0.weight,raw,34,0.002341022766771011,0.002409875789155401,0.0023754492779632062,488,70.6270035019368,0.9657007334183674,100352
bayesfl_observability_v1,ola_sparse_bayesian_keep010_seed42,145,ola,global,,,layers.0.weight,raw,35,0.002409875789155401,0.00247872881153979,0.0024443023003475955,402,58.18044140938272,0.9697066326530612,100352
bayesfl_observability_v1,ola_sparse_bayesian_keep010_seed42,145,ola,global,,,layers.0.weight,raw,36,0.00247872881153979,0.0025475818339241794,0.002513155322731985,366,52.970252626452925,0.9733537946428571,100352
bayesfl_observability_v1,ola_sparse_bayesian_keep010_seed42,145,ola,global,,,layers.0.weight,raw,37,0.0025475818339241794,0.0026164348563085687,0.002582008345116374,320,46.31278918159819,0.9765425701530612,100352
bayesfl_observability_v1,ola_sparse_bayesian_keep010_seed42,145,ola,global,,,layers.0.weight,raw,38,0.0026164348563085687,0.002685287878692958,0.0026508613675007633,284,41.10260039866839,0.9793726084183674,100352
bayesfl_observability_v1,ola_sparse_bayesian_keep010_seed42,145,ola,global,,,layers.0.weight,raw,39,0.002685287878692958,0.0027541409010773477,0.0027197143898851526,277,40.08950813532068,0.9821328922193877,100352
bayesfl_observability_v1,ola_sparse_bayesian_keep010_seed42,145,ola,global,,,layers.0.weight,raw,40,0.0027541409010773477,0.002822993923461737,0.0027885674122695423,237,34.30040948762116,0.9844945790816326,100352
bayesfl_observability_v1,ola_sparse_bayesian_keep010_seed42,145,ola,global,,,layers.0.weight,raw,41,0.002822993923461737,0.0028918469458461262,0.0028574204346539316,211,30.537495366616305,0.9865971779336735,100352
bayesfl_observability_v1,ola_sparse_bayesian_keep010_seed42,145,ola,global,,,layers.0.weight,raw,42,0.0028918469458461262,0.0029606999682305155,0.002926273457038321,182,26.34039884703397,0.988410794005102,100352
bayesfl_observability_v1,ola_sparse_bayesian_keep010_seed42,145,ola,global,,,layers.0.weight,raw,43,0.0029606999682305155,0.003029552990614905,0.00299512647942271,153,22.143302327451632,0.9899354272959183,100352
bayesfl_observability_v1,ola_sparse_bayesian_keep010_seed42,145,ola,global,,,layers.0.weight,raw,44,0.003029552990614905,0.003098406012999294,0.0030639795018070994,142,20.551300199334197,0.9913504464285714,100352
bayesfl_observability_v1,ola_sparse_bayesian_keep010_seed42,145,ola,global,,,layers.0.weight,raw,45,0.003098406012999294,0.003167259035383684,0.003132832524191489,117,16.93311354452173,0.9925163424744898,100352
bayesfl_observability_v1,ola_sparse_bayesian_keep010_seed42,145,ola,global,,,layers.0.weight,raw,46,0.003167259035383684,0.003236112057768073,0.0032016855465758784,106,15.3411114164044,0.9935726243622449,100352
bayesfl_observability_v1,ola_sparse_bayesian_keep010_seed42,145,ola,global,,,layers.0.weight,raw,47,0.003236112057768073,0.0033049650801524623,0.0032705385689602677,80,11.578197295399548,0.9943698182397959,100352
bayesfl_observability_v1,ola_sparse_bayesian_keep010_seed42,145,ola,global,,,layers.0.weight,raw,48,0.0033049650801524623,0.0033738181025368516,0.003339391591344657,78,11.288742363014558,0.9951470822704082,100352
bayesfl_observability_v1,ola_sparse_bayesian_keep010_seed42,145,ola,global,,,layers.0.weight,raw,49,0.0033738181025368516,0.003442671124921241,0.0034082446137290463,60,8.68364797154966,0.9957449776785714,100352
bayesfl_observability_v1,ola_sparse_bayesian_keep010_seed42,145,ola,global,,,layers.0.weight,raw,50,0.003442671124921241,0.0035115241473056306,0.0034770976361134355,50,7.236373309624671,0.9962432238520408,100352
bayesfl_observability_v1,ola_sparse_bayesian_keep010_seed42,145,ola,global,,,layers.0.weight,raw,51,0.0035115241473056306,0.00358037716969002,0.0035459506584978252,57,8.249465572972177,0.9968112244897959,100352
bayesfl_observability_v1,ola_sparse_bayesian_keep010_seed42,145,ola,global,,,layers.0.weight,raw,52,0.00358037716969002,0.003649230192074409,0.0036148036808822145,42,6.078553580084762,0.9972297512755102,100352
bayesfl_observability_v1,ola_sparse_bayesian_keep010_seed42,145,ola,global,,,layers.0.weight,raw,53,0.003649230192074409,0.0037180832144587984,0.003683656703266604,42,6.078553580084762,0.9976482780612245,100352
bayesfl_observability_v1,ola_sparse_bayesian_keep010_seed42,145,ola,global,,,layers.0.weight,raw,54,0.0037180832144587984,0.0037869362368431877,0.003752509725650993,33,4.776006384352313,0.9979771205357143,100352
bayesfl_observability_v1,ola_sparse_bayesian_keep010_seed42,145,ola,global,,,layers.0.weight,raw,55,0.0037869362368431877,0.003855789259227577,0.0038213627480353824,34,4.920733850544807,0.9983159279336735,100352
bayesfl_observability_v1,ola_sparse_bayesian_keep010_seed42,145,ola,global,,,layers.0.weight,raw,56,0.003855789259227577,0.003924642281611966,0.0038902157704197716,33,4.776006384352313,0.9986447704081632,100352
bayesfl_observability_v1,ola_sparse_bayesian_keep010_seed42,145,ola,global,,,layers.0.weight,raw,57,0.003924642281611966,0.0039934953039963555,0.0039590687928041605,23,3.32873172242737,0.9988739636479592,100352
bayesfl_observability_v1,ola_sparse_bayesian_keep010_seed42,145,ola,global,,,layers.0.weight,raw,58,0.0039934953039963555,0.004062348326380746,0.004027921815188551,18,2.605094391464865,0.9990533322704082,100352
bayesfl_observability_v1,ola_sparse_bayesian_keep010_seed42,145,ola,global,,,layers.0.weight,raw,59,0.004062348326380746,0.004131201348765135,0.004096774837572941,10,1.4472746619249435,0.999152981505102,100352
bayesfl_observability_v1,ola_sparse_bayesian_keep010_seed42,145,ola,global,,,layers.0.weight,raw,60,0.004131201348765135,0.004200054371149524,0.004165627859957329,21,3.039276790042381,0.9993622448979592,100352
bayesfl_observability_v1,ola_sparse_bayesian_keep010_seed42,145,ola,global,,,layers.0.weight,raw,61,0.004200054371149524,0.0042689073935339135,0.004234480882341719,10,1.4472746619249435,0.9994618941326531,100352
bayesfl_observability_v1,ola_sparse_bayesian_keep010_seed42,145,ola,global,,,layers.0.weight,raw,62,0.0042689073935339135,0.004337760415918303,0.004303333904726108,5,0.7236373309624717,0.99951171875,100352
bayesfl_observability_v1,ola_sparse_bayesian_keep010_seed42,145,ola,global,,,layers.0.weight,raw,63,0.004337760415918303,0.004406613438302692,0.004372186927110498,6,0.8683647971549661,0.9995715082908163,100352
bayesfl_observability_v1,ola_sparse_bayesian_keep010_seed42,145,ola,global,,,layers.0.weight,raw,64,0.004406613438302692,0.004475466460687081,0.004441039949494886,4,0.5789098647699774,0.9996113679846939,100352
bayesfl_observability_v1,ola_sparse_bayesian_keep010_seed42,145,ola,global,,,layers.0.weight,raw,65,0.004475466460687081,0.004544319483071471,0.004509892971879276,8,1.1578197295399548,0.9996910873724489,100352
bayesfl_observability_v1,ola_sparse_bayesian_keep010_seed42,145,ola,global,,,layers.0.weight,raw,66,0.004544319483071471,0.00461317250545586,0.004578745994263665,7,1.0130922633474604,0.9997608418367347,100352
bayesfl_observability_v1,ola_sparse_bayesian_keep010_seed42,145,ola,global,,,layers.0.weight,raw,67,0.00461317250545586,0.004682025527840249,0.004647599016648055,2,0.2894549323849887,0.9997807716836735,100352
bayesfl_observability_v1,ola_sparse_bayesian_keep010_seed42,145,ola,global,,,layers.0.weight,raw,68,0.004682025527840249,0.0047508785502246385,0.004716452039032443,4,0.5789098647699774,0.9998206313775511,100352
bayesfl_observability_v1,ola_sparse_bayesian_keep010_seed42,145,ola,global,,,layers.0.weight,raw,69,0.0047508785502246385,0.004819731572609029,0.0047853050614168335,5,0.7236373309624626,0.999870455994898,100352
bayesfl_observability_v1,ola_sparse_bayesian_keep010_seed42,145,ola,global,,,layers.0.weight,raw,70,0.004819731572609029,0.004888584594993418,0.004854158083801224,2,0.2894549323849887,0.9998903858418368,100352
bayesfl_observability_v1,ola_sparse_bayesian_keep010_seed42,145,ola,global,,,layers.0.weight,raw,71,0.004888584594993418,0.004957437617377807,0.004923011106185612,0,0.0,0.9998903858418368,100352
bayesfl_observability_v1,ola_sparse_bayesian_keep010_seed42,145,ola,global,,,layers.0.weight,raw,72,0.004957437617377807,0.0050262906397621964,0.004991864128570002,3,0.43418239857748303,0.9999202806122449,100352
bayesfl_observability_v1,ola_sparse_bayesian_keep010_seed42,145,ola,global,,,layers.0.weight,raw,73,0.0050262906397621964,0.005095143662146586,0.005060717150954391,3,0.43418239857748303,0.9999501753826531,100352
bayesfl_observability_v1,ola_sparse_bayesian_keep010_seed42,145,ola,global,,,layers.0.weight,raw,74,0.005095143662146586,0.005163996684530975,0.005129570173338781,2,0.2894549323849887,0.9999701052295918,100352
bayesfl_observability_v1,ola_sparse_bayesian_keep010_seed42,145,ola,global,,,layers.0.weight,raw,75,0.005163996684530975,0.005232849706915364,0.005198423195723169,0,0.0,0.9999701052295918,100352
bayesfl_observability_v1,ola_sparse_bayesian_keep010_seed42,145,ola,global,,,layers.0.weight,raw,76,0.005232849706915364,0.0053017027292997536,0.005267276218107559,0,0.0,0.9999701052295918,100352
bayesfl_observability_v1,ola_sparse_bayesian_keep010_seed42,145,ola,global,,,layers.0.weight,raw,77,0.0053017027292997536,0.005370555751684143,0.005336129240491948,0,0.0,0.9999701052295918,100352
bayesfl_observability_v1,ola_sparse_bayesian_keep010_seed42,145,ola,global,,,layers.0.weight,raw,78,0.005370555751684143,0.005439408774068532,0.005404982262876338,2,0.2894549323849887,0.9999900350765306,100352
bayesfl_observability_v1,ola_sparse_bayesian_keep010_seed42,145,ola,global,,,layers.0.weight,raw,79,0.005439408774068532,0.005508261796452921,0.005473835285260726,1,0.14472746619249435,1.0,100352
bayesfl_observability_v1,ola_sparse_bayesian_keep010_seed42,145,ola,global,,,layers.0.weight,db,0,-153.97649003110982,-152.61653026239955,-153.29651014675468,1,7.327366366755164e-06,9.964923469387754e-06,100352
bayesfl_observability_v1,ola_sparse_bayesian_keep010_seed42,145,ola,global,,,layers.0.weight,db,1,-152.61653026239955,-151.2565704936893,-151.93655037804444,0,0.0,9.964923469387754e-06,100352
bayesfl_observability_v1,ola_sparse_bayesian_keep010_seed42,145,ola,global,,,layers.0.weight,db,2,-151.2565704936893,-149.89661072497904,-150.57659060933418,1,7.327366366755164e-06,1.992984693877551e-05,100352
bayesfl_observability_v1,ola_sparse_bayesian_keep010_seed42,145,ola,global,,,layers.0.weight,db,3,-149.89661072497904,-148.53665095626877,-149.2166308406239,0,0.0,1.992984693877551e-05,100352
bayesfl_observability_v1,ola_sparse_bayesian_keep010_seed42,145,ola,global,,,layers.0.weight,db,4,-148.53665095626877,-147.17669118755853,-147.85667107191364,1,7.327366366755318e-06,2.9894770408163265e-05,100352
bayesfl_observability_v1,ola_sparse_bayesian_keep010_seed42,145,ola,global,,,layers.0.weight,db,5,-147.17669118755853,-145.81673141884826,-146.4967113032034,1,7.327366366755164e-06,3.985969387755102e-05,100352
bayesfl_observability_v1,ola_sparse_bayesian_keep010_seed42,145,ola,global,,,layers.0.weight,db,6,-145.81673141884826,-144.456771650138,-145.13675153449313,0,0.0,3.985969387755102e-05,100352
bayesfl_observability_v1,ola_sparse_bayesian_keep010_seed42,145,ola,global,,,layers.0.weight,db,7,-144.456771650138,-143.09681188142775,-143.7767917657829,0,0.0,3.985969387755102e-05,100352
bayesfl_observability_v1,ola_sparse_bayesian_keep010_seed42,145,ola,global,,,layers.0.weight,db,8,-143.09681188142775,-141.7368521127175,-142.41683199707262,0,0.0,3.985969387755102e-05,100352
bayesfl_observability_v1,ola_sparse_bayesian_keep010_seed42,145,ola,global,,,layers.0.weight,db,9,-141.7368521127175,-140.37689234400722,-141.05687222836235,0,0.0,3.985969387755102e-05,100352
bayesfl_observability_v1,ola_sparse_bayesian_keep010_seed42,145,ola,global,,,layers.0.weight,db,10,-140.37689234400722,-139.01693257529698,-139.69691245965208,1,7.327366366755318e-06,4.982461734693878e-05,100352
bayesfl_observability_v1,ola_sparse_bayesian_keep010_seed42,145,ola,global,,,layers.0.weight,db,11,-139.01693257529698,-137.6569728065867,-138.33695269094184,2,1.4654732733510329e-05,6.975446428571428e-05,100352
bayesfl_observability_v1,ola_sparse_bayesian_keep010_seed42,145,ola,global,,,layers.0.weight,db,12,-137.6569728065867,-136.29701303787644,-136.97699292223157,2,1.4654732733510329e-05,8.96843112244898e-05,100352
bayesfl_observability_v1,ola_sparse_bayesian_keep010_seed42,145,ola,global,,,layers.0.weight,db,13,-136.29701303787644,-134.9370532691662,-135.61703315352133,2,1.4654732733510635e-05,0.0001096141581632653,100352
bayesfl_observability_v1,ola_sparse_bayesian_keep010_seed42,145,ola,global,,,layers.0.weight,db,14,-134.9370532691662,-133.57709350045593,-134.25707338481106,3,2.1982099100265494e-05,0.00013950892857142856,100352
bayesfl_observability_v1,ola_sparse_bayesian_keep010_seed42,145,ola,global,,,layers.0.weight,db,15,-133.57709350045593,-132.21713373174566,-132.8971136161008,5,3.6636831833775824e-05,0.00018933354591836734,100352
bayesfl_observability_v1,ola_sparse_bayesian_keep010_seed42,145,ola,global,,,layers.0.weight,db,16,-132.21713373174566,-130.85717396303542,-131.53715384739053,5,3.663683183377659e-05,0.00023915816326530612,100352
bayesfl_observability_v1,ola_sparse_bayesian_keep010_seed42,145,ola,global,,,layers.0.weight,db,17,-130.85717396303542,-129.49721419432515,-130.1771940786803,3,2.1982099100265494e-05,0.00026905293367346936,100352
bayesfl_observability_v1,ola_sparse_bayesian_keep010_seed42,145,ola,global,,,layers.0.weight,db,18,-129.49721419432515,-128.13725442561488,-128.81723430997002,1,7.327366366755164e-06,0.00027901785714285713,100352
bayesfl_observability_v1,ola_sparse_bayesian_keep010_seed42,145,ola,global,,,layers.0.weight,db,19,-128.13725442561488,-126.77729465690464,-127.45727454125976,2,1.4654732733510635e-05,0.00029894770408163266,100352
bayesfl_observability_v1,ola_sparse_bayesian_keep010_seed42,145,ola,global,,,layers.0.weight,db,20,-126.77729465690464,-125.41733488819438,-126.09731477254951,9,6.594629730079648e-05,0.00038863201530612245,100352
bayesfl_observability_v1,ola_sparse_bayesian_keep010_seed42,145,ola,global,,,layers.0.weight,db,21,-125.41733488819438,-124.05737511948412,-124.73735500383924,8,5.8618930934041924e-05,0.00046835140306122447,100352
bayesfl_observability_v1,ola_sparse_bayesian_keep010_seed42,145,ola,global,,,layers.0.weight,db,22,-124.05737511948412,-122.69741535077387,-123.377395235129,11,8.060103003430765e-05,0.0005779655612244898,100352
bayesfl_observability_v1,ola_sparse_bayesian_keep010_seed42,145,ola,global,,,layers.0.weight,db,23,-122.69741535077387,-121.3374555820636,-122.01743546641873,3,2.1982099100265494e-05,0.0006078603316326531,100352
bayesfl_observability_v1,ola_sparse_bayesian_keep010_seed42,145,ola,global,,,layers.0.weight,db,24,-121.3374555820636,-119.97749581335334,-120.65747569770846,6,4.396419820053145e-05,0.0006676498724489796,100352
bayesfl_observability_v1,ola_sparse_bayesian_keep010_seed42,145,ola,global,,,layers.0.weight,db,25,-119.97749581335334,-118.61753604464309,-119.29751592899822,10,7.327366366755241e-05,0.0007672991071428571,100352
bayesfl_observability_v1,ola_sparse_bayesian_keep010_seed42,145,ola,global,,,layers.0.weight,db,26,-118.61753604464309,-117.25757627593282,-117.93755616028795,13,9.525576276781714e-05,0.000896843112244898,100352
bayesfl_observability_v1,ola_sparse_bayesian_keep010_seed42,145,ola,global,,,layers.0.weight,db,27,-117.25757627593282,-115.89761650722257,-116.57759639157769,17,0.0001245652282348391,0.0010662468112244898,100352
bayesfl_observability_v1,ola_sparse_bayesian_keep010_seed42,145,ola,global,,,layers.0.weight,db,28,-115.89761650722257,-114.53765673851231,-115.21763662286745,21,0.00015387469370186006,0.0012755102040816326,100352
bayesfl_observability_v1,ola_sparse_bayesian_keep010_seed42,145,ola,global,,,layers.0.weight,db,29,-114.53765673851231,-113.17769696980204,-113.85767685415718,19,0.00013921996096834813,0.00146484375,100352
bayesfl_observability_v1,ola_sparse_bayesian_keep010_seed42,145,ola,global,,,layers.0.weight,db,30,-113.17769696980204,-111.81773720109179,-112.49771708544691,29,0.000212493624635902,0.001753826530612245,100352
bayesfl_observability_v1,ola_sparse_bayesian_keep010_seed42,145,ola,global,,,layers.0.weight,db,31,-111.81773720109179,-110.45777743238153,-111.13775731673667,34,0.0002491304564696782,0.0020926339285714285,100352
bayesfl_observability_v1,ola_sparse_bayesian_keep010_seed42,145,ola,global,,,layers.0.weight,db,32,-110.45777743238153,-109.09781766367126,-109.7777975480264,31,0.0002271483573694101,0.002401546556122449,100352
bayesfl_observability_v1,ola_sparse_bayesian_keep010_seed42,145,ola,global,,,layers.0.weight,db,33,-109.09781766367126,-107.73785789496101,-108.41783777931613,39,0.0002857672883034544,0.0027901785714285715,100352
bayesfl_observability_v1,ola_sparse_bayesian_keep010_seed42,145,ola,global,,,layers.0.weight,db,34,-107.73785789496101,-106.37789812625076,-107.05787801060589,46,0.0003370588528707411,0.003248565051020408,100352
bayesfl_observability_v1,ola_sparse_bayesian_keep010_seed42,145,ola,global,,,layers.0.weight,db,35,-106.37789812625076,-105.01793835754049,-105.69791824189562,45,0.0003297314865039824,0.003696986607142857,100352
bayesfl_observability_v1,ola_sparse_bayesian_keep010_seed42,145,ola,global,,,layers.0.weight,db,36,-105.01793835754049,-103.65797858883023,-104.33795847318535,70,0.0005129156456728669,0.00439453125,100352
bayesfl_observability_v1,ola_sparse_bayesian_keep010_seed42,145,ola,global,,,layers.0.weight,db,37,-103.65797858883023,-102.29801882011998,-102.97799870447511,73,0.0005348977447731326,0.005121970663265306,100352
bayesfl_observability_v1,ola_sparse_bayesian_keep010_seed42,145,ola,global,,,layers.0.weight,db,38,-102.29801882011998,-100.93805905140971,-101.61803893576484,92,0.0006741177057414751,0.00603874362244898,100352
bayesfl_observability_v1,ola_sparse_bayesian_keep010_seed42,145,ola,global,,,layers.0.weight,db,39,-100.93805905140971,-99.57809928269945,-100.25807916705458,108,0.000791355567609566,0.007114955357142857,100352
bayesfl_observability_v1,ola_sparse_bayesian_keep010_seed42,145,ola,global,,,layers.0.weight,db,40,-99.57809928269945,-98.2181395139892,-98.89811939834433,118,0.0008646292312771184,0.008290816326530613,100352
bayesfl_observability_v1,ola_sparse_bayesian_keep010_seed42,145,ola,global,,,layers.0.weight,db,41,-98.2181395139892,-96.85817974527893,-97.53815962963407,125,0.0009159207958443956,0.009536431760204082,100352
bayesfl_observability_v1,ola_sparse_bayesian_keep010_seed42,145,ola,global,,,layers.0.weight,db,42,-96.85817974527893,-95.49821997656868,-96.1781998609238,199,0.001458145906984293,0.011519451530612245,100352
bayesfl_observability_v1,ola_sparse_bayesian_keep010_seed42,145,ola,global,,,layers.0.weight,db,43,-95.49821997656868,-94.13826020785842,-94.81824009221356,178,0.0013042712132824328,0.013293207908163265,100352
bayesfl_observability_v1,ola_sparse_bayesian_keep010_seed42,145,ola,global,,,layers.0.weight,db,44,-94.13826020785842,-92.77830043914815,-93.45828032350329,242,0.0017732226607547498,0.0157047193877551,100352
bayesfl_observability_v1,ola_sparse_bayesian_keep010_seed42,145,ola,global,,,layers.0.weight,db,45,-92.77830043914815,-91.4183406704379,-92.09832055479302,276,0.0020223531172244465,0.01845503826530612,100352
bayesfl_observability_v1,ola_sparse_bayesian_keep010_seed42,145,ola,global,,,layers.0.weight,db,46,-91.4183406704379,-90.05838090172765,-90.73836078608278,304,0.002227519375493593,0.021484375,100352
bayesfl_observability_v1,ola_sparse_bayesian_keep010_seed42,145,ola,global,,,layers.0.weight,db,47,-90.05838090172765,-88.69842113301738,-89.37840101737251,344,0.0025206140301637764,0.02491230867346939,100352
bayesfl_observability_v1,ola_sparse_bayesian_keep010_seed42,145,ola,global,,,layers.0.weight,db,48,-88.69842113301738,-87.33846136430712,-88.01844124866224,450,0.0032973148650398583,0.02939652423469388,100352
bayesfl_observability_v1,ola_sparse_bayesian_keep010_seed42,145,ola,global,,,layers.0.weight,db,49,-87.33846136430712,-85.97850159559687,-86.658481479952,524,0.0038395399761797463,0.03461814413265306,100352
bayesfl_observability_v1,ola_sparse_bayesian_keep010_seed42,145,ola,global,,,layers.0.weight,db,50,-85.97850159559687,-84.6185418268866,-85.29852171124173,576,0.004220563027250975,0.040357940051020405,100352
bayesfl_observability_v1,ola_sparse_bayesian_keep010_seed42,145,ola,global,,,layers.0.weight,db,51,-84.6185418268866,-83.25858205817634,-83.93856194253146,677,0.004960627030293298,0.04710419323979592,100352
bayesfl_observability_v1,ola_sparse_bayesian_keep010_seed42,145,ola,global,,,layers.0.weight,db,52,-83.25858205817634,-81.89862228946609,-82.57860217382122,767,0.00562009000330127,0.05474728954081633,100352
bayesfl_observability_v1,ola_sparse_bayesian_keep010_seed42,145,ola,global,,,layers.0.weight,db,53,-81.89862228946609,-80.53866252075582,-81.21864240511096,972,0.00712220010848602,0.06443319515306123,100352
bayesfl_observability_v1,ola_sparse_bayesian_keep010_seed42,145,ola,global,,,layers.0.weight,db,54,-80.53866252075582,-79.17870275204557,-79.85868263640069,1058,0.0077523536160270445,0.07497608418367346,100352
bayesfl_observability_v1,ola_sparse_bayesian_keep010_seed42,145,ola,global,,,layers.0.weight,db,55,-79.17870275204557,-77.81874298333531,-78.49872286769045,1334,0.009774706733251492,0.08826929209183673,100352
bayesfl_observability_v1,ola_sparse_bayesian_keep010_seed42,145,ola,global,,,layers.0.weight,db,56,-77.81874298333531,-76.45878321462504,-77.13876309898018,1410,0.010331586577124782,0.10231983418367346,100352
bayesfl_observability_v1,ola_sparse_bayesian_keep010_seed42,145,ola,global,,,layers.0.weight,db,57,-76.45878321462504,-75.09882344591479,-75.77880333026991,1732,0.012690998547220077,0.11957908163265306,100352
bayesfl_observability_v1,ola_sparse_bayesian_keep010_seed42,145,ola,global,,,layers.0.weight,db,58,-75.09882344591479,-73.73886367720453,-74.41884356155967,2047,0.014999118952747978,0.1399772799744898,100352
bayesfl_observability_v1,ola_sparse_bayesian_keep010_seed42,145,ola,global,,,layers.0.weight,db,59,-73.73886367720453,-72.37890390849427,-73.0588837928494,2415,0.017695589775713724,0.16404257015306123,100352
bayesfl_observability_v1,ola_sparse_bayesian_keep010_seed42,145,ola,global,,,layers.0.weight,db,60,-72.37890390849427,-71.01894413978401,-71.69892402413913,2770,0.02029680483591202,0.1916454081632653,100352
bayesfl_observability_v1,ola_sparse_bayesian_keep010_seed42,145,ola,global,,,layers.0.weight,db,61,-71.01894413978401,-69.65898437107376,-70.33896425542889,3327,0.024378147902194686,0.22479870854591838,100352
bayesfl_observability_v1,ola_sparse_bayesian_keep010_seed42,145,ola,global,,,layers.0.weight,db,62,-69.65898437107376,-68.29902460236349,-68.97900448671862,3790,0.027770718530002073,0.26256576849489793,100352
bayesfl_observability_v1,ola_sparse_bayesian_keep010_seed42,145,ola,global,,,layers.0.weight,db,63,-68.29902460236349,-66.93906483365323,-67.61904471800835,4523,0.03314167807683396,0.30763711734693877,100352
bayesfl_observability_v1,ola_sparse_bayesian_keep010_seed42,145,ola,global,,,layers.0.weight,db,64,-66.93906483365323,-65.57910506494298,-66.25908494929811,5300,0.03883504174380278,0.36045121173469385,100352
bayesfl_observability_v1,ola_sparse_bayesian_keep010_seed42,145,ola,global,,,layers.0.weight,db,65,-65.57910506494298,-64.21914529623271,-64.89912518058784,6031,0.0441913465579004,0.42054966517857145,100352
bayesfl_observability_v1,ola_sparse_bayesian_keep010_seed42,145,ola,global,,,layers.0.weight,db,66,-64.21914529623271,-62.859185527522456,-63.53916541187758,6980,0.05114501723995158,0.49010483099489793,100352
bayesfl_observability_v1,ola_sparse_bayesian_keep010_seed42,145,ola,global,,,layers.0.weight,db,67,-62.859185527522456,-61.4992257588122,-62.17920564316733,8052,0.0589999539851132,0.5703423947704082,100352
bayesfl_observability_v1,ola_sparse_bayesian_keep010_seed42,145,ola,global,,,layers.0.weight,db,68,-61.4992257588122,-60.13926599010193,-60.81924587445707,9603,0.07036469921994984,0.6660355548469388,100352
bayesfl_observability_v1,ola_sparse_bayesian_keep010_seed42,145,ola,global,,,layers.0.weight,db,69,-60.13926599010193,-58.77930622139168,-59.459286105746806,9563,0.07007160456528037,0.7613301179846939,100352
bayesfl_observability_v1,ola_sparse_bayesian_keep010_seed42,145,ola,global,,,layers.0.weight,db,70,-58.77930622139168,-57.419346452681424,-58.09932633703655,6267,0.04592060502045509,0.8237802933673469,100352
bayesfl_observability_v1,ola_sparse_bayesian_keep010_seed42,145,ola,global,,,layers.0.weight,db,71,-57.419346452681424,-56.059386683971155,-56.73936656832629,4741,0.03473904394478623,0.8710239955357143,100352
bayesfl_observability_v1,ola_sparse_bayesian_keep010_seed42,145,ola,global,,,layers.0.weight,db,72,-56.059386683971155,-54.6994269152609,-55.37940679961603,4170,0.030555117749369354,0.9125777264030612,100352
bayesfl_observability_v1,ola_sparse_bayesian_keep010_seed42,145,ola,global,,,layers.0.weight,db,73,-54.6994269152609,-53.339467146550646,-54.01944703090577,3401,0.024920373013334576,0.9464684311224489,100352
bayesfl_observability_v1,ola_sparse_bayesian_keep010_seed42,145,ola,global,,,layers.0.weight,db,74,-53.339467146550646,-51.97950737784038,-52.65948726219551,2540,0.018611510571558118,0.9717793367346939,100352
bayesfl_observability_v1,ola_sparse_bayesian_keep010_seed42,145,ola,global,,,layers.0.weight,db,75,-51.97950737784038,-50.61954760913012,-51.29952749348525,1635,0.011980244009644819,0.9880719866071429,100352
bayesfl_observability_v1,ola_sparse_bayesian_keep010_seed42,145,ola,global,,,layers.0.weight,db,76,-50.61954760913012,-49.25958784041987,-49.939567724774996,771,0.005649399468768291,0.9957549426020408,100352
bayesfl_observability_v1,ola_sparse_bayesian_keep010_seed42,145,ola,global,,,layers.0.weight,db,77,-49.25958784041987,-47.8996280717096,-48.579607956064734,320,0.0023447572373616527,0.9989437181122449,100352
bayesfl_observability_v1,ola_sparse_bayesian_keep010_seed42,145,ola,global,,,layers.0.weight,db,78,-47.8996280717096,-46.539668302999345,-47.21964818735447,86,0.0006301535075409507,0.9998007015306123,100352
bayesfl_observability_v1,ola_sparse_bayesian_keep010_seed42,145,ola,global,,,layers.0.weight,db,79,-46.539668302999345,-45.1797085342891,-45.859688418644225,20,0.0001465473273351056,1.0,100352
bayesfl_observability_v1,ola_sparse_bayesian_keep010_seed42,145,ola,global,,,layers.0.bias,raw,0,8.020214628369947e-06,6.743241109880814e-05,3.7726312863589044e-05,8,1051.9725529942023,0.0625,128
bayesfl_observability_v1,ola_sparse_bayesian_keep010_seed42,145,ola,global,,,layers.0.bias,raw,1,6.743241109880814e-05,0.00012684460756924633,9.713850933402724e-05,7,920.4759838699271,0.1171875,128
bayesfl_observability_v1,ola_sparse_bayesian_keep010_seed42,145,ola,global,,,layers.0.bias,raw,2,0.00012684460756924633,0.00018625680403968454,0.00015655070580446542,7,920.4759838699268,0.171875,128
bayesfl_observability_v1,ola_sparse_bayesian_keep010_seed42,145,ola,global,,,layers.0.bias,raw,3,0.00018625680403968454,0.0002456690005101227,0.00021596290227490363,4,525.9862764971012,0.203125,128
bayesfl_observability_v1,ola_sparse_bayesian_keep010_seed42,145,ola,global,,,layers.0.bias,raw,4,0.0002456690005101227,0.00030508119698056095,0.00027537509874534183,3,394.4897073728256,0.2265625,128
bayesfl_observability_v1,ola_sparse_bayesian_keep010_seed42,145,ola,global,,,layers.0.bias,raw,5,0.00030508119698056095,0.0003644933934509991,0.00033478729521578,2,262.9931382485506,0.2421875,128
bayesfl_observability_v1,ola_sparse_bayesian_keep010_seed42,145,ola,global,,,layers.0.bias,raw,6,0.0003644933934509991,0.00042390558992143736,0.00039419949168621824,6,788.9794147456512,0.2890625,128
bayesfl_observability_v1,ola_sparse_bayesian_keep010_seed42,145,ola,global,,,layers.0.bias,raw,7,0.00042390558992143736,0.00048331778639187554,0.0004536116881566565,2,262.9931382485506,0.3046875,128
bayesfl_observability_v1,ola_sparse_bayesian_keep010_seed42,145,ola,global,,,layers.0.bias,raw,8,0.00048331778639187554,0.0005427299828623137,0.0005130238846270946,4,525.9862764971012,0.3359375,128
bayesfl_observability_v1,ola_sparse_bayesian_keep010_seed42,145,ola,global,,,layers.0.bias,raw,9,0.0005427299828623137,0.0006021421793327519,0.0005724360810975328,0,0.0,0.3359375,128
bayesfl_observability_v1,ola_sparse_bayesian_keep010_seed42,145,ola,global,,,layers.0.bias,raw,10,0.0006021421793327519,0.0006615543758031902,0.0006318482775679711,2,262.9931382485504,0.3515625,128
bayesfl_observability_v1,ola_sparse_bayesian_keep010_seed42,145,ola,global,,,layers.0.bias,raw,11,0.0006615543758031902,0.0007209665722736283,0.0006912604740384092,4,525.9862764971018,0.3828125,128
bayesfl_observability_v1,ola_sparse_bayesian_keep010_seed42,145,ola,global,,,layers.0.bias,raw,12,0.0007209665722736283,0.0007803787687440665,0.0007506726705088474,0,0.0,0.3828125,128
bayesfl_observability_v1,ola_sparse_bayesian_keep010_seed42,145,ola,global,,,layers.0.bias,raw,13,0.0007803787687440665,0.0008397909652145048,0.0008100848669792856,6,788.9794147456512,0.4296875,128
bayesfl_observability_v1,ola_sparse_bayesian_keep010_seed42,145,ola,global,,,layers.0.bias,raw,14,0.0008397909652145048,0.0008992031616849429,0.0008694970634497239,6,788.9794147456527,0.4765625,128
bayesfl_observability_v1,ola_sparse_bayesian_keep010_seed42,145,ola,global,,,layers.0.bias,raw,15,0.0008992031616849429,0.0009586153581553811,0.000928909259920162,4,525.9862764971008,0.5078125,128
bayesfl_observability_v1,ola_sparse_bayesian_keep010_seed42,145,ola,global,,,layers.0.bias,raw,16,0.0009586153581553811,0.0010180275546258191,0.0009883214563906001,2,262.99313824855136,0.5234375,128
bayesfl_observability_v1,ola_sparse_bayesian_keep010_seed42,145,ola,global,,,layers.0.bias,raw,17,0.0010180275546258191,0.0010774397510962574,0.0010477336528610381,4,525.9862764971008,0.5546875,128
bayesfl_observability_v1,ola_sparse_bayesian_keep010_seed42,145,ola,global,,,layers.0.bias,raw,18,0.0010774397510962574,0.0011368519475666956,0.0011071458493314766,5,657.482845621376,0.59375,128
bayesfl_observability_v1,ola_sparse_bayesian_keep010_seed42,145,ola,global,,,layers.0.bias,raw,19,0.0011368519475666956,0.0011962641440371338,0.0011665580458019146,4,525.9862764971008,0.625,128
bayesfl_observability_v1,ola_sparse_bayesian_keep010_seed42,145,ola,global,,,layers.0.bias,raw,20,0.0011962641440371338,0.001255676340507572,0.001225970242272353,4,525.9862764971008,0.65625,128
bayesfl_observability_v1,ola_sparse_bayesian_keep010_seed42,145,ola,global,,,layers.0.bias,raw,21,0.001255676340507572,0.0013150885369780103,0.001285382438742791,2,262.9931382485504,0.671875,128
bayesfl_observability_v1,ola_sparse_bayesian_keep010_seed42,145,ola,global,,,layers.0.bias,raw,22,0.0013150885369780103,0.0013745007334484483,0.0013447946352132293,1,131.49656912427568,0.6796875,128
bayesfl_observability_v1,ola_sparse_bayesian_keep010_seed42,145,ola,global,,,layers.0.bias,raw,23,0.0013745007334484483,0.0014339129299188865,0.0014042068316836675,3,394.4897073728256,0.703125,128
bayesfl_observability_v1,ola_sparse_bayesian_keep010_seed42,145,ola,global,,,layers.0.bias,raw,24,0.0014339129299188865,0.0014933251263893248,0.0014636190281541056,3,394.4897073728256,0.7265625,128
bayesfl_observability_v1,ola_sparse_bayesian_keep010_seed42,145,ola,global,,,layers.0.bias,raw,25,0.0014933251263893248,0.001552737322859763,0.001523031224624544,3,394.4897073728256,0.75,128
bayesfl_observability_v1,ola_sparse_bayesian_keep010_seed42,145,ola,global,,,layers.0.bias,raw,26,0.001552737322859763,0.0016121495193302012,0.001582443421094982,4,525.9862764971008,0.78125,128
bayesfl_observability_v1,ola_sparse_bayesian_keep010_seed42,145,ola,global,,,layers.0.bias,raw,27,0.0016121495193302012,0.0016715617158006395,0.0016418556175654205,2,262.9931382485504,0.796875,128
bayesfl_observability_v1,ola_sparse_bayesian_keep010_seed42,145,ola,global,,,layers.0.bias,raw,28,0.0016715617158006395,0.0017309739122710775,0.0017012678140358585,0,0.0,0.796875,128
bayesfl_observability_v1,ola_sparse_bayesian_keep010_seed42,145,ola,global,,,layers.0.bias,raw,29,0.0017309739122710775,0.0017903861087415157,0.0017606800105062965,1,131.4965691242752,0.8046875,128
bayesfl_observability_v1,ola_sparse_bayesian_keep010_seed42,145,ola,global,,,layers.0.bias,raw,30,0.0017903861087415157,0.001849798305211954,0.001820092206976735,2,262.9931382485504,0.8203125,128
bayesfl_observability_v1,ola_sparse_bayesian_keep010_seed42,145,ola,global,,,layers.0.bias,raw,31,0.001849798305211954,0.0019092105016823922,0.001879504403447173,1,131.4965691242752,0.828125,128
bayesfl_observability_v1,ola_sparse_bayesian_keep010_seed42,145,ola,global,,,layers.0.bias,raw,32,0.0019092105016823922,0.0019686226981528304,0.0019389165999176114,2,262.9931382485504,0.84375,128
bayesfl_observability_v1,ola_sparse_bayesian_keep010_seed42,145,ola,global,,,layers.0.bias,raw,33,0.0019686226981528304,0.0020280348946232684,0.0019983287963880494,3,394.489707372827,0.8671875,128
bayesfl_observability_v1,ola_sparse_bayesian_keep010_seed42,145,ola,global,,,layers.0.bias,raw,34,0.0020280348946232684,0.002087447091093707,0.002057740992858488,3,394.48970737282417,0.890625,128
bayesfl_observability_v1,ola_sparse_bayesian_keep010_seed42,145,ola,global,,,layers.0.bias,raw,35,0.002087447091093707,0.002146859287564145,0.002117153189328926,1,131.49656912427568,0.8984375,128
bayesfl_observability_v1,ola_sparse_bayesian_keep010_seed42,145,ola,global,,,layers.0.bias,raw,36,0.002146859287564145,0.0022062714840345833,0.002176565385799364,2,262.9931382485494,0.9140625,128
bayesfl_observability_v1,ola_sparse_bayesian_keep010_seed42,145,ola,global,,,layers.0.bias,raw,37,0.0022062714840345833,0.0022656836805050214,0.0022359775822698024,2,262.99313824855136,0.9296875,128
bayesfl_observability_v1,ola_sparse_bayesian_keep010_seed42,145,ola,global,,,layers.0.bias,raw,38,0.0022656836805050214,0.0023250958769754594,0.0022953897787402404,3,394.489707372827,0.953125,128
bayesfl_observability_v1,ola_sparse_bayesian_keep010_seed42,145,ola,global,,,layers.0.bias,raw,39,0.0023250958769754594,0.002384508073445898,0.002354801975210679,1,131.4965691242747,0.9609375,128
bayesfl_observability_v1,ola_sparse_bayesian_keep010_seed42,145,ola,global,,,layers.0.bias,raw,40,0.002384508073445898,0.002443920269916336,0.002414214171681117,0,0.0,0.9609375,128
bayesfl_observability_v1,ola_sparse_bayesian_keep010_seed42,145,ola,global,,,layers.0.bias,raw,41,0.002443920269916336,0.0025033324663867743,0.002473626368151555,0,0.0,0.9609375,128
bayesfl_observability_v1,ola_sparse_bayesian_keep010_seed42,145,ola,global,,,layers.0.bias,raw,42,0.0025033324663867743,0.0025627446628572123,0.0025330385646219933,0,0.0,0.9609375,128
bayesfl_observability_v1,ola_sparse_bayesian_keep010_seed42,145,ola,global,,,layers.0.bias,raw,43,0.0025627446628572123,0.0026221568593276508,0.0025924507610924317,0,0.0,0.9609375,128
bayesfl_observability_v1,ola_sparse_bayesian_keep010_seed42,145,ola,global,,,layers.0.bias,raw,44,0.0026221568593276508,0.0026815690557980888,0.0026518629575628698,3,394.489707372827,0.984375,128
bayesfl_observability_v1,ola_sparse_bayesian_keep010_seed42,145,ola,global,,,layers.0.bias,raw,45,0.0026815690557980888,0.002740981252268527,0.0027112751540333078,1,131.49656912427568,0.9921875,128
bayesfl_observability_v1,ola_sparse_bayesian_keep010_seed42,145,ola,global,,,layers.0.bias,raw,46,0.002740981252268527,0.0028003934487389652,0.002770687350503746,0,0.0,0.9921875,128
bayesfl_observability_v1,ola_sparse_bayesian_keep010_seed42,145,ola,global,,,layers.0.bias,raw,47,0.0028003934487389652,0.0028598056452094033,0.0028300995469741842,0,0.0,0.9921875,128
bayesfl_observability_v1,ola_sparse_bayesian_keep010_seed42,145,ola,global,,,layers.0.bias,raw,48,0.0028598056452094033,0.0029192178416798417,0.0028895117434446227,0,0.0,0.9921875,128
bayesfl_observability_v1,ola_sparse_bayesian_keep010_seed42,145,ola,global,,,layers.0.bias,raw,49,0.0029192178416798417,0.0029786300381502797,0.0029489239399150607,0,0.0,0.9921875,128
bayesfl_observability_v1,ola_sparse_bayesian_keep010_seed42,145,ola,global,,,layers.0.bias,raw,50,0.0029786300381502797,0.003038042234620718,0.0030083361363854987,0,0.0,0.9921875,128
bayesfl_observability_v1,ola_sparse_bayesian_keep010_seed42,145,ola,global,,,layers.0.bias,raw,51,0.003038042234620718,0.003097454431091156,0.003067748332855937,0,0.0,0.9921875,128
bayesfl_observability_v1,ola_sparse_bayesian_keep010_seed42,145,ola,global,,,layers.0.bias,raw,52,0.003097454431091156,0.003156866627561594,0.003127160529326375,0,0.0,0.9921875,128
bayesfl_observability_v1,ola_sparse_bayesian_keep010_seed42,145,ola,global,,,layers.0.bias,raw,53,0.003156866627561594,0.0032162788240320326,0.0031865727257968136,0,0.0,0.9921875,128
bayesfl_observability_v1,ola_sparse_bayesian_keep010_seed42,145,ola,global,,,layers.0.bias,raw,54,0.0032162788240320326,0.0032756910205024707,0.0032459849222672517,0,0.0,0.9921875,128
bayesfl_observability_v1,ola_sparse_bayesian_keep010_seed42,145,ola,global,,,layers.0.bias,raw,55,0.0032756910205024707,0.003335103216972909,0.0033053971187376897,0,0.0,0.9921875,128
bayesfl_observability_v1,ola_sparse_bayesian_keep010_seed42,145,ola,global,,,layers.0.bias,raw,56,0.003335103216972909,0.003394515413443347,0.003364809315208128,0,0.0,0.9921875,128
bayesfl_observability_v1,ola_sparse_bayesian_keep010_seed42,145,ola,global,,,layers.0.bias,raw,57,0.003394515413443347,0.003453927609913785,0.003424221511678566,0,0.0,0.9921875,128
bayesfl_observability_v1,ola_sparse_bayesian_keep010_seed42,145,ola,global,,,layers.0.bias,raw,58,0.003453927609913785,0.0035133398063842236,0.0034836337081490046,0,0.0,0.9921875,128
bayesfl_observability_v1,ola_sparse_bayesian_keep010_seed42,145,ola,global,,,layers.0.bias,raw,59,0.0035133398063842236,0.0035727520028546616,0.0035430459046194426,0,0.0,0.9921875,128
bayesfl_observability_v1,ola_sparse_bayesian_keep010_seed42,145,ola,global,,,layers.0.bias,raw,60,0.0035727520028546616,0.0036321641993251,0.0036024581010898806,0,0.0,0.9921875,128
bayesfl_observability_v1,ola_sparse_bayesian_keep010_seed42,145,ola,global,,,layers.0.bias,raw,61,0.0036321641993251,0.003691576395795538,0.003661870297560319,0,0.0,0.9921875,128
bayesfl_observability_v1,ola_sparse_bayesian_keep010_seed42,145,ola,global,,,layers.0.bias,raw,62,0.003691576395795538,0.0037509885922659765,0.0037212824940307575,0,0.0,0.9921875,128
bayesfl_observability_v1,ola_sparse_bayesian_keep010_seed42,145,ola,global,,,layers.0.bias,raw,63,0.0037509885922659765,0.0038104007887364145,0.0037806946905011955,0,0.0,0.9921875,128
bayesfl_observability_v1,ola_sparse_bayesian_keep010_seed42,145,ola,global,,,layers.0.bias,raw,64,0.0038104007887364145,0.0038698129852068525,0.0038401068869716335,0,0.0,0.9921875,128
bayesfl_observability_v1,ola_sparse_bayesian_keep010_seed42,145,ola,global,,,layers.0.bias,raw,65,0.0038698129852068525,0.003929225181677291,0.0038995190834420716,0,0.0,0.9921875,128
bayesfl_observability_v1,ola_sparse_bayesian_keep010_seed42,145,ola,global,,,layers.0.bias,raw,66,0.003929225181677291,0.003988637378147729,0.0039589312799125104,0,0.0,0.9921875,128
bayesfl_observability_v1,ola_sparse_bayesian_keep010_seed42,145,ola,global,,,layers.0.bias,raw,67,0.003988637378147729,0.004048049574618167,0.004018343476382948,0,0.0,0.9921875,128
bayesfl_observability_v1,ola_sparse_bayesian_keep010_seed42,145,ola,global,,,layers.0.bias,raw,68,0.004048049574618167,0.004107461771088606,0.0040777556728533865,0,0.0,0.9921875,128
bayesfl_observability_v1,ola_sparse_bayesian_keep010_seed42,145,ola,global,,,layers.0.bias,raw,69,0.004107461771088606,0.004166873967559044,0.004137167869323825,0,0.0,0.9921875,128
bayesfl_observability_v1,ola_sparse_bayesian_keep010_seed42,145,ola,global,,,layers.0.bias,raw,70,0.004166873967559044,0.004226286164029482,0.0041965800657942625,0,0.0,0.9921875,128
bayesfl_observability_v1,ola_sparse_bayesian_keep010_seed42,145,ola,global,,,layers.0.bias,raw,71,0.004226286164029482,0.00428569836049992,0.004255992262264701,0,0.0,0.9921875,128
bayesfl_observability_v1,ola_sparse_bayesian_keep010_seed42,145,ola,global,,,layers.0.bias,raw,72,0.00428569836049992,0.004345110556970358,0.0043154044587351385,0,0.0,0.9921875,128
bayesfl_observability_v1,ola_sparse_bayesian_keep010_seed42,145,ola,global,,,layers.0.bias,raw,73,0.004345110556970358,0.004404522753440797,0.004374816655205577,0,0.0,0.9921875,128
bayesfl_observability_v1,ola_sparse_bayesian_keep010_seed42,145,ola,global,,,layers.0.bias,raw,74,0.004404522753440797,0.004463934949911235,0.004434228851676016,0,0.0,0.9921875,128
bayesfl_observability_v1,ola_sparse_bayesian_keep010_seed42,145,ola,global,,,layers.0.bias,raw,75,0.004463934949911235,0.004523347146381673,0.0044936410481464534,0,0.0,0.9921875,128
bayesfl_observability_v1,ola_sparse_bayesian_keep010_seed42,145,ola,global,,,layers.0.bias,raw,76,0.004523347146381673,0.004582759342852111,0.004553053244616892,0,0.0,0.9921875,128
bayesfl_observability_v1,ola_sparse_bayesian_keep010_seed42,145,ola,global,,,layers.0.bias,raw,77,0.004582759342852111,0.004642171539322549,0.0046124654410873295,0,0.0,0.9921875,128
bayesfl_observability_v1,ola_sparse_bayesian_keep010_seed42,145,ola,global,,,layers.0.bias,raw,78,0.004642171539322549,0.004701583735792988,0.004671877637557768,0,0.0,0.9921875,128
bayesfl_observability_v1,ola_sparse_bayesian_keep010_seed42,145,ola,global,,,layers.0.bias,raw,79,0.004701583735792988,0.004760995932263426,0.004731289834028207,1,131.49656912427568,1.0,128
bayesfl_observability_v1,ola_sparse_bayesian_keep010_seed42,145,ola,global,,,layers.0.bias,db,0,-101.91627910575731,-101.22290116430784,-101.56959013503257,1,0.01126730392326642,0.0078125,128
bayesfl_observability_v1,ola_sparse_bayesian_keep010_seed42,145,ola,global,,,layers.0.bias,db,1,-101.22290116430784,-100.52952322285837,-100.87621219358311,0,0.0,0.0078125,128
bayesfl_observability_v1,ola_sparse_bayesian_keep010_seed42,145,ola,global,,,layers.0.bias,db,2,-100.52952322285837,-99.8361452814089,-100.18283425213363,0,0.0,0.0078125,128
bayesfl_observability_v1,ola_sparse_bayesian_keep010_seed42,145,ola,global,,,layers.0.bias,db,3,-99.8361452814089,-99.14276733995943,-99.48945631068418,1,0.01126730392326642,0.015625,128
bayesfl_observability_v1,ola_sparse_bayesian_keep010_seed42,145,ola,global,,,layers.0.bias,db,4,-99.14276733995943,-98.44938939850998,-98.7960783692347,0,0.0,0.015625,128
bayesfl_observability_v1,ola_sparse_bayesian_keep010_seed42,145,ola,global,,,layers.0.bias,db,5,-98.44938939850998,-97.75601145706051,-98.10270042778524,0,0.0,0.015625,128
bayesfl_observability_v1,ola_sparse_bayesian_keep010_seed42,145,ola,global,,,layers.0.bias,db,6,-97.75601145706051,-97.06263351561104,-97.40932248633578,0,0.0,0.015625,128
bayesfl_observability_v1,ola_sparse_bayesian_keep010_seed42,145,ola,global,,,layers.0.bias,db,7,-97.06263351561104,-96.36925557416157,-96.7159445448863,0,0.0,0.015625,128
bayesfl_observability_v1,ola_sparse_bayesian_keep010_seed42,145,ola,global,,,layers.0.bias,db,8,-96.36925557416157,-95.6758776327121,-96.02256660343684,0,0.0,0.015625,128
bayesfl_observability_v1,ola_sparse_bayesian_keep010_seed42,145,ola,global,,,layers.0.bias,db,9,-95.6758776327121,-94.98249969126263,-95.32918866198736,0,0.0,0.015625,128
bayesfl_observability_v1,ola_sparse_bayesian_keep010_seed42,145,ola,global,,,layers.0.bias,db,10,-94.98249969126263,-94.28912174981316,-94.6358107205379,1,0.01126730392326642,0.0234375,128
bayesfl_observability_v1,ola_sparse_bayesian_keep010_seed42,145,ola,global,,,layers.0.bias,db,11,-94.28912174981316,-93.5957438083637,-93.94243277908842,0,0.0,0.0234375,128
bayesfl_observability_v1,ola_sparse_bayesian_keep010_seed42,145,ola,global,,,layers.0.bias,db,12,-93.5957438083637,-92.90236586691422,-93.24905483763897,0,0.0,0.0234375,128
bayesfl_observability_v1,ola_sparse_bayesian_keep010_seed42,145,ola,global,,,layers.0.bias,db,13,-92.90236586691422,-92.20898792546475,-92.55567689618948,1,0.01126730392326642,0.03125,128
bayesfl_observability_v1,ola_sparse_bayesian_keep010_seed42,145,ola,global,,,layers.0.bias,db,14,-92.20898792546475,-91.5156099840153,-91.86229895474003,0,0.0,0.03125,128
bayesfl_observability_v1,ola_sparse_bayesian_keep010_seed42,145,ola,global,,,layers.0.bias,db,15,-91.5156099840153,-90.82223204256583,-91.16892101329057,0,0.0,0.03125,128
bayesfl_observability_v1,ola_sparse_bayesian_keep010_seed42,145,ola,global,,,layers.0.bias,db,16,-90.82223204256583,-90.12885410111636,-90.47554307184109,0,0.0,0.03125,128
bayesfl_observability_v1,ola_sparse_bayesian_keep010_seed42,145,ola,global,,,layers.0.bias,db,17,-90.12885410111636,-89.43547615966689,-89.78216513039163,0,0.0,0.03125,128
bayesfl_observability_v1,ola_sparse_bayesian_keep010_seed42,145,ola,global,,,layers.0.bias,db,18,-89.43547615966689,-88.74209821821742,-89.08878718894215,0,0.0,0.03125,128
bayesfl_observability_v1,ola_sparse_bayesian_keep010_seed42,145,ola,global,,,layers.0.bias,db,19,-88.74209821821742,-88.04872027676795,-88.3954092474927,0,0.0,0.03125,128
bayesfl_observability_v1,ola_sparse_bayesian_keep010_seed42,145,ola,global,,,layers.0.bias,db,20,-88.04872027676795,-87.35534233531848,-87.70203130604321,0,0.0,0.03125,128
bayesfl_observability_v1,ola_sparse_bayesian_keep010_seed42,145,ola,global,,,layers.0.bias,db,21,-87.35534233531848,-86.66196439386901,-87.00865336459375,0,0.0,0.03125,128
bayesfl_observability_v1,ola_sparse_bayesian_keep010_seed42,145,ola,global,,,layers.0.bias,db,22,-86.66196439386901,-85.96858645241954,-86.31527542314427,3,0.033801911769799256,0.0546875,128
bayesfl_observability_v1,ola_sparse_bayesian_keep010_seed42,145,ola,global,,,layers.0.bias,db,23,-85.96858645241954,-85.27520851097009,-85.62189748169482,0,0.0,0.0546875,128
bayesfl_observability_v1,ola_sparse_bayesian_keep010_seed42,145,ola,global,,,layers.0.bias,db,24,-85.27520851097009,-84.58183056952062,-84.92851954024536,1,0.01126730392326642,0.0625,128
bayesfl_observability_v1,ola_sparse_bayesian_keep010_seed42,145,ola,global,,,layers.0.bias,db,25,-84.58183056952062,-83.88845262807115,-84.23514159879588,0,0.0,0.0625,128
bayesfl_observability_v1,ola_sparse_bayesian_keep010_seed42,145,ola,global,,,layers.0.bias,db,26,-83.88845262807115,-83.19507468662168,-83.54176365734642,0,0.0,0.0625,128
bayesfl_observability_v1,ola_sparse_bayesian_keep010_seed42,145,ola,global,,,layers.0.bias,db,27,-83.19507468662168,-82.50169674517221,-82.84838571589694,0,0.0,0.0625,128
bayesfl_observability_v1,ola_sparse_bayesian_keep010_seed42,145,ola,global,,,layers.0.bias,db,28,-82.50169674517221,-81.80831880372274,-82.15500777444748,0,0.0,0.0625,128
bayesfl_observability_v1,ola_sparse_bayesian_keep010_seed42,145,ola,global,,,layers.0.bias,db,29,-81.80831880372274,-81.11494086227327,-81.461629832998,1,0.01126730392326642,0.0703125,128
bayesfl_observability_v1,ola_sparse_bayesian_keep010_seed42,145,ola,global,,,layers.0.bias,db,30,-81.11494086227327,-80.42156292082382,-80.76825189154854,3,0.03380191176979995,0.09375,128
bayesfl_observability_v1,ola_sparse_bayesian_keep010_seed42,145,ola,global,,,layers.0.bias,db,31,-80.42156292082382,-79.72818497937433,-80.07487395009908,0,0.0,0.09375,128
bayesfl_observability_v1,ola_sparse_bayesian_keep010_seed42,145,ola,global,,,layers.0.bias,db,32,-79.72818497937433,-79.03480703792488,-79.3814960086496,1,0.01126730392326665,0.1015625,128
bayesfl_observability_v1,ola_sparse_bayesian_keep010_seed42,145,ola,global,,,layers.0.bias,db,33,-79.03480703792488,-78.34142909647541,-78.68811806720015,2,0.02253460784653284,0.1171875,128
bayesfl_observability_v1,ola_sparse_bayesian_keep010_seed42,145,ola,global,,,layers.0.bias,db,34,-78.34142909647541,-77.64805115502594,-77.99474012575067,0,0.0,0.1171875,128
bayesfl_observability_v1,ola_sparse_bayesian_keep010_seed42,145,ola,global,,,layers.0.bias,db,35,-77.64805115502594,-76.95467321357647,-77.30136218430121,2,0.02253460784653284,0.1328125,128
bayesfl_observability_v1,ola_sparse_bayesian_keep010_seed42,145,ola,global,,,layers.0.bias,db,36,-76.95467321357647,-76.261295272127,-76.60798424285173,1,0.01126730392326642,0.140625,128
bayesfl_observability_v1,ola_sparse_bayesian_keep010_seed42,145,ola,global,,,layers.0.bias,db,37,-76.261295272127,-75.56791733067753,-75.91460630140227,2,0.02253460784653284,0.15625,128
bayesfl_observability_v1,ola_sparse_bayesian_keep010_seed42,145,ola,global,,,layers.0.bias,db,38,-75.56791733067753,-74.87453938922806,-75.22122835995279,2,0.02253460784653284,0.171875,128
bayesfl_observability_v1,ola_sparse_bayesian_keep010_seed42,145,ola,global,,,layers.0.bias,db,39,-74.87453938922806,-74.1811614477786,-74.52785041850333,1,0.01126730392326665,0.1796875,128
bayesfl_observability_v1,ola_sparse_bayesian_keep010_seed42,145,ola,global,,,layers.0.bias,db,40,-74.1811614477786,-73.48778350632912,-73.83447247705386,2,0.022534607846532377,0.1953125,128
bayesfl_observability_v1,ola_sparse_bayesian_keep010_seed42,145,ola,global,,,layers.0.bias,db,41,-73.48778350632912,-72.79440556487967,-73.1410945356044,1,0.01126730392326665,0.203125,128
bayesfl_observability_v1,ola_sparse_bayesian_keep010_seed42,145,ola,global,,,layers.0.bias,db,42,-72.79440556487967,-72.1010276234302,-72.44771659415494,0,0.0,0.203125,128
bayesfl_observability_v1,ola_sparse_bayesian_keep010_seed42,145,ola,global,,,layers.0.bias,db,43,-72.1010276234302,-71.40764968198073,-71.75433865270546,2,0.02253460784653284,0.21875,128
bayesfl_observability_v1,ola_sparse_bayesian_keep010_seed42,145,ola,global,,,layers.0.bias,db,44,-71.40764968198073,-70.71427174053126,-71.060960711256,0,0.0,0.21875,128
bayesfl_observability_v1,ola_sparse_bayesian_keep010_seed42,145,ola,global,,,layers.0.bias,db,45,-70.71427174053126,-70.02089379908179,-70.36758276980652,1,0.01126730392326642,0.2265625,128
bayesfl_observability_v1,ola_sparse_bayesian_keep010_seed42,145,ola,global,,,layers.0.bias,db,46,-70.02089379908179,-69.32751585763232,-69.67420482835706,0,0.0,0.2265625,128
bayesfl_observability_v1,ola_sparse_bayesian_keep010_seed42,145,ola,global,,,layers.0.bias,db,47,-69.32751585763232,-68.63413791618285,-68.98082688690758,2,0.02253460784653284,0.2421875,128
bayesfl_observability_v1,ola_sparse_bayesian_keep010_seed42,145,ola,global,,,layers.0.bias,db,48,-68.63413791618285,-67.9407599747334,-68.28744894545812,3,0.03380191176979995,0.265625,128
bayesfl_observability_v1,ola_sparse_bayesian_keep010_seed42,145,ola,global,,,layers.0.bias,db,49,-67.9407599747334,-67.24738203328391,-67.59407100400865,4,0.045069215693064754,0.296875,128
bayesfl_observability_v1,ola_sparse_bayesian_keep010_seed42,145,ola,global,,,layers.0.bias,db,50,-67.24738203328391,-66.55400409183446,-66.90069306255918,1,0.01126730392326665,0.3046875,128
bayesfl_observability_v1,ola_sparse_bayesian_keep010_seed42,145,ola,global,,,layers.0.bias,db,51,-66.55400409183446,-65.86062615038497,-66.20731512110972,1,0.011267303923266189,0.3125,128
bayesfl_observability_v1,ola_sparse_bayesian_keep010_seed42,145,ola,global,,,layers.0.bias,db,52,-65.86062615038497,-65.16724820893552,-65.51393717966025,3,0.03380191176979995,0.3359375,128
bayesfl_observability_v1,ola_sparse_bayesian_keep010_seed42,145,ola,global,,,layers.0.bias,db,53,-65.16724820893552,-64.47387026748605,-64.82055923821079,0,0.0,0.3359375,128
bayesfl_observability_v1,ola_sparse_bayesian_keep010_seed42,145,ola,global,,,layers.0.bias,db,54,-64.47387026748605,-63.78049232603658,-64.12718129676131,2,0.02253460784653284,0.3515625,128
bayesfl_observability_v1,ola_sparse_bayesian_keep010_seed42,145,ola,global,,,layers.0.bias,db,55,-63.78049232603658,-63.08711438458711,-63.433803355311845,2,0.02253460784653284,0.3671875,128
bayesfl_observability_v1,ola_sparse_bayesian_keep010_seed42,145,ola,global,,,layers.0.bias,db,56,-63.08711438458711,-62.39373644313764,-62.740425413862376,2,0.02253460784653284,0.3828125,128
bayesfl_observability_v1,ola_sparse_bayesian_keep010_seed42,145,ola,global,,,layers.0.bias,db,57,-62.39373644313764,-61.70035850168818,-62.04704747241291,4,0.045069215693066135,0.4140625,128
bayesfl_observability_v1,ola_sparse_bayesian_keep010_seed42,145,ola,global,,,layers.0.bias,db,58,-61.70035850168818,-61.00698056023871,-61.353669530963444,7,0.07887112746286494,0.46875,128
bayesfl_observability_v1,ola_sparse_bayesian_keep010_seed42,145,ola,global,,,layers.0.bias,db,59,-61.00698056023871,-60.31360261878924,-60.660291589513974,5,0.0563365196163321,0.5078125,128
bayesfl_observability_v1,ola_sparse_bayesian_keep010_seed42,145,ola,global,,,layers.0.bias,db,60,-60.31360261878924,-59.62022467733977,-59.966913648064505,5,0.0563365196163321,0.546875,128
bayesfl_observability_v1,ola_sparse_bayesian_keep010_seed42,145,ola,global,,,layers.0.bias,db,61,-59.62022467733977,-58.92684673589031,-59.273535706615036,6,0.0676038235395992,0.59375,128
bayesfl_observability_v1,ola_sparse_bayesian_keep010_seed42,145,ola,global,,,layers.0.bias,db,62,-58.92684673589031,-58.23346879444084,-58.58015776516557,5,0.0563365196163321,0.6328125,128
bayesfl_observability_v1,ola_sparse_bayesian_keep010_seed42,145,ola,global,,,layers.0.bias,db,63,-58.23346879444084,-57.54009085299137,-57.886779823716104,5,0.0563365196163321,0.671875,128
bayesfl_observability_v1,ola_sparse_bayesian_keep010_seed42,145,ola,global,,,layers.0.bias,db,64,-57.54009085299137,-56.8467129115419,-57.193401882266635,5,0.0563365196163321,0.7109375,128
bayesfl_observability_v1,ola_sparse_bayesian_keep010_seed42,145,ola,global,,,layers.0.bias,db,65,-56.8467129115419,-56.15333497009243,-56.500023940817165,5,0.0563365196163321,0.75,128
bayesfl_observability_v1,ola_sparse_bayesian_keep010_seed42,145,ola,global,,,layers.0.bias,db,66,-56.15333497009243,-55.45995702864297,-55.8066459993677,6,0.0676038235395992,0.796875,128
bayesfl_observability_v1,ola_sparse_bayesian_keep010_seed42,145,ola,global,,,layers.0.bias,db,67,-55.45995702864297,-54.7665790871935,-55.11326805791823,1,0.01126730392326642,0.8046875,128
bayesfl_observability_v1,ola_sparse_bayesian_keep010_seed42,145,ola,global,,,layers.0.bias,db,68,-54.7665790871935,-54.07320114574403,-54.419890116468764,5,0.0563365196163321,0.84375,128
bayesfl_observability_v1,ola_sparse_bayesian_keep010_seed42,145,ola,global,,,layers.0.bias,db,69,-54.07320114574403,-53.37982320429456,-53.726512175019295,7,0.07887112746286494,0.8984375,128
bayesfl_observability_v1,ola_sparse_bayesian_keep010_seed42,145,ola,global,,,layers.0.bias,db,70,-53.37982320429456,-52.6864452628451,-53.033134233569825,6,0.0676038235395992,0.9453125,128
bayesfl_observability_v1,ola_sparse_bayesian_keep010_seed42,145,ola,global,,,layers.0.bias,db,71,-52.6864452628451,-51.99306732139563,-52.33975629212036,2,0.02253460784653284,0.9609375,128
bayesfl_observability_v1,ola_sparse_bayesian_keep010_seed42,145,ola,global,,,layers.0.bias,db,72,-51.99306732139563,-51.29968937994616,-51.646378350670894,4,0.04506921569306568,0.9921875,128
bayesfl_observability_v1,ola_sparse_bayesian_keep010_seed42,145,ola,global,,,layers.0.bias,db,73,-51.29968937994616,-50.60631143849669,-50.953000409221424,0,0.0,0.9921875,128
bayesfl_observability_v1,ola_sparse_bayesian_keep010_seed42,145,ola,global,,,layers.0.bias,db,74,-50.60631143849669,-49.91293349704722,-50.259622467771955,0,0.0,0.9921875,128
bayesfl_observability_v1,ola_sparse_bayesian_keep010_seed42,145,ola,global,,,layers.0.bias,db,75,-49.91293349704722,-49.21955555559776,-49.56624452632249,0,0.0,0.9921875,128
bayesfl_observability_v1,ola_sparse_bayesian_keep010_seed42,145,ola,global,,,layers.0.bias,db,76,-49.21955555559776,-48.52617761414829,-48.87286658487302,0,0.0,0.9921875,128
bayesfl_observability_v1,ola_sparse_bayesian_keep010_seed42,145,ola,global,,,layers.0.bias,db,77,-48.52617761414829,-47.83279967269882,-48.179488643423554,0,0.0,0.9921875,128
bayesfl_observability_v1,ola_sparse_bayesian_keep010_seed42,145,ola,global,,,layers.0.bias,db,78,-47.83279967269882,-47.13942173124935,-47.486110701974084,0,0.0,0.9921875,128
bayesfl_observability_v1,ola_sparse_bayesian_keep010_seed42,145,ola,global,,,layers.0.bias,db,79,-47.13942173124935,-46.44604378979989,-46.792732760524615,1,0.011267303923266534,1.0,128
bayesfl_observability_v1,ola_sparse_bayesian_keep010_seed42,145,ola,global,,,layers.1.weight,raw,0,4.946191932552174e-06,0.0013241699905429478,0.00066455809123775,161,95.34489154341489,0.12578125,1280
bayesfl_observability_v1,ola_sparse_bayesian_keep010_seed42,145,ola,global,,,layers.1.weight,raw,1,0.0013241699905429478,0.0026433937891533438,0.0019837818898481457,163,96.52930013401631,0.253125,1280
bayesfl_observability_v1,ola_sparse_bayesian_keep010_seed42,145,ola,global,,,layers.1.weight,raw,2,0.0026433937891533438,0.003962617587763739,0.0033030056884585414,136,80.53978416089711,0.359375,1280
bayesfl_observability_v1,ola_sparse_bayesian_keep010_seed42,145,ola,global,,,layers.1.weight,raw,3,0.003962617587763739,0.005281841386374135,0.004622229487068937,142,84.0930099327013,0.4703125,1280
bayesfl_observability_v1,ola_sparse_bayesian_keep010_seed42,145,ola,global,,,layers.1.weight,raw,4,0.005281841386374135,0.006601065184984531,0.005941453285679333,120,71.06451543608561,0.5640625,1280
bayesfl_observability_v1,ola_sparse_bayesian_keep010_seed42,145,ola,global,,,layers.1.weight,raw,5,0.006601065184984531,0.007920288983594925,0.007260677084289728,75,44.41532214755357,0.62265625,1280
bayesfl_observability_v1,ola_sparse_bayesian_keep010_seed42,145,ola,global,,,layers.1.weight,raw,6,0.007920288983594925,0.009239512782205321,0.008579900882900122,83,49.15295650995922,0.6875,1280
bayesfl_observability_v1,ola_sparse_bayesian_keep010_seed42,145,ola,global,,,layers.1.weight,raw,7,0.009239512782205321,0.010558736580815718,0.00989912468151052,65,38.493279194546375,0.73828125,1280
bayesfl_observability_v1,ola_sparse_bayesian_keep010_seed42,145,ola,global,,,layers.1.weight,raw,8,0.010558736580815718,0.011877960379426114,0.011218348480120915,53,31.386827650937814,0.7796875,1280
bayesfl_observability_v1,ola_sparse_bayesian_keep010_seed42,145,ola,global,,,layers.1.weight,raw,9,0.011877960379426114,0.01319718417803651,0.012537572278731313,35,20.72715033552497,0.80703125,1280
bayesfl_observability_v1,ola_sparse_bayesian_keep010_seed42,145,ola,global,,,layers.1.weight,raw,10,0.01319718417803651,0.014516407976646904,0.013856796077341707,42,24.87258040263,0.83984375,1280
bayesfl_observability_v1,ola_sparse_bayesian_keep010_seed42,145,ola,global,,,layers.1.weight,raw,11,0.014516407976646904,0.0158356317752573,0.015176019875952101,19,11.251881610713571,0.8546875,1280
bayesfl_observability_v1,ola_sparse_bayesian_keep010_seed42,145,ola,global,,,layers.1.weight,raw,12,0.0158356317752573,0.017154855573867697,0.016495243674562496,24,14.212903087217105,0.8734375,1280
bayesfl_observability_v1,ola_sparse_bayesian_keep010_seed42,145,ola,global,,,layers.1.weight,raw,13,0.017154855573867697,0.01847407937247809,0.017814467473172894,25,14.805107382517857,0.89296875,1280
bayesfl_observability_v1,ola_sparse_bayesian_keep010_seed42,145,ola,global,,,layers.1.weight,raw,14,0.01847407937247809,0.01979330317108849,0.01913369127178329,23,13.620698791916393,0.9109375,1280
bayesfl_observability_v1,ola_sparse_bayesian_keep010_seed42,145,ola,global,,,layers.1.weight,raw,15,0.01979330317108849,0.021112526969698883,0.020452915070393686,13,7.698655838909286,0.92109375,1280
bayesfl_observability_v1,ola_sparse_bayesian_keep010_seed42,145,ola,global,,,layers.1.weight,raw,16,0.021112526969698883,0.022431750768309278,0.02177213886900408,10,5.922042953007143,0.92890625,1280
bayesfl_observability_v1,ola_sparse_bayesian_keep010_seed42,145,ola,global,,,layers.1.weight,raw,17,0.022431750768309278,0.023750974566919675,0.023091362667614475,5,2.9610214765035634,0.9328125,1280
bayesfl_observability_v1,ola_sparse_bayesian_keep010_seed42,145,ola,global,,,layers.1.weight,raw,18,0.023750974566919675,0.02507019836553007,0.024410586466224873,8,4.737634362405714,0.9390625,1280
bayesfl_observability_v1,ola_sparse_bayesian_keep010_seed42,145,ola,global,,,layers.1.weight,raw,19,0.02507019836553007,0.026389422164140468,0.02572981026483527,12,7.106451543608553,0.9484375,1280
bayesfl_observability_v1,ola_sparse_bayesian_keep010_seed42,145,ola,global,,,layers.1.weight,raw,20,0.026389422164140468,0.027708645962750862,0.027049034063445665,5,2.9610214765035714,0.95234375,1280
bayesfl_observability_v1,ola_sparse_bayesian_keep010_seed42,145,ola,global,,,layers.1.weight,raw,21,0.027708645962750862,0.029027869761361257,0.02836825786205606,4,2.368817181202857,0.95546875,1280
bayesfl_observability_v1,ola_sparse_bayesian_keep010_seed42,145,ola,global,,,layers.1.weight,raw,22,0.029027869761361257,0.030347093559971654,0.029687481660666454,10,5.922042953007127,0.96328125,1280
bayesfl_observability_v1,ola_sparse_bayesian_keep010_seed42,145,ola,global,,,layers.1.weight,raw,23,0.030347093559971654,0.031666317358582045,0.031006705459276848,2,1.1844085906014317,0.96484375,1280
bayesfl_observability_v1,ola_sparse_bayesian_keep010_seed42,145,ola,global,,,layers.1.weight,raw,24,0.031666317358582045,0.03298554115719245,0.03232592925788724,3,1.7766128859021335,0.9671875,1280
bayesfl_observability_v1,ola_sparse_bayesian_keep010_seed42,145,ola,global,,,layers.1.weight,raw,25,0.03298554115719245,0.03430476495580284,0.033645153056497644,4,2.368817181202857,0.9703125,1280
bayesfl_observability_v1,ola_sparse_bayesian_keep010_seed42,145,ola,global,,,layers.1.weight,raw,26,0.03430476495580284,0.035623988754413236,0.03496437685510804,5,2.9610214765035714,0.97421875,1280
bayesfl_observability_v1,ola_sparse_bayesian_keep010_seed42,145,ola,global,,,layers.1.weight,raw,27,0.035623988754413236,0.03694321255302363,0.03628360065371843,4,2.368817181202857,0.97734375,1280
bayesfl_observability_v1,ola_sparse_bayesian_keep010_seed42,145,ola,global,,,layers.1.weight,raw,28,0.03694321255302363,0.038262436351634024,0.03760282445232883,3,1.7766128859021428,0.9796875,1280
bayesfl_observability_v1,ola_sparse_bayesian_keep010_seed42,145,ola,global,,,layers.1.weight,raw,29,0.038262436351634024,0.039581660150244426,0.03892204825093923,3,1.7766128859021335,0.98203125,1280
bayesfl_observability_v1,ola_sparse_bayesian_keep010_seed42,145,ola,global,,,layers.1.weight,raw,30,0.039581660150244426,0.04090088394885482,0.04024127204954962,1,0.5922042953007143,0.9828125,1280
bayesfl_observability_v1,ola_sparse_bayesian_keep010_seed42,145,ola,global,,,layers.1.weight,raw,31,0.04090088394885482,0.042220107747465214,0.04156049584816002,2,1.1844085906014286,0.984375,1280
bayesfl_observability_v1,ola_sparse_bayesian_keep010_seed42,145,ola,global,,,layers.1.weight,raw,32,0.042220107747465214,0.04353933154607561,0.04287971964677041,1,0.5922042953007143,0.98515625,1280
bayesfl_observability_v1,ola_sparse_bayesian_keep010_seed42,145,ola,global,,,layers.1.weight,raw,33,0.04353933154607561,0.044858555344686,0.044198943445380806,0,0.0,0.98515625,1280
bayesfl_observability_v1,ola_sparse_bayesian_keep010_seed42,145,ola,global,,,layers.1.weight,raw,34,0.044858555344686,0.046177779143296405,0.0455181672439912,0,0.0,0.98515625,1280
bayesfl_observability_v1,ola_sparse_bayesian_keep010_seed42,145,ola,global,,,layers.1.weight,raw,35,0.046177779143296405,0.0474970029419068,0.0468373910426016,2,1.1844085906014286,0.98671875,1280
bayesfl_observability_v1,ola_sparse_bayesian_keep010_seed42,145,ola,global,,,layers.1.weight,raw,36,0.0474970029419068,0.04881622674051719,0.048156614841211996,2,1.1844085906014286,0.98828125,1280
bayesfl_observability_v1,ola_sparse_bayesian_keep010_seed42,145,ola,global,,,layers.1.weight,raw,37,0.04881622674051719,0.05013545053912759,0.04947583863982239,0,0.0,0.98828125,1280
bayesfl_observability_v1,ola_sparse_bayesian_keep010_seed42,145,ola,global,,,layers.1.weight,raw,38,0.05013545053912759,0.05145467433773798,0.050795062438432785,1,0.5922042953007143,0.9890625,1280
bayesfl_observability_v1,ola_sparse_bayesian_keep010_seed42,145,ola,global,,,layers.1.weight,raw,39,0.05145467433773798,0.052773898136348384,0.052114286237043186,1,0.5922042953007112,0.98984375,1280
bayesfl_observability_v1,ola_sparse_bayesian_keep010_seed42,145,ola,global,,,layers.1.weight,raw,40,0.052773898136348384,0.05409312193495878,0.05343351003565358,0,0.0,0.98984375,1280
bayesfl_observability_v1,ola_sparse_bayesian_keep010_seed42,145,ola,global,,,layers.1.weight,raw,41,0.05409312193495878,0.05541234573356917,0.054752733834263975,2,1.1844085906014286,0.99140625,1280
bayesfl_observability_v1,ola_sparse_bayesian_keep010_seed42,145,ola,global,,,layers.1.weight,raw,42,0.05541234573356917,0.05673156953217957,0.05607195763287437,1,0.5922042953007143,0.9921875,1280
bayesfl_observability_v1,ola_sparse_bayesian_keep010_seed42,145,ola,global,,,layers.1.weight,raw,43,0.05673156953217957,0.05805079333078996,0.057391181431484764,0,0.0,0.9921875,1280
bayesfl_observability_v1,ola_sparse_bayesian_keep010_seed42,145,ola,global,,,layers.1.weight,raw,44,0.05805079333078996,0.059370017129400356,0.05871040523009516,0,0.0,0.9921875,1280
bayesfl_observability_v1,ola_sparse_bayesian_keep010_seed42,145,ola,global,,,layers.1.weight,raw,45,0.059370017129400356,0.06068924092801076,0.06002962902870555,2,1.1844085906014223,0.99375,1280
bayesfl_observability_v1,ola_sparse_bayesian_keep010_seed42,145,ola,global,,,layers.1.weight,raw,46,0.06068924092801076,0.06200846472662115,0.061348852827315954,0,0.0,0.99375,1280
bayesfl_observability_v1,ola_sparse_bayesian_keep010_seed42,145,ola,global,,,layers.1.weight,raw,47,0.06200846472662115,0.06332768852523155,0.06266807662592636,2,1.1844085906014286,0.9953125,1280
bayesfl_observability_v1,ola_sparse_bayesian_keep010_seed42,145,ola,global,,,layers.1.weight,raw,48,0.06332768852523155,0.06464691232384195,0.06398730042453675,2,1.1844085906014161,0.996875,1280
bayesfl_observability_v1,ola_sparse_bayesian_keep010_seed42,145,ola,global,,,layers.1.weight,raw,49,0.06464691232384195,0.06596613612245235,0.06530652422314714,0,0.0,0.996875,1280
bayesfl_observability_v1,ola_sparse_bayesian_keep010_seed42,145,ola,global,,,layers.1.weight,raw,50,0.06596613612245235,0.06728535992106274,0.06662574802175755,0,0.0,0.996875,1280
bayesfl_observability_v1,ola_sparse_bayesian_keep010_seed42,145,ola,global,,,layers.1.weight,raw,51,0.06728535992106274,0.06860458371967314,0.06794497182036793,1,0.5922042953007143,0.99765625,1280
bayesfl_observability_v1,ola_sparse_bayesian_keep010_seed42,145,ola,global,,,layers.1.weight,raw,52,0.06860458371967314,0.06992380751828353,0.06926419561897834,0,0.0,0.99765625,1280
bayesfl_observability_v1,ola_sparse_bayesian_keep010_seed42,145,ola,global,,,layers.1.weight,raw,53,0.06992380751828353,0.07124303131689393,0.07058341941758872,0,0.0,0.99765625,1280
bayesfl_observability_v1,ola_sparse_bayesian_keep010_seed42,145,ola,global,,,layers.1.weight,raw,54,0.07124303131689393,0.07256225511550432,0.07190264321619913,0,0.0,0.99765625,1280
bayesfl_observability_v1,ola_sparse_bayesian_keep010_seed42,145,ola,global,,,layers.1.weight,raw,55,0.07256225511550432,0.07388147891411471,0.07322186701480951,1,0.5922042953007143,0.9984375,1280
bayesfl_observability_v1,ola_sparse_bayesian_keep010_seed42,145,ola,global,,,layers.1.weight,raw,56,0.07388147891411471,0.07520070271272511,0.07454109081341992,0,0.0,0.9984375,1280
bayesfl_observability_v1,ola_sparse_bayesian_keep010_seed42,145,ola,global,,,layers.1.weight,raw,57,0.07520070271272511,0.0765199265113355,0.0758603146120303,0,0.0,0.9984375,1280
bayesfl_observability_v1,ola_sparse_bayesian_keep010_seed42,145,ola,global,,,layers.1.weight,raw,58,0.0765199265113355,0.07783915030994591,0.07717953841064071,0,0.0,0.9984375,1280
bayesfl_observability_v1,ola_sparse_bayesian_keep010_seed42,145,ola,global,,,layers.1.weight,raw,59,0.07783915030994591,0.0791583741085563,0.07849876220925112,0,0.0,0.9984375,1280
bayesfl_observability_v1,ola_sparse_bayesian_keep010_seed42,145,ola,global,,,layers.1.weight,raw,60,0.0791583741085563,0.0804775979071667,0.0798179860078615,0,0.0,0.9984375,1280
bayesfl_observability_v1,ola_sparse_bayesian_keep010_seed42,145,ola,global,,,layers.1.weight,raw,61,0.0804775979071667,0.0817968217057771,0.0811372098064719,0,0.0,0.9984375,1280
bayesfl_observability_v1,ola_sparse_bayesian_keep010_seed42,145,ola,global,,,layers.1.weight,raw,62,0.0817968217057771,0.08311604550438749,0.08245643360508229,0,0.0,0.9984375,1280
bayesfl_observability_v1,ola_sparse_bayesian_keep010_seed42,145,ola,global,,,layers.1.weight,raw,63,0.08311604550438749,0.08443526930299788,0.0837756574036927,0,0.0,0.9984375,1280
bayesfl_observability_v1,ola_sparse_bayesian_keep010_seed42,145,ola,global,,,layers.1.weight,raw,64,0.08443526930299788,0.08575449310160828,0.08509488120230307,0,0.0,0.9984375,1280
bayesfl_observability_v1,ola_sparse_bayesian_keep010_seed42,145,ola,global,,,layers.1.weight,raw,65,0.08575449310160828,0.08707371690021867,0.08641410500091348,0,0.0,0.9984375,1280
bayesfl_observability_v1,ola_sparse_bayesian_keep010_seed42,145,ola,global,,,layers.1.weight,raw,66,0.08707371690021867,0.08839294069882907,0.08773332879952386,0,0.0,0.9984375,1280
bayesfl_observability_v1,ola_sparse_bayesian_keep010_seed42,145,ola,global,,,layers.1.weight,raw,67,0.08839294069882907,0.08971216449743946,0.08905255259813427,0,0.0,0.9984375,1280
bayesfl_observability_v1,ola_sparse_bayesian_keep010_seed42,145,ola,global,,,layers.1.weight,raw,68,0.08971216449743946,0.09103138829604986,0.09037177639674465,0,0.0,0.9984375,1280
bayesfl_observability_v1,ola_sparse_bayesian_keep010_seed42,145,ola,global,,,layers.1.weight,raw,69,0.09103138829604986,0.09235061209466026,0.09169100019535506,1,0.5922042953007081,0.99921875,1280
bayesfl_observability_v1,ola_sparse_bayesian_keep010_seed42,145,ola,global,,,layers.1.weight,raw,70,0.09235061209466026,0.09366983589327066,0.09301022399396547,0,0.0,0.99921875,1280
bayesfl_observability_v1,ola_sparse_bayesian_keep010_seed42,145,ola,global,,,layers.1.weight,raw,71,0.09366983589327066,0.09498905969188105,0.09432944779257585,0,0.0,0.99921875,1280
bayesfl_observability_v1,ola_sparse_bayesian_keep010_seed42,145,ola,global,,,layers.1.weight,raw,72,0.09498905969188105,0.09630828349049145,0.09564867159118626,0,0.0,0.99921875,1280
bayesfl_observability_v1,ola_sparse_bayesian_keep010_seed42,145,ola,global,,,layers.1.weight,raw,73,0.09630828349049145,0.09762750728910184,0.09696789538979664,0,0.0,0.99921875,1280
bayesfl_observability_v1,ola_sparse_bayesian_keep010_seed42,145,ola,global,,,layers.1.weight,raw,74,0.09762750728910184,0.09894673108771224,0.09828711918840705,0,0.0,0.99921875,1280
bayesfl_observability_v1,ola_sparse_bayesian_keep010_seed42,145,ola,global,,,layers.1.weight,raw,75,0.09894673108771224,0.10026595488632263,0.09960634298701743,0,0.0,0.99921875,1280
bayesfl_observability_v1,ola_sparse_bayesian_keep010_seed42,145,ola,global,,,layers.1.weight,raw,76,0.10026595488632263,0.10158517868493303,0.10092556678562783,0,0.0,0.99921875,1280
bayesfl_observability_v1,ola_sparse_bayesian_keep010_seed42,145,ola,global,,,layers.1.weight,raw,77,0.10158517868493303,0.10290440248354342,0.10224479058423822,0,0.0,0.99921875,1280
bayesfl_observability_v1,ola_sparse_bayesian_keep010_seed42,145,ola,global,,,layers.1.weight,raw,78,0.10290440248354342,0.10422362628215381,0.10356401438284862,0,0.0,0.99921875,1280
bayesfl_observability_v1,ola_sparse_bayesian_keep010_seed42,145,ola,global,,,layers.1.weight,raw,79,0.10422362628215381,0.10554285008076422,0.10488323818145902,1,0.5922042953007081,1.0,1280
bayesfl_observability_v1,ola_sparse_bayesian_keep010_seed42,145,ola,global,,,layers.1.weight,db,0,-106.11457894870344,-105.03228950742002,-105.57343422806173,1,0.0007218494149527717,0.00078125,1280
bayesfl_observability_v1,ola_sparse_bayesian_keep010_seed42,145,ola,global,,,layers.1.weight,db,1,-105.03228950742002,-103.9500000661366,-104.4911447867783,1,0.0007218494149527717,0.0015625,1280
bayesfl_observability_v1,ola_sparse_bayesian_keep010_seed42,145,ola,global,,,layers.1.weight,db,2,-103.9500000661366,-102.86771062485317,-103.40885534549489,0,0.0,0.0015625,1280
bayesfl_observability_v1,ola_sparse_bayesian_keep010_seed42,145,ola,global,,,layers.1.weight,db,3,-102.86771062485317,-101.78542118356975,-102.32656590421146,0,0.0,0.0015625,1280
bayesfl_observability_v1,ola_sparse_bayesian_keep010_seed42,145,ola,global,,,layers.1.weight,db,4,-101.78542118356975,-100.70313174228633,-101.24427646292804,2,0.0014436988299055434,0.003125,1280
bayesfl_observability_v1,ola_sparse_bayesian_keep010_seed42,145,ola,global,,,layers.1.weight,db,5,-100.70313174228633,-99.62084230100291,-100.16198702164462,0,0.0,0.003125,1280
bayesfl_observability_v1,ola_sparse_bayesian_keep010_seed42,145,ola,global,,,layers.1.weight,db,6,-99.62084230100291,-98.5385528597195,-99.0796975803612,0,0.0,0.003125,1280
bayesfl_observability_v1,ola_sparse_bayesian_keep010_seed42,145,ola,global,,,layers.1.weight,db,7,-98.5385528597195,-97.45626341843608,-97.99740813907779,0,0.0,0.003125,1280
bayesfl_observability_v1,ola_sparse_bayesian_keep010_seed42,145,ola,global,,,layers.1.weight,db,8,-97.45626341843608,-96.37397397715266,-96.91511869779437,1,0.0007218494149527717,0.00390625,1280
bayesfl_observability_v1,ola_sparse_bayesian_keep010_seed42,145,ola,global,,,layers.1.weight,db,9,-96.37397397715266,-95.29168453586924,-95.83282925651095,0,0.0,0.00390625,1280
bayesfl_observability_v1,ola_sparse_bayesian_keep010_seed42,145,ola,global,,,layers.1.weight,db,10,-95.29168453586924,-94.20939509458582,-94.75053981522753,1,0.0007218494149527717,0.0046875,1280
bayesfl_observability_v1,ola_sparse_bayesian_keep010_seed42,145,ola,global,,,layers.1.weight,db,11,-94.20939509458582,-93.1271056533024,-93.6682503739441,0,0.0,0.0046875,1280
bayesfl_observability_v1,ola_sparse_bayesian_keep010_seed42,145,ola,global,,,layers.1.weight,db,12,-93.1271056533024,-92.04481621201897,-92.58596093266068,0,0.0,0.0046875,1280
bayesfl_observability_v1,ola_sparse_bayesian_keep010_seed42,145,ola,global,,,layers.1.weight,db,13,-92.04481621201897,-90.96252677073555,-91.50367149137726,0,0.0,0.0046875,1280
bayesfl_observability_v1,ola_sparse_bayesian_keep010_seed42,145,ola,global,,,layers.1.weight,db,14,-90.96252677073555,-89.88023732945213,-90.42138205009384,2,0.0014436988299055434,0.00625,1280
bayesfl_observability_v1,ola_sparse_bayesian_keep010_seed42,145,ola,global,,,layers.1.weight,db,15,-89.88023732945213,-88.79794788816871,-89.33909260881042,1,0.0007218494149527717,0.00703125,1280
bayesfl_observability_v1,ola_sparse_bayesian_keep010_seed42,145,ola,global,,,layers.1.weight,db,16,-88.79794788816871,-87.71565844688529,-88.256803167527,0,0.0,0.00703125,1280
bayesfl_observability_v1,ola_sparse_bayesian_keep010_seed42,145,ola,global,,,layers.1.weight,db,17,-87.71565844688529,-86.63336900560188,-87.17451372624359,0,0.0,0.00703125,1280
bayesfl_observability_v1,ola_sparse_bayesian_keep010_seed42,145,ola,global,,,layers.1.weight,db,18,-86.63336900560188,-85.55107956431846,-86.09222428496017,1,0.0007218494149527717,0.0078125,1280
bayesfl_observability_v1,ola_sparse_bayesian_keep010_seed42,145,ola,global,,,layers.1.weight,db,19,-85.55107956431846,-84.46879012303503,-85.00993484367675,1,0.0007218494149527717,0.00859375,1280
bayesfl_observability_v1,ola_sparse_bayesian_keep010_seed42,145,ola,global,,,layers.1.weight,db,20,-84.46879012303503,-83.38650068175161,-83.92764540239332,2,0.0014436988299055434,0.01015625,1280
bayesfl_observability_v1,ola_sparse_bayesian_keep010_seed42,145,ola,global,,,layers.1.weight,db,21,-83.38650068175161,-82.30421124046819,-82.8453559611099,1,0.0007218494149527717,0.0109375,1280
bayesfl_observability_v1,ola_sparse_bayesian_keep010_seed42,145,ola,global,,,layers.1.weight,db,22,-82.30421124046819,-81.22192179918477,-81.76306651982648,1,0.0007218494149527717,0.01171875,1280
bayesfl_observability_v1,ola_sparse_bayesian_keep010_seed42,145,ola,global,,,layers.1.weight,db,23,-81.22192179918477,-80.13963235790135,-80.68077707854306,2,0.0014436988299055434,0.01328125,1280
bayesfl_observability_v1,ola_sparse_bayesian_keep010_seed42,145,ola,global,,,layers.1.weight,db,24,-80.13963235790135,-79.05734291661793,-79.59848763725964,1,0.0007218494149527717,0.0140625,1280
bayesfl_observability_v1,ola_sparse_bayesian_keep010_seed42,145,ola,global,,,layers.1.weight,db,25,-79.05734291661793,-77.9750534753345,-78.51619819597622,0,0.0,0.0140625,1280
bayesfl_observability_v1,ola_sparse_bayesian_keep010_seed42,145,ola,global,,,layers.1.weight,db,26,-77.9750534753345,-76.89276403405108,-77.4339087546928,0,0.0,0.0140625,1280
bayesfl_observability_v1,ola_sparse_bayesian_keep010_seed42,145,ola,global,,,layers.1.weight,db,27,-76.89276403405108,-75.81047459276766,-76.35161931340937,3,0.002165548244858315,0.01640625,1280
bayesfl_observability_v1,ola_sparse_bayesian_keep010_seed42,145,ola,global,,,layers.1.weight,db,28,-75.81047459276766,-74.72818515148424,-75.26932987212595,4,0.0028873976598110867,0.01953125,1280
bayesfl_observability_v1,ola_sparse_bayesian_keep010_seed42,145,ola,global,,,layers.1.weight,db,29,-74.72818515148424,-73.64589571020082,-74.18704043084253,1,0.0007218494149527717,0.0203125,1280
bayesfl_observability_v1,ola_sparse_bayesian_keep010_seed42,145,ola,global,,,layers.1.weight,db,30,-73.64589571020082,-72.5636062689174,-73.10475098955911,3,0.002165548244858315,0.02265625,1280
bayesfl_observability_v1,ola_sparse_bayesian_keep010_seed42,145,ola,global,,,layers.1.weight,db,31,-72.5636062689174,-71.48131682763398,-72.02246154827569,2,0.0014436988299055434,0.02421875,1280
bayesfl_observability_v1,ola_sparse_bayesian_keep010_seed42,145,ola,global,,,layers.1.weight,db,32,-71.48131682763398,-70.39902738635055,-70.94017210699226,5,0.003609247074763858,0.028125,1280
bayesfl_observability_v1,ola_sparse_bayesian_keep010_seed42,145,ola,global,,,layers.1.weight,db,33,-70.39902738635055,-69.31673794506713,-69.85788266570884,8,0.0057747953196221734,0.034375,1280
bayesfl_observability_v1,ola_sparse_bayesian_keep010_seed42,145,ola,global,,,layers.1.weight,db,34,-69.31673794506713,-68.23444850378371,-68.77559322442542,8,0.0057747953196221734,0.040625,1280
bayesfl_observability_v1,ola_sparse_bayesian_keep010_seed42,145,ola,global,,,layers.1.weight,db,35,-68.23444850378371,-67.1521590625003,-67.693303783142,8,0.005774795319622249,0.046875,1280
bayesfl_observability_v1,ola_sparse_bayesian_keep010_seed42,145,ola,global,,,layers.1.weight,db,36,-67.1521590625003,-66.06986962121688,-66.61101434185859,6,0.00433109648971663,0.0515625,1280
bayesfl_observability_v1,ola_sparse_bayesian_keep010_seed42,145,ola,global,,,layers.1.weight,db,37,-66.06986962121688,-64.98758017993346,-65.52872490057517,6,0.00433109648971663,0.05625,1280
bayesfl_observability_v1,ola_sparse_bayesian_keep010_seed42,145,ola,global,,,layers.1.weight,db,38,-64.98758017993346,-63.90529073865004,-64.44643545929175,9,0.0064966447345749445,0.06328125,1280
bayesfl_observability_v1,ola_sparse_bayesian_keep010_seed42,145,ola,global,,,layers.1.weight,db,39,-63.90529073865004,-62.823001297366616,-63.36414601800833,9,0.0064966447345749445,0.0703125,1280
bayesfl_observability_v1,ola_sparse_bayesian_keep010_seed42,145,ola,global,,,layers.1.weight,db,40,-62.823001297366616,-61.740711856083195,-62.281856576724905,18,0.012993289469149889,0.084375,1280
bayesfl_observability_v1,ola_sparse_bayesian_keep010_seed42,145,ola,global,,,layers.1.weight,db,41,-61.740711856083195,-60.65842241479978,-61.199567135441484,6,0.004331096489716658,0.0890625,1280
bayesfl_observability_v1,ola_sparse_bayesian_keep010_seed42,145,ola,global,,,layers.1.weight,db,42,-60.65842241479978,-59.57613297351636,-60.11727769415807,17,0.012271440054197117,0.10234375,1280
bayesfl_observability_v1,ola_sparse_bayesian_keep010_seed42,145,ola,global,,,layers.1.weight,db,43,-59.57613297351636,-58.49384353223294,-59.03498825287465,9,0.0064966447345749445,0.109375,1280
bayesfl_observability_v1,ola_sparse_bayesian_keep010_seed42,145,ola,global,,,layers.1.weight,db,44,-58.49384353223294,-57.411554090949515,-57.952698811591226,27,0.019489934203724833,0.13046875,1280
bayesfl_observability_v1,ola_sparse_bayesian_keep010_seed42,145,ola,global,,,layers.1.weight,db,45,-57.411554090949515,-56.329264649666094,-56.870409370307804,22,0.015880687128960975,0.14765625,1280
bayesfl_observability_v1,ola_sparse_bayesian_keep010_seed42,145,ola,global,,,layers.1.weight,db,46,-56.329264649666094,-55.24697520838267,-55.78811992902438,26,0.018768084788772062,0.16796875,1280
bayesfl_observability_v1,ola_sparse_bayesian_keep010_seed42,145,ola,global,,,layers.1.weight,db,47,-55.24697520838267,-54.16468576709926,-54.70583048774097,28,0.020211783618677738,0.18984375,1280
bayesfl_observability_v1,ola_sparse_bayesian_keep010_seed42,145,ola,global,,,layers.1.weight,db,48,-54.16468576709926,-53.082396325815836,-53.62354104645755,34,0.024542880108394234,0.21640625,1280
bayesfl_observability_v1,ola_sparse_bayesian_keep010_seed42,145,ola,global,,,layers.1.weight,db,49,-53.082396325815836,-52.000106884532414,-52.541251605174125,33,0.023821030693441464,0.2421875,1280
bayesfl_observability_v1,ola_sparse_bayesian_keep010_seed42,145,ola,global,,,layers.1.weight,db,50,-52.000106884532414,-50.91781744324899,-51.4589621638907,31,0.02237733186353592,0.26640625,1280
bayesfl_observability_v1,ola_sparse_bayesian_keep010_seed42,145,ola,global,,,layers.1.weight,db,51,-50.91781744324899,-49.83552800196557,-50.37667272260728,38,0.02743027776820532,0.29609375,1280
bayesfl_observability_v1,ola_sparse_bayesian_keep010_seed42,145,ola,global,,,layers.1.weight,db,52,-49.83552800196557,-48.75323856068215,-49.29438328132386,42,0.03031767542801641,0.32890625,1280
bayesfl_observability_v1,ola_sparse_bayesian_keep010_seed42,145,ola,global,,,layers.1.weight,db,53,-48.75323856068215,-47.67094911939873,-48.21209384004044,56,0.04042356723735521,0.37265625,1280
bayesfl_observability_v1,ola_sparse_bayesian_keep010_seed42,145,ola,global,,,layers.1.weight,db,54,-47.67094911939873,-46.58865967811531,-47.12980439875702,55,0.0397017178224027,0.415625,1280
bayesfl_observability_v1,ola_sparse_bayesian_keep010_seed42,145,ola,global,,,layers.1.weight,db,55,-46.58865967811531,-45.50637023683189,-46.0475149574736,72,0.051973157876599556,0.471875,1280
bayesfl_observability_v1,ola_sparse_bayesian_keep010_seed42,145,ola,global,,,layers.1.weight,db,56,-45.50637023683189,-44.42408079554847,-44.96522551619018,68,0.04908576021678847,0.525,1280
bayesfl_observability_v1,ola_sparse_bayesian_keep010_seed42,145,ola,global,,,layers.1.weight,db,57,-44.42408079554847,-43.34179135426505,-43.88293607490676,60,0.0433109648971663,0.571875,1280
bayesfl_observability_v1,ola_sparse_bayesian_keep010_seed42,145,ola,global,,,layers.1.weight,db,58,-43.34179135426505,-42.25950191298163,-42.80064663362334,54,0.038979868407449665,0.6140625,1280
bayesfl_observability_v1,ola_sparse_bayesian_keep010_seed42,145,ola,global,,,layers.1.weight,db,59,-42.25950191298163,-41.17721247169821,-41.71835719233992,63,0.04547651314202491,0.66328125,1280
bayesfl_observability_v1,ola_sparse_bayesian_keep010_seed42,145,ola,global,,,layers.1.weight,db,60,-41.17721247169821,-40.09492303041479,-40.6360677510565,71,0.051251308461646786,0.71875,1280
bayesfl_observability_v1,ola_sparse_bayesian_keep010_seed42,145,ola,global,,,layers.1.weight,db,61,-40.09492303041479,-39.01263358913137,-39.55377830977308,50,0.036092470747638584,0.7578125,1280
bayesfl_observability_v1,ola_sparse_bayesian_keep010_seed42,145,ola,global,,,layers.1.weight,db,62,-39.01263358913137,-37.93034414784795,-38.47148886848966,47,0.03392692250278027,0.79453125,1280
bayesfl_observability_v1,ola_sparse_bayesian_keep010_seed42,145,ola,global,,,layers.1.weight,db,63,-37.93034414784795,-36.848054706564525,-37.389199427206236,57,0.04114541665230798,0.8390625,1280
bayesfl_observability_v1,ola_sparse_bayesian_keep010_seed42,145,ola,global,,,layers.1.weight,db,64,-36.848054706564525,-35.765765265281104,-36.306909985922815,25,0.018046235373819292,0.85859375,1280
bayesfl_observability_v1,ola_sparse_bayesian_keep010_seed42,145,ola,global,,,layers.1.weight,db,65,-35.765765265281104,-34.68347582399768,-35.22462054463939,42,0.03031767542801641,0.89140625,1280
bayesfl_observability_v1,ola_sparse_bayesian_keep010_seed42,145,ola,global,,,layers.1.weight,db,66,-34.68347582399768,-33.60118638271426,-34.14233110335597,38,0.02743027776820532,0.92109375,1280
bayesfl_observability_v1,ola_sparse_bayesian_keep010_seed42,145,ola,global,,,layers.1.weight,db,67,-33.60118638271426,-32.51889694143084,-33.06004166207255,14,0.010105891809338803,0.93203125,1280
bayesfl_observability_v1,ola_sparse_bayesian_keep010_seed42,145,ola,global,,,layers.1.weight,db,68,-32.51889694143084,-31.436607500147417,-31.977752220789128,23,0.01660253654391375,0.95,1280
bayesfl_observability_v1,ola_sparse_bayesian_keep010_seed42,145,ola,global,,,layers.1.weight,db,69,-31.436607500147417,-30.354318058863996,-30.895462779505706,17,0.012271440054197117,0.96328125,1280
bayesfl_observability_v1,ola_sparse_bayesian_keep010_seed42,145,ola,global,,,layers.1.weight,db,70,-30.354318058863996,-29.272028617580588,-29.813173338222292,9,0.00649664473457503,0.9703125,1280
bayesfl_observability_v1,ola_sparse_bayesian_keep010_seed42,145,ola,global,,,layers.1.weight,db,71,-29.272028617580588,-28.189739176297167,-28.730883896938877,12,0.00866219297943326,0.9796875,1280
bayesfl_observability_v1,ola_sparse_bayesian_keep010_seed42,145,ola,global,,,layers.1.weight,db,72,-28.189739176297167,-27.107449735013745,-27.648594455655456,7,0.0050529459046694016,0.98515625,1280
bayesfl_observability_v1,ola_sparse_bayesian_keep010_seed42,145,ola,global,,,layers.1.weight,db,73,-27.107449735013745,-26.025160293730323,-26.566305014372034,4,0.0028873976598110867,0.98828125,1280
bayesfl_observability_v1,ola_sparse_bayesian_keep010_seed42,145,ola,global,,,layers.1.weight,db,74,-26.025160293730323,-24.9428708524469,-25.484015573088612,5,0.003609247074763858,0.9921875,1280
bayesfl_observability_v1,ola_sparse_bayesian_keep010_seed42,145,ola,global,,,layers.1.weight,db,75,-24.9428708524469,-23.86058141116348,-24.40172613180519,6,0.00433109648971663,0.996875,1280
bayesfl_observability_v1,ola_sparse_bayesian_keep010_seed42,145,ola,global,,,layers.1.weight,db,76,-23.86058141116348,-22.77829196988006,-23.31943669052177,1,0.0007218494149527717,0.99765625,1280
bayesfl_observability_v1,ola_sparse_bayesian_keep010_seed42,145,ola,global,,,layers.1.weight,db,77,-22.77829196988006,-21.696002528596637,-22.237147249238348,1,0.0007218494149527717,0.9984375,1280
bayesfl_observability_v1,ola_sparse_bayesian_keep010_seed42,145,ola,global,,,layers.1.weight,db,78,-21.696002528596637,-20.613713087313215,-21.154857807954926,1,0.0007218494149527717,0.99921875,1280
bayesfl_observability_v1,ola_sparse_bayesian_keep010_seed42,145,ola,global,,,layers.1.weight,db,79,-20.613713087313215,-19.531423646029793,-20.072568366671504,1,0.0007218494149527717,1.0,1280
bayesfl_observability_v1,ola_sparse_bayesian_keep010_seed42,145,ola,global,,,layers.1.bias,raw,0,0.00013638646126230543,0.0002716026415597595,0.00020399455141103246,1,739.5564626956324,0.1,10
bayesfl_observability_v1,ola_sparse_bayesian_keep010_seed42,145,ola,global,,,layers.1.bias,raw,1,0.0002716026415597595,0.00040681882185721356,0.0003392107317084865,1,739.5564626956324,0.2,10
bayesfl_observability_v1,ola_sparse_bayesian_keep010_seed42,145,ola,global,,,layers.1.bias,raw,2,0.00040681882185721356,0.0005420350021546677,0.0004744269120059406,1,739.5564626956321,0.3,10
bayesfl_observability_v1,ola_sparse_bayesian_keep010_seed42,145,ola,global,,,layers.1.bias,raw,3,0.0005420350021546677,0.0006772511824521217,0.0006096430923033947,0,0.0,0.3,10
bayesfl_observability_v1,ola_sparse_bayesian_keep010_seed42,145,ola,global,,,layers.1.bias,raw,4,0.0006772511824521217,0.0008124673627495758,0.0007448592726008487,2,1479.1129253912643,0.5,10
bayesfl_observability_v1,ola_sparse_bayesian_keep010_seed42,145,ola,global,,,layers.1.bias,raw,5,0.0008124673627495758,0.0009476835430470298,0.0008800754528983028,0,0.0,0.5,10
bayesfl_observability_v1,ola_sparse_bayesian_keep010_seed42,145,ola,global,,,layers.1.bias,raw,6,0.0009476835430470298,0.0010828997233444837,0.0010152916331957569,0,0.0,0.5,10
bayesfl_observability_v1,ola_sparse_bayesian_keep010_seed42,145,ola,global,,,layers.1.bias,raw,7,0.0010828997233444837,0.0012181159036419378,0.0011505078134932108,0,0.0,0.5,10
bayesfl_observability_v1,ola_sparse_bayesian_keep010_seed42,145,ola,global,,,layers.1.bias,raw,8,0.0012181159036419378,0.001353332083939392,0.001285723993790665,1,739.5564626956321,0.6,10
bayesfl_observability_v1,ola_sparse_bayesian_keep010_seed42,145,ola,global,,,layers.1.bias,raw,9,0.001353332083939392,0.001488548264236846,0.001420940174088119,0,0.0,0.6,10
bayesfl_observability_v1,ola_sparse_bayesian_keep010_seed42,145,ola,global,,,layers.1.bias,raw,10,0.001488548264236846,0.0016237644445343002,0.0015561563543855731,0,0.0,0.6,10
bayesfl_observability_v1,ola_sparse_bayesian_keep010_seed42,145,ola,global,,,layers.1.bias,raw,11,0.0016237644445343002,0.0017589806248317543,0.0016913725346830273,0,0.0,0.6,10
bayesfl_observability_v1,ola_sparse_bayesian_keep010_seed42,145,ola,global,,,layers.1.bias,raw,12,0.0017589806248317543,0.0018941968051292084,0.0018265887149804814,0,0.0,0.6,10
bayesfl_observability_v1,ola_sparse_bayesian_keep010_seed42,145,ola,global,,,layers.1.bias,raw,13,0.0018941968051292084,0.002029412985426662,0.0019618048952779353,0,0.0,0.6,10
bayesfl_observability_v1,ola_sparse_bayesian_keep010_seed42,145,ola,global,,,layers.1.bias,raw,14,0.002029412985426662,0.0021646291657241162,0.002097021075575389,0,0.0,0.6,10
bayesfl_observability_v1,ola_sparse_bayesian_keep010_seed42,145,ola,global,,,layers.1.bias,raw,15,0.0021646291657241162,0.0022998453460215704,0.0022322372558728435,0,0.0,0.6,10
bayesfl_observability_v1,ola_sparse_bayesian_keep010_seed42,145,ola,global,,,layers.1.bias,raw,16,0.0022998453460215704,0.0024350615263190245,0.002367453436170297,0,0.0,0.6,10
bayesfl_observability_v1,ola_sparse_bayesian_keep010_seed42,145,ola,global,,,layers.1.bias,raw,17,0.0024350615263190245,0.0025702777066164786,0.0025026696164677517,0,0.0,0.6,10
bayesfl_observability_v1,ola_sparse_bayesian_keep010_seed42,145,ola,global,,,layers.1.bias,raw,18,0.0025702777066164786,0.0027054938869139327,0.0026378857967652054,0,0.0,0.6,10
bayesfl_observability_v1,ola_sparse_bayesian_keep010_seed42,145,ola,global,,,layers.1.bias,raw,19,0.0027054938869139327,0.002840710067211387,0.00277310197706266,0,0.0,0.6,10
bayesfl_observability_v1,ola_sparse_bayesian_keep010_seed42,145,ola,global,,,layers.1.bias,raw,20,0.002840710067211387,0.0029759262475088405,0.0029083181573601137,0,0.0,0.6,10
bayesfl_observability_v1,ola_sparse_bayesian_keep010_seed42,145,ola,global,,,layers.1.bias,raw,21,0.0029759262475088405,0.0031111424278062946,0.0030435343376575674,0,0.0,0.6,10
bayesfl_observability_v1,ola_sparse_bayesian_keep010_seed42,145,ola,global,,,layers.1.bias,raw,22,0.0031111424278062946,0.0032463586081037487,0.003178750517955022,0,0.0,0.6,10
bayesfl_observability_v1,ola_sparse_bayesian_keep010_seed42,145,ola,global,,,layers.1.bias,raw,23,0.0032463586081037487,0.003381574788401203,0.0033139666982524756,0,0.0,0.6,10
bayesfl_observability_v1,ola_sparse_bayesian_keep010_seed42,145,ola,global,,,layers.1.bias,raw,24,0.003381574788401203,0.003516790968698657,0.00344918287854993,0,0.0,0.6,10
bayesfl_observability_v1,ola_sparse_bayesian_keep010_seed42,145,ola,global,,,layers.1.bias,raw,25,0.003516790968698657,0.003652007148996111,0.003584399058847384,0,0.0,0.6,10
bayesfl_observability_v1,ola_sparse_bayesian_keep010_seed42,145,ola,global,,,layers.1.bias,raw,26,0.003652007148996111,0.0037872233292935652,0.0037196152391448384,0,0.0,0.6,10
bayesfl_observability_v1,ola_sparse_bayesian_keep010_seed42,145,ola,global,,,layers.1.bias,raw,27,0.0037872233292935652,0.003922439509591019,0.003854831419442292,0,0.0,0.6,10
bayesfl_observability_v1,ola_sparse_bayesian_keep010_seed42,145,ola,global,,,layers.1.bias,raw,28,0.003922439509591019,0.004057655689888474,0.003990047599739747,0,0.0,0.6,10
bayesfl_observability_v1,ola_sparse_bayesian_keep010_seed42,145,ola,global,,,layers.1.bias,raw,29,0.004057655689888474,0.004192871870185928,0.0041252637800372,0,0.0,0.6,10
bayesfl_observability_v1,ola_sparse_bayesian_keep010_seed42,145,ola,global,,,layers.1.bias,raw,30,0.004192871870185928,0.004328088050483382,0.004260479960334655,0,0.0,0.6,10
bayesfl_observability_v1,ola_sparse_bayesian_keep010_seed42,145,ola,global,,,layers.1.bias,raw,31,0.004328088050483382,0.004463304230780836,0.004395696140632109,0,0.0,0.6,10
bayesfl_observability_v1,ola_sparse_bayesian_keep010_seed42,145,ola,global,,,layers.1.bias,raw,32,0.004463304230780836,0.0045985204110782895,0.004530912320929562,0,0.0,0.6,10
bayesfl_observability_v1,ola_sparse_bayesian_keep010_seed42,145,ola,global,,,layers.1.bias,raw,33,0.0045985204110782895,0.004733736591375744,0.004666128501227017,0,0.0,0.6,10
bayesfl_observability_v1,ola_sparse_bayesian_keep010_seed42,145,ola,global,,,layers.1.bias,raw,34,0.004733736591375744,0.004868952771673198,0.004801344681524471,0,0.0,0.6,10
bayesfl_observability_v1,ola_sparse_bayesian_keep010_seed42,145,ola,global,,,layers.1.bias,raw,35,0.004868952771673198,0.005004168951970652,0.004936560861821925,0,0.0,0.6,10
bayesfl_observability_v1,ola_sparse_bayesian_keep010_seed42,145,ola,global,,,layers.1.bias,raw,36,0.005004168951970652,0.005139385132268106,0.005071777042119379,0,0.0,0.6,10
bayesfl_observability_v1,ola_sparse_bayesian_keep010_seed42,145,ola,global,,,layers.1.bias,raw,37,0.005139385132268106,0.0052746013125655605,0.005206993222416833,0,0.0,0.6,10
bayesfl_observability_v1,ola_sparse_bayesian_keep010_seed42,145,ola,global,,,layers.1.bias,raw,38,0.0052746013125655605,0.005409817492863014,0.005342209402714288,1,739.5564626956345,0.7,10
bayesfl_observability_v1,ola_sparse_bayesian_keep010_seed42,145,ola,global,,,layers.1.bias,raw,39,0.005409817492863014,0.005545033673160469,0.0054774255830117415,1,739.5564626956298,0.8,10
bayesfl_observability_v1,ola_sparse_bayesian_keep010_seed42,145,ola,global,,,layers.1.bias,raw,40,0.005545033673160469,0.0056802498534579225,0.005612641763309195,0,0.0,0.8,10
bayesfl_observability_v1,ola_sparse_bayesian_keep010_seed42,145,ola,global,,,layers.1.bias,raw,41,0.0056802498534579225,0.005815466033755376,0.00574785794360665,0,0.0,0.8,10
bayesfl_observability_v1,ola_sparse_bayesian_keep010_seed42,145,ola,global,,,layers.1.bias,raw,42,0.005815466033755376,0.005950682214052831,0.005883074123904103,0,0.0,0.8,10
bayesfl_observability_v1,ola_sparse_bayesian_keep010_seed42,145,ola,global,,,layers.1.bias,raw,43,0.005950682214052831,0.006085898394350284,0.006018290304201557,0,0.0,0.8,10
bayesfl_observability_v1,ola_sparse_bayesian_keep010_seed42,145,ola,global,,,layers.1.bias,raw,44,0.006085898394350284,0.006221114574647739,0.006153506484499012,0,0.0,0.8,10
bayesfl_observability_v1,ola_sparse_bayesian_keep010_seed42,145,ola,global,,,layers.1.bias,raw,45,0.006221114574647739,0.006356330754945193,0.006288722664796466,1,739.5564626956345,0.9,10
bayesfl_observability_v1,ola_sparse_bayesian_keep010_seed42,145,ola,global,,,layers.1.bias,raw,46,0.006356330754945193,0.006491546935242647,0.00642393884509392,0,0.0,0.9,10
bayesfl_observability_v1,ola_sparse_bayesian_keep010_seed42,145,ola,global,,,layers.1.bias,raw,47,0.006491546935242647,0.006626763115540101,0.006559155025391374,0,0.0,0.9,10
bayesfl_observability_v1,ola_sparse_bayesian_keep010_seed42,145,ola,global,,,layers.1.bias,raw,48,0.006626763115540101,0.0067619792958375545,0.006694371205688828,0,0.0,0.9,10
bayesfl_observability_v1,ola_sparse_bayesian_keep010_seed42,145,ola,global,,,layers.1.bias,raw,49,0.0067619792958375545,0.006897195476135009,0.006829587385986282,0,0.0,0.9,10
bayesfl_observability_v1,ola_sparse_bayesian_keep010_seed42,145,ola,global,,,layers.1.bias,raw,50,0.006897195476135009,0.007032411656432463,0.0069648035662837355,0,0.0,0.9,10
bayesfl_observability_v1,ola_sparse_bayesian_keep010_seed42,145,ola,global,,,layers.1.bias,raw,51,0.007032411656432463,0.007167627836729917,0.00710001974658119,0,0.0,0.9,10
bayesfl_observability_v1,ola_sparse_bayesian_keep010_seed42,145,ola,global,,,layers.1.bias,raw,52,0.007167627836729917,0.007302844017027371,0.007235235926878645,0,0.0,0.9,10
bayesfl_observability_v1,ola_sparse_bayesian_keep010_seed42,145,ola,global,,,layers.1.bias,raw,53,0.007302844017027371,0.0074380601973248256,0.007370452107176098,0,0.0,0.9,10
bayesfl_observability_v1,ola_sparse_bayesian_keep010_seed42,145,ola,global,,,layers.1.bias,raw,54,0.0074380601973248256,0.007573276377622279,0.007505668287473552,0,0.0,0.9,10
bayesfl_observability_v1,ola_sparse_bayesian_keep010_seed42,145,ola,global,,,layers.1.bias,raw,55,0.007573276377622279,0.007708492557919733,0.0076408844677710065,0,0.0,0.9,10
bayesfl_observability_v1,ola_sparse_bayesian_keep010_seed42,145,ola,global,,,layers.1.bias,raw,56,0.007708492557919733,0.007843708738217187,0.007776100648068459,0,0.0,0.9,10
bayesfl_observability_v1,ola_sparse_bayesian_keep010_seed42,145,ola,global,,,layers.1.bias,raw,57,0.007843708738217187,0.007978924918514641,0.007911316828365914,0,0.0,0.9,10
bayesfl_observability_v1,ola_sparse_bayesian_keep010_seed42,145,ola,global,,,layers.1.bias,raw,58,0.007978924918514641,0.008114141098812094,0.008046533008663367,0,0.0,0.9,10
bayesfl_observability_v1,ola_sparse_bayesian_keep010_seed42,145,ola,global,,,layers.1.bias,raw,59,0.008114141098812094,0.008249357279109549,0.008181749188960821,0,0.0,0.9,10
bayesfl_observability_v1,ola_sparse_bayesian_keep010_seed42,145,ola,global,,,layers.1.bias,raw,60,0.008249357279109549,0.008384573459407003,0.008316965369258276,0,0.0,0.9,10
bayesfl_observability_v1,ola_sparse_bayesian_keep010_seed42,145,ola,global,,,layers.1.bias,raw,61,0.008384573459407003,0.008519789639704458,0.00845218154955573,0,0.0,0.9,10
bayesfl_observability_v1,ola_sparse_bayesian_keep010_seed42,145,ola,global,,,layers.1.bias,raw,62,0.008519789639704458,0.00865500582000191,0.008587397729853185,0,0.0,0.9,10
bayesfl_observability_v1,ola_sparse_bayesian_keep010_seed42,145,ola,global,,,layers.1.bias,raw,63,0.00865500582000191,0.008790222000299365,0.008722613910150638,0,0.0,0.9,10
bayesfl_observability_v1,ola_sparse_bayesian_keep010_seed42,145,ola,global,,,layers.1.bias,raw,64,0.008790222000299365,0.00892543818059682,0.008857830090448092,0,0.0,0.9,10
bayesfl_observability_v1,ola_sparse_bayesian_keep010_seed42,145,ola,global,,,layers.1.bias,raw,65,0.00892543818059682,0.009060654360894272,0.008993046270745545,0,0.0,0.9,10
bayesfl_observability_v1,ola_sparse_bayesian_keep010_seed42,145,ola,global,,,layers.1.bias,raw,66,0.009060654360894272,0.009195870541191727,0.009128262451043,0,0.0,0.9,10
bayesfl_observability_v1,ola_sparse_bayesian_keep010_seed42,145,ola,global,,,layers.1.bias,raw,67,0.009195870541191727,0.009331086721489181,0.009263478631340454,0,0.0,0.9,10
bayesfl_observability_v1,ola_sparse_bayesian_keep010_seed42,145,ola,global,,,layers.1.bias,raw,68,0.009331086721489181,0.009466302901786636,0.009398694811637909,0,0.0,0.9,10
bayesfl_observability_v1,ola_sparse_bayesian_keep010_seed42,145,ola,global,,,layers.1.bias,raw,69,0.009466302901786636,0.009601519082084089,0.009533910991935363,0,0.0,0.9,10
bayesfl_observability_v1,ola_sparse_bayesian_keep010_seed42,145,ola,global,,,layers.1.bias,raw,70,0.009601519082084089,0.009736735262381543,0.009669127172232816,0,0.0,0.9,10
bayesfl_observability_v1,ola_sparse_bayesian_keep010_seed42,145,ola,global,,,layers.1.bias,raw,71,0.009736735262381543,0.009871951442678998,0.00980434335253027,0,0.0,0.9,10
bayesfl_observability_v1,ola_sparse_bayesian_keep010_seed42,145,ola,global,,,layers.1.bias,raw,72,0.009871951442678998,0.01000716762297645,0.009939559532827724,0,0.0,0.9,10
bayesfl_observability_v1,ola_sparse_bayesian_keep010_seed42,145,ola,global,,,layers.1.bias,raw,73,0.01000716762297645,0.010142383803273905,0.010074775713125178,0,0.0,0.9,10
bayesfl_observability_v1,ola_sparse_bayesian_keep010_seed42,145,ola,global,,,layers.1.bias,raw,74,0.010142383803273905,0.01027759998357136,0.010209991893422633,0,0.0,0.9,10
bayesfl_observability_v1,ola_sparse_bayesian_keep010_seed42,145,ola,global,,,layers.1.bias,raw,75,0.01027759998357136,0.010412816163868814,0.010345208073720087,0,0.0,0.9,10
bayesfl_observability_v1,ola_sparse_bayesian_keep010_seed42,145,ola,global,,,layers.1.bias,raw,76,0.010412816163868814,0.010548032344166267,0.010480424254017542,0,0.0,0.9,10
bayesfl_observability_v1,ola_sparse_bayesian_keep010_seed42,145,ola,global,,,layers.1.bias,raw,77,0.010548032344166267,0.010683248524463722,0.010615640434314995,0,0.0,0.9,10
bayesfl_observability_v1,ola_sparse_bayesian_keep010_seed42,145,ola,global,,,layers.1.bias,raw,78,0.010683248524463722,0.010818464704761176,0.010750856614612449,0,0.0,0.9,10
bayesfl_observability_v1,ola_sparse_bayesian_keep010_seed42,145,ola,global,,,layers.1.bias,raw,79,0.010818464704761176,0.010953680885058631,0.010886072794909904,1,739.5564626956298,1.0,10
bayesfl_observability_v1,ola_sparse_bayesian_keep010_seed42,145,ola,global,,,layers.1.bias,db,0,-77.30457471332127,-76.82837750828931,-77.0664761108053,1,0.2099970326228339,0.1,10
bayesfl_observability_v1,ola_sparse_bayesian_keep010_seed42,145,ola,global,,,layers.1.bias,db,1,-76.82837750828931,-76.35218030325734,-76.59027890577332,0,0.0,0.1,10
bayesfl_observability_v1,ola_sparse_bayesian_keep010_seed42,145,ola,global,,,layers.1.bias,db,2,-76.35218030325734,-75.87598309822538,-76.11408170074137,0,0.0,0.1,10
bayesfl_observability_v1,ola_sparse_bayesian_keep010_seed42,145,ola,global,,,layers.1.bias,db,3,-75.87598309822538,-75.39978589319341,-75.63788449570939,0,0.0,0.1,10
bayesfl_observability_v1,ola_sparse_bayesian_keep010_seed42,145,ola,global,,,layers.1.bias,db,4,-75.39978589319341,-74.92358868816144,-75.16168729067743,0,0.0,0.1,10
bayesfl_observability_v1,ola_sparse_bayesian_keep010_seed42,145,ola,global,,,layers.1.bias,db,5,-74.92358868816144,-74.44739148312948,-74.68549008564545,0,0.0,0.1,10
bayesfl_observability_v1,ola_sparse_bayesian_keep010_seed42,145,ola,global,,,layers.1.bias,db,6,-74.44739148312948,-73.97119427809751,-74.2092928806135,0,0.0,0.1,10
bayesfl_observability_v1,ola_sparse_bayesian_keep010_seed42,145,ola,global,,,layers.1.bias,db,7,-73.97119427809751,-73.49499707306555,-73.73309567558152,0,0.0,0.1,10
bayesfl_observability_v1,ola_sparse_bayesian_keep010_seed42,145,ola,global,,,layers.1.bias,db,8,-73.49499707306555,-73.01879986803357,-73.25689847054956,0,0.0,0.1,10
bayesfl_observability_v1,ola_sparse_bayesian_keep010_seed42,145,ola,global,,,layers.1.bias,db,9,-73.01879986803357,-72.5426026630016,-72.78070126551759,0,0.0,0.1,10
bayesfl_observability_v1,ola_sparse_bayesian_keep010_seed42,145,ola,global,,,layers.1.bias,db,10,-72.5426026630016,-72.06640545796964,-72.30450406048561,0,0.0,0.1,10
bayesfl_observability_v1,ola_sparse_bayesian_keep010_seed42,145,ola,global,,,layers.1.bias,db,11,-72.06640545796964,-71.59020825293767,-71.82830685545366,0,0.0,0.1,10
bayesfl_observability_v1,ola_sparse_bayesian_keep010_seed42,145,ola,global,,,layers.1.bias,db,12,-71.59020825293767,-71.1140110479057,-71.35210965042168,0,0.0,0.1,10
bayesfl_observability_v1,ola_sparse_bayesian_keep010_seed42,145,ola,global,,,layers.1.bias,db,13,-71.1140110479057,-70.63781384287374,-70.87591244538973,0,0.0,0.1,10
bayesfl_observability_v1,ola_sparse_bayesian_keep010_seed42,145,ola,global,,,layers.1.bias,db,14,-70.63781384287374,-70.16161663784177,-70.39971524035775,0,0.0,0.1,10
bayesfl_observability_v1,ola_sparse_bayesian_keep010_seed42,145,ola,global,,,layers.1.bias,db,15,-70.16161663784177,-69.68541943280981,-69.9235180353258,1,0.2099970326228339,0.2,10
bayesfl_observability_v1,ola_sparse_bayesian_keep010_seed42,145,ola,global,,,layers.1.bias,db,16,-69.68541943280981,-69.20922222777784,-69.44732083029382,0,0.0,0.2,10
bayesfl_observability_v1,ola_sparse_bayesian_keep010_seed42,145,ola,global,,,layers.1.bias,db,17,-69.20922222777784,-68.73302502274588,-68.97112362526187,0,0.0,0.2,10
bayesfl_observability_v1,ola_sparse_bayesian_keep010_seed42,145,ola,global,,,layers.1.bias,db,18,-68.73302502274588,-68.25682781771391,-68.49492642022989,0,0.0,0.2,10
bayesfl_observability_v1,ola_sparse_bayesian_keep010_seed42,145,ola,global,,,layers.1.bias,db,19,-68.25682781771391,-67.78063061268195,-68.01872921519794,0,0.0,0.2,10
bayesfl_observability_v1,ola_sparse_bayesian_keep010_seed42,145,ola,global,,,layers.1.bias,db,20,-67.78063061268195,-67.30443340764998,-67.54253201016596,0,0.0,0.2,10
bayesfl_observability_v1,ola_sparse_bayesian_keep010_seed42,145,ola,global,,,layers.1.bias,db,21,-67.30443340764998,-66.82823620261802,-67.066334805134,0,0.0,0.2,10
bayesfl_observability_v1,ola_sparse_bayesian_keep010_seed42,145,ola,global,,,layers.1.bias,db,22,-66.82823620261802,-66.35203899758605,-66.59013760010203,1,0.2099970326228339,0.3,10
bayesfl_observability_v1,ola_sparse_bayesian_keep010_seed42,145,ola,global,,,layers.1.bias,db,23,-66.35203899758605,-65.87584179255407,-66.11394039507006,0,0.0,0.3,10
bayesfl_observability_v1,ola_sparse_bayesian_keep010_seed42,145,ola,global,,,layers.1.bias,db,24,-65.87584179255407,-65.39964458752212,-65.6377431900381,0,0.0,0.3,10
bayesfl_observability_v1,ola_sparse_bayesian_keep010_seed42,145,ola,global,,,layers.1.bias,db,25,-65.39964458752212,-64.92344738249014,-65.16154598500613,0,0.0,0.3,10
bayesfl_observability_v1,ola_sparse_bayesian_keep010_seed42,145,ola,global,,,layers.1.bias,db,26,-64.92344738249014,-64.44725017745817,-64.68534877997416,0,0.0,0.3,10
bayesfl_observability_v1,ola_sparse_bayesian_keep010_seed42,145,ola,global,,,layers.1.bias,db,27,-64.44725017745817,-63.97105297242621,-64.20915157494218,0,0.0,0.3,10
bayesfl_observability_v1,ola_sparse_bayesian_keep010_seed42,145,ola,global,,,layers.1.bias,db,28,-63.97105297242621,-63.49485576739424,-63.732954369910225,0,0.0,0.3,10
bayesfl_observability_v1,ola_sparse_bayesian_keep010_seed42,145,ola,global,,,layers.1.bias,db,29,-63.49485576739424,-63.018658562362276,-63.25675716487826,0,0.0,0.3,10
bayesfl_observability_v1,ola_sparse_bayesian_keep010_seed42,145,ola,global,,,layers.1.bias,db,30,-63.018658562362276,-62.54246135733031,-62.78055995984629,2,0.4199940652456678,0.5,10
bayesfl_observability_v1,ola_sparse_bayesian_keep010_seed42,145,ola,global,,,layers.1.bias,db,31,-62.54246135733031,-62.066264152298345,-62.30436275481433,0,0.0,0.5,10
bayesfl_observability_v1,ola_sparse_bayesian_keep010_seed42,145,ola,global,,,layers.1.bias,db,32,-62.066264152298345,-61.59006694726638,-61.82816554978236,0,0.0,0.5,10
bayesfl_observability_v1,ola_sparse_bayesian_keep010_seed42,145,ola,global,,,layers.1.bias,db,33,-61.59006694726638,-61.113869742234414,-61.3519683447504,0,0.0,0.5,10
bayesfl_observability_v1,ola_sparse_bayesian_keep010_seed42,145,ola,global,,,layers.1.bias,db,34,-61.113869742234414,-60.63767253720245,-60.87577113971843,0,0.0,0.5,10
bayesfl_observability_v1,ola_sparse_bayesian_keep010_seed42,145,ola,global,,,layers.1.bias,db,35,-60.63767253720245,-60.16147533217048,-60.399573934686465,0,0.0,0.5,10
bayesfl_observability_v1,ola_sparse_bayesian_keep010_seed42,145,ola,global,,,layers.1.bias,db,36,-60.16147533217048,-59.68527812713852,-59.9233767296545,0,0.0,0.5,10
bayesfl_observability_v1,ola_sparse_bayesian_keep010_seed42,145,ola,global,,,layers.1.bias,db,37,-59.68527812713852,-59.209080922106544,-59.44717952462253,0,0.0,0.5,10
bayesfl_observability_v1,ola_sparse_bayesian_keep010_seed42,145,ola,global,,,layers.1.bias,db,38,-59.209080922106544,-58.73288371707458,-58.97098231959056,0,0.0,0.5,10
bayesfl_observability_v1,ola_sparse_bayesian_keep010_seed42,145,ola,global,,,layers.1.bias,db,39,-58.73288371707458,-58.25668651204261,-58.494785114558596,0,0.0,0.5,10
bayesfl_observability_v1,ola_sparse_bayesian_keep010_seed42,145,ola,global,,,layers.1.bias,db,40,-58.25668651204261,-57.78048930701065,-58.01858790952663,1,0.2099970326228339,0.6,10
bayesfl_observability_v1,ola_sparse_bayesian_keep010_seed42,145,ola,global,,,layers.1.bias,db,41,-57.78048930701065,-57.30429210197868,-57.542390704494665,0,0.0,0.6,10
bayesfl_observability_v1,ola_sparse_bayesian_keep010_seed42,145,ola,global,,,layers.1.bias,db,42,-57.30429210197868,-56.82809489694671,-57.0661934994627,0,0.0,0.6,10
bayesfl_observability_v1,ola_sparse_bayesian_keep010_seed42,145,ola,global,,,layers.1.bias,db,43,-56.82809489694671,-56.35189769191474,-56.589996294430726,0,0.0,0.6,10
bayesfl_observability_v1,ola_sparse_bayesian_keep010_seed42,145,ola,global,,,layers.1.bias,db,44,-56.35189769191474,-55.87570048688278,-56.11379908939876,0,0.0,0.6,10
bayesfl_observability_v1,ola_sparse_bayesian_keep010_seed42,145,ola,global,,,layers.1.bias,db,45,-55.87570048688278,-55.39950328185081,-55.637601884366795,0,0.0,0.6,10
bayesfl_observability_v1,ola_sparse_bayesian_keep010_seed42,145,ola,global,,,layers.1.bias,db,46,-55.39950328185081,-54.92330607681885,-55.16140467933483,0,0.0,0.6,10
bayesfl_observability_v1,ola_sparse_bayesian_keep010_seed42,145,ola,global,,,layers.1.bias,db,47,-54.92330607681885,-54.44710887178688,-54.685207474302864,0,0.0,0.6,10
bayesfl_observability_v1,ola_sparse_bayesian_keep010_seed42,145,ola,global,,,layers.1.bias,db,48,-54.44710887178688,-53.970911666754915,-54.2090102692709,0,0.0,0.6,10
bayesfl_observability_v1,ola_sparse_bayesian_keep010_seed42,145,ola,global,,,layers.1.bias,db,49,-53.970911666754915,-53.49471446172295,-53.73281306423893,0,0.0,0.6,10
bayesfl_observability_v1,ola_sparse_bayesian_keep010_seed42,145,ola,global,,,layers.1.bias,db,50,-53.49471446172295,-53.018517256690984,-53.25661585920697,0,0.0,0.6,10
bayesfl_observability_v1,ola_sparse_bayesian_keep010_seed42,145,ola,global,,,layers.1.bias,db,51,-53.018517256690984,-52.54232005165902,-52.780418654175,0,0.0,0.6,10
bayesfl_observability_v1,ola_sparse_bayesian_keep010_seed42,145,ola,global,,,layers.1.bias,db,52,-52.54232005165902,-52.06612284662705,-52.304221449143036,0,0.0,0.6,10
bayesfl_observability_v1,ola_sparse_bayesian_keep010_seed42,145,ola,global,,,layers.1.bias,db,53,-52.06612284662705,-51.58992564159508,-51.82802424411106,0,0.0,0.6,10
bayesfl_observability_v1,ola_sparse_bayesian_keep010_seed42,145,ola,global,,,layers.1.bias,db,54,-51.58992564159508,-51.113728436563115,-51.3518270390791,0,0.0,0.6,10
bayesfl_observability_v1,ola_sparse_bayesian_keep010_seed42,145,ola,global,,,layers.1.bias,db,55,-51.113728436563115,-50.63753123153115,-50.87562983404713,0,0.0,0.6,10
bayesfl_observability_v1,ola_sparse_bayesian_keep010_seed42,145,ola,global,,,layers.1.bias,db,56,-50.63753123153115,-50.16133402649918,-50.399432629015166,0,0.0,0.6,10
bayesfl_observability_v1,ola_sparse_bayesian_keep010_seed42,145,ola,global,,,layers.1.bias,db,57,-50.16133402649918,-49.68513682146722,-49.9232354239832,0,0.0,0.6,10
bayesfl_observability_v1,ola_sparse_bayesian_keep010_seed42,145,ola,global,,,layers.1.bias,db,58,-49.68513682146722,-49.208939616435245,-49.447038218951235,0,0.0,0.6,10
bayesfl_observability_v1,ola_sparse_bayesian_keep010_seed42,145,ola,global,,,layers.1.bias,db,59,-49.208939616435245,-48.73274241140328,-48.97084101391926,0,0.0,0.6,10
bayesfl_observability_v1,ola_sparse_bayesian_keep010_seed42,145,ola,global,,,layers.1.bias,db,60,-48.73274241140328,-48.256545206371314,-48.4946438088873,0,0.0,0.6,10
bayesfl_observability_v1,ola_sparse_bayesian_keep010_seed42,145,ola,global,,,layers.1.bias,db,61,-48.256545206371314,-47.78034800133935,-48.01844660385533,0,0.0,0.6,10
bayesfl_observability_v1,ola_sparse_bayesian_keep010_seed42,145,ola,global,,,layers.1.bias,db,62,-47.78034800133935,-47.30415079630738,-47.542249398823365,0,0.0,0.6,10
bayesfl_observability_v1,ola_sparse_bayesian_keep010_seed42,145,ola,global,,,layers.1.bias,db,63,-47.30415079630738,-46.82795359127542,-47.0660521937914,0,0.0,0.6,10
bayesfl_observability_v1,ola_sparse_bayesian_keep010_seed42,145,ola,global,,,layers.1.bias,db,64,-46.82795359127542,-46.35175638624345,-46.589854988759434,0,0.0,0.6,10
bayesfl_observability_v1,ola_sparse_bayesian_keep010_seed42,145,ola,global,,,layers.1.bias,db,65,-46.35175638624345,-45.875559181211486,-46.11365778372747,0,0.0,0.6,10
bayesfl_observability_v1,ola_sparse_bayesian_keep010_seed42,145,ola,global,,,layers.1.bias,db,66,-45.875559181211486,-45.39936197617952,-45.6374605786955,0,0.0,0.6,10
bayesfl_observability_v1,ola_sparse_bayesian_keep010_seed42,145,ola,global,,,layers.1.bias,db,67,-45.39936197617952,-44.923164771147555,-45.16126337366354,2,0.4199940652456678,0.8,10
bayesfl_observability_v1,ola_sparse_bayesian_keep010_seed42,145,ola,global,,,layers.1.bias,db,68,-44.923164771147555,-44.44696756611558,-44.685066168631565,0,0.0,0.8,10
bayesfl_observability_v1,ola_sparse_bayesian_keep010_seed42,145,ola,global,,,layers.1.bias,db,69,-44.44696756611558,-43.970770361083616,-44.2088689635996,1,0.2099970326228339,0.9,10
bayesfl_observability_v1,ola_sparse_bayesian_keep010_seed42,145,ola,global,,,layers.1.bias,db,70,-43.970770361083616,-43.49457315605165,-43.73267175856763,0,0.0,0.9,10
bayesfl_observability_v1,ola_sparse_bayesian_keep010_seed42,145,ola,global,,,layers.1.bias,db,71,-43.49457315605165,-43.018375951019685,-43.25647455353567,0,0.0,0.9,10
bayesfl_observability_v1,ola_sparse_bayesian_keep010_seed42,145,ola,global,,,layers.1.bias,db,72,-43.018375951019685,-42.54217874598772,-42.7802773485037,0,0.0,0.9,10
bayesfl_observability_v1,ola_sparse_bayesian_keep010_seed42,145,ola,global,,,layers.1.bias,db,73,-42.54217874598772,-42.065981540955754,-42.30408014347174,0,0.0,0.9,10
bayesfl_observability_v1,ola_sparse_bayesian_keep010_seed42,145,ola,global,,,layers.1.bias,db,74,-42.065981540955754,-41.58978433592379,-41.82788293843977,0,0.0,0.9,10
bayesfl_observability_v1,ola_sparse_bayesian_keep010_seed42,145,ola,global,,,layers.1.bias,db,75,-41.58978433592379,-41.113587130891815,-41.351685733407805,0,0.0,0.9,10
bayesfl_observability_v1,ola_sparse_bayesian_keep010_seed42,145,ola,global,,,layers.1.bias,db,76,-41.113587130891815,-40.63738992585985,-40.87548852837583,0,0.0,0.9,10
bayesfl_observability_v1,ola_sparse_bayesian_keep010_seed42,145,ola,global,,,layers.1.bias,db,77,-40.63738992585985,-40.161192720827884,-40.39929132334387,0,0.0,0.9,10
bayesfl_observability_v1,ola_sparse_bayesian_keep010_seed42,145,ola,global,,,layers.1.bias,db,78,-40.161192720827884,-39.68499551579592,-39.9230941183119,0,0.0,0.9,10
bayesfl_observability_v1,ola_sparse_bayesian_keep010_seed42,145,ola,global,,,layers.1.bias,db,79,-39.68499551579592,-39.20879831076395,-39.446896913279936,1,0.2099970326228339,1.0,10
bayesfl_observability_v1,ola_sparse_bayesian_keep010_seed42,150,ola,global,,,all,raw,0,1.7164736941491504e-08,0.001467505671860699,0.0007337614182988203,85357,571.5374062220009,0.8387245750221087,101770
bayesfl_observability_v1,ola_sparse_bayesian_keep010_seed42,150,ola,global,,,all,raw,1,0.001467505671860699,0.002934994178984457,0.0022012499254225777,14160,94.81319249860623,0.9778618453375258,101770
bayesfl_observability_v1,ola_sparse_bayesian_keep010_seed42,150,ola,global,,,all,raw,2,0.002934994178984457,0.004402482686108215,0.003668738432546336,1424,9.534886025283564,0.9918541809963644,101770
bayesfl_observability_v1,ola_sparse_bayesian_keep010_seed42,150,ola,global,,,all,raw,3,0.004402482686108215,0.005869971193231972,0.005136226939670093,197,1.3190818447899317,0.9937899184435491,101770
bayesfl_observability_v1,ola_sparse_bayesian_keep010_seed42,150,ola,global,,,all,raw,4,0.005869971193231972,0.007337459700355729,0.006603715446793851,104,0.6963680804982381,0.9948118305984082,101770
bayesfl_observability_v1,ola_sparse_bayesian_keep010_seed42,150,ola,global,,,all,raw,5,0.007337459700355729,0.008804948207479487,0.008071203953917607,93,0.6227137642916937,0.995725655890734,101770
bayesfl_observability_v1,ola_sparse_bayesian_keep010_seed42,150,ola,global,,,all,raw,6,0.008804948207479487,0.010272436714603244,0.009538692461041366,82,0.5490594480851493,0.9965313943205267,101770
bayesfl_observability_v1,ola_sparse_bayesian_keep010_seed42,150,ola,global,,,all,raw,7,0.010272436714603244,0.011739925221727001,0.011006180968165122,58,0.3883591218163251,0.9971013068684288,101770
bayesfl_observability_v1,ola_sparse_bayesian_keep010_seed42,150,ola,global,,,all,raw,8,0.011739925221727001,0.013207413728850759,0.012473669475288881,44,0.2946172648261776,0.9975336543185614,101770
bayesfl_observability_v1,ola_sparse_bayesian_keep010_seed42,150,ola,global,,,all,raw,9,0.013207413728850759,0.014674902235974516,0.013941157982412637,33,0.22096294861963323,0.9978579149061609,101770
bayesfl_observability_v1,ola_sparse_bayesian_keep010_seed42,150,ola,global,,,all,raw,10,0.014674902235974516,0.016142390743098273,0.015408646489536396,29,0.19417956090816255,0.998142871180112,101770
bayesfl_observability_v1,ola_sparse_bayesian_keep010_seed42,150,ola,global,,,all,raw,11,0.016142390743098273,0.017609879250222032,0.01687613499666015,34,0.2276587955475006,0.9984769578461236,101770
bayesfl_observability_v1,ola_sparse_bayesian_keep010_seed42,150,ola,global,,,all,raw,12,0.017609879250222032,0.019077367757345788,0.01834362350378391,26,0.1740920201245597,0.9987324358848384,101770
bayesfl_observability_v1,ola_sparse_bayesian_keep010_seed42,150,ola,global,,,all,raw,13,0.019077367757345788,0.020544856264469547,0.01981111201090767,20,0.1339169385573533,0.9989289574530805,101770
bayesfl_observability_v1,ola_sparse_bayesian_keep010_seed42,150,ola,global,,,all,raw,14,0.020544856264469547,0.022012344771593303,0.021278600518031425,14,0.09374185699014753,0.9990665225508499,101770
bayesfl_observability_v1,ola_sparse_bayesian_keep010_seed42,150,ola,global,,,all,raw,15,0.022012344771593303,0.023479833278717062,0.02274608902515518,9,0.06026262235080898,0.9991549572565589,101770
bayesfl_observability_v1,ola_sparse_bayesian_keep010_seed42,150,ola,global,,,all,raw,16,0.023479833278717062,0.02494732178584082,0.024213577532278943,10,0.06695846927867664,0.99925321804068,101770
bayesfl_observability_v1,ola_sparse_bayesian_keep010_seed42,150,ola,global,,,all,raw,17,0.02494732178584082,0.026414810292964577,0.0256810660394027,9,0.060262622350809134,0.9993416527463889,101770
bayesfl_observability_v1,ola_sparse_bayesian_keep010_seed42,150,ola,global,,,all,raw,18,0.026414810292964577,0.027882298800088336,0.027148554546526454,6,0.040175081567205985,0.9994006092168616,101770
bayesfl_observability_v1,ola_sparse_bayesian_keep010_seed42,150,ola,global,,,all,raw,19,0.027882298800088336,0.02934978730721209,0.028616043053650213,6,0.04017508156720609,0.9994595656873342,101770
bayesfl_observability_v1,ola_sparse_bayesian_keep010_seed42,150,ola,global,,,all,raw,20,0.02934978730721209,0.03081727581433585,0.030083531560773973,8,0.05356677542294132,0.999538174314631,101770
bayesfl_observability_v1,ola_sparse_bayesian_keep010_seed42,150,ola,global,,,all,raw,21,0.03081727581433585,0.03228476432145961,0.03155102006789773,3,0.020087540783602992,0.9995676525498673,101770
bayesfl_observability_v1,ola_sparse_bayesian_keep010_seed42,150,ola,global,,,all,raw,22,0.03228476432145961,0.033752252828583365,0.03301850857502149,3,0.020087540783603045,0.9995971307851037,101770
bayesfl_observability_v1,ola_sparse_bayesian_keep010_seed42,150,ola,global,,,all,raw,23,0.033752252828583365,0.03521974133570713,0.034485997082145246,7,0.046870928495073544,0.9996659133339884,101770
bayesfl_observability_v1,ola_sparse_bayesian_keep010_seed42,150,ola,global,,,all,raw,24,0.03521974133570713,0.03668722984283088,0.035953485589269,4,0.026783387711470725,0.9997052176476369,101770
bayesfl_observability_v1,ola_sparse_bayesian_keep010_seed42,150,ola,global,,,all,raw,25,0.03668722984283088,0.03815471834995464,0.037420974096392765,0,0.0,0.9997052176476369,101770
bayesfl_observability_v1,ola_sparse_bayesian_keep010_seed42,150,ola,global,,,all,raw,26,0.03815471834995464,0.0396222068570784,0.03888846260351652,2,0.013391693855735298,0.9997248698044611,101770
bayesfl_observability_v1,ola_sparse_bayesian_keep010_seed42,150,ola,global,,,all,raw,27,0.0396222068570784,0.04108969536420216,0.040355951110640276,3,0.020087540783603045,0.9997543480396973,101770
bayesfl_observability_v1,ola_sparse_bayesian_keep010_seed42,150,ola,global,,,all,raw,28,0.04108969536420216,0.04255718387132591,0.04182343961776404,3,0.020087540783603045,0.9997838262749337,101770
bayesfl_observability_v1,ola_sparse_bayesian_keep010_seed42,150,ola,global,,,all,raw,29,0.04255718387132591,0.04402467237844967,0.04329092812488779,1,0.006695846927867681,0.9997936523533458,101770
bayesfl_observability_v1,ola_sparse_bayesian_keep010_seed42,150,ola,global,,,all,raw,30,0.04402467237844967,0.04549216088557343,0.04475841663201155,2,0.013391693855735298,0.99981330451017,101770
bayesfl_observability_v1,ola_sparse_bayesian_keep010_seed42,150,ola,global,,,all,raw,31,0.04549216088557343,0.046959649392697186,0.04622590513913531,2,0.013391693855735362,0.9998329566669942,101770
bayesfl_observability_v1,ola_sparse_bayesian_keep010_seed42,150,ola,global,,,all,raw,32,0.046959649392697186,0.04842713789982094,0.04769339364625906,2,0.013391693855735362,0.9998526088238184,101770
bayesfl_observability_v1,ola_sparse_bayesian_keep010_seed42,150,ola,global,,,all,raw,33,0.04842713789982094,0.049894626406944705,0.04916088215338282,0,0.0,0.9998526088238184,101770
bayesfl_observability_v1,ola_sparse_bayesian_keep010_seed42,150,ola,global,,,all,raw,34,0.049894626406944705,0.05136211491406846,0.050628370660506586,1,0.006695846927867681,0.9998624349022305,101770
bayesfl_observability_v1,ola_sparse_bayesian_keep010_seed42,150,ola,global,,,all,raw,35,0.05136211491406846,0.052829603421192216,0.052095859167630335,0,0.0,0.9998624349022305,101770
bayesfl_observability_v1,ola_sparse_bayesian_keep010_seed42,150,ola,global,,,all,raw,36,0.052829603421192216,0.05429709192831597,0.0535633476747541,1,0.006695846927867681,0.9998722609806426,101770
bayesfl_observability_v1,ola_sparse_bayesian_keep010_seed42,150,ola,global,,,all,raw,37,0.05429709192831597,0.055764580435439734,0.05503083618187785,2,0.013391693855735298,0.9998919131374668,101770
bayesfl_observability_v1,ola_sparse_bayesian_keep010_seed42,150,ola,global,,,all,raw,38,0.055764580435439734,0.05723206894256349,0.05649832468900161,2,0.013391693855735362,0.999911565294291,101770
bayesfl_observability_v1,ola_sparse_bayesian_keep010_seed42,150,ola,global,,,all,raw,39,0.05723206894256349,0.058699557449687245,0.05796581319612537,0,0.0,0.999911565294291,101770
bayesfl_observability_v1,ola_sparse_bayesian_keep010_seed42,150,ola,global,,,all,raw,40,0.058699557449687245,0.06016704595681101,0.059433301703249126,1,0.006695846927867649,0.9999213913727032,101770
bayesfl_observability_v1,ola_sparse_bayesian_keep010_seed42,150,ola,global,,,all,raw,41,0.06016704595681101,0.06163453446393476,0.06090079021037288,0,0.0,0.9999213913727032,101770
bayesfl_observability_v1,ola_sparse_bayesian_keep010_seed42,150,ola,global,,,all,raw,42,0.06163453446393476,0.06310202297105852,0.062368278717496645,2,0.013391693855735362,0.9999410435295274,101770
bayesfl_observability_v1,ola_sparse_bayesian_keep010_seed42,150,ola,global,,,all,raw,43,0.06310202297105852,0.06456951147818227,0.0638357672246204,2,0.013391693855735427,0.9999606956863516,101770
bayesfl_observability_v1,ola_sparse_bayesian_keep010_seed42,150,ola,global,,,all,raw,44,0.06456951147818227,0.06603699998530603,0.06530325573174414,0,0.0,0.9999606956863516,101770
bayesfl_observability_v1,ola_sparse_bayesian_keep010_seed42,150,ola,global,,,all,raw,45,0.06603699998530603,0.06750448849242978,0.0667707442388679,0,0.0,0.9999606956863516,101770
bayesfl_observability_v1,ola_sparse_bayesian_keep010_seed42,150,ola,global,,,all,raw,46,0.06750448849242978,0.06897197699955354,0.06823823274599167,0,0.0,0.9999606956863516,101770
bayesfl_observability_v1,ola_sparse_bayesian_keep010_seed42,150,ola,global,,,all,raw,47,0.06897197699955354,0.0704394655066773,0.06970572125311542,0,0.0,0.9999606956863516,101770
bayesfl_observability_v1,ola_sparse_bayesian_keep010_seed42,150,ola,global,,,all,raw,48,0.0704394655066773,0.07190695401380105,0.07117320976023918,0,0.0,0.9999606956863516,101770
bayesfl_observability_v1,ola_sparse_bayesian_keep010_seed42,150,ola,global,,,all,raw,49,0.07190695401380105,0.07337444252092482,0.07264069826736294,1,0.006695846927867649,0.9999705217647636,101770
bayesfl_observability_v1,ola_sparse_bayesian_keep010_seed42,150,ola,global,,,all,raw,50,0.07337444252092482,0.07484193102804858,0.07410818677448669,0,0.0,0.9999705217647636,101770
bayesfl_observability_v1,ola_sparse_bayesian_keep010_seed42,150,ola,global,,,all,raw,51,0.07484193102804858,0.07630941953517233,0.07557567528161045,0,0.0,0.9999705217647636,101770
bayesfl_observability_v1,ola_sparse_bayesian_keep010_seed42,150,ola,global,,,all,raw,52,0.07630941953517233,0.07777690804229609,0.07704316378873421,0,0.0,0.9999705217647636,101770
bayesfl_observability_v1,ola_sparse_bayesian_keep010_seed42,150,ola,global,,,all,raw,53,0.07777690804229609,0.07924439654941985,0.07851065229585796,0,0.0,0.9999705217647636,101770
bayesfl_observability_v1,ola_sparse_bayesian_keep010_seed42,150,ola,global,,,all,raw,54,0.07924439654941985,0.0807118850565436,0.07997814080298173,0,0.0,0.9999705217647636,101770
bayesfl_observability_v1,ola_sparse_bayesian_keep010_seed42,150,ola,global,,,all,raw,55,0.0807118850565436,0.08217937356366736,0.08144562931010549,0,0.0,0.9999705217647636,101770
bayesfl_observability_v1,ola_sparse_bayesian_keep010_seed42,150,ola,global,,,all,raw,56,0.08217937356366736,0.08364686207079113,0.08291311781722924,0,0.0,0.9999705217647636,101770
bayesfl_observability_v1,ola_sparse_bayesian_keep010_seed42,150,ola,global,,,all,raw,57,0.08364686207079113,0.08511435057791487,0.084380606324353,1,0.006695846927867713,0.9999803478431758,101770
bayesfl_observability_v1,ola_sparse_bayesian_keep010_seed42,150,ola,global,,,all,raw,58,0.08511435057791487,0.08658183908503864,0.08584809483147676,0,0.0,0.9999803478431758,101770
bayesfl_observability_v1,ola_sparse_bayesian_keep010_seed42,150,ola,global,,,all,raw,59,0.08658183908503864,0.08804932759216239,0.08731558333860051,0,0.0,0.9999803478431758,101770
bayesfl_observability_v1,ola_sparse_bayesian_keep010_seed42,150,ola,global,,,all,raw,60,0.08804932759216239,0.08951681609928615,0.08878307184572426,0,0.0,0.9999803478431758,101770
bayesfl_observability_v1,ola_sparse_bayesian_keep010_seed42,150,ola,global,,,all,raw,61,0.08951681609928615,0.09098430460640991,0.09025056035284804,1,0.006695846927867649,0.9999901739215878,101770
bayesfl_observability_v1,ola_sparse_bayesian_keep010_seed42,150,ola,global,,,all,raw,62,0.09098430460640991,0.09245179311353366,0.09171804885997178,0,0.0,0.9999901739215878,101770
bayesfl_observability_v1,ola_sparse_bayesian_keep010_seed42,150,ola,global,,,all,raw,63,0.09245179311353366,0.09391928162065742,0.09318553736709553,0,0.0,0.9999901739215878,101770
bayesfl_observability_v1,ola_sparse_bayesian_keep010_seed42,150,ola,global,,,all,raw,64,0.09391928162065742,0.09538677012778118,0.09465302587421931,0,0.0,0.9999901739215878,101770
bayesfl_observability_v1,ola_sparse_bayesian_keep010_seed42,150,ola,global,,,all,raw,65,0.09538677012778118,0.09685425863490493,0.09612051438134306,0,0.0,0.9999901739215878,101770
bayesfl_observability_v1,ola_sparse_bayesian_keep010_seed42,150,ola,global,,,all,raw,66,0.09685425863490493,0.0983217471420287,0.09758800288846681,0,0.0,0.9999901739215878,101770
bayesfl_observability_v1,ola_sparse_bayesian_keep010_seed42,150,ola,global,,,all,raw,67,0.0983217471420287,0.09978923564915246,0.09905549139559058,0,0.0,0.9999901739215878,101770
bayesfl_observability_v1,ola_sparse_bayesian_keep010_seed42,150,ola,global,,,all,raw,68,0.09978923564915246,0.1012567241562762,0.10052297990271433,0,0.0,0.9999901739215878,101770
bayesfl_observability_v1,ola_sparse_bayesian_keep010_seed42,150,ola,global,,,all,raw,69,0.1012567241562762,0.10272421266339997,0.10199046840983808,0,0.0,0.9999901739215878,101770
bayesfl_observability_v1,ola_sparse_bayesian_keep010_seed42,150,ola,global,,,all,raw,70,0.10272421266339997,0.10419170117052372,0.10345795691696184,0,0.0,0.9999901739215878,101770
bayesfl_observability_v1,ola_sparse_bayesian_keep010_seed42,150,ola,global,,,all,raw,71,0.10419170117052372,0.10565918967764748,0.1049254454240856,0,0.0,0.9999901739215878,101770
bayesfl_observability_v1,ola_sparse_bayesian_keep010_seed42,150,ola,global,,,all,raw,72,0.10565918967764748,0.10712667818477124,0.10639293393120935,0,0.0,0.9999901739215878,101770
bayesfl_observability_v1,ola_sparse_bayesian_keep010_seed42,150,ola,global,,,all,raw,73,0.10712667818477124,0.10859416669189499,0.10786042243833312,0,0.0,0.9999901739215878,101770
bayesfl_observability_v1,ola_sparse_bayesian_keep010_seed42,150,ola,global,,,all,raw,74,0.10859416669189499,0.11006165519901875,0.10932791094545688,0,0.0,0.9999901739215878,101770
bayesfl_observability_v1,ola_sparse_bayesian_keep010_seed42,150,ola,global,,,all,raw,75,0.11006165519901875,0.11152914370614252,0.11079539945258063,0,0.0,0.9999901739215878,101770
bayesfl_observability_v1,ola_sparse_bayesian_keep010_seed42,150,ola,global,,,all,raw,76,0.11152914370614252,0.11299663221326627,0.11226288795970439,0,0.0,0.9999901739215878,101770
bayesfl_observability_v1,ola_sparse_bayesian_keep010_seed42,150,ola,global,,,all,raw,77,0.11299663221326627,0.11446412072039003,0.11373037646682815,0,0.0,0.9999901739215878,101770
bayesfl_observability_v1,ola_sparse_bayesian_keep010_seed42,150,ola,global,,,all,raw,78,0.11446412072039003,0.11593160922751379,0.1151978649739519,0,0.0,0.9999901739215878,101770
bayesfl_observability_v1,ola_sparse_bayesian_keep010_seed42,150,ola,global,,,all,raw,79,0.11593160922751379,0.11739909773463754,0.11666535348107566,1,0.006695846927867713,1.0,101770
bayesfl_observability_v1,ola_sparse_bayesian_keep010_seed42,150,ola,global,,,all,db,0,-155.30675094321714,-153.59800036663245,-154.4523756549248,2,1.1500892578184556e-05,1.9652156824211458e-05,101770
bayesfl_observability_v1,ola_sparse_bayesian_keep010_seed42,150,ola,global,,,all,db,1,-153.59800036663245,-151.88924979004778,-152.74362507834013,1,5.750446289092373e-06,2.9478235236317185e-05,101770
bayesfl_observability_v1,ola_sparse_bayesian_keep010_seed42,150,ola,global,,,all,db,2,-151.88924979004778,-150.1804992134631,-151.03487450175544,2,1.1500892578184556e-05,4.913039206052864e-05,101770
bayesfl_observability_v1,ola_sparse_bayesian_keep010_seed42,150,ola,global,,,all,db,3,-150.1804992134631,-148.4717486368784,-149.32612392517075,3,1.7251338867276834e-05,7.860862729684583e-05,101770
bayesfl_observability_v1,ola_sparse_bayesian_keep010_seed42,150,ola,global,,,all,db,4,-148.4717486368784,-146.76299806029374,-147.61737334858606,1,5.750446289092373e-06,8.843470570895156e-05,101770
bayesfl_observability_v1,ola_sparse_bayesian_keep010_seed42,150,ola,global,,,all,db,5,-146.76299806029374,-145.05424748370905,-145.9086227720014,1,5.750446289092278e-06,9.826078412105728e-05,101770
bayesfl_observability_v1,ola_sparse_bayesian_keep010_seed42,150,ola,global,,,all,db,6,-145.05424748370905,-143.34549690712436,-144.1998721954167,0,0.0,9.826078412105728e-05,101770
bayesfl_observability_v1,ola_sparse_bayesian_keep010_seed42,150,ola,global,,,all,db,7,-143.34549690712436,-141.6367463305397,-142.49112161883204,1,5.750446289092373e-06,0.00010808686253316301,101770
bayesfl_observability_v1,ola_sparse_bayesian_keep010_seed42,150,ola,global,,,all,db,8,-141.6367463305397,-139.927995753955,-140.78237104224735,0,0.0,0.00010808686253316301,101770
bayesfl_observability_v1,ola_sparse_bayesian_keep010_seed42,150,ola,global,,,all,db,9,-139.927995753955,-138.21924517737034,-139.07362046566266,2,1.1500892578184746e-05,0.00012773901935737446,101770
bayesfl_observability_v1,ola_sparse_bayesian_keep010_seed42,150,ola,global,,,all,db,10,-138.21924517737034,-136.51049460078565,-137.364869889078,1,5.750446289092278e-06,0.0001375650977694802,101770
bayesfl_observability_v1,ola_sparse_bayesian_keep010_seed42,150,ola,global,,,all,db,11,-136.51049460078565,-134.80174402420096,-135.6561193124933,1,5.750446289092278e-06,0.00014739117618158592,101770
bayesfl_observability_v1,ola_sparse_bayesian_keep010_seed42,150,ola,global,,,all,db,12,-134.80174402420096,-133.0929934476163,-133.94736873590864,1,5.750446289092373e-06,0.00015721725459369166,101770
bayesfl_observability_v1,ola_sparse_bayesian_keep010_seed42,150,ola,global,,,all,db,13,-133.0929934476163,-131.3842428710316,-132.23861815932395,6,3.450267773455367e-05,0.00021617372506632602,101770
bayesfl_observability_v1,ola_sparse_bayesian_keep010_seed42,150,ola,global,,,all,db,14,-131.3842428710316,-129.6754922944469,-130.52986758273926,5,2.875223144546139e-05,0.00026530411712685466,101770
bayesfl_observability_v1,ola_sparse_bayesian_keep010_seed42,150,ola,global,,,all,db,15,-129.6754922944469,-127.96674171786223,-128.82111700615457,3,1.725133886727698e-05,0.00029478235236317184,101770
bayesfl_observability_v1,ola_sparse_bayesian_keep010_seed42,150,ola,global,,,all,db,16,-127.96674171786223,-126.25799114127756,-127.1123664295699,5,2.875223144546163e-05,0.0003439127444237005,101770
bayesfl_observability_v1,ola_sparse_bayesian_keep010_seed42,150,ola,global,,,all,db,17,-126.25799114127756,-124.54924056469288,-125.40361585298521,15,8.625669433638489e-05,0.0004913039206052865,101770
bayesfl_observability_v1,ola_sparse_bayesian_keep010_seed42,150,ola,global,,,all,db,18,-124.54924056469288,-122.8404899881082,-123.69486527640055,11,6.325490918001559e-05,0.0005993907831384495,101770
bayesfl_observability_v1,ola_sparse_bayesian_keep010_seed42,150,ola,global,,,all,db,19,-122.8404899881082,-121.13173941152351,-121.98611469981586,7,4.025312402364594e-05,0.0006681733320231895,101770
bayesfl_observability_v1,ola_sparse_bayesian_keep010_seed42,150,ola,global,,,all,db,20,-121.13173941152351,-119.42298883493883,-120.27736412323117,10,5.750446289092326e-05,0.0007664341161442469,101770
bayesfl_observability_v1,ola_sparse_bayesian_keep010_seed42,150,ola,global,,,all,db,21,-119.42298883493883,-117.71423825835416,-118.5686135466465,19,0.0001092584794927542,0.0009531296059742556,101770
bayesfl_observability_v1,ola_sparse_bayesian_keep010_seed42,150,ola,global,,,all,db,22,-117.71423825835416,-116.00548768176947,-116.85986297006181,15,8.625669433638417e-05,0.0011005207821558416,101770
bayesfl_observability_v1,ola_sparse_bayesian_keep010_seed42,150,ola,global,,,all,db,23,-116.00548768176947,-114.29673710518479,-115.15111239347712,30,0.00017251338867276978,0.0013953031345190134,101770
bayesfl_observability_v1,ola_sparse_bayesian_keep010_seed42,150,ola,global,,,all,db,24,-114.29673710518479,-112.58798652860011,-113.44236181689246,29,0.00016676294238367745,0.0016802594084700795,101770
bayesfl_observability_v1,ola_sparse_bayesian_keep010_seed42,150,ola,global,,,all,db,25,-112.58798652860011,-110.87923595201542,-111.73361124030777,44,0.00025301963672006025,0.002112606858602732,101770
bayesfl_observability_v1,ola_sparse_bayesian_keep010_seed42,150,ola,global,,,all,db,26,-110.87923595201542,-109.17048537543074,-110.02486066372308,45,0.0002587700830091547,0.0025547803871474894,101770
bayesfl_observability_v1,ola_sparse_bayesian_keep010_seed42,150,ola,global,,,all,db,27,-109.17048537543074,-107.46173479884607,-108.31611008713841,57,0.0003277754384782626,0.003114866856637516,101770
bayesfl_observability_v1,ola_sparse_bayesian_keep010_seed42,150,ola,global,,,all,db,28,-107.46173479884607,-105.75298422226138,-106.60735951055372,59,0.0003392763310564444,0.003694605482951754,101770
bayesfl_observability_v1,ola_sparse_bayesian_keep010_seed42,150,ola,global,,,all,db,29,-105.75298422226138,-104.0442336456767,-104.89860893396903,86,0.0004945383808619401,0.004539648226392847,101770
bayesfl_observability_v1,ola_sparse_bayesian_keep010_seed42,150,ola,global,,,all,db,30,-104.0442336456767,-102.33548306909202,-103.18985835738437,95,0.000546292397463771,0.00547312567554289,101770
bayesfl_observability_v1,ola_sparse_bayesian_keep010_seed42,150,ola,global,,,all,db,31,-102.33548306909202,-100.62673249250733,-101.48110778079968,126,0.000724556232425627,0.006711211555468213,101770
bayesfl_observability_v1,ola_sparse_bayesian_keep010_seed42,150,ola,global,,,all,db,32,-100.62673249250733,-98.91798191592265,-99.77235720421498,131,0.0007533084638710947,0.007998427827454063,101770
bayesfl_observability_v1,ola_sparse_bayesian_keep010_seed42,150,ola,global,,,all,db,33,-98.91798191592265,-97.20923133933798,-98.06360662763032,145,0.0008338147119183873,0.009423209197209393,101770
bayesfl_observability_v1,ola_sparse_bayesian_keep010_seed42,150,ola,global,,,all,db,34,-97.20923133933798,-95.50048076275328,-96.35485605104563,225,0.0012938504150457626,0.011634076839933182,101770
bayesfl_observability_v1,ola_sparse_bayesian_keep010_seed42,150,ola,global,,,all,db,35,-95.50048076275328,-93.79173018616862,-94.64610547446095,240,0.0013801071093821695,0.013992335658838558,101770
bayesfl_observability_v1,ola_sparse_bayesian_keep010_seed42,150,ola,global,,,all,db,36,-93.79173018616862,-92.08297960958393,-92.93735489787628,317,0.001822891473642252,0.017107202515476073,101770
bayesfl_observability_v1,ola_sparse_bayesian_keep010_seed42,150,ola,global,,,all,db,37,-92.08297960958393,-90.37422903299925,-91.22860432129158,347,0.001995404862315037,0.020516851724476762,101770
bayesfl_observability_v1,ola_sparse_bayesian_keep010_seed42,150,ola,global,,,all,db,38,-90.37422903299925,-88.66547845641456,-89.51985374470691,459,0.0026394548466933555,0.025027021715633292,101770
bayesfl_observability_v1,ola_sparse_bayesian_keep010_seed42,150,ola,global,,,all,db,39,-88.66547845641456,-86.95672787982988,-87.81110316812223,537,0.003087989657242579,0.030303625822934065,101770
bayesfl_observability_v1,ola_sparse_bayesian_keep010_seed42,150,ola,global,,,all,db,40,-86.95672787982988,-85.24797730324521,-86.10235259153754,638,0.003668784732440904,0.03657266384985752,101770
bayesfl_observability_v1,ola_sparse_bayesian_keep010_seed42,150,ola,global,,,all,db,41,-85.24797730324521,-83.53922672666053,-84.39360201495288,802,0.004611857923852046,0.04445317873636632,101770
bayesfl_observability_v1,ola_sparse_bayesian_keep010_seed42,150,ola,global,,,all,db,42,-83.53922672666053,-81.83047615007584,-82.68485143836818,1023,0.0058827065537414005,0.05450525695195048,101770
bayesfl_observability_v1,ola_sparse_bayesian_keep010_seed42,150,ola,global,,,all,db,43,-81.83047615007584,-80.12172557349116,-80.9761008617835,1240,0.007130553398474485,0.06668959418296158,101770
bayesfl_observability_v1,ola_sparse_bayesian_keep010_seed42,150,ola,global,,,all,db,44,-80.12172557349116,-78.41297499690648,-79.26735028519883,1500,0.008625669433638489,0.08142871180112017,101770
bayesfl_observability_v1,ola_sparse_bayesian_keep010_seed42,150,ola,global,,,all,db,45,-78.41297499690648,-76.7042244203218,-77.55859970861414,1729,0.009942521633840549,0.09841800137565097,101770
bayesfl_observability_v1,ola_sparse_bayesian_keep010_seed42,150,ola,global,,,all,db,46,-76.7042244203218,-74.99547384373712,-75.84984913202945,2167,0.01246121710846307,0.11971111329468409,101770
bayesfl_observability_v1,ola_sparse_bayesian_keep010_seed42,150,ola,global,,,all,db,47,-74.99547384373712,-73.28672326715244,-74.14109855544478,2579,0.014830400979569109,0.14505256951950476,101770
bayesfl_observability_v1,ola_sparse_bayesian_keep010_seed42,150,ola,global,,,all,db,48,-73.28672326715244,-71.57797269056775,-72.4323479788601,3247,0.018671699100682625,0.17695784612361207,101770
bayesfl_observability_v1,ola_sparse_bayesian_keep010_seed42,150,ola,global,,,all,db,49,-71.57797269056775,-69.86922211398307,-70.7235974022754,3970,0.022829271767696533,0.2159673774196718,101770
bayesfl_observability_v1,ola_sparse_bayesian_keep010_seed42,150,ola,global,,,all,db,50,-69.86922211398307,-68.1604715373984,-69.01484682569074,4823,0.02773440245229229,0.26335855360125776,101770
bayesfl_observability_v1,ola_sparse_bayesian_keep010_seed42,150,ola,global,,,all,db,51,-68.1604715373984,-66.45172096081372,-67.30609624910605,5883,0.03382987551873015,0.3211653728996757,101770
bayesfl_observability_v1,ola_sparse_bayesian_keep010_seed42,150,ola,global,,,all,db,52,-66.45172096081372,-64.74297038422903,-65.59734567252137,7054,0.040563648123256926,0.39047853001866956,101770
bayesfl_observability_v1,ola_sparse_bayesian_keep010_seed42,150,ola,global,,,all,db,53,-64.74297038422903,-63.03421980764435,-63.88859509593669,8513,0.048953549259042974,0.47412793554092564,101770
bayesfl_observability_v1,ola_sparse_bayesian_keep010_seed42,150,ola,global,,,all,db,54,-63.03421980764435,-61.32546923105967,-62.17984451935201,10114,0.058160013767879784,0.5735088926009629,101770
bayesfl_observability_v1,ola_sparse_bayesian_keep010_seed42,150,ola,global,,,all,db,55,-61.32546923105967,-59.61671865447498,-60.471093942767325,12369,0.07112727014978239,0.6950476564802988,101770
bayesfl_observability_v1,ola_sparse_bayesian_keep010_seed42,150,ola,global,,,all,db,56,-59.61671865447498,-57.9079680778903,-58.76234336618264,9948,0.05720543968389046,0.7927974845239265,101770
bayesfl_observability_v1,ola_sparse_bayesian_keep010_seed42,150,ola,global,,,all,db,57,-57.9079680778903,-56.199217501305625,-57.053592789597964,6285,0.03614155492694527,0.854554387344011,101770
bayesfl_observability_v1,ola_sparse_bayesian_keep010_seed42,150,ola,global,,,all,db,58,-56.199217501305625,-54.490466924720934,-55.34484221301328,5271,0.0303106023898054,0.9063476466542203,101770
bayesfl_observability_v1,ola_sparse_bayesian_keep010_seed42,150,ola,global,,,all,db,59,-54.490466924720934,-52.78171634813626,-53.636091636428596,4092,0.0235308262149658,0.9465559595165569,101770
bayesfl_observability_v1,ola_sparse_bayesian_keep010_seed42,150,ola,global,,,all,db,60,-52.78171634813626,-51.07296577155158,-51.92734105984392,2738,0.01574472193953479,0.9734597622089024,101770
bayesfl_observability_v1,ola_sparse_bayesian_keep010_seed42,150,ola,global,,,all,db,61,-51.07296577155158,-49.3642151949669,-50.21859048325924,1296,0.007452578390663655,0.9861943598309915,101770
bayesfl_observability_v1,ola_sparse_bayesian_keep010_seed42,150,ola,global,,,all,db,62,-49.3642151949669,-47.65546461838221,-48.50983990667456,500,0.002875223144546139,0.9911073990370444,101770
bayesfl_observability_v1,ola_sparse_bayesian_keep010_seed42,150,ola,global,,,all,db,63,-47.65546461838221,-45.946714041797534,-46.80108933008987,184,0.001058082117192988,0.9929153974648718,101770
bayesfl_observability_v1,ola_sparse_bayesian_keep010_seed42,150,ola,global,,,all,db,64,-45.946714041797534,-44.23796346521286,-45.092338753505196,105,0.0006037968603546943,0.9939471356981429,101770
bayesfl_observability_v1,ola_sparse_bayesian_keep010_seed42,150,ola,global,,,all,db,65,-44.23796346521286,-42.529212888628166,-43.38358817692051,99,0.0005692941826201355,0.9949199174609413,101770
bayesfl_observability_v1,ola_sparse_bayesian_keep010_seed42,150,ola,global,,,all,db,66,-42.529212888628166,-40.82046231204349,-41.67483760033583,99,0.0005692941826201403,0.9958926992237398,101770
bayesfl_observability_v1,ola_sparse_bayesian_keep010_seed42,150,ola,global,,,all,db,67,-40.82046231204349,-39.11171173545881,-39.96608702375115,96,0.0005520428437528634,0.9968360027513019,101770
bayesfl_observability_v1,ola_sparse_bayesian_keep010_seed42,150,ola,global,,,all,db,68,-39.11171173545881,-37.402961158874135,-38.25733644716647,77,0.0004427843642601091,0.997592610789034,101770
bayesfl_observability_v1,ola_sparse_bayesian_keep010_seed42,150,ola,global,,,all,db,69,-37.402961158874135,-35.69421058228944,-36.54858587058179,66,0.00037952945508009034,0.998241131964233,101770
bayesfl_observability_v1,ola_sparse_bayesian_keep010_seed42,150,ola,global,,,all,db,70,-35.69421058228944,-33.985460005704766,-34.839835293997105,61,0.0003507772236346319,0.9988405227473716,101770
bayesfl_observability_v1,ola_sparse_bayesian_keep010_seed42,150,ola,global,,,all,db,71,-33.985460005704766,-32.27670942912009,-33.13108471741243,38,0.0002185169589855084,0.9992139137270315,101770
bayesfl_observability_v1,ola_sparse_bayesian_keep010_seed42,150,ola,global,,,all,db,72,-32.27670942912009,-30.567958852535398,-31.422334140827743,25,0.00014376115722730695,0.9994595656873342,101770
bayesfl_observability_v1,ola_sparse_bayesian_keep010_seed42,150,ola,global,,,all,db,73,-30.567958852535398,-28.85920827595072,-29.71358356424306,22,0.00012650981836003118,0.9996757394124005,101770
bayesfl_observability_v1,ola_sparse_bayesian_keep010_seed42,150,ola,global,,,all,db,74,-28.85920827595072,-27.15045769936603,-28.004832987658375,12,6.900535546910734e-05,0.9997936523533458,101770
bayesfl_observability_v1,ola_sparse_bayesian_keep010_seed42,150,ola,global,,,all,db,75,-27.15045769936603,-25.441707122781366,-26.296082411073698,7,4.0253124023646614e-05,0.9998624349022305,101770
bayesfl_observability_v1,ola_sparse_bayesian_keep010_seed42,150,ola,global,,,all,db,76,-25.441707122781366,-23.732956546196675,-24.58733183448902,10,5.750446289092278e-05,0.9999606956863516,101770
bayesfl_observability_v1,ola_sparse_bayesian_keep010_seed42,150,ola,global,,,all,db,77,-23.732956546196675,-22.024205969611984,-22.87858125790433,1,5.750446289092278e-06,0.9999705217647636,101770
bayesfl_observability_v1,ola_sparse_bayesian_keep010_seed42,150,ola,global,,,all,db,78,-22.024205969611984,-20.31545539302732,-21.169830681319652,2,1.1500892578184746e-05,0.9999901739215878,101770
bayesfl_observability_v1,ola_sparse_bayesian_keep010_seed42,150,ola,global,,,all,db,79,-20.31545539302732,-18.606704816442633,-19.461080104734975,1,5.75044628909229e-06,1.0,101770
bayesfl_observability_v1,ola_sparse_bayesian_keep010_seed42,150,ola,global,,,layers.0.weight,raw,0,1.7164736941491504e-08,7.43178115633206e-05,3.716748815013105e-05,5039,675.8117392918522,0.050213249362244895,100352
bayesfl_observability_v1,ola_sparse_bayesian_keep010_seed42,150,ola,global,,,layers.0.weight,raw,1,7.43178115633206e-05,0.0001486184583896997,0.00011146813497651015,5077,680.9081564565854,0.10080516581632654,100352
bayesfl_observability_v1,ola_sparse_bayesian_keep010_seed42,150,ola,global,,,layers.0.weight,raw,2,0.0001486184583896997,0.00022291910521607882,0.00018576878180288925,5025,673.9341119153713,0.15087890625,100352
bayesfl_observability_v1,ola_sparse_bayesian_keep010_seed42,150,ola,global,,,layers.0.weight,raw,3,0.00022291910521607882,0.0002972197520424579,0.0002600694286292684,5119,686.5410385860273,0.20188934948979592,100352
bayesfl_observability_v1,ola_sparse_bayesian_keep010_seed42,150,ola,global,,,layers.0.weight,raw,4,0.0002972197520424579,0.000371520398868837,0.00033437007545564744,5075,680.639923974231,0.25246133609693877,100352
bayesfl_observability_v1,ola_sparse_bayesian_keep010_seed42,150,ola,global,,,layers.0.weight,raw,5,0.000371520398868837,0.00044582104569521617,0.0004086707222820266,5160,692.0398044742915,0.3038803411989796,100352
bayesfl_observability_v1,ola_sparse_bayesian_keep010_seed42,150,ola,global,,,layers.0.weight,raw,6,0.00044582104569521617,0.0005201216925215952,0.0004829713691084057,5095,683.3222487977753,0.3546516262755102,100352
bayesfl_observability_v1,ola_sparse_bayesian_keep010_seed42,150,ola,global,,,layers.0.weight,raw,7,0.0005201216925215952,0.0005944223393479744,0.0005572720159347848,5065,679.2987615624586,0.40512396364795916,100352
bayesfl_observability_v1,ola_sparse_bayesian_keep010_seed42,150,ola,global,,,layers.0.weight,raw,8,0.0005944223393479744,0.0006687229861743535,0.0006315726627611639,5030,674.604693121257,0.4552475286989796,100352
bayesfl_observability_v1,ola_sparse_bayesian_keep010_seed42,150,ola,global,,,layers.0.weight,raw,9,0.0006687229861743535,0.0007430236330007326,0.000705873309587543,4936,661.9977664506023,0.5044343909438775,100352
bayesfl_observability_v1,ola_sparse_bayesian_keep010_seed42,150,ola,global,,,layers.0.weight,raw,10,0.0007430236330007326,0.0008173242798271117,0.0007801739564139221,4842,649.3908397799456,0.5526845503826531,100352
bayesfl_observability_v1,ola_sparse_bayesian_keep010_seed42,150,ola,global,,,layers.0.weight,raw,11,0.0008173242798271117,0.0008916249266534909,0.0008544746032403013,4901,657.3036980093998,0.6015226403061225,100352
bayesfl_observability_v1,ola_sparse_bayesian_keep010_seed42,150,ola,global,,,layers.0.weight,raw,12,0.0008916249266534909,0.0009659255734798699,0.0009287752500666804,5002,670.8494383682968,0.6513671875,100352
bayesfl_observability_v1,ola_sparse_bayesian_keep010_seed42,150,ola,global,,,layers.0.weight,raw,13,0.0009659255734798699,0.001040226220306249,0.0010030758968930594,4863,652.2072808446675,0.6998266103316326,100352
bayesfl_observability_v1,ola_sparse_bayesian_keep010_seed42,150,ola,global,,,layers.0.weight,raw,14,0.001040226220306249,0.001114526867132628,0.0010773765437194385,4234,567.8481651442152,0.7420180963010204,100352
bayesfl_observability_v1,ola_sparse_bayesian_keep010_seed42,150,ola,global,,,layers.0.weight,raw,15,0.001114526867132628,0.0011888275139590072,0.0011516771905458177,3218,431.58606410819186,0.7740852200255102,100352
bayesfl_observability_v1,ola_sparse_bayesian_keep010_seed42,150,ola,global,,,layers.0.weight,raw,16,0.0011888275139590072,0.0012631281607853864,0.0012259778373721968,2506,336.09530039003386,0.7990573182397959,100352
bayesfl_observability_v1,ola_sparse_bayesian_keep010_seed42,150,ola,global,,,layers.0.weight,raw,17,0.0012631281607853864,0.0013374288076117655,0.001300278484198576,1976,265.01369256612406,0.8187480070153061,100352
bayesfl_observability_v1,ola_sparse_bayesian_keep010_seed42,150,ola,global,,,layers.0.weight,raw,18,0.0013374288076117655,0.0014117294544381445,0.0013745791310249551,1749,234.56930581890296,0.8361766581632653,100352
bayesfl_observability_v1,ola_sparse_bayesian_keep010_seed42,150,ola,global,,,layers.0.weight,raw,19,0.0014117294544381445,0.0014860301012645236,0.001448879777851334,1574,211.09896361289435,0.8518614477040817,100352
bayesfl_observability_v1,ola_sparse_bayesian_keep010_seed42,150,ola,global,,,layers.0.weight,raw,20,0.0014860301012645236,0.0015603307480909028,0.0015231804246777132,1382,185.3486453068742,0.8656329719387755,100352
bayesfl_observability_v1,ola_sparse_bayesian_keep010_seed42,150,ola,global,,,layers.0.weight,raw,21,0.0015603307480909028,0.001634631394917282,0.0015974810715040923,1336,179.17929821272355,0.8789461096938775,100352
bayesfl_observability_v1,ola_sparse_bayesian_keep010_seed42,150,ola,global,,,layers.0.weight,raw,22,0.001634631394917282,0.001708932041743661,0.0016717817183304715,1194,160.1347919655628,0.8908442283163265,100352
bayesfl_observability_v1,ola_sparse_bayesian_keep010_seed42,150,ola,global,,,layers.0.weight,raw,23,0.001708932041743661,0.0017832326885700402,0.0017460823651568506,1070,143.50437805959146,0.9015066964285714,100352
bayesfl_observability_v1,ola_sparse_bayesian_keep010_seed42,150,ola,global,,,layers.0.weight,raw,24,0.0017832326885700402,0.0018575333353964192,0.0018203830119832296,1098,147.25963281255315,0.9124481823979592,100352
bayesfl_observability_v1,ola_sparse_bayesian_keep010_seed42,150,ola,global,,,layers.0.weight,raw,25,0.0018575333353964192,0.0019318339822227983,0.0018946836588096087,904,121.2410820241782,0.9214564732142857,100352
bayesfl_observability_v1,ola_sparse_bayesian_keep010_seed42,150,ola,global,,,layers.0.weight,raw,26,0.0019318339822227983,0.0020061346290491775,0.001968984305635988,822,110.24355024764877,0.9296476403061225,100352
bayesfl_observability_v1,ola_sparse_bayesian_keep010_seed42,150,ola,global,,,layers.0.weight,raw,27,0.0020061346290491775,0.0020804352758755566,0.002043284952462367,804,107.82945790645938,0.9376594387755102,100352
bayesfl_observability_v1,ola_sparse_bayesian_keep010_seed42,150,ola,global,,,layers.0.weight,raw,28,0.0020804352758755566,0.0021547359227019358,0.002117585599288746,704,94.41783378874055,0.9446747448979592,100352
bayesfl_observability_v1,ola_sparse_bayesian_keep010_seed42,150,ola,global,,,layers.0.weight,raw,29,0.0021547359227019358,0.002229036569528315,0.0021918862461151253,610,81.81090711808486,0.9507533482142857,100352
bayesfl_observability_v1,ola_sparse_bayesian_keep010_seed42,150,ola,global,,,layers.0.weight,raw,30,0.002229036569528315,0.002303337216354694,0.0022661868929415045,571,76.5803737121745,0.9564433195153061,100352
bayesfl_observability_v1,ola_sparse_bayesian_keep010_seed42,150,ola,global,,,layers.0.weight,raw,31,0.002303337216354694,0.002377637863181073,0.0023404875397678836,525,70.41102661802384,0.9616749043367347,100352
bayesfl_observability_v1,ola_sparse_bayesian_keep010_seed42,150,ola,global,,,layers.0.weight,raw,32,0.002377637863181073,0.0024519385100074524,0.002414788186594263,502,67.32635307094851,0.9666772959183674,100352
bayesfl_observability_v1,ola_sparse_bayesian_keep010_seed42,150,ola,global,,,layers.0.weight,raw,33,0.0024519385100074524,0.0025262391568338315,0.002489088833420642,397,53.244147747343746,0.9706333705357143,100352
bayesfl_observability_v1,ola_sparse_bayesian_keep010_seed42,150,ola,global,,,layers.0.weight,raw,34,0.0025262391568338315,0.0026005398036602107,0.002563389480247021,368,49.354776753205286,0.9743004623724489,100352
bayesfl_observability_v1,ola_sparse_bayesian_keep010_seed42,150,ola,global,,,layers.0.weight,raw,35,0.0026005398036602107,0.00267484045048659,0.0026376901270734002,316,42.38073221199149,0.9774493781887755,100352
bayesfl_observability_v1,ola_sparse_bayesian_keep010_seed42,150,ola,global,,,layers.0.weight,raw,36,0.00267484045048659,0.002749141097312969,0.0027119907738997794,323,43.319545900231816,0.9806680484693877,100352
bayesfl_observability_v1,ola_sparse_bayesian_keep010_seed42,150,ola,global,,,layers.0.weight,raw,37,0.002749141097312969,0.0028234417441393477,0.0027862914207261585,272,36.479617600195425,0.9833785076530612,100352
bayesfl_observability_v1,ola_sparse_bayesian_keep010_seed42,150,ola,global,,,layers.0.weight,raw,38,0.0028234417441393477,0.002897742390965727,0.0028605920675525373,249,33.39494405311988,0.9858597735969388,100352
bayesfl_observability_v1,ola_sparse_bayesian_keep010_seed42,150,ola,global,,,layers.0.weight,raw,39,0.002897742390965727,0.002972043037792106,0.0029348927143789164,181,24.27503965307108,0.987663424744898,100352
bayesfl_observability_v1,ola_sparse_bayesian_keep010_seed42,150,ola,global,,,layers.0.weight,raw,40,0.002972043037792106,0.003046343684618485,0.0030091933612052956,163,21.860947311881688,0.9892877072704082,100352
bayesfl_observability_v1,ola_sparse_bayesian_keep010_seed42,150,ola,global,,,layers.0.weight,raw,41,0.003046343684618485,0.0031206443314448643,0.0030834940080316747,162,21.726831070704502,0.9909020248724489,100352
bayesfl_observability_v1,ola_sparse_bayesian_keep010_seed42,150,ola,global,,,layers.0.weight,raw,42,0.0031206443314448643,0.0031949449782712434,0.003157794654858054,128,17.1668788706801,0.9921775350765306,100352
bayesfl_observability_v1,ola_sparse_bayesian_keep010_seed42,150,ola,global,,,layers.0.weight,raw,43,0.0031949449782712434,0.0032692456250976226,0.003232095301684433,113,15.155135253022275,0.9933035714285714,100352
bayesfl_observability_v1,ola_sparse_bayesian_keep010_seed42,150,ola,global,,,layers.0.weight,raw,44,0.0032692456250976226,0.0033435462719240017,0.003306395948510812,95,12.741042911832887,0.9942502391581632,100352
bayesfl_observability_v1,ola_sparse_bayesian_keep010_seed42,150,ola,global,,,layers.0.weight,raw,45,0.0033435462719240017,0.003417846918750381,0.0033806965953371913,72,9.656369364757555,0.9949677136479592,100352
bayesfl_observability_v1,ola_sparse_bayesian_keep010_seed42,150,ola,global,,,layers.0.weight,raw,46,0.003417846918750381,0.00349214756557676,0.0034549972421635705,69,9.254020641225992,0.9956552933673469,100352
bayesfl_observability_v1,ola_sparse_bayesian_keep010_seed42,150,ola,global,,,layers.0.weight,raw,47,0.00349214756557676,0.003566448212403139,0.0035292978889899496,68,9.119904400048803,0.9963329081632653,100352
bayesfl_observability_v1,ola_sparse_bayesian_keep010_seed42,150,ola,global,,,layers.0.weight,raw,48,0.003566448212403139,0.003640748859229518,0.0036035985358163283,51,6.839928300036642,0.9968411192602041,100352
bayesfl_observability_v1,ola_sparse_bayesian_keep010_seed42,150,ola,global,,,layers.0.weight,raw,49,0.003640748859229518,0.003715049506055897,0.0036778991826427075,56,7.510509505922544,0.9973991549744898,100352
bayesfl_observability_v1,ola_sparse_bayesian_keep010_seed42,150,ola,global,,,layers.0.weight,raw,50,0.003715049506055897,0.003789350152882276,0.0037521998294690866,41,5.498765888264719,0.9978077168367347,100352
bayesfl_observability_v1,ola_sparse_bayesian_keep010_seed42,150,ola,global,,,layers.0.weight,raw,51,0.003789350152882276,0.0038636507997086554,0.0038265004762954658,27,3.6211385117840837,0.9980767697704082,100352
bayesfl_observability_v1,ola_sparse_bayesian_keep010_seed42,150,ola,global,,,layers.0.weight,raw,52,0.0038636507997086554,0.003937951446535035,0.003900801123121845,36,4.82818468237875,0.9984355070153061,100352
bayesfl_observability_v1,ola_sparse_bayesian_keep010_seed42,150,ola,global,,,layers.0.weight,raw,53,0.003937951446535035,0.004012252093361413,0.003975101769948224,28,3.755254752961316,0.9987145248724489,100352
bayesfl_observability_v1,ola_sparse_bayesian_keep010_seed42,150,ola,global,,,layers.0.weight,raw,54,0.004012252093361413,0.004086552740187792,0.004049402416774603,19,2.5482085823665774,0.9989038584183674,100352
bayesfl_observability_v1,ola_sparse_bayesian_keep010_seed42,150,ola,global,,,layers.0.weight,raw,55,0.004086552740187792,0.0041608533870141715,0.0041237030636009815,24,3.2187897882525185,0.9991430165816326,100352
bayesfl_observability_v1,ola_sparse_bayesian_keep010_seed42,150,ola,global,,,layers.0.weight,raw,56,0.0041608533870141715,0.004235154033840551,0.0041980037104273615,16,2.1458598588350126,0.9993024553571429,100352
bayesfl_observability_v1,ola_sparse_bayesian_keep010_seed42,150,ola,global,,,layers.0.weight,raw,57,0.004235154033840551,0.00430945468066693,0.00427230435725374,9,1.2070461705946944,0.9993921396683674,100352
bayesfl_observability_v1,ola_sparse_bayesian_keep010_seed42,150,ola,global,,,layers.0.weight,raw,58,0.00430945468066693,0.004383755327493309,0.00434660500408012,12,1.6093948941262592,0.99951171875,100352
bayesfl_observability_v1,ola_sparse_bayesian_keep010_seed42,150,ola,global,,,layers.0.weight,raw,59,0.004383755327493309,0.004458055974319688,0.004420905650906498,7,0.938813688240318,0.9995814732142857,100352
bayesfl_observability_v1,ola_sparse_bayesian_keep010_seed42,150,ola,global,,,layers.0.weight,raw,60,0.004458055974319688,0.004532356621146067,0.004495206297732878,3,0.4023487235315648,0.9996113679846939,100352
bayesfl_observability_v1,ola_sparse_bayesian_keep010_seed42,150,ola,global,,,layers.0.weight,raw,61,0.004532356621146067,0.004606657267972446,0.004569506944559256,8,1.0729299294175063,0.9996910873724489,100352
bayesfl_observability_v1,ola_sparse_bayesian_keep010_seed42,150,ola,global,,,layers.0.weight,raw,62,0.004606657267972446,0.004680957914798826,0.0046438075913856364,5,0.6705812058859414,0.9997409119897959,100352
bayesfl_observability_v1,ola_sparse_bayesian_keep010_seed42,150,ola,global,,,layers.0.weight,raw,63,0.004680957914798826,0.004755258561625205,0.004718108238212015,6,0.8046974470631296,0.9998007015306123,100352
bayesfl_observability_v1,ola_sparse_bayesian_keep010_seed42,150,ola,global,,,layers.0.weight,raw,64,0.004755258561625205,0.004829559208451584,0.004792408885038395,6,0.8046974470631296,0.9998604910714286,100352
bayesfl_observability_v1,ola_sparse_bayesian_keep010_seed42,150,ola,global,,,layers.0.weight,raw,65,0.004829559208451584,0.004903859855277963,0.004866709531864773,3,0.4023487235315648,0.9998903858418368,100352
bayesfl_observability_v1,ola_sparse_bayesian_keep010_seed42,150,ola,global,,,layers.0.weight,raw,66,0.004903859855277963,0.004978160502104342,0.004941010178691153,2,0.2682324823543766,0.9999103156887755,100352
bayesfl_observability_v1,ola_sparse_bayesian_keep010_seed42,150,ola,global,,,layers.0.weight,raw,67,0.004978160502104342,0.005052461148930721,0.005015310825517531,1,0.1341162411771883,0.9999202806122449,100352
bayesfl_observability_v1,ola_sparse_bayesian_keep010_seed42,150,ola,global,,,layers.0.weight,raw,68,0.005052461148930721,0.0051267617957571005,0.005089611472343911,0,0.0,0.9999202806122449,100352
bayesfl_observability_v1,ola_sparse_bayesian_keep010_seed42,150,ola,global,,,layers.0.weight,raw,69,0.0051267617957571005,0.00520106244258348,0.00516391211917029,1,0.1341162411771883,0.9999302455357143,100352
bayesfl_observability_v1,ola_sparse_bayesian_keep010_seed42,150,ola,global,,,layers.0.weight,raw,70,0.00520106244258348,0.005275363089409859,0.00523821276599667,2,0.2682324823543766,0.9999501753826531,100352
bayesfl_observability_v1,ola_sparse_bayesian_keep010_seed42,150,ola,global,,,layers.0.weight,raw,71,0.005275363089409859,0.005349663736236238,0.005312513412823048,2,0.2682324823543766,0.9999701052295918,100352
bayesfl_observability_v1,ola_sparse_bayesian_keep010_seed42,150,ola,global,,,layers.0.weight,raw,72,0.005349663736236238,0.005423964383062617,0.005386814059649428,0,0.0,0.9999701052295918,100352
bayesfl_observability_v1,ola_sparse_bayesian_keep010_seed42,150,ola,global,,,layers.0.weight,raw,73,0.005423964383062617,0.005498265029888996,0.005461114706475806,1,0.1341162411771883,0.9999800701530612,100352
bayesfl_observability_v1,ola_sparse_bayesian_keep010_seed42,150,ola,global,,,layers.0.weight,raw,74,0.005498265029888996,0.0055725656767153745,0.005535415353302185,0,0.0,0.9999800701530612,100352
bayesfl_observability_v1,ola_sparse_bayesian_keep010_seed42,150,ola,global,,,layers.0.weight,raw,75,0.0055725656767153745,0.005646866323541754,0.0056097160001285645,0,0.0,0.9999800701530612,100352
bayesfl_observability_v1,ola_sparse_bayesian_keep010_seed42,150,ola,global,,,layers.0.weight,raw,76,0.005646866323541754,0.005721166970368133,0.005684016646954943,1,0.1341162411771883,0.9999900350765306,100352
bayesfl_observability_v1,ola_sparse_bayesian_keep010_seed42,150,ola,global,,,layers.0.weight,raw,77,0.005721166970368133,0.005795467617194512,0.005758317293781323,0,0.0,0.9999900350765306,100352
bayesfl_observability_v1,ola_sparse_bayesian_keep010_seed42,150,ola,global,,,layers.0.weight,raw,78,0.005795467617194512,0.005869768264020891,0.005832617940607701,0,0.0,0.9999900350765306,100352
bayesfl_observability_v1,ola_sparse_bayesian_keep010_seed42,150,ola,global,,,layers.0.weight,raw,79,0.005869768264020891,0.00594406891084727,0.005906918587434081,1,0.1341162411771883,1.0,100352
bayesfl_observability_v1,ola_sparse_bayesian_keep010_seed42,150,ola,global,,,layers.0.weight,db,0,-155.30675094321714,-153.9218955974963,-154.61432327035672,2,1.4391284259657996e-05,1.992984693877551e-05,100352
bayesfl_observability_v1,ola_sparse_bayesian_keep010_seed42,150,ola,global,,,layers.0.weight,db,1,-153.9218955974963,-152.53704025177547,-153.22946792463588,0,0.0,1.992984693877551e-05,100352
bayesfl_observability_v1,ola_sparse_bayesian_keep010_seed42,150,ola,global,,,layers.0.weight,db,2,-152.53704025177547,-151.15218490605463,-151.84461257891505,2,1.4391284259657996e-05,3.985969387755102e-05,100352
bayesfl_observability_v1,ola_sparse_bayesian_keep010_seed42,150,ola,global,,,layers.0.weight,db,3,-151.15218490605463,-149.7673295603338,-150.4597572331942,2,1.4391284259657996e-05,5.978954081632653e-05,100352
bayesfl_observability_v1,ola_sparse_bayesian_keep010_seed42,150,ola,global,,,layers.0.weight,db,4,-149.7673295603338,-148.38247421461296,-149.07490188747337,2,1.4391284259657996e-05,7.971938775510203e-05,100352
bayesfl_observability_v1,ola_sparse_bayesian_keep010_seed42,150,ola,global,,,layers.0.weight,db,5,-148.38247421461296,-146.99761886889212,-147.69004654175254,1,7.195642129828998e-06,8.96843112244898e-05,100352
bayesfl_observability_v1,ola_sparse_bayesian_keep010_seed42,150,ola,global,,,layers.0.weight,db,6,-146.99761886889212,-145.61276352317128,-146.3051911960317,1,7.195642129828998e-06,9.964923469387755e-05,100352
bayesfl_observability_v1,ola_sparse_bayesian_keep010_seed42,150,ola,global,,,layers.0.weight,db,7,-145.61276352317128,-144.22790817745044,-144.92033585031086,0,0.0,9.964923469387755e-05,100352
bayesfl_observability_v1,ola_sparse_bayesian_keep010_seed42,150,ola,global,,,layers.0.weight,db,8,-144.22790817745044,-142.8430528317296,-143.53548050459003,1,7.195642129828998e-06,0.0001096141581632653,100352
bayesfl_observability_v1,ola_sparse_bayesian_keep010_seed42,150,ola,global,,,layers.0.weight,db,9,-142.8430528317296,-141.45819748600877,-142.1506251588692,0,0.0,0.0001096141581632653,100352
bayesfl_observability_v1,ola_sparse_bayesian_keep010_seed42,150,ola,global,,,layers.0.weight,db,10,-141.45819748600877,-140.07334214028793,-140.76576981314835,0,0.0,0.0001096141581632653,100352
bayesfl_observability_v1,ola_sparse_bayesian_keep010_seed42,150,ola,global,,,layers.0.weight,db,11,-140.07334214028793,-138.6884867945671,-139.38091446742752,2,1.4391284259657996e-05,0.00012954400510204082,100352
bayesfl_observability_v1,ola_sparse_bayesian_keep010_seed42,150,ola,global,,,layers.0.weight,db,12,-138.6884867945671,-137.30363144884626,-137.99605912170668,0,0.0,0.00012954400510204082,100352
bayesfl_observability_v1,ola_sparse_bayesian_keep010_seed42,150,ola,global,,,layers.0.weight,db,13,-137.30363144884626,-135.91877610312542,-136.61120377598584,1,7.195642129828998e-06,0.00013950892857142856,100352
bayesfl_observability_v1,ola_sparse_bayesian_keep010_seed42,150,ola,global,,,layers.0.weight,db,14,-135.91877610312542,-134.5339207574046,-135.226348430265,1,7.195642129828998e-06,0.00014947385204081633,100352
bayesfl_observability_v1,ola_sparse_bayesian_keep010_seed42,150,ola,global,,,layers.0.weight,db,15,-134.5339207574046,-133.14906541168375,-133.84149308454417,1,7.195642129828998e-06,0.00015943877551020407,100352
bayesfl_observability_v1,ola_sparse_bayesian_keep010_seed42,150,ola,global,,,layers.0.weight,db,16,-133.14906541168375,-131.7642100659629,-132.45663773882333,5,3.597821064914499e-05,0.00020926339285714285,100352
bayesfl_observability_v1,ola_sparse_bayesian_keep010_seed42,150,ola,global,,,layers.0.weight,db,17,-131.7642100659629,-130.37935472024208,-131.0717823931025,6,4.3173852778973984e-05,0.00026905293367346936,100352
bayesfl_observability_v1,ola_sparse_bayesian_keep010_seed42,150,ola,global,,,layers.0.weight,db,18,-130.37935472024208,-128.99449937452124,-129.68692704738166,1,7.195642129828998e-06,0.00027901785714285713,100352
bayesfl_observability_v1,ola_sparse_bayesian_keep010_seed42,150,ola,global,,,layers.0.weight,db,19,-128.99449937452124,-127.60964402880039,-128.30207170166082,3,2.1586926389486772e-05,0.0003089126275510204,100352
bayesfl_observability_v1,ola_sparse_bayesian_keep010_seed42,150,ola,global,,,layers.0.weight,db,20,-127.60964402880039,-126.22478868307955,-126.91721635593997,4,2.8782568519315992e-05,0.00034877232142857144,100352
bayesfl_observability_v1,ola_sparse_bayesian_keep010_seed42,150,ola,global,,,layers.0.weight,db,21,-126.22478868307955,-124.83993333735872,-125.53236101021913,13,9.354334768777697e-05,0.00047831632653061223,100352
bayesfl_observability_v1,ola_sparse_bayesian_keep010_seed42,150,ola,global,,,layers.0.weight,db,22,-124.83993333735872,-123.45507799163788,-124.1475056644983,8,5.7565137038631984e-05,0.0005580357142857143,100352
bayesfl_observability_v1,ola_sparse_bayesian_keep010_seed42,150,ola,global,,,layers.0.weight,db,23,-123.45507799163788,-122.07022264591704,-122.76265031877746,7,5.0369494908802984e-05,0.0006277901785714286,100352
bayesfl_observability_v1,ola_sparse_bayesian_keep010_seed42,150,ola,global,,,layers.0.weight,db,24,-122.07022264591704,-120.6853673001962,-121.37779497305662,10,7.195642129828998e-05,0.0007274394132653062,100352
bayesfl_observability_v1,ola_sparse_bayesian_keep010_seed42,150,ola,global,,,layers.0.weight,db,25,-120.6853673001962,-119.30051195447537,-119.99293962733579,7,5.0369494908802984e-05,0.0007971938775510204,100352
bayesfl_observability_v1,ola_sparse_bayesian_keep010_seed42,150,ola,global,,,layers.0.weight,db,26,-119.30051195447537,-117.91565660875452,-118.60808428161494,13,9.354334768777601e-05,0.0009267378826530613,100352
bayesfl_observability_v1,ola_sparse_bayesian_keep010_seed42,150,ola,global,,,layers.0.weight,db,27,-117.91565660875452,-116.53080126303368,-117.2232289358941,13,9.354334768777697e-05,0.0010562818877551021,100352
bayesfl_observability_v1,ola_sparse_bayesian_keep010_seed42,150,ola,global,,,layers.0.weight,db,28,-116.53080126303368,-115.14594591731284,-115.83837359017326,16,0.00011513027407726397,0.0012157206632653062,100352
bayesfl_observability_v1,ola_sparse_bayesian_keep010_seed42,150,ola,global,,,layers.0.weight,db,29,-115.14594591731284,-113.761090571592,-114.45351824445243,25,0.00017989105324572494,0.00146484375,100352
bayesfl_observability_v1,ola_sparse_bayesian_keep010_seed42,150,ola,global,,,layers.0.weight,db,30,-113.761090571592,-112.37623522587117,-113.06866289873159,32,0.00023026054815452793,0.001783721301020408,100352
bayesfl_observability_v1,ola_sparse_bayesian_keep010_seed42,150,ola,global,,,layers.0.weight,db,31,-112.37623522587117,-110.99137988015033,-111.68380755301075,34,0.00024465183241418595,0.002122528698979592,100352
bayesfl_observability_v1,ola_sparse_bayesian_keep010_seed42,150,ola,global,,,layers.0.weight,db,32,-110.99137988015033,-109.6065245344295,-110.29895220728991,34,0.00024465183241418595,0.0024613360969387753,100352
bayesfl_observability_v1,ola_sparse_bayesian_keep010_seed42,150,ola,global,,,layers.0.weight,db,33,-109.6065245344295,-108.22166918870866,-108.91409686156908,39,0.0002806300430633309,0.002849968112244898,100352
bayesfl_observability_v1,ola_sparse_bayesian_keep010_seed42,150,ola,global,,,layers.0.weight,db,34,-108.22166918870866,-106.83681384298782,-107.52924151584824,56,0.00040295595927042387,0.0034080038265306123,100352
bayesfl_observability_v1,ola_sparse_bayesian_keep010_seed42,150,ola,global,,,layers.0.weight,db,35,-106.83681384298782,-105.45195849726699,-106.1443861701274,47,0.0003381951801019629,0.0038763552295918366,100352
bayesfl_observability_v1,ola_sparse_bayesian_keep010_seed42,150,ola,global,,,layers.0.weight,db,36,-105.45195849726699,-104.06710315154615,-104.75953082440657,69,0.0004964993069582008,0.0045639349489795915,100352
bayesfl_observability_v1,ola_sparse_bayesian_keep010_seed42,150,ola,global,,,layers.0.weight,db,37,-104.06710315154615,-102.68224780582531,-103.37467547868573,68,0.0004893036648283719,0.005241549744897959,100352
bayesfl_observability_v1,ola_sparse_bayesian_keep010_seed42,150,ola,global,,,layers.0.weight,db,38,-102.68224780582531,-101.29739246010448,-101.9898201329649,89,0.0006404121495547808,0.00612842793367347,100352
bayesfl_observability_v1,ola_sparse_bayesian_keep010_seed42,150,ola,global,,,layers.0.weight,db,39,-101.29739246010448,-99.91253711438364,-100.60496478724406,114,0.0008203032028005058,0.007264429209183673,100352
bayesfl_observability_v1,ola_sparse_bayesian_keep010_seed42,150,ola,global,,,layers.0.weight,db,40,-99.91253711438364,-98.5276817686628,-99.22010944152322,104,0.0007483467815022158,0.00830078125,100352
bayesfl_observability_v1,ola_sparse_bayesian_keep010_seed42,150,ola,global,,,layers.0.weight,db,41,-98.5276817686628,-97.14282642294197,-97.83525409580238,125,0.0008994552662286247,0.009546396683673469,100352
bayesfl_observability_v1,ola_sparse_bayesian_keep010_seed42,150,ola,global,,,layers.0.weight,db,42,-97.14282642294197,-95.75797107722113,-96.45039875008155,178,0.0012808242991095616,0.01132015306122449,100352
bayesfl_observability_v1,ola_sparse_bayesian_keep010_seed42,150,ola,global,,,layers.0.weight,db,43,-95.75797107722113,-94.37311573150029,-95.06554340436071,188,0.0013527807204078517,0.013193558673469387,100352
bayesfl_observability_v1,ola_sparse_bayesian_keep010_seed42,150,ola,global,,,layers.0.weight,db,44,-94.37311573150029,-92.98826038577945,-93.68068805863987,241,0.0017341497532887885,0.015595105229591837,100352
bayesfl_observability_v1,ola_sparse_bayesian_keep010_seed42,150,ola,global,,,layers.0.weight,db,45,-92.98826038577945,-91.60340504005862,-92.29583271291904,264,0.0018996495222748553,0.018225845025510203,100352
bayesfl_observability_v1,ola_sparse_bayesian_keep010_seed42,150,ola,global,,,layers.0.weight,db,46,-91.60340504005862,-90.21854969433778,-90.9109773671982,297,0.0021371057125592124,0.021185427295918366,100352
bayesfl_observability_v1,ola_sparse_bayesian_keep010_seed42,150,ola,global,,,layers.0.weight,db,47,-90.21854969433778,-88.83369434861694,-89.52612202147736,361,0.0025976268088682684,0.024782764668367346,100352
bayesfl_observability_v1,ola_sparse_bayesian_keep010_seed42,150,ola,global,,,layers.0.weight,db,48,-88.83369434861694,-87.44883900289611,-88.14126667575653,418,0.003007778410268521,0.028948102678571428,100352
bayesfl_observability_v1,ola_sparse_bayesian_keep010_seed42,150,ola,global,,,layers.0.weight,db,49,-87.44883900289611,-86.06398365717527,-86.75641133003569,469,0.0033747561588897998,0.03362165178571429,100352
bayesfl_observability_v1,ola_sparse_bayesian_keep010_seed42,150,ola,global,,,layers.0.weight,db,50,-86.06398365717527,-84.67912831145443,-85.37155598431485,589,0.00423823321446928,0.03949099170918367,100352
bayesfl_observability_v1,ola_sparse_bayesian_keep010_seed42,150,ola,global,,,layers.0.weight,db,51,-84.67912831145443,-83.2942729657336,-83.98670063859402,688,0.00495060178532235,0.04634685905612245,100352
bayesfl_observability_v1,ola_sparse_bayesian_keep010_seed42,150,ola,global,,,layers.0.weight,db,52,-83.2942729657336,-81.90941762001276,-82.60184529287318,821,0.005907622188589607,0.0545280612244898,100352
bayesfl_observability_v1,ola_sparse_bayesian_keep010_seed42,150,ola,global,,,layers.0.weight,db,53,-81.90941762001276,-80.52456227429191,-81.21698994715234,969,0.0069725772238042275,0.06418407206632654,100352
bayesfl_observability_v1,ola_sparse_bayesian_keep010_seed42,150,ola,global,,,layers.0.weight,db,54,-80.52456227429191,-79.13970692857107,-79.83213460143149,1111,0.007994358406240017,0.07525510204081633,100352
bayesfl_observability_v1,ola_sparse_bayesian_keep010_seed42,150,ola,global,,,layers.0.weight,db,55,-79.13970692857107,-77.75485158285024,-78.44727925571065,1333,0.009591790959062055,0.08853834502551021,100352
bayesfl_observability_v1,ola_sparse_bayesian_keep010_seed42,150,ola,global,,,layers.0.weight,db,56,-77.75485158285024,-76.3699962371294,-77.06242390998982,1440,0.010361724666953757,0.10288783482142858,100352
bayesfl_observability_v1,ola_sparse_bayesian_keep010_seed42,150,ola,global,,,layers.0.weight,db,57,-76.3699962371294,-74.98514089140856,-75.67756856426898,1824,0.013124851244808092,0.12106385522959184,100352
bayesfl_observability_v1,ola_sparse_bayesian_keep010_seed42,150,ola,global,,,layers.0.weight,db,58,-74.98514089140856,-73.60028554568773,-74.29271321854814,2015,0.014499218891605431,0.14114317602040816,100352
bayesfl_observability_v1,ola_sparse_bayesian_keep010_seed42,150,ola,global,,,layers.0.weight,db,59,-73.60028554568773,-72.21543019996689,-72.90785787282731,2530,0.018204974588467364,0.1663544323979592,100352
bayesfl_observability_v1,ola_sparse_bayesian_keep010_seed42,150,ola,global,,,layers.0.weight,db,60,-72.21543019996689,-70.83057485424605,-71.52300252710647,2909,0.020932122955672556,0.19534239477040816,100352
bayesfl_observability_v1,ola_sparse_bayesian_keep010_seed42,150,ola,global,,,layers.0.weight,db,61,-70.83057485424605,-69.44571950852522,-70.13814718138563,3410,0.02453713966271688,0.22932278380102042,100352
bayesfl_observability_v1,ola_sparse_bayesian_keep010_seed42,150,ola,global,,,layers.0.weight,db,62,-69.44571950852522,-68.06086416280438,-68.7532918356648,4014,0.028883307509133597,0.26932198660714285,100352
bayesfl_observability_v1,ola_sparse_bayesian_keep010_seed42,150,ola,global,,,layers.0.weight,db,63,-68.06086416280438,-66.67600881708354,-67.36843648994396,4687,0.03372597466250851,0.31602758290816324,100352
bayesfl_observability_v1,ola_sparse_bayesian_keep010_seed42,150,ola,global,,,layers.0.weight,db,64,-66.67600881708354,-65.2911534713627,-65.98358114422312,5508,0.03963359685109812,0.370914381377551,100352
bayesfl_observability_v1,ola_sparse_bayesian_keep010_seed42,150,ola,global,,,layers.0.weight,db,65,-65.2911534713627,-63.90629812564187,-64.59872579850229,6368,0.04582184908275106,0.43437101403061223,100352
bayesfl_observability_v1,ola_sparse_bayesian_keep010_seed42,150,ola,global,,,layers.0.weight,db,66,-63.90629812564187,-62.52144277992103,-63.21387045278145,7364,0.05298870864406074,0.5077527104591837,100352
bayesfl_observability_v1,ola_sparse_bayesian_keep010_seed42,150,ola,global,,,layers.0.weight,db,67,-62.52144277992103,-61.136587434200194,-61.82901510706061,8446,0.06077439342853572,0.5919164540816326,100352
bayesfl_observability_v1,ola_sparse_bayesian_keep010_seed42,150,ola,global,,,layers.0.weight,db,68,-61.136587434200194,-59.75173208847936,-60.444159761339776,10071,0.07246731188950783,0.6922731983418368,100352
bayesfl_observability_v1,ola_sparse_bayesian_keep010_seed42,150,ola,global,,,layers.0.weight,db,69,-59.75173208847936,-58.36687674275852,-59.05930441561894,8874,0.06385412826010253,0.7807019292091837,100352
bayesfl_observability_v1,ola_sparse_bayesian_keep010_seed42,150,ola,global,,,layers.0.weight,db,70,-58.36687674275852,-56.982021397037684,-57.6744490698981,5642,0.04059781289649521,0.8369240274234694,100352
bayesfl_observability_v1,ola_sparse_bayesian_keep010_seed42,150,ola,global,,,layers.0.weight,db,71,-56.982021397037684,-55.59716605131685,-56.289593724177266,4627,0.033294236134718776,0.8830317283163265,100352
bayesfl_observability_v1,ola_sparse_bayesian_keep010_seed42,150,ola,global,,,layers.0.weight,db,72,-55.59716605131685,-54.21231070559601,-54.90473837845643,4033,0.02902002470960035,0.9232202646683674,100352
bayesfl_observability_v1,ola_sparse_bayesian_keep010_seed42,150,ola,global,,,layers.0.weight,db,73,-54.21231070559601,-52.827455359875174,-53.51988303273559,3187,0.022932511467765017,0.9549784757653061,100352
bayesfl_observability_v1,ola_sparse_bayesian_keep010_seed42,150,ola,global,,,layers.0.weight,db,74,-52.827455359875174,-51.44260001415432,-52.13502768701475,2274,0.01636289020323097,0.9776387117346939,100352
bayesfl_observability_v1,ola_sparse_bayesian_keep010_seed42,150,ola,global,,,layers.0.weight,db,75,-51.44260001415432,-50.057744668433486,-50.750172341293904,1365,0.009822051507216581,0.9912408322704082,100352
bayesfl_observability_v1,ola_sparse_bayesian_keep010_seed42,150,ola,global,,,layers.0.weight,db,76,-50.057744668433486,-48.67288932271265,-49.36531699557307,594,0.004274211425118425,0.9971599968112245,100352
bayesfl_observability_v1,ola_sparse_bayesian_keep010_seed42,150,ola,global,,,layers.0.weight,db,77,-48.67288932271265,-47.28803397699181,-47.98046164985223,227,0.0016334107634711824,0.9994220344387755,100352
bayesfl_observability_v1,ola_sparse_bayesian_keep010_seed42,150,ola,global,,,layers.0.weight,db,78,-47.28803397699181,-45.903178631270976,-46.595606304131394,50,0.0003597821064914499,0.9999202806122449,100352
bayesfl_observability_v1,ola_sparse_bayesian_keep010_seed42,150,ola,global,,,layers.0.weight,db,79,-45.903178631270976,-44.518323285550146,-45.21075095841056,8,5.756513703863227e-05,1.0,100352
bayesfl_observability_v1,ola_sparse_bayesian_keep010_seed42,150,ola,global,,,layers.0.bias,raw,0,4.70586615358016e-06,6.45919929238739e-05,3.4648929538727034e-05,9,1174.1033156092874,0.0703125,128
bayesfl_observability_v1,ola_sparse_bayesian_keep010_seed42,150,ola,global,,,layers.0.bias,raw,1,6.45919929238739e-05,0.00012447811969416763,9.453505630902076e-05,7,913.1914676961128,0.125,128
bayesfl_observability_v1,ola_sparse_bayesian_keep010_seed42,150,ola,global,,,layers.0.bias,raw,2,0.00012447811969416763,0.00018436424646446137,0.0001544211830793145,4,521.8236958263501,0.15625,128
bayesfl_observability_v1,ola_sparse_bayesian_keep010_seed42,150,ola,global,,,layers.0.bias,raw,3,0.00018436424646446137,0.0002442503732347551,0.00021430730984960824,7,913.1914676961126,0.2109375,128
bayesfl_observability_v1,ola_sparse_bayesian_keep010_seed42,150,ola,global,,,layers.0.bias,raw,4,0.0002442503732347551,0.00030413650000504886,0.00027419343661990196,4,521.8236958263501,0.2421875,128
bayesfl_observability_v1,ola_sparse_bayesian_keep010_seed42,150,ola,global,,,layers.0.bias,raw,5,0.00030413650000504886,0.0003640226267753426,0.00033407956339019575,1,130.45592395658753,0.25,128
bayesfl_observability_v1,ola_sparse_bayesian_keep010_seed42,150,ola,global,,,layers.0.bias,raw,6,0.0003640226267753426,0.00042390875354563634,0.00039396569016048944,4,521.8236958263501,0.28125,128
bayesfl_observability_v1,ola_sparse_bayesian_keep010_seed42,150,ola,global,,,layers.0.bias,raw,7,0.00042390875354563634,0.0004837948803159301,0.00045385181693078324,2,260.91184791317505,0.296875,128
bayesfl_observability_v1,ola_sparse_bayesian_keep010_seed42,150,ola,global,,,layers.0.bias,raw,8,0.0004837948803159301,0.0005436810070862239,0.000513737943701077,2,260.91184791317454,0.3125,128
bayesfl_observability_v1,ola_sparse_bayesian_keep010_seed42,150,ola,global,,,layers.0.bias,raw,9,0.0005436810070862239,0.0006035671338565176,0.0005736240704713707,5,652.2796197829382,0.3515625,128
bayesfl_observability_v1,ola_sparse_bayesian_keep010_seed42,150,ola,global,,,layers.0.bias,raw,10,0.0006035671338565176,0.0006634532606268113,0.0006335101972416645,1,130.45592395658764,0.359375,128
bayesfl_observability_v1,ola_sparse_bayesian_keep010_seed42,150,ola,global,,,layers.0.bias,raw,11,0.0006634532606268113,0.0007233393873971051,0.0006933963240119582,1,130.45592395658738,0.3671875,128
bayesfl_observability_v1,ola_sparse_bayesian_keep010_seed42,150,ola,global,,,layers.0.bias,raw,12,0.0007233393873971051,0.0007832255141673989,0.000753282450782252,3,391.3677718697622,0.390625,128
bayesfl_observability_v1,ola_sparse_bayesian_keep010_seed42,150,ola,global,,,layers.0.bias,raw,13,0.0007832255141673989,0.0008431116409376926,0.0008131685775525457,4,521.8236958263506,0.421875,128
bayesfl_observability_v1,ola_sparse_bayesian_keep010_seed42,150,ola,global,,,layers.0.bias,raw,14,0.0008431116409376926,0.0009029977677079863,0.0008730547043228395,6,782.7355437395258,0.46875,128
bayesfl_observability_v1,ola_sparse_bayesian_keep010_seed42,150,ola,global,,,layers.0.bias,raw,15,0.0009029977677079863,0.0009628838944782801,0.0009329408310931332,2,260.91184791317477,0.484375,128
bayesfl_observability_v1,ola_sparse_bayesian_keep010_seed42,150,ola,global,,,layers.0.bias,raw,16,0.0009628838944782801,0.0010227700212485737,0.0009928269578634269,4,521.8236958263506,0.515625,128
bayesfl_observability_v1,ola_sparse_bayesian_keep010_seed42,150,ola,global,,,layers.0.bias,raw,17,0.0010227700212485737,0.0010826561480188675,0.0010527130846337206,6,782.7355437395244,0.5625,128
bayesfl_observability_v1,ola_sparse_bayesian_keep010_seed42,150,ola,global,,,layers.0.bias,raw,18,0.0010826561480188675,0.0011425422747891611,0.0011125992114040142,4,521.8236958263515,0.59375,128
bayesfl_observability_v1,ola_sparse_bayesian_keep010_seed42,150,ola,global,,,layers.0.bias,raw,19,0.0011425422747891611,0.001202428401559455,0.001172485338174308,3,391.3677718697622,0.6171875,128
bayesfl_observability_v1,ola_sparse_bayesian_keep010_seed42,150,ola,global,,,layers.0.bias,raw,20,0.001202428401559455,0.0012623145283297487,0.0012323714649446018,4,521.8236958263495,0.6484375,128
bayesfl_observability_v1,ola_sparse_bayesian_keep010_seed42,150,ola,global,,,layers.0.bias,raw,21,0.0012623145283297487,0.0013222006551000423,0.0012922575917148956,2,260.91184791317573,0.6640625,128
bayesfl_observability_v1,ola_sparse_bayesian_keep010_seed42,150,ola,global,,,layers.0.bias,raw,22,0.0013222006551000423,0.001382086781870336,0.0013521437184851892,2,260.91184791317477,0.6796875,128
bayesfl_observability_v1,ola_sparse_bayesian_keep010_seed42,150,ola,global,,,layers.0.bias,raw,23,0.001382086781870336,0.0014419729086406299,0.001412029845255483,5,652.279619782937,0.71875,128
bayesfl_observability_v1,ola_sparse_bayesian_keep010_seed42,150,ola,global,,,layers.0.bias,raw,24,0.0014419729086406299,0.0015018590354109237,0.0014719159720257768,2,260.91184791317477,0.734375,128
bayesfl_observability_v1,ola_sparse_bayesian_keep010_seed42,150,ola,global,,,layers.0.bias,raw,25,0.0015018590354109237,0.0015617451621812175,0.0015318020987960706,3,391.3677718697622,0.7578125,128
bayesfl_observability_v1,ola_sparse_bayesian_keep010_seed42,150,ola,global,,,layers.0.bias,raw,26,0.0015617451621812175,0.001621631288951511,0.0015916882255663642,3,391.3677718697636,0.78125,128
bayesfl_observability_v1,ola_sparse_bayesian_keep010_seed42,150,ola,global,,,layers.0.bias,raw,27,0.001621631288951511,0.0016815174157218048,0.001651574352336658,2,260.91184791317477,0.796875,128
bayesfl_observability_v1,ola_sparse_bayesian_keep010_seed42,150,ola,global,,,layers.0.bias,raw,28,0.0016815174157218048,0.0017414035424920986,0.0017114604791069517,0,0.0,0.796875,128
bayesfl_observability_v1,ola_sparse_bayesian_keep010_seed42,150,ola,global,,,layers.0.bias,raw,29,0.0017414035424920986,0.0018012896692623922,0.0017713466058772455,2,260.91184791317573,0.8125,128
bayesfl_observability_v1,ola_sparse_bayesian_keep010_seed42,150,ola,global,,,layers.0.bias,raw,30,0.0018012896692623922,0.001861175796032686,0.0018312327326475391,1,130.45592395658738,0.8203125,128
bayesfl_observability_v1,ola_sparse_bayesian_keep010_seed42,150,ola,global,,,layers.0.bias,raw,31,0.001861175796032686,0.0019210619228029798,0.001891118859417833,2,260.91184791317477,0.8359375,128
bayesfl_observability_v1,ola_sparse_bayesian_keep010_seed42,150,ola,global,,,layers.0.bias,raw,32,0.0019210619228029798,0.0019809480495732736,0.0019510049861881267,1,130.45592395658738,0.84375,128
bayesfl_observability_v1,ola_sparse_bayesian_keep010_seed42,150,ola,global,,,layers.0.bias,raw,33,0.0019809480495732736,0.0020408341763435674,0.0020108911129584203,4,521.8236958263495,0.875,128
bayesfl_observability_v1,ola_sparse_bayesian_keep010_seed42,150,ola,global,,,layers.0.bias,raw,34,0.0020408341763435674,0.002100720303113861,0.0020707772397287145,0,0.0,0.875,128
bayesfl_observability_v1,ola_sparse_bayesian_keep010_seed42,150,ola,global,,,layers.0.bias,raw,35,0.002100720303113861,0.002160606429884155,0.002130663366499008,2,260.91184791317477,0.890625,128
bayesfl_observability_v1,ola_sparse_bayesian_keep010_seed42,150,ola,global,,,layers.0.bias,raw,36,0.002160606429884155,0.0022204925566544484,0.0021905494932693017,2,260.9118479131767,0.90625,128
bayesfl_observability_v1,ola_sparse_bayesian_keep010_seed42,150,ola,global,,,layers.0.bias,raw,37,0.0022204925566544484,0.002280378683424742,0.0022504356200395955,1,130.45592395658738,0.9140625,128
bayesfl_observability_v1,ola_sparse_bayesian_keep010_seed42,150,ola,global,,,layers.0.bias,raw,38,0.002280378683424742,0.002340264810195036,0.002310321746809889,4,521.8236958263495,0.9453125,128
bayesfl_observability_v1,ola_sparse_bayesian_keep010_seed42,150,ola,global,,,layers.0.bias,raw,39,0.002340264810195036,0.0024001509369653297,0.002370207873580183,2,260.91184791317477,0.9609375,128
bayesfl_observability_v1,ola_sparse_bayesian_keep010_seed42,150,ola,global,,,layers.0.bias,raw,40,0.0024001509369653297,0.0024600370637356235,0.0024300940003504764,0,0.0,0.9609375,128
bayesfl_observability_v1,ola_sparse_bayesian_keep010_seed42,150,ola,global,,,layers.0.bias,raw,41,0.0024600370637356235,0.0025199231905059173,0.0024899801271207707,0,0.0,0.9609375,128
bayesfl_observability_v1,ola_sparse_bayesian_keep010_seed42,150,ola,global,,,layers.0.bias,raw,42,0.0025199231905059173,0.002579809317276211,0.002549866253891064,0,0.0,0.9609375,128
bayesfl_observability_v1,ola_sparse_bayesian_keep010_seed42,150,ola,global,,,layers.0.bias,raw,43,0.002579809317276211,0.0026396954440465045,0.002609752380661358,0,0.0,0.9609375,128
bayesfl_observability_v1,ola_sparse_bayesian_keep010_seed42,150,ola,global,,,layers.0.bias,raw,44,0.0026396954440465045,0.0026995815708167983,0.0026696385074316516,0,0.0,0.9609375,128
bayesfl_observability_v1,ola_sparse_bayesian_keep010_seed42,150,ola,global,,,layers.0.bias,raw,45,0.0026995815708167983,0.002759467697587092,0.002729524634201945,3,391.3677718697622,0.984375,128
bayesfl_observability_v1,ola_sparse_bayesian_keep010_seed42,150,ola,global,,,layers.0.bias,raw,46,0.002759467697587092,0.002819353824357386,0.002789410760972239,0,0.0,0.984375,128
bayesfl_observability_v1,ola_sparse_bayesian_keep010_seed42,150,ola,global,,,layers.0.bias,raw,47,0.002819353824357386,0.0028792399511276797,0.0028492968877425326,1,130.45592395658738,0.9921875,128
bayesfl_observability_v1,ola_sparse_bayesian_keep010_seed42,150,ola,global,,,layers.0.bias,raw,48,0.0028792399511276797,0.0029391260778979735,0.002909183014512827,0,0.0,0.9921875,128
bayesfl_observability_v1,ola_sparse_bayesian_keep010_seed42,150,ola,global,,,layers.0.bias,raw,49,0.0029391260778979735,0.0029990122046682673,0.00296906914128312,0,0.0,0.9921875,128
bayesfl_observability_v1,ola_sparse_bayesian_keep010_seed42,150,ola,global,,,layers.0.bias,raw,50,0.0029990122046682673,0.003058898331438561,0.0030289552680534144,0,0.0,0.9921875,128
bayesfl_observability_v1,ola_sparse_bayesian_keep010_seed42,150,ola,global,,,layers.0.bias,raw,51,0.003058898331438561,0.003118784458208855,0.0030888413948237077,0,0.0,0.9921875,128
bayesfl_observability_v1,ola_sparse_bayesian_keep010_seed42,150,ola,global,,,layers.0.bias,raw,52,0.003118784458208855,0.003178670584979148,0.0031487275215940015,0,0.0,0.9921875,128
bayesfl_observability_v1,ola_sparse_bayesian_keep010_seed42,150,ola,global,,,layers.0.bias,raw,53,0.003178670584979148,0.003238556711749442,0.0032086136483642953,0,0.0,0.9921875,128
bayesfl_observability_v1,ola_sparse_bayesian_keep010_seed42,150,ola,global,,,layers.0.bias,raw,54,0.003238556711749442,0.003298442838519736,0.0032684997751345887,0,0.0,0.9921875,128
bayesfl_observability_v1,ola_sparse_bayesian_keep010_seed42,150,ola,global,,,layers.0.bias,raw,55,0.003298442838519736,0.0033583289652900296,0.003328385901904883,0,0.0,0.9921875,128
bayesfl_observability_v1,ola_sparse_bayesian_keep010_seed42,150,ola,global,,,layers.0.bias,raw,56,0.0033583289652900296,0.0034182150920603234,0.0033882720286751763,0,0.0,0.9921875,128
bayesfl_observability_v1,ola_sparse_bayesian_keep010_seed42,150,ola,global,,,layers.0.bias,raw,57,0.0034182150920603234,0.003478101218830617,0.0034481581554454705,0,0.0,0.9921875,128
bayesfl_observability_v1,ola_sparse_bayesian_keep010_seed42,150,ola,global,,,layers.0.bias,raw,58,0.003478101218830617,0.003537987345600911,0.003508044282215764,0,0.0,0.9921875,128
bayesfl_observability_v1,ola_sparse_bayesian_keep010_seed42,150,ola,global,,,layers.0.bias,raw,59,0.003537987345600911,0.0035978734723712043,0.0035679304089860577,0,0.0,0.9921875,128
bayesfl_observability_v1,ola_sparse_bayesian_keep010_seed42,150,ola,global,,,layers.0.bias,raw,60,0.0035978734723712043,0.003657759599141498,0.0036278165357563515,0,0.0,0.9921875,128
bayesfl_observability_v1,ola_sparse_bayesian_keep010_seed42,150,ola,global,,,layers.0.bias,raw,61,0.003657759599141498,0.003717645725911792,0.003687702662526645,0,0.0,0.9921875,128
bayesfl_observability_v1,ola_sparse_bayesian_keep010_seed42,150,ola,global,,,layers.0.bias,raw,62,0.003717645725911792,0.0037775318526820857,0.003747588789296939,0,0.0,0.9921875,128
bayesfl_observability_v1,ola_sparse_bayesian_keep010_seed42,150,ola,global,,,layers.0.bias,raw,63,0.0037775318526820857,0.0038374179794523795,0.0038074749160672324,0,0.0,0.9921875,128
bayesfl_observability_v1,ola_sparse_bayesian_keep010_seed42,150,ola,global,,,layers.0.bias,raw,64,0.0038374179794523795,0.0038973041062226733,0.0038673610428375266,0,0.0,0.9921875,128
bayesfl_observability_v1,ola_sparse_bayesian_keep010_seed42,150,ola,global,,,layers.0.bias,raw,65,0.0038973041062226733,0.003957190232992967,0.00392724716960782,0,0.0,0.9921875,128
bayesfl_observability_v1,ola_sparse_bayesian_keep010_seed42,150,ola,global,,,layers.0.bias,raw,66,0.003957190232992967,0.0040170763597632605,0.003987133296378113,0,0.0,0.9921875,128
bayesfl_observability_v1,ola_sparse_bayesian_keep010_seed42,150,ola,global,,,layers.0.bias,raw,67,0.0040170763597632605,0.004076962486533555,0.004047019423148408,0,0.0,0.9921875,128
bayesfl_observability_v1,ola_sparse_bayesian_keep010_seed42,150,ola,global,,,layers.0.bias,raw,68,0.004076962486533555,0.004136848613303848,0.004106905549918702,0,0.0,0.9921875,128
bayesfl_observability_v1,ola_sparse_bayesian_keep010_seed42,150,ola,global,,,layers.0.bias,raw,69,0.004136848613303848,0.004196734740074142,0.004166791676688995,0,0.0,0.9921875,128
bayesfl_observability_v1,ola_sparse_bayesian_keep010_seed42,150,ola,global,,,layers.0.bias,raw,70,0.004196734740074142,0.004256620866844436,0.0042266778034592885,0,0.0,0.9921875,128
bayesfl_observability_v1,ola_sparse_bayesian_keep010_seed42,150,ola,global,,,layers.0.bias,raw,71,0.004256620866844436,0.00431650699361473,0.004286563930229583,0,0.0,0.9921875,128
bayesfl_observability_v1,ola_sparse_bayesian_keep010_seed42,150,ola,global,,,layers.0.bias,raw,72,0.00431650699361473,0.004376393120385023,0.004346450056999877,0,0.0,0.9921875,128
bayesfl_observability_v1,ola_sparse_bayesian_keep010_seed42,150,ola,global,,,layers.0.bias,raw,73,0.004376393120385023,0.004436279247155317,0.0044063361837701695,0,0.0,0.9921875,128
bayesfl_observability_v1,ola_sparse_bayesian_keep010_seed42,150,ola,global,,,layers.0.bias,raw,74,0.004436279247155317,0.004496165373925611,0.004466222310540464,0,0.0,0.9921875,128
bayesfl_observability_v1,ola_sparse_bayesian_keep010_seed42,150,ola,global,,,layers.0.bias,raw,75,0.004496165373925611,0.004556051500695904,0.004526108437310758,0,0.0,0.9921875,128
bayesfl_observability_v1,ola_sparse_bayesian_keep010_seed42,150,ola,global,,,layers.0.bias,raw,76,0.004556051500695904,0.0046159376274661984,0.004585994564081051,0,0.0,0.9921875,128
bayesfl_observability_v1,ola_sparse_bayesian_keep010_seed42,150,ola,global,,,layers.0.bias,raw,77,0.0046159376274661984,0.004675823754236492,0.004645880690851345,0,0.0,0.9921875,128
bayesfl_observability_v1,ola_sparse_bayesian_keep010_seed42,150,ola,global,,,layers.0.bias,raw,78,0.004675823754236492,0.004735709881006786,0.004705766817621639,0,0.0,0.9921875,128
bayesfl_observability_v1,ola_sparse_bayesian_keep010_seed42,150,ola,global,,,layers.0.bias,raw,79,0.004735709881006786,0.004795596007777079,0.004765652944391933,1,130.45592395658835,1.0,128
bayesfl_observability_v1,ola_sparse_bayesian_keep010_seed42,150,ola,global,,,layers.0.bias,db,0,-106.54720674201604,-105.79515601022197,-106.17118137611901,1,0.010388261947917686,0.0078125,128
bayesfl_observability_v1,ola_sparse_bayesian_keep010_seed42,150,ola,global,,,layers.0.bias,db,1,-105.79515601022197,-105.04310527842789,-105.41913064432492,0,0.0,0.0078125,128
bayesfl_observability_v1,ola_sparse_bayesian_keep010_seed42,150,ola,global,,,layers.0.bias,db,2,-105.04310527842789,-104.2910545466338,-104.66707991253085,0,0.0,0.0078125,128
bayesfl_observability_v1,ola_sparse_bayesian_keep010_seed42,150,ola,global,,,layers.0.bias,db,3,-104.2910545466338,-103.53900381483973,-103.91502918073677,0,0.0,0.0078125,128
bayesfl_observability_v1,ola_sparse_bayesian_keep010_seed42,150,ola,global,,,layers.0.bias,db,4,-103.53900381483973,-102.78695308304566,-103.1629784489427,0,0.0,0.0078125,128
bayesfl_observability_v1,ola_sparse_bayesian_keep010_seed42,150,ola,global,,,layers.0.bias,db,5,-102.78695308304566,-102.03490235125157,-102.41092771714861,0,0.0,0.0078125,128
bayesfl_observability_v1,ola_sparse_bayesian_keep010_seed42,150,ola,global,,,layers.0.bias,db,6,-102.03490235125157,-101.28285161945749,-101.65887698535454,1,0.01038826194791749,0.015625,128
bayesfl_observability_v1,ola_sparse_bayesian_keep010_seed42,150,ola,global,,,layers.0.bias,db,7,-101.28285161945749,-100.53080088766342,-100.90682625356045,0,0.0,0.015625,128
bayesfl_observability_v1,ola_sparse_bayesian_keep010_seed42,150,ola,global,,,layers.0.bias,db,8,-100.53080088766342,-99.77875015586935,-100.15477552176638,1,0.010388261947917686,0.0234375,128
bayesfl_observability_v1,ola_sparse_bayesian_keep010_seed42,150,ola,global,,,layers.0.bias,db,9,-99.77875015586935,-99.02669942407526,-99.4027247899723,0,0.0,0.0234375,128
bayesfl_observability_v1,ola_sparse_bayesian_keep010_seed42,150,ola,global,,,layers.0.bias,db,10,-99.02669942407526,-98.27464869228118,-98.65067405817823,0,0.0,0.0234375,128
bayesfl_observability_v1,ola_sparse_bayesian_keep010_seed42,150,ola,global,,,layers.0.bias,db,11,-98.27464869228118,-97.5225979604871,-97.89862332638414,0,0.0,0.0234375,128
bayesfl_observability_v1,ola_sparse_bayesian_keep010_seed42,150,ola,global,,,layers.0.bias,db,12,-97.5225979604871,-96.77054722869303,-97.14657259459007,0,0.0,0.0234375,128
bayesfl_observability_v1,ola_sparse_bayesian_keep010_seed42,150,ola,global,,,layers.0.bias,db,13,-96.77054722869303,-96.01849649689895,-96.39452186279598,0,0.0,0.0234375,128
bayesfl_observability_v1,ola_sparse_bayesian_keep010_seed42,150,ola,global,,,layers.0.bias,db,14,-96.01849649689895,-95.26644576510486,-95.64247113100191,1,0.01038826194791749,0.03125,128
bayesfl_observability_v1,ola_sparse_bayesian_keep010_seed42,150,ola,global,,,layers.0.bias,db,15,-95.26644576510486,-94.51439503331079,-94.89042039920783,0,0.0,0.03125,128
bayesfl_observability_v1,ola_sparse_bayesian_keep010_seed42,150,ola,global,,,layers.0.bias,db,16,-94.51439503331079,-93.76234430151672,-94.13836966741376,0,0.0,0.03125,128
bayesfl_observability_v1,ola_sparse_bayesian_keep010_seed42,150,ola,global,,,layers.0.bias,db,17,-93.76234430151672,-93.01029356972263,-93.38631893561967,0,0.0,0.03125,128
bayesfl_observability_v1,ola_sparse_bayesian_keep010_seed42,150,ola,global,,,layers.0.bias,db,18,-93.01029356972263,-92.25824283792855,-92.6342682038256,1,0.01038826194791749,0.0390625,128
bayesfl_observability_v1,ola_sparse_bayesian_keep010_seed42,150,ola,global,,,layers.0.bias,db,19,-92.25824283792855,-91.50619210613448,-91.88221747203151,0,0.0,0.0390625,128
bayesfl_observability_v1,ola_sparse_bayesian_keep010_seed42,150,ola,global,,,layers.0.bias,db,20,-91.50619210613448,-90.7541413743404,-91.13016674023744,0,0.0,0.0390625,128
bayesfl_observability_v1,ola_sparse_bayesian_keep010_seed42,150,ola,global,,,layers.0.bias,db,21,-90.7541413743404,-90.00209064254632,-90.37811600844336,0,0.0,0.0390625,128
bayesfl_observability_v1,ola_sparse_bayesian_keep010_seed42,150,ola,global,,,layers.0.bias,db,22,-90.00209064254632,-89.25003991075224,-89.62606527664929,0,0.0,0.0390625,128
bayesfl_observability_v1,ola_sparse_bayesian_keep010_seed42,150,ola,global,,,layers.0.bias,db,23,-89.25003991075224,-88.49798917895816,-88.8740145448552,0,0.0,0.0390625,128
bayesfl_observability_v1,ola_sparse_bayesian_keep010_seed42,150,ola,global,,,layers.0.bias,db,24,-88.49798917895816,-87.7459384471641,-88.12196381306113,1,0.010388261947917686,0.046875,128
bayesfl_observability_v1,ola_sparse_bayesian_keep010_seed42,150,ola,global,,,layers.0.bias,db,25,-87.7459384471641,-86.99388771537001,-87.36991308126704,0,0.0,0.046875,128
bayesfl_observability_v1,ola_sparse_bayesian_keep010_seed42,150,ola,global,,,layers.0.bias,db,26,-86.99388771537001,-86.24183698357592,-86.61786234947297,1,0.01038826194791749,0.0546875,128
bayesfl_observability_v1,ola_sparse_bayesian_keep010_seed42,150,ola,global,,,layers.0.bias,db,27,-86.24183698357592,-85.48978625178185,-85.86581161767889,1,0.010388261947917686,0.0625,128
bayesfl_observability_v1,ola_sparse_bayesian_keep010_seed42,150,ola,global,,,layers.0.bias,db,28,-85.48978625178185,-84.73773551998778,-85.11376088588482,1,0.010388261947917686,0.0703125,128
bayesfl_observability_v1,ola_sparse_bayesian_keep010_seed42,150,ola,global,,,layers.0.bias,db,29,-84.73773551998778,-83.9856847881937,-84.36171015409073,0,0.0,0.0703125,128
bayesfl_observability_v1,ola_sparse_bayesian_keep010_seed42,150,ola,global,,,layers.0.bias,db,30,-83.9856847881937,-83.23363405639961,-83.60965942229666,0,0.0,0.0703125,128
bayesfl_observability_v1,ola_sparse_bayesian_keep010_seed42,150,ola,global,,,layers.0.bias,db,31,-83.23363405639961,-82.48158332460554,-82.85760869050257,1,0.010388261947917686,0.078125,128
bayesfl_observability_v1,ola_sparse_bayesian_keep010_seed42,150,ola,global,,,layers.0.bias,db,32,-82.48158332460554,-81.72953259281147,-82.1055579587085,2,0.020776523895835373,0.09375,128
bayesfl_observability_v1,ola_sparse_bayesian_keep010_seed42,150,ola,global,,,layers.0.bias,db,33,-81.72953259281147,-80.97748186101738,-81.35350722691442,1,0.01038826194791749,0.1015625,128
bayesfl_observability_v1,ola_sparse_bayesian_keep010_seed42,150,ola,global,,,layers.0.bias,db,34,-80.97748186101738,-80.2254311292233,-80.60145649512035,0,0.0,0.1015625,128
bayesfl_observability_v1,ola_sparse_bayesian_keep010_seed42,150,ola,global,,,layers.0.bias,db,35,-80.2254311292233,-79.47338039742922,-79.84940576332626,2,0.020776523895835373,0.1171875,128
bayesfl_observability_v1,ola_sparse_bayesian_keep010_seed42,150,ola,global,,,layers.0.bias,db,36,-79.47338039742922,-78.72132966563515,-79.09735503153219,1,0.010388261947917686,0.125,128
bayesfl_observability_v1,ola_sparse_bayesian_keep010_seed42,150,ola,global,,,layers.0.bias,db,37,-78.72132966563515,-77.96927893384107,-78.3453042997381,0,0.0,0.125,128
bayesfl_observability_v1,ola_sparse_bayesian_keep010_seed42,150,ola,global,,,layers.0.bias,db,38,-77.96927893384107,-77.21722820204698,-77.59325356794403,0,0.0,0.125,128
bayesfl_observability_v1,ola_sparse_bayesian_keep010_seed42,150,ola,global,,,layers.0.bias,db,39,-77.21722820204698,-76.46517747025291,-76.84120283614995,1,0.010388261947917686,0.1328125,128
bayesfl_observability_v1,ola_sparse_bayesian_keep010_seed42,150,ola,global,,,layers.0.bias,db,40,-76.46517747025291,-75.71312673845884,-76.08915210435588,2,0.020776523895835373,0.1484375,128
bayesfl_observability_v1,ola_sparse_bayesian_keep010_seed42,150,ola,global,,,layers.0.bias,db,41,-75.71312673845884,-74.96107600666475,-75.33710137256179,1,0.01038826194791749,0.15625,128
bayesfl_observability_v1,ola_sparse_bayesian_keep010_seed42,150,ola,global,,,layers.0.bias,db,42,-74.96107600666475,-74.20902527487067,-74.58505064076772,2,0.02077652389583498,0.171875,128
bayesfl_observability_v1,ola_sparse_bayesian_keep010_seed42,150,ola,global,,,layers.0.bias,db,43,-74.20902527487067,-73.4569745430766,-73.83299990897363,2,0.020776523895835373,0.1875,128
bayesfl_observability_v1,ola_sparse_bayesian_keep010_seed42,150,ola,global,,,layers.0.bias,db,44,-73.4569745430766,-72.70492381128253,-73.08094917717956,0,0.0,0.1875,128
bayesfl_observability_v1,ola_sparse_bayesian_keep010_seed42,150,ola,global,,,layers.0.bias,db,45,-72.70492381128253,-71.95287307948844,-72.32889844538548,3,0.03116478584375247,0.2109375,128
bayesfl_observability_v1,ola_sparse_bayesian_keep010_seed42,150,ola,global,,,layers.0.bias,db,46,-71.95287307948844,-71.20082234769436,-71.5768477135914,0,0.0,0.2109375,128
bayesfl_observability_v1,ola_sparse_bayesian_keep010_seed42,150,ola,global,,,layers.0.bias,db,47,-71.20082234769436,-70.44877161590028,-70.82479698179732,3,0.03116478584375306,0.234375,128
bayesfl_observability_v1,ola_sparse_bayesian_keep010_seed42,150,ola,global,,,layers.0.bias,db,48,-70.44877161590028,-69.69672088410621,-70.07274625000325,2,0.020776523895835373,0.25,128
bayesfl_observability_v1,ola_sparse_bayesian_keep010_seed42,150,ola,global,,,layers.0.bias,db,49,-69.69672088410621,-68.94467015231213,-69.32069551820916,0,0.0,0.25,128
bayesfl_observability_v1,ola_sparse_bayesian_keep010_seed42,150,ola,global,,,layers.0.bias,db,50,-68.94467015231213,-68.19261942051804,-68.56864478641509,4,0.04155304779166996,0.28125,128
bayesfl_observability_v1,ola_sparse_bayesian_keep010_seed42,150,ola,global,,,layers.0.bias,db,51,-68.19261942051804,-67.44056868872397,-67.816594054621,0,0.0,0.28125,128
bayesfl_observability_v1,ola_sparse_bayesian_keep010_seed42,150,ola,global,,,layers.0.bias,db,52,-67.44056868872397,-66.6885179569299,-67.06454332282694,1,0.010388261947917686,0.2890625,128
bayesfl_observability_v1,ola_sparse_bayesian_keep010_seed42,150,ola,global,,,layers.0.bias,db,53,-66.6885179569299,-65.93646722513581,-66.31249259103285,1,0.01038826194791749,0.296875,128
bayesfl_observability_v1,ola_sparse_bayesian_keep010_seed42,150,ola,global,,,layers.0.bias,db,54,-65.93646722513581,-65.18441649334173,-65.56044185923878,2,0.02077652389583498,0.3125,128
bayesfl_observability_v1,ola_sparse_bayesian_keep010_seed42,150,ola,global,,,layers.0.bias,db,55,-65.18441649334173,-64.43236576154766,-64.8083911274447,5,0.05194130973958843,0.3515625,128
bayesfl_observability_v1,ola_sparse_bayesian_keep010_seed42,150,ola,global,,,layers.0.bias,db,56,-64.43236576154766,-63.68031502975358,-64.05634039565062,1,0.01038826194791759,0.359375,128
bayesfl_observability_v1,ola_sparse_bayesian_keep010_seed42,150,ola,global,,,layers.0.bias,db,57,-63.68031502975358,-62.9282642979595,-63.30428966385654,1,0.01038826194791759,0.3671875,128
bayesfl_observability_v1,ola_sparse_bayesian_keep010_seed42,150,ola,global,,,layers.0.bias,db,58,-62.9282642979595,-62.17621356616542,-62.552238932062465,3,0.031164785843752766,0.390625,128
bayesfl_observability_v1,ola_sparse_bayesian_keep010_seed42,150,ola,global,,,layers.0.bias,db,59,-62.17621356616542,-61.424162834371344,-61.80018820026838,4,0.04155304779167036,0.421875,128
bayesfl_observability_v1,ola_sparse_bayesian_keep010_seed42,150,ola,global,,,layers.0.bias,db,60,-61.424162834371344,-60.672112102577266,-61.04813746847431,7,0.07271783363542311,0.4765625,128
bayesfl_observability_v1,ola_sparse_bayesian_keep010_seed42,150,ola,global,,,layers.0.bias,db,61,-60.672112102577266,-59.92006137078319,-60.29608673668022,5,0.051941309739587944,0.515625,128
bayesfl_observability_v1,ola_sparse_bayesian_keep010_seed42,150,ola,global,,,layers.0.bias,db,62,-59.92006137078319,-59.16801063898911,-59.54403600488615,9,0.0934943575312583,0.5859375,128
bayesfl_observability_v1,ola_sparse_bayesian_keep010_seed42,150,ola,global,,,layers.0.bias,db,63,-59.16801063898911,-58.41595990719503,-58.79198527309207,4,0.04155304779167036,0.6171875,128
bayesfl_observability_v1,ola_sparse_bayesian_keep010_seed42,150,ola,global,,,layers.0.bias,db,64,-58.41595990719503,-57.66390917540095,-58.039934541297995,6,0.06232957168750553,0.6640625,128
bayesfl_observability_v1,ola_sparse_bayesian_keep010_seed42,150,ola,global,,,layers.0.bias,db,65,-57.66390917540095,-56.911858443606874,-57.28788380950391,5,0.051941309739587944,0.703125,128
bayesfl_observability_v1,ola_sparse_bayesian_keep010_seed42,150,ola,global,,,layers.0.bias,db,66,-56.911858443606874,-56.159807711812796,-56.53583307770984,6,0.06232957168750553,0.75,128
bayesfl_observability_v1,ola_sparse_bayesian_keep010_seed42,150,ola,global,,,layers.0.bias,db,67,-56.159807711812796,-55.40775698001872,-55.78378234591575,6,0.06232957168750553,0.796875,128
bayesfl_observability_v1,ola_sparse_bayesian_keep010_seed42,150,ola,global,,,layers.0.bias,db,68,-55.40775698001872,-54.65570624822464,-55.03173161412168,3,0.031164785843752766,0.8203125,128
bayesfl_observability_v1,ola_sparse_bayesian_keep010_seed42,150,ola,global,,,layers.0.bias,db,69,-54.65570624822464,-53.90365551643056,-54.2796808823276,5,0.051941309739587944,0.859375,128
bayesfl_observability_v1,ola_sparse_bayesian_keep010_seed42,150,ola,global,,,layers.0.bias,db,70,-53.90365551643056,-53.15160478463648,-53.527630150533525,6,0.06232957168750553,0.90625,128
bayesfl_observability_v1,ola_sparse_bayesian_keep010_seed42,150,ola,global,,,layers.0.bias,db,71,-53.15160478463648,-52.399554052842404,-52.77557941873944,7,0.07271783363542311,0.9609375,128
bayesfl_observability_v1,ola_sparse_bayesian_keep010_seed42,150,ola,global,,,layers.0.bias,db,72,-52.399554052842404,-51.647503321048326,-52.02352868694537,0,0.0,0.9609375,128
bayesfl_observability_v1,ola_sparse_bayesian_keep010_seed42,150,ola,global,,,layers.0.bias,db,73,-51.647503321048326,-50.89545258925425,-51.27147795515128,3,0.031164785843752766,0.984375,128
bayesfl_observability_v1,ola_sparse_bayesian_keep010_seed42,150,ola,global,,,layers.0.bias,db,74,-50.89545258925425,-50.14340185746017,-50.51942722335721,1,0.01038826194791759,0.9921875,128
bayesfl_observability_v1,ola_sparse_bayesian_keep010_seed42,150,ola,global,,,layers.0.bias,db,75,-50.14340185746017,-49.39135112566609,-49.76737649156313,0,0.0,0.9921875,128
bayesfl_observability_v1,ola_sparse_bayesian_keep010_seed42,150,ola,global,,,layers.0.bias,db,76,-49.39135112566609,-48.63930039387201,-49.015325759769055,0,0.0,0.9921875,128
bayesfl_observability_v1,ola_sparse_bayesian_keep010_seed42,150,ola,global,,,layers.0.bias,db,77,-48.63930039387201,-47.887249662077934,-48.26327502797497,0,0.0,0.9921875,128
bayesfl_observability_v1,ola_sparse_bayesian_keep010_seed42,150,ola,global,,,layers.0.bias,db,78,-47.887249662077934,-47.135198930283856,-47.5112242961809,0,0.0,0.9921875,128
bayesfl_observability_v1,ola_sparse_bayesian_keep010_seed42,150,ola,global,,,layers.0.bias,db,79,-47.135198930283856,-46.38314819848978,-46.75917356438681,1,0.01038826194791759,1.0,128
bayesfl_observability_v1,ola_sparse_bayesian_keep010_seed42,150,ola,global,,,layers.1.weight,raw,0,3.0726586911994665e-06,0.0014705229721405286,0.000736797815415864,181,96.36186568226368,0.14140625,1280
bayesfl_observability_v1,ola_sparse_bayesian_keep010_seed42,150,ola,global,,,layers.1.weight,raw,1,0.0014705229721405286,0.0029379732855898577,0.002204248128865193,171,91.03800569981817,0.275,1280
bayesfl_observability_v1,ola_sparse_bayesian_keep010_seed42,150,ola,global,,,layers.1.weight,raw,2,0.0029379732855898577,0.004405423599039187,0.003671698442314522,152,80.92267173317173,0.39375,1280
bayesfl_observability_v1,ola_sparse_bayesian_keep010_seed42,150,ola,global,,,layers.1.weight,raw,3,0.004405423599039187,0.005872873912488516,0.005139148755763851,147,78.26074174194895,0.50859375,1280
bayesfl_observability_v1,ola_sparse_bayesian_keep010_seed42,150,ola,global,,,layers.1.weight,raw,4,0.005872873912488516,0.007340324225937845,0.006606599069213181,102,54.30337182094417,0.58828125,1280
bayesfl_observability_v1,ola_sparse_bayesian_keep010_seed42,150,ola,global,,,layers.1.weight,raw,5,0.007340324225937845,0.008807774539387173,0.008074049382662509,93,49.51189783674327,0.6609375,1280
bayesfl_observability_v1,ola_sparse_bayesian_keep010_seed42,150,ola,global,,,layers.1.weight,raw,6,0.008807774539387173,0.010275224852836502,0.009541499696111837,83,44.188037854297704,0.72578125,1280
bayesfl_observability_v1,ola_sparse_bayesian_keep010_seed42,150,ola,global,,,layers.1.weight,raw,7,0.010275224852836502,0.011742675166285832,0.011008950009561168,56,29.81361590169484,0.76953125,1280
bayesfl_observability_v1,ola_sparse_bayesian_keep010_seed42,150,ola,global,,,layers.1.weight,raw,8,0.011742675166285832,0.013210125479735161,0.012476400323010495,44,23.42498392276023,0.80390625,1280
bayesfl_observability_v1,ola_sparse_bayesian_keep010_seed42,150,ola,global,,,layers.1.weight,raw,9,0.013210125479735161,0.01467757579318449,0.013943850636459827,33,17.56873794207017,0.8296875,1280
bayesfl_observability_v1,ola_sparse_bayesian_keep010_seed42,150,ola,global,,,layers.1.weight,raw,10,0.01467757579318449,0.01614502610663382,0.015411300949909154,29,15.439193949091969,0.85234375,1280
bayesfl_observability_v1,ola_sparse_bayesian_keep010_seed42,150,ola,global,,,layers.1.weight,raw,11,0.01614502610663382,0.017612476420083147,0.016878751263358485,34,18.101123940314743,0.87890625,1280
bayesfl_observability_v1,ola_sparse_bayesian_keep010_seed42,150,ola,global,,,layers.1.weight,raw,12,0.017612476420083147,0.01907992673353248,0.018346201576807813,26,13.842035954358302,0.89921875,1280
bayesfl_observability_v1,ola_sparse_bayesian_keep010_seed42,150,ola,global,,,layers.1.weight,raw,13,0.01907992673353248,0.020547377046981806,0.01981365189025714,20,10.647719964891026,0.91484375,1280
bayesfl_observability_v1,ola_sparse_bayesian_keep010_seed42,150,ola,global,,,layers.1.weight,raw,14,0.020547377046981806,0.022014827360431137,0.02128110220370647,14,7.453403975423701,0.92578125,1280
bayesfl_observability_v1,ola_sparse_bayesian_keep010_seed42,150,ola,global,,,layers.1.weight,raw,15,0.022014827360431137,0.023482277673880465,0.022748552517155803,9,4.7914739842009615,0.9328125,1280
bayesfl_observability_v1,ola_sparse_bayesian_keep010_seed42,150,ola,global,,,layers.1.weight,raw,16,0.023482277673880465,0.024949727987329792,0.024216002830605127,10,5.323859982445513,0.940625,1280
bayesfl_observability_v1,ola_sparse_bayesian_keep010_seed42,150,ola,global,,,layers.1.weight,raw,17,0.024949727987329792,0.026417178300779123,0.025683453144054458,9,4.791473984200951,0.94765625,1280
bayesfl_observability_v1,ola_sparse_bayesian_keep010_seed42,150,ola,global,,,layers.1.weight,raw,18,0.026417178300779123,0.02788462861422845,0.02715090345750379,6,3.1943159894673077,0.95234375,1280
bayesfl_observability_v1,ola_sparse_bayesian_keep010_seed42,150,ola,global,,,layers.1.weight,raw,19,0.02788462861422845,0.029352078927677782,0.028618353770953116,6,3.1943159894673,0.95703125,1280
bayesfl_observability_v1,ola_sparse_bayesian_keep010_seed42,150,ola,global,,,layers.1.weight,raw,20,0.029352078927677782,0.03081952924112711,0.030085804084402444,8,4.259087985956411,0.96328125,1280
bayesfl_observability_v1,ola_sparse_bayesian_keep010_seed42,150,ola,global,,,layers.1.weight,raw,21,0.03081952924112711,0.03228697955457644,0.031553254397851775,3,1.59715799473365,0.965625,1280
bayesfl_observability_v1,ola_sparse_bayesian_keep010_seed42,150,ola,global,,,layers.1.weight,raw,22,0.03228697955457644,0.03375442986802577,0.033020704711301106,3,1.59715799473365,0.96796875,1280
bayesfl_observability_v1,ola_sparse_bayesian_keep010_seed42,150,ola,global,,,layers.1.weight,raw,23,0.03375442986802577,0.035221880181475096,0.03448815502475043,7,3.726701987711868,0.9734375,1280
bayesfl_observability_v1,ola_sparse_bayesian_keep010_seed42,150,ola,global,,,layers.1.weight,raw,24,0.035221880181475096,0.03668933049492443,0.03595560533819976,4,2.1295439929782,0.9765625,1280
bayesfl_observability_v1,ola_sparse_bayesian_keep010_seed42,150,ola,global,,,layers.1.weight,raw,25,0.03668933049492443,0.03815678080837376,0.03742305565164909,0,0.0,0.9765625,1280
bayesfl_observability_v1,ola_sparse_bayesian_keep010_seed42,150,ola,global,,,layers.1.weight,raw,26,0.03815678080837376,0.03962423112182308,0.038890505965098424,2,1.0647719964891051,0.978125,1280
bayesfl_observability_v1,ola_sparse_bayesian_keep010_seed42,150,ola,global,,,layers.1.weight,raw,27,0.03962423112182308,0.04109168143527241,0.04035795627854775,3,1.59715799473365,0.98046875,1280
bayesfl_observability_v1,ola_sparse_bayesian_keep010_seed42,150,ola,global,,,layers.1.weight,raw,28,0.04109168143527241,0.042559131748721744,0.04182540659199708,3,1.59715799473365,0.9828125,1280
bayesfl_observability_v1,ola_sparse_bayesian_keep010_seed42,150,ola,global,,,layers.1.weight,raw,29,0.042559131748721744,0.044026582062171075,0.04329285690544641,1,0.53238599824455,0.98359375,1280
bayesfl_observability_v1,ola_sparse_bayesian_keep010_seed42,150,ola,global,,,layers.1.weight,raw,30,0.044026582062171075,0.0454940323756204,0.044760307218895734,2,1.0647719964891051,0.98515625,1280
bayesfl_observability_v1,ola_sparse_bayesian_keep010_seed42,150,ola,global,,,layers.1.weight,raw,31,0.0454940323756204,0.04696148268906973,0.046227757532345065,2,1.0647719964891,0.98671875,1280
bayesfl_observability_v1,ola_sparse_bayesian_keep010_seed42,150,ola,global,,,layers.1.weight,raw,32,0.04696148268906973,0.04842893300251906,0.047695207845794396,2,1.0647719964891,0.98828125,1280
bayesfl_observability_v1,ola_sparse_bayesian_keep010_seed42,150,ola,global,,,layers.1.weight,raw,33,0.04842893300251906,0.049896383315968386,0.04916265815924373,0,0.0,0.98828125,1280
bayesfl_observability_v1,ola_sparse_bayesian_keep010_seed42,150,ola,global,,,layers.1.weight,raw,34,0.049896383315968386,0.05136383362941772,0.05063010847269305,1,0.53238599824455,0.9890625,1280
bayesfl_observability_v1,ola_sparse_bayesian_keep010_seed42,150,ola,global,,,layers.1.weight,raw,35,0.05136383362941772,0.05283128394286705,0.05209755878614238,0,0.0,0.9890625,1280
bayesfl_observability_v1,ola_sparse_bayesian_keep010_seed42,150,ola,global,,,layers.1.weight,raw,36,0.05283128394286705,0.05429873425631638,0.053565009099591714,1,0.53238599824455,0.98984375,1280
bayesfl_observability_v1,ola_sparse_bayesian_keep010_seed42,150,ola,global,,,layers.1.weight,raw,37,0.05429873425631638,0.0557661845697657,0.05503245941304104,2,1.0647719964891051,0.99140625,1280
bayesfl_observability_v1,ola_sparse_bayesian_keep010_seed42,150,ola,global,,,layers.1.weight,raw,38,0.0557661845697657,0.057233634883215034,0.05649990972649037,2,1.0647719964891,0.99296875,1280
bayesfl_observability_v1,ola_sparse_bayesian_keep010_seed42,150,ola,global,,,layers.1.weight,raw,39,0.057233634883215034,0.058701085196664365,0.0579673600399397,0,0.0,0.99296875,1280
bayesfl_observability_v1,ola_sparse_bayesian_keep010_seed42,150,ola,global,,,layers.1.weight,raw,40,0.058701085196664365,0.06016853551011369,0.05943481035338903,1,0.5323859982445526,0.99375,1280
bayesfl_observability_v1,ola_sparse_bayesian_keep010_seed42,150,ola,global,,,layers.1.weight,raw,41,0.06016853551011369,0.06163598582356302,0.060902260666838355,0,0.0,0.99375,1280
bayesfl_observability_v1,ola_sparse_bayesian_keep010_seed42,150,ola,global,,,layers.1.weight,raw,42,0.06163598582356302,0.06310343613701236,0.06236971098028769,2,1.0647719964890952,0.9953125,1280
bayesfl_observability_v1,ola_sparse_bayesian_keep010_seed42,150,ola,global,,,layers.1.weight,raw,43,0.06310343613701236,0.06457088645046169,0.06383716129373702,2,1.0647719964891,0.996875,1280
bayesfl_observability_v1,ola_sparse_bayesian_keep010_seed42,150,ola,global,,,layers.1.weight,raw,44,0.06457088645046169,0.06603833676391102,0.06530461160718636,0,0.0,0.996875,1280
bayesfl_observability_v1,ola_sparse_bayesian_keep010_seed42,150,ola,global,,,layers.1.weight,raw,45,0.06603833676391102,0.06750578707736035,0.06677206192063569,0,0.0,0.996875,1280
bayesfl_observability_v1,ola_sparse_bayesian_keep010_seed42,150,ola,global,,,layers.1.weight,raw,46,0.06750578707736035,0.06897323739080967,0.068239512234085,0,0.0,0.996875,1280
bayesfl_observability_v1,ola_sparse_bayesian_keep010_seed42,150,ola,global,,,layers.1.weight,raw,47,0.06897323739080967,0.070440687704259,0.06970696254753433,0,0.0,0.996875,1280
bayesfl_observability_v1,ola_sparse_bayesian_keep010_seed42,150,ola,global,,,layers.1.weight,raw,48,0.070440687704259,0.07190813801770833,0.07117441286098367,0,0.0,0.996875,1280
bayesfl_observability_v1,ola_sparse_bayesian_keep010_seed42,150,ola,global,,,layers.1.weight,raw,49,0.07190813801770833,0.07337558833115766,0.072641863174433,1,0.53238599824455,0.99765625,1280
bayesfl_observability_v1,ola_sparse_bayesian_keep010_seed42,150,ola,global,,,layers.1.weight,raw,50,0.07337558833115766,0.074843038644607,0.07410931348788233,0,0.0,0.99765625,1280
bayesfl_observability_v1,ola_sparse_bayesian_keep010_seed42,150,ola,global,,,layers.1.weight,raw,51,0.074843038644607,0.07631048895805632,0.07557676380133166,0,0.0,0.99765625,1280
bayesfl_observability_v1,ola_sparse_bayesian_keep010_seed42,150,ola,global,,,layers.1.weight,raw,52,0.07631048895805632,0.07777793927150566,0.07704421411478099,0,0.0,0.99765625,1280
bayesfl_observability_v1,ola_sparse_bayesian_keep010_seed42,150,ola,global,,,layers.1.weight,raw,53,0.07777793927150566,0.07924538958495497,0.07851166442823032,0,0.0,0.99765625,1280
bayesfl_observability_v1,ola_sparse_bayesian_keep010_seed42,150,ola,global,,,layers.1.weight,raw,54,0.07924538958495497,0.0807128398984043,0.07997911474167964,0,0.0,0.99765625,1280
bayesfl_observability_v1,ola_sparse_bayesian_keep010_seed42,150,ola,global,,,layers.1.weight,raw,55,0.0807128398984043,0.08218029021185363,0.08144656505512897,0,0.0,0.99765625,1280
bayesfl_observability_v1,ola_sparse_bayesian_keep010_seed42,150,ola,global,,,layers.1.weight,raw,56,0.08218029021185363,0.08364774052530297,0.0829140153685783,0,0.0,0.99765625,1280
bayesfl_observability_v1,ola_sparse_bayesian_keep010_seed42,150,ola,global,,,layers.1.weight,raw,57,0.08364774052530297,0.0851151908387523,0.08438146568202763,1,0.53238599824455,0.9984375,1280
bayesfl_observability_v1,ola_sparse_bayesian_keep010_seed42,150,ola,global,,,layers.1.weight,raw,58,0.0851151908387523,0.08658264115220163,0.08584891599547696,0,0.0,0.9984375,1280
bayesfl_observability_v1,ola_sparse_bayesian_keep010_seed42,150,ola,global,,,layers.1.weight,raw,59,0.08658264115220163,0.08805009146565096,0.0873163663089263,0,0.0,0.9984375,1280
bayesfl_observability_v1,ola_sparse_bayesian_keep010_seed42,150,ola,global,,,layers.1.weight,raw,60,0.08805009146565096,0.08951754177910028,0.08878381662237561,0,0.0,0.9984375,1280
bayesfl_observability_v1,ola_sparse_bayesian_keep010_seed42,150,ola,global,,,layers.1.weight,raw,61,0.08951754177910028,0.09098499209254961,0.09025126693582494,1,0.53238599824455,0.99921875,1280
bayesfl_observability_v1,ola_sparse_bayesian_keep010_seed42,150,ola,global,,,layers.1.weight,raw,62,0.09098499209254961,0.09245244240599894,0.09171871724927427,0,0.0,0.99921875,1280
bayesfl_observability_v1,ola_sparse_bayesian_keep010_seed42,150,ola,global,,,layers.1.weight,raw,63,0.09245244240599894,0.09391989271944827,0.0931861675627236,0,0.0,0.99921875,1280
bayesfl_observability_v1,ola_sparse_bayesian_keep010_seed42,150,ola,global,,,layers.1.weight,raw,64,0.09391989271944827,0.0953873430328976,0.09465361787617294,0,0.0,0.99921875,1280
bayesfl_observability_v1,ola_sparse_bayesian_keep010_seed42,150,ola,global,,,layers.1.weight,raw,65,0.0953873430328976,0.09685479334634693,0.09612106818962227,0,0.0,0.99921875,1280
bayesfl_observability_v1,ola_sparse_bayesian_keep010_seed42,150,ola,global,,,layers.1.weight,raw,66,0.09685479334634693,0.09832224365979626,0.0975885185030716,0,0.0,0.99921875,1280
bayesfl_observability_v1,ola_sparse_bayesian_keep010_seed42,150,ola,global,,,layers.1.weight,raw,67,0.09832224365979626,0.09978969397324558,0.09905596881652093,0,0.0,0.99921875,1280
bayesfl_observability_v1,ola_sparse_bayesian_keep010_seed42,150,ola,global,,,layers.1.weight,raw,68,0.09978969397324558,0.10125714428669491,0.10052341912997025,0,0.0,0.99921875,1280
bayesfl_observability_v1,ola_sparse_bayesian_keep010_seed42,150,ola,global,,,layers.1.weight,raw,69,0.10125714428669491,0.10272459460014424,0.10199086944341958,0,0.0,0.99921875,1280
bayesfl_observability_v1,ola_sparse_bayesian_keep010_seed42,150,ola,global,,,layers.1.weight,raw,70,0.10272459460014424,0.10419204491359357,0.10345831975686891,0,0.0,0.99921875,1280
bayesfl_observability_v1,ola_sparse_bayesian_keep010_seed42,150,ola,global,,,layers.1.weight,raw,71,0.10419204491359357,0.1056594952270429,0.10492577007031824,0,0.0,0.99921875,1280
bayesfl_observability_v1,ola_sparse_bayesian_keep010_seed42,150,ola,global,,,layers.1.weight,raw,72,0.1056594952270429,0.10712694554049224,0.10639322038376757,0,0.0,0.99921875,1280
bayesfl_observability_v1,ola_sparse_bayesian_keep010_seed42,150,ola,global,,,layers.1.weight,raw,73,0.10712694554049224,0.10859439585394157,0.1078606706972169,0,0.0,0.99921875,1280
bayesfl_observability_v1,ola_sparse_bayesian_keep010_seed42,150,ola,global,,,layers.1.weight,raw,74,0.10859439585394157,0.11006184616739088,0.10932812101066622,0,0.0,0.99921875,1280
bayesfl_observability_v1,ola_sparse_bayesian_keep010_seed42,150,ola,global,,,layers.1.weight,raw,75,0.11006184616739088,0.11152929648084021,0.11079557132411555,0,0.0,0.99921875,1280
bayesfl_observability_v1,ola_sparse_bayesian_keep010_seed42,150,ola,global,,,layers.1.weight,raw,76,0.11152929648084021,0.11299674679428955,0.11226302163756488,0,0.0,0.99921875,1280
bayesfl_observability_v1,ola_sparse_bayesian_keep010_seed42,150,ola,global,,,layers.1.weight,raw,77,0.11299674679428955,0.11446419710773888,0.11373047195101421,0,0.0,0.99921875,1280
bayesfl_observability_v1,ola_sparse_bayesian_keep010_seed42,150,ola,global,,,layers.1.weight,raw,78,0.11446419710773888,0.11593164742118821,0.11519792226446354,0,0.0,0.99921875,1280
bayesfl_observability_v1,ola_sparse_bayesian_keep010_seed42,150,ola,global,,,layers.1.weight,raw,79,0.11593164742118821,0.11739909773463754,0.11666537257791287,1,0.53238599824455,1.0,1280
bayesfl_observability_v1,ola_sparse_bayesian_keep010_seed42,150,ola,global,,,layers.1.weight,db,0,-110.24971073706769,-109.10417316305987,-109.67694195006378,1,0.0006819942162758496,0.00078125,1280
bayesfl_observability_v1,ola_sparse_bayesian_keep010_seed42,150,ola,global,,,layers.1.weight,db,1,-109.10417316305987,-107.95863558905207,-108.53140437605597,0,0.0,0.00078125,1280
bayesfl_observability_v1,ola_sparse_bayesian_keep010_seed42,150,ola,global,,,layers.1.weight,db,2,-107.95863558905207,-106.81309801504425,-107.38586680204816,1,0.0006819942162758496,0.0015625,1280
bayesfl_observability_v1,ola_sparse_bayesian_keep010_seed42,150,ola,global,,,layers.1.weight,db,3,-106.81309801504425,-105.66756044103643,-106.24032922804034,0,0.0,0.0015625,1280
bayesfl_observability_v1,ola_sparse_bayesian_keep010_seed42,150,ola,global,,,layers.1.weight,db,4,-105.66756044103643,-104.52202286702862,-105.09479165403252,0,0.0,0.0015625,1280
bayesfl_observability_v1,ola_sparse_bayesian_keep010_seed42,150,ola,global,,,layers.1.weight,db,5,-104.52202286702862,-103.3764852930208,-103.94925408002472,0,0.0,0.0015625,1280
bayesfl_observability_v1,ola_sparse_bayesian_keep010_seed42,150,ola,global,,,layers.1.weight,db,6,-103.3764852930208,-102.23094771901299,-102.8037165060169,0,0.0,0.0015625,1280
bayesfl_observability_v1,ola_sparse_bayesian_keep010_seed42,150,ola,global,,,layers.1.weight,db,7,-102.23094771901299,-101.08541014500518,-101.6581789320091,0,0.0,0.0015625,1280
bayesfl_observability_v1,ola_sparse_bayesian_keep010_seed42,150,ola,global,,,layers.1.weight,db,8,-101.08541014500518,-99.93987257099737,-100.51264135800128,0,0.0,0.0015625,1280
bayesfl_observability_v1,ola_sparse_bayesian_keep010_seed42,150,ola,global,,,layers.1.weight,db,9,-99.93987257099737,-98.79433499698956,-99.36710378399346,0,0.0,0.0015625,1280
bayesfl_observability_v1,ola_sparse_bayesian_keep010_seed42,150,ola,global,,,layers.1.weight,db,10,-98.79433499698956,-97.64879742298174,-98.22156620998565,0,0.0,0.0015625,1280
bayesfl_observability_v1,ola_sparse_bayesian_keep010_seed42,150,ola,global,,,layers.1.weight,db,11,-97.64879742298174,-96.50325984897393,-97.07602863597783,0,0.0,0.0015625,1280
bayesfl_observability_v1,ola_sparse_bayesian_keep010_seed42,150,ola,global,,,layers.1.weight,db,12,-96.50325984897393,-95.35772227496611,-95.93049106197002,0,0.0,0.0015625,1280
bayesfl_observability_v1,ola_sparse_bayesian_keep010_seed42,150,ola,global,,,layers.1.weight,db,13,-95.35772227496611,-94.2121847009583,-94.78495348796221,0,0.0,0.0015625,1280
bayesfl_observability_v1,ola_sparse_bayesian_keep010_seed42,150,ola,global,,,layers.1.weight,db,14,-94.2121847009583,-93.06664712695049,-93.6394159139544,0,0.0,0.0015625,1280
bayesfl_observability_v1,ola_sparse_bayesian_keep010_seed42,150,ola,global,,,layers.1.weight,db,15,-93.06664712695049,-91.92110955294268,-92.49387833994658,0,0.0,0.0015625,1280
bayesfl_observability_v1,ola_sparse_bayesian_keep010_seed42,150,ola,global,,,layers.1.weight,db,16,-91.92110955294268,-90.77557197893486,-91.34834076593877,0,0.0,0.0015625,1280
bayesfl_observability_v1,ola_sparse_bayesian_keep010_seed42,150,ola,global,,,layers.1.weight,db,17,-90.77557197893486,-89.63003440492704,-90.20280319193095,1,0.0006819942162758496,0.00234375,1280
bayesfl_observability_v1,ola_sparse_bayesian_keep010_seed42,150,ola,global,,,layers.1.weight,db,18,-89.63003440492704,-88.48449683091923,-89.05726561792314,2,0.0013639884325516991,0.00390625,1280
bayesfl_observability_v1,ola_sparse_bayesian_keep010_seed42,150,ola,global,,,layers.1.weight,db,19,-88.48449683091923,-87.33895925691142,-87.91172804391533,1,0.000681994216275858,0.0046875,1280
bayesfl_observability_v1,ola_sparse_bayesian_keep010_seed42,150,ola,global,,,layers.1.weight,db,20,-87.33895925691142,-86.1934216829036,-86.76619046990751,0,0.0,0.0046875,1280
bayesfl_observability_v1,ola_sparse_bayesian_keep010_seed42,150,ola,global,,,layers.1.weight,db,21,-86.1934216829036,-85.0478841088958,-85.6206528958997,0,0.0,0.0046875,1280
bayesfl_observability_v1,ola_sparse_bayesian_keep010_seed42,150,ola,global,,,layers.1.weight,db,22,-85.0478841088958,-83.90234653488798,-84.47511532189189,1,0.0006819942162758496,0.00546875,1280
bayesfl_observability_v1,ola_sparse_bayesian_keep010_seed42,150,ola,global,,,layers.1.weight,db,23,-83.90234653488798,-82.75680896088016,-83.32957774788407,0,0.0,0.00546875,1280
bayesfl_observability_v1,ola_sparse_bayesian_keep010_seed42,150,ola,global,,,layers.1.weight,db,24,-82.75680896088016,-81.61127138687235,-82.18404017387626,2,0.0013639884325516991,0.00703125,1280
bayesfl_observability_v1,ola_sparse_bayesian_keep010_seed42,150,ola,global,,,layers.1.weight,db,25,-81.61127138687235,-80.46573381286454,-81.03850259986845,1,0.000681994216275858,0.0078125,1280
bayesfl_observability_v1,ola_sparse_bayesian_keep010_seed42,150,ola,global,,,layers.1.weight,db,26,-80.46573381286454,-79.32019623885672,-79.89296502586063,1,0.0006819942162758496,0.00859375,1280
bayesfl_observability_v1,ola_sparse_bayesian_keep010_seed42,150,ola,global,,,layers.1.weight,db,27,-79.32019623885672,-78.17465866484892,-78.74742745185281,3,0.002045982648827574,0.0109375,1280
bayesfl_observability_v1,ola_sparse_bayesian_keep010_seed42,150,ola,global,,,layers.1.weight,db,28,-78.17465866484892,-77.0291210908411,-77.60188987784501,6,0.004091965297655097,0.015625,1280
bayesfl_observability_v1,ola_sparse_bayesian_keep010_seed42,150,ola,global,,,layers.1.weight,db,29,-77.0291210908411,-75.88358351683328,-76.45635230383719,3,0.0020459826488275486,0.01796875,1280
bayesfl_observability_v1,ola_sparse_bayesian_keep010_seed42,150,ola,global,,,layers.1.weight,db,30,-75.88358351683328,-74.73804594282547,-75.31081472982937,6,0.004091965297655097,0.02265625,1280
bayesfl_observability_v1,ola_sparse_bayesian_keep010_seed42,150,ola,global,,,layers.1.weight,db,31,-74.73804594282547,-73.59250836881766,-74.16527715582157,4,0.002727976865103432,0.02578125,1280
bayesfl_observability_v1,ola_sparse_bayesian_keep010_seed42,150,ola,global,,,layers.1.weight,db,32,-73.59250836881766,-72.44697079480986,-73.01973958181375,5,0.0034099710813792904,0.0296875,1280
bayesfl_observability_v1,ola_sparse_bayesian_keep010_seed42,150,ola,global,,,layers.1.weight,db,33,-72.44697079480986,-71.30143322080204,-71.87420200780595,6,0.004091965297655097,0.034375,1280
bayesfl_observability_v1,ola_sparse_bayesian_keep010_seed42,150,ola,global,,,layers.1.weight,db,34,-71.30143322080204,-70.15589564679422,-70.72866443379813,7,0.004773959513930947,0.03984375,1280
bayesfl_observability_v1,ola_sparse_bayesian_keep010_seed42,150,ola,global,,,layers.1.weight,db,35,-70.15589564679422,-69.0103580727864,-69.58312685979031,8,0.0054559537302067964,0.04609375,1280
bayesfl_observability_v1,ola_sparse_bayesian_keep010_seed42,150,ola,global,,,layers.1.weight,db,36,-69.0103580727864,-67.86482049877858,-68.4375892857825,7,0.004773959513930947,0.0515625,1280
bayesfl_observability_v1,ola_sparse_bayesian_keep010_seed42,150,ola,global,,,layers.1.weight,db,37,-67.86482049877858,-66.71928292477078,-67.29205171177469,5,0.0034099710813792904,0.05546875,1280
bayesfl_observability_v1,ola_sparse_bayesian_keep010_seed42,150,ola,global,,,layers.1.weight,db,38,-66.71928292477078,-65.57374535076298,-66.14651413776687,8,0.005455953730206864,0.06171875,1280
bayesfl_observability_v1,ola_sparse_bayesian_keep010_seed42,150,ola,global,,,layers.1.weight,db,39,-65.57374535076298,-64.42820777675516,-65.00097656375907,10,0.006819942162758496,0.06953125,1280
bayesfl_observability_v1,ola_sparse_bayesian_keep010_seed42,150,ola,global,,,layers.1.weight,db,40,-64.42820777675516,-63.28267020274734,-63.85543898975125,7,0.004773959513930947,0.075,1280
bayesfl_observability_v1,ola_sparse_bayesian_keep010_seed42,150,ola,global,,,layers.1.weight,db,41,-63.28267020274734,-62.13713262873953,-62.70990141574343,7,0.004773959513930976,0.08046875,1280
bayesfl_observability_v1,ola_sparse_bayesian_keep010_seed42,150,ola,global,,,layers.1.weight,db,42,-62.13713262873953,-60.99159505473172,-61.56436384173563,11,0.007501936379034392,0.0890625,1280
bayesfl_observability_v1,ola_sparse_bayesian_keep010_seed42,150,ola,global,,,layers.1.weight,db,43,-60.99159505473172,-59.8460574807239,-60.41882626772781,16,0.010911907460413593,0.1015625,1280
bayesfl_observability_v1,ola_sparse_bayesian_keep010_seed42,150,ola,global,,,layers.1.weight,db,44,-59.8460574807239,-58.70051990671609,-59.27328869371999,14,0.009547919027861953,0.1125,1280
bayesfl_observability_v1,ola_sparse_bayesian_keep010_seed42,150,ola,global,,,layers.1.weight,db,45,-58.70051990671609,-57.55498233270828,-58.12775111971219,17,0.011593901676689515,0.12578125,1280
bayesfl_observability_v1,ola_sparse_bayesian_keep010_seed42,150,ola,global,,,layers.1.weight,db,46,-57.55498233270828,-56.40944475870046,-56.98221354570437,22,0.01500387275806869,0.14296875,1280
bayesfl_observability_v1,ola_sparse_bayesian_keep010_seed42,150,ola,global,,,layers.1.weight,db,47,-56.40944475870046,-55.26390718469265,-55.83667597169655,22,0.015003872758068785,0.16015625,1280
bayesfl_observability_v1,ola_sparse_bayesian_keep010_seed42,150,ola,global,,,layers.1.weight,db,48,-55.26390718469265,-54.11836961068484,-54.691138397688746,37,0.02523378600220659,0.1890625,1280
bayesfl_observability_v1,ola_sparse_bayesian_keep010_seed42,150,ola,global,,,layers.1.weight,db,49,-54.11836961068484,-52.97283203667702,-53.54560082368093,37,0.025233786002206434,0.21796875,1280
bayesfl_observability_v1,ola_sparse_bayesian_keep010_seed42,150,ola,global,,,layers.1.weight,db,50,-52.97283203667702,-51.82729446266921,-52.40006324967311,34,0.02318780335337903,0.24453125,1280
bayesfl_observability_v1,ola_sparse_bayesian_keep010_seed42,150,ola,global,,,layers.1.weight,db,51,-51.82729446266921,-50.6817568886614,-51.254525675665306,38,0.025915780218482443,0.27421875,1280
bayesfl_observability_v1,ola_sparse_bayesian_keep010_seed42,150,ola,global,,,layers.1.weight,db,52,-50.6817568886614,-49.53621931465358,-50.10898810165749,42,0.028643757083585682,0.30703125,1280
bayesfl_observability_v1,ola_sparse_bayesian_keep010_seed42,150,ola,global,,,layers.1.weight,db,53,-49.53621931465358,-48.39068174064577,-48.96345052764967,47,0.03205372816496513,0.34375,1280
bayesfl_observability_v1,ola_sparse_bayesian_keep010_seed42,150,ola,global,,,layers.1.weight,db,54,-48.39068174064577,-47.24514416663796,-47.817912953641866,53,0.036145693462620254,0.38515625,1280
bayesfl_observability_v1,ola_sparse_bayesian_keep010_seed42,150,ola,global,,,layers.1.weight,db,55,-47.24514416663796,-46.09960659263014,-46.67237537963405,60,0.04091965297655097,0.43203125,1280
bayesfl_observability_v1,ola_sparse_bayesian_keep010_seed42,150,ola,global,,,layers.1.weight,db,56,-46.09960659263014,-44.954069018622334,-45.526837805626236,83,0.056605519950896216,0.496875,1280
bayesfl_observability_v1,ola_sparse_bayesian_keep010_seed42,150,ola,global,,,layers.1.weight,db,57,-44.954069018622334,-43.808531444614516,-44.381300231618425,60,0.04091965297655097,0.54375,1280
bayesfl_observability_v1,ola_sparse_bayesian_keep010_seed42,150,ola,global,,,layers.1.weight,db,58,-43.808531444614516,-42.6629938706067,-43.23576265761061,59,0.04023765876027512,0.58984375,1280
bayesfl_observability_v1,ola_sparse_bayesian_keep010_seed42,150,ola,global,,,layers.1.weight,db,59,-42.6629938706067,-41.517456296598894,-42.090225083602796,63,0.042965635625379056,0.6390625,1280
bayesfl_observability_v1,ola_sparse_bayesian_keep010_seed42,150,ola,global,,,layers.1.weight,db,60,-41.517456296598894,-40.371918722591076,-40.944687509594985,69,0.04705760092303362,0.69296875,1280
bayesfl_observability_v1,ola_sparse_bayesian_keep010_seed42,150,ola,global,,,layers.1.weight,db,61,-40.371918722591076,-39.22638114858326,-39.79914993558717,68,0.04637560670675777,0.74609375,1280
bayesfl_observability_v1,ola_sparse_bayesian_keep010_seed42,150,ola,global,,,layers.1.weight,db,62,-39.22638114858326,-38.080843574575454,-38.653612361579356,58,0.039555664543999766,0.79140625,1280
bayesfl_observability_v1,ola_sparse_bayesian_keep010_seed42,150,ola,global,,,layers.1.weight,db,63,-38.080843574575454,-36.935306000567635,-37.508074787571545,43,0.029325751299861532,0.825,1280
bayesfl_observability_v1,ola_sparse_bayesian_keep010_seed42,150,ola,global,,,layers.1.weight,db,64,-36.935306000567635,-35.78976842655982,-36.362537213563726,36,0.024551791785930584,0.853125,1280
bayesfl_observability_v1,ola_sparse_bayesian_keep010_seed42,150,ola,global,,,layers.1.weight,db,65,-35.78976842655982,-34.64423085255201,-35.216999639555915,48,0.032735722381241186,0.890625,1280
bayesfl_observability_v1,ola_sparse_bayesian_keep010_seed42,150,ola,global,,,layers.1.weight,db,66,-34.64423085255201,-33.498693278544195,-34.071462065548104,37,0.025233786002206434,0.91953125,1280
bayesfl_observability_v1,ola_sparse_bayesian_keep010_seed42,150,ola,global,,,layers.1.weight,db,67,-33.498693278544195,-32.35315570453638,-32.925924491540286,22,0.01500387275806869,0.93671875,1280
bayesfl_observability_v1,ola_sparse_bayesian_keep010_seed42,150,ola,global,,,layers.1.weight,db,68,-32.35315570453638,-31.207618130528573,-31.780386917532475,20,0.013639884325517162,0.95234375,1280
bayesfl_observability_v1,ola_sparse_bayesian_keep010_seed42,150,ola,global,,,layers.1.weight,db,69,-31.207618130528573,-30.062080556520755,-30.634849343524664,15,0.010229913244137743,0.9640625,1280
bayesfl_observability_v1,ola_sparse_bayesian_keep010_seed42,150,ola,global,,,layers.1.weight,db,70,-30.062080556520755,-28.916542982512937,-29.489311769516846,12,0.008183930595310194,0.9734375,1280
bayesfl_observability_v1,ola_sparse_bayesian_keep010_seed42,150,ola,global,,,layers.1.weight,db,71,-28.916542982512937,-27.771005408505133,-28.343774195509035,8,0.005455953730206864,0.9796875,1280
bayesfl_observability_v1,ola_sparse_bayesian_keep010_seed42,150,ola,global,,,layers.1.weight,db,72,-27.771005408505133,-26.625467834497314,-27.198236621501223,9,0.006137947946482646,0.98671875,1280
bayesfl_observability_v1,ola_sparse_bayesian_keep010_seed42,150,ola,global,,,layers.1.weight,db,73,-26.625467834497314,-25.479930260489496,-26.052699047493405,3,0.0020459826488275486,0.9890625,1280
bayesfl_observability_v1,ola_sparse_bayesian_keep010_seed42,150,ola,global,,,layers.1.weight,db,74,-25.479930260489496,-24.334392686481692,-24.907161473485594,6,0.004091965297655148,0.99375,1280
bayesfl_observability_v1,ola_sparse_bayesian_keep010_seed42,150,ola,global,,,layers.1.weight,db,75,-24.334392686481692,-23.188855112473874,-23.761623899477783,4,0.0027279768651033982,0.996875,1280
bayesfl_observability_v1,ola_sparse_bayesian_keep010_seed42,150,ola,global,,,layers.1.weight,db,76,-23.188855112473874,-22.043317538466056,-22.616086325469965,1,0.0006819942162758496,0.99765625,1280
bayesfl_observability_v1,ola_sparse_bayesian_keep010_seed42,150,ola,global,,,layers.1.weight,db,77,-22.043317538466056,-20.897779964458252,-21.470548751462154,2,0.001363988432551716,0.99921875,1280
bayesfl_observability_v1,ola_sparse_bayesian_keep010_seed42,150,ola,global,,,layers.1.weight,db,78,-20.897779964458252,-19.752242390450434,-20.325011177454343,0,0.0,0.99921875,1280
bayesfl_observability_v1,ola_sparse_bayesian_keep010_seed42,150,ola,global,,,layers.1.weight,db,79,-19.752242390450434,-18.606704816442633,-19.17947360344653,1,0.0006819942162758602,1.0,1280
bayesfl_observability_v1,ola_sparse_bayesian_keep010_seed42,150,ola,global,,,layers.1.bias,raw,0,0.00028422891662951944,0.0004157971385079724,0.00035001302756874594,4,3040.2478219211107,0.4,10
bayesfl_observability_v1,ola_sparse_bayesian_keep010_seed42,150,ola,global,,,layers.1.bias,raw,1,0.0004157971385079724,0.0005473653603864253,0.0004815812494471988,0,0.0,0.4,10
bayesfl_observability_v1,ola_sparse_bayesian_keep010_seed42,150,ola,global,,,layers.1.bias,raw,2,0.0005473653603864253,0.0006789335822648783,0.0006131494713256518,1,760.0619554802774,0.5,10
bayesfl_observability_v1,ola_sparse_bayesian_keep010_seed42,150,ola,global,,,layers.1.bias,raw,3,0.0006789335822648783,0.0008105018041433312,0.0007447176932041048,0,0.0,0.5,10
bayesfl_observability_v1,ola_sparse_bayesian_keep010_seed42,150,ola,global,,,layers.1.bias,raw,4,0.0008105018041433312,0.0009420700260217842,0.0008762859150825577,0,0.0,0.5,10
bayesfl_observability_v1,ola_sparse_bayesian_keep010_seed42,150,ola,global,,,layers.1.bias,raw,5,0.0009420700260217842,0.001073638247900237,0.0010078541369610105,0,0.0,0.5,10
bayesfl_observability_v1,ola_sparse_bayesian_keep010_seed42,150,ola,global,,,layers.1.bias,raw,6,0.001073638247900237,0.0012052064697786898,0.0011394223588394635,0,0.0,0.5,10
bayesfl_observability_v1,ola_sparse_bayesian_keep010_seed42,150,ola,global,,,layers.1.bias,raw,7,0.0012052064697786898,0.0013367746916571428,0.0012709905807179163,0,0.0,0.5,10
bayesfl_observability_v1,ola_sparse_bayesian_keep010_seed42,150,ola,global,,,layers.1.bias,raw,8,0.0013367746916571428,0.0014683429135355958,0.0014025588025963693,1,760.0619554802774,0.6,10
bayesfl_observability_v1,ola_sparse_bayesian_keep010_seed42,150,ola,global,,,layers.1.bias,raw,9,0.0014683429135355958,0.0015999111354140488,0.0015341270244748223,0,0.0,0.6,10
bayesfl_observability_v1,ola_sparse_bayesian_keep010_seed42,150,ola,global,,,layers.1.bias,raw,10,0.0015999111354140488,0.0017314793572925018,0.0016656952463532753,0,0.0,0.6,10
bayesfl_observability_v1,ola_sparse_bayesian_keep010_seed42,150,ola,global,,,layers.1.bias,raw,11,0.0017314793572925018,0.0018630475791709547,0.0017972634682317282,0,0.0,0.6,10
bayesfl_observability_v1,ola_sparse_bayesian_keep010_seed42,150,ola,global,,,layers.1.bias,raw,12,0.0018630475791709547,0.0019946158010494077,0.0019288316901101812,0,0.0,0.6,10
bayesfl_observability_v1,ola_sparse_bayesian_keep010_seed42,150,ola,global,,,layers.1.bias,raw,13,0.0019946158010494077,0.0021261840229278603,0.002060399911988634,0,0.0,0.6,10
bayesfl_observability_v1,ola_sparse_bayesian_keep010_seed42,150,ola,global,,,layers.1.bias,raw,14,0.0021261840229278603,0.0022577522448063133,0.0021919681338670866,0,0.0,0.6,10
bayesfl_observability_v1,ola_sparse_bayesian_keep010_seed42,150,ola,global,,,layers.1.bias,raw,15,0.0022577522448063133,0.0023893204666847663,0.00232353635574554,0,0.0,0.6,10
bayesfl_observability_v1,ola_sparse_bayesian_keep010_seed42,150,ola,global,,,layers.1.bias,raw,16,0.0023893204666847663,0.0025208886885632192,0.0024551045776239925,0,0.0,0.6,10
bayesfl_observability_v1,ola_sparse_bayesian_keep010_seed42,150,ola,global,,,layers.1.bias,raw,17,0.0025208886885632192,0.0026524569104416722,0.002586672799502446,0,0.0,0.6,10
bayesfl_observability_v1,ola_sparse_bayesian_keep010_seed42,150,ola,global,,,layers.1.bias,raw,18,0.0026524569104416722,0.002784025132320125,0.0027182410213808985,0,0.0,0.6,10
bayesfl_observability_v1,ola_sparse_bayesian_keep010_seed42,150,ola,global,,,layers.1.bias,raw,19,0.002784025132320125,0.002915593354198578,0.002849809243259352,0,0.0,0.6,10
bayesfl_observability_v1,ola_sparse_bayesian_keep010_seed42,150,ola,global,,,layers.1.bias,raw,20,0.002915593354198578,0.0030471615760770308,0.0029813774651378045,0,0.0,0.6,10
bayesfl_observability_v1,ola_sparse_bayesian_keep010_seed42,150,ola,global,,,layers.1.bias,raw,21,0.0030471615760770308,0.0031787297979554837,0.003112945687016257,0,0.0,0.6,10
bayesfl_observability_v1,ola_sparse_bayesian_keep010_seed42,150,ola,global,,,layers.1.bias,raw,22,0.0031787297979554837,0.0033102980198339367,0.0032445139088947104,0,0.0,0.6,10
bayesfl_observability_v1,ola_sparse_bayesian_keep010_seed42,150,ola,global,,,layers.1.bias,raw,23,0.0033102980198339367,0.0034418662417123897,0.003376082130773163,0,0.0,0.6,10
bayesfl_observability_v1,ola_sparse_bayesian_keep010_seed42,150,ola,global,,,layers.1.bias,raw,24,0.0034418662417123897,0.0035734344635908427,0.0035076503526516164,0,0.0,0.6,10
bayesfl_observability_v1,ola_sparse_bayesian_keep010_seed42,150,ola,global,,,layers.1.bias,raw,25,0.0035734344635908427,0.0037050026854692957,0.003639218574530069,0,0.0,0.6,10
bayesfl_observability_v1,ola_sparse_bayesian_keep010_seed42,150,ola,global,,,layers.1.bias,raw,26,0.0037050026854692957,0.0038365709073477487,0.0037707867964085224,0,0.0,0.6,10
bayesfl_observability_v1,ola_sparse_bayesian_keep010_seed42,150,ola,global,,,layers.1.bias,raw,27,0.0038365709073477487,0.003968139129226202,0.003902355018286975,0,0.0,0.6,10
bayesfl_observability_v1,ola_sparse_bayesian_keep010_seed42,150,ola,global,,,layers.1.bias,raw,28,0.003968139129226202,0.004099707351104654,0.0040339232401654275,0,0.0,0.6,10
bayesfl_observability_v1,ola_sparse_bayesian_keep010_seed42,150,ola,global,,,layers.1.bias,raw,29,0.004099707351104654,0.004231275572983108,0.004165491462043881,0,0.0,0.6,10
bayesfl_observability_v1,ola_sparse_bayesian_keep010_seed42,150,ola,global,,,layers.1.bias,raw,30,0.004231275572983108,0.004362843794861561,0.004297059683922334,0,0.0,0.6,10
bayesfl_observability_v1,ola_sparse_bayesian_keep010_seed42,150,ola,global,,,layers.1.bias,raw,31,0.004362843794861561,0.004494412016740014,0.004428627905800788,0,0.0,0.6,10
bayesfl_observability_v1,ola_sparse_bayesian_keep010_seed42,150,ola,global,,,layers.1.bias,raw,32,0.004494412016740014,0.004625980238618466,0.0045601961276792394,0,0.0,0.6,10
bayesfl_observability_v1,ola_sparse_bayesian_keep010_seed42,150,ola,global,,,layers.1.bias,raw,33,0.004625980238618466,0.00475754846049692,0.004691764349557693,0,0.0,0.6,10
bayesfl_observability_v1,ola_sparse_bayesian_keep010_seed42,150,ola,global,,,layers.1.bias,raw,34,0.00475754846049692,0.004889116682375372,0.004823332571436146,0,0.0,0.6,10
bayesfl_observability_v1,ola_sparse_bayesian_keep010_seed42,150,ola,global,,,layers.1.bias,raw,35,0.004889116682375372,0.0050206849042538255,0.004954900793314599,0,0.0,0.6,10
bayesfl_observability_v1,ola_sparse_bayesian_keep010_seed42,150,ola,global,,,layers.1.bias,raw,36,0.0050206849042538255,0.005152253126132278,0.005086469015193051,0,0.0,0.6,10
bayesfl_observability_v1,ola_sparse_bayesian_keep010_seed42,150,ola,global,,,layers.1.bias,raw,37,0.005152253126132278,0.0052838213480107315,0.005218037237071505,0,0.0,0.6,10
bayesfl_observability_v1,ola_sparse_bayesian_keep010_seed42,150,ola,global,,,layers.1.bias,raw,38,0.0052838213480107315,0.005415389569889184,0.005349605458949958,0,0.0,0.6,10
bayesfl_observability_v1,ola_sparse_bayesian_keep010_seed42,150,ola,global,,,layers.1.bias,raw,39,0.005415389569889184,0.0055469577917676375,0.005481173680828411,1,760.061955480275,0.7,10
bayesfl_observability_v1,ola_sparse_bayesian_keep010_seed42,150,ola,global,,,layers.1.bias,raw,40,0.0055469577917676375,0.00567852601364609,0.005612741902706863,1,760.06195548028,0.8,10
bayesfl_observability_v1,ola_sparse_bayesian_keep010_seed42,150,ola,global,,,layers.1.bias,raw,41,0.00567852601364609,0.005810094235524543,0.005744310124585317,0,0.0,0.8,10
bayesfl_observability_v1,ola_sparse_bayesian_keep010_seed42,150,ola,global,,,layers.1.bias,raw,42,0.005810094235524543,0.005941662457402996,0.005875878346463769,0,0.0,0.8,10
bayesfl_observability_v1,ola_sparse_bayesian_keep010_seed42,150,ola,global,,,layers.1.bias,raw,43,0.005941662457402996,0.006073230679281449,0.006007446568342222,0,0.0,0.8,10
bayesfl_observability_v1,ola_sparse_bayesian_keep010_seed42,150,ola,global,,,layers.1.bias,raw,44,0.006073230679281449,0.006204798901159902,0.006139014790220675,1,760.061955480275,0.9,10
bayesfl_observability_v1,ola_sparse_bayesian_keep010_seed42,150,ola,global,,,layers.1.bias,raw,45,0.006204798901159902,0.0063363671230383545,0.006270583012099129,0,0.0,0.9,10
bayesfl_observability_v1,ola_sparse_bayesian_keep010_seed42,150,ola,global,,,layers.1.bias,raw,46,0.0063363671230383545,0.006467935344916808,0.006402151233977581,0,0.0,0.9,10
bayesfl_observability_v1,ola_sparse_bayesian_keep010_seed42,150,ola,global,,,layers.1.bias,raw,47,0.006467935344916808,0.0065995035667952605,0.006533719455856034,0,0.0,0.9,10
bayesfl_observability_v1,ola_sparse_bayesian_keep010_seed42,150,ola,global,,,layers.1.bias,raw,48,0.0065995035667952605,0.006731071788673713,0.006665287677734487,0,0.0,0.9,10
bayesfl_observability_v1,ola_sparse_bayesian_keep010_seed42,150,ola,global,,,layers.1.bias,raw,49,0.006731071788673713,0.0068626400105521665,0.00679685589961294,0,0.0,0.9,10
bayesfl_observability_v1,ola_sparse_bayesian_keep010_seed42,150,ola,global,,,layers.1.bias,raw,50,0.0068626400105521665,0.006994208232430619,0.006928424121491392,0,0.0,0.9,10
bayesfl_observability_v1,ola_sparse_bayesian_keep010_seed42,150,ola,global,,,layers.1.bias,raw,51,0.006994208232430619,0.0071257764543090725,0.007059992343369846,0,0.0,0.9,10
bayesfl_observability_v1,ola_sparse_bayesian_keep010_seed42,150,ola,global,,,layers.1.bias,raw,52,0.0071257764543090725,0.007257344676187525,0.007191560565248299,0,0.0,0.9,10
bayesfl_observability_v1,ola_sparse_bayesian_keep010_seed42,150,ola,global,,,layers.1.bias,raw,53,0.007257344676187525,0.0073889128980659784,0.007323128787126752,0,0.0,0.9,10
bayesfl_observability_v1,ola_sparse_bayesian_keep010_seed42,150,ola,global,,,layers.1.bias,raw,54,0.0073889128980659784,0.007520481119944431,0.007454697009005204,0,0.0,0.9,10
bayesfl_observability_v1,ola_sparse_bayesian_keep010_seed42,150,ola,global,,,layers.1.bias,raw,55,0.007520481119944431,0.0076520493418228835,0.007586265230883658,0,0.0,0.9,10
bayesfl_observability_v1,ola_sparse_bayesian_keep010_seed42,150,ola,global,,,layers.1.bias,raw,56,0.0076520493418228835,0.007783617563701337,0.00771783345276211,0,0.0,0.9,10
bayesfl_observability_v1,ola_sparse_bayesian_keep010_seed42,150,ola,global,,,layers.1.bias,raw,57,0.007783617563701337,0.007915185785579789,0.007849401674640563,0,0.0,0.9,10
bayesfl_observability_v1,ola_sparse_bayesian_keep010_seed42,150,ola,global,,,layers.1.bias,raw,58,0.007915185785579789,0.008046754007458242,0.007980969896519016,0,0.0,0.9,10
bayesfl_observability_v1,ola_sparse_bayesian_keep010_seed42,150,ola,global,,,layers.1.bias,raw,59,0.008046754007458242,0.008178322229336695,0.008112538118397468,0,0.0,0.9,10
bayesfl_observability_v1,ola_sparse_bayesian_keep010_seed42,150,ola,global,,,layers.1.bias,raw,60,0.008178322229336695,0.008309890451215149,0.008244106340275923,0,0.0,0.9,10
bayesfl_observability_v1,ola_sparse_bayesian_keep010_seed42,150,ola,global,,,layers.1.bias,raw,61,0.008309890451215149,0.008441458673093602,0.008375674562154375,0,0.0,0.9,10
bayesfl_observability_v1,ola_sparse_bayesian_keep010_seed42,150,ola,global,,,layers.1.bias,raw,62,0.008441458673093602,0.008573026894972054,0.008507242784032828,0,0.0,0.9,10
bayesfl_observability_v1,ola_sparse_bayesian_keep010_seed42,150,ola,global,,,layers.1.bias,raw,63,0.008573026894972054,0.008704595116850507,0.008638811005911282,0,0.0,0.9,10
bayesfl_observability_v1,ola_sparse_bayesian_keep010_seed42,150,ola,global,,,layers.1.bias,raw,64,0.008704595116850507,0.00883616333872896,0.008770379227789733,0,0.0,0.9,10
bayesfl_observability_v1,ola_sparse_bayesian_keep010_seed42,150,ola,global,,,layers.1.bias,raw,65,0.00883616333872896,0.008967731560607413,0.008901947449668187,0,0.0,0.9,10
bayesfl_observability_v1,ola_sparse_bayesian_keep010_seed42,150,ola,global,,,layers.1.bias,raw,66,0.008967731560607413,0.009099299782485866,0.00903351567154664,0,0.0,0.9,10
bayesfl_observability_v1,ola_sparse_bayesian_keep010_seed42,150,ola,global,,,layers.1.bias,raw,67,0.009099299782485866,0.00923086800436432,0.009165083893425092,0,0.0,0.9,10
bayesfl_observability_v1,ola_sparse_bayesian_keep010_seed42,150,ola,global,,,layers.1.bias,raw,68,0.00923086800436432,0.009362436226242773,0.009296652115303547,0,0.0,0.9,10
bayesfl_observability_v1,ola_sparse_bayesian_keep010_seed42,150,ola,global,,,layers.1.bias,raw,69,0.009362436226242773,0.009494004448121224,0.009428220337181999,0,0.0,0.9,10
bayesfl_observability_v1,ola_sparse_bayesian_keep010_seed42,150,ola,global,,,layers.1.bias,raw,70,0.009494004448121224,0.009625572669999678,0.00955978855906045,0,0.0,0.9,10
bayesfl_observability_v1,ola_sparse_bayesian_keep010_seed42,150,ola,global,,,layers.1.bias,raw,71,0.009625572669999678,0.009757140891878131,0.009691356780938905,0,0.0,0.9,10
bayesfl_observability_v1,ola_sparse_bayesian_keep010_seed42,150,ola,global,,,layers.1.bias,raw,72,0.009757140891878131,0.009888709113756583,0.009822925002817357,0,0.0,0.9,10
bayesfl_observability_v1,ola_sparse_bayesian_keep010_seed42,150,ola,global,,,layers.1.bias,raw,73,0.009888709113756583,0.010020277335635036,0.009954493224695809,0,0.0,0.9,10
bayesfl_observability_v1,ola_sparse_bayesian_keep010_seed42,150,ola,global,,,layers.1.bias,raw,74,0.010020277335635036,0.01015184555751349,0.010086061446574264,0,0.0,0.9,10
bayesfl_observability_v1,ola_sparse_bayesian_keep010_seed42,150,ola,global,,,layers.1.bias,raw,75,0.01015184555751349,0.010283413779391943,0.010217629668452716,0,0.0,0.9,10
bayesfl_observability_v1,ola_sparse_bayesian_keep010_seed42,150,ola,global,,,layers.1.bias,raw,76,0.010283413779391943,0.010414982001270395,0.010349197890331169,0,0.0,0.9,10
bayesfl_observability_v1,ola_sparse_bayesian_keep010_seed42,150,ola,global,,,layers.1.bias,raw,77,0.010414982001270395,0.010546550223148848,0.010480766112209623,0,0.0,0.9,10
bayesfl_observability_v1,ola_sparse_bayesian_keep010_seed42,150,ola,global,,,layers.1.bias,raw,78,0.010546550223148848,0.010678118445027302,0.010612334334088074,0,0.0,0.9,10
bayesfl_observability_v1,ola_sparse_bayesian_keep010_seed42,150,ola,global,,,layers.1.bias,raw,79,0.010678118445027302,0.010809686666905753,0.010743902555966528,1,760.061955480285,1.0,10
bayesfl_observability_v1,ola_sparse_bayesian_keep010_seed42,150,ola,global,,,layers.1.bias,db,0,-70.92663477531806,-70.5315985642329,-70.72911666977548,1,0.25314135057466913,0.1,10
bayesfl_observability_v1,ola_sparse_bayesian_keep010_seed42,150,ola,global,,,layers.1.bias,db,1,-70.5315985642329,-70.13656235314771,-70.3340804586903,0,0.0,0.1,10
bayesfl_observability_v1,ola_sparse_bayesian_keep010_seed42,150,ola,global,,,layers.1.bias,db,2,-70.13656235314771,-69.74152614206254,-69.93904424760512,0,0.0,0.1,10
bayesfl_observability_v1,ola_sparse_bayesian_keep010_seed42,150,ola,global,,,layers.1.bias,db,3,-69.74152614206254,-69.34648993097736,-69.54400803651995,0,0.0,0.1,10
bayesfl_observability_v1,ola_sparse_bayesian_keep010_seed42,150,ola,global,,,layers.1.bias,db,4,-69.34648993097736,-68.95145371989219,-69.14897182543477,2,0.5062827011493383,0.3,10
bayesfl_observability_v1,ola_sparse_bayesian_keep010_seed42,150,ola,global,,,layers.1.bias,db,5,-68.95145371989219,-68.55641750880702,-68.7539356143496,0,0.0,0.3,10
bayesfl_observability_v1,ola_sparse_bayesian_keep010_seed42,150,ola,global,,,layers.1.bias,db,6,-68.55641750880702,-68.16138129772183,-68.35889940326442,0,0.0,0.3,10
bayesfl_observability_v1,ola_sparse_bayesian_keep010_seed42,150,ola,global,,,layers.1.bias,db,7,-68.16138129772183,-67.76634508663666,-67.96386319217925,1,0.25314135057466913,0.4,10
bayesfl_observability_v1,ola_sparse_bayesian_keep010_seed42,150,ola,global,,,layers.1.bias,db,8,-67.76634508663666,-67.37130887555149,-67.56882698109408,0,0.0,0.4,10
bayesfl_observability_v1,ola_sparse_bayesian_keep010_seed42,150,ola,global,,,layers.1.bias,db,9,-67.37130887555149,-66.97627266446631,-67.1737907700089,0,0.0,0.4,10
bayesfl_observability_v1,ola_sparse_bayesian_keep010_seed42,150,ola,global,,,layers.1.bias,db,10,-66.97627266446631,-66.58123645338114,-66.77875455892372,0,0.0,0.4,10
bayesfl_observability_v1,ola_sparse_bayesian_keep010_seed42,150,ola,global,,,layers.1.bias,db,11,-66.58123645338114,-66.18620024229595,-66.38371834783854,0,0.0,0.4,10
bayesfl_observability_v1,ola_sparse_bayesian_keep010_seed42,150,ola,global,,,layers.1.bias,db,12,-66.18620024229595,-65.79116403121078,-65.98868213675337,0,0.0,0.4,10
bayesfl_observability_v1,ola_sparse_bayesian_keep010_seed42,150,ola,global,,,layers.1.bias,db,13,-65.79116403121078,-65.39612782012561,-65.5936459256682,0,0.0,0.4,10
bayesfl_observability_v1,ola_sparse_bayesian_keep010_seed42,150,ola,global,,,layers.1.bias,db,14,-65.39612782012561,-65.00109160904043,-65.19860971458303,0,0.0,0.4,10
bayesfl_observability_v1,ola_sparse_bayesian_keep010_seed42,150,ola,global,,,layers.1.bias,db,15,-65.00109160904043,-64.60605539795526,-64.80357350349784,0,0.0,0.4,10
bayesfl_observability_v1,ola_sparse_bayesian_keep010_seed42,150,ola,global,,,layers.1.bias,db,16,-64.60605539795526,-64.21101918687009,-64.40853729241267,1,0.25314135057466913,0.5,10
bayesfl_observability_v1,ola_sparse_bayesian_keep010_seed42,150,ola,global,,,layers.1.bias,db,17,-64.21101918687009,-63.815982975784905,-64.01350108132749,0,0.0,0.5,10
bayesfl_observability_v1,ola_sparse_bayesian_keep010_seed42,150,ola,global,,,layers.1.bias,db,18,-63.815982975784905,-63.420946764699735,-63.61846487024232,0,0.0,0.5,10
bayesfl_observability_v1,ola_sparse_bayesian_keep010_seed42,150,ola,global,,,layers.1.bias,db,19,-63.420946764699735,-63.02591055361456,-63.22342865915715,0,0.0,0.5,10
bayesfl_observability_v1,ola_sparse_bayesian_keep010_seed42,150,ola,global,,,layers.1.bias,db,20,-63.02591055361456,-62.63087434252938,-62.828392448071966,0,0.0,0.5,10
bayesfl_observability_v1,ola_sparse_bayesian_keep010_seed42,150,ola,global,,,layers.1.bias,db,21,-62.63087434252938,-62.235838131444204,-62.433356236986796,0,0.0,0.5,10
bayesfl_observability_v1,ola_sparse_bayesian_keep010_seed42,150,ola,global,,,layers.1.bias,db,22,-62.235838131444204,-61.84080192035903,-62.03832002590161,0,0.0,0.5,10
bayesfl_observability_v1,ola_sparse_bayesian_keep010_seed42,150,ola,global,,,layers.1.bias,db,23,-61.84080192035903,-61.44576570927386,-61.64328381481644,0,0.0,0.5,10
bayesfl_observability_v1,ola_sparse_bayesian_keep010_seed42,150,ola,global,,,layers.1.bias,db,24,-61.44576570927386,-61.05072949818868,-61.24824760373127,0,0.0,0.5,10
bayesfl_observability_v1,ola_sparse_bayesian_keep010_seed42,150,ola,global,,,layers.1.bias,db,25,-61.05072949818868,-60.6556932871035,-60.85321139264609,0,0.0,0.5,10
bayesfl_observability_v1,ola_sparse_bayesian_keep010_seed42,150,ola,global,,,layers.1.bias,db,26,-60.6556932871035,-60.260657076018326,-60.45817518156092,0,0.0,0.5,10
bayesfl_observability_v1,ola_sparse_bayesian_keep010_seed42,150,ola,global,,,layers.1.bias,db,27,-60.260657076018326,-59.86562086493315,-60.063138970475734,0,0.0,0.5,10
bayesfl_observability_v1,ola_sparse_bayesian_keep010_seed42,150,ola,global,,,layers.1.bias,db,28,-59.86562086493315,-59.47058465384798,-59.668102759390564,0,0.0,0.5,10
bayesfl_observability_v1,ola_sparse_bayesian_keep010_seed42,150,ola,global,,,layers.1.bias,db,29,-59.47058465384798,-59.0755484427628,-59.273066548305394,0,0.0,0.5,10
bayesfl_observability_v1,ola_sparse_bayesian_keep010_seed42,150,ola,global,,,layers.1.bias,db,30,-59.0755484427628,-58.680512231677625,-58.87803033722021,0,0.0,0.5,10
bayesfl_observability_v1,ola_sparse_bayesian_keep010_seed42,150,ola,global,,,layers.1.bias,db,31,-58.680512231677625,-58.285476020592455,-58.48299412613504,0,0.0,0.5,10
bayesfl_observability_v1,ola_sparse_bayesian_keep010_seed42,150,ola,global,,,layers.1.bias,db,32,-58.285476020592455,-57.89043980950728,-58.08795791504987,0,0.0,0.5,10
bayesfl_observability_v1,ola_sparse_bayesian_keep010_seed42,150,ola,global,,,layers.1.bias,db,33,-57.89043980950728,-57.4954035984221,-57.692921703964686,0,0.0,0.5,10
bayesfl_observability_v1,ola_sparse_bayesian_keep010_seed42,150,ola,global,,,layers.1.bias,db,34,-57.4954035984221,-57.100367387336924,-57.297885492879516,0,0.0,0.5,10
bayesfl_observability_v1,ola_sparse_bayesian_keep010_seed42,150,ola,global,,,layers.1.bias,db,35,-57.100367387336924,-56.70533117625175,-56.90284928179433,1,0.2531413505746646,0.6,10
bayesfl_observability_v1,ola_sparse_bayesian_keep010_seed42,150,ola,global,,,layers.1.bias,db,36,-56.70533117625175,-56.31029496516658,-56.50781307070916,0,0.0,0.6,10
bayesfl_observability_v1,ola_sparse_bayesian_keep010_seed42,150,ola,global,,,layers.1.bias,db,37,-56.31029496516658,-55.9152587540814,-56.11277685962399,0,0.0,0.6,10
bayesfl_observability_v1,ola_sparse_bayesian_keep010_seed42,150,ola,global,,,layers.1.bias,db,38,-55.9152587540814,-55.52022254299622,-55.71774064853881,0,0.0,0.6,10
bayesfl_observability_v1,ola_sparse_bayesian_keep010_seed42,150,ola,global,,,layers.1.bias,db,39,-55.52022254299622,-55.12518633191105,-55.32270443745364,0,0.0,0.6,10
bayesfl_observability_v1,ola_sparse_bayesian_keep010_seed42,150,ola,global,,,layers.1.bias,db,40,-55.12518633191105,-54.73015012082587,-54.92766822636846,0,0.0,0.6,10
bayesfl_observability_v1,ola_sparse_bayesian_keep010_seed42,150,ola,global,,,layers.1.bias,db,41,-54.73015012082587,-54.3351139097407,-54.53263201528328,0,0.0,0.6,10
bayesfl_observability_v1,ola_sparse_bayesian_keep010_seed42,150,ola,global,,,layers.1.bias,db,42,-54.3351139097407,-53.94007769865552,-54.137595804198114,0,0.0,0.6,10
bayesfl_observability_v1,ola_sparse_bayesian_keep010_seed42,150,ola,global,,,layers.1.bias,db,43,-53.94007769865552,-53.545041487570344,-53.74255959311293,0,0.0,0.6,10
bayesfl_observability_v1,ola_sparse_bayesian_keep010_seed42,150,ola,global,,,layers.1.bias,db,44,-53.545041487570344,-53.150005276485174,-53.34752338202776,0,0.0,0.6,10
bayesfl_observability_v1,ola_sparse_bayesian_keep010_seed42,150,ola,global,,,layers.1.bias,db,45,-53.150005276485174,-52.7549690654,-52.95248717094259,0,0.0,0.6,10
bayesfl_observability_v1,ola_sparse_bayesian_keep010_seed42,150,ola,global,,,layers.1.bias,db,46,-52.7549690654,-52.35993285431482,-52.557450959857405,0,0.0,0.6,10
bayesfl_observability_v1,ola_sparse_bayesian_keep010_seed42,150,ola,global,,,layers.1.bias,db,47,-52.35993285431482,-51.96489664322964,-52.162414748772235,0,0.0,0.6,10
bayesfl_observability_v1,ola_sparse_bayesian_keep010_seed42,150,ola,global,,,layers.1.bias,db,48,-51.96489664322964,-51.569860432144466,-51.76737853768705,0,0.0,0.6,10
bayesfl_observability_v1,ola_sparse_bayesian_keep010_seed42,150,ola,global,,,layers.1.bias,db,49,-51.569860432144466,-51.174824221059296,-51.37234232660188,0,0.0,0.6,10
bayesfl_observability_v1,ola_sparse_bayesian_keep010_seed42,150,ola,global,,,layers.1.bias,db,50,-51.174824221059296,-50.77978800997412,-50.97730611551671,0,0.0,0.6,10
bayesfl_observability_v1,ola_sparse_bayesian_keep010_seed42,150,ola,global,,,layers.1.bias,db,51,-50.77978800997412,-50.38475179888894,-50.58226990443153,0,0.0,0.6,10
bayesfl_observability_v1,ola_sparse_bayesian_keep010_seed42,150,ola,global,,,layers.1.bias,db,52,-50.38475179888894,-49.98971558780377,-50.18723369334636,0,0.0,0.6,10
bayesfl_observability_v1,ola_sparse_bayesian_keep010_seed42,150,ola,global,,,layers.1.bias,db,53,-49.98971558780377,-49.59467937671859,-49.79219748226118,0,0.0,0.6,10
bayesfl_observability_v1,ola_sparse_bayesian_keep010_seed42,150,ola,global,,,layers.1.bias,db,54,-49.59467937671859,-49.19964316563342,-49.397161271176,0,0.0,0.6,10
bayesfl_observability_v1,ola_sparse_bayesian_keep010_seed42,150,ola,global,,,layers.1.bias,db,55,-49.19964316563342,-48.80460695454824,-49.00212506009083,0,0.0,0.6,10
bayesfl_observability_v1,ola_sparse_bayesian_keep010_seed42,150,ola,global,,,layers.1.bias,db,56,-48.80460695454824,-48.409570743463064,-48.60708884900565,0,0.0,0.6,10
bayesfl_observability_v1,ola_sparse_bayesian_keep010_seed42,150,ola,global,,,layers.1.bias,db,57,-48.409570743463064,-48.014534532377894,-48.21205263792048,0,0.0,0.6,10
bayesfl_observability_v1,ola_sparse_bayesian_keep010_seed42,150,ola,global,,,layers.1.bias,db,58,-48.014534532377894,-47.61949832129272,-47.81701642683531,0,0.0,0.6,10
bayesfl_observability_v1,ola_sparse_bayesian_keep010_seed42,150,ola,global,,,layers.1.bias,db,59,-47.61949832129272,-47.22446211020754,-47.421980215750125,0,0.0,0.6,10
bayesfl_observability_v1,ola_sparse_bayesian_keep010_seed42,150,ola,global,,,layers.1.bias,db,60,-47.22446211020754,-46.82942589912237,-47.026944004664955,0,0.0,0.6,10
bayesfl_observability_v1,ola_sparse_bayesian_keep010_seed42,150,ola,global,,,layers.1.bias,db,61,-46.82942589912237,-46.434389688037186,-46.63190779357978,0,0.0,0.6,10
bayesfl_observability_v1,ola_sparse_bayesian_keep010_seed42,150,ola,global,,,layers.1.bias,db,62,-46.434389688037186,-46.039353476952016,-46.2368715824946,0,0.0,0.6,10
bayesfl_observability_v1,ola_sparse_bayesian_keep010_seed42,150,ola,global,,,layers.1.bias,db,63,-46.039353476952016,-45.64431726586684,-45.84183537140943,0,0.0,0.6,10
bayesfl_observability_v1,ola_sparse_bayesian_keep010_seed42,150,ola,global,,,layers.1.bias,db,64,-45.64431726586684,-45.24928105478166,-45.44679916032425,0,0.0,0.6,10
bayesfl_observability_v1,ola_sparse_bayesian_keep010_seed42,150,ola,global,,,layers.1.bias,db,65,-45.24928105478166,-44.85424484369649,-45.05176294923908,2,0.5062827011493383,0.8,10
bayesfl_observability_v1,ola_sparse_bayesian_keep010_seed42,150,ola,global,,,layers.1.bias,db,66,-44.85424484369649,-44.45920863261131,-44.6567267381539,0,0.0,0.8,10
bayesfl_observability_v1,ola_sparse_bayesian_keep010_seed42,150,ola,global,,,layers.1.bias,db,67,-44.45920863261131,-44.06417242152614,-44.26169052706872,1,0.25314135057466913,0.9,10
bayesfl_observability_v1,ola_sparse_bayesian_keep010_seed42,150,ola,global,,,layers.1.bias,db,68,-44.06417242152614,-43.66913621044096,-43.86665431598355,0,0.0,0.9,10
bayesfl_observability_v1,ola_sparse_bayesian_keep010_seed42,150,ola,global,,,layers.1.bias,db,69,-43.66913621044096,-43.27409999935578,-43.47161810489837,0,0.0,0.9,10
bayesfl_observability_v1,ola_sparse_bayesian_keep010_seed42,150,ola,global,,,layers.1.bias,db,70,-43.27409999935578,-42.879063788270614,-43.0765818938132,0,0.0,0.9,10
bayesfl_observability_v1,ola_sparse_bayesian_keep010_seed42,150,ola,global,,,layers.1.bias,db,71,-42.879063788270614,-42.48402757718544,-42.68154568272803,0,0.0,0.9,10
bayesfl_observability_v1,ola_sparse_bayesian_keep010_seed42,150,ola,global,,,layers.1.bias,db,72,-42.48402757718544,-42.08899136610026,-42.286509471642844,0,0.0,0.9,10
bayesfl_observability_v1,ola_sparse_bayesian_keep010_seed42,150,ola,global,,,layers.1.bias,db,73,-42.08899136610026,-41.69395515501509,-41.891473260557675,0,0.0,0.9,10
bayesfl_observability_v1,ola_sparse_bayesian_keep010_seed42,150,ola,global,,,layers.1.bias,db,74,-41.69395515501509,-41.298918943929905,-41.4964370494725,0,0.0,0.9,10
bayesfl_observability_v1,ola_sparse_bayesian_keep010_seed42,150,ola,global,,,layers.1.bias,db,75,-41.298918943929905,-40.903882732844735,-41.10140083838732,0,0.0,0.9,10
bayesfl_observability_v1,ola_sparse_bayesian_keep010_seed42,150,ola,global,,,layers.1.bias,db,76,-40.903882732844735,-40.50884652175956,-40.70636462730215,0,0.0,0.9,10
bayesfl_observability_v1,ola_sparse_bayesian_keep010_seed42,150,ola,global,,,layers.1.bias,db,77,-40.50884652175956,-40.11381031067438,-40.311328416216966,0,0.0,0.9,10
bayesfl_observability_v1,ola_sparse_bayesian_keep010_seed42,150,ola,global,,,layers.1.bias,db,78,-40.11381031067438,-39.71877409958921,-39.916292205131796,0,0.0,0.9,10
bayesfl_observability_v1,ola_sparse_bayesian_keep010_seed42,150,ola,global,,,layers.1.bias,db,79,-39.71877409958921,-39.323737888504034,-39.521255994046626,1,0.2531413505746646,1.0,10
bayesfl_observability_v1,ola_sparse_bayesian_keep010_seed42,155,ola,global,,,all,raw,0,2.0005701773262004e-08,0.0012546184805545177,0.0006273192431281455,80145,627.6996745358279,0.7875110543382137,101770
bayesfl_observability_v1,ola_sparse_bayesian_keep010_seed42,155,ola,global,,,all,raw,1,0.0012546184805545177,0.002509216955407262,0.00188191771798089,17528,137.2801783675088,0.9597425567456028,101770
bayesfl_observability_v1,ola_sparse_bayesian_keep010_seed42,155,ola,global,,,all,raw,2,0.002509216955407262,0.0037638154302600062,0.0031365161928336343,2992,23.43349461864367,0.9891421833546231,101770
bayesfl_observability_v1,ola_sparse_bayesian_keep010_seed42,155,ola,global,,,all,raw,3,0.0037638154302600062,0.005018413905112751,0.004391114667686378,376,2.94485092801137,0.9928367888375749,101770
bayesfl_observability_v1,ola_sparse_bayesian_keep010_seed42,155,ola,global,,,all,raw,4,0.005018413905112751,0.006273012379965495,0.005645713142539123,126,0.986838342897427,0.9940748747175002,101770
bayesfl_observability_v1,ola_sparse_bayesian_keep010_seed42,155,ola,global,,,all,raw,5,0.006273012379965495,0.007527610854818239,0.006900311617391868,79,0.6187319768960062,0.9948511349120566,101770
bayesfl_observability_v1,ola_sparse_bayesian_keep010_seed42,155,ola,global,,,all,raw,6,0.007527610854818239,0.008782209329670984,0.008154910092244613,79,0.6187319768960058,0.9956273951066129,101770
bayesfl_observability_v1,ola_sparse_bayesian_keep010_seed42,155,ola,global,,,all,raw,7,0.008782209329670984,0.010036807804523729,0.009409508567097356,71,0.5560755741723596,0.9963250466738724,101770
bayesfl_observability_v1,ola_sparse_bayesian_keep010_seed42,155,ola,global,,,all,raw,8,0.010036807804523729,0.011291406279376474,0.010664107041950102,52,0.4072666177037,0.9968360027513019,101770
bayesfl_observability_v1,ola_sparse_bayesian_keep010_seed42,155,ola,global,,,all,raw,9,0.011291406279376474,0.012546004754229219,0.011918705516802845,38,0.29761791293731926,0.997209393730962,101770
bayesfl_observability_v1,ola_sparse_bayesian_keep010_seed42,155,ola,global,,,all,raw,10,0.012546004754229219,0.013800603229081962,0.01317330399165559,33,0.2584576612350407,0.9975336543185614,101770
bayesfl_observability_v1,ola_sparse_bayesian_keep010_seed42,155,ola,global,,,all,raw,11,0.013800603229081962,0.015055201703934706,0.014427902466508335,35,0.27412176191595194,0.9978775670629851,101770
bayesfl_observability_v1,ola_sparse_bayesian_keep010_seed42,155,ola,global,,,all,raw,12,0.015055201703934706,0.01630980017878745,0.015682500941361078,33,0.2584576612350407,0.9982018276505846,101770
bayesfl_observability_v1,ola_sparse_bayesian_keep010_seed42,155,ola,global,,,all,raw,13,0.01630980017878745,0.017564398653640192,0.01693709941621382,18,0.14097690612820404,0.9983786970620026,101770
bayesfl_observability_v1,ola_sparse_bayesian_keep010_seed42,155,ola,global,,,all,raw,14,0.017564398653640192,0.01881899712849294,0.018191697891066567,25,0.19580125851139396,0.9986243490223052,101770
bayesfl_observability_v1,ola_sparse_bayesian_keep010_seed42,155,ola,global,,,all,raw,15,0.01881899712849294,0.020073595603345682,0.01944629636591931,16,0.12531280544729248,0.9987815662768988,101770
bayesfl_observability_v1,ola_sparse_bayesian_keep010_seed42,155,ola,global,,,all,raw,16,0.020073595603345682,0.021328194078198425,0.020700894840772054,15,0.1174807551068367,0.9989289574530805,101770
bayesfl_observability_v1,ola_sparse_bayesian_keep010_seed42,155,ola,global,,,all,raw,17,0.021328194078198425,0.02258279255305117,0.021955493315624797,9,0.07048845306410183,0.9990173921587894,101770
bayesfl_observability_v1,ola_sparse_bayesian_keep010_seed42,155,ola,global,,,all,raw,18,0.02258279255305117,0.023837391027903915,0.023210091790477543,11,0.08615255374501359,0.9991254790213225,101770
bayesfl_observability_v1,ola_sparse_bayesian_keep010_seed42,155,ola,global,,,all,raw,19,0.023837391027903915,0.02509198950275666,0.02446469026533029,10,0.07832050340455758,0.9992237398054437,101770
bayesfl_observability_v1,ola_sparse_bayesian_keep010_seed42,155,ola,global,,,all,raw,20,0.02509198950275666,0.026346587977609404,0.025719288740183033,5,0.0391602517022789,0.9992728701975042,101770
bayesfl_observability_v1,ola_sparse_bayesian_keep010_seed42,155,ola,global,,,all,raw,21,0.026346587977609404,0.027601186452462147,0.026973887215035776,8,0.06265640272364624,0.999351478824801,101770
bayesfl_observability_v1,ola_sparse_bayesian_keep010_seed42,155,ola,global,,,all,raw,22,0.027601186452462147,0.028855784927314894,0.02822848568988852,3,0.023496151021367276,0.9993809570600374,101770
bayesfl_observability_v1,ola_sparse_bayesian_keep010_seed42,155,ola,global,,,all,raw,23,0.028855784927314894,0.030110383402167637,0.029483084164741265,9,0.07048845306410202,0.9994693917657463,101770
bayesfl_observability_v1,ola_sparse_bayesian_keep010_seed42,155,ola,global,,,all,raw,24,0.030110383402167637,0.03136498187702039,0.030737682639594012,0,0.0,0.9994693917657463,101770
bayesfl_observability_v1,ola_sparse_bayesian_keep010_seed42,155,ola,global,,,all,raw,25,0.03136498187702039,0.03261958035187313,0.031992281114446755,7,0.05482435238319046,0.999538174314631,101770
bayesfl_observability_v1,ola_sparse_bayesian_keep010_seed42,155,ola,global,,,all,raw,26,0.03261958035187313,0.03387417882672587,0.033246879589299505,4,0.03132820136182312,0.9995774786282795,101770
bayesfl_observability_v1,ola_sparse_bayesian_keep010_seed42,155,ola,global,,,all,raw,27,0.03387417882672587,0.035128777301578616,0.03450147806415224,5,0.0391602517022789,0.99962660902034,101770
bayesfl_observability_v1,ola_sparse_bayesian_keep010_seed42,155,ola,global,,,all,raw,28,0.035128777301578616,0.03638337577643136,0.03575607653900499,5,0.0391602517022789,0.9996757394124005,101770
bayesfl_observability_v1,ola_sparse_bayesian_keep010_seed42,155,ola,global,,,all,raw,29,0.03638337577643136,0.03763797425128411,0.037010675013857734,4,0.03132820136182295,0.9997150437260489,101770
bayesfl_observability_v1,ola_sparse_bayesian_keep010_seed42,155,ola,global,,,all,raw,30,0.03763797425128411,0.03889257272613685,0.03826527348871048,3,0.02349615102136734,0.9997445219612853,101770
bayesfl_observability_v1,ola_sparse_bayesian_keep010_seed42,155,ola,global,,,all,raw,31,0.03889257272613685,0.040147171200989595,0.03951987196356323,1,0.00783205034045578,0.9997543480396973,101770
bayesfl_observability_v1,ola_sparse_bayesian_keep010_seed42,155,ola,global,,,all,raw,32,0.040147171200989595,0.04140176967584234,0.04077447043841596,1,0.00783205034045578,0.9997641741181095,101770
bayesfl_observability_v1,ola_sparse_bayesian_keep010_seed42,155,ola,global,,,all,raw,33,0.04140176967584234,0.04265636815069508,0.04202906891326871,0,0.0,0.9997641741181095,101770
bayesfl_observability_v1,ola_sparse_bayesian_keep010_seed42,155,ola,global,,,all,raw,34,0.04265636815069508,0.04391096662554783,0.043283667388121456,2,0.015664100680911473,0.9997838262749337,101770
bayesfl_observability_v1,ola_sparse_bayesian_keep010_seed42,155,ola,global,,,all,raw,35,0.04391096662554783,0.045165565100400575,0.0445382658629742,4,0.03132820136182312,0.9998231305885821,101770
bayesfl_observability_v1,ola_sparse_bayesian_keep010_seed42,155,ola,global,,,all,raw,36,0.045165565100400575,0.04642016357525332,0.04579286433782695,1,0.00783205034045578,0.9998329566669942,101770
bayesfl_observability_v1,ola_sparse_bayesian_keep010_seed42,155,ola,global,,,all,raw,37,0.04642016357525332,0.04767476205010606,0.047047462812679686,0,0.0,0.9998329566669942,101770
bayesfl_observability_v1,ola_sparse_bayesian_keep010_seed42,155,ola,global,,,all,raw,38,0.04767476205010606,0.048929360524958804,0.048302061287532436,1,0.00783205034045578,0.9998427827454063,101770
bayesfl_observability_v1,ola_sparse_bayesian_keep010_seed42,155,ola,global,,,all,raw,39,0.048929360524958804,0.050183958999811554,0.04955665976238518,0,0.0,0.9998427827454063,101770
bayesfl_observability_v1,ola_sparse_bayesian_keep010_seed42,155,ola,global,,,all,raw,40,0.050183958999811554,0.0514385574746643,0.05081125823723792,0,0.0,0.9998427827454063,101770
bayesfl_observability_v1,ola_sparse_bayesian_keep010_seed42,155,ola,global,,,all,raw,41,0.0514385574746643,0.05269315594951704,0.05206585671209067,1,0.00783205034045578,0.9998526088238184,101770
bayesfl_observability_v1,ola_sparse_bayesian_keep010_seed42,155,ola,global,,,all,raw,42,0.05269315594951704,0.05394775442436978,0.05332045518694341,1,0.00783205034045578,0.9998624349022305,101770
bayesfl_observability_v1,ola_sparse_bayesian_keep010_seed42,155,ola,global,,,all,raw,43,0.05394775442436978,0.055202352899222526,0.05457505366179616,1,0.00783205034045578,0.9998722609806426,101770
bayesfl_observability_v1,ola_sparse_bayesian_keep010_seed42,155,ola,global,,,all,raw,44,0.055202352899222526,0.05645695137407527,0.055829652136648894,1,0.00783205034045578,0.9998820870590547,101770
bayesfl_observability_v1,ola_sparse_bayesian_keep010_seed42,155,ola,global,,,all,raw,45,0.05645695137407527,0.05771154984892802,0.057084250611501644,1,0.007832050340455737,0.9998919131374668,101770
bayesfl_observability_v1,ola_sparse_bayesian_keep010_seed42,155,ola,global,,,all,raw,46,0.05771154984892802,0.05896614832378076,0.058338849086354394,0,0.0,0.9998919131374668,101770
bayesfl_observability_v1,ola_sparse_bayesian_keep010_seed42,155,ola,global,,,all,raw,47,0.05896614832378076,0.060220746798633505,0.05959344756120713,0,0.0,0.9998919131374668,101770
bayesfl_observability_v1,ola_sparse_bayesian_keep010_seed42,155,ola,global,,,all,raw,48,0.060220746798633505,0.06147534527348625,0.06084804603605988,0,0.0,0.9998919131374668,101770
bayesfl_observability_v1,ola_sparse_bayesian_keep010_seed42,155,ola,global,,,all,raw,49,0.06147534527348625,0.062729943748339,0.06210264451091262,3,0.02349615102136721,0.9999213913727032,101770
bayesfl_observability_v1,ola_sparse_bayesian_keep010_seed42,155,ola,global,,,all,raw,50,0.062729943748339,0.06398454222319173,0.06335724298576537,1,0.007832050340455823,0.9999312174511152,101770
bayesfl_observability_v1,ola_sparse_bayesian_keep010_seed42,155,ola,global,,,all,raw,51,0.06398454222319173,0.06523914069804448,0.0646118414606181,1,0.007832050340455737,0.9999410435295274,101770
bayesfl_observability_v1,ola_sparse_bayesian_keep010_seed42,155,ola,global,,,all,raw,52,0.06523914069804448,0.06649373917289722,0.06586643993547085,3,0.02349615102136747,0.9999705217647636,101770
bayesfl_observability_v1,ola_sparse_bayesian_keep010_seed42,155,ola,global,,,all,raw,53,0.06649373917289722,0.06774833764774997,0.0671210384103236,0,0.0,0.9999705217647636,101770
bayesfl_observability_v1,ola_sparse_bayesian_keep010_seed42,155,ola,global,,,all,raw,54,0.06774833764774997,0.06900293612260272,0.06837563688517634,0,0.0,0.9999705217647636,101770
bayesfl_observability_v1,ola_sparse_bayesian_keep010_seed42,155,ola,global,,,all,raw,55,0.06900293612260272,0.07025753459745546,0.06963023536002909,0,0.0,0.9999705217647636,101770
bayesfl_observability_v1,ola_sparse_bayesian_keep010_seed42,155,ola,global,,,all,raw,56,0.07025753459745546,0.0715121330723082,0.07088483383488184,0,0.0,0.9999705217647636,101770
bayesfl_observability_v1,ola_sparse_bayesian_keep010_seed42,155,ola,global,,,all,raw,57,0.0715121330723082,0.07276673154716094,0.07213943230973457,0,0.0,0.9999705217647636,101770
bayesfl_observability_v1,ola_sparse_bayesian_keep010_seed42,155,ola,global,,,all,raw,58,0.07276673154716094,0.07402133002201369,0.07339403078458731,0,0.0,0.9999705217647636,101770
bayesfl_observability_v1,ola_sparse_bayesian_keep010_seed42,155,ola,global,,,all,raw,59,0.07402133002201369,0.07527592849686644,0.07464862925944007,0,0.0,0.9999705217647636,101770
bayesfl_observability_v1,ola_sparse_bayesian_keep010_seed42,155,ola,global,,,all,raw,60,0.07527592849686644,0.07653052697171918,0.07590322773429281,0,0.0,0.9999705217647636,101770
bayesfl_observability_v1,ola_sparse_bayesian_keep010_seed42,155,ola,global,,,all,raw,61,0.07653052697171918,0.07778512544657193,0.07715782620914555,0,0.0,0.9999705217647636,101770
bayesfl_observability_v1,ola_sparse_bayesian_keep010_seed42,155,ola,global,,,all,raw,62,0.07778512544657193,0.07903972392142466,0.0784124246839983,0,0.0,0.9999705217647636,101770
bayesfl_observability_v1,ola_sparse_bayesian_keep010_seed42,155,ola,global,,,all,raw,63,0.07903972392142466,0.08029432239627741,0.07966702315885105,0,0.0,0.9999705217647636,101770
bayesfl_observability_v1,ola_sparse_bayesian_keep010_seed42,155,ola,global,,,all,raw,64,0.08029432239627741,0.08154892087113016,0.08092162163370378,0,0.0,0.9999705217647636,101770
bayesfl_observability_v1,ola_sparse_bayesian_keep010_seed42,155,ola,global,,,all,raw,65,0.08154892087113016,0.0828035193459829,0.08217622010855653,1,0.007832050340455823,0.9999803478431758,101770
bayesfl_observability_v1,ola_sparse_bayesian_keep010_seed42,155,ola,global,,,all,raw,66,0.0828035193459829,0.08405811782083565,0.08343081858340928,0,0.0,0.9999803478431758,101770
bayesfl_observability_v1,ola_sparse_bayesian_keep010_seed42,155,ola,global,,,all,raw,67,0.08405811782083565,0.08531271629568839,0.08468541705826202,0,0.0,0.9999803478431758,101770
bayesfl_observability_v1,ola_sparse_bayesian_keep010_seed42,155,ola,global,,,all,raw,68,0.08531271629568839,0.08656731477054114,0.08594001553311476,0,0.0,0.9999803478431758,101770
bayesfl_observability_v1,ola_sparse_bayesian_keep010_seed42,155,ola,global,,,all,raw,69,0.08656731477054114,0.08782191324539389,0.08719461400796752,0,0.0,0.9999803478431758,101770
bayesfl_observability_v1,ola_sparse_bayesian_keep010_seed42,155,ola,global,,,all,raw,70,0.08782191324539389,0.08907651172024662,0.08844921248282026,0,0.0,0.9999803478431758,101770
bayesfl_observability_v1,ola_sparse_bayesian_keep010_seed42,155,ola,global,,,all,raw,71,0.08907651172024662,0.09033111019509937,0.08970381095767299,0,0.0,0.9999803478431758,101770
bayesfl_observability_v1,ola_sparse_bayesian_keep010_seed42,155,ola,global,,,all,raw,72,0.09033111019509937,0.09158570866995211,0.09095840943252574,1,0.007832050340455823,0.9999901739215878,101770
bayesfl_observability_v1,ola_sparse_bayesian_keep010_seed42,155,ola,global,,,all,raw,73,0.09158570866995211,0.09284030714480486,0.09221300790737849,0,0.0,0.9999901739215878,101770
bayesfl_observability_v1,ola_sparse_bayesian_keep010_seed42,155,ola,global,,,all,raw,74,0.09284030714480486,0.09409490561965761,0.09346760638223123,0,0.0,0.9999901739215878,101770
bayesfl_observability_v1,ola_sparse_bayesian_keep010_seed42,155,ola,global,,,all,raw,75,0.09409490561965761,0.09534950409451035,0.09472220485708398,0,0.0,0.9999901739215878,101770
bayesfl_observability_v1,ola_sparse_bayesian_keep010_seed42,155,ola,global,,,all,raw,76,0.09534950409451035,0.0966041025693631,0.09597680333193673,0,0.0,0.9999901739215878,101770
bayesfl_observability_v1,ola_sparse_bayesian_keep010_seed42,155,ola,global,,,all,raw,77,0.0966041025693631,0.09785870104421583,0.09723140180678946,0,0.0,0.9999901739215878,101770
bayesfl_observability_v1,ola_sparse_bayesian_keep010_seed42,155,ola,global,,,all,raw,78,0.09785870104421583,0.09911329951906858,0.0984860002816422,0,0.0,0.9999901739215878,101770
bayesfl_observability_v1,ola_sparse_bayesian_keep010_seed42,155,ola,global,,,all,raw,79,0.09911329951906858,0.10036789799392132,0.09974059875649495,1,0.007832050340455823,1.0,101770
bayesfl_observability_v1,ola_sparse_bayesian_keep010_seed42,155,ola,global,,,all,db,0,-153.97649003110982,-152.30138519851724,-153.13893761481353,2,1.173189668003976e-05,1.9652156824211458e-05,101770
bayesfl_observability_v1,ola_sparse_bayesian_keep010_seed42,155,ola,global,,,all,db,1,-152.30138519851724,-150.62628036592463,-151.46383278222095,1,5.86594834001978e-06,2.9478235236317185e-05,101770
bayesfl_observability_v1,ola_sparse_bayesian_keep010_seed42,155,ola,global,,,all,db,2,-150.62628036592463,-148.95117553333205,-149.78872794962834,0,0.0,2.9478235236317185e-05,101770
bayesfl_observability_v1,ola_sparse_bayesian_keep010_seed42,155,ola,global,,,all,db,3,-148.95117553333205,-147.27607070073944,-148.11362311703573,1,5.86594834001978e-06,3.9304313648422916e-05,101770
bayesfl_observability_v1,ola_sparse_bayesian_keep010_seed42,155,ola,global,,,all,db,4,-147.27607070073944,-145.60096586814686,-146.43851828444315,0,0.0,3.9304313648422916e-05,101770
bayesfl_observability_v1,ola_sparse_bayesian_keep010_seed42,155,ola,global,,,all,db,5,-145.60096586814686,-143.92586103555428,-144.76341345185057,1,5.86594834001988e-06,4.913039206052864e-05,101770
bayesfl_observability_v1,ola_sparse_bayesian_keep010_seed42,155,ola,global,,,all,db,6,-143.92586103555428,-142.25075620296167,-143.088308619258,0,0.0,4.913039206052864e-05,101770
bayesfl_observability_v1,ola_sparse_bayesian_keep010_seed42,155,ola,global,,,all,db,7,-142.25075620296167,-140.5756513703691,-141.41320378666538,0,0.0,4.913039206052864e-05,101770
bayesfl_observability_v1,ola_sparse_bayesian_keep010_seed42,155,ola,global,,,all,db,8,-140.5756513703691,-138.90054653777648,-139.73809895407277,1,5.86594834001978e-06,5.895647047263437e-05,101770
bayesfl_observability_v1,ola_sparse_bayesian_keep010_seed42,155,ola,global,,,all,db,9,-138.90054653777648,-137.2254417051839,-138.0629941214802,1,5.86594834001988e-06,6.87825488847401e-05,101770
bayesfl_observability_v1,ola_sparse_bayesian_keep010_seed42,155,ola,global,,,all,db,10,-137.2254417051839,-135.55033687259132,-136.3878892888876,1,5.86594834001988e-06,7.860862729684583e-05,101770
bayesfl_observability_v1,ola_sparse_bayesian_keep010_seed42,155,ola,global,,,all,db,11,-135.55033687259132,-133.8752320399987,-134.71278445629503,1,5.86594834001978e-06,8.843470570895156e-05,101770
bayesfl_observability_v1,ola_sparse_bayesian_keep010_seed42,155,ola,global,,,all,db,12,-133.8752320399987,-132.20012720740613,-133.03767962370242,3,1.759784502005964e-05,0.00011791294094526874,101770
bayesfl_observability_v1,ola_sparse_bayesian_keep010_seed42,155,ola,global,,,all,db,13,-132.20012720740613,-130.52502237481352,-131.3625747911098,8,4.692758672015824e-05,0.00019652156824211456,101770
bayesfl_observability_v1,ola_sparse_bayesian_keep010_seed42,155,ola,global,,,all,db,14,-130.52502237481352,-128.84991754222094,-129.68746995851723,2,1.173189668003976e-05,0.00021617372506632602,101770
bayesfl_observability_v1,ola_sparse_bayesian_keep010_seed42,155,ola,global,,,all,db,15,-128.84991754222094,-127.17481270962834,-128.01236512592465,4,2.346379336007932e-05,0.0002554780387147489,101770
bayesfl_observability_v1,ola_sparse_bayesian_keep010_seed42,155,ola,global,,,all,db,16,-127.17481270962834,-125.49970787703575,-126.33726029333204,10,5.8659483400198304e-05,0.00035373882283580625,101770
bayesfl_observability_v1,ola_sparse_bayesian_keep010_seed42,155,ola,global,,,all,db,17,-125.49970787703575,-123.82460304444317,-124.66215546073946,10,5.8659483400198805e-05,0.00045199960695686353,101770
bayesfl_observability_v1,ola_sparse_bayesian_keep010_seed42,155,ola,global,,,all,db,18,-123.82460304444317,-122.14949821185057,-122.98705062814687,10,5.8659483400198304e-05,0.0005502603910779208,101770
bayesfl_observability_v1,ola_sparse_bayesian_keep010_seed42,155,ola,global,,,all,db,19,-122.14949821185057,-120.47439337925798,-121.31194579555427,10,5.8659483400198304e-05,0.000648521175198978,101770
bayesfl_observability_v1,ola_sparse_bayesian_keep010_seed42,155,ola,global,,,all,db,20,-120.47439337925798,-118.7992885466654,-119.63684096296168,15,8.798922510029821e-05,0.000795912351380564,101770
bayesfl_observability_v1,ola_sparse_bayesian_keep010_seed42,155,ola,global,,,all,db,21,-118.7992885466654,-117.12418371407279,-117.96173613036909,16,9.385517344031649e-05,0.0009531296059742556,101770
bayesfl_observability_v1,ola_sparse_bayesian_keep010_seed42,155,ola,global,,,all,db,22,-117.12418371407279,-115.4490788814802,-116.2866312977765,20,0.00011731896680039761,0.0011496511742163703,101770
bayesfl_observability_v1,ola_sparse_bayesian_keep010_seed42,155,ola,global,,,all,db,23,-115.4490788814802,-113.77397404888761,-114.61152646518391,28,0.00016424655352055526,0.0014247813697553307,101770
bayesfl_observability_v1,ola_sparse_bayesian_keep010_seed42,155,ola,global,,,all,db,24,-113.77397404888761,-112.09886921629501,-112.9364216325913,35,0.00020530819190069406,0.0017686941141790312,101770
bayesfl_observability_v1,ola_sparse_bayesian_keep010_seed42,155,ola,global,,,all,db,25,-112.09886921629501,-110.42376438370243,-111.26131679999872,43,0.00025223577862085487,0.0021912154858995773,101770
bayesfl_observability_v1,ola_sparse_bayesian_keep010_seed42,155,ola,global,,,all,db,26,-110.42376438370243,-108.74865955110982,-109.58621196740613,40,0.0002346379336007912,0.0025842586223838067,101770
bayesfl_observability_v1,ola_sparse_bayesian_keep010_seed42,155,ola,global,,,all,db,27,-108.74865955110982,-107.07355471851724,-107.91110713481353,62,0.0003636887970812326,0.0031934754839343616,101770
bayesfl_observability_v1,ola_sparse_bayesian_keep010_seed42,155,ola,global,,,all,db,28,-107.07355471851724,-105.39844988592465,-106.23600230222095,57,0.00033435905538113035,0.0037535619534243884,101770
bayesfl_observability_v1,ola_sparse_bayesian_keep010_seed42,155,ola,global,,,all,db,29,-105.39844988592465,-103.72334505333205,-104.56089746962834,79,0.0004634099188615666,0.004529822147980741,101770
bayesfl_observability_v1,ola_sparse_bayesian_keep010_seed42,155,ola,global,,,all,db,30,-103.72334505333205,-102.04824022073947,-102.88579263703576,103,0.0006041926790220477,0.005541908224427631,101770
bayesfl_observability_v1,ola_sparse_bayesian_keep010_seed42,155,ola,global,,,all,db,31,-102.04824022073947,-100.37313538814686,-101.21068780444317,123,0.000721511645822433,0.006750515869116636,101770
bayesfl_observability_v1,ola_sparse_bayesian_keep010_seed42,155,ola,global,,,all,db,32,-100.37313538814686,-98.69803055555428,-99.53558297185057,128,0.0007508413875225447,0.008008253905866168,101770
bayesfl_observability_v1,ola_sparse_bayesian_keep010_seed42,155,ola,global,,,all,db,33,-98.69803055555428,-97.02292572296169,-97.86047813925799,157,0.0009209538893831133,0.009550948216566768,101770
bayesfl_observability_v1,ola_sparse_bayesian_keep010_seed42,155,ola,global,,,all,db,34,-97.02292572296169,-95.34782089036909,-96.18537330666538,234,0.0013726319115646402,0.011850250564999509,101770
bayesfl_observability_v1,ola_sparse_bayesian_keep010_seed42,155,ola,global,,,all,db,35,-95.34782089036909,-93.67271605777651,-94.5102684740728,238,0.0013960957049247316,0.014188857227080673,101770
bayesfl_observability_v1,ola_sparse_bayesian_keep010_seed42,155,ola,global,,,all,db,36,-93.67271605777651,-91.9976112251839,-92.83516364148021,310,0.0018184439854061318,0.01723494153483345,101770
bayesfl_observability_v1,ola_sparse_bayesian_keep010_seed42,155,ola,global,,,all,db,37,-91.9976112251839,-90.32250639259132,-91.16005880888761,328,0.0019240310555265208,0.020457895254004127,101770
bayesfl_observability_v1,ola_sparse_bayesian_keep010_seed42,155,ola,global,,,all,db,38,-90.32250639259132,-88.64740155999873,-89.48495397629503,438,0.002569285372928686,0.024761717598506434,101770
bayesfl_observability_v1,ola_sparse_bayesian_keep010_seed42,155,ola,global,,,all,db,39,-88.64740155999873,-86.97229672740613,-87.80984914370242,554,0.003249735380370986,0.03020536503881301,101770
bayesfl_observability_v1,ola_sparse_bayesian_keep010_seed42,155,ola,global,,,all,db,40,-86.97229672740613,-85.29719189481354,-86.13474431110984,653,0.003830464266032949,0.03662179424191805,101770
bayesfl_observability_v1,ola_sparse_bayesian_keep010_seed42,155,ola,global,,,all,db,41,-85.29719189481354,-83.62208706222096,-84.45963947851725,782,0.0045871716018955466,0.04430578756018473,101770
bayesfl_observability_v1,ola_sparse_bayesian_keep010_seed42,155,ola,global,,,all,db,42,-83.62208706222096,-81.94698222962836,-82.78453464592465,920,0.005396672472818244,0.053345779699322,101770
bayesfl_observability_v1,ola_sparse_bayesian_keep010_seed42,155,ola,global,,,all,db,43,-81.94698222962836,-80.27187739703577,-81.10942981333207,1164,0.006827963867783083,0.06478333497101307,101770
bayesfl_observability_v1,ola_sparse_bayesian_keep010_seed42,155,ola,global,,,all,db,44,-80.27187739703577,-78.59677256444317,-79.43432498073946,1477,0.00866400569820929,0.07929645278569324,101770
bayesfl_observability_v1,ola_sparse_bayesian_keep010_seed42,155,ola,global,,,all,db,45,-78.59677256444317,-76.92166773185058,-77.75922014814688,1674,0.009819597521193196,0.09574530804755822,101770
bayesfl_observability_v1,ola_sparse_bayesian_keep010_seed42,155,ola,global,,,all,db,46,-76.92166773185058,-75.246562899258,-76.08411531555429,2039,0.011960668665300536,0.1157806819298418,101770
bayesfl_observability_v1,ola_sparse_bayesian_keep010_seed42,155,ola,global,,,all,db,47,-75.246562899258,-73.5714580666654,-74.40901048296169,2532,0.01485258119693021,0.1406603124692935,101770
bayesfl_observability_v1,ola_sparse_bayesian_keep010_seed42,155,ola,global,,,all,db,48,-73.5714580666654,-71.8963532340728,-72.73390565036911,3019,0.017709298038519866,0.1703252431954407,101770
bayesfl_observability_v1,ola_sparse_bayesian_keep010_seed42,155,ola,global,,,all,db,49,-71.8963532340728,-70.22124840148021,-71.0588008177765,3688,0.021633617477993135,0.20656382037928664,101770
bayesfl_observability_v1,ola_sparse_bayesian_keep010_seed42,155,ola,global,,,all,db,50,-70.22124840148021,-68.54614356888762,-69.38369598518392,4574,0.026830847707250704,0.2515083030362582,101770
bayesfl_observability_v1,ola_sparse_bayesian_keep010_seed42,155,ola,global,,,all,db,51,-68.54614356888762,-66.87103873629503,-67.70859115259132,5474,0.032110201213268824,0.305296256264125,101770
bayesfl_observability_v1,ola_sparse_bayesian_keep010_seed42,155,ola,global,,,all,db,52,-66.87103873629503,-65.19593390370244,-66.03348631999873,6576,0.038574476283970406,0.36991254790213224,101770
bayesfl_observability_v1,ola_sparse_bayesian_keep010_seed42,155,ola,global,,,all,db,53,-65.19593390370244,-63.520829071109844,-64.35838148740615,7988,0.04685719534007841,0.44840326225803284,101770
bayesfl_observability_v1,ola_sparse_bayesian_keep010_seed42,155,ola,global,,,all,db,54,-63.520829071109844,-61.84572423851725,-62.68327665481355,9339,0.0547820915474452,0.5401690085486882,101770
bayesfl_observability_v1,ola_sparse_bayesian_keep010_seed42,155,ola,global,,,all,db,55,-61.84572423851725,-60.170619405924654,-61.00817182222095,11500,0.06745840591022804,0.6531689102879041,101770
bayesfl_observability_v1,ola_sparse_bayesian_keep010_seed42,155,ola,global,,,all,db,56,-60.170619405924654,-58.49551457333207,-59.333066989628364,11386,0.06678968779946635,0.7650486390881399,101770
bayesfl_observability_v1,ola_sparse_bayesian_keep010_seed42,155,ola,global,,,all,db,57,-58.49551457333207,-56.82040974073948,-57.657962157035776,6850,0.04018174612913584,0.8323572762110641,101770
bayesfl_observability_v1,ola_sparse_bayesian_keep010_seed42,155,ola,global,,,all,db,58,-56.82040974073948,-55.14530490814688,-55.98285732444318,5501,0.032268581818449084,0.8864105335560578,101770
bayesfl_observability_v1,ola_sparse_bayesian_keep010_seed42,155,ola,global,,,all,db,59,-55.14530490814688,-53.47020007555429,-54.307752491850586,4533,0.026590343825309892,0.930952146998133,101770
bayesfl_observability_v1,ola_sparse_bayesian_keep010_seed42,155,ola,global,,,all,db,60,-53.47020007555429,-51.79509524296169,-52.63264765925799,3242,0.01901740451834429,0.9628082932101798,101770
bayesfl_observability_v1,ola_sparse_bayesian_keep010_seed42,155,ola,global,,,all,db,61,-51.79509524296169,-50.11999041036911,-50.9575428266654,1907,0.011186363484417912,0.9815466247420654,101770
bayesfl_observability_v1,ola_sparse_bayesian_keep010_seed42,155,ola,global,,,all,db,62,-50.11999041036911,-48.44488557777652,-49.282437994072815,785,0.004604769446915567,0.9892600962955684,101770
bayesfl_observability_v1,ola_sparse_bayesian_keep010_seed42,155,ola,global,,,all,db,63,-48.44488557777652,-46.76978074518392,-47.60733316148022,288,0.0016893931219257113,0.9920900068782549,101770
bayesfl_observability_v1,ola_sparse_bayesian_keep010_seed42,155,ola,global,,,all,db,64,-46.76978074518392,-45.09467591259133,-45.932228328887625,138,0.0008095008709227366,0.9934460056991254,101770
bayesfl_observability_v1,ola_sparse_bayesian_keep010_seed42,155,ola,global,,,all,db,65,-45.09467591259133,-43.41957107999873,-44.25712349629503,105,0.0006159245757020822,0.9944777439323966,101770
bayesfl_observability_v1,ola_sparse_bayesian_keep010_seed42,155,ola,global,,,all,db,66,-43.41957107999873,-41.74446624740615,-42.58201866370244,83,0.00048687371222165006,0.9952933084406014,101770
bayesfl_observability_v1,ola_sparse_bayesian_keep010_seed42,155,ola,global,,,all,db,67,-41.74446624740615,-40.06936141481356,-40.906913831109854,100,0.000586594834001983,0.9962759162818119,101770
bayesfl_observability_v1,ola_sparse_bayesian_keep010_seed42,155,ola,global,,,all,db,68,-40.06936141481356,-38.39425658222096,-39.23180899851726,80,0.00046927586720158643,0.9970620025547804,101770
bayesfl_observability_v1,ola_sparse_bayesian_keep010_seed42,155,ola,global,,,all,db,69,-38.39425658222096,-36.71915174962837,-37.556704165924664,72,0.0004223482804814278,0.997769480200452,101770
bayesfl_observability_v1,ola_sparse_bayesian_keep010_seed42,155,ola,global,,,all,db,70,-36.71915174962837,-35.04404691703577,-35.88159933333207,64,0.00037542069376126914,0.9983983492188268,101770
bayesfl_observability_v1,ola_sparse_bayesian_keep010_seed42,155,ola,global,,,all,db,71,-35.04404691703577,-33.36894208444319,-34.20649450073948,55,0.0003226271587010934,0.9989387835314926,101770
bayesfl_observability_v1,ola_sparse_bayesian_keep010_seed42,155,ola,global,,,all,db,72,-33.36894208444319,-31.693837251850596,-32.53138966814689,34,0.00019944224356067424,0.9992728701975042,101770
bayesfl_observability_v1,ola_sparse_bayesian_keep010_seed42,155,ola,global,,,all,db,73,-31.693837251850596,-30.018732419258,-30.8562848355543,20,0.00011731896680039661,0.9994693917657463,101770
bayesfl_observability_v1,ola_sparse_bayesian_keep010_seed42,155,ola,global,,,all,db,74,-30.018732419258,-28.343627586665406,-29.181180002961703,28,0.00016424655352055526,0.9997445219612853,101770
bayesfl_observability_v1,ola_sparse_bayesian_keep010_seed42,155,ola,global,,,all,db,75,-28.343627586665406,-26.66852275407281,-27.506075170369108,9,5.279353506017848e-05,0.9998329566669942,101770
bayesfl_observability_v1,ola_sparse_bayesian_keep010_seed42,155,ola,global,,,all,db,76,-26.66852275407281,-24.993417921480216,-25.830970337776513,5,2.9329741700099152e-05,0.9998820870590547,101770
bayesfl_observability_v1,ola_sparse_bayesian_keep010_seed42,155,ola,global,,,all,db,77,-24.993417921480216,-23.318313088887635,-24.155865505183925,9,5.2793535060178924e-05,0.9999705217647636,101770
bayesfl_observability_v1,ola_sparse_bayesian_keep010_seed42,155,ola,global,,,all,db,78,-23.318313088887635,-21.643208256295054,-22.480760672591344,1,5.86594834001988e-06,0.9999803478431758,101770
bayesfl_observability_v1,ola_sparse_bayesian_keep010_seed42,155,ola,global,,,all,db,79,-21.643208256295054,-19.96810342370243,-20.805655839998742,2,1.1731896680039463e-05,1.0,101770
bayesfl_observability_v1,ola_sparse_bayesian_keep010_seed42,155,ola,global,,,layers.0.weight,raw,0,2.0005701773262004e-08,7.33938324150478e-05,3.670691905841053e-05,4979,676.1996228977572,0.049615353954081634,100352
bayesfl_observability_v1,ola_sparse_bayesian_keep010_seed42,155,ola,global,,,layers.0.weight,raw,1,7.33938324150478e-05,0.00014676765912832236,0.00011008074577168508,5018,681.496225688079,0.09961933992346939,100352
bayesfl_observability_v1,ola_sparse_bayesian_keep010_seed42,155,ola,global,,,layers.0.weight,raw,2,0.00014676765912832236,0.00022014148584159688,0.0001834545724849596,5003,679.4590707687247,0.1494738520408163,100352
bayesfl_observability_v1,ola_sparse_bayesian_keep010_seed42,155,ola,global,,,layers.0.weight,raw,3,0.00022014148584159688,0.0002935153125548714,0.00025682839919823416,4949,672.1253130590483,0.1987902582908163,100352
bayesfl_observability_v1,ola_sparse_bayesian_keep010_seed42,155,ola,global,,,layers.0.weight,raw,4,0.0002935153125548714,0.00036688913926814597,0.0003302022259115087,5077,689.5090350375402,0.24938217474489796,100352
bayesfl_observability_v1,ola_sparse_bayesian_keep010_seed42,155,ola,global,,,layers.0.weight,raw,5,0.00036688913926814597,0.00044026296598142047,0.0004035760526247832,5048,685.5705355267886,0.2996851084183674,100352
bayesfl_observability_v1,ola_sparse_bayesian_keep010_seed42,155,ola,global,,,layers.0.weight,raw,6,0.00044026296598142047,0.0005136367926946951,0.0004769498793380578,4982,676.6070538816275,0.34933035714285715,100352
bayesfl_observability_v1,ola_sparse_bayesian_keep010_seed42,155,ola,global,,,layers.0.weight,raw,7,0.0005136367926946951,0.0005870106194079696,0.0005503237060513323,4974,675.5205712579727,0.39889588647959184,100352
bayesfl_observability_v1,ola_sparse_bayesian_keep010_seed42,155,ola,global,,,layers.0.weight,raw,8,0.0005870106194079696,0.0006603844461212441,0.0006236975327646068,5068,688.286742085928,0.449398118622449,100352
bayesfl_observability_v1,ola_sparse_bayesian_keep010_seed42,155,ola,global,,,layers.0.weight,raw,9,0.0006603844461212441,0.0007337582728345187,0.0006970713594778813,4836,656.7787459999098,0.49758848852040816,100352
bayesfl_observability_v1,ola_sparse_bayesian_keep010_seed42,155,ola,global,,,layers.0.weight,raw,10,0.0007337582728345187,0.0008071320995477932,0.0007704451861911559,4785,649.8524192741053,0.5452706473214286,100352
bayesfl_observability_v1,ola_sparse_bayesian_keep010_seed42,155,ola,global,,,layers.0.weight,raw,11,0.0008071320995477932,0.0008805059262610677,0.0008438190129044304,4786,649.9882296020622,0.5929627710459183,100352
bayesfl_observability_v1,ola_sparse_bayesian_keep010_seed42,155,ola,global,,,layers.0.weight,raw,12,0.0008805059262610677,0.0009538797529743423,0.0009171928396177051,4962,673.8908473224882,0.6424087213010204,100352
bayesfl_observability_v1,ola_sparse_bayesian_keep010_seed42,155,ola,global,,,layers.0.weight,raw,13,0.0009538797529743423,0.001027253579687617,0.0009905666663309796,4797,651.482143209587,0.6902104591836735,100352
bayesfl_observability_v1,ola_sparse_bayesian_keep010_seed42,155,ola,global,,,layers.0.weight,raw,14,0.001027253579687617,0.0011006274064008915,0.0010639404930442543,4376,594.3059951397042,0.7338169642857143,100352
bayesfl_observability_v1,ola_sparse_bayesian_keep010_seed42,155,ola,global,,,layers.0.weight,raw,15,0.0011006274064008915,0.001174001233114166,0.0011373143197575288,3384,459.58214980638917,0.7675382653061225,100352
bayesfl_observability_v1,ola_sparse_bayesian_keep010_seed42,155,ola,global,,,layers.0.weight,raw,16,0.001174001233114166,0.0012473750598274405,0.0012106881464708033,2647,359.4899381021017,0.7939154177295918,100352
bayesfl_observability_v1,ola_sparse_bayesian_keep010_seed42,155,ola,global,,,layers.0.weight,raw,17,0.0012473750598274405,0.001320748886540715,0.0012840619731840778,2014,273.5220005053392,0.8139847735969388,100352
bayesfl_observability_v1,ola_sparse_bayesian_keep010_seed42,155,ola,global,,,layers.0.weight,raw,18,0.001320748886540715,0.0013941227132539898,0.0013574357998973525,1717,233.18633310211817,0.8310945471938775,100352
bayesfl_observability_v1,ola_sparse_bayesian_keep010_seed42,155,ola,global,,,layers.0.weight,raw,19,0.0013941227132539898,0.0014674965399672643,0.001430809626610627,1557,211.45668062900353,0.8466099330357143,100352
bayesfl_observability_v1,ola_sparse_bayesian_keep010_seed42,155,ola,global,,,layers.0.weight,raw,20,0.0014674965399672643,0.0015408703666805388,0.0015041834533239015,1459,198.1472684892204,0.8611487563775511,100352
bayesfl_observability_v1,ola_sparse_bayesian_keep010_seed42,155,ola,global,,,layers.0.weight,raw,21,0.0015408703666805388,0.0016142441933938133,0.001577557280037176,1367,185.65271831717908,0.8747708067602041,100352
bayesfl_observability_v1,ola_sparse_bayesian_keep010_seed42,155,ola,global,,,layers.0.weight,raw,22,0.0016142441933938133,0.0016876180201070878,0.0016509311067504505,1153,156.58930813438732,0.8862603635204082,100352
bayesfl_observability_v1,ola_sparse_bayesian_keep010_seed42,155,ola,global,,,layers.0.weight,raw,23,0.0016876180201070878,0.0017609918468203623,0.001724304933463725,1126,152.92242927954914,0.8974808673469388,100352
bayesfl_observability_v1,ola_sparse_bayesian_keep010_seed42,155,ola,global,,,layers.0.weight,raw,24,0.0017609918468203623,0.001834365673533637,0.0017976787601769995,1019,138.39072418815283,0.9076351243622449,100352
bayesfl_observability_v1,ola_sparse_bayesian_keep010_seed42,155,ola,global,,,layers.0.weight,raw,25,0.001834365673533637,0.0019077395002469115,0.0018710525868902742,999,135.67451762901382,0.9175900829081632,100352
bayesfl_observability_v1,ola_sparse_bayesian_keep010_seed42,155,ola,global,,,layers.0.weight,raw,26,0.0019077395002469115,0.001981113326960186,0.0019444264136035487,833,113.13000318815668,0.9258908641581632,100352
bayesfl_observability_v1,ola_sparse_bayesian_keep010_seed42,155,ola,global,,,layers.0.weight,raw,27,0.001981113326960186,0.0020544871536734605,0.002017800240316823,814,110.54960695697423,0.9340023118622449,100352
bayesfl_observability_v1,ola_sparse_bayesian_keep010_seed42,155,ola,global,,,layers.0.weight,raw,28,0.0020544871536734605,0.002127860980386735,0.002091174067030098,711,96.56114317740624,0.9410873724489796,100352
bayesfl_observability_v1,ola_sparse_bayesian_keep010_seed42,155,ola,global,,,layers.0.weight,raw,29,0.002127860980386735,0.0022012348071000095,0.002164547893743372,625,84.88145497310676,0.9473154496173469,100352
bayesfl_observability_v1,ola_sparse_bayesian_keep010_seed42,155,ola,global,,,layers.0.weight,raw,30,0.0022012348071000095,0.002274608633813284,0.002237921720456647,590,80.12809349461277,0.9531947544642857,100352
bayesfl_observability_v1,ola_sparse_bayesian_keep010_seed42,155,ola,global,,,layers.0.weight,raw,31,0.002274608633813284,0.0023479824605265585,0.002311295547169921,586,79.58485218278489,0.9590341996173469,100352
bayesfl_observability_v1,ola_sparse_bayesian_keep010_seed42,155,ola,global,,,layers.0.weight,raw,32,0.0023479824605265585,0.002421356287239833,0.002384669373883196,460,62.47275086020657,0.9636180644132653,100352
bayesfl_observability_v1,ola_sparse_bayesian_keep010_seed42,155,ola,global,,,layers.0.weight,raw,33,0.002421356287239833,0.0024947301139531075,0.00245804320059647,462,62.74437151612051,0.9682218590561225,100352
bayesfl_observability_v1,ola_sparse_bayesian_keep010_seed42,155,ola,global,,,layers.0.weight,raw,34,0.0024947301139531075,0.002568103940666382,0.002531417027309745,381,51.74373495160587,0.9720184948979592,100352
bayesfl_observability_v1,ola_sparse_bayesian_keep010_seed42,155,ola,global,,,layers.0.weight,raw,35,0.002568103940666382,0.0026414777673796565,0.002604790854023019,357,48.48428708063857,0.9755759725765306,100352
bayesfl_observability_v1,ola_sparse_bayesian_keep010_seed42,155,ola,global,,,layers.0.weight,raw,36,0.0026414777673796565,0.002714851594092931,0.002678164680736294,325,44.13835658601551,0.9788145727040817,100352
bayesfl_observability_v1,ola_sparse_bayesian_keep010_seed42,155,ola,global,,,layers.0.weight,raw,37,0.002714851594092931,0.002788225420806206,0.0027515385074495685,284,38.57013313977948,0.9816446109693877,100352
bayesfl_observability_v1,ola_sparse_bayesian_keep010_seed42,155,ola,global,,,layers.0.weight,raw,38,0.002788225420806206,0.0028615992475194804,0.002824912334162843,256,34.76744395698452,0.9841956313775511,100352
bayesfl_observability_v1,ola_sparse_bayesian_keep010_seed42,155,ola,global,,,layers.0.weight,raw,39,0.0028615992475194804,0.002934973074232755,0.002898286160876118,219,29.742461822576605,0.9863779496173469,100352
bayesfl_observability_v1,ola_sparse_bayesian_keep010_seed42,155,ola,global,,,layers.0.weight,raw,40,0.002934973074232755,0.0030083469009460294,0.002971659987589392,176,23.90261772042686,0.9881317761479592,100352
bayesfl_observability_v1,ola_sparse_bayesian_keep010_seed42,155,ola,global,,,layers.0.weight,raw,41,0.0030083469009460294,0.003081720727659304,0.003045033814302667,157,21.322221489244416,0.9896962691326531,100352
bayesfl_observability_v1,ola_sparse_bayesian_keep010_seed42,155,ola,global,,,layers.0.weight,raw,42,0.003081720727659304,0.0031550945543725784,0.003118407641015941,131,17.791152962363174,0.9910016741071429,100352
bayesfl_observability_v1,ola_sparse_bayesian_keep010_seed42,155,ola,global,,,layers.0.weight,raw,43,0.0031550945543725784,0.003228468381085853,0.003191781467729216,143,19.420876897846824,0.9924266581632653,100352
bayesfl_observability_v1,ola_sparse_bayesian_keep010_seed42,155,ola,global,,,layers.0.weight,raw,44,0.003228468381085853,0.0033018422077991274,0.00326515529444249,108,14.667515419352847,0.9935028698979592,100352
bayesfl_observability_v1,ola_sparse_bayesian_keep010_seed42,155,ola,global,,,layers.0.weight,raw,45,0.0033018422077991274,0.003375216034512402,0.003338529121155765,93,12.630360499998284,0.9944296077806123,100352
bayesfl_observability_v1,ola_sparse_bayesian_keep010_seed42,155,ola,global,,,layers.0.weight,raw,46,0.003375216034512402,0.0034485898612256764,0.003411902947869039,76,10.32158492472978,0.9951869419642857,100352
bayesfl_observability_v1,ola_sparse_bayesian_keep010_seed42,155,ola,global,,,layers.0.weight,raw,47,0.0034485898612256764,0.003521963687938951,0.003485276774582314,55,7.469568037633394,0.995735012755102,100352
bayesfl_observability_v1,ola_sparse_bayesian_keep010_seed42,155,ola,global,,,layers.0.weight,raw,48,0.003521963687938951,0.003595337514652226,0.0035586506012955884,58,7.87699902150426,0.9963129783163265,100352
bayesfl_observability_v1,ola_sparse_bayesian_keep010_seed42,155,ola,global,,,layers.0.weight,raw,49,0.003595337514652226,0.0036687113413655004,0.003632024428008863,55,7.469568037633394,0.9968610491071429,100352
bayesfl_observability_v1,ola_sparse_bayesian_keep010_seed42,155,ola,global,,,layers.0.weight,raw,50,0.0036687113413655004,0.003742085168078775,0.003705398254722138,61,8.284430005375219,0.9974689094387755,100352
bayesfl_observability_v1,ola_sparse_bayesian_keep010_seed42,155,ola,global,,,layers.0.weight,raw,51,0.003742085168078775,0.0038154589947920494,0.003778772081435412,37,5.02498213440792,0.9978376116071429,100352
bayesfl_observability_v1,ola_sparse_bayesian_keep010_seed42,155,ola,global,,,layers.0.weight,raw,52,0.0038154589947920494,0.003888832821505324,0.003852145908148687,27,3.666878854838212,0.9981066645408163,100352
bayesfl_observability_v1,ola_sparse_bayesian_keep010_seed42,155,ola,global,,,layers.0.weight,raw,53,0.003888832821505324,0.003962206648218599,0.003925519734861962,37,5.02498213440789,0.9984753667091837,100352
bayesfl_observability_v1,ola_sparse_bayesian_keep010_seed42,155,ola,global,,,layers.0.weight,raw,54,0.003962206648218599,0.004035580474931873,0.003998893561575236,24,3.2594478709673185,0.9987145248724489,100352
bayesfl_observability_v1,ola_sparse_bayesian_keep010_seed42,155,ola,global,,,layers.0.weight,raw,55,0.004035580474931873,0.004108954301645148,0.00407226738828851,26,3.53106852688122,0.9989736128826531,100352
bayesfl_observability_v1,ola_sparse_bayesian_keep010_seed42,155,ola,global,,,layers.0.weight,raw,56,0.004108954301645148,0.004182328128358422,0.004145641215001785,12,1.6297239354836592,0.9990931919642857,100352
bayesfl_observability_v1,ola_sparse_bayesian_keep010_seed42,155,ola,global,,,layers.0.weight,raw,57,0.004182328128358422,0.004255701955071697,0.00421901504171506,19,2.58039623118243,0.9992825255102041,100352
bayesfl_observability_v1,ola_sparse_bayesian_keep010_seed42,155,ola,global,,,layers.0.weight,raw,58,0.004255701955071697,0.004329075781784971,0.004292388868428334,14,1.9013445913976024,0.9994220344387755,100352
bayesfl_observability_v1,ola_sparse_bayesian_keep010_seed42,155,ola,global,,,layers.0.weight,raw,59,0.004329075781784971,0.004402449608498246,0.004365762695141608,9,1.2222929516127299,0.99951171875,100352
bayesfl_observability_v1,ola_sparse_bayesian_keep010_seed42,155,ola,global,,,layers.0.weight,raw,60,0.004402449608498246,0.00447582343521152,0.004439136521854883,5,0.679051639784858,0.9995615433673469,100352
bayesfl_observability_v1,ola_sparse_bayesian_keep010_seed42,155,ola,global,,,layers.0.weight,raw,61,0.00447582343521152,0.004549197261924795,0.004512510348568158,8,1.08648262365576,0.999641262755102,100352
bayesfl_observability_v1,ola_sparse_bayesian_keep010_seed42,155,ola,global,,,layers.0.weight,raw,62,0.004549197261924795,0.004622571088638069,0.004585884175281432,6,0.8148619677418296,0.9997010522959183,100352
bayesfl_observability_v1,ola_sparse_bayesian_keep010_seed42,155,ola,global,,,layers.0.weight,raw,63,0.004622571088638069,0.004695944915351344,0.004659258001994706,6,0.81486196774182,0.9997608418367347,100352
bayesfl_observability_v1,ola_sparse_bayesian_keep010_seed42,155,ola,global,,,layers.0.weight,raw,64,0.004695944915351344,0.004769318742064619,0.004732631828707982,4,0.54324131182788,0.9998007015306123,100352
bayesfl_observability_v1,ola_sparse_bayesian_keep010_seed42,155,ola,global,,,layers.0.weight,raw,65,0.004769318742064619,0.004842692568777893,0.004806005655421256,4,0.5432413118278864,0.9998405612244898,100352
bayesfl_observability_v1,ola_sparse_bayesian_keep010_seed42,155,ola,global,,,layers.0.weight,raw,66,0.004842692568777893,0.004916066395491168,0.00487937948213453,3,0.40743098387091,0.999870455994898,100352
bayesfl_observability_v1,ola_sparse_bayesian_keep010_seed42,155,ola,global,,,layers.0.weight,raw,67,0.004916066395491168,0.004989440222204442,0.004952753308847805,2,0.2716206559139432,0.9998903858418368,100352
bayesfl_observability_v1,ola_sparse_bayesian_keep010_seed42,155,ola,global,,,layers.0.weight,raw,68,0.004989440222204442,0.005062814048917717,0.00502612713556108,3,0.40743098387091,0.9999202806122449,100352
bayesfl_observability_v1,ola_sparse_bayesian_keep010_seed42,155,ola,global,,,layers.0.weight,raw,69,0.005062814048917717,0.005136187875630991,0.005099500962274354,2,0.2716206559139432,0.9999402104591837,100352
bayesfl_observability_v1,ola_sparse_bayesian_keep010_seed42,155,ola,global,,,layers.0.weight,raw,70,0.005136187875630991,0.005209561702344266,0.005172874788987628,1,0.13581032795697,0.9999501753826531,100352
bayesfl_observability_v1,ola_sparse_bayesian_keep010_seed42,155,ola,global,,,layers.0.weight,raw,71,0.005209561702344266,0.00528293552905754,0.005246248615700903,0,0.0,0.9999501753826531,100352
bayesfl_observability_v1,ola_sparse_bayesian_keep010_seed42,155,ola,global,,,layers.0.weight,raw,72,0.00528293552905754,0.005356309355770815,0.005319622442414178,0,0.0,0.9999501753826531,100352
bayesfl_observability_v1,ola_sparse_bayesian_keep010_seed42,155,ola,global,,,layers.0.weight,raw,73,0.005356309355770815,0.005429683182484089,0.005392996269127452,2,0.2716206559139432,0.9999701052295918,100352
bayesfl_observability_v1,ola_sparse_bayesian_keep010_seed42,155,ola,global,,,layers.0.weight,raw,74,0.005429683182484089,0.005503057009197364,0.005466370095840726,1,0.13581032795697,0.9999800701530612,100352
bayesfl_observability_v1,ola_sparse_bayesian_keep010_seed42,155,ola,global,,,layers.0.weight,raw,75,0.005503057009197364,0.005576430835910639,0.005539743922554002,1,0.13581032795697,0.9999900350765306,100352
bayesfl_observability_v1,ola_sparse_bayesian_keep010_seed42,155,ola,global,,,layers.0.weight,raw,76,0.005576430835910639,0.005649804662623913,0.005613117749267276,0,0.0,0.9999900350765306,100352
bayesfl_observability_v1,ola_sparse_bayesian_keep010_seed42,155,ola,global,,,layers.0.weight,raw,77,0.005649804662623913,0.005723178489337188,0.00568649157598055,0,0.0,0.9999900350765306,100352
bayesfl_observability_v1,ola_sparse_bayesian_keep010_seed42,155,ola,global,,,layers.0.weight,raw,78,0.005723178489337188,0.005796552316050462,0.005759865402693825,0,0.0,0.9999900350765306,100352
bayesfl_observability_v1,ola_sparse_bayesian_keep010_seed42,155,ola,global,,,layers.0.weight,raw,79,0.005796552316050462,0.005869926142763737,0.0058332392294071,1,0.13581032795697,1.0,100352
bayesfl_observability_v1,ola_sparse_bayesian_keep010_seed42,155,ola,global,,,layers.0.weight,db,0,-153.97649003110982,-152.609625746489,-153.2930578887994,2,1.4580706484919432e-05,1.992984693877551e-05,100352
bayesfl_observability_v1,ola_sparse_bayesian_keep010_seed42,155,ola,global,,,layers.0.weight,db,1,-152.609625746489,-151.2427614618682,-151.9261936041786,0,0.0,1.992984693877551e-05,100352
bayesfl_observability_v1,ola_sparse_bayesian_keep010_seed42,155,ola,global,,,layers.0.weight,db,2,-151.2427614618682,-149.8758971772474,-150.5593293195578,1,7.290353242459716e-06,2.9894770408163265e-05,100352
bayesfl_observability_v1,ola_sparse_bayesian_keep010_seed42,155,ola,global,,,layers.0.weight,db,3,-149.8758971772474,-148.50903289262658,-149.192465034937,0,0.0,2.9894770408163265e-05,100352
bayesfl_observability_v1,ola_sparse_bayesian_keep010_seed42,155,ola,global,,,layers.0.weight,db,4,-148.50903289262658,-147.1421686080058,-147.8256007503162,1,7.290353242459868e-06,3.985969387755102e-05,100352
bayesfl_observability_v1,ola_sparse_bayesian_keep010_seed42,155,ola,global,,,layers.0.weight,db,5,-147.1421686080058,-145.77530432338497,-146.45873646569538,0,0.0,3.985969387755102e-05,100352
bayesfl_observability_v1,ola_sparse_bayesian_keep010_seed42,155,ola,global,,,layers.0.weight,db,6,-145.77530432338497,-144.40844003876416,-145.09187218107456,1,7.290353242459716e-06,4.982461734693878e-05,100352
bayesfl_observability_v1,ola_sparse_bayesian_keep010_seed42,155,ola,global,,,layers.0.weight,db,7,-144.40844003876416,-143.04157575414337,-143.72500789645375,0,0.0,4.982461734693878e-05,100352
bayesfl_observability_v1,ola_sparse_bayesian_keep010_seed42,155,ola,global,,,layers.0.weight,db,8,-143.04157575414337,-141.67471146952255,-142.35814361183296,0,0.0,4.982461734693878e-05,100352
bayesfl_observability_v1,ola_sparse_bayesian_keep010_seed42,155,ola,global,,,layers.0.weight,db,9,-141.67471146952255,-140.30784718490173,-140.99127932721214,0,0.0,4.982461734693878e-05,100352
bayesfl_observability_v1,ola_sparse_bayesian_keep010_seed42,155,ola,global,,,layers.0.weight,db,10,-140.30784718490173,-138.94098290028091,-139.62441504259132,1,7.290353242459716e-06,5.978954081632653e-05,100352
bayesfl_observability_v1,ola_sparse_bayesian_keep010_seed42,155,ola,global,,,layers.0.weight,db,11,-138.94098290028091,-137.57411861566013,-138.25755075797053,0,0.0,5.978954081632653e-05,100352
bayesfl_observability_v1,ola_sparse_bayesian_keep010_seed42,155,ola,global,,,layers.0.weight,db,12,-137.57411861566013,-136.2072543310393,-136.89068647334972,2,1.4580706484919432e-05,7.971938775510203e-05,100352
bayesfl_observability_v1,ola_sparse_bayesian_keep010_seed42,155,ola,global,,,layers.0.weight,db,13,-136.2072543310393,-134.8403900464185,-135.5238221887289,1,7.290353242459716e-06,8.96843112244898e-05,100352
bayesfl_observability_v1,ola_sparse_bayesian_keep010_seed42,155,ola,global,,,layers.0.weight,db,14,-134.8403900464185,-133.4735257617977,-134.15695790410808,0,0.0,8.96843112244898e-05,100352
bayesfl_observability_v1,ola_sparse_bayesian_keep010_seed42,155,ola,global,,,layers.0.weight,db,15,-133.4735257617977,-132.10666147717689,-132.7900936194873,3,2.1871059727379148e-05,0.00011957908163265306,100352
bayesfl_observability_v1,ola_sparse_bayesian_keep010_seed42,155,ola,global,,,layers.0.weight,db,16,-132.10666147717689,-130.73979719255607,-131.42322933486648,7,5.103247269721801e-05,0.00018933354591836734,100352
bayesfl_observability_v1,ola_sparse_bayesian_keep010_seed42,155,ola,global,,,layers.0.weight,db,17,-130.73979719255607,-129.37293290793528,-130.0563650502457,2,1.4580706484919736e-05,0.00020926339285714285,100352
bayesfl_observability_v1,ola_sparse_bayesian_keep010_seed42,155,ola,global,,,layers.0.weight,db,18,-129.37293290793528,-128.00606862331446,-128.68950076562487,2,1.4580706484919432e-05,0.00022919323979591838,100352
bayesfl_observability_v1,ola_sparse_bayesian_keep010_seed42,155,ola,global,,,layers.0.weight,db,19,-128.00606862331446,-126.63920433869365,-127.32263648100405,3,2.1871059727379148e-05,0.00025908801020408165,100352
bayesfl_observability_v1,ola_sparse_bayesian_keep010_seed42,155,ola,global,,,layers.0.weight,db,20,-126.63920433869365,-125.27234005407284,-125.95577219638324,11,8.019388566705771e-05,0.0003687021683673469,100352
bayesfl_observability_v1,ola_sparse_bayesian_keep010_seed42,155,ola,global,,,layers.0.weight,db,21,-125.27234005407284,-123.90547576945204,-124.58890791176245,8,5.832282593967833e-05,0.000448421556122449,100352
bayesfl_observability_v1,ola_sparse_bayesian_keep010_seed42,155,ola,global,,,layers.0.weight,db,22,-123.90547576945204,-122.53861148483122,-123.22204362714163,10,7.290353242459716e-05,0.0005480707908163265,100352
bayesfl_observability_v1,ola_sparse_bayesian_keep010_seed42,155,ola,global,,,layers.0.weight,db,23,-122.53861148483122,-121.17174720021042,-121.85517934252081,6,4.374211945475875e-05,0.0006078603316326531,100352
bayesfl_observability_v1,ola_sparse_bayesian_keep010_seed42,155,ola,global,,,layers.0.weight,db,24,-121.17174720021042,-119.80488291558962,-120.48831505790002,6,4.374211945475875e-05,0.0006676498724489796,100352
bayesfl_observability_v1,ola_sparse_bayesian_keep010_seed42,155,ola,global,,,layers.0.weight,db,25,-119.80488291558962,-118.4380186309688,-119.12145077327921,19,0.0001385167116067346,0.0008569834183673469,100352
bayesfl_observability_v1,ola_sparse_bayesian_keep010_seed42,155,ola,global,,,layers.0.weight,db,26,-118.4380186309688,-117.071154346348,-117.75458648865839,13,9.47745921519773e-05,0.0009865274234693877,100352
bayesfl_observability_v1,ola_sparse_bayesian_keep010_seed42,155,ola,global,,,layers.0.weight,db,27,-117.071154346348,-115.70429006172719,-116.3877222040376,16,0.00011664565187935667,0.001145966198979592,100352
bayesfl_observability_v1,ola_sparse_bayesian_keep010_seed42,155,ola,global,,,layers.0.weight,db,28,-115.70429006172719,-114.33742577710638,-115.02085791941678,20,0.00014580706484919431,0.001345264668367347,100352
bayesfl_observability_v1,ola_sparse_bayesian_keep010_seed42,155,ola,global,,,layers.0.weight,db,29,-114.33742577710638,-112.97056149248557,-113.65399363479597,23,0.00016767812457657523,0.0015744579081632653,100352
bayesfl_observability_v1,ola_sparse_bayesian_keep010_seed42,155,ola,global,,,layers.0.weight,db,30,-112.97056149248557,-111.60369720786477,-112.28712935017518,32,0.00023329130375871333,0.0018933354591836734,100352
bayesfl_observability_v1,ola_sparse_bayesian_keep010_seed42,155,ola,global,,,layers.0.weight,db,31,-111.60369720786477,-110.23683292324395,-110.92026506555436,37,0.0002697430699710095,0.0022620376275510204,100352
bayesfl_observability_v1,ola_sparse_bayesian_keep010_seed42,155,ola,global,,,layers.0.weight,db,32,-110.23683292324395,-108.86996863862313,-109.55340078093354,34,0.0002478720102436303,0.0026008450255102043,100352
bayesfl_observability_v1,ola_sparse_bayesian_keep010_seed42,155,ola,global,,,layers.0.weight,db,33,-108.86996863862313,-107.50310435400233,-108.18653649631273,51,0.00037180801536544937,0.0031090561224489796,100352
bayesfl_observability_v1,ola_sparse_bayesian_keep010_seed42,155,ola,global,,,layers.0.weight,db,34,-107.50310435400233,-106.13624006938153,-106.81967221169194,45,0.00032806589591069063,0.0035574776785714285,100352
bayesfl_observability_v1,ola_sparse_bayesian_keep010_seed42,155,ola,global,,,layers.0.weight,db,35,-106.13624006938153,-104.76937578476071,-105.45280792707112,50,0.0003645176621229858,0.004055723852040816,100352
bayesfl_observability_v1,ola_sparse_bayesian_keep010_seed42,155,ola,global,,,layers.0.weight,db,36,-104.76937578476071,-103.40251150013991,-104.0859436424503,72,0.000524905433457105,0.0047731983418367345,100352
bayesfl_observability_v1,ola_sparse_bayesian_keep010_seed42,155,ola,global,,,layers.0.weight,db,37,-103.40251150013991,-102.0356472155191,-102.71907935782951,82,0.000597808965881703,0.00559032206632653,100352
bayesfl_observability_v1,ola_sparse_bayesian_keep010_seed42,155,ola,global,,,layers.0.weight,db,38,-102.0356472155191,-100.66878293089829,-101.3522150732087,93,0.0006780028515487536,0.0065170599489795915,100352
bayesfl_observability_v1,ola_sparse_bayesian_keep010_seed42,155,ola,global,,,layers.0.weight,db,39,-100.66878293089829,-99.30191864627749,-99.98535078858788,110,0.0008019388566705771,0.007613201530612245,100352
bayesfl_observability_v1,ola_sparse_bayesian_keep010_seed42,155,ola,global,,,layers.0.weight,db,40,-99.30191864627749,-97.93505436165668,-98.61848650396709,102,0.0007436160307308987,0.008629623724489796,100352
bayesfl_observability_v1,ola_sparse_bayesian_keep010_seed42,155,ola,global,,,layers.0.weight,db,41,-97.93505436165668,-96.56819007703587,-97.25162221934627,150,0.0010935529863689575,0.01012436224489796,100352
bayesfl_observability_v1,ola_sparse_bayesian_keep010_seed42,155,ola,global,,,layers.0.weight,db,42,-96.56819007703587,-95.20132579241506,-95.88475793472546,200,0.0014580706484919584,0.01211734693877551,100352
bayesfl_observability_v1,ola_sparse_bayesian_keep010_seed42,155,ola,global,,,layers.0.weight,db,43,-95.20132579241506,-93.83446150779426,-94.51789365010467,198,0.0014434899420070388,0.014090401785714286,100352
bayesfl_observability_v1,ola_sparse_bayesian_keep010_seed42,155,ola,global,,,layers.0.weight,db,44,-93.83446150779426,-92.46759722317344,-93.15102936548385,234,0.0017059426587355735,0.01642219387755102,100352
bayesfl_observability_v1,ola_sparse_bayesian_keep010_seed42,155,ola,global,,,layers.0.weight,db,45,-92.46759722317344,-91.10073293855264,-91.78416508086303,264,0.001924653256009385,0.01905293367346939,100352
bayesfl_observability_v1,ola_sparse_bayesian_keep010_seed42,155,ola,global,,,layers.0.weight,db,46,-91.10073293855264,-89.73386865393182,-90.41730079624223,324,0.002362074450556948,0.02228156887755102,100352
bayesfl_observability_v1,ola_sparse_bayesian_keep010_seed42,155,ola,global,,,layers.0.weight,db,47,-89.73386865393182,-88.36700436931102,-89.05043651162143,357,0.0026026561075581456,0.025839046556122448,100352
bayesfl_observability_v1,ola_sparse_bayesian_keep010_seed42,155,ola,global,,,layers.0.weight,db,48,-88.36700436931102,-87.00014008469022,-87.68357222700061,456,0.0033244010785616653,0.030383051658163265,100352
bayesfl_observability_v1,ola_sparse_bayesian_keep010_seed42,155,ola,global,,,layers.0.weight,db,49,-87.00014008469022,-85.6332758000694,-86.31670794237981,524,0.003820145099048891,0.03560467155612245,100352
bayesfl_observability_v1,ola_sparse_bayesian_keep010_seed42,155,ola,global,,,layers.0.weight,db,50,-85.6332758000694,-84.2664115154486,-84.949843657759,589,0.004294018059808818,0.04147401147959184,100352
bayesfl_observability_v1,ola_sparse_bayesian_keep010_seed42,155,ola,global,,,layers.0.weight,db,51,-84.2664115154486,-82.89954723082778,-83.58297937313819,701,0.005110537622964261,0.048459422831632654,100352
bayesfl_observability_v1,ola_sparse_bayesian_keep010_seed42,155,ola,global,,,layers.0.weight,db,52,-82.89954723082778,-81.53268294620698,-82.21611508851737,834,0.006080154604211466,0.05677016900510204,100352
bayesfl_observability_v1,ola_sparse_bayesian_keep010_seed42,155,ola,global,,,layers.0.weight,db,53,-81.53268294620698,-80.16581866158617,-80.84925080389658,968,0.0070570619387010786,0.06641621492346939,100352
bayesfl_observability_v1,ola_sparse_bayesian_keep010_seed42,155,ola,global,,,layers.0.weight,db,54,-80.16581866158617,-78.79895437696536,-79.48238651927576,1181,0.008609907179344924,0.07818478954081633,100352
bayesfl_observability_v1,ola_sparse_bayesian_keep010_seed42,155,ola,global,,,layers.0.weight,db,55,-78.79895437696536,-77.43209009234455,-78.11552223465495,1343,0.0097909444046235,0.09156768176020408,100352
bayesfl_observability_v1,ola_sparse_bayesian_keep010_seed42,155,ola,global,,,layers.0.weight,db,56,-77.43209009234455,-76.06522580772375,-76.74865795003416,1477,0.010767851739113113,0.10628587372448979,100352
bayesfl_observability_v1,ola_sparse_bayesian_keep010_seed42,155,ola,global,,,layers.0.weight,db,57,-76.06522580772375,-74.69836152310293,-75.38179366541334,1883,0.013727735155551646,0.12504982461734693,100352
bayesfl_observability_v1,ola_sparse_bayesian_keep010_seed42,155,ola,global,,,layers.0.weight,db,58,-74.69836152310293,-73.33149723848213,-74.01492938079252,2130,0.015528452406439356,0.14627511160714285,100352
bayesfl_observability_v1,ola_sparse_bayesian_keep010_seed42,155,ola,global,,,layers.0.weight,db,59,-73.33149723848213,-71.96463295386133,-72.64806509617173,2483,0.018101947101027662,0.17101801658163265,100352
bayesfl_observability_v1,ola_sparse_bayesian_keep010_seed42,155,ola,global,,,layers.0.weight,db,60,-71.96463295386133,-70.59776866924051,-71.28120081155092,2901,0.021149314756375638,0.19992625956632654,100352
bayesfl_observability_v1,ola_sparse_bayesian_keep010_seed42,155,ola,global,,,layers.0.weight,db,61,-70.59776866924051,-69.2309043846197,-69.9143365269301,3513,0.02561101094076125,0.23493303571428573,100352
bayesfl_observability_v1,ola_sparse_bayesian_keep010_seed42,155,ola,global,,,layers.0.weight,db,62,-69.2309043846197,-67.86404009999889,-68.5474722423093,4073,0.029693608756538425,0.27552016900510207,100352
bayesfl_observability_v1,ola_sparse_bayesian_keep010_seed42,155,ola,global,,,layers.0.weight,db,63,-67.86404009999889,-66.49717581537809,-67.1806079576885,4673,0.034067820702014605,0.322086256377551,100352
bayesfl_observability_v1,ola_sparse_bayesian_keep010_seed42,155,ola,global,,,layers.0.weight,db,64,-66.49717581537809,-65.13031153075728,-65.81374367306768,5475,0.03991468400246736,0.376644212372449,100352
bayesfl_observability_v1,ola_sparse_bayesian_keep010_seed42,155,ola,global,,,layers.0.weight,db,65,-65.13031153075728,-63.763447246136465,-64.44687938844687,6497,0.04736542501626077,0.44138632015306123,100352
bayesfl_observability_v1,ola_sparse_bayesian_keep010_seed42,155,ola,global,,,layers.0.weight,db,66,-63.763447246136465,-62.39658296151566,-63.080015103826064,7275,0.05303731983889499,0.5138811383928571,100352
bayesfl_observability_v1,ola_sparse_bayesian_keep010_seed42,155,ola,global,,,layers.0.weight,db,67,-62.39658296151566,-61.029718676894845,-61.713150819205254,8450,0.0616034848987846,0.5980847417091837,100352
bayesfl_observability_v1,ola_sparse_bayesian_keep010_seed42,155,ola,global,,,layers.0.weight,db,68,-61.029718676894845,-59.66285439227404,-60.34628653458444,10058,0.07332637291266059,0.6983119419642857,100352
bayesfl_observability_v1,ola_sparse_bayesian_keep010_seed42,155,ola,global,,,layers.0.weight,db,69,-59.66285439227404,-58.29599010765324,-58.97942224996364,8589,0.06261684399948715,0.7839006696428571,100352
bayesfl_observability_v1,ola_sparse_bayesian_keep010_seed42,155,ola,global,,,layers.0.weight,db,70,-58.29599010765324,-56.92912582303242,-57.61255796534283,5423,0.03953558563385904,0.8379404496173469,100352
bayesfl_observability_v1,ola_sparse_bayesian_keep010_seed42,155,ola,global,,,layers.0.weight,db,71,-56.92912582303242,-55.56226153841162,-56.24569368072202,4537,0.03307633266104008,0.8831513073979592,100352
bayesfl_observability_v1,ola_sparse_bayesian_keep010_seed42,155,ola,global,,,layers.0.weight,db,72,-55.56226153841162,-54.195397253790816,-54.87882939610122,3945,0.02876044354150388,0.9224629304846939,100352
bayesfl_observability_v1,ola_sparse_bayesian_keep010_seed42,155,ola,global,,,layers.0.weight,db,73,-54.195397253790816,-52.82853296917,-53.51196511148041,3156,0.023008354833202863,0.9539122289540817,100352
bayesfl_observability_v1,ola_sparse_bayesian_keep010_seed42,155,ola,global,,,layers.0.weight,db,74,-52.82853296917,-51.461668684549196,-52.1451008268596,2322,0.016928200228991636,0.97705078125,100352
bayesfl_observability_v1,ola_sparse_bayesian_keep010_seed42,155,ola,global,,,layers.0.weight,db,75,-51.461668684549196,-50.09480439992839,-50.778236542238794,1358,0.009900299703260397,0.9905831473214286,100352
bayesfl_observability_v1,ola_sparse_bayesian_keep010_seed42,155,ola,global,,,layers.0.weight,db,76,-50.09480439992839,-48.727940115307575,-49.411372257617984,627,0.0045710514830222424,0.9968311543367347,100352
bayesfl_observability_v1,ola_sparse_bayesian_keep010_seed42,155,ola,global,,,layers.0.weight,db,77,-48.727940115307575,-47.36107583068677,-48.044507972997174,250,0.001822588310614948,0.9993223852040817,100352
bayesfl_observability_v1,ola_sparse_bayesian_keep010_seed42,155,ola,global,,,layers.0.weight,db,78,-47.36107583068677,-45.994211546065955,-46.677643688376364,59,0.00043013084130512325,0.9999103156887755,100352
bayesfl_observability_v1,ola_sparse_bayesian_keep010_seed42,155,ola,global,,,layers.0.weight,db,79,-45.994211546065955,-44.62734726144515,-45.310779403755554,9,6.561317918213813e-05,1.0,100352
bayesfl_observability_v1,ola_sparse_bayesian_keep010_seed42,155,ola,global,,,layers.0.bias,raw,0,4.70586615358016e-06,6.406275362991434e-05,3.4384309891747254e-05,6,789.714589038875,0.046875,128
bayesfl_observability_v1,ola_sparse_bayesian_keep010_seed42,155,ola,global,,,layers.0.bias,raw,1,6.406275362991434e-05,0.00012341964110624854,9.374119736808144e-05,5,658.0954908657291,0.0859375,128
bayesfl_observability_v1,ola_sparse_bayesian_keep010_seed42,155,ola,global,,,layers.0.bias,raw,2,0.00012341964110624854,0.0001827765285825827,0.00015309808484441562,8,1052.952785385167,0.1484375,128
bayesfl_observability_v1,ola_sparse_bayesian_keep010_seed42,155,ola,global,,,layers.0.bias,raw,3,0.0001827765285825827,0.0002421334160589169,0.0002124549723207498,9,1184.5718835583125,0.21875,128
bayesfl_observability_v1,ola_sparse_bayesian_keep010_seed42,155,ola,global,,,layers.0.bias,raw,4,0.0002421334160589169,0.0003014903035352511,0.000271811859797084,2,263.23819634629166,0.234375,128
bayesfl_observability_v1,ola_sparse_bayesian_keep010_seed42,155,ola,global,,,layers.0.bias,raw,5,0.0003014903035352511,0.00036084719101158526,0.0003311687472734182,2,263.2381963462918,0.25,128
bayesfl_observability_v1,ola_sparse_bayesian_keep010_seed42,155,ola,global,,,layers.0.bias,raw,6,0.00036084719101158526,0.0004202040784879195,0.0003905256347497524,2,263.23819634629155,0.265625,128
bayesfl_observability_v1,ola_sparse_bayesian_keep010_seed42,155,ola,global,,,layers.0.bias,raw,7,0.0004202040784879195,0.00047956096596425365,0.00044988252222608657,3,394.85729451943763,0.2890625,128
bayesfl_observability_v1,ola_sparse_bayesian_keep010_seed42,155,ola,global,,,layers.0.bias,raw,8,0.00047956096596425365,0.0005389178534405879,0.0005092394097024207,2,263.23819634629126,0.3046875,128
bayesfl_observability_v1,ola_sparse_bayesian_keep010_seed42,155,ola,global,,,layers.0.bias,raw,9,0.0005389178534405879,0.0005982747409169221,0.000568596297178755,1,131.6190981731459,0.3125,128
bayesfl_observability_v1,ola_sparse_bayesian_keep010_seed42,155,ola,global,,,layers.0.bias,raw,10,0.0005982747409169221,0.0006576316283932563,0.0006279531846550892,5,658.0954908657294,0.3515625,128
bayesfl_observability_v1,ola_sparse_bayesian_keep010_seed42,155,ola,global,,,layers.0.bias,raw,11,0.0006576316283932563,0.0007169885158695904,0.0006873100721314233,1,131.6190981731459,0.359375,128
bayesfl_observability_v1,ola_sparse_bayesian_keep010_seed42,155,ola,global,,,layers.0.bias,raw,12,0.0007169885158695904,0.0007763454033459246,0.0007466669596077575,3,394.85729451943763,0.3828125,128
bayesfl_observability_v1,ola_sparse_bayesian_keep010_seed42,155,ola,global,,,layers.0.bias,raw,13,0.0007763454033459246,0.0008357022908222589,0.0008060238470840918,4,526.4763926925825,0.4140625,128
bayesfl_observability_v1,ola_sparse_bayesian_keep010_seed42,155,ola,global,,,layers.0.bias,raw,14,0.0008357022908222589,0.000895059178298593,0.000865380734560426,5,658.0954908657294,0.453125,128
bayesfl_observability_v1,ola_sparse_bayesian_keep010_seed42,155,ola,global,,,layers.0.bias,raw,15,0.000895059178298593,0.0009544160657749272,0.0009247376220367601,3,394.85729451943763,0.4765625,128
bayesfl_observability_v1,ola_sparse_bayesian_keep010_seed42,155,ola,global,,,layers.0.bias,raw,16,0.0009544160657749272,0.0010137729532512614,0.0009840945095130943,4,526.4763926925835,0.5078125,128
bayesfl_observability_v1,ola_sparse_bayesian_keep010_seed42,155,ola,global,,,layers.0.bias,raw,17,0.0010137729532512614,0.0010731298407275955,0.0010434513969894285,3,394.85729451943763,0.53125,128
bayesfl_observability_v1,ola_sparse_bayesian_keep010_seed42,155,ola,global,,,layers.0.bias,raw,18,0.0010731298407275955,0.0011324867282039297,0.0011028082844657626,5,658.0954908657294,0.5703125,128
bayesfl_observability_v1,ola_sparse_bayesian_keep010_seed42,155,ola,global,,,layers.0.bias,raw,19,0.0011324867282039297,0.0011918436156802639,0.0011621651719420968,5,658.0954908657294,0.609375,128
bayesfl_observability_v1,ola_sparse_bayesian_keep010_seed42,155,ola,global,,,layers.0.bias,raw,20,0.0011918436156802639,0.001251200503156598,0.001221522059418431,3,394.85729451943763,0.6328125,128
bayesfl_observability_v1,ola_sparse_bayesian_keep010_seed42,155,ola,global,,,layers.0.bias,raw,21,0.001251200503156598,0.0013105573906329322,0.0012808789468947651,4,526.4763926925835,0.6640625,128
bayesfl_observability_v1,ola_sparse_bayesian_keep010_seed42,155,ola,global,,,layers.0.bias,raw,22,0.0013105573906329322,0.0013699142781092664,0.0013402358343710993,0,0.0,0.6640625,128
bayesfl_observability_v1,ola_sparse_bayesian_keep010_seed42,155,ola,global,,,layers.0.bias,raw,23,0.0013699142781092664,0.0014292711655856005,0.0013995927218474335,3,394.85729451943763,0.6875,128
bayesfl_observability_v1,ola_sparse_bayesian_keep010_seed42,155,ola,global,,,layers.0.bias,raw,24,0.0014292711655856005,0.0014886280530619347,0.0014589496093237676,3,394.85729451943763,0.7109375,128
bayesfl_observability_v1,ola_sparse_bayesian_keep010_seed42,155,ola,global,,,layers.0.bias,raw,25,0.0014886280530619347,0.0015479849405382689,0.0015183064968001018,5,658.0954908657294,0.75,128
bayesfl_observability_v1,ola_sparse_bayesian_keep010_seed42,155,ola,global,,,layers.0.bias,raw,26,0.0015479849405382689,0.0016073418280146033,0.0015776633842764362,2,263.2381963462908,0.765625,128
bayesfl_observability_v1,ola_sparse_bayesian_keep010_seed42,155,ola,global,,,layers.0.bias,raw,27,0.0016073418280146033,0.0016666987154909374,0.0016370202717527703,3,394.85729451943763,0.7890625,128
bayesfl_observability_v1,ola_sparse_bayesian_keep010_seed42,155,ola,global,,,layers.0.bias,raw,28,0.0016666987154909374,0.0017260556029672716,0.0016963771592291045,2,263.2381963462918,0.8046875,128
bayesfl_observability_v1,ola_sparse_bayesian_keep010_seed42,155,ola,global,,,layers.0.bias,raw,29,0.0017260556029672716,0.0017854124904436058,0.0017557340467054387,0,0.0,0.8046875,128
bayesfl_observability_v1,ola_sparse_bayesian_keep010_seed42,155,ola,global,,,layers.0.bias,raw,30,0.0017854124904436058,0.00184476937791994,0.0018150909341817728,1,131.6190981731459,0.8125,128
bayesfl_observability_v1,ola_sparse_bayesian_keep010_seed42,155,ola,global,,,layers.0.bias,raw,31,0.00184476937791994,0.001904126265396274,0.001874447821658107,1,131.6190981731459,0.8203125,128
bayesfl_observability_v1,ola_sparse_bayesian_keep010_seed42,155,ola,global,,,layers.0.bias,raw,32,0.001904126265396274,0.0019634831528726085,0.0019338047091344412,3,394.8572945194362,0.84375,128
bayesfl_observability_v1,ola_sparse_bayesian_keep010_seed42,155,ola,global,,,layers.0.bias,raw,33,0.0019634831528726085,0.0020228400403489426,0.0019931615966107758,1,131.6190981731459,0.8515625,128
bayesfl_observability_v1,ola_sparse_bayesian_keep010_seed42,155,ola,global,,,layers.0.bias,raw,34,0.0020228400403489426,0.002082196927825277,0.0020525184840871095,2,263.2381963462918,0.8671875,128
bayesfl_observability_v1,ola_sparse_bayesian_keep010_seed42,155,ola,global,,,layers.0.bias,raw,35,0.002082196927825277,0.002141553815301611,0.002111875371563444,2,263.2381963462918,0.8828125,128
bayesfl_observability_v1,ola_sparse_bayesian_keep010_seed42,155,ola,global,,,layers.0.bias,raw,36,0.002141553815301611,0.002200910702777945,0.002171232259039778,2,263.2381963462918,0.8984375,128
bayesfl_observability_v1,ola_sparse_bayesian_keep010_seed42,155,ola,global,,,layers.0.bias,raw,37,0.002200910702777945,0.0022602675902542793,0.0022305891465161124,1,131.6190981731459,0.90625,128
bayesfl_observability_v1,ola_sparse_bayesian_keep010_seed42,155,ola,global,,,layers.0.bias,raw,38,0.0022602675902542793,0.0023196244777306135,0.002289946033992446,3,394.85729451943763,0.9296875,128
bayesfl_observability_v1,ola_sparse_bayesian_keep010_seed42,155,ola,global,,,layers.0.bias,raw,39,0.0023196244777306135,0.0023789813652069476,0.0023493029214687808,2,263.2381963462918,0.9453125,128
bayesfl_observability_v1,ola_sparse_bayesian_keep010_seed42,155,ola,global,,,layers.0.bias,raw,40,0.0023789813652069476,0.002438338252683282,0.0024086598089451145,0,0.0,0.9453125,128
bayesfl_observability_v1,ola_sparse_bayesian_keep010_seed42,155,ola,global,,,layers.0.bias,raw,41,0.002438338252683282,0.002497695140159616,0.002468016696421449,1,131.6190981731459,0.953125,128
bayesfl_observability_v1,ola_sparse_bayesian_keep010_seed42,155,ola,global,,,layers.0.bias,raw,42,0.002497695140159616,0.00255705202763595,0.002527373583897783,1,131.6190981731459,0.9609375,128
bayesfl_observability_v1,ola_sparse_bayesian_keep010_seed42,155,ola,global,,,layers.0.bias,raw,43,0.00255705202763595,0.0026164089151122843,0.0025867304713741174,0,0.0,0.9609375,128
bayesfl_observability_v1,ola_sparse_bayesian_keep010_seed42,155,ola,global,,,layers.0.bias,raw,44,0.0026164089151122843,0.0026757658025886185,0.002646087358850451,0,0.0,0.9609375,128
bayesfl_observability_v1,ola_sparse_bayesian_keep010_seed42,155,ola,global,,,layers.0.bias,raw,45,0.0026757658025886185,0.0027351226900649526,0.0027054442463267858,1,131.6190981731459,0.96875,128
bayesfl_observability_v1,ola_sparse_bayesian_keep010_seed42,155,ola,global,,,layers.0.bias,raw,46,0.0027351226900649526,0.002794479577541287,0.0027648011338031195,2,263.2381963462918,0.984375,128
bayesfl_observability_v1,ola_sparse_bayesian_keep010_seed42,155,ola,global,,,layers.0.bias,raw,47,0.002794479577541287,0.002853836465017621,0.002824158021279454,0,0.0,0.984375,128
bayesfl_observability_v1,ola_sparse_bayesian_keep010_seed42,155,ola,global,,,layers.0.bias,raw,48,0.002853836465017621,0.002913193352493955,0.002883514908755788,1,131.6190981731459,0.9921875,128
bayesfl_observability_v1,ola_sparse_bayesian_keep010_seed42,155,ola,global,,,layers.0.bias,raw,49,0.002913193352493955,0.0029725502399702893,0.0029428717962321225,0,0.0,0.9921875,128
bayesfl_observability_v1,ola_sparse_bayesian_keep010_seed42,155,ola,global,,,layers.0.bias,raw,50,0.0029725502399702893,0.0030319071274466235,0.003002228683708456,0,0.0,0.9921875,128
bayesfl_observability_v1,ola_sparse_bayesian_keep010_seed42,155,ola,global,,,layers.0.bias,raw,51,0.0030319071274466235,0.0030912640149229577,0.003061585571184791,0,0.0,0.9921875,128
bayesfl_observability_v1,ola_sparse_bayesian_keep010_seed42,155,ola,global,,,layers.0.bias,raw,52,0.0030912640149229577,0.003150620902399292,0.0031209424586611245,0,0.0,0.9921875,128
bayesfl_observability_v1,ola_sparse_bayesian_keep010_seed42,155,ola,global,,,layers.0.bias,raw,53,0.003150620902399292,0.0032099777898756264,0.003180299346137459,0,0.0,0.9921875,128
bayesfl_observability_v1,ola_sparse_bayesian_keep010_seed42,155,ola,global,,,layers.0.bias,raw,54,0.0032099777898756264,0.0032693346773519606,0.0032396562336137937,0,0.0,0.9921875,128
bayesfl_observability_v1,ola_sparse_bayesian_keep010_seed42,155,ola,global,,,layers.0.bias,raw,55,0.0032693346773519606,0.0033286915648282948,0.0032990131210901275,0,0.0,0.9921875,128
bayesfl_observability_v1,ola_sparse_bayesian_keep010_seed42,155,ola,global,,,layers.0.bias,raw,56,0.0033286915648282948,0.003388048452304629,0.003358370008566462,0,0.0,0.9921875,128
bayesfl_observability_v1,ola_sparse_bayesian_keep010_seed42,155,ola,global,,,layers.0.bias,raw,57,0.003388048452304629,0.003447405339780963,0.003417726896042796,0,0.0,0.9921875,128
bayesfl_observability_v1,ola_sparse_bayesian_keep010_seed42,155,ola,global,,,layers.0.bias,raw,58,0.003447405339780963,0.0035067622272572973,0.0034770837835191304,0,0.0,0.9921875,128
bayesfl_observability_v1,ola_sparse_bayesian_keep010_seed42,155,ola,global,,,layers.0.bias,raw,59,0.0035067622272572973,0.0035661191147336314,0.003536440670995464,0,0.0,0.9921875,128
bayesfl_observability_v1,ola_sparse_bayesian_keep010_seed42,155,ola,global,,,layers.0.bias,raw,60,0.0035661191147336314,0.0036254760022099656,0.0035957975584717987,0,0.0,0.9921875,128
bayesfl_observability_v1,ola_sparse_bayesian_keep010_seed42,155,ola,global,,,layers.0.bias,raw,61,0.0036254760022099656,0.0036848328896862998,0.0036551544459481325,0,0.0,0.9921875,128
bayesfl_observability_v1,ola_sparse_bayesian_keep010_seed42,155,ola,global,,,layers.0.bias,raw,62,0.0036848328896862998,0.003744189777162634,0.003714511333424467,0,0.0,0.9921875,128
bayesfl_observability_v1,ola_sparse_bayesian_keep010_seed42,155,ola,global,,,layers.0.bias,raw,63,0.003744189777162634,0.003803546664638968,0.003773868220900801,0,0.0,0.9921875,128
bayesfl_observability_v1,ola_sparse_bayesian_keep010_seed42,155,ola,global,,,layers.0.bias,raw,64,0.003803546664638968,0.0038629035521153023,0.0038332251083771354,0,0.0,0.9921875,128
bayesfl_observability_v1,ola_sparse_bayesian_keep010_seed42,155,ola,global,,,layers.0.bias,raw,65,0.0038629035521153023,0.003922260439591637,0.0038925819958534696,0,0.0,0.9921875,128
bayesfl_observability_v1,ola_sparse_bayesian_keep010_seed42,155,ola,global,,,layers.0.bias,raw,66,0.003922260439591637,0.003981617327067971,0.003951938883329804,0,0.0,0.9921875,128
bayesfl_observability_v1,ola_sparse_bayesian_keep010_seed42,155,ola,global,,,layers.0.bias,raw,67,0.003981617327067971,0.004040974214544305,0.0040112957708061375,0,0.0,0.9921875,128
bayesfl_observability_v1,ola_sparse_bayesian_keep010_seed42,155,ola,global,,,layers.0.bias,raw,68,0.004040974214544305,0.004100331102020639,0.004070652658282472,0,0.0,0.9921875,128
bayesfl_observability_v1,ola_sparse_bayesian_keep010_seed42,155,ola,global,,,layers.0.bias,raw,69,0.004100331102020639,0.0041596879894969735,0.004130009545758807,0,0.0,0.9921875,128
bayesfl_observability_v1,ola_sparse_bayesian_keep010_seed42,155,ola,global,,,layers.0.bias,raw,70,0.0041596879894969735,0.004219044876973307,0.00418936643323514,0,0.0,0.9921875,128
bayesfl_observability_v1,ola_sparse_bayesian_keep010_seed42,155,ola,global,,,layers.0.bias,raw,71,0.004219044876973307,0.004278401764449642,0.004248723320711474,0,0.0,0.9921875,128
bayesfl_observability_v1,ola_sparse_bayesian_keep010_seed42,155,ola,global,,,layers.0.bias,raw,72,0.004278401764449642,0.004337758651925976,0.004308080208187809,0,0.0,0.9921875,128
bayesfl_observability_v1,ola_sparse_bayesian_keep010_seed42,155,ola,global,,,layers.0.bias,raw,73,0.004337758651925976,0.00439711553940231,0.004367437095664143,0,0.0,0.9921875,128
bayesfl_observability_v1,ola_sparse_bayesian_keep010_seed42,155,ola,global,,,layers.0.bias,raw,74,0.00439711553940231,0.004456472426878644,0.004426793983140477,0,0.0,0.9921875,128
bayesfl_observability_v1,ola_sparse_bayesian_keep010_seed42,155,ola,global,,,layers.0.bias,raw,75,0.004456472426878644,0.0045158293143549785,0.004486150870616811,0,0.0,0.9921875,128
bayesfl_observability_v1,ola_sparse_bayesian_keep010_seed42,155,ola,global,,,layers.0.bias,raw,76,0.0045158293143549785,0.004575186201831312,0.004545507758093145,0,0.0,0.9921875,128
bayesfl_observability_v1,ola_sparse_bayesian_keep010_seed42,155,ola,global,,,layers.0.bias,raw,77,0.004575186201831312,0.004634543089307647,0.00460486464556948,0,0.0,0.9921875,128
bayesfl_observability_v1,ola_sparse_bayesian_keep010_seed42,155,ola,global,,,layers.0.bias,raw,78,0.004634543089307647,0.004693899976783981,0.004664221533045814,0,0.0,0.9921875,128
bayesfl_observability_v1,ola_sparse_bayesian_keep010_seed42,155,ola,global,,,layers.0.bias,raw,79,0.004693899976783981,0.004753256864260315,0.0047235784205221475,1,131.61909817314492,1.0,128
bayesfl_observability_v1,ola_sparse_bayesian_keep010_seed42,155,ola,global,,,layers.0.bias,db,0,-106.54720674201604,-105.79611883670708,-106.17166278936156,1,0.010401578756332507,0.0078125,128
bayesfl_observability_v1,ola_sparse_bayesian_keep010_seed42,155,ola,global,,,layers.0.bias,db,1,-105.79611883670708,-105.04503093139812,-105.4205748840526,0,0.0,0.0078125,128
bayesfl_observability_v1,ola_sparse_bayesian_keep010_seed42,155,ola,global,,,layers.0.bias,db,2,-105.04503093139812,-104.29394302608915,-104.66948697874363,0,0.0,0.0078125,128
bayesfl_observability_v1,ola_sparse_bayesian_keep010_seed42,155,ola,global,,,layers.0.bias,db,3,-104.29394302608915,-103.5428551207802,-103.91839907343467,0,0.0,0.0078125,128
bayesfl_observability_v1,ola_sparse_bayesian_keep010_seed42,155,ola,global,,,layers.0.bias,db,4,-103.5428551207802,-102.79176721547124,-103.16731116812572,0,0.0,0.0078125,128
bayesfl_observability_v1,ola_sparse_bayesian_keep010_seed42,155,ola,global,,,layers.0.bias,db,5,-102.79176721547124,-102.04067931016228,-102.41622326281676,0,0.0,0.0078125,128
bayesfl_observability_v1,ola_sparse_bayesian_keep010_seed42,155,ola,global,,,layers.0.bias,db,6,-102.04067931016228,-101.28959140485331,-101.6651353575078,1,0.010401578756332507,0.015625,128
bayesfl_observability_v1,ola_sparse_bayesian_keep010_seed42,155,ola,global,,,layers.0.bias,db,7,-101.28959140485331,-100.53850349954435,-100.91404745219883,0,0.0,0.015625,128
bayesfl_observability_v1,ola_sparse_bayesian_keep010_seed42,155,ola,global,,,layers.0.bias,db,8,-100.53850349954435,-99.78741559423538,-100.16295954688987,0,0.0,0.015625,128
bayesfl_observability_v1,ola_sparse_bayesian_keep010_seed42,155,ola,global,,,layers.0.bias,db,9,-99.78741559423538,-99.03632768892642,-99.4118716415809,0,0.0,0.015625,128
bayesfl_observability_v1,ola_sparse_bayesian_keep010_seed42,155,ola,global,,,layers.0.bias,db,10,-99.03632768892642,-98.28523978361747,-98.66078373627195,0,0.0,0.015625,128
bayesfl_observability_v1,ola_sparse_bayesian_keep010_seed42,155,ola,global,,,layers.0.bias,db,11,-98.28523978361747,-97.5341518783085,-97.90969583096299,0,0.0,0.015625,128
bayesfl_observability_v1,ola_sparse_bayesian_keep010_seed42,155,ola,global,,,layers.0.bias,db,12,-97.5341518783085,-96.78306397299954,-97.15860792565402,0,0.0,0.015625,128
bayesfl_observability_v1,ola_sparse_bayesian_keep010_seed42,155,ola,global,,,layers.0.bias,db,13,-96.78306397299954,-96.03197606769058,-96.40752002034506,0,0.0,0.015625,128
bayesfl_observability_v1,ola_sparse_bayesian_keep010_seed42,155,ola,global,,,layers.0.bias,db,14,-96.03197606769058,-95.28088816238161,-95.6564321150361,0,0.0,0.015625,128
bayesfl_observability_v1,ola_sparse_bayesian_keep010_seed42,155,ola,global,,,layers.0.bias,db,15,-95.28088816238161,-94.52980025707265,-94.90534420972713,1,0.010401578756332507,0.0234375,128
bayesfl_observability_v1,ola_sparse_bayesian_keep010_seed42,155,ola,global,,,layers.0.bias,db,16,-94.52980025707265,-93.77871235176369,-94.15425630441817,0,0.0,0.0234375,128
bayesfl_observability_v1,ola_sparse_bayesian_keep010_seed42,155,ola,global,,,layers.0.bias,db,17,-93.77871235176369,-93.02762444645472,-93.4031683991092,0,0.0,0.0234375,128
bayesfl_observability_v1,ola_sparse_bayesian_keep010_seed42,155,ola,global,,,layers.0.bias,db,18,-93.02762444645472,-92.27653654114577,-92.65208049380024,1,0.010401578756332703,0.03125,128
bayesfl_observability_v1,ola_sparse_bayesian_keep010_seed42,155,ola,global,,,layers.0.bias,db,19,-92.27653654114577,-91.52544863583681,-91.90099258849129,0,0.0,0.03125,128
bayesfl_observability_v1,ola_sparse_bayesian_keep010_seed42,155,ola,global,,,layers.0.bias,db,20,-91.52544863583681,-90.77436073052785,-91.14990468318233,0,0.0,0.03125,128
bayesfl_observability_v1,ola_sparse_bayesian_keep010_seed42,155,ola,global,,,layers.0.bias,db,21,-90.77436073052785,-90.02327282521888,-90.39881677787336,0,0.0,0.03125,128
bayesfl_observability_v1,ola_sparse_bayesian_keep010_seed42,155,ola,global,,,layers.0.bias,db,22,-90.02327282521888,-89.27218491990992,-89.6477288725644,0,0.0,0.03125,128
bayesfl_observability_v1,ola_sparse_bayesian_keep010_seed42,155,ola,global,,,layers.0.bias,db,23,-89.27218491990992,-88.52109701460097,-88.89664096725545,0,0.0,0.03125,128
bayesfl_observability_v1,ola_sparse_bayesian_keep010_seed42,155,ola,global,,,layers.0.bias,db,24,-88.52109701460097,-87.770009109292,-88.14555306194649,0,0.0,0.03125,128
bayesfl_observability_v1,ola_sparse_bayesian_keep010_seed42,155,ola,global,,,layers.0.bias,db,25,-87.770009109292,-87.01892120398304,-87.39446515663752,0,0.0,0.03125,128
bayesfl_observability_v1,ola_sparse_bayesian_keep010_seed42,155,ola,global,,,layers.0.bias,db,26,-87.01892120398304,-86.26783329867408,-86.64337725132856,1,0.010401578756332507,0.0390625,128
bayesfl_observability_v1,ola_sparse_bayesian_keep010_seed42,155,ola,global,,,layers.0.bias,db,27,-86.26783329867408,-85.51674539336511,-85.8922893460196,0,0.0,0.0390625,128
bayesfl_observability_v1,ola_sparse_bayesian_keep010_seed42,155,ola,global,,,layers.0.bias,db,28,-85.51674539336511,-84.76565748805615,-85.14120144071063,1,0.010401578756332507,0.046875,128
bayesfl_observability_v1,ola_sparse_bayesian_keep010_seed42,155,ola,global,,,layers.0.bias,db,29,-84.76565748805615,-84.01456958274719,-84.39011353540167,0,0.0,0.046875,128
bayesfl_observability_v1,ola_sparse_bayesian_keep010_seed42,155,ola,global,,,layers.0.bias,db,30,-84.01456958274719,-83.26348167743822,-83.6390256300927,0,0.0,0.046875,128
bayesfl_observability_v1,ola_sparse_bayesian_keep010_seed42,155,ola,global,,,layers.0.bias,db,31,-83.26348167743822,-82.51239377212926,-82.88793772478374,3,0.031204736268997522,0.0703125,128
bayesfl_observability_v1,ola_sparse_bayesian_keep010_seed42,155,ola,global,,,layers.0.bias,db,32,-82.51239377212926,-81.76130586682031,-82.13684981947478,0,0.0,0.0703125,128
bayesfl_observability_v1,ola_sparse_bayesian_keep010_seed42,155,ola,global,,,layers.0.bias,db,33,-81.76130586682031,-81.01021796151134,-81.38576191416583,2,0.020803157512665014,0.0859375,128
bayesfl_observability_v1,ola_sparse_bayesian_keep010_seed42,155,ola,global,,,layers.0.bias,db,34,-81.01021796151134,-80.25913005620238,-80.63467400885686,0,0.0,0.0859375,128
bayesfl_observability_v1,ola_sparse_bayesian_keep010_seed42,155,ola,global,,,layers.0.bias,db,35,-80.25913005620238,-79.50804215089342,-79.8835861035479,0,0.0,0.0859375,128
bayesfl_observability_v1,ola_sparse_bayesian_keep010_seed42,155,ola,global,,,layers.0.bias,db,36,-79.50804215089342,-78.75695424558445,-79.13249819823893,0,0.0,0.0859375,128
bayesfl_observability_v1,ola_sparse_bayesian_keep010_seed42,155,ola,global,,,layers.0.bias,db,37,-78.75695424558445,-78.00586634027549,-78.38141029292997,1,0.010401578756332507,0.09375,128
bayesfl_observability_v1,ola_sparse_bayesian_keep010_seed42,155,ola,global,,,layers.0.bias,db,38,-78.00586634027549,-77.25477843496654,-77.63032238762102,2,0.020803157512665406,0.109375,128
bayesfl_observability_v1,ola_sparse_bayesian_keep010_seed42,155,ola,global,,,layers.0.bias,db,39,-77.25477843496654,-76.50369052965758,-76.87923448231206,1,0.010401578756332507,0.1171875,128
bayesfl_observability_v1,ola_sparse_bayesian_keep010_seed42,155,ola,global,,,layers.0.bias,db,40,-76.50369052965758,-75.75260262434861,-76.1281465770031,2,0.020803157512665014,0.1328125,128
bayesfl_observability_v1,ola_sparse_bayesian_keep010_seed42,155,ola,global,,,layers.0.bias,db,41,-75.75260262434861,-75.00151471903965,-75.37705867169413,1,0.010401578756332507,0.140625,128
bayesfl_observability_v1,ola_sparse_bayesian_keep010_seed42,155,ola,global,,,layers.0.bias,db,42,-75.00151471903965,-74.25042681373068,-74.62597076638517,1,0.010401578756332507,0.1484375,128
bayesfl_observability_v1,ola_sparse_bayesian_keep010_seed42,155,ola,global,,,layers.0.bias,db,43,-74.25042681373068,-73.49933890842172,-73.8748828610762,4,0.04160631502533003,0.1796875,128
bayesfl_observability_v1,ola_sparse_bayesian_keep010_seed42,155,ola,global,,,layers.0.bias,db,44,-73.49933890842172,-72.74825100311276,-73.12379495576724,3,0.031204736268997522,0.203125,128
bayesfl_observability_v1,ola_sparse_bayesian_keep010_seed42,155,ola,global,,,layers.0.bias,db,45,-72.74825100311276,-71.99716309780379,-72.37270705045827,2,0.020803157512665014,0.21875,128
bayesfl_observability_v1,ola_sparse_bayesian_keep010_seed42,155,ola,global,,,layers.0.bias,db,46,-71.99716309780379,-71.24607519249483,-71.62161914514931,1,0.010401578756332507,0.2265625,128
bayesfl_observability_v1,ola_sparse_bayesian_keep010_seed42,155,ola,global,,,layers.0.bias,db,47,-71.24607519249483,-70.49498728718588,-70.87053123984035,1,0.010401578756332703,0.234375,128
bayesfl_observability_v1,ola_sparse_bayesian_keep010_seed42,155,ola,global,,,layers.0.bias,db,48,-70.49498728718588,-69.74389938187691,-70.1194433345314,2,0.020803157512665014,0.25,128
bayesfl_observability_v1,ola_sparse_bayesian_keep010_seed42,155,ola,global,,,layers.0.bias,db,49,-69.74389938187691,-68.99281147656795,-69.36835542922243,0,0.0,0.25,128
bayesfl_observability_v1,ola_sparse_bayesian_keep010_seed42,155,ola,global,,,layers.0.bias,db,50,-68.99281147656795,-68.24172357125899,-68.61726752391347,2,0.020803157512665014,0.265625,128
bayesfl_observability_v1,ola_sparse_bayesian_keep010_seed42,155,ola,global,,,layers.0.bias,db,51,-68.24172357125899,-67.49063566595004,-67.86617961860452,0,0.0,0.265625,128
bayesfl_observability_v1,ola_sparse_bayesian_keep010_seed42,155,ola,global,,,layers.0.bias,db,52,-67.49063566595004,-66.73954776064107,-67.11509171329556,2,0.020803157512665014,0.28125,128
bayesfl_observability_v1,ola_sparse_bayesian_keep010_seed42,155,ola,global,,,layers.0.bias,db,53,-66.73954776064107,-65.98845985533211,-66.36400380798659,2,0.020803157512665014,0.296875,128
bayesfl_observability_v1,ola_sparse_bayesian_keep010_seed42,155,ola,global,,,layers.0.bias,db,54,-65.98845985533211,-65.23737195002315,-65.61291590267763,1,0.010401578756332507,0.3046875,128
bayesfl_observability_v1,ola_sparse_bayesian_keep010_seed42,155,ola,global,,,layers.0.bias,db,55,-65.23737195002315,-64.48628404471418,-64.86182799736866,1,0.010401578756332507,0.3125,128
bayesfl_observability_v1,ola_sparse_bayesian_keep010_seed42,155,ola,global,,,layers.0.bias,db,56,-64.48628404471418,-63.73519613940522,-64.1107400920597,5,0.05200789378166253,0.3515625,128
bayesfl_observability_v1,ola_sparse_bayesian_keep010_seed42,155,ola,global,,,layers.0.bias,db,57,-63.73519613940522,-62.984108234096254,-63.359652186750736,1,0.010401578756332507,0.359375,128
bayesfl_observability_v1,ola_sparse_bayesian_keep010_seed42,155,ola,global,,,layers.0.bias,db,58,-62.984108234096254,-62.2330203287873,-62.60856428144177,3,0.031204736268997817,0.3828125,128
bayesfl_observability_v1,ola_sparse_bayesian_keep010_seed42,155,ola,global,,,layers.0.bias,db,59,-62.2330203287873,-61.481932423478334,-61.857476376132816,5,0.05200789378166253,0.421875,128
bayesfl_observability_v1,ola_sparse_bayesian_keep010_seed42,155,ola,global,,,layers.0.bias,db,60,-61.481932423478334,-60.73084451816937,-61.10638847082385,5,0.05200789378166253,0.4609375,128
bayesfl_observability_v1,ola_sparse_bayesian_keep010_seed42,155,ola,global,,,layers.0.bias,db,61,-60.73084451816937,-59.979756612860406,-60.35530056551489,6,0.062409472537995045,0.5078125,128
bayesfl_observability_v1,ola_sparse_bayesian_keep010_seed42,155,ola,global,,,layers.0.bias,db,62,-59.979756612860406,-59.22866870755145,-59.60421266020593,4,0.04160631502533042,0.5390625,128
bayesfl_observability_v1,ola_sparse_bayesian_keep010_seed42,155,ola,global,,,layers.0.bias,db,63,-59.22866870755145,-58.477580802242485,-58.85312475489697,9,0.09361420880699256,0.609375,128
bayesfl_observability_v1,ola_sparse_bayesian_keep010_seed42,155,ola,global,,,layers.0.bias,db,64,-58.477580802242485,-57.72649289693352,-58.102036849588,5,0.05200789378166253,0.6484375,128
bayesfl_observability_v1,ola_sparse_bayesian_keep010_seed42,155,ola,global,,,layers.0.bias,db,65,-57.72649289693352,-56.975404991624565,-57.35094894427904,5,0.052007893781663025,0.6875,128
bayesfl_observability_v1,ola_sparse_bayesian_keep010_seed42,155,ola,global,,,layers.0.bias,db,66,-56.975404991624565,-56.2243170863156,-56.59986103897008,8,0.08321263005066006,0.75,128
bayesfl_observability_v1,ola_sparse_bayesian_keep010_seed42,155,ola,global,,,layers.0.bias,db,67,-56.2243170863156,-55.47322918100664,-55.84877313366112,6,0.062409472537995045,0.796875,128
bayesfl_observability_v1,ola_sparse_bayesian_keep010_seed42,155,ola,global,,,layers.0.bias,db,68,-55.47322918100664,-54.72214127569767,-55.097685228352155,2,0.020803157512665014,0.8125,128
bayesfl_observability_v1,ola_sparse_bayesian_keep010_seed42,155,ola,global,,,layers.0.bias,db,69,-54.72214127569767,-53.97105337038872,-54.3465973230432,5,0.052007893781663025,0.8515625,128
bayesfl_observability_v1,ola_sparse_bayesian_keep010_seed42,155,ola,global,,,layers.0.bias,db,70,-53.97105337038872,-53.21996546507975,-53.595509417734235,5,0.05200789378166253,0.890625,128
bayesfl_observability_v1,ola_sparse_bayesian_keep010_seed42,155,ola,global,,,layers.0.bias,db,71,-53.21996546507975,-52.46887755977079,-52.84442151242527,7,0.07281105129432755,0.9453125,128
bayesfl_observability_v1,ola_sparse_bayesian_keep010_seed42,155,ola,global,,,layers.0.bias,db,72,-52.46887755977079,-51.71778965446183,-52.09333360711631,2,0.02080315751266521,0.9609375,128
bayesfl_observability_v1,ola_sparse_bayesian_keep010_seed42,155,ola,global,,,layers.0.bias,db,73,-51.71778965446183,-50.96670174915287,-51.34224570180735,3,0.031204736268997522,0.984375,128
bayesfl_observability_v1,ola_sparse_bayesian_keep010_seed42,155,ola,global,,,layers.0.bias,db,74,-50.96670174915287,-50.215613843843904,-50.591157796498386,1,0.010401578756332507,0.9921875,128
bayesfl_observability_v1,ola_sparse_bayesian_keep010_seed42,155,ola,global,,,layers.0.bias,db,75,-50.215613843843904,-49.46452593853494,-49.84006989118942,0,0.0,0.9921875,128
bayesfl_observability_v1,ola_sparse_bayesian_keep010_seed42,155,ola,global,,,layers.0.bias,db,76,-49.46452593853494,-48.713438033225984,-49.088981985880466,0,0.0,0.9921875,128
bayesfl_observability_v1,ola_sparse_bayesian_keep010_seed42,155,ola,global,,,layers.0.bias,db,77,-48.713438033225984,-47.96235012791702,-48.3378940805715,0,0.0,0.9921875,128
bayesfl_observability_v1,ola_sparse_bayesian_keep010_seed42,155,ola,global,,,layers.0.bias,db,78,-47.96235012791702,-47.211262222608056,-47.58680617526254,0,0.0,0.9921875,128
bayesfl_observability_v1,ola_sparse_bayesian_keep010_seed42,155,ola,global,,,layers.0.bias,db,79,-47.211262222608056,-46.4601743172991,-46.835718269953574,1,0.010401578756332606,1.0,128
bayesfl_observability_v1,ola_sparse_bayesian_keep010_seed42,155,ola,global,,,layers.1.weight,raw,0,4.810316412587915e-06,0.001259348912381447,0.0006320796143970174,150,93.41083676225844,0.1171875,1280
bayesfl_observability_v1,ola_sparse_bayesian_keep010_seed42,155,ola,global,,,layers.1.weight,raw,1,0.001259348912381447,0.0025138875083503065,0.0018866182103658767,150,93.41083676225841,0.234375,1280
bayesfl_observability_v1,ola_sparse_bayesian_keep010_seed42,155,ola,global,,,layers.1.weight,raw,2,0.0025138875083503065,0.003768426104319166,0.003141156806334736,127,79.08784179204548,0.33359375,1280
bayesfl_observability_v1,ola_sparse_bayesian_keep010_seed42,155,ola,global,,,layers.1.weight,raw,3,0.003768426104319166,0.005022964700288025,0.004395695402303596,137,85.31523090952938,0.440625,1280
bayesfl_observability_v1,ola_sparse_bayesian_keep010_seed42,155,ola,global,,,layers.1.weight,raw,4,0.005022964700288025,0.006277503296256884,0.0056502339982724544,115,71.61497485106483,0.53046875,1280
bayesfl_observability_v1,ola_sparse_bayesian_keep010_seed42,155,ola,global,,,layers.1.weight,raw,5,0.006277503296256884,0.0075320418922257435,0.006904772594241314,78,48.57363511637437,0.59140625,1280
bayesfl_observability_v1,ola_sparse_bayesian_keep010_seed42,155,ola,global,,,layers.1.weight,raw,6,0.0075320418922257435,0.008786580488194603,0.008159311190210173,81,50.44185185161954,0.6546875,1280
bayesfl_observability_v1,ola_sparse_bayesian_keep010_seed42,155,ola,global,,,layers.1.weight,raw,7,0.008786580488194603,0.010041119084163462,0.009413849786179034,69,42.968984910638895,0.70859375,1280
bayesfl_observability_v1,ola_sparse_bayesian_keep010_seed42,155,ola,global,,,layers.1.weight,raw,8,0.010041119084163462,0.011295657680132321,0.01066838838214789,51,31.75968449916788,0.7484375,1280
bayesfl_observability_v1,ola_sparse_bayesian_keep010_seed42,155,ola,global,,,layers.1.weight,raw,9,0.011295657680132321,0.01255019627610118,0.011922926978116751,38,23.664078646438814,0.778125,1280
bayesfl_observability_v1,ola_sparse_bayesian_keep010_seed42,155,ola,global,,,layers.1.weight,raw,10,0.01255019627610118,0.01380473487207004,0.01317746557408561,33,20.550384087696834,0.80390625,1280
bayesfl_observability_v1,ola_sparse_bayesian_keep010_seed42,155,ola,global,,,layers.1.weight,raw,11,0.01380473487207004,0.015059273468038899,0.014432004170054469,35,21.795861911193644,0.83125,1280
bayesfl_observability_v1,ola_sparse_bayesian_keep010_seed42,155,ola,global,,,layers.1.weight,raw,12,0.015059273468038899,0.016313812064007758,0.01568654276602333,33,20.550384087696862,0.85703125,1280
bayesfl_observability_v1,ola_sparse_bayesian_keep010_seed42,155,ola,global,,,layers.1.weight,raw,13,0.016313812064007758,0.01756835065997662,0.01694108136199219,18,11.209300411471,0.87109375,1280
bayesfl_observability_v1,ola_sparse_bayesian_keep010_seed42,155,ola,global,,,layers.1.weight,raw,14,0.01756835065997662,0.018822889255945476,0.018195619957961047,25,15.568472793709766,0.890625,1280
bayesfl_observability_v1,ola_sparse_bayesian_keep010_seed42,155,ola,global,,,layers.1.weight,raw,15,0.018822889255945476,0.020077427851914336,0.019450158553929904,16,9.963822587974223,0.903125,1280
bayesfl_observability_v1,ola_sparse_bayesian_keep010_seed42,155,ola,global,,,layers.1.weight,raw,16,0.020077427851914336,0.021331966447883197,0.020704697149898768,16,9.963822587974223,0.915625,1280
bayesfl_observability_v1,ola_sparse_bayesian_keep010_seed42,155,ola,global,,,layers.1.weight,raw,17,0.021331966447883197,0.022586505043852054,0.021959235745867625,8,4.9819112939871255,0.921875,1280
bayesfl_observability_v1,ola_sparse_bayesian_keep010_seed42,155,ola,global,,,layers.1.weight,raw,18,0.022586505043852054,0.023841043639820914,0.023213774341836482,11,6.850128029232279,0.93046875,1280
bayesfl_observability_v1,ola_sparse_bayesian_keep010_seed42,155,ola,global,,,layers.1.weight,raw,19,0.023841043639820914,0.02509558223578977,0.024468312937805343,10,6.227389117483907,0.93828125,1280
bayesfl_observability_v1,ola_sparse_bayesian_keep010_seed42,155,ola,global,,,layers.1.weight,raw,20,0.02509558223578977,0.026350120831758632,0.025722851533774203,5,3.1136945587419445,0.9421875,1280
bayesfl_observability_v1,ola_sparse_bayesian_keep010_seed42,155,ola,global,,,layers.1.weight,raw,21,0.026350120831758632,0.027604659427727492,0.02697739012974306,8,4.981911293987111,0.9484375,1280
bayesfl_observability_v1,ola_sparse_bayesian_keep010_seed42,155,ola,global,,,layers.1.weight,raw,22,0.027604659427727492,0.02885919802369635,0.02823192872571192,3,1.868216735245172,0.95078125,1280
bayesfl_observability_v1,ola_sparse_bayesian_keep010_seed42,155,ola,global,,,layers.1.weight,raw,23,0.02885919802369635,0.03011373661966521,0.02948646732168078,9,5.6046502057355,0.9578125,1280
bayesfl_observability_v1,ola_sparse_bayesian_keep010_seed42,155,ola,global,,,layers.1.weight,raw,24,0.03011373661966521,0.03136827521563407,0.03074100591764964,0,0.0,0.9578125,1280
bayesfl_observability_v1,ola_sparse_bayesian_keep010_seed42,155,ola,global,,,layers.1.weight,raw,25,0.03136827521563407,0.032622813811602924,0.031995544513618496,7,4.359172382238735,0.96328125,1280
bayesfl_observability_v1,ola_sparse_bayesian_keep010_seed42,155,ola,global,,,layers.1.weight,raw,26,0.032622813811602924,0.03387735240757178,0.03325008310958735,4,2.4909556469935628,0.96640625,1280
bayesfl_observability_v1,ola_sparse_bayesian_keep010_seed42,155,ola,global,,,layers.1.weight,raw,27,0.03387735240757178,0.035131891003540645,0.03450462170555621,5,3.113694558741936,0.9703125,1280
bayesfl_observability_v1,ola_sparse_bayesian_keep010_seed42,155,ola,global,,,layers.1.weight,raw,28,0.035131891003540645,0.0363864295995095,0.035759160301525074,5,3.1136945587419533,0.97421875,1280
bayesfl_observability_v1,ola_sparse_bayesian_keep010_seed42,155,ola,global,,,layers.1.weight,raw,29,0.0363864295995095,0.03764096819547836,0.03701369889749393,4,2.4909556469935628,0.97734375,1280
bayesfl_observability_v1,ola_sparse_bayesian_keep010_seed42,155,ola,global,,,layers.1.weight,raw,30,0.03764096819547836,0.038895506791447224,0.038268237493462795,3,1.8682167352451615,0.9796875,1280
bayesfl_observability_v1,ola_sparse_bayesian_keep010_seed42,155,ola,global,,,layers.1.weight,raw,31,0.038895506791447224,0.04015004538741608,0.03952277608943165,1,0.6227389117483907,0.98046875,1280
bayesfl_observability_v1,ola_sparse_bayesian_keep010_seed42,155,ola,global,,,layers.1.weight,raw,32,0.04015004538741608,0.04140458398338494,0.04077731468540051,1,0.6227389117483907,0.98125,1280
bayesfl_observability_v1,ola_sparse_bayesian_keep010_seed42,155,ola,global,,,layers.1.weight,raw,33,0.04140458398338494,0.0426591225793538,0.042031853281369366,0,0.0,0.98125,1280
bayesfl_observability_v1,ola_sparse_bayesian_keep010_seed42,155,ola,global,,,layers.1.weight,raw,34,0.0426591225793538,0.04391366117532266,0.04328639187733823,2,1.2454778234967814,0.9828125,1280
bayesfl_observability_v1,ola_sparse_bayesian_keep010_seed42,155,ola,global,,,layers.1.weight,raw,35,0.04391366117532266,0.045168199771291516,0.04454093047330709,4,2.4909556469935628,0.9859375,1280
bayesfl_observability_v1,ola_sparse_bayesian_keep010_seed42,155,ola,global,,,layers.1.weight,raw,36,0.045168199771291516,0.04642273836726038,0.04579546906927595,1,0.6227389117483872,0.98671875,1280
bayesfl_observability_v1,ola_sparse_bayesian_keep010_seed42,155,ola,global,,,layers.1.weight,raw,37,0.04642273836726038,0.04767727696322924,0.04705000766524481,0,0.0,0.98671875,1280
bayesfl_observability_v1,ola_sparse_bayesian_keep010_seed42,155,ola,global,,,layers.1.weight,raw,38,0.04767727696322924,0.048931815559198094,0.048304546261213666,1,0.6227389117483907,0.9875,1280
bayesfl_observability_v1,ola_sparse_bayesian_keep010_seed42,155,ola,global,,,layers.1.weight,raw,39,0.048931815559198094,0.05018635415516695,0.04955908485718252,0,0.0,0.9875,1280
bayesfl_observability_v1,ola_sparse_bayesian_keep010_seed42,155,ola,global,,,layers.1.weight,raw,40,0.05018635415516695,0.051440892751135815,0.05081362345315138,0,0.0,0.9875,1280
bayesfl_observability_v1,ola_sparse_bayesian_keep010_seed42,155,ola,global,,,layers.1.weight,raw,41,0.051440892751135815,0.05269543134710467,0.052068162049120244,1,0.6227389117483907,0.98828125,1280
bayesfl_observability_v1,ola_sparse_bayesian_keep010_seed42,155,ola,global,,,layers.1.weight,raw,42,0.05269543134710467,0.05394996994307353,0.0533227006450891,1,0.6227389117483907,0.9890625,1280
bayesfl_observability_v1,ola_sparse_bayesian_keep010_seed42,155,ola,global,,,layers.1.weight,raw,43,0.05394996994307353,0.05520450853904239,0.054577239241057965,1,0.6227389117483872,0.98984375,1280
bayesfl_observability_v1,ola_sparse_bayesian_keep010_seed42,155,ola,global,,,layers.1.weight,raw,44,0.05520450853904239,0.05645904713501125,0.05583177783702682,1,0.6227389117483907,0.990625,1280
bayesfl_observability_v1,ola_sparse_bayesian_keep010_seed42,155,ola,global,,,layers.1.weight,raw,45,0.05645904713501125,0.05771358573098011,0.05708631643299568,1,0.6227389117483907,0.99140625,1280
bayesfl_observability_v1,ola_sparse_bayesian_keep010_seed42,155,ola,global,,,layers.1.weight,raw,46,0.05771358573098011,0.05896812432694897,0.058340855028964536,0,0.0,0.99140625,1280
bayesfl_observability_v1,ola_sparse_bayesian_keep010_seed42,155,ola,global,,,layers.1.weight,raw,47,0.05896812432694897,0.06022266292291783,0.0595953936249334,0,0.0,0.99140625,1280
bayesfl_observability_v1,ola_sparse_bayesian_keep010_seed42,155,ola,global,,,layers.1.weight,raw,48,0.06022266292291783,0.061477201518886686,0.06084993222090226,0,0.0,0.99140625,1280
bayesfl_observability_v1,ola_sparse_bayesian_keep010_seed42,155,ola,global,,,layers.1.weight,raw,49,0.061477201518886686,0.06273174011485555,0.06210447081687112,3,1.8682167352451615,0.99375,1280
bayesfl_observability_v1,ola_sparse_bayesian_keep010_seed42,155,ola,global,,,layers.1.weight,raw,50,0.06273174011485555,0.0639862787108244,0.06335900941283998,1,0.6227389117483907,0.99453125,1280
bayesfl_observability_v1,ola_sparse_bayesian_keep010_seed42,155,ola,global,,,layers.1.weight,raw,51,0.0639862787108244,0.06524081730679326,0.06461354800880884,1,0.6227389117483907,0.9953125,1280
bayesfl_observability_v1,ola_sparse_bayesian_keep010_seed42,155,ola,global,,,layers.1.weight,raw,52,0.06524081730679326,0.06649535590276212,0.06586808660477769,3,1.868216735245172,0.99765625,1280
bayesfl_observability_v1,ola_sparse_bayesian_keep010_seed42,155,ola,global,,,layers.1.weight,raw,53,0.06649535590276212,0.06774989449873098,0.06712262520074655,0,0.0,0.99765625,1280
bayesfl_observability_v1,ola_sparse_bayesian_keep010_seed42,155,ola,global,,,layers.1.weight,raw,54,0.06774989449873098,0.06900443309469985,0.0683771637967154,0,0.0,0.99765625,1280
bayesfl_observability_v1,ola_sparse_bayesian_keep010_seed42,155,ola,global,,,layers.1.weight,raw,55,0.06900443309469985,0.0702589716906687,0.06963170239268428,0,0.0,0.99765625,1280
bayesfl_observability_v1,ola_sparse_bayesian_keep010_seed42,155,ola,global,,,layers.1.weight,raw,56,0.0702589716906687,0.07151351028663756,0.07088624098865313,0,0.0,0.99765625,1280
bayesfl_observability_v1,ola_sparse_bayesian_keep010_seed42,155,ola,global,,,layers.1.weight,raw,57,0.07151351028663756,0.07276804888260642,0.07214077958462199,0,0.0,0.99765625,1280
bayesfl_observability_v1,ola_sparse_bayesian_keep010_seed42,155,ola,global,,,layers.1.weight,raw,58,0.07276804888260642,0.07402258747857528,0.07339531818059085,0,0.0,0.99765625,1280
bayesfl_observability_v1,ola_sparse_bayesian_keep010_seed42,155,ola,global,,,layers.1.weight,raw,59,0.07402258747857528,0.07527712607454413,0.0746498567765597,0,0.0,0.99765625,1280
bayesfl_observability_v1,ola_sparse_bayesian_keep010_seed42,155,ola,global,,,layers.1.weight,raw,60,0.07527712607454413,0.076531664670513,0.07590439537252858,0,0.0,0.99765625,1280
bayesfl_observability_v1,ola_sparse_bayesian_keep010_seed42,155,ola,global,,,layers.1.weight,raw,61,0.076531664670513,0.07778620326648186,0.07715893396849743,0,0.0,0.99765625,1280
bayesfl_observability_v1,ola_sparse_bayesian_keep010_seed42,155,ola,global,,,layers.1.weight,raw,62,0.07778620326648186,0.07904074186245072,0.07841347256446629,0,0.0,0.99765625,1280
bayesfl_observability_v1,ola_sparse_bayesian_keep010_seed42,155,ola,global,,,layers.1.weight,raw,63,0.07904074186245072,0.08029528045841958,0.07966801116043515,0,0.0,0.99765625,1280
bayesfl_observability_v1,ola_sparse_bayesian_keep010_seed42,155,ola,global,,,layers.1.weight,raw,64,0.08029528045841958,0.08154981905438843,0.080922549756404,0,0.0,0.99765625,1280
bayesfl_observability_v1,ola_sparse_bayesian_keep010_seed42,155,ola,global,,,layers.1.weight,raw,65,0.08154981905438843,0.08280435765035729,0.08217708835237286,1,0.6227389117483907,0.9984375,1280
bayesfl_observability_v1,ola_sparse_bayesian_keep010_seed42,155,ola,global,,,layers.1.weight,raw,66,0.08280435765035729,0.08405889624632615,0.08343162694834172,0,0.0,0.9984375,1280
bayesfl_observability_v1,ola_sparse_bayesian_keep010_seed42,155,ola,global,,,layers.1.weight,raw,67,0.08405889624632615,0.08531343484229502,0.08468616554431058,0,0.0,0.9984375,1280
bayesfl_observability_v1,ola_sparse_bayesian_keep010_seed42,155,ola,global,,,layers.1.weight,raw,68,0.08531343484229502,0.08656797343826388,0.08594070414027945,0,0.0,0.9984375,1280
bayesfl_observability_v1,ola_sparse_bayesian_keep010_seed42,155,ola,global,,,layers.1.weight,raw,69,0.08656797343826388,0.08782251203423273,0.0871952427362483,0,0.0,0.9984375,1280
bayesfl_observability_v1,ola_sparse_bayesian_keep010_seed42,155,ola,global,,,layers.1.weight,raw,70,0.08782251203423273,0.08907705063020159,0.08844978133221716,0,0.0,0.9984375,1280
bayesfl_observability_v1,ola_sparse_bayesian_keep010_seed42,155,ola,global,,,layers.1.weight,raw,71,0.08907705063020159,0.09033158922617045,0.08970431992818602,0,0.0,0.9984375,1280
bayesfl_observability_v1,ola_sparse_bayesian_keep010_seed42,155,ola,global,,,layers.1.weight,raw,72,0.09033158922617045,0.0915861278221393,0.09095885852415488,1,0.6227389117483907,0.99921875,1280
bayesfl_observability_v1,ola_sparse_bayesian_keep010_seed42,155,ola,global,,,layers.1.weight,raw,73,0.0915861278221393,0.09284066641810818,0.09221339712012375,0,0.0,0.99921875,1280
bayesfl_observability_v1,ola_sparse_bayesian_keep010_seed42,155,ola,global,,,layers.1.weight,raw,74,0.09284066641810818,0.09409520501407703,0.0934679357160926,0,0.0,0.99921875,1280
bayesfl_observability_v1,ola_sparse_bayesian_keep010_seed42,155,ola,global,,,layers.1.weight,raw,75,0.09409520501407703,0.09534974361004589,0.09472247431206146,0,0.0,0.99921875,1280
bayesfl_observability_v1,ola_sparse_bayesian_keep010_seed42,155,ola,global,,,layers.1.weight,raw,76,0.09534974361004589,0.09660428220601475,0.09597701290803032,0,0.0,0.99921875,1280
bayesfl_observability_v1,ola_sparse_bayesian_keep010_seed42,155,ola,global,,,layers.1.weight,raw,77,0.09660428220601475,0.0978588208019836,0.09723155150399918,0,0.0,0.99921875,1280
bayesfl_observability_v1,ola_sparse_bayesian_keep010_seed42,155,ola,global,,,layers.1.weight,raw,78,0.0978588208019836,0.09911335939795246,0.09848609009996803,0,0.0,0.99921875,1280
bayesfl_observability_v1,ola_sparse_bayesian_keep010_seed42,155,ola,global,,,layers.1.weight,raw,79,0.09911335939795246,0.10036789799392132,0.09974062869593689,1,0.6227389117483907,1.0,1280
bayesfl_observability_v1,ola_sparse_bayesian_keep010_seed42,155,ola,global,,,layers.1.weight,db,0,-106.3565253083353,-105.2766700347774,-105.81659767155635,1,0.0007234765798067873,0.00078125,1280
bayesfl_observability_v1,ola_sparse_bayesian_keep010_seed42,155,ola,global,,,layers.1.weight,db,1,-105.2766700347774,-104.19681476121949,-104.73674239799844,0,0.0,0.00078125,1280
bayesfl_observability_v1,ola_sparse_bayesian_keep010_seed42,155,ola,global,,,layers.1.weight,db,2,-104.19681476121949,-103.11695948766157,-103.65688712444053,0,0.0,0.00078125,1280
bayesfl_observability_v1,ola_sparse_bayesian_keep010_seed42,155,ola,global,,,layers.1.weight,db,3,-103.11695948766157,-102.03710421410366,-102.57703185088262,1,0.0007234765798067873,0.0015625,1280
bayesfl_observability_v1,ola_sparse_bayesian_keep010_seed42,155,ola,global,,,layers.1.weight,db,4,-102.03710421410366,-100.95724894054575,-101.49717657732471,1,0.0007234765798067873,0.00234375,1280
bayesfl_observability_v1,ola_sparse_bayesian_keep010_seed42,155,ola,global,,,layers.1.weight,db,5,-100.95724894054575,-99.87739366698784,-100.4173213037668,0,0.0,0.00234375,1280
bayesfl_observability_v1,ola_sparse_bayesian_keep010_seed42,155,ola,global,,,layers.1.weight,db,6,-99.87739366698784,-98.79753839342993,-99.33746603020889,0,0.0,0.00234375,1280
bayesfl_observability_v1,ola_sparse_bayesian_keep010_seed42,155,ola,global,,,layers.1.weight,db,7,-98.79753839342993,-97.71768311987202,-98.25761075665098,0,0.0,0.00234375,1280
bayesfl_observability_v1,ola_sparse_bayesian_keep010_seed42,155,ola,global,,,layers.1.weight,db,8,-97.71768311987202,-96.63782784631411,-97.17775548309307,0,0.0,0.00234375,1280
bayesfl_observability_v1,ola_sparse_bayesian_keep010_seed42,155,ola,global,,,layers.1.weight,db,9,-96.63782784631411,-95.5579725727562,-96.09790020953515,0,0.0,0.00234375,1280
bayesfl_observability_v1,ola_sparse_bayesian_keep010_seed42,155,ola,global,,,layers.1.weight,db,10,-95.5579725727562,-94.47811729919829,-95.01804493597724,0,0.0,0.00234375,1280
bayesfl_observability_v1,ola_sparse_bayesian_keep010_seed42,155,ola,global,,,layers.1.weight,db,11,-94.47811729919829,-93.39826202564038,-93.93818966241933,0,0.0,0.00234375,1280
bayesfl_observability_v1,ola_sparse_bayesian_keep010_seed42,155,ola,global,,,layers.1.weight,db,12,-93.39826202564038,-92.31840675208247,-92.85833438886142,1,0.0007234765798067873,0.003125,1280
bayesfl_observability_v1,ola_sparse_bayesian_keep010_seed42,155,ola,global,,,layers.1.weight,db,13,-92.31840675208247,-91.23855147852456,-91.77847911530351,0,0.0,0.003125,1280
bayesfl_observability_v1,ola_sparse_bayesian_keep010_seed42,155,ola,global,,,layers.1.weight,db,14,-91.23855147852456,-90.15869620496665,-90.6986238417456,0,0.0,0.003125,1280
bayesfl_observability_v1,ola_sparse_bayesian_keep010_seed42,155,ola,global,,,layers.1.weight,db,15,-90.15869620496665,-89.07884093140873,-89.61876856818769,1,0.0007234765798067873,0.00390625,1280
bayesfl_observability_v1,ola_sparse_bayesian_keep010_seed42,155,ola,global,,,layers.1.weight,db,16,-89.07884093140873,-87.99898565785082,-88.53891329462978,1,0.0007234765798067873,0.0046875,1280
bayesfl_observability_v1,ola_sparse_bayesian_keep010_seed42,155,ola,global,,,layers.1.weight,db,17,-87.99898565785082,-86.91913038429291,-87.45905802107187,1,0.0007234765798067873,0.00546875,1280
bayesfl_observability_v1,ola_sparse_bayesian_keep010_seed42,155,ola,global,,,layers.1.weight,db,18,-86.91913038429291,-85.839275110735,-86.37920274751396,0,0.0,0.00546875,1280
bayesfl_observability_v1,ola_sparse_bayesian_keep010_seed42,155,ola,global,,,layers.1.weight,db,19,-85.839275110735,-84.75941983717709,-85.29934747395605,1,0.0007234765798067873,0.00625,1280
bayesfl_observability_v1,ola_sparse_bayesian_keep010_seed42,155,ola,global,,,layers.1.weight,db,20,-84.75941983717709,-83.67956456361918,-84.21949220039814,1,0.0007234765798067873,0.00703125,1280
bayesfl_observability_v1,ola_sparse_bayesian_keep010_seed42,155,ola,global,,,layers.1.weight,db,21,-83.67956456361918,-82.59970929006127,-83.13963692684023,1,0.0007234765798067873,0.0078125,1280
bayesfl_observability_v1,ola_sparse_bayesian_keep010_seed42,155,ola,global,,,layers.1.weight,db,22,-82.59970929006127,-81.51985401650336,-82.05978165328231,2,0.0014469531596135747,0.009375,1280
bayesfl_observability_v1,ola_sparse_bayesian_keep010_seed42,155,ola,global,,,layers.1.weight,db,23,-81.51985401650336,-80.43999874294545,-80.9799263797244,1,0.0007234765798067873,0.01015625,1280
bayesfl_observability_v1,ola_sparse_bayesian_keep010_seed42,155,ola,global,,,layers.1.weight,db,24,-80.43999874294545,-79.36014346938754,-79.9000711061665,1,0.0007234765798067873,0.0109375,1280
bayesfl_observability_v1,ola_sparse_bayesian_keep010_seed42,155,ola,global,,,layers.1.weight,db,25,-79.36014346938754,-78.28028819582963,-78.82021583260858,4,0.0028939063192271494,0.0140625,1280
bayesfl_observability_v1,ola_sparse_bayesian_keep010_seed42,155,ola,global,,,layers.1.weight,db,26,-78.28028819582963,-77.20043292227172,-77.74036055905067,3,0.002170429739420362,0.01640625,1280
bayesfl_observability_v1,ola_sparse_bayesian_keep010_seed42,155,ola,global,,,layers.1.weight,db,27,-77.20043292227172,-76.1205776487138,-76.66050528549276,1,0.0007234765798067873,0.0171875,1280
bayesfl_observability_v1,ola_sparse_bayesian_keep010_seed42,155,ola,global,,,layers.1.weight,db,28,-76.1205776487138,-75.0407223751559,-75.58065001193485,3,0.002170429739420362,0.01953125,1280
bayesfl_observability_v1,ola_sparse_bayesian_keep010_seed42,155,ola,global,,,layers.1.weight,db,29,-75.0407223751559,-73.96086710159798,-74.50079473837694,2,0.0014469531596135747,0.02109375,1280
bayesfl_observability_v1,ola_sparse_bayesian_keep010_seed42,155,ola,global,,,layers.1.weight,db,30,-73.96086710159798,-72.88101182804007,-73.42093946481903,1,0.0007234765798067873,0.021875,1280
bayesfl_observability_v1,ola_sparse_bayesian_keep010_seed42,155,ola,global,,,layers.1.weight,db,31,-72.88101182804007,-71.80115655448216,-72.34108419126112,2,0.0014469531596135747,0.0234375,1280
bayesfl_observability_v1,ola_sparse_bayesian_keep010_seed42,155,ola,global,,,layers.1.weight,db,32,-71.80115655448216,-70.72130128092425,-71.2612289177032,6,0.004340859478840724,0.028125,1280
bayesfl_observability_v1,ola_sparse_bayesian_keep010_seed42,155,ola,global,,,layers.1.weight,db,33,-70.72130128092425,-69.64144600736634,-70.1813736441453,5,0.003617382899033937,0.03203125,1280
bayesfl_observability_v1,ola_sparse_bayesian_keep010_seed42,155,ola,global,,,layers.1.weight,db,34,-69.64144600736634,-68.56159073380843,-69.10151837058739,7,0.005064336058647511,0.0375,1280
bayesfl_observability_v1,ola_sparse_bayesian_keep010_seed42,155,ola,global,,,layers.1.weight,db,35,-68.56159073380843,-67.48173546025052,-68.02166309702947,5,0.003617382899033937,0.04140625,1280
bayesfl_observability_v1,ola_sparse_bayesian_keep010_seed42,155,ola,global,,,layers.1.weight,db,36,-67.48173546025052,-66.40188018669261,-66.94180782347156,10,0.007234765798067874,0.04921875,1280
bayesfl_observability_v1,ola_sparse_bayesian_keep010_seed42,155,ola,global,,,layers.1.weight,db,37,-66.40188018669261,-65.3220249131347,-65.86195254991365,5,0.003617382899033937,0.053125,1280
bayesfl_observability_v1,ola_sparse_bayesian_keep010_seed42,155,ola,global,,,layers.1.weight,db,38,-65.3220249131347,-64.24216963957679,-64.78209727635574,11,0.007958242377874661,0.06171875,1280
bayesfl_observability_v1,ola_sparse_bayesian_keep010_seed42,155,ola,global,,,layers.1.weight,db,39,-64.24216963957679,-63.16231436601887,-63.70224200279783,4,0.0028939063192271303,0.06484375,1280
bayesfl_observability_v1,ola_sparse_bayesian_keep010_seed42,155,ola,global,,,layers.1.weight,db,40,-63.16231436601887,-62.08245909246096,-62.62238672923991,11,0.007958242377874661,0.0734375,1280
bayesfl_observability_v1,ola_sparse_bayesian_keep010_seed42,155,ola,global,,,layers.1.weight,db,41,-62.08245909246096,-61.00260381890305,-61.542531455682,14,0.010128672117295023,0.084375,1280
bayesfl_observability_v1,ola_sparse_bayesian_keep010_seed42,155,ola,global,,,layers.1.weight,db,42,-61.00260381890305,-59.92274854534514,-60.46267618212409,14,0.010128672117295023,0.0953125,1280
bayesfl_observability_v1,ola_sparse_bayesian_keep010_seed42,155,ola,global,,,layers.1.weight,db,43,-59.92274854534514,-58.842893271787226,-59.38282090856618,13,0.009405195537488236,0.10546875,1280
bayesfl_observability_v1,ola_sparse_bayesian_keep010_seed42,155,ola,global,,,layers.1.weight,db,44,-58.842893271787226,-57.763037998229315,-58.30296563500827,18,0.013022578436522173,0.11953125,1280
bayesfl_observability_v1,ola_sparse_bayesian_keep010_seed42,155,ola,global,,,layers.1.weight,db,45,-57.763037998229315,-56.683182724671404,-57.22311036145036,25,0.018086914495169682,0.1390625,1280
bayesfl_observability_v1,ola_sparse_bayesian_keep010_seed42,155,ola,global,,,layers.1.weight,db,46,-56.683182724671404,-55.60332745111349,-56.14325508789245,23,0.01663996133555611,0.15703125,1280
bayesfl_observability_v1,ola_sparse_bayesian_keep010_seed42,155,ola,global,,,layers.1.weight,db,47,-55.60332745111349,-54.523472177555576,-55.06339981433453,27,0.01953386765478313,0.178125,1280
bayesfl_observability_v1,ola_sparse_bayesian_keep010_seed42,155,ola,global,,,layers.1.weight,db,48,-54.523472177555576,-53.443616903997665,-53.98354454077662,33,0.023874727133623982,0.20390625,1280
bayesfl_observability_v1,ola_sparse_bayesian_keep010_seed42,155,ola,global,,,layers.1.weight,db,49,-53.443616903997665,-52.363761630439754,-52.90368926721871,28,0.020257344234590045,0.22578125,1280
bayesfl_observability_v1,ola_sparse_bayesian_keep010_seed42,155,ola,global,,,layers.1.weight,db,50,-52.363761630439754,-51.28390635688184,-51.8238339936608,29,0.020980820814396832,0.2484375,1280
bayesfl_observability_v1,ola_sparse_bayesian_keep010_seed42,155,ola,global,,,layers.1.weight,db,51,-51.28390635688184,-50.20405108332393,-50.74397872010289,43,0.031109492931691855,0.28203125,1280
bayesfl_observability_v1,ola_sparse_bayesian_keep010_seed42,155,ola,global,,,layers.1.weight,db,52,-50.20405108332393,-49.12419580976602,-49.66412344654498,45,0.03255644609130543,0.3171875,1280
bayesfl_observability_v1,ola_sparse_bayesian_keep010_seed42,155,ola,global,,,layers.1.weight,db,53,-49.12419580976602,-48.04434053620811,-48.584268172987066,36,0.026045156873044345,0.3453125,1280
bayesfl_observability_v1,ola_sparse_bayesian_keep010_seed42,155,ola,global,,,layers.1.weight,db,54,-48.04434053620811,-46.9644852626502,-47.504412899429155,54,0.03906773530956652,0.3875,1280
bayesfl_observability_v1,ola_sparse_bayesian_keep010_seed42,155,ola,global,,,layers.1.weight,db,55,-46.9644852626502,-45.88462998909229,-46.424557625871245,74,0.05353726690570226,0.4453125,1280
bayesfl_observability_v1,ola_sparse_bayesian_keep010_seed42,155,ola,global,,,layers.1.weight,db,56,-45.88462998909229,-44.80477471553438,-45.344702352313334,63,0.045579024527827604,0.49453125,1280
bayesfl_observability_v1,ola_sparse_bayesian_keep010_seed42,155,ola,global,,,layers.1.weight,db,57,-44.80477471553438,-43.72491944197647,-44.26484707875542,66,0.047749454267247964,0.54609375,1280
bayesfl_observability_v1,ola_sparse_bayesian_keep010_seed42,155,ola,global,,,layers.1.weight,db,58,-43.72491944197647,-42.64506416841856,-43.18499180519751,52,0.037620782149952944,0.58671875,1280
bayesfl_observability_v1,ola_sparse_bayesian_keep010_seed42,155,ola,global,,,layers.1.weight,db,59,-42.64506416841856,-41.565208894860646,-42.1051365316396,61,0.044132071368214024,0.634375,1280
bayesfl_observability_v1,ola_sparse_bayesian_keep010_seed42,155,ola,global,,,layers.1.weight,db,60,-41.565208894860646,-40.485353621302735,-41.02528125808169,67,0.04847293084705475,0.68671875,1280
bayesfl_observability_v1,ola_sparse_bayesian_keep010_seed42,155,ola,global,,,layers.1.weight,db,61,-40.485353621302735,-39.405498347744825,-39.94542598452378,52,0.037620782149952944,0.72734375,1280
bayesfl_observability_v1,ola_sparse_bayesian_keep010_seed42,155,ola,global,,,layers.1.weight,db,62,-39.405498347744825,-38.325643074186914,-38.86557071096587,52,0.037620782149952944,0.76796875,1280
bayesfl_observability_v1,ola_sparse_bayesian_keep010_seed42,155,ola,global,,,layers.1.weight,db,63,-38.325643074186914,-37.245787800629,-37.78571543740796,43,0.031109492931691855,0.8015625,1280
bayesfl_observability_v1,ola_sparse_bayesian_keep010_seed42,155,ola,global,,,layers.1.weight,db,64,-37.245787800629,-36.16593252707109,-36.70586016385005,48,0.03472687583072579,0.8390625,1280
bayesfl_observability_v1,ola_sparse_bayesian_keep010_seed42,155,ola,global,,,layers.1.weight,db,65,-36.16593252707109,-35.08607725351318,-35.62600489029214,41,0.02966253977207828,0.87109375,1280
bayesfl_observability_v1,ola_sparse_bayesian_keep010_seed42,155,ola,global,,,layers.1.weight,db,66,-35.08607725351318,-34.00622197995527,-34.546149616734226,39,0.028215586612464705,0.9015625,1280
bayesfl_observability_v1,ola_sparse_bayesian_keep010_seed42,155,ola,global,,,layers.1.weight,db,67,-34.00622197995527,-32.92636670639736,-33.466294343176315,26,0.018810391074976472,0.921875,1280
bayesfl_observability_v1,ola_sparse_bayesian_keep010_seed42,155,ola,global,,,layers.1.weight,db,68,-32.92636670639736,-31.84651143283945,-32.386439069618405,25,0.018086914495169682,0.94140625,1280
bayesfl_observability_v1,ola_sparse_bayesian_keep010_seed42,155,ola,global,,,layers.1.weight,db,69,-31.84651143283945,-30.76665615928154,-31.306583796060494,12,0.008681718957681448,0.95078125,1280
bayesfl_observability_v1,ola_sparse_bayesian_keep010_seed42,155,ola,global,,,layers.1.weight,db,70,-30.76665615928154,-29.686800885723628,-30.226728522502583,16,0.011575625276908598,0.96328125,1280
bayesfl_observability_v1,ola_sparse_bayesian_keep010_seed42,155,ola,global,,,layers.1.weight,db,71,-29.686800885723628,-28.606945612165717,-29.146873248944672,16,0.011575625276908598,0.97578125,1280
bayesfl_observability_v1,ola_sparse_bayesian_keep010_seed42,155,ola,global,,,layers.1.weight,db,72,-28.606945612165717,-27.527090338607806,-28.06701797538676,7,0.005064336058647511,0.98125,1280
bayesfl_observability_v1,ola_sparse_bayesian_keep010_seed42,155,ola,global,,,layers.1.weight,db,73,-27.527090338607806,-26.447235065049895,-26.98716270182885,7,0.005064336058647511,0.98671875,1280
bayesfl_observability_v1,ola_sparse_bayesian_keep010_seed42,155,ola,global,,,layers.1.weight,db,74,-26.447235065049895,-25.367379791491985,-25.90730742827094,3,0.002170429739420362,0.9890625,1280
bayesfl_observability_v1,ola_sparse_bayesian_keep010_seed42,155,ola,global,,,layers.1.weight,db,75,-25.367379791491985,-24.287524517934074,-24.82745215471303,3,0.002170429739420362,0.99140625,1280
bayesfl_observability_v1,ola_sparse_bayesian_keep010_seed42,155,ola,global,,,layers.1.weight,db,76,-24.287524517934074,-23.207669244376163,-23.74759688115512,8,0.005787812638454299,0.99765625,1280
bayesfl_observability_v1,ola_sparse_bayesian_keep010_seed42,155,ola,global,,,layers.1.weight,db,77,-23.207669244376163,-22.127813970818252,-22.667741607597208,0,0.0,0.99765625,1280
bayesfl_observability_v1,ola_sparse_bayesian_keep010_seed42,155,ola,global,,,layers.1.weight,db,78,-22.127813970818252,-21.04795869726034,-21.587886334039297,1,0.0007234765798067873,0.9984375,1280
bayesfl_observability_v1,ola_sparse_bayesian_keep010_seed42,155,ola,global,,,layers.1.weight,db,79,-21.04795869726034,-19.96810342370243,-20.508031060481386,2,0.0014469531596135747,1.0,1280
bayesfl_observability_v1,ola_sparse_bayesian_keep010_seed42,155,ola,global,,,layers.1.bias,raw,0,0.00027321345947345485,0.0004039706586914866,0.0003385920590824707,2,1529.552492681562,0.2,10
bayesfl_observability_v1,ola_sparse_bayesian_keep010_seed42,155,ola,global,,,layers.1.bias,raw,1,0.0004039706586914866,0.0005347278579095182,0.0004693492583005024,1,764.7762463407815,0.3,10
bayesfl_observability_v1,ola_sparse_bayesian_keep010_seed42,155,ola,global,,,layers.1.bias,raw,2,0.0005347278579095182,0.0006654850571275499,0.0006001064575185341,1,764.776246340781,0.4,10
bayesfl_observability_v1,ola_sparse_bayesian_keep010_seed42,155,ola,global,,,layers.1.bias,raw,3,0.0006654850571275499,0.0007962422563455817,0.0007308636567365657,0,0.0,0.4,10
bayesfl_observability_v1,ola_sparse_bayesian_keep010_seed42,155,ola,global,,,layers.1.bias,raw,4,0.0007962422563455817,0.0009269994555636134,0.0008616208559545976,0,0.0,0.4,10
bayesfl_observability_v1,ola_sparse_bayesian_keep010_seed42,155,ola,global,,,layers.1.bias,raw,5,0.0009269994555636134,0.0010577566547816451,0.0009923780551726292,1,764.776246340781,0.5,10
bayesfl_observability_v1,ola_sparse_bayesian_keep010_seed42,155,ola,global,,,layers.1.bias,raw,6,0.0010577566547816451,0.0011885138539996767,0.0011231352543906608,0,0.0,0.5,10
bayesfl_observability_v1,ola_sparse_bayesian_keep010_seed42,155,ola,global,,,layers.1.bias,raw,7,0.0011885138539996767,0.0013192710532177084,0.0012538924536086926,0,0.0,0.5,10
bayesfl_observability_v1,ola_sparse_bayesian_keep010_seed42,155,ola,global,,,layers.1.bias,raw,8,0.0013192710532177084,0.0014500282524357402,0.0013846496528267243,0,0.0,0.5,10
bayesfl_observability_v1,ola_sparse_bayesian_keep010_seed42,155,ola,global,,,layers.1.bias,raw,9,0.0014500282524357402,0.001580785451653772,0.001515406852044756,0,0.0,0.5,10
bayesfl_observability_v1,ola_sparse_bayesian_keep010_seed42,155,ola,global,,,layers.1.bias,raw,10,0.001580785451653772,0.0017115426508718034,0.0016461640512627877,0,0.0,0.5,10
bayesfl_observability_v1,ola_sparse_bayesian_keep010_seed42,155,ola,global,,,layers.1.bias,raw,11,0.0017115426508718034,0.0018422998500898353,0.0017769212504808193,1,764.7762463407803,0.6,10
bayesfl_observability_v1,ola_sparse_bayesian_keep010_seed42,155,ola,global,,,layers.1.bias,raw,12,0.0018422998500898353,0.001973057049307867,0.0019076784496988512,0,0.0,0.6,10
bayesfl_observability_v1,ola_sparse_bayesian_keep010_seed42,155,ola,global,,,layers.1.bias,raw,13,0.001973057049307867,0.0021038142485258985,0.002038435648916883,0,0.0,0.6,10
bayesfl_observability_v1,ola_sparse_bayesian_keep010_seed42,155,ola,global,,,layers.1.bias,raw,14,0.0021038142485258985,0.0022345714477439303,0.002169192848134914,0,0.0,0.6,10
bayesfl_observability_v1,ola_sparse_bayesian_keep010_seed42,155,ola,global,,,layers.1.bias,raw,15,0.0022345714477439303,0.002365328646961962,0.0022999500473529465,0,0.0,0.6,10
bayesfl_observability_v1,ola_sparse_bayesian_keep010_seed42,155,ola,global,,,layers.1.bias,raw,16,0.002365328646961962,0.002496085846179994,0.002430707246570978,0,0.0,0.6,10
bayesfl_observability_v1,ola_sparse_bayesian_keep010_seed42,155,ola,global,,,layers.1.bias,raw,17,0.002496085846179994,0.0026268430453980254,0.0025614644457890097,0,0.0,0.6,10
bayesfl_observability_v1,ola_sparse_bayesian_keep010_seed42,155,ola,global,,,layers.1.bias,raw,18,0.0026268430453980254,0.0027576002446160573,0.0026922216450070416,0,0.0,0.6,10
bayesfl_observability_v1,ola_sparse_bayesian_keep010_seed42,155,ola,global,,,layers.1.bias,raw,19,0.0027576002446160573,0.002888357443834089,0.002822978844225073,0,0.0,0.6,10
bayesfl_observability_v1,ola_sparse_bayesian_keep010_seed42,155,ola,global,,,layers.1.bias,raw,20,0.002888357443834089,0.0030191146430521205,0.002953736043443105,0,0.0,0.6,10
bayesfl_observability_v1,ola_sparse_bayesian_keep010_seed42,155,ola,global,,,layers.1.bias,raw,21,0.0030191146430521205,0.0031498718422701523,0.0030844932426611366,0,0.0,0.6,10
bayesfl_observability_v1,ola_sparse_bayesian_keep010_seed42,155,ola,global,,,layers.1.bias,raw,22,0.0031498718422701523,0.003280629041488184,0.003215250441879168,0,0.0,0.6,10
bayesfl_observability_v1,ola_sparse_bayesian_keep010_seed42,155,ola,global,,,layers.1.bias,raw,23,0.003280629041488184,0.0034113862407062156,0.0033460076410972,0,0.0,0.6,10
bayesfl_observability_v1,ola_sparse_bayesian_keep010_seed42,155,ola,global,,,layers.1.bias,raw,24,0.0034113862407062156,0.0035421434399242474,0.0034767648403152317,0,0.0,0.6,10
bayesfl_observability_v1,ola_sparse_bayesian_keep010_seed42,155,ola,global,,,layers.1.bias,raw,25,0.0035421434399242474,0.0036729006391422792,0.003607522039533263,0,0.0,0.6,10
bayesfl_observability_v1,ola_sparse_bayesian_keep010_seed42,155,ola,global,,,layers.1.bias,raw,26,0.0036729006391422792,0.003803657838360311,0.0037382792387512954,0,0.0,0.6,10
bayesfl_observability_v1,ola_sparse_bayesian_keep010_seed42,155,ola,global,,,layers.1.bias,raw,27,0.003803657838360311,0.0039344150375783425,0.0038690364379693268,0,0.0,0.6,10
bayesfl_observability_v1,ola_sparse_bayesian_keep010_seed42,155,ola,global,,,layers.1.bias,raw,28,0.0039344150375783425,0.004065172236796374,0.003999793637187358,0,0.0,0.6,10
bayesfl_observability_v1,ola_sparse_bayesian_keep010_seed42,155,ola,global,,,layers.1.bias,raw,29,0.004065172236796374,0.004195929436014405,0.00413055083640539,0,0.0,0.6,10
bayesfl_observability_v1,ola_sparse_bayesian_keep010_seed42,155,ola,global,,,layers.1.bias,raw,30,0.004195929436014405,0.0043266866352324376,0.004261308035623421,0,0.0,0.6,10
bayesfl_observability_v1,ola_sparse_bayesian_keep010_seed42,155,ola,global,,,layers.1.bias,raw,31,0.0043266866352324376,0.004457443834450469,0.004392065234841453,0,0.0,0.6,10
bayesfl_observability_v1,ola_sparse_bayesian_keep010_seed42,155,ola,global,,,layers.1.bias,raw,32,0.004457443834450469,0.0045882010336685,0.004522822434059485,0,0.0,0.6,10
bayesfl_observability_v1,ola_sparse_bayesian_keep010_seed42,155,ola,global,,,layers.1.bias,raw,33,0.0045882010336685,0.004718958232886533,0.004653579633277517,0,0.0,0.6,10
bayesfl_observability_v1,ola_sparse_bayesian_keep010_seed42,155,ola,global,,,layers.1.bias,raw,34,0.004718958232886533,0.004849715432104564,0.004784336832495548,0,0.0,0.6,10
bayesfl_observability_v1,ola_sparse_bayesian_keep010_seed42,155,ola,global,,,layers.1.bias,raw,35,0.004849715432104564,0.0049804726313225954,0.00491509403171358,0,0.0,0.6,10
bayesfl_observability_v1,ola_sparse_bayesian_keep010_seed42,155,ola,global,,,layers.1.bias,raw,36,0.0049804726313225954,0.005111229830540628,0.005045851230931611,0,0.0,0.6,10
bayesfl_observability_v1,ola_sparse_bayesian_keep010_seed42,155,ola,global,,,layers.1.bias,raw,37,0.005111229830540628,0.005241987029758659,0.005176608430149643,0,0.0,0.6,10
bayesfl_observability_v1,ola_sparse_bayesian_keep010_seed42,155,ola,global,,,layers.1.bias,raw,38,0.005241987029758659,0.0053727442289766905,0.005307365629367675,1,764.7762463407828,0.7,10
bayesfl_observability_v1,ola_sparse_bayesian_keep010_seed42,155,ola,global,,,layers.1.bias,raw,39,0.0053727442289766905,0.005503501428194723,0.005438122828585707,0,0.0,0.7,10
bayesfl_observability_v1,ola_sparse_bayesian_keep010_seed42,155,ola,global,,,layers.1.bias,raw,40,0.005503501428194723,0.005634258627412754,0.0055688800278037385,1,764.7762463407828,0.8,10
bayesfl_observability_v1,ola_sparse_bayesian_keep010_seed42,155,ola,global,,,layers.1.bias,raw,41,0.005634258627412754,0.005765015826630786,0.00569963722702177,0,0.0,0.8,10
bayesfl_observability_v1,ola_sparse_bayesian_keep010_seed42,155,ola,global,,,layers.1.bias,raw,42,0.005765015826630786,0.005895773025848818,0.005830394426239801,1,764.7762463407778,0.9,10
bayesfl_observability_v1,ola_sparse_bayesian_keep010_seed42,155,ola,global,,,layers.1.bias,raw,43,0.005895773025848818,0.006026530225066849,0.0059611516254578336,0,0.0,0.9,10
bayesfl_observability_v1,ola_sparse_bayesian_keep010_seed42,155,ola,global,,,layers.1.bias,raw,44,0.006026530225066849,0.006157287424284881,0.006091908824675865,0,0.0,0.9,10
bayesfl_observability_v1,ola_sparse_bayesian_keep010_seed42,155,ola,global,,,layers.1.bias,raw,45,0.006157287424284881,0.006288044623502913,0.006222666023893897,0,0.0,0.9,10
bayesfl_observability_v1,ola_sparse_bayesian_keep010_seed42,155,ola,global,,,layers.1.bias,raw,46,0.006288044623502913,0.006418801822720944,0.006353423223111929,0,0.0,0.9,10
bayesfl_observability_v1,ola_sparse_bayesian_keep010_seed42,155,ola,global,,,layers.1.bias,raw,47,0.006418801822720944,0.006549559021938976,0.00648418042232996,0,0.0,0.9,10
bayesfl_observability_v1,ola_sparse_bayesian_keep010_seed42,155,ola,global,,,layers.1.bias,raw,48,0.006549559021938976,0.006680316221157008,0.0066149376215479914,0,0.0,0.9,10
bayesfl_observability_v1,ola_sparse_bayesian_keep010_seed42,155,ola,global,,,layers.1.bias,raw,49,0.006680316221157008,0.006811073420375039,0.006745694820766024,0,0.0,0.9,10
bayesfl_observability_v1,ola_sparse_bayesian_keep010_seed42,155,ola,global,,,layers.1.bias,raw,50,0.006811073420375039,0.006941830619593072,0.006876452019984056,0,0.0,0.9,10
bayesfl_observability_v1,ola_sparse_bayesian_keep010_seed42,155,ola,global,,,layers.1.bias,raw,51,0.006941830619593072,0.007072587818811103,0.007007209219202087,0,0.0,0.9,10
bayesfl_observability_v1,ola_sparse_bayesian_keep010_seed42,155,ola,global,,,layers.1.bias,raw,52,0.007072587818811103,0.0072033450180291345,0.007137966418420119,0,0.0,0.9,10
bayesfl_observability_v1,ola_sparse_bayesian_keep010_seed42,155,ola,global,,,layers.1.bias,raw,53,0.0072033450180291345,0.007334102217247167,0.00726872361763815,0,0.0,0.9,10
bayesfl_observability_v1,ola_sparse_bayesian_keep010_seed42,155,ola,global,,,layers.1.bias,raw,54,0.007334102217247167,0.007464859416465198,0.0073994808168561825,0,0.0,0.9,10
bayesfl_observability_v1,ola_sparse_bayesian_keep010_seed42,155,ola,global,,,layers.1.bias,raw,55,0.007464859416465198,0.00759561661568323,0.007530238016074214,0,0.0,0.9,10
bayesfl_observability_v1,ola_sparse_bayesian_keep010_seed42,155,ola,global,,,layers.1.bias,raw,56,0.00759561661568323,0.007726373814901262,0.007660995215292246,0,0.0,0.9,10
bayesfl_observability_v1,ola_sparse_bayesian_keep010_seed42,155,ola,global,,,layers.1.bias,raw,57,0.007726373814901262,0.007857131014119294,0.0077917524145102775,0,0.0,0.9,10
bayesfl_observability_v1,ola_sparse_bayesian_keep010_seed42,155,ola,global,,,layers.1.bias,raw,58,0.007857131014119294,0.007987888213337326,0.007922509613728309,0,0.0,0.9,10
bayesfl_observability_v1,ola_sparse_bayesian_keep010_seed42,155,ola,global,,,layers.1.bias,raw,59,0.007987888213337326,0.008118645412555357,0.008053266812946342,0,0.0,0.9,10
bayesfl_observability_v1,ola_sparse_bayesian_keep010_seed42,155,ola,global,,,layers.1.bias,raw,60,0.008118645412555357,0.008249402611773388,0.008184024012164372,0,0.0,0.9,10
bayesfl_observability_v1,ola_sparse_bayesian_keep010_seed42,155,ola,global,,,layers.1.bias,raw,61,0.008249402611773388,0.008380159810991421,0.008314781211382405,0,0.0,0.9,10
bayesfl_observability_v1,ola_sparse_bayesian_keep010_seed42,155,ola,global,,,layers.1.bias,raw,62,0.008380159810991421,0.008510917010209453,0.008445538410600438,0,0.0,0.9,10
bayesfl_observability_v1,ola_sparse_bayesian_keep010_seed42,155,ola,global,,,layers.1.bias,raw,63,0.008510917010209453,0.008641674209427484,0.008576295609818468,0,0.0,0.9,10
bayesfl_observability_v1,ola_sparse_bayesian_keep010_seed42,155,ola,global,,,layers.1.bias,raw,64,0.008641674209427484,0.008772431408645516,0.0087070528090365,0,0.0,0.9,10
bayesfl_observability_v1,ola_sparse_bayesian_keep010_seed42,155,ola,global,,,layers.1.bias,raw,65,0.008772431408645516,0.008903188607863547,0.00883781000825453,0,0.0,0.9,10
bayesfl_observability_v1,ola_sparse_bayesian_keep010_seed42,155,ola,global,,,layers.1.bias,raw,66,0.008903188607863547,0.00903394580708158,0.008968567207472564,0,0.0,0.9,10
bayesfl_observability_v1,ola_sparse_bayesian_keep010_seed42,155,ola,global,,,layers.1.bias,raw,67,0.00903394580708158,0.009164703006299612,0.009099324406690597,0,0.0,0.9,10
bayesfl_observability_v1,ola_sparse_bayesian_keep010_seed42,155,ola,global,,,layers.1.bias,raw,68,0.009164703006299612,0.009295460205517643,0.009230081605908626,0,0.0,0.9,10
bayesfl_observability_v1,ola_sparse_bayesian_keep010_seed42,155,ola,global,,,layers.1.bias,raw,69,0.009295460205517643,0.009426217404735674,0.00936083880512666,0,0.0,0.9,10
bayesfl_observability_v1,ola_sparse_bayesian_keep010_seed42,155,ola,global,,,layers.1.bias,raw,70,0.009426217404735674,0.009556974603953706,0.00949159600434469,0,0.0,0.9,10
bayesfl_observability_v1,ola_sparse_bayesian_keep010_seed42,155,ola,global,,,layers.1.bias,raw,71,0.009556974603953706,0.009687731803171737,0.009622353203562722,0,0.0,0.9,10
bayesfl_observability_v1,ola_sparse_bayesian_keep010_seed42,155,ola,global,,,layers.1.bias,raw,72,0.009687731803171737,0.00981848900238977,0.009753110402780754,0,0.0,0.9,10
bayesfl_observability_v1,ola_sparse_bayesian_keep010_seed42,155,ola,global,,,layers.1.bias,raw,73,0.00981848900238977,0.009949246201607802,0.009883867601998785,0,0.0,0.9,10
bayesfl_observability_v1,ola_sparse_bayesian_keep010_seed42,155,ola,global,,,layers.1.bias,raw,74,0.009949246201607802,0.010080003400825833,0.010014624801216818,0,0.0,0.9,10
bayesfl_observability_v1,ola_sparse_bayesian_keep010_seed42,155,ola,global,,,layers.1.bias,raw,75,0.010080003400825833,0.010210760600043865,0.010145382000434848,0,0.0,0.9,10
bayesfl_observability_v1,ola_sparse_bayesian_keep010_seed42,155,ola,global,,,layers.1.bias,raw,76,0.010210760600043865,0.010341517799261896,0.010276139199652881,0,0.0,0.9,10
bayesfl_observability_v1,ola_sparse_bayesian_keep010_seed42,155,ola,global,,,layers.1.bias,raw,77,0.010341517799261896,0.010472274998479927,0.01040689639887091,0,0.0,0.9,10
bayesfl_observability_v1,ola_sparse_bayesian_keep010_seed42,155,ola,global,,,layers.1.bias,raw,78,0.010472274998479927,0.01060303219769796,0.010537653598088944,0,0.0,0.9,10
bayesfl_observability_v1,ola_sparse_bayesian_keep010_seed42,155,ola,global,,,layers.1.bias,raw,79,0.01060303219769796,0.010733789396915992,0.010668410797306977,1,764.7762463407828,1.0,10
bayesfl_observability_v1,ola_sparse_bayesian_keep010_seed42,155,ola,global,,,layers.1.bias,db,0,-71.2699581594485,-70.87139541496313,-71.07067678720583,1,0.25090152399748317,0.1,10
bayesfl_observability_v1,ola_sparse_bayesian_keep010_seed42,155,ola,global,,,layers.1.bias,db,1,-70.87139541496313,-70.47283267047776,-70.67211404272044,0,0.0,0.1,10
bayesfl_observability_v1,ola_sparse_bayesian_keep010_seed42,155,ola,global,,,layers.1.bias,db,2,-70.47283267047776,-70.07426992599238,-70.27355129823508,0,0.0,0.1,10
bayesfl_observability_v1,ola_sparse_bayesian_keep010_seed42,155,ola,global,,,layers.1.bias,db,3,-70.07426992599238,-69.67570718150701,-69.87498855374969,1,0.25090152399748317,0.2,10
bayesfl_observability_v1,ola_sparse_bayesian_keep010_seed42,155,ola,global,,,layers.1.bias,db,4,-69.67570718150701,-69.27714443702163,-69.47642580926433,0,0.0,0.2,10
bayesfl_observability_v1,ola_sparse_bayesian_keep010_seed42,155,ola,global,,,layers.1.bias,db,5,-69.27714443702163,-68.87858169253627,-69.07786306477895,0,0.0,0.2,10
bayesfl_observability_v1,ola_sparse_bayesian_keep010_seed42,155,ola,global,,,layers.1.bias,db,6,-68.87858169253627,-68.4800189480509,-68.67930032029358,0,0.0,0.2,10
bayesfl_observability_v1,ola_sparse_bayesian_keep010_seed42,155,ola,global,,,layers.1.bias,db,7,-68.4800189480509,-68.08145620356552,-68.28073757580822,0,0.0,0.2,10
bayesfl_observability_v1,ola_sparse_bayesian_keep010_seed42,155,ola,global,,,layers.1.bias,db,8,-68.08145620356552,-67.68289345908015,-67.88217483132283,1,0.25090152399748317,0.3,10
bayesfl_observability_v1,ola_sparse_bayesian_keep010_seed42,155,ola,global,,,layers.1.bias,db,9,-67.68289345908015,-67.28433071459477,-67.48361208683747,0,0.0,0.3,10
bayesfl_observability_v1,ola_sparse_bayesian_keep010_seed42,155,ola,global,,,layers.1.bias,db,10,-67.28433071459477,-66.8857679701094,-67.08504934235208,0,0.0,0.3,10
bayesfl_observability_v1,ola_sparse_bayesian_keep010_seed42,155,ola,global,,,layers.1.bias,db,11,-66.8857679701094,-66.48720522562402,-66.68648659786672,0,0.0,0.3,10
bayesfl_observability_v1,ola_sparse_bayesian_keep010_seed42,155,ola,global,,,layers.1.bias,db,12,-66.48720522562402,-66.08864248113865,-66.28792385338133,0,0.0,0.3,10
bayesfl_observability_v1,ola_sparse_bayesian_keep010_seed42,155,ola,global,,,layers.1.bias,db,13,-66.08864248113865,-65.69007973665327,-65.88936110889597,0,0.0,0.3,10
bayesfl_observability_v1,ola_sparse_bayesian_keep010_seed42,155,ola,global,,,layers.1.bias,db,14,-65.69007973665327,-65.2915169921679,-65.49079836441058,0,0.0,0.3,10
bayesfl_observability_v1,ola_sparse_bayesian_keep010_seed42,155,ola,global,,,layers.1.bias,db,15,-65.2915169921679,-64.89295424768252,-65.09223561992522,0,0.0,0.3,10
bayesfl_observability_v1,ola_sparse_bayesian_keep010_seed42,155,ola,global,,,layers.1.bias,db,16,-64.89295424768252,-64.49439150319716,-64.69367287543984,0,0.0,0.3,10
bayesfl_observability_v1,ola_sparse_bayesian_keep010_seed42,155,ola,global,,,layers.1.bias,db,17,-64.49439150319716,-64.09582875871179,-64.29511013095447,1,0.25090152399748317,0.4,10
bayesfl_observability_v1,ola_sparse_bayesian_keep010_seed42,155,ola,global,,,layers.1.bias,db,18,-64.09582875871179,-63.697266014226415,-63.8965473864691,0,0.0,0.4,10
bayesfl_observability_v1,ola_sparse_bayesian_keep010_seed42,155,ola,global,,,layers.1.bias,db,19,-63.697266014226415,-63.29870326974104,-63.49798464198373,0,0.0,0.4,10
bayesfl_observability_v1,ola_sparse_bayesian_keep010_seed42,155,ola,global,,,layers.1.bias,db,20,-63.29870326974104,-62.900140525255665,-63.09942189749835,0,0.0,0.4,10
bayesfl_observability_v1,ola_sparse_bayesian_keep010_seed42,155,ola,global,,,layers.1.bias,db,21,-62.900140525255665,-62.50157778077029,-62.70085915301298,0,0.0,0.4,10
bayesfl_observability_v1,ola_sparse_bayesian_keep010_seed42,155,ola,global,,,layers.1.bias,db,22,-62.50157778077029,-62.103015036284916,-62.3022964085276,0,0.0,0.4,10
bayesfl_observability_v1,ola_sparse_bayesian_keep010_seed42,155,ola,global,,,layers.1.bias,db,23,-62.103015036284916,-61.70445229179954,-61.90373366404223,0,0.0,0.4,10
bayesfl_observability_v1,ola_sparse_bayesian_keep010_seed42,155,ola,global,,,layers.1.bias,db,24,-61.70445229179954,-61.30588954731417,-61.50517091955686,0,0.0,0.4,10
bayesfl_observability_v1,ola_sparse_bayesian_keep010_seed42,155,ola,global,,,layers.1.bias,db,25,-61.30588954731417,-60.9073268028288,-61.106608175071486,0,0.0,0.4,10
bayesfl_observability_v1,ola_sparse_bayesian_keep010_seed42,155,ola,global,,,layers.1.bias,db,26,-60.9073268028288,-60.508764058343424,-60.70804543058611,0,0.0,0.4,10
bayesfl_observability_v1,ola_sparse_bayesian_keep010_seed42,155,ola,global,,,layers.1.bias,db,27,-60.508764058343424,-60.11020131385805,-60.309482686100736,0,0.0,0.4,10
bayesfl_observability_v1,ola_sparse_bayesian_keep010_seed42,155,ola,global,,,layers.1.bias,db,28,-60.11020131385805,-59.71163856937268,-59.91091994161536,1,0.2509015239974876,0.5,10
bayesfl_observability_v1,ola_sparse_bayesian_keep010_seed42,155,ola,global,,,layers.1.bias,db,29,-59.71163856937268,-59.31307582488731,-59.512357197129994,0,0.0,0.5,10
bayesfl_observability_v1,ola_sparse_bayesian_keep010_seed42,155,ola,global,,,layers.1.bias,db,30,-59.31307582488731,-58.91451308040193,-59.11379445264462,0,0.0,0.5,10
bayesfl_observability_v1,ola_sparse_bayesian_keep010_seed42,155,ola,global,,,layers.1.bias,db,31,-58.91451308040193,-58.51595033591656,-58.715231708159244,0,0.0,0.5,10
bayesfl_observability_v1,ola_sparse_bayesian_keep010_seed42,155,ola,global,,,layers.1.bias,db,32,-58.51595033591656,-58.11738759143118,-58.31666896367387,0,0.0,0.5,10
bayesfl_observability_v1,ola_sparse_bayesian_keep010_seed42,155,ola,global,,,layers.1.bias,db,33,-58.11738759143118,-57.71882484694581,-57.918106219188495,0,0.0,0.5,10
bayesfl_observability_v1,ola_sparse_bayesian_keep010_seed42,155,ola,global,,,layers.1.bias,db,34,-57.71882484694581,-57.32026210246043,-57.51954347470312,0,0.0,0.5,10
bayesfl_observability_v1,ola_sparse_bayesian_keep010_seed42,155,ola,global,,,layers.1.bias,db,35,-57.32026210246043,-56.921699357975065,-57.12098073021775,0,0.0,0.5,10
bayesfl_observability_v1,ola_sparse_bayesian_keep010_seed42,155,ola,global,,,layers.1.bias,db,36,-56.921699357975065,-56.52313661348969,-56.72241798573238,0,0.0,0.5,10
bayesfl_observability_v1,ola_sparse_bayesian_keep010_seed42,155,ola,global,,,layers.1.bias,db,37,-56.52313661348969,-56.124573869004315,-56.323855241247,0,0.0,0.5,10
bayesfl_observability_v1,ola_sparse_bayesian_keep010_seed42,155,ola,global,,,layers.1.bias,db,38,-56.124573869004315,-55.72601112451894,-55.92529249676163,0,0.0,0.5,10
bayesfl_observability_v1,ola_sparse_bayesian_keep010_seed42,155,ola,global,,,layers.1.bias,db,39,-55.72601112451894,-55.32744838003357,-55.52672975227625,0,0.0,0.5,10
bayesfl_observability_v1,ola_sparse_bayesian_keep010_seed42,155,ola,global,,,layers.1.bias,db,40,-55.32744838003357,-54.9288856355482,-55.128167007790886,1,0.25090152399748317,0.6,10
bayesfl_observability_v1,ola_sparse_bayesian_keep010_seed42,155,ola,global,,,layers.1.bias,db,41,-54.9288856355482,-54.53032289106282,-54.72960426330551,0,0.0,0.6,10
bayesfl_observability_v1,ola_sparse_bayesian_keep010_seed42,155,ola,global,,,layers.1.bias,db,42,-54.53032289106282,-54.13176014657745,-54.331041518820136,0,0.0,0.6,10
bayesfl_observability_v1,ola_sparse_bayesian_keep010_seed42,155,ola,global,,,layers.1.bias,db,43,-54.13176014657745,-53.733197402092074,-53.93247877433476,0,0.0,0.6,10
bayesfl_observability_v1,ola_sparse_bayesian_keep010_seed42,155,ola,global,,,layers.1.bias,db,44,-53.733197402092074,-53.3346346576067,-53.53391602984939,0,0.0,0.6,10
bayesfl_observability_v1,ola_sparse_bayesian_keep010_seed42,155,ola,global,,,layers.1.bias,db,45,-53.3346346576067,-52.936071913121324,-53.13535328536401,0,0.0,0.6,10
bayesfl_observability_v1,ola_sparse_bayesian_keep010_seed42,155,ola,global,,,layers.1.bias,db,46,-52.936071913121324,-52.53750916863596,-52.736790540878644,0,0.0,0.6,10
bayesfl_observability_v1,ola_sparse_bayesian_keep010_seed42,155,ola,global,,,layers.1.bias,db,47,-52.53750916863596,-52.13894642415058,-52.33822779639327,0,0.0,0.6,10
bayesfl_observability_v1,ola_sparse_bayesian_keep010_seed42,155,ola,global,,,layers.1.bias,db,48,-52.13894642415058,-51.74038367966521,-51.939665051907895,0,0.0,0.6,10
bayesfl_observability_v1,ola_sparse_bayesian_keep010_seed42,155,ola,global,,,layers.1.bias,db,49,-51.74038367966521,-51.34182093517984,-51.54110230742252,0,0.0,0.6,10
bayesfl_observability_v1,ola_sparse_bayesian_keep010_seed42,155,ola,global,,,layers.1.bias,db,50,-51.34182093517984,-50.943258190694465,-51.14253956293715,0,0.0,0.6,10
bayesfl_observability_v1,ola_sparse_bayesian_keep010_seed42,155,ola,global,,,layers.1.bias,db,51,-50.943258190694465,-50.54469544620909,-50.74397681845178,0,0.0,0.6,10
bayesfl_observability_v1,ola_sparse_bayesian_keep010_seed42,155,ola,global,,,layers.1.bias,db,52,-50.54469544620909,-50.146132701723715,-50.3454140739664,0,0.0,0.6,10
bayesfl_observability_v1,ola_sparse_bayesian_keep010_seed42,155,ola,global,,,layers.1.bias,db,53,-50.146132701723715,-49.74756995723834,-49.94685132948103,0,0.0,0.6,10
bayesfl_observability_v1,ola_sparse_bayesian_keep010_seed42,155,ola,global,,,layers.1.bias,db,54,-49.74756995723834,-49.349007212752966,-49.54828858499565,0,0.0,0.6,10
bayesfl_observability_v1,ola_sparse_bayesian_keep010_seed42,155,ola,global,,,layers.1.bias,db,55,-49.349007212752966,-48.95044446826759,-49.14972584051028,0,0.0,0.6,10
bayesfl_observability_v1,ola_sparse_bayesian_keep010_seed42,155,ola,global,,,layers.1.bias,db,56,-48.95044446826759,-48.551881723782216,-48.751163096024904,0,0.0,0.6,10
bayesfl_observability_v1,ola_sparse_bayesian_keep010_seed42,155,ola,global,,,layers.1.bias,db,57,-48.551881723782216,-48.15331897929685,-48.352600351539536,0,0.0,0.6,10
bayesfl_observability_v1,ola_sparse_bayesian_keep010_seed42,155,ola,global,,,layers.1.bias,db,58,-48.15331897929685,-47.754756234811474,-47.95403760705416,0,0.0,0.6,10
bayesfl_observability_v1,ola_sparse_bayesian_keep010_seed42,155,ola,global,,,layers.1.bias,db,59,-47.754756234811474,-47.3561934903261,-47.555474862568786,0,0.0,0.6,10
bayesfl_observability_v1,ola_sparse_bayesian_keep010_seed42,155,ola,global,,,layers.1.bias,db,60,-47.3561934903261,-46.95763074584073,-47.15691211808341,0,0.0,0.6,10
bayesfl_observability_v1,ola_sparse_bayesian_keep010_seed42,155,ola,global,,,layers.1.bias,db,61,-46.95763074584073,-46.55906800135536,-46.758349373598044,0,0.0,0.6,10
bayesfl_observability_v1,ola_sparse_bayesian_keep010_seed42,155,ola,global,,,layers.1.bias,db,62,-46.55906800135536,-46.16050525686998,-46.35978662911267,0,0.0,0.6,10
bayesfl_observability_v1,ola_sparse_bayesian_keep010_seed42,155,ola,global,,,layers.1.bias,db,63,-46.16050525686998,-45.76194251238461,-45.961223884627294,0,0.0,0.6,10
bayesfl_observability_v1,ola_sparse_bayesian_keep010_seed42,155,ola,global,,,layers.1.bias,db,64,-45.76194251238461,-45.36337976789923,-45.56266114014192,1,0.25090152399748317,0.7,10
bayesfl_observability_v1,ola_sparse_bayesian_keep010_seed42,155,ola,global,,,layers.1.bias,db,65,-45.36337976789923,-44.96481702341386,-45.164098395656545,1,0.25090152399748317,0.8,10
bayesfl_observability_v1,ola_sparse_bayesian_keep010_seed42,155,ola,global,,,layers.1.bias,db,66,-44.96481702341386,-44.56625427892848,-44.76553565117117,1,0.25090152399748317,0.9,10
bayesfl_observability_v1,ola_sparse_bayesian_keep010_seed42,155,ola,global,,,layers.1.bias,db,67,-44.56625427892848,-44.167691534443115,-44.3669729066858,0,0.0,0.9,10
bayesfl_observability_v1,ola_sparse_bayesian_keep010_seed42,155,ola,global,,,layers.1.bias,db,68,-44.167691534443115,-43.76912878995774,-43.96841016220043,0,0.0,0.9,10
bayesfl_observability_v1,ola_sparse_bayesian_keep010_seed42,155,ola,global,,,layers.1.bias,db,69,-43.76912878995774,-43.370566045472366,-43.56984741771505,0,0.0,0.9,10
bayesfl_observability_v1,ola_sparse_bayesian_keep010_seed42,155,ola,global,,,layers.1.bias,db,70,-43.370566045472366,-42.972003300987,-43.17128467322968,0,0.0,0.9,10
bayesfl_observability_v1,ola_sparse_bayesian_keep010_seed42,155,ola,global,,,layers.1.bias,db,71,-42.972003300987,-42.57344055650162,-42.77272192874431,0,0.0,0.9,10
bayesfl_observability_v1,ola_sparse_bayesian_keep010_seed42,155,ola,global,,,layers.1.bias,db,72,-42.57344055650162,-42.17487781201625,-42.374159184258936,0,0.0,0.9,10
bayesfl_observability_v1,ola_sparse_bayesian_keep010_seed42,155,ola,global,,,layers.1.bias,db,73,-42.17487781201625,-41.776315067530874,-41.97559643977356,0,0.0,0.9,10
bayesfl_observability_v1,ola_sparse_bayesian_keep010_seed42,155,ola,global,,,layers.1.bias,db,74,-41.776315067530874,-41.3777523230455,-41.577033695288186,0,0.0,0.9,10
bayesfl_observability_v1,ola_sparse_bayesian_keep010_seed42,155,ola,global,,,layers.1.bias,db,75,-41.3777523230455,-40.979189578560124,-41.17847095080281,0,0.0,0.9,10
bayesfl_observability_v1,ola_sparse_bayesian_keep010_seed42,155,ola,global,,,layers.1.bias,db,76,-40.979189578560124,-40.58062683407475,-40.77990820631744,0,0.0,0.9,10
bayesfl_observability_v1,ola_sparse_bayesian_keep010_seed42,155,ola,global,,,layers.1.bias,db,77,-40.58062683407475,-40.182064089589375,-40.38134546183206,0,0.0,0.9,10
bayesfl_observability_v1,ola_sparse_bayesian_keep010_seed42,155,ola,global,,,layers.1.bias,db,78,-40.182064089589375,-39.78350134510401,-39.982782717346694,0,0.0,0.9,10
bayesfl_observability_v1,ola_sparse_bayesian_keep010_seed42,155,ola,global,,,layers.1.bias,db,79,-39.78350134510401,-39.38493860061863,-39.58421997286132,1,0.25090152399748317,1.0,10
bayesfl_observability_v1,ola_sparse_bayesian_keep010_seed42,160,ola,global,,,all,raw,0,1.6513451894523062e-08,0.001506347605224608,0.0007531820593382512,85925,560.5047868769477,0.8443057875601847,101770
bayesfl_observability_v1,ola_sparse_bayesian_keep010_seed42,160,ola,global,,,all,raw,1,0.001506347605224608,0.0030126786969973214,0.0022595131511109648,13673,89.19152692427706,0.9786577576889064,101770
bayesfl_observability_v1,ola_sparse_bayesian_keep010_seed42,160,ola,global,,,all,raw,2,0.0030126786969973214,0.004519009788770035,0.003765844242883678,1346,8.780208823233886,0.9918836592316007,101770
bayesfl_observability_v1,ola_sparse_bayesian_keep010_seed42,160,ola,global,,,all,raw,3,0.004519009788770035,0.006025340880542748,0.005272175334656392,180,1.1741735424829864,0.9936523533457797,101770
bayesfl_observability_v1,ola_sparse_bayesian_keep010_seed42,160,ola,global,,,all,raw,4,0.006025340880542748,0.007531671972315461,0.006778506426429104,121,0.789305548002452,0.9948413088336445,101770
bayesfl_observability_v1,ola_sparse_bayesian_keep010_seed42,160,ola,global,,,all,raw,5,0.007531671972315461,0.009038003064088175,0.008284837518201818,87,0.5675172122001098,0.9956961776554977,101770
bayesfl_observability_v1,ola_sparse_bayesian_keep010_seed42,160,ola,global,,,all,raw,6,0.009038003064088175,0.010544334155860887,0.009791168609974532,76,0.4957621623817057,0.9964429596148178,101770
bayesfl_observability_v1,ola_sparse_bayesian_keep010_seed42,160,ola,global,,,all,raw,7,0.010544334155860887,0.012050665247633601,0.011297499701747244,58,0.37834480813340654,0.9970128721627198,101770
bayesfl_observability_v1,ola_sparse_bayesian_keep010_seed42,160,ola,global,,,all,raw,8,0.012050665247633601,0.013556996339406316,0.012803830793519958,42,0.27397382657936337,0.9974255674560283,101770
bayesfl_observability_v1,ola_sparse_bayesian_keep010_seed42,160,ola,global,,,all,raw,9,0.013556996339406316,0.015063327431179028,0.01431016188529267,50,0.3261593173563853,0.9979168713766335,101770
bayesfl_observability_v1,ola_sparse_bayesian_keep010_seed42,160,ola,global,,,all,raw,10,0.015063327431179028,0.016569658522951742,0.015816492977065385,25,0.16307965867819246,0.9981625233369362,101770
bayesfl_observability_v1,ola_sparse_bayesian_keep010_seed42,160,ola,global,,,all,raw,11,0.016569658522951742,0.018075989614724456,0.0173228240688381,31,0.20221877676095865,0.9984671317677115,101770
bayesfl_observability_v1,ola_sparse_bayesian_keep010_seed42,160,ola,global,,,all,raw,12,0.018075989614724456,0.01958232070649717,0.018829155160610813,24,0.15655647233106476,0.998702957649602,101770
bayesfl_observability_v1,ola_sparse_bayesian_keep010_seed42,160,ola,global,,,all,raw,13,0.01958232070649717,0.02108865179826988,0.020335486252383524,15,0.0978477952069157,0.9988503488257836,101770
bayesfl_observability_v1,ola_sparse_bayesian_keep010_seed42,160,ola,global,,,all,raw,14,0.02108865179826988,0.022594982890042595,0.021841817344156238,16,0.10437098155404317,0.9990075660803773,101770
bayesfl_observability_v1,ola_sparse_bayesian_keep010_seed42,160,ola,global,,,all,raw,15,0.022594982890042595,0.02410131398181531,0.023348148435928952,11,0.07175504981840468,0.9991156529429105,101770
bayesfl_observability_v1,ola_sparse_bayesian_keep010_seed42,160,ola,global,,,all,raw,16,0.02410131398181531,0.025607645073588023,0.024854479527701666,12,0.07827823616553238,0.9992335658838557,101770
bayesfl_observability_v1,ola_sparse_bayesian_keep010_seed42,160,ola,global,,,all,raw,17,0.025607645073588023,0.027113976165360737,0.02636081061947438,7,0.04566230442989389,0.9993023484327405,101770
bayesfl_observability_v1,ola_sparse_bayesian_keep010_seed42,160,ola,global,,,all,raw,18,0.027113976165360737,0.028620307257133448,0.027867141711247094,2,0.013046372694255426,0.9993220005895647,101770
bayesfl_observability_v1,ola_sparse_bayesian_keep010_seed42,160,ola,global,,,all,raw,19,0.028620307257133448,0.03012663834890616,0.029373472803019805,10,0.06523186347127699,0.9994202613736858,101770
bayesfl_observability_v1,ola_sparse_bayesian_keep010_seed42,160,ola,global,,,all,raw,20,0.03012663834890616,0.03163296944067888,0.030879803894792522,7,0.04566230442989378,0.9994890439225705,101770
bayesfl_observability_v1,ola_sparse_bayesian_keep010_seed42,160,ola,global,,,all,raw,21,0.03163296944067888,0.03313930053245159,0.032386134986565236,5,0.032615931735638495,0.999538174314631,101770
bayesfl_observability_v1,ola_sparse_bayesian_keep010_seed42,160,ola,global,,,all,raw,22,0.03313930053245159,0.03464563162422431,0.03389246607833795,11,0.07175504981840468,0.9996462611771642,101770
bayesfl_observability_v1,ola_sparse_bayesian_keep010_seed42,160,ola,global,,,all,raw,23,0.03464563162422431,0.03615196271599702,0.035398797170110664,2,0.013046372694255397,0.9996659133339884,101770
bayesfl_observability_v1,ola_sparse_bayesian_keep010_seed42,160,ola,global,,,all,raw,24,0.03615196271599702,0.037658293807769735,0.03690512826188338,1,0.006523186347127698,0.9996757394124005,101770
bayesfl_observability_v1,ola_sparse_bayesian_keep010_seed42,160,ola,global,,,all,raw,25,0.037658293807769735,0.03916462489954245,0.03841145935365609,3,0.019569559041383095,0.9997052176476369,101770
bayesfl_observability_v1,ola_sparse_bayesian_keep010_seed42,160,ola,global,,,all,raw,26,0.03916462489954245,0.04067095599131516,0.0399177904454288,3,0.019569559041383185,0.9997346958828731,101770
bayesfl_observability_v1,ola_sparse_bayesian_keep010_seed42,160,ola,global,,,all,raw,27,0.04067095599131516,0.04217728708308787,0.041424121537201514,3,0.019569559041383095,0.9997641741181095,101770
bayesfl_observability_v1,ola_sparse_bayesian_keep010_seed42,160,ola,global,,,all,raw,28,0.04217728708308787,0.043683618174860585,0.04293045262897423,2,0.013046372694255397,0.9997838262749337,101770
bayesfl_observability_v1,ola_sparse_bayesian_keep010_seed42,160,ola,global,,,all,raw,29,0.043683618174860585,0.0451899492666333,0.04443678372074694,3,0.019569559041383095,0.99981330451017,101770
bayesfl_observability_v1,ola_sparse_bayesian_keep010_seed42,160,ola,global,,,all,raw,30,0.0451899492666333,0.04669628035840601,0.045943114812519656,2,0.013046372694255397,0.9998329566669942,101770
bayesfl_observability_v1,ola_sparse_bayesian_keep010_seed42,160,ola,global,,,all,raw,31,0.04669628035840601,0.04820261145017873,0.04744944590429237,0,0.0,0.9998329566669942,101770
bayesfl_observability_v1,ola_sparse_bayesian_keep010_seed42,160,ola,global,,,all,raw,32,0.04820261145017873,0.04970894254195144,0.048955776996065084,2,0.013046372694255397,0.9998526088238184,101770
bayesfl_observability_v1,ola_sparse_bayesian_keep010_seed42,160,ola,global,,,all,raw,33,0.04970894254195144,0.051215273633724155,0.0504621080878378,0,0.0,0.9998526088238184,101770
bayesfl_observability_v1,ola_sparse_bayesian_keep010_seed42,160,ola,global,,,all,raw,34,0.051215273633724155,0.05272160472549687,0.05196843917961051,0,0.0,0.9998526088238184,101770
bayesfl_observability_v1,ola_sparse_bayesian_keep010_seed42,160,ola,global,,,all,raw,35,0.05272160472549687,0.05422793581726958,0.053474770271383226,1,0.006523186347127698,0.9998624349022305,101770
bayesfl_observability_v1,ola_sparse_bayesian_keep010_seed42,160,ola,global,,,all,raw,36,0.05422793581726958,0.0557342669090423,0.05498110136315594,2,0.013046372694255397,0.9998820870590547,101770
bayesfl_observability_v1,ola_sparse_bayesian_keep010_seed42,160,ola,global,,,all,raw,37,0.0557342669090423,0.057240598000815004,0.056487432454928654,0,0.0,0.9998820870590547,101770
bayesfl_observability_v1,ola_sparse_bayesian_keep010_seed42,160,ola,global,,,all,raw,38,0.057240598000815004,0.05874692909258772,0.05799376354670136,0,0.0,0.9998820870590547,101770
bayesfl_observability_v1,ola_sparse_bayesian_keep010_seed42,160,ola,global,,,all,raw,39,0.05874692909258772,0.06025326018436043,0.059500094638474076,1,0.006523186347127698,0.9998919131374668,101770
bayesfl_observability_v1,ola_sparse_bayesian_keep010_seed42,160,ola,global,,,all,raw,40,0.06025326018436043,0.06175959127613315,0.06100642573024679,0,0.0,0.9998919131374668,101770
bayesfl_observability_v1,ola_sparse_bayesian_keep010_seed42,160,ola,global,,,all,raw,41,0.06175959127613315,0.06326592236790586,0.06251275682201951,4,0.026092745388510794,0.9999312174511152,101770
bayesfl_observability_v1,ola_sparse_bayesian_keep010_seed42,160,ola,global,,,all,raw,42,0.06326592236790586,0.06477225345967857,0.06401908791379221,0,0.0,0.9999312174511152,101770
bayesfl_observability_v1,ola_sparse_bayesian_keep010_seed42,160,ola,global,,,all,raw,43,0.06477225345967857,0.06627858455145129,0.06552541900556494,0,0.0,0.9999312174511152,101770
bayesfl_observability_v1,ola_sparse_bayesian_keep010_seed42,160,ola,global,,,all,raw,44,0.06627858455145129,0.067784915643224,0.06703175009733764,2,0.013046372694255397,0.9999508696079394,101770
bayesfl_observability_v1,ola_sparse_bayesian_keep010_seed42,160,ola,global,,,all,raw,45,0.067784915643224,0.06929124673499672,0.06853808118911037,0,0.0,0.9999508696079394,101770
bayesfl_observability_v1,ola_sparse_bayesian_keep010_seed42,160,ola,global,,,all,raw,46,0.06929124673499672,0.07079757782676943,0.07004441228088307,1,0.006523186347127698,0.9999606956863516,101770
bayesfl_observability_v1,ola_sparse_bayesian_keep010_seed42,160,ola,global,,,all,raw,47,0.07079757782676943,0.07230390891854215,0.0715507433726558,0,0.0,0.9999606956863516,101770
bayesfl_observability_v1,ola_sparse_bayesian_keep010_seed42,160,ola,global,,,all,raw,48,0.07230390891854215,0.07381024001031486,0.0730570744644285,1,0.006523186347127698,0.9999705217647636,101770
bayesfl_observability_v1,ola_sparse_bayesian_keep010_seed42,160,ola,global,,,all,raw,49,0.07381024001031486,0.07531657110208757,0.07456340555620122,0,0.0,0.9999705217647636,101770
bayesfl_observability_v1,ola_sparse_bayesian_keep010_seed42,160,ola,global,,,all,raw,50,0.07531657110208757,0.07682290219386029,0.07606973664797392,0,0.0,0.9999705217647636,101770
bayesfl_observability_v1,ola_sparse_bayesian_keep010_seed42,160,ola,global,,,all,raw,51,0.07682290219386029,0.078329233285633,0.07757606773974665,1,0.006523186347127698,0.9999803478431758,101770
bayesfl_observability_v1,ola_sparse_bayesian_keep010_seed42,160,ola,global,,,all,raw,52,0.078329233285633,0.07983556437740572,0.07908239883151935,0,0.0,0.9999803478431758,101770
bayesfl_observability_v1,ola_sparse_bayesian_keep010_seed42,160,ola,global,,,all,raw,53,0.07983556437740572,0.08134189546917842,0.08058872992329207,0,0.0,0.9999803478431758,101770
bayesfl_observability_v1,ola_sparse_bayesian_keep010_seed42,160,ola,global,,,all,raw,54,0.08134189546917842,0.08284822656095113,0.08209506101506478,0,0.0,0.9999803478431758,101770
bayesfl_observability_v1,ola_sparse_bayesian_keep010_seed42,160,ola,global,,,all,raw,55,0.08284822656095113,0.08435455765272384,0.08360139210683748,0,0.0,0.9999803478431758,101770
bayesfl_observability_v1,ola_sparse_bayesian_keep010_seed42,160,ola,global,,,all,raw,56,0.08435455765272384,0.08586088874449656,0.08510772319861021,0,0.0,0.9999803478431758,101770
bayesfl_observability_v1,ola_sparse_bayesian_keep010_seed42,160,ola,global,,,all,raw,57,0.08586088874449656,0.08736721983626927,0.08661405429038291,0,0.0,0.9999803478431758,101770
bayesfl_observability_v1,ola_sparse_bayesian_keep010_seed42,160,ola,global,,,all,raw,58,0.08736721983626927,0.08887355092804199,0.08812038538215564,0,0.0,0.9999803478431758,101770
bayesfl_observability_v1,ola_sparse_bayesian_keep010_seed42,160,ola,global,,,all,raw,59,0.08887355092804199,0.0903798820198147,0.08962671647392834,0,0.0,0.9999803478431758,101770
bayesfl_observability_v1,ola_sparse_bayesian_keep010_seed42,160,ola,global,,,all,raw,60,0.0903798820198147,0.09188621311158741,0.09113304756570106,0,0.0,0.9999803478431758,101770
bayesfl_observability_v1,ola_sparse_bayesian_keep010_seed42,160,ola,global,,,all,raw,61,0.09188621311158741,0.09339254420336013,0.09263937865747376,1,0.006523186347127698,0.9999901739215878,101770
bayesfl_observability_v1,ola_sparse_bayesian_keep010_seed42,160,ola,global,,,all,raw,62,0.09339254420336013,0.09489887529513284,0.09414570974924649,0,0.0,0.9999901739215878,101770
bayesfl_observability_v1,ola_sparse_bayesian_keep010_seed42,160,ola,global,,,all,raw,63,0.09489887529513284,0.09640520638690556,0.09565204084101919,0,0.0,0.9999901739215878,101770
bayesfl_observability_v1,ola_sparse_bayesian_keep010_seed42,160,ola,global,,,all,raw,64,0.09640520638690556,0.09791153747867827,0.09715837193279192,0,0.0,0.9999901739215878,101770
bayesfl_observability_v1,ola_sparse_bayesian_keep010_seed42,160,ola,global,,,all,raw,65,0.09791153747867827,0.09941786857045098,0.09866470302456462,0,0.0,0.9999901739215878,101770
bayesfl_observability_v1,ola_sparse_bayesian_keep010_seed42,160,ola,global,,,all,raw,66,0.09941786857045098,0.1009241996622237,0.10017103411633735,0,0.0,0.9999901739215878,101770
bayesfl_observability_v1,ola_sparse_bayesian_keep010_seed42,160,ola,global,,,all,raw,67,0.1009241996622237,0.10243053075399641,0.10167736520811005,0,0.0,0.9999901739215878,101770
bayesfl_observability_v1,ola_sparse_bayesian_keep010_seed42,160,ola,global,,,all,raw,68,0.10243053075399641,0.10393686184576913,0.10318369629988278,0,0.0,0.9999901739215878,101770
bayesfl_observability_v1,ola_sparse_bayesian_keep010_seed42,160,ola,global,,,all,raw,69,0.10393686184576913,0.10544319293754184,0.10469002739165548,0,0.0,0.9999901739215878,101770
bayesfl_observability_v1,ola_sparse_bayesian_keep010_seed42,160,ola,global,,,all,raw,70,0.10544319293754184,0.10694952402931455,0.1061963584834282,0,0.0,0.9999901739215878,101770
bayesfl_observability_v1,ola_sparse_bayesian_keep010_seed42,160,ola,global,,,all,raw,71,0.10694952402931455,0.10845585512108727,0.1077026895752009,0,0.0,0.9999901739215878,101770
bayesfl_observability_v1,ola_sparse_bayesian_keep010_seed42,160,ola,global,,,all,raw,72,0.10845585512108727,0.10996218621285998,0.10920902066697363,0,0.0,0.9999901739215878,101770
bayesfl_observability_v1,ola_sparse_bayesian_keep010_seed42,160,ola,global,,,all,raw,73,0.10996218621285998,0.1114685173046327,0.11071535175874633,0,0.0,0.9999901739215878,101770
bayesfl_observability_v1,ola_sparse_bayesian_keep010_seed42,160,ola,global,,,all,raw,74,0.1114685173046327,0.1129748483964054,0.11222168285051905,0,0.0,0.9999901739215878,101770
bayesfl_observability_v1,ola_sparse_bayesian_keep010_seed42,160,ola,global,,,all,raw,75,0.1129748483964054,0.11448117948817811,0.11372801394229176,0,0.0,0.9999901739215878,101770
bayesfl_observability_v1,ola_sparse_bayesian_keep010_seed42,160,ola,global,,,all,raw,76,0.11448117948817811,0.11598751057995083,0.11523434503406446,0,0.0,0.9999901739215878,101770
bayesfl_observability_v1,ola_sparse_bayesian_keep010_seed42,160,ola,global,,,all,raw,77,0.11598751057995083,0.11749384167172354,0.11674067612583719,0,0.0,0.9999901739215878,101770
bayesfl_observability_v1,ola_sparse_bayesian_keep010_seed42,160,ola,global,,,all,raw,78,0.11749384167172354,0.11900017276349625,0.11824700721760989,0,0.0,0.9999901739215878,101770
bayesfl_observability_v1,ola_sparse_bayesian_keep010_seed42,160,ola,global,,,all,raw,79,0.11900017276349625,0.12050650385526897,0.11975333830938262,1,0.006523186347127698,1.0,101770
bayesfl_observability_v1,ola_sparse_bayesian_keep010_seed42,160,ola,global,,,all,db,0,-155.6427167145156,-153.92693013387165,-154.78482342419363,2,1.1453730344968654e-05,1.9652156824211458e-05,101770
bayesfl_observability_v1,ola_sparse_bayesian_keep010_seed42,160,ola,global,,,all,db,1,-153.92693013387165,-152.21114355322769,-153.06903684354967,1,5.726865172484232e-06,2.9478235236317185e-05,101770
bayesfl_observability_v1,ola_sparse_bayesian_keep010_seed42,160,ola,global,,,all,db,2,-152.21114355322769,-150.49535697258375,-151.3532502629057,1,5.726865172484327e-06,3.9304313648422916e-05,101770
bayesfl_observability_v1,ola_sparse_bayesian_keep010_seed42,160,ola,global,,,all,db,3,-150.49535697258375,-148.77957039193979,-149.63746368226177,0,0.0,3.9304313648422916e-05,101770
bayesfl_observability_v1,ola_sparse_bayesian_keep010_seed42,160,ola,global,,,all,db,4,-148.77957039193979,-147.06378381129585,-147.92167710161783,4,2.290746068993731e-05,7.860862729684583e-05,101770
bayesfl_observability_v1,ola_sparse_bayesian_keep010_seed42,160,ola,global,,,all,db,5,-147.06378381129585,-145.3479972306519,-146.20589052097387,2,1.1453730344968654e-05,9.826078412105728e-05,101770
bayesfl_observability_v1,ola_sparse_bayesian_keep010_seed42,160,ola,global,,,all,db,6,-145.3479972306519,-143.63221065000795,-144.49010394032993,1,5.726865172484232e-06,0.00010808686253316301,101770
bayesfl_observability_v1,ola_sparse_bayesian_keep010_seed42,160,ola,global,,,all,db,7,-143.63221065000795,-141.916424069364,-142.774317359686,1,5.726865172484327e-06,0.00011791294094526874,101770
bayesfl_observability_v1,ola_sparse_bayesian_keep010_seed42,160,ola,global,,,all,db,8,-141.916424069364,-140.20063748872005,-141.05853077904203,1,5.726865172484232e-06,0.00012773901935737446,101770
bayesfl_observability_v1,ola_sparse_bayesian_keep010_seed42,160,ola,global,,,all,db,9,-140.20063748872005,-138.4848509080761,-139.34274419839807,1,5.726865172484327e-06,0.0001375650977694802,101770
bayesfl_observability_v1,ola_sparse_bayesian_keep010_seed42,160,ola,global,,,all,db,10,-138.4848509080761,-136.76906432743218,-137.62695761775416,1,5.726865172484327e-06,0.00014739117618158592,101770
bayesfl_observability_v1,ola_sparse_bayesian_keep010_seed42,160,ola,global,,,all,db,11,-136.76906432743218,-135.0532777467882,-135.9111710371102,1,5.726865172484232e-06,0.00015721725459369166,101770
bayesfl_observability_v1,ola_sparse_bayesian_keep010_seed42,160,ola,global,,,all,db,12,-135.0532777467882,-133.33749116614428,-134.19538445646623,3,1.7180595517452982e-05,0.00018669548983000884,101770
bayesfl_observability_v1,ola_sparse_bayesian_keep010_seed42,160,ola,global,,,all,db,13,-133.33749116614428,-131.6217045855003,-132.4795978758223,7,4.008805620738963e-05,0.0002554780387147489,101770
bayesfl_observability_v1,ola_sparse_bayesian_keep010_seed42,160,ola,global,,,all,db,14,-131.6217045855003,-129.90591800485637,-130.76381129517836,5,2.8634325862421635e-05,0.0003046084307752776,101770
bayesfl_observability_v1,ola_sparse_bayesian_keep010_seed42,160,ola,global,,,all,db,15,-129.90591800485637,-128.19013142421244,-129.0480247145344,2,1.1453730344968654e-05,0.000324260587599489,101770
bayesfl_observability_v1,ola_sparse_bayesian_keep010_seed42,160,ola,global,,,all,db,16,-128.19013142421244,-126.47434484356847,-127.33223813389046,3,1.7180595517452698e-05,0.00035373882283580625,101770
bayesfl_observability_v1,ola_sparse_bayesian_keep010_seed42,160,ola,global,,,all,db,17,-126.47434484356847,-124.75855826292454,-125.6164515532465,15,8.59029775872649e-05,0.0005011299990173921,101770
bayesfl_observability_v1,ola_sparse_bayesian_keep010_seed42,160,ola,global,,,all,db,18,-124.75855826292454,-123.04277168228059,-123.90066497260256,13,7.444924724229563e-05,0.0006288690183747667,101770
bayesfl_observability_v1,ola_sparse_bayesian_keep010_seed42,160,ola,global,,,all,db,19,-123.04277168228059,-121.32698510163664,-122.18487839195862,11,6.299551689732707e-05,0.0007369558809079297,101770
bayesfl_observability_v1,ola_sparse_bayesian_keep010_seed42,160,ola,global,,,all,db,20,-121.32698510163664,-119.6111985209927,-120.46909181131467,9,5.154178655235894e-05,0.0008253905866168812,101770
bayesfl_observability_v1,ola_sparse_bayesian_keep010_seed42,160,ola,global,,,all,db,21,-119.6111985209927,-117.89541194034874,-118.75330523067072,17,9.735670793223195e-05,0.0009924339196226786,101770
bayesfl_observability_v1,ola_sparse_bayesian_keep010_seed42,160,ola,global,,,all,db,22,-117.89541194034874,-116.1796253597048,-117.03751865002677,16,9.162984275974923e-05,0.0011496511742163703,101770
bayesfl_observability_v1,ola_sparse_bayesian_keep010_seed42,160,ola,global,,,all,db,23,-116.1796253597048,-114.46383877906085,-115.32173206938282,31,0.00017753282034701264,0.0014542596049916478,101770
bayesfl_observability_v1,ola_sparse_bayesian_keep010_seed42,160,ola,global,,,all,db,24,-114.46383877906085,-112.7480521984169,-113.60594548873888,28,0.0001603522248295598,0.0017293898005306082,101770
bayesfl_observability_v1,ola_sparse_bayesian_keep010_seed42,160,ola,global,,,all,db,25,-112.7480521984169,-111.03226561777296,-111.89015890809493,40,0.00022907460689937308,0.0021224329370148373,101770
bayesfl_observability_v1,ola_sparse_bayesian_keep010_seed42,160,ola,global,,,all,db,26,-111.03226561777296,-109.316479037129,-110.17437232745098,43,0.000246255202416822,0.0025449543087353835,101770
bayesfl_observability_v1,ola_sparse_bayesian_keep010_seed42,160,ola,global,,,all,db,27,-109.316479037129,-107.60069245648506,-108.45858574680703,53,0.0003035238541416693,0.0030657364645769875,101770
bayesfl_observability_v1,ola_sparse_bayesian_keep010_seed42,160,ola,global,,,all,db,28,-107.60069245648506,-105.88490587584111,-106.74279916616308,62,0.0003550656406940253,0.0036749533261275424,101770
bayesfl_observability_v1,ola_sparse_bayesian_keep010_seed42,160,ola,global,,,all,db,29,-105.88490587584111,-104.16911929519716,-105.02701258551915,74,0.00042378802276383663,0.0044020831286233665,101770
bayesfl_observability_v1,ola_sparse_bayesian_keep010_seed42,160,ola,global,,,all,db,30,-104.16911929519716,-102.45333271455323,-103.3112260048752,96,0.0005497790565584954,0.005345386656185516,101770
bayesfl_observability_v1,ola_sparse_bayesian_keep010_seed42,160,ola,global,,,all,db,31,-102.45333271455323,-100.73754613390926,-101.59543942423124,110,0.0006299551689732656,0.006426255281517147,101770
bayesfl_observability_v1,ola_sparse_bayesian_keep010_seed42,160,ola,global,,,all,db,32,-100.73754613390926,-99.02175955326533,-99.8796528435873,135,0.0007731267982853841,0.00775277586715142,101770
bayesfl_observability_v1,ola_sparse_bayesian_keep010_seed42,160,ola,global,,,all,db,33,-99.02175955326533,-97.30597297262138,-98.16386626294334,142,0.0008132148544927676,0.009148079001670433,101770
bayesfl_observability_v1,ola_sparse_bayesian_keep010_seed42,160,ola,global,,,all,db,34,-97.30597297262138,-95.59018639197743,-96.44807968229941,214,0.0012255491469116357,0.011250859781861059,101770
bayesfl_observability_v1,ola_sparse_bayesian_keep010_seed42,160,ola,global,,,all,db,35,-95.59018639197743,-93.87439981133349,-94.73229310165546,250,0.0014317162931210816,0.013707379384887492,101770
bayesfl_observability_v1,ola_sparse_bayesian_keep010_seed42,160,ola,global,,,all,db,36,-93.87439981133349,-92.15861323068953,-93.01650652101151,315,0.0018039625293325332,0.016802594084700796,101770
bayesfl_observability_v1,ola_sparse_bayesian_keep010_seed42,160,ola,global,,,all,db,37,-92.15861323068953,-90.44282665004559,-91.30071994036756,357,0.002044490866576905,0.02031050407782254,101770
bayesfl_observability_v1,ola_sparse_bayesian_keep010_seed42,160,ola,global,,,all,db,38,-90.44282665004559,-88.72704006940164,-89.5849333597236,453,0.0025942699231353786,0.024761717598506434,101770
bayesfl_observability_v1,ola_sparse_bayesian_keep010_seed42,160,ola,global,,,all,db,39,-88.72704006940164,-87.01125348875769,-87.86914677907967,523,0.002995150485209278,0.029900756608037732,101770
bayesfl_observability_v1,ola_sparse_bayesian_keep010_seed42,160,ola,global,,,all,db,40,-87.01125348875769,-85.29546690811374,-86.1533601984357,658,0.0037682772834946557,0.036366316203203304,101770
bayesfl_observability_v1,ola_sparse_bayesian_keep010_seed42,160,ola,global,,,all,db,41,-85.29546690811374,-83.5796803274698,-84.43757361779177,812,0.004650214520057273,0.044345091873833155,101770
bayesfl_observability_v1,ola_sparse_bayesian_keep010_seed42,160,ola,global,,,all,db,42,-83.5796803274698,-81.86389374682585,-82.72178703714783,961,0.005503517430757392,0.05378795322786676,101770
bayesfl_observability_v1,ola_sparse_bayesian_keep010_seed42,160,ola,global,,,all,db,43,-81.86389374682585,-80.1481071661819,-81.00600045650387,1248,0.00714712773526038,0.0660508990861747,101770
bayesfl_observability_v1,ola_sparse_bayesian_keep010_seed42,160,ola,global,,,all,db,44,-80.1481071661819,-78.43232058553795,-79.29021387585993,1475,0.008447126129414312,0.08054436474403066,101770
bayesfl_observability_v1,ola_sparse_bayesian_keep010_seed42,160,ola,global,,,all,db,45,-78.43232058553795,-76.716534004894,-77.57442729521597,1788,0.010239634928401891,0.0981133929448757,101770
bayesfl_observability_v1,ola_sparse_bayesian_keep010_seed42,160,ola,global,,,all,db,46,-76.716534004894,-75.00074742425006,-75.85864071457203,2151,0.012318486986013786,0.11924928760931512,101770
bayesfl_observability_v1,ola_sparse_bayesian_keep010_seed42,160,ola,global,,,all,db,47,-75.00074742425006,-73.28496084360611,-74.1428541339281,2674,0.015313637471222963,0.14552422128328585,101770
bayesfl_observability_v1,ola_sparse_bayesian_keep010_seed42,160,ola,global,,,all,db,48,-73.28496084360611,-71.56917426296216,-72.42706755328413,3177,0.018194250652982556,0.17674167239854574,101770
bayesfl_observability_v1,ola_sparse_bayesian_keep010_seed42,160,ola,global,,,all,db,49,-71.56917426296216,-69.85338768231821,-70.7112809726402,4022,0.023033451723731772,0.21626215977203497,101770
bayesfl_observability_v1,ola_sparse_bayesian_keep010_seed42,160,ola,global,,,all,db,50,-69.85338768231821,-68.13760110167426,-68.99549439199623,4773,0.027334327468267465,0.26316203203301564,101770
bayesfl_observability_v1,ola_sparse_bayesian_keep010_seed42,160,ola,global,,,all,db,51,-68.13760110167426,-66.42181452103033,-67.2797078113523,5838,0.0334334388769635,0.32052667780288885,101770
bayesfl_observability_v1,ola_sparse_bayesian_keep010_seed42,160,ola,global,,,all,db,52,-66.42181452103033,-64.70602794038638,-65.56392123070836,7110,0.040718011376363224,0.3903900953129606,101770
bayesfl_observability_v1,ola_sparse_bayesian_keep010_seed42,160,ola,global,,,all,db,53,-64.70602794038638,-62.99024135974243,-63.8481346500644,8643,0.04949729568578162,0.47531689102879043,101770
bayesfl_observability_v1,ola_sparse_bayesian_keep010_seed42,160,ola,global,,,all,db,54,-62.99024135974243,-61.27445477909848,-62.13234806942045,10164,0.058207857613130215,0.575189152009433,101770
bayesfl_observability_v1,ola_sparse_bayesian_keep010_seed42,160,ola,global,,,all,db,55,-61.27445477909848,-59.55866819845453,-60.4165614887765,12397,0.07099594754328761,0.6970030460843077,101770
bayesfl_observability_v1,ola_sparse_bayesian_keep010_seed42,160,ola,global,,,all,db,56,-59.55866819845453,-57.84288161781059,-58.70077490813256,9848,0.05639816821862565,0.793770266286725,101770
bayesfl_observability_v1,ola_sparse_bayesian_keep010_seed42,160,ola,global,,,all,db,57,-57.84288161781059,-56.12709503716664,-56.984988327488615,6151,0.0352259476759508,0.8542104745995873,101770
bayesfl_observability_v1,ola_sparse_bayesian_keep010_seed42,160,ola,global,,,all,db,58,-56.12709503716664,-54.41130845652269,-55.269201746844665,5265,0.03015194513312973,0.905944777439324,101770
bayesfl_observability_v1,ola_sparse_bayesian_keep010_seed42,160,ola,global,,,all,db,59,-54.41130845652269,-52.69552187587874,-53.553415166200715,4067,0.023291160656493563,0.9459074383413579,101770
bayesfl_observability_v1,ola_sparse_bayesian_keep010_seed42,160,ola,global,,,all,db,60,-52.69552187587874,-50.97973529523479,-51.837628585556764,2761,0.015811874741229096,0.9730372408371819,101770
bayesfl_observability_v1,ola_sparse_bayesian_keep010_seed42,160,ola,global,,,all,db,61,-50.97973529523479,-49.26394871459085,-50.12184200491282,1322,0.00757091575802428,0.9860273164979857,101770
bayesfl_observability_v1,ola_sparse_bayesian_keep010_seed42,160,ola,global,,,all,db,62,-49.26394871459085,-47.5481621339469,-48.40605542426888,515,0.0029493355638294037,0.99108774688022,101770
bayesfl_observability_v1,ola_sparse_bayesian_keep010_seed42,160,ola,global,,,all,db,63,-47.5481621339469,-45.83237555330295,-46.69026884362493,175,0.001002201405184749,0.9928073106023386,101770
bayesfl_observability_v1,ola_sparse_bayesian_keep010_seed42,160,ola,global,,,all,db,64,-45.83237555330295,-44.116588972659,-44.97448226298098,107,0.0006127745734558178,0.9938587009924339,101770
bayesfl_observability_v1,ola_sparse_bayesian_keep010_seed42,160,ola,global,,,all,db,65,-44.116588972659,-42.40080239201505,-43.25869568233703,104,0.000595593977938365,0.9948806131472929,101770
bayesfl_observability_v1,ola_sparse_bayesian_keep010_seed42,160,ola,global,,,all,db,66,-42.40080239201505,-40.685015811371116,-41.542909101693084,96,0.0005497790565584954,0.995823916674855,101770
bayesfl_observability_v1,ola_sparse_bayesian_keep010_seed42,160,ola,global,,,all,db,67,-40.685015811371116,-38.969229230727166,-39.82712252104914,95,0.0005440521913860065,0.9967573941240051,101770
bayesfl_observability_v1,ola_sparse_bayesian_keep010_seed42,160,ola,global,,,all,db,68,-38.969229230727166,-37.253442650083215,-38.11133594040519,74,0.00042378802276383663,0.9974845239265009,101770
bayesfl_observability_v1,ola_sparse_bayesian_keep010_seed42,160,ola,global,,,all,db,69,-37.253442650083215,-35.537656069439265,-36.39554935976124,76,0.0004352417531088052,0.998231305885821,101770
bayesfl_observability_v1,ola_sparse_bayesian_keep010_seed42,160,ola,global,,,all,db,70,-35.537656069439265,-33.821869488795315,-34.67976277911729,56,0.0003207044496591196,0.9987815662768988,101770
bayesfl_observability_v1,ola_sparse_bayesian_keep010_seed42,160,ola,global,,,all,db,71,-33.821869488795315,-32.10608290815138,-32.96397619847335,41,0.0002348014720718574,0.9991844354917953,101770
bayesfl_observability_v1,ola_sparse_bayesian_keep010_seed42,160,ola,global,,,all,db,72,-32.10608290815138,-30.39029632750743,-31.248189617829404,24,0.0001374447641396227,0.9994202613736858,101770
bayesfl_observability_v1,ola_sparse_bayesian_keep010_seed42,160,ola,global,,,all,db,73,-30.39029632750743,-28.674509746863478,-29.532403037185453,25,0.00014317162931210697,0.9996659133339884,101770
bayesfl_observability_v1,ola_sparse_bayesian_keep010_seed42,160,ola,global,,,all,db,74,-28.674509746863478,-26.958723166219528,-27.816616456541503,15,8.590297758726418e-05,0.99981330451017,101770
bayesfl_observability_v1,ola_sparse_bayesian_keep010_seed42,160,ola,global,,,all,db,75,-26.958723166219528,-25.242936585575592,-26.10082987589756,5,2.8634325862421635e-05,0.9998624349022305,101770
bayesfl_observability_v1,ola_sparse_bayesian_keep010_seed42,160,ola,global,,,all,db,76,-25.242936585575592,-23.527150004931627,-24.38504329525361,8,4.581492137987386e-05,0.9999410435295274,101770
bayesfl_observability_v1,ola_sparse_bayesian_keep010_seed42,160,ola,global,,,all,db,77,-23.527150004931627,-21.81136342428769,-22.66925671460966,4,2.290746068993731e-05,0.9999803478431758,101770
bayesfl_observability_v1,ola_sparse_bayesian_keep010_seed42,160,ola,global,,,all,db,78,-21.81136342428769,-20.095576843643755,-20.953470133965723,1,5.726865172484327e-06,0.9999901739215878,101770
bayesfl_observability_v1,ola_sparse_bayesian_keep010_seed42,160,ola,global,,,all,db,79,-20.095576843643755,-18.379790262999784,-19.23768355332177,1,5.7268651724842085e-06,1.0,101770
bayesfl_observability_v1,ola_sparse_bayesian_keep010_seed42,160,ola,global,,,layers.0.weight,raw,0,1.6513451894523062e-08,7.625124025961019e-05,3.813387685575236e-05,5157,674.0905684787158,0.051389110331632654,100352
bayesfl_observability_v1,ola_sparse_bayesian_keep010_seed42,160,ola,global,,,layers.0.weight,raw,1,7.625124025961019e-05,0.00015248596706732588,0.00011436860366346804,5195,679.0576892082466,0.10315688775510204,100352
bayesfl_observability_v1,ola_sparse_bayesian_keep010_seed42,160,ola,global,,,layers.0.weight,raw,2,0.00015248596706732588,0.00022872069387504154,0.0001906033304711837,5198,679.449830318473,0.15495455994897958,100352
bayesfl_observability_v1,ola_sparse_bayesian_keep010_seed42,160,ola,global,,,layers.0.weight,raw,3,0.00022872069387504154,0.0003049554206827572,0.0002668380572788994,5173,676.181987733255,0.20650310905612246,100352
bayesfl_observability_v1,ola_sparse_bayesian_keep010_seed42,160,ola,global,,,layers.0.weight,raw,4,0.0003049554206827572,0.0003811901474904729,0.00034307278408661506,5240,684.9398058616385,0.2587193080357143,100352
bayesfl_observability_v1,ola_sparse_bayesian_keep010_seed42,160,ola,global,,,layers.0.weight,raw,5,0.0003811901474904729,0.00045742487429818854,0.0004193075108943307,5174,676.3127014366643,0.31027782206632654,100352
bayesfl_observability_v1,ola_sparse_bayesian_keep010_seed42,160,ola,global,,,layers.0.weight,raw,6,0.00045742487429818854,0.0005336596011059042,0.0004955422377020464,5216,681.8026769798296,0.3622548628826531,100352
bayesfl_observability_v1,ola_sparse_bayesian_keep010_seed42,160,ola,global,,,layers.0.weight,raw,7,0.0005336596011059042,0.0006098943279136199,0.0005717769645097621,5167,675.3977055128028,0.4137436224489796,100352
bayesfl_observability_v1,ola_sparse_bayesian_keep010_seed42,160,ola,global,,,layers.0.weight,raw,8,0.0006098943279136199,0.0006861290547213356,0.0006480116913174778,5207,680.6262536491512,0.4656309789540816,100352
bayesfl_observability_v1,ola_sparse_bayesian_keep010_seed42,160,ola,global,,,layers.0.weight,raw,9,0.0006861290547213356,0.0007623637815290513,0.0007242464181251934,5048,659.8427748071664,0.5159339126275511,100352
bayesfl_observability_v1,ola_sparse_bayesian_keep010_seed42,160,ola,global,,,layers.0.weight,raw,10,0.0007623637815290513,0.000838598508336767,0.0008004811449329091,4937,645.3335537287995,0.5651307397959183,100352
bayesfl_observability_v1,ola_sparse_bayesian_keep010_seed42,160,ola,global,,,layers.0.weight,raw,11,0.000838598508336767,0.0009148332351444825,0.0008767158717406247,5016,655.6599362980885,0.6151147959183674,100352
bayesfl_observability_v1,ola_sparse_bayesian_keep010_seed42,160,ola,global,,,layers.0.weight,raw,12,0.0009148332351444825,0.0009910679619521982,0.0009529505985483404,5139,671.7377218173589,0.6663245376275511,100352
bayesfl_observability_v1,ola_sparse_bayesian_keep010_seed42,160,ola,global,,,layers.0.weight,raw,13,0.0009910679619521982,0.001067302688759914,0.001029185325356056,4796,626.9029215481715,0.7141163105867347,100352
bayesfl_observability_v1,ola_sparse_bayesian_keep010_seed42,160,ola,global,,,layers.0.weight,raw,14,0.001067302688759914,0.0011435374155676296,0.0011054200521637718,3930,513.7048543962289,0.7532784598214286,100352
bayesfl_observability_v1,ola_sparse_bayesian_keep010_seed42,160,ola,global,,,layers.0.weight,raw,15,0.0011435374155676296,0.0012197721423753453,0.0011816547789714874,3050,398.67679539656444,0.7836714764030612,100352
bayesfl_observability_v1,ola_sparse_bayesian_keep010_seed42,160,ola,global,,,layers.0.weight,raw,16,0.0012197721423753453,0.001296006869183061,0.0012578895057792031,2260,295.4129697036838,0.8061922034438775,100352
bayesfl_observability_v1,ola_sparse_bayesian_keep010_seed42,160,ola,global,,,layers.0.weight,raw,17,0.001296006869183061,0.0013722415959907767,0.0013341242325869188,1870,244.43462537428707,0.8248266103316326,100352
bayesfl_observability_v1,ola_sparse_bayesian_keep010_seed42,160,ola,global,,,layers.0.weight,raw,18,0.0013722415959907767,0.0014484763227984923,0.0014103589593946345,1672,218.55331209936256,0.8414879623724489,100352
bayesfl_observability_v1,ola_sparse_bayesian_keep010_seed42,160,ola,global,,,layers.0.weight,raw,19,0.0014484763227984923,0.001524711049606208,0.0014865936862023502,1532,200.2533936221432,0.8567542251275511,100352
bayesfl_observability_v1,ola_sparse_bayesian_keep010_seed42,160,ola,global,,,layers.0.weight,raw,20,0.001524711049606208,0.0016009457764139237,0.0015628284130100659,1385,181.0384792210629,0.8705556441326531,100352
bayesfl_observability_v1,ola_sparse_bayesian_keep010_seed42,160,ola,global,,,layers.0.weight,raw,21,0.0016009457764139237,0.0016771805032216394,0.0016390631398177815,1260,164.69926629497417,0.8831114477040817,100352
bayesfl_observability_v1,ola_sparse_bayesian_keep010_seed42,160,ola,global,,,layers.0.weight,raw,22,0.0016771805032216394,0.001753415230029355,0.0017152978666254972,1184,154.76502483591224,0.8949099170918368,100352
bayesfl_observability_v1,ola_sparse_bayesian_keep010_seed42,160,ola,global,,,layers.0.weight,raw,23,0.001753415230029355,0.0018296499568370705,0.001791532593433213,1077,140.7786585711807,0.9056421396683674,100352
bayesfl_observability_v1,ola_sparse_bayesian_keep010_seed42,160,ola,global,,,layers.0.weight,raw,24,0.0018296499568370705,0.0019058846836447862,0.0018677673202409284,1009,131.89012673938805,0.9156967474489796,100352
bayesfl_observability_v1,ola_sparse_bayesian_keep010_seed42,160,ola,global,,,layers.0.weight,raw,25,0.0019058846836447862,0.001982119410452502,0.001944002047048644,911,119.0801838053345,0.9247747927295918,100352
bayesfl_observability_v1,ola_sparse_bayesian_keep010_seed42,160,ola,global,,,layers.0.weight,raw,26,0.001982119410452502,0.0020583541372602176,0.00202023677385636,829,108.36166012582031,0.9330357142857143,100352
bayesfl_observability_v1,ola_sparse_bayesian_keep010_seed42,160,ola,global,,,layers.0.weight,raw,27,0.0020583541372602176,0.0021345888640679333,0.0020964715006640752,720,94.11386645427095,0.9402104591836735,100352
bayesfl_observability_v1,ola_sparse_bayesian_keep010_seed42,160,ola,global,,,layers.0.weight,raw,28,0.0021345888640679333,0.002210823590875649,0.0021727062274717913,676,88.36246350428773,0.9469467474489796,100352
bayesfl_observability_v1,ola_sparse_bayesian_keep010_seed42,160,ola,global,,,layers.0.weight,raw,29,0.002210823590875649,0.0022870583176833647,0.0022489409542795066,603,78.82036315545193,0.9529555963010204,100352
bayesfl_observability_v1,ola_sparse_bayesian_keep010_seed42,160,ola,global,,,layers.0.weight,raw,30,0.0022870583176833647,0.0023632930444910803,0.0023251756810872227,552,72.15396428160773,0.9584562340561225,100352
bayesfl_observability_v1,ola_sparse_bayesian_keep010_seed42,160,ola,global,,,layers.0.weight,raw,31,0.0023632930444910803,0.002439527771298796,0.002401410407894938,527,68.88612169638999,0.9637077487244898,100352
bayesfl_observability_v1,ola_sparse_bayesian_keep010_seed42,160,ola,global,,,layers.0.weight,raw,32,0.002439527771298796,0.0025157624981065117,0.002477645134702654,470,61.435440602093536,0.968391262755102,100352
bayesfl_observability_v1,ola_sparse_bayesian_keep010_seed42,160,ola,global,,,layers.0.weight,raw,33,0.0025157624981065117,0.0025919972249142274,0.0025538798615103693,367,47.971929150996445,0.9720483896683674,100352
bayesfl_observability_v1,ola_sparse_bayesian_keep010_seed42,160,ola,global,,,layers.0.weight,raw,34,0.0025919972249142274,0.002668231951721943,0.0026301145883180855,396,51.762626549849024,0.9759944993622449,100352
bayesfl_observability_v1,ola_sparse_bayesian_keep010_seed42,160,ola,global,,,layers.0.weight,raw,35,0.002668231951721943,0.0027444666785296588,0.0027063493151258007,332,43.396949531691604,0.9793028539540817,100352
bayesfl_observability_v1,ola_sparse_bayesian_keep010_seed42,160,ola,global,,,layers.0.weight,raw,36,0.0027444666785296588,0.0028207014053373745,0.002782584041933517,284,37.122691768073544,0.9821328922193877,100352
bayesfl_observability_v1,ola_sparse_bayesian_keep010_seed42,160,ola,global,,,layers.0.weight,raw,37,0.0028207014053373745,0.00289693613214509,0.002858818768741232,243,31.763429928316445,0.9845543686224489,100352
bayesfl_observability_v1,ola_sparse_bayesian_keep010_seed42,160,ola,global,,,layers.0.weight,raw,38,0.00289693613214509,0.002973170858952806,0.002935053495548948,222,29.018442156733542,0.9867665816326531,100352
bayesfl_observability_v1,ola_sparse_bayesian_keep010_seed42,160,ola,global,,,layers.0.weight,raw,39,0.002973170858952806,0.0030494055857605215,0.0030112882223566634,177,23.13632550334161,0.9885303730867347,100352
bayesfl_observability_v1,ola_sparse_bayesian_keep010_seed42,160,ola,global,,,layers.0.weight,raw,40,0.0030494055857605215,0.003125640312568237,0.0030875229491643796,152,19.868482918123867,0.9900450414540817,100352
bayesfl_observability_v1,ola_sparse_bayesian_keep010_seed42,160,ola,global,,,layers.0.weight,raw,41,0.003125640312568237,0.003201875039375953,0.003163757675972095,148,19.34562810448903,0.9915198501275511,100352
bayesfl_observability_v1,ola_sparse_bayesian_keep010_seed42,160,ola,global,,,layers.0.weight,raw,42,0.003201875039375953,0.0032781097661836686,0.003239992402779811,121,15.816358112453868,0.9927256058673469,100352
bayesfl_observability_v1,ola_sparse_bayesian_keep010_seed42,160,ola,global,,,layers.0.weight,raw,43,0.0032781097661836686,0.0033543444929913842,0.003316227129587526,111,14.509221078366771,0.9938317123724489,100352
bayesfl_observability_v1,ola_sparse_bayesian_keep010_seed42,160,ola,global,,,layers.0.weight,raw,44,0.0033543444929913842,0.0034305792197991,0.0033924618563952423,77,10.064955162470643,0.9945990114795918,100352
bayesfl_observability_v1,ola_sparse_bayesian_keep010_seed42,160,ola,global,,,layers.0.weight,raw,45,0.0034305792197991,0.0035068139466068156,0.0034686965832029576,74,9.672814052244515,0.9953364158163265,100352
bayesfl_observability_v1,ola_sparse_bayesian_keep010_seed42,160,ola,global,,,layers.0.weight,raw,46,0.0035068139466068156,0.0035830486734145313,0.0035449313100106737,65,8.496390721566128,0.9959841358418368,100352
bayesfl_observability_v1,ola_sparse_bayesian_keep010_seed42,160,ola,global,,,layers.0.weight,raw,47,0.0035830486734145313,0.0036592834002222466,0.003621166036818389,61,7.973535907931335,0.9965919961734694,100352
bayesfl_observability_v1,ola_sparse_bayesian_keep010_seed42,160,ola,global,,,layers.0.weight,raw,48,0.0036592834002222466,0.0037355181270299622,0.003697400763626104,61,7.973535907931289,0.997199856505102,100352
bayesfl_observability_v1,ola_sparse_bayesian_keep010_seed42,160,ola,global,,,layers.0.weight,raw,49,0.0037355181270299622,0.003811752853837678,0.0037736354904338203,41,5.359261839757096,0.9976084183673469,100352
bayesfl_observability_v1,ola_sparse_bayesian_keep010_seed42,160,ola,global,,,layers.0.weight,raw,50,0.003811752853837678,0.0038879875806453936,0.0038498702172415356,45,5.882116653391934,0.9980568399234694,100352
bayesfl_observability_v1,ola_sparse_bayesian_keep010_seed42,160,ola,global,,,layers.0.weight,raw,51,0.0038879875806453936,0.003964222307453109,0.003926104944049252,26,3.3985562886264704,0.9983159279336735,100352
bayesfl_observability_v1,ola_sparse_bayesian_keep010_seed42,160,ola,global,,,layers.0.weight,raw,52,0.003964222307453109,0.004040457034260825,0.004002339670856967,26,3.3985562886264318,0.9985750159438775,100352
bayesfl_observability_v1,ola_sparse_bayesian_keep010_seed42,160,ola,global,,,layers.0.weight,raw,53,0.004040457034260825,0.00411669176106854,0.004078574397664682,33,4.313552212487443,0.9989038584183674,100352
bayesfl_observability_v1,ola_sparse_bayesian_keep010_seed42,160,ola,global,,,layers.0.weight,raw,54,0.00411669176106854,0.004192926487876256,0.004154809124472398,21,2.744987771582887,0.9991131218112245,100352
bayesfl_observability_v1,ola_sparse_bayesian_keep010_seed42,160,ola,global,,,layers.0.weight,raw,55,0.004192926487876256,0.004269161214683972,0.004231043851280114,16,2.091419254539366,0.9992725605867347,100352
bayesfl_observability_v1,ola_sparse_bayesian_keep010_seed42,160,ola,global,,,layers.0.weight,raw,56,0.004269161214683972,0.004345395941491688,0.00430727857808783,11,1.437850737495798,0.999382174744898,100352
bayesfl_observability_v1,ola_sparse_bayesian_keep010_seed42,160,ola,global,,,layers.0.weight,raw,57,0.004345395941491688,0.004421630668299403,0.004383513304895545,6,0.7842822204522624,0.9994419642857143,100352
bayesfl_observability_v1,ola_sparse_bayesian_keep010_seed42,160,ola,global,,,layers.0.weight,raw,58,0.004421630668299403,0.004497865395107119,0.004459748031703261,10,1.3071370340870891,0.9995416135204082,100352
bayesfl_observability_v1,ola_sparse_bayesian_keep010_seed42,160,ola,global,,,layers.0.weight,raw,59,0.004497865395107119,0.004574100121914834,0.004535982758510977,8,1.045709627269683,0.9996213329081632,100352
bayesfl_observability_v1,ola_sparse_bayesian_keep010_seed42,160,ola,global,,,layers.0.weight,raw,60,0.004574100121914834,0.0046503348487225505,0.004612217485318692,6,0.7842822204522535,0.9996811224489796,100352
bayesfl_observability_v1,ola_sparse_bayesian_keep010_seed42,160,ola,global,,,layers.0.weight,raw,61,0.0046503348487225505,0.004726569575530266,0.004688452212126408,3,0.3921411102261312,0.9997110172193877,100352
bayesfl_observability_v1,ola_sparse_bayesian_keep010_seed42,160,ola,global,,,layers.0.weight,raw,62,0.004726569575530266,0.004802804302337982,0.004764686938934124,7,0.9149959238609624,0.9997807716836735,100352
bayesfl_observability_v1,ola_sparse_bayesian_keep010_seed42,160,ola,global,,,layers.0.weight,raw,63,0.004802804302337982,0.004879039029145697,0.00484092166574184,4,0.5228548136348415,0.9998206313775511,100352
bayesfl_observability_v1,ola_sparse_bayesian_keep010_seed42,160,ola,global,,,layers.0.weight,raw,64,0.004879039029145697,0.004955273755953412,0.004917156392549554,3,0.3921411102261312,0.9998505261479592,100352
bayesfl_observability_v1,ola_sparse_bayesian_keep010_seed42,160,ola,global,,,layers.0.weight,raw,65,0.004955273755953412,0.0050315084827611285,0.00499339111935727,2,0.26142740681741783,0.999870455994898,100352
bayesfl_observability_v1,ola_sparse_bayesian_keep010_seed42,160,ola,global,,,layers.0.weight,raw,66,0.0050315084827611285,0.005107743209568844,0.0050696258461649865,4,0.5228548136348415,0.9999103156887755,100352
bayesfl_observability_v1,ola_sparse_bayesian_keep010_seed42,160,ola,global,,,layers.0.weight,raw,67,0.005107743209568844,0.00518397793637656,0.005145860572972702,1,0.13071370340870891,0.9999202806122449,100352
bayesfl_observability_v1,ola_sparse_bayesian_keep010_seed42,160,ola,global,,,layers.0.weight,raw,68,0.00518397793637656,0.005260212663184275,0.005222095299780417,2,0.26142740681742077,0.9999402104591837,100352
bayesfl_observability_v1,ola_sparse_bayesian_keep010_seed42,160,ola,global,,,layers.0.weight,raw,69,0.005260212663184275,0.005336447389991991,0.005298330026588133,1,0.13071370340870891,0.9999501753826531,100352
bayesfl_observability_v1,ola_sparse_bayesian_keep010_seed42,160,ola,global,,,layers.0.weight,raw,70,0.005336447389991991,0.0054126821167997064,0.005374564753395849,2,0.26142740681742077,0.9999701052295918,100352
bayesfl_observability_v1,ola_sparse_bayesian_keep010_seed42,160,ola,global,,,layers.0.weight,raw,71,0.0054126821167997064,0.005488916843607423,0.0054507994802035645,1,0.13071370340870891,0.9999800701530612,100352
bayesfl_observability_v1,ola_sparse_bayesian_keep010_seed42,160,ola,global,,,layers.0.weight,raw,72,0.005488916843607423,0.005565151570415138,0.00552703420701128,0,0.0,0.9999800701530612,100352
bayesfl_observability_v1,ola_sparse_bayesian_keep010_seed42,160,ola,global,,,layers.0.weight,raw,73,0.005565151570415138,0.005641386297222854,0.005603268933818996,0,0.0,0.9999800701530612,100352
bayesfl_observability_v1,ola_sparse_bayesian_keep010_seed42,160,ola,global,,,layers.0.weight,raw,74,0.005641386297222854,0.005717621024030569,0.005679503660626712,0,0.0,0.9999800701530612,100352
bayesfl_observability_v1,ola_sparse_bayesian_keep010_seed42,160,ola,global,,,layers.0.weight,raw,75,0.005717621024030569,0.005793855750838285,0.005755738387434427,1,0.13071370340870891,0.9999900350765306,100352
bayesfl_observability_v1,ola_sparse_bayesian_keep010_seed42,160,ola,global,,,layers.0.weight,raw,76,0.005793855750838285,0.0058700904776460006,0.0058319731142421425,0,0.0,0.9999900350765306,100352
bayesfl_observability_v1,ola_sparse_bayesian_keep010_seed42,160,ola,global,,,layers.0.weight,raw,77,0.0058700904776460006,0.005946325204453717,0.005908207841049859,0,0.0,0.9999900350765306,100352
bayesfl_observability_v1,ola_sparse_bayesian_keep010_seed42,160,ola,global,,,layers.0.weight,raw,78,0.005946325204453717,0.006022559931261432,0.005984442567857575,0,0.0,0.9999900350765306,100352
bayesfl_observability_v1,ola_sparse_bayesian_keep010_seed42,160,ola,global,,,layers.0.weight,raw,79,0.006022559931261432,0.006098794658069148,0.00606067729466529,1,0.13071370340870891,1.0,100352
bayesfl_observability_v1,ola_sparse_bayesian_keep010_seed42,160,ola,global,,,layers.0.weight,db,0,-155.6427167145156,-154.25087175275934,-154.94679423363746,1,7.159506800824914e-06,9.964923469387754e-06,100352
bayesfl_observability_v1,ola_sparse_bayesian_keep010_seed42,160,ola,global,,,layers.0.weight,db,1,-154.25087175275934,-152.85902679100306,-153.55494927188118,2,1.4319013601649536e-05,2.9894770408163265e-05,100352
bayesfl_observability_v1,ola_sparse_bayesian_keep010_seed42,160,ola,global,,,layers.0.weight,db,2,-152.85902679100306,-151.4671818292468,-152.16310431012494,0,0.0,2.9894770408163265e-05,100352
bayesfl_observability_v1,ola_sparse_bayesian_keep010_seed42,160,ola,global,,,layers.0.weight,db,3,-151.4671818292468,-150.07533686749053,-150.7712593483687,1,7.159506800824768e-06,3.985969387755102e-05,100352
bayesfl_observability_v1,ola_sparse_bayesian_keep010_seed42,160,ola,global,,,layers.0.weight,db,4,-150.07533686749053,-148.6834919057343,-149.3794143866124,0,0.0,3.985969387755102e-05,100352
bayesfl_observability_v1,ola_sparse_bayesian_keep010_seed42,160,ola,global,,,layers.0.weight,db,5,-148.6834919057343,-147.29164694397804,-147.98756942485616,3,2.147852040247474e-05,6.975446428571428e-05,100352
bayesfl_observability_v1,ola_sparse_bayesian_keep010_seed42,160,ola,global,,,layers.0.weight,db,6,-147.29164694397804,-145.89980198222176,-146.59572446309988,2,1.4319013601649536e-05,8.96843112244898e-05,100352
bayesfl_observability_v1,ola_sparse_bayesian_keep010_seed42,160,ola,global,,,layers.0.weight,db,7,-145.89980198222176,-144.5079570204655,-145.20387950134364,2,1.4319013601649829e-05,0.0001096141581632653,100352
bayesfl_observability_v1,ola_sparse_bayesian_keep010_seed42,160,ola,global,,,layers.0.weight,db,8,-144.5079570204655,-143.11611205870926,-143.8120345395874,0,0.0,0.0001096141581632653,100352
bayesfl_observability_v1,ola_sparse_bayesian_keep010_seed42,160,ola,global,,,layers.0.weight,db,9,-143.11611205870926,-141.72426709695299,-142.42018957783114,1,7.159506800824768e-06,0.00011957908163265306,100352
bayesfl_observability_v1,ola_sparse_bayesian_keep010_seed42,160,ola,global,,,layers.0.weight,db,10,-141.72426709695299,-140.33242213519674,-141.02834461607486,1,7.159506800824914e-06,0.00012954400510204082,100352
bayesfl_observability_v1,ola_sparse_bayesian_keep010_seed42,160,ola,global,,,layers.0.weight,db,11,-140.33242213519674,-138.94057717344046,-139.63649965431858,1,7.159506800824768e-06,0.00013950892857142856,100352
bayesfl_observability_v1,ola_sparse_bayesian_keep010_seed42,160,ola,global,,,layers.0.weight,db,12,-138.94057717344046,-137.5487322116842,-138.24465469256234,0,0.0,0.00013950892857142856,100352
bayesfl_observability_v1,ola_sparse_bayesian_keep010_seed42,160,ola,global,,,layers.0.weight,db,13,-137.5487322116842,-136.15688724992796,-136.8528097308061,1,7.159506800824914e-06,0.00014947385204081633,100352
bayesfl_observability_v1,ola_sparse_bayesian_keep010_seed42,160,ola,global,,,layers.0.weight,db,14,-136.15688724992796,-134.76504228817168,-135.46096476904984,1,7.159506800824768e-06,0.00015943877551020407,100352
bayesfl_observability_v1,ola_sparse_bayesian_keep010_seed42,160,ola,global,,,layers.0.weight,db,15,-134.76504228817168,-133.37319732641544,-134.06911980729356,3,2.147852040247474e-05,0.00018933354591836734,100352
bayesfl_observability_v1,ola_sparse_bayesian_keep010_seed42,160,ola,global,,,layers.0.weight,db,16,-133.37319732641544,-131.9813523646592,-132.6772748455373,4,2.8638027203299657e-05,0.00022919323979591838,100352
bayesfl_observability_v1,ola_sparse_bayesian_keep010_seed42,160,ola,global,,,layers.0.weight,db,17,-131.9813523646592,-130.5895074029029,-131.28542988378103,6,4.295704080494861e-05,0.0002889827806122449,100352
bayesfl_observability_v1,ola_sparse_bayesian_keep010_seed42,160,ola,global,,,layers.0.weight,db,18,-130.5895074029029,-129.19766244114666,-129.8935849220248,3,2.147852040247474e-05,0.00031887755102040814,100352
bayesfl_observability_v1,ola_sparse_bayesian_keep010_seed42,160,ola,global,,,layers.0.weight,db,19,-129.19766244114666,-127.8058174793904,-128.50173996026854,2,1.4319013601649681e-05,0.00033880739795918367,100352
bayesfl_observability_v1,ola_sparse_bayesian_keep010_seed42,160,ola,global,,,layers.0.weight,db,20,-127.8058174793904,-126.41397251763414,-127.10989499851226,2,1.4319013601649681e-05,0.0003587372448979592,100352
bayesfl_observability_v1,ola_sparse_bayesian_keep010_seed42,160,ola,global,,,layers.0.weight,db,21,-126.41397251763414,-125.02212755587787,-125.71805003675601,15,0.00010739260201237261,0.0005082110969387755,100352
bayesfl_observability_v1,ola_sparse_bayesian_keep010_seed42,160,ola,global,,,layers.0.weight,db,22,-125.02212755587787,-123.63028259412161,-124.32620507499973,8,5.7276054406598725e-05,0.0005879304846938776,100352
bayesfl_observability_v1,ola_sparse_bayesian_keep010_seed42,160,ola,global,,,layers.0.weight,db,23,-123.63028259412161,-122.23843763236536,-122.93436011324349,11,7.875457480907405e-05,0.0006975446428571429,100352
bayesfl_observability_v1,ola_sparse_bayesian_keep010_seed42,160,ola,global,,,layers.0.weight,db,24,-122.23843763236536,-120.8465926706091,-121.54251515148724,9,6.443556120742357e-05,0.0007872289540816327,100352
bayesfl_observability_v1,ola_sparse_bayesian_keep010_seed42,160,ola,global,,,layers.0.weight,db,25,-120.8465926706091,-119.45474770885284,-120.15067018973096,6,4.295704080494905e-05,0.0008470184948979591,100352
bayesfl_observability_v1,ola_sparse_bayesian_keep010_seed42,160,ola,global,,,layers.0.weight,db,26,-119.45474770885284,-118.06290274709659,-118.75882522797471,14,0.0001002330952115488,0.0009865274234693877,100352
bayesfl_observability_v1,ola_sparse_bayesian_keep010_seed42,160,ola,global,,,layers.0.weight,db,27,-118.06290274709659,-116.67105778534031,-117.36698026621845,11,7.875457480907245e-05,0.001096141581632653,100352
bayesfl_observability_v1,ola_sparse_bayesian_keep010_seed42,160,ola,global,,,layers.0.weight,db,28,-116.67105778534031,-115.27921282358406,-115.97513530446219,16,0.00011455210881319863,0.0012555803571428572,100352
bayesfl_observability_v1,ola_sparse_bayesian_keep010_seed42,160,ola,global,,,layers.0.weight,db,29,-115.27921282358406,-113.8873678618278,-114.58329034270594,31,0.00022194471082557008,0.0015644929846938774,100352
bayesfl_observability_v1,ola_sparse_bayesian_keep010_seed42,160,ola,global,,,layers.0.weight,db,30,-113.8873678618278,-112.49552290007153,-113.19144538094966,28,0.00020046619042309553,0.0018435108418367347,100352
bayesfl_observability_v1,ola_sparse_bayesian_keep010_seed42,160,ola,global,,,layers.0.weight,db,31,-112.49552290007153,-111.10367793831529,-111.79960041919341,30,0.00021478520402474743,0.0021424585459183672,100352
bayesfl_observability_v1,ola_sparse_bayesian_keep010_seed42,160,ola,global,,,layers.0.weight,db,32,-111.10367793831529,-109.71183297655901,-110.40775545743715,36,0.00025774224482969166,0.0025011957908163264,100352
bayesfl_observability_v1,ola_sparse_bayesian_keep010_seed42,160,ola,global,,,layers.0.weight,db,33,-109.71183297655901,-108.31998801480276,-109.01591049568088,32,0.00022910421762639726,0.002820073341836735,100352
bayesfl_observability_v1,ola_sparse_bayesian_keep010_seed42,160,ola,global,,,layers.0.weight,db,34,-108.31998801480276,-106.9281430530465,-107.62406553392464,56,0.00040093238084619107,0.003378109056122449,100352
bayesfl_observability_v1,ola_sparse_bayesian_keep010_seed42,160,ola,global,,,layers.0.weight,db,35,-106.9281430530465,-105.53629809129023,-106.23222057216836,44,0.000315018299236293,0.00381656568877551,100352
bayesfl_observability_v1,ola_sparse_bayesian_keep010_seed42,160,ola,global,,,layers.0.weight,db,36,-105.53629809129023,-104.14445312953399,-104.84037561041211,69,0.000494005969256919,0.0045041454081632655,100352
bayesfl_observability_v1,ola_sparse_bayesian_keep010_seed42,160,ola,global,,,layers.0.weight,db,37,-104.14445312953399,-102.75260816777772,-103.44853064865586,67,0.00047968695565526434,0.005171795280612245,100352
bayesfl_observability_v1,ola_sparse_bayesian_keep010_seed42,160,ola,global,,,layers.0.weight,db,38,-102.75260816777772,-101.36076320602146,-102.05668568689958,82,0.0005870795576676369,0.005988919005102041,100352
bayesfl_observability_v1,ola_sparse_bayesian_keep010_seed42,160,ola,global,,,layers.0.weight,db,39,-101.36076320602146,-99.96891824426521,-100.66484072514334,111,0.0007947052548915655,0.007095025510204082,100352
bayesfl_observability_v1,ola_sparse_bayesian_keep010_seed42,160,ola,global,,,layers.0.weight,db,40,-99.96891824426521,-98.57707328250893,-99.27299576338707,99,0.000708791173281652,0.008081552933673469,100352
bayesfl_observability_v1,ola_sparse_bayesian_keep010_seed42,160,ola,global,,,layers.0.weight,db,41,-98.57707328250893,-97.18522832075269,-97.88115080163081,132,0.0009450548977088886,0.009396922831632654,100352
bayesfl_observability_v1,ola_sparse_bayesian_keep010_seed42,160,ola,global,,,layers.0.weight,db,42,-97.18522832075269,-95.79338335899642,-96.48930583987456,168,0.0012027971425385732,0.011071029974489796,100352
bayesfl_observability_v1,ola_sparse_bayesian_keep010_seed42,160,ola,global,,,layers.0.weight,db,43,-95.79338335899642,-94.40153839724016,-95.09746087811828,201,0.001439060866965793,0.013073979591836735,100352
bayesfl_observability_v1,ola_sparse_bayesian_keep010_seed42,160,ola,global,,,layers.0.weight,db,44,-94.40153839724016,-93.00969343548391,-93.70561591636204,234,0.00167532459139303,0.015405771683673469,100352
bayesfl_observability_v1,ola_sparse_bayesian_keep010_seed42,160,ola,global,,,layers.0.weight,db,45,-93.00969343548391,-91.61784847372765,-92.31377095460579,266,0.0019044288090194078,0.01805644132653061,100352
bayesfl_observability_v1,ola_sparse_bayesian_keep010_seed42,160,ola,global,,,layers.0.weight,db,46,-91.61784847372765,-90.22600351197138,-90.92192599284951,314,0.002248085135459,0.021185427295918366,100352
bayesfl_observability_v1,ola_sparse_bayesian_keep010_seed42,160,ola,global,,,layers.0.weight,db,47,-90.22600351197138,-88.83415855021512,-89.53008103109326,352,0.002520146393890344,0.024693080357142856,100352
bayesfl_observability_v1,ola_sparse_bayesian_keep010_seed42,160,ola,global,,,layers.0.weight,db,48,-88.83415855021512,-87.44231358845886,-88.13823606933698,414,0.002964035815541484,0.02881855867346939,100352
bayesfl_observability_v1,ola_sparse_bayesian_keep010_seed42,160,ola,global,,,layers.0.weight,db,49,-87.44231358845886,-86.05046862670261,-86.74639110758073,499,0.003572593893611632,0.033791055484693876,100352
bayesfl_observability_v1,ola_sparse_bayesian_keep010_seed42,160,ola,global,,,layers.0.weight,db,50,-86.05046862670261,-84.65862366494635,-85.35454614582449,590,0.004224109012486656,0.039670360331632654,100352
bayesfl_observability_v1,ola_sparse_bayesian_keep010_seed42,160,ola,global,,,layers.0.weight,db,51,-84.65862366494635,-83.26677870319008,-83.96270118406821,676,0.004839826597357592,0.04640664859693878,100352
bayesfl_observability_v1,ola_sparse_bayesian_keep010_seed42,160,ola,global,,,layers.0.weight,db,52,-83.26677870319008,-81.87493374143382,-82.57085622231196,788,0.0056416913590499745,0.05425900829081633,100352
bayesfl_observability_v1,ola_sparse_bayesian_keep010_seed42,160,ola,global,,,layers.0.weight,db,53,-81.87493374143382,-80.48308877967757,-81.1790112605557,1008,0.007216782855231513,0.06430365114795919,100352
bayesfl_observability_v1,ola_sparse_bayesian_keep010_seed42,160,ola,global,,,layers.0.weight,db,54,-80.48308877967757,-79.09124381792131,-79.78716629879943,1091,0.007811021919699902,0.07517538265306123,100352
bayesfl_observability_v1,ola_sparse_bayesian_keep010_seed42,160,ola,global,,,layers.0.weight,db,55,-79.09124381792131,-77.69939885616505,-78.39532133704319,1321,0.009457708483889615,0.08833904655612244,100352
bayesfl_observability_v1,ola_sparse_bayesian_keep010_seed42,160,ola,global,,,layers.0.weight,db,56,-77.69939885616505,-76.30755389440878,-77.00347637528691,1517,0.010860971816851283,0.10345583545918367,100352
bayesfl_observability_v1,ola_sparse_bayesian_keep010_seed42,160,ola,global,,,layers.0.weight,db,57,-76.30755389440878,-74.91570893265254,-75.61163141353066,1831,0.013109056952310417,0.12170161033163265,100352
bayesfl_observability_v1,ola_sparse_bayesian_keep010_seed42,160,ola,global,,,layers.0.weight,db,58,-74.91570893265254,-73.52386397089627,-74.21978645177441,2142,0.01533566356736681,0.14304647640306123,100352
bayesfl_observability_v1,ola_sparse_bayesian_keep010_seed42,160,ola,global,,,layers.0.weight,db,59,-73.52386397089627,-72.13201900914001,-72.82794149001813,2474,0.017712619825240656,0.16769969706632654,100352
bayesfl_observability_v1,ola_sparse_bayesian_keep010_seed42,160,ola,global,,,layers.0.weight,db,60,-72.13201900914001,-70.74017404738375,-71.43609652826188,2908,0.020819845776798636,0.19667769451530612,100352
bayesfl_observability_v1,ola_sparse_bayesian_keep010_seed42,160,ola,global,,,layers.0.weight,db,61,-70.74017404738375,-69.3483290856275,-70.04425156650562,3491,0.024993838241679774,0.23146524234693877,100352
bayesfl_observability_v1,ola_sparse_bayesian_keep010_seed42,160,ola,global,,,layers.0.weight,db,62,-69.3483290856275,-67.95648412387123,-68.65240660474936,4038,0.028910088461730706,0.27170360331632654,100352
bayesfl_observability_v1,ola_sparse_bayesian_keep010_seed42,160,ola,global,,,layers.0.weight,db,63,-67.95648412387123,-66.56463916211497,-67.26056164299311,4713,0.03374275555228747,0.318668287627551,100352
bayesfl_observability_v1,ola_sparse_bayesian_keep010_seed42,160,ola,global,,,layers.0.weight,db,64,-66.56463916211497,-65.17279420035871,-65.86871668123683,5541,0.03967082718337044,0.37388392857142855,100352
bayesfl_observability_v1,ola_sparse_bayesian_keep010_seed42,160,ola,global,,,layers.0.weight,db,65,-65.17279420035871,-63.780949238602446,-64.47687171948058,6606,0.0472957019262489,0.4397122130102041,100352
bayesfl_observability_v1,ola_sparse_bayesian_keep010_seed42,160,ola,global,,,layers.0.weight,db,66,-63.780949238602446,-62.3891042768462,-63.08502675772432,7453,0.053359804186548086,0.5139807876275511,100352
bayesfl_observability_v1,ola_sparse_bayesian_keep010_seed42,160,ola,global,,,layers.0.weight,db,67,-62.3891042768462,-60.997259315089934,-61.693181795968066,8607,0.0616218750346994,0.5997488839285714,100352
bayesfl_observability_v1,ola_sparse_bayesian_keep010_seed42,160,ola,global,,,layers.0.weight,db,68,-60.997259315089934,-59.60541435333367,-60.3013368342118,10178,0.07286946021879523,0.701171875,100352
bayesfl_observability_v1,ola_sparse_bayesian_keep010_seed42,160,ola,global,,,layers.0.weight,db,69,-59.60541435333367,-58.21356939157741,-58.90949187245554,8581,0.06143572785787796,0.7866808832908163,100352
bayesfl_observability_v1,ola_sparse_bayesian_keep010_seed42,160,ola,global,,,layers.0.weight,db,70,-58.21356939157741,-56.82172442982116,-57.517646910699284,5353,0.03832483990481576,0.8400231186224489,100352
bayesfl_observability_v1,ola_sparse_bayesian_keep010_seed42,160,ola,global,,,layers.0.weight,db,71,-56.82172442982116,-55.4298794680649,-56.12580194894303,4569,0.0327117865729687,0.8855528539540817,100352
bayesfl_observability_v1,ola_sparse_bayesian_keep010_seed42,160,ola,global,,,layers.0.weight,db,72,-55.4298794680649,-54.038034506308634,-54.733956987186765,3986,0.028537794108087815,0.9252730389030612,100352
bayesfl_observability_v1,ola_sparse_bayesian_keep010_seed42,160,ola,global,,,layers.0.weight,db,73,-54.038034506308634,-52.64618954455237,-53.3421120254305,3100,0.022194471082557007,0.9561643016581632,100352
bayesfl_observability_v1,ola_sparse_bayesian_keep010_seed42,160,ola,global,,,layers.0.weight,db,74,-52.64618954455237,-51.25434458279612,-51.95026706367425,2295,0.016431068107893177,0.9790338010204082,100352
bayesfl_observability_v1,ola_sparse_bayesian_keep010_seed42,160,ola,global,,,layers.0.weight,db,75,-51.25434458279612,-49.86249962103986,-50.55842210191799,1276,0.009135530677852497,0.9917490433673469,100352
bayesfl_observability_v1,ola_sparse_bayesian_keep010_seed42,160,ola,global,,,layers.0.weight,db,76,-49.86249962103986,-48.470654659283596,-49.16657714016173,569,0.004073759369669335,0.9974190848214286,100352
bayesfl_observability_v1,ola_sparse_bayesian_keep010_seed42,160,ola,global,,,layers.0.weight,db,77,-48.470654659283596,-47.07880969752733,-47.774732178405465,203,0.0014533798805674426,0.9994419642857143,100352
bayesfl_observability_v1,ola_sparse_bayesian_keep010_seed42,160,ola,global,,,layers.0.weight,db,78,-47.07880969752733,-45.686964735771085,-46.38288721664921,49,0.00035081583324042076,0.9999302455357143,100352
bayesfl_observability_v1,ola_sparse_bayesian_keep010_seed42,160,ola,global,,,layers.0.weight,db,79,-45.686964735771085,-44.29511977401482,-44.99104225489295,7,5.011654760577388e-05,1.0,100352
bayesfl_observability_v1,ola_sparse_bayesian_keep010_seed42,160,ola,global,,,layers.0.bias,raw,0,8.020214628369947e-06,6.883392709131725e-05,3.84270708598436e-05,8,1027.72873861434,0.0625,128
bayesfl_observability_v1,ola_sparse_bayesian_keep010_seed42,160,ola,global,,,layers.0.bias,raw,1,6.883392709131725e-05,0.00012964763955426454,9.924078332279089e-05,6,770.7965539607551,0.109375,128
bayesfl_observability_v1,ola_sparse_bayesian_keep010_seed42,160,ola,global,,,layers.0.bias,raw,2,0.00012964763955426454,0.00019046135201721183,0.00016005449578573817,5,642.3304616339627,0.1484375,128
bayesfl_observability_v1,ola_sparse_bayesian_keep010_seed42,160,ola,global,,,layers.0.bias,raw,3,0.00019046135201721183,0.00025127506448015914,0.00022086820824868548,7,899.2626462875473,0.203125,128
bayesfl_observability_v1,ola_sparse_bayesian_keep010_seed42,160,ola,global,,,layers.0.bias,raw,4,0.00025127506448015914,0.00031208877694310645,0.0002816819207116328,5,642.3304616339624,0.2421875,128
bayesfl_observability_v1,ola_sparse_bayesian_keep010_seed42,160,ola,global,,,layers.0.bias,raw,5,0.00031208877694310645,0.0003729024894060537,0.0003424956331745801,1,128.4660923267926,0.25,128
bayesfl_observability_v1,ola_sparse_bayesian_keep010_seed42,160,ola,global,,,layers.0.bias,raw,6,0.0003729024894060537,0.000433716201869001,0.00040330934563752736,4,513.8643693071699,0.28125,128
bayesfl_observability_v1,ola_sparse_bayesian_keep010_seed42,160,ola,global,,,layers.0.bias,raw,7,0.000433716201869001,0.0004945299143319483,0.00046412305810047467,1,128.46609232679248,0.2890625,128
bayesfl_observability_v1,ola_sparse_bayesian_keep010_seed42,160,ola,global,,,layers.0.bias,raw,8,0.0004945299143319483,0.0005553436267948956,0.000524936770563422,4,513.8643693071699,0.3203125,128
bayesfl_observability_v1,ola_sparse_bayesian_keep010_seed42,160,ola,global,,,layers.0.bias,raw,9,0.0005553436267948956,0.0006161573392578429,0.0005857504830263692,2,256.93218465358495,0.3359375,128
bayesfl_observability_v1,ola_sparse_bayesian_keep010_seed42,160,ola,global,,,layers.0.bias,raw,10,0.0006161573392578429,0.0006769710517207903,0.0006465641954893167,0,0.0,0.3359375,128
bayesfl_observability_v1,ola_sparse_bayesian_keep010_seed42,160,ola,global,,,layers.0.bias,raw,11,0.0006769710517207903,0.0007377847641837375,0.0007073779079522639,4,513.8643693071708,0.3671875,128
bayesfl_observability_v1,ola_sparse_bayesian_keep010_seed42,160,ola,global,,,layers.0.bias,raw,12,0.0007377847641837375,0.0007985984766466848,0.0007681916204152111,4,513.8643693071699,0.3984375,128
bayesfl_observability_v1,ola_sparse_bayesian_keep010_seed42,160,ola,global,,,layers.0.bias,raw,13,0.0007985984766466848,0.0008594121891096321,0.0008290053328781585,5,642.3304616339624,0.4375,128
bayesfl_observability_v1,ola_sparse_bayesian_keep010_seed42,160,ola,global,,,layers.0.bias,raw,14,0.0008594121891096321,0.0009202259015725794,0.0008898190453411057,4,513.8643693071699,0.46875,128
bayesfl_observability_v1,ola_sparse_bayesian_keep010_seed42,160,ola,global,,,layers.0.bias,raw,15,0.0009202259015725794,0.0009810396140355266,0.000950632757804053,2,256.9321846535854,0.484375,128
bayesfl_observability_v1,ola_sparse_bayesian_keep010_seed42,160,ola,global,,,layers.0.bias,raw,16,0.0009810396140355266,0.0010418533264984738,0.0010114464702670003,4,513.8643693071708,0.515625,128
bayesfl_observability_v1,ola_sparse_bayesian_keep010_seed42,160,ola,global,,,layers.0.bias,raw,17,0.0010418533264984738,0.0011026670389614212,0.0010722601827299475,4,513.864369307169,0.546875,128
bayesfl_observability_v1,ola_sparse_bayesian_keep010_seed42,160,ola,global,,,layers.0.bias,raw,18,0.0011026670389614212,0.0011634807514243684,0.0011330738951928947,1,128.4660923267927,0.5546875,128
bayesfl_observability_v1,ola_sparse_bayesian_keep010_seed42,160,ola,global,,,layers.0.bias,raw,19,0.0011634807514243684,0.0012242944638873158,0.0011938876076558421,7,899.2626462875457,0.609375,128
bayesfl_observability_v1,ola_sparse_bayesian_keep010_seed42,160,ola,global,,,layers.0.bias,raw,20,0.0012242944638873158,0.001285108176350263,0.0012547013201187895,3,385.3982769803781,0.6328125,128
bayesfl_observability_v1,ola_sparse_bayesian_keep010_seed42,160,ola,global,,,layers.0.bias,raw,21,0.001285108176350263,0.0013459218888132105,0.0013155150325817367,4,513.864369307169,0.6640625,128
bayesfl_observability_v1,ola_sparse_bayesian_keep010_seed42,160,ola,global,,,layers.0.bias,raw,22,0.0013459218888132105,0.0014067356012761577,0.001376328745044684,0,0.0,0.6640625,128
bayesfl_observability_v1,ola_sparse_bayesian_keep010_seed42,160,ola,global,,,layers.0.bias,raw,23,0.0014067356012761577,0.0014675493137391049,0.0014371424575076314,4,513.8643693071708,0.6953125,128
bayesfl_observability_v1,ola_sparse_bayesian_keep010_seed42,160,ola,global,,,layers.0.bias,raw,24,0.0014675493137391049,0.0015283630262020523,0.0014979561699705786,5,642.3304616339612,0.734375,128
bayesfl_observability_v1,ola_sparse_bayesian_keep010_seed42,160,ola,global,,,layers.0.bias,raw,25,0.0015283630262020523,0.0015891767386649995,0.0015587698824335258,3,385.3982769803781,0.7578125,128
bayesfl_observability_v1,ola_sparse_bayesian_keep010_seed42,160,ola,global,,,layers.0.bias,raw,26,0.0015891767386649995,0.001649990451127947,0.0016195835948964732,1,128.46609232679225,0.765625,128
bayesfl_observability_v1,ola_sparse_bayesian_keep010_seed42,160,ola,global,,,layers.0.bias,raw,27,0.001649990451127947,0.001710804163590894,0.0016803973073594206,3,385.3982769803781,0.7890625,128
bayesfl_observability_v1,ola_sparse_bayesian_keep010_seed42,160,ola,global,,,layers.0.bias,raw,28,0.001710804163590894,0.0017716178760538415,0.0017412110198223678,1,128.46609232679225,0.796875,128
bayesfl_observability_v1,ola_sparse_bayesian_keep010_seed42,160,ola,global,,,layers.0.bias,raw,29,0.0017716178760538415,0.0018324315885167887,0.001802024732285315,2,256.9321846535854,0.8125,128
bayesfl_observability_v1,ola_sparse_bayesian_keep010_seed42,160,ola,global,,,layers.0.bias,raw,30,0.0018324315885167887,0.0018932453009797361,0.0018628384447482624,0,0.0,0.8125,128
bayesfl_observability_v1,ola_sparse_bayesian_keep010_seed42,160,ola,global,,,layers.0.bias,raw,31,0.0018932453009797361,0.0019540590134426833,0.0019236521572112098,3,385.3982769803781,0.8359375,128
bayesfl_observability_v1,ola_sparse_bayesian_keep010_seed42,160,ola,global,,,layers.0.bias,raw,32,0.0019540590134426833,0.0020148727259056308,0.001984465869674157,1,128.46609232679225,0.84375,128
bayesfl_observability_v1,ola_sparse_bayesian_keep010_seed42,160,ola,global,,,layers.0.bias,raw,33,0.0020148727259056308,0.0020756864383685777,0.0020452795821371043,1,128.46609232679316,0.8515625,128
bayesfl_observability_v1,ola_sparse_bayesian_keep010_seed42,160,ola,global,,,layers.0.bias,raw,34,0.0020756864383685777,0.002136500150831525,0.0021060932946000517,3,385.39827698037675,0.875,128
bayesfl_observability_v1,ola_sparse_bayesian_keep010_seed42,160,ola,global,,,layers.0.bias,raw,35,0.002136500150831525,0.0021973138632944726,0.0021669070070629987,1,128.46609232679225,0.8828125,128
bayesfl_observability_v1,ola_sparse_bayesian_keep010_seed42,160,ola,global,,,layers.0.bias,raw,36,0.0021973138632944726,0.00225812757575742,0.0022277207195259465,2,256.9321846535845,0.8984375,128
bayesfl_observability_v1,ola_sparse_bayesian_keep010_seed42,160,ola,global,,,layers.0.bias,raw,37,0.00225812757575742,0.002318941288220367,0.0022885344319888935,1,128.46609232679316,0.90625,128
bayesfl_observability_v1,ola_sparse_bayesian_keep010_seed42,160,ola,global,,,layers.0.bias,raw,38,0.002318941288220367,0.0023797550006833144,0.0023493481444518405,3,385.39827698037675,0.9296875,128
bayesfl_observability_v1,ola_sparse_bayesian_keep010_seed42,160,ola,global,,,layers.0.bias,raw,39,0.0023797550006833144,0.002440568713146262,0.0024101618569147883,3,385.39827698037675,0.953125,128
bayesfl_observability_v1,ola_sparse_bayesian_keep010_seed42,160,ola,global,,,layers.0.bias,raw,40,0.002440568713146262,0.002501382425609209,0.0024709755693777353,1,128.46609232679316,0.9609375,128
bayesfl_observability_v1,ola_sparse_bayesian_keep010_seed42,160,ola,global,,,layers.0.bias,raw,41,0.002501382425609209,0.0025621961380721562,0.0025317892818406823,0,0.0,0.9609375,128
bayesfl_observability_v1,ola_sparse_bayesian_keep010_seed42,160,ola,global,,,layers.0.bias,raw,42,0.0025621961380721562,0.0026230098505351036,0.00259260299430363,0,0.0,0.9609375,128
bayesfl_observability_v1,ola_sparse_bayesian_keep010_seed42,160,ola,global,,,layers.0.bias,raw,43,0.0026230098505351036,0.002683823562998051,0.002653416706766577,0,0.0,0.9609375,128
bayesfl_observability_v1,ola_sparse_bayesian_keep010_seed42,160,ola,global,,,layers.0.bias,raw,44,0.002683823562998051,0.002744637275460998,0.0027142304192295246,1,128.46609232679316,0.96875,128
bayesfl_observability_v1,ola_sparse_bayesian_keep010_seed42,160,ola,global,,,layers.0.bias,raw,45,0.002744637275460998,0.0028054509879239455,0.002775044131692472,1,128.46609232679225,0.9765625,128
bayesfl_observability_v1,ola_sparse_bayesian_keep010_seed42,160,ola,global,,,layers.0.bias,raw,46,0.0028054509879239455,0.002866264700386893,0.002835857844155419,1,128.46609232679225,0.984375,128
bayesfl_observability_v1,ola_sparse_bayesian_keep010_seed42,160,ola,global,,,layers.0.bias,raw,47,0.002866264700386893,0.00292707841284984,0.0028966715566183664,1,128.46609232679316,0.9921875,128
bayesfl_observability_v1,ola_sparse_bayesian_keep010_seed42,160,ola,global,,,layers.0.bias,raw,48,0.00292707841284984,0.0029878921253127873,0.002957485269081314,0,0.0,0.9921875,128
bayesfl_observability_v1,ola_sparse_bayesian_keep010_seed42,160,ola,global,,,layers.0.bias,raw,49,0.0029878921253127873,0.0030487058377757347,0.003018298981544261,0,0.0,0.9921875,128
bayesfl_observability_v1,ola_sparse_bayesian_keep010_seed42,160,ola,global,,,layers.0.bias,raw,50,0.0030487058377757347,0.003109519550238682,0.0030791126940072086,0,0.0,0.9921875,128
bayesfl_observability_v1,ola_sparse_bayesian_keep010_seed42,160,ola,global,,,layers.0.bias,raw,51,0.003109519550238682,0.003170333262701629,0.0031399264064701556,0,0.0,0.9921875,128
bayesfl_observability_v1,ola_sparse_bayesian_keep010_seed42,160,ola,global,,,layers.0.bias,raw,52,0.003170333262701629,0.0032311469751645765,0.0032007401189331026,0,0.0,0.9921875,128
bayesfl_observability_v1,ola_sparse_bayesian_keep010_seed42,160,ola,global,,,layers.0.bias,raw,53,0.0032311469751645765,0.003291960687627524,0.0032615538313960505,0,0.0,0.9921875,128
bayesfl_observability_v1,ola_sparse_bayesian_keep010_seed42,160,ola,global,,,layers.0.bias,raw,54,0.003291960687627524,0.0033527744000904714,0.0033223675438589974,0,0.0,0.9921875,128
bayesfl_observability_v1,ola_sparse_bayesian_keep010_seed42,160,ola,global,,,layers.0.bias,raw,55,0.0033527744000904714,0.0034135881125534184,0.003383181256321945,0,0.0,0.9921875,128
bayesfl_observability_v1,ola_sparse_bayesian_keep010_seed42,160,ola,global,,,layers.0.bias,raw,56,0.0034135881125534184,0.0034744018250163658,0.0034439949687848923,0,0.0,0.9921875,128
bayesfl_observability_v1,ola_sparse_bayesian_keep010_seed42,160,ola,global,,,layers.0.bias,raw,57,0.0034744018250163658,0.003535215537479313,0.0035048086812478393,0,0.0,0.9921875,128
bayesfl_observability_v1,ola_sparse_bayesian_keep010_seed42,160,ola,global,,,layers.0.bias,raw,58,0.003535215537479313,0.00359602924994226,0.0035656223937107867,0,0.0,0.9921875,128
bayesfl_observability_v1,ola_sparse_bayesian_keep010_seed42,160,ola,global,,,layers.0.bias,raw,59,0.00359602924994226,0.0036568429624052076,0.003626436106173734,0,0.0,0.9921875,128
bayesfl_observability_v1,ola_sparse_bayesian_keep010_seed42,160,ola,global,,,layers.0.bias,raw,60,0.0036568429624052076,0.003717656674868155,0.003687249818636681,0,0.0,0.9921875,128
bayesfl_observability_v1,ola_sparse_bayesian_keep010_seed42,160,ola,global,,,layers.0.bias,raw,61,0.003717656674868155,0.0037784703873311024,0.003748063531099629,0,0.0,0.9921875,128
bayesfl_observability_v1,ola_sparse_bayesian_keep010_seed42,160,ola,global,,,layers.0.bias,raw,62,0.0037784703873311024,0.0038392840997940494,0.003808877243562576,0,0.0,0.9921875,128
bayesfl_observability_v1,ola_sparse_bayesian_keep010_seed42,160,ola,global,,,layers.0.bias,raw,63,0.0038392840997940494,0.003900097812256997,0.003869690956025523,0,0.0,0.9921875,128
bayesfl_observability_v1,ola_sparse_bayesian_keep010_seed42,160,ola,global,,,layers.0.bias,raw,64,0.003900097812256997,0.003960911524719944,0.003930504668488471,0,0.0,0.9921875,128
bayesfl_observability_v1,ola_sparse_bayesian_keep010_seed42,160,ola,global,,,layers.0.bias,raw,65,0.003960911524719944,0.004021725237182892,0.003991318380951418,0,0.0,0.9921875,128
bayesfl_observability_v1,ola_sparse_bayesian_keep010_seed42,160,ola,global,,,layers.0.bias,raw,66,0.004021725237182892,0.004082538949645839,0.004052132093414365,0,0.0,0.9921875,128
bayesfl_observability_v1,ola_sparse_bayesian_keep010_seed42,160,ola,global,,,layers.0.bias,raw,67,0.004082538949645839,0.004143352662108786,0.004112945805877313,0,0.0,0.9921875,128
bayesfl_observability_v1,ola_sparse_bayesian_keep010_seed42,160,ola,global,,,layers.0.bias,raw,68,0.004143352662108786,0.0042041663745717335,0.00417375951834026,0,0.0,0.9921875,128
bayesfl_observability_v1,ola_sparse_bayesian_keep010_seed42,160,ola,global,,,layers.0.bias,raw,69,0.0042041663745717335,0.0042649800870346805,0.0042345732308032066,0,0.0,0.9921875,128
bayesfl_observability_v1,ola_sparse_bayesian_keep010_seed42,160,ola,global,,,layers.0.bias,raw,70,0.0042649800870346805,0.004325793799497628,0.004295386943266154,0,0.0,0.9921875,128
bayesfl_observability_v1,ola_sparse_bayesian_keep010_seed42,160,ola,global,,,layers.0.bias,raw,71,0.004325793799497628,0.004386607511960575,0.004356200655729102,0,0.0,0.9921875,128
bayesfl_observability_v1,ola_sparse_bayesian_keep010_seed42,160,ola,global,,,layers.0.bias,raw,72,0.004386607511960575,0.004447421224423522,0.004417014368192048,0,0.0,0.9921875,128
bayesfl_observability_v1,ola_sparse_bayesian_keep010_seed42,160,ola,global,,,layers.0.bias,raw,73,0.004447421224423522,0.00450823493688647,0.004477828080654996,0,0.0,0.9921875,128
bayesfl_observability_v1,ola_sparse_bayesian_keep010_seed42,160,ola,global,,,layers.0.bias,raw,74,0.00450823493688647,0.004569048649349417,0.004538641793117944,0,0.0,0.9921875,128
bayesfl_observability_v1,ola_sparse_bayesian_keep010_seed42,160,ola,global,,,layers.0.bias,raw,75,0.004569048649349417,0.004629862361812364,0.00459945550558089,0,0.0,0.9921875,128
bayesfl_observability_v1,ola_sparse_bayesian_keep010_seed42,160,ola,global,,,layers.0.bias,raw,76,0.004629862361812364,0.004690676074275312,0.004660269218043838,0,0.0,0.9921875,128
bayesfl_observability_v1,ola_sparse_bayesian_keep010_seed42,160,ola,global,,,layers.0.bias,raw,77,0.004690676074275312,0.004751489786738259,0.004721082930506786,0,0.0,0.9921875,128
bayesfl_observability_v1,ola_sparse_bayesian_keep010_seed42,160,ola,global,,,layers.0.bias,raw,78,0.004751489786738259,0.004812303499201206,0.004781896642969732,0,0.0,0.9921875,128
bayesfl_observability_v1,ola_sparse_bayesian_keep010_seed42,160,ola,global,,,layers.0.bias,raw,79,0.004812303499201206,0.004873117211664154,0.00484271035543268,1,128.46609232679134,1.0,128
bayesfl_observability_v1,ola_sparse_bayesian_keep010_seed42,160,ola,global,,,layers.0.bias,db,0,-101.91627910575731,-101.22037390254677,-101.56832650415204,1,0.011226385381165715,0.0078125,128
bayesfl_observability_v1,ola_sparse_bayesian_keep010_seed42,160,ola,global,,,layers.0.bias,db,1,-101.22037390254677,-100.52446869933623,-100.8724213009415,0,0.0,0.0078125,128
bayesfl_observability_v1,ola_sparse_bayesian_keep010_seed42,160,ola,global,,,layers.0.bias,db,2,-100.52446869933623,-99.8285634961257,-100.17651609773097,1,0.011226385381165944,0.015625,128
bayesfl_observability_v1,ola_sparse_bayesian_keep010_seed42,160,ola,global,,,layers.0.bias,db,3,-99.8285634961257,-99.13265829291515,-99.48061089452042,0,0.0,0.015625,128
bayesfl_observability_v1,ola_sparse_bayesian_keep010_seed42,160,ola,global,,,layers.0.bias,db,4,-99.13265829291515,-98.43675308970461,-98.78470569130988,0,0.0,0.015625,128
bayesfl_observability_v1,ola_sparse_bayesian_keep010_seed42,160,ola,global,,,layers.0.bias,db,5,-98.43675308970461,-97.74084788649407,-98.08880048809934,0,0.0,0.015625,128
bayesfl_observability_v1,ola_sparse_bayesian_keep010_seed42,160,ola,global,,,layers.0.bias,db,6,-97.74084788649407,-97.04494268328352,-97.3928952848888,0,0.0,0.015625,128
bayesfl_observability_v1,ola_sparse_bayesian_keep010_seed42,160,ola,global,,,layers.0.bias,db,7,-97.04494268328352,-96.34903748007298,-96.69699008167825,1,0.011226385381165715,0.0234375,128
bayesfl_observability_v1,ola_sparse_bayesian_keep010_seed42,160,ola,global,,,layers.0.bias,db,8,-96.34903748007298,-95.65313227686245,-96.00108487846771,0,0.0,0.0234375,128
bayesfl_observability_v1,ola_sparse_bayesian_keep010_seed42,160,ola,global,,,layers.0.bias,db,9,-95.65313227686245,-94.95722707365191,-95.30517967525718,0,0.0,0.0234375,128
bayesfl_observability_v1,ola_sparse_bayesian_keep010_seed42,160,ola,global,,,layers.0.bias,db,10,-94.95722707365191,-94.26132187044136,-94.60927447204664,0,0.0,0.0234375,128
bayesfl_observability_v1,ola_sparse_bayesian_keep010_seed42,160,ola,global,,,layers.0.bias,db,11,-94.26132187044136,-93.56541666723082,-93.91336926883609,0,0.0,0.0234375,128
bayesfl_observability_v1,ola_sparse_bayesian_keep010_seed42,160,ola,global,,,layers.0.bias,db,12,-93.56541666723082,-92.86951146402029,-93.21746406562556,0,0.0,0.0234375,128
bayesfl_observability_v1,ola_sparse_bayesian_keep010_seed42,160,ola,global,,,layers.0.bias,db,13,-92.86951146402029,-92.17360626080975,-92.52155886241502,1,0.011226385381165715,0.03125,128
bayesfl_observability_v1,ola_sparse_bayesian_keep010_seed42,160,ola,global,,,layers.0.bias,db,14,-92.17360626080975,-91.4777010575992,-91.82565365920448,0,0.0,0.03125,128
bayesfl_observability_v1,ola_sparse_bayesian_keep010_seed42,160,ola,global,,,layers.0.bias,db,15,-91.4777010575992,-90.78179585438866,-91.12974845599393,0,0.0,0.03125,128
bayesfl_observability_v1,ola_sparse_bayesian_keep010_seed42,160,ola,global,,,layers.0.bias,db,16,-90.78179585438866,-90.08589065117812,-90.43384325278339,0,0.0,0.03125,128
bayesfl_observability_v1,ola_sparse_bayesian_keep010_seed42,160,ola,global,,,layers.0.bias,db,17,-90.08589065117812,-89.38998544796758,-89.73793804957285,0,0.0,0.03125,128
bayesfl_observability_v1,ola_sparse_bayesian_keep010_seed42,160,ola,global,,,layers.0.bias,db,18,-89.38998544796758,-88.69408024475703,-89.0420328463623,0,0.0,0.03125,128
bayesfl_observability_v1,ola_sparse_bayesian_keep010_seed42,160,ola,global,,,layers.0.bias,db,19,-88.69408024475703,-87.9981750415465,-88.34612764315176,0,0.0,0.03125,128
bayesfl_observability_v1,ola_sparse_bayesian_keep010_seed42,160,ola,global,,,layers.0.bias,db,20,-87.9981750415465,-87.30226983833596,-87.65022243994123,0,0.0,0.03125,128
bayesfl_observability_v1,ola_sparse_bayesian_keep010_seed42,160,ola,global,,,layers.0.bias,db,21,-87.30226983833596,-86.60636463512542,-86.95431723673069,1,0.011226385381165715,0.0390625,128
bayesfl_observability_v1,ola_sparse_bayesian_keep010_seed42,160,ola,global,,,layers.0.bias,db,22,-86.60636463512542,-85.91045943191487,-86.25841203352014,1,0.011226385381165715,0.046875,128
bayesfl_observability_v1,ola_sparse_bayesian_keep010_seed42,160,ola,global,,,layers.0.bias,db,23,-85.91045943191487,-85.21455422870434,-85.56250683030962,1,0.011226385381165944,0.0546875,128
bayesfl_observability_v1,ola_sparse_bayesian_keep010_seed42,160,ola,global,,,layers.0.bias,db,24,-85.21455422870434,-84.5186490254938,-84.86660162709907,0,0.0,0.0546875,128
bayesfl_observability_v1,ola_sparse_bayesian_keep010_seed42,160,ola,global,,,layers.0.bias,db,25,-84.5186490254938,-83.82274382228326,-84.17069642388853,1,0.011226385381165715,0.0625,128
bayesfl_observability_v1,ola_sparse_bayesian_keep010_seed42,160,ola,global,,,layers.0.bias,db,26,-83.82274382228326,-83.12683861907271,-83.47479122067799,0,0.0,0.0625,128
bayesfl_observability_v1,ola_sparse_bayesian_keep010_seed42,160,ola,global,,,layers.0.bias,db,27,-83.12683861907271,-82.43093341586217,-82.77888601746744,0,0.0,0.0625,128
bayesfl_observability_v1,ola_sparse_bayesian_keep010_seed42,160,ola,global,,,layers.0.bias,db,28,-82.43093341586217,-81.73502821265163,-82.0829808142569,0,0.0,0.0625,128
bayesfl_observability_v1,ola_sparse_bayesian_keep010_seed42,160,ola,global,,,layers.0.bias,db,29,-81.73502821265163,-81.03912300944108,-81.38707561104636,2,0.02245277076233143,0.078125,128
bayesfl_observability_v1,ola_sparse_bayesian_keep010_seed42,160,ola,global,,,layers.0.bias,db,30,-81.03912300944108,-80.34321780623056,-80.69117040783581,0,0.0,0.078125,128
bayesfl_observability_v1,ola_sparse_bayesian_keep010_seed42,160,ola,global,,,layers.0.bias,db,31,-80.34321780623056,-79.64731260302001,-79.99526520462528,1,0.011226385381165715,0.0859375,128
bayesfl_observability_v1,ola_sparse_bayesian_keep010_seed42,160,ola,global,,,layers.0.bias,db,32,-79.64731260302001,-78.95140739980947,-79.29936000141474,1,0.011226385381165715,0.09375,128
bayesfl_observability_v1,ola_sparse_bayesian_keep010_seed42,160,ola,global,,,layers.0.bias,db,33,-78.95140739980947,-78.25550219659894,-78.60345479820421,0,0.0,0.09375,128
bayesfl_observability_v1,ola_sparse_bayesian_keep010_seed42,160,ola,global,,,layers.0.bias,db,34,-78.25550219659894,-77.5595969933884,-77.90754959499367,2,0.02245277076233143,0.109375,128
bayesfl_observability_v1,ola_sparse_bayesian_keep010_seed42,160,ola,global,,,layers.0.bias,db,35,-77.5595969933884,-76.86369179017785,-77.21164439178312,1,0.011226385381165715,0.1171875,128
bayesfl_observability_v1,ola_sparse_bayesian_keep010_seed42,160,ola,global,,,layers.0.bias,db,36,-76.86369179017785,-76.16778658696731,-76.51573918857258,2,0.02245277076233143,0.1328125,128
bayesfl_observability_v1,ola_sparse_bayesian_keep010_seed42,160,ola,global,,,layers.0.bias,db,37,-76.16778658696731,-75.47188138375677,-75.81983398536204,1,0.011226385381165715,0.140625,128
bayesfl_observability_v1,ola_sparse_bayesian_keep010_seed42,160,ola,global,,,layers.0.bias,db,38,-75.47188138375677,-74.77597618054622,-75.1239287821515,1,0.011226385381165715,0.1484375,128
bayesfl_observability_v1,ola_sparse_bayesian_keep010_seed42,160,ola,global,,,layers.0.bias,db,39,-74.77597618054622,-74.08007097733568,-74.42802357894095,0,0.0,0.1484375,128
bayesfl_observability_v1,ola_sparse_bayesian_keep010_seed42,160,ola,global,,,layers.0.bias,db,40,-74.08007097733568,-73.38416577412515,-73.73211837573041,1,0.011226385381165944,0.15625,128
bayesfl_observability_v1,ola_sparse_bayesian_keep010_seed42,160,ola,global,,,layers.0.bias,db,41,-73.38416577412515,-72.68826057091461,-73.03621317251988,2,0.02245277076233143,0.171875,128
bayesfl_observability_v1,ola_sparse_bayesian_keep010_seed42,160,ola,global,,,layers.0.bias,db,42,-72.68826057091461,-71.99235536770406,-72.34030796930934,4,0.04490554152466286,0.203125,128
bayesfl_observability_v1,ola_sparse_bayesian_keep010_seed42,160,ola,global,,,layers.0.bias,db,43,-71.99235536770406,-71.29645016449352,-71.64440276609879,2,0.02245277076233143,0.21875,128
bayesfl_observability_v1,ola_sparse_bayesian_keep010_seed42,160,ola,global,,,layers.0.bias,db,44,-71.29645016449352,-70.60054496128299,-70.94849756288826,1,0.011226385381165944,0.2265625,128
bayesfl_observability_v1,ola_sparse_bayesian_keep010_seed42,160,ola,global,,,layers.0.bias,db,45,-70.60054496128299,-69.90463975807245,-70.25259235967772,2,0.02245277076233143,0.2421875,128
bayesfl_observability_v1,ola_sparse_bayesian_keep010_seed42,160,ola,global,,,layers.0.bias,db,46,-69.90463975807245,-69.2087345548619,-69.55668715646718,1,0.011226385381165715,0.25,128
bayesfl_observability_v1,ola_sparse_bayesian_keep010_seed42,160,ola,global,,,layers.0.bias,db,47,-69.2087345548619,-68.51282935165136,-68.86078195325663,0,0.0,0.25,128
bayesfl_observability_v1,ola_sparse_bayesian_keep010_seed42,160,ola,global,,,layers.0.bias,db,48,-68.51282935165136,-67.81692414844082,-68.16487675004609,4,0.04490554152466286,0.28125,128
bayesfl_observability_v1,ola_sparse_bayesian_keep010_seed42,160,ola,global,,,layers.0.bias,db,49,-67.81692414844082,-67.12101894523028,-67.46897154683555,0,0.0,0.28125,128
bayesfl_observability_v1,ola_sparse_bayesian_keep010_seed42,160,ola,global,,,layers.0.bias,db,50,-67.12101894523028,-66.42511374201973,-66.773066343625,1,0.011226385381165715,0.2890625,128
bayesfl_observability_v1,ola_sparse_bayesian_keep010_seed42,160,ola,global,,,layers.0.bias,db,51,-66.42511374201973,-65.7292085388092,-66.07716114041446,2,0.02245277076233189,0.3046875,128
bayesfl_observability_v1,ola_sparse_bayesian_keep010_seed42,160,ola,global,,,layers.0.bias,db,52,-65.7292085388092,-65.03330333559866,-65.38125593720393,2,0.02245277076233143,0.3203125,128
bayesfl_observability_v1,ola_sparse_bayesian_keep010_seed42,160,ola,global,,,layers.0.bias,db,53,-65.03330333559866,-64.33739813238812,-64.68535073399339,2,0.02245277076233143,0.3359375,128
bayesfl_observability_v1,ola_sparse_bayesian_keep010_seed42,160,ola,global,,,layers.0.bias,db,54,-64.33739813238812,-63.64149292917758,-63.989445530782845,0,0.0,0.3359375,128
bayesfl_observability_v1,ola_sparse_bayesian_keep010_seed42,160,ola,global,,,layers.0.bias,db,55,-63.64149292917758,-62.94558772596704,-63.29354032757231,3,0.033679156143497146,0.359375,128
bayesfl_observability_v1,ola_sparse_bayesian_keep010_seed42,160,ola,global,,,layers.0.bias,db,56,-62.94558772596704,-62.249682522756494,-62.597635124361766,4,0.04490554152466286,0.390625,128
bayesfl_observability_v1,ola_sparse_bayesian_keep010_seed42,160,ola,global,,,layers.0.bias,db,57,-62.249682522756494,-61.55377731954596,-61.90172992115123,5,0.05613192690582915,0.4296875,128
bayesfl_observability_v1,ola_sparse_bayesian_keep010_seed42,160,ola,global,,,layers.0.bias,db,58,-61.55377731954596,-60.857872116335415,-61.205824717940686,3,0.033679156143497146,0.453125,128
bayesfl_observability_v1,ola_sparse_bayesian_keep010_seed42,160,ola,global,,,layers.0.bias,db,59,-60.857872116335415,-60.16196691312487,-60.50991951473014,4,0.04490554152466286,0.484375,128
bayesfl_observability_v1,ola_sparse_bayesian_keep010_seed42,160,ola,global,,,layers.0.bias,db,60,-60.16196691312487,-59.466061709914335,-59.8140143115196,6,0.06735831228699499,0.53125,128
bayesfl_observability_v1,ola_sparse_bayesian_keep010_seed42,160,ola,global,,,layers.0.bias,db,61,-59.466061709914335,-58.77015650670379,-59.11810910830906,3,0.033679156143497146,0.5546875,128
bayesfl_observability_v1,ola_sparse_bayesian_keep010_seed42,160,ola,global,,,layers.0.bias,db,62,-58.77015650670379,-58.074251303493256,-58.42220390509853,9,0.10103746843049248,0.625,128
bayesfl_observability_v1,ola_sparse_bayesian_keep010_seed42,160,ola,global,,,layers.0.bias,db,63,-58.074251303493256,-57.37834610028271,-57.726298701887984,5,0.05613192690582858,0.6640625,128
bayesfl_observability_v1,ola_sparse_bayesian_keep010_seed42,160,ola,global,,,layers.0.bias,db,64,-57.37834610028271,-56.68244089707217,-57.03039349867744,4,0.04490554152466286,0.6953125,128
bayesfl_observability_v1,ola_sparse_bayesian_keep010_seed42,160,ola,global,,,layers.0.bias,db,65,-56.68244089707217,-55.98653569386163,-56.3344882954669,8,0.08981108304932664,0.7578125,128
bayesfl_observability_v1,ola_sparse_bayesian_keep010_seed42,160,ola,global,,,layers.0.bias,db,66,-55.98653569386163,-55.29063049065109,-55.63858309225636,5,0.05613192690582858,0.796875,128
bayesfl_observability_v1,ola_sparse_bayesian_keep010_seed42,160,ola,global,,,layers.0.bias,db,67,-55.29063049065109,-54.59472528744055,-54.942677889045825,2,0.02245277076233166,0.8125,128
bayesfl_observability_v1,ola_sparse_bayesian_keep010_seed42,160,ola,global,,,layers.0.bias,db,68,-54.59472528744055,-53.89882008423001,-54.24677268583528,4,0.04490554152466286,0.84375,128
bayesfl_observability_v1,ola_sparse_bayesian_keep010_seed42,160,ola,global,,,layers.0.bias,db,69,-53.89882008423001,-53.20291488101947,-53.55086748262474,4,0.04490554152466286,0.875,128
bayesfl_observability_v1,ola_sparse_bayesian_keep010_seed42,160,ola,global,,,layers.0.bias,db,70,-53.20291488101947,-52.50700967780893,-52.854962279414195,7,0.07858469766816081,0.9296875,128
bayesfl_observability_v1,ola_sparse_bayesian_keep010_seed42,160,ola,global,,,layers.0.bias,db,71,-52.50700967780893,-51.81110447459839,-52.15905707620366,4,0.04490554152466286,0.9609375,128
bayesfl_observability_v1,ola_sparse_bayesian_keep010_seed42,160,ola,global,,,layers.0.bias,db,72,-51.81110447459839,-51.115199271387844,-51.463151872993116,2,0.02245277076233143,0.9765625,128
bayesfl_observability_v1,ola_sparse_bayesian_keep010_seed42,160,ola,global,,,layers.0.bias,db,73,-51.115199271387844,-50.41929406817731,-50.76724666978258,2,0.02245277076233166,0.9921875,128
bayesfl_observability_v1,ola_sparse_bayesian_keep010_seed42,160,ola,global,,,layers.0.bias,db,74,-50.41929406817731,-49.723388864966765,-50.071341466572036,0,0.0,0.9921875,128
bayesfl_observability_v1,ola_sparse_bayesian_keep010_seed42,160,ola,global,,,layers.0.bias,db,75,-49.723388864966765,-49.02748366175622,-49.37543626336149,0,0.0,0.9921875,128
bayesfl_observability_v1,ola_sparse_bayesian_keep010_seed42,160,ola,global,,,layers.0.bias,db,76,-49.02748366175622,-48.331578458545685,-48.67953106015095,0,0.0,0.9921875,128
bayesfl_observability_v1,ola_sparse_bayesian_keep010_seed42,160,ola,global,,,layers.0.bias,db,77,-48.331578458545685,-47.63567325533514,-47.983625856940414,0,0.0,0.9921875,128
bayesfl_observability_v1,ola_sparse_bayesian_keep010_seed42,160,ola,global,,,layers.0.bias,db,78,-47.63567325533514,-46.939768052124606,-47.28772065372988,0,0.0,0.9921875,128
bayesfl_observability_v1,ola_sparse_bayesian_keep010_seed42,160,ola,global,,,layers.0.bias,db,79,-46.939768052124606,-46.24386284891406,-46.591815450519334,1,0.011226385381165715,1.0,128
bayesfl_observability_v1,ola_sparse_bayesian_keep010_seed42,160,ola,global,,,layers.1.weight,raw,0,1.8476256398960817e-05,0.001524576601384836,0.0007715264288918984,186,96.4826151748626,0.1453125,1280
bayesfl_observability_v1,ola_sparse_bayesian_keep010_seed42,160,ola,global,,,layers.1.weight,raw,1,0.001524576601384836,0.0030306769463707113,0.0022776267738777735,162,84.03324547488032,0.271875,1280
bayesfl_observability_v1,ola_sparse_bayesian_keep010_seed42,160,ola,global,,,layers.1.weight,raw,2,0.0030306769463707113,0.004536777291356587,0.003783727118863649,156,80.92090304988474,0.39375,1280
bayesfl_observability_v1,ola_sparse_bayesian_keep010_seed42,160,ola,global,,,layers.1.weight,raw,3,0.004536777291356587,0.006042877636342462,0.005289827463849524,136,70.54642829989956,0.5,1280
bayesfl_observability_v1,ola_sparse_bayesian_keep010_seed42,160,ola,global,,,layers.1.weight,raw,4,0.006042877636342462,0.007548977981328336,0.006795927808835399,118,61.20940102491285,0.5921875,1280
bayesfl_observability_v1,ola_sparse_bayesian_keep010_seed42,160,ola,global,,,layers.1.weight,raw,5,0.007548977981328336,0.009055078326314213,0.008302028153821275,87,45.1289651624357,0.66015625,1280
bayesfl_observability_v1,ola_sparse_bayesian_keep010_seed42,160,ola,global,,,layers.1.weight,raw,6,0.009055078326314213,0.010561178671300088,0.009808128498807151,74,38.38555657494535,0.71796875,1280
bayesfl_observability_v1,ola_sparse_bayesian_keep010_seed42,160,ola,global,,,layers.1.weight,raw,7,0.010561178671300088,0.012067279016285962,0.011314228843793024,58,30.085976774957164,0.76328125,1280
bayesfl_observability_v1,ola_sparse_bayesian_keep010_seed42,160,ola,global,,,layers.1.weight,raw,8,0.012067279016285962,0.013573379361271837,0.0128203291887789,42,21.78639697496898,0.79609375,1280
bayesfl_observability_v1,ola_sparse_bayesian_keep010_seed42,160,ola,global,,,layers.1.weight,raw,9,0.013573379361271837,0.015079479706257712,0.014326429533764774,49,25.417463137463812,0.834375,1280
bayesfl_observability_v1,ola_sparse_bayesian_keep010_seed42,160,ola,global,,,layers.1.weight,raw,10,0.015079479706257712,0.01658558005124359,0.01583252987875065,25,12.96809343748152,0.85390625,1280
bayesfl_observability_v1,ola_sparse_bayesian_keep010_seed42,160,ola,global,,,layers.1.weight,raw,11,0.01658558005124359,0.018091680396229465,0.017338630223736527,31,16.080435862477085,0.878125,1280
bayesfl_observability_v1,ola_sparse_bayesian_keep010_seed42,160,ola,global,,,layers.1.weight,raw,12,0.018091680396229465,0.019597780741215338,0.0188447305687224,24,12.44936969998229,0.896875,1280
bayesfl_observability_v1,ola_sparse_bayesian_keep010_seed42,160,ola,global,,,layers.1.weight,raw,13,0.019597780741215338,0.021103881086201214,0.020350830913708276,15,7.780856062488913,0.90859375,1280
bayesfl_observability_v1,ola_sparse_bayesian_keep010_seed42,160,ola,global,,,layers.1.weight,raw,14,0.021103881086201214,0.022609981431187087,0.021856931258694152,16,8.299579799988193,0.92109375,1280
bayesfl_observability_v1,ola_sparse_bayesian_keep010_seed42,160,ola,global,,,layers.1.weight,raw,15,0.022609981431187087,0.024116081776172964,0.023363031603680025,11,5.705961112491869,0.9296875,1280
bayesfl_observability_v1,ola_sparse_bayesian_keep010_seed42,160,ola,global,,,layers.1.weight,raw,16,0.024116081776172964,0.02562218212115884,0.024869131948665902,12,6.22468484999113,0.9390625,1280
bayesfl_observability_v1,ola_sparse_bayesian_keep010_seed42,160,ola,global,,,layers.1.weight,raw,17,0.02562218212115884,0.027128282466144713,0.026375232293651775,8,4.149789899994096,0.9453125,1280
bayesfl_observability_v1,ola_sparse_bayesian_keep010_seed42,160,ola,global,,,layers.1.weight,raw,18,0.027128282466144713,0.02863438281113059,0.02788133263863765,2,1.0374474749985216,0.946875,1280
bayesfl_observability_v1,ola_sparse_bayesian_keep010_seed42,160,ola,global,,,layers.1.weight,raw,19,0.02863438281113059,0.030140483156116463,0.029387432983623528,9,4.6685136374933585,0.95390625,1280
bayesfl_observability_v1,ola_sparse_bayesian_keep010_seed42,160,ola,global,,,layers.1.weight,raw,20,0.030140483156116463,0.03164658350110234,0.0308935333286094,7,3.631066162494826,0.959375,1280
bayesfl_observability_v1,ola_sparse_bayesian_keep010_seed42,160,ola,global,,,layers.1.weight,raw,21,0.03164658350110234,0.033152683846088216,0.032399633673595274,5,2.593618687496304,0.96328125,1280
bayesfl_observability_v1,ola_sparse_bayesian_keep010_seed42,160,ola,global,,,layers.1.weight,raw,22,0.033152683846088216,0.03465878419107409,0.03390573401858116,11,5.705961112491869,0.971875,1280
bayesfl_observability_v1,ola_sparse_bayesian_keep010_seed42,160,ola,global,,,layers.1.weight,raw,23,0.03465878419107409,0.03616488453605997,0.03541183436356703,2,1.0374474749985216,0.9734375,1280
bayesfl_observability_v1,ola_sparse_bayesian_keep010_seed42,160,ola,global,,,layers.1.weight,raw,24,0.03616488453605997,0.03767098488104584,0.0369179347085529,1,0.5187237374992633,0.97421875,1280
bayesfl_observability_v1,ola_sparse_bayesian_keep010_seed42,160,ola,global,,,layers.1.weight,raw,25,0.03767098488104584,0.039177085226031715,0.03842403505353878,3,1.5561712124977825,0.9765625,1280
bayesfl_observability_v1,ola_sparse_bayesian_keep010_seed42,160,ola,global,,,layers.1.weight,raw,26,0.039177085226031715,0.04068318557101759,0.03993013539852465,3,1.5561712124977825,0.97890625,1280
bayesfl_observability_v1,ola_sparse_bayesian_keep010_seed42,160,ola,global,,,layers.1.weight,raw,27,0.04068318557101759,0.04218928591600347,0.04143623574351053,3,1.5561712124977825,0.98125,1280
bayesfl_observability_v1,ola_sparse_bayesian_keep010_seed42,160,ola,global,,,layers.1.weight,raw,28,0.04218928591600347,0.043695386260989344,0.0429423360884964,2,1.0374474749985216,0.9828125,1280
bayesfl_observability_v1,ola_sparse_bayesian_keep010_seed42,160,ola,global,,,layers.1.weight,raw,29,0.043695386260989344,0.045201486605975214,0.04444843643348228,3,1.5561712124977898,0.98515625,1280
bayesfl_observability_v1,ola_sparse_bayesian_keep010_seed42,160,ola,global,,,layers.1.weight,raw,30,0.045201486605975214,0.04670758695096109,0.045954536778468155,2,1.0374474749985216,0.98671875,1280
bayesfl_observability_v1,ola_sparse_bayesian_keep010_seed42,160,ola,global,,,layers.1.weight,raw,31,0.04670758695096109,0.048213687295946966,0.047460637123454025,0,0.0,0.98671875,1280
bayesfl_observability_v1,ola_sparse_bayesian_keep010_seed42,160,ola,global,,,layers.1.weight,raw,32,0.048213687295946966,0.04971978764093284,0.04896673746843991,2,1.0374474749985216,0.98828125,1280
bayesfl_observability_v1,ola_sparse_bayesian_keep010_seed42,160,ola,global,,,layers.1.weight,raw,33,0.04971978764093284,0.05122588798591872,0.05047283781342578,0,0.0,0.98828125,1280
bayesfl_observability_v1,ola_sparse_bayesian_keep010_seed42,160,ola,global,,,layers.1.weight,raw,34,0.05122588798591872,0.05273198833090459,0.051978938158411654,0,0.0,0.98828125,1280
bayesfl_observability_v1,ola_sparse_bayesian_keep010_seed42,160,ola,global,,,layers.1.weight,raw,35,0.05273198833090459,0.054238088675890465,0.05348503850339753,1,0.5187237374992608,0.9890625,1280
bayesfl_observability_v1,ola_sparse_bayesian_keep010_seed42,160,ola,global,,,layers.1.weight,raw,36,0.054238088675890465,0.05574418902087634,0.0549911388483834,2,1.0374474749985216,0.990625,1280
bayesfl_observability_v1,ola_sparse_bayesian_keep010_seed42,160,ola,global,,,layers.1.weight,raw,37,0.05574418902087634,0.05725028936586222,0.056497239193369284,0,0.0,0.990625,1280
bayesfl_observability_v1,ola_sparse_bayesian_keep010_seed42,160,ola,global,,,layers.1.weight,raw,38,0.05725028936586222,0.058756389710848095,0.05800333953835515,0,0.0,0.990625,1280
bayesfl_observability_v1,ola_sparse_bayesian_keep010_seed42,160,ola,global,,,layers.1.weight,raw,39,0.058756389710848095,0.060262490055833964,0.05950943988334103,1,0.5187237374992633,0.99140625,1280
bayesfl_observability_v1,ola_sparse_bayesian_keep010_seed42,160,ola,global,,,layers.1.weight,raw,40,0.060262490055833964,0.06176859040081984,0.061015540228326906,0,0.0,0.99140625,1280
bayesfl_observability_v1,ola_sparse_bayesian_keep010_seed42,160,ola,global,,,layers.1.weight,raw,41,0.06176859040081984,0.06327469074580572,0.06252164057331278,4,2.0748949499970433,0.99453125,1280
bayesfl_observability_v1,ola_sparse_bayesian_keep010_seed42,160,ola,global,,,layers.1.weight,raw,42,0.06327469074580572,0.06478079109079159,0.06402774091829866,0,0.0,0.99453125,1280
bayesfl_observability_v1,ola_sparse_bayesian_keep010_seed42,160,ola,global,,,layers.1.weight,raw,43,0.06478079109079159,0.06628689143577747,0.06553384126328453,0,0.0,0.99453125,1280
bayesfl_observability_v1,ola_sparse_bayesian_keep010_seed42,160,ola,global,,,layers.1.weight,raw,44,0.06628689143577747,0.06779299178076334,0.0670399416082704,2,1.0374474749985265,0.99609375,1280
bayesfl_observability_v1,ola_sparse_bayesian_keep010_seed42,160,ola,global,,,layers.1.weight,raw,45,0.06779299178076334,0.06929909212574922,0.06854604195325628,0,0.0,0.99609375,1280
bayesfl_observability_v1,ola_sparse_bayesian_keep010_seed42,160,ola,global,,,layers.1.weight,raw,46,0.06929909212574922,0.07080519247073509,0.07005214229824216,1,0.5187237374992633,0.996875,1280
bayesfl_observability_v1,ola_sparse_bayesian_keep010_seed42,160,ola,global,,,layers.1.weight,raw,47,0.07080519247073509,0.07231129281572098,0.07155824264322803,0,0.0,0.996875,1280
bayesfl_observability_v1,ola_sparse_bayesian_keep010_seed42,160,ola,global,,,layers.1.weight,raw,48,0.07231129281572098,0.07381739316070685,0.0730643429882139,1,0.5187237374992633,0.99765625,1280
bayesfl_observability_v1,ola_sparse_bayesian_keep010_seed42,160,ola,global,,,layers.1.weight,raw,49,0.07381739316070685,0.07532349350569272,0.07457044333319979,0,0.0,0.99765625,1280
bayesfl_observability_v1,ola_sparse_bayesian_keep010_seed42,160,ola,global,,,layers.1.weight,raw,50,0.07532349350569272,0.0768295938506786,0.07607654367818566,0,0.0,0.99765625,1280
bayesfl_observability_v1,ola_sparse_bayesian_keep010_seed42,160,ola,global,,,layers.1.weight,raw,51,0.0768295938506786,0.07833569419566447,0.07758264402317153,1,0.5187237374992633,0.9984375,1280
bayesfl_observability_v1,ola_sparse_bayesian_keep010_seed42,160,ola,global,,,layers.1.weight,raw,52,0.07833569419566447,0.07984179454065035,0.07908874436815741,0,0.0,0.9984375,1280
bayesfl_observability_v1,ola_sparse_bayesian_keep010_seed42,160,ola,global,,,layers.1.weight,raw,53,0.07984179454065035,0.08134789488563622,0.0805948447131433,0,0.0,0.9984375,1280
bayesfl_observability_v1,ola_sparse_bayesian_keep010_seed42,160,ola,global,,,layers.1.weight,raw,54,0.08134789488563622,0.08285399523062209,0.08210094505812915,0,0.0,0.9984375,1280
bayesfl_observability_v1,ola_sparse_bayesian_keep010_seed42,160,ola,global,,,layers.1.weight,raw,55,0.08285399523062209,0.08436009557560797,0.08360704540311503,0,0.0,0.9984375,1280
bayesfl_observability_v1,ola_sparse_bayesian_keep010_seed42,160,ola,global,,,layers.1.weight,raw,56,0.08436009557560797,0.08586619592059384,0.08511314574810092,0,0.0,0.9984375,1280
bayesfl_observability_v1,ola_sparse_bayesian_keep010_seed42,160,ola,global,,,layers.1.weight,raw,57,0.08586619592059384,0.08737229626557973,0.08661924609308679,0,0.0,0.9984375,1280
bayesfl_observability_v1,ola_sparse_bayesian_keep010_seed42,160,ola,global,,,layers.1.weight,raw,58,0.08737229626557973,0.0888783966105656,0.08812534643807265,0,0.0,0.9984375,1280
bayesfl_observability_v1,ola_sparse_bayesian_keep010_seed42,160,ola,global,,,layers.1.weight,raw,59,0.0888783966105656,0.09038449695555147,0.08963144678305854,0,0.0,0.9984375,1280
bayesfl_observability_v1,ola_sparse_bayesian_keep010_seed42,160,ola,global,,,layers.1.weight,raw,60,0.09038449695555147,0.09189059730053735,0.09113754712804441,0,0.0,0.9984375,1280
bayesfl_observability_v1,ola_sparse_bayesian_keep010_seed42,160,ola,global,,,layers.1.weight,raw,61,0.09189059730053735,0.09339669764552322,0.09264364747303028,1,0.5187237374992633,0.99921875,1280
bayesfl_observability_v1,ola_sparse_bayesian_keep010_seed42,160,ola,global,,,layers.1.weight,raw,62,0.09339669764552322,0.0949027979905091,0.09414974781801616,0,0.0,0.99921875,1280
bayesfl_observability_v1,ola_sparse_bayesian_keep010_seed42,160,ola,global,,,layers.1.weight,raw,63,0.0949027979905091,0.09640889833549497,0.09565584816300204,0,0.0,0.99921875,1280
bayesfl_observability_v1,ola_sparse_bayesian_keep010_seed42,160,ola,global,,,layers.1.weight,raw,64,0.09640889833549497,0.09791499868048084,0.0971619485079879,0,0.0,0.99921875,1280
bayesfl_observability_v1,ola_sparse_bayesian_keep010_seed42,160,ola,global,,,layers.1.weight,raw,65,0.09791499868048084,0.09942109902546672,0.09866804885297378,0,0.0,0.99921875,1280
bayesfl_observability_v1,ola_sparse_bayesian_keep010_seed42,160,ola,global,,,layers.1.weight,raw,66,0.09942109902546672,0.1009271993704526,0.10017414919795967,0,0.0,0.99921875,1280
bayesfl_observability_v1,ola_sparse_bayesian_keep010_seed42,160,ola,global,,,layers.1.weight,raw,67,0.1009271993704526,0.10243329971543848,0.10168024954294554,0,0.0,0.99921875,1280
bayesfl_observability_v1,ola_sparse_bayesian_keep010_seed42,160,ola,global,,,layers.1.weight,raw,68,0.10243329971543848,0.10393940006042435,0.1031863498879314,0,0.0,0.99921875,1280
bayesfl_observability_v1,ola_sparse_bayesian_keep010_seed42,160,ola,global,,,layers.1.weight,raw,69,0.10393940006042435,0.10544550040541022,0.10469245023291729,0,0.0,0.99921875,1280
bayesfl_observability_v1,ola_sparse_bayesian_keep010_seed42,160,ola,global,,,layers.1.weight,raw,70,0.10544550040541022,0.1069516007503961,0.10619855057790316,0,0.0,0.99921875,1280
bayesfl_observability_v1,ola_sparse_bayesian_keep010_seed42,160,ola,global,,,layers.1.weight,raw,71,0.1069516007503961,0.10845770109538197,0.10770465092288903,0,0.0,0.99921875,1280
bayesfl_observability_v1,ola_sparse_bayesian_keep010_seed42,160,ola,global,,,layers.1.weight,raw,72,0.10845770109538197,0.10996380144036785,0.10921075126787491,0,0.0,0.99921875,1280
bayesfl_observability_v1,ola_sparse_bayesian_keep010_seed42,160,ola,global,,,layers.1.weight,raw,73,0.10996380144036785,0.11146990178535372,0.1107168516128608,0,0.0,0.99921875,1280
bayesfl_observability_v1,ola_sparse_bayesian_keep010_seed42,160,ola,global,,,layers.1.weight,raw,74,0.11146990178535372,0.11297600213033959,0.11222295195784665,0,0.0,0.99921875,1280
bayesfl_observability_v1,ola_sparse_bayesian_keep010_seed42,160,ola,global,,,layers.1.weight,raw,75,0.11297600213033959,0.11448210247532548,0.11372905230283253,0,0.0,0.99921875,1280
bayesfl_observability_v1,ola_sparse_bayesian_keep010_seed42,160,ola,global,,,layers.1.weight,raw,76,0.11448210247532548,0.11598820282031135,0.11523515264781842,0,0.0,0.99921875,1280
bayesfl_observability_v1,ola_sparse_bayesian_keep010_seed42,160,ola,global,,,layers.1.weight,raw,77,0.11598820282031135,0.11749430316529723,0.11674125299280429,0,0.0,0.99921875,1280
bayesfl_observability_v1,ola_sparse_bayesian_keep010_seed42,160,ola,global,,,layers.1.weight,raw,78,0.11749430316529723,0.1190004035102831,0.11824735333779016,0,0.0,0.99921875,1280
bayesfl_observability_v1,ola_sparse_bayesian_keep010_seed42,160,ola,global,,,layers.1.weight,raw,79,0.1190004035102831,0.12050650385526897,0.11975345368277604,1,0.5187237374992633,1.0,1280
bayesfl_observability_v1,ola_sparse_bayesian_keep010_seed42,160,ola,global,,,layers.1.weight,db,0,-94.66771992161476,-93.71412080088207,-94.19092036124842,2,0.0016385291953703415,0.0015625,1280
bayesfl_observability_v1,ola_sparse_bayesian_keep010_seed42,160,ola,global,,,layers.1.weight,db,1,-93.71412080088207,-92.76052168014938,-93.23732124051573,0,0.0,0.0015625,1280
bayesfl_observability_v1,ola_sparse_bayesian_keep010_seed42,160,ola,global,,,layers.1.weight,db,2,-92.76052168014938,-91.8069225594167,-92.28372211978305,1,0.000819264597685183,0.00234375,1280
bayesfl_observability_v1,ola_sparse_bayesian_keep010_seed42,160,ola,global,,,layers.1.weight,db,3,-91.8069225594167,-90.85332343868401,-91.33012299905036,1,0.0008192645976851708,0.003125,1280
bayesfl_observability_v1,ola_sparse_bayesian_keep010_seed42,160,ola,global,,,layers.1.weight,db,4,-90.85332343868401,-89.89972431795132,-90.37652387831767,0,0.0,0.003125,1280
bayesfl_observability_v1,ola_sparse_bayesian_keep010_seed42,160,ola,global,,,layers.1.weight,db,5,-89.89972431795132,-88.94612519721863,-89.42292475758498,0,0.0,0.003125,1280
bayesfl_observability_v1,ola_sparse_bayesian_keep010_seed42,160,ola,global,,,layers.1.weight,db,6,-88.94612519721863,-87.99252607648594,-88.46932563685229,1,0.0008192645976851708,0.00390625,1280
bayesfl_observability_v1,ola_sparse_bayesian_keep010_seed42,160,ola,global,,,layers.1.weight,db,7,-87.99252607648594,-87.03892695575327,-87.5157265161196,1,0.000819264597685183,0.0046875,1280
bayesfl_observability_v1,ola_sparse_bayesian_keep010_seed42,160,ola,global,,,layers.1.weight,db,8,-87.03892695575327,-86.08532783502058,-86.56212739538692,2,0.0016385291953703415,0.00625,1280
bayesfl_observability_v1,ola_sparse_bayesian_keep010_seed42,160,ola,global,,,layers.1.weight,db,9,-86.08532783502058,-85.13172871428789,-85.60852827465423,1,0.0008192645976851708,0.00703125,1280
bayesfl_observability_v1,ola_sparse_bayesian_keep010_seed42,160,ola,global,,,layers.1.weight,db,10,-85.13172871428789,-84.1781295935552,-84.65492915392154,0,0.0,0.00703125,1280
bayesfl_observability_v1,ola_sparse_bayesian_keep010_seed42,160,ola,global,,,layers.1.weight,db,11,-84.1781295935552,-83.22453047282252,-83.70133003318887,0,0.0,0.00703125,1280
bayesfl_observability_v1,ola_sparse_bayesian_keep010_seed42,160,ola,global,,,layers.1.weight,db,12,-83.22453047282252,-82.27093135208983,-82.74773091245618,2,0.0016385291953703415,0.00859375,1280
bayesfl_observability_v1,ola_sparse_bayesian_keep010_seed42,160,ola,global,,,layers.1.weight,db,13,-82.27093135208983,-81.31733223135714,-81.79413179172349,0,0.0,0.00859375,1280
bayesfl_observability_v1,ola_sparse_bayesian_keep010_seed42,160,ola,global,,,layers.1.weight,db,14,-81.31733223135714,-80.36373311062445,-80.8405326709908,2,0.0016385291953703415,0.01015625,1280
bayesfl_observability_v1,ola_sparse_bayesian_keep010_seed42,160,ola,global,,,layers.1.weight,db,15,-80.36373311062445,-79.41013398989176,-79.8869335502581,1,0.0008192645976851708,0.0109375,1280
bayesfl_observability_v1,ola_sparse_bayesian_keep010_seed42,160,ola,global,,,layers.1.weight,db,16,-79.41013398989176,-78.45653486915907,-78.93333442952542,1,0.0008192645976851708,0.01171875,1280
bayesfl_observability_v1,ola_sparse_bayesian_keep010_seed42,160,ola,global,,,layers.1.weight,db,17,-78.45653486915907,-77.5029357484264,-77.97973530879273,4,0.003277058390740732,0.01484375,1280
bayesfl_observability_v1,ola_sparse_bayesian_keep010_seed42,160,ola,global,,,layers.1.weight,db,18,-77.5029357484264,-76.5493366276937,-77.02613618806005,4,0.003277058390740683,0.01796875,1280
bayesfl_observability_v1,ola_sparse_bayesian_keep010_seed42,160,ola,global,,,layers.1.weight,db,19,-76.5493366276937,-75.59573750696102,-76.07253706732736,3,0.0024577937930555125,0.0203125,1280
bayesfl_observability_v1,ola_sparse_bayesian_keep010_seed42,160,ola,global,,,layers.1.weight,db,20,-75.59573750696102,-74.64213838622832,-75.11893794659467,3,0.0024577937930555125,0.02265625,1280
bayesfl_observability_v1,ola_sparse_bayesian_keep010_seed42,160,ola,global,,,layers.1.weight,db,21,-74.64213838622832,-73.68853926549565,-74.165338825862,2,0.001638529195370366,0.02421875,1280
bayesfl_observability_v1,ola_sparse_bayesian_keep010_seed42,160,ola,global,,,layers.1.weight,db,22,-73.68853926549565,-72.73494014476296,-73.2117397051293,2,0.0016385291953703415,0.02578125,1280
bayesfl_observability_v1,ola_sparse_bayesian_keep010_seed42,160,ola,global,,,layers.1.weight,db,23,-72.73494014476296,-71.78134102403027,-72.25814058439661,1,0.0008192645976851708,0.0265625,1280
bayesfl_observability_v1,ola_sparse_bayesian_keep010_seed42,160,ola,global,,,layers.1.weight,db,24,-71.78134102403027,-70.82774190329758,-71.30454146366392,3,0.0024577937930555125,0.02890625,1280
bayesfl_observability_v1,ola_sparse_bayesian_keep010_seed42,160,ola,global,,,layers.1.weight,db,25,-70.82774190329758,-69.87414278256489,-70.35094234293123,3,0.0024577937930555125,0.03125,1280
bayesfl_observability_v1,ola_sparse_bayesian_keep010_seed42,160,ola,global,,,layers.1.weight,db,26,-69.87414278256489,-68.9205436618322,-69.39734322219854,6,0.004915587586111025,0.0359375,1280
bayesfl_observability_v1,ola_sparse_bayesian_keep010_seed42,160,ola,global,,,layers.1.weight,db,27,-68.9205436618322,-67.96694454109952,-68.44374410146585,3,0.002457793793055549,0.03828125,1280
bayesfl_observability_v1,ola_sparse_bayesian_keep010_seed42,160,ola,global,,,layers.1.weight,db,28,-67.96694454109952,-67.01334542036683,-67.49014498073318,11,0.009011910574536878,0.046875,1280
bayesfl_observability_v1,ola_sparse_bayesian_keep010_seed42,160,ola,global,,,layers.1.weight,db,29,-67.01334542036683,-66.05974629963414,-66.53654586000049,11,0.009011910574536878,0.05546875,1280
bayesfl_observability_v1,ola_sparse_bayesian_keep010_seed42,160,ola,global,,,layers.1.weight,db,30,-66.05974629963414,-65.10614717890145,-65.5829467392678,5,0.004096322988425854,0.059375,1280
bayesfl_observability_v1,ola_sparse_bayesian_keep010_seed42,160,ola,global,,,layers.1.weight,db,31,-65.10614717890145,-64.15254805816878,-64.62934761853512,5,0.004096322988425915,0.06328125,1280
bayesfl_observability_v1,ola_sparse_bayesian_keep010_seed42,160,ola,global,,,layers.1.weight,db,32,-64.15254805816878,-63.198948937436086,-63.67574849780243,12,0.00983117517222205,0.07265625,1280
bayesfl_observability_v1,ola_sparse_bayesian_keep010_seed42,160,ola,global,,,layers.1.weight,db,33,-63.198948937436086,-62.245349816703396,-62.72214937706974,6,0.004915587586111025,0.07734375,1280
bayesfl_observability_v1,ola_sparse_bayesian_keep010_seed42,160,ola,global,,,layers.1.weight,db,34,-62.245349816703396,-61.291750695970705,-61.76855025633705,14,0.011469704367592391,0.08828125,1280
bayesfl_observability_v1,ola_sparse_bayesian_keep010_seed42,160,ola,global,,,layers.1.weight,db,35,-61.291750695970705,-60.33815157523802,-60.81495113560436,14,0.011469704367592476,0.09921875,1280
bayesfl_observability_v1,ola_sparse_bayesian_keep010_seed42,160,ola,global,,,layers.1.weight,db,36,-60.33815157523802,-59.38455245450533,-59.86135201487168,13,0.01065043976990722,0.109375,1280
bayesfl_observability_v1,ola_sparse_bayesian_keep010_seed42,160,ola,global,,,layers.1.weight,db,37,-59.38455245450533,-58.43095333377264,-58.90775289413899,14,0.011469704367592391,0.1203125,1280
bayesfl_observability_v1,ola_sparse_bayesian_keep010_seed42,160,ola,global,,,layers.1.weight,db,38,-58.43095333377264,-57.47735421303996,-57.954153773406304,11,0.009011910574536946,0.12890625,1280
bayesfl_observability_v1,ola_sparse_bayesian_keep010_seed42,160,ola,global,,,layers.1.weight,db,39,-57.47735421303996,-56.52375509230727,-57.000554652673614,16,0.013108233562962732,0.14140625,1280
bayesfl_observability_v1,ola_sparse_bayesian_keep010_seed42,160,ola,global,,,layers.1.weight,db,40,-56.52375509230727,-55.570155971574586,-56.046955531940924,18,0.014746762758333185,0.15546875,1280
bayesfl_observability_v1,ola_sparse_bayesian_keep010_seed42,160,ola,global,,,layers.1.weight,db,41,-55.570155971574586,-54.616556850841896,-55.09335641120824,20,0.016385291953703415,0.17109375,1280
bayesfl_observability_v1,ola_sparse_bayesian_keep010_seed42,160,ola,global,,,layers.1.weight,db,42,-54.616556850841896,-53.662957730109206,-54.13975729047555,32,0.026216467125925465,0.19609375,1280
bayesfl_observability_v1,ola_sparse_bayesian_keep010_seed42,160,ola,global,,,layers.1.weight,db,43,-53.662957730109206,-52.70935860937652,-53.18615816974287,29,0.02375867333287013,0.21875,1280
bayesfl_observability_v1,ola_sparse_bayesian_keep010_seed42,160,ola,global,,,layers.1.weight,db,44,-52.70935860937652,-51.75575948864383,-52.23255904901018,19,0.015566027356018244,0.23359375,1280
bayesfl_observability_v1,ola_sparse_bayesian_keep010_seed42,160,ola,global,,,layers.1.weight,db,45,-51.75575948864383,-50.80216036791115,-51.27895992827749,29,0.02375867333287013,0.25625,1280
bayesfl_observability_v1,ola_sparse_bayesian_keep010_seed42,160,ola,global,,,layers.1.weight,db,46,-50.80216036791115,-49.84856124717846,-50.325360807544804,43,0.035228377700462346,0.28984375,1280
bayesfl_observability_v1,ola_sparse_bayesian_keep010_seed42,160,ola,global,,,layers.1.weight,db,47,-49.84856124717846,-48.894962126445776,-49.37176168681212,35,0.02867426091898119,0.3171875,1280
bayesfl_observability_v1,ola_sparse_bayesian_keep010_seed42,160,ola,global,,,layers.1.weight,db,48,-48.894962126445776,-47.941363005713086,-48.41816256607943,32,0.026216467125925465,0.3421875,1280
bayesfl_observability_v1,ola_sparse_bayesian_keep010_seed42,160,ola,global,,,layers.1.weight,db,49,-47.941363005713086,-46.987763884980396,-47.46456344534674,60,0.04915587586111025,0.3890625,1280
bayesfl_observability_v1,ola_sparse_bayesian_keep010_seed42,160,ola,global,,,layers.1.weight,db,50,-46.987763884980396,-46.03416476424771,-46.51096432461405,49,0.040143965286573664,0.42734375,1280
bayesfl_observability_v1,ola_sparse_bayesian_keep010_seed42,160,ola,global,,,layers.1.weight,db,51,-46.03416476424771,-45.08056564351502,-45.55736520388137,61,0.04997514045879542,0.475,1280
bayesfl_observability_v1,ola_sparse_bayesian_keep010_seed42,160,ola,global,,,layers.1.weight,db,52,-45.08056564351502,-44.12696652278234,-44.603766083148685,48,0.03932470068888849,0.5125,1280
bayesfl_observability_v1,ola_sparse_bayesian_keep010_seed42,160,ola,global,,,layers.1.weight,db,53,-44.12696652278234,-43.17336740204965,-43.650166962415994,62,0.05079440505648059,0.5609375,1280
bayesfl_observability_v1,ola_sparse_bayesian_keep010_seed42,160,ola,global,,,layers.1.weight,db,54,-43.17336740204965,-42.21976828131696,-42.696567841683304,49,0.040143965286573366,0.59921875,1280
bayesfl_observability_v1,ola_sparse_bayesian_keep010_seed42,160,ola,global,,,layers.1.weight,db,55,-42.21976828131696,-41.266169160584276,-41.742968720950614,54,0.044240288274999554,0.64140625,1280
bayesfl_observability_v1,ola_sparse_bayesian_keep010_seed42,160,ola,global,,,layers.1.weight,db,56,-41.266169160584276,-40.312570039851586,-40.78936960021793,56,0.045878817470369565,0.68515625,1280
bayesfl_observability_v1,ola_sparse_bayesian_keep010_seed42,160,ola,global,,,layers.1.weight,db,57,-40.312570039851586,-39.3589709191189,-39.83577047948525,53,0.043421023677314374,0.7265625,1280
bayesfl_observability_v1,ola_sparse_bayesian_keep010_seed42,160,ola,global,,,layers.1.weight,db,58,-39.3589709191189,-38.40537179838621,-38.88217135875256,45,0.036866906895832684,0.76171875,1280
bayesfl_observability_v1,ola_sparse_bayesian_keep010_seed42,160,ola,global,,,layers.1.weight,db,59,-38.40537179838621,-37.45177267765352,-37.92857223801987,39,0.031951319309721664,0.7921875,1280
bayesfl_observability_v1,ola_sparse_bayesian_keep010_seed42,160,ola,global,,,layers.1.weight,db,60,-37.45177267765352,-36.49817355692084,-36.97497311728718,53,0.043421023677314374,0.83359375,1280
bayesfl_observability_v1,ola_sparse_bayesian_keep010_seed42,160,ola,global,,,layers.1.weight,db,61,-36.49817355692084,-35.54457443618815,-36.021373996554495,32,0.026216467125925465,0.85859375,1280
bayesfl_observability_v1,ola_sparse_bayesian_keep010_seed42,160,ola,global,,,layers.1.weight,db,62,-35.54457443618815,-34.590975315455466,-35.06777487582181,34,0.027854996321296014,0.88515625,1280
bayesfl_observability_v1,ola_sparse_bayesian_keep010_seed42,160,ola,global,,,layers.1.weight,db,63,-34.590975315455466,-33.637376194722776,-34.11417575508912,27,0.02212014413749961,0.90625,1280
bayesfl_observability_v1,ola_sparse_bayesian_keep010_seed42,160,ola,global,,,layers.1.weight,db,64,-33.637376194722776,-32.683777073990086,-33.16057663435643,25,0.02048161494212927,0.92578125,1280
bayesfl_observability_v1,ola_sparse_bayesian_keep010_seed42,160,ola,global,,,layers.1.weight,db,65,-32.683777073990086,-31.730177953257403,-32.20697751362374,21,0.017204556551388715,0.9421875,1280
bayesfl_observability_v1,ola_sparse_bayesian_keep010_seed42,160,ola,global,,,layers.1.weight,db,66,-31.730177953257403,-30.776578832524713,-31.253378392891058,9,0.007373381379166537,0.94921875,1280
bayesfl_observability_v1,ola_sparse_bayesian_keep010_seed42,160,ola,global,,,layers.1.weight,db,67,-30.776578832524713,-29.82297971179203,-30.29977927215837,13,0.010650439769907299,0.959375,1280
bayesfl_observability_v1,ola_sparse_bayesian_keep010_seed42,160,ola,global,,,layers.1.weight,db,68,-29.82297971179203,-28.86938059105934,-29.346180151425685,18,0.014746762758333073,0.9734375,1280
bayesfl_observability_v1,ola_sparse_bayesian_keep010_seed42,160,ola,global,,,layers.1.weight,db,69,-28.86938059105934,-27.91578147032665,-28.392581030692995,5,0.004096322988425854,0.97734375,1280
bayesfl_observability_v1,ola_sparse_bayesian_keep010_seed42,160,ola,global,,,layers.1.weight,db,70,-27.91578147032665,-26.96218234959396,-27.438981909960305,10,0.008192645976851707,0.98515625,1280
bayesfl_observability_v1,ola_sparse_bayesian_keep010_seed42,160,ola,global,,,layers.1.weight,db,71,-26.96218234959396,-26.008583228861283,-26.48538278922762,4,0.003277058390740732,0.98828125,1280
bayesfl_observability_v1,ola_sparse_bayesian_keep010_seed42,160,ola,global,,,layers.1.weight,db,72,-26.008583228861283,-25.054984108128593,-25.53178366849494,3,0.0024577937930555125,0.990625,1280
bayesfl_observability_v1,ola_sparse_bayesian_keep010_seed42,160,ola,global,,,layers.1.weight,db,73,-25.054984108128593,-24.101384987395903,-24.57818454776225,2,0.0016385291953703415,0.9921875,1280
bayesfl_observability_v1,ola_sparse_bayesian_keep010_seed42,160,ola,global,,,layers.1.weight,db,74,-24.101384987395903,-23.147785866663213,-23.624585427029558,6,0.004915587586111025,0.996875,1280
bayesfl_observability_v1,ola_sparse_bayesian_keep010_seed42,160,ola,global,,,layers.1.weight,db,75,-23.147785866663213,-22.194186745930523,-22.670986306296868,2,0.0016385291953703415,0.9984375,1280
bayesfl_observability_v1,ola_sparse_bayesian_keep010_seed42,160,ola,global,,,layers.1.weight,db,76,-22.194186745930523,-21.240587625197847,-21.717387185564185,0,0.0,0.9984375,1280
bayesfl_observability_v1,ola_sparse_bayesian_keep010_seed42,160,ola,global,,,layers.1.weight,db,77,-21.240587625197847,-20.286988504465157,-20.763788064831502,1,0.0008192645976851708,0.99921875,1280
bayesfl_observability_v1,ola_sparse_bayesian_keep010_seed42,160,ola,global,,,layers.1.weight,db,78,-20.286988504465157,-19.333389383732467,-19.81018894409881,0,0.0,0.99921875,1280
bayesfl_observability_v1,ola_sparse_bayesian_keep010_seed42,160,ola,global,,,layers.1.weight,db,79,-19.333389383732467,-18.379790262999784,-18.856589823366125,1,0.0008192645976851768,1.0,1280
bayesfl_observability_v1,ola_sparse_bayesian_keep010_seed42,160,ola,global,,,layers.1.bias,raw,0,0.00018312513074934594,0.00031841461878867676,0.0002507698747690113,3,2217.467183501982,0.3,10
bayesfl_observability_v1,ola_sparse_bayesian_keep010_seed42,160,ola,global,,,layers.1.bias,raw,1,0.00031841461878867676,0.00045370410682800757,0.0003860593628083422,0,0.0,0.3,10
bayesfl_observability_v1,ola_sparse_bayesian_keep010_seed42,160,ola,global,,,layers.1.bias,raw,2,0.00045370410682800757,0.0005889935948673384,0.000521348850847673,1,739.1557278339938,0.4,10
bayesfl_observability_v1,ola_sparse_bayesian_keep010_seed42,160,ola,global,,,layers.1.bias,raw,3,0.0005889935948673384,0.0007242830829066692,0.0006566383388870038,1,739.1557278339943,0.5,10
bayesfl_observability_v1,ola_sparse_bayesian_keep010_seed42,160,ola,global,,,layers.1.bias,raw,4,0.0007242830829066692,0.000859572570946,0.0007919278269263346,0,0.0,0.5,10
bayesfl_observability_v1,ola_sparse_bayesian_keep010_seed42,160,ola,global,,,layers.1.bias,raw,5,0.000859572570946,0.000994862058985331,0.0009272173149656655,0,0.0,0.5,10
bayesfl_observability_v1,ola_sparse_bayesian_keep010_seed42,160,ola,global,,,layers.1.bias,raw,6,0.000994862058985331,0.0011301515470246617,0.0010625068030049962,0,0.0,0.5,10
bayesfl_observability_v1,ola_sparse_bayesian_keep010_seed42,160,ola,global,,,layers.1.bias,raw,7,0.0011301515470246617,0.0012654410350639925,0.0011977962910443272,0,0.0,0.5,10
bayesfl_observability_v1,ola_sparse_bayesian_keep010_seed42,160,ola,global,,,layers.1.bias,raw,8,0.0012654410350639925,0.0014007305231033232,0.0013330857790836577,0,0.0,0.5,10
bayesfl_observability_v1,ola_sparse_bayesian_keep010_seed42,160,ola,global,,,layers.1.bias,raw,9,0.0014007305231033232,0.001536020011142654,0.0014683752671229887,0,0.0,0.5,10
bayesfl_observability_v1,ola_sparse_bayesian_keep010_seed42,160,ola,global,,,layers.1.bias,raw,10,0.001536020011142654,0.001671309499181985,0.0016036647551623195,0,0.0,0.5,10
bayesfl_observability_v1,ola_sparse_bayesian_keep010_seed42,160,ola,global,,,layers.1.bias,raw,11,0.001671309499181985,0.0018065989872213157,0.0017389542432016502,1,739.1557278339943,0.6,10
bayesfl_observability_v1,ola_sparse_bayesian_keep010_seed42,160,ola,global,,,layers.1.bias,raw,12,0.0018065989872213157,0.0019418884752606465,0.0018742437312409812,0,0.0,0.6,10
bayesfl_observability_v1,ola_sparse_bayesian_keep010_seed42,160,ola,global,,,layers.1.bias,raw,13,0.0019418884752606465,0.0020771779632999775,0.0020095332192803118,0,0.0,0.6,10
bayesfl_observability_v1,ola_sparse_bayesian_keep010_seed42,160,ola,global,,,layers.1.bias,raw,14,0.0020771779632999775,0.002212467451339308,0.0021448227073196427,0,0.0,0.6,10
bayesfl_observability_v1,ola_sparse_bayesian_keep010_seed42,160,ola,global,,,layers.1.bias,raw,15,0.002212467451339308,0.002347756939378639,0.0022801121953589737,0,0.0,0.6,10
bayesfl_observability_v1,ola_sparse_bayesian_keep010_seed42,160,ola,global,,,layers.1.bias,raw,16,0.002347756939378639,0.00248304642741797,0.0024154016833983043,0,0.0,0.6,10
bayesfl_observability_v1,ola_sparse_bayesian_keep010_seed42,160,ola,global,,,layers.1.bias,raw,17,0.00248304642741797,0.0026183359154573005,0.0025506911714376353,0,0.0,0.6,10
bayesfl_observability_v1,ola_sparse_bayesian_keep010_seed42,160,ola,global,,,layers.1.bias,raw,18,0.0026183359154573005,0.0027536254034966315,0.0026859806594769662,0,0.0,0.6,10
bayesfl_observability_v1,ola_sparse_bayesian_keep010_seed42,160,ola,global,,,layers.1.bias,raw,19,0.0027536254034966315,0.002888914891535962,0.0028212701475162968,0,0.0,0.6,10
bayesfl_observability_v1,ola_sparse_bayesian_keep010_seed42,160,ola,global,,,layers.1.bias,raw,20,0.002888914891535962,0.003024204379575293,0.0029565596355556273,0,0.0,0.6,10
bayesfl_observability_v1,ola_sparse_bayesian_keep010_seed42,160,ola,global,,,layers.1.bias,raw,21,0.003024204379575293,0.003159493867614624,0.0030918491235949587,0,0.0,0.6,10
bayesfl_observability_v1,ola_sparse_bayesian_keep010_seed42,160,ola,global,,,layers.1.bias,raw,22,0.003159493867614624,0.0032947833556539546,0.0032271386116342893,0,0.0,0.6,10
bayesfl_observability_v1,ola_sparse_bayesian_keep010_seed42,160,ola,global,,,layers.1.bias,raw,23,0.0032947833556539546,0.0034300728436932855,0.00336242809967362,0,0.0,0.6,10
bayesfl_observability_v1,ola_sparse_bayesian_keep010_seed42,160,ola,global,,,layers.1.bias,raw,24,0.0034300728436932855,0.0035653623317326165,0.0034977175877129512,0,0.0,0.6,10
bayesfl_observability_v1,ola_sparse_bayesian_keep010_seed42,160,ola,global,,,layers.1.bias,raw,25,0.0035653623317326165,0.003700651819771947,0.0036330070757522818,0,0.0,0.6,10
bayesfl_observability_v1,ola_sparse_bayesian_keep010_seed42,160,ola,global,,,layers.1.bias,raw,26,0.003700651819771947,0.003835941307811278,0.0037682965637916123,0,0.0,0.6,10
bayesfl_observability_v1,ola_sparse_bayesian_keep010_seed42,160,ola,global,,,layers.1.bias,raw,27,0.003835941307811278,0.003971230795850609,0.0039035860518309433,0,0.0,0.6,10
bayesfl_observability_v1,ola_sparse_bayesian_keep010_seed42,160,ola,global,,,layers.1.bias,raw,28,0.003971230795850609,0.00410652028388994,0.004038875539870274,0,0.0,0.6,10
bayesfl_observability_v1,ola_sparse_bayesian_keep010_seed42,160,ola,global,,,layers.1.bias,raw,29,0.00410652028388994,0.00424180977192927,0.004174165027909605,0,0.0,0.6,10
bayesfl_observability_v1,ola_sparse_bayesian_keep010_seed42,160,ola,global,,,layers.1.bias,raw,30,0.00424180977192927,0.004377099259968601,0.004309454515948935,0,0.0,0.6,10
bayesfl_observability_v1,ola_sparse_bayesian_keep010_seed42,160,ola,global,,,layers.1.bias,raw,31,0.004377099259968601,0.0045123887480079325,0.004444744003988267,0,0.0,0.6,10
bayesfl_observability_v1,ola_sparse_bayesian_keep010_seed42,160,ola,global,,,layers.1.bias,raw,32,0.0045123887480079325,0.004647678236047262,0.004580033492027597,0,0.0,0.6,10
bayesfl_observability_v1,ola_sparse_bayesian_keep010_seed42,160,ola,global,,,layers.1.bias,raw,33,0.004647678236047262,0.004782967724086594,0.004715322980066928,0,0.0,0.6,10
bayesfl_observability_v1,ola_sparse_bayesian_keep010_seed42,160,ola,global,,,layers.1.bias,raw,34,0.004782967724086594,0.004918257212125925,0.004850612468106259,0,0.0,0.6,10
bayesfl_observability_v1,ola_sparse_bayesian_keep010_seed42,160,ola,global,,,layers.1.bias,raw,35,0.004918257212125925,0.005053546700165255,0.00498590195614559,0,0.0,0.6,10
bayesfl_observability_v1,ola_sparse_bayesian_keep010_seed42,160,ola,global,,,layers.1.bias,raw,36,0.005053546700165255,0.005188836188204586,0.00512119144418492,0,0.0,0.6,10
bayesfl_observability_v1,ola_sparse_bayesian_keep010_seed42,160,ola,global,,,layers.1.bias,raw,37,0.005188836188204586,0.0053241256762439175,0.005256480932224252,0,0.0,0.6,10
bayesfl_observability_v1,ola_sparse_bayesian_keep010_seed42,160,ola,global,,,layers.1.bias,raw,38,0.0053241256762439175,0.005459415164283247,0.005391770420263582,0,0.0,0.6,10
bayesfl_observability_v1,ola_sparse_bayesian_keep010_seed42,160,ola,global,,,layers.1.bias,raw,39,0.005459415164283247,0.005594704652322579,0.005527059908302913,2,1478.3114556679816,0.8,10
bayesfl_observability_v1,ola_sparse_bayesian_keep010_seed42,160,ola,global,,,layers.1.bias,raw,40,0.005594704652322579,0.00572999414036191,0.005662349396342244,0,0.0,0.8,10
bayesfl_observability_v1,ola_sparse_bayesian_keep010_seed42,160,ola,global,,,layers.1.bias,raw,41,0.00572999414036191,0.00586528362840124,0.005797638884381575,0,0.0,0.8,10
bayesfl_observability_v1,ola_sparse_bayesian_keep010_seed42,160,ola,global,,,layers.1.bias,raw,42,0.00586528362840124,0.006000573116440571,0.005932928372420905,0,0.0,0.8,10
bayesfl_observability_v1,ola_sparse_bayesian_keep010_seed42,160,ola,global,,,layers.1.bias,raw,43,0.006000573116440571,0.0061358626044799025,0.006068217860460237,1,739.1557278339908,0.9,10
bayesfl_observability_v1,ola_sparse_bayesian_keep010_seed42,160,ola,global,,,layers.1.bias,raw,44,0.0061358626044799025,0.006271152092519232,0.006203507348499567,0,0.0,0.9,10
bayesfl_observability_v1,ola_sparse_bayesian_keep010_seed42,160,ola,global,,,layers.1.bias,raw,45,0.006271152092519232,0.006406441580558564,0.006338796836538898,0,0.0,0.9,10
bayesfl_observability_v1,ola_sparse_bayesian_keep010_seed42,160,ola,global,,,layers.1.bias,raw,46,0.006406441580558564,0.006541731068597895,0.006474086324578229,0,0.0,0.9,10
bayesfl_observability_v1,ola_sparse_bayesian_keep010_seed42,160,ola,global,,,layers.1.bias,raw,47,0.006541731068597895,0.006677020556637225,0.00660937581261756,0,0.0,0.9,10
bayesfl_observability_v1,ola_sparse_bayesian_keep010_seed42,160,ola,global,,,layers.1.bias,raw,48,0.006677020556637225,0.006812310044676556,0.00674466530065689,0,0.0,0.9,10
bayesfl_observability_v1,ola_sparse_bayesian_keep010_seed42,160,ola,global,,,layers.1.bias,raw,49,0.006812310044676556,0.0069475995327158875,0.006879954788696222,0,0.0,0.9,10
bayesfl_observability_v1,ola_sparse_bayesian_keep010_seed42,160,ola,global,,,layers.1.bias,raw,50,0.0069475995327158875,0.007082889020755217,0.007015244276735552,0,0.0,0.9,10
bayesfl_observability_v1,ola_sparse_bayesian_keep010_seed42,160,ola,global,,,layers.1.bias,raw,51,0.007082889020755217,0.007218178508794549,0.007150533764774883,0,0.0,0.9,10
bayesfl_observability_v1,ola_sparse_bayesian_keep010_seed42,160,ola,global,,,layers.1.bias,raw,52,0.007218178508794549,0.00735346799683388,0.007285823252814214,0,0.0,0.9,10
bayesfl_observability_v1,ola_sparse_bayesian_keep010_seed42,160,ola,global,,,layers.1.bias,raw,53,0.00735346799683388,0.00748875748487321,0.007421112740853545,0,0.0,0.9,10
bayesfl_observability_v1,ola_sparse_bayesian_keep010_seed42,160,ola,global,,,layers.1.bias,raw,54,0.00748875748487321,0.007624046972912541,0.007556402228892875,0,0.0,0.9,10
bayesfl_observability_v1,ola_sparse_bayesian_keep010_seed42,160,ola,global,,,layers.1.bias,raw,55,0.007624046972912541,0.0077593364609518725,0.007691691716932207,0,0.0,0.9,10
bayesfl_observability_v1,ola_sparse_bayesian_keep010_seed42,160,ola,global,,,layers.1.bias,raw,56,0.0077593364609518725,0.007894625948991202,0.007826981204971536,0,0.0,0.9,10
bayesfl_observability_v1,ola_sparse_bayesian_keep010_seed42,160,ola,global,,,layers.1.bias,raw,57,0.007894625948991202,0.008029915437030534,0.007962270693010868,0,0.0,0.9,10
bayesfl_observability_v1,ola_sparse_bayesian_keep010_seed42,160,ola,global,,,layers.1.bias,raw,58,0.008029915437030534,0.008165204925069865,0.0080975601810502,0,0.0,0.9,10
bayesfl_observability_v1,ola_sparse_bayesian_keep010_seed42,160,ola,global,,,layers.1.bias,raw,59,0.008165204925069865,0.008300494413109195,0.00823284966908953,0,0.0,0.9,10
bayesfl_observability_v1,ola_sparse_bayesian_keep010_seed42,160,ola,global,,,layers.1.bias,raw,60,0.008300494413109195,0.008435783901148526,0.00836813915712886,0,0.0,0.9,10
bayesfl_observability_v1,ola_sparse_bayesian_keep010_seed42,160,ola,global,,,layers.1.bias,raw,61,0.008435783901148526,0.008571073389187858,0.008503428645168192,0,0.0,0.9,10
bayesfl_observability_v1,ola_sparse_bayesian_keep010_seed42,160,ola,global,,,layers.1.bias,raw,62,0.008571073389187858,0.008706362877227187,0.008638718133207521,0,0.0,0.9,10
bayesfl_observability_v1,ola_sparse_bayesian_keep010_seed42,160,ola,global,,,layers.1.bias,raw,63,0.008706362877227187,0.008841652365266519,0.008774007621246853,0,0.0,0.9,10
bayesfl_observability_v1,ola_sparse_bayesian_keep010_seed42,160,ola,global,,,layers.1.bias,raw,64,0.008841652365266519,0.00897694185330585,0.008909297109286184,0,0.0,0.9,10
bayesfl_observability_v1,ola_sparse_bayesian_keep010_seed42,160,ola,global,,,layers.1.bias,raw,65,0.00897694185330585,0.00911223134134518,0.009044586597325516,0,0.0,0.9,10
bayesfl_observability_v1,ola_sparse_bayesian_keep010_seed42,160,ola,global,,,layers.1.bias,raw,66,0.00911223134134518,0.009247520829384511,0.009179876085364845,0,0.0,0.9,10
bayesfl_observability_v1,ola_sparse_bayesian_keep010_seed42,160,ola,global,,,layers.1.bias,raw,67,0.009247520829384511,0.009382810317423843,0.009315165573404177,0,0.0,0.9,10
bayesfl_observability_v1,ola_sparse_bayesian_keep010_seed42,160,ola,global,,,layers.1.bias,raw,68,0.009382810317423843,0.009518099805463172,0.009450455061443506,0,0.0,0.9,10
bayesfl_observability_v1,ola_sparse_bayesian_keep010_seed42,160,ola,global,,,layers.1.bias,raw,69,0.009518099805463172,0.009653389293502504,0.009585744549482838,0,0.0,0.9,10
bayesfl_observability_v1,ola_sparse_bayesian_keep010_seed42,160,ola,global,,,layers.1.bias,raw,70,0.009653389293502504,0.009788678781541835,0.00972103403752217,0,0.0,0.9,10
bayesfl_observability_v1,ola_sparse_bayesian_keep010_seed42,160,ola,global,,,layers.1.bias,raw,71,0.009788678781541835,0.009923968269581165,0.0098563235255615,0,0.0,0.9,10
bayesfl_observability_v1,ola_sparse_bayesian_keep010_seed42,160,ola,global,,,layers.1.bias,raw,72,0.009923968269581165,0.010059257757620496,0.00999161301360083,0,0.0,0.9,10
bayesfl_observability_v1,ola_sparse_bayesian_keep010_seed42,160,ola,global,,,layers.1.bias,raw,73,0.010059257757620496,0.010194547245659828,0.010126902501640162,0,0.0,0.9,10
bayesfl_observability_v1,ola_sparse_bayesian_keep010_seed42,160,ola,global,,,layers.1.bias,raw,74,0.010194547245659828,0.010329836733699157,0.010262191989679492,0,0.0,0.9,10
bayesfl_observability_v1,ola_sparse_bayesian_keep010_seed42,160,ola,global,,,layers.1.bias,raw,75,0.010329836733699157,0.010465126221738489,0.010397481477718823,0,0.0,0.9,10
bayesfl_observability_v1,ola_sparse_bayesian_keep010_seed42,160,ola,global,,,layers.1.bias,raw,76,0.010465126221738489,0.01060041570977782,0.010532770965758154,0,0.0,0.9,10
bayesfl_observability_v1,ola_sparse_bayesian_keep010_seed42,160,ola,global,,,layers.1.bias,raw,77,0.01060041570977782,0.01073570519781715,0.010668060453797486,0,0.0,0.9,10
bayesfl_observability_v1,ola_sparse_bayesian_keep010_seed42,160,ola,global,,,layers.1.bias,raw,78,0.01073570519781715,0.010870994685856481,0.010803349941836815,0,0.0,0.9,10
bayesfl_observability_v1,ola_sparse_bayesian_keep010_seed42,160,ola,global,,,layers.1.bias,raw,79,0.010870994685856481,0.01100628417389581,0.010938639429876145,1,739.1557278340002,1.0,10
bayesfl_observability_v1,ola_sparse_bayesian_keep010_seed42,160,ola,global,,,layers.1.bias,db,0,-74.7450409969722,-74.3003178040568,-74.5226794005145,1,0.22485897203707408,0.1,10
bayesfl_observability_v1,ola_sparse_bayesian_keep010_seed42,160,ola,global,,,layers.1.bias,db,1,-74.3003178040568,-73.85559461114141,-74.0779562075991,0,0.0,0.1,10
bayesfl_observability_v1,ola_sparse_bayesian_keep010_seed42,160,ola,global,,,layers.1.bias,db,2,-73.85559461114141,-73.41087141822602,-73.63323301468373,0,0.0,0.1,10
bayesfl_observability_v1,ola_sparse_bayesian_keep010_seed42,160,ola,global,,,layers.1.bias,db,3,-73.41087141822602,-72.96614822531065,-73.18850982176833,0,0.0,0.1,10
bayesfl_observability_v1,ola_sparse_bayesian_keep010_seed42,160,ola,global,,,layers.1.bias,db,4,-72.96614822531065,-72.52142503239526,-72.74378662885294,0,0.0,0.1,10
bayesfl_observability_v1,ola_sparse_bayesian_keep010_seed42,160,ola,global,,,layers.1.bias,db,5,-72.52142503239526,-72.07670183947987,-72.29906343593757,0,0.0,0.1,10
bayesfl_observability_v1,ola_sparse_bayesian_keep010_seed42,160,ola,global,,,layers.1.bias,db,6,-72.07670183947987,-71.63197864656448,-71.85434024302216,1,0.22485897203707408,0.2,10
bayesfl_observability_v1,ola_sparse_bayesian_keep010_seed42,160,ola,global,,,layers.1.bias,db,7,-71.63197864656448,-71.18725545364909,-71.40961705010679,1,0.22485897203707408,0.3,10
bayesfl_observability_v1,ola_sparse_bayesian_keep010_seed42,160,ola,global,,,layers.1.bias,db,8,-71.18725545364909,-70.7425322607337,-70.96489385719138,0,0.0,0.3,10
bayesfl_observability_v1,ola_sparse_bayesian_keep010_seed42,160,ola,global,,,layers.1.bias,db,9,-70.7425322607337,-70.2978090678183,-70.52017066427601,0,0.0,0.3,10
bayesfl_observability_v1,ola_sparse_bayesian_keep010_seed42,160,ola,global,,,layers.1.bias,db,10,-70.2978090678183,-69.85308587490293,-70.07544747136062,0,0.0,0.3,10
bayesfl_observability_v1,ola_sparse_bayesian_keep010_seed42,160,ola,global,,,layers.1.bias,db,11,-69.85308587490293,-69.40836268198754,-69.63072427844523,0,0.0,0.3,10
bayesfl_observability_v1,ola_sparse_bayesian_keep010_seed42,160,ola,global,,,layers.1.bias,db,12,-69.40836268198754,-68.96363948907215,-69.18600108552985,0,0.0,0.3,10
bayesfl_observability_v1,ola_sparse_bayesian_keep010_seed42,160,ola,global,,,layers.1.bias,db,13,-68.96363948907215,-68.51891629615676,-68.74127789261445,0,0.0,0.3,10
bayesfl_observability_v1,ola_sparse_bayesian_keep010_seed42,160,ola,global,,,layers.1.bias,db,14,-68.51891629615676,-68.07419310324137,-68.29655469969907,0,0.0,0.3,10
bayesfl_observability_v1,ola_sparse_bayesian_keep010_seed42,160,ola,global,,,layers.1.bias,db,15,-68.07419310324137,-67.62946991032598,-67.85183150678367,0,0.0,0.3,10
bayesfl_observability_v1,ola_sparse_bayesian_keep010_seed42,160,ola,global,,,layers.1.bias,db,16,-67.62946991032598,-67.18474671741059,-67.40710831386829,0,0.0,0.3,10
bayesfl_observability_v1,ola_sparse_bayesian_keep010_seed42,160,ola,global,,,layers.1.bias,db,17,-67.18474671741059,-66.74002352449521,-66.9623851209529,0,0.0,0.3,10
bayesfl_observability_v1,ola_sparse_bayesian_keep010_seed42,160,ola,global,,,layers.1.bias,db,18,-66.74002352449521,-66.29530033157982,-66.51766192803751,1,0.22485897203707408,0.4,10
bayesfl_observability_v1,ola_sparse_bayesian_keep010_seed42,160,ola,global,,,layers.1.bias,db,19,-66.29530033157982,-65.85057713866443,-66.07293873512214,0,0.0,0.4,10
bayesfl_observability_v1,ola_sparse_bayesian_keep010_seed42,160,ola,global,,,layers.1.bias,db,20,-65.85057713866443,-65.40585394574904,-65.62821554220673,0,0.0,0.4,10
bayesfl_observability_v1,ola_sparse_bayesian_keep010_seed42,160,ola,global,,,layers.1.bias,db,21,-65.40585394574904,-64.96113075283365,-65.18349234929136,0,0.0,0.4,10
bayesfl_observability_v1,ola_sparse_bayesian_keep010_seed42,160,ola,global,,,layers.1.bias,db,22,-64.96113075283365,-64.51640755991826,-64.73876915637595,0,0.0,0.4,10
bayesfl_observability_v1,ola_sparse_bayesian_keep010_seed42,160,ola,global,,,layers.1.bias,db,23,-64.51640755991826,-64.07168436700289,-64.29404596346058,1,0.22485897203708127,0.5,10
bayesfl_observability_v1,ola_sparse_bayesian_keep010_seed42,160,ola,global,,,layers.1.bias,db,24,-64.07168436700289,-63.62696117408749,-63.849322770545186,0,0.0,0.5,10
bayesfl_observability_v1,ola_sparse_bayesian_keep010_seed42,160,ola,global,,,layers.1.bias,db,25,-63.62696117408749,-63.18223798117211,-63.404599577629796,0,0.0,0.5,10
bayesfl_observability_v1,ola_sparse_bayesian_keep010_seed42,160,ola,global,,,layers.1.bias,db,26,-63.18223798117211,-62.73751478825672,-62.95987638471441,0,0.0,0.5,10
bayesfl_observability_v1,ola_sparse_bayesian_keep010_seed42,160,ola,global,,,layers.1.bias,db,27,-62.73751478825672,-62.29279159534133,-62.51515319179902,0,0.0,0.5,10
bayesfl_observability_v1,ola_sparse_bayesian_keep010_seed42,160,ola,global,,,layers.1.bias,db,28,-62.29279159534133,-61.84806840242594,-62.07042999888363,0,0.0,0.5,10
bayesfl_observability_v1,ola_sparse_bayesian_keep010_seed42,160,ola,global,,,layers.1.bias,db,29,-61.84806840242594,-61.403345209510555,-61.62570680596825,0,0.0,0.5,10
bayesfl_observability_v1,ola_sparse_bayesian_keep010_seed42,160,ola,global,,,layers.1.bias,db,30,-61.403345209510555,-60.958622016595164,-61.18098361305286,0,0.0,0.5,10
bayesfl_observability_v1,ola_sparse_bayesian_keep010_seed42,160,ola,global,,,layers.1.bias,db,31,-60.958622016595164,-60.513898823679774,-60.73626042013747,0,0.0,0.5,10
bayesfl_observability_v1,ola_sparse_bayesian_keep010_seed42,160,ola,global,,,layers.1.bias,db,32,-60.513898823679774,-60.06917563076439,-60.29153722722208,0,0.0,0.5,10
bayesfl_observability_v1,ola_sparse_bayesian_keep010_seed42,160,ola,global,,,layers.1.bias,db,33,-60.06917563076439,-59.624452437849,-59.846814034306696,0,0.0,0.5,10
bayesfl_observability_v1,ola_sparse_bayesian_keep010_seed42,160,ola,global,,,layers.1.bias,db,34,-59.624452437849,-59.17972924493361,-59.402090841391306,0,0.0,0.5,10
bayesfl_observability_v1,ola_sparse_bayesian_keep010_seed42,160,ola,global,,,layers.1.bias,db,35,-59.17972924493361,-58.73500605201822,-58.957367648475916,0,0.0,0.5,10
bayesfl_observability_v1,ola_sparse_bayesian_keep010_seed42,160,ola,global,,,layers.1.bias,db,36,-58.73500605201822,-58.29028285910283,-58.512644455560526,0,0.0,0.5,10
bayesfl_observability_v1,ola_sparse_bayesian_keep010_seed42,160,ola,global,,,layers.1.bias,db,37,-58.29028285910283,-57.84555966618745,-58.06792126264514,0,0.0,0.5,10
bayesfl_observability_v1,ola_sparse_bayesian_keep010_seed42,160,ola,global,,,layers.1.bias,db,38,-57.84555966618745,-57.400836473272065,-57.62319806972975,0,0.0,0.5,10
bayesfl_observability_v1,ola_sparse_bayesian_keep010_seed42,160,ola,global,,,layers.1.bias,db,39,-57.400836473272065,-56.956113280356675,-57.17847487681437,0,0.0,0.5,10
bayesfl_observability_v1,ola_sparse_bayesian_keep010_seed42,160,ola,global,,,layers.1.bias,db,40,-56.956113280356675,-56.511390087441285,-56.73375168389898,0,0.0,0.5,10
bayesfl_observability_v1,ola_sparse_bayesian_keep010_seed42,160,ola,global,,,layers.1.bias,db,41,-56.511390087441285,-56.066666894525895,-56.28902849098359,0,0.0,0.5,10
bayesfl_observability_v1,ola_sparse_bayesian_keep010_seed42,160,ola,global,,,layers.1.bias,db,42,-56.066666894525895,-55.621943701610505,-55.8443052980682,0,0.0,0.5,10
bayesfl_observability_v1,ola_sparse_bayesian_keep010_seed42,160,ola,global,,,layers.1.bias,db,43,-55.621943701610505,-55.177220508695115,-55.39958210515281,0,0.0,0.5,10
bayesfl_observability_v1,ola_sparse_bayesian_keep010_seed42,160,ola,global,,,layers.1.bias,db,44,-55.177220508695115,-54.73249731577973,-54.95485891223743,1,0.22485897203707766,0.6,10
bayesfl_observability_v1,ola_sparse_bayesian_keep010_seed42,160,ola,global,,,layers.1.bias,db,45,-54.73249731577973,-54.28777412286435,-54.51013571932204,0,0.0,0.6,10
bayesfl_observability_v1,ola_sparse_bayesian_keep010_seed42,160,ola,global,,,layers.1.bias,db,46,-54.28777412286435,-53.84305092994896,-54.065412526406654,0,0.0,0.6,10
bayesfl_observability_v1,ola_sparse_bayesian_keep010_seed42,160,ola,global,,,layers.1.bias,db,47,-53.84305092994896,-53.39832773703357,-53.62068933349126,0,0.0,0.6,10
bayesfl_observability_v1,ola_sparse_bayesian_keep010_seed42,160,ola,global,,,layers.1.bias,db,48,-53.39832773703357,-52.95360454411818,-53.17596614057587,0,0.0,0.6,10
bayesfl_observability_v1,ola_sparse_bayesian_keep010_seed42,160,ola,global,,,layers.1.bias,db,49,-52.95360454411818,-52.50888135120279,-52.73124294766048,0,0.0,0.6,10
bayesfl_observability_v1,ola_sparse_bayesian_keep010_seed42,160,ola,global,,,layers.1.bias,db,50,-52.50888135120279,-52.0641581582874,-52.28651975474509,0,0.0,0.6,10
bayesfl_observability_v1,ola_sparse_bayesian_keep010_seed42,160,ola,global,,,layers.1.bias,db,51,-52.0641581582874,-51.619434965372015,-51.84179656182971,0,0.0,0.6,10
bayesfl_observability_v1,ola_sparse_bayesian_keep010_seed42,160,ola,global,,,layers.1.bias,db,52,-51.619434965372015,-51.17471177245663,-51.39707336891432,0,0.0,0.6,10
bayesfl_observability_v1,ola_sparse_bayesian_keep010_seed42,160,ola,global,,,layers.1.bias,db,53,-51.17471177245663,-50.72998857954124,-50.95235017599894,0,0.0,0.6,10
bayesfl_observability_v1,ola_sparse_bayesian_keep010_seed42,160,ola,global,,,layers.1.bias,db,54,-50.72998857954124,-50.28526538662585,-50.50762698308355,0,0.0,0.6,10
bayesfl_observability_v1,ola_sparse_bayesian_keep010_seed42,160,ola,global,,,layers.1.bias,db,55,-50.28526538662585,-49.84054219371046,-50.06290379016816,0,0.0,0.6,10
bayesfl_observability_v1,ola_sparse_bayesian_keep010_seed42,160,ola,global,,,layers.1.bias,db,56,-49.84054219371046,-49.39581900079507,-49.61818059725277,0,0.0,0.6,10
bayesfl_observability_v1,ola_sparse_bayesian_keep010_seed42,160,ola,global,,,layers.1.bias,db,57,-49.39581900079507,-48.95109580787969,-49.173457404337384,0,0.0,0.6,10
bayesfl_observability_v1,ola_sparse_bayesian_keep010_seed42,160,ola,global,,,layers.1.bias,db,58,-48.95109580787969,-48.5063726149643,-48.728734211421994,0,0.0,0.6,10
bayesfl_observability_v1,ola_sparse_bayesian_keep010_seed42,160,ola,global,,,layers.1.bias,db,59,-48.5063726149643,-48.061649422048916,-48.284011018506604,0,0.0,0.6,10
bayesfl_observability_v1,ola_sparse_bayesian_keep010_seed42,160,ola,global,,,layers.1.bias,db,60,-48.061649422048916,-47.616926229133526,-47.83928782559122,0,0.0,0.6,10
bayesfl_observability_v1,ola_sparse_bayesian_keep010_seed42,160,ola,global,,,layers.1.bias,db,61,-47.616926229133526,-47.172203036218136,-47.39456463267583,0,0.0,0.6,10
bayesfl_observability_v1,ola_sparse_bayesian_keep010_seed42,160,ola,global,,,layers.1.bias,db,62,-47.172203036218136,-46.727479843302746,-46.94984143976044,0,0.0,0.6,10
bayesfl_observability_v1,ola_sparse_bayesian_keep010_seed42,160,ola,global,,,layers.1.bias,db,63,-46.727479843302746,-46.282756650387356,-46.50511824684505,0,0.0,0.6,10
bayesfl_observability_v1,ola_sparse_bayesian_keep010_seed42,160,ola,global,,,layers.1.bias,db,64,-46.282756650387356,-45.83803345747197,-46.06039505392967,0,0.0,0.6,10
bayesfl_observability_v1,ola_sparse_bayesian_keep010_seed42,160,ola,global,,,layers.1.bias,db,65,-45.83803345747197,-45.39331026455658,-45.61567186101428,0,0.0,0.6,10
bayesfl_observability_v1,ola_sparse_bayesian_keep010_seed42,160,ola,global,,,layers.1.bias,db,66,-45.39331026455658,-44.9485870716412,-45.17094866809889,2,0.44971794407415533,0.8,10
bayesfl_observability_v1,ola_sparse_bayesian_keep010_seed42,160,ola,global,,,layers.1.bias,db,67,-44.9485870716412,-44.50386387872581,-44.726225475183504,0,0.0,0.8,10
bayesfl_observability_v1,ola_sparse_bayesian_keep010_seed42,160,ola,global,,,layers.1.bias,db,68,-44.50386387872581,-44.05914068581042,-44.281502282268114,1,0.22485897203707408,0.9,10
bayesfl_observability_v1,ola_sparse_bayesian_keep010_seed42,160,ola,global,,,layers.1.bias,db,69,-44.05914068581042,-43.61441749289503,-43.836779089352724,0,0.0,0.9,10
bayesfl_observability_v1,ola_sparse_bayesian_keep010_seed42,160,ola,global,,,layers.1.bias,db,70,-43.61441749289503,-43.16969429997964,-43.392055896437334,0,0.0,0.9,10
bayesfl_observability_v1,ola_sparse_bayesian_keep010_seed42,160,ola,global,,,layers.1.bias,db,71,-43.16969429997964,-42.724971107064256,-42.94733270352195,0,0.0,0.9,10
bayesfl_observability_v1,ola_sparse_bayesian_keep010_seed42,160,ola,global,,,layers.1.bias,db,72,-42.724971107064256,-42.280247914148866,-42.50260951060656,0,0.0,0.9,10
bayesfl_observability_v1,ola_sparse_bayesian_keep010_seed42,160,ola,global,,,layers.1.bias,db,73,-42.280247914148866,-41.835524721233476,-42.05788631769117,0,0.0,0.9,10
bayesfl_observability_v1,ola_sparse_bayesian_keep010_seed42,160,ola,global,,,layers.1.bias,db,74,-41.835524721233476,-41.39080152831809,-41.61316312477578,0,0.0,0.9,10
bayesfl_observability_v1,ola_sparse_bayesian_keep010_seed42,160,ola,global,,,layers.1.bias,db,75,-41.39080152831809,-40.9460783354027,-41.1684399318604,0,0.0,0.9,10
bayesfl_observability_v1,ola_sparse_bayesian_keep010_seed42,160,ola,global,,,layers.1.bias,db,76,-40.9460783354027,-40.50135514248731,-40.72371673894501,0,0.0,0.9,10
bayesfl_observability_v1,ola_sparse_bayesian_keep010_seed42,160,ola,global,,,layers.1.bias,db,77,-40.50135514248731,-40.05663194957193,-40.278993546029625,0,0.0,0.9,10
bayesfl_observability_v1,ola_sparse_bayesian_keep010_seed42,160,ola,global,,,layers.1.bias,db,78,-40.05663194957193,-39.61190875665654,-39.834270353114235,0,0.0,0.9,10
bayesfl_observability_v1,ola_sparse_bayesian_keep010_seed42,160,ola,global,,,layers.1.bias,db,79,-39.61190875665654,-39.16718556374115,-39.389547160198845,1,0.22485897203707408,1.0,10
bayesfl_observability_v1,ola_sparse_bayesian_keep010_seed42,165,ola,global,,,all,raw,0,2.0005701773262004e-08,0.0013663159678065325,0.0006831679867541529,82620,594.1835597300325,0.8118305984081753,101770
bayesfl_observability_v1,ola_sparse_bayesian_keep010_seed42,165,ola,global,,,all,raw,1,0.0013663159678065325,0.0027326119299112914,0.002049463948858912,15923,114.51446165070574,0.9682912449641348,101770
bayesfl_observability_v1,ola_sparse_bayesian_keep010_seed42,165,ola,global,,,all,raw,2,0.0027326119299112914,0.004098907892016051,0.0034157599109636712,2266,16.296537719054143,0.9905571386459664,101770
bayesfl_observability_v1,ola_sparse_bayesian_keep010_seed42,165,ola,global,,,all,raw,3,0.004098907892016051,0.00546520385412081,0.00478205587306843,271,1.9489681032055053,0.9932200058956471,101770
bayesfl_observability_v1,ola_sparse_bayesian_keep010_seed42,165,ola,global,,,all,raw,4,0.00546520385412081,0.0068314998162255685,0.006148351835173189,112,0.805477592468696,0.9943205266778029,101770
bayesfl_observability_v1,ola_sparse_bayesian_keep010_seed42,165,ola,global,,,all,raw,5,0.0068314998162255685,0.00819779577833033,0.0075146477972779496,88,0.6328752512254027,0.9951852215780682,101770
bayesfl_observability_v1,ola_sparse_bayesian_keep010_seed42,165,ola,global,,,all,raw,6,0.00819779577833033,0.009564091740435089,0.008880943759382708,72,0.517807023729876,0.9958926992237398,101770
bayesfl_observability_v1,ola_sparse_bayesian_keep010_seed42,165,ola,global,,,all,raw,7,0.009564091740435089,0.010930387702539847,0.010247239721487469,72,0.517807023729876,0.9966001768694114,101770
bayesfl_observability_v1,ola_sparse_bayesian_keep010_seed42,165,ola,global,,,all,raw,8,0.010930387702539847,0.012296683664644606,0.011613535683592226,43,0.3092458613942315,0.997022698241132,101770
bayesfl_observability_v1,ola_sparse_bayesian_keep010_seed42,165,ola,global,,,all,raw,9,0.012296683664644606,0.013662979626749365,0.012979831645696986,50,0.359588210923525,0.9975140021617372,101770
bayesfl_observability_v1,ola_sparse_bayesian_keep010_seed42,165,ola,global,,,all,raw,10,0.013662979626749365,0.015029275588854125,0.014346127607801745,35,0.25171174764646714,0.9978579149061609,101770
bayesfl_observability_v1,ola_sparse_bayesian_keep010_seed42,165,ola,global,,,all,raw,11,0.015029275588854125,0.016395571550958884,0.015712423569906504,26,0.18698586968023298,0.9981133929448757,101770
bayesfl_observability_v1,ola_sparse_bayesian_keep010_seed42,165,ola,global,,,all,raw,12,0.016395571550958884,0.01776186751306364,0.01707871953201126,32,0.23013645499105626,0.9984278274540631,101770
bayesfl_observability_v1,ola_sparse_bayesian_keep010_seed42,165,ola,global,,,all,raw,13,0.01776186751306364,0.0191281634751684,0.01844501549411602,13,0.09349293484011637,0.9985555664734205,101770
bayesfl_observability_v1,ola_sparse_bayesian_keep010_seed42,165,ola,global,,,all,raw,14,0.0191281634751684,0.020494459437273158,0.01981131145622078,20,0.14383528436941018,0.9987520880416626,101770
bayesfl_observability_v1,ola_sparse_bayesian_keep010_seed42,165,ola,global,,,all,raw,15,0.020494459437273158,0.02186075539937792,0.02117760741832554,16,0.11506822749552782,0.9989093052962562,101770
bayesfl_observability_v1,ola_sparse_bayesian_keep010_seed42,165,ola,global,,,all,raw,16,0.02186075539937792,0.02322705136148268,0.0225439033804303,11,0.07910940640317538,0.9990173921587894,101770
bayesfl_observability_v1,ola_sparse_bayesian_keep010_seed42,165,ola,global,,,all,raw,17,0.02322705136148268,0.024593347323587436,0.023910199342535056,15,0.10787646327705762,0.999164783334971,101770
bayesfl_observability_v1,ola_sparse_bayesian_keep010_seed42,165,ola,global,,,all,raw,18,0.024593347323587436,0.025959643285692197,0.025276495304639816,10,0.0719176421847049,0.9992630441190921,101770
bayesfl_observability_v1,ola_sparse_bayesian_keep010_seed42,165,ola,global,,,all,raw,19,0.025959643285692197,0.027325939247796954,0.026642791266744577,3,0.021575292655411527,0.9992925223543284,101770
bayesfl_observability_v1,ola_sparse_bayesian_keep010_seed42,165,ola,global,,,all,raw,20,0.027325939247796954,0.028692235209901714,0.028009087228849334,3,0.021575292655411468,0.9993220005895647,101770
bayesfl_observability_v1,ola_sparse_bayesian_keep010_seed42,165,ola,global,,,all,raw,21,0.028692235209901714,0.030058531172006474,0.029375383190954094,7,0.05034234952929342,0.9993907831384494,101770
bayesfl_observability_v1,ola_sparse_bayesian_keep010_seed42,165,ola,global,,,all,raw,22,0.030058531172006474,0.03142482713411124,0.030741679153058858,5,0.03595882109235236,0.99943991353051,101770
bayesfl_observability_v1,ola_sparse_bayesian_keep010_seed42,165,ola,global,,,all,raw,23,0.03142482713411124,0.032791123096216,0.03210797511516362,4,0.028767056873881956,0.9994792178441584,101770
bayesfl_observability_v1,ola_sparse_bayesian_keep010_seed42,165,ola,global,,,all,raw,24,0.032791123096216,0.03415741905832075,0.03347427107726837,9,0.06472587796623473,0.9995676525498673,101770
bayesfl_observability_v1,ola_sparse_bayesian_keep010_seed42,165,ola,global,,,all,raw,25,0.03415741905832075,0.03552371502042551,0.03484056703937313,7,0.05034234952929342,0.9996364350987521,101770
bayesfl_observability_v1,ola_sparse_bayesian_keep010_seed42,165,ola,global,,,all,raw,26,0.03552371502042551,0.03689001098253027,0.03620686300147789,5,0.03595882109235245,0.9996855654908127,101770
bayesfl_observability_v1,ola_sparse_bayesian_keep010_seed42,165,ola,global,,,all,raw,27,0.03689001098253027,0.038256306944635034,0.037573158963582654,0,0.0,0.9996855654908127,101770
bayesfl_observability_v1,ola_sparse_bayesian_keep010_seed42,165,ola,global,,,all,raw,28,0.038256306944635034,0.039622602906739794,0.038939454925687414,6,0.043150585310822935,0.9997445219612853,101770
bayesfl_observability_v1,ola_sparse_bayesian_keep010_seed42,165,ola,global,,,all,raw,29,0.039622602906739794,0.04098889886884455,0.040305750887792174,1,0.007191764218470526,0.9997543480396973,101770
bayesfl_observability_v1,ola_sparse_bayesian_keep010_seed42,165,ola,global,,,all,raw,30,0.04098889886884455,0.04235519483094931,0.04167204684989693,1,0.007191764218470489,0.9997641741181095,101770
bayesfl_observability_v1,ola_sparse_bayesian_keep010_seed42,165,ola,global,,,all,raw,31,0.04235519483094931,0.04372149079305407,0.04303834281200169,2,0.014383528436940978,0.9997838262749337,101770
bayesfl_observability_v1,ola_sparse_bayesian_keep010_seed42,165,ola,global,,,all,raw,32,0.04372149079305407,0.04508778675515883,0.04440463877410645,2,0.014383528436940978,0.9998034784317579,101770
bayesfl_observability_v1,ola_sparse_bayesian_keep010_seed42,165,ola,global,,,all,raw,33,0.04508778675515883,0.04645408271726359,0.04577093473621121,3,0.021575292655411468,0.9998329566669942,101770
bayesfl_observability_v1,ola_sparse_bayesian_keep010_seed42,165,ola,global,,,all,raw,34,0.04645408271726359,0.04782037867936834,0.04713723069831596,1,0.007191764218470526,0.9998427827454063,101770
bayesfl_observability_v1,ola_sparse_bayesian_keep010_seed42,165,ola,global,,,all,raw,35,0.04782037867936834,0.049186674641473103,0.04850352666042072,0,0.0,0.9998427827454063,101770
bayesfl_observability_v1,ola_sparse_bayesian_keep010_seed42,165,ola,global,,,all,raw,36,0.049186674641473103,0.050552970603577864,0.049869822622525484,0,0.0,0.9998427827454063,101770
bayesfl_observability_v1,ola_sparse_bayesian_keep010_seed42,165,ola,global,,,all,raw,37,0.050552970603577864,0.051919266565682624,0.051236118584630244,0,0.0,0.9998427827454063,101770
bayesfl_observability_v1,ola_sparse_bayesian_keep010_seed42,165,ola,global,,,all,raw,38,0.051919266565682624,0.053285562527787385,0.052602414546735005,1,0.007191764218470489,0.9998526088238184,101770
bayesfl_observability_v1,ola_sparse_bayesian_keep010_seed42,165,ola,global,,,all,raw,39,0.053285562527787385,0.05465185848989214,0.053968710508839765,2,0.014383528436941052,0.9998722609806426,101770
bayesfl_observability_v1,ola_sparse_bayesian_keep010_seed42,165,ola,global,,,all,raw,40,0.05465185848989214,0.0560181544519969,0.05533500647094452,0,0.0,0.9998722609806426,101770
bayesfl_observability_v1,ola_sparse_bayesian_keep010_seed42,165,ola,global,,,all,raw,41,0.0560181544519969,0.05738445041410166,0.05670130243304928,0,0.0,0.9998722609806426,101770
bayesfl_observability_v1,ola_sparse_bayesian_keep010_seed42,165,ola,global,,,all,raw,42,0.05738445041410166,0.05875074637620642,0.05806759839515404,0,0.0,0.9998722609806426,101770
bayesfl_observability_v1,ola_sparse_bayesian_keep010_seed42,165,ola,global,,,all,raw,43,0.05875074637620642,0.06011704233831118,0.0594338943572588,1,0.007191764218470489,0.9998820870590547,101770
bayesfl_observability_v1,ola_sparse_bayesian_keep010_seed42,165,ola,global,,,all,raw,44,0.06011704233831118,0.06148333830041594,0.06080019031936356,0,0.0,0.9998820870590547,101770
bayesfl_observability_v1,ola_sparse_bayesian_keep010_seed42,165,ola,global,,,all,raw,45,0.06148333830041594,0.0628496342625207,0.06216648628146832,2,0.014383528436940978,0.999901739215879,101770
bayesfl_observability_v1,ola_sparse_bayesian_keep010_seed42,165,ola,global,,,all,raw,46,0.0628496342625207,0.06421593022462546,0.06353278224357309,2,0.014383528436940978,0.9999213913727032,101770
bayesfl_observability_v1,ola_sparse_bayesian_keep010_seed42,165,ola,global,,,all,raw,47,0.06421593022462546,0.06558222618673022,0.06489907820567783,0,0.0,0.9999213913727032,101770
bayesfl_observability_v1,ola_sparse_bayesian_keep010_seed42,165,ola,global,,,all,raw,48,0.06558222618673022,0.06694852214883497,0.0662653741677826,1,0.007191764218470563,0.9999312174511152,101770
bayesfl_observability_v1,ola_sparse_bayesian_keep010_seed42,165,ola,global,,,all,raw,49,0.06694852214883497,0.06831481811093973,0.06763167012988736,1,0.007191764218470489,0.9999410435295274,101770
bayesfl_observability_v1,ola_sparse_bayesian_keep010_seed42,165,ola,global,,,all,raw,50,0.06831481811093973,0.06968111407304449,0.0689979660919921,0,0.0,0.9999410435295274,101770
bayesfl_observability_v1,ola_sparse_bayesian_keep010_seed42,165,ola,global,,,all,raw,51,0.06968111407304449,0.07104741003514925,0.07036426205409688,2,0.014383528436940978,0.9999606956863516,101770
bayesfl_observability_v1,ola_sparse_bayesian_keep010_seed42,165,ola,global,,,all,raw,52,0.07104741003514925,0.07241370599725401,0.07173055801620162,0,0.0,0.9999606956863516,101770
bayesfl_observability_v1,ola_sparse_bayesian_keep010_seed42,165,ola,global,,,all,raw,53,0.07241370599725401,0.07378000195935877,0.0730968539783064,1,0.007191764218470489,0.9999705217647636,101770
bayesfl_observability_v1,ola_sparse_bayesian_keep010_seed42,165,ola,global,,,all,raw,54,0.07378000195935877,0.07514629792146353,0.07446314994041114,0,0.0,0.9999705217647636,101770
bayesfl_observability_v1,ola_sparse_bayesian_keep010_seed42,165,ola,global,,,all,raw,55,0.07514629792146353,0.07651259388356829,0.07582944590251592,0,0.0,0.9999705217647636,101770
bayesfl_observability_v1,ola_sparse_bayesian_keep010_seed42,165,ola,global,,,all,raw,56,0.07651259388356829,0.07787888984567305,0.07719574186462067,0,0.0,0.9999705217647636,101770
bayesfl_observability_v1,ola_sparse_bayesian_keep010_seed42,165,ola,global,,,all,raw,57,0.07787888984567305,0.07924518580777781,0.07856203782672544,0,0.0,0.9999705217647636,101770
bayesfl_observability_v1,ola_sparse_bayesian_keep010_seed42,165,ola,global,,,all,raw,58,0.07924518580777781,0.08061148176988256,0.07992833378883019,0,0.0,0.9999705217647636,101770
bayesfl_observability_v1,ola_sparse_bayesian_keep010_seed42,165,ola,global,,,all,raw,59,0.08061148176988256,0.08197777773198732,0.08129462975093493,0,0.0,0.9999705217647636,101770
bayesfl_observability_v1,ola_sparse_bayesian_keep010_seed42,165,ola,global,,,all,raw,60,0.08197777773198732,0.08334407369409208,0.0826609257130397,1,0.007191764218470489,0.9999803478431758,101770
bayesfl_observability_v1,ola_sparse_bayesian_keep010_seed42,165,ola,global,,,all,raw,61,0.08334407369409208,0.08471036965619684,0.08402722167514445,0,0.0,0.9999803478431758,101770
bayesfl_observability_v1,ola_sparse_bayesian_keep010_seed42,165,ola,global,,,all,raw,62,0.08471036965619684,0.0860766656183016,0.08539351763724923,0,0.0,0.9999803478431758,101770
bayesfl_observability_v1,ola_sparse_bayesian_keep010_seed42,165,ola,global,,,all,raw,63,0.0860766656183016,0.08744296158040636,0.08675981359935397,0,0.0,0.9999803478431758,101770
bayesfl_observability_v1,ola_sparse_bayesian_keep010_seed42,165,ola,global,,,all,raw,64,0.08744296158040636,0.08880925754251112,0.08812610956145875,0,0.0,0.9999803478431758,101770
bayesfl_observability_v1,ola_sparse_bayesian_keep010_seed42,165,ola,global,,,all,raw,65,0.08880925754251112,0.09017555350461588,0.0894924055235635,0,0.0,0.9999803478431758,101770
bayesfl_observability_v1,ola_sparse_bayesian_keep010_seed42,165,ola,global,,,all,raw,66,0.09017555350461588,0.09154184946672064,0.09085870148566827,0,0.0,0.9999803478431758,101770
bayesfl_observability_v1,ola_sparse_bayesian_keep010_seed42,165,ola,global,,,all,raw,67,0.09154184946672064,0.0929081454288254,0.09222499744777302,0,0.0,0.9999803478431758,101770
bayesfl_observability_v1,ola_sparse_bayesian_keep010_seed42,165,ola,global,,,all,raw,68,0.0929081454288254,0.09427444139093016,0.09359129340987779,0,0.0,0.9999803478431758,101770
bayesfl_observability_v1,ola_sparse_bayesian_keep010_seed42,165,ola,global,,,all,raw,69,0.09427444139093016,0.09564073735303491,0.09495758937198254,0,0.0,0.9999803478431758,101770
bayesfl_observability_v1,ola_sparse_bayesian_keep010_seed42,165,ola,global,,,all,raw,70,0.09564073735303491,0.09700703331513967,0.09632388533408728,0,0.0,0.9999803478431758,101770
bayesfl_observability_v1,ola_sparse_bayesian_keep010_seed42,165,ola,global,,,all,raw,71,0.09700703331513967,0.09837332927724443,0.09769018129619206,0,0.0,0.9999803478431758,101770
bayesfl_observability_v1,ola_sparse_bayesian_keep010_seed42,165,ola,global,,,all,raw,72,0.09837332927724443,0.09973962523934919,0.0990564772582968,0,0.0,0.9999803478431758,101770
bayesfl_observability_v1,ola_sparse_bayesian_keep010_seed42,165,ola,global,,,all,raw,73,0.09973962523934919,0.10110592120145395,0.10042277322040158,0,0.0,0.9999803478431758,101770
bayesfl_observability_v1,ola_sparse_bayesian_keep010_seed42,165,ola,global,,,all,raw,74,0.10110592120145395,0.10247221716355871,0.10178906918250633,0,0.0,0.9999803478431758,101770
bayesfl_observability_v1,ola_sparse_bayesian_keep010_seed42,165,ola,global,,,all,raw,75,0.10247221716355871,0.10383851312566347,0.1031553651446111,1,0.007191764218470489,0.9999901739215878,101770
bayesfl_observability_v1,ola_sparse_bayesian_keep010_seed42,165,ola,global,,,all,raw,76,0.10383851312566347,0.10520480908776823,0.10452166110671585,0,0.0,0.9999901739215878,101770
bayesfl_observability_v1,ola_sparse_bayesian_keep010_seed42,165,ola,global,,,all,raw,77,0.10520480908776823,0.106571105049873,0.10588795706882062,0,0.0,0.9999901739215878,101770
bayesfl_observability_v1,ola_sparse_bayesian_keep010_seed42,165,ola,global,,,all,raw,78,0.106571105049873,0.10793740101197775,0.10725425303092537,0,0.0,0.9999901739215878,101770
bayesfl_observability_v1,ola_sparse_bayesian_keep010_seed42,165,ola,global,,,all,raw,79,0.10793740101197775,0.1093036969740825,0.10862054899303013,1,0.007191764218470563,1.0,101770
bayesfl_observability_v1,ola_sparse_bayesian_keep010_seed42,165,ola,global,,,all,db,0,-153.97649003110982,-152.29212519288967,-153.13430761199976,2,1.166739911584577e-05,1.9652156824211458e-05,101770
bayesfl_observability_v1,ola_sparse_bayesian_keep010_seed42,165,ola,global,,,all,db,1,-152.29212519288967,-150.60776035466955,-151.4499427737796,1,5.8336995579229836e-06,2.9478235236317185e-05,101770
bayesfl_observability_v1,ola_sparse_bayesian_keep010_seed42,165,ola,global,,,all,db,2,-150.60776035466955,-148.9233955164494,-149.76557793555946,0,0.0,2.9478235236317185e-05,101770
bayesfl_observability_v1,ola_sparse_bayesian_keep010_seed42,165,ola,global,,,all,db,3,-148.9233955164494,-147.23903067822928,-148.08121309733934,2,1.1667399115845967e-05,4.913039206052864e-05,101770
bayesfl_observability_v1,ola_sparse_bayesian_keep010_seed42,165,ola,global,,,all,db,4,-147.23903067822928,-145.55466584000914,-146.39684825911922,0,0.0,4.913039206052864e-05,101770
bayesfl_observability_v1,ola_sparse_bayesian_keep010_seed42,165,ola,global,,,all,db,5,-145.55466584000914,-143.87030100178902,-144.71248342089908,2,1.1667399115845967e-05,6.87825488847401e-05,101770
bayesfl_observability_v1,ola_sparse_bayesian_keep010_seed42,165,ola,global,,,all,db,6,-143.87030100178902,-142.18593616356887,-143.02811858267893,0,0.0,6.87825488847401e-05,101770
bayesfl_observability_v1,ola_sparse_bayesian_keep010_seed42,165,ola,global,,,all,db,7,-142.18593616356887,-140.50157132534875,-141.3437537444588,2,1.1667399115845967e-05,8.843470570895156e-05,101770
bayesfl_observability_v1,ola_sparse_bayesian_keep010_seed42,165,ola,global,,,all,db,8,-140.50157132534875,-138.8172064871286,-139.6593889062387,1,5.833699557922885e-06,9.826078412105728e-05,101770
bayesfl_observability_v1,ola_sparse_bayesian_keep010_seed42,165,ola,global,,,all,db,9,-138.8172064871286,-137.13284164890848,-137.97502406801854,1,5.8336995579229836e-06,0.00010808686253316301,101770
bayesfl_observability_v1,ola_sparse_bayesian_keep010_seed42,165,ola,global,,,all,db,10,-137.13284164890848,-135.44847681068833,-136.2906592297984,1,5.833699557922885e-06,0.00011791294094526874,101770
bayesfl_observability_v1,ola_sparse_bayesian_keep010_seed42,165,ola,global,,,all,db,11,-135.44847681068833,-133.7641119724682,-134.60629439157827,2,1.1667399115845967e-05,0.0001375650977694802,101770
bayesfl_observability_v1,ola_sparse_bayesian_keep010_seed42,165,ola,global,,,all,db,12,-133.7641119724682,-132.07974713424807,-132.92192955335815,3,1.7501098673768657e-05,0.00016704333300579738,101770
bayesfl_observability_v1,ola_sparse_bayesian_keep010_seed42,165,ola,global,,,all,db,13,-132.07974713424807,-130.39538229602795,-131.237564715138,10,5.8336995579229834e-05,0.00026530411712685466,101770
bayesfl_observability_v1,ola_sparse_bayesian_keep010_seed42,165,ola,global,,,all,db,14,-130.39538229602795,-128.7110174578078,-129.55319987691786,2,1.166739911584577e-05,0.00028495627395106615,101770
bayesfl_observability_v1,ola_sparse_bayesian_keep010_seed42,165,ola,global,,,all,db,15,-128.7110174578078,-127.02665261958767,-127.86883503869774,5,2.9168497789614673e-05,0.00033408666601159476,101770
bayesfl_observability_v1,ola_sparse_bayesian_keep010_seed42,165,ola,global,,,all,db,16,-127.02665261958767,-125.34228778136753,-126.18447020047759,8,4.6669596463383475e-05,0.0004126952933084406,101770
bayesfl_observability_v1,ola_sparse_bayesian_keep010_seed42,165,ola,global,,,all,db,17,-125.34228778136753,-123.6579229431474,-124.50010536225747,6,3.5002197347537605e-05,0.00047165176378107497,101770
bayesfl_observability_v1,ola_sparse_bayesian_keep010_seed42,165,ola,global,,,all,db,18,-123.6579229431474,-121.97355810492726,-122.81574052403732,10,5.8336995579229346e-05,0.0005699125479021323,101770
bayesfl_observability_v1,ola_sparse_bayesian_keep010_seed42,165,ola,global,,,all,db,19,-121.97355810492726,-120.28919326670713,-121.1313756858172,9,5.2503296021306414e-05,0.0006583472536110838,101770
bayesfl_observability_v1,ola_sparse_bayesian_keep010_seed42,165,ola,global,,,all,db,20,-120.28919326670713,-118.604828428487,-119.44701084759706,14,8.167179381092109e-05,0.000795912351380564,101770
bayesfl_observability_v1,ola_sparse_bayesian_keep010_seed42,165,ola,global,,,all,db,21,-118.604828428487,-116.92046359026686,-117.76264600937694,17,9.917289248468989e-05,0.0009629556843863614,101770
bayesfl_observability_v1,ola_sparse_bayesian_keep010_seed42,165,ola,global,,,all,db,22,-116.92046359026686,-115.23609875204673,-116.07828117115679,21,0.00012250769071638163,0.0011693033310405817,101770
bayesfl_observability_v1,ola_sparse_bayesian_keep010_seed42,165,ola,global,,,all,db,23,-115.23609875204673,-113.5517339138266,-114.39391633293667,35,0.00020417948452730272,0.0015132160754642821,101770
bayesfl_observability_v1,ola_sparse_bayesian_keep010_seed42,165,ola,global,,,all,db,24,-113.5517339138266,-111.86736907560646,-112.70955149471652,37,0.00021584688364314857,0.0018767809767121942,101770
bayesfl_observability_v1,ola_sparse_bayesian_keep010_seed42,165,ola,global,,,all,db,25,-111.86736907560646,-110.18300423738633,-111.0251866564964,40,0.00023334798231691738,0.0022698241131964233,101770
bayesfl_observability_v1,ola_sparse_bayesian_keep010_seed42,165,ola,global,,,all,db,26,-110.18300423738633,-108.4986393991662,-109.34082181827625,41,0.00023918168187484032,0.002672693328092758,101770
bayesfl_observability_v1,ola_sparse_bayesian_keep010_seed42,165,ola,global,,,all,db,27,-108.4986393991662,-106.81427456094605,-107.65645698005612,71,0.00041419266861252485,0.003370344895352265,101770
bayesfl_observability_v1,ola_sparse_bayesian_keep010_seed42,165,ola,global,,,all,db,28,-106.81427456094605,-105.12990972272593,-105.97209214183599,53,0.0003091860765699181,0.0038911270511938685,101770
bayesfl_observability_v1,ola_sparse_bayesian_keep010_seed42,165,ola,global,,,all,db,29,-105.12990972272593,-103.44554488450578,-104.28772730361585,88,0.0005133655610972139,0.004755821951459172,101770
bayesfl_observability_v1,ola_sparse_bayesian_keep010_seed42,165,ola,global,,,all,db,30,-103.44554488450578,-101.76118004628566,-102.60336246539572,93,0.0005425340588868375,0.005669647243785005,101770
bayesfl_observability_v1,ola_sparse_bayesian_keep010_seed42,165,ola,global,,,all,db,31,-101.76118004628566,-100.07681520806551,-100.91899762717559,143,0.0008342190367829726,0.007074776456716125,101770
bayesfl_observability_v1,ola_sparse_bayesian_keep010_seed42,165,ola,global,,,all,db,32,-100.07681520806551,-98.39245036984539,-99.23463278895545,122,0.0007117113460666039,0.008273558022993023,101770
bayesfl_observability_v1,ola_sparse_bayesian_keep010_seed42,165,ola,global,,,all,db,33,-98.39245036984539,-96.70808553162524,-97.55026795073532,180,0.0010500659204261194,0.010042252137172055,101770
bayesfl_observability_v1,ola_sparse_bayesian_keep010_seed42,165,ola,global,,,all,db,34,-96.70808553162524,-95.02372069340512,-95.86590311251518,230,0.0013417508983222862,0.012302250171956372,101770
bayesfl_observability_v1,ola_sparse_bayesian_keep010_seed42,165,ola,global,,,all,db,35,-95.02372069340512,-93.33935585518498,-94.18153827429505,240,0.0014000878939014925,0.014660508990861748,101770
bayesfl_observability_v1,ola_sparse_bayesian_keep010_seed42,165,ola,global,,,all,db,36,-93.33935585518498,-91.65499101696486,-92.49717343607492,331,0.0019309545536725075,0.017912940945268744,101770
bayesfl_observability_v1,ola_sparse_bayesian_keep010_seed42,165,ola,global,,,all,db,37,-91.65499101696486,-89.97062617874471,-90.81280859785478,379,0.0022109721324527734,0.021637024663456815,101770
bayesfl_observability_v1,ola_sparse_bayesian_keep010_seed42,165,ola,global,,,all,db,38,-89.97062617874471,-88.28626134052458,-89.12844375963465,434,0.0025318256081385535,0.025901542694310702,101770
bayesfl_observability_v1,ola_sparse_bayesian_keep010_seed42,165,ola,global,,,all,db,39,-88.28626134052458,-86.60189650230444,-87.4440789214145,572,0.0033368761471319185,0.03152205954603518,101770
bayesfl_observability_v1,ola_sparse_bayesian_keep010_seed42,165,ola,global,,,all,db,40,-86.60189650230444,-84.91753166408431,-85.75971408319438,675,0.003937747201597981,0.03815466247420654,101770
bayesfl_observability_v1,ola_sparse_bayesian_keep010_seed42,165,ola,global,,,all,db,41,-84.91753166408431,-83.23316682586417,-84.07534924497423,813,0.004742797740591346,0.0461432642232485,101770
bayesfl_observability_v1,ola_sparse_bayesian_keep010_seed42,165,ola,global,,,all,db,42,-83.23316682586417,-81.54880198764404,-82.39098440675411,1017,0.005932872450407625,0.05613638596836003,101770
bayesfl_observability_v1,ola_sparse_bayesian_keep010_seed42,165,ola,global,,,all,db,43,-81.54880198764404,-79.8644371494239,-80.70661956853397,1237,0.00721628635315067,0.06829124496413481,101770
bayesfl_observability_v1,ola_sparse_bayesian_keep010_seed42,165,ola,global,,,all,db,44,-79.8644371494239,-78.18007231120377,-79.02225473031385,1463,0.008534702453241253,0.0826667976810455,101770
bayesfl_observability_v1,ola_sparse_bayesian_keep010_seed42,165,ola,global,,,all,db,45,-78.18007231120377,-76.49570747298364,-77.3378898920937,1801,0.010506492903819204,0.10036356490124791,101770
bayesfl_observability_v1,ola_sparse_bayesian_keep010_seed42,165,ola,global,,,all,db,46,-76.49570747298364,-74.8113426347635,-75.65352505387358,2200,0.012834139027430457,0.12198093740788052,101770
bayesfl_observability_v1,ola_sparse_bayesian_keep010_seed42,165,ola,global,,,all,db,47,-74.8113426347635,-73.12697779654337,-73.96916021565343,2658,0.015505973424959161,0.14809865382725754,101770
bayesfl_observability_v1,ola_sparse_bayesian_keep010_seed42,165,ola,global,,,all,db,48,-73.12697779654337,-71.44261295832324,-72.28479537743331,3142,0.018329484010993862,0.17897219219809374,101770
bayesfl_observability_v1,ola_sparse_bayesian_keep010_seed42,165,ola,global,,,all,db,49,-71.44261295832324,-69.7582481201031,-70.60043053921316,3956,0.02307811545114313,0.217844158396384,101770
bayesfl_observability_v1,ola_sparse_bayesian_keep010_seed42,165,ola,global,,,all,db,50,-69.7582481201031,-68.07388328188297,-68.91606570099304,4732,0.027605066308091328,0.26434116144246833,101770
bayesfl_observability_v1,ola_sparse_bayesian_keep010_seed42,165,ola,global,,,all,db,51,-68.07388328188297,-66.38951844366284,-67.2317008627729,5768,0.033648779050099484,0.32101798172349416,101770
bayesfl_observability_v1,ola_sparse_bayesian_keep010_seed42,165,ola,global,,,all,db,52,-66.38951844366284,-64.7051536054427,-65.54733602455278,6923,0.040386702039500476,0.38904392257050213,101770
bayesfl_observability_v1,ola_sparse_bayesian_keep010_seed42,165,ola,global,,,all,db,53,-64.7051536054427,-63.020788767222555,-63.86297118633263,8459,0.049347264560469686,0.4721627198585045,101770
bayesfl_observability_v1,ola_sparse_bayesian_keep010_seed42,165,ola,global,,,all,db,54,-63.020788767222555,-61.33642392900242,-62.17860634811249,9946,0.058021975803101505,0.569892895745308,101770
bayesfl_observability_v1,ola_sparse_bayesian_keep010_seed42,165,ola,global,,,all,db,55,-61.33642392900242,-59.65205909078229,-60.494241509892355,12108,0.07063443424733089,0.6888670531590843,101770
bayesfl_observability_v1,ola_sparse_bayesian_keep010_seed42,165,ola,global,,,all,db,56,-59.65205909078229,-57.967694252562154,-58.80987667167222,9926,0.05790530181194305,0.7864007074776457,101770
bayesfl_observability_v1,ola_sparse_bayesian_keep010_seed42,165,ola,global,,,all,db,57,-57.967694252562154,-56.28332941434202,-57.12551183345209,6175,0.036023094770174124,0.8470767416723985,101770
bayesfl_observability_v1,ola_sparse_bayesian_keep010_seed42,165,ola,global,,,all,db,58,-56.28332941434202,-54.59896457612189,-55.441146995231954,5216,0.030428576894126026,0.898329566669942,101770
bayesfl_observability_v1,ola_sparse_bayesian_keep010_seed42,165,ola,global,,,all,db,59,-54.59896457612189,-52.91459973790175,-53.75678215701182,4175,0.02435569565432825,0.9393534440404835,101770
bayesfl_observability_v1,ola_sparse_bayesian_keep010_seed42,165,ola,global,,,all,db,60,-52.91459973790175,-51.23023489968162,-52.072417318791686,2994,0.017466096476421267,0.968772722806328,101770
bayesfl_observability_v1,ola_sparse_bayesian_keep010_seed42,165,ola,global,,,all,db,61,-51.23023489968162,-49.545870061461486,-50.38805248057155,1557,0.00908307021168601,0.9840719268939766,101770
bayesfl_observability_v1,ola_sparse_bayesian_keep010_seed42,165,ola,global,,,all,db,62,-49.545870061461486,-47.86150522324135,-48.70368764235142,634,0.0036985655197231404,0.9903016606072517,101770
bayesfl_observability_v1,ola_sparse_bayesian_keep010_seed42,165,ola,global,,,all,db,63,-47.86150522324135,-46.17714038502122,-47.019322804131285,225,0.0013125824005326603,0.9925125282499755,101770
bayesfl_observability_v1,ola_sparse_bayesian_keep010_seed42,165,ola,global,,,all,db,64,-46.17714038502122,-44.492775546801084,-45.33495796591115,114,0.0006650417496032146,0.9936327011889555,101770
bayesfl_observability_v1,ola_sparse_bayesian_keep010_seed42,165,ola,global,,,all,db,65,-44.492775546801084,-42.80841070858095,-43.65059312769102,103,0.0006008710544660623,0.9946447872654024,101770
bayesfl_observability_v1,ola_sparse_bayesian_keep010_seed42,165,ola,global,,,all,db,66,-42.80841070858095,-41.12404587036082,-41.966228289470884,89,0.0005191992606551412,0.9955193082440797,101770
bayesfl_observability_v1,ola_sparse_bayesian_keep010_seed42,165,ola,global,,,all,db,67,-41.12404587036082,-39.43968103214068,-40.28186345125075,95,0.0005542014580026788,0.9964527856932298,101770
bayesfl_observability_v1,ola_sparse_bayesian_keep010_seed42,165,ola,global,,,all,db,68,-39.43968103214068,-37.75531619392055,-38.597498613030616,81,0.0004725296641917577,0.9972486980446104,101770
bayesfl_observability_v1,ola_sparse_bayesian_keep010_seed42,165,ola,global,,,all,db,69,-37.75531619392055,-36.070951355700416,-36.91313377481048,77,0.00044919486596006595,0.9980053060823425,101770
bayesfl_observability_v1,ola_sparse_bayesian_keep010_seed42,165,ola,global,,,all,db,70,-36.070951355700416,-34.38658651748028,-35.22876893659035,55,0.0003208534756857614,0.9985457403950083,101770
bayesfl_observability_v1,ola_sparse_bayesian_keep010_seed42,165,ola,global,,,all,db,71,-34.38658651748028,-32.70222167926015,-33.544404098370215,48,0.00028001757878030084,0.9990173921587894,101770
bayesfl_observability_v1,ola_sparse_bayesian_keep010_seed42,165,ola,global,,,all,db,72,-32.70222167926015,-31.017856841040015,-31.86003926015008,30,0.00017501098673768805,0.9993121745111526,101770
bayesfl_observability_v1,ola_sparse_bayesian_keep010_seed42,165,ola,global,,,all,db,73,-31.017856841040015,-29.33349200281988,-30.175674421929948,26,0.0001516761885059963,0.9995676525498673,101770
bayesfl_observability_v1,ola_sparse_bayesian_keep010_seed42,165,ola,global,,,all,db,74,-29.33349200281988,-27.649127164599733,-28.491309583709807,20,0.0001166739911584577,0.9997641741181095,101770
bayesfl_observability_v1,ola_sparse_bayesian_keep010_seed42,165,ola,global,,,all,db,75,-27.649127164599733,-25.9647623263796,-26.806944745489666,8,4.6669596463383475e-05,0.9998427827454063,101770
bayesfl_observability_v1,ola_sparse_bayesian_keep010_seed42,165,ola,global,,,all,db,76,-25.9647623263796,-24.28039748815948,-25.12257990726954,4,2.3334798231691934e-05,0.9998820870590547,101770
bayesfl_observability_v1,ola_sparse_bayesian_keep010_seed42,165,ola,global,,,all,db,77,-24.28039748815948,-22.596032649939332,-23.438215069049406,9,5.250329602130597e-05,0.9999705217647636,101770
bayesfl_observability_v1,ola_sparse_bayesian_keep010_seed42,165,ola,global,,,all,db,78,-22.596032649939332,-20.911667811719212,-21.753850230829272,1,5.8336995579229836e-06,0.9999803478431758,101770
bayesfl_observability_v1,ola_sparse_bayesian_keep010_seed42,165,ola,global,,,all,db,79,-20.911667811719212,-19.227302973499064,-20.06948539260914,2,1.166739911584577e-05,1.0,101770
bayesfl_observability_v1,ola_sparse_bayesian_keep010_seed42,165,ola,global,,,layers.0.weight,raw,0,2.0005701773262004e-08,7.687985648724294e-05,3.84499310945081e-05,5221,676.9056263053418,0.05202686543367347,100352
bayesfl_observability_v1,ola_sparse_bayesian_keep010_seed42,165,ola,global,,,layers.0.weight,raw,1,7.687985648724294e-05,0.00015373970727271263,0.00011530978187997779,5235,678.7207342862408,0.10419323979591837,100352
bayesfl_observability_v1,ola_sparse_bayesian_keep010_seed42,165,ola,global,,,layers.0.weight,raw,2,0.00015373970727271263,0.00023059955805818233,0.0001921696326654475,5211,675.6091206046993,0.15612045599489796,100352
bayesfl_observability_v1,ola_sparse_bayesian_keep010_seed42,165,ola,global,,,layers.0.weight,raw,3,0.00023059955805818233,0.00030745940884365197,0.00026902948345091716,5157,668.6079898212314,0.20750956632653061,100352
bayesfl_observability_v1,ola_sparse_bayesian_keep010_seed42,165,ola,global,,,layers.0.weight,raw,4,0.00030745940884365197,0.00038431925962912163,0.00034588933423638677,5269,683.1288536684249,0.2600147480867347,100352
bayesfl_observability_v1,ola_sparse_bayesian_keep010_seed42,165,ola,global,,,layers.0.weight,raw,5,0.00038431925962912163,0.00046117911041459135,0.0004227491850218565,5264,682.4806008181033,0.31247010522959184,100352
bayesfl_observability_v1,ola_sparse_bayesian_keep010_seed42,165,ola,global,,,layers.0.weight,raw,6,0.00046117911041459135,0.000538038961200061,0.0004996090358073261,5219,676.6463251652139,0.36447704081632654,100352
bayesfl_observability_v1,ola_sparse_bayesian_keep010_seed42,165,ola,global,,,layers.0.weight,raw,7,0.000538038961200061,0.0006148988119855307,0.0005764688865927958,5187,672.4975069231576,0.41616509885204084,100352
bayesfl_observability_v1,ola_sparse_bayesian_keep010_seed42,165,ola,global,,,layers.0.weight,raw,8,0.0006148988119855307,0.0006917586627710004,0.0006533287373782655,5190,672.8864586333503,0.46788305165816324,100352
bayesfl_observability_v1,ola_sparse_bayesian_keep010_seed42,165,ola,global,,,layers.0.weight,raw,9,0.0006917586627710004,0.00076861851355647,0.0007301885881637353,5108,662.2551118880845,0.5187838807397959,100352
bayesfl_observability_v1,ola_sparse_bayesian_keep010_seed42,165,ola,global,,,layers.0.weight,raw,10,0.00076861851355647,0.0008454783643419397,0.0008070484389492049,5014,650.0679583020459,0.5687480070153061,100352
bayesfl_observability_v1,ola_sparse_bayesian_keep010_seed42,165,ola,global,,,layers.0.weight,raw,11,0.0008454783643419397,0.0009223382151274095,0.0008839082897346746,4980,645.6598389198622,0.6183733258928571,100352
bayesfl_observability_v1,ola_sparse_bayesian_keep010_seed42,165,ola,global,,,layers.0.weight,raw,12,0.0009223382151274095,0.0009991980659128793,0.0009607681405201444,5216,676.2573734550193,0.6703503667091837,100352
bayesfl_observability_v1,ola_sparse_bayesian_keep010_seed42,165,ola,global,,,layers.0.weight,raw,13,0.0009991980659128793,0.0010760579166983488,0.0010376279913056142,4716,611.4320884229073,0.7173449457908163,100352
bayesfl_observability_v1,ola_sparse_bayesian_keep010_seed42,165,ola,global,,,layers.0.weight,raw,14,0.0010760579166983488,0.0011529177674838185,0.0011144878420910837,3790,491.3756605434292,0.7551120057397959,100352
bayesfl_observability_v1,ola_sparse_bayesian_keep010_seed42,165,ola,global,,,layers.0.weight,raw,15,0.0011529177674838185,0.0012297776182692882,0.0011913476928765534,3008,389.98891475320187,0.7850864955357143,100352
bayesfl_observability_v1,ola_sparse_bayesian_keep010_seed42,165,ola,global,,,layers.0.weight,raw,16,0.0012297776182692882,0.001306637469054758,0.001268207543662023,2159,279.91558076867113,0.8066007653061225,100352
bayesfl_observability_v1,ola_sparse_bayesian_keep010_seed42,165,ola,global,,,layers.0.weight,raw,17,0.001306637469054758,0.0013834973198402277,0.0013450673944474928,1835,237.90879606786086,0.8248863998724489,100352
bayesfl_observability_v1,ola_sparse_bayesian_keep010_seed42,165,ola,global,,,layers.0.weight,raw,18,0.0013834973198402277,0.0014603571706256972,0.0014219272452329623,1653,214.31239231617172,0.8413584183673469,100352
bayesfl_observability_v1,ola_sparse_bayesian_keep010_seed42,165,ola,global,,,layers.0.weight,raw,19,0.0014603571706256972,0.001537217021411167,0.001498787096018432,1558,201.99558816006933,0.8568837691326531,100352
bayesfl_observability_v1,ola_sparse_bayesian_keep010_seed42,165,ola,global,,,layers.0.weight,raw,20,0.001537217021411167,0.0016140768721966366,0.0015756469468039018,1328,172.17595704529657,0.8701171875,100352
bayesfl_observability_v1,ola_sparse_bayesian_keep010_seed42,165,ola,global,,,layers.0.weight,raw,21,0.0016140768721966366,0.0016909367229821063,0.0016525067975893715,1280,165.95272968221357,0.8828722895408163,100352
bayesfl_observability_v1,ola_sparse_bayesian_keep010_seed42,165,ola,global,,,layers.0.weight,raw,22,0.0016909367229821063,0.001767796573767576,0.0017293666483748412,1166,151.1725646948914,0.8944913903061225,100352
bayesfl_observability_v1,ola_sparse_bayesian_keep010_seed42,165,ola,global,,,layers.0.weight,raw,23,0.001767796573767576,0.0018446564245530458,0.001806226499160311,1099,142.48597650058807,0.9054428411989796,100352
bayesfl_observability_v1,ola_sparse_bayesian_keep010_seed42,165,ola,global,,,layers.0.weight,raw,24,0.0018446564245530458,0.0019215162753385153,0.0018830863499457806,988,128.09476322345895,0.9152881855867347,100352
bayesfl_observability_v1,ola_sparse_bayesian_keep010_seed42,165,ola,global,,,layers.0.weight,raw,25,0.0019215162753385153,0.001998376126123985,0.00195994620073125,920,119.278524459091,0.9244559151785714,100352
bayesfl_observability_v1,ola_sparse_bayesian_keep010_seed42,165,ola,global,,,layers.0.weight,raw,26,0.001998376126123985,0.0020752359769094543,0.0020368060515167197,803,104.10940776157675,0.9324577487244898,100352
bayesfl_observability_v1,ola_sparse_bayesian_keep010_seed42,165,ola,global,,,layers.0.weight,raw,27,0.0020752359769094543,0.002152095827694924,0.0021136659023021894,729,94.5152655768232,0.9397221779336735,100352
bayesfl_observability_v1,ola_sparse_bayesian_keep010_seed42,165,ola,global,,,layers.0.weight,raw,28,0.002152095827694924,0.0022289556784803937,0.0021905257530876587,687,89.06994163412556,0.9465680803571429,100352
bayesfl_observability_v1,ola_sparse_bayesian_keep010_seed42,165,ola,global,,,layers.0.weight,raw,29,0.0022289556784803937,0.0023058155292658635,0.002267385603873129,600,77.7903420385376,0.9525470344387755,100352
bayesfl_observability_v1,ola_sparse_bayesian_keep010_seed42,165,ola,global,,,layers.0.weight,raw,30,0.0023058155292658635,0.002382675380051333,0.002344245454658598,565,73.25257208628958,0.9581772161989796,100352
bayesfl_observability_v1,ola_sparse_bayesian_keep010_seed42,165,ola,global,,,layers.0.weight,raw,31,0.002382675380051333,0.002459535230836803,0.0024211053054440683,497,64.43633332192199,0.9631297831632653,100352
bayesfl_observability_v1,ola_sparse_bayesian_keep010_seed42,165,ola,global,,,layers.0.weight,raw,32,0.002459535230836803,0.0025363950816222726,0.0024979651562295375,488,63.26947819134392,0.9679926658163265,100352
bayesfl_observability_v1,ola_sparse_bayesian_keep010_seed42,165,ola,global,,,layers.0.weight,raw,33,0.0025363950816222726,0.0026132549324077423,0.0025748250070150077,394,51.08232460530636,0.9719188456632653,100352
bayesfl_observability_v1,ola_sparse_bayesian_keep010_seed42,165,ola,global,,,layers.0.weight,raw,34,0.0026132549324077423,0.002690114783193212,0.002651684857800477,382,49.52651776453561,0.9757254464285714,100352
bayesfl_observability_v1,ola_sparse_bayesian_keep010_seed42,165,ola,global,,,layers.0.weight,raw,35,0.002690114783193212,0.002766974633978682,0.002728544708585947,322,41.74748356068185,0.9789341517857143,100352
bayesfl_observability_v1,ola_sparse_bayesian_keep010_seed42,165,ola,global,,,layers.0.weight,raw,36,0.002766974633978682,0.0028438344847641515,0.0028054045593714164,295,38.24691816894766,0.9818738042091837,100352
bayesfl_observability_v1,ola_sparse_bayesian_keep010_seed42,165,ola,global,,,layers.0.weight,raw,37,0.0028438344847641515,0.002920694335549621,0.002882264410156886,222,28.78242655425908,0.9840860172193877,100352
bayesfl_observability_v1,ola_sparse_bayesian_keep010_seed42,165,ola,global,,,layers.0.weight,raw,38,0.002920694335549621,0.0029975541863350905,0.002959124260942356,225,29.171378264451604,0.986328125,100352
bayesfl_observability_v1,ola_sparse_bayesian_keep010_seed42,165,ola,global,,,layers.0.weight,raw,39,0.0029975541863350905,0.0030744140371205602,0.003035984111727825,188,24.374307172075117,0.9882015306122449,100352
bayesfl_observability_v1,ola_sparse_bayesian_keep010_seed42,165,ola,global,,,layers.0.weight,raw,40,0.0030744140371205602,0.00315127388790603,0.0031128439625132953,191,24.763258882267806,0.990104830994898,100352
bayesfl_observability_v1,ola_sparse_bayesian_keep010_seed42,165,ola,global,,,layers.0.weight,raw,41,0.00315127388790603,0.0032281337386914997,0.0031897038132987646,129,16.724923538285587,0.9913903061224489,100352
bayesfl_observability_v1,ola_sparse_bayesian_keep010_seed42,165,ola,global,,,layers.0.weight,raw,42,0.0032281337386914997,0.0033049935894769694,0.0032665636640842348,115,14.909815557386375,0.9925362723214286,100352
bayesfl_observability_v1,ola_sparse_bayesian_keep010_seed42,165,ola,global,,,layers.0.weight,raw,43,0.0033049935894769694,0.003381853440262439,0.003343423514869704,100,12.965057006422935,0.9935327646683674,100352
bayesfl_observability_v1,ola_sparse_bayesian_keep010_seed42,165,ola,global,,,layers.0.weight,raw,44,0.003381853440262439,0.003458713291047909,0.003420283365655174,96,12.446454726166017,0.9944893973214286,100352
bayesfl_observability_v1,ola_sparse_bayesian_keep010_seed42,165,ola,global,,,layers.0.weight,raw,45,0.003458713291047909,0.0035355731418333786,0.0034971432164406435,74,9.594142184752972,0.9952268016581632,100352
bayesfl_observability_v1,ola_sparse_bayesian_keep010_seed42,165,ola,global,,,layers.0.weight,raw,46,0.0035355731418333786,0.0036124329926188483,0.0035740030672261136,76,9.85344332488143,0.9959841358418368,100352
bayesfl_observability_v1,ola_sparse_bayesian_keep010_seed42,165,ola,global,,,layers.0.weight,raw,47,0.0036124329926188483,0.003689292843404318,0.003650862918011583,61,7.90868477391799,0.9965919961734694,100352
bayesfl_observability_v1,ola_sparse_bayesian_keep010_seed42,165,ola,global,,,layers.0.weight,raw,48,0.003689292843404318,0.0037661526941897873,0.0037277227687970526,53,6.871480213404194,0.9971201371173469,100352
bayesfl_observability_v1,ola_sparse_bayesian_keep010_seed42,165,ola,global,,,layers.0.weight,raw,49,0.0037661526941897873,0.003843012544975257,0.0038045826195825224,44,5.704625082826091,0.99755859375,100352
bayesfl_observability_v1,ola_sparse_bayesian_keep010_seed42,165,ola,global,,,layers.0.weight,raw,50,0.003843012544975257,0.003919872395760727,0.0038814424703679917,47,6.093576793018779,0.9980269451530612,100352
bayesfl_observability_v1,ola_sparse_bayesian_keep010_seed42,165,ola,global,,,layers.0.weight,raw,51,0.003919872395760727,0.003996732246546197,0.003958302321153462,30,3.8895171019268586,0.9983258928571429,100352
bayesfl_observability_v1,ola_sparse_bayesian_keep010_seed42,165,ola,global,,,layers.0.weight,raw,52,0.003996732246546197,0.004073592097331666,0.004035162171938932,38,4.926721662440743,0.9987045599489796,100352
bayesfl_observability_v1,ola_sparse_bayesian_keep010_seed42,165,ola,global,,,layers.0.weight,raw,53,0.004073592097331666,0.0041504519481171355,0.0041120220227244,21,2.7226619713488316,0.9989138233418368,100352
bayesfl_observability_v1,ola_sparse_bayesian_keep010_seed42,165,ola,global,,,layers.0.weight,raw,54,0.0041504519481171355,0.004227311798902606,0.0041888818735098705,21,2.722661971348801,0.9991230867346939,100352
bayesfl_observability_v1,ola_sparse_bayesian_keep010_seed42,165,ola,global,,,layers.0.weight,raw,55,0.004227311798902606,0.004304171649688075,0.004265741724295341,15,1.9447585509634513,0.9992725605867347,100352
bayesfl_observability_v1,ola_sparse_bayesian_keep010_seed42,165,ola,global,,,layers.0.weight,raw,56,0.004304171649688075,0.004381031500473545,0.00434260157508081,13,1.685457410834972,0.9994021045918368,100352
bayesfl_observability_v1,ola_sparse_bayesian_keep010_seed42,165,ola,global,,,layers.0.weight,raw,57,0.004381031500473545,0.004457891351259014,0.004419461425866279,10,1.2965057006423009,0.9995017538265306,100352
bayesfl_observability_v1,ola_sparse_bayesian_keep010_seed42,165,ola,global,,,layers.0.weight,raw,58,0.004457891351259014,0.0045347512020444845,0.004496321276651749,8,1.037204560513829,0.9995814732142857,100352
bayesfl_observability_v1,ola_sparse_bayesian_keep010_seed42,165,ola,global,,,layers.0.weight,raw,59,0.0045347512020444845,0.004611611052829954,0.00457318112743722,4,0.5186022802569203,0.9996213329081632,100352
bayesfl_observability_v1,ola_sparse_bayesian_keep010_seed42,165,ola,global,,,layers.0.weight,raw,60,0.004611611052829954,0.004688470903615424,0.004650040978222689,4,0.5186022802569145,0.9996611926020408,100352
bayesfl_observability_v1,ola_sparse_bayesian_keep010_seed42,165,ola,global,,,layers.0.weight,raw,61,0.004688470903615424,0.004765330754400893,0.004726900829008158,10,1.2965057006423009,0.9997608418367347,100352
bayesfl_observability_v1,ola_sparse_bayesian_keep010_seed42,165,ola,global,,,layers.0.weight,raw,62,0.004765330754400893,0.004842190605186363,0.004803760679793628,4,0.5186022802569145,0.9998007015306123,100352
bayesfl_observability_v1,ola_sparse_bayesian_keep010_seed42,165,ola,global,,,layers.0.weight,raw,63,0.004842190605186363,0.004919050455971833,0.0048806205305790985,2,0.2593011401284602,0.9998206313775511,100352
bayesfl_observability_v1,ola_sparse_bayesian_keep010_seed42,165,ola,global,,,layers.0.weight,raw,64,0.004919050455971833,0.004995910306757302,0.004957480381364567,4,0.5186022802569203,0.9998604910714286,100352
bayesfl_observability_v1,ola_sparse_bayesian_keep010_seed42,165,ola,global,,,layers.0.weight,raw,65,0.004995910306757302,0.005072770157542772,0.005034340232150037,5,0.6482528503211431,0.9999103156887755,100352
bayesfl_observability_v1,ola_sparse_bayesian_keep010_seed42,165,ola,global,,,layers.0.weight,raw,66,0.005072770157542772,0.005149630008328241,0.005111200082935507,1,0.1296505700642301,0.9999202806122449,100352
bayesfl_observability_v1,ola_sparse_bayesian_keep010_seed42,165,ola,global,,,layers.0.weight,raw,67,0.005149630008328241,0.0052264898591137116,0.0051880599337209765,1,0.12965057006422862,0.9999302455357143,100352
bayesfl_observability_v1,ola_sparse_bayesian_keep010_seed42,165,ola,global,,,layers.0.weight,raw,68,0.0052264898591137116,0.005303349709899181,0.005264919784506446,1,0.1296505700642301,0.9999402104591837,100352
bayesfl_observability_v1,ola_sparse_bayesian_keep010_seed42,165,ola,global,,,layers.0.weight,raw,69,0.005303349709899181,0.005380209560684651,0.005341779635291916,2,0.25930114012845723,0.9999601403061225,100352
bayesfl_observability_v1,ola_sparse_bayesian_keep010_seed42,165,ola,global,,,layers.0.weight,raw,70,0.005380209560684651,0.00545706941147012,0.005418639486077386,2,0.2593011401284602,0.9999800701530612,100352
bayesfl_observability_v1,ola_sparse_bayesian_keep010_seed42,165,ola,global,,,layers.0.weight,raw,71,0.00545706941147012,0.0055339292622555904,0.005495499336862855,0,0.0,0.9999800701530612,100352
bayesfl_observability_v1,ola_sparse_bayesian_keep010_seed42,165,ola,global,,,layers.0.weight,raw,72,0.0055339292622555904,0.00561078911304106,0.005572359187648325,0,0.0,0.9999800701530612,100352
bayesfl_observability_v1,ola_sparse_bayesian_keep010_seed42,165,ola,global,,,layers.0.weight,raw,73,0.00561078911304106,0.00568764896382653,0.005649219038433795,0,0.0,0.9999800701530612,100352
bayesfl_observability_v1,ola_sparse_bayesian_keep010_seed42,165,ola,global,,,layers.0.weight,raw,74,0.00568764896382653,0.005764508814611999,0.005726078889219265,1,0.1296505700642301,0.9999900350765306,100352
bayesfl_observability_v1,ola_sparse_bayesian_keep010_seed42,165,ola,global,,,layers.0.weight,raw,75,0.005764508814611999,0.0058413686653974685,0.005802938740004733,0,0.0,0.9999900350765306,100352
bayesfl_observability_v1,ola_sparse_bayesian_keep010_seed42,165,ola,global,,,layers.0.weight,raw,76,0.0058413686653974685,0.005918228516182939,0.0058797985907902035,0,0.0,0.9999900350765306,100352
bayesfl_observability_v1,ola_sparse_bayesian_keep010_seed42,165,ola,global,,,layers.0.weight,raw,77,0.005918228516182939,0.005995088366968408,0.005956658441575674,0,0.0,0.9999900350765306,100352
bayesfl_observability_v1,ola_sparse_bayesian_keep010_seed42,165,ola,global,,,layers.0.weight,raw,78,0.005995088366968408,0.006071948217753878,0.006033518292361143,0,0.0,0.9999900350765306,100352
bayesfl_observability_v1,ola_sparse_bayesian_keep010_seed42,165,ola,global,,,layers.0.weight,raw,79,0.006071948217753878,0.006148808068539347,0.006110378143146612,1,0.1296505700642301,1.0,100352
bayesfl_observability_v1,ola_sparse_bayesian_keep010_seed42,165,ola,global,,,layers.0.weight,db,0,-153.97649003110982,-152.60458617145153,-153.29053810128067,2,1.4527145469026958e-05,1.992984693877551e-05,100352
bayesfl_observability_v1,ola_sparse_bayesian_keep010_seed42,165,ola,global,,,layers.0.weight,db,1,-152.60458617145153,-151.23268231179324,-151.91863424162239,0,0.0,1.992984693877551e-05,100352
bayesfl_observability_v1,ola_sparse_bayesian_keep010_seed42,165,ola,global,,,layers.0.weight,db,2,-151.23268231179324,-149.86077845213495,-150.5467303819641,1,7.263572734513479e-06,2.9894770408163265e-05,100352
bayesfl_observability_v1,ola_sparse_bayesian_keep010_seed42,165,ola,global,,,layers.0.weight,db,3,-149.86077845213495,-148.48887459247663,-149.1748265223058,0,0.0,2.9894770408163265e-05,100352
bayesfl_observability_v1,ola_sparse_bayesian_keep010_seed42,165,ola,global,,,layers.0.weight,db,4,-148.48887459247663,-147.11697073281834,-147.8029226626475,2,1.4527145469026958e-05,4.982461734693878e-05,100352
bayesfl_observability_v1,ola_sparse_bayesian_keep010_seed42,165,ola,global,,,layers.0.weight,db,5,-147.11697073281834,-145.74506687316006,-146.4310188029892,0,0.0,4.982461734693878e-05,100352
bayesfl_observability_v1,ola_sparse_bayesian_keep010_seed42,165,ola,global,,,layers.0.weight,db,6,-145.74506687316006,-144.37316301350177,-145.0591149433309,2,1.4527145469026958e-05,6.975446428571428e-05,100352
bayesfl_observability_v1,ola_sparse_bayesian_keep010_seed42,165,ola,global,,,layers.0.weight,db,7,-144.37316301350177,-143.00125915384348,-143.68721108367262,0,0.0,6.975446428571428e-05,100352
bayesfl_observability_v1,ola_sparse_bayesian_keep010_seed42,165,ola,global,,,layers.0.weight,db,8,-143.00125915384348,-141.6293552941852,-142.31530722401433,1,7.263572734513479e-06,7.971938775510203e-05,100352
bayesfl_observability_v1,ola_sparse_bayesian_keep010_seed42,165,ola,global,,,layers.0.weight,db,9,-141.6293552941852,-140.2574514345269,-140.94340336435604,1,7.263572734513479e-06,8.96843112244898e-05,100352
bayesfl_observability_v1,ola_sparse_bayesian_keep010_seed42,165,ola,global,,,layers.0.weight,db,10,-140.2574514345269,-138.88554757486858,-139.57149950469773,1,7.263572734513329e-06,9.964923469387755e-05,100352
bayesfl_observability_v1,ola_sparse_bayesian_keep010_seed42,165,ola,global,,,layers.0.weight,db,11,-138.88554757486858,-137.5136437152103,-138.19959564503944,1,7.263572734513479e-06,0.0001096141581632653,100352
bayesfl_observability_v1,ola_sparse_bayesian_keep010_seed42,165,ola,global,,,layers.0.weight,db,12,-137.5136437152103,-136.141739855552,-136.82769178538115,1,7.263572734513479e-06,0.00011957908163265306,100352
bayesfl_observability_v1,ola_sparse_bayesian_keep010_seed42,165,ola,global,,,layers.0.weight,db,13,-136.141739855552,-134.76983599589371,-135.45578792572286,2,1.4527145469026958e-05,0.00013950892857142856,100352
bayesfl_observability_v1,ola_sparse_bayesian_keep010_seed42,165,ola,global,,,layers.0.weight,db,14,-134.76983599589371,-133.39793213623543,-134.08388406606457,1,7.263572734513479e-06,0.00014947385204081633,100352
bayesfl_observability_v1,ola_sparse_bayesian_keep010_seed42,165,ola,global,,,layers.0.weight,db,15,-133.39793213623543,-132.02602827657714,-132.71198020640628,3,2.1790718203540435e-05,0.0001793686224489796,100352
bayesfl_observability_v1,ola_sparse_bayesian_keep010_seed42,165,ola,global,,,layers.0.weight,db,16,-132.02602827657714,-130.65412441691885,-131.340076346748,6,4.358143640708087e-05,0.00023915816326530612,100352
bayesfl_observability_v1,ola_sparse_bayesian_keep010_seed42,165,ola,global,,,layers.0.weight,db,17,-130.65412441691885,-129.28222055726053,-129.9681724870897,5,3.631786367256664e-05,0.0002889827806122449,100352
bayesfl_observability_v1,ola_sparse_bayesian_keep010_seed42,165,ola,global,,,layers.0.weight,db,18,-129.28222055726053,-127.91031669760225,-128.59626862743139,1,7.263572734513554e-06,0.00029894770408163266,100352
bayesfl_observability_v1,ola_sparse_bayesian_keep010_seed42,165,ola,global,,,layers.0.weight,db,19,-127.91031669760225,-126.53841283794395,-127.2243647677731,4,2.9054290938053614e-05,0.00033880739795918367,100352
bayesfl_observability_v1,ola_sparse_bayesian_keep010_seed42,165,ola,global,,,layers.0.weight,db,20,-126.53841283794395,-125.16650897828566,-125.85246090811481,10,7.263572734513479e-05,0.0004384566326530612,100352
bayesfl_observability_v1,ola_sparse_bayesian_keep010_seed42,165,ola,global,,,layers.0.weight,db,21,-125.16650897828566,-123.79460511862737,-124.48055704845652,3,2.1790718203540435e-05,0.00046835140306122447,100352
bayesfl_observability_v1,ola_sparse_bayesian_keep010_seed42,165,ola,global,,,layers.0.weight,db,22,-123.79460511862737,-122.42270125896908,-123.10865318879823,9,6.537215461062131e-05,0.0005580357142857143,100352
bayesfl_observability_v1,ola_sparse_bayesian_keep010_seed42,165,ola,global,,,layers.0.weight,db,23,-122.42270125896908,-121.05079739931078,-121.73674932913994,8,5.810858187610723e-05,0.0006377551020408163,100352
bayesfl_observability_v1,ola_sparse_bayesian_keep010_seed42,165,ola,global,,,layers.0.weight,db,24,-121.05079739931078,-119.67889353965249,-120.36484546948164,7,5.0845009141594354e-05,0.0007075095663265306,100352
bayesfl_observability_v1,ola_sparse_bayesian_keep010_seed42,165,ola,global,,,layers.0.weight,db,25,-119.67889353965249,-118.30698967999419,-118.99294160982333,13,9.442644554867426e-05,0.0008370535714285714,100352
bayesfl_observability_v1,ola_sparse_bayesian_keep010_seed42,165,ola,global,,,layers.0.weight,db,26,-118.30698967999419,-116.9350858203359,-117.62103775016504,14,0.00010169001828318871,0.0009765625,100352
bayesfl_observability_v1,ola_sparse_bayesian_keep010_seed42,165,ola,global,,,layers.0.weight,db,27,-116.9350858203359,-115.56318196067761,-116.24913389050676,17,0.00012348073648672914,0.001145966198979592,100352
bayesfl_observability_v1,ola_sparse_bayesian_keep010_seed42,165,ola,global,,,layers.0.weight,db,28,-115.56318196067761,-114.19127810101932,-114.87723003084847,31,0.00022517075476991786,0.0014548788265306123,100352
bayesfl_observability_v1,ola_sparse_bayesian_keep010_seed42,165,ola,global,,,layers.0.weight,db,29,-114.19127810101932,-112.81937424136103,-113.50532617119018,19,0.0001380078819557561,0.0016442123724489796,100352
bayesfl_observability_v1,ola_sparse_bayesian_keep010_seed42,165,ola,global,,,layers.0.weight,db,30,-112.81937424136103,-111.44747038170274,-112.13342231153189,35,0.00025422504570797176,0.001992984693877551,100352
bayesfl_observability_v1,ola_sparse_bayesian_keep010_seed42,165,ola,global,,,layers.0.weight,db,31,-111.44747038170274,-110.07556652204444,-110.7615184518736,34,0.0002469614729734557,0.002331792091836735,100352
bayesfl_observability_v1,ola_sparse_bayesian_keep010_seed42,165,ola,global,,,layers.0.weight,db,32,-110.07556652204444,-108.70366266238614,-109.38961459221528,30,0.00021790718203540212,0.0026307397959183672,100352
bayesfl_observability_v1,ola_sparse_bayesian_keep010_seed42,165,ola,global,,,layers.0.weight,db,33,-108.70366266238614,-107.33175880272785,-108.01771073255699,54,0.00039223292766372785,0.003168845663265306,100352
bayesfl_observability_v1,ola_sparse_bayesian_keep010_seed42,165,ola,global,,,layers.0.weight,db,34,-107.33175880272785,-105.95985494306956,-106.6458068728987,49,0.00035591506399116046,0.003657126913265306,100352
bayesfl_observability_v1,ola_sparse_bayesian_keep010_seed42,165,ola,global,,,layers.0.weight,db,35,-105.95985494306956,-104.58795108341127,-105.27390301324041,54,0.00039223292766372785,0.004195232780612245,100352
bayesfl_observability_v1,ola_sparse_bayesian_keep010_seed42,165,ola,global,,,layers.0.weight,db,36,-104.58795108341127,-103.21604722375298,-103.90199915358212,71,0.000515713664150457,0.004902742346938775,100352
bayesfl_observability_v1,ola_sparse_bayesian_keep010_seed42,165,ola,global,,,layers.0.weight,db,37,-103.21604722375298,-101.84414336409469,-102.53009529392384,78,0.0005665586732920513,0.00568000637755102,100352
bayesfl_observability_v1,ola_sparse_bayesian_keep010_seed42,165,ola,global,,,layers.0.weight,db,38,-101.84414336409469,-100.47223950443639,-101.15819143426555,116,0.0008425744372035548,0.0068359375,100352
bayesfl_observability_v1,ola_sparse_bayesian_keep010_seed42,165,ola,global,,,layers.0.weight,db,39,-100.47223950443639,-99.1003356447781,-99.78628757460724,99,0.0007190937007168345,0.007822464923469387,100352
bayesfl_observability_v1,ola_sparse_bayesian_keep010_seed42,165,ola,global,,,layers.0.weight,db,40,-99.1003356447781,-97.7284317851198,-98.41438371494894,111,0.0008062565735309878,0.008928571428571428,100352
bayesfl_observability_v1,ola_sparse_bayesian_keep010_seed42,165,ola,global,,,layers.0.weight,db,41,-97.7284317851198,-96.3565279254615,-97.04247985529065,162,0.0011766987829911835,0.010542889030612245,100352
bayesfl_observability_v1,ola_sparse_bayesian_keep010_seed42,165,ola,global,,,layers.0.weight,db,42,-96.3565279254615,-94.98462406580322,-95.67057599563236,197,0.0014309238286991553,0.012505978954081632,100352
bayesfl_observability_v1,ola_sparse_bayesian_keep010_seed42,165,ola,global,,,layers.0.weight,db,43,-94.98462406580322,-93.61272020614493,-94.29867213597407,186,0.001351024528619507,0.014359454719387755,100352
bayesfl_observability_v1,ola_sparse_bayesian_keep010_seed42,165,ola,global,,,layers.0.weight,db,44,-93.61272020614493,-92.24081634648664,-92.92676827631578,248,0.0018013660381593429,0.01683075573979592,100352
bayesfl_observability_v1,ola_sparse_bayesian_keep010_seed42,165,ola,global,,,layers.0.weight,db,45,-92.24081634648664,-90.86891248682834,-91.5548644166575,284,0.0020628546566018066,0.01966079400510204,100352
bayesfl_observability_v1,ola_sparse_bayesian_keep010_seed42,165,ola,global,,,layers.0.weight,db,46,-90.86891248682834,-89.49700862717005,-90.18296055699919,331,0.0024042425751239615,0.02295918367346939,100352
bayesfl_observability_v1,ola_sparse_bayesian_keep010_seed42,165,ola,global,,,layers.0.weight,db,47,-89.49700862717005,-88.12510476751174,-88.81105669734089,373,0.0027093126299734998,0.02667610012755102,100352
bayesfl_observability_v1,ola_sparse_bayesian_keep010_seed42,165,ola,global,,,layers.0.weight,db,48,-88.12510476751174,-86.75320090785345,-87.4391528376826,453,0.003290398448734606,0.031190210459183673,100352
bayesfl_observability_v1,ola_sparse_bayesian_keep010_seed42,165,ola,global,,,layers.0.weight,db,49,-86.75320090785345,-85.38129704819517,-86.06724897802431,545,0.003958647140309846,0.03662109375,100352
bayesfl_observability_v1,ola_sparse_bayesian_keep010_seed42,165,ola,global,,,layers.0.weight,db,50,-85.38129704819517,-84.00939318853688,-84.69534511836602,622,0.004517942240867384,0.04281927614795918,100352
bayesfl_observability_v1,ola_sparse_bayesian_keep010_seed42,165,ola,global,,,layers.0.weight,db,51,-84.00939318853688,-82.63748932887857,-83.32344125870773,707,0.005135345923300977,0.04986447704081633,100352
bayesfl_observability_v1,ola_sparse_bayesian_keep010_seed42,165,ola,global,,,layers.0.weight,db,52,-82.63748932887857,-81.26558546922028,-81.95153739904943,889,0.006457316160982483,0.05872329400510204,100352
bayesfl_observability_v1,ola_sparse_bayesian_keep010_seed42,165,ola,global,,,layers.0.weight,db,53,-81.26558546922028,-79.893681609562,-80.57963353939114,1013,0.007357999180062154,0.06881776147959184,100352
bayesfl_observability_v1,ola_sparse_bayesian_keep010_seed42,165,ola,global,,,layers.0.weight,db,54,-79.893681609562,-78.5217777499037,-79.20772967973285,1180,0.008571015826725906,0.08057637117346939,100352
bayesfl_observability_v1,ola_sparse_bayesian_keep010_seed42,165,ola,global,,,layers.0.weight,db,55,-78.5217777499037,-77.1498738902454,-77.83582582007455,1377,0.010001939655424957,0.09429807079081633,100352
bayesfl_observability_v1,ola_sparse_bayesian_keep010_seed42,165,ola,global,,,layers.0.weight,db,56,-77.1498738902454,-75.77797003058711,-76.46392196041626,1631,0.011846887129991485,0.11055086096938775,100352
bayesfl_observability_v1,ola_sparse_bayesian_keep010_seed42,165,ola,global,,,layers.0.weight,db,57,-75.77797003058711,-74.40606617092882,-75.09201810075797,1848,0.013423082413380909,0.1289660395408163,100352
bayesfl_observability_v1,ola_sparse_bayesian_keep010_seed42,165,ola,global,,,layers.0.weight,db,58,-74.40606617092882,-73.03416231127052,-73.72011424109968,2216,0.016096077179681704,0.15104830994897958,100352
bayesfl_observability_v1,ola_sparse_bayesian_keep010_seed42,165,ola,global,,,layers.0.weight,db,59,-73.03416231127052,-71.66225845161223,-72.34821038144138,2556,0.018565691909416454,0.1765186543367347,100352
bayesfl_observability_v1,ola_sparse_bayesian_keep010_seed42,165,ola,global,,,layers.0.weight,db,60,-71.66225845161223,-70.29035459195394,-70.97630652178309,2995,0.02175440033986787,0.20636360012755103,100352
bayesfl_observability_v1,ola_sparse_bayesian_keep010_seed42,165,ola,global,,,layers.0.weight,db,61,-70.29035459195394,-68.91845073229565,-69.6044026621248,3591,0.026083489689637904,0.24214764030612246,100352
bayesfl_observability_v1,ola_sparse_bayesian_keep010_seed42,165,ola,global,,,layers.0.weight,db,62,-68.91845073229565,-67.54654687263735,-68.2324988024665,4206,0.030550586921363376,0.2840601084183674,100352
bayesfl_observability_v1,ola_sparse_bayesian_keep010_seed42,165,ola,global,,,layers.0.weight,db,63,-67.54654687263735,-66.17464301297906,-66.8605949428082,4896,0.035562452108177996,0.3328483737244898,100352
bayesfl_observability_v1,ola_sparse_bayesian_keep010_seed42,165,ola,global,,,layers.0.weight,db,64,-66.17464301297906,-64.80273915332077,-65.48869108314992,5659,0.04110455810461178,0.3892398756377551,100352
bayesfl_observability_v1,ola_sparse_bayesian_keep010_seed42,165,ola,global,,,layers.0.weight,db,65,-64.80273915332077,-63.43083529366247,-64.11678722349163,6724,0.048840263066868124,0.4562440210459184,100352
bayesfl_observability_v1,ola_sparse_bayesian_keep010_seed42,165,ola,global,,,layers.0.weight,db,66,-63.43083529366247,-62.05893143400418,-62.744883363833324,7605,0.05523947064597501,0.5320272640306123,100352
bayesfl_observability_v1,ola_sparse_bayesian_keep010_seed42,165,ola,global,,,layers.0.weight,db,67,-62.05893143400418,-60.68702757434589,-61.372979504175035,8784,0.0638032228999664,0.6195591517857143,100352
bayesfl_observability_v1,ola_sparse_bayesian_keep010_seed42,165,ola,global,,,layers.0.weight,db,68,-60.68702757434589,-59.3151237146876,-60.001075644516746,10177,0.07392137971914367,0.7209721779336735,100352
bayesfl_observability_v1,ola_sparse_bayesian_keep010_seed42,165,ola,global,,,layers.0.weight,db,69,-59.3151237146876,-57.9432198550293,-58.62917178485845,7532,0.054709229836354956,0.796027981505102,100352
bayesfl_observability_v1,ola_sparse_bayesian_keep010_seed42,165,ola,global,,,layers.0.weight,db,70,-57.9432198550293,-56.57131599537101,-57.25726792520015,5069,0.03681905019124883,0.8465401785714286,100352
bayesfl_observability_v1,ola_sparse_bayesian_keep010_seed42,165,ola,global,,,layers.0.weight,db,71,-56.57131599537101,-55.19941213571272,-55.885364065541864,4396,0.03193066574092125,0.8903459821428571,100352
bayesfl_observability_v1,ola_sparse_bayesian_keep010_seed42,165,ola,global,,,layers.0.weight,db,72,-55.19941213571272,-53.82750827605442,-54.51346020588357,3852,0.02797928217334563,0.9287308673469388,100352
bayesfl_observability_v1,ola_sparse_bayesian_keep010_seed42,165,ola,global,,,layers.0.weight,db,73,-53.82750827605442,-52.45560441639613,-53.14155634622527,2961,0.02150743886689441,0.9582370057397959,100352
bayesfl_observability_v1,ola_sparse_bayesian_keep010_seed42,165,ola,global,,,layers.0.weight,db,74,-52.45560441639613,-51.08370055673784,-51.76965248656698,2184,0.015863642852177437,0.9800003985969388,100352
bayesfl_observability_v1,ola_sparse_bayesian_keep010_seed42,165,ola,global,,,layers.0.weight,db,75,-51.08370055673784,-49.71179669707955,-50.397748626908694,1208,0.008774395863292282,0.9920380261479592,100352
bayesfl_observability_v1,ola_sparse_bayesian_keep010_seed42,165,ola,global,,,layers.0.weight,db,76,-49.71179669707955,-48.339892837421246,-49.0258447672504,546,0.0039659107130443185,0.9974788743622449,100352
bayesfl_observability_v1,ola_sparse_bayesian_keep010_seed42,165,ola,global,,,layers.0.weight,db,77,-48.339892837421246,-46.96798897776296,-47.6539409075921,207,0.0015035595560442903,0.9995416135204082,100352
bayesfl_observability_v1,ola_sparse_bayesian_keep010_seed42,165,ola,global,,,layers.0.weight,db,78,-46.96798897776296,-45.59608511810467,-46.28203704793381,39,0.00028327933664602567,0.9999302455357143,100352
bayesfl_observability_v1,ola_sparse_bayesian_keep010_seed42,165,ola,global,,,layers.0.weight,db,79,-45.59608511810467,-44.22418125844637,-44.91013318827552,7,5.0845009141594096e-05,1.0,100352
bayesfl_observability_v1,ola_sparse_bayesian_keep010_seed42,165,ola,global,,,layers.0.bias,raw,0,8.020214628369947e-06,6.871952647432768e-05,3.8369870551348814e-05,8,1029.665709532458,0.0625,128
bayesfl_observability_v1,ola_sparse_bayesian_keep010_seed42,165,ola,global,,,layers.0.bias,raw,1,6.871952647432768e-05,0.0001294188383202854,9.906918239730654e-05,7,900.9574958409007,0.1171875,128
bayesfl_observability_v1,ola_sparse_bayesian_keep010_seed42,165,ola,global,,,layers.0.bias,raw,2,0.0001294188383202854,0.00019011815016624313,0.00015976849424326428,4,514.8328547662292,0.1484375,128
bayesfl_observability_v1,ola_sparse_bayesian_keep010_seed42,165,ola,global,,,layers.0.bias,raw,3,0.00019011815016624313,0.00025081746201220087,0.000220467806089222,4,514.8328547662289,0.1796875,128
bayesfl_observability_v1,ola_sparse_bayesian_keep010_seed42,165,ola,global,,,layers.0.bias,raw,4,0.00025081746201220087,0.0003115167738581586,0.00028116711793517977,5,643.5410684577861,0.21875,128
bayesfl_observability_v1,ola_sparse_bayesian_keep010_seed42,165,ola,global,,,layers.0.bias,raw,5,0.0003115167738581586,0.0003722160857041163,0.00034186642978113746,4,514.8328547662294,0.25,128
bayesfl_observability_v1,ola_sparse_bayesian_keep010_seed42,165,ola,global,,,layers.0.bias,raw,6,0.0003722160857041163,0.00043291539755007405,0.00040256574162709515,3,386.1246410746717,0.2734375,128
bayesfl_observability_v1,ola_sparse_bayesian_keep010_seed42,165,ola,global,,,layers.0.bias,raw,7,0.00043291539755007405,0.0004936147093960318,0.00046326505347305295,2,257.41642738311447,0.2890625,128
bayesfl_observability_v1,ola_sparse_bayesian_keep010_seed42,165,ola,global,,,layers.0.bias,raw,8,0.0004936147093960318,0.0005543140212419895,0.0005239643653190106,3,386.124641074672,0.3125,128
bayesfl_observability_v1,ola_sparse_bayesian_keep010_seed42,165,ola,global,,,layers.0.bias,raw,9,0.0005543140212419895,0.0006150133330879473,0.0005846636771649684,2,257.41642738311424,0.328125,128
bayesfl_observability_v1,ola_sparse_bayesian_keep010_seed42,165,ola,global,,,layers.0.bias,raw,10,0.0006150133330879473,0.000675712644933905,0.0006453629890109261,2,257.4164273831147,0.34375,128
bayesfl_observability_v1,ola_sparse_bayesian_keep010_seed42,165,ola,global,,,layers.0.bias,raw,11,0.000675712644933905,0.0007364119567798627,0.0007060623008568838,1,128.70821369155735,0.3515625,128
bayesfl_observability_v1,ola_sparse_bayesian_keep010_seed42,165,ola,global,,,layers.0.bias,raw,12,0.0007364119567798627,0.0007971112686258205,0.0007667616127028415,4,514.8328547662285,0.3828125,128
bayesfl_observability_v1,ola_sparse_bayesian_keep010_seed42,165,ola,global,,,layers.0.bias,raw,13,0.0007971112686258205,0.0008578105804717781,0.0008274609245487993,7,900.9574958409014,0.4375,128
bayesfl_observability_v1,ola_sparse_bayesian_keep010_seed42,165,ola,global,,,layers.0.bias,raw,14,0.0008578105804717781,0.000918509892317736,0.0008881602363947571,2,257.41642738311424,0.453125,128
bayesfl_observability_v1,ola_sparse_bayesian_keep010_seed42,165,ola,global,,,layers.0.bias,raw,15,0.000918509892317736,0.0009792092041636935,0.0009488595482407148,4,514.8328547662303,0.484375,128
bayesfl_observability_v1,ola_sparse_bayesian_keep010_seed42,165,ola,global,,,layers.0.bias,raw,16,0.0009792092041636935,0.0010399085160096512,0.0010095588600866723,2,257.4164273831147,0.5,128
bayesfl_observability_v1,ola_sparse_bayesian_keep010_seed42,165,ola,global,,,layers.0.bias,raw,17,0.0010399085160096512,0.001100607827855609,0.0010702581719326302,6,772.249282149344,0.546875,128
bayesfl_observability_v1,ola_sparse_bayesian_keep010_seed42,165,ola,global,,,layers.0.bias,raw,18,0.001100607827855609,0.0011613071397015668,0.0011309574837785879,2,257.4164273831137,0.5625,128
bayesfl_observability_v1,ola_sparse_bayesian_keep010_seed42,165,ola,global,,,layers.0.bias,raw,19,0.0011613071397015668,0.0012220064515475245,0.0011916567956245456,4,514.8328547662294,0.59375,128
bayesfl_observability_v1,ola_sparse_bayesian_keep010_seed42,165,ola,global,,,layers.0.bias,raw,20,0.0012220064515475245,0.0012827057633934822,0.0012523561074705035,3,386.124641074672,0.6171875,128
bayesfl_observability_v1,ola_sparse_bayesian_keep010_seed42,165,ola,global,,,layers.0.bias,raw,21,0.0012827057633934822,0.0013434050752394399,0.001313055419316461,5,643.5410684577867,0.65625,128
bayesfl_observability_v1,ola_sparse_bayesian_keep010_seed42,165,ola,global,,,layers.0.bias,raw,22,0.0013434050752394399,0.0014041043870853976,0.0013737547311624188,1,128.70821369155735,0.6640625,128
bayesfl_observability_v1,ola_sparse_bayesian_keep010_seed42,165,ola,global,,,layers.0.bias,raw,23,0.0014041043870853976,0.0014648036989313553,0.0014344540430083763,4,514.8328547662294,0.6953125,128
bayesfl_observability_v1,ola_sparse_bayesian_keep010_seed42,165,ola,global,,,layers.0.bias,raw,24,0.0014648036989313553,0.0015255030107773132,0.0014951533548543342,2,257.4164273831137,0.7109375,128
bayesfl_observability_v1,ola_sparse_bayesian_keep010_seed42,165,ola,global,,,layers.0.bias,raw,25,0.0015255030107773132,0.0015862023226232709,0.0015558526667002921,4,514.8328547662294,0.7421875,128
bayesfl_observability_v1,ola_sparse_bayesian_keep010_seed42,165,ola,global,,,layers.0.bias,raw,26,0.0015862023226232709,0.0016469016344692286,0.0016165519785462496,3,386.124641074672,0.765625,128
bayesfl_observability_v1,ola_sparse_bayesian_keep010_seed42,165,ola,global,,,layers.0.bias,raw,27,0.0016469016344692286,0.0017076009463151862,0.0016772512903922075,2,257.4164273831147,0.78125,128
bayesfl_observability_v1,ola_sparse_bayesian_keep010_seed42,165,ola,global,,,layers.0.bias,raw,28,0.0017076009463151862,0.001768300258161144,0.001737950602238165,0,0.0,0.78125,128
bayesfl_observability_v1,ola_sparse_bayesian_keep010_seed42,165,ola,global,,,layers.0.bias,raw,29,0.001768300258161144,0.0018289995700071018,0.0017986499140841229,2,257.4164273831137,0.796875,128
bayesfl_observability_v1,ola_sparse_bayesian_keep010_seed42,165,ola,global,,,layers.0.bias,raw,30,0.0018289995700071018,0.0018896988818530595,0.0018593492259300808,3,386.124641074672,0.8203125,128
bayesfl_observability_v1,ola_sparse_bayesian_keep010_seed42,165,ola,global,,,layers.0.bias,raw,31,0.0018896988818530595,0.0019503981936990172,0.0019200485377760383,1,128.70821369155735,0.828125,128
bayesfl_observability_v1,ola_sparse_bayesian_keep010_seed42,165,ola,global,,,layers.0.bias,raw,32,0.0019503981936990172,0.002011097505544975,0.001980747849621996,2,257.4164273831137,0.84375,128
bayesfl_observability_v1,ola_sparse_bayesian_keep010_seed42,165,ola,global,,,layers.0.bias,raw,33,0.002011097505544975,0.0020717968173909326,0.0020414471614679536,1,128.7082136915578,0.8515625,128
bayesfl_observability_v1,ola_sparse_bayesian_keep010_seed42,165,ola,global,,,layers.0.bias,raw,34,0.0020717968173909326,0.0021324961292368905,0.0021021464733139116,0,0.0,0.8515625,128
bayesfl_observability_v1,ola_sparse_bayesian_keep010_seed42,165,ola,global,,,layers.0.bias,raw,35,0.0021324961292368905,0.002193195441082848,0.0021628457851598695,4,514.8328547662312,0.8828125,128
bayesfl_observability_v1,ola_sparse_bayesian_keep010_seed42,165,ola,global,,,layers.0.bias,raw,36,0.002193195441082848,0.002253894752928806,0.002223545097005827,1,128.70821369155686,0.890625,128
bayesfl_observability_v1,ola_sparse_bayesian_keep010_seed42,165,ola,global,,,layers.0.bias,raw,37,0.002253894752928806,0.002314594064774764,0.002284244408851785,2,257.4164273831137,0.90625,128
bayesfl_observability_v1,ola_sparse_bayesian_keep010_seed42,165,ola,global,,,layers.0.bias,raw,38,0.002314594064774764,0.0023752933766207213,0.0023449437206977423,2,257.4164273831156,0.921875,128
bayesfl_observability_v1,ola_sparse_bayesian_keep010_seed42,165,ola,global,,,layers.0.bias,raw,39,0.0023752933766207213,0.002435992688466679,0.0024056430325437002,2,257.4164273831137,0.9375,128
bayesfl_observability_v1,ola_sparse_bayesian_keep010_seed42,165,ola,global,,,layers.0.bias,raw,40,0.002435992688466679,0.0024966920003126366,0.002466342344389658,2,257.4164273831156,0.953125,128
bayesfl_observability_v1,ola_sparse_bayesian_keep010_seed42,165,ola,global,,,layers.0.bias,raw,41,0.0024966920003126366,0.0025573913121585946,0.0025270416562356156,1,128.70821369155686,0.9609375,128
bayesfl_observability_v1,ola_sparse_bayesian_keep010_seed42,165,ola,global,,,layers.0.bias,raw,42,0.0025573913121585946,0.0026180906240045525,0.0025877409680815735,0,0.0,0.9609375,128
bayesfl_observability_v1,ola_sparse_bayesian_keep010_seed42,165,ola,global,,,layers.0.bias,raw,43,0.0026180906240045525,0.00267878993585051,0.002648440279927531,0,0.0,0.9609375,128
bayesfl_observability_v1,ola_sparse_bayesian_keep010_seed42,165,ola,global,,,layers.0.bias,raw,44,0.00267878993585051,0.002739489247696468,0.002709139591773489,1,128.70821369155686,0.96875,128
bayesfl_observability_v1,ola_sparse_bayesian_keep010_seed42,165,ola,global,,,layers.0.bias,raw,45,0.002739489247696468,0.0028001885595424253,0.002769838903619447,1,128.7082136915578,0.9765625,128
bayesfl_observability_v1,ola_sparse_bayesian_keep010_seed42,165,ola,global,,,layers.0.bias,raw,46,0.0028001885595424253,0.0028608878713883832,0.0028305382154654043,0,0.0,0.9765625,128
bayesfl_observability_v1,ola_sparse_bayesian_keep010_seed42,165,ola,global,,,layers.0.bias,raw,47,0.0028608878713883832,0.0029215871832343407,0.0028912375273113617,1,128.7082136915578,0.984375,128
bayesfl_observability_v1,ola_sparse_bayesian_keep010_seed42,165,ola,global,,,layers.0.bias,raw,48,0.0029215871832343407,0.0029822864950802986,0.0029519368391573196,1,128.70821369155686,0.9921875,128
bayesfl_observability_v1,ola_sparse_bayesian_keep010_seed42,165,ola,global,,,layers.0.bias,raw,49,0.0029822864950802986,0.0030429858069262565,0.0030126361510032776,0,0.0,0.9921875,128
bayesfl_observability_v1,ola_sparse_bayesian_keep010_seed42,165,ola,global,,,layers.0.bias,raw,50,0.0030429858069262565,0.003103685118772214,0.0030733354628492355,0,0.0,0.9921875,128
bayesfl_observability_v1,ola_sparse_bayesian_keep010_seed42,165,ola,global,,,layers.0.bias,raw,51,0.003103685118772214,0.003164384430618172,0.003134034774695193,0,0.0,0.9921875,128
bayesfl_observability_v1,ola_sparse_bayesian_keep010_seed42,165,ola,global,,,layers.0.bias,raw,52,0.003164384430618172,0.0032250837424641294,0.0031947340865411504,0,0.0,0.9921875,128
bayesfl_observability_v1,ola_sparse_bayesian_keep010_seed42,165,ola,global,,,layers.0.bias,raw,53,0.0032250837424641294,0.0032857830543100873,0.0032554333983871083,0,0.0,0.9921875,128
bayesfl_observability_v1,ola_sparse_bayesian_keep010_seed42,165,ola,global,,,layers.0.bias,raw,54,0.0032857830543100873,0.003346482366156045,0.003316132710233066,0,0.0,0.9921875,128
bayesfl_observability_v1,ola_sparse_bayesian_keep010_seed42,165,ola,global,,,layers.0.bias,raw,55,0.003346482366156045,0.0034071816780020026,0.003376832022079024,0,0.0,0.9921875,128
bayesfl_observability_v1,ola_sparse_bayesian_keep010_seed42,165,ola,global,,,layers.0.bias,raw,56,0.0034071816780020026,0.0034678809898479605,0.0034375313339249816,0,0.0,0.9921875,128
bayesfl_observability_v1,ola_sparse_bayesian_keep010_seed42,165,ola,global,,,layers.0.bias,raw,57,0.0034678809898479605,0.003528580301693918,0.003498230645770939,0,0.0,0.9921875,128
bayesfl_observability_v1,ola_sparse_bayesian_keep010_seed42,165,ola,global,,,layers.0.bias,raw,58,0.003528580301693918,0.003589279613539876,0.003558929957616897,0,0.0,0.9921875,128
bayesfl_observability_v1,ola_sparse_bayesian_keep010_seed42,165,ola,global,,,layers.0.bias,raw,59,0.003589279613539876,0.003649978925385834,0.003619629269462855,0,0.0,0.9921875,128
bayesfl_observability_v1,ola_sparse_bayesian_keep010_seed42,165,ola,global,,,layers.0.bias,raw,60,0.003649978925385834,0.0037106782372317913,0.003680328581308813,0,0.0,0.9921875,128
bayesfl_observability_v1,ola_sparse_bayesian_keep010_seed42,165,ola,global,,,layers.0.bias,raw,61,0.0037106782372317913,0.003771377549077749,0.0037410278931547703,0,0.0,0.9921875,128
bayesfl_observability_v1,ola_sparse_bayesian_keep010_seed42,165,ola,global,,,layers.0.bias,raw,62,0.003771377549077749,0.0038320768609237067,0.0038017272050007277,0,0.0,0.9921875,128
bayesfl_observability_v1,ola_sparse_bayesian_keep010_seed42,165,ola,global,,,layers.0.bias,raw,63,0.0038320768609237067,0.0038927761727696646,0.0038624265168466856,0,0.0,0.9921875,128
bayesfl_observability_v1,ola_sparse_bayesian_keep010_seed42,165,ola,global,,,layers.0.bias,raw,64,0.0038927761727696646,0.0039534754846156225,0.0039231258286926435,0,0.0,0.9921875,128
bayesfl_observability_v1,ola_sparse_bayesian_keep010_seed42,165,ola,global,,,layers.0.bias,raw,65,0.0039534754846156225,0.00401417479646158,0.0039838251405386015,0,0.0,0.9921875,128
bayesfl_observability_v1,ola_sparse_bayesian_keep010_seed42,165,ola,global,,,layers.0.bias,raw,66,0.00401417479646158,0.0040748741083075374,0.004044524452384559,0,0.0,0.9921875,128
bayesfl_observability_v1,ola_sparse_bayesian_keep010_seed42,165,ola,global,,,layers.0.bias,raw,67,0.0040748741083075374,0.004135573420153495,0.004105223764230516,0,0.0,0.9921875,128
bayesfl_observability_v1,ola_sparse_bayesian_keep010_seed42,165,ola,global,,,layers.0.bias,raw,68,0.004135573420153495,0.004196272731999453,0.004165923076076474,0,0.0,0.9921875,128
bayesfl_observability_v1,ola_sparse_bayesian_keep010_seed42,165,ola,global,,,layers.0.bias,raw,69,0.004196272731999453,0.004256972043845411,0.004226622387922432,0,0.0,0.9921875,128
bayesfl_observability_v1,ola_sparse_bayesian_keep010_seed42,165,ola,global,,,layers.0.bias,raw,70,0.004256972043845411,0.004317671355691369,0.00428732169976839,0,0.0,0.9921875,128
bayesfl_observability_v1,ola_sparse_bayesian_keep010_seed42,165,ola,global,,,layers.0.bias,raw,71,0.004317671355691369,0.004378370667537326,0.004348021011614347,0,0.0,0.9921875,128
bayesfl_observability_v1,ola_sparse_bayesian_keep010_seed42,165,ola,global,,,layers.0.bias,raw,72,0.004378370667537326,0.004439069979383284,0.004408720323460305,0,0.0,0.9921875,128
bayesfl_observability_v1,ola_sparse_bayesian_keep010_seed42,165,ola,global,,,layers.0.bias,raw,73,0.004439069979383284,0.004499769291229242,0.004469419635306263,0,0.0,0.9921875,128
bayesfl_observability_v1,ola_sparse_bayesian_keep010_seed42,165,ola,global,,,layers.0.bias,raw,74,0.004499769291229242,0.0045604686030752,0.004530118947152221,0,0.0,0.9921875,128
bayesfl_observability_v1,ola_sparse_bayesian_keep010_seed42,165,ola,global,,,layers.0.bias,raw,75,0.0045604686030752,0.004621167914921158,0.004590818258998179,0,0.0,0.9921875,128
bayesfl_observability_v1,ola_sparse_bayesian_keep010_seed42,165,ola,global,,,layers.0.bias,raw,76,0.004621167914921158,0.004681867226767115,0.004651517570844137,0,0.0,0.9921875,128
bayesfl_observability_v1,ola_sparse_bayesian_keep010_seed42,165,ola,global,,,layers.0.bias,raw,77,0.004681867226767115,0.004742566538613073,0.004712216882690094,0,0.0,0.9921875,128
bayesfl_observability_v1,ola_sparse_bayesian_keep010_seed42,165,ola,global,,,layers.0.bias,raw,78,0.004742566538613073,0.004803265850459031,0.004772916194536052,0,0.0,0.9921875,128
bayesfl_observability_v1,ola_sparse_bayesian_keep010_seed42,165,ola,global,,,layers.0.bias,raw,79,0.004803265850459031,0.0048639651623049885,0.0048336155063820095,1,128.70821369155686,1.0,128
bayesfl_observability_v1,ola_sparse_bayesian_keep010_seed42,165,ola,global,,,layers.0.bias,db,0,-101.91627910575731,-101.22057800299245,-101.56842855437489,1,0.011229678908013135,0.0078125,128
bayesfl_observability_v1,ola_sparse_bayesian_keep010_seed42,165,ola,global,,,layers.0.bias,db,1,-101.22057800299245,-100.52487690022761,-100.87272745161003,0,0.0,0.0078125,128
bayesfl_observability_v1,ola_sparse_bayesian_keep010_seed42,165,ola,global,,,layers.0.bias,db,2,-100.52487690022761,-99.82917579746275,-100.17702634884517,0,0.0,0.0078125,128
bayesfl_observability_v1,ola_sparse_bayesian_keep010_seed42,165,ola,global,,,layers.0.bias,db,3,-99.82917579746275,-99.1334746946979,-99.48132524608033,0,0.0,0.0078125,128
bayesfl_observability_v1,ola_sparse_bayesian_keep010_seed42,165,ola,global,,,layers.0.bias,db,4,-99.1334746946979,-98.43777359193305,-98.78562414331547,0,0.0,0.0078125,128
bayesfl_observability_v1,ola_sparse_bayesian_keep010_seed42,165,ola,global,,,layers.0.bias,db,5,-98.43777359193305,-97.7420724891682,-98.08992304055062,0,0.0,0.0078125,128
bayesfl_observability_v1,ola_sparse_bayesian_keep010_seed42,165,ola,global,,,layers.0.bias,db,6,-97.7420724891682,-97.04637138640334,-97.39422193778577,1,0.011229678908013135,0.015625,128
bayesfl_observability_v1,ola_sparse_bayesian_keep010_seed42,165,ola,global,,,layers.0.bias,db,7,-97.04637138640334,-96.3506702836385,-96.69852083502091,0,0.0,0.015625,128
bayesfl_observability_v1,ola_sparse_bayesian_keep010_seed42,165,ola,global,,,layers.0.bias,db,8,-96.3506702836385,-95.65496918087364,-96.00281973225606,0,0.0,0.015625,128
bayesfl_observability_v1,ola_sparse_bayesian_keep010_seed42,165,ola,global,,,layers.0.bias,db,9,-95.65496918087364,-94.95926807810878,-95.30711862949121,1,0.011229678908013135,0.0234375,128
bayesfl_observability_v1,ola_sparse_bayesian_keep010_seed42,165,ola,global,,,layers.0.bias,db,10,-94.95926807810878,-94.26356697534392,-94.61141752672634,1,0.011229678908013135,0.03125,128
bayesfl_observability_v1,ola_sparse_bayesian_keep010_seed42,165,ola,global,,,layers.0.bias,db,11,-94.26356697534392,-93.56786587257908,-93.9157164239615,0,0.0,0.03125,128
bayesfl_observability_v1,ola_sparse_bayesian_keep010_seed42,165,ola,global,,,layers.0.bias,db,12,-93.56786587257908,-92.87216476981422,-93.22001532119666,0,0.0,0.03125,128
bayesfl_observability_v1,ola_sparse_bayesian_keep010_seed42,165,ola,global,,,layers.0.bias,db,13,-92.87216476981422,-92.17646366704936,-92.52431421843178,0,0.0,0.03125,128
bayesfl_observability_v1,ola_sparse_bayesian_keep010_seed42,165,ola,global,,,layers.0.bias,db,14,-92.17646366704936,-91.48076256428452,-91.82861311566694,0,0.0,0.03125,128
bayesfl_observability_v1,ola_sparse_bayesian_keep010_seed42,165,ola,global,,,layers.0.bias,db,15,-91.48076256428452,-90.78506146151966,-91.1329120129021,0,0.0,0.03125,128
bayesfl_observability_v1,ola_sparse_bayesian_keep010_seed42,165,ola,global,,,layers.0.bias,db,16,-90.78506146151966,-90.0893603587548,-90.43721091013722,0,0.0,0.03125,128
bayesfl_observability_v1,ola_sparse_bayesian_keep010_seed42,165,ola,global,,,layers.0.bias,db,17,-90.0893603587548,-89.39365925598996,-89.74150980737238,0,0.0,0.03125,128
bayesfl_observability_v1,ola_sparse_bayesian_keep010_seed42,165,ola,global,,,layers.0.bias,db,18,-89.39365925598996,-88.6979581532251,-89.04580870460754,2,0.02245935781602627,0.046875,128
bayesfl_observability_v1,ola_sparse_bayesian_keep010_seed42,165,ola,global,,,layers.0.bias,db,19,-88.6979581532251,-88.00225705046024,-88.35010760184267,0,0.0,0.046875,128
bayesfl_observability_v1,ola_sparse_bayesian_keep010_seed42,165,ola,global,,,layers.0.bias,db,20,-88.00225705046024,-87.30655594769539,-87.65440649907782,0,0.0,0.046875,128
bayesfl_observability_v1,ola_sparse_bayesian_keep010_seed42,165,ola,global,,,layers.0.bias,db,21,-87.30655594769539,-86.61085484493054,-86.95870539631296,1,0.011229678908013364,0.0546875,128
bayesfl_observability_v1,ola_sparse_bayesian_keep010_seed42,165,ola,global,,,layers.0.bias,db,22,-86.61085484493054,-85.91515374216569,-86.26300429354811,0,0.0,0.0546875,128
bayesfl_observability_v1,ola_sparse_bayesian_keep010_seed42,165,ola,global,,,layers.0.bias,db,23,-85.91515374216569,-85.21945263940083,-85.56730319078326,0,0.0,0.0546875,128
bayesfl_observability_v1,ola_sparse_bayesian_keep010_seed42,165,ola,global,,,layers.0.bias,db,24,-85.21945263940083,-84.52375153663598,-84.8716020880184,0,0.0,0.0546875,128
bayesfl_observability_v1,ola_sparse_bayesian_keep010_seed42,165,ola,global,,,layers.0.bias,db,25,-84.52375153663598,-83.82805043387113,-84.17590098525355,1,0.011229678908013135,0.0625,128
bayesfl_observability_v1,ola_sparse_bayesian_keep010_seed42,165,ola,global,,,layers.0.bias,db,26,-83.82805043387113,-83.13234933110627,-83.4801998824887,0,0.0,0.0625,128
bayesfl_observability_v1,ola_sparse_bayesian_keep010_seed42,165,ola,global,,,layers.0.bias,db,27,-83.13234933110627,-82.43664822834143,-82.78449877972385,1,0.011229678908013364,0.0703125,128
bayesfl_observability_v1,ola_sparse_bayesian_keep010_seed42,165,ola,global,,,layers.0.bias,db,28,-82.43664822834143,-81.74094712557657,-82.08879767695899,0,0.0,0.0703125,128
bayesfl_observability_v1,ola_sparse_bayesian_keep010_seed42,165,ola,global,,,layers.0.bias,db,29,-81.74094712557657,-81.04524602281171,-81.39309657419415,1,0.011229678908013135,0.078125,128
bayesfl_observability_v1,ola_sparse_bayesian_keep010_seed42,165,ola,global,,,layers.0.bias,db,30,-81.04524602281171,-80.34954492004687,-80.69739547142929,1,0.011229678908013364,0.0859375,128
bayesfl_observability_v1,ola_sparse_bayesian_keep010_seed42,165,ola,global,,,layers.0.bias,db,31,-80.34954492004687,-79.65384381728201,-80.00169436866443,0,0.0,0.0859375,128
bayesfl_observability_v1,ola_sparse_bayesian_keep010_seed42,165,ola,global,,,layers.0.bias,db,32,-79.65384381728201,-78.95814271451715,-79.30599326589959,4,0.04491871563205254,0.1171875,128
bayesfl_observability_v1,ola_sparse_bayesian_keep010_seed42,165,ola,global,,,layers.0.bias,db,33,-78.95814271451715,-78.26244161175231,-78.61029216313473,0,0.0,0.1171875,128
bayesfl_observability_v1,ola_sparse_bayesian_keep010_seed42,165,ola,global,,,layers.0.bias,db,34,-78.26244161175231,-77.56674050898745,-77.91459106036987,0,0.0,0.1171875,128
bayesfl_observability_v1,ola_sparse_bayesian_keep010_seed42,165,ola,global,,,layers.0.bias,db,35,-77.56674050898745,-76.8710394062226,-77.21888995760503,1,0.011229678908013135,0.125,128
bayesfl_observability_v1,ola_sparse_bayesian_keep010_seed42,165,ola,global,,,layers.0.bias,db,36,-76.8710394062226,-76.17533830345775,-76.52318885484017,1,0.011229678908013364,0.1328125,128
bayesfl_observability_v1,ola_sparse_bayesian_keep010_seed42,165,ola,global,,,layers.0.bias,db,37,-76.17533830345775,-75.47963720069289,-75.82748775207531,0,0.0,0.1328125,128
bayesfl_observability_v1,ola_sparse_bayesian_keep010_seed42,165,ola,global,,,layers.0.bias,db,38,-75.47963720069289,-74.78393609792803,-75.13178664931047,2,0.02245935781602627,0.1484375,128
bayesfl_observability_v1,ola_sparse_bayesian_keep010_seed42,165,ola,global,,,layers.0.bias,db,39,-74.78393609792803,-74.08823499516319,-74.43608554654561,2,0.022459357816026728,0.1640625,128
bayesfl_observability_v1,ola_sparse_bayesian_keep010_seed42,165,ola,global,,,layers.0.bias,db,40,-74.08823499516319,-73.39253389239833,-73.74038444378075,1,0.011229678908013135,0.171875,128
bayesfl_observability_v1,ola_sparse_bayesian_keep010_seed42,165,ola,global,,,layers.0.bias,db,41,-73.39253389239833,-72.69683278963348,-73.04468334101591,1,0.011229678908013135,0.1796875,128
bayesfl_observability_v1,ola_sparse_bayesian_keep010_seed42,165,ola,global,,,layers.0.bias,db,42,-72.69683278963348,-72.00113168686863,-72.34898223825105,0,0.0,0.1796875,128
bayesfl_observability_v1,ola_sparse_bayesian_keep010_seed42,165,ola,global,,,layers.0.bias,db,43,-72.00113168686863,-71.30543058410377,-71.6532811354862,2,0.02245935781602627,0.1953125,128
bayesfl_observability_v1,ola_sparse_bayesian_keep010_seed42,165,ola,global,,,layers.0.bias,db,44,-71.30543058410377,-70.60972948133892,-70.95758003272135,3,0.0336890367240394,0.21875,128
bayesfl_observability_v1,ola_sparse_bayesian_keep010_seed42,165,ola,global,,,layers.0.bias,db,45,-70.60972948133892,-69.91402837857407,-70.2618789299565,0,0.0,0.21875,128
bayesfl_observability_v1,ola_sparse_bayesian_keep010_seed42,165,ola,global,,,layers.0.bias,db,46,-69.91402837857407,-69.2183272758092,-69.56617782719164,3,0.033689036724038716,0.2421875,128
bayesfl_observability_v1,ola_sparse_bayesian_keep010_seed42,165,ola,global,,,layers.0.bias,db,47,-69.2183272758092,-68.52262617304436,-68.87047672442678,1,0.011229678908013364,0.25,128
bayesfl_observability_v1,ola_sparse_bayesian_keep010_seed42,165,ola,global,,,layers.0.bias,db,48,-68.52262617304436,-67.82692507027951,-68.17477562166194,2,0.022459357816026728,0.265625,128
bayesfl_observability_v1,ola_sparse_bayesian_keep010_seed42,165,ola,global,,,layers.0.bias,db,49,-67.82692507027951,-67.13122396751464,-67.47907451889708,2,0.02245935781602581,0.28125,128
bayesfl_observability_v1,ola_sparse_bayesian_keep010_seed42,165,ola,global,,,layers.0.bias,db,50,-67.13122396751464,-66.4355228647498,-66.78337341613222,1,0.011229678908013364,0.2890625,128
bayesfl_observability_v1,ola_sparse_bayesian_keep010_seed42,165,ola,global,,,layers.0.bias,db,51,-66.4355228647498,-65.73982176198494,-66.08767231336736,2,0.02245935781602627,0.3046875,128
bayesfl_observability_v1,ola_sparse_bayesian_keep010_seed42,165,ola,global,,,layers.0.bias,db,52,-65.73982176198494,-65.04412065922008,-65.39197121060252,1,0.011229678908013135,0.3125,128
bayesfl_observability_v1,ola_sparse_bayesian_keep010_seed42,165,ola,global,,,layers.0.bias,db,53,-65.04412065922008,-64.34841955645524,-64.69627010783766,2,0.022459357816026728,0.328125,128
bayesfl_observability_v1,ola_sparse_bayesian_keep010_seed42,165,ola,global,,,layers.0.bias,db,54,-64.34841955645524,-63.65271845369038,-64.0005690050728,1,0.011229678908013135,0.3359375,128
bayesfl_observability_v1,ola_sparse_bayesian_keep010_seed42,165,ola,global,,,layers.0.bias,db,55,-63.65271845369038,-62.95701735092553,-63.30486790230796,2,0.0224593578160265,0.3515625,128
bayesfl_observability_v1,ola_sparse_bayesian_keep010_seed42,165,ola,global,,,layers.0.bias,db,56,-62.95701735092553,-62.26131624816068,-62.609166799543104,2,0.0224593578160265,0.3671875,128
bayesfl_observability_v1,ola_sparse_bayesian_keep010_seed42,165,ola,global,,,layers.0.bias,db,57,-62.26131624816068,-61.565615145395824,-61.91346569677825,6,0.0673780734480788,0.4140625,128
bayesfl_observability_v1,ola_sparse_bayesian_keep010_seed42,165,ola,global,,,layers.0.bias,db,58,-61.565615145395824,-60.869914042630974,-61.2177645940134,4,0.044918715632053,0.4453125,128
bayesfl_observability_v1,ola_sparse_bayesian_keep010_seed42,165,ola,global,,,layers.0.bias,db,59,-60.869914042630974,-60.17421293986612,-60.522063491248545,5,0.056148394540066246,0.484375,128
bayesfl_observability_v1,ola_sparse_bayesian_keep010_seed42,165,ola,global,,,layers.0.bias,db,60,-60.17421293986612,-59.478511837101266,-59.826362388483695,4,0.04491871563205254,0.515625,128
bayesfl_observability_v1,ola_sparse_bayesian_keep010_seed42,165,ola,global,,,layers.0.bias,db,61,-59.478511837101266,-58.782810734336415,-59.130661285718844,5,0.056148394540066246,0.5546875,128
bayesfl_observability_v1,ola_sparse_bayesian_keep010_seed42,165,ola,global,,,layers.0.bias,db,62,-58.782810734336415,-58.08710963157156,-58.434960182953986,6,0.0673780734480788,0.6015625,128
bayesfl_observability_v1,ola_sparse_bayesian_keep010_seed42,165,ola,global,,,layers.0.bias,db,63,-58.08710963157156,-57.39140852880671,-57.73925908018913,7,0.07860775235609274,0.65625,128
bayesfl_observability_v1,ola_sparse_bayesian_keep010_seed42,165,ola,global,,,layers.0.bias,db,64,-57.39140852880671,-56.69570742604186,-57.043557977424285,5,0.056148394540066246,0.6953125,128
bayesfl_observability_v1,ola_sparse_bayesian_keep010_seed42,165,ola,global,,,layers.0.bias,db,65,-56.69570742604186,-56.000006323277,-56.34785687465943,6,0.0673780734480788,0.7421875,128
bayesfl_observability_v1,ola_sparse_bayesian_keep010_seed42,165,ola,global,,,layers.0.bias,db,66,-56.000006323277,-55.30430522051215,-55.65215577189457,5,0.056148394540066246,0.78125,128
bayesfl_observability_v1,ola_sparse_bayesian_keep010_seed42,165,ola,global,,,layers.0.bias,db,67,-55.30430522051215,-54.60860411774729,-54.95645466912972,5,0.05614839454006567,0.8203125,128
bayesfl_observability_v1,ola_sparse_bayesian_keep010_seed42,165,ola,global,,,layers.0.bias,db,68,-54.60860411774729,-53.91290301498244,-54.26075356636487,3,0.03368903672403975,0.84375,128
bayesfl_observability_v1,ola_sparse_bayesian_keep010_seed42,165,ola,global,,,layers.0.bias,db,69,-53.91290301498244,-53.21720191221759,-53.56505246360001,4,0.044918715632053,0.875,128
bayesfl_observability_v1,ola_sparse_bayesian_keep010_seed42,165,ola,global,,,layers.0.bias,db,70,-53.21720191221759,-52.52150080945273,-52.86935136083516,6,0.0673780734480788,0.921875,128
bayesfl_observability_v1,ola_sparse_bayesian_keep010_seed42,165,ola,global,,,layers.0.bias,db,71,-52.52150080945273,-51.82579970668788,-52.17365025807031,5,0.056148394540066246,0.9609375,128
bayesfl_observability_v1,ola_sparse_bayesian_keep010_seed42,165,ola,global,,,layers.0.bias,db,72,-51.82579970668788,-51.13009860392303,-51.47794915530545,2,0.0224593578160265,0.9765625,128
bayesfl_observability_v1,ola_sparse_bayesian_keep010_seed42,165,ola,global,,,layers.0.bias,db,73,-51.13009860392303,-50.43439750115817,-50.7822480525406,2,0.02245935781602627,0.9921875,128
bayesfl_observability_v1,ola_sparse_bayesian_keep010_seed42,165,ola,global,,,layers.0.bias,db,74,-50.43439750115817,-49.73869639839332,-50.08654694977575,0,0.0,0.9921875,128
bayesfl_observability_v1,ola_sparse_bayesian_keep010_seed42,165,ola,global,,,layers.0.bias,db,75,-49.73869639839332,-49.04299529562847,-49.390845847010894,0,0.0,0.9921875,128
bayesfl_observability_v1,ola_sparse_bayesian_keep010_seed42,165,ola,global,,,layers.0.bias,db,76,-49.04299529562847,-48.347294192863615,-48.69514474424604,0,0.0,0.9921875,128
bayesfl_observability_v1,ola_sparse_bayesian_keep010_seed42,165,ola,global,,,layers.0.bias,db,77,-48.347294192863615,-47.651593090098764,-47.99944364148119,0,0.0,0.9921875,128
bayesfl_observability_v1,ola_sparse_bayesian_keep010_seed42,165,ola,global,,,layers.0.bias,db,78,-47.651593090098764,-46.95589198733391,-47.303742538716335,0,0.0,0.9921875,128
bayesfl_observability_v1,ola_sparse_bayesian_keep010_seed42,165,ola,global,,,layers.0.bias,db,79,-46.95589198733391,-46.260190884569056,-46.60804143595148,1,0.01122967890801325,1.0,128
bayesfl_observability_v1,ola_sparse_bayesian_keep010_seed42,165,ola,global,,,layers.1.weight,raw,0,2.2077443468803885e-06,0.0013684763597185757,0.000685342052032728,165,94.34912618916513,0.12890625,1280
bayesfl_observability_v1,ola_sparse_bayesian_keep010_seed42,165,ola,global,,,layers.1.weight,raw,1,0.0013684763597185757,0.002734744975090271,0.002051610667404423,142,81.19742981128151,0.23984375,1280
bayesfl_observability_v1,ola_sparse_bayesian_keep010_seed42,165,ola,global,,,layers.1.weight,raw,2,0.002734744975090271,0.004101013590461967,0.003417879282776119,142,81.19742981128145,0.35078125,1280
bayesfl_observability_v1,ola_sparse_bayesian_keep010_seed42,165,ola,global,,,layers.1.weight,raw,3,0.004101013590461967,0.005467282205833662,0.004784147898147815,145,82.91286846926636,0.4640625,1280
bayesfl_observability_v1,ola_sparse_bayesian_keep010_seed42,165,ola,global,,,layers.1.weight,raw,4,0.005467282205833662,0.006833550821205357,0.00615041651351951,109,62.3276045734485,0.54921875,1280
bayesfl_observability_v1,ola_sparse_bayesian_keep010_seed42,165,ola,global,,,layers.1.weight,raw,5,0.006833550821205357,0.008199819436577053,0.007516685128891205,89,50.891346853549656,0.61875,1280
bayesfl_observability_v1,ola_sparse_bayesian_keep010_seed42,165,ola,global,,,layers.1.weight,raw,6,0.008199819436577053,0.009566088051948748,0.0088829537442629,71,40.59871490564077,0.67421875,1280
bayesfl_observability_v1,ola_sparse_bayesian_keep010_seed42,165,ola,global,,,layers.1.weight,raw,7,0.009566088051948748,0.010932356667320443,0.010249222359634595,72,41.170527791635706,0.73046875,1280
bayesfl_observability_v1,ola_sparse_bayesian_keep010_seed42,165,ola,global,,,layers.1.weight,raw,8,0.010932356667320443,0.012298625282692138,0.01161549097500629,42,24.016141211787495,0.76328125,1280
bayesfl_observability_v1,ola_sparse_bayesian_keep010_seed42,165,ola,global,,,layers.1.weight,raw,9,0.012298625282692138,0.013664893898063833,0.012981759590377985,50,28.59064429974702,0.80234375,1280
bayesfl_observability_v1,ola_sparse_bayesian_keep010_seed42,165,ola,global,,,layers.1.weight,raw,10,0.013664893898063833,0.01503116251343553,0.01434802820574968,35,20.013451009822887,0.8296875,1280
bayesfl_observability_v1,ola_sparse_bayesian_keep010_seed42,165,ola,global,,,layers.1.weight,raw,11,0.01503116251343553,0.016397431128807226,0.01571429682112138,26,14.867135035868431,0.85,1280
bayesfl_observability_v1,ola_sparse_bayesian_keep010_seed42,165,ola,global,,,layers.1.weight,raw,12,0.016397431128807226,0.01776369974417892,0.017080565436493073,32,18.298012351838093,0.875,1280
bayesfl_observability_v1,ola_sparse_bayesian_keep010_seed42,165,ola,global,,,layers.1.weight,raw,13,0.01776369974417892,0.019129968359550616,0.018446834051864768,13,7.433567517934224,0.88515625,1280
bayesfl_observability_v1,ola_sparse_bayesian_keep010_seed42,165,ola,global,,,layers.1.weight,raw,14,0.019129968359550616,0.02049623697492231,0.019813102667236463,20,11.436257719898807,0.90078125,1280
bayesfl_observability_v1,ola_sparse_bayesian_keep010_seed42,165,ola,global,,,layers.1.weight,raw,15,0.02049623697492231,0.021862505590294005,0.021179371282608158,16,9.149006175919046,0.91328125,1280
bayesfl_observability_v1,ola_sparse_bayesian_keep010_seed42,165,ola,global,,,layers.1.weight,raw,16,0.021862505590294005,0.0232287742056657,0.022545639897979853,11,6.289941745944344,0.921875,1280
bayesfl_observability_v1,ola_sparse_bayesian_keep010_seed42,165,ola,global,,,layers.1.weight,raw,17,0.0232287742056657,0.024595042821037395,0.023911908513351548,15,8.577193289924105,0.93359375,1280
bayesfl_observability_v1,ola_sparse_bayesian_keep010_seed42,165,ola,global,,,layers.1.weight,raw,18,0.024595042821037395,0.02596131143640909,0.025278177128723243,10,5.718128859949403,0.94140625,1280
bayesfl_observability_v1,ola_sparse_bayesian_keep010_seed42,165,ola,global,,,layers.1.weight,raw,19,0.02596131143640909,0.027327580051780785,0.026644445744094938,3,1.715438657984821,0.94375,1280
bayesfl_observability_v1,ola_sparse_bayesian_keep010_seed42,165,ola,global,,,layers.1.weight,raw,20,0.027327580051780785,0.028693848667152484,0.028010714359466636,3,1.7154386579848167,0.94609375,1280
bayesfl_observability_v1,ola_sparse_bayesian_keep010_seed42,165,ola,global,,,layers.1.weight,raw,21,0.028693848667152484,0.03006011728252418,0.02937698297483833,7,4.002690201964582,0.9515625,1280
bayesfl_observability_v1,ola_sparse_bayesian_keep010_seed42,165,ola,global,,,layers.1.weight,raw,22,0.03006011728252418,0.03142638589789587,0.030743251590210026,5,2.859064429974709,0.95546875,1280
bayesfl_observability_v1,ola_sparse_bayesian_keep010_seed42,165,ola,global,,,layers.1.weight,raw,23,0.03142638589789587,0.03279265451326757,0.03210952020558172,4,2.2872515439797496,0.95859375,1280
bayesfl_observability_v1,ola_sparse_bayesian_keep010_seed42,165,ola,global,,,layers.1.weight,raw,24,0.03279265451326757,0.03415892312863927,0.03347578882095342,9,5.146315973954463,0.965625,1280
bayesfl_observability_v1,ola_sparse_bayesian_keep010_seed42,165,ola,global,,,layers.1.weight,raw,25,0.03415892312863927,0.03552519174401096,0.03484205743632511,7,4.002690201964582,0.97109375,1280
bayesfl_observability_v1,ola_sparse_bayesian_keep010_seed42,165,ola,global,,,layers.1.weight,raw,26,0.03552519174401096,0.036891460359382656,0.03620832605169681,5,2.8590644299747017,0.975,1280
bayesfl_observability_v1,ola_sparse_bayesian_keep010_seed42,165,ola,global,,,layers.1.weight,raw,27,0.036891460359382656,0.03825772897475435,0.0375745946670685,0,0.0,0.975,1280
bayesfl_observability_v1,ola_sparse_bayesian_keep010_seed42,165,ola,global,,,layers.1.weight,raw,28,0.03825772897475435,0.039623997590126046,0.0389408632824402,6,3.430877315969642,0.9796875,1280
bayesfl_observability_v1,ola_sparse_bayesian_keep010_seed42,165,ola,global,,,layers.1.weight,raw,29,0.039623997590126046,0.04099026620549774,0.04030713189781189,1,0.5718128859949404,0.98046875,1280
bayesfl_observability_v1,ola_sparse_bayesian_keep010_seed42,165,ola,global,,,layers.1.weight,raw,30,0.04099026620549774,0.042356534820869436,0.04167340051318359,1,0.5718128859949404,0.98125,1280
bayesfl_observability_v1,ola_sparse_bayesian_keep010_seed42,165,ola,global,,,layers.1.weight,raw,31,0.042356534820869436,0.04372280343624113,0.04303966912855528,2,1.1436257719898808,0.9828125,1280
bayesfl_observability_v1,ola_sparse_bayesian_keep010_seed42,165,ola,global,,,layers.1.weight,raw,32,0.04372280343624113,0.045089072051612826,0.04440593774392698,2,1.1436257719898808,0.984375,1280
bayesfl_observability_v1,ola_sparse_bayesian_keep010_seed42,165,ola,global,,,layers.1.weight,raw,33,0.045089072051612826,0.04645534066698452,0.04577220635929867,3,1.715438657984821,0.98671875,1280
bayesfl_observability_v1,ola_sparse_bayesian_keep010_seed42,165,ola,global,,,layers.1.weight,raw,34,0.04645534066698452,0.047821609282356216,0.04713847497467037,1,0.5718128859949404,0.9875,1280
bayesfl_observability_v1,ola_sparse_bayesian_keep010_seed42,165,ola,global,,,layers.1.weight,raw,35,0.047821609282356216,0.04918787789772791,0.04850474359004206,0,0.0,0.9875,1280
bayesfl_observability_v1,ola_sparse_bayesian_keep010_seed42,165,ola,global,,,layers.1.weight,raw,36,0.04918787789772791,0.050554146513099606,0.04987101220541376,0,0.0,0.9875,1280
bayesfl_observability_v1,ola_sparse_bayesian_keep010_seed42,165,ola,global,,,layers.1.weight,raw,37,0.050554146513099606,0.0519204151284713,0.05123728082078545,0,0.0,0.9875,1280
bayesfl_observability_v1,ola_sparse_bayesian_keep010_seed42,165,ola,global,,,layers.1.weight,raw,38,0.0519204151284713,0.053286683743842995,0.05260354943615715,1,0.5718128859949404,0.98828125,1280
bayesfl_observability_v1,ola_sparse_bayesian_keep010_seed42,165,ola,global,,,layers.1.weight,raw,39,0.053286683743842995,0.05465295235921469,0.05396981805152884,2,1.1436257719898808,0.98984375,1280
bayesfl_observability_v1,ola_sparse_bayesian_keep010_seed42,165,ola,global,,,layers.1.weight,raw,40,0.05465295235921469,0.05601922097458639,0.05533608666690054,0,0.0,0.98984375,1280
bayesfl_observability_v1,ola_sparse_bayesian_keep010_seed42,165,ola,global,,,layers.1.weight,raw,41,0.05601922097458639,0.05738548958995809,0.05670235528227224,0,0.0,0.98984375,1280
bayesfl_observability_v1,ola_sparse_bayesian_keep010_seed42,165,ola,global,,,layers.1.weight,raw,42,0.05738548958995809,0.05875175820532978,0.05806862389764393,0,0.0,0.98984375,1280
bayesfl_observability_v1,ola_sparse_bayesian_keep010_seed42,165,ola,global,,,layers.1.weight,raw,43,0.05875175820532978,0.06011802682070148,0.05943489251301563,1,0.5718128859949404,0.990625,1280
bayesfl_observability_v1,ola_sparse_bayesian_keep010_seed42,165,ola,global,,,layers.1.weight,raw,44,0.06011802682070148,0.06148429543607317,0.06080116112838732,0,0.0,0.990625,1280
bayesfl_observability_v1,ola_sparse_bayesian_keep010_seed42,165,ola,global,,,layers.1.weight,raw,45,0.06148429543607317,0.06285056405144486,0.062167429743759016,2,1.1436257719898866,0.9921875,1280
bayesfl_observability_v1,ola_sparse_bayesian_keep010_seed42,165,ola,global,,,layers.1.weight,raw,46,0.06285056405144486,0.06421683266681656,0.06353369835913071,2,1.1436257719898748,0.99375,1280
bayesfl_observability_v1,ola_sparse_bayesian_keep010_seed42,165,ola,global,,,layers.1.weight,raw,47,0.06421683266681656,0.06558310128218826,0.06489996697450241,0,0.0,0.99375,1280
bayesfl_observability_v1,ola_sparse_bayesian_keep010_seed42,165,ola,global,,,layers.1.weight,raw,48,0.06558310128218826,0.06694936989755995,0.0662662355898741,1,0.5718128859949433,0.99453125,1280
bayesfl_observability_v1,ola_sparse_bayesian_keep010_seed42,165,ola,global,,,layers.1.weight,raw,49,0.06694936989755995,0.06831563851293165,0.0676325042052458,1,0.5718128859949374,0.9953125,1280
bayesfl_observability_v1,ola_sparse_bayesian_keep010_seed42,165,ola,global,,,layers.1.weight,raw,50,0.06831563851293165,0.06968190712830334,0.0689987728206175,0,0.0,0.9953125,1280
bayesfl_observability_v1,ola_sparse_bayesian_keep010_seed42,165,ola,global,,,layers.1.weight,raw,51,0.06968190712830334,0.07104817574367504,0.07036504143598919,2,1.1436257719898748,0.996875,1280
bayesfl_observability_v1,ola_sparse_bayesian_keep010_seed42,165,ola,global,,,layers.1.weight,raw,52,0.07104817574367504,0.07241444435904673,0.07173131005136088,0,0.0,0.996875,1280
bayesfl_observability_v1,ola_sparse_bayesian_keep010_seed42,165,ola,global,,,layers.1.weight,raw,53,0.07241444435904673,0.07378071297441843,0.07309757866673258,1,0.5718128859949374,0.99765625,1280
bayesfl_observability_v1,ola_sparse_bayesian_keep010_seed42,165,ola,global,,,layers.1.weight,raw,54,0.07378071297441843,0.07514698158979012,0.07446384728210428,0,0.0,0.99765625,1280
bayesfl_observability_v1,ola_sparse_bayesian_keep010_seed42,165,ola,global,,,layers.1.weight,raw,55,0.07514698158979012,0.07651325020516182,0.07583011589747597,0,0.0,0.99765625,1280
bayesfl_observability_v1,ola_sparse_bayesian_keep010_seed42,165,ola,global,,,layers.1.weight,raw,56,0.07651325020516182,0.07787951882053351,0.07719638451284766,0,0.0,0.99765625,1280
bayesfl_observability_v1,ola_sparse_bayesian_keep010_seed42,165,ola,global,,,layers.1.weight,raw,57,0.07787951882053351,0.07924578743590521,0.07856265312821936,0,0.0,0.99765625,1280
bayesfl_observability_v1,ola_sparse_bayesian_keep010_seed42,165,ola,global,,,layers.1.weight,raw,58,0.07924578743590521,0.0806120560512769,0.07992892174359106,0,0.0,0.99765625,1280
bayesfl_observability_v1,ola_sparse_bayesian_keep010_seed42,165,ola,global,,,layers.1.weight,raw,59,0.0806120560512769,0.0819783246666486,0.08129519035896275,0,0.0,0.99765625,1280
bayesfl_observability_v1,ola_sparse_bayesian_keep010_seed42,165,ola,global,,,layers.1.weight,raw,60,0.0819783246666486,0.08334459328202029,0.08266145897433444,1,0.5718128859949433,0.9984375,1280
bayesfl_observability_v1,ola_sparse_bayesian_keep010_seed42,165,ola,global,,,layers.1.weight,raw,61,0.08334459328202029,0.08471086189739199,0.08402772758970614,0,0.0,0.9984375,1280
bayesfl_observability_v1,ola_sparse_bayesian_keep010_seed42,165,ola,global,,,layers.1.weight,raw,62,0.08471086189739199,0.08607713051276368,0.08539399620507784,0,0.0,0.9984375,1280
bayesfl_observability_v1,ola_sparse_bayesian_keep010_seed42,165,ola,global,,,layers.1.weight,raw,63,0.08607713051276368,0.08744339912813538,0.08676026482044953,0,0.0,0.9984375,1280
bayesfl_observability_v1,ola_sparse_bayesian_keep010_seed42,165,ola,global,,,layers.1.weight,raw,64,0.08744339912813538,0.08880966774350708,0.08812653343582123,0,0.0,0.9984375,1280
bayesfl_observability_v1,ola_sparse_bayesian_keep010_seed42,165,ola,global,,,layers.1.weight,raw,65,0.08880966774350708,0.09017593635887877,0.08949280205119292,0,0.0,0.9984375,1280
bayesfl_observability_v1,ola_sparse_bayesian_keep010_seed42,165,ola,global,,,layers.1.weight,raw,66,0.09017593635887877,0.09154220497425047,0.09085907066656462,0,0.0,0.9984375,1280
bayesfl_observability_v1,ola_sparse_bayesian_keep010_seed42,165,ola,global,,,layers.1.weight,raw,67,0.09154220497425047,0.09290847358962216,0.09222533928193632,0,0.0,0.9984375,1280
bayesfl_observability_v1,ola_sparse_bayesian_keep010_seed42,165,ola,global,,,layers.1.weight,raw,68,0.09290847358962216,0.09427474220499386,0.09359160789730801,0,0.0,0.9984375,1280
bayesfl_observability_v1,ola_sparse_bayesian_keep010_seed42,165,ola,global,,,layers.1.weight,raw,69,0.09427474220499386,0.09564101082036555,0.0949578765126797,0,0.0,0.9984375,1280
bayesfl_observability_v1,ola_sparse_bayesian_keep010_seed42,165,ola,global,,,layers.1.weight,raw,70,0.09564101082036555,0.09700727943573725,0.0963241451280514,0,0.0,0.9984375,1280
bayesfl_observability_v1,ola_sparse_bayesian_keep010_seed42,165,ola,global,,,layers.1.weight,raw,71,0.09700727943573725,0.09837354805110894,0.0976904137434231,0,0.0,0.9984375,1280
bayesfl_observability_v1,ola_sparse_bayesian_keep010_seed42,165,ola,global,,,layers.1.weight,raw,72,0.09837354805110894,0.09973981666648064,0.09905668235879479,0,0.0,0.9984375,1280
bayesfl_observability_v1,ola_sparse_bayesian_keep010_seed42,165,ola,global,,,layers.1.weight,raw,73,0.09973981666648064,0.10110608528185233,0.10042295097416648,0,0.0,0.9984375,1280
bayesfl_observability_v1,ola_sparse_bayesian_keep010_seed42,165,ola,global,,,layers.1.weight,raw,74,0.10110608528185233,0.10247235389722403,0.10178921958953818,0,0.0,0.9984375,1280
bayesfl_observability_v1,ola_sparse_bayesian_keep010_seed42,165,ola,global,,,layers.1.weight,raw,75,0.10247235389722403,0.10383862251259572,0.10315548820490988,1,0.5718128859949433,0.99921875,1280
bayesfl_observability_v1,ola_sparse_bayesian_keep010_seed42,165,ola,global,,,layers.1.weight,raw,76,0.10383862251259572,0.10520489112796742,0.10452175682028157,0,0.0,0.99921875,1280
bayesfl_observability_v1,ola_sparse_bayesian_keep010_seed42,165,ola,global,,,layers.1.weight,raw,77,0.10520489112796742,0.10657115974333911,0.10588802543565326,0,0.0,0.99921875,1280
bayesfl_observability_v1,ola_sparse_bayesian_keep010_seed42,165,ola,global,,,layers.1.weight,raw,78,0.10657115974333911,0.10793742835871081,0.10725429405102496,0,0.0,0.99921875,1280
bayesfl_observability_v1,ola_sparse_bayesian_keep010_seed42,165,ola,global,,,layers.1.weight,raw,79,0.10793742835871081,0.1093036969740825,0.10862056266639666,1,0.5718128859949433,1.0,1280
bayesfl_observability_v1,ola_sparse_bayesian_keep010_seed42,165,ola,global,,,layers.1.weight,db,0,-113.12102043790277,-111.94734896959773,-112.53418470375024,1,0.0006656462401086058,0.00078125,1280
bayesfl_observability_v1,ola_sparse_bayesian_keep010_seed42,165,ola,global,,,layers.1.weight,db,1,-111.94734896959773,-110.77367750129268,-111.36051323544521,0,0.0,0.00078125,1280
bayesfl_observability_v1,ola_sparse_bayesian_keep010_seed42,165,ola,global,,,layers.1.weight,db,2,-110.77367750129268,-109.60000603298764,-110.18684176714015,0,0.0,0.00078125,1280
bayesfl_observability_v1,ola_sparse_bayesian_keep010_seed42,165,ola,global,,,layers.1.weight,db,3,-109.60000603298764,-108.42633456468259,-109.01317029883512,0,0.0,0.00078125,1280
bayesfl_observability_v1,ola_sparse_bayesian_keep010_seed42,165,ola,global,,,layers.1.weight,db,4,-108.42633456468259,-107.25266309637755,-107.83949883053006,0,0.0,0.00078125,1280
bayesfl_observability_v1,ola_sparse_bayesian_keep010_seed42,165,ola,global,,,layers.1.weight,db,5,-107.25266309637755,-106.07899162807249,-106.66582736222502,0,0.0,0.00078125,1280
bayesfl_observability_v1,ola_sparse_bayesian_keep010_seed42,165,ola,global,,,layers.1.weight,db,6,-106.07899162807249,-104.90532015976744,-105.49215589391997,1,0.0006656462401086058,0.0015625,1280
bayesfl_observability_v1,ola_sparse_bayesian_keep010_seed42,165,ola,global,,,layers.1.weight,db,7,-104.90532015976744,-103.7316486914624,-104.31848442561491,0,0.0,0.0015625,1280
bayesfl_observability_v1,ola_sparse_bayesian_keep010_seed42,165,ola,global,,,layers.1.weight,db,8,-103.7316486914624,-102.55797722315735,-103.14481295730988,0,0.0,0.0015625,1280
bayesfl_observability_v1,ola_sparse_bayesian_keep010_seed42,165,ola,global,,,layers.1.weight,db,9,-102.55797722315735,-101.3843057548523,-101.97114148900482,0,0.0,0.0015625,1280
bayesfl_observability_v1,ola_sparse_bayesian_keep010_seed42,165,ola,global,,,layers.1.weight,db,10,-101.3843057548523,-100.21063428654726,-100.79747002069979,0,0.0,0.0015625,1280
bayesfl_observability_v1,ola_sparse_bayesian_keep010_seed42,165,ola,global,,,layers.1.weight,db,11,-100.21063428654726,-99.03696281824222,-99.62379855239473,0,0.0,0.0015625,1280
bayesfl_observability_v1,ola_sparse_bayesian_keep010_seed42,165,ola,global,,,layers.1.weight,db,12,-99.03696281824222,-97.86329134993717,-98.4501270840897,0,0.0,0.0015625,1280
bayesfl_observability_v1,ola_sparse_bayesian_keep010_seed42,165,ola,global,,,layers.1.weight,db,13,-97.86329134993717,-96.68961988163213,-97.27645561578464,0,0.0,0.0015625,1280
bayesfl_observability_v1,ola_sparse_bayesian_keep010_seed42,165,ola,global,,,layers.1.weight,db,14,-96.68961988163213,-95.51594841332707,-96.1027841474796,0,0.0,0.0015625,1280
bayesfl_observability_v1,ola_sparse_bayesian_keep010_seed42,165,ola,global,,,layers.1.weight,db,15,-95.51594841332707,-94.34227694502204,-94.92911267917455,1,0.0006656462401086139,0.00234375,1280
bayesfl_observability_v1,ola_sparse_bayesian_keep010_seed42,165,ola,global,,,layers.1.weight,db,16,-94.34227694502204,-93.16860547671698,-93.7554412108695,0,0.0,0.00234375,1280
bayesfl_observability_v1,ola_sparse_bayesian_keep010_seed42,165,ola,global,,,layers.1.weight,db,17,-93.16860547671698,-91.99493400841193,-92.58176974256446,0,0.0,0.00234375,1280
bayesfl_observability_v1,ola_sparse_bayesian_keep010_seed42,165,ola,global,,,layers.1.weight,db,18,-91.99493400841193,-90.82126254010689,-91.4080982742594,1,0.0006656462401086058,0.003125,1280
bayesfl_observability_v1,ola_sparse_bayesian_keep010_seed42,165,ola,global,,,layers.1.weight,db,19,-90.82126254010689,-89.64759107180184,-90.23442680595437,2,0.0013312924802172117,0.0046875,1280
bayesfl_observability_v1,ola_sparse_bayesian_keep010_seed42,165,ola,global,,,layers.1.weight,db,20,-89.64759107180184,-88.4739196034968,-89.06075533764931,1,0.0006656462401086058,0.00546875,1280
bayesfl_observability_v1,ola_sparse_bayesian_keep010_seed42,165,ola,global,,,layers.1.weight,db,21,-88.4739196034968,-87.30024813519175,-87.88708386934428,2,0.0013312924802172117,0.00703125,1280
bayesfl_observability_v1,ola_sparse_bayesian_keep010_seed42,165,ola,global,,,layers.1.weight,db,22,-87.30024813519175,-86.1265766668867,-86.71341240103922,0,0.0,0.00703125,1280
bayesfl_observability_v1,ola_sparse_bayesian_keep010_seed42,165,ola,global,,,layers.1.weight,db,23,-86.1265766668867,-84.95290519858166,-85.53974093273419,0,0.0,0.00703125,1280
bayesfl_observability_v1,ola_sparse_bayesian_keep010_seed42,165,ola,global,,,layers.1.weight,db,24,-84.95290519858166,-83.77923373027662,-84.36606946442913,1,0.0006656462401086058,0.0078125,1280
bayesfl_observability_v1,ola_sparse_bayesian_keep010_seed42,165,ola,global,,,layers.1.weight,db,25,-83.77923373027662,-82.60556226197156,-83.19239799612409,3,0.001996938720325793,0.01015625,1280
bayesfl_observability_v1,ola_sparse_bayesian_keep010_seed42,165,ola,global,,,layers.1.weight,db,26,-82.60556226197156,-81.43189079366653,-82.01872652781904,0,0.0,0.01015625,1280
bayesfl_observability_v1,ola_sparse_bayesian_keep010_seed42,165,ola,global,,,layers.1.weight,db,27,-81.43189079366653,-80.25821932536147,-80.845055059514,2,0.0013312924802171956,0.01171875,1280
bayesfl_observability_v1,ola_sparse_bayesian_keep010_seed42,165,ola,global,,,layers.1.weight,db,28,-80.25821932536147,-79.08454785705644,-79.67138359120895,0,0.0,0.01171875,1280
bayesfl_observability_v1,ola_sparse_bayesian_keep010_seed42,165,ola,global,,,layers.1.weight,db,29,-79.08454785705644,-77.91087638875138,-78.4977121229039,1,0.0006656462401085978,0.0125,1280
bayesfl_observability_v1,ola_sparse_bayesian_keep010_seed42,165,ola,global,,,layers.1.weight,db,30,-77.91087638875138,-76.73720492044633,-77.32404065459886,6,0.003993877440651635,0.0171875,1280
bayesfl_observability_v1,ola_sparse_bayesian_keep010_seed42,165,ola,global,,,layers.1.weight,db,31,-76.73720492044633,-75.56353345214129,-76.1503691862938,3,0.0019969387203258174,0.01953125,1280
bayesfl_observability_v1,ola_sparse_bayesian_keep010_seed42,165,ola,global,,,layers.1.weight,db,32,-75.56353345214129,-74.38986198383624,-74.97669771798877,5,0.0033282312005430293,0.0234375,1280
bayesfl_observability_v1,ola_sparse_bayesian_keep010_seed42,165,ola,global,,,layers.1.weight,db,33,-74.38986198383624,-73.2161905155312,-73.80302624968371,7,0.004659523680760241,0.02890625,1280
bayesfl_observability_v1,ola_sparse_bayesian_keep010_seed42,165,ola,global,,,layers.1.weight,db,34,-73.2161905155312,-72.04251904722614,-72.62935478137867,2,0.0013312924802171956,0.03046875,1280
bayesfl_observability_v1,ola_sparse_bayesian_keep010_seed42,165,ola,global,,,layers.1.weight,db,35,-72.04251904722614,-70.8688475789211,-71.45568331307362,4,0.0026625849604344554,0.03359375,1280
bayesfl_observability_v1,ola_sparse_bayesian_keep010_seed42,165,ola,global,,,layers.1.weight,db,36,-70.8688475789211,-69.69517611061605,-70.28201184476858,3,0.001996938720325793,0.0359375,1280
bayesfl_observability_v1,ola_sparse_bayesian_keep010_seed42,165,ola,global,,,layers.1.weight,db,37,-69.69517611061605,-68.52150464231102,-69.10834037646353,4,0.0026625849604344554,0.0390625,1280
bayesfl_observability_v1,ola_sparse_bayesian_keep010_seed42,165,ola,global,,,layers.1.weight,db,38,-68.52150464231102,-67.34783317400596,-67.93466890815849,4,0.0026625849604343913,0.0421875,1280
bayesfl_observability_v1,ola_sparse_bayesian_keep010_seed42,165,ola,global,,,layers.1.weight,db,39,-67.34783317400596,-66.17416170570091,-66.76099743985344,9,0.005990816160977452,0.04921875,1280
bayesfl_observability_v1,ola_sparse_bayesian_keep010_seed42,165,ola,global,,,layers.1.weight,db,40,-66.17416170570091,-65.00049023739587,-65.58732597154838,5,0.0033282312005430293,0.053125,1280
bayesfl_observability_v1,ola_sparse_bayesian_keep010_seed42,165,ola,global,,,layers.1.weight,db,41,-65.00049023739587,-63.82681876909082,-64.41365450324335,6,0.003993877440651635,0.0578125,1280
bayesfl_observability_v1,ola_sparse_bayesian_keep010_seed42,165,ola,global,,,layers.1.weight,db,42,-63.82681876909082,-62.653147300785776,-63.2399830349383,8,0.005325169920868847,0.0640625,1280
bayesfl_observability_v1,ola_sparse_bayesian_keep010_seed42,165,ola,global,,,layers.1.weight,db,43,-62.653147300785776,-61.47947583248073,-62.06631156663325,12,0.00798775488130327,0.0734375,1280
bayesfl_observability_v1,ola_sparse_bayesian_keep010_seed42,165,ola,global,,,layers.1.weight,db,44,-61.47947583248073,-60.305804364175685,-60.89264009832821,18,0.011981632321954904,0.0875,1280
bayesfl_observability_v1,ola_sparse_bayesian_keep010_seed42,165,ola,global,,,layers.1.weight,db,45,-60.305804364175685,-59.13213289587063,-59.718968630023156,20,0.013312924802172036,0.103125,1280
bayesfl_observability_v1,ola_sparse_bayesian_keep010_seed42,165,ola,global,,,layers.1.weight,db,46,-59.13213289587063,-57.95846142756559,-58.54529716171811,25,0.016641156002715145,0.12265625,1280
bayesfl_observability_v1,ola_sparse_bayesian_keep010_seed42,165,ola,global,,,layers.1.weight,db,47,-57.95846142756559,-56.78478995926054,-57.371625693413066,13,0.008653401121411875,0.1328125,1280
bayesfl_observability_v1,ola_sparse_bayesian_keep010_seed42,165,ola,global,,,layers.1.weight,db,48,-56.78478995926054,-55.6111184909555,-56.19795422510802,24,0.01597550976260654,0.1515625,1280
bayesfl_observability_v1,ola_sparse_bayesian_keep010_seed42,165,ola,global,,,layers.1.weight,db,49,-55.6111184909555,-54.43744702265045,-55.024282756802975,27,0.017972448482932356,0.17265625,1280
bayesfl_observability_v1,ola_sparse_bayesian_keep010_seed42,165,ola,global,,,layers.1.weight,db,50,-54.43744702265045,-53.2637755543454,-53.85061128849793,28,0.01863809472304085,0.19453125,1280
bayesfl_observability_v1,ola_sparse_bayesian_keep010_seed42,165,ola,global,,,layers.1.weight,db,51,-53.2637755543454,-52.090104086040355,-52.67693982019288,29,0.01930374096314957,0.2171875,1280
bayesfl_observability_v1,ola_sparse_bayesian_keep010_seed42,165,ola,global,,,layers.1.weight,db,52,-52.090104086040355,-50.91643261773531,-51.50326835188783,41,0.02729149584445284,0.24921875,1280
bayesfl_observability_v1,ola_sparse_bayesian_keep010_seed42,165,ola,global,,,layers.1.weight,db,53,-50.91643261773531,-49.742761149430265,-50.32959688358279,49,0.032616665765321684,0.2875,1280
bayesfl_observability_v1,ola_sparse_bayesian_keep010_seed42,165,ola,global,,,layers.1.weight,db,54,-49.742761149430265,-48.56908968112522,-49.15592541527774,42,0.027957142084561445,0.3203125,1280
bayesfl_observability_v1,ola_sparse_bayesian_keep010_seed42,165,ola,global,,,layers.1.weight,db,55,-48.56908968112522,-47.395418212820175,-47.9822539469727,55,0.03661054320597332,0.36328125,1280
bayesfl_observability_v1,ola_sparse_bayesian_keep010_seed42,165,ola,global,,,layers.1.weight,db,56,-47.395418212820175,-46.22174674451513,-46.80858247866765,74,0.04925782176803683,0.42109375,1280
bayesfl_observability_v1,ola_sparse_bayesian_keep010_seed42,165,ola,global,,,layers.1.weight,db,57,-46.22174674451513,-45.048075276210085,-45.63491101036261,61,0.04060442064662496,0.46875,1280
bayesfl_observability_v1,ola_sparse_bayesian_keep010_seed42,165,ola,global,,,layers.1.weight,db,58,-45.048075276210085,-43.874403807905026,-44.461239542057555,66,0.04393265184716745,0.5203125,1280
bayesfl_observability_v1,ola_sparse_bayesian_keep010_seed42,165,ola,global,,,layers.1.weight,db,59,-43.874403807905026,-42.70073233959998,-43.2875680737525,77,0.051254760488362645,0.58046875,1280
bayesfl_observability_v1,ola_sparse_bayesian_keep010_seed42,165,ola,global,,,layers.1.weight,db,60,-42.70073233959998,-41.527060871294935,-42.11389660544746,55,0.03661054320597332,0.6234375,1280
bayesfl_observability_v1,ola_sparse_bayesian_keep010_seed42,165,ola,global,,,layers.1.weight,db,61,-41.527060871294935,-40.35338940298989,-40.94022513714241,68,0.045263944327385196,0.6765625,1280
bayesfl_observability_v1,ola_sparse_bayesian_keep010_seed42,165,ola,global,,,layers.1.weight,db,62,-40.35338940298989,-39.179717934684845,-39.76655366883737,70,0.04659523680760241,0.73125,1280
bayesfl_observability_v1,ola_sparse_bayesian_keep010_seed42,165,ola,global,,,layers.1.weight,db,63,-39.179717934684845,-38.0060464663798,-38.59288220053232,49,0.032616665765321684,0.76953125,1280
bayesfl_observability_v1,ola_sparse_bayesian_keep010_seed42,165,ola,global,,,layers.1.weight,db,64,-38.0060464663798,-36.832374998074755,-37.41921073222728,58,0.03860748192629914,0.81484375,1280
bayesfl_observability_v1,ola_sparse_bayesian_keep010_seed42,165,ola,global,,,layers.1.weight,db,65,-36.832374998074755,-35.65870352976971,-36.24553926392223,48,0.03195101952521308,0.85234375,1280
bayesfl_observability_v1,ola_sparse_bayesian_keep010_seed42,165,ola,global,,,layers.1.weight,db,66,-35.65870352976971,-34.485032061464665,-35.07186779561719,39,0.02596020336423563,0.8828125,1280
bayesfl_observability_v1,ola_sparse_bayesian_keep010_seed42,165,ola,global,,,layers.1.weight,db,67,-34.485032061464665,-33.31136059315962,-33.89819632731214,39,0.02596020336423563,0.91328125,1280
bayesfl_observability_v1,ola_sparse_bayesian_keep010_seed42,165,ola,global,,,layers.1.weight,db,68,-33.31136059315962,-32.137689124854575,-32.7245248590071,26,0.01730680224282375,0.93359375,1280
bayesfl_observability_v1,ola_sparse_bayesian_keep010_seed42,165,ola,global,,,layers.1.weight,db,69,-32.137689124854575,-30.964017656549515,-31.550853390702045,15,0.009984693601628966,0.9453125,1280
bayesfl_observability_v1,ola_sparse_bayesian_keep010_seed42,165,ola,global,,,layers.1.weight,db,70,-30.964017656549515,-29.79034618824447,-30.377181922396993,16,0.010650339841737693,0.9578125,1280
bayesfl_observability_v1,ola_sparse_bayesian_keep010_seed42,165,ola,global,,,layers.1.weight,db,71,-29.79034618824447,-28.616674719939425,-29.203510454091948,22,0.014644217282389328,0.975,1280
bayesfl_observability_v1,ola_sparse_bayesian_keep010_seed42,165,ola,global,,,layers.1.weight,db,72,-28.616674719939425,-27.44300325163438,-28.029838985786903,9,0.005990816160977452,0.98203125,1280
bayesfl_observability_v1,ola_sparse_bayesian_keep010_seed42,165,ola,global,,,layers.1.weight,db,73,-27.44300325163438,-26.269331783329335,-26.856167517481857,7,0.004659523680760241,0.9875,1280
bayesfl_observability_v1,ola_sparse_bayesian_keep010_seed42,165,ola,global,,,layers.1.weight,db,74,-26.269331783329335,-25.09566031502429,-25.682496049176812,3,0.0019969387203258174,0.98984375,1280
bayesfl_observability_v1,ola_sparse_bayesian_keep010_seed42,165,ola,global,,,layers.1.weight,db,75,-25.09566031502429,-23.921988846719245,-24.508824580871767,4,0.0026625849604344234,0.99296875,1280
bayesfl_observability_v1,ola_sparse_bayesian_keep010_seed42,165,ola,global,,,layers.1.weight,db,76,-23.921988846719245,-22.7483173784142,-23.335153112566722,5,0.0033282312005430293,0.996875,1280
bayesfl_observability_v1,ola_sparse_bayesian_keep010_seed42,165,ola,global,,,layers.1.weight,db,77,-22.7483173784142,-21.574645910109155,-22.161481644261677,2,0.0013312924802172117,0.9984375,1280
bayesfl_observability_v1,ola_sparse_bayesian_keep010_seed42,165,ola,global,,,layers.1.weight,db,78,-21.574645910109155,-20.40097444180411,-20.987810175956632,0,0.0,0.9984375,1280
bayesfl_observability_v1,ola_sparse_bayesian_keep010_seed42,165,ola,global,,,layers.1.weight,db,79,-20.40097444180411,-19.227302973499064,-19.814138707651587,2,0.0013312924802172117,1.0,1280
bayesfl_observability_v1,ola_sparse_bayesian_keep010_seed42,165,ola,global,,,layers.1.bias,raw,0,0.00017413894232150656,0.0003122229724736893,0.00024318095739759795,2,1448.3934150790608,0.2,10
bayesfl_observability_v1,ola_sparse_bayesian_keep010_seed42,165,ola,global,,,layers.1.bias,raw,1,0.0003122229724736893,0.0004503070026258721,0.00038126498754978075,1,724.1967075395303,0.3,10
bayesfl_observability_v1,ola_sparse_bayesian_keep010_seed42,165,ola,global,,,layers.1.bias,raw,2,0.0004503070026258721,0.0005883910327780549,0.0005193490177019635,1,724.1967075395305,0.4,10
bayesfl_observability_v1,ola_sparse_bayesian_keep010_seed42,165,ola,global,,,layers.1.bias,raw,3,0.0005883910327780549,0.0007264750629302376,0.0006574330478541462,0,0.0,0.4,10
bayesfl_observability_v1,ola_sparse_bayesian_keep010_seed42,165,ola,global,,,layers.1.bias,raw,4,0.0007264750629302376,0.0008645590930824203,0.000795517078006329,1,724.1967075395305,0.5,10
bayesfl_observability_v1,ola_sparse_bayesian_keep010_seed42,165,ola,global,,,layers.1.bias,raw,5,0.0008645590930824203,0.0010026431232346032,0.0009336011081585117,0,0.0,0.5,10
bayesfl_observability_v1,ola_sparse_bayesian_keep010_seed42,165,ola,global,,,layers.1.bias,raw,6,0.0010026431232346032,0.001140727153386786,0.0010716851383106947,0,0.0,0.5,10
bayesfl_observability_v1,ola_sparse_bayesian_keep010_seed42,165,ola,global,,,layers.1.bias,raw,7,0.001140727153386786,0.0012788111835389687,0.0012097691684628772,0,0.0,0.5,10
bayesfl_observability_v1,ola_sparse_bayesian_keep010_seed42,165,ola,global,,,layers.1.bias,raw,8,0.0012788111835389687,0.0014168952136911514,0.0013478531986150601,0,0.0,0.5,10
bayesfl_observability_v1,ola_sparse_bayesian_keep010_seed42,165,ola,global,,,layers.1.bias,raw,9,0.0014168952136911514,0.0015549792438433341,0.0014859372287672427,0,0.0,0.5,10
bayesfl_observability_v1,ola_sparse_bayesian_keep010_seed42,165,ola,global,,,layers.1.bias,raw,10,0.0015549792438433341,0.0016930632739955169,0.0016240212589194256,0,0.0,0.5,10
bayesfl_observability_v1,ola_sparse_bayesian_keep010_seed42,165,ola,global,,,layers.1.bias,raw,11,0.0016930632739955169,0.0018311473041476998,0.0017621052890716084,1,724.1967075395294,0.6,10
bayesfl_observability_v1,ola_sparse_bayesian_keep010_seed42,165,ola,global,,,layers.1.bias,raw,12,0.0018311473041476998,0.0019692313342998826,0.0019001893192237911,0,0.0,0.6,10
bayesfl_observability_v1,ola_sparse_bayesian_keep010_seed42,165,ola,global,,,layers.1.bias,raw,13,0.0019692313342998826,0.0021073153644520655,0.002038273349375974,0,0.0,0.6,10
bayesfl_observability_v1,ola_sparse_bayesian_keep010_seed42,165,ola,global,,,layers.1.bias,raw,14,0.0021073153644520655,0.002245399394604248,0.0021763573795281566,0,0.0,0.6,10
bayesfl_observability_v1,ola_sparse_bayesian_keep010_seed42,165,ola,global,,,layers.1.bias,raw,15,0.002245399394604248,0.002383483424756431,0.0023144414096803395,0,0.0,0.6,10
bayesfl_observability_v1,ola_sparse_bayesian_keep010_seed42,165,ola,global,,,layers.1.bias,raw,16,0.002383483424756431,0.002521567454908614,0.0024525254398325225,0,0.0,0.6,10
bayesfl_observability_v1,ola_sparse_bayesian_keep010_seed42,165,ola,global,,,layers.1.bias,raw,17,0.002521567454908614,0.0026596514850607965,0.0025906094699847055,0,0.0,0.6,10
bayesfl_observability_v1,ola_sparse_bayesian_keep010_seed42,165,ola,global,,,layers.1.bias,raw,18,0.0026596514850607965,0.0027977355152129795,0.002728693500136888,0,0.0,0.6,10
bayesfl_observability_v1,ola_sparse_bayesian_keep010_seed42,165,ola,global,,,layers.1.bias,raw,19,0.0027977355152129795,0.002935819545365162,0.0028667775302890705,0,0.0,0.6,10
bayesfl_observability_v1,ola_sparse_bayesian_keep010_seed42,165,ola,global,,,layers.1.bias,raw,20,0.002935819545365162,0.003073903575517345,0.0030048615604412535,0,0.0,0.6,10
bayesfl_observability_v1,ola_sparse_bayesian_keep010_seed42,165,ola,global,,,layers.1.bias,raw,21,0.003073903575517345,0.0032119876056695275,0.0031429455905934364,0,0.0,0.6,10
bayesfl_observability_v1,ola_sparse_bayesian_keep010_seed42,165,ola,global,,,layers.1.bias,raw,22,0.0032119876056695275,0.0033500716358217104,0.003281029620745619,0,0.0,0.6,10
bayesfl_observability_v1,ola_sparse_bayesian_keep010_seed42,165,ola,global,,,layers.1.bias,raw,23,0.0033500716358217104,0.0034881556659738934,0.003419113650897802,0,0.0,0.6,10
bayesfl_observability_v1,ola_sparse_bayesian_keep010_seed42,165,ola,global,,,layers.1.bias,raw,24,0.0034881556659738934,0.003626239696126076,0.0035571976810499844,0,0.0,0.6,10
bayesfl_observability_v1,ola_sparse_bayesian_keep010_seed42,165,ola,global,,,layers.1.bias,raw,25,0.003626239696126076,0.003764323726278259,0.0036952817112021674,0,0.0,0.6,10
bayesfl_observability_v1,ola_sparse_bayesian_keep010_seed42,165,ola,global,,,layers.1.bias,raw,26,0.003764323726278259,0.0039024077564304414,0.0038333657413543503,0,0.0,0.6,10
bayesfl_observability_v1,ola_sparse_bayesian_keep010_seed42,165,ola,global,,,layers.1.bias,raw,27,0.0039024077564304414,0.004040491786582624,0.003971449771506532,0,0.0,0.6,10
bayesfl_observability_v1,ola_sparse_bayesian_keep010_seed42,165,ola,global,,,layers.1.bias,raw,28,0.004040491786582624,0.004178575816734807,0.004109533801658715,0,0.0,0.6,10
bayesfl_observability_v1,ola_sparse_bayesian_keep010_seed42,165,ola,global,,,layers.1.bias,raw,29,0.004178575816734807,0.004316659846886989,0.004247617831810898,0,0.0,0.6,10
bayesfl_observability_v1,ola_sparse_bayesian_keep010_seed42,165,ola,global,,,layers.1.bias,raw,30,0.004316659846886989,0.004454743877039172,0.0043857018619630804,0,0.0,0.6,10
bayesfl_observability_v1,ola_sparse_bayesian_keep010_seed42,165,ola,global,,,layers.1.bias,raw,31,0.004454743877039172,0.004592827907191355,0.004523785892115263,0,0.0,0.6,10
bayesfl_observability_v1,ola_sparse_bayesian_keep010_seed42,165,ola,global,,,layers.1.bias,raw,32,0.004592827907191355,0.004730911937343538,0.004661869922267446,0,0.0,0.6,10
bayesfl_observability_v1,ola_sparse_bayesian_keep010_seed42,165,ola,global,,,layers.1.bias,raw,33,0.004730911937343538,0.004868995967495721,0.004799953952419629,0,0.0,0.6,10
bayesfl_observability_v1,ola_sparse_bayesian_keep010_seed42,165,ola,global,,,layers.1.bias,raw,34,0.004868995967495721,0.005007079997647903,0.004938037982571811,0,0.0,0.6,10
bayesfl_observability_v1,ola_sparse_bayesian_keep010_seed42,165,ola,global,,,layers.1.bias,raw,35,0.005007079997647903,0.005145164027800086,0.005076122012723994,0,0.0,0.6,10
bayesfl_observability_v1,ola_sparse_bayesian_keep010_seed42,165,ola,global,,,layers.1.bias,raw,36,0.005145164027800086,0.005283248057952269,0.005214206042876177,0,0.0,0.6,10
bayesfl_observability_v1,ola_sparse_bayesian_keep010_seed42,165,ola,global,,,layers.1.bias,raw,37,0.005283248057952269,0.005421332088104452,0.00535229007302836,2,1448.3934150790587,0.8,10
bayesfl_observability_v1,ola_sparse_bayesian_keep010_seed42,165,ola,global,,,layers.1.bias,raw,38,0.005421332088104452,0.005559416118256634,0.005490374103180543,0,0.0,0.8,10
bayesfl_observability_v1,ola_sparse_bayesian_keep010_seed42,165,ola,global,,,layers.1.bias,raw,39,0.005559416118256634,0.005697500148408817,0.005628458133332725,0,0.0,0.8,10
bayesfl_observability_v1,ola_sparse_bayesian_keep010_seed42,165,ola,global,,,layers.1.bias,raw,40,0.005697500148408817,0.005835584178561,0.005766542163484908,0,0.0,0.8,10
bayesfl_observability_v1,ola_sparse_bayesian_keep010_seed42,165,ola,global,,,layers.1.bias,raw,41,0.005835584178561,0.005973668208713183,0.005904626193637091,1,724.1967075395294,0.9,10
bayesfl_observability_v1,ola_sparse_bayesian_keep010_seed42,165,ola,global,,,layers.1.bias,raw,42,0.005973668208713183,0.006111752238865366,0.006042710223789274,0,0.0,0.9,10
bayesfl_observability_v1,ola_sparse_bayesian_keep010_seed42,165,ola,global,,,layers.1.bias,raw,43,0.006111752238865366,0.006249836269017548,0.006180794253941456,0,0.0,0.9,10
bayesfl_observability_v1,ola_sparse_bayesian_keep010_seed42,165,ola,global,,,layers.1.bias,raw,44,0.006249836269017548,0.006387920299169731,0.006318878284093639,0,0.0,0.9,10
bayesfl_observability_v1,ola_sparse_bayesian_keep010_seed42,165,ola,global,,,layers.1.bias,raw,45,0.006387920299169731,0.006526004329321914,0.006456962314245822,0,0.0,0.9,10
bayesfl_observability_v1,ola_sparse_bayesian_keep010_seed42,165,ola,global,,,layers.1.bias,raw,46,0.006526004329321914,0.006664088359474097,0.006595046344398005,0,0.0,0.9,10
bayesfl_observability_v1,ola_sparse_bayesian_keep010_seed42,165,ola,global,,,layers.1.bias,raw,47,0.006664088359474097,0.00680217238962628,0.006733130374550188,0,0.0,0.9,10
bayesfl_observability_v1,ola_sparse_bayesian_keep010_seed42,165,ola,global,,,layers.1.bias,raw,48,0.00680217238962628,0.006940256419778462,0.006871214404702371,0,0.0,0.9,10
bayesfl_observability_v1,ola_sparse_bayesian_keep010_seed42,165,ola,global,,,layers.1.bias,raw,49,0.006940256419778462,0.007078340449930645,0.007009298434854553,0,0.0,0.9,10
bayesfl_observability_v1,ola_sparse_bayesian_keep010_seed42,165,ola,global,,,layers.1.bias,raw,50,0.007078340449930645,0.007216424480082828,0.007147382465006736,0,0.0,0.9,10
bayesfl_observability_v1,ola_sparse_bayesian_keep010_seed42,165,ola,global,,,layers.1.bias,raw,51,0.007216424480082828,0.0073545085102350105,0.007285466495158919,0,0.0,0.9,10
bayesfl_observability_v1,ola_sparse_bayesian_keep010_seed42,165,ola,global,,,layers.1.bias,raw,52,0.0073545085102350105,0.007492592540387193,0.007423550525311101,0,0.0,0.9,10
bayesfl_observability_v1,ola_sparse_bayesian_keep010_seed42,165,ola,global,,,layers.1.bias,raw,53,0.007492592540387193,0.007630676570539376,0.007561634555463284,0,0.0,0.9,10
bayesfl_observability_v1,ola_sparse_bayesian_keep010_seed42,165,ola,global,,,layers.1.bias,raw,54,0.007630676570539376,0.0077687606006915585,0.007699718585615467,0,0.0,0.9,10
bayesfl_observability_v1,ola_sparse_bayesian_keep010_seed42,165,ola,global,,,layers.1.bias,raw,55,0.0077687606006915585,0.007906844630843742,0.00783780261576765,0,0.0,0.9,10
bayesfl_observability_v1,ola_sparse_bayesian_keep010_seed42,165,ola,global,,,layers.1.bias,raw,56,0.007906844630843742,0.008044928660995924,0.007975886645919833,0,0.0,0.9,10
bayesfl_observability_v1,ola_sparse_bayesian_keep010_seed42,165,ola,global,,,layers.1.bias,raw,57,0.008044928660995924,0.008183012691148107,0.008113970676072016,0,0.0,0.9,10
bayesfl_observability_v1,ola_sparse_bayesian_keep010_seed42,165,ola,global,,,layers.1.bias,raw,58,0.008183012691148107,0.00832109672130029,0.008252054706224199,0,0.0,0.9,10
bayesfl_observability_v1,ola_sparse_bayesian_keep010_seed42,165,ola,global,,,layers.1.bias,raw,59,0.00832109672130029,0.008459180751452472,0.008390138736376382,0,0.0,0.9,10
bayesfl_observability_v1,ola_sparse_bayesian_keep010_seed42,165,ola,global,,,layers.1.bias,raw,60,0.008459180751452472,0.008597264781604655,0.008528222766528563,0,0.0,0.9,10
bayesfl_observability_v1,ola_sparse_bayesian_keep010_seed42,165,ola,global,,,layers.1.bias,raw,61,0.008597264781604655,0.008735348811756838,0.008666306796680746,0,0.0,0.9,10
bayesfl_observability_v1,ola_sparse_bayesian_keep010_seed42,165,ola,global,,,layers.1.bias,raw,62,0.008735348811756838,0.00887343284190902,0.008804390826832929,0,0.0,0.9,10
bayesfl_observability_v1,ola_sparse_bayesian_keep010_seed42,165,ola,global,,,layers.1.bias,raw,63,0.00887343284190902,0.009011516872061203,0.008942474856985112,0,0.0,0.9,10
bayesfl_observability_v1,ola_sparse_bayesian_keep010_seed42,165,ola,global,,,layers.1.bias,raw,64,0.009011516872061203,0.009149600902213386,0.009080558887137295,0,0.0,0.9,10
bayesfl_observability_v1,ola_sparse_bayesian_keep010_seed42,165,ola,global,,,layers.1.bias,raw,65,0.009149600902213386,0.00928768493236557,0.009218642917289478,0,0.0,0.9,10
bayesfl_observability_v1,ola_sparse_bayesian_keep010_seed42,165,ola,global,,,layers.1.bias,raw,66,0.00928768493236557,0.009425768962517752,0.00935672694744166,0,0.0,0.9,10
bayesfl_observability_v1,ola_sparse_bayesian_keep010_seed42,165,ola,global,,,layers.1.bias,raw,67,0.009425768962517752,0.009563852992669935,0.009494810977593844,0,0.0,0.9,10
bayesfl_observability_v1,ola_sparse_bayesian_keep010_seed42,165,ola,global,,,layers.1.bias,raw,68,0.009563852992669935,0.009701937022822116,0.009632895007746025,0,0.0,0.9,10
bayesfl_observability_v1,ola_sparse_bayesian_keep010_seed42,165,ola,global,,,layers.1.bias,raw,69,0.009701937022822116,0.0098400210529743,0.009770979037898208,0,0.0,0.9,10
bayesfl_observability_v1,ola_sparse_bayesian_keep010_seed42,165,ola,global,,,layers.1.bias,raw,70,0.0098400210529743,0.009978105083126482,0.009909063068050391,0,0.0,0.9,10
bayesfl_observability_v1,ola_sparse_bayesian_keep010_seed42,165,ola,global,,,layers.1.bias,raw,71,0.009978105083126482,0.010116189113278665,0.010047147098202574,0,0.0,0.9,10
bayesfl_observability_v1,ola_sparse_bayesian_keep010_seed42,165,ola,global,,,layers.1.bias,raw,72,0.010116189113278665,0.010254273143430848,0.010185231128354757,0,0.0,0.9,10
bayesfl_observability_v1,ola_sparse_bayesian_keep010_seed42,165,ola,global,,,layers.1.bias,raw,73,0.010254273143430848,0.010392357173583031,0.01032331515850694,0,0.0,0.9,10
bayesfl_observability_v1,ola_sparse_bayesian_keep010_seed42,165,ola,global,,,layers.1.bias,raw,74,0.010392357173583031,0.010530441203735214,0.010461399188659123,0,0.0,0.9,10
bayesfl_observability_v1,ola_sparse_bayesian_keep010_seed42,165,ola,global,,,layers.1.bias,raw,75,0.010530441203735214,0.010668525233887397,0.010599483218811306,0,0.0,0.9,10
bayesfl_observability_v1,ola_sparse_bayesian_keep010_seed42,165,ola,global,,,layers.1.bias,raw,76,0.010668525233887397,0.01080660926403958,0.010737567248963489,0,0.0,0.9,10
bayesfl_observability_v1,ola_sparse_bayesian_keep010_seed42,165,ola,global,,,layers.1.bias,raw,77,0.01080660926403958,0.010944693294191761,0.010875651279115672,0,0.0,0.9,10
bayesfl_observability_v1,ola_sparse_bayesian_keep010_seed42,165,ola,global,,,layers.1.bias,raw,78,0.010944693294191761,0.011082777324343944,0.011013735309267853,0,0.0,0.9,10
bayesfl_observability_v1,ola_sparse_bayesian_keep010_seed42,165,ola,global,,,layers.1.bias,raw,79,0.011082777324343944,0.011220861354496127,0.011151819339420036,1,724.1967075395294,1.0,10
bayesfl_observability_v1,ola_sparse_bayesian_keep010_seed42,165,ola,global,,,layers.1.bias,db,0,-75.18208190351746,-74.72979933065432,-74.95594061708589,1,0.22110071446475957,0.1,10
bayesfl_observability_v1,ola_sparse_bayesian_keep010_seed42,165,ola,global,,,layers.1.bias,db,1,-74.72979933065432,-74.27751675779118,-74.50365804422275,0,0.0,0.1,10
bayesfl_observability_v1,ola_sparse_bayesian_keep010_seed42,165,ola,global,,,layers.1.bias,db,2,-74.27751675779118,-73.82523418492802,-74.05137547135959,0,0.0,0.1,10
bayesfl_observability_v1,ola_sparse_bayesian_keep010_seed42,165,ola,global,,,layers.1.bias,db,3,-73.82523418492802,-73.37295161206488,-73.59909289849645,0,0.0,0.1,10
bayesfl_observability_v1,ola_sparse_bayesian_keep010_seed42,165,ola,global,,,layers.1.bias,db,4,-73.37295161206488,-72.92066903920174,-73.14681032563331,0,0.0,0.1,10
bayesfl_observability_v1,ola_sparse_bayesian_keep010_seed42,165,ola,global,,,layers.1.bias,db,5,-72.92066903920174,-72.4683864663386,-72.69452775277017,0,0.0,0.1,10
bayesfl_observability_v1,ola_sparse_bayesian_keep010_seed42,165,ola,global,,,layers.1.bias,db,6,-72.4683864663386,-72.01610389347545,-72.24224517990703,1,0.2211007144647526,0.2,10
bayesfl_observability_v1,ola_sparse_bayesian_keep010_seed42,165,ola,global,,,layers.1.bias,db,7,-72.01610389347545,-71.5638213206123,-71.78996260704388,0,0.0,0.2,10
bayesfl_observability_v1,ola_sparse_bayesian_keep010_seed42,165,ola,global,,,layers.1.bias,db,8,-71.5638213206123,-71.11153874774917,-71.33768003418074,0,0.0,0.2,10
bayesfl_observability_v1,ola_sparse_bayesian_keep010_seed42,165,ola,global,,,layers.1.bias,db,9,-71.11153874774917,-70.65925617488602,-70.8853974613176,0,0.0,0.2,10
bayesfl_observability_v1,ola_sparse_bayesian_keep010_seed42,165,ola,global,,,layers.1.bias,db,10,-70.65925617488602,-70.20697360202288,-70.43311488845445,0,0.0,0.2,10
bayesfl_observability_v1,ola_sparse_bayesian_keep010_seed42,165,ola,global,,,layers.1.bias,db,11,-70.20697360202288,-69.75469102915973,-69.9808323155913,1,0.2211007144647526,0.3,10
bayesfl_observability_v1,ola_sparse_bayesian_keep010_seed42,165,ola,global,,,layers.1.bias,db,12,-69.75469102915973,-69.30240845629659,-69.52854974272816,0,0.0,0.3,10
bayesfl_observability_v1,ola_sparse_bayesian_keep010_seed42,165,ola,global,,,layers.1.bias,db,13,-69.30240845629659,-68.85012588343345,-69.07626716986502,0,0.0,0.3,10
bayesfl_observability_v1,ola_sparse_bayesian_keep010_seed42,165,ola,global,,,layers.1.bias,db,14,-68.85012588343345,-68.39784331057031,-68.62398459700188,0,0.0,0.3,10
bayesfl_observability_v1,ola_sparse_bayesian_keep010_seed42,165,ola,global,,,layers.1.bias,db,15,-68.39784331057031,-67.94556073770715,-68.17170202413874,0,0.0,0.3,10
bayesfl_observability_v1,ola_sparse_bayesian_keep010_seed42,165,ola,global,,,layers.1.bias,db,16,-67.94556073770715,-67.49327816484401,-67.71941945127558,0,0.0,0.3,10
bayesfl_observability_v1,ola_sparse_bayesian_keep010_seed42,165,ola,global,,,layers.1.bias,db,17,-67.49327816484401,-67.04099559198087,-67.26713687841244,0,0.0,0.3,10
bayesfl_observability_v1,ola_sparse_bayesian_keep010_seed42,165,ola,global,,,layers.1.bias,db,18,-67.04099559198087,-66.58871301911773,-66.8148543055493,0,0.0,0.3,10
bayesfl_observability_v1,ola_sparse_bayesian_keep010_seed42,165,ola,global,,,layers.1.bias,db,19,-66.58871301911773,-66.1364304462546,-66.36257173268616,0,0.0,0.3,10
bayesfl_observability_v1,ola_sparse_bayesian_keep010_seed42,165,ola,global,,,layers.1.bias,db,20,-66.1364304462546,-65.68414787339144,-65.91028915982301,0,0.0,0.3,10
bayesfl_observability_v1,ola_sparse_bayesian_keep010_seed42,165,ola,global,,,layers.1.bias,db,21,-65.68414787339144,-65.2318653005283,-65.45800658695987,0,0.0,0.3,10
bayesfl_observability_v1,ola_sparse_bayesian_keep010_seed42,165,ola,global,,,layers.1.bias,db,22,-65.2318653005283,-64.77958272766516,-65.00572401409673,1,0.22110071446475957,0.4,10
bayesfl_observability_v1,ola_sparse_bayesian_keep010_seed42,165,ola,global,,,layers.1.bias,db,23,-64.77958272766516,-64.327300154802,-64.55344144123359,0,0.0,0.4,10
bayesfl_observability_v1,ola_sparse_bayesian_keep010_seed42,165,ola,global,,,layers.1.bias,db,24,-64.327300154802,-63.87501758193887,-64.10115886837043,0,0.0,0.4,10
bayesfl_observability_v1,ola_sparse_bayesian_keep010_seed42,165,ola,global,,,layers.1.bias,db,25,-63.87501758193887,-63.42273500907572,-63.64887629550729,0,0.0,0.4,10
bayesfl_observability_v1,ola_sparse_bayesian_keep010_seed42,165,ola,global,,,layers.1.bias,db,26,-63.42273500907572,-62.97045243621258,-63.19659372264415,0,0.0,0.4,10
bayesfl_observability_v1,ola_sparse_bayesian_keep010_seed42,165,ola,global,,,layers.1.bias,db,27,-62.97045243621258,-62.518169863349435,-62.74431114978101,0,0.0,0.4,10
bayesfl_observability_v1,ola_sparse_bayesian_keep010_seed42,165,ola,global,,,layers.1.bias,db,28,-62.518169863349435,-62.065887290486295,-62.292028576917865,0,0.0,0.4,10
bayesfl_observability_v1,ola_sparse_bayesian_keep010_seed42,165,ola,global,,,layers.1.bias,db,29,-62.065887290486295,-61.61360471762315,-61.83974600405472,1,0.22110071446475607,0.5,10
bayesfl_observability_v1,ola_sparse_bayesian_keep010_seed42,165,ola,global,,,layers.1.bias,db,30,-61.61360471762315,-61.16132214476001,-61.38746343119158,0,0.0,0.5,10
bayesfl_observability_v1,ola_sparse_bayesian_keep010_seed42,165,ola,global,,,layers.1.bias,db,31,-61.16132214476001,-60.70903957189687,-60.93518085832844,0,0.0,0.5,10
bayesfl_observability_v1,ola_sparse_bayesian_keep010_seed42,165,ola,global,,,layers.1.bias,db,32,-60.70903957189687,-60.25675699903372,-60.482898285465296,0,0.0,0.5,10
bayesfl_observability_v1,ola_sparse_bayesian_keep010_seed42,165,ola,global,,,layers.1.bias,db,33,-60.25675699903372,-59.80447442617057,-60.03061571260214,0,0.0,0.5,10
bayesfl_observability_v1,ola_sparse_bayesian_keep010_seed42,165,ola,global,,,layers.1.bias,db,34,-59.80447442617057,-59.35219185330743,-59.578333139739,0,0.0,0.5,10
bayesfl_observability_v1,ola_sparse_bayesian_keep010_seed42,165,ola,global,,,layers.1.bias,db,35,-59.35219185330743,-58.89990928044429,-59.12605056687586,0,0.0,0.5,10
bayesfl_observability_v1,ola_sparse_bayesian_keep010_seed42,165,ola,global,,,layers.1.bias,db,36,-58.89990928044429,-58.44762670758114,-58.67376799401272,0,0.0,0.5,10
bayesfl_observability_v1,ola_sparse_bayesian_keep010_seed42,165,ola,global,,,layers.1.bias,db,37,-58.44762670758114,-57.995344134718,-58.22148542114957,0,0.0,0.5,10
bayesfl_observability_v1,ola_sparse_bayesian_keep010_seed42,165,ola,global,,,layers.1.bias,db,38,-57.995344134718,-57.543061561854856,-57.769202848286426,0,0.0,0.5,10
bayesfl_observability_v1,ola_sparse_bayesian_keep010_seed42,165,ola,global,,,layers.1.bias,db,39,-57.543061561854856,-57.090778988991715,-57.316920275423286,0,0.0,0.5,10
bayesfl_observability_v1,ola_sparse_bayesian_keep010_seed42,165,ola,global,,,layers.1.bias,db,40,-57.090778988991715,-56.638496416128575,-56.864637702560145,0,0.0,0.5,10
bayesfl_observability_v1,ola_sparse_bayesian_keep010_seed42,165,ola,global,,,layers.1.bias,db,41,-56.638496416128575,-56.18621384326543,-56.412355129697005,0,0.0,0.5,10
bayesfl_observability_v1,ola_sparse_bayesian_keep010_seed42,165,ola,global,,,layers.1.bias,db,42,-56.18621384326543,-55.73393127040228,-55.96007255683385,0,0.0,0.5,10
bayesfl_observability_v1,ola_sparse_bayesian_keep010_seed42,165,ola,global,,,layers.1.bias,db,43,-55.73393127040228,-55.28164869753914,-55.50778998397071,0,0.0,0.5,10
bayesfl_observability_v1,ola_sparse_bayesian_keep010_seed42,165,ola,global,,,layers.1.bias,db,44,-55.28164869753914,-54.829366124676,-55.05550741110757,1,0.22110071446475957,0.6,10
bayesfl_observability_v1,ola_sparse_bayesian_keep010_seed42,165,ola,global,,,layers.1.bias,db,45,-54.829366124676,-54.37708355181285,-54.60322483824443,0,0.0,0.6,10
bayesfl_observability_v1,ola_sparse_bayesian_keep010_seed42,165,ola,global,,,layers.1.bias,db,46,-54.37708355181285,-53.924800978949705,-54.150942265381275,0,0.0,0.6,10
bayesfl_observability_v1,ola_sparse_bayesian_keep010_seed42,165,ola,global,,,layers.1.bias,db,47,-53.924800978949705,-53.472518406086564,-53.698659692518135,0,0.0,0.6,10
bayesfl_observability_v1,ola_sparse_bayesian_keep010_seed42,165,ola,global,,,layers.1.bias,db,48,-53.472518406086564,-53.020235833223424,-53.246377119654994,0,0.0,0.6,10
bayesfl_observability_v1,ola_sparse_bayesian_keep010_seed42,165,ola,global,,,layers.1.bias,db,49,-53.020235833223424,-52.567953260360284,-52.794094546791854,0,0.0,0.6,10
bayesfl_observability_v1,ola_sparse_bayesian_keep010_seed42,165,ola,global,,,layers.1.bias,db,50,-52.567953260360284,-52.115670687497136,-52.34181197392871,0,0.0,0.6,10
bayesfl_observability_v1,ola_sparse_bayesian_keep010_seed42,165,ola,global,,,layers.1.bias,db,51,-52.115670687497136,-51.66338811463399,-51.88952940106556,0,0.0,0.6,10
bayesfl_observability_v1,ola_sparse_bayesian_keep010_seed42,165,ola,global,,,layers.1.bias,db,52,-51.66338811463399,-51.21110554177085,-51.43724682820242,0,0.0,0.6,10
bayesfl_observability_v1,ola_sparse_bayesian_keep010_seed42,165,ola,global,,,layers.1.bias,db,53,-51.21110554177085,-50.75882296890771,-50.98496425533928,0,0.0,0.6,10
bayesfl_observability_v1,ola_sparse_bayesian_keep010_seed42,165,ola,global,,,layers.1.bias,db,54,-50.75882296890771,-50.30654039604456,-50.53268168247614,0,0.0,0.6,10
bayesfl_observability_v1,ola_sparse_bayesian_keep010_seed42,165,ola,global,,,layers.1.bias,db,55,-50.30654039604456,-49.85425782318141,-50.08039910961298,0,0.0,0.6,10
bayesfl_observability_v1,ola_sparse_bayesian_keep010_seed42,165,ola,global,,,layers.1.bias,db,56,-49.85425782318141,-49.40197525031827,-49.62811653674984,0,0.0,0.6,10
bayesfl_observability_v1,ola_sparse_bayesian_keep010_seed42,165,ola,global,,,layers.1.bias,db,57,-49.40197525031827,-48.94969267745513,-49.1758339638867,0,0.0,0.6,10
bayesfl_observability_v1,ola_sparse_bayesian_keep010_seed42,165,ola,global,,,layers.1.bias,db,58,-48.94969267745513,-48.49741010459199,-48.72355139102356,0,0.0,0.6,10
bayesfl_observability_v1,ola_sparse_bayesian_keep010_seed42,165,ola,global,,,layers.1.bias,db,59,-48.49741010459199,-48.045127531728845,-48.27126881816042,0,0.0,0.6,10
bayesfl_observability_v1,ola_sparse_bayesian_keep010_seed42,165,ola,global,,,layers.1.bias,db,60,-48.045127531728845,-47.5928449588657,-47.81898624529727,0,0.0,0.6,10
bayesfl_observability_v1,ola_sparse_bayesian_keep010_seed42,165,ola,global,,,layers.1.bias,db,61,-47.5928449588657,-47.14056238600256,-47.36670367243413,0,0.0,0.6,10
bayesfl_observability_v1,ola_sparse_bayesian_keep010_seed42,165,ola,global,,,layers.1.bias,db,62,-47.14056238600256,-46.68827981313942,-46.91442109957099,0,0.0,0.6,10
bayesfl_observability_v1,ola_sparse_bayesian_keep010_seed42,165,ola,global,,,layers.1.bias,db,63,-46.68827981313942,-46.23599724027627,-46.46213852670785,0,0.0,0.6,10
bayesfl_observability_v1,ola_sparse_bayesian_keep010_seed42,165,ola,global,,,layers.1.bias,db,64,-46.23599724027627,-45.78371466741312,-46.00985595384469,0,0.0,0.6,10
bayesfl_observability_v1,ola_sparse_bayesian_keep010_seed42,165,ola,global,,,layers.1.bias,db,65,-45.78371466741312,-45.33143209454998,-45.55757338098155,2,0.44220142892951914,0.8,10
bayesfl_observability_v1,ola_sparse_bayesian_keep010_seed42,165,ola,global,,,layers.1.bias,db,66,-45.33143209454998,-44.87914952168684,-45.10529080811841,0,0.0,0.8,10
bayesfl_observability_v1,ola_sparse_bayesian_keep010_seed42,165,ola,global,,,layers.1.bias,db,67,-44.87914952168684,-44.426866948823694,-44.65300823525527,1,0.22110071446475607,0.9,10
bayesfl_observability_v1,ola_sparse_bayesian_keep010_seed42,165,ola,global,,,layers.1.bias,db,68,-44.426866948823694,-43.974584375960546,-44.20072566239212,0,0.0,0.9,10
bayesfl_observability_v1,ola_sparse_bayesian_keep010_seed42,165,ola,global,,,layers.1.bias,db,69,-43.974584375960546,-43.522301803097406,-43.748443089528976,0,0.0,0.9,10
bayesfl_observability_v1,ola_sparse_bayesian_keep010_seed42,165,ola,global,,,layers.1.bias,db,70,-43.522301803097406,-43.070019230234266,-43.296160516665836,0,0.0,0.9,10
bayesfl_observability_v1,ola_sparse_bayesian_keep010_seed42,165,ola,global,,,layers.1.bias,db,71,-43.070019230234266,-42.61773665737112,-42.843877943802696,0,0.0,0.9,10
bayesfl_observability_v1,ola_sparse_bayesian_keep010_seed42,165,ola,global,,,layers.1.bias,db,72,-42.61773665737112,-42.16545408450798,-42.39159537093955,0,0.0,0.9,10
bayesfl_observability_v1,ola_sparse_bayesian_keep010_seed42,165,ola,global,,,layers.1.bias,db,73,-42.16545408450798,-41.71317151164483,-41.9393127980764,0,0.0,0.9,10
bayesfl_observability_v1,ola_sparse_bayesian_keep010_seed42,165,ola,global,,,layers.1.bias,db,74,-41.71317151164483,-41.26088893878169,-41.48703022521326,0,0.0,0.9,10
bayesfl_observability_v1,ola_sparse_bayesian_keep010_seed42,165,ola,global,,,layers.1.bias,db,75,-41.26088893878169,-40.80860636591855,-41.03474765235012,0,0.0,0.9,10
bayesfl_observability_v1,ola_sparse_bayesian_keep010_seed42,165,ola,global,,,layers.1.bias,db,76,-40.80860636591855,-40.3563237930554,-40.58246507948698,0,0.0,0.9,10
bayesfl_observability_v1,ola_sparse_bayesian_keep010_seed42,165,ola,global,,,layers.1.bias,db,77,-40.3563237930554,-39.90404122019226,-40.13018250662383,0,0.0,0.9,10
bayesfl_observability_v1,ola_sparse_bayesian_keep010_seed42,165,ola,global,,,layers.1.bias,db,78,-39.90404122019226,-39.451758647329115,-39.677899933760685,0,0.0,0.9,10
bayesfl_observability_v1,ola_sparse_bayesian_keep010_seed42,165,ola,global,,,layers.1.bias,db,79,-39.451758647329115,-38.999476074465974,-39.225617360897544,1,0.22110071446475957,1.0,10
bayesfl_observability_v1,ola_sparse_bayesian_keep010_seed42,170,ola,global,,,all,raw,0,2.0005701773262004e-08,0.001661418320518644,0.0008307191631102087,88357,522.5735469426695,0.8682028102584258,101770
bayesfl_observability_v1,ola_sparse_bayesian_keep010_seed42,170,ola,global,,,all,raw,1,0.001661418320518644,0.0033228166353355144,0.0024921174779270793,11761,69.55858036819647,0.9837673184632013,101770
bayesfl_observability_v1,ola_sparse_bayesian_keep010_seed42,170,ola,global,,,all,raw,2,0.0033228166353355144,0.004984214950152385,0.00415351579274395,900,5.322908114223009,0.9926107890340965,101770
bayesfl_observability_v1,ola_sparse_bayesian_keep010_seed42,170,ola,global,,,all,raw,3,0.004984214950152385,0.006645613264969256,0.0058149141075608205,165,0.9758664876075521,0.994232091972094,101770
bayesfl_observability_v1,ola_sparse_bayesian_keep010_seed42,170,ola,global,,,all,raw,4,0.006645613264969256,0.008307011579786127,0.007476312422377691,101,0.5973485772628043,0.9952245258917166,101770
bayesfl_observability_v1,ola_sparse_bayesian_keep010_seed42,170,ola,global,,,all,raw,5,0.008307011579786127,0.009968409894602999,0.009137710737194563,90,0.5322908114223006,0.9961088729488061,101770
bayesfl_observability_v1,ola_sparse_bayesian_keep010_seed42,170,ola,global,,,all,raw,6,0.009968409894602999,0.011629808209419869,0.010799109052011435,77,0.4554043608835243,0.9968654809865383,101770
bayesfl_observability_v1,ola_sparse_bayesian_keep010_seed42,170,ola,global,,,all,raw,7,0.011629808209419869,0.013291206524236739,0.012460507366828303,42,0.24840237866374054,0.9972781762798467,101770
bayesfl_observability_v1,ola_sparse_bayesian_keep010_seed42,170,ola,global,,,all,raw,8,0.013291206524236739,0.014952604839053609,0.014121905681645175,51,0.30163145980597067,0.9977793062788641,101770
bayesfl_observability_v1,ola_sparse_bayesian_keep010_seed42,170,ola,global,,,all,raw,9,0.014952604839053609,0.016614003153870478,0.015783303996462043,46,0.27205974806028754,0.998231305885821,101770
bayesfl_observability_v1,ola_sparse_bayesian_keep010_seed42,170,ola,global,,,all,raw,10,0.016614003153870478,0.01827540146868735,0.017444702311278912,20,0.11828684698273347,0.9984278274540631,101770
bayesfl_observability_v1,ola_sparse_bayesian_keep010_seed42,170,ola,global,,,all,raw,11,0.01827540146868735,0.01993679978350422,0.019106100626095787,26,0.1537729010775535,0.9986833054927778,101770
bayesfl_observability_v1,ola_sparse_bayesian_keep010_seed42,170,ola,global,,,all,raw,12,0.01993679978350422,0.02159819809832109,0.020767498940912656,25,0.14785855872841713,0.9989289574530805,101770
bayesfl_observability_v1,ola_sparse_bayesian_keep010_seed42,170,ola,global,,,all,raw,13,0.02159819809832109,0.023259596413137962,0.022428897255729524,15,0.0887151352370501,0.9990763486292621,101770
bayesfl_observability_v1,ola_sparse_bayesian_keep010_seed42,170,ola,global,,,all,raw,14,0.023259596413137962,0.02492099472795483,0.024090295570546396,11,0.06505776584050355,0.9991844354917953,101770
bayesfl_observability_v1,ola_sparse_bayesian_keep010_seed42,170,ola,global,,,all,raw,15,0.02492099472795483,0.026582393042771702,0.025751693885363268,10,0.05914342349136673,0.9992826962759163,101770
bayesfl_observability_v1,ola_sparse_bayesian_keep010_seed42,170,ola,global,,,all,raw,16,0.026582393042771702,0.028243791357588574,0.027413092200180136,5,0.029571711745683366,0.9993318266679768,101770
bayesfl_observability_v1,ola_sparse_bayesian_keep010_seed42,170,ola,global,,,all,raw,17,0.028243791357588574,0.029905189672405443,0.02907449051499701,6,0.03548605409482011,0.9993907831384494,101770
bayesfl_observability_v1,ola_sparse_bayesian_keep010_seed42,170,ola,global,,,all,raw,18,0.029905189672405443,0.03156658798722232,0.03073588882981388,5,0.029571711745683304,0.99943991353051,101770
bayesfl_observability_v1,ola_sparse_bayesian_keep010_seed42,170,ola,global,,,all,raw,19,0.03156658798722232,0.033227986302039186,0.03239728714463075,7,0.041400396443956794,0.9995086960793947,101770
bayesfl_observability_v1,ola_sparse_bayesian_keep010_seed42,170,ola,global,,,all,raw,20,0.033227986302039186,0.03488938461685606,0.034058685459447624,6,0.03548605409481996,0.9995676525498673,101770
bayesfl_observability_v1,ola_sparse_bayesian_keep010_seed42,170,ola,global,,,all,raw,21,0.03488938461685606,0.03655078293167293,0.0357200837742645,6,0.03548605409482011,0.99962660902034,101770
bayesfl_observability_v1,ola_sparse_bayesian_keep010_seed42,170,ola,global,,,all,raw,22,0.03655078293167293,0.0382121812464898,0.03738148208908136,4,0.02365736939654674,0.9996659133339884,101770
bayesfl_observability_v1,ola_sparse_bayesian_keep010_seed42,170,ola,global,,,all,raw,23,0.0382121812464898,0.039873579561306674,0.039042880403898236,4,0.02365736939654664,0.9997052176476369,101770
bayesfl_observability_v1,ola_sparse_bayesian_keep010_seed42,170,ola,global,,,all,raw,24,0.039873579561306674,0.04153497787612354,0.04070427871871511,0,0.0,0.9997052176476369,101770
bayesfl_observability_v1,ola_sparse_bayesian_keep010_seed42,170,ola,global,,,all,raw,25,0.04153497787612354,0.04319637619094041,0.04236567703353197,1,0.005914342349136685,0.9997150437260489,101770
bayesfl_observability_v1,ola_sparse_bayesian_keep010_seed42,170,ola,global,,,all,raw,26,0.04319637619094041,0.04485777450575728,0.04402707534834885,5,0.029571711745683425,0.9997641741181095,101770
bayesfl_observability_v1,ola_sparse_bayesian_keep010_seed42,170,ola,global,,,all,raw,27,0.04485777450575728,0.046519172820574155,0.04568847366316572,6,0.03548605409481996,0.9998231305885821,101770
bayesfl_observability_v1,ola_sparse_bayesian_keep010_seed42,170,ola,global,,,all,raw,28,0.046519172820574155,0.04818057113539102,0.047349871977982586,3,0.017743027047410057,0.9998526088238184,101770
bayesfl_observability_v1,ola_sparse_bayesian_keep010_seed42,170,ola,global,,,all,raw,29,0.04818057113539102,0.04984196945020789,0.04901127029279946,0,0.0,0.9998526088238184,101770
bayesfl_observability_v1,ola_sparse_bayesian_keep010_seed42,170,ola,global,,,all,raw,30,0.04984196945020789,0.05150336776502477,0.05067266860761633,0,0.0,0.9998526088238184,101770
bayesfl_observability_v1,ola_sparse_bayesian_keep010_seed42,170,ola,global,,,all,raw,31,0.05150336776502477,0.053164766079841635,0.0523340669224332,0,0.0,0.9998526088238184,101770
bayesfl_observability_v1,ola_sparse_bayesian_keep010_seed42,170,ola,global,,,all,raw,32,0.053164766079841635,0.054826164394658504,0.05399546523725007,2,0.01182868469827337,0.9998722609806426,101770
bayesfl_observability_v1,ola_sparse_bayesian_keep010_seed42,170,ola,global,,,all,raw,33,0.054826164394658504,0.05648756270947538,0.05565686355206694,0,0.0,0.9998722609806426,101770
bayesfl_observability_v1,ola_sparse_bayesian_keep010_seed42,170,ola,global,,,all,raw,34,0.05648756270947538,0.05814896102429225,0.05731826186688381,1,0.005914342349136685,0.9998820870590547,101770
bayesfl_observability_v1,ola_sparse_bayesian_keep010_seed42,170,ola,global,,,all,raw,35,0.05814896102429225,0.059810359339109116,0.058979660181700685,1,0.005914342349136685,0.9998919131374668,101770
bayesfl_observability_v1,ola_sparse_bayesian_keep010_seed42,170,ola,global,,,all,raw,36,0.059810359339109116,0.06147175765392599,0.060641058496517554,2,0.01182868469827332,0.999911565294291,101770
bayesfl_observability_v1,ola_sparse_bayesian_keep010_seed42,170,ola,global,,,all,raw,37,0.06147175765392599,0.06313315596874286,0.06230245681133442,1,0.005914342349136685,0.9999213913727032,101770
bayesfl_observability_v1,ola_sparse_bayesian_keep010_seed42,170,ola,global,,,all,raw,38,0.06313315596874286,0.06479455428355974,0.0639638551261513,1,0.00591434234913666,0.9999312174511152,101770
bayesfl_observability_v1,ola_sparse_bayesian_keep010_seed42,170,ola,global,,,all,raw,39,0.06479455428355974,0.0664559525983766,0.06562525344096817,0,0.0,0.9999312174511152,101770
bayesfl_observability_v1,ola_sparse_bayesian_keep010_seed42,170,ola,global,,,all,raw,40,0.0664559525983766,0.06811735091319347,0.06728665175578503,0,0.0,0.9999312174511152,101770
bayesfl_observability_v1,ola_sparse_bayesian_keep010_seed42,170,ola,global,,,all,raw,41,0.06811735091319347,0.06977874922801035,0.06894805007060191,0,0.0,0.9999312174511152,101770
bayesfl_observability_v1,ola_sparse_bayesian_keep010_seed42,170,ola,global,,,all,raw,42,0.06977874922801035,0.07144014754282721,0.07060944838541877,2,0.01182868469827342,0.9999508696079394,101770
bayesfl_observability_v1,ola_sparse_bayesian_keep010_seed42,170,ola,global,,,all,raw,43,0.07144014754282721,0.07310154585764408,0.07227084670023565,0,0.0,0.9999508696079394,101770
bayesfl_observability_v1,ola_sparse_bayesian_keep010_seed42,170,ola,global,,,all,raw,44,0.07310154585764408,0.07476294417246096,0.07393224501505252,0,0.0,0.9999508696079394,101770
bayesfl_observability_v1,ola_sparse_bayesian_keep010_seed42,170,ola,global,,,all,raw,45,0.07476294417246096,0.07642434248727782,0.0755936433298694,1,0.00591434234913671,0.9999606956863516,101770
bayesfl_observability_v1,ola_sparse_bayesian_keep010_seed42,170,ola,global,,,all,raw,46,0.07642434248727782,0.0780857408020947,0.07725504164468626,0,0.0,0.9999606956863516,101770
bayesfl_observability_v1,ola_sparse_bayesian_keep010_seed42,170,ola,global,,,all,raw,47,0.0780857408020947,0.07974713911691157,0.07891643995950313,1,0.00591434234913666,0.9999705217647636,101770
bayesfl_observability_v1,ola_sparse_bayesian_keep010_seed42,170,ola,global,,,all,raw,48,0.07974713911691157,0.08140853743172843,0.08057783827432,0,0.0,0.9999705217647636,101770
bayesfl_observability_v1,ola_sparse_bayesian_keep010_seed42,170,ola,global,,,all,raw,49,0.08140853743172843,0.08306993574654531,0.08223923658913687,0,0.0,0.9999705217647636,101770
bayesfl_observability_v1,ola_sparse_bayesian_keep010_seed42,170,ola,global,,,all,raw,50,0.08306993574654531,0.08473133406136217,0.08390063490395375,0,0.0,0.9999705217647636,101770
bayesfl_observability_v1,ola_sparse_bayesian_keep010_seed42,170,ola,global,,,all,raw,51,0.08473133406136217,0.08639273237617905,0.08556203321877061,0,0.0,0.9999705217647636,101770
bayesfl_observability_v1,ola_sparse_bayesian_keep010_seed42,170,ola,global,,,all,raw,52,0.08639273237617905,0.08805413069099592,0.08722343153358748,1,0.00591434234913666,0.9999803478431758,101770
bayesfl_observability_v1,ola_sparse_bayesian_keep010_seed42,170,ola,global,,,all,raw,53,0.08805413069099592,0.08971552900581278,0.08888482984840435,1,0.00591434234913671,0.9999901739215878,101770
bayesfl_observability_v1,ola_sparse_bayesian_keep010_seed42,170,ola,global,,,all,raw,54,0.08971552900581278,0.09137692732062966,0.09054622816322122,0,0.0,0.9999901739215878,101770
bayesfl_observability_v1,ola_sparse_bayesian_keep010_seed42,170,ola,global,,,all,raw,55,0.09137692732062966,0.09303832563544653,0.0922076264780381,0,0.0,0.9999901739215878,101770
bayesfl_observability_v1,ola_sparse_bayesian_keep010_seed42,170,ola,global,,,all,raw,56,0.09303832563544653,0.0946997239502634,0.09386902479285497,0,0.0,0.9999901739215878,101770
bayesfl_observability_v1,ola_sparse_bayesian_keep010_seed42,170,ola,global,,,all,raw,57,0.0946997239502634,0.09636112226508027,0.09553042310767183,0,0.0,0.9999901739215878,101770
bayesfl_observability_v1,ola_sparse_bayesian_keep010_seed42,170,ola,global,,,all,raw,58,0.09636112226508027,0.09802252057989715,0.09719182142248871,0,0.0,0.9999901739215878,101770
bayesfl_observability_v1,ola_sparse_bayesian_keep010_seed42,170,ola,global,,,all,raw,59,0.09802252057989715,0.09968391889471401,0.09885321973730557,0,0.0,0.9999901739215878,101770
bayesfl_observability_v1,ola_sparse_bayesian_keep010_seed42,170,ola,global,,,all,raw,60,0.09968391889471401,0.10134531720953088,0.10051461805212245,0,0.0,0.9999901739215878,101770
bayesfl_observability_v1,ola_sparse_bayesian_keep010_seed42,170,ola,global,,,all,raw,61,0.10134531720953088,0.10300671552434776,0.10217601636693932,0,0.0,0.9999901739215878,101770
bayesfl_observability_v1,ola_sparse_bayesian_keep010_seed42,170,ola,global,,,all,raw,62,0.10300671552434776,0.10466811383916462,0.1038374146817562,0,0.0,0.9999901739215878,101770
bayesfl_observability_v1,ola_sparse_bayesian_keep010_seed42,170,ola,global,,,all,raw,63,0.10466811383916462,0.1063295121539815,0.10549881299657306,0,0.0,0.9999901739215878,101770
bayesfl_observability_v1,ola_sparse_bayesian_keep010_seed42,170,ola,global,,,all,raw,64,0.1063295121539815,0.10799091046879837,0.10716021131138993,0,0.0,0.9999901739215878,101770
bayesfl_observability_v1,ola_sparse_bayesian_keep010_seed42,170,ola,global,,,all,raw,65,0.10799091046879837,0.10965230878361523,0.1088216096262068,0,0.0,0.9999901739215878,101770
bayesfl_observability_v1,ola_sparse_bayesian_keep010_seed42,170,ola,global,,,all,raw,66,0.10965230878361523,0.11131370709843211,0.11048300794102367,0,0.0,0.9999901739215878,101770
bayesfl_observability_v1,ola_sparse_bayesian_keep010_seed42,170,ola,global,,,all,raw,67,0.11131370709843211,0.11297510541324898,0.11214440625584055,0,0.0,0.9999901739215878,101770
bayesfl_observability_v1,ola_sparse_bayesian_keep010_seed42,170,ola,global,,,all,raw,68,0.11297510541324898,0.11463650372806584,0.11380580457065742,0,0.0,0.9999901739215878,101770
bayesfl_observability_v1,ola_sparse_bayesian_keep010_seed42,170,ola,global,,,all,raw,69,0.11463650372806584,0.11629790204288272,0.11546720288547428,0,0.0,0.9999901739215878,101770
bayesfl_observability_v1,ola_sparse_bayesian_keep010_seed42,170,ola,global,,,all,raw,70,0.11629790204288272,0.1179593003576996,0.11712860120029116,0,0.0,0.9999901739215878,101770
bayesfl_observability_v1,ola_sparse_bayesian_keep010_seed42,170,ola,global,,,all,raw,71,0.1179593003576996,0.11962069867251646,0.11878999951510802,0,0.0,0.9999901739215878,101770
bayesfl_observability_v1,ola_sparse_bayesian_keep010_seed42,170,ola,global,,,all,raw,72,0.11962069867251646,0.12128209698733333,0.1204513978299249,0,0.0,0.9999901739215878,101770
bayesfl_observability_v1,ola_sparse_bayesian_keep010_seed42,170,ola,global,,,all,raw,73,0.12128209698733333,0.12294349530215021,0.12211279614474177,0,0.0,0.9999901739215878,101770
bayesfl_observability_v1,ola_sparse_bayesian_keep010_seed42,170,ola,global,,,all,raw,74,0.12294349530215021,0.12460489361696707,0.12377419445955865,0,0.0,0.9999901739215878,101770
bayesfl_observability_v1,ola_sparse_bayesian_keep010_seed42,170,ola,global,,,all,raw,75,0.12460489361696707,0.12626629193178393,0.1254355927743755,0,0.0,0.9999901739215878,101770
bayesfl_observability_v1,ola_sparse_bayesian_keep010_seed42,170,ola,global,,,all,raw,76,0.12626629193178393,0.1279276902466008,0.12709699108919237,0,0.0,0.9999901739215878,101770
bayesfl_observability_v1,ola_sparse_bayesian_keep010_seed42,170,ola,global,,,all,raw,77,0.1279276902466008,0.12958908856141768,0.12875838940400924,0,0.0,0.9999901739215878,101770
bayesfl_observability_v1,ola_sparse_bayesian_keep010_seed42,170,ola,global,,,all,raw,78,0.12958908856141768,0.13125048687623453,0.13041978771882612,0,0.0,0.9999901739215878,101770
bayesfl_observability_v1,ola_sparse_bayesian_keep010_seed42,170,ola,global,,,all,raw,79,0.13125048687623453,0.1329118851910514,0.13208118603364297,1,0.00591434234913666,1.0,101770
bayesfl_observability_v1,ola_sparse_bayesian_keep010_seed42,170,ola,global,,,all,db,0,-153.97649003110982,-152.27089295122542,-153.12369149116762,1,5.761078350797667e-06,9.826078412105729e-06,101770
bayesfl_observability_v1,ola_sparse_bayesian_keep010_seed42,170,ola,global,,,all,db,1,-152.27089295122542,-150.56529587134102,-151.41809441128322,1,5.761078350797667e-06,1.9652156824211458e-05,101770
bayesfl_observability_v1,ola_sparse_bayesian_keep010_seed42,170,ola,global,,,all,db,2,-150.56529587134102,-148.8596987914566,-149.71249733139882,0,0.0,1.9652156824211458e-05,101770
bayesfl_observability_v1,ola_sparse_bayesian_keep010_seed42,170,ola,global,,,all,db,3,-148.8596987914566,-147.1541017115722,-148.0069002515144,2,1.1522156701595335e-05,3.9304313648422916e-05,101770
bayesfl_observability_v1,ola_sparse_bayesian_keep010_seed42,170,ola,global,,,all,db,4,-147.1541017115722,-145.4485046316878,-146.30130317163,1,5.761078350797667e-06,4.913039206052864e-05,101770
bayesfl_observability_v1,ola_sparse_bayesian_keep010_seed42,170,ola,global,,,all,db,5,-145.4485046316878,-143.7429075518034,-144.5957060917456,1,5.761078350797667e-06,5.895647047263437e-05,101770
bayesfl_observability_v1,ola_sparse_bayesian_keep010_seed42,170,ola,global,,,all,db,6,-143.7429075518034,-142.037310471919,-142.8901090118612,0,0.0,5.895647047263437e-05,101770
bayesfl_observability_v1,ola_sparse_bayesian_keep010_seed42,170,ola,global,,,all,db,7,-142.037310471919,-140.3317133920346,-141.1845119319768,1,5.761078350797667e-06,6.87825488847401e-05,101770
bayesfl_observability_v1,ola_sparse_bayesian_keep010_seed42,170,ola,global,,,all,db,8,-140.3317133920346,-138.6261163121502,-139.4789148520924,1,5.761078350797667e-06,7.860862729684583e-05,101770
bayesfl_observability_v1,ola_sparse_bayesian_keep010_seed42,170,ola,global,,,all,db,9,-138.6261163121502,-136.92051923226578,-137.77331777220797,2,1.1522156701595143e-05,9.826078412105728e-05,101770
bayesfl_observability_v1,ola_sparse_bayesian_keep010_seed42,170,ola,global,,,all,db,10,-136.92051923226578,-135.21492215238138,-136.06772069232358,3,1.7283235052393003e-05,0.00012773901935737446,101770
bayesfl_observability_v1,ola_sparse_bayesian_keep010_seed42,170,ola,global,,,all,db,11,-135.21492215238138,-133.50932507249698,-134.36212361243918,2,1.1522156701595335e-05,0.00014739117618158592,101770
bayesfl_observability_v1,ola_sparse_bayesian_keep010_seed42,170,ola,global,,,all,db,12,-133.50932507249698,-131.80372799261258,-132.65652653255478,5,2.8805391753988335e-05,0.00019652156824211456,101770
bayesfl_observability_v1,ola_sparse_bayesian_keep010_seed42,170,ola,global,,,all,db,13,-131.80372799261258,-130.09813091272818,-130.95092945267038,5,2.8805391753988335e-05,0.00024565196030264323,101770
bayesfl_observability_v1,ola_sparse_bayesian_keep010_seed42,170,ola,global,,,all,db,14,-130.09813091272818,-128.39253383284375,-129.24533237278598,3,1.7283235052392715e-05,0.0002751301955389604,101770
bayesfl_observability_v1,ola_sparse_bayesian_keep010_seed42,170,ola,global,,,all,db,15,-128.39253383284375,-126.68693675295937,-127.53973529290155,2,1.1522156701595431e-05,0.00029478235236317184,101770
bayesfl_observability_v1,ola_sparse_bayesian_keep010_seed42,170,ola,global,,,all,db,16,-126.68693675295937,-124.98133967307496,-125.83413821301716,11,6.337186185877382e-05,0.00040286921489633487,101770
bayesfl_observability_v1,ola_sparse_bayesian_keep010_seed42,170,ola,global,,,all,db,17,-124.98133967307496,-123.27574259319056,-124.12854113313276,11,6.337186185877433e-05,0.0005109560774294978,101770
bayesfl_observability_v1,ola_sparse_bayesian_keep010_seed42,170,ola,global,,,all,db,18,-123.27574259319056,-121.57014551330616,-122.42294405324836,9,5.1849705157179004e-05,0.0005993907831384495,101770
bayesfl_observability_v1,ola_sparse_bayesian_keep010_seed42,170,ola,global,,,all,db,19,-121.57014551330616,-119.86454843342176,-120.71734697336396,13,7.489401856036968e-05,0.0007271298024958239,101770
bayesfl_observability_v1,ola_sparse_bayesian_keep010_seed42,170,ola,global,,,all,db,20,-119.86454843342176,-118.15895135353735,-119.01174989347956,14,8.065509691116668e-05,0.0008646949002653041,101770
bayesfl_observability_v1,ola_sparse_bayesian_keep010_seed42,170,ola,global,,,all,db,21,-118.15895135353735,-116.45335427365295,-117.30615281359515,18,0.00010369941031435801,0.0010415643116832073,101770
bayesfl_observability_v1,ola_sparse_bayesian_keep010_seed42,170,ola,global,,,all,db,22,-116.45335427365295,-114.74775719376854,-115.60055573371073,30,0.00017283235052392858,0.001336346664046379,101770
bayesfl_observability_v1,ola_sparse_bayesian_keep010_seed42,170,ola,global,,,all,db,23,-114.74775719376854,-113.04216011388414,-113.89495865382634,37,0.00021315989897951367,0.001699911565294291,101770
bayesfl_observability_v1,ola_sparse_bayesian_keep010_seed42,170,ola,global,,,all,db,24,-113.04216011388414,-111.33656303399974,-112.18936157394194,42,0.00024196529073350202,0.002112606858602732,101770
bayesfl_observability_v1,ola_sparse_bayesian_keep010_seed42,170,ola,global,,,all,db,25,-111.33656303399974,-109.63096595411534,-110.48376449405754,37,0.00021315989897951367,0.0024761717598506434,101770
bayesfl_observability_v1,ola_sparse_bayesian_keep010_seed42,170,ola,global,,,all,db,26,-109.63096595411534,-107.92536887423093,-108.77816741417314,34,0.00019587666392711906,0.002810258425862238,101770
bayesfl_observability_v1,ola_sparse_bayesian_keep010_seed42,170,ola,global,,,all,db,27,-107.92536887423093,-106.21977179434653,-107.07257033428873,72,0.00041479764125743204,0.003517736071533851,101770
bayesfl_observability_v1,ola_sparse_bayesian_keep010_seed42,170,ola,global,,,all,db,28,-106.21977179434653,-104.51417471446211,-105.36697325440431,78,0.0004493641113622143,0.004284170187678097,101770
bayesfl_observability_v1,ola_sparse_bayesian_keep010_seed42,170,ola,global,,,all,db,29,-104.51417471446211,-102.80857763457772,-103.66137617451992,91,0.0005242581299225877,0.005178343323179719,101770
bayesfl_observability_v1,ola_sparse_bayesian_keep010_seed42,170,ola,global,,,all,db,30,-102.80857763457772,-101.10298055469332,-101.95577909463552,111,0.000639479696938541,0.006269038026923455,101770
bayesfl_observability_v1,ola_sparse_bayesian_keep010_seed42,170,ola,global,,,all,db,31,-101.10298055469332,-99.39738347480892,-100.25018201475112,143,0.0008238342041640664,0.007674167239854574,101770
bayesfl_observability_v1,ola_sparse_bayesian_keep010_seed42,170,ola,global,,,all,db,32,-99.39738347480892,-97.6917863949245,-98.54458493486672,148,0.0008526395959180477,0.009128426844846221,101770
bayesfl_observability_v1,ola_sparse_bayesian_keep010_seed42,170,ola,global,,,all,db,33,-97.6917863949245,-95.98618931504011,-96.8389878549823,219,0.001261676158824689,0.011280338017097376,101770
bayesfl_observability_v1,ola_sparse_bayesian_keep010_seed42,170,ola,global,,,all,db,34,-95.98618931504011,-94.2805922351557,-95.1333907750979,233,0.0013423312557358455,0.013569814287118011,101770
bayesfl_observability_v1,ola_sparse_bayesian_keep010_seed42,170,ola,global,,,all,db,35,-94.2805922351557,-92.5749951552713,-93.4277936952135,273,0.001572774389767763,0.016252333693622875,101770
bayesfl_observability_v1,ola_sparse_bayesian_keep010_seed42,170,ola,global,,,all,db,36,-92.5749951552713,-90.8693980753869,-91.7221966153291,337,0.0019414834042188137,0.019563722118502505,101770
bayesfl_observability_v1,ola_sparse_bayesian_keep010_seed42,170,ola,global,,,all,db,37,-90.8693980753869,-89.1638009955025,-90.0165995354447,406,0.002338997810423853,0.02355310995381743,101770
bayesfl_observability_v1,ola_sparse_bayesian_keep010_seed42,170,ola,global,,,all,db,38,-89.1638009955025,-87.45820391561809,-88.3110024555603,491,0.0028286894702416313,0.028377714454161346,101770
bayesfl_observability_v1,ola_sparse_bayesian_keep010_seed42,170,ola,global,,,all,db,39,-87.45820391561809,-85.75260683573369,-86.60540537567589,635,0.0036582847527565185,0.034617274245848484,101770
bayesfl_observability_v1,ola_sparse_bayesian_keep010_seed42,170,ola,global,,,all,db,40,-85.75260683573369,-84.04700975584929,-84.89980829579149,782,0.004505163270323776,0.04230126756411516,101770
bayesfl_observability_v1,ola_sparse_bayesian_keep010_seed42,170,ola,global,,,all,db,41,-84.04700975584929,-82.34141267596488,-83.19421121590707,918,0.005288669926032215,0.05132160754642822,101770
bayesfl_observability_v1,ola_sparse_bayesian_keep010_seed42,170,ola,global,,,all,db,42,-82.34141267596488,-80.63581559608048,-81.48861413602268,1169,0.006734700592082473,0.06280829321017982,101770
bayesfl_observability_v1,ola_sparse_bayesian_keep010_seed42,170,ola,global,,,all,db,43,-80.63581559608048,-78.93021851619608,-79.78301705613828,1373,0.007909960575645197,0.07629949887000098,101770
bayesfl_observability_v1,ola_sparse_bayesian_keep010_seed42,170,ola,global,,,all,db,44,-78.93021851619608,-77.22462143631166,-78.07741997625388,1674,0.009644045159235216,0.09274835413186597,101770
bayesfl_observability_v1,ola_sparse_bayesian_keep010_seed42,170,ola,global,,,all,db,45,-77.22462143631166,-75.51902435642727,-76.37182289636947,2002,0.011533678858296929,0.11242016311290164,101770
bayesfl_observability_v1,ola_sparse_bayesian_keep010_seed42,170,ola,global,,,all,db,46,-75.51902435642727,-73.81342727654287,-74.66622581648507,2427,0.013982137157385938,0.13626805541908224,101770
bayesfl_observability_v1,ola_sparse_bayesian_keep010_seed42,170,ola,global,,,all,db,47,-73.81342727654287,-72.10783019665845,-72.96062873660065,3035,0.017484872794670776,0.16609020339982314,101770
bayesfl_observability_v1,ola_sparse_bayesian_keep010_seed42,170,ola,global,,,all,db,48,-72.10783019665845,-70.40223311677406,-71.25503165671626,3614,0.020820537159782767,0.20160165078117323,101770
bayesfl_observability_v1,ola_sparse_bayesian_keep010_seed42,170,ola,global,,,all,db,49,-70.40223311677406,-68.69663603688966,-69.54943457683186,4467,0.02573473699301318,0.24549474304804952,101770
bayesfl_observability_v1,ola_sparse_bayesian_keep010_seed42,170,ola,global,,,all,db,50,-68.69663603688966,-66.99103895700524,-67.84383749694746,5473,0.031530381813915376,0.2992728701975042,101770
bayesfl_observability_v1,ola_sparse_bayesian_keep010_seed42,170,ola,global,,,all,db,51,-66.99103895700524,-65.28544187712085,-66.13824041706305,6624,0.038161382995683744,0.3643608135992925,101770
bayesfl_observability_v1,ola_sparse_bayesian_keep010_seed42,170,ola,global,,,all,db,52,-65.28544187712085,-63.57984479723645,-64.43264333717865,8061,0.046440052585779996,0.4435688316792768,101770
bayesfl_observability_v1,ola_sparse_bayesian_keep010_seed42,170,ola,global,,,all,db,53,-63.57984479723645,-61.874247717352034,-62.72704625729424,9505,0.05475904972433138,0.5369657069863417,101770
bayesfl_observability_v1,ola_sparse_bayesian_keep010_seed42,170,ola,global,,,all,db,54,-61.874247717352034,-60.168650637467636,-61.021449177409835,11615,0.0669149250445149,0.6510956077429498,101770
bayesfl_observability_v1,ola_sparse_bayesian_keep010_seed42,170,ola,global,,,all,db,55,-60.168650637467636,-58.46305355758324,-59.315852097525436,11338,0.06531910634134395,0.7625036847794046,101770
bayesfl_observability_v1,ola_sparse_bayesian_keep010_seed42,170,ola,global,,,all,db,56,-58.46305355758324,-56.757456477698824,-57.61025501764103,6877,0.03961893581843523,0.8300776260194557,101770
bayesfl_observability_v1,ola_sparse_bayesian_keep010_seed42,170,ola,global,,,all,db,57,-56.757456477698824,-55.051859397814425,-55.904657937756625,5555,0.03200279023868104,0.884661491598703,101770
bayesfl_observability_v1,ola_sparse_bayesian_keep010_seed42,170,ola,global,,,all,db,58,-55.051859397814425,-53.34626231793003,-54.199060857872226,4607,0.026541287962124852,0.9299302348432741,101770
bayesfl_observability_v1,ola_sparse_bayesian_keep010_seed42,170,ola,global,,,all,db,59,-53.34626231793003,-51.640665238045614,-52.49346377798782,3332,0.01919591306485767,0.9626707281124104,101770
bayesfl_observability_v1,ola_sparse_bayesian_keep010_seed42,170,ola,global,,,all,db,60,-51.640665238045614,-49.935068158161215,-50.787866698103414,1915,0.011032465041777533,0.9814876682715928,101770
bayesfl_observability_v1,ola_sparse_bayesian_keep010_seed42,170,ola,global,,,all,db,61,-49.935068158161215,-48.229471078276816,-49.082269618219016,807,0.004649190229093717,0.9894173135501622,101770
bayesfl_observability_v1,ola_sparse_bayesian_keep010_seed42,170,ola,global,,,all,db,62,-48.229471078276816,-46.5238739983924,-47.37667253833461,282,0.0016246240949249287,0.992188267662376,101770
bayesfl_observability_v1,ola_sparse_bayesian_keep010_seed42,170,ola,global,,,all,db,63,-46.5238739983924,-44.818276918508005,-45.671075458450204,127,0.0007316569505513037,0.9934361796207134,101770
bayesfl_observability_v1,ola_sparse_bayesian_keep010_seed42,170,ola,global,,,all,db,64,-44.818276918508005,-43.112679838623606,-43.965478378565805,101,0.0005818689134305644,0.9944286135403361,101770
bayesfl_observability_v1,ola_sparse_bayesian_keep010_seed42,170,ola,global,,,all,db,65,-43.112679838623606,-41.40708275873919,-42.2598812986814,93,0.0005357802866241786,0.9953424388326619,101770
bayesfl_observability_v1,ola_sparse_bayesian_keep010_seed42,170,ola,global,,,all,db,66,-41.40708275873919,-39.701485678854795,-40.554284218796994,100,0.0005761078350797667,0.9963250466738724,101770
bayesfl_observability_v1,ola_sparse_bayesian_keep010_seed42,170,ola,global,,,all,db,67,-39.701485678854795,-37.995888598970396,-38.848687138912595,79,0.0004551251897130157,0.9971013068684288,101770
bayesfl_observability_v1,ola_sparse_bayesian_keep010_seed42,170,ola,global,,,all,db,68,-37.995888598970396,-36.29029151908598,-37.14309005902819,76,0.00043784195466061907,0.9978480888277489,101770
bayesfl_observability_v1,ola_sparse_bayesian_keep010_seed42,170,ola,global,,,all,db,69,-36.29029151908598,-34.584694439201584,-35.437492979143784,65,0.00037447009280184836,0.9984867839245357,101770
bayesfl_observability_v1,ola_sparse_bayesian_keep010_seed42,170,ola,global,,,all,db,70,-34.584694439201584,-32.879097359317186,-33.731895899259385,55,0.00031685930929387167,0.9990272182372015,101770
bayesfl_observability_v1,ola_sparse_bayesian_keep010_seed42,170,ola,global,,,all,db,71,-32.879097359317186,-31.173500279432773,-32.02629881937498,29,0.00016707127217313096,0.9993121745111526,101770
bayesfl_observability_v1,ola_sparse_bayesian_keep010_seed42,170,ola,global,,,all,db,72,-31.173500279432773,-29.467903199548374,-30.320701739490573,22,0.00012674372371754866,0.9995283482362189,101770
bayesfl_observability_v1,ola_sparse_bayesian_keep010_seed42,170,ola,global,,,all,db,73,-29.467903199548374,-27.762306119663975,-28.615104659606175,18,0.00010369941031435801,0.9997052176476369,101770
bayesfl_observability_v1,ola_sparse_bayesian_keep010_seed42,170,ola,global,,,all,db,74,-27.762306119663975,-26.056709039779562,-26.90950757972177,15,8.641617526196429e-05,0.9998526088238184,101770
bayesfl_observability_v1,ola_sparse_bayesian_keep010_seed42,170,ola,global,,,all,db,75,-26.056709039779562,-24.351111959895178,-25.20391049983737,5,2.8805391753988576e-05,0.999901739215879,101770
bayesfl_observability_v1,ola_sparse_bayesian_keep010_seed42,170,ola,global,,,all,db,76,-24.351111959895178,-22.64551488001075,-23.498313419952964,5,2.8805391753987858e-05,0.9999508696079394,101770
bayesfl_observability_v1,ola_sparse_bayesian_keep010_seed42,170,ola,global,,,all,db,77,-22.64551488001075,-20.939917800126352,-21.79271634006855,4,2.304431340319067e-05,0.9999901739215878,101770
bayesfl_observability_v1,ola_sparse_bayesian_keep010_seed42,170,ola,global,,,all,db,78,-20.939917800126352,-19.234320720241953,-20.087119260184153,0,0.0,0.9999901739215878,101770
bayesfl_observability_v1,ola_sparse_bayesian_keep010_seed42,170,ola,global,,,all,db,79,-19.234320720241953,-17.528723640357565,-18.38152218029976,1,5.761078350797703e-06,1.0,101770
bayesfl_observability_v1,ola_sparse_bayesian_keep010_seed42,170,ola,global,,,layers.0.weight,raw,0,2.0005701773262004e-08,7.835660364493317e-05,3.9188304673353215e-05,5353,680.9363277473083,0.053342235331632654,100352
bayesfl_observability_v1,ola_sparse_bayesian_keep010_seed42,170,ola,global,,,layers.0.weight,raw,1,7.835660364493317e-05,0.0001566932015880931,0.00011752490261651314,5332,678.2649915091812,0.10647520727040816,100352
bayesfl_observability_v1,ola_sparse_bayesian_keep010_seed42,170,ola,global,,,layers.0.weight,raw,2,0.0001566932015880931,0.00023502979953125301,0.00019586150055967306,5278,671.3958411825693,0.15907007334183673,100352
bayesfl_observability_v1,ola_sparse_bayesian_keep010_seed42,170,ola,global,,,layers.0.weight,raw,3,0.00023502979953125301,0.0003133663974744129,0.00027419809850283297,5283,672.0318736202187,0.21171476403061223,100352
bayesfl_observability_v1,ola_sparse_bayesian_keep010_seed42,170,ola,global,,,layers.0.weight,raw,4,0.0003133663974744129,0.0003917029954175728,0.00035253469644599283,5359,681.6995666724874,0.26511678890306123,100352
bayesfl_observability_v1,ola_sparse_bayesian_keep010_seed42,170,ola,global,,,layers.0.weight,raw,5,0.0003917029954175728,0.00047003959336073273,0.0004308712943891528,5288,672.6679060578678,0.3178113042091837,100352
bayesfl_observability_v1,ola_sparse_bayesian_keep010_seed42,170,ola,global,,,layers.0.weight,raw,6,0.00047003959336073273,0.0005483761913038927,0.0005092078923323127,5335,678.6466109717704,0.3709741709183674,100352
bayesfl_observability_v1,ola_sparse_bayesian_keep010_seed42,170,ola,global,,,layers.0.weight,raw,7,0.0005483761913038927,0.0006267127892470526,0.0005875444902754726,5270,670.3781892823308,0.42348931760204084,100352
bayesfl_observability_v1,ola_sparse_bayesian_keep010_seed42,170,ola,global,,,layers.0.weight,raw,8,0.0006267127892470526,0.0007050493871902124,0.0006658810882186325,5350,680.5547082847191,0.4768016581632653,100352
bayesfl_observability_v1,ola_sparse_bayesian_keep010_seed42,170,ola,global,,,layers.0.weight,raw,9,0.0007050493871902124,0.0007833859851333724,0.0007442176861617925,5222,664.2722778808969,0.5288384885204082,100352
bayesfl_observability_v1,ola_sparse_bayesian_keep010_seed42,170,ola,global,,,layers.0.weight,raw,10,0.0007833859851333724,0.0008617225830765324,0.0008225542841049523,5069,644.8096852888293,0.5793506855867347,100352
bayesfl_observability_v1,ola_sparse_bayesian_keep010_seed42,170,ola,global,,,layers.0.weight,raw,11,0.0008617225830765324,0.0009400591810196922,0.0009008908820481123,5189,660.0744637924126,0.6310586734693877,100352
bayesfl_observability_v1,ola_sparse_bayesian_keep010_seed42,170,ola,global,,,layers.0.weight,raw,12,0.0009400591810196922,0.0010183957789628522,0.0009792274799912723,5173,658.0391599919341,0.6826072225765306,100352
bayesfl_observability_v1,ola_sparse_bayesian_keep010_seed42,170,ola,global,,,layers.0.weight,raw,13,0.0010183957789628522,0.0010967323769060123,0.0010575640779344323,4628,588.7116242881629,0.7287248883928571,100352
bayesfl_observability_v1,ola_sparse_bayesian_keep010_seed42,170,ola,global,,,layers.0.weight,raw,14,0.0010967323769060123,0.0011750689748491721,0.0011359006758775922,3539,450.18375936815346,0.7639907525510204,100352
bayesfl_observability_v1,ola_sparse_bayesian_keep010_seed42,170,ola,global,,,layers.0.weight,raw,15,0.0011750689748491721,0.001253405572792332,0.001214237273820752,2781,353.7612418205241,0.7917032047193877,100352
bayesfl_observability_v1,ola_sparse_bayesian_keep010_seed42,170,ola,global,,,layers.0.weight,raw,16,0.001253405572792332,0.0013317421707354918,0.001292573871763912,2058,261.7909513364396,0.8122110172193877,100352
bayesfl_observability_v1,ola_sparse_bayesian_keep010_seed42,170,ola,global,,,layers.0.weight,raw,17,0.0013317421707354918,0.0014100787686786517,0.0013709104697070718,1805,229.60770999138657,0.8301977040816326,100352
bayesfl_observability_v1,ola_sparse_bayesian_keep010_seed42,170,ola,global,,,layers.0.weight,raw,18,0.0014100787686786517,0.0014884153666218118,0.0014492470676502316,1657,210.78114983696756,0.8467095822704082,100352
bayesfl_observability_v1,ola_sparse_bayesian_keep010_seed42,170,ola,global,,,layers.0.weight,raw,19,0.0014884153666218118,0.0015667519645649716,0.0015275836655933917,1466,186.48471071876602,0.8613181600765306,100352
bayesfl_observability_v1,ola_sparse_bayesian_keep010_seed42,170,ola,global,,,layers.0.weight,raw,20,0.0015667519645649716,0.0016450885625081315,0.0016059202635365516,1358,172.7464100655418,0.8748505261479592,100352
bayesfl_observability_v1,ola_sparse_bayesian_keep010_seed42,170,ola,global,,,layers.0.weight,raw,21,0.0016450885625081315,0.0017234251604512916,0.0016842568614797116,1260,160.28017428761564,0.8874063297193877,100352
bayesfl_observability_v1,ola_sparse_bayesian_keep010_seed42,170,ola,global,,,layers.0.weight,raw,22,0.0017234251604512916,0.0018017617583944514,0.0017625934594228715,1142,145.26980875909334,0.8987862723214286,100352
bayesfl_observability_v1,ola_sparse_bayesian_keep010_seed42,170,ola,global,,,layers.0.weight,raw,23,0.0018017617583944514,0.0018800983563376113,0.0018409300573660314,1104,140.43596223295887,0.9097875478316326,100352
bayesfl_observability_v1,ola_sparse_bayesian_keep010_seed42,170,ola,global,,,layers.0.weight,raw,24,0.0018800983563376113,0.001958434954280771,0.0019192666553091912,964,122.62705397877966,0.9193937340561225,100352
bayesfl_observability_v1,ola_sparse_bayesian_keep010_seed42,170,ola,global,,,layers.0.weight,raw,25,0.001958434954280771,0.002036771552223931,0.001997603253252351,914,116.2667296022866,0.9285016741071429,100352
bayesfl_observability_v1,ola_sparse_bayesian_keep010_seed42,170,ola,global,,,layers.0.weight,raw,26,0.002036771552223931,0.0021151081501670907,0.0020759398511955105,769,97.82178891045777,0.936164700255102,100352
bayesfl_observability_v1,ola_sparse_bayesian_keep010_seed42,170,ola,global,,,layers.0.weight,raw,27,0.0021151081501670907,0.002193444748110251,0.002154276449138671,683,86.88203098288983,0.9429707429846939,100352
bayesfl_observability_v1,ola_sparse_bayesian_keep010_seed42,170,ola,global,,,layers.0.weight,raw,28,0.002193444748110251,0.002271781346053411,0.002232613047081831,658,83.70186879464397,0.9495276626275511,100352
bayesfl_observability_v1,ola_sparse_bayesian_keep010_seed42,170,ola,global,,,layers.0.weight,raw,29,0.002271781346053411,0.0023501179439965707,0.0023109496450249905,566,71.99887194189739,0.9551678093112245,100352
bayesfl_observability_v1,ola_sparse_bayesian_keep010_seed42,170,ola,global,,,layers.0.weight,raw,30,0.0023501179439965707,0.0024284545419397305,0.002389286242968151,546,69.45474219130031,0.9606086575255102,100352
bayesfl_observability_v1,ola_sparse_bayesian_keep010_seed42,170,ola,global,,,layers.0.weight,raw,31,0.0024284545419397305,0.0025067911398828904,0.0024676228409113102,517,65.76575405293454,0.9657605229591837,100352
bayesfl_observability_v1,ola_sparse_bayesian_keep010_seed42,170,ola,global,,,layers.0.weight,raw,32,0.0025067911398828904,0.0025851277378260503,0.0025459594388544705,439,55.84364802560593,0.9701351243622449,100352
bayesfl_observability_v1,ola_sparse_bayesian_keep010_seed42,170,ola,global,,,layers.0.weight,raw,33,0.0025851277378260503,0.00266346433576921,0.00262429603679763,410,52.15465988724016,0.9742207429846939,100352
bayesfl_observability_v1,ola_sparse_bayesian_keep010_seed42,170,ola,global,,,layers.0.weight,raw,34,0.00266346433576921,0.00274180093371237,0.0027026326347407903,354,45.031096585568335,0.9777483258928571,100352
bayesfl_observability_v1,ola_sparse_bayesian_keep010_seed42,170,ola,global,,,layers.0.weight,raw,35,0.00274180093371237,0.00282013753165553,0.0027809692326839497,301,38.28915274648607,0.9807477678571429,100352
bayesfl_observability_v1,ola_sparse_bayesian_keep010_seed42,170,ola,global,,,layers.0.weight,raw,36,0.00282013753165553,0.00289847412959869,0.00285930583062711,259,32.946480270232016,0.9833286830357143,100352
bayesfl_observability_v1,ola_sparse_bayesian_keep010_seed42,170,ola,global,,,layers.0.weight,raw,37,0.00289847412959869,0.00297681072754185,0.0029376424285702703,226,28.748666181747016,0.9855807557397959,100352
bayesfl_observability_v1,ola_sparse_bayesian_keep010_seed42,170,ola,global,,,layers.0.weight,raw,38,0.00297681072754185,0.00305514732548501,0.0030159790265134297,187,23.787613168082707,0.9874441964285714,100352
bayesfl_observability_v1,ola_sparse_bayesian_keep010_seed42,170,ola,global,,,layers.0.weight,raw,39,0.00305514732548501,0.0031334839234281697,0.00309431562445659,184,23.405993705493145,0.9892777423469388,100352
bayesfl_observability_v1,ola_sparse_bayesian_keep010_seed42,170,ola,global,,,layers.0.weight,raw,40,0.0031334839234281697,0.0032118205213713296,0.0031726522223997494,158,20.09862502971694,0.990852200255102,100352
bayesfl_observability_v1,ola_sparse_bayesian_keep010_seed42,170,ola,global,,,layers.0.weight,raw,41,0.0032118205213713296,0.0032901571193144894,0.0032509888203429097,121,15.39198499111234,0.992057955994898,100352
bayesfl_observability_v1,ola_sparse_bayesian_keep010_seed42,170,ola,global,,,layers.0.weight,raw,42,0.0032901571193144894,0.0033684937172576493,0.003329325418286069,115,14.628746065933216,0.9932039221938775,100352
bayesfl_observability_v1,ola_sparse_bayesian_keep010_seed42,170,ola,global,,,layers.0.weight,raw,43,0.0033684937172576493,0.0034468303152008096,0.0034076620162292294,112,14.247126603343574,0.9943199936224489,100352
bayesfl_observability_v1,ola_sparse_bayesian_keep010_seed42,170,ola,global,,,layers.0.weight,raw,44,0.0034468303152008096,0.0035251669131439694,0.0034859986141723897,70,8.904454127089783,0.9950175382653061,100352
bayesfl_observability_v1,ola_sparse_bayesian_keep010_seed42,170,ola,global,,,layers.0.weight,raw,45,0.0035251669131439694,0.0036035035110871293,0.003564335212115549,61,7.759595739321097,0.9956253985969388,100352
bayesfl_observability_v1,ola_sparse_bayesian_keep010_seed42,170,ola,global,,,layers.0.weight,raw,46,0.0036035035110871293,0.003681840109030289,0.0036426718100587095,74,9.4132800772092,0.9963628029336735,100352
bayesfl_observability_v1,ola_sparse_bayesian_keep010_seed42,170,ola,global,,,layers.0.weight,raw,47,0.003681840109030289,0.003760176706973449,0.003721008408001869,56,7.123563301671827,0.9969208386479592,100352
bayesfl_observability_v1,ola_sparse_bayesian_keep010_seed42,170,ola,global,,,layers.0.weight,raw,48,0.003760176706973449,0.003838513304916609,0.003799345005945029,53,6.741943839082265,0.9974489795918368,100352
bayesfl_observability_v1,ola_sparse_bayesian_keep010_seed42,170,ola,global,,,layers.0.weight,raw,49,0.003838513304916609,0.003916849902859769,0.0038776816038881886,56,7.123563301671827,0.9980070153061225,100352
bayesfl_observability_v1,ola_sparse_bayesian_keep010_seed42,170,ola,global,,,layers.0.weight,raw,50,0.003916849902859769,0.003995186500802929,0.003956018201831349,29,3.688988138365747,0.9982959980867347,100352
bayesfl_observability_v1,ola_sparse_bayesian_keep010_seed42,170,ola,global,,,layers.0.weight,raw,51,0.003995186500802929,0.0040735230987460885,0.004034354799774509,41,5.215465988724045,0.9987045599489796,100352
bayesfl_observability_v1,ola_sparse_bayesian_keep010_seed42,170,ola,global,,,layers.0.weight,raw,52,0.0040735230987460885,0.004151859696689249,0.004112691397717669,23,2.9257492131866267,0.9989337531887755,100352
bayesfl_observability_v1,ola_sparse_bayesian_keep010_seed42,170,ola,global,,,layers.0.weight,raw,53,0.004151859696689249,0.004230196294632408,0.004191027995660828,14,1.7808908254179665,0.9990732621173469,100352
bayesfl_observability_v1,ola_sparse_bayesian_keep010_seed42,170,ola,global,,,layers.0.weight,raw,54,0.004230196294632408,0.0043085328925755685,0.004269364593603988,15,1.9080973129478003,0.9992227359693877,100352
bayesfl_observability_v1,ola_sparse_bayesian_keep010_seed42,170,ola,global,,,layers.0.weight,raw,55,0.0043085328925755685,0.004386869490518729,0.004347701191547149,17,2.162510288007507,0.9993921396683674,100352
bayesfl_observability_v1,ola_sparse_bayesian_keep010_seed42,170,ola,global,,,layers.0.weight,raw,56,0.004386869490518729,0.004465206088461888,0.004426037789490309,11,1.3992713628284024,0.9995017538265306,100352
bayesfl_observability_v1,ola_sparse_bayesian_keep010_seed42,170,ola,global,,,layers.0.weight,raw,57,0.004465206088461888,0.0045435426864050485,0.004504374387433468,6,0.7632389251791201,0.9995615433673469,100352
bayesfl_observability_v1,ola_sparse_bayesian_keep010_seed42,170,ola,global,,,layers.0.weight,raw,58,0.0045435426864050485,0.004621879284348208,0.004582710985376628,4,0.508825950119419,0.9996014030612245,100352
bayesfl_observability_v1,ola_sparse_bayesian_keep010_seed42,170,ola,global,,,layers.0.weight,raw,59,0.004621879284348208,0.004700215882291368,0.004661047583319788,6,0.7632389251791201,0.9996611926020408,100352
bayesfl_observability_v1,ola_sparse_bayesian_keep010_seed42,170,ola,global,,,layers.0.weight,raw,60,0.004700215882291368,0.004778552480234528,0.004739384181262948,6,0.7632389251791285,0.9997209821428571,100352
bayesfl_observability_v1,ola_sparse_bayesian_keep010_seed42,170,ola,global,,,layers.0.weight,raw,61,0.004778552480234528,0.004856889078177688,0.004817720779206108,5,0.6360324376492668,0.9997708067602041,100352
bayesfl_observability_v1,ola_sparse_bayesian_keep010_seed42,170,ola,global,,,layers.0.weight,raw,62,0.004856889078177688,0.004935225676120847,0.004896057377149267,7,0.8904454127089833,0.9998405612244898,100352
bayesfl_observability_v1,ola_sparse_bayesian_keep010_seed42,170,ola,global,,,layers.0.weight,raw,63,0.004935225676120847,0.005013562274064008,0.0049743939750924275,1,0.12720648752985333,0.9998505261479592,100352
bayesfl_observability_v1,ola_sparse_bayesian_keep010_seed42,170,ola,global,,,layers.0.weight,raw,64,0.005013562274064008,0.005091898872007168,0.005052730573035588,5,0.6360324376492668,0.9999003507653061,100352
bayesfl_observability_v1,ola_sparse_bayesian_keep010_seed42,170,ola,global,,,layers.0.weight,raw,65,0.005091898872007168,0.005170235469950327,0.005131067170978748,3,0.38161946258956425,0.9999302455357143,100352
bayesfl_observability_v1,ola_sparse_bayesian_keep010_seed42,170,ola,global,,,layers.0.weight,raw,66,0.005170235469950327,0.005248572067893488,0.0052094037689219075,0,0.0,0.9999302455357143,100352
bayesfl_observability_v1,ola_sparse_bayesian_keep010_seed42,170,ola,global,,,layers.0.weight,raw,67,0.005248572067893488,0.005326908665836647,0.005287740366865067,2,0.2544129750597095,0.9999501753826531,100352
bayesfl_observability_v1,ola_sparse_bayesian_keep010_seed42,170,ola,global,,,layers.0.weight,raw,68,0.005326908665836647,0.005405245263779807,0.005366076964808227,2,0.25441297505970667,0.9999701052295918,100352
bayesfl_observability_v1,ola_sparse_bayesian_keep010_seed42,170,ola,global,,,layers.0.weight,raw,69,0.005405245263779807,0.005483581861722967,0.0054444135627513875,1,0.12720648752985475,0.9999800701530612,100352
bayesfl_observability_v1,ola_sparse_bayesian_keep010_seed42,170,ola,global,,,layers.0.weight,raw,70,0.005483581861722967,0.005561918459666127,0.005522750160694547,0,0.0,0.9999800701530612,100352
bayesfl_observability_v1,ola_sparse_bayesian_keep010_seed42,170,ola,global,,,layers.0.weight,raw,71,0.005561918459666127,0.0056402550576092865,0.005601086758637706,0,0.0,0.9999800701530612,100352
bayesfl_observability_v1,ola_sparse_bayesian_keep010_seed42,170,ola,global,,,layers.0.weight,raw,72,0.0056402550576092865,0.005718591655552447,0.005679423356580867,0,0.0,0.9999800701530612,100352
bayesfl_observability_v1,ola_sparse_bayesian_keep010_seed42,170,ola,global,,,layers.0.weight,raw,73,0.005718591655552447,0.005796928253495607,0.005757759954524027,0,0.0,0.9999800701530612,100352
bayesfl_observability_v1,ola_sparse_bayesian_keep010_seed42,170,ola,global,,,layers.0.weight,raw,74,0.005796928253495607,0.0058752648514387665,0.005836096552467187,1,0.12720648752985475,0.9999900350765306,100352
bayesfl_observability_v1,ola_sparse_bayesian_keep010_seed42,170,ola,global,,,layers.0.weight,raw,75,0.0058752648514387665,0.005953601449381927,0.005914433150410347,0,0.0,0.9999900350765306,100352
bayesfl_observability_v1,ola_sparse_bayesian_keep010_seed42,170,ola,global,,,layers.0.weight,raw,76,0.005953601449381927,0.006031938047325086,0.005992769748353506,0,0.0,0.9999900350765306,100352
bayesfl_observability_v1,ola_sparse_bayesian_keep010_seed42,170,ola,global,,,layers.0.weight,raw,77,0.006031938047325086,0.0061102746452682466,0.006071106346296666,0,0.0,0.9999900350765306,100352
bayesfl_observability_v1,ola_sparse_bayesian_keep010_seed42,170,ola,global,,,layers.0.weight,raw,78,0.0061102746452682466,0.006188611243211406,0.006149442944239827,0,0.0,0.9999900350765306,100352
bayesfl_observability_v1,ola_sparse_bayesian_keep010_seed42,170,ola,global,,,layers.0.weight,raw,79,0.006188611243211406,0.006266947841154566,0.006227779542182986,1,0.12720648752985333,1.0,100352
bayesfl_observability_v1,ola_sparse_bayesian_keep010_seed42,170,ola,global,,,layers.0.weight,db,0,-153.97649003110982,-152.60251988566645,-153.28950495838814,1,7.2526491950610606e-06,9.964923469387754e-06,100352
bayesfl_observability_v1,ola_sparse_bayesian_keep010_seed42,170,ola,global,,,layers.0.weight,db,1,-152.60251988566645,-151.2285497402231,-151.91553481294477,0,0.0,9.964923469387754e-06,100352
bayesfl_observability_v1,ola_sparse_bayesian_keep010_seed42,170,ola,global,,,layers.0.weight,db,2,-151.2285497402231,-149.85457959477972,-150.5415646675014,1,7.2526491950610606e-06,1.992984693877551e-05,100352
bayesfl_observability_v1,ola_sparse_bayesian_keep010_seed42,170,ola,global,,,layers.0.weight,db,3,-149.85457959477972,-148.48060944933636,-149.16759452205804,0,0.0,1.992984693877551e-05,100352
bayesfl_observability_v1,ola_sparse_bayesian_keep010_seed42,170,ola,global,,,layers.0.weight,db,4,-148.48060944933636,-147.106639303893,-147.79362437661467,2,1.4505298390122121e-05,3.985969387755102e-05,100352
bayesfl_observability_v1,ola_sparse_bayesian_keep010_seed42,170,ola,global,,,layers.0.weight,db,5,-147.106639303893,-145.73266915844962,-146.4196542311713,0,0.0,3.985969387755102e-05,100352
bayesfl_observability_v1,ola_sparse_bayesian_keep010_seed42,170,ola,global,,,layers.0.weight,db,6,-145.73266915844962,-144.35869901300626,-145.04568408572794,2,1.4505298390122121e-05,5.978954081632653e-05,100352
bayesfl_observability_v1,ola_sparse_bayesian_keep010_seed42,170,ola,global,,,layers.0.weight,db,7,-144.35869901300626,-142.9847288675629,-143.67171394028458,0,0.0,5.978954081632653e-05,100352
bayesfl_observability_v1,ola_sparse_bayesian_keep010_seed42,170,ola,global,,,layers.0.weight,db,8,-142.9847288675629,-141.61075872211953,-142.2977437948412,0,0.0,5.978954081632653e-05,100352
bayesfl_observability_v1,ola_sparse_bayesian_keep010_seed42,170,ola,global,,,layers.0.weight,db,9,-141.61075872211953,-140.2367885766762,-140.92377364939784,1,7.252649195061211e-06,6.975446428571428e-05,100352
bayesfl_observability_v1,ola_sparse_bayesian_keep010_seed42,170,ola,global,,,layers.0.weight,db,10,-140.2367885766762,-138.86281843123282,-139.5498035039545,1,7.2526491950610606e-06,7.971938775510203e-05,100352
bayesfl_observability_v1,ola_sparse_bayesian_keep010_seed42,170,ola,global,,,layers.0.weight,db,11,-138.86281843123282,-137.48884828578946,-138.17583335851114,1,7.2526491950610606e-06,8.96843112244898e-05,100352
bayesfl_observability_v1,ola_sparse_bayesian_keep010_seed42,170,ola,global,,,layers.0.weight,db,12,-137.48884828578946,-136.1148781403461,-136.80186321306778,2,1.4505298390122121e-05,0.0001096141581632653,100352
bayesfl_observability_v1,ola_sparse_bayesian_keep010_seed42,170,ola,global,,,layers.0.weight,db,13,-136.1148781403461,-134.74090799490273,-135.4278930676244,3,2.1757947585183183e-05,0.00013950892857142856,100352
bayesfl_observability_v1,ola_sparse_bayesian_keep010_seed42,170,ola,global,,,layers.0.weight,db,14,-134.74090799490273,-133.36693784945936,-134.05392292218104,2,1.4505298390122121e-05,0.00015943877551020407,100352
bayesfl_observability_v1,ola_sparse_bayesian_keep010_seed42,170,ola,global,,,layers.0.weight,db,15,-133.36693784945936,-131.992967704016,-132.67995277673768,3,2.1757947585183183e-05,0.00018933354591836734,100352
bayesfl_observability_v1,ola_sparse_bayesian_keep010_seed42,170,ola,global,,,layers.0.weight,db,16,-131.992967704016,-130.61899755857263,-131.3059826312943,4,2.9010596780244242e-05,0.00022919323979591838,100352
bayesfl_observability_v1,ola_sparse_bayesian_keep010_seed42,170,ola,global,,,layers.0.weight,db,17,-130.61899755857263,-129.24502741312926,-129.93201248585095,2,1.4505298390122121e-05,0.0002491230867346939,100352
bayesfl_observability_v1,ola_sparse_bayesian_keep010_seed42,170,ola,global,,,layers.0.weight,db,18,-129.24502741312926,-127.8710572676859,-128.55804234040758,3,2.1757947585183183e-05,0.00027901785714285713,100352
bayesfl_observability_v1,ola_sparse_bayesian_keep010_seed42,170,ola,global,,,layers.0.weight,db,19,-127.8710572676859,-126.49708712224253,-127.18407219496422,2,1.4505298390122121e-05,0.00029894770408163266,100352
bayesfl_observability_v1,ola_sparse_bayesian_keep010_seed42,170,ola,global,,,layers.0.weight,db,20,-126.49708712224253,-125.12311697679917,-125.81010204952085,10,7.252649195061061e-05,0.0003985969387755102,100352
bayesfl_observability_v1,ola_sparse_bayesian_keep010_seed42,170,ola,global,,,layers.0.weight,db,21,-125.12311697679917,-123.7491468313558,-124.43613190407748,7,5.076854436542743e-05,0.00046835140306122447,100352
bayesfl_observability_v1,ola_sparse_bayesian_keep010_seed42,170,ola,global,,,layers.0.weight,db,22,-123.7491468313558,-122.37517668591244,-123.06216175863412,11,7.977914114567167e-05,0.0005779655612244898,100352
bayesfl_observability_v1,ola_sparse_bayesian_keep010_seed42,170,ola,global,,,layers.0.weight,db,23,-122.37517668591244,-121.00120654046907,-121.68819161319075,10,7.252649195061061e-05,0.0006776147959183673,100352
bayesfl_observability_v1,ola_sparse_bayesian_keep010_seed42,170,ola,global,,,layers.0.weight,db,24,-121.00120654046907,-119.6272363950257,-120.31422146774739,8,5.8021193560488484e-05,0.0007573341836734694,100352
bayesfl_observability_v1,ola_sparse_bayesian_keep010_seed42,170,ola,global,,,layers.0.weight,db,25,-119.6272363950257,-118.25326624958234,-118.94025132230402,12,8.703179034073273e-05,0.0008769132653061224,100352
bayesfl_observability_v1,ola_sparse_bayesian_keep010_seed42,170,ola,global,,,layers.0.weight,db,26,-118.25326624958234,-116.87929610413897,-117.56628117686066,14,0.00010153708873085486,0.001016422193877551,100352
bayesfl_observability_v1,ola_sparse_bayesian_keep010_seed42,170,ola,global,,,layers.0.weight,db,27,-116.87929610413897,-115.50532595869561,-116.19231103141729,17,0.00012329503631603803,0.0011858258928571428,100352
bayesfl_observability_v1,ola_sparse_bayesian_keep010_seed42,170,ola,global,,,layers.0.weight,db,28,-115.50532595869561,-114.13135581325224,-114.81834088597392,31,0.00022483212504689288,0.0014947385204081632,100352
bayesfl_observability_v1,ola_sparse_bayesian_keep010_seed42,170,ola,global,,,layers.0.weight,db,29,-114.13135581325224,-112.75738566780889,-113.44437074053056,26,0.00018856887907158954,0.001753826530612245,100352
bayesfl_observability_v1,ola_sparse_bayesian_keep010_seed42,170,ola,global,,,layers.0.weight,db,30,-112.75738566780889,-111.38341552236552,-112.07040059508721,37,0.00026834802021725925,0.002122528698979592,100352
bayesfl_observability_v1,ola_sparse_bayesian_keep010_seed42,170,ola,global,,,layers.0.weight,db,31,-111.38341552236552,-110.00944537692216,-110.69643044964384,28,0.00020307417746170972,0.002401546556122449,100352
bayesfl_observability_v1,ola_sparse_bayesian_keep010_seed42,170,ola,global,,,layers.0.weight,db,32,-110.00944537692216,-108.6354752314788,-109.32246030420048,24,0.00017406358068146547,0.002640704719387755,100352
bayesfl_observability_v1,ola_sparse_bayesian_keep010_seed42,170,ola,global,,,layers.0.weight,db,33,-108.6354752314788,-107.26150508603543,-107.94849015875711,59,0.0004279063025086026,0.0032286352040816328,100352
bayesfl_observability_v1,ola_sparse_bayesian_keep010_seed42,170,ola,global,,,layers.0.weight,db,34,-107.26150508603543,-105.88753494059208,-106.57452001331376,47,0.0003408745121678734,0.003696986607142857,100352
bayesfl_observability_v1,ola_sparse_bayesian_keep010_seed42,170,ola,global,,,layers.0.weight,db,35,-105.88753494059208,-104.51356479514871,-105.2005498678704,64,0.0004641695484839079,0.004334741709183673,100352
bayesfl_observability_v1,ola_sparse_bayesian_keep010_seed42,170,ola,global,,,layers.0.weight,db,36,-104.51356479514871,-103.13959464970534,-103.82657972242703,73,0.0005294433912394575,0.00506218112244898,100352
bayesfl_observability_v1,ola_sparse_bayesian_keep010_seed42,170,ola,global,,,layers.0.weight,db,37,-103.13959464970534,-101.76562450426198,-102.45260957698366,87,0.0006309804799703123,0.005929129464285714,100352
bayesfl_observability_v1,ola_sparse_bayesian_keep010_seed42,170,ola,global,,,layers.0.weight,db,38,-101.76562450426198,-100.39165435881861,-101.0786394315403,110,0.0007977914114567167,0.007025271045918368,100352
bayesfl_observability_v1,ola_sparse_bayesian_keep010_seed42,170,ola,global,,,layers.0.weight,db,39,-100.39165435881861,-99.01768421337525,-99.70466928609693,107,0.0007760334638715335,0.008091517857142858,100352
bayesfl_observability_v1,ola_sparse_bayesian_keep010_seed42,170,ola,global,,,layers.0.weight,db,40,-99.01768421337525,-97.64371406793188,-98.33069914065356,121,0.0008775705526023884,0.009297273596938776,100352
bayesfl_observability_v1,ola_sparse_bayesian_keep010_seed42,170,ola,global,,,layers.0.weight,db,41,-97.64371406793188,-96.26974392248852,-96.9567289952102,172,0.0012474556615505025,0.011011240433673469,100352
bayesfl_observability_v1,ola_sparse_bayesian_keep010_seed42,170,ola,global,,,layers.0.weight,db,42,-96.26974392248852,-94.89577377704515,-95.58275884976683,193,0.0013997612946467849,0.012934470663265306,100352
bayesfl_observability_v1,ola_sparse_bayesian_keep010_seed42,170,ola,global,,,layers.0.weight,db,43,-94.89577377704515,-93.52180363160178,-94.20878870432347,200,0.0014505298390122122,0.014927455357142858,100352
bayesfl_observability_v1,ola_sparse_bayesian_keep010_seed42,170,ola,global,,,layers.0.weight,db,44,-93.52180363160178,-92.14783348615842,-92.8348185588801,241,0.0017478884560097156,0.017329001913265307,100352
bayesfl_observability_v1,ola_sparse_bayesian_keep010_seed42,170,ola,global,,,layers.0.weight,db,45,-92.14783348615842,-90.77386334071505,-91.46084841343674,269,0.0019509626334714254,0.02000956632653061,100352
bayesfl_observability_v1,ola_sparse_bayesian_keep010_seed42,170,ola,global,,,layers.0.weight,db,46,-90.77386334071505,-89.39989319527169,-90.08687826799337,316,0.0022918371456392955,0.023158482142857144,100352
bayesfl_observability_v1,ola_sparse_bayesian_keep010_seed42,170,ola,global,,,layers.0.weight,db,47,-89.39989319527169,-88.02592304982832,-88.71290812255,379,0.002748754044928142,0.0269351881377551,100352
bayesfl_observability_v1,ola_sparse_bayesian_keep010_seed42,170,ola,global,,,layers.0.weight,db,48,-88.02592304982832,-86.65195290438497,-87.33893797710664,462,0.003350723928118245,0.03153898278061224,100352
bayesfl_observability_v1,ola_sparse_bayesian_keep010_seed42,170,ola,global,,,layers.0.weight,db,49,-86.65195290438497,-85.2779827589416,-85.96496783166329,554,0.004017967654063828,0.03705955038265306,100352
bayesfl_observability_v1,ola_sparse_bayesian_keep010_seed42,170,ola,global,,,layers.0.weight,db,50,-85.2779827589416,-83.90401261349824,-84.59099768621992,644,0.0046707060816193234,0.04347696109693878,100352
bayesfl_observability_v1,ola_sparse_bayesian_keep010_seed42,170,ola,global,,,layers.0.weight,db,51,-83.90401261349824,-82.53004246805487,-83.21702754077656,737,0.005345202456760002,0.05082110969387755,100352
bayesfl_observability_v1,ola_sparse_bayesian_keep010_seed42,170,ola,global,,,layers.0.weight,db,52,-82.53004246805487,-81.15607232261151,-81.84305739533319,908,0.0065854054691154434,0.059869260204081634,100352
bayesfl_observability_v1,ola_sparse_bayesian_keep010_seed42,170,ola,global,,,layers.0.weight,db,53,-81.15607232261151,-79.78210217716814,-80.46908724988982,1001,0.007259901844256122,0.06984414859693877,100352
bayesfl_observability_v1,ola_sparse_bayesian_keep010_seed42,170,ola,global,,,layers.0.weight,db,54,-79.78210217716814,-78.40813203172478,-79.09511710444646,1240,0.008993285001875715,0.0822006536989796,100352
bayesfl_observability_v1,ola_sparse_bayesian_keep010_seed42,170,ola,global,,,layers.0.weight,db,55,-78.40813203172478,-77.03416188628141,-77.7211469590031,1359,0.009856350256087982,0.09574298469387756,100352
bayesfl_observability_v1,ola_sparse_bayesian_keep010_seed42,170,ola,global,,,layers.0.weight,db,56,-77.03416188628141,-75.66019174083804,-76.34717681355973,1622,0.011763796994389042,0.11190609056122448,100352
bayesfl_observability_v1,ola_sparse_bayesian_keep010_seed42,170,ola,global,,,layers.0.weight,db,57,-75.66019174083804,-74.28622159539468,-74.97320666811636,1888,0.013693001680275284,0.13071986607142858,100352
bayesfl_observability_v1,ola_sparse_bayesian_keep010_seed42,170,ola,global,,,layers.0.weight,db,58,-74.28622159539468,-72.91225144995133,-73.59923652267301,2256,0.016361976584057924,0.15320073341836735,100352
bayesfl_observability_v1,ola_sparse_bayesian_keep010_seed42,170,ola,global,,,layers.0.weight,db,59,-72.91225144995133,-71.53828130450796,-72.22526637722964,2568,0.018624803132916805,0.1787906568877551,100352
bayesfl_observability_v1,ola_sparse_bayesian_keep010_seed42,170,ola,global,,,layers.0.weight,db,60,-71.53828130450796,-70.1643111590646,-70.85129623178628,3075,0.02230189627481276,0.20943279655612246,100352
bayesfl_observability_v1,ola_sparse_bayesian_keep010_seed42,170,ola,global,,,layers.0.weight,db,61,-70.1643111590646,-68.79034101362123,-69.47732608634291,3579,0.025957231469123536,0.24509725765306123,100352
bayesfl_observability_v1,ola_sparse_bayesian_keep010_seed42,170,ola,global,,,layers.0.weight,db,62,-68.79034101362123,-67.41637086817786,-68.10335594089955,4321,0.031338697171858845,0.2881556919642857,100352
bayesfl_observability_v1,ola_sparse_bayesian_keep010_seed42,170,ola,global,,,layers.0.weight,db,63,-67.41637086817786,-66.0424007227345,-66.72938579545618,4973,0.03606742444703866,0.337711256377551,100352
bayesfl_observability_v1,ola_sparse_bayesian_keep010_seed42,170,ola,global,,,layers.0.weight,db,64,-66.0424007227345,-64.66843057729113,-65.35541565001282,5737,0.041608448432065306,0.39488002232142855,100352
bayesfl_observability_v1,ola_sparse_bayesian_keep010_seed42,170,ola,global,,,layers.0.weight,db,65,-64.66843057729113,-63.29446043184777,-63.98144550456945,6845,0.04964438374019296,0.46308992346938777,100352
bayesfl_observability_v1,ola_sparse_bayesian_keep010_seed42,170,ola,global,,,layers.0.weight,db,66,-63.29446043184777,-61.9204902864044,-62.607475359126084,7728,0.05604847297943188,0.5400988520408163,100352
bayesfl_observability_v1,ola_sparse_bayesian_keep010_seed42,170,ola,global,,,layers.0.weight,db,67,-61.9204902864044,-60.546520140961036,-61.23350521368272,9063,0.06573075965483839,0.6304109534438775,100352
bayesfl_observability_v1,ola_sparse_bayesian_keep010_seed42,170,ola,global,,,layers.0.weight,db,68,-60.546520140961036,-59.17254999551767,-59.85953506823935,10037,0.07279483997082786,0.7304288903061225,100352
bayesfl_observability_v1,ola_sparse_bayesian_keep010_seed42,170,ola,global,,,layers.0.weight,db,69,-59.17254999551767,-57.79857985007432,-58.485564922795994,7136,0.051754904655956266,0.8015385841836735,100352
bayesfl_observability_v1,ola_sparse_bayesian_keep010_seed42,170,ola,global,,,layers.0.weight,db,70,-57.79857985007432,-56.42460970463095,-57.111594777352636,4935,0.03579182377762634,0.850715481505102,100352
bayesfl_observability_v1,ola_sparse_bayesian_keep010_seed42,170,ola,global,,,layers.0.weight,db,71,-56.42460970463095,-55.05063955918759,-55.73762463190927,4354,0.03157803459529586,0.8941027582908163,100352
bayesfl_observability_v1,ola_sparse_bayesian_keep010_seed42,170,ola,global,,,layers.0.weight,db,72,-55.05063955918759,-53.67666941374422,-54.363654486465904,3818,0.027690614626743132,0.9321488360969388,100352
bayesfl_observability_v1,ola_sparse_bayesian_keep010_seed42,170,ola,global,,,layers.0.weight,db,73,-53.67666941374422,-52.302699268300856,-52.98968434102254,2841,0.020604776363168473,0.9604591836734694,100352
bayesfl_observability_v1,ola_sparse_bayesian_keep010_seed42,170,ola,global,,,layers.0.weight,db,74,-52.302699268300856,-50.92872912285749,-51.61571419557917,2115,0.015339353047554145,0.9815349968112245,100352
bayesfl_observability_v1,ola_sparse_bayesian_keep010_seed42,170,ola,global,,,layers.0.weight,db,75,-50.92872912285749,-49.554758977414124,-50.24174405013581,1115,0.008086703852493084,0.9926458864795918,100352
bayesfl_observability_v1,ola_sparse_bayesian_keep010_seed42,170,ola,global,,,layers.0.weight,db,76,-49.554758977414124,-48.18078883197076,-48.86777390469244,528,0.00382939877499224,0.9979073660714286,100352
bayesfl_observability_v1,ola_sparse_bayesian_keep010_seed42,170,ola,global,,,layers.0.weight,db,77,-48.18078883197076,-46.80681868652739,-47.493803759249076,167,0.0012111924155751971,0.9995715082908163,100352
bayesfl_observability_v1,ola_sparse_bayesian_keep010_seed42,170,ola,global,,,layers.0.weight,db,78,-46.80681868652739,-45.43284854108403,-46.11983361380571,39,0.0002828533186073814,0.9999601403061225,100352
bayesfl_observability_v1,ola_sparse_bayesian_keep010_seed42,170,ola,global,,,layers.0.weight,db,79,-45.43284854108403,-44.05887839564067,-44.745863468362344,4,2.901059678024439e-05,1.0,100352
bayesfl_observability_v1,ola_sparse_bayesian_keep010_seed42,170,ola,global,,,layers.0.bias,raw,0,8.020214628369947e-06,6.949739893669606e-05,3.8758806782533e-05,9,1143.7169868965077,0.0703125,128
bayesfl_observability_v1,ola_sparse_bayesian_keep010_seed42,170,ola,global,,,layers.0.bias,raw,1,6.949739893669606e-05,0.00013097458324502217,0.00010023599109085911,5,635.3983260536154,0.109375,128
bayesfl_observability_v1,ola_sparse_bayesian_keep010_seed42,170,ola,global,,,layers.0.bias,raw,2,0.00013097458324502217,0.00019245176755334828,0.0001617131753991852,4,508.3186608428923,0.140625,128
bayesfl_observability_v1,ola_sparse_bayesian_keep010_seed42,170,ola,global,,,layers.0.bias,raw,3,0.00019245176755334828,0.0002539289518616744,0.00022319035970751135,6,762.4779912643385,0.1875,128
bayesfl_observability_v1,ola_sparse_bayesian_keep010_seed42,170,ola,global,,,layers.0.bias,raw,4,0.0002539289518616744,0.00031540613617000047,0.00028466754401583743,4,508.31866084289254,0.21875,128
bayesfl_observability_v1,ola_sparse_bayesian_keep010_seed42,170,ola,global,,,layers.0.bias,raw,5,0.00031540613617000047,0.0003768833204783266,0.0003461447283241635,5,635.398326053615,0.2578125,128
bayesfl_observability_v1,ola_sparse_bayesian_keep010_seed42,170,ola,global,,,layers.0.bias,raw,6,0.0003768833204783266,0.00043836050478665274,0.0004076219126324897,2,254.15933042144604,0.2734375,128
bayesfl_observability_v1,ola_sparse_bayesian_keep010_seed42,170,ola,global,,,layers.0.bias,raw,7,0.00043836050478665274,0.0004998376890949788,0.0004690990969408158,5,635.3983260536156,0.3125,128
bayesfl_observability_v1,ola_sparse_bayesian_keep010_seed42,170,ola,global,,,layers.0.bias,raw,8,0.0004998376890949788,0.0005613148734033049,0.0005305762812491419,2,254.15933042144627,0.328125,128
bayesfl_observability_v1,ola_sparse_bayesian_keep010_seed42,170,ola,global,,,layers.0.bias,raw,9,0.0005613148734033049,0.000622792057711631,0.000592053465557468,1,127.07966521072314,0.3359375,128
bayesfl_observability_v1,ola_sparse_bayesian_keep010_seed42,170,ola,global,,,layers.0.bias,raw,10,0.000622792057711631,0.0006842692420199572,0.000653530649865794,1,127.07966521072291,0.34375,128
bayesfl_observability_v1,ola_sparse_bayesian_keep010_seed42,170,ola,global,,,layers.0.bias,raw,11,0.0006842692420199572,0.0007457464263282833,0.0007150078341741202,2,254.15933042144627,0.359375,128
bayesfl_observability_v1,ola_sparse_bayesian_keep010_seed42,170,ola,global,,,layers.0.bias,raw,12,0.0007457464263282833,0.0008072236106366093,0.0007764850184824463,6,762.4779912643388,0.40625,128
bayesfl_observability_v1,ola_sparse_bayesian_keep010_seed42,170,ola,global,,,layers.0.bias,raw,13,0.0008072236106366093,0.0008687007949449355,0.0008379622027907725,6,762.4779912643374,0.453125,128
bayesfl_observability_v1,ola_sparse_bayesian_keep010_seed42,170,ola,global,,,layers.0.bias,raw,14,0.0008687007949449355,0.0009301779792532616,0.0008994393870990986,0,0.0,0.453125,128
bayesfl_observability_v1,ola_sparse_bayesian_keep010_seed42,170,ola,global,,,layers.0.bias,raw,15,0.0009301779792532616,0.0009916551635615876,0.0009609165714074247,3,381.2389956321701,0.4765625,128
bayesfl_observability_v1,ola_sparse_bayesian_keep010_seed42,170,ola,global,,,layers.0.bias,raw,16,0.0009916551635615876,0.0010531323478699137,0.0010223937557157507,4,508.31866084289254,0.5078125,128
bayesfl_observability_v1,ola_sparse_bayesian_keep010_seed42,170,ola,global,,,layers.0.bias,raw,17,0.0010531323478699137,0.0011146095321782398,0.0010838709400240766,4,508.31866084289254,0.5390625,128
bayesfl_observability_v1,ola_sparse_bayesian_keep010_seed42,170,ola,global,,,layers.0.bias,raw,18,0.0011146095321782398,0.0011760867164865658,0.001145348124332403,5,635.3983260536156,0.578125,128
bayesfl_observability_v1,ola_sparse_bayesian_keep010_seed42,170,ola,global,,,layers.0.bias,raw,19,0.0011760867164865658,0.001237563900794892,0.0012068253086407288,1,127.07966521072314,0.5859375,128
bayesfl_observability_v1,ola_sparse_bayesian_keep010_seed42,170,ola,global,,,layers.0.bias,raw,20,0.001237563900794892,0.0012990410851032182,0.001268302492949055,2,254.15933042144536,0.6015625,128
bayesfl_observability_v1,ola_sparse_bayesian_keep010_seed42,170,ola,global,,,layers.0.bias,raw,21,0.0012990410851032182,0.0013605182694115443,0.0013297796772573814,5,635.3983260536156,0.640625,128
bayesfl_observability_v1,ola_sparse_bayesian_keep010_seed42,170,ola,global,,,layers.0.bias,raw,22,0.0013605182694115443,0.0014219954537198704,0.0013912568615657072,3,381.2389956321694,0.6640625,128
bayesfl_observability_v1,ola_sparse_bayesian_keep010_seed42,170,ola,global,,,layers.0.bias,raw,23,0.0014219954537198704,0.0014834726380281965,0.0014527340458740335,3,381.2389956321694,0.6875,128
bayesfl_observability_v1,ola_sparse_bayesian_keep010_seed42,170,ola,global,,,layers.0.bias,raw,24,0.0014834726380281965,0.0015449498223365225,0.0015142112301823594,3,381.2389956321694,0.7109375,128
bayesfl_observability_v1,ola_sparse_bayesian_keep010_seed42,170,ola,global,,,layers.0.bias,raw,25,0.0015449498223365225,0.0016064270066448486,0.0015756884144906857,4,508.31866084289254,0.7421875,128
bayesfl_observability_v1,ola_sparse_bayesian_keep010_seed42,170,ola,global,,,layers.0.bias,raw,26,0.0016064270066448486,0.0016679041909531747,0.0016371655987990116,4,508.31866084289254,0.7734375,128
bayesfl_observability_v1,ola_sparse_bayesian_keep010_seed42,170,ola,global,,,layers.0.bias,raw,27,0.0016679041909531747,0.001729381375261501,0.0016986427831073379,2,254.15933042144536,0.7890625,128
bayesfl_observability_v1,ola_sparse_bayesian_keep010_seed42,170,ola,global,,,layers.0.bias,raw,28,0.001729381375261501,0.001790858559569827,0.0017601199674156642,0,0.0,0.7890625,128
bayesfl_observability_v1,ola_sparse_bayesian_keep010_seed42,170,ola,global,,,layers.0.bias,raw,29,0.001790858559569827,0.0018523357438781532,0.00182159715172399,2,254.15933042144627,0.8046875,128
bayesfl_observability_v1,ola_sparse_bayesian_keep010_seed42,170,ola,global,,,layers.0.bias,raw,30,0.0018523357438781532,0.0019138129281864793,0.0018830743360323163,0,0.0,0.8046875,128
bayesfl_observability_v1,ola_sparse_bayesian_keep010_seed42,170,ola,global,,,layers.0.bias,raw,31,0.0019138129281864793,0.0019752901124948053,0.0019445515203406422,3,381.2389956321694,0.828125,128
bayesfl_observability_v1,ola_sparse_bayesian_keep010_seed42,170,ola,global,,,layers.0.bias,raw,32,0.0019752901124948053,0.0020367672968031316,0.0020060287046489685,2,254.15933042144536,0.84375,128
bayesfl_observability_v1,ola_sparse_bayesian_keep010_seed42,170,ola,global,,,layers.0.bias,raw,33,0.0020367672968031316,0.0020982444811114575,0.002067505888957295,1,127.07966521072358,0.8515625,128
bayesfl_observability_v1,ola_sparse_bayesian_keep010_seed42,170,ola,global,,,layers.0.bias,raw,34,0.0020982444811114575,0.002159721665419784,0.0021289830732656207,1,127.07966521072268,0.859375,128
bayesfl_observability_v1,ola_sparse_bayesian_keep010_seed42,170,ola,global,,,layers.0.bias,raw,35,0.002159721665419784,0.0022211988497281097,0.0021904602575739465,2,254.15933042144715,0.875,128
bayesfl_observability_v1,ola_sparse_bayesian_keep010_seed42,170,ola,global,,,layers.0.bias,raw,36,0.0022211988497281097,0.002282676034036436,0.002251937441882273,4,508.3186608428907,0.90625,128
bayesfl_observability_v1,ola_sparse_bayesian_keep010_seed42,170,ola,global,,,layers.0.bias,raw,37,0.002282676034036436,0.002344153218344762,0.002313414626190599,1,127.07966521072358,0.9140625,128
bayesfl_observability_v1,ola_sparse_bayesian_keep010_seed42,170,ola,global,,,layers.0.bias,raw,38,0.002344153218344762,0.002405630402653088,0.002374891810498925,1,127.07966521072268,0.921875,128
bayesfl_observability_v1,ola_sparse_bayesian_keep010_seed42,170,ola,global,,,layers.0.bias,raw,39,0.002405630402653088,0.002467107586961414,0.002436368994807251,3,381.2389956321707,0.9453125,128
bayesfl_observability_v1,ola_sparse_bayesian_keep010_seed42,170,ola,global,,,layers.0.bias,raw,40,0.002467107586961414,0.0025285847712697403,0.002497846179115577,1,127.07966521072268,0.953125,128
bayesfl_observability_v1,ola_sparse_bayesian_keep010_seed42,170,ola,global,,,layers.0.bias,raw,41,0.0025285847712697403,0.0025900619555780666,0.0025593233634239035,1,127.07966521072268,0.9609375,128
bayesfl_observability_v1,ola_sparse_bayesian_keep010_seed42,170,ola,global,,,layers.0.bias,raw,42,0.0025900619555780666,0.0026515391398863925,0.0026208005477322298,0,0.0,0.9609375,128
bayesfl_observability_v1,ola_sparse_bayesian_keep010_seed42,170,ola,global,,,layers.0.bias,raw,43,0.0026515391398863925,0.0027130163241947188,0.0026822777320405556,0,0.0,0.9609375,128
bayesfl_observability_v1,ola_sparse_bayesian_keep010_seed42,170,ola,global,,,layers.0.bias,raw,44,0.0027130163241947188,0.0027744935085030446,0.0027437549163488815,1,127.07966521072358,0.96875,128
bayesfl_observability_v1,ola_sparse_bayesian_keep010_seed42,170,ola,global,,,layers.0.bias,raw,45,0.0027744935085030446,0.002835970692811371,0.0028052321006572078,1,127.07966521072268,0.9765625,128
bayesfl_observability_v1,ola_sparse_bayesian_keep010_seed42,170,ola,global,,,layers.0.bias,raw,46,0.002835970692811371,0.002897447877119697,0.002866709284965534,1,127.07966521072358,0.984375,128
bayesfl_observability_v1,ola_sparse_bayesian_keep010_seed42,170,ola,global,,,layers.0.bias,raw,47,0.002897447877119697,0.002958925061428023,0.00292818646927386,1,127.07966521072268,0.9921875,128
bayesfl_observability_v1,ola_sparse_bayesian_keep010_seed42,170,ola,global,,,layers.0.bias,raw,48,0.002958925061428023,0.0030204022457363494,0.0029896636535821862,0,0.0,0.9921875,128
bayesfl_observability_v1,ola_sparse_bayesian_keep010_seed42,170,ola,global,,,layers.0.bias,raw,49,0.0030204022457363494,0.0030818794300446753,0.003051140837890512,0,0.0,0.9921875,128
bayesfl_observability_v1,ola_sparse_bayesian_keep010_seed42,170,ola,global,,,layers.0.bias,raw,50,0.0030818794300446753,0.0031433566143530016,0.0031126180221988384,0,0.0,0.9921875,128
bayesfl_observability_v1,ola_sparse_bayesian_keep010_seed42,170,ola,global,,,layers.0.bias,raw,51,0.0031433566143530016,0.0032048337986613274,0.0031740952065071647,0,0.0,0.9921875,128
bayesfl_observability_v1,ola_sparse_bayesian_keep010_seed42,170,ola,global,,,layers.0.bias,raw,52,0.0032048337986613274,0.0032663109829696537,0.0032355723908154906,0,0.0,0.9921875,128
bayesfl_observability_v1,ola_sparse_bayesian_keep010_seed42,170,ola,global,,,layers.0.bias,raw,53,0.0032663109829696537,0.0033277881672779796,0.0032970495751238164,0,0.0,0.9921875,128
bayesfl_observability_v1,ola_sparse_bayesian_keep010_seed42,170,ola,global,,,layers.0.bias,raw,54,0.0033277881672779796,0.003389265351586306,0.0033585267594321427,0,0.0,0.9921875,128
bayesfl_observability_v1,ola_sparse_bayesian_keep010_seed42,170,ola,global,,,layers.0.bias,raw,55,0.003389265351586306,0.003450742535894632,0.003420003943740469,0,0.0,0.9921875,128
bayesfl_observability_v1,ola_sparse_bayesian_keep010_seed42,170,ola,global,,,layers.0.bias,raw,56,0.003450742535894632,0.003512219720202958,0.0034814811280487953,0,0.0,0.9921875,128
bayesfl_observability_v1,ola_sparse_bayesian_keep010_seed42,170,ola,global,,,layers.0.bias,raw,57,0.003512219720202958,0.0035736969045112844,0.003542958312357121,0,0.0,0.9921875,128
bayesfl_observability_v1,ola_sparse_bayesian_keep010_seed42,170,ola,global,,,layers.0.bias,raw,58,0.0035736969045112844,0.0036351740888196102,0.003604435496665447,0,0.0,0.9921875,128
bayesfl_observability_v1,ola_sparse_bayesian_keep010_seed42,170,ola,global,,,layers.0.bias,raw,59,0.0036351740888196102,0.0036966512731279365,0.0036659126809737734,0,0.0,0.9921875,128
bayesfl_observability_v1,ola_sparse_bayesian_keep010_seed42,170,ola,global,,,layers.0.bias,raw,60,0.0036966512731279365,0.0037581284574362624,0.0037273898652820997,0,0.0,0.9921875,128
bayesfl_observability_v1,ola_sparse_bayesian_keep010_seed42,170,ola,global,,,layers.0.bias,raw,61,0.0037581284574362624,0.0038196056417445887,0.0037888670495904255,0,0.0,0.9921875,128
bayesfl_observability_v1,ola_sparse_bayesian_keep010_seed42,170,ola,global,,,layers.0.bias,raw,62,0.0038196056417445887,0.0038810828260529145,0.0038503442338987514,0,0.0,0.9921875,128
bayesfl_observability_v1,ola_sparse_bayesian_keep010_seed42,170,ola,global,,,layers.0.bias,raw,63,0.0038810828260529145,0.003942560010361241,0.003911821418207078,0,0.0,0.9921875,128
bayesfl_observability_v1,ola_sparse_bayesian_keep010_seed42,170,ola,global,,,layers.0.bias,raw,64,0.003942560010361241,0.004004037194669567,0.003973298602515404,0,0.0,0.9921875,128
bayesfl_observability_v1,ola_sparse_bayesian_keep010_seed42,170,ola,global,,,layers.0.bias,raw,65,0.004004037194669567,0.0040655143789778934,0.00403477578682373,0,0.0,0.9921875,128
bayesfl_observability_v1,ola_sparse_bayesian_keep010_seed42,170,ola,global,,,layers.0.bias,raw,66,0.0040655143789778934,0.004126991563286219,0.004096252971132057,0,0.0,0.9921875,128
bayesfl_observability_v1,ola_sparse_bayesian_keep010_seed42,170,ola,global,,,layers.0.bias,raw,67,0.004126991563286219,0.004188468747594545,0.004157730155440382,0,0.0,0.9921875,128
bayesfl_observability_v1,ola_sparse_bayesian_keep010_seed42,170,ola,global,,,layers.0.bias,raw,68,0.004188468747594545,0.0042499459319028715,0.004219207339748708,0,0.0,0.9921875,128
bayesfl_observability_v1,ola_sparse_bayesian_keep010_seed42,170,ola,global,,,layers.0.bias,raw,69,0.0042499459319028715,0.004311423116211198,0.004280684524057035,0,0.0,0.9921875,128
bayesfl_observability_v1,ola_sparse_bayesian_keep010_seed42,170,ola,global,,,layers.0.bias,raw,70,0.004311423116211198,0.004372900300519523,0.00434216170836536,0,0.0,0.9921875,128
bayesfl_observability_v1,ola_sparse_bayesian_keep010_seed42,170,ola,global,,,layers.0.bias,raw,71,0.004372900300519523,0.0044343774848278495,0.004403638892673686,0,0.0,0.9921875,128
bayesfl_observability_v1,ola_sparse_bayesian_keep010_seed42,170,ola,global,,,layers.0.bias,raw,72,0.0044343774848278495,0.004495854669136176,0.004465116076982013,0,0.0,0.9921875,128
bayesfl_observability_v1,ola_sparse_bayesian_keep010_seed42,170,ola,global,,,layers.0.bias,raw,73,0.004495854669136176,0.004557331853444502,0.004526593261290339,0,0.0,0.9921875,128
bayesfl_observability_v1,ola_sparse_bayesian_keep010_seed42,170,ola,global,,,layers.0.bias,raw,74,0.004557331853444502,0.004618809037752828,0.004588070445598665,0,0.0,0.9921875,128
bayesfl_observability_v1,ola_sparse_bayesian_keep010_seed42,170,ola,global,,,layers.0.bias,raw,75,0.004618809037752828,0.004680286222061154,0.0046495476299069916,0,0.0,0.9921875,128
bayesfl_observability_v1,ola_sparse_bayesian_keep010_seed42,170,ola,global,,,layers.0.bias,raw,76,0.004680286222061154,0.00474176340636948,0.004711024814215317,0,0.0,0.9921875,128
bayesfl_observability_v1,ola_sparse_bayesian_keep010_seed42,170,ola,global,,,layers.0.bias,raw,77,0.00474176340636948,0.004803240590677806,0.004772501998523643,0,0.0,0.9921875,128
bayesfl_observability_v1,ola_sparse_bayesian_keep010_seed42,170,ola,global,,,layers.0.bias,raw,78,0.004803240590677806,0.004864717774986133,0.00483397918283197,0,0.0,0.9921875,128
bayesfl_observability_v1,ola_sparse_bayesian_keep010_seed42,170,ola,global,,,layers.0.bias,raw,79,0.004864717774986133,0.004926194959294459,0.004895456367140296,1,127.07966521072268,1.0,128
bayesfl_observability_v1,ola_sparse_bayesian_keep010_seed42,170,ola,global,,,layers.0.bias,db,0,-101.91627910575731,-101.21919771803843,-101.56773841189786,1,0.011207443115882785,0.0078125,128
bayesfl_observability_v1,ola_sparse_bayesian_keep010_seed42,170,ola,global,,,layers.0.bias,db,1,-101.21919771803843,-100.52211633031955,-100.870657024179,0,0.0,0.0078125,128
bayesfl_observability_v1,ola_sparse_bayesian_keep010_seed42,170,ola,global,,,layers.0.bias,db,2,-100.52211633031955,-99.82503494260067,-100.1735756364601,0,0.0,0.0078125,128
bayesfl_observability_v1,ola_sparse_bayesian_keep010_seed42,170,ola,global,,,layers.0.bias,db,3,-99.82503494260067,-99.1279535548818,-99.47649424874123,0,0.0,0.0078125,128
bayesfl_observability_v1,ola_sparse_bayesian_keep010_seed42,170,ola,global,,,layers.0.bias,db,4,-99.1279535548818,-98.43087216716292,-98.77941286102237,0,0.0,0.0078125,128
bayesfl_observability_v1,ola_sparse_bayesian_keep010_seed42,170,ola,global,,,layers.0.bias,db,5,-98.43087216716292,-97.73379077944404,-98.08233147330347,0,0.0,0.0078125,128
bayesfl_observability_v1,ola_sparse_bayesian_keep010_seed42,170,ola,global,,,layers.0.bias,db,6,-97.73379077944404,-97.03670939172515,-97.3852500855846,0,0.0,0.0078125,128
bayesfl_observability_v1,ola_sparse_bayesian_keep010_seed42,170,ola,global,,,layers.0.bias,db,7,-97.03670939172515,-96.33962800400627,-96.6881686978657,0,0.0,0.0078125,128
bayesfl_observability_v1,ola_sparse_bayesian_keep010_seed42,170,ola,global,,,layers.0.bias,db,8,-96.33962800400627,-95.64254661628739,-95.99108731014684,0,0.0,0.0078125,128
bayesfl_observability_v1,ola_sparse_bayesian_keep010_seed42,170,ola,global,,,layers.0.bias,db,9,-95.64254661628739,-94.94546522856851,-95.29400592242794,0,0.0,0.0078125,128
bayesfl_observability_v1,ola_sparse_bayesian_keep010_seed42,170,ola,global,,,layers.0.bias,db,10,-94.94546522856851,-94.24838384084964,-94.59692453470907,0,0.0,0.0078125,128
bayesfl_observability_v1,ola_sparse_bayesian_keep010_seed42,170,ola,global,,,layers.0.bias,db,11,-94.24838384084964,-93.55130245313076,-93.89984314699021,0,0.0,0.0078125,128
bayesfl_observability_v1,ola_sparse_bayesian_keep010_seed42,170,ola,global,,,layers.0.bias,db,12,-93.55130245313076,-92.85422106541188,-93.20276175927131,0,0.0,0.0078125,128
bayesfl_observability_v1,ola_sparse_bayesian_keep010_seed42,170,ola,global,,,layers.0.bias,db,13,-92.85422106541188,-92.157139677693,-92.50568037155244,0,0.0,0.0078125,128
bayesfl_observability_v1,ola_sparse_bayesian_keep010_seed42,170,ola,global,,,layers.0.bias,db,14,-92.157139677693,-91.46005828997411,-91.80859898383355,1,0.011207443115882785,0.015625,128
bayesfl_observability_v1,ola_sparse_bayesian_keep010_seed42,170,ola,global,,,layers.0.bias,db,15,-91.46005828997411,-90.76297690225523,-91.11151759611468,0,0.0,0.015625,128
bayesfl_observability_v1,ola_sparse_bayesian_keep010_seed42,170,ola,global,,,layers.0.bias,db,16,-90.76297690225523,-90.06589551453635,-90.41443620839578,0,0.0,0.015625,128
bayesfl_observability_v1,ola_sparse_bayesian_keep010_seed42,170,ola,global,,,layers.0.bias,db,17,-90.06589551453635,-89.36881412681748,-89.71735482067692,1,0.011207443115883014,0.0234375,128
bayesfl_observability_v1,ola_sparse_bayesian_keep010_seed42,170,ola,global,,,layers.0.bias,db,18,-89.36881412681748,-88.6717327390986,-89.02027343295805,1,0.011207443115882785,0.03125,128
bayesfl_observability_v1,ola_sparse_bayesian_keep010_seed42,170,ola,global,,,layers.0.bias,db,19,-88.6717327390986,-87.97465135137972,-88.32319204523915,0,0.0,0.03125,128
bayesfl_observability_v1,ola_sparse_bayesian_keep010_seed42,170,ola,global,,,layers.0.bias,db,20,-87.97465135137972,-87.27756996366084,-87.62611065752029,0,0.0,0.03125,128
bayesfl_observability_v1,ola_sparse_bayesian_keep010_seed42,170,ola,global,,,layers.0.bias,db,21,-87.27756996366084,-86.58048857594196,-86.92902926980139,1,0.011207443115882785,0.0390625,128
bayesfl_observability_v1,ola_sparse_bayesian_keep010_seed42,170,ola,global,,,layers.0.bias,db,22,-86.58048857594196,-85.88340718822307,-86.23194788208252,0,0.0,0.0390625,128
bayesfl_observability_v1,ola_sparse_bayesian_keep010_seed42,170,ola,global,,,layers.0.bias,db,23,-85.88340718822307,-85.18632580050419,-85.53486649436363,2,0.02241488623176557,0.0546875,128
bayesfl_observability_v1,ola_sparse_bayesian_keep010_seed42,170,ola,global,,,layers.0.bias,db,24,-85.18632580050419,-84.48924441278533,-84.83778510664476,1,0.011207443115883014,0.0625,128
bayesfl_observability_v1,ola_sparse_bayesian_keep010_seed42,170,ola,global,,,layers.0.bias,db,25,-84.48924441278533,-83.79216302506644,-84.14070371892589,1,0.011207443115882785,0.0703125,128
bayesfl_observability_v1,ola_sparse_bayesian_keep010_seed42,170,ola,global,,,layers.0.bias,db,26,-83.79216302506644,-83.09508163734756,-83.443622331207,0,0.0,0.0703125,128
bayesfl_observability_v1,ola_sparse_bayesian_keep010_seed42,170,ola,global,,,layers.0.bias,db,27,-83.09508163734756,-82.39800024962868,-82.74654094348813,0,0.0,0.0703125,128
bayesfl_observability_v1,ola_sparse_bayesian_keep010_seed42,170,ola,global,,,layers.0.bias,db,28,-82.39800024962868,-81.7009188619098,-82.04945955576923,0,0.0,0.0703125,128
bayesfl_observability_v1,ola_sparse_bayesian_keep010_seed42,170,ola,global,,,layers.0.bias,db,29,-81.7009188619098,-81.00383747419092,-81.35237816805036,2,0.02241488623176557,0.0859375,128
bayesfl_observability_v1,ola_sparse_bayesian_keep010_seed42,170,ola,global,,,layers.0.bias,db,30,-81.00383747419092,-80.30675608647203,-80.65529678033147,0,0.0,0.0859375,128
bayesfl_observability_v1,ola_sparse_bayesian_keep010_seed42,170,ola,global,,,layers.0.bias,db,31,-80.30675608647203,-79.60967469875317,-79.9582153926126,0,0.0,0.0859375,128
bayesfl_observability_v1,ola_sparse_bayesian_keep010_seed42,170,ola,global,,,layers.0.bias,db,32,-79.60967469875317,-78.91259331103429,-79.26113400489373,2,0.02241488623176557,0.1015625,128
bayesfl_observability_v1,ola_sparse_bayesian_keep010_seed42,170,ola,global,,,layers.0.bias,db,33,-78.91259331103429,-78.2155119233154,-78.56405261717484,1,0.011207443115882785,0.109375,128
bayesfl_observability_v1,ola_sparse_bayesian_keep010_seed42,170,ola,global,,,layers.0.bias,db,34,-78.2155119233154,-77.51843053559652,-77.86697122945597,0,0.0,0.109375,128
bayesfl_observability_v1,ola_sparse_bayesian_keep010_seed42,170,ola,global,,,layers.0.bias,db,35,-77.51843053559652,-76.82134914787764,-77.16988984173707,2,0.02241488623176557,0.125,128
bayesfl_observability_v1,ola_sparse_bayesian_keep010_seed42,170,ola,global,,,layers.0.bias,db,36,-76.82134914787764,-76.12426776015876,-76.4728084540182,1,0.011207443115882785,0.1328125,128
bayesfl_observability_v1,ola_sparse_bayesian_keep010_seed42,170,ola,global,,,layers.0.bias,db,37,-76.12426776015876,-75.42718637243988,-75.77572706629931,0,0.0,0.1328125,128
bayesfl_observability_v1,ola_sparse_bayesian_keep010_seed42,170,ola,global,,,layers.0.bias,db,38,-75.42718637243988,-74.73010498472101,-75.07864567858044,1,0.011207443115883014,0.140625,128
bayesfl_observability_v1,ola_sparse_bayesian_keep010_seed42,170,ola,global,,,layers.0.bias,db,39,-74.73010498472101,-74.03302359700211,-74.38156429086156,1,0.011207443115882558,0.1484375,128
bayesfl_observability_v1,ola_sparse_bayesian_keep010_seed42,170,ola,global,,,layers.0.bias,db,40,-74.03302359700211,-73.33594220928325,-73.68448290314268,2,0.02241488623176603,0.1640625,128
bayesfl_observability_v1,ola_sparse_bayesian_keep010_seed42,170,ola,global,,,layers.0.bias,db,41,-73.33594220928325,-72.63886082156436,-72.98740151542381,0,0.0,0.1640625,128
bayesfl_observability_v1,ola_sparse_bayesian_keep010_seed42,170,ola,global,,,layers.0.bias,db,42,-72.63886082156436,-71.94177943384548,-72.29032012770492,3,0.033622329347648354,0.1875,128
bayesfl_observability_v1,ola_sparse_bayesian_keep010_seed42,170,ola,global,,,layers.0.bias,db,43,-71.94177943384548,-71.2446980461266,-71.59323873998605,2,0.02241488623176557,0.203125,128
bayesfl_observability_v1,ola_sparse_bayesian_keep010_seed42,170,ola,global,,,layers.0.bias,db,44,-71.2446980461266,-70.54761665840772,-70.89615735226715,1,0.011207443115882785,0.2109375,128
bayesfl_observability_v1,ola_sparse_bayesian_keep010_seed42,170,ola,global,,,layers.0.bias,db,45,-70.54761665840772,-69.85053527068885,-70.19907596454829,2,0.02241488623176603,0.2265625,128
bayesfl_observability_v1,ola_sparse_bayesian_keep010_seed42,170,ola,global,,,layers.0.bias,db,46,-69.85053527068885,-69.15345388296996,-69.5019945768294,1,0.011207443115882558,0.234375,128
bayesfl_observability_v1,ola_sparse_bayesian_keep010_seed42,170,ola,global,,,layers.0.bias,db,47,-69.15345388296996,-68.45637249525109,-68.80491318911052,4,0.04482977246353206,0.265625,128
bayesfl_observability_v1,ola_sparse_bayesian_keep010_seed42,170,ola,global,,,layers.0.bias,db,48,-68.45637249525109,-67.7592911075322,-68.10783180139165,0,0.0,0.265625,128
bayesfl_observability_v1,ola_sparse_bayesian_keep010_seed42,170,ola,global,,,layers.0.bias,db,49,-67.7592911075322,-67.06220971981332,-67.41075041367276,1,0.011207443115882785,0.2734375,128
bayesfl_observability_v1,ola_sparse_bayesian_keep010_seed42,170,ola,global,,,layers.0.bias,db,50,-67.06220971981332,-66.36512833209444,-66.71366902595389,2,0.02241488623176557,0.2890625,128
bayesfl_observability_v1,ola_sparse_bayesian_keep010_seed42,170,ola,global,,,layers.0.bias,db,51,-66.36512833209444,-65.66804694437556,-66.016587638235,5,0.05603721557941393,0.328125,128
bayesfl_observability_v1,ola_sparse_bayesian_keep010_seed42,170,ola,global,,,layers.0.bias,db,52,-65.66804694437556,-64.9709655566567,-65.31950625051613,0,0.0,0.328125,128
bayesfl_observability_v1,ola_sparse_bayesian_keep010_seed42,170,ola,global,,,layers.0.bias,db,53,-64.9709655566567,-64.2738841689378,-64.62242486279725,0,0.0,0.328125,128
bayesfl_observability_v1,ola_sparse_bayesian_keep010_seed42,170,ola,global,,,layers.0.bias,db,54,-64.2738841689378,-63.57680278121892,-63.925343475078364,1,0.0112074431158829,0.3359375,128
bayesfl_observability_v1,ola_sparse_bayesian_keep010_seed42,170,ola,global,,,layers.0.bias,db,55,-63.57680278121892,-62.87972139350005,-63.22826208735948,1,0.0112074431158829,0.34375,128
bayesfl_observability_v1,ola_sparse_bayesian_keep010_seed42,170,ola,global,,,layers.0.bias,db,56,-62.87972139350005,-62.18264000578117,-62.53118069964061,4,0.04482977246353114,0.375,128
bayesfl_observability_v1,ola_sparse_bayesian_keep010_seed42,170,ola,global,,,layers.0.bias,db,57,-62.18264000578117,-61.485558618062285,-61.834099311921726,6,0.06724465869529671,0.421875,128
bayesfl_observability_v1,ola_sparse_bayesian_keep010_seed42,170,ola,global,,,layers.0.bias,db,58,-61.485558618062285,-60.78847723034341,-61.13701792420285,4,0.0448297724635316,0.453125,128
bayesfl_observability_v1,ola_sparse_bayesian_keep010_seed42,170,ola,global,,,layers.0.bias,db,59,-60.78847723034341,-60.09139584262453,-60.43993653648397,3,0.033622329347648354,0.4765625,128
bayesfl_observability_v1,ola_sparse_bayesian_keep010_seed42,170,ola,global,,,layers.0.bias,db,60,-60.09139584262453,-59.39431445490565,-59.74285514876509,5,0.05603721557941393,0.515625,128
bayesfl_observability_v1,ola_sparse_bayesian_keep010_seed42,170,ola,global,,,layers.0.bias,db,61,-59.39431445490565,-58.697233067186765,-59.045773761046206,6,0.06724465869529671,0.5625,128
bayesfl_observability_v1,ola_sparse_bayesian_keep010_seed42,170,ola,global,,,layers.0.bias,db,62,-58.697233067186765,-58.00015167946789,-58.348692373327324,4,0.0448297724635316,0.59375,128
bayesfl_observability_v1,ola_sparse_bayesian_keep010_seed42,170,ola,global,,,layers.0.bias,db,63,-58.00015167946789,-57.30307029174901,-57.65161098560845,6,0.06724465869529671,0.640625,128
bayesfl_observability_v1,ola_sparse_bayesian_keep010_seed42,170,ola,global,,,layers.0.bias,db,64,-57.30307029174901,-56.60598890403013,-56.95452959788957,5,0.05603721557941393,0.6796875,128
bayesfl_observability_v1,ola_sparse_bayesian_keep010_seed42,170,ola,global,,,layers.0.bias,db,65,-56.60598890403013,-55.90890751631125,-56.25744821017069,8,0.0896595449270632,0.7421875,128
bayesfl_observability_v1,ola_sparse_bayesian_keep010_seed42,170,ola,global,,,layers.0.bias,db,66,-55.90890751631125,-55.21182612859237,-55.56036682245181,6,0.06724465869529671,0.7890625,128
bayesfl_observability_v1,ola_sparse_bayesian_keep010_seed42,170,ola,global,,,layers.0.bias,db,67,-55.21182612859237,-54.51474474087349,-54.86328543473293,2,0.02241488623176557,0.8046875,128
bayesfl_observability_v1,ola_sparse_bayesian_keep010_seed42,170,ola,global,,,layers.0.bias,db,68,-54.51474474087349,-53.81766335315461,-54.16620404701405,5,0.05603721557941393,0.84375,128
bayesfl_observability_v1,ola_sparse_bayesian_keep010_seed42,170,ola,global,,,layers.0.bias,db,69,-53.81766335315461,-53.12058196543573,-53.46912265929517,4,0.0448297724635316,0.875,128
bayesfl_observability_v1,ola_sparse_bayesian_keep010_seed42,170,ola,global,,,layers.0.bias,db,70,-53.12058196543573,-52.42350057771685,-52.77204127157629,6,0.06724465869529671,0.921875,128
bayesfl_observability_v1,ola_sparse_bayesian_keep010_seed42,170,ola,global,,,layers.0.bias,db,71,-52.42350057771685,-51.72641918999797,-52.07495988385741,5,0.05603721557941393,0.9609375,128
bayesfl_observability_v1,ola_sparse_bayesian_keep010_seed42,170,ola,global,,,layers.0.bias,db,72,-51.72641918999797,-51.029337802279095,-51.377878496138536,2,0.0224148862317658,0.9765625,128
bayesfl_observability_v1,ola_sparse_bayesian_keep010_seed42,170,ola,global,,,layers.0.bias,db,73,-51.029337802279095,-50.33225641456021,-50.680797108419654,2,0.02241488623176557,0.9921875,128
bayesfl_observability_v1,ola_sparse_bayesian_keep010_seed42,170,ola,global,,,layers.0.bias,db,74,-50.33225641456021,-49.63517502684133,-49.98371572070077,0,0.0,0.9921875,128
bayesfl_observability_v1,ola_sparse_bayesian_keep010_seed42,170,ola,global,,,layers.0.bias,db,75,-49.63517502684133,-48.93809363912245,-49.28663433298189,0,0.0,0.9921875,128
bayesfl_observability_v1,ola_sparse_bayesian_keep010_seed42,170,ola,global,,,layers.0.bias,db,76,-48.93809363912245,-48.241012251403575,-48.58955294526301,0,0.0,0.9921875,128
bayesfl_observability_v1,ola_sparse_bayesian_keep010_seed42,170,ola,global,,,layers.0.bias,db,77,-48.241012251403575,-47.54393086368469,-47.892471557544134,0,0.0,0.9921875,128
bayesfl_observability_v1,ola_sparse_bayesian_keep010_seed42,170,ola,global,,,layers.0.bias,db,78,-47.54393086368469,-46.84684947596581,-47.19539016982525,0,0.0,0.9921875,128
bayesfl_observability_v1,ola_sparse_bayesian_keep010_seed42,170,ola,global,,,layers.0.bias,db,79,-46.84684947596581,-46.14976808824693,-46.49830878210637,1,0.011207443115882785,1.0,128
bayesfl_observability_v1,ola_sparse_bayesian_keep010_seed42,170,ola,global,,,layers.1.weight,raw,0,2.2036423265291343e-06,0.00166357466168559,0.0008328891520060595,193,90.7571206208772,0.15078125,1280
bayesfl_observability_v1,ola_sparse_bayesian_keep010_seed42,170,ola,global,,,layers.1.weight,raw,1,0.00166357466168559,0.003324945681044651,0.0024942601713651203,188,88.40589987940369,0.29765625,1280
bayesfl_observability_v1,ola_sparse_bayesian_keep010_seed42,170,ola,global,,,layers.1.weight,raw,2,0.003324945681044651,0.004986316700403711,0.004155631190724181,169,79.47126106180444,0.4296875,1280
bayesfl_observability_v1,ola_sparse_bayesian_keep010_seed42,170,ola,global,,,layers.1.weight,raw,3,0.004986316700403711,0.006647687719762772,0.0058170022100832415,144,67.71515735443685,0.5421875,1280
bayesfl_observability_v1,ola_sparse_bayesian_keep010_seed42,170,ola,global,,,layers.1.weight,raw,4,0.006647687719762772,0.008309058739121834,0.007478373229442304,101,47.49465897776472,0.62109375,1280
bayesfl_observability_v1,ola_sparse_bayesian_keep010_seed42,170,ola,global,,,layers.1.weight,raw,5,0.008309058739121834,0.009970429758480894,0.009139744248801363,90,42.32197334652308,0.69140625,1280
bayesfl_observability_v1,ola_sparse_bayesian_keep010_seed42,170,ola,global,,,layers.1.weight,raw,6,0.009970429758480894,0.011631800777839955,0.010801115268160424,76,35.738555270397235,0.75078125,1280
bayesfl_observability_v1,ola_sparse_bayesian_keep010_seed42,170,ola,global,,,layers.1.weight,raw,7,0.011631800777839955,0.013293171797199016,0.012462486287519486,42,19.75025422837742,0.78359375,1280
bayesfl_observability_v1,ola_sparse_bayesian_keep010_seed42,170,ola,global,,,layers.1.weight,raw,8,0.013293171797199016,0.014954542816558078,0.014123857306878547,51,23.98245156302972,0.8234375,1280
bayesfl_observability_v1,ola_sparse_bayesian_keep010_seed42,170,ola,global,,,layers.1.weight,raw,9,0.014954542816558078,0.016615913835917137,0.015785228326237608,46,21.63123082155624,0.859375,1280
bayesfl_observability_v1,ola_sparse_bayesian_keep010_seed42,170,ola,global,,,layers.1.weight,raw,10,0.016615913835917137,0.0182772848552762,0.01744659934559667,20,9.404882965894009,0.875,1280
bayesfl_observability_v1,ola_sparse_bayesian_keep010_seed42,170,ola,global,,,layers.1.weight,raw,11,0.0182772848552762,0.019938655874635256,0.019107970364955727,26,12.226347855662237,0.8953125,1280
bayesfl_observability_v1,ola_sparse_bayesian_keep010_seed42,170,ola,global,,,layers.1.weight,raw,12,0.019938655874635256,0.021600026893994317,0.020769341384314785,25,11.75610370736751,0.91484375,1280
bayesfl_observability_v1,ola_sparse_bayesian_keep010_seed42,170,ola,global,,,layers.1.weight,raw,13,0.021600026893994317,0.02326139791335338,0.02243071240367385,15,7.053662224420506,0.9265625,1280
bayesfl_observability_v1,ola_sparse_bayesian_keep010_seed42,170,ola,global,,,layers.1.weight,raw,14,0.02326139791335338,0.02492276893271244,0.024092083423032908,11,5.172685631241705,0.93515625,1280
bayesfl_observability_v1,ola_sparse_bayesian_keep010_seed42,170,ola,global,,,layers.1.weight,raw,15,0.02492276893271244,0.0265841399520715,0.025753454442391972,10,4.7024414829470045,0.94296875,1280
bayesfl_observability_v1,ola_sparse_bayesian_keep010_seed42,170,ola,global,,,layers.1.weight,raw,16,0.0265841399520715,0.028245510971430562,0.02741482546175103,5,2.3512207414735022,0.946875,1280
bayesfl_observability_v1,ola_sparse_bayesian_keep010_seed42,170,ola,global,,,layers.1.weight,raw,17,0.028245510971430562,0.029906881990789624,0.029076196481110095,6,2.8214648897682024,0.9515625,1280
bayesfl_observability_v1,ola_sparse_bayesian_keep010_seed42,170,ola,global,,,layers.1.weight,raw,18,0.029906881990789624,0.031568253010148685,0.030737567500469153,5,2.3512207414735022,0.95546875,1280
bayesfl_observability_v1,ola_sparse_bayesian_keep010_seed42,170,ola,global,,,layers.1.weight,raw,19,0.031568253010148685,0.03322962402950775,0.03239893851982822,7,3.291709038062896,0.9609375,1280
bayesfl_observability_v1,ola_sparse_bayesian_keep010_seed42,170,ola,global,,,layers.1.weight,raw,20,0.03322962402950775,0.03489099504886681,0.034060309539187275,6,2.821464889768208,0.965625,1280
bayesfl_observability_v1,ola_sparse_bayesian_keep010_seed42,170,ola,global,,,layers.1.weight,raw,21,0.03489099504886681,0.03655236606822587,0.03572168055854634,6,2.8214648897681966,0.9703125,1280
bayesfl_observability_v1,ola_sparse_bayesian_keep010_seed42,170,ola,global,,,layers.1.weight,raw,22,0.03655236606822587,0.03821373708758493,0.037383051577905405,4,1.8809765931788056,0.9734375,1280
bayesfl_observability_v1,ola_sparse_bayesian_keep010_seed42,170,ola,global,,,layers.1.weight,raw,23,0.03821373708758493,0.03987510810694399,0.039044422597264455,4,1.8809765931788056,0.9765625,1280
bayesfl_observability_v1,ola_sparse_bayesian_keep010_seed42,170,ola,global,,,layers.1.weight,raw,24,0.03987510810694399,0.04153647912630305,0.04070579361662352,0,0.0,0.9765625,1280
bayesfl_observability_v1,ola_sparse_bayesian_keep010_seed42,170,ola,global,,,layers.1.weight,raw,25,0.04153647912630305,0.04319785014566211,0.042367164635982585,1,0.4702441482947014,0.97734375,1280
bayesfl_observability_v1,ola_sparse_bayesian_keep010_seed42,170,ola,global,,,layers.1.weight,raw,26,0.04319785014566211,0.044859221165021175,0.04402853565534164,5,2.3512207414734974,0.98125,1280
bayesfl_observability_v1,ola_sparse_bayesian_keep010_seed42,170,ola,global,,,layers.1.weight,raw,27,0.044859221165021175,0.04652059218438023,0.0456899066747007,6,2.821464889768208,0.9859375,1280
bayesfl_observability_v1,ola_sparse_bayesian_keep010_seed42,170,ola,global,,,layers.1.weight,raw,28,0.04652059218438023,0.0481819632037393,0.047351277694059765,3,1.4107324448840983,0.98828125,1280
bayesfl_observability_v1,ola_sparse_bayesian_keep010_seed42,170,ola,global,,,layers.1.weight,raw,29,0.0481819632037393,0.049843334223098355,0.04901264871341883,0,0.0,0.98828125,1280
bayesfl_observability_v1,ola_sparse_bayesian_keep010_seed42,170,ola,global,,,layers.1.weight,raw,30,0.049843334223098355,0.05150470524245742,0.05067401973277789,0,0.0,0.98828125,1280
bayesfl_observability_v1,ola_sparse_bayesian_keep010_seed42,170,ola,global,,,layers.1.weight,raw,31,0.05150470524245742,0.05316607626181648,0.052335390752136945,0,0.0,0.98828125,1280
bayesfl_observability_v1,ola_sparse_bayesian_keep010_seed42,170,ola,global,,,layers.1.weight,raw,32,0.05316607626181648,0.054827447281175536,0.05399676177149601,2,0.9404882965894028,0.98984375,1280
bayesfl_observability_v1,ola_sparse_bayesian_keep010_seed42,170,ola,global,,,layers.1.weight,raw,33,0.054827447281175536,0.0564888183005346,0.05565813279085507,0,0.0,0.98984375,1280
bayesfl_observability_v1,ola_sparse_bayesian_keep010_seed42,170,ola,global,,,layers.1.weight,raw,34,0.0564888183005346,0.05815018931989366,0.057319503810214126,1,0.4702441482947014,0.990625,1280
bayesfl_observability_v1,ola_sparse_bayesian_keep010_seed42,170,ola,global,,,layers.1.weight,raw,35,0.05815018931989366,0.05981156033925272,0.05898087482957319,1,0.47024414829469946,0.99140625,1280
bayesfl_observability_v1,ola_sparse_bayesian_keep010_seed42,170,ola,global,,,layers.1.weight,raw,36,0.05981156033925272,0.06147293135861178,0.060642245848932255,2,0.9404882965894028,0.99296875,1280
bayesfl_observability_v1,ola_sparse_bayesian_keep010_seed42,170,ola,global,,,layers.1.weight,raw,37,0.06147293135861178,0.06313430237797084,0.062303616868291306,1,0.4702441482947014,0.99375,1280
bayesfl_observability_v1,ola_sparse_bayesian_keep010_seed42,170,ola,global,,,layers.1.weight,raw,38,0.06313430237797084,0.0647956733973299,0.06396498788765037,1,0.47024414829469946,0.99453125,1280
bayesfl_observability_v1,ola_sparse_bayesian_keep010_seed42,170,ola,global,,,layers.1.weight,raw,39,0.0647956733973299,0.06645704441668897,0.06562635890700944,0,0.0,0.99453125,1280
bayesfl_observability_v1,ola_sparse_bayesian_keep010_seed42,170,ola,global,,,layers.1.weight,raw,40,0.06645704441668897,0.06811841543604802,0.0672877299263685,0,0.0,0.99453125,1280
bayesfl_observability_v1,ola_sparse_bayesian_keep010_seed42,170,ola,global,,,layers.1.weight,raw,41,0.06811841543604802,0.06977978645540708,0.06894910094572755,0,0.0,0.99453125,1280
bayesfl_observability_v1,ola_sparse_bayesian_keep010_seed42,170,ola,global,,,layers.1.weight,raw,42,0.06977978645540708,0.07144115747476615,0.07061047196508662,2,0.9404882965893989,0.99609375,1280
bayesfl_observability_v1,ola_sparse_bayesian_keep010_seed42,170,ola,global,,,layers.1.weight,raw,43,0.07144115747476615,0.07310252849412521,0.07227184298444568,0,0.0,0.99609375,1280
bayesfl_observability_v1,ola_sparse_bayesian_keep010_seed42,170,ola,global,,,layers.1.weight,raw,44,0.07310252849412521,0.07476389951348426,0.07393321400380473,0,0.0,0.99609375,1280
bayesfl_observability_v1,ola_sparse_bayesian_keep010_seed42,170,ola,global,,,layers.1.weight,raw,45,0.07476389951348426,0.07642527053284333,0.0755945850231638,1,0.47024414829469946,0.996875,1280
bayesfl_observability_v1,ola_sparse_bayesian_keep010_seed42,170,ola,global,,,layers.1.weight,raw,46,0.07642527053284333,0.0780866415522024,0.07725595604252286,0,0.0,0.996875,1280
bayesfl_observability_v1,ola_sparse_bayesian_keep010_seed42,170,ola,global,,,layers.1.weight,raw,47,0.0780866415522024,0.07974801257156144,0.07891732706188193,1,0.47024414829470335,0.99765625,1280
bayesfl_observability_v1,ola_sparse_bayesian_keep010_seed42,170,ola,global,,,layers.1.weight,raw,48,0.07974801257156144,0.08140938359092051,0.08057869808124098,0,0.0,0.99765625,1280
bayesfl_observability_v1,ola_sparse_bayesian_keep010_seed42,170,ola,global,,,layers.1.weight,raw,49,0.08140938359092051,0.08307075461027957,0.08224006910060004,0,0.0,0.99765625,1280
bayesfl_observability_v1,ola_sparse_bayesian_keep010_seed42,170,ola,global,,,layers.1.weight,raw,50,0.08307075461027957,0.08473212562963864,0.0839014401199591,0,0.0,0.99765625,1280
bayesfl_observability_v1,ola_sparse_bayesian_keep010_seed42,170,ola,global,,,layers.1.weight,raw,51,0.08473212562963864,0.08639349664899769,0.08556281113931816,0,0.0,0.99765625,1280
bayesfl_observability_v1,ola_sparse_bayesian_keep010_seed42,170,ola,global,,,layers.1.weight,raw,52,0.08639349664899769,0.08805486766835675,0.08722418215867722,1,0.47024414829469946,0.9984375,1280
bayesfl_observability_v1,ola_sparse_bayesian_keep010_seed42,170,ola,global,,,layers.1.weight,raw,53,0.08805486766835675,0.08971623868771582,0.08888555317803629,1,0.47024414829469946,0.99921875,1280
bayesfl_observability_v1,ola_sparse_bayesian_keep010_seed42,170,ola,global,,,layers.1.weight,raw,54,0.08971623868771582,0.09137760970707488,0.09054692419739535,0,0.0,0.99921875,1280
bayesfl_observability_v1,ola_sparse_bayesian_keep010_seed42,170,ola,global,,,layers.1.weight,raw,55,0.09137760970707488,0.09303898072643393,0.09220829521675442,0,0.0,0.99921875,1280
bayesfl_observability_v1,ola_sparse_bayesian_keep010_seed42,170,ola,global,,,layers.1.weight,raw,56,0.09303898072643393,0.094700351745793,0.09386966623611347,0,0.0,0.99921875,1280
bayesfl_observability_v1,ola_sparse_bayesian_keep010_seed42,170,ola,global,,,layers.1.weight,raw,57,0.094700351745793,0.09636172276515206,0.09553103725547253,0,0.0,0.99921875,1280
bayesfl_observability_v1,ola_sparse_bayesian_keep010_seed42,170,ola,global,,,layers.1.weight,raw,58,0.09636172276515206,0.09802309378451111,0.09719240827483158,0,0.0,0.99921875,1280
bayesfl_observability_v1,ola_sparse_bayesian_keep010_seed42,170,ola,global,,,layers.1.weight,raw,59,0.09802309378451111,0.09968446480387018,0.09885377929419065,0,0.0,0.99921875,1280
bayesfl_observability_v1,ola_sparse_bayesian_keep010_seed42,170,ola,global,,,layers.1.weight,raw,60,0.09968446480387018,0.10134583582322924,0.10051515031354971,0,0.0,0.99921875,1280
bayesfl_observability_v1,ola_sparse_bayesian_keep010_seed42,170,ola,global,,,layers.1.weight,raw,61,0.10134583582322924,0.10300720684258831,0.10217652133290878,0,0.0,0.99921875,1280
bayesfl_observability_v1,ola_sparse_bayesian_keep010_seed42,170,ola,global,,,layers.1.weight,raw,62,0.10300720684258831,0.10466857786194736,0.10383789235226784,0,0.0,0.99921875,1280
bayesfl_observability_v1,ola_sparse_bayesian_keep010_seed42,170,ola,global,,,layers.1.weight,raw,63,0.10466857786194736,0.10632994888130642,0.10549926337162689,0,0.0,0.99921875,1280
bayesfl_observability_v1,ola_sparse_bayesian_keep010_seed42,170,ola,global,,,layers.1.weight,raw,64,0.10632994888130642,0.10799131990066549,0.10716063439098596,0,0.0,0.99921875,1280
bayesfl_observability_v1,ola_sparse_bayesian_keep010_seed42,170,ola,global,,,layers.1.weight,raw,65,0.10799131990066549,0.10965269092002454,0.10882200541034501,0,0.0,0.99921875,1280
bayesfl_observability_v1,ola_sparse_bayesian_keep010_seed42,170,ola,global,,,layers.1.weight,raw,66,0.10965269092002454,0.1113140619393836,0.11048337642970407,0,0.0,0.99921875,1280
bayesfl_observability_v1,ola_sparse_bayesian_keep010_seed42,170,ola,global,,,layers.1.weight,raw,67,0.1113140619393836,0.11297543295874267,0.11214474744906314,0,0.0,0.99921875,1280
bayesfl_observability_v1,ola_sparse_bayesian_keep010_seed42,170,ola,global,,,layers.1.weight,raw,68,0.11297543295874267,0.11463680397810173,0.1138061184684222,0,0.0,0.99921875,1280
bayesfl_observability_v1,ola_sparse_bayesian_keep010_seed42,170,ola,global,,,layers.1.weight,raw,69,0.11463680397810173,0.11629817499746078,0.11546748948778127,0,0.0,0.99921875,1280
bayesfl_observability_v1,ola_sparse_bayesian_keep010_seed42,170,ola,global,,,layers.1.weight,raw,70,0.11629817499746078,0.11795954601681985,0.11712886050714032,0,0.0,0.99921875,1280
bayesfl_observability_v1,ola_sparse_bayesian_keep010_seed42,170,ola,global,,,layers.1.weight,raw,71,0.11795954601681985,0.11962091703617891,0.11879023152649938,0,0.0,0.99921875,1280
bayesfl_observability_v1,ola_sparse_bayesian_keep010_seed42,170,ola,global,,,layers.1.weight,raw,72,0.11962091703617891,0.12128228805553797,0.12045160254585843,0,0.0,0.99921875,1280
bayesfl_observability_v1,ola_sparse_bayesian_keep010_seed42,170,ola,global,,,layers.1.weight,raw,73,0.12128228805553797,0.12294365907489703,0.1221129735652175,0,0.0,0.99921875,1280
bayesfl_observability_v1,ola_sparse_bayesian_keep010_seed42,170,ola,global,,,layers.1.weight,raw,74,0.12294365907489703,0.1246050300942561,0.12377434458457656,0,0.0,0.99921875,1280
bayesfl_observability_v1,ola_sparse_bayesian_keep010_seed42,170,ola,global,,,layers.1.weight,raw,75,0.1246050300942561,0.12626640111361515,0.12543571560393563,0,0.0,0.99921875,1280
bayesfl_observability_v1,ola_sparse_bayesian_keep010_seed42,170,ola,global,,,layers.1.weight,raw,76,0.12626640111361515,0.1279277721329742,0.12709708662329466,0,0.0,0.99921875,1280
bayesfl_observability_v1,ola_sparse_bayesian_keep010_seed42,170,ola,global,,,layers.1.weight,raw,77,0.1279277721329742,0.12958914315233327,0.12875845764265376,0,0.0,0.99921875,1280
bayesfl_observability_v1,ola_sparse_bayesian_keep010_seed42,170,ola,global,,,layers.1.weight,raw,78,0.12958914315233327,0.13125051417169234,0.1304198286620128,0,0.0,0.99921875,1280
bayesfl_observability_v1,ola_sparse_bayesian_keep010_seed42,170,ola,global,,,layers.1.weight,raw,79,0.13125051417169234,0.1329118851910514,0.13208119968137189,1,0.47024414829469946,1.0,1280
bayesfl_observability_v1,ola_sparse_bayesian_keep010_seed42,170,ola,global,,,layers.1.weight,db,0,-113.13717394826926,-111.94206831942037,-112.53962113384482,1,0.0006537079076035211,0.00078125,1280
bayesfl_observability_v1,ola_sparse_bayesian_keep010_seed42,170,ola,global,,,layers.1.weight,db,1,-111.94206831942037,-110.74696269057148,-111.34451550499593,0,0.0,0.00078125,1280
bayesfl_observability_v1,ola_sparse_bayesian_keep010_seed42,170,ola,global,,,layers.1.weight,db,2,-110.74696269057148,-109.55185706172257,-110.14940987614702,0,0.0,0.00078125,1280
bayesfl_observability_v1,ola_sparse_bayesian_keep010_seed42,170,ola,global,,,layers.1.weight,db,3,-109.55185706172257,-108.35675143287368,-108.95430424729813,0,0.0,0.00078125,1280
bayesfl_observability_v1,ola_sparse_bayesian_keep010_seed42,170,ola,global,,,layers.1.weight,db,4,-108.35675143287368,-107.16164580402479,-107.75919861844923,0,0.0,0.00078125,1280
bayesfl_observability_v1,ola_sparse_bayesian_keep010_seed42,170,ola,global,,,layers.1.weight,db,5,-107.16164580402479,-105.9665401751759,-106.56409298960034,0,0.0,0.00078125,1280
bayesfl_observability_v1,ola_sparse_bayesian_keep010_seed42,170,ola,global,,,layers.1.weight,db,6,-105.9665401751759,-104.77143454632699,-105.36898736075145,0,0.0,0.00078125,1280
bayesfl_observability_v1,ola_sparse_bayesian_keep010_seed42,170,ola,global,,,layers.1.weight,db,7,-104.77143454632699,-103.5763289174781,-104.17388173190254,0,0.0,0.00078125,1280
bayesfl_observability_v1,ola_sparse_bayesian_keep010_seed42,170,ola,global,,,layers.1.weight,db,8,-103.5763289174781,-102.3812232886292,-102.97877610305365,0,0.0,0.00078125,1280
bayesfl_observability_v1,ola_sparse_bayesian_keep010_seed42,170,ola,global,,,layers.1.weight,db,9,-102.3812232886292,-101.18611765978031,-101.78367047420475,0,0.0,0.00078125,1280
bayesfl_observability_v1,ola_sparse_bayesian_keep010_seed42,170,ola,global,,,layers.1.weight,db,10,-101.18611765978031,-99.9910120309314,-100.58856484535585,0,0.0,0.00078125,1280
bayesfl_observability_v1,ola_sparse_bayesian_keep010_seed42,170,ola,global,,,layers.1.weight,db,11,-99.9910120309314,-98.79590640208251,-99.39345921650695,1,0.0006537079076035211,0.0015625,1280
bayesfl_observability_v1,ola_sparse_bayesian_keep010_seed42,170,ola,global,,,layers.1.weight,db,12,-98.79590640208251,-97.60080077323362,-98.19835358765806,0,0.0,0.0015625,1280
bayesfl_observability_v1,ola_sparse_bayesian_keep010_seed42,170,ola,global,,,layers.1.weight,db,13,-97.60080077323362,-96.40569514438472,-97.00324795880917,0,0.0,0.0015625,1280
bayesfl_observability_v1,ola_sparse_bayesian_keep010_seed42,170,ola,global,,,layers.1.weight,db,14,-96.40569514438472,-95.21058951553582,-95.80814232996028,0,0.0,0.0015625,1280
bayesfl_observability_v1,ola_sparse_bayesian_keep010_seed42,170,ola,global,,,layers.1.weight,db,15,-95.21058951553582,-94.01548388668692,-94.61303670111137,0,0.0,0.0015625,1280
bayesfl_observability_v1,ola_sparse_bayesian_keep010_seed42,170,ola,global,,,layers.1.weight,db,16,-94.01548388668692,-92.82037825783803,-93.41793107226248,1,0.0006537079076035211,0.00234375,1280
bayesfl_observability_v1,ola_sparse_bayesian_keep010_seed42,170,ola,global,,,layers.1.weight,db,17,-92.82037825783803,-91.62527262898914,-92.22282544341358,0,0.0,0.00234375,1280
bayesfl_observability_v1,ola_sparse_bayesian_keep010_seed42,170,ola,global,,,layers.1.weight,db,18,-91.62527262898914,-90.43016700014024,-91.02771981456469,0,0.0,0.00234375,1280
bayesfl_observability_v1,ola_sparse_bayesian_keep010_seed42,170,ola,global,,,layers.1.weight,db,19,-90.43016700014024,-89.23506137129134,-89.83261418571578,0,0.0,0.00234375,1280
bayesfl_observability_v1,ola_sparse_bayesian_keep010_seed42,170,ola,global,,,layers.1.weight,db,20,-89.23506137129134,-88.03995574244244,-88.63750855686689,0,0.0,0.00234375,1280
bayesfl_observability_v1,ola_sparse_bayesian_keep010_seed42,170,ola,global,,,layers.1.weight,db,21,-88.03995574244244,-86.84485011359355,-87.442402928018,0,0.0,0.00234375,1280
bayesfl_observability_v1,ola_sparse_bayesian_keep010_seed42,170,ola,global,,,layers.1.weight,db,22,-86.84485011359355,-85.64974448474464,-86.2472972991691,0,0.0,0.00234375,1280
bayesfl_observability_v1,ola_sparse_bayesian_keep010_seed42,170,ola,global,,,layers.1.weight,db,23,-85.64974448474464,-84.45463885589575,-85.0521916703202,1,0.0006537079076035211,0.003125,1280
bayesfl_observability_v1,ola_sparse_bayesian_keep010_seed42,170,ola,global,,,layers.1.weight,db,24,-84.45463885589575,-83.25953322704686,-83.8570860414713,1,0.0006537079076035211,0.00390625,1280
bayesfl_observability_v1,ola_sparse_bayesian_keep010_seed42,170,ola,global,,,layers.1.weight,db,25,-83.25953322704686,-82.06442759819797,-82.66198041262241,0,0.0,0.00390625,1280
bayesfl_observability_v1,ola_sparse_bayesian_keep010_seed42,170,ola,global,,,layers.1.weight,db,26,-82.06442759819797,-80.86932196934907,-81.46687478377352,0,0.0,0.00390625,1280
bayesfl_observability_v1,ola_sparse_bayesian_keep010_seed42,170,ola,global,,,layers.1.weight,db,27,-80.86932196934907,-79.67421634050018,-80.27176915492463,1,0.0006537079076035211,0.0046875,1280
bayesfl_observability_v1,ola_sparse_bayesian_keep010_seed42,170,ola,global,,,layers.1.weight,db,28,-79.67421634050018,-78.47911071165127,-79.07666352607572,4,0.002614831630414053,0.0078125,1280
bayesfl_observability_v1,ola_sparse_bayesian_keep010_seed42,170,ola,global,,,layers.1.weight,db,29,-78.47911071165127,-77.28400508280238,-77.88155789722683,0,0.0,0.0078125,1280
bayesfl_observability_v1,ola_sparse_bayesian_keep010_seed42,170,ola,global,,,layers.1.weight,db,30,-77.28400508280238,-76.08889945395347,-76.68645226837793,4,0.002614831630414053,0.0109375,1280
bayesfl_observability_v1,ola_sparse_bayesian_keep010_seed42,170,ola,global,,,layers.1.weight,db,31,-76.08889945395347,-74.89379382510458,-75.49134663952903,5,0.0032685395380176053,0.01484375,1280
bayesfl_observability_v1,ola_sparse_bayesian_keep010_seed42,170,ola,global,,,layers.1.weight,db,32,-74.89379382510458,-73.69868819625569,-74.29624101068013,6,0.003922247445621126,0.01953125,1280
bayesfl_observability_v1,ola_sparse_bayesian_keep010_seed42,170,ola,global,,,layers.1.weight,db,33,-73.69868819625569,-72.5035825674068,-73.10113538183124,2,0.0013074158152070422,0.02109375,1280
bayesfl_observability_v1,ola_sparse_bayesian_keep010_seed42,170,ola,global,,,layers.1.weight,db,34,-72.5035825674068,-71.3084769385579,-71.90602975298235,3,0.001961123722810563,0.0234375,1280
bayesfl_observability_v1,ola_sparse_bayesian_keep010_seed42,170,ola,global,,,layers.1.weight,db,35,-71.3084769385579,-70.11337130970901,-70.71092412413346,8,0.005229663260828169,0.0296875,1280
bayesfl_observability_v1,ola_sparse_bayesian_keep010_seed42,170,ola,global,,,layers.1.weight,db,36,-70.11337130970901,-68.91826568086012,-69.51581849528456,7,0.004575955353224648,0.03515625,1280
bayesfl_observability_v1,ola_sparse_bayesian_keep010_seed42,170,ola,global,,,layers.1.weight,db,37,-68.91826568086012,-67.72316005201121,-68.32071286643566,8,0.005229663260828106,0.04140625,1280
bayesfl_observability_v1,ola_sparse_bayesian_keep010_seed42,170,ola,global,,,layers.1.weight,db,38,-67.72316005201121,-66.52805442316232,-67.12560723758676,10,0.006537079076035211,0.04921875,1280
bayesfl_observability_v1,ola_sparse_bayesian_keep010_seed42,170,ola,global,,,layers.1.weight,db,39,-66.52805442316232,-65.33294879431341,-65.93050160873787,13,0.008498202798845673,0.059375,1280
bayesfl_observability_v1,ola_sparse_bayesian_keep010_seed42,170,ola,global,,,layers.1.weight,db,40,-65.33294879431341,-64.13784316546452,-64.73539597988896,11,0.007190786983638732,0.06796875,1280
bayesfl_observability_v1,ola_sparse_bayesian_keep010_seed42,170,ola,global,,,layers.1.weight,db,41,-64.13784316546452,-62.942737536615624,-63.54029035104007,7,0.004575955353224648,0.0734375,1280
bayesfl_observability_v1,ola_sparse_bayesian_keep010_seed42,170,ola,global,,,layers.1.weight,db,42,-62.942737536615624,-61.74763190776673,-62.34518472219118,14,0.009151910706449296,0.084375,1280
bayesfl_observability_v1,ola_sparse_bayesian_keep010_seed42,170,ola,global,,,layers.1.weight,db,43,-61.74763190776673,-60.55252627891783,-61.150079093342285,12,0.007844494891242207,0.09375,1280
bayesfl_observability_v1,ola_sparse_bayesian_keep010_seed42,170,ola,global,,,layers.1.weight,db,44,-60.55252627891783,-59.35742065006894,-59.954973464493385,12,0.007844494891242252,0.103125,1280
bayesfl_observability_v1,ola_sparse_bayesian_keep010_seed42,170,ola,global,,,layers.1.weight,db,45,-59.35742065006894,-58.16231502122004,-58.759867835644485,16,0.010459326521656275,0.115625,1280
bayesfl_observability_v1,ola_sparse_bayesian_keep010_seed42,170,ola,global,,,layers.1.weight,db,46,-58.16231502122004,-56.967209392371146,-57.56476220679559,26,0.016996405597691548,0.1359375,1280
bayesfl_observability_v1,ola_sparse_bayesian_keep010_seed42,170,ola,global,,,layers.1.weight,db,47,-56.967209392371146,-55.77210376352225,-56.3696565779467,15,0.009805618614052816,0.14765625,1280
bayesfl_observability_v1,ola_sparse_bayesian_keep010_seed42,170,ola,global,,,layers.1.weight,db,48,-55.77210376352225,-54.57699813467335,-55.17455094909781,29,0.018957529320502,0.1703125,1280
bayesfl_observability_v1,ola_sparse_bayesian_keep010_seed42,170,ola,global,,,layers.1.weight,db,49,-54.57699813467335,-53.38189250582446,-53.97944532024891,32,0.020918653043312675,0.1953125,1280
bayesfl_observability_v1,ola_sparse_bayesian_keep010_seed42,170,ola,global,,,layers.1.weight,db,50,-53.38189250582446,-52.18678687697556,-52.78433969140001,44,0.028763147934554756,0.2296875,1280
bayesfl_observability_v1,ola_sparse_bayesian_keep010_seed42,170,ola,global,,,layers.1.weight,db,51,-52.18678687697556,-50.99168124812667,-51.589234062551114,34,0.02222606885851972,0.25625,1280
bayesfl_observability_v1,ola_sparse_bayesian_keep010_seed42,170,ola,global,,,layers.1.weight,db,52,-50.99168124812667,-49.79657561927777,-50.39412843370222,42,0.027455732119347723,0.2890625,1280
bayesfl_observability_v1,ola_sparse_bayesian_keep010_seed42,170,ola,global,,,layers.1.weight,db,53,-49.79657561927777,-48.60146999042887,-49.199022804853314,51,0.03333910328777938,0.32890625,1280
bayesfl_observability_v1,ola_sparse_bayesian_keep010_seed42,170,ola,global,,,layers.1.weight,db,54,-48.60146999042887,-47.406364361579975,-48.00391717600442,53,0.03464651910298662,0.3703125,1280
bayesfl_observability_v1,ola_sparse_bayesian_keep010_seed42,170,ola,global,,,layers.1.weight,db,55,-47.406364361579975,-46.21125873273108,-46.80881154715553,63,0.04118359817902183,0.41953125,1280
bayesfl_observability_v1,ola_sparse_bayesian_keep010_seed42,170,ola,global,,,layers.1.weight,db,56,-46.21125873273108,-45.01615310388219,-45.613705918306636,72,0.04706696934745352,0.47578125,1280
bayesfl_observability_v1,ola_sparse_bayesian_keep010_seed42,170,ola,global,,,layers.1.weight,db,57,-45.01615310388219,-43.82104747503328,-44.418600289457736,63,0.04118359817902134,0.525,1280
bayesfl_observability_v1,ola_sparse_bayesian_keep010_seed42,170,ola,global,,,layers.1.weight,db,58,-43.82104747503328,-42.62594184618439,-43.223494660608836,72,0.04706696934745352,0.58125,1280
bayesfl_observability_v1,ola_sparse_bayesian_keep010_seed42,170,ola,global,,,layers.1.weight,db,59,-42.62594184618439,-41.4308362173355,-42.02838903175994,63,0.04118359817902183,0.63046875,1280
bayesfl_observability_v1,ola_sparse_bayesian_keep010_seed42,170,ola,global,,,layers.1.weight,db,60,-41.4308362173355,-40.235730588486604,-40.83328340291105,69,0.045105845624642954,0.684375,1280
bayesfl_observability_v1,ola_sparse_bayesian_keep010_seed42,170,ola,global,,,layers.1.weight,db,61,-40.235730588486604,-39.0406249596377,-39.63817777406215,65,0.04249101399422837,0.73515625,1280
bayesfl_observability_v1,ola_sparse_bayesian_keep010_seed42,170,ola,global,,,layers.1.weight,db,62,-39.0406249596377,-37.845519330788804,-38.44307214521325,53,0.03464651910298662,0.7765625,1280
bayesfl_observability_v1,ola_sparse_bayesian_keep010_seed42,170,ola,global,,,layers.1.weight,db,63,-37.845519330788804,-36.65041370193991,-37.24796651636436,56,0.03660764282579718,0.8203125,1280
bayesfl_observability_v1,ola_sparse_bayesian_keep010_seed42,170,ola,global,,,layers.1.weight,db,64,-36.65041370193991,-35.45530807309102,-36.052860887515465,53,0.03464651910298662,0.86171875,1280
bayesfl_observability_v1,ola_sparse_bayesian_keep010_seed42,170,ola,global,,,layers.1.weight,db,65,-35.45530807309102,-34.260202444242125,-34.85775525866657,39,0.025494608396537322,0.8921875,1280
bayesfl_observability_v1,ola_sparse_bayesian_keep010_seed42,170,ola,global,,,layers.1.weight,db,66,-34.260202444242125,-33.06509681539322,-33.66264962981767,34,0.02222606885851945,0.91875,1280
bayesfl_observability_v1,ola_sparse_bayesian_keep010_seed42,170,ola,global,,,layers.1.weight,db,67,-33.06509681539322,-31.869991186544326,-32.46754400096877,24,0.015688989782484505,0.9375,1280
bayesfl_observability_v1,ola_sparse_bayesian_keep010_seed42,170,ola,global,,,layers.1.weight,db,68,-31.869991186544326,-30.674885557695433,-31.27243837211988,18,0.01176674233686338,0.9515625,1280
bayesfl_observability_v1,ola_sparse_bayesian_keep010_seed42,170,ola,global,,,layers.1.weight,db,69,-30.674885557695433,-29.47977992884654,-30.077332743270986,14,0.009151910706449296,0.9625,1280
bayesfl_observability_v1,ola_sparse_bayesian_keep010_seed42,170,ola,global,,,layers.1.weight,db,70,-29.47977992884654,-28.284674299997633,-28.882227114422086,15,0.0098056186140527,0.97421875,1280
bayesfl_observability_v1,ola_sparse_bayesian_keep010_seed42,170,ola,global,,,layers.1.weight,db,71,-28.284674299997633,-27.08956867114874,-27.687121485573186,8,0.005229663260828169,0.98046875,1280
bayesfl_observability_v1,ola_sparse_bayesian_keep010_seed42,170,ola,global,,,layers.1.weight,db,72,-27.08956867114874,-25.894463042299847,-26.492015856724294,10,0.006537079076035211,0.98828125,1280
bayesfl_observability_v1,ola_sparse_bayesian_keep010_seed42,170,ola,global,,,layers.1.weight,db,73,-25.894463042299847,-24.699357413450954,-25.2969102278754,3,0.001961123722810563,0.990625,1280
bayesfl_observability_v1,ola_sparse_bayesian_keep010_seed42,170,ola,global,,,layers.1.weight,db,74,-24.699357413450954,-23.504251784602047,-24.1018045990265,5,0.0032685395380175667,0.99453125,1280
bayesfl_observability_v1,ola_sparse_bayesian_keep010_seed42,170,ola,global,,,layers.1.weight,db,75,-23.504251784602047,-22.309146155753155,-22.9066989701776,3,0.001961123722810563,0.996875,1280
bayesfl_observability_v1,ola_sparse_bayesian_keep010_seed42,170,ola,global,,,layers.1.weight,db,76,-22.309146155753155,-21.11404052690426,-21.711593341328708,2,0.0013074158152070422,0.9984375,1280
bayesfl_observability_v1,ola_sparse_bayesian_keep010_seed42,170,ola,global,,,layers.1.weight,db,77,-21.11404052690426,-19.91893489805537,-20.516487712479815,1,0.0006537079076035211,0.99921875,1280
bayesfl_observability_v1,ola_sparse_bayesian_keep010_seed42,170,ola,global,,,layers.1.weight,db,78,-19.91893489805537,-18.723829269206462,-19.321382083630915,0,0.0,0.99921875,1280
bayesfl_observability_v1,ola_sparse_bayesian_keep010_seed42,170,ola,global,,,layers.1.weight,db,79,-18.723829269206462,-17.528723640357565,-18.126276454782015,1,0.0006537079076035191,1.0,1280
bayesfl_observability_v1,ola_sparse_bayesian_keep010_seed42,170,ola,global,,,layers.1.bias,raw,0,3.622081208186856e-05,0.0001765054783821141,0.00010636314523199132,1,712.8362823772492,0.1,10
bayesfl_observability_v1,ola_sparse_bayesian_keep010_seed42,170,ola,global,,,layers.1.bias,raw,1,0.0001765054783821141,0.00031679014468235963,0.0002466478115322369,2,1425.6725647544984,0.3,10
bayesfl_observability_v1,ola_sparse_bayesian_keep010_seed42,170,ola,global,,,layers.1.bias,raw,2,0.00031679014468235963,0.0004570748109826052,0.00038693247783248245,2,1425.6725647544981,0.5,10
bayesfl_observability_v1,ola_sparse_bayesian_keep010_seed42,170,ola,global,,,layers.1.bias,raw,3,0.0004570748109826052,0.0005973594772828507,0.000527217144132728,0,0.0,0.5,10
bayesfl_observability_v1,ola_sparse_bayesian_keep010_seed42,170,ola,global,,,layers.1.bias,raw,4,0.0005973594772828507,0.0007376441435830962,0.0006675018104329735,0,0.0,0.5,10
bayesfl_observability_v1,ola_sparse_bayesian_keep010_seed42,170,ola,global,,,layers.1.bias,raw,5,0.0007376441435830962,0.0008779288098833419,0.0008077864767332191,0,0.0,0.5,10
bayesfl_observability_v1,ola_sparse_bayesian_keep010_seed42,170,ola,global,,,layers.1.bias,raw,6,0.0008779288098833419,0.0010182134761835874,0.0009480711430334646,0,0.0,0.5,10
bayesfl_observability_v1,ola_sparse_bayesian_keep010_seed42,170,ola,global,,,layers.1.bias,raw,7,0.0010182134761835874,0.0011584981424838329,0.0010883558093337101,0,0.0,0.5,10
bayesfl_observability_v1,ola_sparse_bayesian_keep010_seed42,170,ola,global,,,layers.1.bias,raw,8,0.0011584981424838329,0.0012987828087840784,0.0012286404756339556,0,0.0,0.5,10
bayesfl_observability_v1,ola_sparse_bayesian_keep010_seed42,170,ola,global,,,layers.1.bias,raw,9,0.0012987828087840784,0.001439067475084324,0.0013689251419342012,0,0.0,0.5,10
bayesfl_observability_v1,ola_sparse_bayesian_keep010_seed42,170,ola,global,,,layers.1.bias,raw,10,0.001439067475084324,0.0015793521413845694,0.0015092098082344467,0,0.0,0.5,10
bayesfl_observability_v1,ola_sparse_bayesian_keep010_seed42,170,ola,global,,,layers.1.bias,raw,11,0.0015793521413845694,0.0017196368076848152,0.0016494944745346924,0,0.0,0.5,10
bayesfl_observability_v1,ola_sparse_bayesian_keep010_seed42,170,ola,global,,,layers.1.bias,raw,12,0.0017196368076848152,0.0018599214739850607,0.001789779140834938,0,0.0,0.5,10
bayesfl_observability_v1,ola_sparse_bayesian_keep010_seed42,170,ola,global,,,layers.1.bias,raw,13,0.0018599214739850607,0.0020002061402853064,0.0019300638071351834,1,712.8362823772482,0.6,10
bayesfl_observability_v1,ola_sparse_bayesian_keep010_seed42,170,ola,global,,,layers.1.bias,raw,14,0.0020002061402853064,0.002140490806585552,0.0020703484734354294,0,0.0,0.6,10
bayesfl_observability_v1,ola_sparse_bayesian_keep010_seed42,170,ola,global,,,layers.1.bias,raw,15,0.002140490806585552,0.0022807754728857974,0.0022106331397356745,0,0.0,0.6,10
bayesfl_observability_v1,ola_sparse_bayesian_keep010_seed42,170,ola,global,,,layers.1.bias,raw,16,0.0022807754728857974,0.002421060139186043,0.0023509178060359204,0,0.0,0.6,10
bayesfl_observability_v1,ola_sparse_bayesian_keep010_seed42,170,ola,global,,,layers.1.bias,raw,17,0.002421060139186043,0.0025613448054862885,0.0024912024723361655,0,0.0,0.6,10
bayesfl_observability_v1,ola_sparse_bayesian_keep010_seed42,170,ola,global,,,layers.1.bias,raw,18,0.0025613448054862885,0.002701629471786534,0.0026314871386364114,0,0.0,0.6,10
bayesfl_observability_v1,ola_sparse_bayesian_keep010_seed42,170,ola,global,,,layers.1.bias,raw,19,0.002701629471786534,0.0028419141380867795,0.0027717718049366565,0,0.0,0.6,10
bayesfl_observability_v1,ola_sparse_bayesian_keep010_seed42,170,ola,global,,,layers.1.bias,raw,20,0.0028419141380867795,0.002982198804387025,0.0029120564712369025,0,0.0,0.6,10
bayesfl_observability_v1,ola_sparse_bayesian_keep010_seed42,170,ola,global,,,layers.1.bias,raw,21,0.002982198804387025,0.0031224834706872705,0.0030523411375371476,0,0.0,0.6,10
bayesfl_observability_v1,ola_sparse_bayesian_keep010_seed42,170,ola,global,,,layers.1.bias,raw,22,0.0031224834706872705,0.003262768136987516,0.0031926258038373935,0,0.0,0.6,10
bayesfl_observability_v1,ola_sparse_bayesian_keep010_seed42,170,ola,global,,,layers.1.bias,raw,23,0.003262768136987516,0.003403052803287762,0.003332910470137639,0,0.0,0.6,10
bayesfl_observability_v1,ola_sparse_bayesian_keep010_seed42,170,ola,global,,,layers.1.bias,raw,24,0.003403052803287762,0.0035433374695880075,0.0034731951364378845,0,0.0,0.6,10
bayesfl_observability_v1,ola_sparse_bayesian_keep010_seed42,170,ola,global,,,layers.1.bias,raw,25,0.0035433374695880075,0.003683622135888253,0.0036134798027381305,0,0.0,0.6,10
bayesfl_observability_v1,ola_sparse_bayesian_keep010_seed42,170,ola,global,,,layers.1.bias,raw,26,0.003683622135888253,0.0038239068021884985,0.0037537644690383756,0,0.0,0.6,10
bayesfl_observability_v1,ola_sparse_bayesian_keep010_seed42,170,ola,global,,,layers.1.bias,raw,27,0.0038239068021884985,0.003964191468488744,0.0038940491353386215,0,0.0,0.6,10
bayesfl_observability_v1,ola_sparse_bayesian_keep010_seed42,170,ola,global,,,layers.1.bias,raw,28,0.003964191468488744,0.004104476134788989,0.004034333801638867,0,0.0,0.6,10
bayesfl_observability_v1,ola_sparse_bayesian_keep010_seed42,170,ola,global,,,layers.1.bias,raw,29,0.004104476134788989,0.004244760801089235,0.0041746184679391125,0,0.0,0.6,10
bayesfl_observability_v1,ola_sparse_bayesian_keep010_seed42,170,ola,global,,,layers.1.bias,raw,30,0.004244760801089235,0.00438504546738948,0.004314903134239358,0,0.0,0.6,10
bayesfl_observability_v1,ola_sparse_bayesian_keep010_seed42,170,ola,global,,,layers.1.bias,raw,31,0.00438504546738948,0.004525330133689726,0.004455187800539603,0,0.0,0.6,10
bayesfl_observability_v1,ola_sparse_bayesian_keep010_seed42,170,ola,global,,,layers.1.bias,raw,32,0.004525330133689726,0.004665614799989972,0.0045954724668398495,0,0.0,0.6,10
bayesfl_observability_v1,ola_sparse_bayesian_keep010_seed42,170,ola,global,,,layers.1.bias,raw,33,0.004665614799989972,0.004805899466290217,0.004735757133140095,0,0.0,0.6,10
bayesfl_observability_v1,ola_sparse_bayesian_keep010_seed42,170,ola,global,,,layers.1.bias,raw,34,0.004805899466290217,0.004946184132590463,0.00487604179944034,0,0.0,0.6,10
bayesfl_observability_v1,ola_sparse_bayesian_keep010_seed42,170,ola,global,,,layers.1.bias,raw,35,0.004946184132590463,0.005086468798890708,0.005016326465740586,0,0.0,0.6,10
bayesfl_observability_v1,ola_sparse_bayesian_keep010_seed42,170,ola,global,,,layers.1.bias,raw,36,0.005086468798890708,0.005226753465190954,0.005156611132040832,0,0.0,0.6,10
bayesfl_observability_v1,ola_sparse_bayesian_keep010_seed42,170,ola,global,,,layers.1.bias,raw,37,0.005226753465190954,0.005367038131491199,0.005296895798341077,1,712.8362823772515,0.7,10
bayesfl_observability_v1,ola_sparse_bayesian_keep010_seed42,170,ola,global,,,layers.1.bias,raw,38,0.005367038131491199,0.005507322797791445,0.005437180464641322,0,0.0,0.7,10
bayesfl_observability_v1,ola_sparse_bayesian_keep010_seed42,170,ola,global,,,layers.1.bias,raw,39,0.005507322797791445,0.00564760746409169,0.005577465130941568,1,712.8362823772515,0.8,10
bayesfl_observability_v1,ola_sparse_bayesian_keep010_seed42,170,ola,global,,,layers.1.bias,raw,40,0.00564760746409169,0.005787892130391936,0.005717749797241814,0,0.0,0.8,10
bayesfl_observability_v1,ola_sparse_bayesian_keep010_seed42,170,ola,global,,,layers.1.bias,raw,41,0.005787892130391936,0.005928176796692181,0.005858034463542059,0,0.0,0.8,10
bayesfl_observability_v1,ola_sparse_bayesian_keep010_seed42,170,ola,global,,,layers.1.bias,raw,42,0.005928176796692181,0.006068461462992427,0.005998319129842304,0,0.0,0.8,10
bayesfl_observability_v1,ola_sparse_bayesian_keep010_seed42,170,ola,global,,,layers.1.bias,raw,43,0.006068461462992427,0.006208746129292672,0.00613860379614255,0,0.0,0.8,10
bayesfl_observability_v1,ola_sparse_bayesian_keep010_seed42,170,ola,global,,,layers.1.bias,raw,44,0.006208746129292672,0.006349030795592918,0.006278888462442796,1,712.8362823772471,0.9,10
bayesfl_observability_v1,ola_sparse_bayesian_keep010_seed42,170,ola,global,,,layers.1.bias,raw,45,0.006349030795592918,0.006489315461893163,0.006419173128743041,0,0.0,0.9,10
bayesfl_observability_v1,ola_sparse_bayesian_keep010_seed42,170,ola,global,,,layers.1.bias,raw,46,0.006489315461893163,0.006629600128193409,0.006559457795043286,0,0.0,0.9,10
bayesfl_observability_v1,ola_sparse_bayesian_keep010_seed42,170,ola,global,,,layers.1.bias,raw,47,0.006629600128193409,0.006769884794493655,0.006699742461343533,0,0.0,0.9,10
bayesfl_observability_v1,ola_sparse_bayesian_keep010_seed42,170,ola,global,,,layers.1.bias,raw,48,0.006769884794493655,0.0069101694607939,0.006840027127643778,0,0.0,0.9,10
bayesfl_observability_v1,ola_sparse_bayesian_keep010_seed42,170,ola,global,,,layers.1.bias,raw,49,0.0069101694607939,0.007050454127094146,0.006980311793944023,0,0.0,0.9,10
bayesfl_observability_v1,ola_sparse_bayesian_keep010_seed42,170,ola,global,,,layers.1.bias,raw,50,0.007050454127094146,0.007190738793394391,0.007120596460244269,0,0.0,0.9,10
bayesfl_observability_v1,ola_sparse_bayesian_keep010_seed42,170,ola,global,,,layers.1.bias,raw,51,0.007190738793394391,0.007331023459694637,0.007260881126544515,0,0.0,0.9,10
bayesfl_observability_v1,ola_sparse_bayesian_keep010_seed42,170,ola,global,,,layers.1.bias,raw,52,0.007331023459694637,0.007471308125994882,0.00740116579284476,0,0.0,0.9,10
bayesfl_observability_v1,ola_sparse_bayesian_keep010_seed42,170,ola,global,,,layers.1.bias,raw,53,0.007471308125994882,0.007611592792295128,0.007541450459145005,0,0.0,0.9,10
bayesfl_observability_v1,ola_sparse_bayesian_keep010_seed42,170,ola,global,,,layers.1.bias,raw,54,0.007611592792295128,0.007751877458595373,0.007681735125445251,0,0.0,0.9,10
bayesfl_observability_v1,ola_sparse_bayesian_keep010_seed42,170,ola,global,,,layers.1.bias,raw,55,0.007751877458595373,0.00789216212489562,0.007822019791745497,0,0.0,0.9,10
bayesfl_observability_v1,ola_sparse_bayesian_keep010_seed42,170,ola,global,,,layers.1.bias,raw,56,0.00789216212489562,0.008032446791195864,0.007962304458045742,0,0.0,0.9,10
bayesfl_observability_v1,ola_sparse_bayesian_keep010_seed42,170,ola,global,,,layers.1.bias,raw,57,0.008032446791195864,0.00817273145749611,0.008102589124345987,0,0.0,0.9,10
bayesfl_observability_v1,ola_sparse_bayesian_keep010_seed42,170,ola,global,,,layers.1.bias,raw,58,0.00817273145749611,0.008313016123796356,0.008242873790646234,0,0.0,0.9,10
bayesfl_observability_v1,ola_sparse_bayesian_keep010_seed42,170,ola,global,,,layers.1.bias,raw,59,0.008313016123796356,0.008453300790096601,0.008383158456946479,0,0.0,0.9,10
bayesfl_observability_v1,ola_sparse_bayesian_keep010_seed42,170,ola,global,,,layers.1.bias,raw,60,0.008453300790096601,0.008593585456396846,0.008523443123246724,0,0.0,0.9,10
bayesfl_observability_v1,ola_sparse_bayesian_keep010_seed42,170,ola,global,,,layers.1.bias,raw,61,0.008593585456396846,0.008733870122697092,0.008663727789546969,0,0.0,0.9,10
bayesfl_observability_v1,ola_sparse_bayesian_keep010_seed42,170,ola,global,,,layers.1.bias,raw,62,0.008733870122697092,0.008874154788997338,0.008804012455847214,0,0.0,0.9,10
bayesfl_observability_v1,ola_sparse_bayesian_keep010_seed42,170,ola,global,,,layers.1.bias,raw,63,0.008874154788997338,0.009014439455297583,0.008944297122147461,0,0.0,0.9,10
bayesfl_observability_v1,ola_sparse_bayesian_keep010_seed42,170,ola,global,,,layers.1.bias,raw,64,0.009014439455297583,0.009154724121597829,0.009084581788447706,0,0.0,0.9,10
bayesfl_observability_v1,ola_sparse_bayesian_keep010_seed42,170,ola,global,,,layers.1.bias,raw,65,0.009154724121597829,0.009295008787898075,0.009224866454747953,0,0.0,0.9,10
bayesfl_observability_v1,ola_sparse_bayesian_keep010_seed42,170,ola,global,,,layers.1.bias,raw,66,0.009295008787898075,0.00943529345419832,0.009365151121048198,0,0.0,0.9,10
bayesfl_observability_v1,ola_sparse_bayesian_keep010_seed42,170,ola,global,,,layers.1.bias,raw,67,0.00943529345419832,0.009575578120498566,0.009505435787348443,0,0.0,0.9,10
bayesfl_observability_v1,ola_sparse_bayesian_keep010_seed42,170,ola,global,,,layers.1.bias,raw,68,0.009575578120498566,0.00971586278679881,0.009645720453648688,0,0.0,0.9,10
bayesfl_observability_v1,ola_sparse_bayesian_keep010_seed42,170,ola,global,,,layers.1.bias,raw,69,0.00971586278679881,0.009856147453099057,0.009786005119948933,0,0.0,0.9,10
bayesfl_observability_v1,ola_sparse_bayesian_keep010_seed42,170,ola,global,,,layers.1.bias,raw,70,0.009856147453099057,0.009996432119399302,0.00992628978624918,0,0.0,0.9,10
bayesfl_observability_v1,ola_sparse_bayesian_keep010_seed42,170,ola,global,,,layers.1.bias,raw,71,0.009996432119399302,0.010136716785699548,0.010066574452549425,0,0.0,0.9,10
bayesfl_observability_v1,ola_sparse_bayesian_keep010_seed42,170,ola,global,,,layers.1.bias,raw,72,0.010136716785699548,0.010277001451999793,0.01020685911884967,0,0.0,0.9,10
bayesfl_observability_v1,ola_sparse_bayesian_keep010_seed42,170,ola,global,,,layers.1.bias,raw,73,0.010277001451999793,0.01041728611830004,0.010347143785149917,0,0.0,0.9,10
bayesfl_observability_v1,ola_sparse_bayesian_keep010_seed42,170,ola,global,,,layers.1.bias,raw,74,0.01041728611830004,0.010557570784600285,0.010487428451450162,0,0.0,0.9,10
bayesfl_observability_v1,ola_sparse_bayesian_keep010_seed42,170,ola,global,,,layers.1.bias,raw,75,0.010557570784600285,0.01069785545090053,0.010627713117750407,0,0.0,0.9,10
bayesfl_observability_v1,ola_sparse_bayesian_keep010_seed42,170,ola,global,,,layers.1.bias,raw,76,0.01069785545090053,0.010838140117200775,0.010767997784050652,0,0.0,0.9,10
bayesfl_observability_v1,ola_sparse_bayesian_keep010_seed42,170,ola,global,,,layers.1.bias,raw,77,0.010838140117200775,0.010978424783501022,0.010908282450350897,0,0.0,0.9,10
bayesfl_observability_v1,ola_sparse_bayesian_keep010_seed42,170,ola,global,,,layers.1.bias,raw,78,0.010978424783501022,0.011118709449801267,0.011048567116651144,0,0.0,0.9,10
bayesfl_observability_v1,ola_sparse_bayesian_keep010_seed42,170,ola,global,,,layers.1.bias,raw,79,0.011118709449801267,0.011258994116101512,0.01118885178295139,1,712.8362823772515,1.0,10
bayesfl_observability_v1,ola_sparse_bayesian_keep010_seed42,170,ola,global,,,layers.1.bias,db,0,-88.820836098106,-88.1977007488269,-88.50926842346645,1,0.16047877899350407,0.1,10
bayesfl_observability_v1,ola_sparse_bayesian_keep010_seed42,170,ola,global,,,layers.1.bias,db,1,-88.1977007488269,-87.57456539954781,-87.88613307418736,0,0.0,0.1,10
bayesfl_observability_v1,ola_sparse_bayesian_keep010_seed42,170,ola,global,,,layers.1.bias,db,2,-87.57456539954781,-86.95143005026871,-87.26299772490826,0,0.0,0.1,10
bayesfl_observability_v1,ola_sparse_bayesian_keep010_seed42,170,ola,global,,,layers.1.bias,db,3,-86.95143005026871,-86.32829470098962,-86.63986237562916,0,0.0,0.1,10
bayesfl_observability_v1,ola_sparse_bayesian_keep010_seed42,170,ola,global,,,layers.1.bias,db,4,-86.32829470098962,-85.70515935171052,-86.01672702635007,0,0.0,0.1,10
bayesfl_observability_v1,ola_sparse_bayesian_keep010_seed42,170,ola,global,,,layers.1.bias,db,5,-85.70515935171052,-85.08202400243142,-85.39359167707097,0,0.0,0.1,10
bayesfl_observability_v1,ola_sparse_bayesian_keep010_seed42,170,ola,global,,,layers.1.bias,db,6,-85.08202400243142,-84.45888865315233,-84.77045632779188,0,0.0,0.1,10
bayesfl_observability_v1,ola_sparse_bayesian_keep010_seed42,170,ola,global,,,layers.1.bias,db,7,-84.45888865315233,-83.83575330387323,-84.14732097851278,0,0.0,0.1,10
bayesfl_observability_v1,ola_sparse_bayesian_keep010_seed42,170,ola,global,,,layers.1.bias,db,8,-83.83575330387323,-83.21261795459414,-83.52418562923368,0,0.0,0.1,10
bayesfl_observability_v1,ola_sparse_bayesian_keep010_seed42,170,ola,global,,,layers.1.bias,db,9,-83.21261795459414,-82.58948260531506,-82.9010502799546,0,0.0,0.1,10
bayesfl_observability_v1,ola_sparse_bayesian_keep010_seed42,170,ola,global,,,layers.1.bias,db,10,-82.58948260531506,-81.96634725603596,-82.27791493067551,0,0.0,0.1,10
bayesfl_observability_v1,ola_sparse_bayesian_keep010_seed42,170,ola,global,,,layers.1.bias,db,11,-81.96634725603596,-81.34321190675686,-81.65477958139641,0,0.0,0.1,10
bayesfl_observability_v1,ola_sparse_bayesian_keep010_seed42,170,ola,global,,,layers.1.bias,db,12,-81.34321190675686,-80.72007655747777,-81.03164423211732,0,0.0,0.1,10
bayesfl_observability_v1,ola_sparse_bayesian_keep010_seed42,170,ola,global,,,layers.1.bias,db,13,-80.72007655747777,-80.09694120819867,-80.40850888283822,0,0.0,0.1,10
bayesfl_observability_v1,ola_sparse_bayesian_keep010_seed42,170,ola,global,,,layers.1.bias,db,14,-80.09694120819867,-79.47380585891958,-79.78537353355912,0,0.0,0.1,10
bayesfl_observability_v1,ola_sparse_bayesian_keep010_seed42,170,ola,global,,,layers.1.bias,db,15,-79.47380585891958,-78.85067050964048,-79.16223818428003,0,0.0,0.1,10
bayesfl_observability_v1,ola_sparse_bayesian_keep010_seed42,170,ola,global,,,layers.1.bias,db,16,-78.85067050964048,-78.22753516036138,-78.53910283500093,0,0.0,0.1,10
bayesfl_observability_v1,ola_sparse_bayesian_keep010_seed42,170,ola,global,,,layers.1.bias,db,17,-78.22753516036138,-77.60439981108229,-77.91596748572184,0,0.0,0.1,10
bayesfl_observability_v1,ola_sparse_bayesian_keep010_seed42,170,ola,global,,,layers.1.bias,db,18,-77.60439981108229,-76.98126446180319,-77.29283213644274,0,0.0,0.1,10
bayesfl_observability_v1,ola_sparse_bayesian_keep010_seed42,170,ola,global,,,layers.1.bias,db,19,-76.98126446180319,-76.3581291125241,-76.66969678716364,0,0.0,0.1,10
bayesfl_observability_v1,ola_sparse_bayesian_keep010_seed42,170,ola,global,,,layers.1.bias,db,20,-76.3581291125241,-75.734993763245,-76.04656143788455,0,0.0,0.1,10
bayesfl_observability_v1,ola_sparse_bayesian_keep010_seed42,170,ola,global,,,layers.1.bias,db,21,-75.734993763245,-75.1118584139659,-75.42342608860545,0,0.0,0.1,10
bayesfl_observability_v1,ola_sparse_bayesian_keep010_seed42,170,ola,global,,,layers.1.bias,db,22,-75.1118584139659,-74.48872306468681,-74.80029073932636,0,0.0,0.1,10
bayesfl_observability_v1,ola_sparse_bayesian_keep010_seed42,170,ola,global,,,layers.1.bias,db,23,-74.48872306468681,-73.86558771540771,-74.17715539004726,0,0.0,0.1,10
bayesfl_observability_v1,ola_sparse_bayesian_keep010_seed42,170,ola,global,,,layers.1.bias,db,24,-73.86558771540771,-73.24245236612862,-73.55402004076817,0,0.0,0.1,10
bayesfl_observability_v1,ola_sparse_bayesian_keep010_seed42,170,ola,global,,,layers.1.bias,db,25,-73.24245236612862,-72.61931701684952,-72.93088469148907,1,0.16047877899350407,0.2,10
bayesfl_observability_v1,ola_sparse_bayesian_keep010_seed42,170,ola,global,,,layers.1.bias,db,26,-72.61931701684952,-71.99618166757043,-72.30774934220997,0,0.0,0.2,10
bayesfl_observability_v1,ola_sparse_bayesian_keep010_seed42,170,ola,global,,,layers.1.bias,db,27,-71.99618166757043,-71.37304631829133,-71.68461399293088,0,0.0,0.2,10
bayesfl_observability_v1,ola_sparse_bayesian_keep010_seed42,170,ola,global,,,layers.1.bias,db,28,-71.37304631829133,-70.74991096901223,-71.06147864365178,1,0.16047877899350407,0.3,10
bayesfl_observability_v1,ola_sparse_bayesian_keep010_seed42,170,ola,global,,,layers.1.bias,db,29,-70.74991096901223,-70.12677561973314,-70.43834329437269,0,0.0,0.3,10
bayesfl_observability_v1,ola_sparse_bayesian_keep010_seed42,170,ola,global,,,layers.1.bias,db,30,-70.12677561973314,-69.50364027045404,-69.81520794509359,0,0.0,0.3,10
bayesfl_observability_v1,ola_sparse_bayesian_keep010_seed42,170,ola,global,,,layers.1.bias,db,31,-69.50364027045404,-68.88050492117495,-69.1920725958145,0,0.0,0.3,10
bayesfl_observability_v1,ola_sparse_bayesian_keep010_seed42,170,ola,global,,,layers.1.bias,db,32,-68.88050492117495,-68.25736957189585,-68.5689372465354,1,0.16047877899350407,0.4,10
bayesfl_observability_v1,ola_sparse_bayesian_keep010_seed42,170,ola,global,,,layers.1.bias,db,33,-68.25736957189585,-67.63423422261675,-67.9458018972563,1,0.16047877899350407,0.5,10
bayesfl_observability_v1,ola_sparse_bayesian_keep010_seed42,170,ola,global,,,layers.1.bias,db,34,-67.63423422261675,-67.01109887333767,-67.3226665479772,0,0.0,0.5,10
bayesfl_observability_v1,ola_sparse_bayesian_keep010_seed42,170,ola,global,,,layers.1.bias,db,35,-67.01109887333767,-66.38796352405858,-66.69953119869812,0,0.0,0.5,10
bayesfl_observability_v1,ola_sparse_bayesian_keep010_seed42,170,ola,global,,,layers.1.bias,db,36,-66.38796352405858,-65.76482817477948,-66.07639584941903,0,0.0,0.5,10
bayesfl_observability_v1,ola_sparse_bayesian_keep010_seed42,170,ola,global,,,layers.1.bias,db,37,-65.76482817477948,-65.14169282550039,-65.45326050013993,0,0.0,0.5,10
bayesfl_observability_v1,ola_sparse_bayesian_keep010_seed42,170,ola,global,,,layers.1.bias,db,38,-65.14169282550039,-64.51855747622129,-64.83012515086084,0,0.0,0.5,10
bayesfl_observability_v1,ola_sparse_bayesian_keep010_seed42,170,ola,global,,,layers.1.bias,db,39,-64.51855747622129,-63.895422126942194,-64.20698980158174,0,0.0,0.5,10
bayesfl_observability_v1,ola_sparse_bayesian_keep010_seed42,170,ola,global,,,layers.1.bias,db,40,-63.895422126942194,-63.2722867776631,-63.583854452302646,0,0.0,0.5,10
bayesfl_observability_v1,ola_sparse_bayesian_keep010_seed42,170,ola,global,,,layers.1.bias,db,41,-63.2722867776631,-62.649151428384,-62.96071910302355,0,0.0,0.5,10
bayesfl_observability_v1,ola_sparse_bayesian_keep010_seed42,170,ola,global,,,layers.1.bias,db,42,-62.649151428384,-62.026016079104906,-62.337583753744454,0,0.0,0.5,10
bayesfl_observability_v1,ola_sparse_bayesian_keep010_seed42,170,ola,global,,,layers.1.bias,db,43,-62.026016079104906,-61.40288072982581,-61.71444840446536,0,0.0,0.5,10
bayesfl_observability_v1,ola_sparse_bayesian_keep010_seed42,170,ola,global,,,layers.1.bias,db,44,-61.40288072982581,-60.779745380546714,-61.09131305518626,0,0.0,0.5,10
bayesfl_observability_v1,ola_sparse_bayesian_keep010_seed42,170,ola,global,,,layers.1.bias,db,45,-60.779745380546714,-60.15661003126762,-60.468177705907166,0,0.0,0.5,10
bayesfl_observability_v1,ola_sparse_bayesian_keep010_seed42,170,ola,global,,,layers.1.bias,db,46,-60.15661003126762,-59.53347468198852,-59.84504235662807,0,0.0,0.5,10
bayesfl_observability_v1,ola_sparse_bayesian_keep010_seed42,170,ola,global,,,layers.1.bias,db,47,-59.53347468198852,-58.91033933270943,-59.221907007348975,0,0.0,0.5,10
bayesfl_observability_v1,ola_sparse_bayesian_keep010_seed42,170,ola,global,,,layers.1.bias,db,48,-58.91033933270943,-58.28720398343033,-58.59877165806988,0,0.0,0.5,10
bayesfl_observability_v1,ola_sparse_bayesian_keep010_seed42,170,ola,global,,,layers.1.bias,db,49,-58.28720398343033,-57.664068634151235,-57.97563630879078,0,0.0,0.5,10
bayesfl_observability_v1,ola_sparse_bayesian_keep010_seed42,170,ola,global,,,layers.1.bias,db,50,-57.664068634151235,-57.040933284872146,-57.35250095951169,0,0.0,0.5,10
bayesfl_observability_v1,ola_sparse_bayesian_keep010_seed42,170,ola,global,,,layers.1.bias,db,51,-57.040933284872146,-56.41779793559305,-56.7293656102326,0,0.0,0.5,10
bayesfl_observability_v1,ola_sparse_bayesian_keep010_seed42,170,ola,global,,,layers.1.bias,db,52,-56.41779793559305,-55.794662586313954,-56.1062302609535,0,0.0,0.5,10
bayesfl_observability_v1,ola_sparse_bayesian_keep010_seed42,170,ola,global,,,layers.1.bias,db,53,-55.794662586313954,-55.17152723703486,-55.48309491167441,0,0.0,0.5,10
bayesfl_observability_v1,ola_sparse_bayesian_keep010_seed42,170,ola,global,,,layers.1.bias,db,54,-55.17152723703486,-54.54839188775576,-54.85995956239531,0,0.0,0.5,10
bayesfl_observability_v1,ola_sparse_bayesian_keep010_seed42,170,ola,global,,,layers.1.bias,db,55,-54.54839188775576,-53.92525653847667,-54.236824213116215,1,0.16047877899350407,0.6,10
bayesfl_observability_v1,ola_sparse_bayesian_keep010_seed42,170,ola,global,,,layers.1.bias,db,56,-53.92525653847667,-53.30212118919757,-53.61368886383712,0,0.0,0.6,10
bayesfl_observability_v1,ola_sparse_bayesian_keep010_seed42,170,ola,global,,,layers.1.bias,db,57,-53.30212118919757,-52.678985839918475,-52.99055351455802,0,0.0,0.6,10
bayesfl_observability_v1,ola_sparse_bayesian_keep010_seed42,170,ola,global,,,layers.1.bias,db,58,-52.678985839918475,-52.055850490639386,-52.367418165278934,0,0.0,0.6,10
bayesfl_observability_v1,ola_sparse_bayesian_keep010_seed42,170,ola,global,,,layers.1.bias,db,59,-52.055850490639386,-51.43271514136029,-51.74428281599984,0,0.0,0.6,10
bayesfl_observability_v1,ola_sparse_bayesian_keep010_seed42,170,ola,global,,,layers.1.bias,db,60,-51.43271514136029,-50.809579792081195,-51.12114746672074,0,0.0,0.6,10
bayesfl_observability_v1,ola_sparse_bayesian_keep010_seed42,170,ola,global,,,layers.1.bias,db,61,-50.809579792081195,-50.1864444428021,-50.49801211744165,0,0.0,0.6,10
bayesfl_observability_v1,ola_sparse_bayesian_keep010_seed42,170,ola,global,,,layers.1.bias,db,62,-50.1864444428021,-49.563309093523,-49.87487676816255,0,0.0,0.6,10
bayesfl_observability_v1,ola_sparse_bayesian_keep010_seed42,170,ola,global,,,layers.1.bias,db,63,-49.563309093523,-48.94017374424391,-49.251741418883455,0,0.0,0.6,10
bayesfl_observability_v1,ola_sparse_bayesian_keep010_seed42,170,ola,global,,,layers.1.bias,db,64,-48.94017374424391,-48.31703839496481,-48.62860606960436,0,0.0,0.6,10
bayesfl_observability_v1,ola_sparse_bayesian_keep010_seed42,170,ola,global,,,layers.1.bias,db,65,-48.31703839496481,-47.693903045685715,-48.00547072032526,0,0.0,0.6,10
bayesfl_observability_v1,ola_sparse_bayesian_keep010_seed42,170,ola,global,,,layers.1.bias,db,66,-47.693903045685715,-47.07076769640662,-47.38233537104617,0,0.0,0.6,10
bayesfl_observability_v1,ola_sparse_bayesian_keep010_seed42,170,ola,global,,,layers.1.bias,db,67,-47.07076769640662,-46.447632347127524,-46.75920002176707,0,0.0,0.6,10
bayesfl_observability_v1,ola_sparse_bayesian_keep010_seed42,170,ola,global,,,layers.1.bias,db,68,-46.447632347127524,-45.82449699784843,-46.136064672487976,0,0.0,0.6,10
bayesfl_observability_v1,ola_sparse_bayesian_keep010_seed42,170,ola,global,,,layers.1.bias,db,69,-45.82449699784843,-45.20136164856934,-45.51292932320888,1,0.1604787789935059,0.7,10
bayesfl_observability_v1,ola_sparse_bayesian_keep010_seed42,170,ola,global,,,layers.1.bias,db,70,-45.20136164856934,-44.57822629929024,-44.88979397392979,1,0.16047877899350407,0.8,10
bayesfl_observability_v1,ola_sparse_bayesian_keep010_seed42,170,ola,global,,,layers.1.bias,db,71,-44.57822629929024,-43.95509095001115,-44.266658624650695,1,0.16047877899350407,0.9,10
bayesfl_observability_v1,ola_sparse_bayesian_keep010_seed42,170,ola,global,,,layers.1.bias,db,72,-43.95509095001115,-43.33195560073205,-43.6435232753716,0,0.0,0.9,10
bayesfl_observability_v1,ola_sparse_bayesian_keep010_seed42,170,ola,global,,,layers.1.bias,db,73,-43.33195560073205,-42.708820251452956,-43.0203879260925,0,0.0,0.9,10
bayesfl_observability_v1,ola_sparse_bayesian_keep010_seed42,170,ola,global,,,layers.1.bias,db,74,-42.708820251452956,-42.08568490217386,-42.39725257681341,0,0.0,0.9,10
bayesfl_observability_v1,ola_sparse_bayesian_keep010_seed42,170,ola,global,,,layers.1.bias,db,75,-42.08568490217386,-41.462549552894764,-41.77411722753431,0,0.0,0.9,10
bayesfl_observability_v1,ola_sparse_bayesian_keep010_seed42,170,ola,global,,,layers.1.bias,db,76,-41.462549552894764,-40.83941420361567,-41.150981878255216,0,0.0,0.9,10
bayesfl_observability_v1,ola_sparse_bayesian_keep010_seed42,170,ola,global,,,layers.1.bias,db,77,-40.83941420361567,-40.21627885433657,-40.52784652897612,0,0.0,0.9,10
bayesfl_observability_v1,ola_sparse_bayesian_keep010_seed42,170,ola,global,,,layers.1.bias,db,78,-40.21627885433657,-39.593143505057476,-39.904711179697024,0,0.0,0.9,10
bayesfl_observability_v1,ola_sparse_bayesian_keep010_seed42,170,ola,global,,,layers.1.bias,db,79,-39.593143505057476,-38.97000815577839,-39.281575830417935,1,0.1604787789935059,1.0,10
bayesfl_observability_v1,ola_sparse_bayesian_keep010_seed42,175,ola,global,,,all,raw,0,2.0005701773262004e-08,0.0014039562255604677,0.0007019881156311205,83238,582.5785411741698,0.8179031148668566,101770
bayesfl_observability_v1,ola_sparse_bayesian_keep010_seed42,175,ola,global,,,all,raw,1,0.0014039562255604677,0.002807892445419162,0.0021059243354898147,15492,108.42772243290612,0.9701287216271985,101770
bayesfl_observability_v1,ola_sparse_bayesian_keep010_seed42,175,ola,global,,,all,raw,2,0.002807892445419162,0.004211828665277856,0.003509860555348509,2120,14.837772499209976,0.9909600078608627,101770
bayesfl_observability_v1,ola_sparse_bayesian_keep010_seed42,175,ola,global,,,all,raw,3,0.004211828665277856,0.0056157648851365505,0.004913796775207204,226,1.58176254001012,0.9931807015819987,101770
bayesfl_observability_v1,ola_sparse_bayesian_keep010_seed42,175,ola,global,,,all,raw,4,0.0056157648851365505,0.007019701104995245,0.006317732995065897,111,0.7768833714208997,0.9942713962857423,101770
bayesfl_observability_v1,ola_sparse_bayesian_keep010_seed42,175,ola,global,,,all,raw,5,0.007019701104995245,0.00842363732485394,0.0077216692149245925,93,0.6509022841634561,0.9951852215780682,101770
bayesfl_observability_v1,ola_sparse_bayesian_keep010_seed42,175,ola,global,,,all,raw,6,0.00842363732485394,0.009827573544712634,0.009125605434783288,81,0.5669148926584947,0.9959811339294488,101770
bayesfl_observability_v1,ola_sparse_bayesian_keep010_seed42,175,ola,global,,,all,raw,7,0.009827573544712634,0.011231509764571329,0.010529541654641981,60,0.41993695752481036,0.9965706986341751,101770
bayesfl_observability_v1,ola_sparse_bayesian_keep010_seed42,175,ola,global,,,all,raw,8,0.011231509764571329,0.012635445984430024,0.011933477874500676,47,0.32895061672776815,0.997032524319544,101770
bayesfl_observability_v1,ola_sparse_bayesian_keep010_seed42,175,ola,global,,,all,raw,9,0.012635445984430024,0.014039382204288717,0.01333741409435937,44,0.307953768851528,0.9974648717696767,101770
bayesfl_observability_v1,ola_sparse_bayesian_keep010_seed42,175,ola,global,,,all,raw,10,0.014039382204288717,0.015443318424147411,0.014741350314218065,38,0.2659600730990469,0.9978382627493367,101770
bayesfl_observability_v1,ola_sparse_bayesian_keep010_seed42,175,ola,global,,,all,raw,11,0.015443318424147411,0.016847254644006104,0.016145286534076757,39,0.27295902239112707,0.9982214798074088,101770
bayesfl_observability_v1,ola_sparse_bayesian_keep010_seed42,175,ola,global,,,all,raw,12,0.016847254644006104,0.0182511908638648,0.017549222753935452,21,0.14697793513368362,0.9984278274540631,101770
bayesfl_observability_v1,ola_sparse_bayesian_keep010_seed42,175,ola,global,,,all,raw,13,0.0182511908638648,0.01965512708372349,0.018953158973794147,22,0.15397688442576418,0.9986440011791294,101770
bayesfl_observability_v1,ola_sparse_bayesian_keep010_seed42,175,ola,global,,,all,raw,14,0.01965512708372349,0.021059063303582187,0.02035709519365284,10,0.06998949292080173,0.9987422619632504,101770
bayesfl_observability_v1,ola_sparse_bayesian_keep010_seed42,175,ola,global,,,all,raw,15,0.021059063303582187,0.022462999523440882,0.021761031413511534,17,0.11898213796536294,0.9989093052962562,101770
bayesfl_observability_v1,ola_sparse_bayesian_keep010_seed42,175,ola,global,,,all,raw,16,0.022462999523440882,0.023866935743299577,0.02316496763337023,14,0.09798529008912242,0.9990468703940257,101770
bayesfl_observability_v1,ola_sparse_bayesian_keep010_seed42,175,ola,global,,,all,raw,17,0.023866935743299577,0.025270871963158272,0.024568903853228925,10,0.06998949292080173,0.9991451311781469,101770
bayesfl_observability_v1,ola_sparse_bayesian_keep010_seed42,175,ola,global,,,all,raw,18,0.025270871963158272,0.026674808183016964,0.025972840073087616,9,0.06299054362872171,0.9992335658838557,101770
bayesfl_observability_v1,ola_sparse_bayesian_keep010_seed42,175,ola,global,,,all,raw,19,0.026674808183016964,0.02807874440287566,0.02737677629294631,7,0.04899264504456121,0.9993023484327405,101770
bayesfl_observability_v1,ola_sparse_bayesian_keep010_seed42,175,ola,global,,,all,raw,20,0.02807874440287566,0.029482680622734354,0.028780712512805007,2,0.013997898584160347,0.9993220005895647,101770
bayesfl_observability_v1,ola_sparse_bayesian_keep010_seed42,175,ola,global,,,all,raw,21,0.029482680622734354,0.030886616842593046,0.030184648732663702,6,0.04199369575248114,0.9993809570600374,101770
bayesfl_observability_v1,ola_sparse_bayesian_keep010_seed42,175,ola,global,,,all,raw,22,0.030886616842593046,0.032290553062451745,0.0315885849525224,6,0.04199369575248093,0.99943991353051,101770
bayesfl_observability_v1,ola_sparse_bayesian_keep010_seed42,175,ola,global,,,all,raw,23,0.032290553062451745,0.03369448928231044,0.03299252117238109,6,0.04199369575248104,0.9994988700009826,101770
bayesfl_observability_v1,ola_sparse_bayesian_keep010_seed42,175,ola,global,,,all,raw,24,0.03369448928231044,0.035098425502169135,0.03439645739223979,7,0.04899264504456121,0.9995676525498673,101770
bayesfl_observability_v1,ola_sparse_bayesian_keep010_seed42,175,ola,global,,,all,raw,25,0.035098425502169135,0.03650236172202783,0.03580039361209848,7,0.04899264504456121,0.9996364350987521,101770
bayesfl_observability_v1,ola_sparse_bayesian_keep010_seed42,175,ola,global,,,all,raw,26,0.03650236172202783,0.037906297941886526,0.03720432983195718,2,0.013997898584160347,0.9996560872555763,101770
bayesfl_observability_v1,ola_sparse_bayesian_keep010_seed42,175,ola,global,,,all,raw,27,0.037906297941886526,0.039310234161745214,0.03860826605181587,2,0.013997898584160416,0.9996757394124005,101770
bayesfl_observability_v1,ola_sparse_bayesian_keep010_seed42,175,ola,global,,,all,raw,28,0.039310234161745214,0.04071417038160391,0.04001220227167456,1,0.006998949292080173,0.9996855654908127,101770
bayesfl_observability_v1,ola_sparse_bayesian_keep010_seed42,175,ola,global,,,all,raw,29,0.04071417038160391,0.042118106601462604,0.04141613849153326,2,0.013997898584160347,0.9997052176476369,101770
bayesfl_observability_v1,ola_sparse_bayesian_keep010_seed42,175,ola,global,,,all,raw,30,0.042118106601462604,0.0435220428213213,0.04282007471139195,3,0.02099684787624052,0.9997346958828731,101770
bayesfl_observability_v1,ola_sparse_bayesian_keep010_seed42,175,ola,global,,,all,raw,31,0.0435220428213213,0.044925979041179995,0.04422401093125065,5,0.03499474646040086,0.9997838262749337,101770
bayesfl_observability_v1,ola_sparse_bayesian_keep010_seed42,175,ola,global,,,all,raw,32,0.044925979041179995,0.04632991526103869,0.04562794715110934,5,0.03499474646040086,0.9998329566669942,101770
bayesfl_observability_v1,ola_sparse_bayesian_keep010_seed42,175,ola,global,,,all,raw,33,0.04632991526103869,0.047733851480897385,0.04703188337096804,0,0.0,0.9998329566669942,101770
bayesfl_observability_v1,ola_sparse_bayesian_keep010_seed42,175,ola,global,,,all,raw,34,0.047733851480897385,0.04913778770075608,0.04843581959082673,2,0.013997898584160347,0.9998526088238184,101770
bayesfl_observability_v1,ola_sparse_bayesian_keep010_seed42,175,ola,global,,,all,raw,35,0.04913778770075608,0.050541723920614776,0.04983975581068543,0,0.0,0.9998526088238184,101770
bayesfl_observability_v1,ola_sparse_bayesian_keep010_seed42,175,ola,global,,,all,raw,36,0.050541723920614776,0.051945660140473464,0.051243692030544116,0,0.0,0.9998526088238184,101770
bayesfl_observability_v1,ola_sparse_bayesian_keep010_seed42,175,ola,global,,,all,raw,37,0.051945660140473464,0.05334959636033216,0.05264762825040281,0,0.0,0.9998526088238184,101770
bayesfl_observability_v1,ola_sparse_bayesian_keep010_seed42,175,ola,global,,,all,raw,38,0.05334959636033216,0.054753532580190854,0.05405156447026151,0,0.0,0.9998526088238184,101770
bayesfl_observability_v1,ola_sparse_bayesian_keep010_seed42,175,ola,global,,,all,raw,39,0.054753532580190854,0.05615746880004955,0.0554555006901202,2,0.013997898584160347,0.9998722609806426,101770
bayesfl_observability_v1,ola_sparse_bayesian_keep010_seed42,175,ola,global,,,all,raw,40,0.05615746880004955,0.057561405019908245,0.0568594369099789,0,0.0,0.9998722609806426,101770
bayesfl_observability_v1,ola_sparse_bayesian_keep010_seed42,175,ola,global,,,all,raw,41,0.057561405019908245,0.05896534123976694,0.05826337312983759,1,0.006998949292080173,0.9998820870590547,101770
bayesfl_observability_v1,ola_sparse_bayesian_keep010_seed42,175,ola,global,,,all,raw,42,0.05896534123976694,0.060369277459625635,0.05966730934969629,2,0.013997898584160347,0.999901739215879,101770
bayesfl_observability_v1,ola_sparse_bayesian_keep010_seed42,175,ola,global,,,all,raw,43,0.060369277459625635,0.06177321367948432,0.06107124556955498,0,0.0,0.999901739215879,101770
bayesfl_observability_v1,ola_sparse_bayesian_keep010_seed42,175,ola,global,,,all,raw,44,0.06177321367948432,0.06317714989934302,0.06247518178941367,1,0.006998949292080173,0.999911565294291,101770
bayesfl_observability_v1,ola_sparse_bayesian_keep010_seed42,175,ola,global,,,all,raw,45,0.06317714989934302,0.06458108611920171,0.06387911800927237,0,0.0,0.999911565294291,101770
bayesfl_observability_v1,ola_sparse_bayesian_keep010_seed42,175,ola,global,,,all,raw,46,0.06458108611920171,0.06598502233906041,0.06528305422913105,0,0.0,0.999911565294291,101770
bayesfl_observability_v1,ola_sparse_bayesian_keep010_seed42,175,ola,global,,,all,raw,47,0.06598502233906041,0.0673889585589191,0.06668699044898976,0,0.0,0.999911565294291,101770
bayesfl_observability_v1,ola_sparse_bayesian_keep010_seed42,175,ola,global,,,all,raw,48,0.0673889585589191,0.0687928947787778,0.06809092666884844,1,0.006998949292080173,0.9999213913727032,101770
bayesfl_observability_v1,ola_sparse_bayesian_keep010_seed42,175,ola,global,,,all,raw,49,0.0687928947787778,0.0701968309986365,0.06949486288870715,1,0.006998949292080173,0.9999312174511152,101770
bayesfl_observability_v1,ola_sparse_bayesian_keep010_seed42,175,ola,global,,,all,raw,50,0.0701968309986365,0.07160076721849519,0.07089879910856584,0,0.0,0.9999312174511152,101770
bayesfl_observability_v1,ola_sparse_bayesian_keep010_seed42,175,ola,global,,,all,raw,51,0.07160076721849519,0.07300470343835389,0.07230273532842454,2,0.013997898584160347,0.9999508696079394,101770
bayesfl_observability_v1,ola_sparse_bayesian_keep010_seed42,175,ola,global,,,all,raw,52,0.07300470343835389,0.07440863965821258,0.07370667154828323,0,0.0,0.9999508696079394,101770
bayesfl_observability_v1,ola_sparse_bayesian_keep010_seed42,175,ola,global,,,all,raw,53,0.07440863965821258,0.07581257587807128,0.07511060776814193,1,0.006998949292080173,0.9999606956863516,101770
bayesfl_observability_v1,ola_sparse_bayesian_keep010_seed42,175,ola,global,,,all,raw,54,0.07581257587807128,0.07721651209792997,0.07651454398800062,1,0.006998949292080173,0.9999705217647636,101770
bayesfl_observability_v1,ola_sparse_bayesian_keep010_seed42,175,ola,global,,,all,raw,55,0.07721651209792997,0.07862044831778865,0.07791848020785931,0,0.0,0.9999705217647636,101770
bayesfl_observability_v1,ola_sparse_bayesian_keep010_seed42,175,ola,global,,,all,raw,56,0.07862044831778865,0.08002438453764735,0.079322416427718,0,0.0,0.9999705217647636,101770
bayesfl_observability_v1,ola_sparse_bayesian_keep010_seed42,175,ola,global,,,all,raw,57,0.08002438453764735,0.08142832075750604,0.08072635264757669,1,0.006998949292080173,0.9999803478431758,101770
bayesfl_observability_v1,ola_sparse_bayesian_keep010_seed42,175,ola,global,,,all,raw,58,0.08142832075750604,0.08283225697736474,0.0821302888674354,0,0.0,0.9999803478431758,101770
bayesfl_observability_v1,ola_sparse_bayesian_keep010_seed42,175,ola,global,,,all,raw,59,0.08283225697736474,0.08423619319722343,0.08353422508729408,0,0.0,0.9999803478431758,101770
bayesfl_observability_v1,ola_sparse_bayesian_keep010_seed42,175,ola,global,,,all,raw,60,0.08423619319722343,0.08564012941708213,0.08493816130715279,0,0.0,0.9999803478431758,101770
bayesfl_observability_v1,ola_sparse_bayesian_keep010_seed42,175,ola,global,,,all,raw,61,0.08564012941708213,0.08704406563694082,0.08634209752701147,0,0.0,0.9999803478431758,101770
bayesfl_observability_v1,ola_sparse_bayesian_keep010_seed42,175,ola,global,,,all,raw,62,0.08704406563694082,0.08844800185679952,0.08774603374687018,0,0.0,0.9999803478431758,101770
bayesfl_observability_v1,ola_sparse_bayesian_keep010_seed42,175,ola,global,,,all,raw,63,0.08844800185679952,0.08985193807665821,0.08914996996672886,0,0.0,0.9999803478431758,101770
bayesfl_observability_v1,ola_sparse_bayesian_keep010_seed42,175,ola,global,,,all,raw,64,0.08985193807665821,0.09125587429651691,0.09055390618658757,0,0.0,0.9999803478431758,101770
bayesfl_observability_v1,ola_sparse_bayesian_keep010_seed42,175,ola,global,,,all,raw,65,0.09125587429651691,0.0926598105163756,0.09195784240644625,0,0.0,0.9999803478431758,101770
bayesfl_observability_v1,ola_sparse_bayesian_keep010_seed42,175,ola,global,,,all,raw,66,0.0926598105163756,0.0940637467362343,0.09336177862630496,0,0.0,0.9999803478431758,101770
bayesfl_observability_v1,ola_sparse_bayesian_keep010_seed42,175,ola,global,,,all,raw,67,0.0940637467362343,0.095467682956093,0.09476571484616364,0,0.0,0.9999803478431758,101770
bayesfl_observability_v1,ola_sparse_bayesian_keep010_seed42,175,ola,global,,,all,raw,68,0.095467682956093,0.09687161917595169,0.09616965106602235,1,0.006998949292080173,0.9999901739215878,101770
bayesfl_observability_v1,ola_sparse_bayesian_keep010_seed42,175,ola,global,,,all,raw,69,0.09687161917595169,0.09827555539581039,0.09757358728588103,0,0.0,0.9999901739215878,101770
bayesfl_observability_v1,ola_sparse_bayesian_keep010_seed42,175,ola,global,,,all,raw,70,0.09827555539581039,0.09967949161566908,0.09897752350573974,0,0.0,0.9999901739215878,101770
bayesfl_observability_v1,ola_sparse_bayesian_keep010_seed42,175,ola,global,,,all,raw,71,0.09967949161566908,0.10108342783552778,0.10038145972559842,0,0.0,0.9999901739215878,101770
bayesfl_observability_v1,ola_sparse_bayesian_keep010_seed42,175,ola,global,,,all,raw,72,0.10108342783552778,0.10248736405538646,0.10178539594545712,0,0.0,0.9999901739215878,101770
bayesfl_observability_v1,ola_sparse_bayesian_keep010_seed42,175,ola,global,,,all,raw,73,0.10248736405538646,0.10389130027524515,0.10318933216531581,0,0.0,0.9999901739215878,101770
bayesfl_observability_v1,ola_sparse_bayesian_keep010_seed42,175,ola,global,,,all,raw,74,0.10389130027524515,0.10529523649510385,0.10459326838517449,0,0.0,0.9999901739215878,101770
bayesfl_observability_v1,ola_sparse_bayesian_keep010_seed42,175,ola,global,,,all,raw,75,0.10529523649510385,0.10669917271496254,0.1059972046050332,0,0.0,0.9999901739215878,101770
bayesfl_observability_v1,ola_sparse_bayesian_keep010_seed42,175,ola,global,,,all,raw,76,0.10669917271496254,0.10810310893482124,0.10740114082489188,0,0.0,0.9999901739215878,101770
bayesfl_observability_v1,ola_sparse_bayesian_keep010_seed42,175,ola,global,,,all,raw,77,0.10810310893482124,0.10950704515467993,0.10880507704475059,0,0.0,0.9999901739215878,101770
bayesfl_observability_v1,ola_sparse_bayesian_keep010_seed42,175,ola,global,,,all,raw,78,0.10950704515467993,0.11091098137453863,0.11020901326460927,0,0.0,0.9999901739215878,101770
bayesfl_observability_v1,ola_sparse_bayesian_keep010_seed42,175,ola,global,,,all,raw,79,0.11091098137453863,0.11231491759439732,0.11161294948446798,1,0.006998949292080173,1.0,101770
bayesfl_observability_v1,ola_sparse_bayesian_keep010_seed42,175,ola,global,,,all,db,0,-153.97649003110982,-152.2891745450191,-153.13283228806446,1,5.823498031699731e-06,9.826078412105729e-06,101770
bayesfl_observability_v1,ola_sparse_bayesian_keep010_seed42,175,ola,global,,,all,db,1,-152.2891745450191,-150.6018590589284,-151.44551680197375,1,5.823498031699731e-06,1.9652156824211458e-05,101770
bayesfl_observability_v1,ola_sparse_bayesian_keep010_seed42,175,ola,global,,,all,db,2,-150.6018590589284,-148.91454357283772,-149.75820131588307,0,0.0,1.9652156824211458e-05,101770
bayesfl_observability_v1,ola_sparse_bayesian_keep010_seed42,175,ola,global,,,all,db,3,-148.91454357283772,-147.227228086747,-148.07088582979236,1,5.823498031699731e-06,2.9478235236317185e-05,101770
bayesfl_observability_v1,ola_sparse_bayesian_keep010_seed42,175,ola,global,,,all,db,4,-147.227228086747,-145.5399126006563,-146.38357034370165,0,0.0,2.9478235236317185e-05,101770
bayesfl_observability_v1,ola_sparse_bayesian_keep010_seed42,175,ola,global,,,all,db,5,-145.5399126006563,-143.85259711456558,-144.69625485761094,2,1.1646996063399462e-05,4.913039206052864e-05,101770
bayesfl_observability_v1,ola_sparse_bayesian_keep010_seed42,175,ola,global,,,all,db,6,-143.85259711456558,-142.16528162847487,-143.00893937152023,0,0.0,4.913039206052864e-05,101770
bayesfl_observability_v1,ola_sparse_bayesian_keep010_seed42,175,ola,global,,,all,db,7,-142.16528162847487,-140.47796614238416,-141.32162388542952,1,5.823498031699731e-06,5.895647047263437e-05,101770
bayesfl_observability_v1,ola_sparse_bayesian_keep010_seed42,175,ola,global,,,all,db,8,-140.47796614238416,-138.79065065629348,-139.6343083993388,1,5.823498031699829e-06,6.87825488847401e-05,101770
bayesfl_observability_v1,ola_sparse_bayesian_keep010_seed42,175,ola,global,,,all,db,9,-138.79065065629348,-137.10333517020277,-137.94699291324812,1,5.823498031699731e-06,7.860862729684583e-05,101770
bayesfl_observability_v1,ola_sparse_bayesian_keep010_seed42,175,ola,global,,,all,db,10,-137.10333517020277,-135.41601968411206,-136.2596774271574,2,1.1646996063399462e-05,9.826078412105728e-05,101770
bayesfl_observability_v1,ola_sparse_bayesian_keep010_seed42,175,ola,global,,,all,db,11,-135.41601968411206,-133.72870419802135,-134.5723619410667,1,5.823498031699731e-06,0.00010808686253316301,101770
bayesfl_observability_v1,ola_sparse_bayesian_keep010_seed42,175,ola,global,,,all,db,12,-133.72870419802135,-132.04138871193067,-132.88504645497602,4,2.3293992126799317e-05,0.00014739117618158592,101770
bayesfl_observability_v1,ola_sparse_bayesian_keep010_seed42,175,ola,global,,,all,db,13,-132.04138871193067,-130.35407322583995,-131.1977309688853,6,3.4940988190198386e-05,0.0002063476466542203,101770
bayesfl_observability_v1,ola_sparse_bayesian_keep010_seed42,175,ola,global,,,all,db,14,-130.35407322583995,-128.66675773974924,-129.5104154827946,0,0.0,0.0002063476466542203,101770
bayesfl_observability_v1,ola_sparse_bayesian_keep010_seed42,175,ola,global,,,all,db,15,-128.66675773974924,-126.97944225365853,-127.82309999670389,6,3.4940988190198386e-05,0.00026530411712685466,101770
bayesfl_observability_v1,ola_sparse_bayesian_keep010_seed42,175,ola,global,,,all,db,16,-126.97944225365853,-125.29212676756782,-126.13578451061318,11,6.405847834869704e-05,0.0003733909796600177,101770
bayesfl_observability_v1,ola_sparse_bayesian_keep010_seed42,175,ola,global,,,all,db,17,-125.29212676756782,-123.60481128147713,-124.44846902452247,8,4.658798425359824e-05,0.00045199960695686353,101770
bayesfl_observability_v1,ola_sparse_bayesian_keep010_seed42,175,ola,global,,,all,db,18,-123.60481128147713,-121.91749579538642,-122.76115353843177,9,5.241148228529758e-05,0.0005404343126658151,101770
bayesfl_observability_v1,ola_sparse_bayesian_keep010_seed42,175,ola,global,,,all,db,19,-121.91749579538642,-120.23018030929572,-121.07383805234107,6,3.494098819019868e-05,0.0005993907831384495,101770
bayesfl_observability_v1,ola_sparse_bayesian_keep010_seed42,175,ola,global,,,all,db,20,-120.23018030929572,-118.54286482320501,-119.38652256625036,17,9.899946653889543e-05,0.0007664341161442469,101770
bayesfl_observability_v1,ola_sparse_bayesian_keep010_seed42,175,ola,global,,,all,db,21,-118.54286482320501,-116.8555493371143,-117.69920708015965,15,8.735247047549596e-05,0.0009138252923258328,101770
bayesfl_observability_v1,ola_sparse_bayesian_keep010_seed42,175,ola,global,,,all,db,22,-116.8555493371143,-115.16823385102359,-116.01189159406894,20,0.0001164699606339946,0.0011103468605679473,101770
bayesfl_observability_v1,ola_sparse_bayesian_keep010_seed42,175,ola,global,,,all,db,23,-115.16823385102359,-113.48091836493289,-114.32457610797823,33,0.00019217543504609273,0.0014346074481674364,101770
bayesfl_observability_v1,ola_sparse_bayesian_keep010_seed42,175,ola,global,,,all,db,24,-113.48091836493289,-111.7936028788422,-112.63726062188755,39,0.00022711642323629142,0.0018178245062395598,101770
bayesfl_observability_v1,ola_sparse_bayesian_keep010_seed42,175,ola,global,,,all,db,25,-111.7936028788422,-110.10628739275148,-110.94994513579684,48,0.0002795279055215871,0.0022894762700206347,101770
bayesfl_observability_v1,ola_sparse_bayesian_keep010_seed42,175,ola,global,,,all,db,26,-110.10628739275148,-108.41897190666077,-109.26262964970613,36,0.0002096459291411903,0.002643215092856441,101770
bayesfl_observability_v1,ola_sparse_bayesian_keep010_seed42,175,ola,global,,,all,db,27,-108.41897190666077,-106.73165642057006,-107.57531416361542,59,0.0003435863838702841,0.003222953719170679,101770
bayesfl_observability_v1,ola_sparse_bayesian_keep010_seed42,175,ola,global,,,all,db,28,-106.73165642057006,-105.04434093447937,-105.8879986775247,62,0.0003610568779653864,0.0038321705807212343,101770
bayesfl_observability_v1,ola_sparse_bayesian_keep010_seed42,175,ola,global,,,all,db,29,-105.04434093447937,-103.35702544838865,-104.20068319143401,89,0.000518291324821276,0.004706691559398644,101770
bayesfl_observability_v1,ola_sparse_bayesian_keep010_seed42,175,ola,global,,,all,db,30,-103.35702544838865,-101.66970996229796,-102.51336770534331,97,0.0005648793090748787,0.0056598211653729,101770
bayesfl_observability_v1,ola_sparse_bayesian_keep010_seed42,175,ola,global,,,all,db,31,-101.66970996229796,-99.98239447620725,-100.8260522192526,131,0.0007628782421526647,0.0069470374373587504,101770
bayesfl_observability_v1,ola_sparse_bayesian_keep010_seed42,175,ola,global,,,all,db,32,-99.98239447620725,-98.29507899011654,-99.13873673316189,137,0.0007978192303428631,0.008293210179817235,101770
bayesfl_observability_v1,ola_sparse_bayesian_keep010_seed42,175,ola,global,,,all,db,33,-98.29507899011654,-96.60776350402584,-97.45142124707118,185,0.0010773471358644592,0.010111034686056794,101770
bayesfl_observability_v1,ola_sparse_bayesian_keep010_seed42,175,ola,global,,,all,db,34,-96.60776350402584,-94.92044801793513,-95.76410576098048,241,0.0014034630256396351,0.012479119583374275,101770
bayesfl_observability_v1,ola_sparse_bayesian_keep010_seed42,175,ola,global,,,all,db,35,-94.92044801793513,-93.23313253184443,-94.07679027488979,238,0.0013859925315445477,0.014817726245455439,101770
bayesfl_observability_v1,ola_sparse_bayesian_keep010_seed42,175,ola,global,,,all,db,36,-93.23313253184443,-91.54581704575372,-92.38947478879908,346,0.002014930318968107,0.018217549376044022,101770
bayesfl_observability_v1,ola_sparse_bayesian_keep010_seed42,175,ola,global,,,all,db,37,-91.54581704575372,-89.85850155966301,-90.70215930270837,379,0.002207105754014198,0.021941633094232093,101770
bayesfl_observability_v1,ola_sparse_bayesian_keep010_seed42,175,ola,global,,,all,db,38,-89.85850155966301,-88.17118607357231,-89.01484381661766,459,0.002672985596550199,0.026451803085388623,101770
bayesfl_observability_v1,ola_sparse_bayesian_keep010_seed42,175,ola,global,,,all,db,39,-88.17118607357231,-86.4838705874816,-87.32752833052696,590,0.003435863838702841,0.032249189348531,101770
bayesfl_observability_v1,ola_sparse_bayesian_keep010_seed42,175,ola,global,,,all,db,40,-86.4838705874816,-84.7965551013909,-85.64021284443625,709,0.004128860104475109,0.039215878942713965,101770
bayesfl_observability_v1,ola_sparse_bayesian_keep010_seed42,175,ola,global,,,all,db,41,-84.7965551013909,-83.1092396153002,-83.95289735834555,821,0.004781091884025519,0.047283089319052764,101770
bayesfl_observability_v1,ola_sparse_bayesian_keep010_seed42,175,ola,global,,,all,db,42,-83.1092396153002,-81.42192412920949,-82.26558187225484,1033,0.006015673466745822,0.05743342831875799,101770
bayesfl_observability_v1,ola_sparse_bayesian_keep010_seed42,175,ola,global,,,all,db,43,-81.42192412920949,-79.73460864311878,-80.57826638616413,1198,0.0069765506419762775,0.06920507025646065,101770
bayesfl_observability_v1,ola_sparse_bayesian_keep010_seed42,175,ola,global,,,all,db,44,-79.73460864311878,-78.04729315702808,-78.89095090007342,1504,0.008758541039676469,0.08398349218826766,101770
bayesfl_observability_v1,ola_sparse_bayesian_keep010_seed42,175,ola,global,,,all,db,45,-78.04729315702808,-76.35997767093737,-77.20363541398272,1779,0.01036000299839382,0.10146408568340376,101770
bayesfl_observability_v1,ola_sparse_bayesian_keep010_seed42,175,ola,global,,,all,db,46,-76.35997767093737,-74.67266218484667,-75.51631992789203,2215,0.012899048140215013,0.12322884936621795,101770
bayesfl_observability_v1,ola_sparse_bayesian_keep010_seed42,175,ola,global,,,all,db,47,-74.67266218484667,-72.98534669875596,-73.82900444180132,2644,0.015397328795814088,0.1492090006878255,101770
bayesfl_observability_v1,ola_sparse_bayesian_keep010_seed42,175,ola,global,,,all,db,48,-72.98534669875596,-71.29803121266525,-72.1416889557106,3260,0.01898460358334112,0.18124201631129017,101770
bayesfl_observability_v1,ola_sparse_bayesian_keep010_seed42,175,ola,global,,,all,db,49,-71.29803121266525,-69.61071572657455,-70.4543734696199,4037,0.023509461553972013,0.220909894860961,101770
bayesfl_observability_v1,ola_sparse_bayesian_keep010_seed42,175,ola,global,,,all,db,50,-69.61071572657455,-67.92340024048384,-68.7670579835292,4791,0.02790037906987341,0.2679866365333595,101770
bayesfl_observability_v1,ola_sparse_bayesian_keep010_seed42,175,ola,global,,,all,db,51,-67.92340024048384,-66.23608475439315,-67.0797424974385,5872,0.034195580442141105,0.3256853689692444,101770
bayesfl_observability_v1,ola_sparse_bayesian_keep010_seed42,175,ola,global,,,all,db,52,-66.23608475439315,-64.54876926830244,-65.39242701134779,7064,0.041137190095926895,0.3950967868723592,101770
bayesfl_observability_v1,ola_sparse_bayesian_keep010_seed42,175,ola,global,,,all,db,53,-64.54876926830244,-62.861453782211726,-63.70511152525708,8612,0.050151965048998076,0.47971897415741377,101770
bayesfl_observability_v1,ola_sparse_bayesian_keep010_seed42,175,ola,global,,,all,db,54,-62.861453782211726,-61.17413829612103,-62.01779603916638,10089,0.05875327164181908,0.5788542792571485,101770
bayesfl_observability_v1,ola_sparse_bayesian_keep010_seed42,175,ola,global,,,all,db,55,-61.17413829612103,-59.48682281003032,-60.330480553075674,12294,0.07159408480171649,0.6996560872555763,101770
bayesfl_observability_v1,ola_sparse_bayesian_keep010_seed42,175,ola,global,,,all,db,56,-59.48682281003032,-57.79950732393961,-58.64316506698496,9281,0.054047885232205196,0.7908519209983296,101770
bayesfl_observability_v1,ola_sparse_bayesian_keep010_seed42,175,ola,global,,,all,db,57,-57.79950732393961,-56.11219183784891,-56.95584958089426,6006,0.034975929178388876,0.8498673479414366,101770
bayesfl_observability_v1,ola_sparse_bayesian_keep010_seed42,175,ola,global,,,all,db,58,-56.11219183784891,-54.4248763517582,-55.268534094803556,5215,0.030369542235314094,0.9011103468605679,101770
bayesfl_observability_v1,ola_sparse_bayesian_keep010_seed42,175,ola,global,,,all,db,59,-54.4248763517582,-52.73756086566749,-53.581218608712845,4084,0.0237831659614617,0.9412400510956077,101770
bayesfl_observability_v1,ola_sparse_bayesian_keep010_seed42,175,ola,global,,,all,db,60,-52.73756086566749,-51.05024537957679,-51.89390312262214,2917,0.016987143758468257,0.9699027218237202,101770
bayesfl_observability_v1,ola_sparse_bayesian_keep010_seed42,175,ola,global,,,all,db,61,-51.05024537957679,-49.36292989348608,-50.20658763653144,1478,0.008607130090852202,0.9844256657168124,101770
bayesfl_observability_v1,ola_sparse_bayesian_keep010_seed42,175,ola,global,,,all,db,62,-49.36292989348608,-47.675614407395386,-48.519272150440734,635,0.00369792125012936,0.9906652255084996,101770
bayesfl_observability_v1,ola_sparse_bayesian_keep010_seed42,175,ola,global,,,all,db,63,-47.675614407395386,-45.988298921304676,-46.83195666435003,194,0.0011297586181497478,0.9925714847204481,101770
bayesfl_observability_v1,ola_sparse_bayesian_keep010_seed42,175,ola,global,,,all,db,64,-45.988298921304676,-44.300983435213965,-45.14464117825932,109,0.0006347612854552706,0.9936425272673676,101770
bayesfl_observability_v1,ola_sparse_bayesian_keep010_seed42,175,ola,global,,,all,db,65,-44.300983435213965,-42.61366794912327,-43.45732569216862,94,0.0005474088149797793,0.9945661786381055,101770
bayesfl_observability_v1,ola_sparse_bayesian_keep010_seed42,175,ola,global,,,all,db,66,-42.61366794912327,-40.92635246303256,-41.77001020607791,97,0.0005648793090748739,0.9955193082440797,101770
bayesfl_observability_v1,ola_sparse_bayesian_keep010_seed42,175,ola,global,,,all,db,67,-40.92635246303256,-39.23903697694186,-40.08269471998721,94,0.0005474088149797793,0.9964429596148178,101770
bayesfl_observability_v1,ola_sparse_bayesian_keep010_seed42,175,ola,global,,,all,db,68,-39.23903697694186,-37.55172149085115,-38.395379233896506,79,0.0004600563445042787,0.9972192198093741,101770
bayesfl_observability_v1,ola_sparse_bayesian_keep010_seed42,175,ola,global,,,all,db,69,-37.55172149085115,-35.86440600476044,-36.708063747805795,76,0.0004425858504091795,0.9979660017686941,101770
bayesfl_observability_v1,ola_sparse_bayesian_keep010_seed42,175,ola,global,,,all,db,70,-35.86440600476044,-34.17709051866974,-35.02074826171509,68,0.000395997866155585,0.9986341751007173,101770
bayesfl_observability_v1,ola_sparse_bayesian_keep010_seed42,175,ola,global,,,all,db,71,-34.17709051866974,-32.48977503257903,-33.33343277562439,42,0.00024458691733138867,0.9990468703940257,101770
bayesfl_observability_v1,ola_sparse_bayesian_keep010_seed42,175,ola,global,,,all,db,72,-32.48977503257903,-30.802459546488322,-31.646117289533677,26,0.000151410948824193,0.9993023484327405,101770
bayesfl_observability_v1,ola_sparse_bayesian_keep010_seed42,175,ola,global,,,all,db,73,-30.802459546488322,-29.115144060397625,-29.958801803442974,27,0.00015723444685589405,0.9995676525498673,101770
bayesfl_observability_v1,ola_sparse_bayesian_keep010_seed42,175,ola,global,,,all,db,74,-29.115144060397625,-27.427828574306915,-28.27148631735227,15,8.735247047549596e-05,0.9997150437260489,101770
bayesfl_observability_v1,ola_sparse_bayesian_keep010_seed42,175,ola,global,,,all,db,75,-27.427828574306915,-25.740513088216204,-26.58417083126156,14,8.152897244379623e-05,0.9998526088238184,101770
bayesfl_observability_v1,ola_sparse_bayesian_keep010_seed42,175,ola,global,,,all,db,76,-25.740513088216204,-24.053197602125493,-24.89685534517085,6,3.4940988190198386e-05,0.999911565294291,101770
bayesfl_observability_v1,ola_sparse_bayesian_keep010_seed42,175,ola,global,,,all,db,77,-24.053197602125493,-22.36588211603481,-23.209539859080152,6,3.4940988190198975e-05,0.9999705217647636,101770
bayesfl_observability_v1,ola_sparse_bayesian_keep010_seed42,175,ola,global,,,all,db,78,-22.36588211603481,-20.6785666299441,-21.522224372989456,1,5.823498031699731e-06,0.9999803478431758,101770
bayesfl_observability_v1,ola_sparse_bayesian_keep010_seed42,175,ola,global,,,all,db,79,-20.6785666299441,-18.99125114385338,-19.834908886898738,2,1.1646996063399387e-05,1.0,101770
bayesfl_observability_v1,ola_sparse_bayesian_keep010_seed42,175,ola,global,,,layers.0.weight,raw,0,2.0005701773262004e-08,7.940443338327146e-05,3.971221954252236e-05,5465,686.007424260822,0.05445830676020408,100352
bayesfl_observability_v1,ola_sparse_bayesian_keep010_seed42,175,ola,global,,,layers.0.weight,raw,1,7.940443338327146e-05,0.00015878886106476968,0.00011909664722402057,5318,667.5548915313908,0.10745176977040816,100352
bayesfl_observability_v1,ola_sparse_bayesian_keep010_seed42,175,ola,global,,,layers.0.weight,raw,2,0.00015878886106476968,0.0002381732887462679,0.00019848107490551877,5296,664.7932879936529,0.16022600446428573,100352
bayesfl_observability_v1,ola_sparse_bayesian_keep010_seed42,175,ola,global,,,layers.0.weight,raw,3,0.0002381732887462679,0.00031755771642776607,0.000277865502587017,5433,681.9905463877487,0.21436543367346939,100352
bayesfl_observability_v1,ola_sparse_bayesian_keep010_seed42,175,ola,global,,,layers.0.weight,raw,4,0.00031755771642776607,0.0003969421441092643,0.0003572499302685152,5368,673.8312632080679,0.26785714285714285,100352
bayesfl_observability_v1,ola_sparse_bayesian_keep010_seed42,175,ola,global,,,layers.0.weight,raw,5,0.0003969421441092643,0.0004763265717907625,0.00043663435795001336,5376,674.8354826763367,0.32142857142857145,100352
bayesfl_observability_v1,ola_sparse_bayesian_keep010_seed42,175,ola,global,,,layers.0.weight,raw,6,0.0004763265717907625,0.0005557109994722607,0.0005160187856315116,5345,670.9441322367968,0.374691087372449,100352
bayesfl_observability_v1,ola_sparse_bayesian_keep010_seed42,175,ola,global,,,layers.0.weight,raw,7,0.0005557109994722607,0.0006350954271537589,0.0005954032133130098,5399,677.7226136476078,0.42849170918367346,100352
bayesfl_observability_v1,ola_sparse_bayesian_keep010_seed42,175,ola,global,,,layers.0.weight,raw,8,0.0006350954271537589,0.0007144798548352571,0.000674787640994508,5373,674.4589003757357,0.48203324298469385,100352
bayesfl_observability_v1,ola_sparse_bayesian_keep010_seed42,175,ola,global,,,layers.0.weight,raw,9,0.0007144798548352571,0.0007938642825167554,0.0007541720686760063,5144,645.7131180965539,0.5332928093112245,100352
bayesfl_observability_v1,ola_sparse_bayesian_keep010_seed42,175,ola,global,,,layers.0.weight,raw,10,0.0007938642825167554,0.0008732487101982535,0.0008335564963575044,5208,653.7468738427017,0.5851901307397959,100352
bayesfl_observability_v1,ola_sparse_bayesian_keep010_seed42,175,ola,global,,,layers.0.weight,raw,11,0.0008732487101982535,0.0009526331378797517,0.0009129409240390025,5323,668.1825286990584,0.6382334183673469,100352
bayesfl_observability_v1,ola_sparse_bayesian_keep010_seed42,175,ola,global,,,layers.0.weight,raw,12,0.0009526331378797517,0.00103201756556125,0.0009923253517205009,5151,646.5918101312878,0.6895627391581632,100352
bayesfl_observability_v1,ola_sparse_bayesian_keep010_seed42,175,ola,global,,,layers.0.weight,raw,13,0.00103201756556125,0.0011114019932427482,0.0010717097794019992,4521,567.5095270051564,0.7346141581632653,100352
bayesfl_observability_v1,ola_sparse_bayesian_keep010_seed42,175,ola,global,,,layers.0.weight,raw,14,0.0011114019932427482,0.0011907864209242465,0.0011510942070834973,3422,429.5548775517894,0.7687141262755102,100352
bayesfl_observability_v1,ola_sparse_bayesian_keep010_seed42,175,ola,global,,,layers.0.weight,raw,15,0.0011907864209242465,0.0012701708486057446,0.0012304786347649955,2595,325.743690019549,0.7945731026785714,100352
bayesfl_observability_v1,ola_sparse_bayesian_keep010_seed42,175,ola,global,,,layers.0.weight,raw,16,0.0012701708486057446,0.0013495552762872428,0.0013098630624464938,2038,255.82490954136446,0.8148816167091837,100352
bayesfl_observability_v1,ola_sparse_bayesian_keep010_seed42,175,ola,global,,,layers.0.weight,raw,17,0.0013495552762872428,0.001428939703968741,0.001389247490127992,1725,216.53482284536432,0.8320711096938775,100352
bayesfl_observability_v1,ola_sparse_bayesian_keep010_seed42,175,ola,global,,,layers.0.weight,raw,18,0.001428939703968741,0.0015083241316502392,0.00146863191780949,1638,205.61393612794652,0.8483936543367347,100352
bayesfl_observability_v1,ola_sparse_bayesian_keep010_seed42,175,ola,global,,,layers.0.weight,raw,19,0.0015083241316502392,0.0015877085593317376,0.0015480163454909884,1508,189.29536976858515,0.8634207589285714,100352
bayesfl_observability_v1,ola_sparse_bayesian_keep010_seed42,175,ola,global,,,layers.0.weight,raw,20,0.0015877085593317376,0.0016670929870132357,0.0016274007731724867,1310,164.44093792894378,0.8764748086734694,100352
bayesfl_observability_v1,ola_sparse_bayesian_keep010_seed42,175,ola,global,,,layers.0.weight,raw,21,0.0016670929870132357,0.0017464774146947338,0.0017067852008539846,1263,158.54114855286718,0.8890605070153061,100352
bayesfl_observability_v1,ola_sparse_bayesian_keep010_seed42,175,ola,global,,,layers.0.weight,raw,22,0.0017464774146947338,0.0018258618423762322,0.001786169628535483,1099,137.95464945336542,0.9000119579081632,100352
bayesfl_observability_v1,ola_sparse_bayesian_keep010_seed42,175,ola,global,,,layers.0.weight,raw,23,0.0018258618423762322,0.0019052462700577303,0.0018655540562169813,1126,141.34389015877153,0.9112324617346939,100352
bayesfl_observability_v1,ola_sparse_bayesian_keep010_seed42,175,ola,global,,,layers.0.weight,raw,24,0.0019052462700577303,0.001984630697739228,0.0019449384838984792,962,120.75739105927049,0.9208187181122449,100352
bayesfl_observability_v1,ola_sparse_bayesian_keep010_seed42,175,ola,global,,,layers.0.weight,raw,25,0.001984630697739228,0.0020640151254207265,0.0020243229115799776,887,111.34283354425399,0.9296576052295918,100352
bayesfl_observability_v1,ola_sparse_bayesian_keep010_seed42,175,ola,global,,,layers.0.weight,raw,26,0.0020640151254207265,0.002143399553102225,0.0021037073392614755,734,92.13713621362169,0.9369718590561225,100352
bayesfl_observability_v1,ola_sparse_bayesian_keep010_seed42,175,ola,global,,,layers.0.weight,raw,27,0.002143399553102225,0.0022227839807837228,0.002183091766942974,723,90.7563344447532,0.9441764987244898,100352
bayesfl_observability_v1,ola_sparse_bayesian_keep010_seed42,175,ola,global,,,layers.0.weight,raw,28,0.0022227839807837228,0.002302168408465221,0.002262476194624472,616,77.32489905666343,0.9503148915816326,100352
bayesfl_observability_v1,ola_sparse_bayesian_keep010_seed42,175,ola,global,,,layers.0.weight,raw,29,0.002302168408465221,0.0023815528361467195,0.00234186062230597,588,73.81013091772418,0.9561742665816326,100352
bayesfl_observability_v1,ola_sparse_bayesian_keep010_seed42,175,ola,global,,,layers.0.weight,raw,30,0.0023815528361467195,0.0024609372638282174,0.0024212450499874684,549,68.91456100991633,0.9616450095663265,100352
bayesfl_observability_v1,ola_sparse_bayesian_keep010_seed42,175,ola,global,,,layers.0.weight,raw,31,0.0024609372638282174,0.0025403216915097157,0.0025006294776689668,487,61.13186013083618,0.9664979272959183,100352
bayesfl_observability_v1,ola_sparse_bayesian_keep010_seed42,175,ola,global,,,layers.0.weight,raw,32,0.0025403216915097157,0.002619706119191214,0.0025800139053504647,450,56.48734509009503,0.9709821428571429,100352
bayesfl_observability_v1,ola_sparse_bayesian_keep010_seed42,175,ola,global,,,layers.0.weight,raw,33,0.002619706119191214,0.002699090546872712,0.002659398333031963,406,50.96413801461936,0.9750279017857143,100352
bayesfl_observability_v1,ola_sparse_bayesian_keep010_seed42,175,ola,global,,,layers.0.weight,raw,34,0.002699090546872712,0.0027784749745542103,0.0027387827607134613,329,41.29852563253615,0.9783063616071429,100352
bayesfl_observability_v1,ola_sparse_bayesian_keep010_seed42,175,ola,global,,,layers.0.weight,raw,35,0.0027784749745542103,0.0028578594022357086,0.0028181671883949592,287,36.02637342412728,0.9811662946428571,100352
bayesfl_observability_v1,ola_sparse_bayesian_keep010_seed42,175,ola,global,,,layers.0.weight,raw,36,0.0028578594022357086,0.0029372438299172065,0.0028975516160764576,271,34.01793448759075,0.9838667889030612,100352
bayesfl_observability_v1,ola_sparse_bayesian_keep010_seed42,175,ola,global,,,layers.0.weight,raw,37,0.0029372438299172065,0.003016628257598705,0.002976936043757956,211,26.486288475577894,0.985969387755102,100352
bayesfl_observability_v1,ola_sparse_bayesian_keep010_seed42,175,ola,global,,,layers.0.weight,raw,38,0.003016628257598705,0.0030960126852802032,0.003056320471439454,202,25.356541573775996,0.9879823022959183,100352
bayesfl_observability_v1,ola_sparse_bayesian_keep010_seed42,175,ola,global,,,layers.0.weight,raw,39,0.0030960126852802032,0.0031753971129617016,0.0031357048991209526,155,19.4567521976994,0.9895268654336735,100352
bayesfl_observability_v1,ola_sparse_bayesian_keep010_seed42,175,ola,global,,,layers.0.weight,raw,40,0.0031753971129617016,0.0032547815406431995,0.0032150893268024505,172,21.590718567769777,0.9912408322704082,100352
bayesfl_observability_v1,ola_sparse_bayesian_keep010_seed42,175,ola,global,,,layers.0.weight,raw,41,0.0032547815406431995,0.003334165968324698,0.0032944737544839484,115,14.43565485635762,0.9923867984693877,100352
bayesfl_observability_v1,ola_sparse_bayesian_keep010_seed42,175,ola,global,,,layers.0.weight,raw,42,0.003334165968324698,0.003413550396006196,0.003373858182165447,102,12.803798220421541,0.9934032206632653,100352
bayesfl_observability_v1,ola_sparse_bayesian_keep010_seed42,175,ola,global,,,layers.0.weight,raw,43,0.003413550396006196,0.003492934823687694,0.003453242609846945,84,10.544304416817798,0.9942402742346939,100352
bayesfl_observability_v1,ola_sparse_bayesian_keep010_seed42,175,ola,global,,,layers.0.weight,raw,44,0.003492934823687694,0.0035723192513691924,0.003532627037528443,95,11.92510618568673,0.9951869419642857,100352
bayesfl_observability_v1,ola_sparse_bayesian_keep010_seed42,175,ola,global,,,layers.0.weight,raw,45,0.0035723192513691924,0.0036517036790506907,0.003612011465209942,75,9.41455751501584,0.9959343112244898,100352
bayesfl_observability_v1,ola_sparse_bayesian_keep010_seed42,175,ola,global,,,layers.0.weight,raw,46,0.0036517036790506907,0.0037310881067321887,0.0036913958928914397,55,6.904008844344987,0.9964823820153061,100352
bayesfl_observability_v1,ola_sparse_bayesian_keep010_seed42,175,ola,global,,,layers.0.weight,raw,47,0.0037310881067321887,0.003810472534413687,0.0037707803205729376,53,6.65295397727786,0.9970105229591837,100352
bayesfl_observability_v1,ola_sparse_bayesian_keep010_seed42,175,ola,global,,,layers.0.weight,raw,48,0.003810472534413687,0.0038898569620951853,0.0038501647482544364,63,7.908228312613305,0.9976383131377551,100352
bayesfl_observability_v1,ola_sparse_bayesian_keep010_seed42,175,ola,global,,,layers.0.weight,raw,49,0.0038898569620951853,0.003969241389776683,0.003929549175935934,46,5.77426194254308,0.9980966996173469,100352
bayesfl_observability_v1,ola_sparse_bayesian_keep010_seed42,175,ola,global,,,layers.0.weight,raw,50,0.003969241389776683,0.004048625817458182,0.004008933603617433,36,4.5189876072075785,0.9984554368622449,100352
bayesfl_observability_v1,ola_sparse_bayesian_keep010_seed42,175,ola,global,,,layers.0.weight,raw,51,0.004048625817458182,0.00412801024513968,0.004088318031298931,37,4.644515040741172,0.9988241390306123,100352
bayesfl_observability_v1,ola_sparse_bayesian_keep010_seed42,175,ola,global,,,layers.0.weight,raw,52,0.00412801024513968,0.004207394672821178,0.004167702458980429,22,2.7616035377379946,0.9990433673469388,100352
bayesfl_observability_v1,ola_sparse_bayesian_keep010_seed42,175,ola,global,,,layers.0.weight,raw,53,0.004207394672821178,0.004286779100502677,0.004247086886661927,11,1.3808017688689822,0.999152981505102,100352
bayesfl_observability_v1,ola_sparse_bayesian_keep010_seed42,175,ola,global,,,layers.0.weight,raw,54,0.004286779100502677,0.0043661635281841745,0.0043264713143434256,12,1.5063292024025425,0.9992725605867347,100352
bayesfl_observability_v1,ola_sparse_bayesian_keep010_seed42,175,ola,global,,,layers.0.weight,raw,55,0.0043661635281841745,0.004445547955865672,0.0044058557420249235,19,2.385021237137359,0.9994618941326531,100352
bayesfl_observability_v1,ola_sparse_bayesian_keep010_seed42,175,ola,global,,,layers.0.weight,raw,56,0.004445547955865672,0.004524932383547171,0.004485240169706422,4,0.5021097341341754,0.9995017538265306,100352
bayesfl_observability_v1,ola_sparse_bayesian_keep010_seed42,175,ola,global,,,layers.0.weight,raw,57,0.004524932383547171,0.004604316811228669,0.00456462459738792,7,0.8786920347348165,0.9995715082908163,100352
bayesfl_observability_v1,ola_sparse_bayesian_keep010_seed42,175,ola,global,,,layers.0.weight,raw,58,0.004604316811228669,0.004683701238910167,0.004644009025069418,8,1.0042194682683616,0.9996512276785714,100352
bayesfl_observability_v1,ola_sparse_bayesian_keep010_seed42,175,ola,global,,,layers.0.weight,raw,59,0.004683701238910167,0.004763085666591666,0.004723393452750916,5,0.6276371676677192,0.9997010522959183,100352
bayesfl_observability_v1,ola_sparse_bayesian_keep010_seed42,175,ola,global,,,layers.0.weight,raw,60,0.004763085666591666,0.004842470094273164,0.004802777880432415,5,0.627637167667726,0.9997508769132653,100352
bayesfl_observability_v1,ola_sparse_bayesian_keep010_seed42,175,ola,global,,,layers.0.weight,raw,61,0.004842470094273164,0.004921854521954662,0.004882162308113913,3,0.37658230060063563,0.9997807716836735,100352
bayesfl_observability_v1,ola_sparse_bayesian_keep010_seed42,175,ola,global,,,layers.0.weight,raw,62,0.004921854521954662,0.00500123894963616,0.004961546735795411,5,0.6276371676677192,0.9998305963010204,100352
bayesfl_observability_v1,ola_sparse_bayesian_keep010_seed42,175,ola,global,,,layers.0.weight,raw,63,0.00500123894963616,0.005080623377317658,0.005040931163476909,4,0.5021097341341808,0.999870455994898,100352
bayesfl_observability_v1,ola_sparse_bayesian_keep010_seed42,175,ola,global,,,layers.0.weight,raw,64,0.005080623377317658,0.005160007804999156,0.005120315591158407,2,0.2510548670670904,0.9998903858418368,100352
bayesfl_observability_v1,ola_sparse_bayesian_keep010_seed42,175,ola,global,,,layers.0.weight,raw,65,0.005160007804999156,0.005239392232680655,0.005199700018839905,4,0.5021097341341754,0.9999302455357143,100352
bayesfl_observability_v1,ola_sparse_bayesian_keep010_seed42,175,ola,global,,,layers.0.weight,raw,66,0.005239392232680655,0.005318776660362153,0.005279084446521404,1,0.1255274335335452,0.9999402104591837,100352
bayesfl_observability_v1,ola_sparse_bayesian_keep010_seed42,175,ola,global,,,layers.0.weight,raw,67,0.005318776660362153,0.005398161088043651,0.005358468874202902,2,0.2510548670670904,0.9999601403061225,100352
bayesfl_observability_v1,ola_sparse_bayesian_keep010_seed42,175,ola,global,,,layers.0.weight,raw,68,0.005398161088043651,0.0054775455157251495,0.005437853301884401,2,0.2510548670670877,0.9999800701530612,100352
bayesfl_observability_v1,ola_sparse_bayesian_keep010_seed42,175,ola,global,,,layers.0.weight,raw,69,0.0054775455157251495,0.0055569299434066475,0.0055172377295658985,0,0.0,0.9999800701530612,100352
bayesfl_observability_v1,ola_sparse_bayesian_keep010_seed42,175,ola,global,,,layers.0.weight,raw,70,0.0055569299434066475,0.005636314371088145,0.005596622157247396,0,0.0,0.9999800701530612,100352
bayesfl_observability_v1,ola_sparse_bayesian_keep010_seed42,175,ola,global,,,layers.0.weight,raw,71,0.005636314371088145,0.005715698798769644,0.005676006584928894,0,0.0,0.9999800701530612,100352
bayesfl_observability_v1,ola_sparse_bayesian_keep010_seed42,175,ola,global,,,layers.0.weight,raw,72,0.005715698798769644,0.005795083226451142,0.005755391012610393,0,0.0,0.9999800701530612,100352
bayesfl_observability_v1,ola_sparse_bayesian_keep010_seed42,175,ola,global,,,layers.0.weight,raw,73,0.005795083226451142,0.00587446765413264,0.005834775440291891,0,0.0,0.9999800701530612,100352
bayesfl_observability_v1,ola_sparse_bayesian_keep010_seed42,175,ola,global,,,layers.0.weight,raw,74,0.00587446765413264,0.005953852081814139,0.00591415986797339,1,0.12552743353354384,0.9999900350765306,100352
bayesfl_observability_v1,ola_sparse_bayesian_keep010_seed42,175,ola,global,,,layers.0.weight,raw,75,0.005953852081814139,0.006033236509495637,0.005993544295654888,0,0.0,0.9999900350765306,100352
bayesfl_observability_v1,ola_sparse_bayesian_keep010_seed42,175,ola,global,,,layers.0.weight,raw,76,0.006033236509495637,0.0061126209371771345,0.006072928723336386,0,0.0,0.9999900350765306,100352
bayesfl_observability_v1,ola_sparse_bayesian_keep010_seed42,175,ola,global,,,layers.0.weight,raw,77,0.0061126209371771345,0.006192005364858633,0.0061523131510178835,0,0.0,0.9999900350765306,100352
bayesfl_observability_v1,ola_sparse_bayesian_keep010_seed42,175,ola,global,,,layers.0.weight,raw,78,0.006192005364858633,0.006271389792540131,0.006231697578699382,0,0.0,0.9999900350765306,100352
bayesfl_observability_v1,ola_sparse_bayesian_keep010_seed42,175,ola,global,,,layers.0.weight,raw,79,0.006271389792540131,0.00635077422022163,0.006311082006380881,1,0.12552743353354384,1.0,100352
bayesfl_observability_v1,ola_sparse_bayesian_keep010_seed42,175,ola,global,,,layers.0.weight,db,0,-153.97649003110982,-152.60107723740944,-153.28878363425963,1,7.245042008500129e-06,9.964923469387754e-06,100352
bayesfl_observability_v1,ola_sparse_bayesian_keep010_seed42,175,ola,global,,,layers.0.weight,db,1,-152.60107723740944,-151.22566444370906,-151.91337084055925,0,0.0,9.964923469387754e-06,100352
bayesfl_observability_v1,ola_sparse_bayesian_keep010_seed42,175,ola,global,,,layers.0.weight,db,2,-151.22566444370906,-149.85025165000872,-150.53795804685888,1,7.245042008500279e-06,1.992984693877551e-05,100352
bayesfl_observability_v1,ola_sparse_bayesian_keep010_seed42,175,ola,global,,,layers.0.weight,db,3,-149.85025165000872,-148.47483885630834,-149.16254525315853,0,0.0,1.992984693877551e-05,100352
bayesfl_observability_v1,ola_sparse_bayesian_keep010_seed42,175,ola,global,,,layers.0.weight,db,4,-148.47483885630834,-147.09942606260796,-147.78713245945815,1,7.245042008500129e-06,2.9894770408163265e-05,100352
bayesfl_observability_v1,ola_sparse_bayesian_keep010_seed42,175,ola,global,,,layers.0.weight,db,5,-147.09942606260796,-145.72401326890758,-146.41171966575777,0,0.0,2.9894770408163265e-05,100352
bayesfl_observability_v1,ola_sparse_bayesian_keep010_seed42,175,ola,global,,,layers.0.weight,db,6,-145.72401326890758,-144.3486004752072,-145.0363068720574,2,1.4490084017000258e-05,4.982461734693878e-05,100352
bayesfl_observability_v1,ola_sparse_bayesian_keep010_seed42,175,ola,global,,,layers.0.weight,db,7,-144.3486004752072,-142.97318768150686,-143.66089407835705,0,0.0,4.982461734693878e-05,100352
bayesfl_observability_v1,ola_sparse_bayesian_keep010_seed42,175,ola,global,,,layers.0.weight,db,8,-142.97318768150686,-141.59777488780648,-142.28548128465667,0,0.0,4.982461734693878e-05,100352
bayesfl_observability_v1,ola_sparse_bayesian_keep010_seed42,175,ola,global,,,layers.0.weight,db,9,-141.59777488780648,-140.2223620941061,-140.9100684909563,1,7.245042008500129e-06,5.978954081632653e-05,100352
bayesfl_observability_v1,ola_sparse_bayesian_keep010_seed42,175,ola,global,,,layers.0.weight,db,10,-140.2223620941061,-138.84694930040573,-139.53465569725591,1,7.245042008500129e-06,6.975446428571428e-05,100352
bayesfl_observability_v1,ola_sparse_bayesian_keep010_seed42,175,ola,global,,,layers.0.weight,db,11,-138.84694930040573,-137.47153650670538,-138.15924290355554,1,7.245042008500279e-06,7.971938775510203e-05,100352
bayesfl_observability_v1,ola_sparse_bayesian_keep010_seed42,175,ola,global,,,layers.0.weight,db,12,-137.47153650670538,-136.096123713005,-136.7838301098552,1,7.245042008500129e-06,8.96843112244898e-05,100352
bayesfl_observability_v1,ola_sparse_bayesian_keep010_seed42,175,ola,global,,,layers.0.weight,db,13,-136.096123713005,-134.72071091930462,-135.4084173161548,2,1.4490084017000258e-05,0.0001096141581632653,100352
bayesfl_observability_v1,ola_sparse_bayesian_keep010_seed42,175,ola,global,,,layers.0.weight,db,14,-134.72071091930462,-133.34529812560424,-134.03300452245443,1,7.245042008500129e-06,0.00011957908163265306,100352
bayesfl_observability_v1,ola_sparse_bayesian_keep010_seed42,175,ola,global,,,layers.0.weight,db,15,-133.34529812560424,-131.96988533190387,-132.65759172875406,3,2.1735126025500387e-05,0.00014947385204081633,100352
bayesfl_observability_v1,ola_sparse_bayesian_keep010_seed42,175,ola,global,,,layers.0.weight,db,16,-131.96988533190387,-130.5944725382035,-131.28217893505368,4,2.8980168034000516e-05,0.00018933354591836734,100352
bayesfl_observability_v1,ola_sparse_bayesian_keep010_seed42,175,ola,global,,,layers.0.weight,db,17,-130.5944725382035,-129.21905974450314,-129.90676614135333,2,1.4490084017000558e-05,0.00020926339285714285,100352
bayesfl_observability_v1,ola_sparse_bayesian_keep010_seed42,175,ola,global,,,layers.0.weight,db,18,-129.21905974450314,-127.84364695080276,-128.53135334765295,3,2.1735126025500387e-05,0.00023915816326530612,100352
bayesfl_observability_v1,ola_sparse_bayesian_keep010_seed42,175,ola,global,,,layers.0.weight,db,19,-127.84364695080276,-126.46823415710239,-127.15594055395258,4,2.8980168034000516e-05,0.00027901785714285713,100352
bayesfl_observability_v1,ola_sparse_bayesian_keep010_seed42,175,ola,global,,,layers.0.weight,db,20,-126.46823415710239,-125.09282136340201,-125.7805277602522,11,7.969546209350142e-05,0.00038863201530612245,100352
bayesfl_observability_v1,ola_sparse_bayesian_keep010_seed42,175,ola,global,,,layers.0.weight,db,21,-125.09282136340201,-123.71740856970165,-124.40511496655182,7,5.071529405950143e-05,0.00045838647959183676,100352
bayesfl_observability_v1,ola_sparse_bayesian_keep010_seed42,175,ola,global,,,layers.0.weight,db,22,-123.71740856970165,-122.34199577600127,-123.02970217285146,7,5.07152940595009e-05,0.0005281409438775511,100352
bayesfl_observability_v1,ola_sparse_bayesian_keep010_seed42,175,ola,global,,,layers.0.weight,db,23,-122.34199577600127,-120.9665829823009,-121.6542893791511,7,5.071529405950143e-05,0.0005978954081632653,100352
bayesfl_observability_v1,ola_sparse_bayesian_keep010_seed42,175,ola,global,,,layers.0.weight,db,24,-120.9665829823009,-119.59117018860053,-120.27887658545072,6,4.3470252051000774e-05,0.0006576849489795918,100352
bayesfl_observability_v1,ola_sparse_bayesian_keep010_seed42,175,ola,global,,,layers.0.weight,db,25,-119.59117018860053,-118.21575739490015,-118.90346379175034,15,0.00010867563012750193,0.0008071588010204082,100352
bayesfl_observability_v1,ola_sparse_bayesian_keep010_seed42,175,ola,global,,,layers.0.weight,db,26,-118.21575739490015,-116.84034460119979,-117.52805099804996,12,8.694050410200244e-05,0.0009267378826530613,100352
bayesfl_observability_v1,ola_sparse_bayesian_keep010_seed42,175,ola,global,,,layers.0.weight,db,27,-116.84034460119979,-115.46493180749943,-116.15263820434961,17,0.00012316571414450347,0.001096141581632653,100352
bayesfl_observability_v1,ola_sparse_bayesian_keep010_seed42,175,ola,global,,,layers.0.weight,db,28,-115.46493180749943,-114.08951901379905,-114.77722541064924,28,0.0002028611762380036,0.0013751594387755102,100352
bayesfl_observability_v1,ola_sparse_bayesian_keep010_seed42,175,ola,global,,,layers.0.weight,db,29,-114.08951901379905,-112.71410622009867,-113.40181261694886,20,0.00014490084017000258,0.0015744579081632653,100352
bayesfl_observability_v1,ola_sparse_bayesian_keep010_seed42,175,ola,global,,,layers.0.weight,db,30,-112.71410622009867,-111.3386934263983,-112.02639982324848,42,0.0003042917643570054,0.001992984693877551,100352
bayesfl_observability_v1,ola_sparse_bayesian_keep010_seed42,175,ola,global,,,layers.0.weight,db,31,-111.3386934263983,-109.96328063269793,-110.6509870295481,35,0.00025357647029750714,0.0023417570153061226,100352
bayesfl_observability_v1,ola_sparse_bayesian_keep010_seed42,175,ola,global,,,layers.0.weight,db,32,-109.96328063269793,-108.58786783899757,-109.27557423584776,27,0.00019561613422950551,0.002610809948979592,100352
bayesfl_observability_v1,ola_sparse_bayesian_keep010_seed42,175,ola,global,,,layers.0.weight,db,33,-108.58786783899757,-107.21245504529719,-107.90016144214738,51,0.0003694971424335066,0.0031190210459183672,100352
bayesfl_observability_v1,ola_sparse_bayesian_keep010_seed42,175,ola,global,,,layers.0.weight,db,34,-107.21245504529719,-105.83704225159681,-106.524748648447,42,0.0003042917643570054,0.003537547831632653,100352
bayesfl_observability_v1,ola_sparse_bayesian_keep010_seed42,175,ola,global,,,layers.0.weight,db,35,-105.83704225159681,-104.46162945789644,-105.14933585474662,67,0.00048541781456950866,0.004205197704081632,100352
bayesfl_observability_v1,ola_sparse_bayesian_keep010_seed42,175,ola,global,,,layers.0.weight,db,36,-104.46162945789644,-103.08621666419607,-103.77392306104625,66,0.00047817277256101344,0.004862882653061225,100352
bayesfl_observability_v1,ola_sparse_bayesian_keep010_seed42,175,ola,global,,,layers.0.weight,db,37,-103.08621666419607,-101.71080387049571,-102.3985102673459,85,0.0006158285707225173,0.005709901147959184,100352
bayesfl_observability_v1,ola_sparse_bayesian_keep010_seed42,175,ola,global,,,layers.0.weight,db,38,-101.71080387049571,-100.33539107679533,-101.02309747364552,113,0.0008186897469605145,0.0068359375,100352
bayesfl_observability_v1,ola_sparse_bayesian_keep010_seed42,175,ola,global,,,layers.0.weight,db,39,-100.33539107679533,-98.95997828309496,-99.64768467994514,99,0.0007172591588415128,0.007822464923469387,100352
bayesfl_observability_v1,ola_sparse_bayesian_keep010_seed42,175,ola,global,,,layers.0.weight,db,40,-98.95997828309496,-97.58456548939458,-98.27227188624477,119,0.0008621599990115154,0.009008290816326531,100352
bayesfl_observability_v1,ola_sparse_bayesian_keep010_seed42,175,ola,global,,,layers.0.weight,db,41,-97.58456548939458,-96.20915269569421,-96.89685909254439,170,0.0012316571414450347,0.01070232780612245,100352
bayesfl_observability_v1,ola_sparse_bayesian_keep010_seed42,175,ola,global,,,layers.0.weight,db,42,-96.20915269569421,-94.83373990199385,-95.52144629884404,202,0.0014634984857170412,0.012715242346938776,100352
bayesfl_observability_v1,ola_sparse_bayesian_keep010_seed42,175,ola,global,,,layers.0.weight,db,43,-94.83373990199385,-93.45832710829347,-94.14603350514366,194,0.001405538149649025,0.0146484375,100352
bayesfl_observability_v1,ola_sparse_bayesian_keep010_seed42,175,ola,global,,,layers.0.weight,db,44,-93.45832710829347,-92.0829143145931,-92.77062071144329,264,0.001912691090244034,0.017279177295918366,100352
bayesfl_observability_v1,ola_sparse_bayesian_keep010_seed42,175,ola,global,,,layers.0.weight,db,45,-92.0829143145931,-90.70750152089272,-91.39520791774291,284,0.0020575919304140367,0.02010921556122449,100352
bayesfl_observability_v1,ola_sparse_bayesian_keep010_seed42,175,ola,global,,,layers.0.weight,db,46,-90.70750152089272,-89.33208872719236,-90.01979512404253,337,0.002441579156864569,0.023467394770408163,100352
bayesfl_observability_v1,ola_sparse_bayesian_keep010_seed42,175,ola,global,,,layers.0.weight,db,47,-89.33208872719236,-87.956675933492,-88.64438233034218,391,0.00283281142532358,0.027363679846938774,100352
bayesfl_observability_v1,ola_sparse_bayesian_keep010_seed42,175,ola,global,,,layers.0.weight,db,48,-87.956675933492,-86.58126313979162,-87.2689695366418,493,0.003571805710190564,0.03227638711734694,100352
bayesfl_observability_v1,ola_sparse_bayesian_keep010_seed42,175,ola,global,,,layers.0.weight,db,49,-86.58126313979162,-85.20585034609124,-85.89355674294143,559,0.004049978482751572,0.03784677933673469,100352
bayesfl_observability_v1,ola_sparse_bayesian_keep010_seed42,175,ola,global,,,layers.0.weight,db,50,-85.20585034609124,-83.83043755239088,-84.51814394924105,616,0.004462945877236126,0.04398517219387755,100352
bayesfl_observability_v1,ola_sparse_bayesian_keep010_seed42,175,ola,global,,,layers.0.weight,db,51,-83.83043755239088,-82.4550247586905,-83.14273115554069,745,0.005397556296332596,0.05140904017857143,100352
bayesfl_observability_v1,ola_sparse_bayesian_keep010_seed42,175,ola,global,,,layers.0.weight,db,52,-82.4550247586905,-81.07961196499014,-81.76731836184032,903,0.0065422729336756845,0.06040736607142857,100352
bayesfl_observability_v1,ola_sparse_bayesian_keep010_seed42,175,ola,global,,,layers.0.weight,db,53,-81.07961196499014,-79.70419917128976,-80.39190556813995,971,0.0070349357902536255,0.07008330676020408,100352
bayesfl_observability_v1,ola_sparse_bayesian_keep010_seed42,175,ola,global,,,layers.0.weight,db,54,-79.70419917128976,-78.32878637758938,-79.01649277443957,1217,0.008817216124344657,0.08221061862244898,100352
bayesfl_observability_v1,ola_sparse_bayesian_keep010_seed42,175,ola,global,,,layers.0.weight,db,55,-78.32878637758938,-76.95337358388902,-77.64107998073919,1383,0.010019893097755783,0.09599210778061225,100352
bayesfl_observability_v1,ola_sparse_bayesian_keep010_seed42,175,ola,global,,,layers.0.weight,db,56,-76.95337358388902,-75.57796079018864,-76.26566718703883,1621,0.01174421309577871,0.11214524872448979,100352
bayesfl_observability_v1,ola_sparse_bayesian_keep010_seed42,175,ola,global,,,layers.0.weight,db,57,-75.57796079018864,-74.20254799648828,-74.89025439333847,1934,0.014011911244439394,0.13141741071428573,100352
bayesfl_observability_v1,ola_sparse_bayesian_keep010_seed42,175,ola,global,,,layers.0.weight,db,58,-74.20254799648828,-72.8271352027879,-73.51484159963809,2212,0.016026032922802285,0.15345982142857142,100352
bayesfl_observability_v1,ola_sparse_bayesian_keep010_seed42,175,ola,global,,,layers.0.weight,db,59,-72.8271352027879,-71.45172240908752,-72.13942880593771,2674,0.019373242330729346,0.18010602678571427,100352
bayesfl_observability_v1,ola_sparse_bayesian_keep010_seed42,175,ola,global,,,layers.0.weight,db,60,-71.45172240908752,-70.07630961538716,-70.76401601223733,3137,0.02272769678066514,0.2113659917091837,100352
bayesfl_observability_v1,ola_sparse_bayesian_keep010_seed42,175,ola,global,,,layers.0.weight,db,61,-70.07630961538716,-68.70089682168678,-69.38860321853697,3603,0.026103886356625965,0.24726961096938777,100352
bayesfl_observability_v1,ola_sparse_bayesian_keep010_seed42,175,ola,global,,,layers.0.weight,db,62,-68.70089682168678,-67.32548402798642,-68.01319042483661,4322,0.031313071560737885,0.2903380102040816,100352
bayesfl_observability_v1,ola_sparse_bayesian_keep010_seed42,175,ola,global,,,layers.0.weight,db,63,-67.32548402798642,-65.95007123428604,-66.63777763113623,5017,0.036348375756645145,0.34033203125,100352
bayesfl_observability_v1,ola_sparse_bayesian_keep010_seed42,175,ola,global,,,layers.0.weight,db,64,-65.95007123428604,-64.57465844058567,-65.26236483743585,5821,0.04217338953147925,0.39833785076530615,100352
bayesfl_observability_v1,ola_sparse_bayesian_keep010_seed42,175,ola,global,,,layers.0.weight,db,65,-64.57465844058567,-63.1992456468853,-63.886952043735484,6831,0.049490881960064896,0.46640824298469385,100352
bayesfl_observability_v1,ola_sparse_bayesian_keep010_seed42,175,ola,global,,,layers.0.weight,db,66,-63.1992456468853,-61.823832853184925,-62.51153925003511,7838,0.05678663926262401,0.5445133131377551,100352
bayesfl_observability_v1,ola_sparse_bayesian_keep010_seed42,175,ola,global,,,layers.0.weight,db,67,-61.823832853184925,-60.44842005948456,-61.13612645633474,9197,0.06663265135217637,0.6361607142857143,100352
bayesfl_observability_v1,ola_sparse_bayesian_keep010_seed42,175,ola,global,,,layers.0.weight,db,68,-60.44842005948456,-59.073007265784184,-59.76071366263437,9931,0.07195051218641478,0.7351223692602041,100352
bayesfl_observability_v1,ola_sparse_bayesian_keep010_seed42,175,ola,global,,,layers.0.weight,db,69,-59.073007265784184,-57.69759447208381,-58.385300868933996,6873,0.04979517372442139,0.8036112882653061,100352
bayesfl_observability_v1,ola_sparse_bayesian_keep010_seed42,175,ola,global,,,layers.0.weight,db,70,-57.69759447208381,-56.322181678383444,-57.009888075233626,4861,0.03521814920331949,0.85205078125,100352
bayesfl_observability_v1,ola_sparse_bayesian_keep010_seed42,175,ola,global,,,layers.0.weight,db,71,-56.322181678383444,-54.94676888468307,-55.634475281533255,4314,0.031255111224669556,0.8950394610969388,100352
bayesfl_observability_v1,ola_sparse_bayesian_keep010_seed42,175,ola,global,,,layers.0.weight,db,72,-54.94676888468307,-53.571356090982704,-54.259062487832885,3780,0.02738625879213077,0.9327068718112245,100352
bayesfl_observability_v1,ola_sparse_bayesian_keep010_seed42,175,ola,global,,,layers.0.weight,db,73,-53.571356090982704,-52.19594329728233,-52.883649694132515,2870,0.02079327056439537,0.9613062021683674,100352
bayesfl_observability_v1,ola_sparse_bayesian_keep010_seed42,175,ola,global,,,layers.0.weight,db,74,-52.19594329728233,-50.82053050358195,-51.50823690043214,2063,0.014946521663535767,0.9818638392857143,100352
bayesfl_observability_v1,ola_sparse_bayesian_keep010_seed42,175,ola,global,,,layers.0.weight,db,75,-50.82053050358195,-49.445117709881586,-50.13282410673177,1106,0.008013016461401226,0.9928850446428571,100352
bayesfl_observability_v1,ola_sparse_bayesian_keep010_seed42,175,ola,global,,,layers.0.weight,db,76,-49.445117709881586,-48.06970491618121,-48.7574113130314,514,0.003723951592369066,0.9980070153061225,100352
bayesfl_observability_v1,ola_sparse_bayesian_keep010_seed42,175,ola,global,,,layers.0.weight,db,77,-48.06970491618121,-46.694292122480846,-47.38199851933103,161,0.0011664517633685329,0.9996113679846939,100352
bayesfl_observability_v1,ola_sparse_bayesian_keep010_seed42,175,ola,global,,,layers.0.weight,db,78,-46.694292122480846,-45.31887932878047,-46.00658572563066,35,0.00025357647029750454,0.9999601403061225,100352
bayesfl_observability_v1,ola_sparse_bayesian_keep010_seed42,175,ola,global,,,layers.0.weight,db,79,-45.31887932878047,-43.943466535080084,-44.63117293193028,4,2.898016803400037e-05,1.0,100352
bayesfl_observability_v1,ola_sparse_bayesian_keep010_seed42,175,ola,global,,,layers.0.bias,raw,0,6.541046893630172e-06,6.713945957581398e-05,3.684025323472208e-05,5,644.6125941428255,0.0390625,128
bayesfl_observability_v1,ola_sparse_bayesian_keep010_seed42,175,ola,global,,,layers.0.bias,raw,1,6.713945957581398e-05,0.00012773787225799776,9.743866591690587e-05,9,1160.3026694570863,0.109375,128
bayesfl_observability_v1,ola_sparse_bayesian_keep010_seed42,175,ola,global,,,layers.0.bias,raw,2,0.00012773787225799776,0.00018833628494018155,0.00015803707859908967,4,515.6900753142605,0.140625,128
bayesfl_observability_v1,ola_sparse_bayesian_keep010_seed42,175,ola,global,,,layers.0.bias,raw,3,0.00018833628494018155,0.0002489346976223654,0.00021863549128127348,4,515.6900753142601,0.171875,128
bayesfl_observability_v1,ola_sparse_bayesian_keep010_seed42,175,ola,global,,,layers.0.bias,raw,4,0.0002489346976223654,0.0003095331103045492,0.0002792339039634573,5,644.6125941428254,0.2109375,128
bayesfl_observability_v1,ola_sparse_bayesian_keep010_seed42,175,ola,global,,,layers.0.bias,raw,5,0.0003095331103045492,0.00037013152298673296,0.0003398323166456411,4,515.6900753142608,0.2421875,128
bayesfl_observability_v1,ola_sparse_bayesian_keep010_seed42,175,ola,global,,,layers.0.bias,raw,6,0.00037013152298673296,0.0004307299356689168,0.00040043072932782487,4,515.6900753142603,0.2734375,128
bayesfl_observability_v1,ola_sparse_bayesian_keep010_seed42,175,ola,global,,,layers.0.bias,raw,7,0.0004307299356689168,0.0004913283483511005,0.00046102914201000863,4,515.6900753142608,0.3046875,128
bayesfl_observability_v1,ola_sparse_bayesian_keep010_seed42,175,ola,global,,,layers.0.bias,raw,8,0.0004913283483511005,0.0005519267610332844,0.0005216275546921924,2,257.84503765713015,0.3203125,128
bayesfl_observability_v1,ola_sparse_bayesian_keep010_seed42,175,ola,global,,,layers.0.bias,raw,9,0.0005519267610332844,0.0006125251737154682,0.0005822259673743763,1,128.92251882856507,0.328125,128
bayesfl_observability_v1,ola_sparse_bayesian_keep010_seed42,175,ola,global,,,layers.0.bias,raw,10,0.0006125251737154682,0.000673123586397652,0.0006428243800565601,2,257.84503765713015,0.34375,128
bayesfl_observability_v1,ola_sparse_bayesian_keep010_seed42,175,ola,global,,,layers.0.bias,raw,11,0.000673123586397652,0.0007337219990798357,0.0007034227927387438,1,128.92251882856533,0.3515625,128
bayesfl_observability_v1,ola_sparse_bayesian_keep010_seed42,175,ola,global,,,layers.0.bias,raw,12,0.0007337219990798357,0.0007943204117620195,0.0007640212054209276,5,644.6125941428254,0.390625,128
bayesfl_observability_v1,ola_sparse_bayesian_keep010_seed42,175,ola,global,,,layers.0.bias,raw,13,0.0007943204117620195,0.0008549188244442033,0.0008246196181031114,6,773.5351129713905,0.4375,128
bayesfl_observability_v1,ola_sparse_bayesian_keep010_seed42,175,ola,global,,,layers.0.bias,raw,14,0.0008549188244442033,0.0009155172371263871,0.0008852180307852952,1,128.92251882856507,0.4453125,128
bayesfl_observability_v1,ola_sparse_bayesian_keep010_seed42,175,ola,global,,,layers.0.bias,raw,15,0.0009155172371263871,0.0009761156498085709,0.000945816443467479,4,515.6900753142603,0.4765625,128
bayesfl_observability_v1,ola_sparse_bayesian_keep010_seed42,175,ola,global,,,layers.0.bias,raw,16,0.0009761156498085709,0.0010367140624907548,0.0010064148561496628,3,386.76755648569525,0.5,128
bayesfl_observability_v1,ola_sparse_bayesian_keep010_seed42,175,ola,global,,,layers.0.bias,raw,17,0.0010367140624907548,0.0010973124751729386,0.0010670132688318467,5,644.6125941428254,0.5390625,128
bayesfl_observability_v1,ola_sparse_bayesian_keep010_seed42,175,ola,global,,,layers.0.bias,raw,18,0.0010973124751729386,0.0011579108878551224,0.0011276116815140305,2,257.84503765713015,0.5546875,128
bayesfl_observability_v1,ola_sparse_bayesian_keep010_seed42,175,ola,global,,,layers.0.bias,raw,19,0.0011579108878551224,0.0012185093005373062,0.0011882100941962143,4,515.6900753142603,0.5859375,128
bayesfl_observability_v1,ola_sparse_bayesian_keep010_seed42,175,ola,global,,,layers.0.bias,raw,20,0.0012185093005373062,0.00127910771321949,0.001248808506878398,1,128.92251882856507,0.59375,128
bayesfl_observability_v1,ola_sparse_bayesian_keep010_seed42,175,ola,global,,,layers.0.bias,raw,21,0.00127910771321949,0.0013397061259016738,0.001309406919560582,3,386.76755648569525,0.6171875,128
bayesfl_observability_v1,ola_sparse_bayesian_keep010_seed42,175,ola,global,,,layers.0.bias,raw,22,0.0013397061259016738,0.0014003045385838576,0.0013700053322427657,5,644.6125941428254,0.65625,128
bayesfl_observability_v1,ola_sparse_bayesian_keep010_seed42,175,ola,global,,,layers.0.bias,raw,23,0.0014003045385838576,0.0014609029512660412,0.0014306037449249493,2,257.8450376571311,0.671875,128
bayesfl_observability_v1,ola_sparse_bayesian_keep010_seed42,175,ola,global,,,layers.0.bias,raw,24,0.0014609029512660412,0.001521501363948225,0.0014912021576071331,5,644.6125941428254,0.7109375,128
bayesfl_observability_v1,ola_sparse_bayesian_keep010_seed42,175,ola,global,,,layers.0.bias,raw,25,0.001521501363948225,0.0015820997766304089,0.001551800570289317,2,257.84503765713015,0.7265625,128
bayesfl_observability_v1,ola_sparse_bayesian_keep010_seed42,175,ola,global,,,layers.0.bias,raw,26,0.0015820997766304089,0.0016426981893125927,0.0016123989829715008,2,257.84503765713015,0.7421875,128
bayesfl_observability_v1,ola_sparse_bayesian_keep010_seed42,175,ola,global,,,layers.0.bias,raw,27,0.0016426981893125927,0.0017032966019947765,0.0016729973956536846,5,644.6125941428254,0.78125,128
bayesfl_observability_v1,ola_sparse_bayesian_keep010_seed42,175,ola,global,,,layers.0.bias,raw,28,0.0017032966019947765,0.0017638950146769603,0.0017335958083358684,1,128.92251882856507,0.7890625,128
bayesfl_observability_v1,ola_sparse_bayesian_keep010_seed42,175,ola,global,,,layers.0.bias,raw,29,0.0017638950146769603,0.0018244934273591441,0.0017941942210180522,0,0.0,0.7890625,128
bayesfl_observability_v1,ola_sparse_bayesian_keep010_seed42,175,ola,global,,,layers.0.bias,raw,30,0.0018244934273591441,0.001885091840041328,0.001854792633700236,2,257.84503765713015,0.8046875,128
bayesfl_observability_v1,ola_sparse_bayesian_keep010_seed42,175,ola,global,,,layers.0.bias,raw,31,0.001885091840041328,0.0019456902527235117,0.0019153910463824198,2,257.84503765713015,0.8203125,128
bayesfl_observability_v1,ola_sparse_bayesian_keep010_seed42,175,ola,global,,,layers.0.bias,raw,32,0.0019456902527235117,0.0020062886654056956,0.0019759894590646036,2,257.84503765713015,0.8359375,128
bayesfl_observability_v1,ola_sparse_bayesian_keep010_seed42,175,ola,global,,,layers.0.bias,raw,33,0.0020062886654056956,0.0020668870780878794,0.0020365878717467875,1,128.92251882856507,0.84375,128
bayesfl_observability_v1,ola_sparse_bayesian_keep010_seed42,175,ola,global,,,layers.0.bias,raw,34,0.0020668870780878794,0.002127485490770063,0.0020971862844289713,1,128.92251882856507,0.8515625,128
bayesfl_observability_v1,ola_sparse_bayesian_keep010_seed42,175,ola,global,,,layers.0.bias,raw,35,0.002127485490770063,0.002188083903452247,0.002157784697111155,1,128.92251882856507,0.859375,128
bayesfl_observability_v1,ola_sparse_bayesian_keep010_seed42,175,ola,global,,,layers.0.bias,raw,36,0.002188083903452247,0.002248682316134431,0.002218383109793339,2,257.84503765713015,0.875,128
bayesfl_observability_v1,ola_sparse_bayesian_keep010_seed42,175,ola,global,,,layers.0.bias,raw,37,0.002248682316134431,0.0023092807288166146,0.0022789815224755227,3,386.76755648569525,0.8984375,128
bayesfl_observability_v1,ola_sparse_bayesian_keep010_seed42,175,ola,global,,,layers.0.bias,raw,38,0.0023092807288166146,0.0023698791414987984,0.0023395799351577065,3,386.76755648569525,0.921875,128
bayesfl_observability_v1,ola_sparse_bayesian_keep010_seed42,175,ola,global,,,layers.0.bias,raw,39,0.0023698791414987984,0.0024304775541809823,0.0024001783478398903,1,128.92251882856507,0.9296875,128
bayesfl_observability_v1,ola_sparse_bayesian_keep010_seed42,175,ola,global,,,layers.0.bias,raw,40,0.0024304775541809823,0.002491075966863166,0.002460776760522074,3,386.76755648569525,0.953125,128
bayesfl_observability_v1,ola_sparse_bayesian_keep010_seed42,175,ola,global,,,layers.0.bias,raw,41,0.002491075966863166,0.00255167437954535,0.002521375173204258,0,0.0,0.953125,128
bayesfl_observability_v1,ola_sparse_bayesian_keep010_seed42,175,ola,global,,,layers.0.bias,raw,42,0.00255167437954535,0.0026122727922275337,0.002581973585886442,0,0.0,0.953125,128
bayesfl_observability_v1,ola_sparse_bayesian_keep010_seed42,175,ola,global,,,layers.0.bias,raw,43,0.0026122727922275337,0.0026728712049097175,0.0026425719985686256,1,128.92251882856507,0.9609375,128
bayesfl_observability_v1,ola_sparse_bayesian_keep010_seed42,175,ola,global,,,layers.0.bias,raw,44,0.0026728712049097175,0.0027334696175919013,0.0027031704112508094,0,0.0,0.9609375,128
bayesfl_observability_v1,ola_sparse_bayesian_keep010_seed42,175,ola,global,,,layers.0.bias,raw,45,0.0027334696175919013,0.002794068030274085,0.0027637688239329932,2,257.84503765713015,0.9765625,128
bayesfl_observability_v1,ola_sparse_bayesian_keep010_seed42,175,ola,global,,,layers.0.bias,raw,46,0.002794068030274085,0.002854666442956269,0.002824367236615177,1,128.92251882856507,0.984375,128
bayesfl_observability_v1,ola_sparse_bayesian_keep010_seed42,175,ola,global,,,layers.0.bias,raw,47,0.002854666442956269,0.0029152648556384523,0.0028849656492973604,0,0.0,0.984375,128
bayesfl_observability_v1,ola_sparse_bayesian_keep010_seed42,175,ola,global,,,layers.0.bias,raw,48,0.0029152648556384523,0.002975863268320636,0.0029455640619795442,0,0.0,0.984375,128
bayesfl_observability_v1,ola_sparse_bayesian_keep010_seed42,175,ola,global,,,layers.0.bias,raw,49,0.002975863268320636,0.00303646168100282,0.003006162474661728,1,128.92251882856507,0.9921875,128
bayesfl_observability_v1,ola_sparse_bayesian_keep010_seed42,175,ola,global,,,layers.0.bias,raw,50,0.00303646168100282,0.0030970600936850038,0.003066760887343912,0,0.0,0.9921875,128
bayesfl_observability_v1,ola_sparse_bayesian_keep010_seed42,175,ola,global,,,layers.0.bias,raw,51,0.0030970600936850038,0.0031576585063671876,0.0031273593000260957,0,0.0,0.9921875,128
bayesfl_observability_v1,ola_sparse_bayesian_keep010_seed42,175,ola,global,,,layers.0.bias,raw,52,0.0031576585063671876,0.0032182569190493714,0.0031879577127082795,0,0.0,0.9921875,128
bayesfl_observability_v1,ola_sparse_bayesian_keep010_seed42,175,ola,global,,,layers.0.bias,raw,53,0.0032182569190493714,0.003278855331731555,0.0032485561253904633,0,0.0,0.9921875,128
bayesfl_observability_v1,ola_sparse_bayesian_keep010_seed42,175,ola,global,,,layers.0.bias,raw,54,0.003278855331731555,0.003339453744413739,0.003309154538072647,0,0.0,0.9921875,128
bayesfl_observability_v1,ola_sparse_bayesian_keep010_seed42,175,ola,global,,,layers.0.bias,raw,55,0.003339453744413739,0.003400052157095923,0.003369752950754831,0,0.0,0.9921875,128
bayesfl_observability_v1,ola_sparse_bayesian_keep010_seed42,175,ola,global,,,layers.0.bias,raw,56,0.003400052157095923,0.0034606505697781067,0.0034303513634370147,0,0.0,0.9921875,128
bayesfl_observability_v1,ola_sparse_bayesian_keep010_seed42,175,ola,global,,,layers.0.bias,raw,57,0.0034606505697781067,0.0035212489824602905,0.0034909497761191986,0,0.0,0.9921875,128
bayesfl_observability_v1,ola_sparse_bayesian_keep010_seed42,175,ola,global,,,layers.0.bias,raw,58,0.0035212489824602905,0.0035818473951424743,0.0035515481888013824,0,0.0,0.9921875,128
bayesfl_observability_v1,ola_sparse_bayesian_keep010_seed42,175,ola,global,,,layers.0.bias,raw,59,0.0035818473951424743,0.003642445807824658,0.003612146601483566,0,0.0,0.9921875,128
bayesfl_observability_v1,ola_sparse_bayesian_keep010_seed42,175,ola,global,,,layers.0.bias,raw,60,0.003642445807824658,0.003703044220506842,0.00367274501416575,0,0.0,0.9921875,128
bayesfl_observability_v1,ola_sparse_bayesian_keep010_seed42,175,ola,global,,,layers.0.bias,raw,61,0.003703044220506842,0.0037636426331890257,0.003733343426847934,0,0.0,0.9921875,128
bayesfl_observability_v1,ola_sparse_bayesian_keep010_seed42,175,ola,global,,,layers.0.bias,raw,62,0.0037636426331890257,0.0038242410458712095,0.0037939418395301176,0,0.0,0.9921875,128
bayesfl_observability_v1,ola_sparse_bayesian_keep010_seed42,175,ola,global,,,layers.0.bias,raw,63,0.0038242410458712095,0.0038848394585533933,0.0038545402522123014,0,0.0,0.9921875,128
bayesfl_observability_v1,ola_sparse_bayesian_keep010_seed42,175,ola,global,,,layers.0.bias,raw,64,0.0038848394585533933,0.003945437871235577,0.003915138664894485,0,0.0,0.9921875,128
bayesfl_observability_v1,ola_sparse_bayesian_keep010_seed42,175,ola,global,,,layers.0.bias,raw,65,0.003945437871235577,0.004006036283917761,0.003975737077576669,0,0.0,0.9921875,128
bayesfl_observability_v1,ola_sparse_bayesian_keep010_seed42,175,ola,global,,,layers.0.bias,raw,66,0.004006036283917761,0.004066634696599945,0.004036335490258853,0,0.0,0.9921875,128
bayesfl_observability_v1,ola_sparse_bayesian_keep010_seed42,175,ola,global,,,layers.0.bias,raw,67,0.004066634696599945,0.004127233109282129,0.004096933902941037,0,0.0,0.9921875,128
bayesfl_observability_v1,ola_sparse_bayesian_keep010_seed42,175,ola,global,,,layers.0.bias,raw,68,0.004127233109282129,0.004187831521964312,0.0041575323156232205,0,0.0,0.9921875,128
bayesfl_observability_v1,ola_sparse_bayesian_keep010_seed42,175,ola,global,,,layers.0.bias,raw,69,0.004187831521964312,0.004248429934646496,0.004218130728305404,0,0.0,0.9921875,128
bayesfl_observability_v1,ola_sparse_bayesian_keep010_seed42,175,ola,global,,,layers.0.bias,raw,70,0.004248429934646496,0.00430902834732868,0.004278729140987588,0,0.0,0.9921875,128
bayesfl_observability_v1,ola_sparse_bayesian_keep010_seed42,175,ola,global,,,layers.0.bias,raw,71,0.00430902834732868,0.004369626760010864,0.004339327553669772,0,0.0,0.9921875,128
bayesfl_observability_v1,ola_sparse_bayesian_keep010_seed42,175,ola,global,,,layers.0.bias,raw,72,0.004369626760010864,0.004430225172693048,0.004399925966351956,0,0.0,0.9921875,128
bayesfl_observability_v1,ola_sparse_bayesian_keep010_seed42,175,ola,global,,,layers.0.bias,raw,73,0.004430225172693048,0.0044908235853752315,0.00446052437903414,0,0.0,0.9921875,128
bayesfl_observability_v1,ola_sparse_bayesian_keep010_seed42,175,ola,global,,,layers.0.bias,raw,74,0.0044908235853752315,0.004551421998057415,0.004521122791716323,0,0.0,0.9921875,128
bayesfl_observability_v1,ola_sparse_bayesian_keep010_seed42,175,ola,global,,,layers.0.bias,raw,75,0.004551421998057415,0.004612020410739599,0.004581721204398507,0,0.0,0.9921875,128
bayesfl_observability_v1,ola_sparse_bayesian_keep010_seed42,175,ola,global,,,layers.0.bias,raw,76,0.004612020410739599,0.004672618823421783,0.004642319617080691,0,0.0,0.9921875,128
bayesfl_observability_v1,ola_sparse_bayesian_keep010_seed42,175,ola,global,,,layers.0.bias,raw,77,0.004672618823421783,0.004733217236103967,0.004702918029762875,0,0.0,0.9921875,128
bayesfl_observability_v1,ola_sparse_bayesian_keep010_seed42,175,ola,global,,,layers.0.bias,raw,78,0.004733217236103967,0.0047938156487861506,0.004763516442445059,0,0.0,0.9921875,128
bayesfl_observability_v1,ola_sparse_bayesian_keep010_seed42,175,ola,global,,,layers.0.bias,raw,79,0.0047938156487861506,0.004854414061468334,0.0048241148551272425,1,128.92251882856507,1.0,128
bayesfl_observability_v1,ola_sparse_bayesian_keep010_seed42,175,ola,global,,,layers.0.bias,db,0,-103.68705341894102,-102.96943104690656,-103.3282422329238,1,0.010886644988298801,0.0078125,128
bayesfl_observability_v1,ola_sparse_bayesian_keep010_seed42,175,ola,global,,,layers.0.bias,db,1,-102.96943104690656,-102.25180867487211,-102.61061986088933,0,0.0,0.0078125,128
bayesfl_observability_v1,ola_sparse_bayesian_keep010_seed42,175,ola,global,,,layers.0.bias,db,2,-102.25180867487211,-101.53418630283767,-101.89299748885489,1,0.010886644988299016,0.015625,128
bayesfl_observability_v1,ola_sparse_bayesian_keep010_seed42,175,ola,global,,,layers.0.bias,db,3,-101.53418630283767,-100.81656393080321,-101.17537511682045,0,0.0,0.015625,128
bayesfl_observability_v1,ola_sparse_bayesian_keep010_seed42,175,ola,global,,,layers.0.bias,db,4,-100.81656393080321,-100.09894155876876,-100.45775274478598,0,0.0,0.015625,128
bayesfl_observability_v1,ola_sparse_bayesian_keep010_seed42,175,ola,global,,,layers.0.bias,db,5,-100.09894155876876,-99.3813191867343,-99.74013037275154,0,0.0,0.015625,128
bayesfl_observability_v1,ola_sparse_bayesian_keep010_seed42,175,ola,global,,,layers.0.bias,db,6,-99.3813191867343,-98.66369681469986,-99.02250800071708,0,0.0,0.015625,128
bayesfl_observability_v1,ola_sparse_bayesian_keep010_seed42,175,ola,global,,,layers.0.bias,db,7,-98.66369681469986,-97.9460744426654,-98.30488562868263,0,0.0,0.015625,128
bayesfl_observability_v1,ola_sparse_bayesian_keep010_seed42,175,ola,global,,,layers.0.bias,db,8,-97.9460744426654,-97.22845207063095,-97.58726325664819,0,0.0,0.015625,128
bayesfl_observability_v1,ola_sparse_bayesian_keep010_seed42,175,ola,global,,,layers.0.bias,db,9,-97.22845207063095,-96.5108296985965,-96.86964088461372,0,0.0,0.015625,128
bayesfl_observability_v1,ola_sparse_bayesian_keep010_seed42,175,ola,global,,,layers.0.bias,db,10,-96.5108296985965,-95.79320732656205,-96.15201851257928,0,0.0,0.015625,128
bayesfl_observability_v1,ola_sparse_bayesian_keep010_seed42,175,ola,global,,,layers.0.bias,db,11,-95.79320732656205,-95.0755849545276,-95.43439614054483,0,0.0,0.015625,128
bayesfl_observability_v1,ola_sparse_bayesian_keep010_seed42,175,ola,global,,,layers.0.bias,db,12,-95.0755849545276,-94.35796258249314,-94.71677376851036,0,0.0,0.015625,128
bayesfl_observability_v1,ola_sparse_bayesian_keep010_seed42,175,ola,global,,,layers.0.bias,db,13,-94.35796258249314,-93.64034021045869,-93.99915139647592,0,0.0,0.015625,128
bayesfl_observability_v1,ola_sparse_bayesian_keep010_seed42,175,ola,global,,,layers.0.bias,db,14,-93.64034021045869,-92.92271783842423,-93.28152902444145,0,0.0,0.015625,128
bayesfl_observability_v1,ola_sparse_bayesian_keep010_seed42,175,ola,global,,,layers.0.bias,db,15,-92.92271783842423,-92.20509546638979,-92.56390665240701,0,0.0,0.015625,128
bayesfl_observability_v1,ola_sparse_bayesian_keep010_seed42,175,ola,global,,,layers.0.bias,db,16,-92.20509546638979,-91.48747309435534,-91.84628428037257,0,0.0,0.015625,128
bayesfl_observability_v1,ola_sparse_bayesian_keep010_seed42,175,ola,global,,,layers.0.bias,db,17,-91.48747309435534,-90.76985072232088,-91.1286619083381,0,0.0,0.015625,128
bayesfl_observability_v1,ola_sparse_bayesian_keep010_seed42,175,ola,global,,,layers.0.bias,db,18,-90.76985072232088,-90.05222835028644,-90.41103953630366,0,0.0,0.015625,128
bayesfl_observability_v1,ola_sparse_bayesian_keep010_seed42,175,ola,global,,,layers.0.bias,db,19,-90.05222835028644,-89.33460597825199,-89.69341716426922,0,0.0,0.015625,128
bayesfl_observability_v1,ola_sparse_bayesian_keep010_seed42,175,ola,global,,,layers.0.bias,db,20,-89.33460597825199,-88.61698360621753,-88.97579479223475,1,0.010886644988298801,0.0234375,128
bayesfl_observability_v1,ola_sparse_bayesian_keep010_seed42,175,ola,global,,,layers.0.bias,db,21,-88.61698360621753,-87.89936123418308,-88.25817242020031,0,0.0,0.0234375,128
bayesfl_observability_v1,ola_sparse_bayesian_keep010_seed42,175,ola,global,,,layers.0.bias,db,22,-87.89936123418308,-87.18173886214862,-87.54055004816584,0,0.0,0.0234375,128
bayesfl_observability_v1,ola_sparse_bayesian_keep010_seed42,175,ola,global,,,layers.0.bias,db,23,-87.18173886214862,-86.46411649011418,-86.8229276761314,2,0.021773289976598033,0.0390625,128
bayesfl_observability_v1,ola_sparse_bayesian_keep010_seed42,175,ola,global,,,layers.0.bias,db,24,-86.46411649011418,-85.74649411807972,-86.10530530409696,0,0.0,0.0390625,128
bayesfl_observability_v1,ola_sparse_bayesian_keep010_seed42,175,ola,global,,,layers.0.bias,db,25,-85.74649411807972,-85.02887174604527,-85.38768293206249,0,0.0,0.0390625,128
bayesfl_observability_v1,ola_sparse_bayesian_keep010_seed42,175,ola,global,,,layers.0.bias,db,26,-85.02887174604527,-84.31124937401081,-84.67006056002805,0,0.0,0.0390625,128
bayesfl_observability_v1,ola_sparse_bayesian_keep010_seed42,175,ola,global,,,layers.0.bias,db,27,-84.31124937401081,-83.59362700197636,-83.95243818799358,0,0.0,0.0390625,128
bayesfl_observability_v1,ola_sparse_bayesian_keep010_seed42,175,ola,global,,,layers.0.bias,db,28,-83.59362700197636,-82.87600462994192,-83.23481581595914,2,0.021773289976598033,0.0546875,128
bayesfl_observability_v1,ola_sparse_bayesian_keep010_seed42,175,ola,global,,,layers.0.bias,db,29,-82.87600462994192,-82.15838225790746,-82.5171934439247,1,0.010886644988298801,0.0625,128
bayesfl_observability_v1,ola_sparse_bayesian_keep010_seed42,175,ola,global,,,layers.0.bias,db,30,-82.15838225790746,-81.440759885873,-81.79957107189023,0,0.0,0.0625,128
bayesfl_observability_v1,ola_sparse_bayesian_keep010_seed42,175,ola,global,,,layers.0.bias,db,31,-81.440759885873,-80.72313751383857,-81.08194869985579,3,0.03265993496489705,0.0859375,128
bayesfl_observability_v1,ola_sparse_bayesian_keep010_seed42,175,ola,global,,,layers.0.bias,db,32,-80.72313751383857,-80.00551514180411,-80.36432632782135,1,0.010886644988298801,0.09375,128
bayesfl_observability_v1,ola_sparse_bayesian_keep010_seed42,175,ola,global,,,layers.0.bias,db,33,-80.00551514180411,-79.28789276976966,-79.64670395578688,1,0.010886644988298801,0.1015625,128
bayesfl_observability_v1,ola_sparse_bayesian_keep010_seed42,175,ola,global,,,layers.0.bias,db,34,-79.28789276976966,-78.5702703977352,-78.92908158375243,1,0.010886644988298801,0.109375,128
bayesfl_observability_v1,ola_sparse_bayesian_keep010_seed42,175,ola,global,,,layers.0.bias,db,35,-78.5702703977352,-77.85264802570074,-78.21145921171797,0,0.0,0.109375,128
bayesfl_observability_v1,ola_sparse_bayesian_keep010_seed42,175,ola,global,,,layers.0.bias,db,36,-77.85264802570074,-77.1350256536663,-77.49383683968352,0,0.0,0.109375,128
bayesfl_observability_v1,ola_sparse_bayesian_keep010_seed42,175,ola,global,,,layers.0.bias,db,37,-77.1350256536663,-76.41740328163185,-76.77621446764908,1,0.010886644988298801,0.1171875,128
bayesfl_observability_v1,ola_sparse_bayesian_keep010_seed42,175,ola,global,,,layers.0.bias,db,38,-76.41740328163185,-75.6997809095974,-76.05859209561461,1,0.010886644988298801,0.125,128
bayesfl_observability_v1,ola_sparse_bayesian_keep010_seed42,175,ola,global,,,layers.0.bias,db,39,-75.6997809095974,-74.98215853756295,-75.34096972358017,1,0.010886644988299016,0.1328125,128
bayesfl_observability_v1,ola_sparse_bayesian_keep010_seed42,175,ola,global,,,layers.0.bias,db,40,-74.98215853756295,-74.26453616552848,-74.62334735154572,1,0.010886644988298586,0.140625,128
bayesfl_observability_v1,ola_sparse_bayesian_keep010_seed42,175,ola,global,,,layers.0.bias,db,41,-74.26453616552848,-73.54691379349404,-73.90572497951126,2,0.021773289976598033,0.15625,128
bayesfl_observability_v1,ola_sparse_bayesian_keep010_seed42,175,ola,global,,,layers.0.bias,db,42,-73.54691379349404,-72.82929142145959,-73.18810260747682,1,0.010886644988298801,0.1640625,128
bayesfl_observability_v1,ola_sparse_bayesian_keep010_seed42,175,ola,global,,,layers.0.bias,db,43,-72.82929142145959,-72.11166904942513,-72.47048023544235,1,0.010886644988298801,0.171875,128
bayesfl_observability_v1,ola_sparse_bayesian_keep010_seed42,175,ola,global,,,layers.0.bias,db,44,-72.11166904942513,-71.39404667739069,-71.75285786340791,2,0.021773289976598033,0.1875,128
bayesfl_observability_v1,ola_sparse_bayesian_keep010_seed42,175,ola,global,,,layers.0.bias,db,45,-71.39404667739069,-70.67642430535624,-71.03523549137347,0,0.0,0.1875,128
bayesfl_observability_v1,ola_sparse_bayesian_keep010_seed42,175,ola,global,,,layers.0.bias,db,46,-70.67642430535624,-69.95880193332178,-70.317613119339,4,0.043546579953195205,0.21875,128
bayesfl_observability_v1,ola_sparse_bayesian_keep010_seed42,175,ola,global,,,layers.0.bias,db,47,-69.95880193332178,-69.24117956128732,-69.59999074730456,2,0.021773289976597603,0.234375,128
bayesfl_observability_v1,ola_sparse_bayesian_keep010_seed42,175,ola,global,,,layers.0.bias,db,48,-69.24117956128732,-68.52355718925287,-68.88236837527009,1,0.010886644988298801,0.2421875,128
bayesfl_observability_v1,ola_sparse_bayesian_keep010_seed42,175,ola,global,,,layers.0.bias,db,49,-68.52355718925287,-67.80593481721843,-68.16474600323565,2,0.021773289976598033,0.2578125,128
bayesfl_observability_v1,ola_sparse_bayesian_keep010_seed42,175,ola,global,,,layers.0.bias,db,50,-67.80593481721843,-67.08831244518397,-67.44712363120121,3,0.03265993496489641,0.28125,128
bayesfl_observability_v1,ola_sparse_bayesian_keep010_seed42,175,ola,global,,,layers.0.bias,db,51,-67.08831244518397,-66.37069007314952,-66.72950125916674,3,0.03265993496489641,0.3046875,128
bayesfl_observability_v1,ola_sparse_bayesian_keep010_seed42,175,ola,global,,,layers.0.bias,db,52,-66.37069007314952,-65.65306770111508,-66.0118788871323,1,0.010886644988299016,0.3125,128
bayesfl_observability_v1,ola_sparse_bayesian_keep010_seed42,175,ola,global,,,layers.0.bias,db,53,-65.65306770111508,-64.93544532908061,-65.29425651509784,1,0.010886644988298586,0.3203125,128
bayesfl_observability_v1,ola_sparse_bayesian_keep010_seed42,175,ola,global,,,layers.0.bias,db,54,-64.93544532908061,-64.21782295704617,-64.57663414306339,1,0.010886644988299016,0.328125,128
bayesfl_observability_v1,ola_sparse_bayesian_keep010_seed42,175,ola,global,,,layers.0.bias,db,55,-64.21782295704617,-63.50020058501171,-63.85901177102894,2,0.021773289976597603,0.34375,128
bayesfl_observability_v1,ola_sparse_bayesian_keep010_seed42,175,ola,global,,,layers.0.bias,db,56,-63.50020058501171,-62.78257821297726,-63.14138939899449,1,0.010886644988298909,0.3515625,128
bayesfl_observability_v1,ola_sparse_bayesian_keep010_seed42,175,ola,global,,,layers.0.bias,db,57,-62.78257821297726,-62.06495584094281,-62.423767026960036,3,0.03265993496489641,0.375,128
bayesfl_observability_v1,ola_sparse_bayesian_keep010_seed42,175,ola,global,,,layers.0.bias,db,58,-62.06495584094281,-61.34733346890836,-61.70614465492558,8,0.08709315990639127,0.4375,128
bayesfl_observability_v1,ola_sparse_bayesian_keep010_seed42,175,ola,global,,,layers.0.bias,db,59,-61.34733346890836,-60.629711096873905,-60.98852228289113,2,0.021773289976597603,0.453125,128
bayesfl_observability_v1,ola_sparse_bayesian_keep010_seed42,175,ola,global,,,layers.0.bias,db,60,-60.629711096873905,-59.91208872483946,-60.270899910856684,3,0.03265993496489673,0.4765625,128
bayesfl_observability_v1,ola_sparse_bayesian_keep010_seed42,175,ola,global,,,layers.0.bias,db,61,-59.91208872483946,-59.194466352805,-59.55327753882223,8,0.08709315990639041,0.5390625,128
bayesfl_observability_v1,ola_sparse_bayesian_keep010_seed42,175,ola,global,,,layers.0.bias,db,62,-59.194466352805,-58.47684398077055,-58.835655166787774,3,0.03265993496489673,0.5625,128
bayesfl_observability_v1,ola_sparse_bayesian_keep010_seed42,175,ola,global,,,layers.0.bias,db,63,-58.47684398077055,-57.7592216087361,-58.118032794753326,4,0.043546579953195205,0.59375,128
bayesfl_observability_v1,ola_sparse_bayesian_keep010_seed42,175,ola,global,,,layers.0.bias,db,64,-57.7592216087361,-57.04159923670164,-57.40041042271887,8,0.08709315990639041,0.65625,128
bayesfl_observability_v1,ola_sparse_bayesian_keep010_seed42,175,ola,global,,,layers.0.bias,db,65,-57.04159923670164,-56.323976864667195,-56.68278805068442,7,0.07620651491809237,0.7109375,128
bayesfl_observability_v1,ola_sparse_bayesian_keep010_seed42,175,ola,global,,,layers.0.bias,db,66,-56.323976864667195,-55.60635449263274,-55.96516567864997,5,0.05443322494149401,0.75,128
bayesfl_observability_v1,ola_sparse_bayesian_keep010_seed42,175,ola,global,,,layers.0.bias,db,67,-55.60635449263274,-54.88873212059829,-55.24754330661551,5,0.054433224941494544,0.7890625,128
bayesfl_observability_v1,ola_sparse_bayesian_keep010_seed42,175,ola,global,,,layers.0.bias,db,68,-54.88873212059829,-54.171109748563836,-54.529920934581064,4,0.043546579953195205,0.8203125,128
bayesfl_observability_v1,ola_sparse_bayesian_keep010_seed42,175,ola,global,,,layers.0.bias,db,69,-54.171109748563836,-53.45348737652939,-53.812298562546616,4,0.043546579953195635,0.8515625,128
bayesfl_observability_v1,ola_sparse_bayesian_keep010_seed42,175,ola,global,,,layers.0.bias,db,70,-53.45348737652939,-52.73586500449493,-53.09467619051216,5,0.05443322494149401,0.890625,128
bayesfl_observability_v1,ola_sparse_bayesian_keep010_seed42,175,ola,global,,,layers.0.bias,db,71,-52.73586500449493,-52.018242632460485,-52.377053818477705,8,0.08709315990639127,0.953125,128
bayesfl_observability_v1,ola_sparse_bayesian_keep010_seed42,175,ola,global,,,layers.0.bias,db,72,-52.018242632460485,-51.30062026042603,-51.65943144644326,1,0.010886644988298801,0.9609375,128
bayesfl_observability_v1,ola_sparse_bayesian_keep010_seed42,175,ola,global,,,layers.0.bias,db,73,-51.30062026042603,-50.58299788839158,-50.94180907440881,3,0.03265993496489673,0.984375,128
bayesfl_observability_v1,ola_sparse_bayesian_keep010_seed42,175,ola,global,,,layers.0.bias,db,74,-50.58299788839158,-49.865375516357126,-50.224186702374354,1,0.010886644988298801,0.9921875,128
bayesfl_observability_v1,ola_sparse_bayesian_keep010_seed42,175,ola,global,,,layers.0.bias,db,75,-49.865375516357126,-49.14775314432268,-49.5065643303399,0,0.0,0.9921875,128
bayesfl_observability_v1,ola_sparse_bayesian_keep010_seed42,175,ola,global,,,layers.0.bias,db,76,-49.14775314432268,-48.43013077228822,-48.78894195830545,0,0.0,0.9921875,128
bayesfl_observability_v1,ola_sparse_bayesian_keep010_seed42,175,ola,global,,,layers.0.bias,db,77,-48.43013077228822,-47.712508400253775,-48.071319586271,0,0.0,0.9921875,128
bayesfl_observability_v1,ola_sparse_bayesian_keep010_seed42,175,ola,global,,,layers.0.bias,db,78,-47.712508400253775,-46.99488602821932,-47.35369721423655,0,0.0,0.9921875,128
bayesfl_observability_v1,ola_sparse_bayesian_keep010_seed42,175,ola,global,,,layers.0.bias,db,79,-46.99488602821932,-46.277263656184864,-46.63607484220209,1,0.010886644988298801,1.0,128
bayesfl_observability_v1,ola_sparse_bayesian_keep010_seed42,175,ola,global,,,layers.1.weight,raw,0,5.494063186415821e-06,0.0014093618573265522,0.000707427960256484,168,93.49170950986172,0.13125,1280
bayesfl_observability_v1,ola_sparse_bayesian_keep010_seed42,175,ola,global,,,layers.1.weight,raw,1,0.0014093618573265522,0.0028132296514666887,0.0021112957543966207,150,83.4747406338051,0.2484375,1280
bayesfl_observability_v1,ola_sparse_bayesian_keep010_seed42,175,ola,global,,,layers.1.weight,raw,2,0.0028132296514666887,0.004217097445606825,0.003515163548536757,142,79.02275446666883,0.359375,1280
bayesfl_observability_v1,ola_sparse_bayesian_keep010_seed42,175,ola,global,,,layers.1.weight,raw,3,0.004217097445606825,0.005620965239746962,0.004919031342676894,131,72.90127348685644,0.46171875,1280
bayesfl_observability_v1,ola_sparse_bayesian_keep010_seed42,175,ola,global,,,layers.1.weight,raw,4,0.005620965239746962,0.007024833033887099,0.006322899136817031,108,60.10181325633966,0.54609375,1280
bayesfl_observability_v1,ola_sparse_bayesian_keep010_seed42,175,ola,global,,,layers.1.weight,raw,5,0.007024833033887099,0.008428700828027234,0.007726766930957167,92,51.19784092206718,0.61796875,1280
bayesfl_observability_v1,ola_sparse_bayesian_keep010_seed42,175,ola,global,,,layers.1.weight,raw,6,0.008428700828027234,0.009832568622167371,0.009130634725097304,81,45.07635994225475,0.68125,1280
bayesfl_observability_v1,ola_sparse_bayesian_keep010_seed42,175,ola,global,,,layers.1.weight,raw,7,0.009832568622167371,0.011236436416307508,0.010534502519237439,60,33.38989625352203,0.728125,1280
bayesfl_observability_v1,ola_sparse_bayesian_keep010_seed42,175,ola,global,,,layers.1.weight,raw,8,0.011236436416307508,0.012640304210447645,0.011938370313377578,46,25.598920461033558,0.7640625,1280
bayesfl_observability_v1,ola_sparse_bayesian_keep010_seed42,175,ola,global,,,layers.1.weight,raw,9,0.012640304210447645,0.014044172004587782,0.013342238107517713,44,24.48592391924949,0.7984375,1280
bayesfl_observability_v1,ola_sparse_bayesian_keep010_seed42,175,ola,global,,,layers.1.weight,raw,10,0.014044172004587782,0.015448039798727917,0.01474610590165785,38,21.146934293897313,0.828125,1280
bayesfl_observability_v1,ola_sparse_bayesian_keep010_seed42,175,ola,global,,,layers.1.weight,raw,11,0.015448039798727917,0.016851907592868053,0.016149973695797987,39,21.70343256478935,0.85859375,1280
bayesfl_observability_v1,ola_sparse_bayesian_keep010_seed42,175,ola,global,,,layers.1.weight,raw,12,0.016851907592868053,0.01825577538700819,0.017553841489938122,21,11.686463688732697,0.875,1280
bayesfl_observability_v1,ola_sparse_bayesian_keep010_seed42,175,ola,global,,,layers.1.weight,raw,13,0.01825577538700819,0.019659643181148326,0.018957709284078257,22,12.242961959624761,0.8921875,1280
bayesfl_observability_v1,ola_sparse_bayesian_keep010_seed42,175,ola,global,,,layers.1.weight,raw,14,0.019659643181148326,0.021063510975288465,0.020361577078218396,10,5.564982708920332,0.9,1280
bayesfl_observability_v1,ola_sparse_bayesian_keep010_seed42,175,ola,global,,,layers.1.weight,raw,15,0.021063510975288465,0.0224673787694286,0.021765444872358534,17,9.460470605164588,0.91328125,1280
bayesfl_observability_v1,ola_sparse_bayesian_keep010_seed42,175,ola,global,,,layers.1.weight,raw,16,0.0224673787694286,0.023871246563568736,0.023169312666498666,14,7.790975792488484,0.92421875,1280
bayesfl_observability_v1,ola_sparse_bayesian_keep010_seed42,175,ola,global,,,layers.1.weight,raw,17,0.023871246563568736,0.025275114357708874,0.024573180460638805,10,5.564982708920332,0.93203125,1280
bayesfl_observability_v1,ola_sparse_bayesian_keep010_seed42,175,ola,global,,,layers.1.weight,raw,18,0.025275114357708874,0.02667898215184901,0.025977048254778944,9,5.008484438028312,0.9390625,1280
bayesfl_observability_v1,ola_sparse_bayesian_keep010_seed42,175,ola,global,,,layers.1.weight,raw,19,0.02667898215184901,0.028082849945989148,0.02738091604891908,7,3.8954878962442323,0.94453125,1280
bayesfl_observability_v1,ola_sparse_bayesian_keep010_seed42,175,ola,global,,,layers.1.weight,raw,20,0.028082849945989148,0.029486717740129283,0.028784783843059214,2,1.1129965417840693,0.94609375,1280
bayesfl_observability_v1,ola_sparse_bayesian_keep010_seed42,175,ola,global,,,layers.1.weight,raw,21,0.029486717740129283,0.03089058553426942,0.030188651637199353,6,3.3389896253522076,0.95078125,1280
bayesfl_observability_v1,ola_sparse_bayesian_keep010_seed42,175,ola,global,,,layers.1.weight,raw,22,0.03089058553426942,0.03229445332840956,0.03159251943133949,6,3.338989625352199,0.95546875,1280
bayesfl_observability_v1,ola_sparse_bayesian_keep010_seed42,175,ola,global,,,layers.1.weight,raw,23,0.03229445332840956,0.03369832112254969,0.03299638722547962,6,3.3389896253522156,0.96015625,1280
bayesfl_observability_v1,ola_sparse_bayesian_keep010_seed42,175,ola,global,,,layers.1.weight,raw,24,0.03369832112254969,0.03510218891668983,0.034400255019619755,7,3.8954878962442323,0.965625,1280
bayesfl_observability_v1,ola_sparse_bayesian_keep010_seed42,175,ola,global,,,layers.1.weight,raw,25,0.03510218891668983,0.036506056710829966,0.0358041228137599,7,3.8954878962442323,0.97109375,1280
bayesfl_observability_v1,ola_sparse_bayesian_keep010_seed42,175,ola,global,,,layers.1.weight,raw,26,0.036506056710829966,0.037909924504970105,0.03720799060790003,2,1.1129965417840664,0.97265625,1280
bayesfl_observability_v1,ola_sparse_bayesian_keep010_seed42,175,ola,global,,,layers.1.weight,raw,27,0.037909924504970105,0.03931379229911024,0.03861185840204017,2,1.112996541784072,0.97421875,1280
bayesfl_observability_v1,ola_sparse_bayesian_keep010_seed42,175,ola,global,,,layers.1.weight,raw,28,0.03931379229911024,0.040717660093250375,0.04001572619618031,1,0.5564982708920332,0.975,1280
bayesfl_observability_v1,ola_sparse_bayesian_keep010_seed42,175,ola,global,,,layers.1.weight,raw,29,0.040717660093250375,0.042121527887390514,0.04141959399032044,2,1.1129965417840664,0.9765625,1280
bayesfl_observability_v1,ola_sparse_bayesian_keep010_seed42,175,ola,global,,,layers.1.weight,raw,30,0.042121527887390514,0.043525395681530646,0.04282346178446058,3,1.6694948126761078,0.97890625,1280
bayesfl_observability_v1,ola_sparse_bayesian_keep010_seed42,175,ola,global,,,layers.1.weight,raw,31,0.043525395681530646,0.044929263475670785,0.04422732957860072,5,2.782491354460166,0.9828125,1280
bayesfl_observability_v1,ola_sparse_bayesian_keep010_seed42,175,ola,global,,,layers.1.weight,raw,32,0.044929263475670785,0.04633313126981092,0.04563119737274085,5,2.782491354460166,0.98671875,1280
bayesfl_observability_v1,ola_sparse_bayesian_keep010_seed42,175,ola,global,,,layers.1.weight,raw,33,0.04633313126981092,0.047736999063951055,0.04703506516688099,0,0.0,0.98671875,1280
bayesfl_observability_v1,ola_sparse_bayesian_keep010_seed42,175,ola,global,,,layers.1.weight,raw,34,0.047736999063951055,0.049140866858091194,0.04843893296102113,2,1.1129965417840664,0.98828125,1280
bayesfl_observability_v1,ola_sparse_bayesian_keep010_seed42,175,ola,global,,,layers.1.weight,raw,35,0.049140866858091194,0.05054473465223133,0.04984280075516126,0,0.0,0.98828125,1280
bayesfl_observability_v1,ola_sparse_bayesian_keep010_seed42,175,ola,global,,,layers.1.weight,raw,36,0.05054473465223133,0.051948602446371464,0.0512466685493014,0,0.0,0.98828125,1280
bayesfl_observability_v1,ola_sparse_bayesian_keep010_seed42,175,ola,global,,,layers.1.weight,raw,37,0.051948602446371464,0.0533524702405116,0.05265053634344154,0,0.0,0.98828125,1280
bayesfl_observability_v1,ola_sparse_bayesian_keep010_seed42,175,ola,global,,,layers.1.weight,raw,38,0.0533524702405116,0.05475633803465174,0.05405440413758167,0,0.0,0.98828125,1280
bayesfl_observability_v1,ola_sparse_bayesian_keep010_seed42,175,ola,global,,,layers.1.weight,raw,39,0.05475633803465174,0.05616020582879188,0.055458271931721814,2,1.1129965417840664,0.98984375,1280
bayesfl_observability_v1,ola_sparse_bayesian_keep010_seed42,175,ola,global,,,layers.1.weight,raw,40,0.05616020582879188,0.05756407362293201,0.056862139725861946,0,0.0,0.98984375,1280
bayesfl_observability_v1,ola_sparse_bayesian_keep010_seed42,175,ola,global,,,layers.1.weight,raw,41,0.05756407362293201,0.05896794141707215,0.05826600752000208,1,0.5564982708920332,0.990625,1280
bayesfl_observability_v1,ola_sparse_bayesian_keep010_seed42,175,ola,global,,,layers.1.weight,raw,42,0.05896794141707215,0.06037180921121229,0.05966987531414222,2,1.1129965417840664,0.9921875,1280
bayesfl_observability_v1,ola_sparse_bayesian_keep010_seed42,175,ola,global,,,layers.1.weight,raw,43,0.06037180921121229,0.06177567700535242,0.061073743108282355,0,0.0,0.9921875,1280
bayesfl_observability_v1,ola_sparse_bayesian_keep010_seed42,175,ola,global,,,layers.1.weight,raw,44,0.06177567700535242,0.06317954479949255,0.06247761090242249,1,0.5564982708920387,0.99296875,1280
bayesfl_observability_v1,ola_sparse_bayesian_keep010_seed42,175,ola,global,,,layers.1.weight,raw,45,0.06317954479949255,0.06458341259363269,0.06388147869656262,0,0.0,0.99296875,1280
bayesfl_observability_v1,ola_sparse_bayesian_keep010_seed42,175,ola,global,,,layers.1.weight,raw,46,0.06458341259363269,0.06598728038777282,0.06528534649070275,0,0.0,0.99296875,1280
bayesfl_observability_v1,ola_sparse_bayesian_keep010_seed42,175,ola,global,,,layers.1.weight,raw,47,0.06598728038777282,0.06739114818191295,0.0666892142848429,0,0.0,0.99296875,1280
bayesfl_observability_v1,ola_sparse_bayesian_keep010_seed42,175,ola,global,,,layers.1.weight,raw,48,0.06739114818191295,0.0687950159760531,0.06809308207898303,1,0.5564982708920304,0.99375,1280
bayesfl_observability_v1,ola_sparse_bayesian_keep010_seed42,175,ola,global,,,layers.1.weight,raw,49,0.0687950159760531,0.07019888377019323,0.06949694987312316,1,0.556498270892036,0.99453125,1280
bayesfl_observability_v1,ola_sparse_bayesian_keep010_seed42,175,ola,global,,,layers.1.weight,raw,50,0.07019888377019323,0.07160275156433338,0.0709008176672633,0,0.0,0.99453125,1280
bayesfl_observability_v1,ola_sparse_bayesian_keep010_seed42,175,ola,global,,,layers.1.weight,raw,51,0.07160275156433338,0.07300661935847351,0.07230468546140345,2,1.112996541784072,0.99609375,1280
bayesfl_observability_v1,ola_sparse_bayesian_keep010_seed42,175,ola,global,,,layers.1.weight,raw,52,0.07300661935847351,0.07441048715261364,0.07370855325554357,0,0.0,0.99609375,1280
bayesfl_observability_v1,ola_sparse_bayesian_keep010_seed42,175,ola,global,,,layers.1.weight,raw,53,0.07441048715261364,0.07581435494675379,0.07511242104968371,1,0.5564982708920304,0.996875,1280
bayesfl_observability_v1,ola_sparse_bayesian_keep010_seed42,175,ola,global,,,layers.1.weight,raw,54,0.07581435494675379,0.07721822274089392,0.07651628884382386,1,0.556498270892036,0.99765625,1280
bayesfl_observability_v1,ola_sparse_bayesian_keep010_seed42,175,ola,global,,,layers.1.weight,raw,55,0.07721822274089392,0.07862209053503405,0.07792015663796398,0,0.0,0.99765625,1280
bayesfl_observability_v1,ola_sparse_bayesian_keep010_seed42,175,ola,global,,,layers.1.weight,raw,56,0.07862209053503405,0.0800259583291742,0.07932402443210412,0,0.0,0.99765625,1280
bayesfl_observability_v1,ola_sparse_bayesian_keep010_seed42,175,ola,global,,,layers.1.weight,raw,57,0.0800259583291742,0.08142982612331433,0.08072789222624427,1,0.556498270892036,0.9984375,1280
bayesfl_observability_v1,ola_sparse_bayesian_keep010_seed42,175,ola,global,,,layers.1.weight,raw,58,0.08142982612331433,0.08283369391745446,0.08213176002038439,0,0.0,0.9984375,1280
bayesfl_observability_v1,ola_sparse_bayesian_keep010_seed42,175,ola,global,,,layers.1.weight,raw,59,0.08283369391745446,0.0842375617115946,0.08353562781452453,0,0.0,0.9984375,1280
bayesfl_observability_v1,ola_sparse_bayesian_keep010_seed42,175,ola,global,,,layers.1.weight,raw,60,0.0842375617115946,0.08564142950573474,0.08493949560866468,0,0.0,0.9984375,1280
bayesfl_observability_v1,ola_sparse_bayesian_keep010_seed42,175,ola,global,,,layers.1.weight,raw,61,0.08564142950573474,0.08704529729987487,0.0863433634028048,0,0.0,0.9984375,1280
bayesfl_observability_v1,ola_sparse_bayesian_keep010_seed42,175,ola,global,,,layers.1.weight,raw,62,0.08704529729987487,0.08844916509401501,0.08774723119694494,0,0.0,0.9984375,1280
bayesfl_observability_v1,ola_sparse_bayesian_keep010_seed42,175,ola,global,,,layers.1.weight,raw,63,0.08844916509401501,0.08985303288815515,0.08915109899108509,0,0.0,0.9984375,1280
bayesfl_observability_v1,ola_sparse_bayesian_keep010_seed42,175,ola,global,,,layers.1.weight,raw,64,0.08985303288815515,0.09125690068229528,0.0905549667852252,0,0.0,0.9984375,1280
bayesfl_observability_v1,ola_sparse_bayesian_keep010_seed42,175,ola,global,,,layers.1.weight,raw,65,0.09125690068229528,0.09266076847643542,0.09195883457936535,0,0.0,0.9984375,1280
bayesfl_observability_v1,ola_sparse_bayesian_keep010_seed42,175,ola,global,,,layers.1.weight,raw,66,0.09266076847643542,0.09406463627057556,0.0933627023735055,0,0.0,0.9984375,1280
bayesfl_observability_v1,ola_sparse_bayesian_keep010_seed42,175,ola,global,,,layers.1.weight,raw,67,0.09406463627057556,0.09546850406471569,0.09476657016764561,0,0.0,0.9984375,1280
bayesfl_observability_v1,ola_sparse_bayesian_keep010_seed42,175,ola,global,,,layers.1.weight,raw,68,0.09546850406471569,0.09687237185885583,0.09617043796178576,1,0.5564982708920304,0.99921875,1280
bayesfl_observability_v1,ola_sparse_bayesian_keep010_seed42,175,ola,global,,,layers.1.weight,raw,69,0.09687237185885583,0.09827623965299596,0.0975743057559259,0,0.0,0.99921875,1280
bayesfl_observability_v1,ola_sparse_bayesian_keep010_seed42,175,ola,global,,,layers.1.weight,raw,70,0.09827623965299596,0.0996801074471361,0.09897817355006602,0,0.0,0.99921875,1280
bayesfl_observability_v1,ola_sparse_bayesian_keep010_seed42,175,ola,global,,,layers.1.weight,raw,71,0.0996801074471361,0.10108397524127624,0.10038204134420617,0,0.0,0.99921875,1280
bayesfl_observability_v1,ola_sparse_bayesian_keep010_seed42,175,ola,global,,,layers.1.weight,raw,72,0.10108397524127624,0.10248784303541637,0.10178590913834631,0,0.0,0.99921875,1280
bayesfl_observability_v1,ola_sparse_bayesian_keep010_seed42,175,ola,global,,,layers.1.weight,raw,73,0.10248784303541637,0.1038917108295565,0.10318977693248643,0,0.0,0.99921875,1280
bayesfl_observability_v1,ola_sparse_bayesian_keep010_seed42,175,ola,global,,,layers.1.weight,raw,74,0.1038917108295565,0.10529557862369665,0.10459364472662658,0,0.0,0.99921875,1280
bayesfl_observability_v1,ola_sparse_bayesian_keep010_seed42,175,ola,global,,,layers.1.weight,raw,75,0.10529557862369665,0.10669944641783678,0.10599751252076672,0,0.0,0.99921875,1280
bayesfl_observability_v1,ola_sparse_bayesian_keep010_seed42,175,ola,global,,,layers.1.weight,raw,76,0.10669944641783678,0.10810331421197691,0.10740138031490684,0,0.0,0.99921875,1280
bayesfl_observability_v1,ola_sparse_bayesian_keep010_seed42,175,ola,global,,,layers.1.weight,raw,77,0.10810331421197691,0.10950718200611706,0.10880524810904699,0,0.0,0.99921875,1280
bayesfl_observability_v1,ola_sparse_bayesian_keep010_seed42,175,ola,global,,,layers.1.weight,raw,78,0.10950718200611706,0.11091104980025719,0.11020911590318713,0,0.0,0.99921875,1280
bayesfl_observability_v1,ola_sparse_bayesian_keep010_seed42,175,ola,global,,,layers.1.weight,raw,79,0.11091104980025719,0.11231491759439732,0.11161298369732725,1,0.556498270892036,1.0,1280
bayesfl_observability_v1,ola_sparse_bayesian_keep010_seed42,175,ola,global,,,layers.1.weight,db,0,-105.20212542163142,-104.1244894931592,-104.66330745739532,1,0.0007249665488673805,0.00078125,1280
bayesfl_observability_v1,ola_sparse_bayesian_keep010_seed42,175,ola,global,,,layers.1.weight,db,1,-104.1244894931592,-103.04685356468697,-103.58567152892309,0,0.0,0.00078125,1280
bayesfl_observability_v1,ola_sparse_bayesian_keep010_seed42,175,ola,global,,,layers.1.weight,db,2,-103.04685356468697,-101.96921763621475,-102.50803560045085,0,0.0,0.00078125,1280
bayesfl_observability_v1,ola_sparse_bayesian_keep010_seed42,175,ola,global,,,layers.1.weight,db,3,-101.96921763621475,-100.89158170774252,-101.43039967197863,0,0.0,0.00078125,1280
bayesfl_observability_v1,ola_sparse_bayesian_keep010_seed42,175,ola,global,,,layers.1.weight,db,4,-100.89158170774252,-99.8139457792703,-100.35276374350642,0,0.0,0.00078125,1280
bayesfl_observability_v1,ola_sparse_bayesian_keep010_seed42,175,ola,global,,,layers.1.weight,db,5,-99.8139457792703,-98.73630985079807,-99.27512781503418,0,0.0,0.00078125,1280
bayesfl_observability_v1,ola_sparse_bayesian_keep010_seed42,175,ola,global,,,layers.1.weight,db,6,-98.73630985079807,-97.65867392232585,-98.19749188656195,1,0.0007249665488673805,0.0015625,1280
bayesfl_observability_v1,ola_sparse_bayesian_keep010_seed42,175,ola,global,,,layers.1.weight,db,7,-97.65867392232585,-96.58103799385361,-97.11985595808973,0,0.0,0.0015625,1280
bayesfl_observability_v1,ola_sparse_bayesian_keep010_seed42,175,ola,global,,,layers.1.weight,db,8,-96.58103799385361,-95.5034020653814,-96.04222002961751,0,0.0,0.0015625,1280
bayesfl_observability_v1,ola_sparse_bayesian_keep010_seed42,175,ola,global,,,layers.1.weight,db,9,-95.5034020653814,-94.42576613690916,-94.96458410114528,0,0.0,0.0015625,1280
bayesfl_observability_v1,ola_sparse_bayesian_keep010_seed42,175,ola,global,,,layers.1.weight,db,10,-94.42576613690916,-93.34813020843694,-93.88694817267304,1,0.0007249665488673805,0.00234375,1280
bayesfl_observability_v1,ola_sparse_bayesian_keep010_seed42,175,ola,global,,,layers.1.weight,db,11,-93.34813020843694,-92.27049427996471,-92.80931224420083,0,0.0,0.00234375,1280
bayesfl_observability_v1,ola_sparse_bayesian_keep010_seed42,175,ola,global,,,layers.1.weight,db,12,-92.27049427996471,-91.19285835149249,-91.7316763157286,1,0.0007249665488673805,0.003125,1280
bayesfl_observability_v1,ola_sparse_bayesian_keep010_seed42,175,ola,global,,,layers.1.weight,db,13,-91.19285835149249,-90.11522242302027,-90.65404038725637,0,0.0,0.003125,1280
bayesfl_observability_v1,ola_sparse_bayesian_keep010_seed42,175,ola,global,,,layers.1.weight,db,14,-90.11522242302027,-89.03758649454804,-89.57640445878415,2,0.001449933097734742,0.0046875,1280
bayesfl_observability_v1,ola_sparse_bayesian_keep010_seed42,175,ola,global,,,layers.1.weight,db,15,-89.03758649454804,-87.9599505660758,-88.49876853031192,1,0.000724966548867371,0.00546875,1280
bayesfl_observability_v1,ola_sparse_bayesian_keep010_seed42,175,ola,global,,,layers.1.weight,db,16,-87.9599505660758,-86.88231463760359,-87.4211326018397,1,0.0007249665488673805,0.00625,1280
bayesfl_observability_v1,ola_sparse_bayesian_keep010_seed42,175,ola,global,,,layers.1.weight,db,17,-86.88231463760359,-85.80467870913137,-86.34349667336747,0,0.0,0.00625,1280
bayesfl_observability_v1,ola_sparse_bayesian_keep010_seed42,175,ola,global,,,layers.1.weight,db,18,-85.80467870913137,-84.72704278065913,-85.26586074489525,3,0.002174899646602113,0.00859375,1280
bayesfl_observability_v1,ola_sparse_bayesian_keep010_seed42,175,ola,global,,,layers.1.weight,db,19,-84.72704278065913,-83.6494068521869,-84.18822481642302,1,0.000724966548867371,0.009375,1280
bayesfl_observability_v1,ola_sparse_bayesian_keep010_seed42,175,ola,global,,,layers.1.weight,db,20,-83.6494068521869,-82.57177092371468,-83.1105888879508,1,0.0007249665488673805,0.01015625,1280
bayesfl_observability_v1,ola_sparse_bayesian_keep010_seed42,175,ola,global,,,layers.1.weight,db,21,-82.57177092371468,-81.49413499524246,-82.03295295947856,2,0.001449933097734761,0.01171875,1280
bayesfl_observability_v1,ola_sparse_bayesian_keep010_seed42,175,ola,global,,,layers.1.weight,db,22,-81.49413499524246,-80.41649906677023,-80.95531703100635,1,0.000724966548867371,0.0125,1280
bayesfl_observability_v1,ola_sparse_bayesian_keep010_seed42,175,ola,global,,,layers.1.weight,db,23,-80.41649906677023,-79.33886313829801,-79.87768110253413,2,0.001449933097734761,0.0140625,1280
bayesfl_observability_v1,ola_sparse_bayesian_keep010_seed42,175,ola,global,,,layers.1.weight,db,24,-79.33886313829801,-78.26122720982578,-78.80004517406189,1,0.000724966548867371,0.01484375,1280
bayesfl_observability_v1,ola_sparse_bayesian_keep010_seed42,175,ola,global,,,layers.1.weight,db,25,-78.26122720982578,-77.18359128135356,-77.72240924558966,3,0.0021748996466021417,0.0171875,1280
bayesfl_observability_v1,ola_sparse_bayesian_keep010_seed42,175,ola,global,,,layers.1.weight,db,26,-77.18359128135356,-76.10595535288132,-76.64477331711744,1,0.000724966548867371,0.01796875,1280
bayesfl_observability_v1,ola_sparse_bayesian_keep010_seed42,175,ola,global,,,layers.1.weight,db,27,-76.10595535288132,-75.0283194244091,-75.56713738864522,4,0.002899866195469522,0.02109375,1280
bayesfl_observability_v1,ola_sparse_bayesian_keep010_seed42,175,ola,global,,,layers.1.weight,db,28,-75.0283194244091,-73.95068349593689,-74.48950146017299,0,0.0,0.02109375,1280
bayesfl_observability_v1,ola_sparse_bayesian_keep010_seed42,175,ola,global,,,layers.1.weight,db,29,-73.95068349593689,-72.87304756746465,-73.41186553170077,2,0.001449933097734742,0.02265625,1280
bayesfl_observability_v1,ola_sparse_bayesian_keep010_seed42,175,ola,global,,,layers.1.weight,db,30,-72.87304756746465,-71.79541163899242,-72.33422960322854,1,0.000724966548867371,0.0234375,1280
bayesfl_observability_v1,ola_sparse_bayesian_keep010_seed42,175,ola,global,,,layers.1.weight,db,31,-71.79541163899242,-70.7177757105202,-71.25659367475632,6,0.0043497992932042834,0.028125,1280
bayesfl_observability_v1,ola_sparse_bayesian_keep010_seed42,175,ola,global,,,layers.1.weight,db,32,-70.7177757105202,-69.64013978204798,-70.17895774628408,6,0.0043497992932042834,0.0328125,1280
bayesfl_observability_v1,ola_sparse_bayesian_keep010_seed42,175,ola,global,,,layers.1.weight,db,33,-69.64013978204798,-68.56250385357575,-69.10132181781186,3,0.002174899646602113,0.03515625,1280
bayesfl_observability_v1,ola_sparse_bayesian_keep010_seed42,175,ola,global,,,layers.1.weight,db,34,-68.56250385357575,-67.48486792510352,-68.02368588933963,5,0.003624832744336855,0.0390625,1280
bayesfl_observability_v1,ola_sparse_bayesian_keep010_seed42,175,ola,global,,,layers.1.weight,db,35,-67.48486792510352,-66.4072319966313,-66.94604996086741,5,0.003624832744336903,0.04296875,1280
bayesfl_observability_v1,ola_sparse_bayesian_keep010_seed42,175,ola,global,,,layers.1.weight,db,36,-66.4072319966313,-65.32959606815908,-65.86841403239518,6,0.0043497992932042834,0.04765625,1280
bayesfl_observability_v1,ola_sparse_bayesian_keep010_seed42,175,ola,global,,,layers.1.weight,db,37,-65.32959606815908,-64.25196013968684,-64.79077810392296,5,0.003624832744336855,0.0515625,1280
bayesfl_observability_v1,ola_sparse_bayesian_keep010_seed42,175,ola,global,,,layers.1.weight,db,38,-64.25196013968684,-63.17432421121462,-63.71314217545073,14,0.010149531684143261,0.0625,1280
bayesfl_observability_v1,ola_sparse_bayesian_keep010_seed42,175,ola,global,,,layers.1.weight,db,39,-63.17432421121462,-62.09668828274239,-62.63550624697851,13,0.009424565135275885,0.07265625,1280
bayesfl_observability_v1,ola_sparse_bayesian_keep010_seed42,175,ola,global,,,layers.1.weight,db,40,-62.09668828274239,-61.01905235427017,-61.55787031850628,14,0.010149531684143329,0.08359375,1280
bayesfl_observability_v1,ola_sparse_bayesian_keep010_seed42,175,ola,global,,,layers.1.weight,db,41,-61.01905235427017,-59.94141642579795,-60.480234390034056,16,0.011599464781878012,0.09609375,1280
bayesfl_observability_v1,ola_sparse_bayesian_keep010_seed42,175,ola,global,,,layers.1.weight,db,42,-59.94141642579795,-58.86378049732572,-59.40259846156184,15,0.010874498233010637,0.1078125,1280
bayesfl_observability_v1,ola_sparse_bayesian_keep010_seed42,175,ola,global,,,layers.1.weight,db,43,-58.86378049732572,-57.786144568853494,-58.324962533089604,20,0.014499330977347517,0.1234375,1280
bayesfl_observability_v1,ola_sparse_bayesian_keep010_seed42,175,ola,global,,,layers.1.weight,db,44,-57.786144568853494,-56.70850864038127,-57.247326604617385,17,0.012324431330745388,0.13671875,1280
bayesfl_observability_v1,ola_sparse_bayesian_keep010_seed42,175,ola,global,,,layers.1.weight,db,45,-56.70850864038127,-55.63087271190904,-56.16969067614515,17,0.012324431330745388,0.15,1280
bayesfl_observability_v1,ola_sparse_bayesian_keep010_seed42,175,ola,global,,,layers.1.weight,db,46,-55.63087271190904,-54.553236783436816,-55.09205474767293,26,0.01884913027055177,0.1703125,1280
bayesfl_observability_v1,ola_sparse_bayesian_keep010_seed42,175,ola,global,,,layers.1.weight,db,47,-54.553236783436816,-53.47560085496459,-54.0144188192007,26,0.01884913027055177,0.190625,1280
bayesfl_observability_v1,ola_sparse_bayesian_keep010_seed42,175,ola,global,,,layers.1.weight,db,48,-53.47560085496459,-52.397964926492364,-52.93678289072848,30,0.021748996466021273,0.2140625,1280
bayesfl_observability_v1,ola_sparse_bayesian_keep010_seed42,175,ola,global,,,layers.1.weight,db,49,-52.397964926492364,-51.32032899802014,-51.85914696225625,36,0.026098795759225527,0.2421875,1280
bayesfl_observability_v1,ola_sparse_bayesian_keep010_seed42,175,ola,global,,,layers.1.weight,db,50,-51.32032899802014,-50.24269306954791,-50.78151103378403,39,0.028273695405827658,0.27265625,1280
bayesfl_observability_v1,ola_sparse_bayesian_keep010_seed42,175,ola,global,,,layers.1.weight,db,51,-50.24269306954791,-49.165057141075685,-49.703875105311795,33,0.0239238961126234,0.2984375,1280
bayesfl_observability_v1,ola_sparse_bayesian_keep010_seed42,175,ola,global,,,layers.1.weight,db,52,-49.165057141075685,-48.08742121260346,-48.626239176839576,52,0.03769826054110354,0.3390625,1280
bayesfl_observability_v1,ola_sparse_bayesian_keep010_seed42,175,ola,global,,,layers.1.weight,db,53,-48.08742121260346,-47.00978528413123,-47.54860324836734,56,0.040598126736573044,0.3828125,1280
bayesfl_observability_v1,ola_sparse_bayesian_keep010_seed42,175,ola,global,,,layers.1.weight,db,54,-47.00978528413123,-45.93214935565901,-46.470967319895124,58,0.042048059834307795,0.428125,1280
bayesfl_observability_v1,ola_sparse_bayesian_keep010_seed42,175,ola,global,,,layers.1.weight,db,55,-45.93214935565901,-44.85451342718679,-45.3933313914229,52,0.03769826054110379,0.46875,1280
bayesfl_observability_v1,ola_sparse_bayesian_keep010_seed42,175,ola,global,,,layers.1.weight,db,56,-44.85451342718679,-43.77687749871456,-44.31569546295067,69,0.05002269187184893,0.52265625,1280
bayesfl_observability_v1,ola_sparse_bayesian_keep010_seed42,175,ola,global,,,layers.1.weight,db,57,-43.77687749871456,-42.699241570242336,-43.23805953447845,51,0.036973293992236166,0.5625,1280
bayesfl_observability_v1,ola_sparse_bayesian_keep010_seed42,175,ola,global,,,layers.1.weight,db,58,-42.699241570242336,-41.62160564177011,-42.16042360600622,61,0.04422295948090992,0.61015625,1280
bayesfl_observability_v1,ola_sparse_bayesian_keep010_seed42,175,ola,global,,,layers.1.weight,db,59,-41.62160564177011,-40.543969713297884,-41.082787677534,69,0.05002269187184893,0.6640625,1280
bayesfl_observability_v1,ola_sparse_bayesian_keep010_seed42,175,ola,global,,,layers.1.weight,db,60,-40.543969713297884,-39.46633378482565,-40.00515174906177,56,0.04059812673657278,0.7078125,1280
bayesfl_observability_v1,ola_sparse_bayesian_keep010_seed42,175,ola,global,,,layers.1.weight,db,61,-39.46633378482565,-38.38869785635343,-38.92751582058954,53,0.038423227089971174,0.74921875,1280
bayesfl_observability_v1,ola_sparse_bayesian_keep010_seed42,175,ola,global,,,layers.1.weight,db,62,-38.38869785635343,-37.3110619278812,-37.849879892117315,49,0.03552336089450118,0.7875,1280
bayesfl_observability_v1,ola_sparse_bayesian_keep010_seed42,175,ola,global,,,layers.1.weight,db,63,-37.3110619278812,-36.23342599940898,-36.77224396364509,51,0.03697329399223641,0.82734375,1280
bayesfl_observability_v1,ola_sparse_bayesian_keep010_seed42,175,ola,global,,,layers.1.weight,db,64,-36.23342599940898,-35.15579007093676,-35.69460803517287,52,0.03769826054110379,0.86796875,1280
bayesfl_observability_v1,ola_sparse_bayesian_keep010_seed42,175,ola,global,,,layers.1.weight,db,65,-35.15579007093676,-34.07815414246453,-34.61697210670064,31,0.022473963014888503,0.8921875,1280
bayesfl_observability_v1,ola_sparse_bayesian_keep010_seed42,175,ola,global,,,layers.1.weight,db,66,-34.07815414246453,-33.00051821399231,-33.53933617822842,25,0.018124163721684513,0.91171875,1280
bayesfl_observability_v1,ola_sparse_bayesian_keep010_seed42,175,ola,global,,,layers.1.weight,db,67,-33.00051821399231,-31.922882285520075,-32.46170024975619,26,0.018849130270551646,0.93203125,1280
bayesfl_observability_v1,ola_sparse_bayesian_keep010_seed42,175,ola,global,,,layers.1.weight,db,68,-31.922882285520075,-30.845246357047856,-31.384064321283965,16,0.011599464781878089,0.94453125,1280
bayesfl_observability_v1,ola_sparse_bayesian_keep010_seed42,175,ola,global,,,layers.1.weight,db,69,-30.845246357047856,-29.767610428575622,-30.30642839281174,14,0.010149531684143195,0.95546875,1280
bayesfl_observability_v1,ola_sparse_bayesian_keep010_seed42,175,ola,global,,,layers.1.weight,db,70,-29.767610428575622,-28.689974500103403,-29.228792464339513,20,0.014499330977347612,0.97109375,1280
bayesfl_observability_v1,ola_sparse_bayesian_keep010_seed42,175,ola,global,,,layers.1.weight,db,71,-28.689974500103403,-27.61233857163117,-28.151156535867287,7,0.0050747658420715975,0.9765625,1280
bayesfl_observability_v1,ola_sparse_bayesian_keep010_seed42,175,ola,global,,,layers.1.weight,db,72,-27.61233857163117,-26.53470264315895,-27.07352060739506,13,0.009424565135275948,0.98671875,1280
bayesfl_observability_v1,ola_sparse_bayesian_keep010_seed42,175,ola,global,,,layers.1.weight,db,73,-26.53470264315895,-25.457066714686718,-25.995884678922835,2,0.001449933097734742,0.98828125,1280
bayesfl_observability_v1,ola_sparse_bayesian_keep010_seed42,175,ola,global,,,layers.1.weight,db,74,-25.457066714686718,-24.3794307862145,-24.91824875045061,5,0.003624832744336903,0.9921875,1280
bayesfl_observability_v1,ola_sparse_bayesian_keep010_seed42,175,ola,global,,,layers.1.weight,db,75,-24.3794307862145,-23.301794857742266,-23.840612821978382,2,0.001449933097734742,0.99375,1280
bayesfl_observability_v1,ola_sparse_bayesian_keep010_seed42,175,ola,global,,,layers.1.weight,db,76,-23.301794857742266,-22.224158929270047,-22.762976893506156,5,0.003624832744336903,0.99765625,1280
bayesfl_observability_v1,ola_sparse_bayesian_keep010_seed42,175,ola,global,,,layers.1.weight,db,77,-22.224158929270047,-21.146523000797814,-21.68534096503393,1,0.000724966548867371,0.9984375,1280
bayesfl_observability_v1,ola_sparse_bayesian_keep010_seed42,175,ola,global,,,layers.1.weight,db,78,-21.146523000797814,-20.068887072325595,-20.607705036561704,1,0.0007249665488673805,0.99921875,1280
bayesfl_observability_v1,ola_sparse_bayesian_keep010_seed42,175,ola,global,,,layers.1.weight,db,79,-20.068887072325595,-18.99125114385338,-19.530069108089485,1,0.0007249665488673829,1.0,1280
bayesfl_observability_v1,ola_sparse_bayesian_keep010_seed42,175,ola,global,,,layers.1.bias,raw,0,0.0001622089444175152,0.0002957656296483192,0.00022898728703291718,1,748.7457466257604,0.1,10
bayesfl_observability_v1,ola_sparse_bayesian_keep010_seed42,175,ola,global,,,layers.1.bias,raw,1,0.0002957656296483192,0.0004293223148791232,0.0003625439722637212,3,2246.237239877281,0.4,10
bayesfl_observability_v1,ola_sparse_bayesian_keep010_seed42,175,ola,global,,,layers.1.bias,raw,2,0.0004293223148791232,0.0005628790001099272,0.0004961006574945252,1,748.7457466257603,0.5,10
bayesfl_observability_v1,ola_sparse_bayesian_keep010_seed42,175,ola,global,,,layers.1.bias,raw,3,0.0005628790001099272,0.0006964356853407312,0.0006296573427253293,0,0.0,0.5,10
bayesfl_observability_v1,ola_sparse_bayesian_keep010_seed42,175,ola,global,,,layers.1.bias,raw,4,0.0006964356853407312,0.0008299923705715353,0.0007632140279561332,0,0.0,0.5,10
bayesfl_observability_v1,ola_sparse_bayesian_keep010_seed42,175,ola,global,,,layers.1.bias,raw,5,0.0008299923705715353,0.0009635490558023393,0.0008967707131869373,0,0.0,0.5,10
bayesfl_observability_v1,ola_sparse_bayesian_keep010_seed42,175,ola,global,,,layers.1.bias,raw,6,0.0009635490558023393,0.0010971057410331434,0.0010303273984177412,0,0.0,0.5,10
bayesfl_observability_v1,ola_sparse_bayesian_keep010_seed42,175,ola,global,,,layers.1.bias,raw,7,0.0010971057410331434,0.0012306624262639473,0.0011638840836485454,0,0.0,0.5,10
bayesfl_observability_v1,ola_sparse_bayesian_keep010_seed42,175,ola,global,,,layers.1.bias,raw,8,0.0012306624262639473,0.0013642191114947512,0.0012974407688793493,0,0.0,0.5,10
bayesfl_observability_v1,ola_sparse_bayesian_keep010_seed42,175,ola,global,,,layers.1.bias,raw,9,0.0013642191114947512,0.0014977757967255553,0.0014309974541101534,0,0.0,0.5,10
bayesfl_observability_v1,ola_sparse_bayesian_keep010_seed42,175,ola,global,,,layers.1.bias,raw,10,0.0014977757967255553,0.0016313324819563595,0.0015645541393409573,0,0.0,0.5,10
bayesfl_observability_v1,ola_sparse_bayesian_keep010_seed42,175,ola,global,,,layers.1.bias,raw,11,0.0016313324819563595,0.0017648891671871634,0.0016981108245717614,0,0.0,0.5,10
bayesfl_observability_v1,ola_sparse_bayesian_keep010_seed42,175,ola,global,,,layers.1.bias,raw,12,0.0017648891671871634,0.0018984458524179673,0.0018316675098025653,0,0.0,0.5,10
bayesfl_observability_v1,ola_sparse_bayesian_keep010_seed42,175,ola,global,,,layers.1.bias,raw,13,0.0018984458524179673,0.0020320025376487716,0.0019652241950333695,0,0.0,0.5,10
bayesfl_observability_v1,ola_sparse_bayesian_keep010_seed42,175,ola,global,,,layers.1.bias,raw,14,0.0020320025376487716,0.0021655592228795755,0.002098780880264174,0,0.0,0.5,10
bayesfl_observability_v1,ola_sparse_bayesian_keep010_seed42,175,ola,global,,,layers.1.bias,raw,15,0.0021655592228795755,0.0022991159081103794,0.0022323375654949773,1,748.7457466257608,0.6,10
bayesfl_observability_v1,ola_sparse_bayesian_keep010_seed42,175,ola,global,,,layers.1.bias,raw,16,0.0022991159081103794,0.0024326725933411834,0.0023658942507257816,0,0.0,0.6,10
bayesfl_observability_v1,ola_sparse_bayesian_keep010_seed42,175,ola,global,,,layers.1.bias,raw,17,0.0024326725933411834,0.0025662292785719873,0.002499450935956585,0,0.0,0.6,10
bayesfl_observability_v1,ola_sparse_bayesian_keep010_seed42,175,ola,global,,,layers.1.bias,raw,18,0.0025662292785719873,0.0026997859638027916,0.0026330076211873894,0,0.0,0.6,10
bayesfl_observability_v1,ola_sparse_bayesian_keep010_seed42,175,ola,global,,,layers.1.bias,raw,19,0.0026997859638027916,0.0028333426490335955,0.0027665643064181938,0,0.0,0.6,10
bayesfl_observability_v1,ola_sparse_bayesian_keep010_seed42,175,ola,global,,,layers.1.bias,raw,20,0.0028333426490335955,0.0029668993342643994,0.0029001209916489972,0,0.0,0.6,10
bayesfl_observability_v1,ola_sparse_bayesian_keep010_seed42,175,ola,global,,,layers.1.bias,raw,21,0.0029668993342643994,0.0031004560194952038,0.0030336776768798016,0,0.0,0.6,10
bayesfl_observability_v1,ola_sparse_bayesian_keep010_seed42,175,ola,global,,,layers.1.bias,raw,22,0.0031004560194952038,0.0032340127047260077,0.003167234362110606,0,0.0,0.6,10
bayesfl_observability_v1,ola_sparse_bayesian_keep010_seed42,175,ola,global,,,layers.1.bias,raw,23,0.0032340127047260077,0.0033675693899568116,0.0033007910473414094,0,0.0,0.6,10
bayesfl_observability_v1,ola_sparse_bayesian_keep010_seed42,175,ola,global,,,layers.1.bias,raw,24,0.0033675693899568116,0.0035011260751876155,0.0034343477325722137,0,0.0,0.6,10
bayesfl_observability_v1,ola_sparse_bayesian_keep010_seed42,175,ola,global,,,layers.1.bias,raw,25,0.0035011260751876155,0.0036346827604184194,0.0035679044178030172,0,0.0,0.6,10
bayesfl_observability_v1,ola_sparse_bayesian_keep010_seed42,175,ola,global,,,layers.1.bias,raw,26,0.0036346827604184194,0.0037682394456492237,0.0037014611030338216,0,0.0,0.6,10
bayesfl_observability_v1,ola_sparse_bayesian_keep010_seed42,175,ola,global,,,layers.1.bias,raw,27,0.0037682394456492237,0.0039017961308800276,0.003835017788264626,0,0.0,0.6,10
bayesfl_observability_v1,ola_sparse_bayesian_keep010_seed42,175,ola,global,,,layers.1.bias,raw,28,0.0039017961308800276,0.0040353528161108316,0.003968574473495429,0,0.0,0.6,10
bayesfl_observability_v1,ola_sparse_bayesian_keep010_seed42,175,ola,global,,,layers.1.bias,raw,29,0.0040353528161108316,0.004168909501341636,0.004102131158726234,0,0.0,0.6,10
bayesfl_observability_v1,ola_sparse_bayesian_keep010_seed42,175,ola,global,,,layers.1.bias,raw,30,0.004168909501341636,0.004302466186572439,0.004235687843957038,0,0.0,0.6,10
bayesfl_observability_v1,ola_sparse_bayesian_keep010_seed42,175,ola,global,,,layers.1.bias,raw,31,0.004302466186572439,0.004436022871803244,0.0043692445291878415,0,0.0,0.6,10
bayesfl_observability_v1,ola_sparse_bayesian_keep010_seed42,175,ola,global,,,layers.1.bias,raw,32,0.004436022871803244,0.004569579557034048,0.004502801214418646,0,0.0,0.6,10
bayesfl_observability_v1,ola_sparse_bayesian_keep010_seed42,175,ola,global,,,layers.1.bias,raw,33,0.004569579557034048,0.0047031362422648515,0.004636357899649449,0,0.0,0.6,10
bayesfl_observability_v1,ola_sparse_bayesian_keep010_seed42,175,ola,global,,,layers.1.bias,raw,34,0.0047031362422648515,0.004836692927495656,0.004769914584880254,0,0.0,0.6,10
bayesfl_observability_v1,ola_sparse_bayesian_keep010_seed42,175,ola,global,,,layers.1.bias,raw,35,0.004836692927495656,0.004970249612726459,0.004903471270111058,0,0.0,0.6,10
bayesfl_observability_v1,ola_sparse_bayesian_keep010_seed42,175,ola,global,,,layers.1.bias,raw,36,0.004970249612726459,0.005103806297957264,0.0050370279553418615,0,0.0,0.6,10
bayesfl_observability_v1,ola_sparse_bayesian_keep010_seed42,175,ola,global,,,layers.1.bias,raw,37,0.005103806297957264,0.005237362983188068,0.005170584640572666,0,0.0,0.6,10
bayesfl_observability_v1,ola_sparse_bayesian_keep010_seed42,175,ola,global,,,layers.1.bias,raw,38,0.005237362983188068,0.0053709196684188715,0.005304141325803469,1,748.7457466257633,0.7,10
bayesfl_observability_v1,ola_sparse_bayesian_keep010_seed42,175,ola,global,,,layers.1.bias,raw,39,0.0053709196684188715,0.005504476353649676,0.005437698011034274,0,0.0,0.7,10
bayesfl_observability_v1,ola_sparse_bayesian_keep010_seed42,175,ola,global,,,layers.1.bias,raw,40,0.005504476353649676,0.00563803303888048,0.005571254696265078,0,0.0,0.7,10
bayesfl_observability_v1,ola_sparse_bayesian_keep010_seed42,175,ola,global,,,layers.1.bias,raw,41,0.00563803303888048,0.005771589724111284,0.005704811381495882,0,0.0,0.7,10
bayesfl_observability_v1,ola_sparse_bayesian_keep010_seed42,175,ola,global,,,layers.1.bias,raw,42,0.005771589724111284,0.005905146409342088,0.005838368066726686,0,0.0,0.7,10
bayesfl_observability_v1,ola_sparse_bayesian_keep010_seed42,175,ola,global,,,layers.1.bias,raw,43,0.005905146409342088,0.006038703094572892,0.00597192475195749,2,1497.4914932515169,0.9,10
bayesfl_observability_v1,ola_sparse_bayesian_keep010_seed42,175,ola,global,,,layers.1.bias,raw,44,0.006038703094572892,0.006172259779803696,0.006105481437188294,0,0.0,0.9,10
bayesfl_observability_v1,ola_sparse_bayesian_keep010_seed42,175,ola,global,,,layers.1.bias,raw,45,0.006172259779803696,0.0063058164650345,0.006239038122419098,0,0.0,0.9,10
bayesfl_observability_v1,ola_sparse_bayesian_keep010_seed42,175,ola,global,,,layers.1.bias,raw,46,0.0063058164650345,0.006439373150265304,0.006372594807649902,0,0.0,0.9,10
bayesfl_observability_v1,ola_sparse_bayesian_keep010_seed42,175,ola,global,,,layers.1.bias,raw,47,0.006439373150265304,0.006572929835496108,0.006506151492880706,0,0.0,0.9,10
bayesfl_observability_v1,ola_sparse_bayesian_keep010_seed42,175,ola,global,,,layers.1.bias,raw,48,0.006572929835496108,0.006706486520726912,0.00663970817811151,0,0.0,0.9,10
bayesfl_observability_v1,ola_sparse_bayesian_keep010_seed42,175,ola,global,,,layers.1.bias,raw,49,0.006706486520726912,0.006840043205957716,0.006773264863342314,0,0.0,0.9,10
bayesfl_observability_v1,ola_sparse_bayesian_keep010_seed42,175,ola,global,,,layers.1.bias,raw,50,0.006840043205957716,0.00697359989118852,0.006906821548573118,0,0.0,0.9,10
bayesfl_observability_v1,ola_sparse_bayesian_keep010_seed42,175,ola,global,,,layers.1.bias,raw,51,0.00697359989118852,0.007107156576419324,0.007040378233803922,0,0.0,0.9,10
bayesfl_observability_v1,ola_sparse_bayesian_keep010_seed42,175,ola,global,,,layers.1.bias,raw,52,0.007107156576419324,0.007240713261650128,0.007173934919034726,0,0.0,0.9,10
bayesfl_observability_v1,ola_sparse_bayesian_keep010_seed42,175,ola,global,,,layers.1.bias,raw,53,0.007240713261650128,0.007374269946880932,0.00730749160426553,0,0.0,0.9,10
bayesfl_observability_v1,ola_sparse_bayesian_keep010_seed42,175,ola,global,,,layers.1.bias,raw,54,0.007374269946880932,0.007507826632111736,0.007441048289496334,0,0.0,0.9,10
bayesfl_observability_v1,ola_sparse_bayesian_keep010_seed42,175,ola,global,,,layers.1.bias,raw,55,0.007507826632111736,0.00764138331734254,0.007574604974727138,0,0.0,0.9,10
bayesfl_observability_v1,ola_sparse_bayesian_keep010_seed42,175,ola,global,,,layers.1.bias,raw,56,0.00764138331734254,0.0077749400025733445,0.007708161659957942,0,0.0,0.9,10
bayesfl_observability_v1,ola_sparse_bayesian_keep010_seed42,175,ola,global,,,layers.1.bias,raw,57,0.0077749400025733445,0.007908496687804148,0.007841718345188747,0,0.0,0.9,10
bayesfl_observability_v1,ola_sparse_bayesian_keep010_seed42,175,ola,global,,,layers.1.bias,raw,58,0.007908496687804148,0.008042053373034952,0.00797527503041955,0,0.0,0.9,10
bayesfl_observability_v1,ola_sparse_bayesian_keep010_seed42,175,ola,global,,,layers.1.bias,raw,59,0.008042053373034952,0.008175610058265757,0.008108831715650355,0,0.0,0.9,10
bayesfl_observability_v1,ola_sparse_bayesian_keep010_seed42,175,ola,global,,,layers.1.bias,raw,60,0.008175610058265757,0.008309166743496561,0.008242388400881158,0,0.0,0.9,10
bayesfl_observability_v1,ola_sparse_bayesian_keep010_seed42,175,ola,global,,,layers.1.bias,raw,61,0.008309166743496561,0.008442723428727364,0.008375945086111962,0,0.0,0.9,10
bayesfl_observability_v1,ola_sparse_bayesian_keep010_seed42,175,ola,global,,,layers.1.bias,raw,62,0.008442723428727364,0.008576280113958168,0.008509501771342767,0,0.0,0.9,10
bayesfl_observability_v1,ola_sparse_bayesian_keep010_seed42,175,ola,global,,,layers.1.bias,raw,63,0.008576280113958168,0.008709836799188972,0.00864305845657357,0,0.0,0.9,10
bayesfl_observability_v1,ola_sparse_bayesian_keep010_seed42,175,ola,global,,,layers.1.bias,raw,64,0.008709836799188972,0.008843393484419777,0.008776615141804375,0,0.0,0.9,10
bayesfl_observability_v1,ola_sparse_bayesian_keep010_seed42,175,ola,global,,,layers.1.bias,raw,65,0.008843393484419777,0.008976950169650581,0.008910171827035178,0,0.0,0.9,10
bayesfl_observability_v1,ola_sparse_bayesian_keep010_seed42,175,ola,global,,,layers.1.bias,raw,66,0.008976950169650581,0.009110506854881384,0.009043728512265982,0,0.0,0.9,10
bayesfl_observability_v1,ola_sparse_bayesian_keep010_seed42,175,ola,global,,,layers.1.bias,raw,67,0.009110506854881384,0.009244063540112188,0.009177285197496787,0,0.0,0.9,10
bayesfl_observability_v1,ola_sparse_bayesian_keep010_seed42,175,ola,global,,,layers.1.bias,raw,68,0.009244063540112188,0.009377620225342992,0.00931084188272759,0,0.0,0.9,10
bayesfl_observability_v1,ola_sparse_bayesian_keep010_seed42,175,ola,global,,,layers.1.bias,raw,69,0.009377620225342992,0.009511176910573797,0.009444398567958395,0,0.0,0.9,10
bayesfl_observability_v1,ola_sparse_bayesian_keep010_seed42,175,ola,global,,,layers.1.bias,raw,70,0.009511176910573797,0.009644733595804601,0.009577955253189198,0,0.0,0.9,10
bayesfl_observability_v1,ola_sparse_bayesian_keep010_seed42,175,ola,global,,,layers.1.bias,raw,71,0.009644733595804601,0.009778290281035404,0.009711511938420002,0,0.0,0.9,10
bayesfl_observability_v1,ola_sparse_bayesian_keep010_seed42,175,ola,global,,,layers.1.bias,raw,72,0.009778290281035404,0.009911846966266208,0.009845068623650807,0,0.0,0.9,10
bayesfl_observability_v1,ola_sparse_bayesian_keep010_seed42,175,ola,global,,,layers.1.bias,raw,73,0.009911846966266208,0.010045403651497012,0.00997862530888161,0,0.0,0.9,10
bayesfl_observability_v1,ola_sparse_bayesian_keep010_seed42,175,ola,global,,,layers.1.bias,raw,74,0.010045403651497012,0.010178960336727817,0.010112181994112415,0,0.0,0.9,10
bayesfl_observability_v1,ola_sparse_bayesian_keep010_seed42,175,ola,global,,,layers.1.bias,raw,75,0.010178960336727817,0.010312517021958621,0.010245738679343218,0,0.0,0.9,10
bayesfl_observability_v1,ola_sparse_bayesian_keep010_seed42,175,ola,global,,,layers.1.bias,raw,76,0.010312517021958621,0.010446073707189425,0.010379295364574024,0,0.0,0.9,10
bayesfl_observability_v1,ola_sparse_bayesian_keep010_seed42,175,ola,global,,,layers.1.bias,raw,77,0.010446073707189425,0.010579630392420228,0.010512852049804827,0,0.0,0.9,10
bayesfl_observability_v1,ola_sparse_bayesian_keep010_seed42,175,ola,global,,,layers.1.bias,raw,78,0.010579630392420228,0.010713187077651032,0.01064640873503563,0,0.0,0.9,10
bayesfl_observability_v1,ola_sparse_bayesian_keep010_seed42,175,ola,global,,,layers.1.bias,raw,79,0.010713187077651032,0.010846743762881837,0.010779965420266435,1,748.7457466257584,1.0,10
bayesfl_observability_v1,ola_sparse_bayesian_keep010_seed42,175,ola,global,,,layers.1.bias,db,0,-75.79850398420616,-75.34219783920366,-75.5703509117049,1,0.21915111399486423,0.1,10
bayesfl_observability_v1,ola_sparse_bayesian_keep010_seed42,175,ola,global,,,layers.1.bias,db,1,-75.34219783920366,-74.88589169420116,-75.11404476670242,0,0.0,0.1,10
bayesfl_observability_v1,ola_sparse_bayesian_keep010_seed42,175,ola,global,,,layers.1.bias,db,2,-74.88589169420116,-74.42958554919866,-74.6577386216999,0,0.0,0.1,10
bayesfl_observability_v1,ola_sparse_bayesian_keep010_seed42,175,ola,global,,,layers.1.bias,db,3,-74.42958554919866,-73.97327940419616,-74.20143247669742,0,0.0,0.1,10
bayesfl_observability_v1,ola_sparse_bayesian_keep010_seed42,175,ola,global,,,layers.1.bias,db,4,-73.97327940419616,-73.51697325919366,-73.7451263316949,0,0.0,0.1,10
bayesfl_observability_v1,ola_sparse_bayesian_keep010_seed42,175,ola,global,,,layers.1.bias,db,5,-73.51697325919366,-73.06066711419116,-73.28882018669242,0,0.0,0.1,10
bayesfl_observability_v1,ola_sparse_bayesian_keep010_seed42,175,ola,global,,,layers.1.bias,db,6,-73.06066711419116,-72.60436096918866,-72.8325140416899,0,0.0,0.1,10
bayesfl_observability_v1,ola_sparse_bayesian_keep010_seed42,175,ola,global,,,layers.1.bias,db,7,-72.60436096918866,-72.14805482418618,-72.37620789668742,0,0.0,0.1,10
bayesfl_observability_v1,ola_sparse_bayesian_keep010_seed42,175,ola,global,,,layers.1.bias,db,8,-72.14805482418618,-71.69174867918368,-71.91990175168493,0,0.0,0.1,10
bayesfl_observability_v1,ola_sparse_bayesian_keep010_seed42,175,ola,global,,,layers.1.bias,db,9,-71.69174867918368,-71.23544253418117,-71.46359560668242,0,0.0,0.1,10
bayesfl_observability_v1,ola_sparse_bayesian_keep010_seed42,175,ola,global,,,layers.1.bias,db,10,-71.23544253418117,-70.77913638917867,-71.00728946167993,0,0.0,0.1,10
bayesfl_observability_v1,ola_sparse_bayesian_keep010_seed42,175,ola,global,,,layers.1.bias,db,11,-70.77913638917867,-70.32283024417617,-70.55098331667742,0,0.0,0.1,10
bayesfl_observability_v1,ola_sparse_bayesian_keep010_seed42,175,ola,global,,,layers.1.bias,db,12,-70.32283024417617,-69.86652409917367,-70.09467717167493,0,0.0,0.1,10
bayesfl_observability_v1,ola_sparse_bayesian_keep010_seed42,175,ola,global,,,layers.1.bias,db,13,-69.86652409917367,-69.41021795417117,-69.63837102667242,1,0.21915111399486423,0.2,10
bayesfl_observability_v1,ola_sparse_bayesian_keep010_seed42,175,ola,global,,,layers.1.bias,db,14,-69.41021795417117,-68.95391180916867,-69.18206488166993,0,0.0,0.2,10
bayesfl_observability_v1,ola_sparse_bayesian_keep010_seed42,175,ola,global,,,layers.1.bias,db,15,-68.95391180916867,-68.49760566416617,-68.72575873666742,0,0.0,0.2,10
bayesfl_observability_v1,ola_sparse_bayesian_keep010_seed42,175,ola,global,,,layers.1.bias,db,16,-68.49760566416617,-68.04129951916367,-68.26945259166493,0,0.0,0.2,10
bayesfl_observability_v1,ola_sparse_bayesian_keep010_seed42,175,ola,global,,,layers.1.bias,db,17,-68.04129951916367,-67.58499337416117,-67.81314644666242,2,0.43830222798972845,0.4,10
bayesfl_observability_v1,ola_sparse_bayesian_keep010_seed42,175,ola,global,,,layers.1.bias,db,18,-67.58499337416117,-67.12868722915867,-67.35684030165993,0,0.0,0.4,10
bayesfl_observability_v1,ola_sparse_bayesian_keep010_seed42,175,ola,global,,,layers.1.bias,db,19,-67.12868722915867,-66.67238108415617,-66.90053415665741,1,0.21915111399486423,0.5,10
bayesfl_observability_v1,ola_sparse_bayesian_keep010_seed42,175,ola,global,,,layers.1.bias,db,20,-66.67238108415617,-66.21607493915369,-66.44422801165493,0,0.0,0.5,10
bayesfl_observability_v1,ola_sparse_bayesian_keep010_seed42,175,ola,global,,,layers.1.bias,db,21,-66.21607493915369,-65.75976879415117,-65.98792186665243,0,0.0,0.5,10
bayesfl_observability_v1,ola_sparse_bayesian_keep010_seed42,175,ola,global,,,layers.1.bias,db,22,-65.75976879415117,-65.30346264914868,-65.53161572164993,0,0.0,0.5,10
bayesfl_observability_v1,ola_sparse_bayesian_keep010_seed42,175,ola,global,,,layers.1.bias,db,23,-65.30346264914868,-64.84715650414618,-65.07530957664744,0,0.0,0.5,10
bayesfl_observability_v1,ola_sparse_bayesian_keep010_seed42,175,ola,global,,,layers.1.bias,db,24,-64.84715650414618,-64.39085035914368,-64.61900343164493,0,0.0,0.5,10
bayesfl_observability_v1,ola_sparse_bayesian_keep010_seed42,175,ola,global,,,layers.1.bias,db,25,-64.39085035914368,-63.934544214141184,-64.16269728664244,0,0.0,0.5,10
bayesfl_observability_v1,ola_sparse_bayesian_keep010_seed42,175,ola,global,,,layers.1.bias,db,26,-63.934544214141184,-63.47823806913868,-63.70639114163993,0,0.0,0.5,10
bayesfl_observability_v1,ola_sparse_bayesian_keep010_seed42,175,ola,global,,,layers.1.bias,db,27,-63.47823806913868,-63.02193192413618,-63.25008499663743,0,0.0,0.5,10
bayesfl_observability_v1,ola_sparse_bayesian_keep010_seed42,175,ola,global,,,layers.1.bias,db,28,-63.02193192413618,-62.56562577913368,-62.79377885163493,0,0.0,0.5,10
bayesfl_observability_v1,ola_sparse_bayesian_keep010_seed42,175,ola,global,,,layers.1.bias,db,29,-62.56562577913368,-62.10931963413118,-62.33747270663243,0,0.0,0.5,10
bayesfl_observability_v1,ola_sparse_bayesian_keep010_seed42,175,ola,global,,,layers.1.bias,db,30,-62.10931963413118,-61.65301348912868,-61.88116656162993,0,0.0,0.5,10
bayesfl_observability_v1,ola_sparse_bayesian_keep010_seed42,175,ola,global,,,layers.1.bias,db,31,-61.65301348912868,-61.19670734412618,-61.42486041662743,0,0.0,0.5,10
bayesfl_observability_v1,ola_sparse_bayesian_keep010_seed42,175,ola,global,,,layers.1.bias,db,32,-61.19670734412618,-60.74040119912369,-60.96855427162494,0,0.0,0.5,10
bayesfl_observability_v1,ola_sparse_bayesian_keep010_seed42,175,ola,global,,,layers.1.bias,db,33,-60.74040119912369,-60.28409505412119,-60.51224812662244,0,0.0,0.5,10
bayesfl_observability_v1,ola_sparse_bayesian_keep010_seed42,175,ola,global,,,layers.1.bias,db,34,-60.28409505412119,-59.82778890911869,-60.05594198161994,0,0.0,0.5,10
bayesfl_observability_v1,ola_sparse_bayesian_keep010_seed42,175,ola,global,,,layers.1.bias,db,35,-59.82778890911869,-59.37148276411619,-59.59963583661744,0,0.0,0.5,10
bayesfl_observability_v1,ola_sparse_bayesian_keep010_seed42,175,ola,global,,,layers.1.bias,db,36,-59.37148276411619,-58.91517661911369,-59.14332969161494,0,0.0,0.5,10
bayesfl_observability_v1,ola_sparse_bayesian_keep010_seed42,175,ola,global,,,layers.1.bias,db,37,-58.91517661911369,-58.458870474111194,-58.68702354661244,0,0.0,0.5,10
bayesfl_observability_v1,ola_sparse_bayesian_keep010_seed42,175,ola,global,,,layers.1.bias,db,38,-58.458870474111194,-58.002564329108694,-58.230717401609944,0,0.0,0.5,10
bayesfl_observability_v1,ola_sparse_bayesian_keep010_seed42,175,ola,global,,,layers.1.bias,db,39,-58.002564329108694,-57.54625818410619,-57.77441125660744,0,0.0,0.5,10
bayesfl_observability_v1,ola_sparse_bayesian_keep010_seed42,175,ola,global,,,layers.1.bias,db,40,-57.54625818410619,-57.08995203910369,-57.31810511160494,0,0.0,0.5,10
bayesfl_observability_v1,ola_sparse_bayesian_keep010_seed42,175,ola,global,,,layers.1.bias,db,41,-57.08995203910369,-56.63364589410119,-56.86179896660244,0,0.0,0.5,10
bayesfl_observability_v1,ola_sparse_bayesian_keep010_seed42,175,ola,global,,,layers.1.bias,db,42,-56.63364589410119,-56.17733974909869,-56.40549282159994,0,0.0,0.5,10
bayesfl_observability_v1,ola_sparse_bayesian_keep010_seed42,175,ola,global,,,layers.1.bias,db,43,-56.17733974909869,-55.72103360409619,-55.94918667659744,0,0.0,0.5,10
bayesfl_observability_v1,ola_sparse_bayesian_keep010_seed42,175,ola,global,,,layers.1.bias,db,44,-55.72103360409619,-55.26472745909369,-55.49288053159494,0,0.0,0.5,10
bayesfl_observability_v1,ola_sparse_bayesian_keep010_seed42,175,ola,global,,,layers.1.bias,db,45,-55.26472745909369,-54.80842131409119,-55.03657438659244,0,0.0,0.5,10
bayesfl_observability_v1,ola_sparse_bayesian_keep010_seed42,175,ola,global,,,layers.1.bias,db,46,-54.80842131409119,-54.35211516908869,-54.58026824158994,0,0.0,0.5,10
bayesfl_observability_v1,ola_sparse_bayesian_keep010_seed42,175,ola,global,,,layers.1.bias,db,47,-54.35211516908869,-53.8958090240862,-54.12396209658745,0,0.0,0.5,10
bayesfl_observability_v1,ola_sparse_bayesian_keep010_seed42,175,ola,global,,,layers.1.bias,db,48,-53.8958090240862,-53.4395028790837,-53.66765595158495,0,0.0,0.5,10
bayesfl_observability_v1,ola_sparse_bayesian_keep010_seed42,175,ola,global,,,layers.1.bias,db,49,-53.4395028790837,-52.9831967340812,-53.21134980658245,1,0.21915111399486423,0.6,10
bayesfl_observability_v1,ola_sparse_bayesian_keep010_seed42,175,ola,global,,,layers.1.bias,db,50,-52.9831967340812,-52.5268905890787,-52.75504366157995,0,0.0,0.6,10
bayesfl_observability_v1,ola_sparse_bayesian_keep010_seed42,175,ola,global,,,layers.1.bias,db,51,-52.5268905890787,-52.070584444076204,-52.29873751657745,0,0.0,0.6,10
bayesfl_observability_v1,ola_sparse_bayesian_keep010_seed42,175,ola,global,,,layers.1.bias,db,52,-52.070584444076204,-51.6142782990737,-51.84243137157495,0,0.0,0.6,10
bayesfl_observability_v1,ola_sparse_bayesian_keep010_seed42,175,ola,global,,,layers.1.bias,db,53,-51.6142782990737,-51.1579721540712,-51.38612522657245,0,0.0,0.6,10
bayesfl_observability_v1,ola_sparse_bayesian_keep010_seed42,175,ola,global,,,layers.1.bias,db,54,-51.1579721540712,-50.7016660090687,-50.92981908156995,0,0.0,0.6,10
bayesfl_observability_v1,ola_sparse_bayesian_keep010_seed42,175,ola,global,,,layers.1.bias,db,55,-50.7016660090687,-50.2453598640662,-50.47351293656745,0,0.0,0.6,10
bayesfl_observability_v1,ola_sparse_bayesian_keep010_seed42,175,ola,global,,,layers.1.bias,db,56,-50.2453598640662,-49.7890537190637,-50.01720679156495,0,0.0,0.6,10
bayesfl_observability_v1,ola_sparse_bayesian_keep010_seed42,175,ola,global,,,layers.1.bias,db,57,-49.7890537190637,-49.3327475740612,-49.56090064656245,0,0.0,0.6,10
bayesfl_observability_v1,ola_sparse_bayesian_keep010_seed42,175,ola,global,,,layers.1.bias,db,58,-49.3327475740612,-48.8764414290587,-49.10459450155995,0,0.0,0.6,10
bayesfl_observability_v1,ola_sparse_bayesian_keep010_seed42,175,ola,global,,,layers.1.bias,db,59,-48.8764414290587,-48.4201352840562,-48.64828835655745,0,0.0,0.6,10
bayesfl_observability_v1,ola_sparse_bayesian_keep010_seed42,175,ola,global,,,layers.1.bias,db,60,-48.4201352840562,-47.9638291390537,-48.19198221155495,0,0.0,0.6,10
bayesfl_observability_v1,ola_sparse_bayesian_keep010_seed42,175,ola,global,,,layers.1.bias,db,61,-47.9638291390537,-47.5075229940512,-47.73567606655245,0,0.0,0.6,10
bayesfl_observability_v1,ola_sparse_bayesian_keep010_seed42,175,ola,global,,,layers.1.bias,db,62,-47.5075229940512,-47.05121684904871,-47.27936992154996,0,0.0,0.6,10
bayesfl_observability_v1,ola_sparse_bayesian_keep010_seed42,175,ola,global,,,layers.1.bias,db,63,-47.05121684904871,-46.59491070404621,-46.82306377654746,0,0.0,0.6,10
bayesfl_observability_v1,ola_sparse_bayesian_keep010_seed42,175,ola,global,,,layers.1.bias,db,64,-46.59491070404621,-46.138604559043706,-46.36675763154496,0,0.0,0.6,10
bayesfl_observability_v1,ola_sparse_bayesian_keep010_seed42,175,ola,global,,,layers.1.bias,db,65,-46.138604559043706,-45.68229841404121,-45.910451486542456,0,0.0,0.6,10
bayesfl_observability_v1,ola_sparse_bayesian_keep010_seed42,175,ola,global,,,layers.1.bias,db,66,-45.68229841404121,-45.22599226903871,-45.45414534153996,1,0.21915111399486423,0.7,10
bayesfl_observability_v1,ola_sparse_bayesian_keep010_seed42,175,ola,global,,,layers.1.bias,db,67,-45.22599226903871,-44.76968612403621,-44.99783919653746,0,0.0,0.7,10
bayesfl_observability_v1,ola_sparse_bayesian_keep010_seed42,175,ola,global,,,layers.1.bias,db,68,-44.76968612403621,-44.31337997903371,-44.54153305153496,2,0.43830222798972845,0.9,10
bayesfl_observability_v1,ola_sparse_bayesian_keep010_seed42,175,ola,global,,,layers.1.bias,db,69,-44.31337997903371,-43.85707383403121,-44.08522690653246,0,0.0,0.9,10
bayesfl_observability_v1,ola_sparse_bayesian_keep010_seed42,175,ola,global,,,layers.1.bias,db,70,-43.85707383403121,-43.40076768902871,-43.62892076152996,0,0.0,0.9,10
bayesfl_observability_v1,ola_sparse_bayesian_keep010_seed42,175,ola,global,,,layers.1.bias,db,71,-43.40076768902871,-42.94446154402621,-43.17261461652746,0,0.0,0.9,10
bayesfl_observability_v1,ola_sparse_bayesian_keep010_seed42,175,ola,global,,,layers.1.bias,db,72,-42.94446154402621,-42.48815539902371,-42.71630847152496,0,0.0,0.9,10
bayesfl_observability_v1,ola_sparse_bayesian_keep010_seed42,175,ola,global,,,layers.1.bias,db,73,-42.48815539902371,-42.03184925402121,-42.26000232652246,0,0.0,0.9,10
bayesfl_observability_v1,ola_sparse_bayesian_keep010_seed42,175,ola,global,,,layers.1.bias,db,74,-42.03184925402121,-41.57554310901872,-41.80369618151997,0,0.0,0.9,10
bayesfl_observability_v1,ola_sparse_bayesian_keep010_seed42,175,ola,global,,,layers.1.bias,db,75,-41.57554310901872,-41.11923696401622,-41.34739003651747,0,0.0,0.9,10
bayesfl_observability_v1,ola_sparse_bayesian_keep010_seed42,175,ola,global,,,layers.1.bias,db,76,-41.11923696401622,-40.66293081901372,-40.89108389151497,0,0.0,0.9,10
bayesfl_observability_v1,ola_sparse_bayesian_keep010_seed42,175,ola,global,,,layers.1.bias,db,77,-40.66293081901372,-40.206624674011216,-40.43477774651247,0,0.0,0.9,10
bayesfl_observability_v1,ola_sparse_bayesian_keep010_seed42,175,ola,global,,,layers.1.bias,db,78,-40.206624674011216,-39.750318529008716,-39.978471601509966,0,0.0,0.9,10
bayesfl_observability_v1,ola_sparse_bayesian_keep010_seed42,175,ola,global,,,layers.1.bias,db,79,-39.750318529008716,-39.294012384006216,-39.522165456507466,1,0.21915111399486423,1.0,10
bayesfl_observability_v1,ola_sparse_bayesian_keep010_seed42,180,ola,global,,,all,raw,0,2.0005701773262004e-08,0.0015277767464640726,0.000763898376082923,85715,551.2934674884118,0.8422423110936426,101770
bayesfl_observability_v1,ola_sparse_bayesian_keep010_seed42,180,ola,global,,,all,raw,1,0.0015277767464640726,0.0030555334872263717,0.002291655116845222,13770,88.56455751403406,0.9775474108283384,101770
bayesfl_observability_v1,ola_sparse_bayesian_keep010_seed42,180,ola,global,,,all,raw,2,0.0030555334872263717,0.004583290227988671,0.0038194118576075214,1458,9.377423736780077,0.9918738331531886,101770
bayesfl_observability_v1,ola_sparse_bayesian_keep010_seed42,180,ola,global,,,all,raw,3,0.004583290227988671,0.00611104696875097,0.00534716859836982,178,1.1448432271240423,0.9936228751105434,101770
bayesfl_observability_v1,ola_sparse_bayesian_keep010_seed42,180,ola,global,,,all,raw,4,0.00611104696875097,0.00763880370951327,0.0068749253391321204,114,0.7332142016412405,0.9947430480495234,101770
bayesfl_observability_v1,ola_sparse_bayesian_keep010_seed42,180,ola,global,,,all,raw,5,0.00763880370951327,0.00916656045027557,0.008402682079894419,95,0.6110118347010338,0.9956765254986735,101770
bayesfl_observability_v1,ola_sparse_bayesian_keep010_seed42,180,ola,global,,,all,raw,6,0.00916656045027557,0.01069431719103787,0.00993043882065672,69,0.4437875430986453,0.9963545249091088,101770
bayesfl_observability_v1,ola_sparse_bayesian_keep010_seed42,180,ola,global,,,all,raw,7,0.01069431719103787,0.012222073931800168,0.01145819556141902,55,0.3537436937742829,0.9968949592217746,101770
bayesfl_observability_v1,ola_sparse_bayesian_keep010_seed42,180,ola,global,,,all,raw,8,0.012222073931800168,0.013749830672562467,0.012985952302181317,49,0.3151534726352702,0.9973764370639677,101770
bayesfl_observability_v1,ola_sparse_bayesian_keep010_seed42,180,ola,global,,,all,raw,9,0.013749830672562467,0.015277587413324767,0.014513709042943617,44,0.282994955019426,0.9978087845141004,101770
bayesfl_observability_v1,ola_sparse_bayesian_keep010_seed42,180,ola,global,,,all,raw,10,0.015277587413324767,0.016805344154087066,0.016041465783705917,40,0.2572681409267512,0.9982018276505846,101770
bayesfl_observability_v1,ola_sparse_bayesian_keep010_seed42,180,ola,global,,,all,raw,11,0.016805344154087066,0.018333100894849363,0.017569222524468214,21,0.13506577398654454,0.9984081752972389,101770
bayesfl_observability_v1,ola_sparse_bayesian_keep010_seed42,180,ola,global,,,all,raw,12,0.018333100894849363,0.019860857635611663,0.01909697926523051,26,0.1672242916023881,0.9986636533359536,101770
bayesfl_observability_v1,ola_sparse_bayesian_keep010_seed42,180,ola,global,,,all,raw,13,0.019860857635611663,0.021388614376373963,0.020624736005992815,17,0.10933895989386914,0.9988306966689594,101770
bayesfl_observability_v1,ola_sparse_bayesian_keep010_seed42,180,ola,global,,,all,raw,14,0.021388614376373963,0.02291637111713626,0.022152492746755112,13,0.08361214580119423,0.9989584356883168,101770
bayesfl_observability_v1,ola_sparse_bayesian_keep010_seed42,180,ola,global,,,all,raw,15,0.02291637111713626,0.02444412785789856,0.02368024948751741,18,0.11577066341703791,0.9991353050997347,101770
bayesfl_observability_v1,ola_sparse_bayesian_keep010_seed42,180,ola,global,,,all,raw,16,0.02444412785789856,0.02597188459866086,0.025208006228279713,9,0.05788533170851896,0.9992237398054437,101770
bayesfl_observability_v1,ola_sparse_bayesian_keep010_seed42,180,ola,global,,,all,raw,17,0.02597188459866086,0.027499641339423158,0.02673576296904201,5,0.032158517615843936,0.9992728701975042,101770
bayesfl_observability_v1,ola_sparse_bayesian_keep010_seed42,180,ola,global,,,all,raw,18,0.027499641339423158,0.02902739808018546,0.028263519709804306,8,0.05145362818535018,0.999351478824801,101770
bayesfl_observability_v1,ola_sparse_bayesian_keep010_seed42,180,ola,global,,,all,raw,19,0.02902739808018546,0.03055515482094776,0.02979127645056661,3,0.019295110569506318,0.9993809570600374,101770
bayesfl_observability_v1,ola_sparse_bayesian_keep010_seed42,180,ola,global,,,all,raw,20,0.03055515482094776,0.03208291156171006,0.03131903319132891,6,0.038590221139012636,0.99943991353051,101770
bayesfl_observability_v1,ola_sparse_bayesian_keep010_seed42,180,ola,global,,,all,raw,21,0.03208291156171006,0.03361066830247236,0.03284678993209121,9,0.05788533170851882,0.9995283482362189,101770
bayesfl_observability_v1,ola_sparse_bayesian_keep010_seed42,180,ola,global,,,all,raw,22,0.03361066830247236,0.03513842504323466,0.034374546672853515,8,0.0514536281853503,0.9996069568635157,101770
bayesfl_observability_v1,ola_sparse_bayesian_keep010_seed42,180,ola,global,,,all,raw,23,0.03513842504323466,0.03666618178399696,0.035902303413615805,3,0.019295110569506363,0.9996364350987521,101770
bayesfl_observability_v1,ola_sparse_bayesian_keep010_seed42,180,ola,global,,,all,raw,24,0.03666618178399696,0.03819393852475926,0.03743006015437811,3,0.019295110569506273,0.9996659133339884,101770
bayesfl_observability_v1,ola_sparse_bayesian_keep010_seed42,180,ola,global,,,all,raw,25,0.03819393852475926,0.03972169526552156,0.03895781689514041,4,0.02572681409267515,0.9997052176476369,101770
bayesfl_observability_v1,ola_sparse_bayesian_keep010_seed42,180,ola,global,,,all,raw,26,0.03972169526552156,0.041249452006283854,0.0404855736359027,0,0.0,0.9997052176476369,101770
bayesfl_observability_v1,ola_sparse_bayesian_keep010_seed42,180,ola,global,,,all,raw,27,0.041249452006283854,0.04277720874704616,0.042013330376665006,2,0.012863407046337516,0.9997248698044611,101770
bayesfl_observability_v1,ola_sparse_bayesian_keep010_seed42,180,ola,global,,,all,raw,28,0.04277720874704616,0.044304965487808455,0.04354108711742731,4,0.02572681409267515,0.9997641741181095,101770
bayesfl_observability_v1,ola_sparse_bayesian_keep010_seed42,180,ola,global,,,all,raw,29,0.044304965487808455,0.04583272222857075,0.0450688438581896,5,0.032158517615843936,0.99981330451017,101770
bayesfl_observability_v1,ola_sparse_bayesian_keep010_seed42,180,ola,global,,,all,raw,30,0.04583272222857075,0.047360478969333056,0.046596600598951904,2,0.012863407046337516,0.9998329566669942,101770
bayesfl_observability_v1,ola_sparse_bayesian_keep010_seed42,180,ola,global,,,all,raw,31,0.047360478969333056,0.04888823571009535,0.04812435733971421,0,0.0,0.9998329566669942,101770
bayesfl_observability_v1,ola_sparse_bayesian_keep010_seed42,180,ola,global,,,all,raw,32,0.04888823571009535,0.05041599245085765,0.0496521140804765,1,0.006431703523168787,0.9998427827454063,101770
bayesfl_observability_v1,ola_sparse_bayesian_keep010_seed42,180,ola,global,,,all,raw,33,0.05041599245085765,0.05194374919161995,0.0511798708212388,1,0.006431703523168758,0.9998526088238184,101770
bayesfl_observability_v1,ola_sparse_bayesian_keep010_seed42,180,ola,global,,,all,raw,34,0.05194374919161995,0.05347150593238225,0.052707627562001105,0,0.0,0.9998526088238184,101770
bayesfl_observability_v1,ola_sparse_bayesian_keep010_seed42,180,ola,global,,,all,raw,35,0.05347150593238225,0.05499926267314455,0.054235384302763395,0,0.0,0.9998526088238184,101770
bayesfl_observability_v1,ola_sparse_bayesian_keep010_seed42,180,ola,global,,,all,raw,36,0.05499926267314455,0.05652701941390685,0.0557631410435257,3,0.019295110569506273,0.9998820870590547,101770
bayesfl_observability_v1,ola_sparse_bayesian_keep010_seed42,180,ola,global,,,all,raw,37,0.05652701941390685,0.05805477615466915,0.057290897784288,0,0.0,0.9998820870590547,101770
bayesfl_observability_v1,ola_sparse_bayesian_keep010_seed42,180,ola,global,,,all,raw,38,0.05805477615466915,0.059582532895431445,0.05881865452505029,0,0.0,0.9998820870590547,101770
bayesfl_observability_v1,ola_sparse_bayesian_keep010_seed42,180,ola,global,,,all,raw,39,0.059582532895431445,0.06111028963619375,0.0603464112658126,1,0.006431703523168758,0.9998919131374668,101770
bayesfl_observability_v1,ola_sparse_bayesian_keep010_seed42,180,ola,global,,,all,raw,40,0.06111028963619375,0.06263804637695605,0.0618741680065749,2,0.012863407046337516,0.999911565294291,101770
bayesfl_observability_v1,ola_sparse_bayesian_keep010_seed42,180,ola,global,,,all,raw,41,0.06263804637695605,0.06416580311771834,0.06340192474733719,1,0.006431703523168817,0.9999213913727032,101770
bayesfl_observability_v1,ola_sparse_bayesian_keep010_seed42,180,ola,global,,,all,raw,42,0.06416580311771834,0.06569355985848065,0.0649296814880995,0,0.0,0.9999213913727032,101770
bayesfl_observability_v1,ola_sparse_bayesian_keep010_seed42,180,ola,global,,,all,raw,43,0.06569355985848065,0.06722131659924295,0.0664574382288618,1,0.006431703523168758,0.9999312174511152,101770
bayesfl_observability_v1,ola_sparse_bayesian_keep010_seed42,180,ola,global,,,all,raw,44,0.06722131659924295,0.06874907334000524,0.0679851949696241,0,0.0,0.9999312174511152,101770
bayesfl_observability_v1,ola_sparse_bayesian_keep010_seed42,180,ola,global,,,all,raw,45,0.06874907334000524,0.07027683008076754,0.06951295171038639,1,0.006431703523168758,0.9999410435295274,101770
bayesfl_observability_v1,ola_sparse_bayesian_keep010_seed42,180,ola,global,,,all,raw,46,0.07027683008076754,0.07180458682152985,0.0710407084511487,0,0.0,0.9999410435295274,101770
bayesfl_observability_v1,ola_sparse_bayesian_keep010_seed42,180,ola,global,,,all,raw,47,0.07180458682152985,0.07333234356229214,0.07256846519191099,1,0.006431703523168817,0.9999508696079394,101770
bayesfl_observability_v1,ola_sparse_bayesian_keep010_seed42,180,ola,global,,,all,raw,48,0.07333234356229214,0.07486010030305444,0.07409622193267329,1,0.006431703523168758,0.9999606956863516,101770
bayesfl_observability_v1,ola_sparse_bayesian_keep010_seed42,180,ola,global,,,all,raw,49,0.07486010030305444,0.07638785704381675,0.0756239786734356,1,0.006431703523168758,0.9999705217647636,101770
bayesfl_observability_v1,ola_sparse_bayesian_keep010_seed42,180,ola,global,,,all,raw,50,0.07638785704381675,0.07791561378457904,0.0771517354141979,0,0.0,0.9999705217647636,101770
bayesfl_observability_v1,ola_sparse_bayesian_keep010_seed42,180,ola,global,,,all,raw,51,0.07791561378457904,0.07944337052534134,0.07867949215496019,0,0.0,0.9999705217647636,101770
bayesfl_observability_v1,ola_sparse_bayesian_keep010_seed42,180,ola,global,,,all,raw,52,0.07944337052534134,0.08097112726610364,0.08020724889572249,0,0.0,0.9999705217647636,101770
bayesfl_observability_v1,ola_sparse_bayesian_keep010_seed42,180,ola,global,,,all,raw,53,0.08097112726610364,0.08249888400686593,0.08173500563648478,0,0.0,0.9999705217647636,101770
bayesfl_observability_v1,ola_sparse_bayesian_keep010_seed42,180,ola,global,,,all,raw,54,0.08249888400686593,0.08402664074762824,0.08326276237724708,0,0.0,0.9999705217647636,101770
bayesfl_observability_v1,ola_sparse_bayesian_keep010_seed42,180,ola,global,,,all,raw,55,0.08402664074762824,0.08555439748839054,0.08479051911800939,0,0.0,0.9999705217647636,101770
bayesfl_observability_v1,ola_sparse_bayesian_keep010_seed42,180,ola,global,,,all,raw,56,0.08555439748839054,0.08708215422915283,0.08631827585877169,0,0.0,0.9999705217647636,101770
bayesfl_observability_v1,ola_sparse_bayesian_keep010_seed42,180,ola,global,,,all,raw,57,0.08708215422915283,0.08860991096991513,0.08784603259953398,0,0.0,0.9999705217647636,101770
bayesfl_observability_v1,ola_sparse_bayesian_keep010_seed42,180,ola,global,,,all,raw,58,0.08860991096991513,0.09013766771067744,0.08937378934029629,0,0.0,0.9999705217647636,101770
bayesfl_observability_v1,ola_sparse_bayesian_keep010_seed42,180,ola,global,,,all,raw,59,0.09013766771067744,0.09166542445143973,0.09090154608105858,0,0.0,0.9999705217647636,101770
bayesfl_observability_v1,ola_sparse_bayesian_keep010_seed42,180,ola,global,,,all,raw,60,0.09166542445143973,0.09319318119220203,0.09242930282182088,1,0.006431703523168758,0.9999803478431758,101770
bayesfl_observability_v1,ola_sparse_bayesian_keep010_seed42,180,ola,global,,,all,raw,61,0.09319318119220203,0.09472093793296434,0.09395705956258318,0,0.0,0.9999803478431758,101770
bayesfl_observability_v1,ola_sparse_bayesian_keep010_seed42,180,ola,global,,,all,raw,62,0.09472093793296434,0.09624869467372663,0.09548481630334549,0,0.0,0.9999803478431758,101770
bayesfl_observability_v1,ola_sparse_bayesian_keep010_seed42,180,ola,global,,,all,raw,63,0.09624869467372663,0.09777645141448893,0.09701257304410778,0,0.0,0.9999803478431758,101770
bayesfl_observability_v1,ola_sparse_bayesian_keep010_seed42,180,ola,global,,,all,raw,64,0.09777645141448893,0.09930420815525123,0.09854032978487008,0,0.0,0.9999803478431758,101770
bayesfl_observability_v1,ola_sparse_bayesian_keep010_seed42,180,ola,global,,,all,raw,65,0.09930420815525123,0.10083196489601352,0.10006808652563237,1,0.006431703523168817,0.9999901739215878,101770
bayesfl_observability_v1,ola_sparse_bayesian_keep010_seed42,180,ola,global,,,all,raw,66,0.10083196489601352,0.10235972163677583,0.10159584326639468,0,0.0,0.9999901739215878,101770
bayesfl_observability_v1,ola_sparse_bayesian_keep010_seed42,180,ola,global,,,all,raw,67,0.10235972163677583,0.10388747837753813,0.10312360000715698,0,0.0,0.9999901739215878,101770
bayesfl_observability_v1,ola_sparse_bayesian_keep010_seed42,180,ola,global,,,all,raw,68,0.10388747837753813,0.10541523511830042,0.10465135674791928,0,0.0,0.9999901739215878,101770
bayesfl_observability_v1,ola_sparse_bayesian_keep010_seed42,180,ola,global,,,all,raw,69,0.10541523511830042,0.10694299185906272,0.10617911348868157,0,0.0,0.9999901739215878,101770
bayesfl_observability_v1,ola_sparse_bayesian_keep010_seed42,180,ola,global,,,all,raw,70,0.10694299185906272,0.10847074859982503,0.10770687022944388,0,0.0,0.9999901739215878,101770
bayesfl_observability_v1,ola_sparse_bayesian_keep010_seed42,180,ola,global,,,all,raw,71,0.10847074859982503,0.10999850534058732,0.10923462697020617,0,0.0,0.9999901739215878,101770
bayesfl_observability_v1,ola_sparse_bayesian_keep010_seed42,180,ola,global,,,all,raw,72,0.10999850534058732,0.11152626208134962,0.11076238371096847,0,0.0,0.9999901739215878,101770
bayesfl_observability_v1,ola_sparse_bayesian_keep010_seed42,180,ola,global,,,all,raw,73,0.11152626208134962,0.11305401882211193,0.11229014045173077,0,0.0,0.9999901739215878,101770
bayesfl_observability_v1,ola_sparse_bayesian_keep010_seed42,180,ola,global,,,all,raw,74,0.11305401882211193,0.11458177556287422,0.11381789719249308,0,0.0,0.9999901739215878,101770
bayesfl_observability_v1,ola_sparse_bayesian_keep010_seed42,180,ola,global,,,all,raw,75,0.11458177556287422,0.11610953230363652,0.11534565393325537,0,0.0,0.9999901739215878,101770
bayesfl_observability_v1,ola_sparse_bayesian_keep010_seed42,180,ola,global,,,all,raw,76,0.11610953230363652,0.11763728904439882,0.11687341067401767,0,0.0,0.9999901739215878,101770
bayesfl_observability_v1,ola_sparse_bayesian_keep010_seed42,180,ola,global,,,all,raw,77,0.11763728904439882,0.11916504578516111,0.11840116741477996,0,0.0,0.9999901739215878,101770
bayesfl_observability_v1,ola_sparse_bayesian_keep010_seed42,180,ola,global,,,all,raw,78,0.11916504578516111,0.12069280252592342,0.11992892415554227,0,0.0,0.9999901739215878,101770
bayesfl_observability_v1,ola_sparse_bayesian_keep010_seed42,180,ola,global,,,all,raw,79,0.12069280252592342,0.12222055926668572,0.12145668089630457,1,0.006431703523168758,1.0,101770
bayesfl_observability_v1,ola_sparse_bayesian_keep010_seed42,180,ola,global,,,all,db,0,-153.97649003110982,-152.27999783905304,-153.12824393508143,1,5.791997427464055e-06,9.826078412105729e-06,101770
bayesfl_observability_v1,ola_sparse_bayesian_keep010_seed42,180,ola,global,,,all,db,1,-152.27999783905304,-150.5835056469963,-151.43175174302468,1,5.791997427464153e-06,1.9652156824211458e-05,101770
bayesfl_observability_v1,ola_sparse_bayesian_keep010_seed42,180,ola,global,,,all,db,2,-150.5835056469963,-148.8870134549395,-149.7352595509679,0,0.0,1.9652156824211458e-05,101770
bayesfl_observability_v1,ola_sparse_bayesian_keep010_seed42,180,ola,global,,,all,db,3,-148.8870134549395,-147.19052126288273,-148.03876735891112,1,5.791997427464055e-06,2.9478235236317185e-05,101770
bayesfl_observability_v1,ola_sparse_bayesian_keep010_seed42,180,ola,global,,,all,db,4,-147.19052126288273,-145.49402907082595,-146.34227516685434,0,0.0,2.9478235236317185e-05,101770
bayesfl_observability_v1,ola_sparse_bayesian_keep010_seed42,180,ola,global,,,all,db,5,-145.49402907082595,-143.7975368787692,-144.64578297479756,2,1.1583994854928305e-05,4.913039206052864e-05,101770
bayesfl_observability_v1,ola_sparse_bayesian_keep010_seed42,180,ola,global,,,all,db,6,-143.7975368787692,-142.1010446867124,-142.9492907827408,0,0.0,4.913039206052864e-05,101770
bayesfl_observability_v1,ola_sparse_bayesian_keep010_seed42,180,ola,global,,,all,db,7,-142.1010446867124,-140.40455249465563,-141.25279859068402,1,5.791997427464055e-06,5.895647047263437e-05,101770
bayesfl_observability_v1,ola_sparse_bayesian_keep010_seed42,180,ola,global,,,all,db,8,-140.40455249465563,-138.70806030259885,-139.55630639862724,2,1.158399485492811e-05,7.860862729684583e-05,101770
bayesfl_observability_v1,ola_sparse_bayesian_keep010_seed42,180,ola,global,,,all,db,9,-138.70806030259885,-137.0115681105421,-137.8598142065705,1,5.791997427464153e-06,8.843470570895156e-05,101770
bayesfl_observability_v1,ola_sparse_bayesian_keep010_seed42,180,ola,global,,,all,db,10,-137.0115681105421,-135.31507591848532,-136.1633220145137,1,5.791997427464055e-06,9.826078412105728e-05,101770
bayesfl_observability_v1,ola_sparse_bayesian_keep010_seed42,180,ola,global,,,all,db,11,-135.31507591848532,-133.61858372642854,-134.46682982245693,2,1.158399485492811e-05,0.00011791294094526874,101770
bayesfl_observability_v1,ola_sparse_bayesian_keep010_seed42,180,ola,global,,,all,db,12,-133.61858372642854,-131.92209153437176,-132.77033763040015,5,2.895998713732028e-05,0.00016704333300579738,101770
bayesfl_observability_v1,ola_sparse_bayesian_keep010_seed42,180,ola,global,,,all,db,13,-131.92209153437176,-130.225599342315,-131.07384543834337,5,2.8959987137320766e-05,0.00021617372506632602,101770
bayesfl_observability_v1,ola_sparse_bayesian_keep010_seed42,180,ola,global,,,all,db,14,-130.225599342315,-128.52910715025823,-129.37735324628662,3,1.7375992282392168e-05,0.00024565196030264323,101770
bayesfl_observability_v1,ola_sparse_bayesian_keep010_seed42,180,ola,global,,,all,db,15,-128.52910715025823,-126.83261495820145,-127.68086105422984,3,1.7375992282392168e-05,0.0002751301955389604,101770
bayesfl_observability_v1,ola_sparse_bayesian_keep010_seed42,180,ola,global,,,all,db,16,-126.83261495820145,-125.13612276614468,-125.98436886217306,13,7.529596655703336e-05,0.00040286921489633487,101770
bayesfl_observability_v1,ola_sparse_bayesian_keep010_seed42,180,ola,global,,,all,db,17,-125.13612276614468,-123.43963057408791,-124.2878766701163,8,4.6335979419712836e-05,0.0004814778421931807,101770
bayesfl_observability_v1,ola_sparse_bayesian_keep010_seed42,180,ola,global,,,all,db,18,-123.43963057408791,-121.74313838203113,-122.59138447805952,12,6.950396912956867e-05,0.0005993907831384495,101770
bayesfl_observability_v1,ola_sparse_bayesian_keep010_seed42,180,ola,global,,,all,db,19,-121.74313838203113,-120.04664618997435,-120.89489228600274,6,3.4751984564784335e-05,0.0006583472536110838,101770
bayesfl_observability_v1,ola_sparse_bayesian_keep010_seed42,180,ola,global,,,all,db,20,-120.04664618997435,-118.35015399791759,-119.19840009394596,22,0.0001274239434042103,0.0008745209786774099,101770
bayesfl_observability_v1,ola_sparse_bayesian_keep010_seed42,180,ola,global,,,all,db,21,-118.35015399791759,-116.65366180586082,-117.50190790188921,17,9.846395626688978e-05,0.0010415643116832073,101770
bayesfl_observability_v1,ola_sparse_bayesian_keep010_seed42,180,ola,global,,,all,db,22,-116.65366180586082,-114.95716961380404,-115.80541570983243,28,0.00016217592796899356,0.0013166945072221677,101770
bayesfl_observability_v1,ola_sparse_bayesian_keep010_seed42,180,ola,global,,,all,db,23,-114.95716961380404,-113.26067742174727,-114.10892351777565,34,0.00019692791253377956,0.0016507811732337624,101770
bayesfl_observability_v1,ola_sparse_bayesian_keep010_seed42,180,ola,global,,,all,db,24,-113.26067742174727,-111.56418522969051,-112.4124313257189,37,0.00021430390481617185,0.0020143460744816745,101770
bayesfl_observability_v1,ola_sparse_bayesian_keep010_seed42,180,ola,global,,,all,db,25,-111.56418522969051,-109.86769303763373,-110.71593913366212,40,0.00023167989709856223,0.0024073892109659034,101770
bayesfl_observability_v1,ola_sparse_bayesian_keep010_seed42,180,ola,global,,,all,db,26,-109.86769303763373,-108.17120084557695,-109.01944694160534,44,0.0002548478868084184,0.0028397366610985555,101770
bayesfl_observability_v1,ola_sparse_bayesian_keep010_seed42,180,ola,global,,,all,db,27,-108.17120084557695,-106.47470865352018,-107.32295474954856,60,0.00034751984564784625,0.003429301365824899,101770
bayesfl_observability_v1,ola_sparse_bayesian_keep010_seed42,180,ola,global,,,all,db,28,-106.47470865352018,-104.77821646146342,-105.6264625574918,60,0.00034751984564784625,0.004018866070551243,101770
bayesfl_observability_v1,ola_sparse_bayesian_keep010_seed42,180,ola,global,,,all,db,29,-104.77821646146342,-103.08172426940664,-103.92997036543503,86,0.0004981117787619088,0.0048639088139923355,101770
bayesfl_observability_v1,ola_sparse_bayesian_keep010_seed42,180,ola,global,,,all,db,30,-103.08172426940664,-101.38523207734985,-102.23347817337824,124,0.0007182076810055429,0.006082342537093446,101770
bayesfl_observability_v1,ola_sparse_bayesian_keep010_seed42,180,ola,global,,,all,db,31,-101.38523207734985,-99.68873988529309,-100.53698598132146,129,0.0007471676681428695,0.007349906652255085,101770
bayesfl_observability_v1,ola_sparse_bayesian_keep010_seed42,180,ola,global,,,all,db,32,-99.68873988529309,-97.99224769323632,-98.84049378926471,138,0.0007992956449900464,0.008705905473125676,101770
bayesfl_observability_v1,ola_sparse_bayesian_keep010_seed42,180,ola,global,,,all,db,33,-97.99224769323632,-96.29575550117954,-97.14400159720793,226,0.0013089914186068766,0.01092659919426157,101770
bayesfl_observability_v1,ola_sparse_bayesian_keep010_seed42,180,ola,global,,,all,db,34,-96.29575550117954,-94.59926330912276,-95.44750940515115,220,0.0012742394340420921,0.01308833644492483,101770
bayesfl_observability_v1,ola_sparse_bayesian_keep010_seed42,180,ola,global,,,all,db,35,-94.59926330912276,-92.902771117066,-93.75101721309437,289,0.0016738872565371262,0.015928073106023385,101770
bayesfl_observability_v1,ola_sparse_bayesian_keep010_seed42,180,ola,global,,,all,db,36,-92.902771117066,-91.20627892500923,-92.05452502103762,328,0.0018997751562082263,0.019151026825194064,101770
bayesfl_observability_v1,ola_sparse_bayesian_keep010_seed42,180,ola,global,,,all,db,37,-91.20627892500923,-89.50978673295245,-90.35803282898084,400,0.0023167989709856223,0.023081458190036357,101770
bayesfl_observability_v1,ola_sparse_bayesian_keep010_seed42,180,ola,global,,,all,db,38,-89.50978673295245,-87.81329454089568,-88.66154063692406,501,0.0029017907111595163,0.028004323474501328,101770
bayesfl_observability_v1,ola_sparse_bayesian_keep010_seed42,180,ola,global,,,all,db,39,-87.81329454089568,-86.1168023488389,-86.96504844486729,597,0.003457822464196041,0.03387049228652845,101770
bayesfl_observability_v1,ola_sparse_bayesian_keep010_seed42,180,ola,global,,,all,db,40,-86.1168023488389,-84.42031015678214,-85.26855625281053,745,0.004315038083460758,0.04119092070354721,101770
bayesfl_observability_v1,ola_sparse_bayesian_keep010_seed42,180,ola,global,,,all,db,41,-84.42031015678214,-82.72381796472536,-83.57206406075375,817,0.004732061898238133,0.049218826766237594,101770
bayesfl_observability_v1,ola_sparse_bayesian_keep010_seed42,180,ola,global,,,all,db,42,-82.72381796472536,-81.02732577266859,-81.87557186869697,1101,0.006376989167637979,0.060037339097966,101770
bayesfl_observability_v1,ola_sparse_bayesian_keep010_seed42,180,ola,global,,,all,db,43,-81.02732577266859,-79.33083358061181,-80.1790796766402,1276,0.0073905887174441345,0.07257541515181291,101770
bayesfl_observability_v1,ola_sparse_bayesian_keep010_seed42,180,ola,global,,,all,db,44,-79.33083358061181,-77.63434138855504,-78.48258748458343,1576,0.009128187945683429,0.08806131472929155,101770
bayesfl_observability_v1,ola_sparse_bayesian_keep010_seed42,180,ola,global,,,all,db,45,-77.63434138855504,-75.93784919649826,-76.78609529252665,1870,0.010831035189357784,0.10643608135992925,101770
bayesfl_observability_v1,ola_sparse_bayesian_keep010_seed42,180,ola,global,,,all,db,46,-75.93784919649826,-74.2413570044415,-75.08960310046987,2305,0.01335055407030476,0.12908519209983296,101770
bayesfl_observability_v1,ola_sparse_bayesian_keep010_seed42,180,ola,global,,,all,db,47,-74.2413570044415,-72.54486481238473,-73.39311090841312,2839,0.016443480696570593,0.15698142871180112,101770
bayesfl_observability_v1,ola_sparse_bayesian_keep010_seed42,180,ola,global,,,all,db,48,-72.54486481238473,-70.84837262032795,-71.69661871635634,3465,0.02006927108616295,0.19102879040974746,101770
bayesfl_observability_v1,ola_sparse_bayesian_keep010_seed42,180,ola,global,,,all,db,49,-70.84837262032795,-69.15188042827118,-70.00012652429956,4233,0.024517525110455553,0.23262258032819103,101770
bayesfl_observability_v1,ola_sparse_bayesian_keep010_seed42,180,ola,global,,,all,db,50,-69.15188042827118,-67.4553882362144,-68.3036343322428,5089,0.02947547490836458,0.28262749336739706,101770
bayesfl_observability_v1,ola_sparse_bayesian_keep010_seed42,180,ola,global,,,all,db,51,-67.4553882362144,-65.75889604415764,-66.60714214018603,6230,0.03608414397310137,0.34384396187481575,101770
bayesfl_observability_v1,ola_sparse_bayesian_keep010_seed42,180,ola,global,,,all,db,52,-65.75889604415764,-64.06240385210086,-64.91064994812925,7473,0.04328359677543889,0.4172742458484819,101770
bayesfl_observability_v1,ola_sparse_bayesian_keep010_seed42,180,ola,global,,,all,db,53,-64.06240385210086,-62.36591166004409,-63.214157756072474,9100,0.05270717658992335,0.506691559398644,101770
bayesfl_observability_v1,ola_sparse_bayesian_keep010_seed42,180,ola,global,,,all,db,54,-62.36591166004409,-60.66941946798731,-61.5176655640157,10725,0.062119172409552,0.6120762503684779,101770
bayesfl_observability_v1,ola_sparse_bayesian_keep010_seed42,180,ola,global,,,all,db,55,-60.66941946798731,-58.972927275930545,-59.82117337195893,12256,0.07098672047100006,0.7325046673872457,101770
bayesfl_observability_v1,ola_sparse_bayesian_keep010_seed42,180,ola,global,,,all,db,56,-58.972927275930545,-57.276435083873764,-58.124681179902154,7861,0.04553089177729494,0.8097474697848089,101770
bayesfl_observability_v1,ola_sparse_bayesian_keep010_seed42,180,ola,global,,,all,db,57,-57.276435083873764,-55.579942891817,-56.42818898784538,5750,0.0333039852079186,0.8662474206544168,101770
bayesfl_observability_v1,ola_sparse_bayesian_keep010_seed42,180,ola,global,,,all,db,58,-55.579942891817,-53.88345069976022,-54.73169679578861,4955,0.028699347253084394,0.9149356391864008,101770
bayesfl_observability_v1,ola_sparse_bayesian_keep010_seed42,180,ola,global,,,all,db,59,-53.88345069976022,-52.18695850770345,-53.035204603731835,3730,0.021604150404441108,0.951586911663555,101770
bayesfl_observability_v1,ola_sparse_bayesian_keep010_seed42,180,ola,global,,,all,db,60,-52.18695850770345,-50.49046631564667,-51.33871241167506,2473,0.01432360963811861,0.9758868035766926,101770
bayesfl_observability_v1,ola_sparse_bayesian_keep010_seed42,180,ola,global,,,all,db,61,-50.49046631564667,-48.793974123589905,-49.64222021961829,1126,0.006521789103324582,0.9869509678687236,101770
bayesfl_observability_v1,ola_sparse_bayesian_keep010_seed42,180,ola,global,,,all,db,62,-48.793974123589905,-47.097481931533125,-47.945728027561515,463,0.0026816948089158576,0.9915004421735285,101770
bayesfl_observability_v1,ola_sparse_bayesian_keep010_seed42,180,ola,global,,,all,db,63,-47.097481931533125,-45.40098973947636,-46.24923583550474,149,0.0008630076166921515,0.9929645278569323,101770
bayesfl_observability_v1,ola_sparse_bayesian_keep010_seed42,180,ola,global,,,all,db,64,-45.40098973947636,-43.70449754741959,-44.552743643447975,99,0.0005734077453189463,0.9939373096197308,101770
bayesfl_observability_v1,ola_sparse_bayesian_keep010_seed42,180,ola,global,,,all,db,65,-43.70449754741959,-42.00800535536281,-42.8562514513912,95,0.0005502397556090853,0.9948707870688808,101770
bayesfl_observability_v1,ola_sparse_bayesian_keep010_seed42,180,ola,global,,,all,db,66,-42.00800535536281,-40.311513163306046,-41.15975925933443,98,0.0005676157478914822,0.9958337427532672,101770
bayesfl_observability_v1,ola_sparse_bayesian_keep010_seed42,180,ola,global,,,all,db,67,-40.311513163306046,-38.615020971249265,-39.463267067277656,95,0.0005502397556090853,0.9967672202024173,101770
bayesfl_observability_v1,ola_sparse_bayesian_keep010_seed42,180,ola,global,,,all,db,68,-38.615020971249265,-36.9185287791925,-37.76677487522088,79,0.0004575677967696642,0.9975434803969736,101770
bayesfl_observability_v1,ola_sparse_bayesian_keep010_seed42,180,ola,global,,,all,db,69,-36.9185287791925,-35.22203658713572,-36.07028268316411,79,0.0004575677967696604,0.99831974059153,101770
bayesfl_observability_v1,ola_sparse_bayesian_keep010_seed42,180,ola,global,,,all,db,70,-35.22203658713572,-33.52554439507895,-34.373790491107336,47,0.0002722238790908129,0.9987815662768988,101770
bayesfl_observability_v1,ola_sparse_bayesian_keep010_seed42,180,ola,global,,,all,db,71,-33.52554439507895,-31.829052203022172,-32.67729829905056,43,0.0002490558893809544,0.9992040876486195,101770
bayesfl_observability_v1,ola_sparse_bayesian_keep010_seed42,180,ola,global,,,all,db,72,-31.829052203022172,-30.132560010965406,-30.98080610699379,21,0.00012163194597674618,0.9994104352952736,101770
bayesfl_observability_v1,ola_sparse_bayesian_keep010_seed42,180,ola,global,,,all,db,73,-30.132560010965406,-28.436067818908626,-29.284313914937016,26,0.00015059193311406545,0.9996659133339884,101770
bayesfl_observability_v1,ola_sparse_bayesian_keep010_seed42,180,ola,global,,,all,db,74,-28.436067818908626,-26.73957562685186,-27.587821722880243,15,8.687996141196156e-05,0.99981330451017,101770
bayesfl_observability_v1,ola_sparse_bayesian_keep010_seed42,180,ola,global,,,all,db,75,-26.73957562685186,-25.04308343479508,-25.89132953082347,5,2.895998713732028e-05,0.9998624349022305,101770
bayesfl_observability_v1,ola_sparse_bayesian_keep010_seed42,180,ola,global,,,all,db,76,-25.04308343479508,-23.3465912427383,-24.19483733876669,7,4.054398199224839e-05,0.9999312174511152,101770
bayesfl_observability_v1,ola_sparse_bayesian_keep010_seed42,180,ola,global,,,all,db,77,-23.3465912427383,-21.650099050681547,-22.498345146709923,4,2.316798970985661e-05,0.9999705217647636,101770
bayesfl_observability_v1,ola_sparse_bayesian_keep010_seed42,180,ola,global,,,all,db,78,-21.650099050681547,-19.953606858624767,-20.801852954653157,2,1.158399485492811e-05,0.9999901739215878,101770
bayesfl_observability_v1,ola_sparse_bayesian_keep010_seed42,180,ola,global,,,all,db,79,-19.953606858624767,-18.25711466656798,-19.105360762596373,1,5.791997427464031e-06,1.0,101770
bayesfl_observability_v1,ola_sparse_bayesian_keep010_seed42,180,ola,global,,,layers.0.weight,raw,0,2.0005701773262004e-08,7.853210288798657e-05,3.9276054294879913e-05,5339,677.6373108067173,0.05320272640306122,100352
bayesfl_observability_v1,ola_sparse_bayesian_keep010_seed42,180,ola,global,,,layers.0.weight,raw,1,7.853210288798657e-05,0.0001570442000741999,0.00011778815148109323,5296,672.1796587436551,0.10597696109693877,100352
bayesfl_observability_v1,ola_sparse_bayesian_keep010_seed42,180,ola,global,,,layers.0.weight,raw,2,0.0001570442000741999,0.0002355562972604132,0.00019630024866730653,5262,667.8643059496061,0.15841238839285715,100352
bayesfl_observability_v1,ola_sparse_bayesian_keep010_seed42,180,ola,global,,,layers.0.weight,raw,3,0.0002355562972604132,0.0003140683944466265,0.00027481234585351985,5316,674.7181015636842,0.21138592155612246,100352
bayesfl_observability_v1,ola_sparse_bayesian_keep010_seed42,180,ola,global,,,layers.0.weight,raw,4,0.0003140683944466265,0.0003925804916328398,0.0003533244430397332,5367,681.1911307547576,0.26486766581632654,100352
bayesfl_observability_v1,ola_sparse_bayesian_keep010_seed42,180,ola,global,,,layers.0.weight,raw,5,0.0003925804916328398,0.0004710925888190531,0.00043183654022594645,5296,672.1796587436555,0.3176419005102041,100352
bayesfl_observability_v1,ola_sparse_bayesian_keep010_seed42,180,ola,global,,,layers.0.weight,raw,6,0.0004710925888190531,0.0005496046860052665,0.0005103486374121598,5339,677.6373108067168,0.3708446269132653,100352
bayesfl_observability_v1,ola_sparse_bayesian_keep010_seed42,180,ola,global,,,layers.0.weight,raw,7,0.0005496046860052665,0.0006281167831914797,0.0005888607345983731,5262,667.8643059496063,0.4232800542091837,100352
bayesfl_observability_v1,ola_sparse_bayesian_keep010_seed42,180,ola,global,,,layers.0.weight,raw,8,0.0006281167831914797,0.000706628880377693,0.0006673728317845864,5312,674.2104129996786,0.47621372767857145,100352
bayesfl_observability_v1,ola_sparse_bayesian_keep010_seed42,180,ola,global,,,layers.0.weight,raw,9,0.000706628880377693,0.0007851409775639064,0.0007458849289707996,5170,656.1874689774725,0.5277323820153061,100352
bayesfl_observability_v1,ola_sparse_bayesian_keep010_seed42,180,ola,global,,,layers.0.weight,raw,10,0.0007851409775639064,0.0008636530747501196,0.000824397026157013,5109,648.4452183763852,0.5786431760204082,100352
bayesfl_observability_v1,ola_sparse_bayesian_keep010_seed42,180,ola,global,,,layers.0.weight,raw,11,0.0008636530747501196,0.0009421651719363329,0.0009029091233432263,5216,662.0258874635399,0.6306202168367347,100352
bayesfl_observability_v1,ola_sparse_bayesian_keep010_seed42,180,ola,global,,,layers.0.weight,raw,12,0.0009421651719363329,0.0010206772691225463,0.0009814212205294397,5149,653.5221040164421,0.6819296077806123,100352
bayesfl_observability_v1,ola_sparse_bayesian_keep010_seed42,180,ola,global,,,layers.0.weight,raw,13,0.0010206772691225463,0.0010991893663087598,0.0010599333177156531,4639,588.7918121057043,0.728156887755102,100352
bayesfl_observability_v1,ola_sparse_bayesian_keep010_seed42,180,ola,global,,,layers.0.weight,raw,14,0.0010991893663087598,0.001177701463494973,0.0011384454149018664,3499,444.1005713640579,0.7630241549744898,100352
bayesfl_observability_v1,ola_sparse_bayesian_keep010_seed42,180,ola,global,,,layers.0.weight,raw,15,0.001177701463494973,0.0012562135606811863,0.0012169575120880797,2699,342.56285856290145,0.7899194834183674,100352
bayesfl_observability_v1,ola_sparse_bayesian_keep010_seed42,180,ola,global,,,layers.0.weight,raw,16,0.0012562135606811863,0.0013347256578673996,0.001295469609274293,2101,266.6634182440371,0.8108557876275511,100352
bayesfl_observability_v1,ola_sparse_bayesian_keep010_seed42,180,ola,global,,,layers.0.weight,raw,17,0.0013347256578673996,0.0014132377550536129,0.0013739817064605062,1780,225.92141098257304,0.8285933514030612,100352
bayesfl_observability_v1,ola_sparse_bayesian_keep010_seed42,180,ola,global,,,layers.0.weight,raw,18,0.0014132377550536129,0.0014917498522398263,0.0014524938036467195,1576,200.0292942182776,0.8442980707908163,100352
bayesfl_observability_v1,ola_sparse_bayesian_keep010_seed42,180,ola,global,,,layers.0.weight,raw,19,0.0014917498522398263,0.0015702619494260396,0.001531005900832933,1513,192.03319933518708,0.859375,100352
bayesfl_observability_v1,ola_sparse_bayesian_keep010_seed42,180,ola,global,,,layers.0.weight,raw,20,0.0015702619494260396,0.0016487740466122529,0.0016095179980191463,1374,174.39102173598616,0.8730668048469388,100352
bayesfl_observability_v1,ola_sparse_bayesian_keep010_seed42,180,ola,global,,,layers.0.weight,raw,21,0.0016487740466122529,0.0017272861437984662,0.0016880300952053595,1232,156.36807771378088,0.8853435905612245,100352
bayesfl_observability_v1,ola_sparse_bayesian_keep010_seed42,180,ola,global,,,layers.0.weight,raw,22,0.0017272861437984662,0.0018057982409846794,0.0017665421923915728,1133,143.80278575463777,0.8966338488520408,100352
bayesfl_observability_v1,ola_sparse_bayesian_keep010_seed42,180,ola,global,,,layers.0.weight,raw,23,0.0018057982409846794,0.0018843103381708927,0.001845054289577786,1124,142.66048648562477,0.9078344228316326,100352
bayesfl_observability_v1,ola_sparse_bayesian_keep010_seed42,180,ola,global,,,layers.0.weight,raw,24,0.0018843103381708927,0.0019628224353571058,0.0019235663867639991,981,124.51062032241839,0.917610012755102,100352
bayesfl_observability_v1,ola_sparse_bayesian_keep010_seed42,180,ola,global,,,layers.0.weight,raw,25,0.0019628224353571058,0.002041334532543319,0.0020020784839502124,902,114.48377118330386,0.9265983737244898,100352
bayesfl_observability_v1,ola_sparse_bayesian_keep010_seed42,180,ola,global,,,layers.0.weight,raw,26,0.002041334532543319,0.0021198466297295327,0.0020805905811364257,805,102.17232350616308,0.9346201371173469,100352
bayesfl_observability_v1,ola_sparse_bayesian_keep010_seed42,180,ola,global,,,layers.0.weight,raw,27,0.0021198466297295327,0.002198358726915746,0.0021591026783226394,664,84.27630162495983,0.9412368463010204,100352
bayesfl_observability_v1,ola_sparse_bayesian_keep010_seed42,180,ola,global,,,layers.0.weight,raw,28,0.002198358726915746,0.0022768708241019593,0.0022376147755088526,645,81.86478094593237,0.9476642219387755,100352
bayesfl_observability_v1,ola_sparse_bayesian_keep010_seed42,180,ola,global,,,layers.0.weight,raw,29,0.0022768708241019593,0.0023553829212881725,0.002316126872695066,618,78.43788313889334,0.9538225446428571,100352
bayesfl_observability_v1,ola_sparse_bayesian_keep010_seed42,180,ola,global,,,layers.0.weight,raw,30,0.0023553829212881725,0.002433895018474386,0.002394638969881279,550,69.80717755079503,0.9593032525510204,100352
bayesfl_observability_v1,ola_sparse_bayesian_keep010_seed42,180,ola,global,,,layers.0.weight,raw,31,0.002433895018474386,0.002512407115660599,0.0024731510670674924,505,64.09568120572999,0.9643355389030612,100352
bayesfl_observability_v1,ola_sparse_bayesian_keep010_seed42,180,ola,global,,,layers.0.weight,raw,32,0.002512407115660599,0.0025909192128468123,0.0025516631642537057,465,59.01879556567217,0.9689692283163265,100352
bayesfl_observability_v1,ola_sparse_bayesian_keep010_seed42,180,ola,global,,,layers.0.weight,raw,33,0.0025909192128468123,0.0026694313100330256,0.002630175261439919,416,52.79961065660134,0.9731146364795918,100352
bayesfl_observability_v1,ola_sparse_bayesian_keep010_seed42,180,ola,global,,,layers.0.weight,raw,34,0.0026694313100330256,0.002747943407219239,0.0027086873586261323,364,46.19965932452617,0.9767418686224489,100352
bayesfl_observability_v1,ola_sparse_bayesian_keep010_seed42,180,ola,global,,,layers.0.weight,raw,35,0.002747943407219239,0.002826455504405452,0.0027871994558123455,307,38.965097287443776,0.9798011001275511,100352
bayesfl_observability_v1,ola_sparse_bayesian_keep010_seed42,180,ola,global,,,layers.0.weight,raw,36,0.002826455504405452,0.0029049676015916654,0.002865711552998559,269,34.142055929388846,0.9824816645408163,100352
bayesfl_observability_v1,ola_sparse_bayesian_keep010_seed42,180,ola,global,,,layers.0.weight,raw,37,0.0029049676015916654,0.002983479698777879,0.0029442236501847725,237,30.080547417342423,0.9848433514030612,100352
bayesfl_observability_v1,ola_sparse_bayesian_keep010_seed42,180,ola,global,,,layers.0.weight,raw,38,0.002983479698777879,0.0030619917959640924,0.0030227357473709858,198,25.130583918286213,0.98681640625,100352
bayesfl_observability_v1,ola_sparse_bayesian_keep010_seed42,180,ola,global,,,layers.0.weight,raw,39,0.0030619917959640924,0.0031405038931503057,0.003101247844557199,178,22.592141098257304,0.9885901626275511,100352
bayesfl_observability_v1,ola_sparse_bayesian_keep010_seed42,180,ola,global,,,layers.0.weight,raw,40,0.0031405038931503057,0.003219015990336519,0.0031797599417434123,179,22.719063239258748,0.9903738839285714,100352
bayesfl_observability_v1,ola_sparse_bayesian_keep010_seed42,180,ola,global,,,layers.0.weight,raw,41,0.003219015990336519,0.003297528087522732,0.0032582720389296256,133,16.880644753192254,0.99169921875,100352
bayesfl_observability_v1,ola_sparse_bayesian_keep010_seed42,180,ola,global,,,layers.0.weight,raw,42,0.003297528087522732,0.0033760401847089455,0.003336784136115839,107,13.580669087154671,0.9927654655612245,100352
bayesfl_observability_v1,ola_sparse_bayesian_keep010_seed42,180,ola,global,,,layers.0.weight,raw,43,0.0033760401847089455,0.0034545522818951587,0.003415296233302052,98,12.43836981814166,0.9937420280612245,100352
bayesfl_observability_v1,ola_sparse_bayesian_keep010_seed42,180,ola,global,,,layers.0.weight,raw,44,0.0034545522818951587,0.003533064379081372,0.0034938083304882654,92,11.676836972132989,0.9946588010204082,100352
bayesfl_observability_v1,ola_sparse_bayesian_keep010_seed42,180,ola,global,,,layers.0.weight,raw,45,0.003533064379081372,0.0036115764762675853,0.0035723204276744787,68,8.630705588098296,0.9953364158163265,100352
bayesfl_observability_v1,ola_sparse_bayesian_keep010_seed42,180,ola,global,,,layers.0.weight,raw,46,0.0036115764762675853,0.0036900885734537986,0.003650832524860692,72,9.138394152104079,0.9960538903061225,100352
bayesfl_observability_v1,ola_sparse_bayesian_keep010_seed42,180,ola,global,,,layers.0.weight,raw,47,0.0036900885734537986,0.003768600670640012,0.003729344622046905,62,7.8691727420896225,0.9966717155612245,100352
bayesfl_observability_v1,ola_sparse_bayesian_keep010_seed42,180,ola,global,,,layers.0.weight,raw,48,0.003768600670640012,0.0038471127678262255,0.0038078567192331185,57,7.234562037082355,0.9972397161989796,100352
bayesfl_observability_v1,ola_sparse_bayesian_keep010_seed42,180,ola,global,,,layers.0.weight,raw,49,0.0038471127678262255,0.003925624865012438,0.0038863688164193317,62,7.869172742089666,0.9978575414540817,100352
bayesfl_observability_v1,ola_sparse_bayesian_keep010_seed42,180,ola,global,,,layers.0.weight,raw,50,0.003925624865012438,0.004004136962198652,0.003964880913605545,35,4.442274935050594,0.9982063137755102,100352
bayesfl_observability_v1,ola_sparse_bayesian_keep010_seed42,180,ola,global,,,layers.0.weight,raw,51,0.004004136962198652,0.004082649059384865,0.004043393010791758,39,4.949963499056375,0.9985949457908163,100352
bayesfl_observability_v1,ola_sparse_bayesian_keep010_seed42,180,ola,global,,,layers.0.weight,raw,52,0.004082649059384865,0.004161161156571078,0.0041219051079779715,21,2.665364961030356,0.9988042091836735,100352
bayesfl_observability_v1,ola_sparse_bayesian_keep010_seed42,180,ola,global,,,layers.0.weight,raw,53,0.004161161156571078,0.004239673253757292,0.004200417205164186,27,3.4268978070389915,0.9990732621173469,100352
bayesfl_observability_v1,ola_sparse_bayesian_keep010_seed42,180,ola,global,,,layers.0.weight,raw,54,0.004239673253757292,0.004318185350943506,0.004278929302350399,11,1.3961435510159008,0.9991828762755102,100352
bayesfl_observability_v1,ola_sparse_bayesian_keep010_seed42,180,ola,global,,,layers.0.weight,raw,55,0.004318185350943506,0.004396697448129719,0.004357441399536612,14,1.7769099740202374,0.9993223852040817,100352
bayesfl_observability_v1,ola_sparse_bayesian_keep010_seed42,180,ola,global,,,layers.0.weight,raw,56,0.004396697448129719,0.004475209545315932,0.0044359534967228255,14,1.7769099740202374,0.9994618941326531,100352
bayesfl_observability_v1,ola_sparse_bayesian_keep010_seed42,180,ola,global,,,layers.0.weight,raw,57,0.004475209545315932,0.004553721642502145,0.004514465593909039,6,0.7615328460086731,0.9995216836734694,100352
bayesfl_observability_v1,ola_sparse_bayesian_keep010_seed42,180,ola,global,,,layers.0.weight,raw,58,0.004553721642502145,0.004632233739688359,0.004592977691095252,7,0.8884549870101187,0.9995914381377551,100352
bayesfl_observability_v1,ola_sparse_bayesian_keep010_seed42,180,ola,global,,,layers.0.weight,raw,59,0.004632233739688359,0.004710745836874572,0.004671489788281465,5,0.6346107050072276,0.999641262755102,100352
bayesfl_observability_v1,ola_sparse_bayesian_keep010_seed42,180,ola,global,,,layers.0.weight,raw,60,0.004710745836874572,0.004789257934060785,0.004750001885467679,8,1.0153771280115642,0.9997209821428571,100352
bayesfl_observability_v1,ola_sparse_bayesian_keep010_seed42,180,ola,global,,,layers.0.weight,raw,61,0.004789257934060785,0.0048677700312469985,0.004828513982653892,4,0.5076885640057821,0.9997608418367347,100352
bayesfl_observability_v1,ola_sparse_bayesian_keep010_seed42,180,ola,global,,,layers.0.weight,raw,62,0.0048677700312469985,0.004946282128433212,0.004907026079840105,4,0.5076885640057821,0.9998007015306123,100352
bayesfl_observability_v1,ola_sparse_bayesian_keep010_seed42,180,ola,global,,,layers.0.weight,raw,63,0.004946282128433212,0.005024794225619425,0.004985538177026318,4,0.5076885640057821,0.9998405612244898,100352
bayesfl_observability_v1,ola_sparse_bayesian_keep010_seed42,180,ola,global,,,layers.0.weight,raw,64,0.005024794225619425,0.005103306322805638,0.005064050274212532,4,0.5076885640057821,0.9998804209183674,100352
bayesfl_observability_v1,ola_sparse_bayesian_keep010_seed42,180,ola,global,,,layers.0.weight,raw,65,0.005103306322805638,0.0051818184199918516,0.005142562371398745,4,0.5076885640057821,0.9999202806122449,100352
bayesfl_observability_v1,ola_sparse_bayesian_keep010_seed42,180,ola,global,,,layers.0.weight,raw,66,0.0051818184199918516,0.005260330517178065,0.005221074468584958,1,0.12692214100144553,0.9999302455357143,100352
bayesfl_observability_v1,ola_sparse_bayesian_keep010_seed42,180,ola,global,,,layers.0.weight,raw,67,0.005260330517178065,0.005338842614364278,0.0052995865657711715,1,0.12692214100144553,0.9999402104591837,100352
bayesfl_observability_v1,ola_sparse_bayesian_keep010_seed42,180,ola,global,,,layers.0.weight,raw,68,0.005338842614364278,0.005417354711550491,0.005378098662957385,2,0.25384428200289105,0.9999601403061225,100352
bayesfl_observability_v1,ola_sparse_bayesian_keep010_seed42,180,ola,global,,,layers.0.weight,raw,69,0.005417354711550491,0.005495866808736705,0.005456610760143598,2,0.25384428200289105,0.9999800701530612,100352
bayesfl_observability_v1,ola_sparse_bayesian_keep010_seed42,180,ola,global,,,layers.0.weight,raw,70,0.005495866808736705,0.005574378905922918,0.005535122857329811,0,0.0,0.9999800701530612,100352
bayesfl_observability_v1,ola_sparse_bayesian_keep010_seed42,180,ola,global,,,layers.0.weight,raw,71,0.005574378905922918,0.005652891003109131,0.0056136349545160245,0,0.0,0.9999800701530612,100352
bayesfl_observability_v1,ola_sparse_bayesian_keep010_seed42,180,ola,global,,,layers.0.weight,raw,72,0.005652891003109131,0.0057314031002953444,0.005692147051702238,0,0.0,0.9999800701530612,100352
bayesfl_observability_v1,ola_sparse_bayesian_keep010_seed42,180,ola,global,,,layers.0.weight,raw,73,0.0057314031002953444,0.005809915197481558,0.005770659148888451,0,0.0,0.9999800701530612,100352
bayesfl_observability_v1,ola_sparse_bayesian_keep010_seed42,180,ola,global,,,layers.0.weight,raw,74,0.005809915197481558,0.005888427294667772,0.005849171246074664,1,0.1269221410014441,0.9999900350765306,100352
bayesfl_observability_v1,ola_sparse_bayesian_keep010_seed42,180,ola,global,,,layers.0.weight,raw,75,0.005888427294667772,0.005966939391853985,0.0059276833432608785,0,0.0,0.9999900350765306,100352
bayesfl_observability_v1,ola_sparse_bayesian_keep010_seed42,180,ola,global,,,layers.0.weight,raw,76,0.005966939391853985,0.006045451489040198,0.006006195440447092,0,0.0,0.9999900350765306,100352
bayesfl_observability_v1,ola_sparse_bayesian_keep010_seed42,180,ola,global,,,layers.0.weight,raw,77,0.006045451489040198,0.006123963586226412,0.006084707537633305,0,0.0,0.9999900350765306,100352
bayesfl_observability_v1,ola_sparse_bayesian_keep010_seed42,180,ola,global,,,layers.0.weight,raw,78,0.006123963586226412,0.006202475683412625,0.006163219634819518,0,0.0,0.9999900350765306,100352
bayesfl_observability_v1,ola_sparse_bayesian_keep010_seed42,180,ola,global,,,layers.0.weight,raw,79,0.006202475683412625,0.006280987780598838,0.0062417317320057316,1,0.12692214100144553,1.0,100352
bayesfl_observability_v1,ola_sparse_bayesian_keep010_seed42,180,ola,global,,,layers.0.weight,db,0,-153.97649003110982,-152.6022769185779,-153.28938347484387,1,7.251366893907657e-06,9.964923469387754e-06,100352
bayesfl_observability_v1,ola_sparse_bayesian_keep010_seed42,180,ola,global,,,layers.0.weight,db,1,-152.6022769185779,-151.228063806046,-151.91517036231195,0,0.0,9.964923469387754e-06,100352
bayesfl_observability_v1,ola_sparse_bayesian_keep010_seed42,180,ola,global,,,layers.0.weight,db,2,-151.228063806046,-149.8538506935141,-150.54095724978004,1,7.251366893907657e-06,1.992984693877551e-05,100352
bayesfl_observability_v1,ola_sparse_bayesian_keep010_seed42,180,ola,global,,,layers.0.weight,db,3,-149.8538506935141,-148.4796375809822,-149.16674413724814,0,0.0,1.992984693877551e-05,100352
bayesfl_observability_v1,ola_sparse_bayesian_keep010_seed42,180,ola,global,,,layers.0.weight,db,4,-148.4796375809822,-147.10542446845028,-147.79253102471625,1,7.251366893907657e-06,2.9894770408163265e-05,100352
bayesfl_observability_v1,ola_sparse_bayesian_keep010_seed42,180,ola,global,,,layers.0.weight,db,5,-147.10542446845028,-145.73121135591836,-146.4183179121843,0,0.0,2.9894770408163265e-05,100352
bayesfl_observability_v1,ola_sparse_bayesian_keep010_seed42,180,ola,global,,,layers.0.weight,db,6,-145.73121135591836,-144.35699824338647,-145.04410479965242,2,1.4502733787815613e-05,4.982461734693878e-05,100352
bayesfl_observability_v1,ola_sparse_bayesian_keep010_seed42,180,ola,global,,,layers.0.weight,db,7,-144.35699824338647,-142.98278513085455,-143.66989168712053,0,0.0,4.982461734693878e-05,100352
bayesfl_observability_v1,ola_sparse_bayesian_keep010_seed42,180,ola,global,,,layers.0.weight,db,8,-142.98278513085455,-141.60857201832266,-142.2956785745886,0,0.0,4.982461734693878e-05,100352
bayesfl_observability_v1,ola_sparse_bayesian_keep010_seed42,180,ola,global,,,layers.0.weight,db,9,-141.60857201832266,-140.23435890579074,-140.9214654620567,1,7.251366893907657e-06,5.978954081632653e-05,100352
bayesfl_observability_v1,ola_sparse_bayesian_keep010_seed42,180,ola,global,,,layers.0.weight,db,10,-140.23435890579074,-138.86014579325882,-139.5472523495248,2,1.4502733787815313e-05,7.971938775510203e-05,100352
bayesfl_observability_v1,ola_sparse_bayesian_keep010_seed42,180,ola,global,,,layers.0.weight,db,11,-138.86014579325882,-137.48593268072693,-138.17303923699288,1,7.2513668939078065e-06,8.96843112244898e-05,100352
bayesfl_observability_v1,ola_sparse_bayesian_keep010_seed42,180,ola,global,,,layers.0.weight,db,12,-137.48593268072693,-136.111719568195,-136.79882612446096,1,7.251366893907657e-06,9.964923469387755e-05,100352
bayesfl_observability_v1,ola_sparse_bayesian_keep010_seed42,180,ola,global,,,layers.0.weight,db,13,-136.111719568195,-134.7375064556631,-135.42461301192907,1,7.251366893907657e-06,0.0001096141581632653,100352
bayesfl_observability_v1,ola_sparse_bayesian_keep010_seed42,180,ola,global,,,layers.0.weight,db,14,-134.7375064556631,-133.3632933431312,-134.05039989939715,1,7.2513668939078065e-06,0.00011957908163265306,100352
bayesfl_observability_v1,ola_sparse_bayesian_keep010_seed42,180,ola,global,,,layers.0.weight,db,15,-133.3632933431312,-131.98908023059928,-132.67618678686523,4,2.9005467575630626e-05,0.00015943877551020407,100352
bayesfl_observability_v1,ola_sparse_bayesian_keep010_seed42,180,ola,global,,,layers.0.weight,db,16,-131.98908023059928,-130.6148671180674,-131.30197367433334,4,2.9005467575631226e-05,0.0001992984693877551,100352
bayesfl_observability_v1,ola_sparse_bayesian_keep010_seed42,180,ola,global,,,layers.0.weight,db,17,-130.6148671180674,-129.24065400553548,-129.92776056180145,3,2.175410068172297e-05,0.00022919323979591838,100352
bayesfl_observability_v1,ola_sparse_bayesian_keep010_seed42,180,ola,global,,,layers.0.weight,db,18,-129.24065400553548,-127.86644089300357,-128.55354744926953,4,2.9005467575630928e-05,0.00026905293367346936,100352
bayesfl_observability_v1,ola_sparse_bayesian_keep010_seed42,180,ola,global,,,layers.0.weight,db,19,-127.86644089300357,-126.49222778047167,-127.17933433673761,2,1.4502733787815464e-05,0.0002889827806122449,100352
bayesfl_observability_v1,ola_sparse_bayesian_keep010_seed42,180,ola,global,,,layers.0.weight,db,20,-126.49222778047167,-125.11801466793975,-125.8051212242057,12,8.701640272689188e-05,0.000408561862244898,100352
bayesfl_observability_v1,ola_sparse_bayesian_keep010_seed42,180,ola,global,,,layers.0.weight,db,21,-125.11801466793975,-123.74380155540784,-124.4309081116738,5,3.625683446953866e-05,0.00045838647959183676,100352
bayesfl_observability_v1,ola_sparse_bayesian_keep010_seed42,180,ola,global,,,layers.0.weight,db,22,-123.74380155540784,-122.36958844287594,-123.05669499914188,10,7.251366893907732e-05,0.0005580357142857143,100352
bayesfl_observability_v1,ola_sparse_bayesian_keep010_seed42,180,ola,global,,,layers.0.weight,db,23,-122.36958844287594,-120.99537533034403,-121.68248188660999,7,5.075956825735412e-05,0.0006277901785714286,100352
bayesfl_observability_v1,ola_sparse_bayesian_keep010_seed42,180,ola,global,,,layers.0.weight,db,24,-120.99537533034403,-119.62116221781213,-120.30826877407807,9,6.526230204516958e-05,0.0007174744897959184,100352
bayesfl_observability_v1,ola_sparse_bayesian_keep010_seed42,180,ola,global,,,layers.0.weight,db,25,-119.62116221781213,-118.24694910528021,-118.93405566154617,18,0.00013052460409033784,0.000896843112244898,100352
bayesfl_observability_v1,ola_sparse_bayesian_keep010_seed42,180,ola,global,,,layers.0.weight,db,26,-118.24694910528021,-116.8727359927483,-117.55984254901426,14,0.00010151913651470824,0.0010363520408163266,100352
bayesfl_observability_v1,ola_sparse_bayesian_keep010_seed42,180,ola,global,,,layers.0.weight,db,27,-116.8727359927483,-115.4985228802164,-116.18562943648234,19,0.00013777597098424692,0.0012256855867346938,100352
bayesfl_observability_v1,ola_sparse_bayesian_keep010_seed42,180,ola,global,,,layers.0.weight,db,28,-115.4985228802164,-114.12430976768448,-114.81141632395044,25,0.0001812841723476914,0.0014748086734693877,100352
bayesfl_observability_v1,ola_sparse_bayesian_keep010_seed42,180,ola,global,,,layers.0.weight,db,29,-114.12430976768448,-112.75009665515259,-113.43720321141853,24,0.00017403280545378737,0.0017139668367346938,100352
bayesfl_observability_v1,ola_sparse_bayesian_keep010_seed42,180,ola,global,,,layers.0.weight,db,30,-112.75009665515259,-111.37588354262067,-112.06299009888663,35,0.000253797841286768,0.002062739158163265,100352
bayesfl_observability_v1,ola_sparse_bayesian_keep010_seed42,180,ola,global,,,layers.0.weight,db,31,-111.37588354262067,-110.00167043008877,-110.68877698635472,35,0.0002537978412867706,0.0024115114795918366,100352
bayesfl_observability_v1,ola_sparse_bayesian_keep010_seed42,180,ola,global,,,layers.0.weight,db,32,-110.00167043008877,-108.62745731755686,-109.3145638738228,26,0.00018853553924160103,0.0026705994897959183,100352
bayesfl_observability_v1,ola_sparse_bayesian_keep010_seed42,180,ola,global,,,layers.0.weight,db,33,-108.62745731755686,-107.25324420502494,-107.9403507612909,59,0.00042783064674055177,0.0032585299744897957,100352
bayesfl_observability_v1,ola_sparse_bayesian_keep010_seed42,180,ola,global,,,layers.0.weight,db,34,-107.25324420502494,-105.87903109249305,-106.566137648759,37,0.0002683005750745889,0.003627232142857143,100352
bayesfl_observability_v1,ola_sparse_bayesian_keep010_seed42,180,ola,global,,,layers.0.weight,db,35,-105.87903109249305,-104.50481797996113,-105.19192453622709,55,0.00039882517916492113,0.00417530293367347,100352
bayesfl_observability_v1,ola_sparse_bayesian_keep010_seed42,180,ola,global,,,layers.0.weight,db,36,-104.50481797996113,-103.13060486742923,-103.81771142369519,73,0.0005293497832552644,0.004902742346938775,100352
bayesfl_observability_v1,ola_sparse_bayesian_keep010_seed42,180,ola,global,,,layers.0.weight,db,37,-103.13060486742923,-101.75639175489732,-102.44349831116327,101,0.000732388056284681,0.005909199617346939,100352
bayesfl_observability_v1,ola_sparse_bayesian_keep010_seed42,180,ola,global,,,layers.0.weight,db,38,-101.75639175489732,-100.3821786423654,-101.06928519863136,109,0.0007903989914359346,0.006995376275510204,100352
bayesfl_observability_v1,ola_sparse_bayesian_keep010_seed42,180,ola,global,,,layers.0.weight,db,39,-100.3821786423654,-99.0079655298335,-99.69507208609946,108,0.000783147624542035,0.008071588010204082,100352
bayesfl_observability_v1,ola_sparse_bayesian_keep010_seed42,180,ola,global,,,layers.0.weight,db,40,-99.0079655298335,-97.6337524173016,-98.32085897356754,122,0.0008846667610567433,0.009287308673469387,100352
bayesfl_observability_v1,ola_sparse_bayesian_keep010_seed42,180,ola,global,,,layers.0.weight,db,41,-97.6337524173016,-96.25953930476969,-96.94664586103565,182,0.0013197487746912072,0.01110092474489796,100352
bayesfl_observability_v1,ola_sparse_bayesian_keep010_seed42,180,ola,global,,,layers.0.weight,db,42,-96.25953930476969,-94.88532619223778,-95.57243274850373,183,0.001327000141585115,0.012924505739795918,100352
bayesfl_observability_v1,ola_sparse_bayesian_keep010_seed42,180,ola,global,,,layers.0.weight,db,43,-94.88532619223778,-93.51111307970586,-94.19821963597182,192,0.0013922624436302701,0.014837771045918368,100352
bayesfl_observability_v1,ola_sparse_bayesian_keep010_seed42,180,ola,global,,,layers.0.weight,db,44,-93.51111307970586,-92.13689996717396,-92.82400652343992,266,0.0019288635937794567,0.01748844068877551,100352
bayesfl_observability_v1,ola_sparse_bayesian_keep010_seed42,180,ola,global,,,layers.0.weight,db,45,-92.13689996717396,-90.76268685464206,-91.449793410908,262,0.0018998581262038257,0.0200992506377551,100352
bayesfl_observability_v1,ola_sparse_bayesian_keep010_seed42,180,ola,global,,,layers.0.weight,db,46,-90.76268685464206,-89.38847374211015,-90.07558029837611,356,0.0025814866142311525,0.023646763392857144,100352
bayesfl_observability_v1,ola_sparse_bayesian_keep010_seed42,180,ola,global,,,layers.0.weight,db,47,-89.38847374211015,-88.01426062957825,-88.70136718584419,405,0.0029368035920326312,0.027682557397959183,100352
bayesfl_observability_v1,ola_sparse_bayesian_keep010_seed42,180,ola,global,,,layers.0.weight,db,48,-88.01426062957825,-86.64004751704633,-87.32715407331229,468,0.0033936397063487837,0.032346141581632654,100352
bayesfl_observability_v1,ola_sparse_bayesian_keep010_seed42,180,ola,global,,,layers.0.weight,db,49,-86.64004751704633,-85.26583440451442,-85.95294096078038,546,0.003959246324073622,0.037786989795918366,100352
bayesfl_observability_v1,ola_sparse_bayesian_keep010_seed42,180,ola,global,,,layers.0.weight,db,50,-85.26583440451442,-83.89162129198252,-84.57872784824846,604,0.00437982560392027,0.04380580357142857,100352
bayesfl_observability_v1,ola_sparse_bayesian_keep010_seed42,180,ola,global,,,layers.0.weight,db,51,-83.89162129198252,-82.51740817945061,-83.20451473571657,692,0.005017945890584151,0.050701530612244895,100352
bayesfl_observability_v1,ola_sparse_bayesian_keep010_seed42,180,ola,global,,,layers.0.weight,db,52,-82.51740817945061,-81.1431950669187,-81.83030162318465,895,0.006489973370047353,0.05962013711734694,100352
bayesfl_observability_v1,ola_sparse_bayesian_keep010_seed42,180,ola,global,,,layers.0.weight,db,53,-81.1431950669187,-79.76898195438679,-80.45608851065273,1007,0.007302126462165086,0.0696548150510204,100352
bayesfl_observability_v1,ola_sparse_bayesian_keep010_seed42,180,ola,global,,,layers.0.weight,db,54,-79.76898195438679,-78.39476884185488,-79.08187539812084,1218,0.008832164876779618,0.08179209183673469,100352
bayesfl_observability_v1,ola_sparse_bayesian_keep010_seed42,180,ola,global,,,layers.0.weight,db,55,-78.39476884185488,-77.02055572932298,-77.70766228558892,1347,0.009767591206093714,0.09521484375,100352
bayesfl_observability_v1,ola_sparse_bayesian_keep010_seed42,180,ola,global,,,layers.0.weight,db,56,-77.02055572932298,-75.64634261679107,-76.33344917305703,1607,0.011652946598509725,0.11122847576530612,100352
bayesfl_observability_v1,ola_sparse_bayesian_keep010_seed42,180,ola,global,,,layers.0.weight,db,57,-75.64634261679107,-74.27212950425915,-74.95923606052511,1884,0.013661575228122025,0.13000239158163265,100352
bayesfl_observability_v1,ola_sparse_bayesian_keep010_seed42,180,ola,global,,,layers.0.weight,db,58,-74.27212950425915,-72.89791639172725,-73.5850229479932,2217,0.01607628040379344,0.1520946269132653,100352
bayesfl_observability_v1,ola_sparse_bayesian_keep010_seed42,180,ola,global,,,layers.0.weight,db,59,-72.89791639172725,-71.52370327919535,-72.2108098354613,2642,0.01915811133370423,0.17842195471938777,100352
bayesfl_observability_v1,ola_sparse_bayesian_keep010_seed42,180,ola,global,,,layers.0.weight,db,60,-71.52370327919535,-70.14949016666344,-70.83659672292939,3078,0.022319707299448,0.20909398915816327,100352
bayesfl_observability_v1,ola_sparse_bayesian_keep010_seed42,180,ola,global,,,layers.0.weight,db,61,-70.14949016666344,-68.77527705413152,-69.46238361039748,3607,0.026155680386324917,0.2450374681122449,100352
bayesfl_observability_v1,ola_sparse_bayesian_keep010_seed42,180,ola,global,,,layers.0.weight,db,62,-68.77527705413152,-67.40106394159962,-68.08817049786558,4252,0.030832812032895677,0.2874083227040816,100352
bayesfl_observability_v1,ola_sparse_bayesian_keep010_seed42,180,ola,global,,,layers.0.weight,db,63,-67.40106394159962,-66.02685082906771,-66.71395738533366,5001,0.03626408583643257,0.3372429049744898,100352
bayesfl_observability_v1,ola_sparse_bayesian_keep010_seed42,180,ola,global,,,layers.0.weight,db,64,-66.02685082906771,-64.6526377165358,-65.33974427280177,5746,0.04166635417239383,0.39450135522959184,100352
bayesfl_observability_v1,ola_sparse_bayesian_keep010_seed42,180,ola,global,,,layers.0.weight,db,65,-64.6526377165358,-63.2784246040039,-63.965531160269855,6831,0.04953408725228372,0.4625717474489796,100352
bayesfl_observability_v1,ola_sparse_bayesian_keep010_seed42,180,ola,global,,,layers.0.weight,db,66,-63.2784246040039,-61.90421149147198,-62.59131804773794,7687,0.05574125731346816,0.5391721141581632,100352
bayesfl_observability_v1,ola_sparse_bayesian_keep010_seed42,180,ola,global,,,layers.0.weight,db,67,-61.90421149147198,-60.52999837894008,-61.21710493520603,9100,0.06598743873456037,0.6298529177295918,100352
bayesfl_observability_v1,ola_sparse_bayesian_keep010_seed42,180,ola,global,,,layers.0.weight,db,68,-60.52999837894008,-59.155785266408174,-59.842891822674126,10033,0.07275296404657627,0.7298309948979592,100352
bayesfl_observability_v1,ola_sparse_bayesian_keep010_seed42,180,ola,global,,,layers.0.weight,db,69,-59.155785266408174,-57.78157215387627,-58.46867871014222,6992,0.05070155732220286,0.7995057397959183,100352
bayesfl_observability_v1,ola_sparse_bayesian_keep010_seed42,180,ola,global,,,layers.0.weight,db,70,-57.78157215387627,-56.40735904134435,-57.09446559761031,4910,0.0356042114490866,0.8484335140306123,100352
bayesfl_observability_v1,ola_sparse_bayesian_keep010_seed42,180,ola,global,,,layers.0.weight,db,71,-56.40735904134435,-55.033145928812445,-55.7202524850784,4348,0.03152894325471082,0.8917610012755102,100352
bayesfl_observability_v1,ola_sparse_bayesian_keep010_seed42,180,ola,global,,,layers.0.weight,db,72,-55.033145928812445,-53.65893281628054,-54.34603937254649,3831,0.027779986570560522,0.9299366230867347,100352
bayesfl_observability_v1,ola_sparse_bayesian_keep010_seed42,180,ola,global,,,layers.0.weight,db,73,-53.65893281628054,-52.284719703748635,-52.97182626001459,2929,0.021239253632255747,0.9591238839285714,100352
bayesfl_observability_v1,ola_sparse_bayesian_keep010_seed42,180,ola,global,,,layers.0.weight,db,74,-52.284719703748635,-50.91050659121673,-51.59761314748268,2152,0.01560494155568944,0.9805683992346939,100352
bayesfl_observability_v1,ola_sparse_bayesian_keep010_seed42,180,ola,global,,,layers.0.weight,db,75,-50.91050659121673,-49.53629347868481,-50.22340003495077,1171,0.008491350632765866,0.9922373246173469,100352
bayesfl_observability_v1,ola_sparse_bayesian_keep010_seed42,180,ola,global,,,layers.0.weight,db,76,-49.53629347868481,-48.16208036615291,-48.84918692241886,552,0.004002754525437068,0.9977379623724489,100352
bayesfl_observability_v1,ola_sparse_bayesian_keep010_seed42,180,ola,global,,,layers.0.weight,db,77,-48.16208036615291,-46.787867253621,-47.474973809886954,182,0.0013197487746912072,0.9995515784438775,100352
bayesfl_observability_v1,ola_sparse_bayesian_keep010_seed42,180,ola,global,,,layers.0.weight,db,78,-46.787867253621,-45.4136541410891,-46.10076069735505,39,0.00028280330886240157,0.9999402104591837,100352
bayesfl_observability_v1,ola_sparse_bayesian_keep010_seed42,180,ola,global,,,layers.0.weight,db,79,-45.4136541410891,-44.03944102855718,-44.72654758482314,6,4.350820136344594e-05,1.0,100352
bayesfl_observability_v1,ola_sparse_bayesian_keep010_seed42,180,ola,global,,,layers.0.bias,raw,0,8.020214628369947e-06,6.953720191051395e-05,3.877870826944195e-05,6,761.9846496222352,0.046875,128
bayesfl_observability_v1,ola_sparse_bayesian_keep010_seed42,180,ola,global,,,layers.0.bias,raw,1,6.953720191051395e-05,0.00013105418919265796,0.00010029569555158595,8,1015.979532829647,0.109375,128
bayesfl_observability_v1,ola_sparse_bayesian_keep010_seed42,180,ola,global,,,layers.0.bias,raw,2,0.00013105418919265796,0.00019257117647480194,0.00016181268283372994,2,253.99488320741182,0.125,128
bayesfl_observability_v1,ola_sparse_bayesian_keep010_seed42,180,ola,global,,,layers.0.bias,raw,3,0.00019257117647480194,0.00025408816375694596,0.00022332967011587395,5,634.9872080185293,0.1640625,128
bayesfl_observability_v1,ola_sparse_bayesian_keep010_seed42,180,ola,global,,,layers.0.bias,raw,4,0.00025408816375694596,0.00031560515103909,0.00028484665739801797,5,634.9872080185293,0.203125,128
bayesfl_observability_v1,ola_sparse_bayesian_keep010_seed42,180,ola,global,,,layers.0.bias,raw,5,0.00031560515103909,0.00037712213832123394,0.00034636364468016193,3,380.9923248111179,0.2265625,128
bayesfl_observability_v1,ola_sparse_bayesian_keep010_seed42,180,ola,global,,,layers.0.bias,raw,6,0.00037712213832123394,0.00043863912560337796,0.00040788063196230595,6,761.9846496222351,0.2734375,128
bayesfl_observability_v1,ola_sparse_bayesian_keep010_seed42,180,ola,global,,,layers.0.bias,raw,7,0.00043863912560337796,0.000500156112885522,0.00046939761924444997,3,380.99232481111756,0.296875,128
bayesfl_observability_v1,ola_sparse_bayesian_keep010_seed42,180,ola,global,,,layers.0.bias,raw,8,0.000500156112885522,0.000561673100167666,0.000530914606526594,2,253.9948832074117,0.3125,128
bayesfl_observability_v1,ola_sparse_bayesian_keep010_seed42,180,ola,global,,,layers.0.bias,raw,9,0.000561673100167666,0.00062319008744981,0.000592431593808738,4,507.9897664148234,0.34375,128
bayesfl_observability_v1,ola_sparse_bayesian_keep010_seed42,180,ola,global,,,layers.0.bias,raw,10,0.00062319008744981,0.000684707074731954,0.000653948581090882,0,0.0,0.34375,128
bayesfl_observability_v1,ola_sparse_bayesian_keep010_seed42,180,ola,global,,,layers.0.bias,raw,11,0.000684707074731954,0.0007462240620140979,0.0007154655683730259,0,0.0,0.34375,128
bayesfl_observability_v1,ola_sparse_bayesian_keep010_seed42,180,ola,global,,,layers.0.bias,raw,12,0.0007462240620140979,0.000807741049296242,0.0007769825556551699,6,761.9846496222351,0.390625,128
bayesfl_observability_v1,ola_sparse_bayesian_keep010_seed42,180,ola,global,,,layers.0.bias,raw,13,0.000807741049296242,0.000869258036578386,0.000838499542937314,6,761.9846496222351,0.4375,128
bayesfl_observability_v1,ola_sparse_bayesian_keep010_seed42,180,ola,global,,,layers.0.bias,raw,14,0.000869258036578386,0.00093077502386053,0.000900016530219458,3,380.99232481111756,0.4609375,128
bayesfl_observability_v1,ola_sparse_bayesian_keep010_seed42,180,ola,global,,,layers.0.bias,raw,15,0.00093077502386053,0.000992292011142674,0.000961533517501602,0,0.0,0.4609375,128
bayesfl_observability_v1,ola_sparse_bayesian_keep010_seed42,180,ola,global,,,layers.0.bias,raw,16,0.000992292011142674,0.001053808998424818,0.0010230505047837458,5,634.9872080185293,0.5,128
bayesfl_observability_v1,ola_sparse_bayesian_keep010_seed42,180,ola,global,,,layers.0.bias,raw,17,0.001053808998424818,0.001115325985706962,0.00108456749206589,5,634.9872080185293,0.5390625,128
bayesfl_observability_v1,ola_sparse_bayesian_keep010_seed42,180,ola,global,,,layers.0.bias,raw,18,0.001115325985706962,0.001176842972989106,0.0011460844793480338,3,380.99232481111756,0.5625,128
bayesfl_observability_v1,ola_sparse_bayesian_keep010_seed42,180,ola,global,,,layers.0.bias,raw,19,0.001176842972989106,0.00123835996027125,0.001207601466630178,2,253.9948832074117,0.578125,128
bayesfl_observability_v1,ola_sparse_bayesian_keep010_seed42,180,ola,global,,,layers.0.bias,raw,20,0.00123835996027125,0.001299876947553394,0.0012691184539123219,3,380.99232481111756,0.6015625,128
bayesfl_observability_v1,ola_sparse_bayesian_keep010_seed42,180,ola,global,,,layers.0.bias,raw,21,0.001299876947553394,0.001361393934835538,0.001330635441194466,2,253.9948832074117,0.6171875,128
bayesfl_observability_v1,ola_sparse_bayesian_keep010_seed42,180,ola,global,,,layers.0.bias,raw,22,0.001361393934835538,0.001422910922117682,0.00139215242847661,5,634.9872080185293,0.65625,128
bayesfl_observability_v1,ola_sparse_bayesian_keep010_seed42,180,ola,global,,,layers.0.bias,raw,23,0.001422910922117682,0.0014844279093998258,0.001453669415758754,3,380.99232481111886,0.6796875,128
bayesfl_observability_v1,ola_sparse_bayesian_keep010_seed42,180,ola,global,,,layers.0.bias,raw,24,0.0014844279093998258,0.0015459448966819698,0.001515186403040898,4,507.9897664148234,0.7109375,128
bayesfl_observability_v1,ola_sparse_bayesian_keep010_seed42,180,ola,global,,,layers.0.bias,raw,25,0.0015459448966819698,0.0016074618839641138,0.0015767033903230417,3,380.99232481111756,0.734375,128
bayesfl_observability_v1,ola_sparse_bayesian_keep010_seed42,180,ola,global,,,layers.0.bias,raw,26,0.0016074618839641138,0.0016689788712462579,0.001638220377605186,1,126.99744160370585,0.7421875,128
bayesfl_observability_v1,ola_sparse_bayesian_keep010_seed42,180,ola,global,,,layers.0.bias,raw,27,0.0016689788712462579,0.0017304958585284019,0.0016997373648873298,6,761.9846496222351,0.7890625,128
bayesfl_observability_v1,ola_sparse_bayesian_keep010_seed42,180,ola,global,,,layers.0.bias,raw,28,0.0017304958585284019,0.001792012845810546,0.001761254352169474,0,0.0,0.7890625,128
bayesfl_observability_v1,ola_sparse_bayesian_keep010_seed42,180,ola,global,,,layers.0.bias,raw,29,0.001792012845810546,0.00185352983309269,0.0018227713394516178,2,253.9948832074117,0.8046875,128
bayesfl_observability_v1,ola_sparse_bayesian_keep010_seed42,180,ola,global,,,layers.0.bias,raw,30,0.00185352983309269,0.001915046820374834,0.001884288326733762,1,126.99744160370585,0.8125,128
bayesfl_observability_v1,ola_sparse_bayesian_keep010_seed42,180,ola,global,,,layers.0.bias,raw,31,0.001915046820374834,0.001976563807656978,0.0019458053140159058,2,253.9948832074117,0.828125,128
bayesfl_observability_v1,ola_sparse_bayesian_keep010_seed42,180,ola,global,,,layers.0.bias,raw,32,0.001976563807656978,0.0020380807949391217,0.0020073223012980496,1,126.99744160370629,0.8359375,128
bayesfl_observability_v1,ola_sparse_bayesian_keep010_seed42,180,ola,global,,,layers.0.bias,raw,33,0.0020380807949391217,0.002099597782221266,0.002068839288580194,1,126.9974416037054,0.84375,128
bayesfl_observability_v1,ola_sparse_bayesian_keep010_seed42,180,ola,global,,,layers.0.bias,raw,34,0.002099597782221266,0.0021611147695034098,0.002130356275862338,2,253.99488320741258,0.859375,128
bayesfl_observability_v1,ola_sparse_bayesian_keep010_seed42,180,ola,global,,,layers.0.bias,raw,35,0.0021611147695034098,0.002222631756785554,0.002191873263144482,1,126.9974416037054,0.8671875,128
bayesfl_observability_v1,ola_sparse_bayesian_keep010_seed42,180,ola,global,,,layers.0.bias,raw,36,0.002222631756785554,0.002284148744067698,0.0022533902504266257,1,126.99744160370629,0.875,128
bayesfl_observability_v1,ola_sparse_bayesian_keep010_seed42,180,ola,global,,,layers.0.bias,raw,37,0.002284148744067698,0.002345665731349842,0.00231490723770877,3,380.9923248111162,0.8984375,128
bayesfl_observability_v1,ola_sparse_bayesian_keep010_seed42,180,ola,global,,,layers.0.bias,raw,38,0.002345665731349842,0.002407182718631986,0.002376424224990914,4,507.98976641482517,0.9296875,128
bayesfl_observability_v1,ola_sparse_bayesian_keep010_seed42,180,ola,global,,,layers.0.bias,raw,39,0.002407182718631986,0.00246869970591413,0.002437941212273058,2,253.9948832074108,0.9453125,128
bayesfl_observability_v1,ola_sparse_bayesian_keep010_seed42,180,ola,global,,,layers.0.bias,raw,40,0.00246869970591413,0.002530216693196274,0.0024994581995552018,1,126.99744160370629,0.953125,128
bayesfl_observability_v1,ola_sparse_bayesian_keep010_seed42,180,ola,global,,,layers.0.bias,raw,41,0.002530216693196274,0.002591733680478418,0.002560975186837346,0,0.0,0.953125,128
bayesfl_observability_v1,ola_sparse_bayesian_keep010_seed42,180,ola,global,,,layers.0.bias,raw,42,0.002591733680478418,0.002653250667760562,0.0026224921741194902,0,0.0,0.953125,128
bayesfl_observability_v1,ola_sparse_bayesian_keep010_seed42,180,ola,global,,,layers.0.bias,raw,43,0.002653250667760562,0.002714767655042706,0.002684009161401634,1,126.9974416037054,0.9609375,128
bayesfl_observability_v1,ola_sparse_bayesian_keep010_seed42,180,ola,global,,,layers.0.bias,raw,44,0.002714767655042706,0.00277628464232485,0.002745526148683778,2,253.99488320741258,0.9765625,128
bayesfl_observability_v1,ola_sparse_bayesian_keep010_seed42,180,ola,global,,,layers.0.bias,raw,45,0.00277628464232485,0.002837801629606994,0.002807043135965922,0,0.0,0.9765625,128
bayesfl_observability_v1,ola_sparse_bayesian_keep010_seed42,180,ola,global,,,layers.0.bias,raw,46,0.002837801629606994,0.002899318616889138,0.0028685601232480663,1,126.99744160370629,0.984375,128
bayesfl_observability_v1,ola_sparse_bayesian_keep010_seed42,180,ola,global,,,layers.0.bias,raw,47,0.002899318616889138,0.002960835604171282,0.0029300771105302097,0,0.0,0.984375,128
bayesfl_observability_v1,ola_sparse_bayesian_keep010_seed42,180,ola,global,,,layers.0.bias,raw,48,0.002960835604171282,0.003022352591453426,0.002991594097812354,1,126.9974416037054,0.9921875,128
bayesfl_observability_v1,ola_sparse_bayesian_keep010_seed42,180,ola,global,,,layers.0.bias,raw,49,0.003022352591453426,0.00308386957873557,0.003053111085094498,0,0.0,0.9921875,128
bayesfl_observability_v1,ola_sparse_bayesian_keep010_seed42,180,ola,global,,,layers.0.bias,raw,50,0.00308386957873557,0.003145386566017714,0.003114628072376642,0,0.0,0.9921875,128
bayesfl_observability_v1,ola_sparse_bayesian_keep010_seed42,180,ola,global,,,layers.0.bias,raw,51,0.003145386566017714,0.003206903553299858,0.0031761450596587857,0,0.0,0.9921875,128
bayesfl_observability_v1,ola_sparse_bayesian_keep010_seed42,180,ola,global,,,layers.0.bias,raw,52,0.003206903553299858,0.003268420540582002,0.00323766204694093,0,0.0,0.9921875,128
bayesfl_observability_v1,ola_sparse_bayesian_keep010_seed42,180,ola,global,,,layers.0.bias,raw,53,0.003268420540582002,0.003329937527864146,0.003299179034223074,0,0.0,0.9921875,128
bayesfl_observability_v1,ola_sparse_bayesian_keep010_seed42,180,ola,global,,,layers.0.bias,raw,54,0.003329937527864146,0.00339145451514629,0.003360696021505218,0,0.0,0.9921875,128
bayesfl_observability_v1,ola_sparse_bayesian_keep010_seed42,180,ola,global,,,layers.0.bias,raw,55,0.00339145451514629,0.003452971502428434,0.003422213008787362,0,0.0,0.9921875,128
bayesfl_observability_v1,ola_sparse_bayesian_keep010_seed42,180,ola,global,,,layers.0.bias,raw,56,0.003452971502428434,0.003514488489710578,0.003483729996069506,0,0.0,0.9921875,128
bayesfl_observability_v1,ola_sparse_bayesian_keep010_seed42,180,ola,global,,,layers.0.bias,raw,57,0.003514488489710578,0.003576005476992722,0.0035452469833516503,0,0.0,0.9921875,128
bayesfl_observability_v1,ola_sparse_bayesian_keep010_seed42,180,ola,global,,,layers.0.bias,raw,58,0.003576005476992722,0.003637522464274866,0.003606763970633794,0,0.0,0.9921875,128
bayesfl_observability_v1,ola_sparse_bayesian_keep010_seed42,180,ola,global,,,layers.0.bias,raw,59,0.003637522464274866,0.00369903945155701,0.003668280957915938,0,0.0,0.9921875,128
bayesfl_observability_v1,ola_sparse_bayesian_keep010_seed42,180,ola,global,,,layers.0.bias,raw,60,0.00369903945155701,0.0037605564388391542,0.003729797945198082,0,0.0,0.9921875,128
bayesfl_observability_v1,ola_sparse_bayesian_keep010_seed42,180,ola,global,,,layers.0.bias,raw,61,0.0037605564388391542,0.003822073426121298,0.0037913149324802263,0,0.0,0.9921875,128
bayesfl_observability_v1,ola_sparse_bayesian_keep010_seed42,180,ola,global,,,layers.0.bias,raw,62,0.003822073426121298,0.0038835904134034423,0.00385283191976237,0,0.0,0.9921875,128
bayesfl_observability_v1,ola_sparse_bayesian_keep010_seed42,180,ola,global,,,layers.0.bias,raw,63,0.0038835904134034423,0.003945107400685586,0.003914348907044514,0,0.0,0.9921875,128
bayesfl_observability_v1,ola_sparse_bayesian_keep010_seed42,180,ola,global,,,layers.0.bias,raw,64,0.003945107400685586,0.00400662438796773,0.003975865894326658,0,0.0,0.9921875,128
bayesfl_observability_v1,ola_sparse_bayesian_keep010_seed42,180,ola,global,,,layers.0.bias,raw,65,0.00400662438796773,0.004068141375249874,0.004037382881608802,0,0.0,0.9921875,128
bayesfl_observability_v1,ola_sparse_bayesian_keep010_seed42,180,ola,global,,,layers.0.bias,raw,66,0.004068141375249874,0.004129658362532018,0.004098899868890946,0,0.0,0.9921875,128
bayesfl_observability_v1,ola_sparse_bayesian_keep010_seed42,180,ola,global,,,layers.0.bias,raw,67,0.004129658362532018,0.004191175349814162,0.00416041685617309,0,0.0,0.9921875,128
bayesfl_observability_v1,ola_sparse_bayesian_keep010_seed42,180,ola,global,,,layers.0.bias,raw,68,0.004191175349814162,0.004252692337096306,0.004221933843455234,0,0.0,0.9921875,128
bayesfl_observability_v1,ola_sparse_bayesian_keep010_seed42,180,ola,global,,,layers.0.bias,raw,69,0.004252692337096306,0.00431420932437845,0.004283450830737378,0,0.0,0.9921875,128
bayesfl_observability_v1,ola_sparse_bayesian_keep010_seed42,180,ola,global,,,layers.0.bias,raw,70,0.00431420932437845,0.004375726311660594,0.004344967818019522,0,0.0,0.9921875,128
bayesfl_observability_v1,ola_sparse_bayesian_keep010_seed42,180,ola,global,,,layers.0.bias,raw,71,0.004375726311660594,0.004437243298942738,0.004406484805301666,0,0.0,0.9921875,128
bayesfl_observability_v1,ola_sparse_bayesian_keep010_seed42,180,ola,global,,,layers.0.bias,raw,72,0.004437243298942738,0.004498760286224882,0.00446800179258381,0,0.0,0.9921875,128
bayesfl_observability_v1,ola_sparse_bayesian_keep010_seed42,180,ola,global,,,layers.0.bias,raw,73,0.004498760286224882,0.004560277273507026,0.0045295187798659545,0,0.0,0.9921875,128
bayesfl_observability_v1,ola_sparse_bayesian_keep010_seed42,180,ola,global,,,layers.0.bias,raw,74,0.004560277273507026,0.00462179426078917,0.004591035767148098,0,0.0,0.9921875,128
bayesfl_observability_v1,ola_sparse_bayesian_keep010_seed42,180,ola,global,,,layers.0.bias,raw,75,0.00462179426078917,0.004683311248071314,0.004652552754430242,0,0.0,0.9921875,128
bayesfl_observability_v1,ola_sparse_bayesian_keep010_seed42,180,ola,global,,,layers.0.bias,raw,76,0.004683311248071314,0.0047448282353534585,0.004714069741712386,0,0.0,0.9921875,128
bayesfl_observability_v1,ola_sparse_bayesian_keep010_seed42,180,ola,global,,,layers.0.bias,raw,77,0.0047448282353534585,0.004806345222635602,0.00477558672899453,0,0.0,0.9921875,128
bayesfl_observability_v1,ola_sparse_bayesian_keep010_seed42,180,ola,global,,,layers.0.bias,raw,78,0.004806345222635602,0.004867862209917746,0.004837103716276674,0,0.0,0.9921875,128
bayesfl_observability_v1,ola_sparse_bayesian_keep010_seed42,180,ola,global,,,layers.0.bias,raw,79,0.004867862209917746,0.00492937919719989,0.004898620703558818,1,126.9974416037054,1.0,128
bayesfl_observability_v1,ola_sparse_bayesian_keep010_seed42,180,ola,global,,,layers.0.bias,db,0,-101.91627910575731,-101.21912755992399,-101.56770333284065,1,0.011206315250526393,0.0078125,128
bayesfl_observability_v1,ola_sparse_bayesian_keep010_seed42,180,ola,global,,,layers.0.bias,db,1,-101.21912755992399,-100.52197601409065,-100.87055178700732,0,0.0,0.0078125,128
bayesfl_observability_v1,ola_sparse_bayesian_keep010_seed42,180,ola,global,,,layers.0.bias,db,2,-100.52197601409065,-99.82482446825733,-100.173400241174,0,0.0,0.0078125,128
bayesfl_observability_v1,ola_sparse_bayesian_keep010_seed42,180,ola,global,,,layers.0.bias,db,3,-99.82482446825733,-99.127672922424,-99.47624869534067,0,0.0,0.0078125,128
bayesfl_observability_v1,ola_sparse_bayesian_keep010_seed42,180,ola,global,,,layers.0.bias,db,4,-99.127672922424,-98.43052137659068,-98.77909714950734,0,0.0,0.0078125,128
bayesfl_observability_v1,ola_sparse_bayesian_keep010_seed42,180,ola,global,,,layers.0.bias,db,5,-98.43052137659068,-97.73336983075734,-98.081945603674,0,0.0,0.0078125,128
bayesfl_observability_v1,ola_sparse_bayesian_keep010_seed42,180,ola,global,,,layers.0.bias,db,6,-97.73336983075734,-97.03621828492402,-97.38479405784068,0,0.0,0.0078125,128
bayesfl_observability_v1,ola_sparse_bayesian_keep010_seed42,180,ola,global,,,layers.0.bias,db,7,-97.03621828492402,-96.3390667390907,-96.68764251200736,0,0.0,0.0078125,128
bayesfl_observability_v1,ola_sparse_bayesian_keep010_seed42,180,ola,global,,,layers.0.bias,db,8,-96.3390667390907,-95.64191519325736,-95.99049096617404,0,0.0,0.0078125,128
bayesfl_observability_v1,ola_sparse_bayesian_keep010_seed42,180,ola,global,,,layers.0.bias,db,9,-95.64191519325736,-94.94476364742404,-95.2933394203407,1,0.011206315250526393,0.015625,128
bayesfl_observability_v1,ola_sparse_bayesian_keep010_seed42,180,ola,global,,,layers.0.bias,db,10,-94.94476364742404,-94.2476121015907,-94.59618787450736,0,0.0,0.015625,128
bayesfl_observability_v1,ola_sparse_bayesian_keep010_seed42,180,ola,global,,,layers.0.bias,db,11,-94.2476121015907,-93.55046055575738,-93.89903632867404,0,0.0,0.015625,128
bayesfl_observability_v1,ola_sparse_bayesian_keep010_seed42,180,ola,global,,,layers.0.bias,db,12,-93.55046055575738,-92.85330900992406,-93.20188478284072,0,0.0,0.015625,128
bayesfl_observability_v1,ola_sparse_bayesian_keep010_seed42,180,ola,global,,,layers.0.bias,db,13,-92.85330900992406,-92.15615746409073,-92.5047332370074,0,0.0,0.015625,128
bayesfl_observability_v1,ola_sparse_bayesian_keep010_seed42,180,ola,global,,,layers.0.bias,db,14,-92.15615746409073,-91.4590059182574,-91.80758169117406,0,0.0,0.015625,128
bayesfl_observability_v1,ola_sparse_bayesian_keep010_seed42,180,ola,global,,,layers.0.bias,db,15,-91.4590059182574,-90.76185437242407,-91.11043014534073,0,0.0,0.015625,128
bayesfl_observability_v1,ola_sparse_bayesian_keep010_seed42,180,ola,global,,,layers.0.bias,db,16,-90.76185437242407,-90.06470282659075,-90.41327859950741,0,0.0,0.015625,128
bayesfl_observability_v1,ola_sparse_bayesian_keep010_seed42,180,ola,global,,,layers.0.bias,db,17,-90.06470282659075,-89.36755128075743,-89.71612705367409,0,0.0,0.015625,128
bayesfl_observability_v1,ola_sparse_bayesian_keep010_seed42,180,ola,global,,,layers.0.bias,db,18,-89.36755128075743,-88.67039973492409,-89.01897550784076,1,0.011206315250526164,0.0234375,128
bayesfl_observability_v1,ola_sparse_bayesian_keep010_seed42,180,ola,global,,,layers.0.bias,db,19,-88.67039973492409,-87.97324818909077,-88.32182396200743,0,0.0,0.0234375,128
bayesfl_observability_v1,ola_sparse_bayesian_keep010_seed42,180,ola,global,,,layers.0.bias,db,20,-87.97324818909077,-87.27609664325743,-87.62467241617409,0,0.0,0.0234375,128
bayesfl_observability_v1,ola_sparse_bayesian_keep010_seed42,180,ola,global,,,layers.0.bias,db,21,-87.27609664325743,-86.57894509742411,-86.92752087034077,1,0.011206315250526393,0.03125,128
bayesfl_observability_v1,ola_sparse_bayesian_keep010_seed42,180,ola,global,,,layers.0.bias,db,22,-86.57894509742411,-85.88179355159079,-86.23036932450745,1,0.011206315250526393,0.0390625,128
bayesfl_observability_v1,ola_sparse_bayesian_keep010_seed42,180,ola,global,,,layers.0.bias,db,23,-85.88179355159079,-85.18464200575745,-85.53321777867413,1,0.011206315250526164,0.046875,128
bayesfl_observability_v1,ola_sparse_bayesian_keep010_seed42,180,ola,global,,,layers.0.bias,db,24,-85.18464200575745,-84.48749045992413,-84.83606623284079,0,0.0,0.046875,128
bayesfl_observability_v1,ola_sparse_bayesian_keep010_seed42,180,ola,global,,,layers.0.bias,db,25,-84.48749045992413,-83.7903389140908,-84.13891468700746,0,0.0,0.046875,128
bayesfl_observability_v1,ola_sparse_bayesian_keep010_seed42,180,ola,global,,,layers.0.bias,db,26,-83.7903389140908,-83.09318736825747,-83.44176314117414,0,0.0,0.046875,128
bayesfl_observability_v1,ola_sparse_bayesian_keep010_seed42,180,ola,global,,,layers.0.bias,db,27,-83.09318736825747,-82.39603582242415,-82.74461159534081,2,0.022412630501052785,0.0625,128
bayesfl_observability_v1,ola_sparse_bayesian_keep010_seed42,180,ola,global,,,layers.0.bias,db,28,-82.39603582242415,-81.69888427659082,-82.04746004950749,0,0.0,0.0625,128
bayesfl_observability_v1,ola_sparse_bayesian_keep010_seed42,180,ola,global,,,layers.0.bias,db,29,-81.69888427659082,-81.00173273075748,-81.35030850367414,1,0.011206315250526164,0.0703125,128
bayesfl_observability_v1,ola_sparse_bayesian_keep010_seed42,180,ola,global,,,layers.0.bias,db,30,-81.00173273075748,-80.30458118492416,-80.65315695784082,1,0.011206315250526393,0.078125,128
bayesfl_observability_v1,ola_sparse_bayesian_keep010_seed42,180,ola,global,,,layers.0.bias,db,31,-80.30458118492416,-79.60742963909084,-79.9560054120075,3,0.03361894575157918,0.1015625,128
bayesfl_observability_v1,ola_sparse_bayesian_keep010_seed42,180,ola,global,,,layers.0.bias,db,32,-79.60742963909084,-78.9102780932575,-79.25885386617418,1,0.011206315250526164,0.109375,128
bayesfl_observability_v1,ola_sparse_bayesian_keep010_seed42,180,ola,global,,,layers.0.bias,db,33,-78.9102780932575,-78.21312654742418,-78.56170232034084,0,0.0,0.109375,128
bayesfl_observability_v1,ola_sparse_bayesian_keep010_seed42,180,ola,global,,,layers.0.bias,db,34,-78.21312654742418,-77.51597500159085,-77.8645507745075,0,0.0,0.109375,128
bayesfl_observability_v1,ola_sparse_bayesian_keep010_seed42,180,ola,global,,,layers.0.bias,db,35,-77.51597500159085,-76.81882345575752,-77.16739922867418,0,0.0,0.109375,128
bayesfl_observability_v1,ola_sparse_bayesian_keep010_seed42,180,ola,global,,,layers.0.bias,db,36,-76.81882345575752,-76.1216719099242,-76.47024768284086,0,0.0,0.109375,128
bayesfl_observability_v1,ola_sparse_bayesian_keep010_seed42,180,ola,global,,,layers.0.bias,db,37,-76.1216719099242,-75.42452036409087,-75.77309613700754,0,0.0,0.109375,128
bayesfl_observability_v1,ola_sparse_bayesian_keep010_seed42,180,ola,global,,,layers.0.bias,db,38,-75.42452036409087,-74.72736881825755,-75.0759445911742,2,0.022412630501052785,0.125,128
bayesfl_observability_v1,ola_sparse_bayesian_keep010_seed42,180,ola,global,,,layers.0.bias,db,39,-74.72736881825755,-74.03021727242421,-74.37879304534087,2,0.022412630501052327,0.140625,128
bayesfl_observability_v1,ola_sparse_bayesian_keep010_seed42,180,ola,global,,,layers.0.bias,db,40,-74.03021727242421,-73.33306572659089,-73.68164149950755,2,0.022412630501052785,0.15625,128
bayesfl_observability_v1,ola_sparse_bayesian_keep010_seed42,180,ola,global,,,layers.0.bias,db,41,-73.33306572659089,-72.63591418075757,-72.98448995367423,0,0.0,0.15625,128
bayesfl_observability_v1,ola_sparse_bayesian_keep010_seed42,180,ola,global,,,layers.0.bias,db,42,-72.63591418075757,-71.93876263492423,-72.2873384078409,1,0.011206315250526164,0.1640625,128
bayesfl_observability_v1,ola_sparse_bayesian_keep010_seed42,180,ola,global,,,layers.0.bias,db,43,-71.93876263492423,-71.24161108909091,-71.59018686200757,3,0.03361894575157918,0.1875,128
bayesfl_observability_v1,ola_sparse_bayesian_keep010_seed42,180,ola,global,,,layers.0.bias,db,44,-71.24161108909091,-70.54445954325757,-70.89303531617423,2,0.022412630501052327,0.203125,128
bayesfl_observability_v1,ola_sparse_bayesian_keep010_seed42,180,ola,global,,,layers.0.bias,db,45,-70.54445954325757,-69.84730799742425,-70.19588377034091,1,0.011206315250526393,0.2109375,128
bayesfl_observability_v1,ola_sparse_bayesian_keep010_seed42,180,ola,global,,,layers.0.bias,db,46,-69.84730799742425,-69.15015645159093,-69.49873222450759,1,0.011206315250526393,0.21875,128
bayesfl_observability_v1,ola_sparse_bayesian_keep010_seed42,180,ola,global,,,layers.0.bias,db,47,-69.15015645159093,-68.4530049057576,-68.80158067867427,2,0.022412630501052327,0.234375,128
bayesfl_observability_v1,ola_sparse_bayesian_keep010_seed42,180,ola,global,,,layers.0.bias,db,48,-68.4530049057576,-67.75585335992426,-68.10442913284092,5,0.05603157625263082,0.2734375,128
bayesfl_observability_v1,ola_sparse_bayesian_keep010_seed42,180,ola,global,,,layers.0.bias,db,49,-67.75585335992426,-67.05870181409094,-67.4072775870076,0,0.0,0.2734375,128
bayesfl_observability_v1,ola_sparse_bayesian_keep010_seed42,180,ola,global,,,layers.0.bias,db,50,-67.05870181409094,-66.36155026825762,-66.71012604117428,3,0.03361894575157918,0.296875,128
bayesfl_observability_v1,ola_sparse_bayesian_keep010_seed42,180,ola,global,,,layers.0.bias,db,51,-66.36155026825762,-65.6643987224243,-66.01297449534096,1,0.011206315250526393,0.3046875,128
bayesfl_observability_v1,ola_sparse_bayesian_keep010_seed42,180,ola,global,,,layers.0.bias,db,52,-65.6643987224243,-64.96724717659096,-65.31582294950763,2,0.022412630501052327,0.3203125,128
bayesfl_observability_v1,ola_sparse_bayesian_keep010_seed42,180,ola,global,,,layers.0.bias,db,53,-64.96724717659096,-64.27009563075762,-64.61867140367428,2,0.022412630501052327,0.3359375,128
bayesfl_observability_v1,ola_sparse_bayesian_keep010_seed42,180,ola,global,,,layers.0.bias,db,54,-64.27009563075762,-63.5729440849243,-63.92151985784096,1,0.011206315250526393,0.34375,128
bayesfl_observability_v1,ola_sparse_bayesian_keep010_seed42,180,ola,global,,,layers.0.bias,db,55,-63.5729440849243,-62.87579253909098,-63.22436831200764,0,0.0,0.34375,128
bayesfl_observability_v1,ola_sparse_bayesian_keep010_seed42,180,ola,global,,,layers.0.bias,db,56,-62.87579253909098,-62.17864099325765,-62.52721676617432,2,0.022412630501052556,0.359375,128
bayesfl_observability_v1,ola_sparse_bayesian_keep010_seed42,180,ola,global,,,layers.0.bias,db,57,-62.17864099325765,-61.48148944742432,-61.830065220340984,7,0.07844420675368395,0.4140625,128
bayesfl_observability_v1,ola_sparse_bayesian_keep010_seed42,180,ola,global,,,layers.0.bias,db,58,-61.48148944742432,-60.784337901590995,-61.13291367450766,4,0.04482526100210511,0.4453125,128
bayesfl_observability_v1,ola_sparse_bayesian_keep010_seed42,180,ola,global,,,layers.0.bias,db,59,-60.784337901590995,-60.087186355757666,-60.43576212867433,2,0.022412630501052556,0.4609375,128
bayesfl_observability_v1,ola_sparse_bayesian_keep010_seed42,180,ola,global,,,layers.0.bias,db,60,-60.087186355757666,-59.39003480992434,-59.738610582841005,5,0.05603157625263139,0.5,128
bayesfl_observability_v1,ola_sparse_bayesian_keep010_seed42,180,ola,global,,,layers.0.bias,db,61,-59.39003480992434,-58.692883264091016,-59.04145903700768,8,0.08965052200421114,0.5625,128
bayesfl_observability_v1,ola_sparse_bayesian_keep010_seed42,180,ola,global,,,layers.0.bias,db,62,-58.692883264091016,-57.99573171825769,-58.34430749117435,2,0.022412630501052556,0.578125,128
bayesfl_observability_v1,ola_sparse_bayesian_keep010_seed42,180,ola,global,,,layers.0.bias,db,63,-57.99573171825769,-57.29858017242436,-57.64715594534103,6,0.06723789150315766,0.625,128
bayesfl_observability_v1,ola_sparse_bayesian_keep010_seed42,180,ola,global,,,layers.0.bias,db,64,-57.29858017242436,-56.60142862659103,-56.95000439950769,7,0.07844420675368395,0.6796875,128
bayesfl_observability_v1,ola_sparse_bayesian_keep010_seed42,180,ola,global,,,layers.0.bias,db,65,-56.60142862659103,-55.9042770807577,-56.25285285367437,7,0.07844420675368395,0.734375,128
bayesfl_observability_v1,ola_sparse_bayesian_keep010_seed42,180,ola,global,,,layers.0.bias,db,66,-55.9042770807577,-55.20712553492438,-55.55570130784104,7,0.07844420675368474,0.7890625,128
bayesfl_observability_v1,ola_sparse_bayesian_keep010_seed42,180,ola,global,,,layers.0.bias,db,67,-55.20712553492438,-54.50997398909105,-54.85854976200771,3,0.03361894575157883,0.8125,128
bayesfl_observability_v1,ola_sparse_bayesian_keep010_seed42,180,ola,global,,,layers.0.bias,db,68,-54.50997398909105,-53.81282244325772,-54.16139821617439,3,0.03361894575157883,0.8359375,128
bayesfl_observability_v1,ola_sparse_bayesian_keep010_seed42,180,ola,global,,,layers.0.bias,db,69,-53.81282244325772,-53.115670897424394,-53.464246670341055,4,0.04482526100210511,0.8671875,128
bayesfl_observability_v1,ola_sparse_bayesian_keep010_seed42,180,ola,global,,,layers.0.bias,db,70,-53.115670897424394,-52.418519351591065,-52.76709512450773,8,0.08965052200421023,0.9296875,128
bayesfl_observability_v1,ola_sparse_bayesian_keep010_seed42,180,ola,global,,,layers.0.bias,db,71,-52.418519351591065,-51.72136780575774,-52.0699435786744,3,0.03361894575157883,0.953125,128
bayesfl_observability_v1,ola_sparse_bayesian_keep010_seed42,180,ola,global,,,layers.0.bias,db,72,-51.72136780575774,-51.024216259924415,-51.372792032841076,3,0.03361894575157918,0.9765625,128
bayesfl_observability_v1,ola_sparse_bayesian_keep010_seed42,180,ola,global,,,layers.0.bias,db,73,-51.024216259924415,-50.32706471409109,-50.675640487007755,2,0.022412630501052556,0.9921875,128
bayesfl_observability_v1,ola_sparse_bayesian_keep010_seed42,180,ola,global,,,layers.0.bias,db,74,-50.32706471409109,-49.62991316825776,-49.97848894117442,0,0.0,0.9921875,128
bayesfl_observability_v1,ola_sparse_bayesian_keep010_seed42,180,ola,global,,,layers.0.bias,db,75,-49.62991316825776,-48.93276162242443,-49.2813373953411,0,0.0,0.9921875,128
bayesfl_observability_v1,ola_sparse_bayesian_keep010_seed42,180,ola,global,,,layers.0.bias,db,76,-48.93276162242443,-48.2356100765911,-48.58418584950776,0,0.0,0.9921875,128
bayesfl_observability_v1,ola_sparse_bayesian_keep010_seed42,180,ola,global,,,layers.0.bias,db,77,-48.2356100765911,-47.53845853075777,-47.88703430367444,0,0.0,0.9921875,128
bayesfl_observability_v1,ola_sparse_bayesian_keep010_seed42,180,ola,global,,,layers.0.bias,db,78,-47.53845853075777,-46.84130698492445,-47.18988275784111,0,0.0,0.9921875,128
bayesfl_observability_v1,ola_sparse_bayesian_keep010_seed42,180,ola,global,,,layers.0.bias,db,79,-46.84130698492445,-46.14415543909112,-46.49273121200778,1,0.011206315250526278,1.0,128
bayesfl_observability_v1,ola_sparse_bayesian_keep010_seed42,180,ola,global,,,layers.1.weight,raw,0,1.7315522739612897e-06,0.001529466898704108,0.0007655992254890346,177,90.51387750052471,0.13828125,1280
bayesfl_observability_v1,ola_sparse_bayesian_keep010_seed42,180,ola,global,,,layers.1.weight,raw,1,0.001529466898704108,0.003057202245134255,0.0022933345719191815,166,84.88872127167853,0.26796875,1280
bayesfl_observability_v1,ola_sparse_bayesian_keep010_seed42,180,ola,global,,,layers.1.weight,raw,2,0.003057202245134255,0.0045849375915644015,0.0038210699183493283,160,81.82045423776248,0.39296875,1280
bayesfl_observability_v1,ola_sparse_bayesian_keep010_seed42,180,ola,global,,,layers.1.weight,raw,3,0.0045849375915644015,0.006112672937994549,0.005348805264779475,130,66.47911906818197,0.49453125,1280
bayesfl_observability_v1,ola_sparse_bayesian_keep010_seed42,180,ola,global,,,layers.1.weight,raw,4,0.006112672937994549,0.007640408284424696,0.006876540611209622,113,57.78569580541972,0.5828125,1280
bayesfl_observability_v1,ola_sparse_bayesian_keep010_seed42,180,ola,global,,,layers.1.weight,raw,5,0.007640408284424696,0.00916814363085484,0.008404275957639769,95,48.580894703671525,0.65703125,1280
bayesfl_observability_v1,ola_sparse_bayesian_keep010_seed42,180,ola,global,,,layers.1.weight,raw,6,0.00916814363085484,0.010695878977284988,0.009932011304069914,69,35.28507089003505,0.7109375,1280
bayesfl_observability_v1,ola_sparse_bayesian_keep010_seed42,180,ola,global,,,layers.1.weight,raw,7,0.010695878977284988,0.012223614323715135,0.011459746650500062,55,28.125781144230835,0.75390625,1280
bayesfl_observability_v1,ola_sparse_bayesian_keep010_seed42,180,ola,global,,,layers.1.weight,raw,8,0.012223614323715135,0.013751349670145283,0.012987481996930209,48,24.54613627132873,0.79140625,1280
bayesfl_observability_v1,ola_sparse_bayesian_keep010_seed42,180,ola,global,,,layers.1.weight,raw,9,0.013751349670145283,0.01527908501657543,0.014515217343360356,44,22.50062491538467,0.82578125,1280
bayesfl_observability_v1,ola_sparse_bayesian_keep010_seed42,180,ola,global,,,layers.1.weight,raw,10,0.01527908501657543,0.016806820363005577,0.0160429526897905,40,20.45511355944061,0.85703125,1280
bayesfl_observability_v1,ola_sparse_bayesian_keep010_seed42,180,ola,global,,,layers.1.weight,raw,11,0.016806820363005577,0.01833455570943572,0.01757068803622065,21,10.738934618706343,0.8734375,1280
bayesfl_observability_v1,ola_sparse_bayesian_keep010_seed42,180,ola,global,,,layers.1.weight,raw,12,0.01833455570943572,0.019862291055865868,0.019098423382650796,26,13.295823813636396,0.89375,1280
bayesfl_observability_v1,ola_sparse_bayesian_keep010_seed42,180,ola,global,,,layers.1.weight,raw,13,0.019862291055865868,0.021390026402296015,0.02062615872908094,17,8.69342326276226,0.90703125,1280
bayesfl_observability_v1,ola_sparse_bayesian_keep010_seed42,180,ola,global,,,layers.1.weight,raw,14,0.021390026402296015,0.022917761748726163,0.02215389407551109,13,6.647911906818198,0.9171875,1280
bayesfl_observability_v1,ola_sparse_bayesian_keep010_seed42,180,ola,global,,,layers.1.weight,raw,15,0.022917761748726163,0.02444549709515631,0.023681629421941235,18,9.204801101748274,0.93125,1280
bayesfl_observability_v1,ola_sparse_bayesian_keep010_seed42,180,ola,global,,,layers.1.weight,raw,16,0.02444549709515631,0.025973232441586457,0.025209364768371385,9,4.602400550874137,0.93828125,1280
bayesfl_observability_v1,ola_sparse_bayesian_keep010_seed42,180,ola,global,,,layers.1.weight,raw,17,0.025973232441586457,0.027500967788016605,0.02673710011480153,5,2.556889194930076,0.9421875,1280
bayesfl_observability_v1,ola_sparse_bayesian_keep010_seed42,180,ola,global,,,layers.1.weight,raw,18,0.027500967788016605,0.029028703134446752,0.02826483546123168,8,4.0910227118881215,0.9484375,1280
bayesfl_observability_v1,ola_sparse_bayesian_keep010_seed42,180,ola,global,,,layers.1.weight,raw,19,0.029028703134446752,0.0305564384808769,0.029792570807661824,3,1.5341335169580457,0.95078125,1280
bayesfl_observability_v1,ola_sparse_bayesian_keep010_seed42,180,ola,global,,,layers.1.weight,raw,20,0.0305564384808769,0.03208417382730704,0.03132030615409197,6,3.068267033916098,0.95546875,1280
bayesfl_observability_v1,ola_sparse_bayesian_keep010_seed42,180,ola,global,,,layers.1.weight,raw,21,0.03208417382730704,0.033611909173737194,0.03284804150052212,9,4.602400550874126,0.9625,1280
bayesfl_observability_v1,ola_sparse_bayesian_keep010_seed42,180,ola,global,,,layers.1.weight,raw,22,0.033611909173737194,0.03513964452016734,0.03437577684695227,8,4.091022711888131,0.96875,1280
bayesfl_observability_v1,ola_sparse_bayesian_keep010_seed42,180,ola,global,,,layers.1.weight,raw,23,0.03513964452016734,0.03666737986659748,0.035903512193382406,3,1.534133516958049,0.97109375,1280
bayesfl_observability_v1,ola_sparse_bayesian_keep010_seed42,180,ola,global,,,layers.1.weight,raw,24,0.03666737986659748,0.03819511521302763,0.03743124753981256,3,1.5341335169580421,0.9734375,1280
bayesfl_observability_v1,ola_sparse_bayesian_keep010_seed42,180,ola,global,,,layers.1.weight,raw,25,0.03819511521302763,0.039722850559457776,0.03895898288624271,4,2.0455113559440656,0.9765625,1280
bayesfl_observability_v1,ola_sparse_bayesian_keep010_seed42,180,ola,global,,,layers.1.weight,raw,26,0.039722850559457776,0.041250585905887927,0.04048671823267285,0,0.0,0.9765625,1280
bayesfl_observability_v1,ola_sparse_bayesian_keep010_seed42,180,ola,global,,,layers.1.weight,raw,27,0.041250585905887927,0.04277832125231807,0.042014453579102995,2,1.0227556779720328,0.978125,1280
bayesfl_observability_v1,ola_sparse_bayesian_keep010_seed42,180,ola,global,,,layers.1.weight,raw,28,0.04277832125231807,0.04430605659874822,0.043542188925533146,4,2.0455113559440563,0.98125,1280
bayesfl_observability_v1,ola_sparse_bayesian_keep010_seed42,180,ola,global,,,layers.1.weight,raw,29,0.04430605659874822,0.045833791945178365,0.045069924271963296,5,2.556889194930082,0.98515625,1280
bayesfl_observability_v1,ola_sparse_bayesian_keep010_seed42,180,ola,global,,,layers.1.weight,raw,30,0.045833791945178365,0.047361527291608516,0.04659765961839344,2,1.0227556779720282,0.98671875,1280
bayesfl_observability_v1,ola_sparse_bayesian_keep010_seed42,180,ola,global,,,layers.1.weight,raw,31,0.047361527291608516,0.04888926263803866,0.048125394964823584,0,0.0,0.98671875,1280
bayesfl_observability_v1,ola_sparse_bayesian_keep010_seed42,180,ola,global,,,layers.1.weight,raw,32,0.04888926263803866,0.0504169979844688,0.049653130311253735,1,0.5113778389860164,0.9875,1280
bayesfl_observability_v1,ola_sparse_bayesian_keep010_seed42,180,ola,global,,,layers.1.weight,raw,33,0.0504169979844688,0.051944733330898954,0.05118086565768388,1,0.5113778389860141,0.98828125,1280
bayesfl_observability_v1,ola_sparse_bayesian_keep010_seed42,180,ola,global,,,layers.1.weight,raw,34,0.051944733330898954,0.0534724686773291,0.05270860100411402,0,0.0,0.98828125,1280
bayesfl_observability_v1,ola_sparse_bayesian_keep010_seed42,180,ola,global,,,layers.1.weight,raw,35,0.0534724686773291,0.05500020402375925,0.05423633635054417,0,0.0,0.98828125,1280
bayesfl_observability_v1,ola_sparse_bayesian_keep010_seed42,180,ola,global,,,layers.1.weight,raw,36,0.05500020402375925,0.05652793937018939,0.055764071696974324,3,1.534133516958049,0.990625,1280
bayesfl_observability_v1,ola_sparse_bayesian_keep010_seed42,180,ola,global,,,layers.1.weight,raw,37,0.05652793937018939,0.05805567471661954,0.05729180704340447,0,0.0,0.990625,1280
bayesfl_observability_v1,ola_sparse_bayesian_keep010_seed42,180,ola,global,,,layers.1.weight,raw,38,0.05805567471661954,0.05958341006304969,0.05881954238983461,0,0.0,0.990625,1280
bayesfl_observability_v1,ola_sparse_bayesian_keep010_seed42,180,ola,global,,,layers.1.weight,raw,39,0.05958341006304969,0.06111114540947984,0.06034727773626476,1,0.5113778389860141,0.99140625,1280
bayesfl_observability_v1,ola_sparse_bayesian_keep010_seed42,180,ola,global,,,layers.1.weight,raw,40,0.06111114540947984,0.06263888075590998,0.06187501308269491,2,1.0227556779720328,0.99296875,1280
bayesfl_observability_v1,ola_sparse_bayesian_keep010_seed42,180,ola,global,,,layers.1.weight,raw,41,0.06263888075590998,0.06416661610234013,0.06340274842912505,1,0.5113778389860141,0.99375,1280
bayesfl_observability_v1,ola_sparse_bayesian_keep010_seed42,180,ola,global,,,layers.1.weight,raw,42,0.06416661610234013,0.06569435144877028,0.06493048377555521,0,0.0,0.99375,1280
bayesfl_observability_v1,ola_sparse_bayesian_keep010_seed42,180,ola,global,,,layers.1.weight,raw,43,0.06569435144877028,0.06722208679520043,0.06645821912198535,1,0.5113778389860141,0.99453125,1280
bayesfl_observability_v1,ola_sparse_bayesian_keep010_seed42,180,ola,global,,,layers.1.weight,raw,44,0.06722208679520043,0.06874982214163057,0.0679859544684155,0,0.0,0.99453125,1280
bayesfl_observability_v1,ola_sparse_bayesian_keep010_seed42,180,ola,global,,,layers.1.weight,raw,45,0.06874982214163057,0.07027755748806072,0.06951368981484565,1,0.5113778389860141,0.9953125,1280
bayesfl_observability_v1,ola_sparse_bayesian_keep010_seed42,180,ola,global,,,layers.1.weight,raw,46,0.07027755748806072,0.07180529283449087,0.07104142516127579,0,0.0,0.9953125,1280
bayesfl_observability_v1,ola_sparse_bayesian_keep010_seed42,180,ola,global,,,layers.1.weight,raw,47,0.07180529283449087,0.07333302818092101,0.07256916050770594,1,0.5113778389860186,0.99609375,1280
bayesfl_observability_v1,ola_sparse_bayesian_keep010_seed42,180,ola,global,,,layers.1.weight,raw,48,0.07333302818092101,0.07486076352735116,0.07409689585413609,1,0.5113778389860141,0.996875,1280
bayesfl_observability_v1,ola_sparse_bayesian_keep010_seed42,180,ola,global,,,layers.1.weight,raw,49,0.07486076352735116,0.07638849887378131,0.07562463120056623,1,0.5113778389860141,0.99765625,1280
bayesfl_observability_v1,ola_sparse_bayesian_keep010_seed42,180,ola,global,,,layers.1.weight,raw,50,0.07638849887378131,0.07791623422021146,0.07715236654699639,0,0.0,0.99765625,1280
bayesfl_observability_v1,ola_sparse_bayesian_keep010_seed42,180,ola,global,,,layers.1.weight,raw,51,0.07791623422021146,0.0794439695666416,0.07868010189342653,0,0.0,0.99765625,1280
bayesfl_observability_v1,ola_sparse_bayesian_keep010_seed42,180,ola,global,,,layers.1.weight,raw,52,0.0794439695666416,0.08097170491307175,0.08020783723985667,0,0.0,0.99765625,1280
bayesfl_observability_v1,ola_sparse_bayesian_keep010_seed42,180,ola,global,,,layers.1.weight,raw,53,0.08097170491307175,0.0824994402595019,0.08173557258628683,0,0.0,0.99765625,1280
bayesfl_observability_v1,ola_sparse_bayesian_keep010_seed42,180,ola,global,,,layers.1.weight,raw,54,0.0824994402595019,0.08402717560593205,0.08326330793271697,0,0.0,0.99765625,1280
bayesfl_observability_v1,ola_sparse_bayesian_keep010_seed42,180,ola,global,,,layers.1.weight,raw,55,0.08402717560593205,0.08555491095236219,0.08479104327914712,0,0.0,0.99765625,1280
bayesfl_observability_v1,ola_sparse_bayesian_keep010_seed42,180,ola,global,,,layers.1.weight,raw,56,0.08555491095236219,0.08708264629879234,0.08631877862557727,0,0.0,0.99765625,1280
bayesfl_observability_v1,ola_sparse_bayesian_keep010_seed42,180,ola,global,,,layers.1.weight,raw,57,0.08708264629879234,0.08861038164522249,0.0878465139720074,0,0.0,0.99765625,1280
bayesfl_observability_v1,ola_sparse_bayesian_keep010_seed42,180,ola,global,,,layers.1.weight,raw,58,0.08861038164522249,0.09013811699165263,0.08937424931843756,0,0.0,0.99765625,1280
bayesfl_observability_v1,ola_sparse_bayesian_keep010_seed42,180,ola,global,,,layers.1.weight,raw,59,0.09013811699165263,0.09166585233808278,0.09090198466486771,0,0.0,0.99765625,1280
bayesfl_observability_v1,ola_sparse_bayesian_keep010_seed42,180,ola,global,,,layers.1.weight,raw,60,0.09166585233808278,0.09319358768451293,0.09242972001129784,1,0.5113778389860141,0.9984375,1280
bayesfl_observability_v1,ola_sparse_bayesian_keep010_seed42,180,ola,global,,,layers.1.weight,raw,61,0.09319358768451293,0.09472132303094308,0.09395745535772801,0,0.0,0.9984375,1280
bayesfl_observability_v1,ola_sparse_bayesian_keep010_seed42,180,ola,global,,,layers.1.weight,raw,62,0.09472132303094308,0.09624905837737321,0.09548519070415815,0,0.0,0.9984375,1280
bayesfl_observability_v1,ola_sparse_bayesian_keep010_seed42,180,ola,global,,,layers.1.weight,raw,63,0.09624905837737321,0.09777679372380337,0.09701292605058828,0,0.0,0.9984375,1280
bayesfl_observability_v1,ola_sparse_bayesian_keep010_seed42,180,ola,global,,,layers.1.weight,raw,64,0.09777679372380337,0.09930452907023352,0.09854066139701845,0,0.0,0.9984375,1280
bayesfl_observability_v1,ola_sparse_bayesian_keep010_seed42,180,ola,global,,,layers.1.weight,raw,65,0.09930452907023352,0.10083226441666365,0.10006839674344858,1,0.5113778389860186,0.99921875,1280
bayesfl_observability_v1,ola_sparse_bayesian_keep010_seed42,180,ola,global,,,layers.1.weight,raw,66,0.10083226441666365,0.1023599997630938,0.10159613208987872,0,0.0,0.99921875,1280
bayesfl_observability_v1,ola_sparse_bayesian_keep010_seed42,180,ola,global,,,layers.1.weight,raw,67,0.1023599997630938,0.10388773510952395,0.10312386743630889,0,0.0,0.99921875,1280
bayesfl_observability_v1,ola_sparse_bayesian_keep010_seed42,180,ola,global,,,layers.1.weight,raw,68,0.10388773510952395,0.1054154704559541,0.10465160278273902,0,0.0,0.99921875,1280
bayesfl_observability_v1,ola_sparse_bayesian_keep010_seed42,180,ola,global,,,layers.1.weight,raw,69,0.1054154704559541,0.10694320580238424,0.10617933812916917,0,0.0,0.99921875,1280
bayesfl_observability_v1,ola_sparse_bayesian_keep010_seed42,180,ola,global,,,layers.1.weight,raw,70,0.10694320580238424,0.10847094114881439,0.10770707347559932,0,0.0,0.99921875,1280
bayesfl_observability_v1,ola_sparse_bayesian_keep010_seed42,180,ola,global,,,layers.1.weight,raw,71,0.10847094114881439,0.10999867649524454,0.10923480882202946,0,0.0,0.99921875,1280
bayesfl_observability_v1,ola_sparse_bayesian_keep010_seed42,180,ola,global,,,layers.1.weight,raw,72,0.10999867649524454,0.11152641184167468,0.11076254416845961,0,0.0,0.99921875,1280
bayesfl_observability_v1,ola_sparse_bayesian_keep010_seed42,180,ola,global,,,layers.1.weight,raw,73,0.11152641184167468,0.11305414718810483,0.11229027951488976,0,0.0,0.99921875,1280
bayesfl_observability_v1,ola_sparse_bayesian_keep010_seed42,180,ola,global,,,layers.1.weight,raw,74,0.11305414718810483,0.11458188253453498,0.1138180148613199,0,0.0,0.99921875,1280
bayesfl_observability_v1,ola_sparse_bayesian_keep010_seed42,180,ola,global,,,layers.1.weight,raw,75,0.11458188253453498,0.11610961788096513,0.11534575020775006,0,0.0,0.99921875,1280
bayesfl_observability_v1,ola_sparse_bayesian_keep010_seed42,180,ola,global,,,layers.1.weight,raw,76,0.11610961788096513,0.11763735322739527,0.1168734855541802,0,0.0,0.99921875,1280
bayesfl_observability_v1,ola_sparse_bayesian_keep010_seed42,180,ola,global,,,layers.1.weight,raw,77,0.11763735322739527,0.11916508857382542,0.11840122090061034,0,0.0,0.99921875,1280
bayesfl_observability_v1,ola_sparse_bayesian_keep010_seed42,180,ola,global,,,layers.1.weight,raw,78,0.11916508857382542,0.12069282392025557,0.1199289562470405,0,0.0,0.99921875,1280
bayesfl_observability_v1,ola_sparse_bayesian_keep010_seed42,180,ola,global,,,layers.1.weight,raw,79,0.12069282392025557,0.12222055926668572,0.12145669159347064,1,0.5113778389860141,1.0,1280
bayesfl_observability_v1,ola_sparse_bayesian_keep010_seed42,180,ola,global,,,layers.1.weight,db,0,-115.23128284311632,-114.01910574090947,-114.62519429201289,1,0.0006445015324721782,0.00078125,1280
bayesfl_observability_v1,ola_sparse_bayesian_keep010_seed42,180,ola,global,,,layers.1.weight,db,1,-114.01910574090947,-112.80692863870262,-113.41301718980604,1,0.0006445015324721782,0.0015625,1280
bayesfl_observability_v1,ola_sparse_bayesian_keep010_seed42,180,ola,global,,,layers.1.weight,db,2,-112.80692863870262,-111.59475153649575,-112.20084008759918,0,0.0,0.0015625,1280
bayesfl_observability_v1,ola_sparse_bayesian_keep010_seed42,180,ola,global,,,layers.1.weight,db,3,-111.59475153649575,-110.3825744342889,-110.98866298539232,0,0.0,0.0015625,1280
bayesfl_observability_v1,ola_sparse_bayesian_keep010_seed42,180,ola,global,,,layers.1.weight,db,4,-110.3825744342889,-109.17039733208205,-109.77648588318547,0,0.0,0.0015625,1280
bayesfl_observability_v1,ola_sparse_bayesian_keep010_seed42,180,ola,global,,,layers.1.weight,db,5,-109.17039733208205,-107.9582202298752,-108.56430878097862,0,0.0,0.0015625,1280
bayesfl_observability_v1,ola_sparse_bayesian_keep010_seed42,180,ola,global,,,layers.1.weight,db,6,-107.9582202298752,-106.74604312766834,-107.35213167877177,0,0.0,0.0015625,1280
bayesfl_observability_v1,ola_sparse_bayesian_keep010_seed42,180,ola,global,,,layers.1.weight,db,7,-106.74604312766834,-105.53386602546148,-106.13995457656492,0,0.0,0.0015625,1280
bayesfl_observability_v1,ola_sparse_bayesian_keep010_seed42,180,ola,global,,,layers.1.weight,db,8,-105.53386602546148,-104.32168892325463,-104.92777747435805,0,0.0,0.0015625,1280
bayesfl_observability_v1,ola_sparse_bayesian_keep010_seed42,180,ola,global,,,layers.1.weight,db,9,-104.32168892325463,-103.10951182104778,-103.7156003721512,0,0.0,0.0015625,1280
bayesfl_observability_v1,ola_sparse_bayesian_keep010_seed42,180,ola,global,,,layers.1.weight,db,10,-103.10951182104778,-101.89733471884092,-102.50342326994435,0,0.0,0.0015625,1280
bayesfl_observability_v1,ola_sparse_bayesian_keep010_seed42,180,ola,global,,,layers.1.weight,db,11,-101.89733471884092,-100.68515761663406,-101.29124616773748,0,0.0,0.0015625,1280
bayesfl_observability_v1,ola_sparse_bayesian_keep010_seed42,180,ola,global,,,layers.1.weight,db,12,-100.68515761663406,-99.4729805144272,-100.07906906553063,0,0.0,0.0015625,1280
bayesfl_observability_v1,ola_sparse_bayesian_keep010_seed42,180,ola,global,,,layers.1.weight,db,13,-99.4729805144272,-98.26080341222035,-98.86689196332378,2,0.0012890030649443565,0.003125,1280
bayesfl_observability_v1,ola_sparse_bayesian_keep010_seed42,180,ola,global,,,layers.1.weight,db,14,-98.26080341222035,-97.0486263100135,-97.65471486111693,1,0.0006445015324721782,0.00390625,1280
bayesfl_observability_v1,ola_sparse_bayesian_keep010_seed42,180,ola,global,,,layers.1.weight,db,15,-97.0486263100135,-95.83644920780665,-96.44253775891008,0,0.0,0.00390625,1280
bayesfl_observability_v1,ola_sparse_bayesian_keep010_seed42,180,ola,global,,,layers.1.weight,db,16,-95.83644920780665,-94.6242721055998,-95.23036065670323,0,0.0,0.00390625,1280
bayesfl_observability_v1,ola_sparse_bayesian_keep010_seed42,180,ola,global,,,layers.1.weight,db,17,-94.6242721055998,-93.41209500339293,-94.01818355449637,0,0.0,0.00390625,1280
bayesfl_observability_v1,ola_sparse_bayesian_keep010_seed42,180,ola,global,,,layers.1.weight,db,18,-93.41209500339293,-92.19991790118608,-92.80600645228951,0,0.0,0.00390625,1280
bayesfl_observability_v1,ola_sparse_bayesian_keep010_seed42,180,ola,global,,,layers.1.weight,db,19,-92.19991790118608,-90.98774079897923,-91.59382935008266,0,0.0,0.00390625,1280
bayesfl_observability_v1,ola_sparse_bayesian_keep010_seed42,180,ola,global,,,layers.1.weight,db,20,-90.98774079897923,-89.77556369677238,-90.3816522478758,0,0.0,0.00390625,1280
bayesfl_observability_v1,ola_sparse_bayesian_keep010_seed42,180,ola,global,,,layers.1.weight,db,21,-89.77556369677238,-88.56338659456551,-89.16947514566894,1,0.0006445015324721706,0.0046875,1280
bayesfl_observability_v1,ola_sparse_bayesian_keep010_seed42,180,ola,global,,,layers.1.weight,db,22,-88.56338659456551,-87.35120949235866,-87.95729804346209,1,0.0006445015324721782,0.00546875,1280
bayesfl_observability_v1,ola_sparse_bayesian_keep010_seed42,180,ola,global,,,layers.1.weight,db,23,-87.35120949235866,-86.13903239015181,-86.74512094125524,3,0.0019335045974165346,0.0078125,1280
bayesfl_observability_v1,ola_sparse_bayesian_keep010_seed42,180,ola,global,,,layers.1.weight,db,24,-86.13903239015181,-84.92685528794496,-85.53294383904839,1,0.0006445015324721782,0.00859375,1280
bayesfl_observability_v1,ola_sparse_bayesian_keep010_seed42,180,ola,global,,,layers.1.weight,db,25,-84.92685528794496,-83.71467818573811,-84.32076673684153,2,0.0012890030649443565,0.01015625,1280
bayesfl_observability_v1,ola_sparse_bayesian_keep010_seed42,180,ola,global,,,layers.1.weight,db,26,-83.71467818573811,-82.50250108353126,-83.10858963463468,1,0.0006445015324721782,0.0109375,1280
bayesfl_observability_v1,ola_sparse_bayesian_keep010_seed42,180,ola,global,,,layers.1.weight,db,27,-82.50250108353126,-81.2903239813244,-81.89641253242783,0,0.0,0.0109375,1280
bayesfl_observability_v1,ola_sparse_bayesian_keep010_seed42,180,ola,global,,,layers.1.weight,db,28,-81.2903239813244,-80.07814687911754,-80.68423543022098,1,0.0006445015324721706,0.01171875,1280
bayesfl_observability_v1,ola_sparse_bayesian_keep010_seed42,180,ola,global,,,layers.1.weight,db,29,-80.07814687911754,-78.86596977691069,-79.47205832801411,1,0.0006445015324721782,0.0125,1280
bayesfl_observability_v1,ola_sparse_bayesian_keep010_seed42,180,ola,global,,,layers.1.weight,db,30,-78.86596977691069,-77.65379267470382,-78.25988122580725,1,0.0006445015324721706,0.01328125,1280
bayesfl_observability_v1,ola_sparse_bayesian_keep010_seed42,180,ola,global,,,layers.1.weight,db,31,-77.65379267470382,-76.44161557249697,-77.0477041236004,6,0.003867009194833069,0.01796875,1280
bayesfl_observability_v1,ola_sparse_bayesian_keep010_seed42,180,ola,global,,,layers.1.weight,db,32,-76.44161557249697,-75.22943847029012,-75.83552702139355,2,0.0012890030649443565,0.01953125,1280
bayesfl_observability_v1,ola_sparse_bayesian_keep010_seed42,180,ola,global,,,layers.1.weight,db,33,-75.22943847029012,-74.01726136808327,-74.6233499191867,3,0.0019335045974165346,0.021875,1280
bayesfl_observability_v1,ola_sparse_bayesian_keep010_seed42,180,ola,global,,,layers.1.weight,db,34,-74.01726136808327,-72.80508426587642,-73.41117281697984,2,0.0012890030649443565,0.0234375,1280
bayesfl_observability_v1,ola_sparse_bayesian_keep010_seed42,180,ola,global,,,layers.1.weight,db,35,-72.80508426587642,-71.59290716366957,-72.19899571477299,4,0.002578006129888713,0.0265625,1280
bayesfl_observability_v1,ola_sparse_bayesian_keep010_seed42,180,ola,global,,,layers.1.weight,db,36,-71.59290716366957,-70.38073006146271,-70.98681861256614,7,0.004511510727305248,0.03203125,1280
bayesfl_observability_v1,ola_sparse_bayesian_keep010_seed42,180,ola,global,,,layers.1.weight,db,37,-70.38073006146271,-69.16855295925586,-69.77464151035929,7,0.004511510727305248,0.0375,1280
bayesfl_observability_v1,ola_sparse_bayesian_keep010_seed42,180,ola,global,,,layers.1.weight,db,38,-69.16855295925586,-67.956375857049,-68.56246440815244,4,0.0025780061298886826,0.040625,1280
bayesfl_observability_v1,ola_sparse_bayesian_keep010_seed42,180,ola,global,,,layers.1.weight,db,39,-67.956375857049,-66.74419875484215,-67.35028730594557,2,0.0012890030649443565,0.0421875,1280
bayesfl_observability_v1,ola_sparse_bayesian_keep010_seed42,180,ola,global,,,layers.1.weight,db,40,-66.74419875484215,-65.53202165263528,-66.1381102037387,12,0.007734018389666048,0.0515625,1280
bayesfl_observability_v1,ola_sparse_bayesian_keep010_seed42,180,ola,global,,,layers.1.weight,db,41,-65.53202165263528,-64.31984455042843,-64.92593310153185,11,0.0070895168571939605,0.06015625,1280
bayesfl_observability_v1,ola_sparse_bayesian_keep010_seed42,180,ola,global,,,layers.1.weight,db,42,-64.31984455042843,-63.107667448221584,-63.713755999325,8,0.005156012259777456,0.06640625,1280
bayesfl_observability_v1,ola_sparse_bayesian_keep010_seed42,180,ola,global,,,layers.1.weight,db,43,-63.107667448221584,-61.895490346014725,-62.50157889711815,12,0.007734018389666093,0.07578125,1280
bayesfl_observability_v1,ola_sparse_bayesian_keep010_seed42,180,ola,global,,,layers.1.weight,db,44,-61.895490346014725,-60.68331324380787,-61.2894017949113,18,0.011601027584499208,0.08984375,1280
bayesfl_observability_v1,ola_sparse_bayesian_keep010_seed42,180,ola,global,,,layers.1.weight,db,45,-60.68331324380787,-59.471136141601015,-60.07722469270445,11,0.007089516857193919,0.0984375,1280
bayesfl_observability_v1,ola_sparse_bayesian_keep010_seed42,180,ola,global,,,layers.1.weight,db,46,-59.471136141601015,-58.25895903939416,-58.86504759049759,18,0.011601027584499208,0.1125,1280
bayesfl_observability_v1,ola_sparse_bayesian_keep010_seed42,180,ola,global,,,layers.1.weight,db,47,-58.25895903939416,-57.046781937187305,-57.65287048829073,22,0.014179033714387838,0.1296875,1280
bayesfl_observability_v1,ola_sparse_bayesian_keep010_seed42,180,ola,global,,,layers.1.weight,db,48,-57.046781937187305,-55.83460483498045,-56.44069338608388,18,0.011601027584499208,0.14375,1280
bayesfl_observability_v1,ola_sparse_bayesian_keep010_seed42,180,ola,global,,,layers.1.weight,db,49,-55.83460483498045,-54.6224277327736,-55.22851628387703,32,0.020624049039109704,0.16875,1280
bayesfl_observability_v1,ola_sparse_bayesian_keep010_seed42,180,ola,global,,,layers.1.weight,db,50,-54.6224277327736,-53.41025063056674,-54.016339181670176,24,0.015468036779332187,0.1875,1280
bayesfl_observability_v1,ola_sparse_bayesian_keep010_seed42,180,ola,global,,,layers.1.weight,db,51,-53.41025063056674,-52.19807352835989,-52.80416207946332,40,0.02578006129888713,0.21875,1280
bayesfl_observability_v1,ola_sparse_bayesian_keep010_seed42,180,ola,global,,,layers.1.weight,db,52,-52.19807352835989,-50.98589642615303,-51.59198497725646,34,0.02191305210405393,0.2453125,1280
bayesfl_observability_v1,ola_sparse_bayesian_keep010_seed42,180,ola,global,,,layers.1.weight,db,53,-50.98589642615303,-49.77371932394618,-50.37980787504961,51,0.03286957815608109,0.28515625,1280
bayesfl_observability_v1,ola_sparse_bayesian_keep010_seed42,180,ola,global,,,layers.1.weight,db,54,-49.77371932394618,-48.56154222173933,-49.167630772842756,39,0.02513555976641495,0.315625,1280
bayesfl_observability_v1,ola_sparse_bayesian_keep010_seed42,180,ola,global,,,layers.1.weight,db,55,-48.56154222173933,-47.34936511953248,-47.955453670635904,69,0.044470605740580295,0.36953125,1280
bayesfl_observability_v1,ola_sparse_bayesian_keep010_seed42,180,ola,global,,,layers.1.weight,db,56,-47.34936511953248,-46.13718801732561,-46.743276568429046,64,0.04124809807821892,0.41953125,1280
bayesfl_observability_v1,ola_sparse_bayesian_keep010_seed42,180,ola,global,,,layers.1.weight,db,57,-46.13718801732561,-44.92501091511876,-45.53109946622219,58,0.037381088883386336,0.46484375,1280
bayesfl_observability_v1,ola_sparse_bayesian_keep010_seed42,180,ola,global,,,layers.1.weight,db,58,-44.92501091511876,-43.71283381291191,-44.318922364015336,68,0.04382610420810812,0.51796875,1280
bayesfl_observability_v1,ola_sparse_bayesian_keep010_seed42,180,ola,global,,,layers.1.weight,db,59,-43.71283381291191,-42.50065671070506,-43.106745261808484,74,0.04769311340294119,0.57578125,1280
bayesfl_observability_v1,ola_sparse_bayesian_keep010_seed42,180,ola,global,,,layers.1.weight,db,60,-42.50065671070506,-41.28847960849821,-41.89456815960163,68,0.04382610420810812,0.62890625,1280
bayesfl_observability_v1,ola_sparse_bayesian_keep010_seed42,180,ola,global,,,layers.1.weight,db,61,-41.28847960849821,-40.07630250629134,-40.682391057394774,66,0.04253710114316327,0.68046875,1280
bayesfl_observability_v1,ola_sparse_bayesian_keep010_seed42,180,ola,global,,,layers.1.weight,db,62,-40.07630250629134,-38.86412540408449,-39.470213955187916,66,0.042537101143163766,0.73203125,1280
bayesfl_observability_v1,ola_sparse_bayesian_keep010_seed42,180,ola,global,,,layers.1.weight,db,63,-38.86412540408449,-37.65194830187764,-38.258036852981064,56,0.036092085818441984,0.77578125,1280
bayesfl_observability_v1,ola_sparse_bayesian_keep010_seed42,180,ola,global,,,layers.1.weight,db,64,-37.65194830187764,-36.43977119967079,-37.04585975077421,56,0.036092085818441984,0.81953125,1280
bayesfl_observability_v1,ola_sparse_bayesian_keep010_seed42,180,ola,global,,,layers.1.weight,db,65,-36.43977119967079,-35.227594097463935,-35.83368264856736,60,0.038670091948330695,0.86640625,1280
bayesfl_observability_v1,ola_sparse_bayesian_keep010_seed42,180,ola,global,,,layers.1.weight,db,66,-35.227594097463935,-34.01541699525707,-34.6215055463605,35,0.022557553636525972,0.89375,1280
bayesfl_observability_v1,ola_sparse_bayesian_keep010_seed42,180,ola,global,,,layers.1.weight,db,67,-34.01541699525707,-32.80323989305022,-33.409328444153644,30,0.019335045974165348,0.9171875,1280
bayesfl_observability_v1,ola_sparse_bayesian_keep010_seed42,180,ola,global,,,layers.1.weight,db,68,-32.80323989305022,-31.591062790843367,-32.19715134194679,27,0.017401541376748812,0.93828125,1280
bayesfl_observability_v1,ola_sparse_bayesian_keep010_seed42,180,ola,global,,,layers.1.weight,db,69,-31.591062790843367,-30.378885688636515,-30.98497423973994,15,0.009667522987082674,0.95,1280
bayesfl_observability_v1,ola_sparse_bayesian_keep010_seed42,180,ola,global,,,layers.1.weight,db,70,-30.378885688636515,-29.166708586429664,-29.77279713753309,22,0.014179033714387921,0.9671875,1280
bayesfl_observability_v1,ola_sparse_bayesian_keep010_seed42,180,ola,global,,,layers.1.weight,db,71,-29.166708586429664,-27.954531484222798,-28.56062003532623,12,0.007734018389666048,0.9765625,1280
bayesfl_observability_v1,ola_sparse_bayesian_keep010_seed42,180,ola,global,,,layers.1.weight,db,72,-27.954531484222798,-26.742354382015947,-27.348442933119372,11,0.0070895168571939605,0.98515625,1280
bayesfl_observability_v1,ola_sparse_bayesian_keep010_seed42,180,ola,global,,,layers.1.weight,db,73,-26.742354382015947,-25.530177279809095,-26.13626583091252,4,0.002578006129888713,0.98828125,1280
bayesfl_observability_v1,ola_sparse_bayesian_keep010_seed42,180,ola,global,,,layers.1.weight,db,74,-25.530177279809095,-24.318000177602244,-24.92408872870567,4,0.002578006129888713,0.99140625,1280
bayesfl_observability_v1,ola_sparse_bayesian_keep010_seed42,180,ola,global,,,layers.1.weight,db,75,-24.318000177602244,-23.105823075395392,-23.711911626498818,5,0.0032225076623608913,0.9953125,1280
bayesfl_observability_v1,ola_sparse_bayesian_keep010_seed42,180,ola,global,,,layers.1.weight,db,76,-23.105823075395392,-21.893645973188526,-22.49973452429196,3,0.001933504597416512,0.99765625,1280
bayesfl_observability_v1,ola_sparse_bayesian_keep010_seed42,180,ola,global,,,layers.1.weight,db,77,-21.893645973188526,-20.681468870981675,-21.2875574220851,1,0.0006445015324721782,0.9984375,1280
bayesfl_observability_v1,ola_sparse_bayesian_keep010_seed42,180,ola,global,,,layers.1.weight,db,78,-20.681468870981675,-19.469291768774823,-20.07538031987825,1,0.0006445015324721782,0.99921875,1280
bayesfl_observability_v1,ola_sparse_bayesian_keep010_seed42,180,ola,global,,,layers.1.weight,db,79,-19.469291768774823,-18.25711466656798,-18.8632032176714,1,0.000644501532472182,1.0,1280
bayesfl_observability_v1,ola_sparse_bayesian_keep010_seed42,180,ola,global,,,layers.1.bias,raw,0,0.00018809219716599943,0.00032084075272999506,0.00025446647494799723,2,1506.6077303084753,0.2,10
bayesfl_observability_v1,ola_sparse_bayesian_keep010_seed42,180,ola,global,,,layers.1.bias,raw,1,0.00032084075272999506,0.0004535893082939906,0.00038721503051199283,0,0.0,0.2,10
bayesfl_observability_v1,ola_sparse_bayesian_keep010_seed42,180,ola,global,,,layers.1.bias,raw,2,0.0004535893082939906,0.0005863378638579863,0.0005199635860759884,2,1506.607730308475,0.4,10
bayesfl_observability_v1,ola_sparse_bayesian_keep010_seed42,180,ola,global,,,layers.1.bias,raw,3,0.0005863378638579863,0.0007190864194219818,0.000652712141639984,1,753.3038651542382,0.5,10
bayesfl_observability_v1,ola_sparse_bayesian_keep010_seed42,180,ola,global,,,layers.1.bias,raw,4,0.0007190864194219818,0.0008518349749859775,0.0007854606972039796,0,0.0,0.5,10
bayesfl_observability_v1,ola_sparse_bayesian_keep010_seed42,180,ola,global,,,layers.1.bias,raw,5,0.0008518349749859775,0.0009845835305499731,0.0009182092527679753,0,0.0,0.5,10
bayesfl_observability_v1,ola_sparse_bayesian_keep010_seed42,180,ola,global,,,layers.1.bias,raw,6,0.0009845835305499731,0.0011173320861139686,0.0010509578083319707,0,0.0,0.5,10
bayesfl_observability_v1,ola_sparse_bayesian_keep010_seed42,180,ola,global,,,layers.1.bias,raw,7,0.0011173320861139686,0.0012500806416779642,0.0011837063638959664,0,0.0,0.5,10
bayesfl_observability_v1,ola_sparse_bayesian_keep010_seed42,180,ola,global,,,layers.1.bias,raw,8,0.0012500806416779642,0.0013828291972419599,0.001316454919459962,0,0.0,0.5,10
bayesfl_observability_v1,ola_sparse_bayesian_keep010_seed42,180,ola,global,,,layers.1.bias,raw,9,0.0013828291972419599,0.0015155777528059555,0.0014492034750239577,0,0.0,0.5,10
bayesfl_observability_v1,ola_sparse_bayesian_keep010_seed42,180,ola,global,,,layers.1.bias,raw,10,0.0015155777528059555,0.001648326308369951,0.0015819520305879534,0,0.0,0.5,10
bayesfl_observability_v1,ola_sparse_bayesian_keep010_seed42,180,ola,global,,,layers.1.bias,raw,11,0.001648326308369951,0.0017810748639339466,0.0017147005861519488,0,0.0,0.5,10
bayesfl_observability_v1,ola_sparse_bayesian_keep010_seed42,180,ola,global,,,layers.1.bias,raw,12,0.0017810748639339466,0.0019138234194979423,0.0018474491417159445,0,0.0,0.5,10
bayesfl_observability_v1,ola_sparse_bayesian_keep010_seed42,180,ola,global,,,layers.1.bias,raw,13,0.0019138234194979423,0.002046571975061938,0.00198019769727994,1,753.3038651542375,0.6,10
bayesfl_observability_v1,ola_sparse_bayesian_keep010_seed42,180,ola,global,,,layers.1.bias,raw,14,0.002046571975061938,0.0021793205306259336,0.002112946252843936,0,0.0,0.6,10
bayesfl_observability_v1,ola_sparse_bayesian_keep010_seed42,180,ola,global,,,layers.1.bias,raw,15,0.0021793205306259336,0.0023120690861899293,0.002245694808407931,0,0.0,0.6,10
bayesfl_observability_v1,ola_sparse_bayesian_keep010_seed42,180,ola,global,,,layers.1.bias,raw,16,0.0023120690861899293,0.002444817641753925,0.0023784433639719273,0,0.0,0.6,10
bayesfl_observability_v1,ola_sparse_bayesian_keep010_seed42,180,ola,global,,,layers.1.bias,raw,17,0.002444817641753925,0.0025775661973179206,0.0025111919195359225,0,0.0,0.6,10
bayesfl_observability_v1,ola_sparse_bayesian_keep010_seed42,180,ola,global,,,layers.1.bias,raw,18,0.0025775661973179206,0.0027103147528819162,0.0026439404750999186,0,0.0,0.6,10
bayesfl_observability_v1,ola_sparse_bayesian_keep010_seed42,180,ola,global,,,layers.1.bias,raw,19,0.0027103147528819162,0.002843063308445912,0.002776689030663914,0,0.0,0.6,10
bayesfl_observability_v1,ola_sparse_bayesian_keep010_seed42,180,ola,global,,,layers.1.bias,raw,20,0.002843063308445912,0.002975811864009907,0.0029094375862279095,0,0.0,0.6,10
bayesfl_observability_v1,ola_sparse_bayesian_keep010_seed42,180,ola,global,,,layers.1.bias,raw,21,0.002975811864009907,0.0031085604195739028,0.003042186141791905,0,0.0,0.6,10
bayesfl_observability_v1,ola_sparse_bayesian_keep010_seed42,180,ola,global,,,layers.1.bias,raw,22,0.0031085604195739028,0.0032413089751378984,0.0031749346973559004,0,0.0,0.6,10
bayesfl_observability_v1,ola_sparse_bayesian_keep010_seed42,180,ola,global,,,layers.1.bias,raw,23,0.0032413089751378984,0.003374057530701894,0.0033076832529198965,0,0.0,0.6,10
bayesfl_observability_v1,ola_sparse_bayesian_keep010_seed42,180,ola,global,,,layers.1.bias,raw,24,0.003374057530701894,0.0035068060862658897,0.0034404318084838917,0,0.0,0.6,10
bayesfl_observability_v1,ola_sparse_bayesian_keep010_seed42,180,ola,global,,,layers.1.bias,raw,25,0.0035068060862658897,0.0036395546418298854,0.0035731803640478878,0,0.0,0.6,10
bayesfl_observability_v1,ola_sparse_bayesian_keep010_seed42,180,ola,global,,,layers.1.bias,raw,26,0.0036395546418298854,0.003772303197393881,0.003705928919611883,0,0.0,0.6,10
bayesfl_observability_v1,ola_sparse_bayesian_keep010_seed42,180,ola,global,,,layers.1.bias,raw,27,0.003772303197393881,0.0039050517529578763,0.0038386774751758787,0,0.0,0.6,10
bayesfl_observability_v1,ola_sparse_bayesian_keep010_seed42,180,ola,global,,,layers.1.bias,raw,28,0.0039050517529578763,0.0040378003085218715,0.003971426030739874,0,0.0,0.6,10
bayesfl_observability_v1,ola_sparse_bayesian_keep010_seed42,180,ola,global,,,layers.1.bias,raw,29,0.0040378003085218715,0.004170548864085868,0.0041041745863038695,0,0.0,0.6,10
bayesfl_observability_v1,ola_sparse_bayesian_keep010_seed42,180,ola,global,,,layers.1.bias,raw,30,0.004170548864085868,0.004303297419649864,0.004236923141867866,0,0.0,0.6,10
bayesfl_observability_v1,ola_sparse_bayesian_keep010_seed42,180,ola,global,,,layers.1.bias,raw,31,0.004303297419649864,0.004436045975213859,0.004369671697431861,0,0.0,0.6,10
bayesfl_observability_v1,ola_sparse_bayesian_keep010_seed42,180,ola,global,,,layers.1.bias,raw,32,0.004436045975213859,0.004568794530777854,0.004502420252995857,0,0.0,0.6,10
bayesfl_observability_v1,ola_sparse_bayesian_keep010_seed42,180,ola,global,,,layers.1.bias,raw,33,0.004568794530777854,0.00470154308634185,0.004635168808559852,0,0.0,0.6,10
bayesfl_observability_v1,ola_sparse_bayesian_keep010_seed42,180,ola,global,,,layers.1.bias,raw,34,0.00470154308634185,0.004834291641905845,0.004767917364123847,0,0.0,0.6,10
bayesfl_observability_v1,ola_sparse_bayesian_keep010_seed42,180,ola,global,,,layers.1.bias,raw,35,0.004834291641905845,0.0049670401974698415,0.0049006659196878435,0,0.0,0.6,10
bayesfl_observability_v1,ola_sparse_bayesian_keep010_seed42,180,ola,global,,,layers.1.bias,raw,36,0.0049670401974698415,0.005099788753033837,0.0050334144752518396,0,0.0,0.6,10
bayesfl_observability_v1,ola_sparse_bayesian_keep010_seed42,180,ola,global,,,layers.1.bias,raw,37,0.005099788753033837,0.005232537308597833,0.005166163030815835,0,0.0,0.6,10
bayesfl_observability_v1,ola_sparse_bayesian_keep010_seed42,180,ola,global,,,layers.1.bias,raw,38,0.005232537308597833,0.005365285864161828,0.00529891158637983,0,0.0,0.6,10
bayesfl_observability_v1,ola_sparse_bayesian_keep010_seed42,180,ola,global,,,layers.1.bias,raw,39,0.005365285864161828,0.005498034419725824,0.005431660141943826,1,753.3038651542352,0.7,10
bayesfl_observability_v1,ola_sparse_bayesian_keep010_seed42,180,ola,global,,,layers.1.bias,raw,40,0.005498034419725824,0.005630782975289819,0.005564408697507822,1,753.30386515424,0.8,10
bayesfl_observability_v1,ola_sparse_bayesian_keep010_seed42,180,ola,global,,,layers.1.bias,raw,41,0.005630782975289819,0.005763531530853815,0.0056971572530718165,0,0.0,0.8,10
bayesfl_observability_v1,ola_sparse_bayesian_keep010_seed42,180,ola,global,,,layers.1.bias,raw,42,0.005763531530853815,0.005896280086417811,0.005829905808635813,0,0.0,0.8,10
bayesfl_observability_v1,ola_sparse_bayesian_keep010_seed42,180,ola,global,,,layers.1.bias,raw,43,0.005896280086417811,0.006029028641981806,0.005962654364199809,0,0.0,0.8,10
bayesfl_observability_v1,ola_sparse_bayesian_keep010_seed42,180,ola,global,,,layers.1.bias,raw,44,0.006029028641981806,0.006161777197545802,0.006095402919763804,1,753.3038651542352,0.9,10
bayesfl_observability_v1,ola_sparse_bayesian_keep010_seed42,180,ola,global,,,layers.1.bias,raw,45,0.006161777197545802,0.006294525753109797,0.006228151475327799,0,0.0,0.9,10
bayesfl_observability_v1,ola_sparse_bayesian_keep010_seed42,180,ola,global,,,layers.1.bias,raw,46,0.006294525753109797,0.006427274308673793,0.006360900030891795,0,0.0,0.9,10
bayesfl_observability_v1,ola_sparse_bayesian_keep010_seed42,180,ola,global,,,layers.1.bias,raw,47,0.006427274308673793,0.0065600228642377885,0.006493648586455791,0,0.0,0.9,10
bayesfl_observability_v1,ola_sparse_bayesian_keep010_seed42,180,ola,global,,,layers.1.bias,raw,48,0.0065600228642377885,0.006692771419801784,0.006626397142019786,0,0.0,0.9,10
bayesfl_observability_v1,ola_sparse_bayesian_keep010_seed42,180,ola,global,,,layers.1.bias,raw,49,0.006692771419801784,0.00682551997536578,0.006759145697583782,0,0.0,0.9,10
bayesfl_observability_v1,ola_sparse_bayesian_keep010_seed42,180,ola,global,,,layers.1.bias,raw,50,0.00682551997536578,0.006958268530929775,0.006891894253147778,0,0.0,0.9,10
bayesfl_observability_v1,ola_sparse_bayesian_keep010_seed42,180,ola,global,,,layers.1.bias,raw,51,0.006958268530929775,0.007091017086493771,0.007024642808711773,0,0.0,0.9,10
bayesfl_observability_v1,ola_sparse_bayesian_keep010_seed42,180,ola,global,,,layers.1.bias,raw,52,0.007091017086493771,0.007223765642057766,0.007157391364275768,0,0.0,0.9,10
bayesfl_observability_v1,ola_sparse_bayesian_keep010_seed42,180,ola,global,,,layers.1.bias,raw,53,0.007223765642057766,0.0073565141976217625,0.007290139919839764,0,0.0,0.9,10
bayesfl_observability_v1,ola_sparse_bayesian_keep010_seed42,180,ola,global,,,layers.1.bias,raw,54,0.0073565141976217625,0.007489262753185758,0.0074228884754037605,0,0.0,0.9,10
bayesfl_observability_v1,ola_sparse_bayesian_keep010_seed42,180,ola,global,,,layers.1.bias,raw,55,0.007489262753185758,0.007622011308749753,0.007555637030967755,0,0.0,0.9,10
bayesfl_observability_v1,ola_sparse_bayesian_keep010_seed42,180,ola,global,,,layers.1.bias,raw,56,0.007622011308749753,0.007754759864313749,0.007688385586531751,0,0.0,0.9,10
bayesfl_observability_v1,ola_sparse_bayesian_keep010_seed42,180,ola,global,,,layers.1.bias,raw,57,0.007754759864313749,0.007887508419877743,0.007821134142095745,0,0.0,0.9,10
bayesfl_observability_v1,ola_sparse_bayesian_keep010_seed42,180,ola,global,,,layers.1.bias,raw,58,0.007887508419877743,0.00802025697544174,0.007953882697659741,0,0.0,0.9,10
bayesfl_observability_v1,ola_sparse_bayesian_keep010_seed42,180,ola,global,,,layers.1.bias,raw,59,0.00802025697544174,0.008153005531005736,0.008086631253223737,0,0.0,0.9,10
bayesfl_observability_v1,ola_sparse_bayesian_keep010_seed42,180,ola,global,,,layers.1.bias,raw,60,0.008153005531005736,0.008285754086569732,0.008219379808787734,0,0.0,0.9,10
bayesfl_observability_v1,ola_sparse_bayesian_keep010_seed42,180,ola,global,,,layers.1.bias,raw,61,0.008285754086569732,0.008418502642133728,0.00835212836435173,0,0.0,0.9,10
bayesfl_observability_v1,ola_sparse_bayesian_keep010_seed42,180,ola,global,,,layers.1.bias,raw,62,0.008418502642133728,0.008551251197697722,0.008484876919915726,0,0.0,0.9,10
bayesfl_observability_v1,ola_sparse_bayesian_keep010_seed42,180,ola,global,,,layers.1.bias,raw,63,0.008551251197697722,0.008683999753261718,0.00861762547547972,0,0.0,0.9,10
bayesfl_observability_v1,ola_sparse_bayesian_keep010_seed42,180,ola,global,,,layers.1.bias,raw,64,0.008683999753261718,0.008816748308825714,0.008750374031043716,0,0.0,0.9,10
bayesfl_observability_v1,ola_sparse_bayesian_keep010_seed42,180,ola,global,,,layers.1.bias,raw,65,0.008816748308825714,0.008949496864389709,0.00888312258660771,0,0.0,0.9,10
bayesfl_observability_v1,ola_sparse_bayesian_keep010_seed42,180,ola,global,,,layers.1.bias,raw,66,0.008949496864389709,0.009082245419953705,0.009015871142171707,0,0.0,0.9,10
bayesfl_observability_v1,ola_sparse_bayesian_keep010_seed42,180,ola,global,,,layers.1.bias,raw,67,0.009082245419953705,0.0092149939755177,0.009148619697735703,0,0.0,0.9,10
bayesfl_observability_v1,ola_sparse_bayesian_keep010_seed42,180,ola,global,,,layers.1.bias,raw,68,0.0092149939755177,0.009347742531081697,0.009281368253299699,0,0.0,0.9,10
bayesfl_observability_v1,ola_sparse_bayesian_keep010_seed42,180,ola,global,,,layers.1.bias,raw,69,0.009347742531081697,0.009480491086645691,0.009414116808863695,0,0.0,0.9,10
bayesfl_observability_v1,ola_sparse_bayesian_keep010_seed42,180,ola,global,,,layers.1.bias,raw,70,0.009480491086645691,0.009613239642209687,0.00954686536442769,0,0.0,0.9,10
bayesfl_observability_v1,ola_sparse_bayesian_keep010_seed42,180,ola,global,,,layers.1.bias,raw,71,0.009613239642209687,0.009745988197773683,0.009679613919991685,0,0.0,0.9,10
bayesfl_observability_v1,ola_sparse_bayesian_keep010_seed42,180,ola,global,,,layers.1.bias,raw,72,0.009745988197773683,0.009878736753337678,0.00981236247555568,0,0.0,0.9,10
bayesfl_observability_v1,ola_sparse_bayesian_keep010_seed42,180,ola,global,,,layers.1.bias,raw,73,0.009878736753337678,0.010011485308901674,0.009945111031119676,0,0.0,0.9,10
bayesfl_observability_v1,ola_sparse_bayesian_keep010_seed42,180,ola,global,,,layers.1.bias,raw,74,0.010011485308901674,0.01014423386446567,0.010077859586683672,0,0.0,0.9,10
bayesfl_observability_v1,ola_sparse_bayesian_keep010_seed42,180,ola,global,,,layers.1.bias,raw,75,0.01014423386446567,0.010276982420029666,0.010210608142247668,0,0.0,0.9,10
bayesfl_observability_v1,ola_sparse_bayesian_keep010_seed42,180,ola,global,,,layers.1.bias,raw,76,0.010276982420029666,0.01040973097559366,0.010343356697811664,0,0.0,0.9,10
bayesfl_observability_v1,ola_sparse_bayesian_keep010_seed42,180,ola,global,,,layers.1.bias,raw,77,0.01040973097559366,0.010542479531157656,0.010476105253375658,0,0.0,0.9,10
bayesfl_observability_v1,ola_sparse_bayesian_keep010_seed42,180,ola,global,,,layers.1.bias,raw,78,0.010542479531157656,0.010675228086721653,0.010608853808939655,0,0.0,0.9,10
bayesfl_observability_v1,ola_sparse_bayesian_keep010_seed42,180,ola,global,,,layers.1.bias,raw,79,0.010675228086721653,0.010807976642285649,0.01074160236450365,1,753.3038651542352,1.0,10
bayesfl_observability_v1,ola_sparse_bayesian_keep010_seed42,180,ola,global,,,layers.1.bias,db,0,-74.51258436158416,-74.072740957695,-74.29266265963957,1,0.2273536424913642,0.1,10
bayesfl_observability_v1,ola_sparse_bayesian_keep010_seed42,180,ola,global,,,layers.1.bias,db,1,-74.072740957695,-73.63289755380585,-73.85281925575043,0,0.0,0.1,10
bayesfl_observability_v1,ola_sparse_bayesian_keep010_seed42,180,ola,global,,,layers.1.bias,db,2,-73.63289755380585,-73.19305414991669,-73.41297585186126,0,0.0,0.1,10
bayesfl_observability_v1,ola_sparse_bayesian_keep010_seed42,180,ola,global,,,layers.1.bias,db,3,-73.19305414991669,-72.75321074602753,-72.97313244797212,0,0.0,0.1,10
bayesfl_observability_v1,ola_sparse_bayesian_keep010_seed42,180,ola,global,,,layers.1.bias,db,4,-72.75321074602753,-72.31336734213838,-72.53328904408295,0,0.0,0.1,10
bayesfl_observability_v1,ola_sparse_bayesian_keep010_seed42,180,ola,global,,,layers.1.bias,db,5,-72.31336734213838,-71.87352393824922,-72.0934456401938,0,0.0,0.1,10
bayesfl_observability_v1,ola_sparse_bayesian_keep010_seed42,180,ola,global,,,layers.1.bias,db,6,-71.87352393824922,-71.43368053436006,-71.65360223630464,0,0.0,0.1,10
bayesfl_observability_v1,ola_sparse_bayesian_keep010_seed42,180,ola,global,,,layers.1.bias,db,7,-71.43368053436006,-70.99383713047091,-71.2137588324155,1,0.2273536424913642,0.2,10
bayesfl_observability_v1,ola_sparse_bayesian_keep010_seed42,180,ola,global,,,layers.1.bias,db,8,-70.99383713047091,-70.55399372658175,-70.77391542852632,0,0.0,0.2,10
bayesfl_observability_v1,ola_sparse_bayesian_keep010_seed42,180,ola,global,,,layers.1.bias,db,9,-70.55399372658175,-70.1141503226926,-70.33407202463718,0,0.0,0.2,10
bayesfl_observability_v1,ola_sparse_bayesian_keep010_seed42,180,ola,global,,,layers.1.bias,db,10,-70.1141503226926,-69.67430691880344,-69.89422862074801,0,0.0,0.2,10
bayesfl_observability_v1,ola_sparse_bayesian_keep010_seed42,180,ola,global,,,layers.1.bias,db,11,-69.67430691880344,-69.2344635149143,-69.45438521685887,0,0.0,0.2,10
bayesfl_observability_v1,ola_sparse_bayesian_keep010_seed42,180,ola,global,,,layers.1.bias,db,12,-69.2344635149143,-68.79462011102513,-69.01454181296971,0,0.0,0.2,10
bayesfl_observability_v1,ola_sparse_bayesian_keep010_seed42,180,ola,global,,,layers.1.bias,db,13,-68.79462011102513,-68.35477670713598,-68.57469840908055,0,0.0,0.2,10
bayesfl_observability_v1,ola_sparse_bayesian_keep010_seed42,180,ola,global,,,layers.1.bias,db,14,-68.35477670713598,-67.91493330324683,-68.13485500519141,0,0.0,0.2,10
bayesfl_observability_v1,ola_sparse_bayesian_keep010_seed42,180,ola,global,,,layers.1.bias,db,15,-67.91493330324683,-67.47508989935767,-67.69501160130224,0,0.0,0.2,10
bayesfl_observability_v1,ola_sparse_bayesian_keep010_seed42,180,ola,global,,,layers.1.bias,db,16,-67.47508989935767,-67.03524649546851,-67.2551681974131,0,0.0,0.2,10
bayesfl_observability_v1,ola_sparse_bayesian_keep010_seed42,180,ola,global,,,layers.1.bias,db,17,-67.03524649546851,-66.59540309157936,-66.81532479352393,0,0.0,0.2,10
bayesfl_observability_v1,ola_sparse_bayesian_keep010_seed42,180,ola,global,,,layers.1.bias,db,18,-66.59540309157936,-66.1555596876902,-66.37548138963479,0,0.0,0.2,10
bayesfl_observability_v1,ola_sparse_bayesian_keep010_seed42,180,ola,global,,,layers.1.bias,db,19,-66.1555596876902,-65.71571628380104,-65.93563798574561,0,0.0,0.2,10
bayesfl_observability_v1,ola_sparse_bayesian_keep010_seed42,180,ola,global,,,layers.1.bias,db,20,-65.71571628380104,-65.27587287991189,-65.49579458185647,0,0.0,0.2,10
bayesfl_observability_v1,ola_sparse_bayesian_keep010_seed42,180,ola,global,,,layers.1.bias,db,21,-65.27587287991189,-64.83602947602273,-65.0559511779673,2,0.4547072849827284,0.4,10
bayesfl_observability_v1,ola_sparse_bayesian_keep010_seed42,180,ola,global,,,layers.1.bias,db,22,-64.83602947602273,-64.39618607213357,-64.61610777407816,0,0.0,0.4,10
bayesfl_observability_v1,ola_sparse_bayesian_keep010_seed42,180,ola,global,,,layers.1.bias,db,23,-64.39618607213357,-63.95634266824442,-64.17626437018899,1,0.2273536424913642,0.5,10
bayesfl_observability_v1,ola_sparse_bayesian_keep010_seed42,180,ola,global,,,layers.1.bias,db,24,-63.95634266824442,-63.51649926435526,-63.73642096629984,0,0.0,0.5,10
bayesfl_observability_v1,ola_sparse_bayesian_keep010_seed42,180,ola,global,,,layers.1.bias,db,25,-63.51649926435526,-63.076655860466104,-63.29657756241068,0,0.0,0.5,10
bayesfl_observability_v1,ola_sparse_bayesian_keep010_seed42,180,ola,global,,,layers.1.bias,db,26,-63.076655860466104,-62.63681245657695,-62.856734158521526,0,0.0,0.5,10
bayesfl_observability_v1,ola_sparse_bayesian_keep010_seed42,180,ola,global,,,layers.1.bias,db,27,-62.63681245657695,-62.19696905268779,-62.41689075463237,0,0.0,0.5,10
bayesfl_observability_v1,ola_sparse_bayesian_keep010_seed42,180,ola,global,,,layers.1.bias,db,28,-62.19696905268779,-61.757125648798635,-61.97704735074321,0,0.0,0.5,10
bayesfl_observability_v1,ola_sparse_bayesian_keep010_seed42,180,ola,global,,,layers.1.bias,db,29,-61.757125648798635,-61.31728224490948,-61.537203946854056,0,0.0,0.5,10
bayesfl_observability_v1,ola_sparse_bayesian_keep010_seed42,180,ola,global,,,layers.1.bias,db,30,-61.31728224490948,-60.87743884102032,-61.0973605429649,0,0.0,0.5,10
bayesfl_observability_v1,ola_sparse_bayesian_keep010_seed42,180,ola,global,,,layers.1.bias,db,31,-60.87743884102032,-60.437595437131165,-60.65751713907574,0,0.0,0.5,10
bayesfl_observability_v1,ola_sparse_bayesian_keep010_seed42,180,ola,global,,,layers.1.bias,db,32,-60.437595437131165,-59.99775203324201,-60.21767373518659,0,0.0,0.5,10
bayesfl_observability_v1,ola_sparse_bayesian_keep010_seed42,180,ola,global,,,layers.1.bias,db,33,-59.99775203324201,-59.55790862935286,-59.77783033129744,0,0.0,0.5,10
bayesfl_observability_v1,ola_sparse_bayesian_keep010_seed42,180,ola,global,,,layers.1.bias,db,34,-59.55790862935286,-59.1180652254637,-59.33798692740828,0,0.0,0.5,10
bayesfl_observability_v1,ola_sparse_bayesian_keep010_seed42,180,ola,global,,,layers.1.bias,db,35,-59.1180652254637,-58.678221821574546,-58.898143523519124,0,0.0,0.5,10
bayesfl_observability_v1,ola_sparse_bayesian_keep010_seed42,180,ola,global,,,layers.1.bias,db,36,-58.678221821574546,-58.23837841768539,-58.45830011962997,0,0.0,0.5,10
bayesfl_observability_v1,ola_sparse_bayesian_keep010_seed42,180,ola,global,,,layers.1.bias,db,37,-58.23837841768539,-57.79853501379623,-58.01845671574081,0,0.0,0.5,10
bayesfl_observability_v1,ola_sparse_bayesian_keep010_seed42,180,ola,global,,,layers.1.bias,db,38,-57.79853501379623,-57.358691609907076,-57.578613311851655,0,0.0,0.5,10
bayesfl_observability_v1,ola_sparse_bayesian_keep010_seed42,180,ola,global,,,layers.1.bias,db,39,-57.358691609907076,-56.91884820601792,-57.1387699079625,0,0.0,0.5,10
bayesfl_observability_v1,ola_sparse_bayesian_keep010_seed42,180,ola,global,,,layers.1.bias,db,40,-56.91884820601792,-56.47900480212876,-56.69892650407334,0,0.0,0.5,10
bayesfl_observability_v1,ola_sparse_bayesian_keep010_seed42,180,ola,global,,,layers.1.bias,db,41,-56.47900480212876,-56.039161398239614,-56.259083100184185,0,0.0,0.5,10
bayesfl_observability_v1,ola_sparse_bayesian_keep010_seed42,180,ola,global,,,layers.1.bias,db,42,-56.039161398239614,-55.59931799435046,-55.819239696295035,0,0.0,0.5,10
bayesfl_observability_v1,ola_sparse_bayesian_keep010_seed42,180,ola,global,,,layers.1.bias,db,43,-55.59931799435046,-55.1594745904613,-55.37939629240588,0,0.0,0.5,10
bayesfl_observability_v1,ola_sparse_bayesian_keep010_seed42,180,ola,global,,,layers.1.bias,db,44,-55.1594745904613,-54.719631186572144,-54.93955288851672,0,0.0,0.5,10
bayesfl_observability_v1,ola_sparse_bayesian_keep010_seed42,180,ola,global,,,layers.1.bias,db,45,-54.719631186572144,-54.27978778268299,-54.499709484627566,0,0.0,0.5,10
bayesfl_observability_v1,ola_sparse_bayesian_keep010_seed42,180,ola,global,,,layers.1.bias,db,46,-54.27978778268299,-53.83994437879383,-54.05986608073841,1,0.2273536424913642,0.6,10
bayesfl_observability_v1,ola_sparse_bayesian_keep010_seed42,180,ola,global,,,layers.1.bias,db,47,-53.83994437879383,-53.400100974904674,-53.62002267684925,0,0.0,0.6,10
bayesfl_observability_v1,ola_sparse_bayesian_keep010_seed42,180,ola,global,,,layers.1.bias,db,48,-53.400100974904674,-52.96025757101552,-53.180179272960096,0,0.0,0.6,10
bayesfl_observability_v1,ola_sparse_bayesian_keep010_seed42,180,ola,global,,,layers.1.bias,db,49,-52.96025757101552,-52.52041416712636,-52.74033586907094,0,0.0,0.6,10
bayesfl_observability_v1,ola_sparse_bayesian_keep010_seed42,180,ola,global,,,layers.1.bias,db,50,-52.52041416712636,-52.080570763237205,-52.30049246518178,0,0.0,0.6,10
bayesfl_observability_v1,ola_sparse_bayesian_keep010_seed42,180,ola,global,,,layers.1.bias,db,51,-52.080570763237205,-51.64072735934805,-51.86064906129263,0,0.0,0.6,10
bayesfl_observability_v1,ola_sparse_bayesian_keep010_seed42,180,ola,global,,,layers.1.bias,db,52,-51.64072735934805,-51.20088395545889,-51.42080565740347,0,0.0,0.6,10
bayesfl_observability_v1,ola_sparse_bayesian_keep010_seed42,180,ola,global,,,layers.1.bias,db,53,-51.20088395545889,-50.761040551569735,-50.98096225351431,0,0.0,0.6,10
bayesfl_observability_v1,ola_sparse_bayesian_keep010_seed42,180,ola,global,,,layers.1.bias,db,54,-50.761040551569735,-50.32119714768058,-50.54111884962516,0,0.0,0.6,10
bayesfl_observability_v1,ola_sparse_bayesian_keep010_seed42,180,ola,global,,,layers.1.bias,db,55,-50.32119714768058,-49.88135374379142,-50.101275445736,0,0.0,0.6,10
bayesfl_observability_v1,ola_sparse_bayesian_keep010_seed42,180,ola,global,,,layers.1.bias,db,56,-49.88135374379142,-49.441510339902266,-49.661432041846844,0,0.0,0.6,10
bayesfl_observability_v1,ola_sparse_bayesian_keep010_seed42,180,ola,global,,,layers.1.bias,db,57,-49.441510339902266,-49.00166693601311,-49.22158863795769,0,0.0,0.6,10
bayesfl_observability_v1,ola_sparse_bayesian_keep010_seed42,180,ola,global,,,layers.1.bias,db,58,-49.00166693601311,-48.56182353212395,-48.78174523406853,0,0.0,0.6,10
bayesfl_observability_v1,ola_sparse_bayesian_keep010_seed42,180,ola,global,,,layers.1.bias,db,59,-48.56182353212395,-48.121980128234796,-48.341901830179374,0,0.0,0.6,10
bayesfl_observability_v1,ola_sparse_bayesian_keep010_seed42,180,ola,global,,,layers.1.bias,db,60,-48.121980128234796,-47.682136724345646,-47.902058426290225,0,0.0,0.6,10
bayesfl_observability_v1,ola_sparse_bayesian_keep010_seed42,180,ola,global,,,layers.1.bias,db,61,-47.682136724345646,-47.24229332045649,-47.46221502240107,0,0.0,0.6,10
bayesfl_observability_v1,ola_sparse_bayesian_keep010_seed42,180,ola,global,,,layers.1.bias,db,62,-47.24229332045649,-46.80244991656733,-47.02237161851191,0,0.0,0.6,10
bayesfl_observability_v1,ola_sparse_bayesian_keep010_seed42,180,ola,global,,,layers.1.bias,db,63,-46.80244991656733,-46.36260651267818,-46.582528214622755,0,0.0,0.6,10
bayesfl_observability_v1,ola_sparse_bayesian_keep010_seed42,180,ola,global,,,layers.1.bias,db,64,-46.36260651267818,-45.92276310878902,-46.1426848107336,0,0.0,0.6,10
bayesfl_observability_v1,ola_sparse_bayesian_keep010_seed42,180,ola,global,,,layers.1.bias,db,65,-45.92276310878902,-45.482919704899864,-45.70284140684444,0,0.0,0.6,10
bayesfl_observability_v1,ola_sparse_bayesian_keep010_seed42,180,ola,global,,,layers.1.bias,db,66,-45.482919704899864,-45.04307630101071,-45.262998002955285,2,0.4547072849827284,0.8,10
bayesfl_observability_v1,ola_sparse_bayesian_keep010_seed42,180,ola,global,,,layers.1.bias,db,67,-45.04307630101071,-44.60323289712156,-44.82315459906613,0,0.0,0.8,10
bayesfl_observability_v1,ola_sparse_bayesian_keep010_seed42,180,ola,global,,,layers.1.bias,db,68,-44.60323289712156,-44.1633894932324,-44.38331119517698,1,0.2273536424913642,0.9,10
bayesfl_observability_v1,ola_sparse_bayesian_keep010_seed42,180,ola,global,,,layers.1.bias,db,69,-44.1633894932324,-43.723546089343245,-43.94346779128782,0,0.0,0.9,10
bayesfl_observability_v1,ola_sparse_bayesian_keep010_seed42,180,ola,global,,,layers.1.bias,db,70,-43.723546089343245,-43.28370268545409,-43.503624387398666,0,0.0,0.9,10
bayesfl_observability_v1,ola_sparse_bayesian_keep010_seed42,180,ola,global,,,layers.1.bias,db,71,-43.28370268545409,-42.84385928156493,-43.06378098350951,0,0.0,0.9,10
bayesfl_observability_v1,ola_sparse_bayesian_keep010_seed42,180,ola,global,,,layers.1.bias,db,72,-42.84385928156493,-42.404015877675775,-42.62393757962035,0,0.0,0.9,10
bayesfl_observability_v1,ola_sparse_bayesian_keep010_seed42,180,ola,global,,,layers.1.bias,db,73,-42.404015877675775,-41.96417247378662,-42.1840941757312,0,0.0,0.9,10
bayesfl_observability_v1,ola_sparse_bayesian_keep010_seed42,180,ola,global,,,layers.1.bias,db,74,-41.96417247378662,-41.52432906989746,-41.74425077184204,0,0.0,0.9,10
bayesfl_observability_v1,ola_sparse_bayesian_keep010_seed42,180,ola,global,,,layers.1.bias,db,75,-41.52432906989746,-41.084485666008305,-41.304407367952884,0,0.0,0.9,10
bayesfl_observability_v1,ola_sparse_bayesian_keep010_seed42,180,ola,global,,,layers.1.bias,db,76,-41.084485666008305,-40.64464226211915,-40.86456396406373,0,0.0,0.9,10
bayesfl_observability_v1,ola_sparse_bayesian_keep010_seed42,180,ola,global,,,layers.1.bias,db,77,-40.64464226211915,-40.20479885822999,-40.42472056017457,0,0.0,0.9,10
bayesfl_observability_v1,ola_sparse_bayesian_keep010_seed42,180,ola,global,,,layers.1.bias,db,78,-40.20479885822999,-39.764955454340836,-39.984877156285414,0,0.0,0.9,10
bayesfl_observability_v1,ola_sparse_bayesian_keep010_seed42,180,ola,global,,,layers.1.bias,db,79,-39.764955454340836,-39.32511205045168,-39.54503375239626,1,0.2273536424913642,1.0,10
bayesfl_observability_v1,ola_sparse_bayesian_keep010_seed42,185,ola,global,,,all,raw,0,2.9837740229630677e-09,0.0014940350848787459,0.0007470190343263844,85044,559.3246703743653,0.8356490124791196,101770
bayesfl_observability_v1,ola_sparse_bayesian_keep010_seed42,185,ola,global,,,all,raw,1,0.0014940350848787459,0.0029880671859834687,0.0022410511354311073,14223,93.5430457967005,0.9754053257344993,101770
bayesfl_observability_v1,ola_sparse_bayesian_keep010_seed42,185,ola,global,,,all,raw,2,0.0029880671859834687,0.004482099287088192,0.00373508323653583,1655,10.884745890004874,0.9916674855065344,101770
bayesfl_observability_v1,ola_sparse_bayesian_keep010_seed42,185,ola,global,,,all,raw,3,0.004482099287088192,0.005976131388192914,0.005229115337640553,187,1.2298776322845386,0.9935049621695982,101770
bayesfl_observability_v1,ola_sparse_bayesian_keep010_seed42,185,ola,global,,,all,raw,4,0.005976131388192914,0.007470163489297637,0.006723147438745276,112,0.7366112022238949,0.994605482951754,101770
bayesfl_observability_v1,ola_sparse_bayesian_keep010_seed42,185,ola,global,,,all,raw,5,0.007470163489297637,0.00896419559040236,0.00821717953985,97,0.6379579162117661,0.9955586125577283,101770
bayesfl_observability_v1,ola_sparse_bayesian_keep010_seed42,185,ola,global,,,all,raw,6,0.00896419559040236,0.010458227691507083,0.00971121164095472,65,0.42749757271922467,0.9961973076545151,101770
bayesfl_observability_v1,ola_sparse_bayesian_keep010_seed42,185,ola,global,,,all,raw,7,0.010458227691507083,0.011952259792611806,0.011205243742059445,56,0.36830560111194743,0.9967475680455931,101770
bayesfl_observability_v1,ola_sparse_bayesian_keep010_seed42,185,ola,global,,,all,raw,8,0.011952259792611806,0.013446291893716529,0.012699275843164166,53,0.34857494390952165,0.9972683502014346,101770
bayesfl_observability_v1,ola_sparse_bayesian_keep010_seed42,185,ola,global,,,all,raw,9,0.013446291893716529,0.014940323994821252,0.014193307944268891,41,0.26965231509981863,0.997671219416331,101770
bayesfl_observability_v1,ola_sparse_bayesian_keep010_seed42,185,ola,global,,,all,raw,10,0.014940323994821252,0.016434356095925976,0.015687340045373616,45,0.29595985803638597,0.9981133929448757,101770
bayesfl_observability_v1,ola_sparse_bayesian_keep010_seed42,185,ola,global,,,all,raw,11,0.016434356095925976,0.017928388197030697,0.017181372146478337,28,0.18415280055597394,0.9983885231404147,101770
bayesfl_observability_v1,ola_sparse_bayesian_keep010_seed42,185,ola,global,,,all,raw,12,0.017928388197030697,0.01942242029813542,0.018675404247583058,21,0.13811460041698045,0.9985948707870689,101770
bayesfl_observability_v1,ola_sparse_bayesian_keep010_seed42,185,ola,global,,,all,raw,13,0.01942242029813542,0.020916452399240143,0.02016943634868778,17,0.11180705748041249,0.9987619141200746,101770
bayesfl_observability_v1,ola_sparse_bayesian_keep010_seed42,185,ola,global,,,all,raw,14,0.020916452399240143,0.022410484500344868,0.021663468449792507,11,0.07234574307556102,0.9988700009826078,101770
bayesfl_observability_v1,ola_sparse_bayesian_keep010_seed42,185,ola,global,,,all,raw,15,0.022410484500344868,0.02390451660144959,0.023157500550897228,18,0.11838394321455468,0.9990468703940257,101770
bayesfl_observability_v1,ola_sparse_bayesian_keep010_seed42,185,ola,global,,,all,raw,16,0.02390451660144959,0.02539854870255431,0.02465153265200195,12,0.07892262880970312,0.999164783334971,101770
bayesfl_observability_v1,ola_sparse_bayesian_keep010_seed42,185,ola,global,,,all,raw,17,0.02539854870255431,0.026892580803659034,0.02614556475310667,10,0.06576885734141912,0.9992630441190921,101770
bayesfl_observability_v1,ola_sparse_bayesian_keep010_seed42,185,ola,global,,,all,raw,18,0.026892580803659034,0.02838661290476376,0.0276395968542114,10,0.06576885734141912,0.9993613049032132,101770
bayesfl_observability_v1,ola_sparse_bayesian_keep010_seed42,185,ola,global,,,all,raw,19,0.02838661290476376,0.02988064500586848,0.02913362895531612,2,0.013153771468283854,0.9993809570600374,101770
bayesfl_observability_v1,ola_sparse_bayesian_keep010_seed42,185,ola,global,,,all,raw,20,0.02988064500586848,0.0313746771069732,0.03062766105642084,4,0.026307542936567768,0.9994202613736858,101770
bayesfl_observability_v1,ola_sparse_bayesian_keep010_seed42,185,ola,global,,,all,raw,21,0.0313746771069732,0.032868709208077926,0.03212169315752556,6,0.03946131440485138,0.9994792178441584,101770
bayesfl_observability_v1,ola_sparse_bayesian_keep010_seed42,185,ola,global,,,all,raw,22,0.032868709208077926,0.03436274130918265,0.03361572525863028,8,0.05261508587313542,0.9995578264714552,101770
bayesfl_observability_v1,ola_sparse_bayesian_keep010_seed42,185,ola,global,,,all,raw,23,0.03436274130918265,0.03585677341028737,0.03510975735973501,2,0.013153771468283854,0.9995774786282795,101770
bayesfl_observability_v1,ola_sparse_bayesian_keep010_seed42,185,ola,global,,,all,raw,24,0.03585677341028737,0.03735080551139209,0.036603789460839725,6,0.03946131440485156,0.9996364350987521,101770
bayesfl_observability_v1,ola_sparse_bayesian_keep010_seed42,185,ola,global,,,all,raw,25,0.03735080551139209,0.03884483761249681,0.03809782156194445,2,0.013153771468283854,0.9996560872555763,101770
bayesfl_observability_v1,ola_sparse_bayesian_keep010_seed42,185,ola,global,,,all,raw,26,0.03884483761249681,0.04033886971360154,0.039591853663049174,4,0.026307542936567584,0.9996953915692247,101770
bayesfl_observability_v1,ola_sparse_bayesian_keep010_seed42,185,ola,global,,,all,raw,27,0.04033886971360154,0.04183290181470626,0.041085885764153895,2,0.013153771468283854,0.9997150437260489,101770
bayesfl_observability_v1,ola_sparse_bayesian_keep010_seed42,185,ola,global,,,all,raw,28,0.04183290181470626,0.04332693391581098,0.042579917865258624,2,0.013153771468283854,0.9997346958828731,101770
bayesfl_observability_v1,ola_sparse_bayesian_keep010_seed42,185,ola,global,,,all,raw,29,0.04332693391581098,0.04482096601691571,0.044073949966363345,3,0.01973065720242569,0.9997641741181095,101770
bayesfl_observability_v1,ola_sparse_bayesian_keep010_seed42,185,ola,global,,,all,raw,30,0.04482096601691571,0.04631499811802043,0.045567982067468066,1,0.006576885734141927,0.9997740001965215,101770
bayesfl_observability_v1,ola_sparse_bayesian_keep010_seed42,185,ola,global,,,all,raw,31,0.04631499811802043,0.04780903021912515,0.047062014168572794,2,0.013153771468283854,0.9997936523533458,101770
bayesfl_observability_v1,ola_sparse_bayesian_keep010_seed42,185,ola,global,,,all,raw,32,0.04780903021912515,0.04930306232022987,0.04855604626967751,3,0.01973065720242578,0.9998231305885821,101770
bayesfl_observability_v1,ola_sparse_bayesian_keep010_seed42,185,ola,global,,,all,raw,33,0.04930306232022987,0.05079709442133459,0.050050078370782236,1,0.006576885734141927,0.9998329566669942,101770
bayesfl_observability_v1,ola_sparse_bayesian_keep010_seed42,185,ola,global,,,all,raw,34,0.05079709442133459,0.05229112652243932,0.05154411047188696,0,0.0,0.9998329566669942,101770
bayesfl_observability_v1,ola_sparse_bayesian_keep010_seed42,185,ola,global,,,all,raw,35,0.05229112652243932,0.05378515862354404,0.05303814257299168,1,0.006576885734141927,0.9998427827454063,101770
bayesfl_observability_v1,ola_sparse_bayesian_keep010_seed42,185,ola,global,,,all,raw,36,0.05378515862354404,0.055279190724648763,0.054532174674096406,2,0.013153771468283854,0.9998624349022305,101770
bayesfl_observability_v1,ola_sparse_bayesian_keep010_seed42,185,ola,global,,,all,raw,37,0.055279190724648763,0.05677322282575349,0.05602620677520113,1,0.006576885734141896,0.9998722609806426,101770
bayesfl_observability_v1,ola_sparse_bayesian_keep010_seed42,185,ola,global,,,all,raw,38,0.05677322282575349,0.05826725492685821,0.05752023887630585,1,0.006576885734141927,0.9998820870590547,101770
bayesfl_observability_v1,ola_sparse_bayesian_keep010_seed42,185,ola,global,,,all,raw,39,0.05826725492685821,0.059761287027962934,0.05901427097741058,0,0.0,0.9998820870590547,101770
bayesfl_observability_v1,ola_sparse_bayesian_keep010_seed42,185,ola,global,,,all,raw,40,0.059761287027962934,0.061255319129067655,0.06050830307851529,0,0.0,0.9998820870590547,101770
bayesfl_observability_v1,ola_sparse_bayesian_keep010_seed42,185,ola,global,,,all,raw,41,0.061255319129067655,0.06274935123017238,0.06200233517962002,2,0.013153771468283854,0.999901739215879,101770
bayesfl_observability_v1,ola_sparse_bayesian_keep010_seed42,185,ola,global,,,all,raw,42,0.06274935123017238,0.0642433833312771,0.06349636728072475,1,0.006576885734141896,0.999911565294291,101770
bayesfl_observability_v1,ola_sparse_bayesian_keep010_seed42,185,ola,global,,,all,raw,43,0.0642433833312771,0.06573741543238183,0.06499039938182946,3,0.01973065720242569,0.9999410435295274,101770
bayesfl_observability_v1,ola_sparse_bayesian_keep010_seed42,185,ola,global,,,all,raw,44,0.06573741543238183,0.06723144753348655,0.06648443148293419,0,0.0,0.9999410435295274,101770
bayesfl_observability_v1,ola_sparse_bayesian_keep010_seed42,185,ola,global,,,all,raw,45,0.06723144753348655,0.06872547963459127,0.06797846358403892,1,0.006576885734141896,0.9999508696079394,101770
bayesfl_observability_v1,ola_sparse_bayesian_keep010_seed42,185,ola,global,,,all,raw,46,0.06872547963459127,0.07021951173569599,0.06947249568514363,0,0.0,0.9999508696079394,101770
bayesfl_observability_v1,ola_sparse_bayesian_keep010_seed42,185,ola,global,,,all,raw,47,0.07021951173569599,0.07171354383680072,0.07096652778624835,1,0.006576885734141896,0.9999606956863516,101770
bayesfl_observability_v1,ola_sparse_bayesian_keep010_seed42,185,ola,global,,,all,raw,48,0.07171354383680072,0.07320757593790544,0.07246055988735309,0,0.0,0.9999606956863516,101770
bayesfl_observability_v1,ola_sparse_bayesian_keep010_seed42,185,ola,global,,,all,raw,49,0.07320757593790544,0.07470160803901016,0.0739545919884578,0,0.0,0.9999606956863516,101770
bayesfl_observability_v1,ola_sparse_bayesian_keep010_seed42,185,ola,global,,,all,raw,50,0.07470160803901016,0.07619564014011489,0.07544862408956252,1,0.006576885734141896,0.9999705217647636,101770
bayesfl_observability_v1,ola_sparse_bayesian_keep010_seed42,185,ola,global,,,all,raw,51,0.07619564014011489,0.0776896722412196,0.07694265619066724,0,0.0,0.9999705217647636,101770
bayesfl_observability_v1,ola_sparse_bayesian_keep010_seed42,185,ola,global,,,all,raw,52,0.0776896722412196,0.07918370434232433,0.07843668829177197,0,0.0,0.9999705217647636,101770
bayesfl_observability_v1,ola_sparse_bayesian_keep010_seed42,185,ola,global,,,all,raw,53,0.07918370434232433,0.08067773644342906,0.07993072039287669,0,0.0,0.9999705217647636,101770
bayesfl_observability_v1,ola_sparse_bayesian_keep010_seed42,185,ola,global,,,all,raw,54,0.08067773644342906,0.08217176854453377,0.08142475249398141,0,0.0,0.9999705217647636,101770
bayesfl_observability_v1,ola_sparse_bayesian_keep010_seed42,185,ola,global,,,all,raw,55,0.08217176854453377,0.0836658006456385,0.08291878459508614,0,0.0,0.9999705217647636,101770
bayesfl_observability_v1,ola_sparse_bayesian_keep010_seed42,185,ola,global,,,all,raw,56,0.0836658006456385,0.08515983274674323,0.08441281669619086,0,0.0,0.9999705217647636,101770
bayesfl_observability_v1,ola_sparse_bayesian_keep010_seed42,185,ola,global,,,all,raw,57,0.08515983274674323,0.08665386484784794,0.08590684879729558,0,0.0,0.9999705217647636,101770
bayesfl_observability_v1,ola_sparse_bayesian_keep010_seed42,185,ola,global,,,all,raw,58,0.08665386484784794,0.08814789694895267,0.08740088089840031,0,0.0,0.9999705217647636,101770
bayesfl_observability_v1,ola_sparse_bayesian_keep010_seed42,185,ola,global,,,all,raw,59,0.08814789694895267,0.0896419290500574,0.08889491299950503,0,0.0,0.9999705217647636,101770
bayesfl_observability_v1,ola_sparse_bayesian_keep010_seed42,185,ola,global,,,all,raw,60,0.0896419290500574,0.09113596115116211,0.09038894510060975,0,0.0,0.9999705217647636,101770
bayesfl_observability_v1,ola_sparse_bayesian_keep010_seed42,185,ola,global,,,all,raw,61,0.09113596115116211,0.09262999325226684,0.09188297720171448,0,0.0,0.9999705217647636,101770
bayesfl_observability_v1,ola_sparse_bayesian_keep010_seed42,185,ola,global,,,all,raw,62,0.09262999325226684,0.09412402535337155,0.0933770093028192,0,0.0,0.9999705217647636,101770
bayesfl_observability_v1,ola_sparse_bayesian_keep010_seed42,185,ola,global,,,all,raw,63,0.09412402535337155,0.09561805745447628,0.09487104140392391,1,0.006576885734141896,0.9999803478431758,101770
bayesfl_observability_v1,ola_sparse_bayesian_keep010_seed42,185,ola,global,,,all,raw,64,0.09561805745447628,0.09711208955558101,0.09636507350502865,0,0.0,0.9999803478431758,101770
bayesfl_observability_v1,ola_sparse_bayesian_keep010_seed42,185,ola,global,,,all,raw,65,0.09711208955558101,0.09860612165668572,0.09785910560613337,1,0.006576885734141957,0.9999901739215878,101770
bayesfl_observability_v1,ola_sparse_bayesian_keep010_seed42,185,ola,global,,,all,raw,66,0.09860612165668572,0.10010015375779045,0.09935313770723808,0,0.0,0.9999901739215878,101770
bayesfl_observability_v1,ola_sparse_bayesian_keep010_seed42,185,ola,global,,,all,raw,67,0.10010015375779045,0.10159418585889517,0.10084716980834281,0,0.0,0.9999901739215878,101770
bayesfl_observability_v1,ola_sparse_bayesian_keep010_seed42,185,ola,global,,,all,raw,68,0.10159418585889517,0.1030882179599999,0.10234120190944754,0,0.0,0.9999901739215878,101770
bayesfl_observability_v1,ola_sparse_bayesian_keep010_seed42,185,ola,global,,,all,raw,69,0.1030882179599999,0.10458225006110462,0.10383523401055225,0,0.0,0.9999901739215878,101770
bayesfl_observability_v1,ola_sparse_bayesian_keep010_seed42,185,ola,global,,,all,raw,70,0.10458225006110462,0.10607628216220934,0.10532926611165698,0,0.0,0.9999901739215878,101770
bayesfl_observability_v1,ola_sparse_bayesian_keep010_seed42,185,ola,global,,,all,raw,71,0.10607628216220934,0.10757031426331407,0.10682329821276171,0,0.0,0.9999901739215878,101770
bayesfl_observability_v1,ola_sparse_bayesian_keep010_seed42,185,ola,global,,,all,raw,72,0.10757031426331407,0.1090643463644188,0.10831733031386642,0,0.0,0.9999901739215878,101770
bayesfl_observability_v1,ola_sparse_bayesian_keep010_seed42,185,ola,global,,,all,raw,73,0.1090643463644188,0.11055837846552351,0.10981136241497115,0,0.0,0.9999901739215878,101770
bayesfl_observability_v1,ola_sparse_bayesian_keep010_seed42,185,ola,global,,,all,raw,74,0.11055837846552351,0.11205241056662824,0.11130539451607588,0,0.0,0.9999901739215878,101770
bayesfl_observability_v1,ola_sparse_bayesian_keep010_seed42,185,ola,global,,,all,raw,75,0.11205241056662824,0.11354644266773296,0.11279942661718059,0,0.0,0.9999901739215878,101770
bayesfl_observability_v1,ola_sparse_bayesian_keep010_seed42,185,ola,global,,,all,raw,76,0.11354644266773296,0.11504047476883768,0.11429345871828532,0,0.0,0.9999901739215878,101770
bayesfl_observability_v1,ola_sparse_bayesian_keep010_seed42,185,ola,global,,,all,raw,77,0.11504047476883768,0.1165345068699424,0.11578749081939005,0,0.0,0.9999901739215878,101770
bayesfl_observability_v1,ola_sparse_bayesian_keep010_seed42,185,ola,global,,,all,raw,78,0.1165345068699424,0.11802853897104712,0.11728152292049476,0,0.0,0.9999901739215878,101770
bayesfl_observability_v1,ola_sparse_bayesian_keep010_seed42,185,ola,global,,,all,raw,79,0.11802853897104712,0.11952257107215185,0.11877555502159948,1,0.006576885734141896,1.0,101770
bayesfl_observability_v1,ola_sparse_bayesian_keep010_seed42,185,ola,global,,,all,db,0,-170.5017708739096,-168.60113625629464,-169.55145356510212,1,5.169893424563678e-06,9.826078412105729e-06,101770
bayesfl_observability_v1,ola_sparse_bayesian_keep010_seed42,185,ola,global,,,all,db,1,-168.60113625629464,-166.70050163867964,-167.65081894748715,0,0.0,9.826078412105729e-06,101770
bayesfl_observability_v1,ola_sparse_bayesian_keep010_seed42,185,ola,global,,,all,db,2,-166.70050163867964,-164.79986702106467,-165.75018432987216,0,0.0,9.826078412105729e-06,101770
bayesfl_observability_v1,ola_sparse_bayesian_keep010_seed42,185,ola,global,,,all,db,3,-164.79986702106467,-162.8992324034497,-163.8495497122572,0,0.0,9.826078412105729e-06,101770
bayesfl_observability_v1,ola_sparse_bayesian_keep010_seed42,185,ola,global,,,all,db,4,-162.8992324034497,-160.9985977858347,-161.9489150946422,0,0.0,9.826078412105729e-06,101770
bayesfl_observability_v1,ola_sparse_bayesian_keep010_seed42,185,ola,global,,,all,db,5,-160.9985977858347,-159.09796316821974,-160.04828047702722,0,0.0,9.826078412105729e-06,101770
bayesfl_observability_v1,ola_sparse_bayesian_keep010_seed42,185,ola,global,,,all,db,6,-159.09796316821974,-157.19732855060477,-158.14764585941225,0,0.0,9.826078412105729e-06,101770
bayesfl_observability_v1,ola_sparse_bayesian_keep010_seed42,185,ola,global,,,all,db,7,-157.19732855060477,-155.29669393298977,-156.24701124179728,0,0.0,9.826078412105729e-06,101770
bayesfl_observability_v1,ola_sparse_bayesian_keep010_seed42,185,ola,global,,,all,db,8,-155.29669393298977,-153.3960593153748,-154.34637662418228,1,5.169893424563678e-06,1.9652156824211458e-05,101770
bayesfl_observability_v1,ola_sparse_bayesian_keep010_seed42,185,ola,global,,,all,db,9,-153.3960593153748,-151.49542469775983,-152.44574200656731,1,5.169893424563678e-06,2.9478235236317185e-05,101770
bayesfl_observability_v1,ola_sparse_bayesian_keep010_seed42,185,ola,global,,,all,db,10,-151.49542469775983,-149.59479008014483,-150.54510738895232,2,1.03397868491272e-05,4.913039206052864e-05,101770
bayesfl_observability_v1,ola_sparse_bayesian_keep010_seed42,185,ola,global,,,all,db,11,-149.59479008014483,-147.69415546252986,-148.64447277133735,1,5.169893424563678e-06,5.895647047263437e-05,101770
bayesfl_observability_v1,ola_sparse_bayesian_keep010_seed42,185,ola,global,,,all,db,12,-147.69415546252986,-145.7935208449149,-146.74383815372238,0,0.0,5.895647047263437e-05,101770
bayesfl_observability_v1,ola_sparse_bayesian_keep010_seed42,185,ola,global,,,all,db,13,-145.7935208449149,-143.8928862272999,-144.8432035361074,2,1.03397868491272e-05,7.860862729684583e-05,101770
bayesfl_observability_v1,ola_sparse_bayesian_keep010_seed42,185,ola,global,,,all,db,14,-143.8928862272999,-141.99225160968493,-142.9425689184924,0,0.0,7.860862729684583e-05,101770
bayesfl_observability_v1,ola_sparse_bayesian_keep010_seed42,185,ola,global,,,all,db,15,-141.99225160968493,-140.09161699206996,-141.04193430087744,1,5.169893424563678e-06,8.843470570895156e-05,101770
bayesfl_observability_v1,ola_sparse_bayesian_keep010_seed42,185,ola,global,,,all,db,16,-140.09161699206996,-138.19098237445496,-139.14129968326245,2,1.03397868491272e-05,0.00010808686253316301,101770
bayesfl_observability_v1,ola_sparse_bayesian_keep010_seed42,185,ola,global,,,all,db,17,-138.19098237445496,-136.29034775684,-137.24066506564748,1,5.169893424563678e-06,0.00011791294094526874,101770
bayesfl_observability_v1,ola_sparse_bayesian_keep010_seed42,185,ola,global,,,all,db,18,-136.29034775684,-134.38971313922502,-135.3400304480325,2,1.0339786849127355e-05,0.0001375650977694802,101770
bayesfl_observability_v1,ola_sparse_bayesian_keep010_seed42,185,ola,global,,,all,db,19,-134.38971313922502,-132.48907852161003,-133.43939583041754,1,5.1698934245636e-06,0.00014739117618158592,101770
bayesfl_observability_v1,ola_sparse_bayesian_keep010_seed42,185,ola,global,,,all,db,20,-132.48907852161003,-130.58844390399506,-131.53876121280254,9,4.65290408210731e-05,0.00023582588189053748,101770
bayesfl_observability_v1,ola_sparse_bayesian_keep010_seed42,185,ola,global,,,all,db,21,-130.58844390399506,-128.68780928638006,-129.63812659518754,2,1.03397868491272e-05,0.0002554780387147489,101770
bayesfl_observability_v1,ola_sparse_bayesian_keep010_seed42,185,ola,global,,,all,db,22,-128.68780928638006,-126.78717466876509,-127.73749197757257,5,2.584946712281839e-05,0.0003046084307752776,101770
bayesfl_observability_v1,ola_sparse_bayesian_keep010_seed42,185,ola,global,,,all,db,23,-126.78717466876509,-124.88654005115012,-125.8368573599576,12,6.203872109476413e-05,0.00042252137172054635,101770
bayesfl_observability_v1,ola_sparse_bayesian_keep010_seed42,185,ola,global,,,all,db,24,-124.88654005115012,-122.98590543353514,-123.93622274234264,13,6.720861451932731e-05,0.0005502603910779208,101770
bayesfl_observability_v1,ola_sparse_bayesian_keep010_seed42,185,ola,global,,,all,db,25,-122.98590543353514,-121.08527081592015,-122.03558812472764,8,4.135914739650911e-05,0.0006288690183747667,101770
bayesfl_observability_v1,ola_sparse_bayesian_keep010_seed42,185,ola,global,,,all,db,26,-121.08527081592015,-119.18463619830518,-120.13495350711267,14,7.237850794389149e-05,0.0007664341161442469,101770
bayesfl_observability_v1,ola_sparse_bayesian_keep010_seed42,185,ola,global,,,all,db,27,-119.18463619830518,-117.2840015806902,-118.2343188894977,16,8.271829479301822e-05,0.0009236513707379384,101770
bayesfl_observability_v1,ola_sparse_bayesian_keep010_seed42,185,ola,global,,,all,db,28,-117.2840015806902,-115.38336696307522,-116.3336842718827,23,0.00011890754876496369,0.0011496511742163703,101770
bayesfl_observability_v1,ola_sparse_bayesian_keep010_seed42,185,ola,global,,,all,db,29,-115.38336696307522,-113.48273234546025,-114.43304965426773,34,0.00017577637643516504,0.001483737840227965,101770
bayesfl_observability_v1,ola_sparse_bayesian_keep010_seed42,185,ola,global,,,all,db,30,-113.48273234546025,-111.58209772784527,-112.53241503665276,48,0.0002481548843790547,0.00195538960400904,101770
bayesfl_observability_v1,ola_sparse_bayesian_keep010_seed42,185,ola,global,,,all,db,31,-111.58209772784527,-109.68146311023028,-110.63178041903777,42,0.00021713552383167284,0.0023680848973174806,101770
bayesfl_observability_v1,ola_sparse_bayesian_keep010_seed42,185,ola,global,,,all,db,32,-109.68146311023028,-107.78082849261531,-108.7311458014228,57,0.00029468392520012963,0.002928171366807507,101770
bayesfl_observability_v1,ola_sparse_bayesian_keep010_seed42,185,ola,global,,,all,db,33,-107.78082849261531,-105.88019387500033,-106.83051118380783,62,0.00032053339232294563,0.0035373882283580623,101770
bayesfl_observability_v1,ola_sparse_bayesian_keep010_seed42,185,ola,global,,,all,db,34,-105.88019387500033,-103.97955925738535,-104.92987656619283,89,0.00046012051478616384,0.004411909207035472,101770
bayesfl_observability_v1,ola_sparse_bayesian_keep010_seed42,185,ola,global,,,all,db,35,-103.97955925738535,-102.07892463977038,-103.02924194857786,112,0.0005790280635511319,0.005512429989191314,101770
bayesfl_observability_v1,ola_sparse_bayesian_keep010_seed42,185,ola,global,,,all,db,36,-102.07892463977038,-100.1782900221554,-101.1286073309629,149,0.0007703141202599822,0.006976515672595067,101770
bayesfl_observability_v1,ola_sparse_bayesian_keep010_seed42,185,ola,global,,,all,db,37,-100.1782900221554,-98.27765540454041,-99.2279727133479,157,0.0008116732676564913,0.008519209983295667,101770
bayesfl_observability_v1,ola_sparse_bayesian_keep010_seed42,185,ola,global,,,all,db,38,-98.27765540454041,-96.37702078692544,-97.32733809573293,223,0.0011528862336777001,0.010710425469195244,101770
bayesfl_observability_v1,ola_sparse_bayesian_keep010_seed42,185,ola,global,,,all,db,39,-96.37702078692544,-94.47638616931046,-95.42670347811796,266,0.0013751916509339279,0.013324162326815369,101770
bayesfl_observability_v1,ola_sparse_bayesian_keep010_seed42,185,ola,global,,,all,db,40,-94.47638616931046,-92.57575155169548,-93.52606886050296,315,0.0016285164287375463,0.016419377026628674,101770
bayesfl_observability_v1,ola_sparse_bayesian_keep010_seed42,185,ola,global,,,all,db,41,-92.57575155169548,-90.6751169340805,-91.62543424288799,381,0.001969729394758761,0.020163112901640957,101770
bayesfl_observability_v1,ola_sparse_bayesian_keep010_seed42,185,ola,global,,,all,db,42,-90.6751169340805,-88.77448231646552,-89.72479962527302,472,0.0024401896963940376,0.024801021912154858,101770
bayesfl_observability_v1,ola_sparse_bayesian_keep010_seed42,185,ola,global,,,all,db,43,-88.77448231646552,-86.87384769885054,-87.82416500765802,621,0.0032105038166540196,0.030903016606072517,101770
bayesfl_observability_v1,ola_sparse_bayesian_keep010_seed42,185,ola,global,,,all,db,44,-86.87384769885054,-84.97321308123557,-85.92353039004306,745,0.00385157060129994,0.03822344502309129,101770
bayesfl_observability_v1,ola_sparse_bayesian_keep010_seed42,185,ola,global,,,all,db,45,-84.97321308123557,-83.07257846362059,-84.02289577242809,905,0.004678753549230094,0.04711604598604697,101770
bayesfl_observability_v1,ola_sparse_bayesian_keep010_seed42,185,ola,global,,,all,db,46,-83.07257846362059,-81.1719438460056,-82.12226115481309,1168,0.00603843551989033,0.05859290557138646,101770
bayesfl_observability_v1,ola_sparse_bayesian_keep010_seed42,185,ola,global,,,all,db,47,-81.1719438460056,-79.27130922839063,-80.22162653719812,1438,0.0074343067445225685,0.0727228063279945,101770
bayesfl_observability_v1,ola_sparse_bayesian_keep010_seed42,185,ola,global,,,all,db,48,-79.27130922839063,-77.37067461077565,-78.32099191958315,1792,0.009264449016818041,0.09033113884248796,101770
bayesfl_observability_v1,ola_sparse_bayesian_keep010_seed42,185,ola,global,,,all,db,49,-77.37067461077565,-75.47003999316067,-76.42035730196815,2199,0.011368595640615441,0.11193868527070847,101770
bayesfl_observability_v1,ola_sparse_bayesian_keep010_seed42,185,ola,global,,,all,db,50,-75.47003999316067,-73.5694053755457,-74.51972268435318,2775,0.014346454253164206,0.13920605286430185,101770
bayesfl_observability_v1,ola_sparse_bayesian_keep010_seed42,185,ola,global,,,all,db,51,-73.5694053755457,-71.66877075793072,-72.61908806673821,3495,0.01806877751884992,0.17354819691461137,101770
bayesfl_observability_v1,ola_sparse_bayesian_keep010_seed42,185,ola,global,,,all,db,52,-71.66877075793072,-69.76813614031573,-70.71845344912322,4374,0.022613113839041358,0.21652746388916183,101770
bayesfl_observability_v1,ola_sparse_bayesian_keep010_seed42,185,ola,global,,,all,db,53,-69.76813614031573,-67.86750152270076,-68.81781883150825,5349,0.02765375992799111,0.26908715731551536,101770
bayesfl_observability_v1,ola_sparse_bayesian_keep010_seed42,185,ola,global,,,all,db,54,-67.86750152270076,-65.96686690508578,-66.91718421389328,6752,0.03490712040265369,0.3354328387540533,101770
bayesfl_observability_v1,ola_sparse_bayesian_keep010_seed42,185,ola,global,,,all,db,55,-65.96686690508578,-64.0662322874708,-65.01654959627828,8323,0.04302902297264317,0.4172152893780092,101770
bayesfl_observability_v1,ola_sparse_bayesian_keep010_seed42,185,ola,global,,,all,db,56,-64.0662322874708,-62.16559766985583,-63.11591497866331,10286,0.05317752376506199,0.5182863319249288,101770
bayesfl_observability_v1,ola_sparse_bayesian_keep010_seed42,185,ola,global,,,all,db,57,-62.16559766985583,-60.264963052240844,-61.215280361048336,12545,0.06485631301115084,0.6415544856047951,101770
bayesfl_observability_v1,ola_sparse_bayesian_keep010_seed42,185,ola,global,,,all,db,58,-60.264963052240844,-58.36432843462586,-59.31464574343335,12576,0.06501657970731232,0.7651272477154367,101770
bayesfl_observability_v1,ola_sparse_bayesian_keep010_seed42,185,ola,global,,,all,db,59,-58.36432843462586,-56.46369381701089,-57.41401112581838,7329,0.03789014890862719,0.8371425763977597,101770
bayesfl_observability_v1,ola_sparse_bayesian_keep010_seed42,185,ola,global,,,all,db,60,-56.46369381701089,-54.56305919939591,-55.5133765082034,5950,0.03076086587615365,0.8956077429497887,101770
bayesfl_observability_v1,ola_sparse_bayesian_keep010_seed42,185,ola,global,,,all,db,61,-54.56305919939591,-52.662424581780925,-53.61274189058842,4724,0.02442257653763863,0.9420261373685762,101770
bayesfl_observability_v1,ola_sparse_bayesian_keep010_seed42,185,ola,global,,,all,db,62,-52.662424581780925,-50.761789964165956,-51.71210727297344,3112,0.016088708337242165,0.9726048933870493,101770
bayesfl_observability_v1,ola_sparse_bayesian_keep010_seed42,185,ola,global,,,all,db,63,-50.761789964165956,-48.86115534655097,-49.811472655358465,1419,0.007336078769455804,0.9865480986538273,101770
bayesfl_observability_v1,ola_sparse_bayesian_keep010_seed42,185,ola,global,,,all,db,64,-48.86115534655097,-46.96052072893599,-47.91083803774348,522,0.0026986843676222194,0.9916773115849464,101770
bayesfl_observability_v1,ola_sparse_bayesian_keep010_seed42,185,ola,global,,,all,db,65,-46.96052072893599,-45.05988611132102,-46.010203420128505,145,0.0007496345465617333,0.9931020929547018,101770
bayesfl_observability_v1,ola_sparse_bayesian_keep010_seed42,185,ola,global,,,all,db,66,-45.05988611132102,-43.15925149370604,-44.10956880251353,114,0.0005893678504002548,0.9942222658936818,101770
bayesfl_observability_v1,ola_sparse_bayesian_keep010_seed42,185,ola,global,,,all,db,67,-43.15925149370604,-41.258616876091054,-42.208934184898546,113,0.0005841979569756912,0.9953326127542498,101770
bayesfl_observability_v1,ola_sparse_bayesian_keep010_seed42,185,ola,global,,,all,db,68,-41.258616876091054,-39.357982258476085,-40.30829956728357,104,0.0005376689161546225,0.9963545249091088,101770
bayesfl_observability_v1,ola_sparse_bayesian_keep010_seed42,185,ola,global,,,all,db,69,-39.357982258476085,-37.45734764086109,-38.407664949668586,92,0.0004756301950598512,0.9972585241230225,101770
bayesfl_observability_v1,ola_sparse_bayesian_keep010_seed42,185,ola,global,,,all,db,70,-37.45734764086109,-35.55671302324612,-36.5070303320536,89,0.0004601205147861673,0.9981330451016999,101770
bayesfl_observability_v1,ola_sparse_bayesian_keep010_seed42,185,ola,global,,,all,db,71,-35.55671302324612,-33.65607840563115,-34.606395714438634,62,0.000320533392322948,0.9987422619632504,101770
bayesfl_observability_v1,ola_sparse_bayesian_keep010_seed42,185,ola,global,,,all,db,72,-33.65607840563115,-31.75544378801615,-32.70576109682365,44,0.0002274753106807984,0.9991746094133831,101770
bayesfl_observability_v1,ola_sparse_bayesian_keep010_seed42,185,ola,global,,,all,db,73,-31.75544378801615,-29.854809170401182,-30.805126479208667,29,0.00014992690931234665,0.9994595656873342,101770
bayesfl_observability_v1,ola_sparse_bayesian_keep010_seed42,185,ola,global,,,all,db,74,-29.854809170401182,-27.954174552786213,-28.904491861593698,24,0.00012407744218952826,0.9996953915692247,101770
bayesfl_observability_v1,ola_sparse_bayesian_keep010_seed42,185,ola,global,,,all,db,75,-27.954174552786213,-26.053539935171216,-27.003857243978715,13,6.72086145193268e-05,0.9998231305885821,101770
bayesfl_observability_v1,ola_sparse_bayesian_keep010_seed42,185,ola,global,,,all,db,76,-26.053539935171216,-24.152905317556247,-25.10322262636373,6,3.1019360547382066e-05,0.9998820870590547,101770
bayesfl_observability_v1,ola_sparse_bayesian_keep010_seed42,185,ola,global,,,all,db,77,-24.152905317556247,-22.252270699941278,-23.202588008748762,9,4.65290408210731e-05,0.9999705217647636,101770
bayesfl_observability_v1,ola_sparse_bayesian_keep010_seed42,185,ola,global,,,all,db,78,-22.252270699941278,-20.35163608232628,-21.30195339113378,1,5.1698934245636e-06,0.9999803478431758,101770
bayesfl_observability_v1,ola_sparse_bayesian_keep010_seed42,185,ola,global,,,all,db,79,-20.35163608232628,-18.45100146471131,-19.401318773518796,2,1.0339786849127355e-05,1.0,101770
bayesfl_observability_v1,ola_sparse_bayesian_keep010_seed42,185,ola,global,,,layers.0.weight,raw,0,2.9837740229630677e-09,7.958616164507176e-05,3.979457270954737e-05,5418,678.4091412462133,0.053989955357142856,100352
bayesfl_observability_v1,ola_sparse_bayesian_keep010_seed42,185,ola,global,,,layers.0.weight,raw,1,7.958616164507176e-05,0.00015916933951612056,0.00011937775058059616,5289,662.256542645113,0.10669443558673469,100352
bayesfl_observability_v1,ola_sparse_bayesian_keep010_seed42,185,ola,global,,,layers.0.weight,raw,2,0.00015916933951612056,0.00023875251738716936,0.00019896092845164497,5429,679.7864946152994,0.1607940051020408,100352
bayesfl_observability_v1,ola_sparse_bayesian_keep010_seed42,185,ola,global,,,layers.0.weight,raw,3,0.00023875251738716936,0.0003183356952582181,0.00027854410632269374,5398,675.9048623933297,0.21458466198979592,100352
bayesfl_observability_v1,ola_sparse_bayesian_keep010_seed42,185,ola,global,,,layers.0.weight,raw,4,0.0003183356952582181,0.0003979188731292669,0.0003581272841937425,5342,668.8928816052552,0.2678172831632653,100352
bayesfl_observability_v1,ola_sparse_bayesian_keep010_seed42,185,ola,global,,,layers.0.weight,raw,5,0.0003979188731292669,0.0004775020510003157,0.0004377104620647913,5388,674.6527229668874,0.32150829081632654,100352
bayesfl_observability_v1,ola_sparse_bayesian_keep010_seed42,185,ola,global,,,layers.0.weight,raw,6,0.0004775020510003157,0.0005570852288713646,0.0005172936399358402,5399,676.030076335973,0.375308912627551,100352
bayesfl_observability_v1,ola_sparse_bayesian_keep010_seed42,185,ola,global,,,layers.0.weight,raw,7,0.0005570852288713646,0.0006366684067424134,0.0005968768178068889,5414,677.9082854756367,0.4292590082908163,100352
bayesfl_observability_v1,ola_sparse_bayesian_keep010_seed42,185,ola,global,,,layers.0.weight,raw,8,0.0006366684067424134,0.0007162515846134621,0.0006764599956779378,5390,674.9031508521762,0.4829699457908163,100352
bayesfl_observability_v1,ola_sparse_bayesian_keep010_seed42,185,ola,global,,,layers.0.weight,raw,9,0.0007162515846134621,0.0007958347624845109,0.0007560431735489865,5182,648.858650782185,0.5346081792091837,100352
bayesfl_observability_v1,ola_sparse_bayesian_keep010_seed42,185,ola,global,,,layers.0.weight,raw,10,0.0007958347624845109,0.0008754179403555598,0.0008356263514200353,5144,644.100520961705,0.5858677455357143,100352
bayesfl_observability_v1,ola_sparse_bayesian_keep010_seed42,185,ola,global,,,layers.0.weight,raw,11,0.0008754179403555598,0.0009550011182266085,0.0009152095292910842,5329,667.2651003508807,0.6389708227040817,100352
bayesfl_observability_v1,ola_sparse_bayesian_keep010_seed42,185,ola,global,,,layers.0.weight,raw,12,0.0009550011182266085,0.0010345842960976573,0.0009947927071621329,5169,647.2308695278106,0.6904795121173469,100352
bayesfl_observability_v1,ola_sparse_bayesian_keep010_seed42,185,ola,global,,,layers.0.weight,raw,13,0.0010345842960976573,0.0011141674739687062,0.0010743758850331817,4499,563.3375279562034,0.7353117028061225,100352
bayesfl_observability_v1,ola_sparse_bayesian_keep010_seed42,185,ola,global,,,layers.0.weight,raw,14,0.0011141674739687062,0.0011937506518397548,0.0011539590629042304,3349,419.34149391538796,0.768684231505102,100352
bayesfl_observability_v1,ola_sparse_bayesian_keep010_seed42,185,ola,global,,,layers.0.weight,raw,15,0.0011937506518397548,0.0012733338297108037,0.0012335422407752793,2556,320.04683739854545,0.7941545758928571,100352
bayesfl_observability_v1,ola_sparse_bayesian_keep010_seed42,185,ola,global,,,layers.0.weight,raw,16,0.0012733338297108037,0.0013529170075818526,0.0013131254186463282,2039,255.31122905150008,0.8144730548469388,100352
bayesfl_observability_v1,ola_sparse_bayesian_keep010_seed42,185,ola,global,,,layers.0.weight,raw,17,0.0013529170075818526,0.0014325001854529013,0.001392708596517377,1799,225.25988281689547,0.8323999521683674,100352
bayesfl_observability_v1,ola_sparse_bayesian_keep010_seed42,185,ola,global,,,layers.0.weight,raw,18,0.0014325001854529013,0.0015120833633239501,0.0014722917743884257,1579,197.71281543517344,0.8481345663265306,100352
bayesfl_observability_v1,ola_sparse_bayesian_keep010_seed42,185,ola,global,,,layers.0.weight,raw,19,0.0015120833633239501,0.0015916665411949988,0.0015518749522594744,1486,186.06791876926442,0.8629424426020408,100352
bayesfl_observability_v1,ola_sparse_bayesian_keep010_seed42,185,ola,global,,,layers.0.weight,raw,20,0.0015916665411949988,0.0016712497190660477,0.0016314581301305232,1367,171.1674595946055,0.8765644929846939,100352
bayesfl_observability_v1,ola_sparse_bayesian_keep010_seed42,185,ola,global,,,layers.0.weight,raw,21,0.0016712497190660477,0.0017508328969370966,0.0017110413080015721,1199,150.13151723038186,0.8885124362244898,100352
bayesfl_observability_v1,ola_sparse_bayesian_keep010_seed42,185,ola,global,,,layers.0.weight,raw,22,0.0017508328969370966,0.0018304160748081452,0.001790624485872621,1138,142.49346672908675,0.8998525191326531,100352
bayesfl_observability_v1,ola_sparse_bayesian_keep010_seed42,185,ola,global,,,layers.0.weight,raw,23,0.0018304160748081452,0.001909999252679194,0.0018702076637436697,1034,129.47121669409077,0.91015625,100352
bayesfl_observability_v1,ola_sparse_bayesian_keep010_seed42,185,ola,global,,,layers.0.weight,raw,24,0.001909999252679194,0.0019895824305502427,0.0019497908416147183,1017,127.34257966913991,0.9202905771683674,100352
bayesfl_observability_v1,ola_sparse_bayesian_keep010_seed42,185,ola,global,,,layers.0.weight,raw,25,0.0019895824305502427,0.0020691656084212916,0.002029374019485767,848,106.18142336227174,0.9287408322704082,100352
bayesfl_observability_v1,ola_sparse_bayesian_keep010_seed42,185,ola,global,,,layers.0.weight,raw,26,0.0020691656084212916,0.0021487487862923405,0.002108957197356816,775,97.04080554924599,0.9364636479591837,100352
bayesfl_observability_v1,ola_sparse_bayesian_keep010_seed42,185,ola,global,,,layers.0.weight,raw,27,0.0021487487862923405,0.0022283319641633894,0.002188540375227865,722,90.404466589104,0.9436583227040817,100352
bayesfl_observability_v1,ola_sparse_bayesian_keep010_seed42,185,ola,global,,,layers.0.weight,raw,28,0.0022283319641633894,0.0023079151420344383,0.002268123553098914,622,77.88307232468516,0.9498565051020408,100352
bayesfl_observability_v1,ola_sparse_bayesian_keep010_seed42,185,ola,global,,,layers.0.weight,raw,29,0.0023079151420344383,0.0023874983199054867,0.0023477067309699623,602,75.37879347180181,0.9558553890306123,100352
bayesfl_observability_v1,ola_sparse_bayesian_keep010_seed42,185,ola,global,,,layers.0.weight,raw,30,0.0023874983199054867,0.0024670814977765356,0.002427289908841011,535,66.98945931464078,0.9611866230867347,100352
bayesfl_observability_v1,ola_sparse_bayesian_keep010_seed42,185,ola,global,,,layers.0.weight,raw,31,0.0024670814977765356,0.0025466646756475845,0.00250687308671206,478,59.85226458392204,0.965949856505102,100352
bayesfl_observability_v1,ola_sparse_bayesian_keep010_seed42,185,ola,global,,,layers.0.weight,raw,32,0.0025466646756475845,0.0026262478535186333,0.002586456264583109,454,56.84712996046152,0.9704739317602041,100352
bayesfl_observability_v1,ola_sparse_bayesian_keep010_seed42,185,ola,global,,,layers.0.weight,raw,33,0.0026262478535186333,0.002705831031389682,0.0026660394424541578,400,50.085577057675344,0.9744599011479592,100352
bayesfl_observability_v1,ola_sparse_bayesian_keep010_seed42,185,ola,global,,,layers.0.weight,raw,34,0.002705831031389682,0.0027854142092607307,0.0027456226203252066,369,46.20394483570576,0.9781369579081632,100352
bayesfl_observability_v1,ola_sparse_bayesian_keep010_seed42,185,ola,global,,,layers.0.weight,raw,35,0.0027854142092607307,0.0028649973871317795,0.002825205798196255,275,34.4338342271518,0.9808773118622449,100352
bayesfl_observability_v1,ola_sparse_bayesian_keep010_seed42,185,ola,global,,,layers.0.weight,raw,36,0.0028649973871317795,0.0029445805650028284,0.002904788976067304,244,30.55220200518196,0.9833087531887755,100352
bayesfl_observability_v1,ola_sparse_bayesian_keep010_seed42,185,ola,global,,,layers.0.weight,raw,37,0.0029445805650028284,0.0030241637428738773,0.002984372153938353,222,27.79749526700982,0.9855209661989796,100352
bayesfl_observability_v1,ola_sparse_bayesian_keep010_seed42,185,ola,global,,,layers.0.weight,raw,38,0.0030241637428738773,0.003103746920744926,0.0030639553318094017,199,24.917574586193485,0.9875039859693877,100352
bayesfl_observability_v1,ola_sparse_bayesian_keep010_seed42,185,ola,global,,,layers.0.weight,raw,39,0.003103746920744926,0.0031833300986159746,0.00314353850968045,180,22.538509675954028,0.9892976721938775,100352
bayesfl_observability_v1,ola_sparse_bayesian_keep010_seed42,185,ola,global,,,layers.0.weight,raw,40,0.0031833300986159746,0.0032629132764870235,0.003223121687551499,145,18.156021683407314,0.9907425860969388,100352
bayesfl_observability_v1,ola_sparse_bayesian_keep010_seed42,185,ola,global,,,layers.0.weight,raw,41,0.0032629132764870235,0.0033424964543580724,0.003302704865422548,138,17.279524084897997,0.9921177455357143,100352
bayesfl_observability_v1,ola_sparse_bayesian_keep010_seed42,185,ola,global,,,layers.0.weight,raw,42,0.0033424964543580724,0.0034220796322291212,0.003382288043293597,103,12.897036092351401,0.9931441326530612,100352
bayesfl_observability_v1,ola_sparse_bayesian_keep010_seed42,185,ola,global,,,layers.0.weight,raw,43,0.0034220796322291212,0.00350166281010017,0.0034618712211646457,85,10.64318512475601,0.9939911511479592,100352
bayesfl_observability_v1,ola_sparse_bayesian_keep010_seed42,185,ola,global,,,layers.0.weight,raw,44,0.00350166281010017,0.003581245987971219,0.0035414543990356945,96,12.020538493842084,0.9949477838010204,100352
bayesfl_observability_v1,ola_sparse_bayesian_keep010_seed42,185,ola,global,,,layers.0.weight,raw,45,0.003581245987971219,0.0036608291658422674,0.0036210375769067434,78,9.766687526246747,0.9957250478316326,100352
bayesfl_observability_v1,ola_sparse_bayesian_keep010_seed42,185,ola,global,,,layers.0.weight,raw,46,0.0036608291658422674,0.0037404123437133163,0.003700620754777792,53,6.636338960141984,0.9962531887755102,100352
bayesfl_observability_v1,ola_sparse_bayesian_keep010_seed42,185,ola,global,,,layers.0.weight,raw,47,0.0037404123437133163,0.003819995521584365,0.0037802039326488407,63,7.888478386583867,0.9968809789540817,100352
bayesfl_observability_v1,ola_sparse_bayesian_keep010_seed42,185,ola,global,,,layers.0.weight,raw,48,0.003819995521584365,0.003899578699455414,0.0038597871105198896,62,7.763264443939679,0.9974988042091837,100352
bayesfl_observability_v1,ola_sparse_bayesian_keep010_seed42,185,ola,global,,,layers.0.weight,raw,49,0.003899578699455414,0.0039791618773264625,0.003939370288390938,45,5.634627418988507,0.9979472257653061,100352
bayesfl_observability_v1,ola_sparse_bayesian_keep010_seed42,185,ola,global,,,layers.0.weight,raw,50,0.0039791618773264625,0.004058745055197511,0.004018953466261987,48,6.010269246921042,0.9984255420918368,100352
bayesfl_observability_v1,ola_sparse_bayesian_keep010_seed42,185,ola,global,,,layers.0.weight,raw,51,0.004058745055197511,0.00413832823306856,0.004098536644133036,29,3.6312043366814626,0.9987145248724489,100352
bayesfl_observability_v1,ola_sparse_bayesian_keep010_seed42,185,ola,global,,,layers.0.weight,raw,52,0.00413832823306856,0.004217911410939609,0.004178119822004085,21,2.629492795527956,0.9989237882653061,100352
bayesfl_observability_v1,ola_sparse_bayesian_keep010_seed42,185,ola,global,,,layers.0.weight,raw,53,0.004217911410939609,0.004297494588810658,0.004257702999875134,17,2.1286370249512023,0.9990931919642857,100352
bayesfl_observability_v1,ola_sparse_bayesian_keep010_seed42,185,ola,global,,,layers.0.weight,raw,54,0.004297494588810658,0.004377077766681707,0.0043372861777461824,17,2.1286370249512023,0.9992625956632653,100352
bayesfl_observability_v1,ola_sparse_bayesian_keep010_seed42,185,ola,global,,,layers.0.weight,raw,55,0.004377077766681707,0.004456660944552756,0.004416869355617231,15,1.8782091396628255,0.9994120695153061,100352
bayesfl_observability_v1,ola_sparse_bayesian_keep010_seed42,185,ola,global,,,layers.0.weight,raw,56,0.004456660944552756,0.004536244122423805,0.00449645253348828,9,1.1269254837976954,0.9995017538265306,100352
bayesfl_observability_v1,ola_sparse_bayesian_keep010_seed42,185,ola,global,,,layers.0.weight,raw,57,0.004536244122423805,0.0046158273002948535,0.004576035711359329,5,0.6260697132209418,0.9995515784438775,100352
bayesfl_observability_v1,ola_sparse_bayesian_keep010_seed42,185,ola,global,,,layers.0.weight,raw,58,0.0046158273002948535,0.0046954104781659015,0.004655618889230377,4,0.5008557705767589,0.9995914381377551,100352
bayesfl_observability_v1,ola_sparse_bayesian_keep010_seed42,185,ola,global,,,layers.0.weight,raw,59,0.0046954104781659015,0.00477499365603695,0.004735202067101426,10,1.2521394264418837,0.9996910873724489,100352
bayesfl_observability_v1,ola_sparse_bayesian_keep010_seed42,185,ola,global,,,layers.0.weight,raw,60,0.00477499365603695,0.004854576833907999,0.004814785244972475,4,0.5008557705767535,0.9997309470663265,100352
bayesfl_observability_v1,ola_sparse_bayesian_keep010_seed42,185,ola,global,,,layers.0.weight,raw,61,0.004854576833907999,0.004934160011779048,0.004894368422843524,3,0.3756418279325651,0.9997608418367347,100352
bayesfl_observability_v1,ola_sparse_bayesian_keep010_seed42,185,ola,global,,,layers.0.weight,raw,62,0.004934160011779048,0.005013743189650097,0.004973951600714573,8,1.001711541153507,0.9998405612244898,100352
bayesfl_observability_v1,ola_sparse_bayesian_keep010_seed42,185,ola,global,,,layers.0.weight,raw,63,0.005013743189650097,0.005093326367521146,0.0050535347785856215,3,0.3756418279325651,0.999870455994898,100352
bayesfl_observability_v1,ola_sparse_bayesian_keep010_seed42,185,ola,global,,,layers.0.weight,raw,64,0.005093326367521146,0.005172909545392195,0.00513311795645667,2,0.25042788528837673,0.9998903858418368,100352
bayesfl_observability_v1,ola_sparse_bayesian_keep010_seed42,185,ola,global,,,layers.0.weight,raw,65,0.005172909545392195,0.005252492723263244,0.005212701134327719,4,0.5008557705767535,0.9999302455357143,100352
bayesfl_observability_v1,ola_sparse_bayesian_keep010_seed42,185,ola,global,,,layers.0.weight,raw,66,0.005252492723263244,0.0053320759011342925,0.005292284312198768,2,0.25042788528837673,0.9999501753826531,100352
bayesfl_observability_v1,ola_sparse_bayesian_keep010_seed42,185,ola,global,,,layers.0.weight,raw,67,0.0053320759011342925,0.005411659079005341,0.005371867490069817,1,0.12521394264418836,0.9999601403061225,100352
bayesfl_observability_v1,ola_sparse_bayesian_keep010_seed42,185,ola,global,,,layers.0.weight,raw,68,0.005411659079005341,0.00549124225687639,0.005451450667940866,1,0.12521394264418836,0.9999701052295918,100352
bayesfl_observability_v1,ola_sparse_bayesian_keep010_seed42,185,ola,global,,,layers.0.weight,raw,69,0.00549124225687639,0.005570825434747438,0.005531033845811915,1,0.12521394264418972,0.9999800701530612,100352
bayesfl_observability_v1,ola_sparse_bayesian_keep010_seed42,185,ola,global,,,layers.0.weight,raw,70,0.005570825434747438,0.005650408612618487,0.005610617023682963,0,0.0,0.9999800701530612,100352
bayesfl_observability_v1,ola_sparse_bayesian_keep010_seed42,185,ola,global,,,layers.0.weight,raw,71,0.005650408612618487,0.005729991790489536,0.005690200201554012,0,0.0,0.9999800701530612,100352
bayesfl_observability_v1,ola_sparse_bayesian_keep010_seed42,185,ola,global,,,layers.0.weight,raw,72,0.005729991790489536,0.005809574968360585,0.0057697833794250605,0,0.0,0.9999800701530612,100352
bayesfl_observability_v1,ola_sparse_bayesian_keep010_seed42,185,ola,global,,,layers.0.weight,raw,73,0.005809574968360585,0.005889158146231634,0.005849366557296109,0,0.0,0.9999800701530612,100352
bayesfl_observability_v1,ola_sparse_bayesian_keep010_seed42,185,ola,global,,,layers.0.weight,raw,74,0.005889158146231634,0.005968741324102683,0.005928949735167158,1,0.12521394264418836,0.9999900350765306,100352
bayesfl_observability_v1,ola_sparse_bayesian_keep010_seed42,185,ola,global,,,layers.0.weight,raw,75,0.005968741324102683,0.006048324501973732,0.006008532913038207,0,0.0,0.9999900350765306,100352
bayesfl_observability_v1,ola_sparse_bayesian_keep010_seed42,185,ola,global,,,layers.0.weight,raw,76,0.006048324501973732,0.0061279076798447804,0.006088116090909256,0,0.0,0.9999900350765306,100352
bayesfl_observability_v1,ola_sparse_bayesian_keep010_seed42,185,ola,global,,,layers.0.weight,raw,77,0.0061279076798447804,0.006207490857715829,0.006167699268780305,0,0.0,0.9999900350765306,100352
bayesfl_observability_v1,ola_sparse_bayesian_keep010_seed42,185,ola,global,,,layers.0.weight,raw,78,0.006207490857715829,0.006287074035586878,0.006247282446651354,0,0.0,0.9999900350765306,100352
bayesfl_observability_v1,ola_sparse_bayesian_keep010_seed42,185,ola,global,,,layers.0.weight,raw,79,0.006287074035586878,0.006366657213457926,0.006326865624522402,1,0.12521394264418972,1.0,100352
bayesfl_observability_v1,ola_sparse_bayesian_keep010_seed42,185,ola,global,,,layers.0.weight,db,0,-170.5017708739096,-168.9195208710466,-169.7106458724781,1,6.297944984267095e-06,9.964923469387754e-06,100352
bayesfl_observability_v1,ola_sparse_bayesian_keep010_seed42,185,ola,global,,,layers.0.weight,db,1,-168.9195208710466,-167.33727086818357,-168.12839586961508,0,0.0,9.964923469387754e-06,100352
bayesfl_observability_v1,ola_sparse_bayesian_keep010_seed42,185,ola,global,,,layers.0.weight,db,2,-167.33727086818357,-165.75502086532057,-166.54614586675206,0,0.0,9.964923469387754e-06,100352
bayesfl_observability_v1,ola_sparse_bayesian_keep010_seed42,185,ola,global,,,layers.0.weight,db,3,-165.75502086532057,-164.17277086245755,-164.96389586388906,0,0.0,9.964923469387754e-06,100352
bayesfl_observability_v1,ola_sparse_bayesian_keep010_seed42,185,ola,global,,,layers.0.weight,db,4,-164.17277086245755,-162.59052085959453,-163.38164586102604,0,0.0,9.964923469387754e-06,100352
bayesfl_observability_v1,ola_sparse_bayesian_keep010_seed42,185,ola,global,,,layers.0.weight,db,5,-162.59052085959453,-161.0082708567315,-161.79939585816302,0,0.0,9.964923469387754e-06,100352
bayesfl_observability_v1,ola_sparse_bayesian_keep010_seed42,185,ola,global,,,layers.0.weight,db,6,-161.0082708567315,-159.42602085386852,-160.21714585530003,0,0.0,9.964923469387754e-06,100352
bayesfl_observability_v1,ola_sparse_bayesian_keep010_seed42,185,ola,global,,,layers.0.weight,db,7,-159.42602085386852,-157.8437708510055,-158.634895852437,0,0.0,9.964923469387754e-06,100352
bayesfl_observability_v1,ola_sparse_bayesian_keep010_seed42,185,ola,global,,,layers.0.weight,db,8,-157.8437708510055,-156.26152084814248,-157.052645849574,0,0.0,9.964923469387754e-06,100352
bayesfl_observability_v1,ola_sparse_bayesian_keep010_seed42,185,ola,global,,,layers.0.weight,db,9,-156.26152084814248,-154.67927084527946,-155.47039584671097,0,0.0,9.964923469387754e-06,100352
bayesfl_observability_v1,ola_sparse_bayesian_keep010_seed42,185,ola,global,,,layers.0.weight,db,10,-154.67927084527946,-153.09702084241644,-153.88814584384795,1,6.297944984267095e-06,1.992984693877551e-05,100352
bayesfl_observability_v1,ola_sparse_bayesian_keep010_seed42,185,ola,global,,,layers.0.weight,db,11,-153.09702084241644,-151.51477083955342,-152.30589584098493,1,6.297944984267095e-06,2.9894770408163265e-05,100352
bayesfl_observability_v1,ola_sparse_bayesian_keep010_seed42,185,ola,global,,,layers.0.weight,db,12,-151.51477083955342,-149.93252083669043,-150.7236458381219,2,1.2595889968534417e-05,4.982461734693878e-05,100352
bayesfl_observability_v1,ola_sparse_bayesian_keep010_seed42,185,ola,global,,,layers.0.weight,db,13,-149.93252083669043,-148.3502708338274,-149.14139583525892,0,0.0,4.982461734693878e-05,100352
bayesfl_observability_v1,ola_sparse_bayesian_keep010_seed42,185,ola,global,,,layers.0.weight,db,14,-148.3502708338274,-146.7680208309644,-147.5591458323959,1,6.297944984267095e-06,5.978954081632653e-05,100352
bayesfl_observability_v1,ola_sparse_bayesian_keep010_seed42,185,ola,global,,,layers.0.weight,db,15,-146.7680208309644,-145.18577082810137,-145.97689582953288,1,6.297944984267095e-06,6.975446428571428e-05,100352
bayesfl_observability_v1,ola_sparse_bayesian_keep010_seed42,185,ola,global,,,layers.0.weight,db,16,-145.18577082810137,-143.60352082523838,-144.3946458266699,1,6.297944984267208e-06,7.971938775510203e-05,100352
bayesfl_observability_v1,ola_sparse_bayesian_keep010_seed42,185,ola,global,,,layers.0.weight,db,17,-143.60352082523838,-142.02127082237536,-142.81239582380687,0,0.0,7.971938775510203e-05,100352
bayesfl_observability_v1,ola_sparse_bayesian_keep010_seed42,185,ola,global,,,layers.0.weight,db,18,-142.02127082237536,-140.43902081951234,-141.23014582094385,1,6.297944984267095e-06,8.96843112244898e-05,100352
bayesfl_observability_v1,ola_sparse_bayesian_keep010_seed42,185,ola,global,,,layers.0.weight,db,19,-140.43902081951234,-138.85677081664932,-139.64789581808083,2,1.259588996853419e-05,0.0001096141581632653,100352
bayesfl_observability_v1,ola_sparse_bayesian_keep010_seed42,185,ola,global,,,layers.0.weight,db,20,-138.85677081664932,-137.2745208137863,-138.0656458152178,0,0.0,0.0001096141581632653,100352
bayesfl_observability_v1,ola_sparse_bayesian_keep010_seed42,185,ola,global,,,layers.0.weight,db,21,-137.2745208137863,-135.6922708109233,-136.4833958123548,1,6.297944984267208e-06,0.00011957908163265306,100352
bayesfl_observability_v1,ola_sparse_bayesian_keep010_seed42,185,ola,global,,,layers.0.weight,db,22,-135.6922708109233,-134.11002080806028,-134.9011458094918,2,1.259588996853419e-05,0.00013950892857142856,100352
bayesfl_observability_v1,ola_sparse_bayesian_keep010_seed42,185,ola,global,,,layers.0.weight,db,23,-134.11002080806028,-132.52777080519726,-133.31889580662877,1,6.297944984267095e-06,0.00014947385204081633,100352
bayesfl_observability_v1,ola_sparse_bayesian_keep010_seed42,185,ola,global,,,layers.0.weight,db,24,-132.52777080519726,-130.94552080233424,-131.73664580376575,7,4.408561488986967e-05,0.0002192283163265306,100352
bayesfl_observability_v1,ola_sparse_bayesian_keep010_seed42,185,ola,global,,,layers.0.weight,db,25,-130.94552080233424,-129.36327079947125,-130.15439580090276,3,1.8893834952801624e-05,0.0002491230867346939,100352
bayesfl_observability_v1,ola_sparse_bayesian_keep010_seed42,185,ola,global,,,layers.0.weight,db,26,-129.36327079947125,-127.78102079660823,-128.57214579803974,4,2.519177993706838e-05,0.0002889827806122449,100352
bayesfl_observability_v1,ola_sparse_bayesian_keep010_seed42,185,ola,global,,,layers.0.weight,db,27,-127.78102079660823,-126.19877079374521,-126.98989579517672,3,1.8893834952801286e-05,0.00031887755102040814,100352
bayesfl_observability_v1,ola_sparse_bayesian_keep010_seed42,185,ola,global,,,layers.0.weight,db,28,-126.19877079374521,-124.61652079088219,-125.4076457923137,13,8.187328479547223e-05,0.000448421556122449,100352
bayesfl_observability_v1,ola_sparse_bayesian_keep010_seed42,185,ola,global,,,layers.0.weight,db,29,-124.61652079088219,-123.03427078801917,-123.82539578945068,10,6.297944984267095e-05,0.0005480707908163265,100352
bayesfl_observability_v1,ola_sparse_bayesian_keep010_seed42,185,ola,global,,,layers.0.weight,db,30,-123.03427078801917,-121.45202078515617,-122.24314578658766,6,3.778766990560291e-05,0.0006078603316326531,100352
bayesfl_observability_v1,ola_sparse_bayesian_keep010_seed42,185,ola,global,,,layers.0.weight,db,31,-121.45202078515617,-119.86977078229316,-120.66089578372467,11,6.927739482693867e-05,0.0007174744897959184,100352
bayesfl_observability_v1,ola_sparse_bayesian_keep010_seed42,185,ola,global,,,layers.0.weight,db,32,-119.86977078229316,-118.28752077943014,-119.07864578086165,16,0.00010076711974827352,0.0008769132653061224,100352
bayesfl_observability_v1,ola_sparse_bayesian_keep010_seed42,185,ola,global,,,layers.0.weight,db,33,-118.28752077943014,-116.70527077656712,-117.49639577799863,13,8.187328479547223e-05,0.0010064572704081632,100352
bayesfl_observability_v1,ola_sparse_bayesian_keep010_seed42,185,ola,global,,,layers.0.weight,db,34,-116.70527077656712,-115.12302077370411,-115.91414577513561,20,0.00012595889968534303,0.0012057557397959183,100352
bayesfl_observability_v1,ola_sparse_bayesian_keep010_seed42,185,ola,global,,,layers.0.weight,db,35,-115.12302077370411,-113.54077077084109,-114.3318957722726,30,0.00018893834952801286,0.001504703443877551,100352
bayesfl_observability_v1,ola_sparse_bayesian_keep010_seed42,185,ola,global,,,layers.0.weight,db,36,-113.54077077084109,-111.95852076797809,-112.7496457694096,35,0.0002204280744493503,0.0018534757653061226,100352
bayesfl_observability_v1,ola_sparse_bayesian_keep010_seed42,185,ola,global,,,layers.0.weight,db,37,-111.95852076797809,-110.37627076511507,-111.16739576654658,38,0.0002393219094021496,0.002232142857142857,100352
bayesfl_observability_v1,ola_sparse_bayesian_keep010_seed42,185,ola,global,,,layers.0.weight,db,38,-110.37627076511507,-108.79402076225205,-109.58514576368356,33,0.00020783218448081414,0.002560985331632653,100352
bayesfl_observability_v1,ola_sparse_bayesian_keep010_seed42,185,ola,global,,,layers.0.weight,db,39,-108.79402076225205,-107.21177075938904,-108.00289576082054,56,0.0003526849191189605,0.0031190210459183672,100352
bayesfl_observability_v1,ola_sparse_bayesian_keep010_seed42,185,ola,global,,,layers.0.weight,db,40,-107.21177075938904,-105.62952075652602,-106.42064575795753,58,0.0003652808090874915,0.003696986607142857,100352
bayesfl_observability_v1,ola_sparse_bayesian_keep010_seed42,185,ola,global,,,layers.0.weight,db,41,-105.62952075652602,-104.04727075366301,-104.83839575509452,70,0.0004408561488987006,0.00439453125,100352
bayesfl_observability_v1,ola_sparse_bayesian_keep010_seed42,185,ola,global,,,layers.0.weight,db,42,-104.04727075366301,-102.4650207508,-103.2561457522315,84,0.000529027378678436,0.005231584821428571,100352
bayesfl_observability_v1,ola_sparse_bayesian_keep010_seed42,185,ola,global,,,layers.0.weight,db,43,-102.4650207508,-100.88277074793699,-101.67389574936848,127,0.0007998390130019283,0.006497130102040816,100352
bayesfl_observability_v1,ola_sparse_bayesian_keep010_seed42,185,ola,global,,,layers.0.weight,db,44,-100.88277074793699,-99.30052074507397,-100.09164574650548,122,0.0007683492880805856,0.0077128507653061226,100352
bayesfl_observability_v1,ola_sparse_bayesian_keep010_seed42,185,ola,global,,,layers.0.weight,db,45,-99.30052074507397,-97.71827074221095,-98.50939574364246,133,0.0008376266829075237,0.009038185586734694,100352
bayesfl_observability_v1,ola_sparse_bayesian_keep010_seed42,185,ola,global,,,layers.0.weight,db,46,-97.71827074221095,-96.13602073934794,-96.92714574077945,211,0.001328866391680369,0.01114078443877551,100352
bayesfl_observability_v1,ola_sparse_bayesian_keep010_seed42,185,ola,global,,,layers.0.weight,db,47,-96.13602073934794,-94.55377073648492,-95.34489573791643,215,0.0013540581716174256,0.013283242984693877,100352
bayesfl_observability_v1,ola_sparse_bayesian_keep010_seed42,185,ola,global,,,layers.0.weight,db,48,-94.55377073648492,-92.97152073362192,-93.76264573505341,256,0.0016122739159723908,0.015834263392857144,100352
bayesfl_observability_v1,ola_sparse_bayesian_keep010_seed42,185,ola,global,,,layers.0.weight,db,49,-92.97152073362192,-91.3892707307589,-92.1803957321904,309,0.0019460650001385325,0.01891342474489796,100352
bayesfl_observability_v1,ola_sparse_bayesian_keep010_seed42,185,ola,global,,,layers.0.weight,db,50,-91.3892707307589,-89.80702072789589,-90.5981457293274,348,0.0021916848545249687,0.0223812181122449,100352
bayesfl_observability_v1,ola_sparse_bayesian_keep010_seed42,185,ola,global,,,layers.0.weight,db,51,-89.80702072789589,-88.22477072503287,-89.01589572646438,426,0.0026829245632977827,0.02662627551020408,100352
bayesfl_observability_v1,ola_sparse_bayesian_keep010_seed42,185,ola,global,,,layers.0.weight,db,52,-88.22477072503287,-86.64252072216985,-87.43364572360136,547,0.003444975906394101,0.03207708864795918,100352
bayesfl_observability_v1,ola_sparse_bayesian_keep010_seed42,185,ola,global,,,layers.0.weight,db,53,-86.64252072216985,-85.06027071930684,-85.85139572073834,614,0.0038669382203400313,0.03819555165816327,100352
bayesfl_observability_v1,ola_sparse_bayesian_keep010_seed42,185,ola,global,,,layers.0.weight,db,54,-85.06027071930684,-83.47802071644382,-84.26914571787533,746,0.004698266958263253,0.04562938456632653,100352
bayesfl_observability_v1,ola_sparse_bayesian_keep010_seed42,185,ola,global,,,layers.0.weight,db,55,-83.47802071644382,-81.89577071358082,-82.68689571501233,892,0.005617766925966299,0.054518096301020405,100352
bayesfl_observability_v1,ola_sparse_bayesian_keep010_seed42,185,ola,global,,,layers.0.weight,db,56,-81.89577071358082,-80.3135207107178,-81.1046457121493,1097,0.0069088456477410035,0.06544961734693877,100352
bayesfl_observability_v1,ola_sparse_bayesian_keep010_seed42,185,ola,global,,,layers.0.weight,db,57,-80.3135207107178,-78.73127070785478,-79.52239570928629,1290,0.008124349029704553,0.07830436862244898,100352
bayesfl_observability_v1,ola_sparse_bayesian_keep010_seed42,185,ola,global,,,layers.0.weight,db,58,-78.73127070785478,-77.14902070499177,-77.94014570642327,1530,0.009635855825928743,0.09355070153061225,100352
bayesfl_observability_v1,ola_sparse_bayesian_keep010_seed42,185,ola,global,,,layers.0.weight,db,59,-77.14902070499177,-75.56677070212875,-76.35789570356026,1813,0.011418174256476244,0.11161710778061225,100352
bayesfl_observability_v1,ola_sparse_bayesian_keep010_seed42,185,ola,global,,,layers.0.weight,db,60,-75.56677070212875,-73.98452069926574,-74.77564570069725,2263,0.014252249499396564,0.13416772959183673,100352
bayesfl_observability_v1,ola_sparse_bayesian_keep010_seed42,185,ola,global,,,layers.0.weight,db,61,-73.98452069926574,-72.40227069640272,-73.19339569783423,2745,0.017287858981813176,0.16152144451530612,100352
bayesfl_observability_v1,ola_sparse_bayesian_keep010_seed42,185,ola,global,,,layers.0.weight,db,62,-72.40227069640272,-70.82002069353972,-71.61114569497121,3215,0.02024789312441889,0.19355867346938777,100352
bayesfl_observability_v1,ola_sparse_bayesian_keep010_seed42,185,ola,global,,,layers.0.weight,db,63,-70.82002069353972,-69.2377706906767,-70.02889569210821,3892,0.024511601878767535,0.2323421556122449,100352
bayesfl_observability_v1,ola_sparse_bayesian_keep010_seed42,185,ola,global,,,layers.0.weight,db,64,-69.2377706906767,-67.65552068781368,-68.44664568924519,4670,0.029411403076527336,0.2788783482142857,100352
bayesfl_observability_v1,ola_sparse_bayesian_keep010_seed42,185,ola,global,,,layers.0.weight,db,65,-67.65552068781368,-66.07327068495067,-66.86439568638218,5651,0.03558968710609368,0.3351901307397959,100352
bayesfl_observability_v1,ola_sparse_bayesian_keep010_seed42,185,ola,global,,,layers.0.weight,db,66,-66.07327068495067,-64.49102068208765,-65.28214568351916,6699,0.04218993344960527,0.40194515306122447,100352
bayesfl_observability_v1,ola_sparse_bayesian_keep010_seed42,185,ola,global,,,layers.0.weight,db,67,-64.49102068208765,-62.908770679224645,-63.69989568065615,8069,0.05081811807805165,0.4823521205357143,100352
bayesfl_observability_v1,ola_sparse_bayesian_keep010_seed42,185,ola,global,,,layers.0.weight,db,68,-62.908770679224645,-61.326520676361625,-62.117645677793135,9320,0.05869684725336933,0.5752252072704082,100352
bayesfl_observability_v1,ola_sparse_bayesian_keep010_seed42,185,ola,global,,,layers.0.weight,db,69,-61.326520676361625,-59.74427067349862,-60.53539567493012,11256,0.07088966874291106,0.6873903858418368,100352
bayesfl_observability_v1,ola_sparse_bayesian_keep010_seed42,185,ola,global,,,layers.0.weight,db,70,-59.74427067349862,-58.1620206706356,-58.95314567206711,9642,0.06072478553830333,0.7834721779336735,100352
bayesfl_observability_v1,ola_sparse_bayesian_keep010_seed42,185,ola,global,,,layers.0.weight,db,71,-58.1620206706356,-56.57977066777258,-57.37089566920409,5922,0.03729643019682974,0.8424844547193877,100352
bayesfl_observability_v1,ola_sparse_bayesian_keep010_seed42,185,ola,global,,,layers.0.weight,db,72,-56.57977066777258,-54.99752066490957,-55.788645666341075,5004,0.03151491670127283,0.8923489317602041,100352
bayesfl_observability_v1,ola_sparse_bayesian_keep010_seed42,185,ola,global,,,layers.0.weight,db,73,-54.99752066490957,-53.41527066204655,-54.20639566347806,4301,0.027087461377332776,0.9352080676020408,100352
bayesfl_observability_v1,ola_sparse_bayesian_keep010_seed42,185,ola,global,,,layers.0.weight,db,74,-53.41527066204655,-51.833020659183546,-52.62414566061505,3184,0.02005265682990661,0.9669363839285714,100352
bayesfl_observability_v1,ola_sparse_bayesian_keep010_seed42,185,ola,global,,,layers.0.weight,db,75,-51.833020659183546,-50.250770656320526,-51.041895657752036,1992,0.012545506408660053,0.9867865114795918,100352
bayesfl_observability_v1,ola_sparse_bayesian_keep010_seed42,185,ola,global,,,layers.0.weight,db,76,-50.250770656320526,-48.668520653457506,-49.459645654889016,914,0.005756321715620125,0.9958944515306123,100352
bayesfl_observability_v1,ola_sparse_bayesian_keep010_seed42,185,ola,global,,,layers.0.weight,db,77,-48.668520653457506,-47.0862706505945,-47.877395652026,347,0.0021853869095407015,0.9993522799744898,100352
bayesfl_observability_v1,ola_sparse_bayesian_keep010_seed42,185,ola,global,,,layers.0.weight,db,78,-47.0862706505945,-45.50402064773148,-46.29514564916299,59,0.0003715787540717586,0.9999402104591837,100352
bayesfl_observability_v1,ola_sparse_bayesian_keep010_seed42,185,ola,global,,,layers.0.weight,db,79,-45.50402064773148,-43.921770644868474,-44.71289564629998,6,3.778766990560291e-05,1.0,100352
bayesfl_observability_v1,ola_sparse_bayesian_keep010_seed42,185,ola,global,,,layers.0.bias,raw,0,2.3574586748453987e-06,6.458996598520154e-05,3.347371233002347e-05,7,878.7609942705848,0.0546875,128
bayesfl_observability_v1,ola_sparse_bayesian_keep010_seed42,185,ola,global,,,layers.0.bias,raw,1,6.458996598520154e-05,0.00012682247329555768,9.570621964037961e-05,4,502.1491395831913,0.0859375,128
bayesfl_observability_v1,ola_sparse_bayesian_keep010_seed42,185,ola,global,,,layers.0.bias,raw,2,0.00012682247329555768,0.00018905498060591382,0.00015793872695073576,6,753.223709374787,0.1328125,128
bayesfl_observability_v1,ola_sparse_bayesian_keep010_seed42,185,ola,global,,,layers.0.bias,raw,3,0.00018905498060591382,0.00025128748791627,0.0002201712342610919,4,502.1491395831911,0.1640625,128
bayesfl_observability_v1,ola_sparse_bayesian_keep010_seed42,185,ola,global,,,layers.0.bias,raw,4,0.00025128748791627,0.0003135199952266261,0.00028240374157144805,4,502.1491395831915,0.1953125,128
bayesfl_observability_v1,ola_sparse_bayesian_keep010_seed42,185,ola,global,,,layers.0.bias,raw,5,0.0003135199952266261,0.00037575250253698227,0.0003446362488818042,4,502.1491395831911,0.2265625,128
bayesfl_observability_v1,ola_sparse_bayesian_keep010_seed42,185,ola,global,,,layers.0.bias,raw,6,0.00037575250253698227,0.00043798500984733844,0.00040686875619216033,2,251.07456979159554,0.2421875,128
bayesfl_observability_v1,ola_sparse_bayesian_keep010_seed42,185,ola,global,,,layers.0.bias,raw,7,0.00043798500984733844,0.0005002175171576946,0.0004691012635025165,9,1129.835564062181,0.3125,128
bayesfl_observability_v1,ola_sparse_bayesian_keep010_seed42,185,ola,global,,,layers.0.bias,raw,8,0.0005002175171576946,0.0005624500244680507,0.0005313337708128727,1,125.53728489579788,0.3203125,128
bayesfl_observability_v1,ola_sparse_bayesian_keep010_seed42,185,ola,global,,,layers.0.bias,raw,9,0.0005624500244680507,0.0006246825317784068,0.0005935662781232287,3,376.61185468739365,0.34375,128
bayesfl_observability_v1,ola_sparse_bayesian_keep010_seed42,185,ola,global,,,layers.0.bias,raw,10,0.0006246825317784068,0.000686915039088763,0.0006557987854335849,0,0.0,0.34375,128
bayesfl_observability_v1,ola_sparse_bayesian_keep010_seed42,185,ola,global,,,layers.0.bias,raw,11,0.000686915039088763,0.0007491475463991191,0.0007180312927439411,3,376.61185468739365,0.3671875,128
bayesfl_observability_v1,ola_sparse_bayesian_keep010_seed42,185,ola,global,,,layers.0.bias,raw,12,0.0007491475463991191,0.0008113800537094752,0.0007802638000542971,5,627.6864244789895,0.40625,128
bayesfl_observability_v1,ola_sparse_bayesian_keep010_seed42,185,ola,global,,,layers.0.bias,raw,13,0.0008113800537094752,0.0008736125610198315,0.0008424963073646533,4,502.1491395831907,0.4375,128
bayesfl_observability_v1,ola_sparse_bayesian_keep010_seed42,185,ola,global,,,layers.0.bias,raw,14,0.0008736125610198315,0.0009358450683301876,0.0009047288146750096,3,376.61185468739365,0.4609375,128
bayesfl_observability_v1,ola_sparse_bayesian_keep010_seed42,185,ola,global,,,layers.0.bias,raw,15,0.0009358450683301876,0.0009980775756405437,0.0009669613219853656,1,125.53728489579788,0.46875,128
bayesfl_observability_v1,ola_sparse_bayesian_keep010_seed42,185,ola,global,,,layers.0.bias,raw,16,0.0009980775756405437,0.0010603100829509,0.0010291938292957218,3,376.611854687393,0.4921875,128
bayesfl_observability_v1,ola_sparse_bayesian_keep010_seed42,185,ola,global,,,layers.0.bias,raw,17,0.0010603100829509,0.001122542590261256,0.001091426336606078,5,627.6864244789905,0.53125,128
bayesfl_observability_v1,ola_sparse_bayesian_keep010_seed42,185,ola,global,,,layers.0.bias,raw,18,0.001122542590261256,0.0011847750975716121,0.001153658843916434,5,627.6864244789883,0.5703125,128
bayesfl_observability_v1,ola_sparse_bayesian_keep010_seed42,185,ola,global,,,layers.0.bias,raw,19,0.0011847750975716121,0.0012470076048819681,0.00121589135122679,2,251.07456979159622,0.5859375,128
bayesfl_observability_v1,ola_sparse_bayesian_keep010_seed42,185,ola,global,,,layers.0.bias,raw,20,0.0012470076048819681,0.0013092401121923244,0.0012781238585371463,1,125.53728489579767,0.59375,128
bayesfl_observability_v1,ola_sparse_bayesian_keep010_seed42,185,ola,global,,,layers.0.bias,raw,21,0.0013092401121923244,0.0013714726195026806,0.0013403563658475025,6,753.223709374786,0.640625,128
bayesfl_observability_v1,ola_sparse_bayesian_keep010_seed42,185,ola,global,,,layers.0.bias,raw,22,0.0013714726195026806,0.0014337051268130366,0.0014025888731578587,3,376.6118546873943,0.6640625,128
bayesfl_observability_v1,ola_sparse_bayesian_keep010_seed42,185,ola,global,,,layers.0.bias,raw,23,0.0014337051268130366,0.0014959376341233928,0.0014648213804682147,3,376.611854687393,0.6875,128
bayesfl_observability_v1,ola_sparse_bayesian_keep010_seed42,185,ola,global,,,layers.0.bias,raw,24,0.0014959376341233928,0.001558170141433749,0.001527053887778571,2,251.07456979159534,0.703125,128
bayesfl_observability_v1,ola_sparse_bayesian_keep010_seed42,185,ola,global,,,layers.0.bias,raw,25,0.001558170141433749,0.001620402648744105,0.001589286395088927,2,251.07456979159622,0.71875,128
bayesfl_observability_v1,ola_sparse_bayesian_keep010_seed42,185,ola,global,,,layers.0.bias,raw,26,0.001620402648744105,0.0016826351560544613,0.0016515189023992832,5,627.6864244789883,0.7578125,128
bayesfl_observability_v1,ola_sparse_bayesian_keep010_seed42,185,ola,global,,,layers.0.bias,raw,27,0.0016826351560544613,0.0017448676633648175,0.0017137514097096394,4,502.1491395831907,0.7890625,128
bayesfl_observability_v1,ola_sparse_bayesian_keep010_seed42,185,ola,global,,,layers.0.bias,raw,28,0.0017448676633648175,0.0018071001706751735,0.0017759839170199956,0,0.0,0.7890625,128
bayesfl_observability_v1,ola_sparse_bayesian_keep010_seed42,185,ola,global,,,layers.0.bias,raw,29,0.0018071001706751735,0.0018693326779855297,0.0018382164243303516,2,251.07456979159534,0.8046875,128
bayesfl_observability_v1,ola_sparse_bayesian_keep010_seed42,185,ola,global,,,layers.0.bias,raw,30,0.0018693326779855297,0.0019315651852958857,0.0019004489316407076,2,251.07456979159622,0.8203125,128
bayesfl_observability_v1,ola_sparse_bayesian_keep010_seed42,185,ola,global,,,layers.0.bias,raw,31,0.0019315651852958857,0.0019937976926062417,0.001962681438951064,0,0.0,0.8203125,128
bayesfl_observability_v1,ola_sparse_bayesian_keep010_seed42,185,ola,global,,,layers.0.bias,raw,32,0.0019937976926062417,0.002056030199916598,0.0020249139462614196,3,376.611854687393,0.84375,128
bayesfl_observability_v1,ola_sparse_bayesian_keep010_seed42,185,ola,global,,,layers.0.bias,raw,33,0.002056030199916598,0.002118262707226954,0.0020871464535717763,1,125.53728489579767,0.8515625,128
bayesfl_observability_v1,ola_sparse_bayesian_keep010_seed42,185,ola,global,,,layers.0.bias,raw,34,0.002118262707226954,0.00218049521453731,0.002149378960882132,2,251.07456979159707,0.8671875,128
bayesfl_observability_v1,ola_sparse_bayesian_keep010_seed42,185,ola,global,,,layers.0.bias,raw,35,0.00218049521453731,0.002242727721847666,0.002211611468192488,0,0.0,0.8671875,128
bayesfl_observability_v1,ola_sparse_bayesian_keep010_seed42,185,ola,global,,,layers.0.bias,raw,36,0.002242727721847666,0.0023049602291580224,0.0022738439755028445,2,251.07456979159534,0.8828125,128
bayesfl_observability_v1,ola_sparse_bayesian_keep010_seed42,185,ola,global,,,layers.0.bias,raw,37,0.0023049602291580224,0.0023671927364683786,0.0023360764828132003,3,376.611854687393,0.90625,128
bayesfl_observability_v1,ola_sparse_bayesian_keep010_seed42,185,ola,global,,,layers.0.bias,raw,38,0.0023671927364683786,0.002429425243778735,0.002398308990123557,2,251.07456979159534,0.921875,128
bayesfl_observability_v1,ola_sparse_bayesian_keep010_seed42,185,ola,global,,,layers.0.bias,raw,39,0.002429425243778735,0.0024916577510890906,0.0024605414974339128,1,125.53728489579854,0.9296875,128
bayesfl_observability_v1,ola_sparse_bayesian_keep010_seed42,185,ola,global,,,layers.0.bias,raw,40,0.0024916577510890906,0.002553890258399447,0.0025227740047442685,2,251.07456979159534,0.9453125,128
bayesfl_observability_v1,ola_sparse_bayesian_keep010_seed42,185,ola,global,,,layers.0.bias,raw,41,0.002553890258399447,0.002616122765709803,0.002585006512054625,1,125.53728489579767,0.953125,128
bayesfl_observability_v1,ola_sparse_bayesian_keep010_seed42,185,ola,global,,,layers.0.bias,raw,42,0.002616122765709803,0.0026783552730201593,0.002647239019364981,0,0.0,0.953125,128
bayesfl_observability_v1,ola_sparse_bayesian_keep010_seed42,185,ola,global,,,layers.0.bias,raw,43,0.0026783552730201593,0.0027405877803305155,0.0027094715266753376,0,0.0,0.953125,128
bayesfl_observability_v1,ola_sparse_bayesian_keep010_seed42,185,ola,global,,,layers.0.bias,raw,44,0.0027405877803305155,0.0028028202876408718,0.0027717040339856934,3,376.611854687393,0.9765625,128
bayesfl_observability_v1,ola_sparse_bayesian_keep010_seed42,185,ola,global,,,layers.0.bias,raw,45,0.0028028202876408718,0.0028650527949512276,0.0028339365412960497,0,0.0,0.9765625,128
bayesfl_observability_v1,ola_sparse_bayesian_keep010_seed42,185,ola,global,,,layers.0.bias,raw,46,0.0028650527949512276,0.0029272853022615838,0.002896169048606406,1,125.53728489579767,0.984375,128
bayesfl_observability_v1,ola_sparse_bayesian_keep010_seed42,185,ola,global,,,layers.0.bias,raw,47,0.0029272853022615838,0.00298951780957194,0.0029584015559167617,0,0.0,0.984375,128
bayesfl_observability_v1,ola_sparse_bayesian_keep010_seed42,185,ola,global,,,layers.0.bias,raw,48,0.00298951780957194,0.0030517503168822962,0.0030206340632271183,1,125.53728489579767,0.9921875,128
bayesfl_observability_v1,ola_sparse_bayesian_keep010_seed42,185,ola,global,,,layers.0.bias,raw,49,0.0030517503168822962,0.0031139828241926524,0.003082866570537474,0,0.0,0.9921875,128
bayesfl_observability_v1,ola_sparse_bayesian_keep010_seed42,185,ola,global,,,layers.0.bias,raw,50,0.0031139828241926524,0.0031762153315030082,0.0031450990778478303,0,0.0,0.9921875,128
bayesfl_observability_v1,ola_sparse_bayesian_keep010_seed42,185,ola,global,,,layers.0.bias,raw,51,0.0031762153315030082,0.0032384478388133645,0.0032073315851581866,0,0.0,0.9921875,128
bayesfl_observability_v1,ola_sparse_bayesian_keep010_seed42,185,ola,global,,,layers.0.bias,raw,52,0.0032384478388133645,0.0033006803461237207,0.0032695640924685423,0,0.0,0.9921875,128
bayesfl_observability_v1,ola_sparse_bayesian_keep010_seed42,185,ola,global,,,layers.0.bias,raw,53,0.0033006803461237207,0.003362912853434077,0.003331796599778899,0,0.0,0.9921875,128
bayesfl_observability_v1,ola_sparse_bayesian_keep010_seed42,185,ola,global,,,layers.0.bias,raw,54,0.003362912853434077,0.003425145360744433,0.003394029107089255,0,0.0,0.9921875,128
bayesfl_observability_v1,ola_sparse_bayesian_keep010_seed42,185,ola,global,,,layers.0.bias,raw,55,0.003425145360744433,0.0034873778680547893,0.0034562616143996115,0,0.0,0.9921875,128
bayesfl_observability_v1,ola_sparse_bayesian_keep010_seed42,185,ola,global,,,layers.0.bias,raw,56,0.0034873778680547893,0.003549610375365145,0.0035184941217099672,0,0.0,0.9921875,128
bayesfl_observability_v1,ola_sparse_bayesian_keep010_seed42,185,ola,global,,,layers.0.bias,raw,57,0.003549610375365145,0.0036118428826755014,0.003580726629020323,0,0.0,0.9921875,128
bayesfl_observability_v1,ola_sparse_bayesian_keep010_seed42,185,ola,global,,,layers.0.bias,raw,58,0.0036118428826755014,0.0036740753899858576,0.0036429591363306797,0,0.0,0.9921875,128
bayesfl_observability_v1,ola_sparse_bayesian_keep010_seed42,185,ola,global,,,layers.0.bias,raw,59,0.0036740753899858576,0.003736307897296214,0.0037051916436410355,0,0.0,0.9921875,128
bayesfl_observability_v1,ola_sparse_bayesian_keep010_seed42,185,ola,global,,,layers.0.bias,raw,60,0.003736307897296214,0.00379854040460657,0.003767424150951392,0,0.0,0.9921875,128
bayesfl_observability_v1,ola_sparse_bayesian_keep010_seed42,185,ola,global,,,layers.0.bias,raw,61,0.00379854040460657,0.003860772911916926,0.003829656658261748,0,0.0,0.9921875,128
bayesfl_observability_v1,ola_sparse_bayesian_keep010_seed42,185,ola,global,,,layers.0.bias,raw,62,0.003860772911916926,0.0039230054192272825,0.003891889165572104,0,0.0,0.9921875,128
bayesfl_observability_v1,ola_sparse_bayesian_keep010_seed42,185,ola,global,,,layers.0.bias,raw,63,0.0039230054192272825,0.003985237926537638,0.00395412167288246,0,0.0,0.9921875,128
bayesfl_observability_v1,ola_sparse_bayesian_keep010_seed42,185,ola,global,,,layers.0.bias,raw,64,0.003985237926537638,0.004047470433847994,0.004016354180192816,0,0.0,0.9921875,128
bayesfl_observability_v1,ola_sparse_bayesian_keep010_seed42,185,ola,global,,,layers.0.bias,raw,65,0.004047470433847994,0.004109702941158351,0.004078586687503173,0,0.0,0.9921875,128
bayesfl_observability_v1,ola_sparse_bayesian_keep010_seed42,185,ola,global,,,layers.0.bias,raw,66,0.004109702941158351,0.0041719354484687065,0.004140819194813529,0,0.0,0.9921875,128
bayesfl_observability_v1,ola_sparse_bayesian_keep010_seed42,185,ola,global,,,layers.0.bias,raw,67,0.0041719354484687065,0.004234167955779063,0.004203051702123884,0,0.0,0.9921875,128
bayesfl_observability_v1,ola_sparse_bayesian_keep010_seed42,185,ola,global,,,layers.0.bias,raw,68,0.004234167955779063,0.004296400463089419,0.004265284209434241,0,0.0,0.9921875,128
bayesfl_observability_v1,ola_sparse_bayesian_keep010_seed42,185,ola,global,,,layers.0.bias,raw,69,0.004296400463089419,0.004358632970399775,0.004327516716744597,0,0.0,0.9921875,128
bayesfl_observability_v1,ola_sparse_bayesian_keep010_seed42,185,ola,global,,,layers.0.bias,raw,70,0.004358632970399775,0.004420865477710131,0.0043897492240549535,0,0.0,0.9921875,128
bayesfl_observability_v1,ola_sparse_bayesian_keep010_seed42,185,ola,global,,,layers.0.bias,raw,71,0.004420865477710131,0.004483097985020487,0.004451981731365309,0,0.0,0.9921875,128
bayesfl_observability_v1,ola_sparse_bayesian_keep010_seed42,185,ola,global,,,layers.0.bias,raw,72,0.004483097985020487,0.004545330492330844,0.004514214238675665,0,0.0,0.9921875,128
bayesfl_observability_v1,ola_sparse_bayesian_keep010_seed42,185,ola,global,,,layers.0.bias,raw,73,0.004545330492330844,0.0046075629996412,0.004576446745986022,0,0.0,0.9921875,128
bayesfl_observability_v1,ola_sparse_bayesian_keep010_seed42,185,ola,global,,,layers.0.bias,raw,74,0.0046075629996412,0.004669795506951555,0.0046386792532963775,0,0.0,0.9921875,128
bayesfl_observability_v1,ola_sparse_bayesian_keep010_seed42,185,ola,global,,,layers.0.bias,raw,75,0.004669795506951555,0.004732028014261912,0.004700911760606734,0,0.0,0.9921875,128
bayesfl_observability_v1,ola_sparse_bayesian_keep010_seed42,185,ola,global,,,layers.0.bias,raw,76,0.004732028014261912,0.004794260521572268,0.00476314426791709,0,0.0,0.9921875,128
bayesfl_observability_v1,ola_sparse_bayesian_keep010_seed42,185,ola,global,,,layers.0.bias,raw,77,0.004794260521572268,0.0048564930288826245,0.004825376775227446,0,0.0,0.9921875,128
bayesfl_observability_v1,ola_sparse_bayesian_keep010_seed42,185,ola,global,,,layers.0.bias,raw,78,0.0048564930288826245,0.00491872553619298,0.004887609282537802,0,0.0,0.9921875,128
bayesfl_observability_v1,ola_sparse_bayesian_keep010_seed42,185,ola,global,,,layers.0.bias,raw,79,0.00491872553619298,0.004980958043503336,0.004949841789848158,1,125.53728489579854,1.0,128
bayesfl_observability_v1,ola_sparse_bayesian_keep010_seed42,185,ola,global,,,layers.0.bias,db,0,-112.55111454565707,-111.71989739293436,-112.1355059692957,2,0.018797735283516616,0.015625,128
bayesfl_observability_v1,ola_sparse_bayesian_keep010_seed42,185,ola,global,,,layers.0.bias,db,1,-111.71989739293436,-110.88868024021163,-111.30428881657299,0,0.0,0.015625,128
bayesfl_observability_v1,ola_sparse_bayesian_keep010_seed42,185,ola,global,,,layers.0.bias,db,2,-110.88868024021163,-110.05746308748891,-110.47307166385028,0,0.0,0.015625,128
bayesfl_observability_v1,ola_sparse_bayesian_keep010_seed42,185,ola,global,,,layers.0.bias,db,3,-110.05746308748891,-109.2262459347662,-109.64185451112755,0,0.0,0.015625,128
bayesfl_observability_v1,ola_sparse_bayesian_keep010_seed42,185,ola,global,,,layers.0.bias,db,4,-109.2262459347662,-108.39502878204347,-108.81063735840483,0,0.0,0.015625,128
bayesfl_observability_v1,ola_sparse_bayesian_keep010_seed42,185,ola,global,,,layers.0.bias,db,5,-108.39502878204347,-107.56381162932075,-107.97942020568212,0,0.0,0.015625,128
bayesfl_observability_v1,ola_sparse_bayesian_keep010_seed42,185,ola,global,,,layers.0.bias,db,6,-107.56381162932075,-106.73259447659804,-107.14820305295939,0,0.0,0.015625,128
bayesfl_observability_v1,ola_sparse_bayesian_keep010_seed42,185,ola,global,,,layers.0.bias,db,7,-106.73259447659804,-105.90137732387531,-106.31698590023667,0,0.0,0.015625,128
bayesfl_observability_v1,ola_sparse_bayesian_keep010_seed42,185,ola,global,,,layers.0.bias,db,8,-105.90137732387531,-105.0701601711526,-105.48576874751396,0,0.0,0.015625,128
bayesfl_observability_v1,ola_sparse_bayesian_keep010_seed42,185,ola,global,,,layers.0.bias,db,9,-105.0701601711526,-104.23894301842988,-104.65455159479123,0,0.0,0.015625,128
bayesfl_observability_v1,ola_sparse_bayesian_keep010_seed42,185,ola,global,,,layers.0.bias,db,10,-104.23894301842988,-103.40772586570715,-103.82333444206851,0,0.0,0.015625,128
bayesfl_observability_v1,ola_sparse_bayesian_keep010_seed42,185,ola,global,,,layers.0.bias,db,11,-103.40772586570715,-102.57650871298443,-102.9921172893458,0,0.0,0.015625,128
bayesfl_observability_v1,ola_sparse_bayesian_keep010_seed42,185,ola,global,,,layers.0.bias,db,12,-102.57650871298443,-101.74529156026172,-102.16090013662307,1,0.009398867641758308,0.0234375,128
bayesfl_observability_v1,ola_sparse_bayesian_keep010_seed42,185,ola,global,,,layers.0.bias,db,13,-101.74529156026172,-100.91407440753899,-101.32968298390035,0,0.0,0.0234375,128
bayesfl_observability_v1,ola_sparse_bayesian_keep010_seed42,185,ola,global,,,layers.0.bias,db,14,-100.91407440753899,-100.08285725481628,-100.49846583117764,0,0.0,0.0234375,128
bayesfl_observability_v1,ola_sparse_bayesian_keep010_seed42,185,ola,global,,,layers.0.bias,db,15,-100.08285725481628,-99.25164010209356,-99.66724867845491,0,0.0,0.0234375,128
bayesfl_observability_v1,ola_sparse_bayesian_keep010_seed42,185,ola,global,,,layers.0.bias,db,16,-99.25164010209356,-98.42042294937083,-98.8360315257322,0,0.0,0.0234375,128
bayesfl_observability_v1,ola_sparse_bayesian_keep010_seed42,185,ola,global,,,layers.0.bias,db,17,-98.42042294937083,-97.58920579664812,-98.00481437300948,0,0.0,0.0234375,128
bayesfl_observability_v1,ola_sparse_bayesian_keep010_seed42,185,ola,global,,,layers.0.bias,db,18,-97.58920579664812,-96.7579886439254,-97.17359722028675,0,0.0,0.0234375,128
bayesfl_observability_v1,ola_sparse_bayesian_keep010_seed42,185,ola,global,,,layers.0.bias,db,19,-96.7579886439254,-95.92677149120267,-96.34238006756404,0,0.0,0.0234375,128
bayesfl_observability_v1,ola_sparse_bayesian_keep010_seed42,185,ola,global,,,layers.0.bias,db,20,-95.92677149120267,-95.09555433847996,-95.51116291484132,0,0.0,0.0234375,128
bayesfl_observability_v1,ola_sparse_bayesian_keep010_seed42,185,ola,global,,,layers.0.bias,db,21,-95.09555433847996,-94.26433718575723,-94.67994576211859,0,0.0,0.0234375,128
bayesfl_observability_v1,ola_sparse_bayesian_keep010_seed42,185,ola,global,,,layers.0.bias,db,22,-94.26433718575723,-93.43312003303451,-93.84872860939586,0,0.0,0.0234375,128
bayesfl_observability_v1,ola_sparse_bayesian_keep010_seed42,185,ola,global,,,layers.0.bias,db,23,-93.43312003303451,-92.6019028803118,-93.01751145667316,0,0.0,0.0234375,128
bayesfl_observability_v1,ola_sparse_bayesian_keep010_seed42,185,ola,global,,,layers.0.bias,db,24,-92.6019028803118,-91.77068572758907,-92.18629430395043,0,0.0,0.0234375,128
bayesfl_observability_v1,ola_sparse_bayesian_keep010_seed42,185,ola,global,,,layers.0.bias,db,25,-91.77068572758907,-90.93946857486635,-91.3550771512277,0,0.0,0.0234375,128
bayesfl_observability_v1,ola_sparse_bayesian_keep010_seed42,185,ola,global,,,layers.0.bias,db,26,-90.93946857486635,-90.10825142214364,-90.523859998505,0,0.0,0.0234375,128
bayesfl_observability_v1,ola_sparse_bayesian_keep010_seed42,185,ola,global,,,layers.0.bias,db,27,-90.10825142214364,-89.27703426942091,-89.69264284578227,0,0.0,0.0234375,128
bayesfl_observability_v1,ola_sparse_bayesian_keep010_seed42,185,ola,global,,,layers.0.bias,db,28,-89.27703426942091,-88.4458171166982,-88.86142569305954,1,0.009398867641758308,0.03125,128
bayesfl_observability_v1,ola_sparse_bayesian_keep010_seed42,185,ola,global,,,layers.0.bias,db,29,-88.4458171166982,-87.61459996397548,-88.03020854033684,0,0.0,0.03125,128
bayesfl_observability_v1,ola_sparse_bayesian_keep010_seed42,185,ola,global,,,layers.0.bias,db,30,-87.61459996397548,-86.78338281125275,-87.19899138761411,2,0.018797735283516297,0.046875,128
bayesfl_observability_v1,ola_sparse_bayesian_keep010_seed42,185,ola,global,,,layers.0.bias,db,31,-86.78338281125275,-85.95216565853003,-86.36777423489139,1,0.009398867641758308,0.0546875,128
bayesfl_observability_v1,ola_sparse_bayesian_keep010_seed42,185,ola,global,,,layers.0.bias,db,32,-85.95216565853003,-85.12094850580732,-85.53655708216868,0,0.0,0.0546875,128
bayesfl_observability_v1,ola_sparse_bayesian_keep010_seed42,185,ola,global,,,layers.0.bias,db,33,-85.12094850580732,-84.28973135308459,-84.70533992944596,0,0.0,0.0546875,128
bayesfl_observability_v1,ola_sparse_bayesian_keep010_seed42,185,ola,global,,,layers.0.bias,db,34,-84.28973135308459,-83.45851420036188,-83.87412277672323,0,0.0,0.0546875,128
bayesfl_observability_v1,ola_sparse_bayesian_keep010_seed42,185,ola,global,,,layers.0.bias,db,35,-83.45851420036188,-82.62729704763916,-83.04290562400053,0,0.0,0.0546875,128
bayesfl_observability_v1,ola_sparse_bayesian_keep010_seed42,185,ola,global,,,layers.0.bias,db,36,-82.62729704763916,-81.79607989491643,-82.2116884712778,0,0.0,0.0546875,128
bayesfl_observability_v1,ola_sparse_bayesian_keep010_seed42,185,ola,global,,,layers.0.bias,db,37,-81.79607989491643,-80.96486274219372,-81.38047131855507,1,0.009398867641758308,0.0625,128
bayesfl_observability_v1,ola_sparse_bayesian_keep010_seed42,185,ola,global,,,layers.0.bias,db,38,-80.96486274219372,-80.133645589471,-80.54925416583237,1,0.009398867641758308,0.0703125,128
bayesfl_observability_v1,ola_sparse_bayesian_keep010_seed42,185,ola,global,,,layers.0.bias,db,39,-80.133645589471,-79.30242843674827,-79.71803701310964,0,0.0,0.0703125,128
bayesfl_observability_v1,ola_sparse_bayesian_keep010_seed42,185,ola,global,,,layers.0.bias,db,40,-79.30242843674827,-78.47121128402556,-78.88681986038691,1,0.009398867641758308,0.078125,128
bayesfl_observability_v1,ola_sparse_bayesian_keep010_seed42,185,ola,global,,,layers.0.bias,db,41,-78.47121128402556,-77.63999413130284,-78.0556027076642,2,0.018797735283516616,0.09375,128
bayesfl_observability_v1,ola_sparse_bayesian_keep010_seed42,185,ola,global,,,layers.0.bias,db,42,-77.63999413130284,-76.80877697858011,-77.22438555494148,1,0.009398867641758148,0.1015625,128
bayesfl_observability_v1,ola_sparse_bayesian_keep010_seed42,185,ola,global,,,layers.0.bias,db,43,-76.80877697858011,-75.9775598258574,-76.39316840221875,2,0.018797735283516616,0.1171875,128
bayesfl_observability_v1,ola_sparse_bayesian_keep010_seed42,185,ola,global,,,layers.0.bias,db,44,-75.9775598258574,-75.14634267313468,-75.56195124949605,1,0.009398867641758308,0.125,128
bayesfl_observability_v1,ola_sparse_bayesian_keep010_seed42,185,ola,global,,,layers.0.bias,db,45,-75.14634267313468,-74.31512552041195,-74.73073409677332,1,0.009398867641758148,0.1328125,128
bayesfl_observability_v1,ola_sparse_bayesian_keep010_seed42,185,ola,global,,,layers.0.bias,db,46,-74.31512552041195,-73.48390836768924,-73.89951694405059,1,0.009398867641758308,0.140625,128
bayesfl_observability_v1,ola_sparse_bayesian_keep010_seed42,185,ola,global,,,layers.0.bias,db,47,-73.48390836768924,-72.65269121496652,-73.06829979132789,2,0.018797735283516616,0.15625,128
bayesfl_observability_v1,ola_sparse_bayesian_keep010_seed42,185,ola,global,,,layers.0.bias,db,48,-72.65269121496652,-71.8214740622438,-72.23708263860516,1,0.009398867641758148,0.1640625,128
bayesfl_observability_v1,ola_sparse_bayesian_keep010_seed42,185,ola,global,,,layers.0.bias,db,49,-71.8214740622438,-70.99025690952108,-71.40586548588243,1,0.009398867641758308,0.171875,128
bayesfl_observability_v1,ola_sparse_bayesian_keep010_seed42,185,ola,global,,,layers.0.bias,db,50,-70.99025690952108,-70.15903975679836,-70.57464833315973,3,0.028196602925274924,0.1953125,128
bayesfl_observability_v1,ola_sparse_bayesian_keep010_seed42,185,ola,global,,,layers.0.bias,db,51,-70.15903975679836,-69.32782260407564,-69.743431180437,0,0.0,0.1953125,128
bayesfl_observability_v1,ola_sparse_bayesian_keep010_seed42,185,ola,global,,,layers.0.bias,db,52,-69.32782260407564,-68.49660545135292,-68.91221402771427,4,0.03759547056703323,0.2265625,128
bayesfl_observability_v1,ola_sparse_bayesian_keep010_seed42,185,ola,global,,,layers.0.bias,db,53,-68.49660545135292,-67.6653882986302,-68.08099687499157,1,0.009398867641758308,0.234375,128
bayesfl_observability_v1,ola_sparse_bayesian_keep010_seed42,185,ola,global,,,layers.0.bias,db,54,-67.6653882986302,-66.83417114590748,-67.24977972226884,3,0.02819660292527444,0.2578125,128
bayesfl_observability_v1,ola_sparse_bayesian_keep010_seed42,185,ola,global,,,layers.0.bias,db,55,-66.83417114590748,-66.00295399318476,-66.41856256954611,7,0.06579207349230816,0.3125,128
bayesfl_observability_v1,ola_sparse_bayesian_keep010_seed42,185,ola,global,,,layers.0.bias,db,56,-66.00295399318476,-65.17173684046205,-65.58734541682341,0,0.0,0.3125,128
bayesfl_observability_v1,ola_sparse_bayesian_keep010_seed42,185,ola,global,,,layers.0.bias,db,57,-65.17173684046205,-64.34051968773932,-64.75612826410068,3,0.02819660292527444,0.3359375,128
bayesfl_observability_v1,ola_sparse_bayesian_keep010_seed42,185,ola,global,,,layers.0.bias,db,58,-64.34051968773932,-63.5093025350166,-63.92491111137796,1,0.009398867641758308,0.34375,128
bayesfl_observability_v1,ola_sparse_bayesian_keep010_seed42,185,ola,global,,,layers.0.bias,db,59,-63.5093025350166,-62.67808538229389,-63.093693958655244,2,0.018797735283516616,0.359375,128
bayesfl_observability_v1,ola_sparse_bayesian_keep010_seed42,185,ola,global,,,layers.0.bias,db,60,-62.67808538229389,-61.846868229571164,-62.26247680593252,5,0.04699433820879114,0.3984375,128
bayesfl_observability_v1,ola_sparse_bayesian_keep010_seed42,185,ola,global,,,layers.0.bias,db,61,-61.846868229571164,-61.01565107684844,-61.43125965320981,5,0.04699433820879114,0.4375,128
bayesfl_observability_v1,ola_sparse_bayesian_keep010_seed42,185,ola,global,,,layers.0.bias,db,62,-61.01565107684844,-60.18443392412573,-60.600042500487085,4,0.03759547056703323,0.46875,128
bayesfl_observability_v1,ola_sparse_bayesian_keep010_seed42,185,ola,global,,,layers.0.bias,db,63,-60.18443392412573,-59.353216771403005,-59.76882534776436,4,0.03759547056703291,0.5,128
bayesfl_observability_v1,ola_sparse_bayesian_keep010_seed42,185,ola,global,,,layers.0.bias,db,64,-59.353216771403005,-58.52199961868028,-58.93760819504165,9,0.08458980877582405,0.5703125,128
bayesfl_observability_v1,ola_sparse_bayesian_keep010_seed42,185,ola,global,,,layers.0.bias,db,65,-58.52199961868028,-57.69078246595757,-58.106391042318926,3,0.028196602925274924,0.59375,128
bayesfl_observability_v1,ola_sparse_bayesian_keep010_seed42,185,ola,global,,,layers.0.bias,db,66,-57.69078246595757,-56.859565313234846,-57.2751738895962,9,0.08458980877582405,0.6640625,128
bayesfl_observability_v1,ola_sparse_bayesian_keep010_seed42,185,ola,global,,,layers.0.bias,db,67,-56.859565313234846,-56.028348160512124,-56.44395673687349,5,0.04699433820879114,0.703125,128
bayesfl_observability_v1,ola_sparse_bayesian_keep010_seed42,185,ola,global,,,layers.0.bias,db,68,-56.028348160512124,-55.19713100778941,-55.612739584150766,11,0.10338754405934139,0.7890625,128
bayesfl_observability_v1,ola_sparse_bayesian_keep010_seed42,185,ola,global,,,layers.0.bias,db,69,-55.19713100778941,-54.36591385506669,-54.781522431428044,3,0.028196602925274684,0.8125,128
bayesfl_observability_v1,ola_sparse_bayesian_keep010_seed42,185,ola,global,,,layers.0.bias,db,70,-54.36591385506669,-53.534696702343965,-53.95030527870533,5,0.04699433820879114,0.8515625,128
bayesfl_observability_v1,ola_sparse_bayesian_keep010_seed42,185,ola,global,,,layers.0.bias,db,71,-53.534696702343965,-52.70347954962125,-53.11908812598261,4,0.03759547056703323,0.8828125,128
bayesfl_observability_v1,ola_sparse_bayesian_keep010_seed42,185,ola,global,,,layers.0.bias,db,72,-52.70347954962125,-51.87226239689853,-52.287870973259885,8,0.07519094113406583,0.9453125,128
bayesfl_observability_v1,ola_sparse_bayesian_keep010_seed42,185,ola,global,,,layers.0.bias,db,73,-51.87226239689853,-51.041045244175805,-51.45665382053717,4,0.03759547056703291,0.9765625,128
bayesfl_observability_v1,ola_sparse_bayesian_keep010_seed42,185,ola,global,,,layers.0.bias,db,74,-51.041045244175805,-50.20982809145309,-50.62543666781445,2,0.018797735283516616,0.9921875,128
bayesfl_observability_v1,ola_sparse_bayesian_keep010_seed42,185,ola,global,,,layers.0.bias,db,75,-50.20982809145309,-49.37861093873037,-49.794219515091726,0,0.0,0.9921875,128
bayesfl_observability_v1,ola_sparse_bayesian_keep010_seed42,185,ola,global,,,layers.0.bias,db,76,-49.37861093873037,-48.547393786007646,-48.96300236236901,0,0.0,0.9921875,128
bayesfl_observability_v1,ola_sparse_bayesian_keep010_seed42,185,ola,global,,,layers.0.bias,db,77,-48.547393786007646,-47.71617663328493,-48.13178520964629,0,0.0,0.9921875,128
bayesfl_observability_v1,ola_sparse_bayesian_keep010_seed42,185,ola,global,,,layers.0.bias,db,78,-47.71617663328493,-46.8849594805622,-47.30056805692357,0,0.0,0.9921875,128
bayesfl_observability_v1,ola_sparse_bayesian_keep010_seed42,185,ola,global,,,layers.0.bias,db,79,-46.8849594805622,-46.05374232783949,-46.469350904200844,1,0.009398867641758308,1.0,128
bayesfl_observability_v1,ola_sparse_bayesian_keep010_seed42,185,ola,global,,,layers.1.weight,raw,0,2.913683095576849e-06,0.0014969094004587803,0.0007499115417771786,181,94.64970237637094,0.14140625,1280
bayesfl_observability_v1,ola_sparse_bayesian_keep010_seed42,185,ola,global,,,layers.1.weight,raw,1,0.0014969094004587803,0.002990905117821984,0.002243907259140382,152,79.48483293485295,0.26015625,1280
bayesfl_observability_v1,ola_sparse_bayesian_keep010_seed42,185,ola,global,,,layers.1.weight,raw,2,0.002990905117821984,0.0044849008351851875,0.003737902976503586,162,84.71409825951432,0.38671875,1280
bayesfl_observability_v1,ola_sparse_bayesian_keep010_seed42,185,ola,global,,,layers.1.weight,raw,3,0.0044849008351851875,0.005978896552548391,0.005231898693866789,126,65.88874309073337,0.48515625,1280
bayesfl_observability_v1,ola_sparse_bayesian_keep010_seed42,185,ola,global,,,layers.1.weight,raw,4,0.005978896552548391,0.007472892269911594,0.006725894411229992,112,58.56777163620744,0.57265625,1280
bayesfl_observability_v1,ola_sparse_bayesian_keep010_seed42,185,ola,global,,,layers.1.weight,raw,5,0.007472892269911594,0.008966887987274798,0.008219890128593196,97,50.72387364921534,0.6484375,1280
bayesfl_observability_v1,ola_sparse_bayesian_keep010_seed42,185,ola,global,,,layers.1.weight,raw,6,0.008966887987274798,0.010460883704638001,0.0097138858459564,64,33.46729807783282,0.6984375,1280
bayesfl_observability_v1,ola_sparse_bayesian_keep010_seed42,185,ola,global,,,layers.1.weight,raw,7,0.010460883704638001,0.011954879422001205,0.011207881563319602,55,28.760959285637583,0.74140625,1280
bayesfl_observability_v1,ola_sparse_bayesian_keep010_seed42,185,ola,global,,,layers.1.weight,raw,8,0.011954879422001205,0.013448875139364408,0.012701877280682807,53,27.715106220705305,0.7828125,1280
bayesfl_observability_v1,ola_sparse_bayesian_keep010_seed42,185,ola,global,,,layers.1.weight,raw,9,0.013448875139364408,0.014942870856727611,0.014195872998046009,41,21.43998783111165,0.81484375,1280
bayesfl_observability_v1,ola_sparse_bayesian_keep010_seed42,185,ola,global,,,layers.1.weight,raw,10,0.014942870856727611,0.016436866574090814,0.015689868715409214,46,24.05462049344234,0.85078125,1280
bayesfl_observability_v1,ola_sparse_bayesian_keep010_seed42,185,ola,global,,,layers.1.weight,raw,11,0.016436866574090814,0.01793086229145402,0.017183864432772415,27,14.119016376585705,0.871875,1280
bayesfl_observability_v1,ola_sparse_bayesian_keep010_seed42,185,ola,global,,,layers.1.weight,raw,12,0.01793086229145402,0.01942485800881722,0.01867786015013562,21,10.981457181788908,0.88828125,1280
bayesfl_observability_v1,ola_sparse_bayesian_keep010_seed42,185,ola,global,,,layers.1.weight,raw,13,0.01942485800881722,0.020918853726180426,0.020171855867498825,17,8.889751051924334,0.9015625,1280
bayesfl_observability_v1,ola_sparse_bayesian_keep010_seed42,185,ola,global,,,layers.1.weight,raw,14,0.020918853726180426,0.022412849443543627,0.021665851584862027,11,5.752191857127523,0.91015625,1280
bayesfl_observability_v1,ola_sparse_bayesian_keep010_seed42,185,ola,global,,,layers.1.weight,raw,15,0.022412849443543627,0.023906845160906832,0.023159847302225228,18,9.41267758439047,0.92421875,1280
bayesfl_observability_v1,ola_sparse_bayesian_keep010_seed42,185,ola,global,,,layers.1.weight,raw,16,0.023906845160906832,0.025400840878270037,0.024653843019588437,12,6.275118389593647,0.93359375,1280
bayesfl_observability_v1,ola_sparse_bayesian_keep010_seed42,185,ola,global,,,layers.1.weight,raw,17,0.025400840878270037,0.02689483659563324,0.026147838736951638,10,5.229265324661385,0.94140625,1280
bayesfl_observability_v1,ola_sparse_bayesian_keep010_seed42,185,ola,global,,,layers.1.weight,raw,18,0.02689483659563324,0.028388832312996444,0.02764183445431484,10,5.229265324661372,0.94921875,1280
bayesfl_observability_v1,ola_sparse_bayesian_keep010_seed42,185,ola,global,,,layers.1.weight,raw,19,0.028388832312996444,0.029882828030359646,0.029135830171678045,2,1.0458530649322768,0.95078125,1280
bayesfl_observability_v1,ola_sparse_bayesian_keep010_seed42,185,ola,global,,,layers.1.weight,raw,20,0.029882828030359646,0.03137682374772285,0.030629825889041246,4,2.0917061298645536,0.95390625,1280
bayesfl_observability_v1,ola_sparse_bayesian_keep010_seed42,185,ola,global,,,layers.1.weight,raw,21,0.03137682374772285,0.03287081946508605,0.03212382160640445,6,3.1375591947968307,0.95859375,1280
bayesfl_observability_v1,ola_sparse_bayesian_keep010_seed42,185,ola,global,,,layers.1.weight,raw,22,0.03287081946508605,0.03436481518244925,0.033617817323767646,8,4.183412259729107,0.96484375,1280
bayesfl_observability_v1,ola_sparse_bayesian_keep010_seed42,185,ola,global,,,layers.1.weight,raw,23,0.03436481518244925,0.03585881089981246,0.035111813041130854,2,1.045853064932272,0.96640625,1280
bayesfl_observability_v1,ola_sparse_bayesian_keep010_seed42,185,ola,global,,,layers.1.weight,raw,24,0.03585881089981246,0.03735280661717566,0.03660580875849406,6,3.1375591947968307,0.97109375,1280
bayesfl_observability_v1,ola_sparse_bayesian_keep010_seed42,185,ola,global,,,layers.1.weight,raw,25,0.03735280661717566,0.03884680233453886,0.03809980447585726,2,1.0458530649322768,0.97265625,1280
bayesfl_observability_v1,ola_sparse_bayesian_keep010_seed42,185,ola,global,,,layers.1.weight,raw,26,0.03884680233453886,0.04034079805190207,0.039593800193220466,4,2.091706129864544,0.97578125,1280
bayesfl_observability_v1,ola_sparse_bayesian_keep010_seed42,185,ola,global,,,layers.1.weight,raw,27,0.04034079805190207,0.04183479376926527,0.041087795910583674,2,1.0458530649322768,0.97734375,1280
bayesfl_observability_v1,ola_sparse_bayesian_keep010_seed42,185,ola,global,,,layers.1.weight,raw,28,0.04183479376926527,0.04332878948662847,0.04258179162794687,2,1.0458530649322768,0.97890625,1280
bayesfl_observability_v1,ola_sparse_bayesian_keep010_seed42,185,ola,global,,,layers.1.weight,raw,29,0.04332878948662847,0.044822785203991675,0.04407578734531008,3,1.5687795973984153,0.98125,1280
bayesfl_observability_v1,ola_sparse_bayesian_keep010_seed42,185,ola,global,,,layers.1.weight,raw,30,0.044822785203991675,0.04631678092135488,0.04556978306267328,1,0.522926532466136,0.98203125,1280
bayesfl_observability_v1,ola_sparse_bayesian_keep010_seed42,185,ola,global,,,layers.1.weight,raw,31,0.04631678092135488,0.047810776638718085,0.04706377878003648,2,1.0458530649322768,0.98359375,1280
bayesfl_observability_v1,ola_sparse_bayesian_keep010_seed42,185,ola,global,,,layers.1.weight,raw,32,0.047810776638718085,0.049304772356081286,0.04855777449739969,3,1.5687795973984153,0.9859375,1280
bayesfl_observability_v1,ola_sparse_bayesian_keep010_seed42,185,ola,global,,,layers.1.weight,raw,33,0.049304772356081286,0.050798768073444495,0.05005177021476289,1,0.522926532466136,0.98671875,1280
bayesfl_observability_v1,ola_sparse_bayesian_keep010_seed42,185,ola,global,,,layers.1.weight,raw,34,0.050798768073444495,0.052292763790807696,0.05154576593212609,0,0.0,0.98671875,1280
bayesfl_observability_v1,ola_sparse_bayesian_keep010_seed42,185,ola,global,,,layers.1.weight,raw,35,0.052292763790807696,0.0537867595081709,0.0530397616494893,1,0.5229265324661384,0.9875,1280
bayesfl_observability_v1,ola_sparse_bayesian_keep010_seed42,185,ola,global,,,layers.1.weight,raw,36,0.0537867595081709,0.0552807552255341,0.054533757366852495,2,1.0458530649322768,0.9890625,1280
bayesfl_observability_v1,ola_sparse_bayesian_keep010_seed42,185,ola,global,,,layers.1.weight,raw,37,0.0552807552255341,0.05677475094289731,0.0560277530842157,1,0.522926532466136,0.98984375,1280
bayesfl_observability_v1,ola_sparse_bayesian_keep010_seed42,185,ola,global,,,layers.1.weight,raw,38,0.05677475094289731,0.05826874666026051,0.05752174880157891,1,0.5229265324661384,0.990625,1280
bayesfl_observability_v1,ola_sparse_bayesian_keep010_seed42,185,ola,global,,,layers.1.weight,raw,39,0.05826874666026051,0.05976274237762371,0.059015744518942106,0,0.0,0.990625,1280
bayesfl_observability_v1,ola_sparse_bayesian_keep010_seed42,185,ola,global,,,layers.1.weight,raw,40,0.05976274237762371,0.06125673809498692,0.060509740236305315,0,0.0,0.990625,1280
bayesfl_observability_v1,ola_sparse_bayesian_keep010_seed42,185,ola,global,,,layers.1.weight,raw,41,0.06125673809498692,0.06275073381235012,0.06200373595366852,2,1.0458530649322768,0.9921875,1280
bayesfl_observability_v1,ola_sparse_bayesian_keep010_seed42,185,ola,global,,,layers.1.weight,raw,42,0.06275073381235012,0.06424472952971333,0.06349773167103173,1,0.522926532466136,0.99296875,1280
bayesfl_observability_v1,ola_sparse_bayesian_keep010_seed42,185,ola,global,,,layers.1.weight,raw,43,0.06424472952971333,0.06573872524707652,0.06499172738839493,3,1.5687795973984227,0.9953125,1280
bayesfl_observability_v1,ola_sparse_bayesian_keep010_seed42,185,ola,global,,,layers.1.weight,raw,44,0.06573872524707652,0.06723272096443973,0.06648572310575812,0,0.0,0.9953125,1280
bayesfl_observability_v1,ola_sparse_bayesian_keep010_seed42,185,ola,global,,,layers.1.weight,raw,45,0.06723272096443973,0.06872671668180293,0.06797971882312133,1,0.5229265324661408,0.99609375,1280
bayesfl_observability_v1,ola_sparse_bayesian_keep010_seed42,185,ola,global,,,layers.1.weight,raw,46,0.06872671668180293,0.07022071239916614,0.06947371454048454,0,0.0,0.99609375,1280
bayesfl_observability_v1,ola_sparse_bayesian_keep010_seed42,185,ola,global,,,layers.1.weight,raw,47,0.07022071239916614,0.07171470811652934,0.07096771025784773,1,0.522926532466136,0.996875,1280
bayesfl_observability_v1,ola_sparse_bayesian_keep010_seed42,185,ola,global,,,layers.1.weight,raw,48,0.07171470811652934,0.07320870383389254,0.07246170597521094,0,0.0,0.996875,1280
bayesfl_observability_v1,ola_sparse_bayesian_keep010_seed42,185,ola,global,,,layers.1.weight,raw,49,0.07320870383389254,0.07470269955125575,0.07395570169257415,0,0.0,0.996875,1280
bayesfl_observability_v1,ola_sparse_bayesian_keep010_seed42,185,ola,global,,,layers.1.weight,raw,50,0.07470269955125575,0.07619669526861896,0.07544969740993734,1,0.522926532466136,0.99765625,1280
bayesfl_observability_v1,ola_sparse_bayesian_keep010_seed42,185,ola,global,,,layers.1.weight,raw,51,0.07619669526861896,0.07769069098598215,0.07694369312730055,0,0.0,0.99765625,1280
bayesfl_observability_v1,ola_sparse_bayesian_keep010_seed42,185,ola,global,,,layers.1.weight,raw,52,0.07769069098598215,0.07918468670334536,0.07843768884466376,0,0.0,0.99765625,1280
bayesfl_observability_v1,ola_sparse_bayesian_keep010_seed42,185,ola,global,,,layers.1.weight,raw,53,0.07918468670334536,0.08067868242070857,0.07993168456202696,0,0.0,0.99765625,1280
bayesfl_observability_v1,ola_sparse_bayesian_keep010_seed42,185,ola,global,,,layers.1.weight,raw,54,0.08067868242070857,0.08217267813807176,0.08142568027939016,0,0.0,0.99765625,1280
bayesfl_observability_v1,ola_sparse_bayesian_keep010_seed42,185,ola,global,,,layers.1.weight,raw,55,0.08217267813807176,0.08366667385543497,0.08291967599675337,0,0.0,0.99765625,1280
bayesfl_observability_v1,ola_sparse_bayesian_keep010_seed42,185,ola,global,,,layers.1.weight,raw,56,0.08366667385543497,0.08516066957279818,0.08441367171411657,0,0.0,0.99765625,1280
bayesfl_observability_v1,ola_sparse_bayesian_keep010_seed42,185,ola,global,,,layers.1.weight,raw,57,0.08516066957279818,0.08665466529016137,0.08590766743147978,0,0.0,0.99765625,1280
bayesfl_observability_v1,ola_sparse_bayesian_keep010_seed42,185,ola,global,,,layers.1.weight,raw,58,0.08665466529016137,0.08814866100752458,0.08740166314884298,0,0.0,0.99765625,1280
bayesfl_observability_v1,ola_sparse_bayesian_keep010_seed42,185,ola,global,,,layers.1.weight,raw,59,0.08814866100752458,0.08964265672488778,0.08889565886620618,0,0.0,0.99765625,1280
bayesfl_observability_v1,ola_sparse_bayesian_keep010_seed42,185,ola,global,,,layers.1.weight,raw,60,0.08964265672488778,0.09113665244225098,0.09038965458356937,0,0.0,0.99765625,1280
bayesfl_observability_v1,ola_sparse_bayesian_keep010_seed42,185,ola,global,,,layers.1.weight,raw,61,0.09113665244225098,0.09263064815961419,0.0918836503009326,0,0.0,0.99765625,1280
bayesfl_observability_v1,ola_sparse_bayesian_keep010_seed42,185,ola,global,,,layers.1.weight,raw,62,0.09263064815961419,0.09412464387697739,0.09337764601829579,0,0.0,0.99765625,1280
bayesfl_observability_v1,ola_sparse_bayesian_keep010_seed42,185,ola,global,,,layers.1.weight,raw,63,0.09412464387697739,0.0956186395943406,0.09487164173565898,1,0.522926532466136,0.9984375,1280
bayesfl_observability_v1,ola_sparse_bayesian_keep010_seed42,185,ola,global,,,layers.1.weight,raw,64,0.0956186395943406,0.0971126353117038,0.09636563745302221,0,0.0,0.9984375,1280
bayesfl_observability_v1,ola_sparse_bayesian_keep010_seed42,185,ola,global,,,layers.1.weight,raw,65,0.0971126353117038,0.098606631029067,0.0978596331703854,1,0.5229265324661408,0.99921875,1280
bayesfl_observability_v1,ola_sparse_bayesian_keep010_seed42,185,ola,global,,,layers.1.weight,raw,66,0.098606631029067,0.10010062674643021,0.0993536288877486,0,0.0,0.99921875,1280
bayesfl_observability_v1,ola_sparse_bayesian_keep010_seed42,185,ola,global,,,layers.1.weight,raw,67,0.10010062674643021,0.10159462246379342,0.10084762460511182,0,0.0,0.99921875,1280
bayesfl_observability_v1,ola_sparse_bayesian_keep010_seed42,185,ola,global,,,layers.1.weight,raw,68,0.10159462246379342,0.10308861818115661,0.10234162032247501,0,0.0,0.99921875,1280
bayesfl_observability_v1,ola_sparse_bayesian_keep010_seed42,185,ola,global,,,layers.1.weight,raw,69,0.10308861818115661,0.10458261389851982,0.10383561603983821,0,0.0,0.99921875,1280
bayesfl_observability_v1,ola_sparse_bayesian_keep010_seed42,185,ola,global,,,layers.1.weight,raw,70,0.10458261389851982,0.10607660961588301,0.10532961175720142,0,0.0,0.99921875,1280
bayesfl_observability_v1,ola_sparse_bayesian_keep010_seed42,185,ola,global,,,layers.1.weight,raw,71,0.10607660961588301,0.10757060533324622,0.10682360747456462,0,0.0,0.99921875,1280
bayesfl_observability_v1,ola_sparse_bayesian_keep010_seed42,185,ola,global,,,layers.1.weight,raw,72,0.10757060533324622,0.10906460105060943,0.10831760319192782,0,0.0,0.99921875,1280
bayesfl_observability_v1,ola_sparse_bayesian_keep010_seed42,185,ola,global,,,layers.1.weight,raw,73,0.10906460105060943,0.11055859676797263,0.10981159890929103,0,0.0,0.99921875,1280
bayesfl_observability_v1,ola_sparse_bayesian_keep010_seed42,185,ola,global,,,layers.1.weight,raw,74,0.11055859676797263,0.11205259248533583,0.11130559462665424,0,0.0,0.99921875,1280
bayesfl_observability_v1,ola_sparse_bayesian_keep010_seed42,185,ola,global,,,layers.1.weight,raw,75,0.11205259248533583,0.11354658820269904,0.11279959034401743,0,0.0,0.99921875,1280
bayesfl_observability_v1,ola_sparse_bayesian_keep010_seed42,185,ola,global,,,layers.1.weight,raw,76,0.11354658820269904,0.11504058392006224,0.11429358606138064,0,0.0,0.99921875,1280
bayesfl_observability_v1,ola_sparse_bayesian_keep010_seed42,185,ola,global,,,layers.1.weight,raw,77,0.11504058392006224,0.11653457963742545,0.11578758177874385,0,0.0,0.99921875,1280
bayesfl_observability_v1,ola_sparse_bayesian_keep010_seed42,185,ola,global,,,layers.1.weight,raw,78,0.11653457963742545,0.11802857535478865,0.11728157749610704,0,0.0,0.99921875,1280
bayesfl_observability_v1,ola_sparse_bayesian_keep010_seed42,185,ola,global,,,layers.1.weight,raw,79,0.11802857535478865,0.11952257107215185,0.11877557321347025,1,0.5229265324661408,1.0,1280
bayesfl_observability_v1,ola_sparse_bayesian_keep010_seed42,185,ola,global,,,layers.1.weight,db,0,-110.7111507327547,-109.55789886690417,-110.13452479982944,1,0.000677432244537337,0.00078125,1280
bayesfl_observability_v1,ola_sparse_bayesian_keep010_seed42,185,ola,global,,,layers.1.weight,db,1,-109.55789886690417,-108.40464700105362,-108.98127293397889,0,0.0,0.00078125,1280
bayesfl_observability_v1,ola_sparse_bayesian_keep010_seed42,185,ola,global,,,layers.1.weight,db,2,-108.40464700105362,-107.25139513520307,-107.82802106812835,0,0.0,0.00078125,1280
bayesfl_observability_v1,ola_sparse_bayesian_keep010_seed42,185,ola,global,,,layers.1.weight,db,3,-107.25139513520307,-106.09814326935253,-106.6747692022778,0,0.0,0.00078125,1280
bayesfl_observability_v1,ola_sparse_bayesian_keep010_seed42,185,ola,global,,,layers.1.weight,db,4,-106.09814326935253,-104.944891403502,-105.52151733642727,0,0.0,0.00078125,1280
bayesfl_observability_v1,ola_sparse_bayesian_keep010_seed42,185,ola,global,,,layers.1.weight,db,5,-104.944891403502,-103.79163953765145,-104.36826547057672,1,0.0006774322445373287,0.0015625,1280
bayesfl_observability_v1,ola_sparse_bayesian_keep010_seed42,185,ola,global,,,layers.1.weight,db,6,-103.79163953765145,-102.6383876718009,-103.21501360472618,0,0.0,0.0015625,1280
bayesfl_observability_v1,ola_sparse_bayesian_keep010_seed42,185,ola,global,,,layers.1.weight,db,7,-102.6383876718009,-101.48513580595036,-102.06176173887563,0,0.0,0.0015625,1280
bayesfl_observability_v1,ola_sparse_bayesian_keep010_seed42,185,ola,global,,,layers.1.weight,db,8,-101.48513580595036,-100.33188394009983,-100.9085098730251,0,0.0,0.0015625,1280
bayesfl_observability_v1,ola_sparse_bayesian_keep010_seed42,185,ola,global,,,layers.1.weight,db,9,-100.33188394009983,-99.17863207424928,-99.75525800717455,0,0.0,0.0015625,1280
bayesfl_observability_v1,ola_sparse_bayesian_keep010_seed42,185,ola,global,,,layers.1.weight,db,10,-99.17863207424928,-98.02538020839873,-98.60200614132401,1,0.0006774322445373287,0.00234375,1280
bayesfl_observability_v1,ola_sparse_bayesian_keep010_seed42,185,ola,global,,,layers.1.weight,db,11,-98.02538020839873,-96.8721283425482,-97.44875427547346,0,0.0,0.00234375,1280
bayesfl_observability_v1,ola_sparse_bayesian_keep010_seed42,185,ola,global,,,layers.1.weight,db,12,-96.8721283425482,-95.71887647669766,-96.29550240962293,1,0.000677432244537337,0.003125,1280
bayesfl_observability_v1,ola_sparse_bayesian_keep010_seed42,185,ola,global,,,layers.1.weight,db,13,-95.71887647669766,-94.56562461084711,-95.14225054377238,0,0.0,0.003125,1280
bayesfl_observability_v1,ola_sparse_bayesian_keep010_seed42,185,ola,global,,,layers.1.weight,db,14,-94.56562461084711,-93.41237274499656,-93.98899867792184,1,0.0006774322445373287,0.00390625,1280
bayesfl_observability_v1,ola_sparse_bayesian_keep010_seed42,185,ola,global,,,layers.1.weight,db,15,-93.41237274499656,-92.25912087914602,-92.83574681207129,1,0.000677432244537337,0.0046875,1280
bayesfl_observability_v1,ola_sparse_bayesian_keep010_seed42,185,ola,global,,,layers.1.weight,db,16,-92.25912087914602,-91.10586901329549,-91.68249494622076,0,0.0,0.0046875,1280
bayesfl_observability_v1,ola_sparse_bayesian_keep010_seed42,185,ola,global,,,layers.1.weight,db,17,-91.10586901329549,-89.95261714744494,-90.52924308037021,0,0.0,0.0046875,1280
bayesfl_observability_v1,ola_sparse_bayesian_keep010_seed42,185,ola,global,,,layers.1.weight,db,18,-89.95261714744494,-88.79936528159439,-89.37599121451967,0,0.0,0.0046875,1280
bayesfl_observability_v1,ola_sparse_bayesian_keep010_seed42,185,ola,global,,,layers.1.weight,db,19,-88.79936528159439,-87.64611341574386,-88.22273934866912,1,0.000677432244537337,0.00546875,1280
bayesfl_observability_v1,ola_sparse_bayesian_keep010_seed42,185,ola,global,,,layers.1.weight,db,20,-87.64611341574386,-86.49286154989332,-87.06948748281859,0,0.0,0.00546875,1280
bayesfl_observability_v1,ola_sparse_bayesian_keep010_seed42,185,ola,global,,,layers.1.weight,db,21,-86.49286154989332,-85.33960968404277,-85.91623561696804,1,0.0006774322445373287,0.00625,1280
bayesfl_observability_v1,ola_sparse_bayesian_keep010_seed42,185,ola,global,,,layers.1.weight,db,22,-85.33960968404277,-84.18635781819222,-84.7629837511175,1,0.0006774322445373287,0.00703125,1280
bayesfl_observability_v1,ola_sparse_bayesian_keep010_seed42,185,ola,global,,,layers.1.weight,db,23,-84.18635781819222,-83.03310595234169,-83.60973188526695,1,0.000677432244537337,0.0078125,1280
bayesfl_observability_v1,ola_sparse_bayesian_keep010_seed42,185,ola,global,,,layers.1.weight,db,24,-83.03310595234169,-81.87985408649115,-82.45648001941642,1,0.000677432244537337,0.00859375,1280
bayesfl_observability_v1,ola_sparse_bayesian_keep010_seed42,185,ola,global,,,layers.1.weight,db,25,-81.87985408649115,-80.7266022206406,-81.30322815356587,0,0.0,0.00859375,1280
bayesfl_observability_v1,ola_sparse_bayesian_keep010_seed42,185,ola,global,,,layers.1.weight,db,26,-80.7266022206406,-79.57335035479005,-80.14997628771533,2,0.0013548644890746574,0.01015625,1280
bayesfl_observability_v1,ola_sparse_bayesian_keep010_seed42,185,ola,global,,,layers.1.weight,db,27,-79.57335035479005,-78.42009848893952,-78.99672442186478,2,0.001354864489074674,0.01171875,1280
bayesfl_observability_v1,ola_sparse_bayesian_keep010_seed42,185,ola,global,,,layers.1.weight,db,28,-78.42009848893952,-77.26684662308898,-77.84347255601425,4,0.002709728978149348,0.01484375,1280
bayesfl_observability_v1,ola_sparse_bayesian_keep010_seed42,185,ola,global,,,layers.1.weight,db,29,-77.26684662308898,-76.11359475723843,-76.6902206901637,2,0.0013548644890746574,0.01640625,1280
bayesfl_observability_v1,ola_sparse_bayesian_keep010_seed42,185,ola,global,,,layers.1.weight,db,30,-76.11359475723843,-74.96034289138788,-75.53696882431316,3,0.002032296733611986,0.01875,1280
bayesfl_observability_v1,ola_sparse_bayesian_keep010_seed42,185,ola,global,,,layers.1.weight,db,31,-74.96034289138788,-73.80709102553735,-74.38371695846261,2,0.001354864489074674,0.0203125,1280
bayesfl_observability_v1,ola_sparse_bayesian_keep010_seed42,185,ola,global,,,layers.1.weight,db,32,-73.80709102553735,-72.65383915968681,-73.23046509261208,7,0.0047420257117613595,0.02578125,1280
bayesfl_observability_v1,ola_sparse_bayesian_keep010_seed42,185,ola,global,,,layers.1.weight,db,33,-72.65383915968681,-71.50058729383626,-72.07721322676153,1,0.0006774322445373287,0.0265625,1280
bayesfl_observability_v1,ola_sparse_bayesian_keep010_seed42,185,ola,global,,,layers.1.weight,db,34,-71.50058729383626,-70.34733542798571,-70.923961360911,3,0.002032296733611986,0.02890625,1280
bayesfl_observability_v1,ola_sparse_bayesian_keep010_seed42,185,ola,global,,,layers.1.weight,db,35,-70.34733542798571,-69.19408356213518,-69.77070949506044,5,0.003387161222686685,0.0328125,1280
bayesfl_observability_v1,ola_sparse_bayesian_keep010_seed42,185,ola,global,,,layers.1.weight,db,36,-69.19408356213518,-68.04083169628464,-68.61745762920991,6,0.004064593467224022,0.0375,1280
bayesfl_observability_v1,ola_sparse_bayesian_keep010_seed42,185,ola,global,,,layers.1.weight,db,37,-68.04083169628464,-66.88757983043409,-67.46420576335936,7,0.0047420257117613005,0.04296875,1280
bayesfl_observability_v1,ola_sparse_bayesian_keep010_seed42,185,ola,global,,,layers.1.weight,db,38,-66.88757983043409,-65.73432796458354,-66.31095389750882,9,0.006096890200835958,0.05,1280
bayesfl_observability_v1,ola_sparse_bayesian_keep010_seed42,185,ola,global,,,layers.1.weight,db,39,-65.73432796458354,-64.581076098733,-65.15770203165827,8,0.005419457956298696,0.05625,1280
bayesfl_observability_v1,ola_sparse_bayesian_keep010_seed42,185,ola,global,,,layers.1.weight,db,40,-64.581076098733,-63.427824232882465,-64.00445016580774,8,0.005419457956298663,0.0625,1280
bayesfl_observability_v1,ola_sparse_bayesian_keep010_seed42,185,ola,global,,,layers.1.weight,db,41,-63.427824232882465,-62.27457236703192,-62.85119829995719,16,0.010838915912597325,0.075,1280
bayesfl_observability_v1,ola_sparse_bayesian_keep010_seed42,185,ola,global,,,layers.1.weight,db,42,-62.27457236703192,-61.12132050118138,-61.697946434106655,16,0.010838915912597325,0.0875,1280
bayesfl_observability_v1,ola_sparse_bayesian_keep010_seed42,185,ola,global,,,layers.1.weight,db,43,-61.12132050118138,-59.96806863533084,-60.544694568256105,5,0.0033871612226866643,0.09140625,1280
bayesfl_observability_v1,ola_sparse_bayesian_keep010_seed42,185,ola,global,,,layers.1.weight,db,44,-59.96806863533084,-58.814816769480295,-59.39144270240557,19,0.012871212646209324,0.10625,1280
bayesfl_observability_v1,ola_sparse_bayesian_keep010_seed42,185,ola,global,,,layers.1.weight,db,45,-58.814816769480295,-57.66156490362975,-58.23819083655502,21,0.014226077135283989,0.12265625,1280
bayesfl_observability_v1,ola_sparse_bayesian_keep010_seed42,185,ola,global,,,layers.1.weight,db,46,-57.66156490362975,-56.50831303777921,-57.084938970704485,24,0.01625837386889599,0.14140625,1280
bayesfl_observability_v1,ola_sparse_bayesian_keep010_seed42,185,ola,global,,,layers.1.weight,db,47,-56.50831303777921,-55.35506117192867,-55.931687104853935,24,0.01625837386889599,0.16015625,1280
bayesfl_observability_v1,ola_sparse_bayesian_keep010_seed42,185,ola,global,,,layers.1.weight,db,48,-55.35506117192867,-54.201809306078125,-54.7784352390034,19,0.012871212646209324,0.175,1280
bayesfl_observability_v1,ola_sparse_bayesian_keep010_seed42,185,ola,global,,,layers.1.weight,db,49,-54.201809306078125,-53.04855744022758,-53.62518337315285,32,0.02167783182519465,0.2,1280
bayesfl_observability_v1,ola_sparse_bayesian_keep010_seed42,185,ola,global,,,layers.1.weight,db,50,-53.04855744022758,-51.89530557437704,-52.471931507302315,28,0.01896810284704532,0.221875,1280
bayesfl_observability_v1,ola_sparse_bayesian_keep010_seed42,185,ola,global,,,layers.1.weight,db,51,-51.89530557437704,-50.7420537085265,-51.318679641451766,45,0.03048445100417998,0.25703125,1280
bayesfl_observability_v1,ola_sparse_bayesian_keep010_seed42,185,ola,global,,,layers.1.weight,db,52,-50.7420537085265,-49.588801842675956,-50.16542777560123,40,0.027097289781493315,0.28828125,1280
bayesfl_observability_v1,ola_sparse_bayesian_keep010_seed42,185,ola,global,,,layers.1.weight,db,53,-49.588801842675956,-48.43554997682541,-49.01217590975068,39,0.02641985753695598,0.31875,1280
bayesfl_observability_v1,ola_sparse_bayesian_keep010_seed42,185,ola,global,,,layers.1.weight,db,54,-48.43554997682541,-47.28229811097487,-47.858924043900146,64,0.0433556636503893,0.36875,1280
bayesfl_observability_v1,ola_sparse_bayesian_keep010_seed42,185,ola,global,,,layers.1.weight,db,55,-47.28229811097487,-46.12904624512433,-46.705672178049596,61,0.0413233669167773,0.41640625,1280
bayesfl_observability_v1,ola_sparse_bayesian_keep010_seed42,185,ola,global,,,layers.1.weight,db,56,-46.12904624512433,-44.97579437927379,-45.55242031219906,56,0.037936205694090876,0.46015625,1280
bayesfl_observability_v1,ola_sparse_bayesian_keep010_seed42,185,ola,global,,,layers.1.weight,db,57,-44.97579437927379,-43.822542513423244,-44.39916844634852,68,0.04606539262853835,0.51328125,1280
bayesfl_observability_v1,ola_sparse_bayesian_keep010_seed42,185,ola,global,,,layers.1.weight,db,58,-43.822542513423244,-42.669290647572694,-43.24591658049797,67,0.04538796038400102,0.565625,1280
bayesfl_observability_v1,ola_sparse_bayesian_keep010_seed42,185,ola,global,,,layers.1.weight,db,59,-42.669290647572694,-41.51603878172216,-42.09266471464743,69,0.04674282487307625,0.61953125,1280
bayesfl_observability_v1,ola_sparse_bayesian_keep010_seed42,185,ola,global,,,layers.1.weight,db,60,-41.51603878172216,-40.362786915871624,-40.93941284879689,65,0.044033095894926905,0.6703125,1280
bayesfl_observability_v1,ola_sparse_bayesian_keep010_seed42,185,ola,global,,,layers.1.weight,db,61,-40.362786915871624,-39.209535050021074,-39.78616098294635,54,0.03658134120501575,0.7125,1280
bayesfl_observability_v1,ola_sparse_bayesian_keep010_seed42,185,ola,global,,,layers.1.weight,db,62,-39.209535050021074,-38.056283184170525,-38.6329091170958,59,0.03996850242770239,0.75859375,1280
bayesfl_observability_v1,ola_sparse_bayesian_keep010_seed42,185,ola,global,,,layers.1.weight,db,63,-38.056283184170525,-36.90303131831999,-37.47965725124526,57,0.03861363793862821,0.803125,1280
bayesfl_observability_v1,ola_sparse_bayesian_keep010_seed42,185,ola,global,,,layers.1.weight,db,64,-36.90303131831999,-35.749779452469454,-36.32640538539472,54,0.0365813412050162,0.8453125,1280
bayesfl_observability_v1,ola_sparse_bayesian_keep010_seed42,185,ola,global,,,layers.1.weight,db,65,-35.749779452469454,-34.596527586618905,-35.17315351954418,43,0.02912958651510513,0.87890625,1280
bayesfl_observability_v1,ola_sparse_bayesian_keep010_seed42,185,ola,global,,,layers.1.weight,db,66,-34.596527586618905,-33.443275720768355,-34.01990165369363,30,0.02032296733611986,0.90234375,1280
bayesfl_observability_v1,ola_sparse_bayesian_keep010_seed42,185,ola,global,,,layers.1.weight,db,67,-33.443275720768355,-32.29002385491782,-32.86664978784309,31,0.02100039958065745,0.9265625,1280
bayesfl_observability_v1,ola_sparse_bayesian_keep010_seed42,185,ola,global,,,layers.1.weight,db,68,-32.29002385491782,-31.136771989067284,-31.713397921992552,25,0.016935806113433424,0.94609375,1280
bayesfl_observability_v1,ola_sparse_bayesian_keep010_seed42,185,ola,global,,,layers.1.weight,db,69,-31.136771989067284,-29.983520123216735,-30.56014605614201,13,0.008806619178985273,0.95625,1280
bayesfl_observability_v1,ola_sparse_bayesian_keep010_seed42,185,ola,global,,,layers.1.weight,db,70,-29.983520123216735,-28.830268257366185,-29.40689419029146,13,0.008806619178985273,0.96640625,1280
bayesfl_observability_v1,ola_sparse_bayesian_keep010_seed42,185,ola,global,,,layers.1.weight,db,71,-28.830268257366185,-27.67701639151565,-28.253642324440918,13,0.00880661917898538,0.9765625,1280
bayesfl_observability_v1,ola_sparse_bayesian_keep010_seed42,185,ola,global,,,layers.1.weight,db,72,-27.67701639151565,-26.523764525665115,-27.100390458590383,8,0.005419457956298696,0.9828125,1280
bayesfl_observability_v1,ola_sparse_bayesian_keep010_seed42,185,ola,global,,,layers.1.weight,db,73,-26.523764525665115,-25.370512659814565,-25.94713859273984,6,0.004064593467223972,0.9875,1280
bayesfl_observability_v1,ola_sparse_bayesian_keep010_seed42,185,ola,global,,,layers.1.weight,db,74,-25.370512659814565,-24.217260793964016,-24.79388672688929,4,0.002709728978149315,0.990625,1280
bayesfl_observability_v1,ola_sparse_bayesian_keep010_seed42,185,ola,global,,,layers.1.weight,db,75,-24.217260793964016,-23.06400892811348,-23.64063486103875,7,0.0047420257117613595,0.99609375,1280
bayesfl_observability_v1,ola_sparse_bayesian_keep010_seed42,185,ola,global,,,layers.1.weight,db,76,-23.06400892811348,-21.910757062262945,-22.487382995188213,2,0.001354864489074674,0.99765625,1280
bayesfl_observability_v1,ola_sparse_bayesian_keep010_seed42,185,ola,global,,,layers.1.weight,db,77,-21.910757062262945,-20.757505196412396,-21.33413112933767,0,0.0,0.99765625,1280
bayesfl_observability_v1,ola_sparse_bayesian_keep010_seed42,185,ola,global,,,layers.1.weight,db,78,-20.757505196412396,-19.604253330561846,-20.18087926348712,2,0.0013548644890746574,0.99921875,1280
bayesfl_observability_v1,ola_sparse_bayesian_keep010_seed42,185,ola,global,,,layers.1.weight,db,79,-19.604253330561846,-18.45100146471131,-19.02762739763658,1,0.000677432244537337,1.0,1280
bayesfl_observability_v1,ola_sparse_bayesian_keep010_seed42,185,ola,global,,,layers.1.bias,raw,0,4.276824585757306e-05,0.0001736343551807097,0.00010820130051914138,1,764.1397800944662,0.1,10
bayesfl_observability_v1,ola_sparse_bayesian_keep010_seed42,185,ola,global,,,layers.1.bias,raw,1,0.0001736343551807097,0.00030450046450384633,0.00023906740984227801,0,0.0,0.1,10
bayesfl_observability_v1,ola_sparse_bayesian_keep010_seed42,185,ola,global,,,layers.1.bias,raw,2,0.00030450046450384633,0.00043536657382698297,0.0003699335191654147,1,764.1397800944662,0.2,10
bayesfl_observability_v1,ola_sparse_bayesian_keep010_seed42,185,ola,global,,,layers.1.bias,raw,3,0.00043536657382698297,0.0005662326831501195,0.0005007996284885513,1,764.1397800944665,0.3,10
bayesfl_observability_v1,ola_sparse_bayesian_keep010_seed42,185,ola,global,,,layers.1.bias,raw,4,0.0005662326831501195,0.0006970987924732561,0.0006316657378116878,1,764.1397800944665,0.4,10
bayesfl_observability_v1,ola_sparse_bayesian_keep010_seed42,185,ola,global,,,layers.1.bias,raw,5,0.0006970987924732561,0.0008279649017963928,0.0007625318471348244,1,764.1397800944659,0.5,10
bayesfl_observability_v1,ola_sparse_bayesian_keep010_seed42,185,ola,global,,,layers.1.bias,raw,6,0.0008279649017963928,0.0009588310111195295,0.0008933979564579612,0,0.0,0.5,10
bayesfl_observability_v1,ola_sparse_bayesian_keep010_seed42,185,ola,global,,,layers.1.bias,raw,7,0.0009588310111195295,0.0010896971204426662,0.0010242640657810978,0,0.0,0.5,10
bayesfl_observability_v1,ola_sparse_bayesian_keep010_seed42,185,ola,global,,,layers.1.bias,raw,8,0.0010896971204426662,0.0012205632297658028,0.0011551301751042344,0,0.0,0.5,10
bayesfl_observability_v1,ola_sparse_bayesian_keep010_seed42,185,ola,global,,,layers.1.bias,raw,9,0.0012205632297658028,0.0013514293390889393,0.0012859962844273712,0,0.0,0.5,10
bayesfl_observability_v1,ola_sparse_bayesian_keep010_seed42,185,ola,global,,,layers.1.bias,raw,10,0.0013514293390889393,0.0014822954484120761,0.0014168623937505077,0,0.0,0.5,10
bayesfl_observability_v1,ola_sparse_bayesian_keep010_seed42,185,ola,global,,,layers.1.bias,raw,11,0.0014822954484120761,0.0016131615577352127,0.0015477285030736443,0,0.0,0.5,10
bayesfl_observability_v1,ola_sparse_bayesian_keep010_seed42,185,ola,global,,,layers.1.bias,raw,12,0.0016131615577352127,0.0017440276670583493,0.0016785946123967811,0,0.0,0.5,10
bayesfl_observability_v1,ola_sparse_bayesian_keep010_seed42,185,ola,global,,,layers.1.bias,raw,13,0.0017440276670583493,0.001874893776381486,0.0018094607217199177,0,0.0,0.5,10
bayesfl_observability_v1,ola_sparse_bayesian_keep010_seed42,185,ola,global,,,layers.1.bias,raw,14,0.001874893776381486,0.0020057598857046222,0.0019403268310430543,0,0.0,0.5,10
bayesfl_observability_v1,ola_sparse_bayesian_keep010_seed42,185,ola,global,,,layers.1.bias,raw,15,0.0020057598857046222,0.002136625995027759,0.0020711929403661906,1,764.1397800944652,0.6,10
bayesfl_observability_v1,ola_sparse_bayesian_keep010_seed42,185,ola,global,,,layers.1.bias,raw,16,0.002136625995027759,0.002267492104350896,0.0022020590496893274,0,0.0,0.6,10
bayesfl_observability_v1,ola_sparse_bayesian_keep010_seed42,185,ola,global,,,layers.1.bias,raw,17,0.002267492104350896,0.002398358213674032,0.0023329251590124642,0,0.0,0.6,10
bayesfl_observability_v1,ola_sparse_bayesian_keep010_seed42,185,ola,global,,,layers.1.bias,raw,18,0.002398358213674032,0.002529224322997169,0.0024637912683356006,0,0.0,0.6,10
bayesfl_observability_v1,ola_sparse_bayesian_keep010_seed42,185,ola,global,,,layers.1.bias,raw,19,0.002529224322997169,0.0026600904323203054,0.002594657377658737,0,0.0,0.6,10
bayesfl_observability_v1,ola_sparse_bayesian_keep010_seed42,185,ola,global,,,layers.1.bias,raw,20,0.0026600904323203054,0.002790956541643442,0.0027255234869818738,0,0.0,0.6,10
bayesfl_observability_v1,ola_sparse_bayesian_keep010_seed42,185,ola,global,,,layers.1.bias,raw,21,0.002790956541643442,0.002921822650966579,0.0028563895963050106,0,0.0,0.6,10
bayesfl_observability_v1,ola_sparse_bayesian_keep010_seed42,185,ola,global,,,layers.1.bias,raw,22,0.002921822650966579,0.0030526887602897153,0.0029872557056281474,0,0.0,0.6,10
bayesfl_observability_v1,ola_sparse_bayesian_keep010_seed42,185,ola,global,,,layers.1.bias,raw,23,0.0030526887602897153,0.003183554869612852,0.0031181218149512837,0,0.0,0.6,10
bayesfl_observability_v1,ola_sparse_bayesian_keep010_seed42,185,ola,global,,,layers.1.bias,raw,24,0.003183554869612852,0.003314420978935989,0.0032489879242744205,0,0.0,0.6,10
bayesfl_observability_v1,ola_sparse_bayesian_keep010_seed42,185,ola,global,,,layers.1.bias,raw,25,0.003314420978935989,0.0034452870882591253,0.003379854033597557,0,0.0,0.6,10
bayesfl_observability_v1,ola_sparse_bayesian_keep010_seed42,185,ola,global,,,layers.1.bias,raw,26,0.0034452870882591253,0.003576153197582262,0.0035107201429206937,0,0.0,0.6,10
bayesfl_observability_v1,ola_sparse_bayesian_keep010_seed42,185,ola,global,,,layers.1.bias,raw,27,0.003576153197582262,0.003707019306905399,0.0036415862522438305,0,0.0,0.6,10
bayesfl_observability_v1,ola_sparse_bayesian_keep010_seed42,185,ola,global,,,layers.1.bias,raw,28,0.003707019306905399,0.0038378854162285352,0.0037724523615669673,0,0.0,0.6,10
bayesfl_observability_v1,ola_sparse_bayesian_keep010_seed42,185,ola,global,,,layers.1.bias,raw,29,0.0038378854162285352,0.003968751525551672,0.0039033184708901036,0,0.0,0.6,10
bayesfl_observability_v1,ola_sparse_bayesian_keep010_seed42,185,ola,global,,,layers.1.bias,raw,30,0.003968751525551672,0.004099617634874809,0.00403418458021324,0,0.0,0.6,10
bayesfl_observability_v1,ola_sparse_bayesian_keep010_seed42,185,ola,global,,,layers.1.bias,raw,31,0.004099617634874809,0.004230483744197946,0.004165050689536378,0,0.0,0.6,10
bayesfl_observability_v1,ola_sparse_bayesian_keep010_seed42,185,ola,global,,,layers.1.bias,raw,32,0.004230483744197946,0.004361349853521082,0.004295916798859514,0,0.0,0.6,10
bayesfl_observability_v1,ola_sparse_bayesian_keep010_seed42,185,ola,global,,,layers.1.bias,raw,33,0.004361349853521082,0.004492215962844219,0.004426782908182651,0,0.0,0.6,10
bayesfl_observability_v1,ola_sparse_bayesian_keep010_seed42,185,ola,global,,,layers.1.bias,raw,34,0.004492215962844219,0.004623082072167355,0.004557649017505787,0,0.0,0.6,10
bayesfl_observability_v1,ola_sparse_bayesian_keep010_seed42,185,ola,global,,,layers.1.bias,raw,35,0.004623082072167355,0.004753948181490492,0.004688515126828923,0,0.0,0.6,10
bayesfl_observability_v1,ola_sparse_bayesian_keep010_seed42,185,ola,global,,,layers.1.bias,raw,36,0.004753948181490492,0.004884814290813629,0.004819381236152061,0,0.0,0.6,10
bayesfl_observability_v1,ola_sparse_bayesian_keep010_seed42,185,ola,global,,,layers.1.bias,raw,37,0.004884814290813629,0.0050156804001367655,0.004950247345475197,0,0.0,0.6,10
bayesfl_observability_v1,ola_sparse_bayesian_keep010_seed42,185,ola,global,,,layers.1.bias,raw,38,0.0050156804001367655,0.005146546509459902,0.005081113454798334,0,0.0,0.6,10
bayesfl_observability_v1,ola_sparse_bayesian_keep010_seed42,185,ola,global,,,layers.1.bias,raw,39,0.005146546509459902,0.005277412618783038,0.00521197956412147,0,0.0,0.6,10
bayesfl_observability_v1,ola_sparse_bayesian_keep010_seed42,185,ola,global,,,layers.1.bias,raw,40,0.005277412618783038,0.005408278728106175,0.005342845673444606,1,764.1397800944652,0.7,10
bayesfl_observability_v1,ola_sparse_bayesian_keep010_seed42,185,ola,global,,,layers.1.bias,raw,41,0.005408278728106175,0.005539144837429312,0.005473711782767744,1,764.1397800944652,0.8,10
bayesfl_observability_v1,ola_sparse_bayesian_keep010_seed42,185,ola,global,,,layers.1.bias,raw,42,0.005539144837429312,0.005670010946752449,0.00560457789209088,0,0.0,0.8,10
bayesfl_observability_v1,ola_sparse_bayesian_keep010_seed42,185,ola,global,,,layers.1.bias,raw,43,0.005670010946752449,0.0058008770560755854,0.0057354440014140175,0,0.0,0.8,10
bayesfl_observability_v1,ola_sparse_bayesian_keep010_seed42,185,ola,global,,,layers.1.bias,raw,44,0.0058008770560755854,0.005931743165398722,0.005866310110737153,0,0.0,0.8,10
bayesfl_observability_v1,ola_sparse_bayesian_keep010_seed42,185,ola,global,,,layers.1.bias,raw,45,0.005931743165398722,0.006062609274721858,0.00599717622006029,1,764.1397800944703,0.9,10
bayesfl_observability_v1,ola_sparse_bayesian_keep010_seed42,185,ola,global,,,layers.1.bias,raw,46,0.006062609274721858,0.006193475384044995,0.006128042329383427,0,0.0,0.9,10
bayesfl_observability_v1,ola_sparse_bayesian_keep010_seed42,185,ola,global,,,layers.1.bias,raw,47,0.006193475384044995,0.006324341493368132,0.006258908438706563,0,0.0,0.9,10
bayesfl_observability_v1,ola_sparse_bayesian_keep010_seed42,185,ola,global,,,layers.1.bias,raw,48,0.006324341493368132,0.0064552076026912686,0.006389774548029701,0,0.0,0.9,10
bayesfl_observability_v1,ola_sparse_bayesian_keep010_seed42,185,ola,global,,,layers.1.bias,raw,49,0.0064552076026912686,0.006586073712014405,0.0065206406573528365,0,0.0,0.9,10
bayesfl_observability_v1,ola_sparse_bayesian_keep010_seed42,185,ola,global,,,layers.1.bias,raw,50,0.006586073712014405,0.006716939821337541,0.006651506766675973,0,0.0,0.9,10
bayesfl_observability_v1,ola_sparse_bayesian_keep010_seed42,185,ola,global,,,layers.1.bias,raw,51,0.006716939821337541,0.006847805930660678,0.00678237287599911,0,0.0,0.9,10
bayesfl_observability_v1,ola_sparse_bayesian_keep010_seed42,185,ola,global,,,layers.1.bias,raw,52,0.006847805930660678,0.006978672039983815,0.006913238985322246,0,0.0,0.9,10
bayesfl_observability_v1,ola_sparse_bayesian_keep010_seed42,185,ola,global,,,layers.1.bias,raw,53,0.006978672039983815,0.007109538149306952,0.007044105094645384,0,0.0,0.9,10
bayesfl_observability_v1,ola_sparse_bayesian_keep010_seed42,185,ola,global,,,layers.1.bias,raw,54,0.007109538149306952,0.0072404042586300885,0.00717497120396852,0,0.0,0.9,10
bayesfl_observability_v1,ola_sparse_bayesian_keep010_seed42,185,ola,global,,,layers.1.bias,raw,55,0.0072404042586300885,0.007371270367953225,0.007305837313291657,0,0.0,0.9,10
bayesfl_observability_v1,ola_sparse_bayesian_keep010_seed42,185,ola,global,,,layers.1.bias,raw,56,0.007371270367953225,0.007502136477276361,0.007436703422614793,0,0.0,0.9,10
bayesfl_observability_v1,ola_sparse_bayesian_keep010_seed42,185,ola,global,,,layers.1.bias,raw,57,0.007502136477276361,0.007633002586599498,0.007567569531937929,0,0.0,0.9,10
bayesfl_observability_v1,ola_sparse_bayesian_keep010_seed42,185,ola,global,,,layers.1.bias,raw,58,0.007633002586599498,0.007763868695922635,0.007698435641261067,0,0.0,0.9,10
bayesfl_observability_v1,ola_sparse_bayesian_keep010_seed42,185,ola,global,,,layers.1.bias,raw,59,0.007763868695922635,0.00789473480524577,0.007829301750584203,0,0.0,0.9,10
bayesfl_observability_v1,ola_sparse_bayesian_keep010_seed42,185,ola,global,,,layers.1.bias,raw,60,0.00789473480524577,0.008025600914568908,0.007960167859907339,0,0.0,0.9,10
bayesfl_observability_v1,ola_sparse_bayesian_keep010_seed42,185,ola,global,,,layers.1.bias,raw,61,0.008025600914568908,0.008156467023892043,0.008091033969230475,0,0.0,0.9,10
bayesfl_observability_v1,ola_sparse_bayesian_keep010_seed42,185,ola,global,,,layers.1.bias,raw,62,0.008156467023892043,0.008287333133215181,0.008221900078553612,0,0.0,0.9,10
bayesfl_observability_v1,ola_sparse_bayesian_keep010_seed42,185,ola,global,,,layers.1.bias,raw,63,0.008287333133215181,0.008418199242538317,0.00835276618787675,0,0.0,0.9,10
bayesfl_observability_v1,ola_sparse_bayesian_keep010_seed42,185,ola,global,,,layers.1.bias,raw,64,0.008418199242538317,0.008549065351861453,0.008483632297199884,0,0.0,0.9,10
bayesfl_observability_v1,ola_sparse_bayesian_keep010_seed42,185,ola,global,,,layers.1.bias,raw,65,0.008549065351861453,0.00867993146118459,0.008614498406523022,0,0.0,0.9,10
bayesfl_observability_v1,ola_sparse_bayesian_keep010_seed42,185,ola,global,,,layers.1.bias,raw,66,0.00867993146118459,0.008810797570507727,0.00874536451584616,0,0.0,0.9,10
bayesfl_observability_v1,ola_sparse_bayesian_keep010_seed42,185,ola,global,,,layers.1.bias,raw,67,0.008810797570507727,0.008941663679830864,0.008876230625169295,0,0.0,0.9,10
bayesfl_observability_v1,ola_sparse_bayesian_keep010_seed42,185,ola,global,,,layers.1.bias,raw,68,0.008941663679830864,0.009072529789154,0.009007096734492431,0,0.0,0.9,10
bayesfl_observability_v1,ola_sparse_bayesian_keep010_seed42,185,ola,global,,,layers.1.bias,raw,69,0.009072529789154,0.009203395898477136,0.009137962843815569,0,0.0,0.9,10
bayesfl_observability_v1,ola_sparse_bayesian_keep010_seed42,185,ola,global,,,layers.1.bias,raw,70,0.009203395898477136,0.009334262007800274,0.009268828953138705,0,0.0,0.9,10
bayesfl_observability_v1,ola_sparse_bayesian_keep010_seed42,185,ola,global,,,layers.1.bias,raw,71,0.009334262007800274,0.00946512811712341,0.00939969506246184,0,0.0,0.9,10
bayesfl_observability_v1,ola_sparse_bayesian_keep010_seed42,185,ola,global,,,layers.1.bias,raw,72,0.00946512811712341,0.009595994226446547,0.009530561171784978,0,0.0,0.9,10
bayesfl_observability_v1,ola_sparse_bayesian_keep010_seed42,185,ola,global,,,layers.1.bias,raw,73,0.009595994226446547,0.009726860335769683,0.009661427281108116,0,0.0,0.9,10
bayesfl_observability_v1,ola_sparse_bayesian_keep010_seed42,185,ola,global,,,layers.1.bias,raw,74,0.009726860335769683,0.00985772644509282,0.00979229339043125,0,0.0,0.9,10
bayesfl_observability_v1,ola_sparse_bayesian_keep010_seed42,185,ola,global,,,layers.1.bias,raw,75,0.00985772644509282,0.009988592554415957,0.009923159499754388,0,0.0,0.9,10
bayesfl_observability_v1,ola_sparse_bayesian_keep010_seed42,185,ola,global,,,layers.1.bias,raw,76,0.009988592554415957,0.010119458663739093,0.010054025609077526,0,0.0,0.9,10
bayesfl_observability_v1,ola_sparse_bayesian_keep010_seed42,185,ola,global,,,layers.1.bias,raw,77,0.010119458663739093,0.01025032477306223,0.010184891718400662,0,0.0,0.9,10
bayesfl_observability_v1,ola_sparse_bayesian_keep010_seed42,185,ola,global,,,layers.1.bias,raw,78,0.01025032477306223,0.010381190882385366,0.010315757827723798,0,0.0,0.9,10
bayesfl_observability_v1,ola_sparse_bayesian_keep010_seed42,185,ola,global,,,layers.1.bias,raw,79,0.010381190882385366,0.010512056991708504,0.010446623937046935,1,764.1397800944602,1.0,10
bayesfl_observability_v1,ola_sparse_bayesian_keep010_seed42,185,ola,global,,,layers.1.bias,db,0,-87.37757103680295,-86.77992947213907,-87.078750254471,1,0.1673243728558974,0.1,10
bayesfl_observability_v1,ola_sparse_bayesian_keep010_seed42,185,ola,global,,,layers.1.bias,db,1,-86.77992947213907,-86.18228790747519,-86.48110868980713,0,0.0,0.1,10
bayesfl_observability_v1,ola_sparse_bayesian_keep010_seed42,185,ola,global,,,layers.1.bias,db,2,-86.18228790747519,-85.58464634281131,-85.88346712514326,0,0.0,0.1,10
bayesfl_observability_v1,ola_sparse_bayesian_keep010_seed42,185,ola,global,,,layers.1.bias,db,3,-85.58464634281131,-84.98700477814742,-85.28582556047937,0,0.0,0.1,10
bayesfl_observability_v1,ola_sparse_bayesian_keep010_seed42,185,ola,global,,,layers.1.bias,db,4,-84.98700477814742,-84.38936321348355,-84.68818399581548,0,0.0,0.1,10
bayesfl_observability_v1,ola_sparse_bayesian_keep010_seed42,185,ola,global,,,layers.1.bias,db,5,-84.38936321348355,-83.79172164881966,-84.0905424311516,0,0.0,0.1,10
bayesfl_observability_v1,ola_sparse_bayesian_keep010_seed42,185,ola,global,,,layers.1.bias,db,6,-83.79172164881966,-83.19408008415579,-83.49290086648773,0,0.0,0.1,10
bayesfl_observability_v1,ola_sparse_bayesian_keep010_seed42,185,ola,global,,,layers.1.bias,db,7,-83.19408008415579,-82.59643851949191,-82.89525930182384,0,0.0,0.1,10
bayesfl_observability_v1,ola_sparse_bayesian_keep010_seed42,185,ola,global,,,layers.1.bias,db,8,-82.59643851949191,-81.99879695482802,-82.29761773715997,0,0.0,0.1,10
bayesfl_observability_v1,ola_sparse_bayesian_keep010_seed42,185,ola,global,,,layers.1.bias,db,9,-81.99879695482802,-81.40115539016415,-81.6999761724961,0,0.0,0.1,10
bayesfl_observability_v1,ola_sparse_bayesian_keep010_seed42,185,ola,global,,,layers.1.bias,db,10,-81.40115539016415,-80.80351382550026,-81.1023346078322,0,0.0,0.1,10
bayesfl_observability_v1,ola_sparse_bayesian_keep010_seed42,185,ola,global,,,layers.1.bias,db,11,-80.80351382550026,-80.20587226083639,-80.50469304316832,0,0.0,0.1,10
bayesfl_observability_v1,ola_sparse_bayesian_keep010_seed42,185,ola,global,,,layers.1.bias,db,12,-80.20587226083639,-79.6082306961725,-79.90705147850444,0,0.0,0.1,10
bayesfl_observability_v1,ola_sparse_bayesian_keep010_seed42,185,ola,global,,,layers.1.bias,db,13,-79.6082306961725,-79.01058913150862,-79.30940991384057,0,0.0,0.1,10
bayesfl_observability_v1,ola_sparse_bayesian_keep010_seed42,185,ola,global,,,layers.1.bias,db,14,-79.01058913150862,-78.41294756684474,-78.71176834917668,0,0.0,0.1,10
bayesfl_observability_v1,ola_sparse_bayesian_keep010_seed42,185,ola,global,,,layers.1.bias,db,15,-78.41294756684474,-77.81530600218086,-78.11412678451279,0,0.0,0.1,10
bayesfl_observability_v1,ola_sparse_bayesian_keep010_seed42,185,ola,global,,,layers.1.bias,db,16,-77.81530600218086,-77.21766443751699,-77.51648521984893,0,0.0,0.1,10
bayesfl_observability_v1,ola_sparse_bayesian_keep010_seed42,185,ola,global,,,layers.1.bias,db,17,-77.21766443751699,-76.6200228728531,-76.91884365518504,0,0.0,0.1,10
bayesfl_observability_v1,ola_sparse_bayesian_keep010_seed42,185,ola,global,,,layers.1.bias,db,18,-76.6200228728531,-76.02238130818922,-76.32120209052115,0,0.0,0.1,10
bayesfl_observability_v1,ola_sparse_bayesian_keep010_seed42,185,ola,global,,,layers.1.bias,db,19,-76.02238130818922,-75.42473974352534,-75.72356052585728,0,0.0,0.1,10
bayesfl_observability_v1,ola_sparse_bayesian_keep010_seed42,185,ola,global,,,layers.1.bias,db,20,-75.42473974352534,-74.82709817886146,-75.1259189611934,0,0.0,0.1,10
bayesfl_observability_v1,ola_sparse_bayesian_keep010_seed42,185,ola,global,,,layers.1.bias,db,21,-74.82709817886146,-74.22945661419757,-74.52827739652952,0,0.0,0.1,10
bayesfl_observability_v1,ola_sparse_bayesian_keep010_seed42,185,ola,global,,,layers.1.bias,db,22,-74.22945661419757,-73.6318150495337,-73.93063583186563,0,0.0,0.1,10
bayesfl_observability_v1,ola_sparse_bayesian_keep010_seed42,185,ola,global,,,layers.1.bias,db,23,-73.6318150495337,-73.03417348486983,-73.33299426720177,0,0.0,0.1,10
bayesfl_observability_v1,ola_sparse_bayesian_keep010_seed42,185,ola,global,,,layers.1.bias,db,24,-73.03417348486983,-72.43653192020594,-72.73535270253788,0,0.0,0.1,10
bayesfl_observability_v1,ola_sparse_bayesian_keep010_seed42,185,ola,global,,,layers.1.bias,db,25,-72.43653192020594,-71.83889035554206,-72.13771113787399,0,0.0,0.1,10
bayesfl_observability_v1,ola_sparse_bayesian_keep010_seed42,185,ola,global,,,layers.1.bias,db,26,-71.83889035554206,-71.24124879087819,-71.54006957321013,0,0.0,0.1,10
bayesfl_observability_v1,ola_sparse_bayesian_keep010_seed42,185,ola,global,,,layers.1.bias,db,27,-71.24124879087819,-70.6436072262143,-70.94242800854624,0,0.0,0.1,10
bayesfl_observability_v1,ola_sparse_bayesian_keep010_seed42,185,ola,global,,,layers.1.bias,db,28,-70.6436072262143,-70.04596566155041,-70.34478644388236,0,0.0,0.1,10
bayesfl_observability_v1,ola_sparse_bayesian_keep010_seed42,185,ola,global,,,layers.1.bias,db,29,-70.04596566155041,-69.44832409688654,-69.74714487921847,0,0.0,0.1,10
bayesfl_observability_v1,ola_sparse_bayesian_keep010_seed42,185,ola,global,,,layers.1.bias,db,30,-69.44832409688654,-68.85068253222266,-69.14950331455461,0,0.0,0.1,10
bayesfl_observability_v1,ola_sparse_bayesian_keep010_seed42,185,ola,global,,,layers.1.bias,db,31,-68.85068253222266,-68.25304096755877,-68.55186174989072,0,0.0,0.1,10
bayesfl_observability_v1,ola_sparse_bayesian_keep010_seed42,185,ola,global,,,layers.1.bias,db,32,-68.25304096755877,-67.6553994028949,-67.95422018522683,1,0.1673243728558974,0.2,10
bayesfl_observability_v1,ola_sparse_bayesian_keep010_seed42,185,ola,global,,,layers.1.bias,db,33,-67.6553994028949,-67.05775783823103,-67.35657862056297,0,0.0,0.2,10
bayesfl_observability_v1,ola_sparse_bayesian_keep010_seed42,185,ola,global,,,layers.1.bias,db,34,-67.05775783823103,-66.46011627356714,-66.75893705589908,0,0.0,0.2,10
bayesfl_observability_v1,ola_sparse_bayesian_keep010_seed42,185,ola,global,,,layers.1.bias,db,35,-66.46011627356714,-65.86247470890325,-66.1612954912352,0,0.0,0.2,10
bayesfl_observability_v1,ola_sparse_bayesian_keep010_seed42,185,ola,global,,,layers.1.bias,db,36,-65.86247470890325,-65.26483314423938,-65.5636539265713,1,0.1673243728558974,0.3,10
bayesfl_observability_v1,ola_sparse_bayesian_keep010_seed42,185,ola,global,,,layers.1.bias,db,37,-65.26483314423938,-64.6671915795755,-64.96601236190745,0,0.0,0.3,10
bayesfl_observability_v1,ola_sparse_bayesian_keep010_seed42,185,ola,global,,,layers.1.bias,db,38,-64.6671915795755,-64.06955001491161,-64.36837079724356,1,0.1673243728558934,0.4,10
bayesfl_observability_v1,ola_sparse_bayesian_keep010_seed42,185,ola,global,,,layers.1.bias,db,39,-64.06955001491161,-63.47190845024774,-63.770729232579676,0,0.0,0.4,10
bayesfl_observability_v1,ola_sparse_bayesian_keep010_seed42,185,ola,global,,,layers.1.bias,db,40,-63.47190845024774,-62.87426688558386,-63.173087667915794,1,0.1673243728558954,0.5,10
bayesfl_observability_v1,ola_sparse_bayesian_keep010_seed42,185,ola,global,,,layers.1.bias,db,41,-62.87426688558386,-62.276625320919976,-62.57544610325192,0,0.0,0.5,10
bayesfl_observability_v1,ola_sparse_bayesian_keep010_seed42,185,ola,global,,,layers.1.bias,db,42,-62.276625320919976,-61.678983756256095,-61.97780453858803,0,0.0,0.5,10
bayesfl_observability_v1,ola_sparse_bayesian_keep010_seed42,185,ola,global,,,layers.1.bias,db,43,-61.678983756256095,-61.08134219159221,-61.38016297392416,0,0.0,0.5,10
bayesfl_observability_v1,ola_sparse_bayesian_keep010_seed42,185,ola,global,,,layers.1.bias,db,44,-61.08134219159221,-60.48370062692834,-60.782521409260276,0,0.0,0.5,10
bayesfl_observability_v1,ola_sparse_bayesian_keep010_seed42,185,ola,global,,,layers.1.bias,db,45,-60.48370062692834,-59.88605906226445,-60.184879844596395,0,0.0,0.5,10
bayesfl_observability_v1,ola_sparse_bayesian_keep010_seed42,185,ola,global,,,layers.1.bias,db,46,-59.88605906226445,-59.28841749760058,-59.587238279932514,0,0.0,0.5,10
bayesfl_observability_v1,ola_sparse_bayesian_keep010_seed42,185,ola,global,,,layers.1.bias,db,47,-59.28841749760058,-58.690775932936695,-58.98959671526863,0,0.0,0.5,10
bayesfl_observability_v1,ola_sparse_bayesian_keep010_seed42,185,ola,global,,,layers.1.bias,db,48,-58.690775932936695,-58.093134368272814,-58.39195515060476,0,0.0,0.5,10
bayesfl_observability_v1,ola_sparse_bayesian_keep010_seed42,185,ola,global,,,layers.1.bias,db,49,-58.093134368272814,-57.49549280360893,-57.79431358594087,0,0.0,0.5,10
bayesfl_observability_v1,ola_sparse_bayesian_keep010_seed42,185,ola,global,,,layers.1.bias,db,50,-57.49549280360893,-56.89785123894505,-57.196672021276996,0,0.0,0.5,10
bayesfl_observability_v1,ola_sparse_bayesian_keep010_seed42,185,ola,global,,,layers.1.bias,db,51,-56.89785123894505,-56.30020967428118,-56.599030456613114,0,0.0,0.5,10
bayesfl_observability_v1,ola_sparse_bayesian_keep010_seed42,185,ola,global,,,layers.1.bias,db,52,-56.30020967428118,-55.70256810961729,-56.00138889194923,0,0.0,0.5,10
bayesfl_observability_v1,ola_sparse_bayesian_keep010_seed42,185,ola,global,,,layers.1.bias,db,53,-55.70256810961729,-55.104926544953415,-55.40374732728535,0,0.0,0.5,10
bayesfl_observability_v1,ola_sparse_bayesian_keep010_seed42,185,ola,global,,,layers.1.bias,db,54,-55.104926544953415,-54.50728498028953,-54.80610576262147,0,0.0,0.5,10
bayesfl_observability_v1,ola_sparse_bayesian_keep010_seed42,185,ola,global,,,layers.1.bias,db,55,-54.50728498028953,-53.90964341562565,-54.208464197957596,0,0.0,0.5,10
bayesfl_observability_v1,ola_sparse_bayesian_keep010_seed42,185,ola,global,,,layers.1.bias,db,56,-53.90964341562565,-53.31200185096177,-53.61082263329371,1,0.1673243728558954,0.6,10
bayesfl_observability_v1,ola_sparse_bayesian_keep010_seed42,185,ola,global,,,layers.1.bias,db,57,-53.31200185096177,-52.71436028629789,-53.013181068629834,0,0.0,0.6,10
bayesfl_observability_v1,ola_sparse_bayesian_keep010_seed42,185,ola,global,,,layers.1.bias,db,58,-52.71436028629789,-52.11671872163401,-52.415539503965945,0,0.0,0.6,10
bayesfl_observability_v1,ola_sparse_bayesian_keep010_seed42,185,ola,global,,,layers.1.bias,db,59,-52.11671872163401,-51.51907715697013,-51.81789793930207,0,0.0,0.6,10
bayesfl_observability_v1,ola_sparse_bayesian_keep010_seed42,185,ola,global,,,layers.1.bias,db,60,-51.51907715697013,-50.92143559230625,-51.22025637463819,0,0.0,0.6,10
bayesfl_observability_v1,ola_sparse_bayesian_keep010_seed42,185,ola,global,,,layers.1.bias,db,61,-50.92143559230625,-50.32379402764237,-50.62261480997431,0,0.0,0.6,10
bayesfl_observability_v1,ola_sparse_bayesian_keep010_seed42,185,ola,global,,,layers.1.bias,db,62,-50.32379402764237,-49.72615246297849,-50.024973245310434,0,0.0,0.6,10
bayesfl_observability_v1,ola_sparse_bayesian_keep010_seed42,185,ola,global,,,layers.1.bias,db,63,-49.72615246297849,-49.12851089831461,-49.427331680646546,0,0.0,0.6,10
bayesfl_observability_v1,ola_sparse_bayesian_keep010_seed42,185,ola,global,,,layers.1.bias,db,64,-49.12851089831461,-48.53086933365073,-48.82969011598267,0,0.0,0.6,10
bayesfl_observability_v1,ola_sparse_bayesian_keep010_seed42,185,ola,global,,,layers.1.bias,db,65,-48.53086933365073,-47.933227768986846,-48.23204855131878,0,0.0,0.6,10
bayesfl_observability_v1,ola_sparse_bayesian_keep010_seed42,185,ola,global,,,layers.1.bias,db,66,-47.933227768986846,-47.335586204322965,-47.63440698665491,0,0.0,0.6,10
bayesfl_observability_v1,ola_sparse_bayesian_keep010_seed42,185,ola,global,,,layers.1.bias,db,67,-47.335586204322965,-46.73794463965909,-47.03676542199103,0,0.0,0.6,10
bayesfl_observability_v1,ola_sparse_bayesian_keep010_seed42,185,ola,global,,,layers.1.bias,db,68,-46.73794463965909,-46.14030307499521,-46.43912385732715,0,0.0,0.6,10
bayesfl_observability_v1,ola_sparse_bayesian_keep010_seed42,185,ola,global,,,layers.1.bias,db,69,-46.14030307499521,-45.54266151033133,-45.84148229266327,0,0.0,0.6,10
bayesfl_observability_v1,ola_sparse_bayesian_keep010_seed42,185,ola,global,,,layers.1.bias,db,70,-45.54266151033133,-44.94501994566745,-45.243840727999384,2,0.3346487457117908,0.8,10
bayesfl_observability_v1,ola_sparse_bayesian_keep010_seed42,185,ola,global,,,layers.1.bias,db,71,-44.94501994566745,-44.347378381003566,-44.64619916333551,1,0.1673243728558954,0.9,10
bayesfl_observability_v1,ola_sparse_bayesian_keep010_seed42,185,ola,global,,,layers.1.bias,db,72,-44.347378381003566,-43.749736816339684,-44.04855759867162,0,0.0,0.9,10
bayesfl_observability_v1,ola_sparse_bayesian_keep010_seed42,185,ola,global,,,layers.1.bias,db,73,-43.749736816339684,-43.1520952516758,-43.45091603400775,0,0.0,0.9,10
bayesfl_observability_v1,ola_sparse_bayesian_keep010_seed42,185,ola,global,,,layers.1.bias,db,74,-43.1520952516758,-42.55445368701193,-42.853274469343866,0,0.0,0.9,10
bayesfl_observability_v1,ola_sparse_bayesian_keep010_seed42,185,ola,global,,,layers.1.bias,db,75,-42.55445368701193,-41.95681212234805,-42.255632904679985,0,0.0,0.9,10
bayesfl_observability_v1,ola_sparse_bayesian_keep010_seed42,185,ola,global,,,layers.1.bias,db,76,-41.95681212234805,-41.359170557684166,-41.65799134001611,0,0.0,0.9,10
bayesfl_observability_v1,ola_sparse_bayesian_keep010_seed42,185,ola,global,,,layers.1.bias,db,77,-41.359170557684166,-40.761528993020285,-41.06034977535222,0,0.0,0.9,10
bayesfl_observability_v1,ola_sparse_bayesian_keep010_seed42,185,ola,global,,,layers.1.bias,db,78,-40.761528993020285,-40.163887428356404,-40.46270821068835,0,0.0,0.9,10
bayesfl_observability_v1,ola_sparse_bayesian_keep010_seed42,185,ola,global,,,layers.1.bias,db,79,-40.163887428356404,-39.56624586369252,-39.86506664602446,1,0.1673243728558954,1.0,10
bayesfl_observability_v1,ola_sparse_bayesian_keep010_seed42,190,ola,global,,,all,raw,0,1.6241278811369742e-08,0.0015500084417030921,0.0007750123414909518,85974,545.0267847613256,0.8447872654023779,101770
bayesfl_observability_v1,ola_sparse_bayesian_keep010_seed42,190,ola,global,,,all,raw,1,0.0015500084417030921,0.003100000642127373,0.0023250045419152326,13529,85.76624759852949,0.9777242802397563,101770
bayesfl_observability_v1,ola_sparse_bayesian_keep010_seed42,190,ola,global,,,all,raw,2,0.003100000642127373,0.004649992842551654,0.003874996742339513,1437,9.10977143906326,0.9918443549179522,101770
bayesfl_observability_v1,ola_sparse_bayesian_keep010_seed42,190,ola,global,,,all,raw,3,0.004649992842551654,0.006199985042975934,0.0054249889427637945,180,1.141098718880576,0.9936130490321313,101770
bayesfl_observability_v1,ola_sparse_bayesian_keep010_seed42,190,ola,global,,,all,raw,4,0.006199985042975934,0.007749977243400215,0.006974981143188074,112,0.7100169806368027,0.9947135698142872,101770
bayesfl_observability_v1,ola_sparse_bayesian_keep010_seed42,190,ola,global,,,all,raw,5,0.007749977243400215,0.009299969443824496,0.008524973343612356,96,0.6085859834029734,0.9956568733418493,101770
bayesfl_observability_v1,ola_sparse_bayesian_keep010_seed42,190,ola,global,,,all,raw,6,0.009299969443824496,0.010849961644248776,0.010074965544036637,62,0.39304511428108746,0.9962660902033998,101770
bayesfl_observability_v1,ola_sparse_bayesian_keep010_seed42,190,ola,global,,,all,raw,7,0.010849961644248776,0.012399953844673057,0.011624957744460917,57,0.3613479276455155,0.9968261766728899,101770
bayesfl_observability_v1,ola_sparse_bayesian_keep010_seed42,190,ola,global,,,all,raw,8,0.012399953844673057,0.013949946045097339,0.013174949944885198,47,0.29795355437437243,0.9972880023582589,101770
bayesfl_observability_v1,ola_sparse_bayesian_keep010_seed42,190,ola,global,,,all,raw,9,0.013949946045097339,0.015499938245521618,0.014724942145309478,51,0.32331130368283,0.9977891323572762,101770
bayesfl_observability_v1,ola_sparse_bayesian_keep010_seed42,190,ola,global,,,all,raw,10,0.015499938245521618,0.0170499304459459,0.01627493434573376,39,0.24723805575745797,0.9981723494153484,101770
bayesfl_observability_v1,ola_sparse_bayesian_keep010_seed42,190,ola,global,,,all,raw,11,0.0170499304459459,0.01859992264637018,0.01782492654615804,27,0.1711648078320863,0.9984376535324752,101770
bayesfl_observability_v1,ola_sparse_bayesian_keep010_seed42,190,ola,global,,,all,raw,12,0.01859992264637018,0.020149914846794462,0.01937491874658232,18,0.11410987188805752,0.9986145229438931,101770
bayesfl_observability_v1,ola_sparse_bayesian_keep010_seed42,190,ola,global,,,all,raw,13,0.020149914846794462,0.02169990704721874,0.020924910947006603,15,0.0950915599067148,0.9987619141200746,101770
bayesfl_observability_v1,ola_sparse_bayesian_keep010_seed42,190,ola,global,,,all,raw,14,0.02169990704721874,0.02324989924764302,0.02247490314743088,18,0.11410987188805752,0.9989387835314926,101770
bayesfl_observability_v1,ola_sparse_bayesian_keep010_seed42,190,ola,global,,,all,raw,15,0.02324989924764302,0.024799891448067303,0.024024895347855162,15,0.0950915599067146,0.9990861747076741,101770
bayesfl_observability_v1,ola_sparse_bayesian_keep010_seed42,190,ola,global,,,all,raw,16,0.024799891448067303,0.026349883648491584,0.025574887548279444,9,0.05705493594402876,0.9991746094133831,101770
bayesfl_observability_v1,ola_sparse_bayesian_keep010_seed42,190,ola,global,,,all,raw,17,0.026349883648491584,0.027899875848915866,0.027124879748703725,12,0.07607324792537168,0.9992925223543284,101770
bayesfl_observability_v1,ola_sparse_bayesian_keep010_seed42,190,ola,global,,,all,raw,18,0.027899875848915866,0.029449868049340144,0.028674871949128003,6,0.03803662396268592,0.999351478824801,101770
bayesfl_observability_v1,ola_sparse_bayesian_keep010_seed42,190,ola,global,,,all,raw,19,0.029449868049340144,0.030999860249764425,0.030224864149552284,4,0.025357749308457227,0.9993907831384494,101770
bayesfl_observability_v1,ola_sparse_bayesian_keep010_seed42,190,ola,global,,,all,raw,20,0.030999860249764425,0.0325498524501887,0.031774856349976566,3,0.01901831198134296,0.9994202613736858,101770
bayesfl_observability_v1,ola_sparse_bayesian_keep010_seed42,190,ola,global,,,all,raw,21,0.0325498524501887,0.034099844650612984,0.03332484855040084,8,0.050715498616914455,0.9994988700009826,101770
bayesfl_observability_v1,ola_sparse_bayesian_keep010_seed42,190,ola,global,,,all,raw,22,0.034099844650612984,0.035649836851037266,0.03487484075082513,6,0.03803662396268584,0.9995578264714552,101770
bayesfl_observability_v1,ola_sparse_bayesian_keep010_seed42,190,ola,global,,,all,raw,23,0.035649836851037266,0.03719982905146155,0.0364248329512494,5,0.031697186635571535,0.9996069568635157,101770
bayesfl_observability_v1,ola_sparse_bayesian_keep010_seed42,190,ola,global,,,all,raw,24,0.03719982905146155,0.03874982125188583,0.03797482515167369,2,0.012678874654228614,0.99962660902034,101770
bayesfl_observability_v1,ola_sparse_bayesian_keep010_seed42,190,ola,global,,,all,raw,25,0.03874982125188583,0.04029981345231011,0.039524817352097966,4,0.025357749308457227,0.9996659133339884,101770
bayesfl_observability_v1,ola_sparse_bayesian_keep010_seed42,190,ola,global,,,all,raw,26,0.04029981345231011,0.041849805652734384,0.04107480955252225,0,0.0,0.9996659133339884,101770
bayesfl_observability_v1,ola_sparse_bayesian_keep010_seed42,190,ola,global,,,all,raw,27,0.041849805652734384,0.043399797853158666,0.04262480175294653,1,0.006339437327114307,0.9996757394124005,101770
bayesfl_observability_v1,ola_sparse_bayesian_keep010_seed42,190,ola,global,,,all,raw,28,0.043399797853158666,0.04494979005358295,0.0441747939533708,4,0.025357749308457227,0.9997150437260489,101770
bayesfl_observability_v1,ola_sparse_bayesian_keep010_seed42,190,ola,global,,,all,raw,29,0.04494979005358295,0.04649978225400723,0.04572478615379509,3,0.01901831198134292,0.9997445219612853,101770
bayesfl_observability_v1,ola_sparse_bayesian_keep010_seed42,190,ola,global,,,all,raw,30,0.04649978225400723,0.04804977445443151,0.047274778354219366,4,0.025357749308457227,0.9997838262749337,101770
bayesfl_observability_v1,ola_sparse_bayesian_keep010_seed42,190,ola,global,,,all,raw,31,0.04804977445443151,0.04959976665485579,0.048824770554643654,1,0.006339437327114307,0.9997936523533458,101770
bayesfl_observability_v1,ola_sparse_bayesian_keep010_seed42,190,ola,global,,,all,raw,32,0.04959976665485579,0.05114975885528007,0.05037476275506793,3,0.01901831198134292,0.9998231305885821,101770
bayesfl_observability_v1,ola_sparse_bayesian_keep010_seed42,190,ola,global,,,all,raw,33,0.05114975885528007,0.052699751055704354,0.05192475495549222,1,0.006339437327114307,0.9998329566669942,101770
bayesfl_observability_v1,ola_sparse_bayesian_keep010_seed42,190,ola,global,,,all,raw,34,0.052699751055704354,0.054249743256128635,0.05347474715591649,0,0.0,0.9998329566669942,101770
bayesfl_observability_v1,ola_sparse_bayesian_keep010_seed42,190,ola,global,,,all,raw,35,0.054249743256128635,0.05579973545655292,0.05502473935634078,3,0.01901831198134292,0.9998624349022305,101770
bayesfl_observability_v1,ola_sparse_bayesian_keep010_seed42,190,ola,global,,,all,raw,36,0.05579973545655292,0.0573497276569772,0.056574731556765054,0,0.0,0.9998624349022305,101770
bayesfl_observability_v1,ola_sparse_bayesian_keep010_seed42,190,ola,global,,,all,raw,37,0.0573497276569772,0.05889971985740147,0.058124723757189335,1,0.0063394373271143355,0.9998722609806426,101770
bayesfl_observability_v1,ola_sparse_bayesian_keep010_seed42,190,ola,global,,,all,raw,38,0.05889971985740147,0.060449712057825754,0.05967471595761362,1,0.006339437327114307,0.9998820870590547,101770
bayesfl_observability_v1,ola_sparse_bayesian_keep010_seed42,190,ola,global,,,all,raw,39,0.060449712057825754,0.061999704258250035,0.06122470815803789,1,0.006339437327114307,0.9998919131374668,101770
bayesfl_observability_v1,ola_sparse_bayesian_keep010_seed42,190,ola,global,,,all,raw,40,0.061999704258250035,0.06354969645867432,0.06277470035846218,1,0.006339437327114278,0.999901739215879,101770
bayesfl_observability_v1,ola_sparse_bayesian_keep010_seed42,190,ola,global,,,all,raw,41,0.06354969645867432,0.0650996886590986,0.06432469255888645,1,0.0063394373271143355,0.999911565294291,101770
bayesfl_observability_v1,ola_sparse_bayesian_keep010_seed42,190,ola,global,,,all,raw,42,0.0650996886590986,0.06664968085952287,0.06587468475931074,0,0.0,0.999911565294291,101770
bayesfl_observability_v1,ola_sparse_bayesian_keep010_seed42,190,ola,global,,,all,raw,43,0.06664968085952287,0.06819967305994716,0.06742467695973502,1,0.006339437327114278,0.9999213913727032,101770
bayesfl_observability_v1,ola_sparse_bayesian_keep010_seed42,190,ola,global,,,all,raw,44,0.06819967305994716,0.06974966526037144,0.06897466916015929,1,0.0063394373271143355,0.9999312174511152,101770
bayesfl_observability_v1,ola_sparse_bayesian_keep010_seed42,190,ola,global,,,all,raw,45,0.06974966526037144,0.07129965746079572,0.07052466136058358,1,0.006339437327114278,0.9999410435295274,101770
bayesfl_observability_v1,ola_sparse_bayesian_keep010_seed42,190,ola,global,,,all,raw,46,0.07129965746079572,0.07284964966122,0.07207465356100787,1,0.0063394373271143355,0.9999508696079394,101770
bayesfl_observability_v1,ola_sparse_bayesian_keep010_seed42,190,ola,global,,,all,raw,47,0.07284964966122,0.07439964186164429,0.07362464576143214,0,0.0,0.9999508696079394,101770
bayesfl_observability_v1,ola_sparse_bayesian_keep010_seed42,190,ola,global,,,all,raw,48,0.07439964186164429,0.07594963406206856,0.07517463796185642,0,0.0,0.9999508696079394,101770
bayesfl_observability_v1,ola_sparse_bayesian_keep010_seed42,190,ola,global,,,all,raw,49,0.07594963406206856,0.07749962626249285,0.0767246301622807,1,0.006339437327114278,0.9999606956863516,101770
bayesfl_observability_v1,ola_sparse_bayesian_keep010_seed42,190,ola,global,,,all,raw,50,0.07749962626249285,0.07904961846291712,0.078274622362705,1,0.0063394373271143355,0.9999705217647636,101770
bayesfl_observability_v1,ola_sparse_bayesian_keep010_seed42,190,ola,global,,,all,raw,51,0.07904961846291712,0.08059961066334141,0.07982461456312927,0,0.0,0.9999705217647636,101770
bayesfl_observability_v1,ola_sparse_bayesian_keep010_seed42,190,ola,global,,,all,raw,52,0.08059961066334141,0.08214960286376569,0.08137460676355354,0,0.0,0.9999705217647636,101770
bayesfl_observability_v1,ola_sparse_bayesian_keep010_seed42,190,ola,global,,,all,raw,53,0.08214960286376569,0.08369959506418996,0.08292459896397783,0,0.0,0.9999705217647636,101770
bayesfl_observability_v1,ola_sparse_bayesian_keep010_seed42,190,ola,global,,,all,raw,54,0.08369959506418996,0.08524958726461425,0.0844745911644021,0,0.0,0.9999705217647636,101770
bayesfl_observability_v1,ola_sparse_bayesian_keep010_seed42,190,ola,global,,,all,raw,55,0.08524958726461425,0.08679957946503852,0.08602458336482638,0,0.0,0.9999705217647636,101770
bayesfl_observability_v1,ola_sparse_bayesian_keep010_seed42,190,ola,global,,,all,raw,56,0.08679957946503852,0.08834957166546281,0.08757457556525067,0,0.0,0.9999705217647636,101770
bayesfl_observability_v1,ola_sparse_bayesian_keep010_seed42,190,ola,global,,,all,raw,57,0.08834957166546281,0.08989956386588709,0.08912456776567496,0,0.0,0.9999705217647636,101770
bayesfl_observability_v1,ola_sparse_bayesian_keep010_seed42,190,ola,global,,,all,raw,58,0.08989956386588709,0.09144955606631137,0.09067455996609923,0,0.0,0.9999705217647636,101770
bayesfl_observability_v1,ola_sparse_bayesian_keep010_seed42,190,ola,global,,,all,raw,59,0.09144955606631137,0.09299954826673565,0.0922245521665235,0,0.0,0.9999705217647636,101770
bayesfl_observability_v1,ola_sparse_bayesian_keep010_seed42,190,ola,global,,,all,raw,60,0.09299954826673565,0.09454954046715994,0.09377454436694779,1,0.006339437327114278,0.9999803478431758,101770
bayesfl_observability_v1,ola_sparse_bayesian_keep010_seed42,190,ola,global,,,all,raw,61,0.09454954046715994,0.09609953266758421,0.09532453656737208,0,0.0,0.9999803478431758,101770
bayesfl_observability_v1,ola_sparse_bayesian_keep010_seed42,190,ola,global,,,all,raw,62,0.09609953266758421,0.0976495248680085,0.09687452876779636,0,0.0,0.9999803478431758,101770
bayesfl_observability_v1,ola_sparse_bayesian_keep010_seed42,190,ola,global,,,all,raw,63,0.0976495248680085,0.09919951706843277,0.09842452096822063,0,0.0,0.9999803478431758,101770
bayesfl_observability_v1,ola_sparse_bayesian_keep010_seed42,190,ola,global,,,all,raw,64,0.09919951706843277,0.10074950926885705,0.09997451316864492,1,0.0063394373271143355,0.9999901739215878,101770
bayesfl_observability_v1,ola_sparse_bayesian_keep010_seed42,190,ola,global,,,all,raw,65,0.10074950926885705,0.10229950146928134,0.10152450536906919,0,0.0,0.9999901739215878,101770
bayesfl_observability_v1,ola_sparse_bayesian_keep010_seed42,190,ola,global,,,all,raw,66,0.10229950146928134,0.10384949366970561,0.10307449756949347,0,0.0,0.9999901739215878,101770
bayesfl_observability_v1,ola_sparse_bayesian_keep010_seed42,190,ola,global,,,all,raw,67,0.10384949366970561,0.1053994858701299,0.10462448976991776,0,0.0,0.9999901739215878,101770
bayesfl_observability_v1,ola_sparse_bayesian_keep010_seed42,190,ola,global,,,all,raw,68,0.1053994858701299,0.10694947807055417,0.10617448197034204,0,0.0,0.9999901739215878,101770
bayesfl_observability_v1,ola_sparse_bayesian_keep010_seed42,190,ola,global,,,all,raw,69,0.10694947807055417,0.10849947027097846,0.10772447417076632,0,0.0,0.9999901739215878,101770
bayesfl_observability_v1,ola_sparse_bayesian_keep010_seed42,190,ola,global,,,all,raw,70,0.10849947027097846,0.11004946247140274,0.10927446637119059,0,0.0,0.9999901739215878,101770
bayesfl_observability_v1,ola_sparse_bayesian_keep010_seed42,190,ola,global,,,all,raw,71,0.11004946247140274,0.11159945467182703,0.11082445857161488,0,0.0,0.9999901739215878,101770
bayesfl_observability_v1,ola_sparse_bayesian_keep010_seed42,190,ola,global,,,all,raw,72,0.11159945467182703,0.1131494468722513,0.11237445077203917,0,0.0,0.9999901739215878,101770
bayesfl_observability_v1,ola_sparse_bayesian_keep010_seed42,190,ola,global,,,all,raw,73,0.1131494468722513,0.11469943907267559,0.11392444297246344,0,0.0,0.9999901739215878,101770
bayesfl_observability_v1,ola_sparse_bayesian_keep010_seed42,190,ola,global,,,all,raw,74,0.11469943907267559,0.11624943127309986,0.11547443517288772,0,0.0,0.9999901739215878,101770
bayesfl_observability_v1,ola_sparse_bayesian_keep010_seed42,190,ola,global,,,all,raw,75,0.11624943127309986,0.11779942347352414,0.117024427373312,0,0.0,0.9999901739215878,101770
bayesfl_observability_v1,ola_sparse_bayesian_keep010_seed42,190,ola,global,,,all,raw,76,0.11779942347352414,0.11934941567394843,0.11857441957373628,0,0.0,0.9999901739215878,101770
bayesfl_observability_v1,ola_sparse_bayesian_keep010_seed42,190,ola,global,,,all,raw,77,0.11934941567394843,0.1208994078743727,0.12012441177416056,0,0.0,0.9999901739215878,101770
bayesfl_observability_v1,ola_sparse_bayesian_keep010_seed42,190,ola,global,,,all,raw,78,0.1208994078743727,0.12244940007479699,0.12167440397458484,0,0.0,0.9999901739215878,101770
bayesfl_observability_v1,ola_sparse_bayesian_keep010_seed42,190,ola,global,,,all,raw,79,0.12244940007479699,0.12399939227522126,0.12322439617500913,1,0.0063394373271143355,1.0,101770
bayesfl_observability_v1,ola_sparse_bayesian_keep010_seed42,190,ola,global,,,all,db,0,-155.78706077557467,-154.06636762670985,-154.92671420114226,1,5.71053497748171e-06,9.826078412105729e-06,101770
bayesfl_observability_v1,ola_sparse_bayesian_keep010_seed42,190,ola,global,,,all,db,1,-154.06636762670985,-152.34567447784502,-153.20602105227744,1,5.71053497748171e-06,1.9652156824211458e-05,101770
bayesfl_observability_v1,ola_sparse_bayesian_keep010_seed42,190,ola,global,,,all,db,2,-152.34567447784502,-150.62498132898023,-151.4853279034126,1,5.710534977481806e-06,2.9478235236317185e-05,101770
bayesfl_observability_v1,ola_sparse_bayesian_keep010_seed42,190,ola,global,,,all,db,3,-150.62498132898023,-148.9042881801154,-149.7646347545478,0,0.0,2.9478235236317185e-05,101770
bayesfl_observability_v1,ola_sparse_bayesian_keep010_seed42,190,ola,global,,,all,db,4,-148.9042881801154,-147.18359503125058,-148.043941605683,2,1.142106995496342e-05,4.913039206052864e-05,101770
bayesfl_observability_v1,ola_sparse_bayesian_keep010_seed42,190,ola,global,,,all,db,5,-147.18359503125058,-145.46290188238578,-146.3232484568182,0,0.0,4.913039206052864e-05,101770
bayesfl_observability_v1,ola_sparse_bayesian_keep010_seed42,190,ola,global,,,all,db,6,-145.46290188238578,-143.74220873352095,-144.60255530795337,2,1.142106995496342e-05,6.87825488847401e-05,101770
bayesfl_observability_v1,ola_sparse_bayesian_keep010_seed42,190,ola,global,,,all,db,7,-143.74220873352095,-142.02151558465613,-142.88186215908854,0,0.0,6.87825488847401e-05,101770
bayesfl_observability_v1,ola_sparse_bayesian_keep010_seed42,190,ola,global,,,all,db,8,-142.02151558465613,-140.3008224357913,-141.16116901022372,1,5.71053497748171e-06,7.860862729684583e-05,101770
bayesfl_observability_v1,ola_sparse_bayesian_keep010_seed42,190,ola,global,,,all,db,9,-140.3008224357913,-138.58012928692648,-139.4404758613589,1,5.71053497748171e-06,8.843470570895156e-05,101770
bayesfl_observability_v1,ola_sparse_bayesian_keep010_seed42,190,ola,global,,,all,db,10,-138.58012928692648,-136.85943613806168,-137.71978271249407,2,1.1421069954963612e-05,0.00010808686253316301,101770
bayesfl_observability_v1,ola_sparse_bayesian_keep010_seed42,190,ola,global,,,all,db,11,-136.85943613806168,-135.13874298919686,-135.99908956362927,0,0.0,0.00010808686253316301,101770
bayesfl_observability_v1,ola_sparse_bayesian_keep010_seed42,190,ola,global,,,all,db,12,-135.13874298919686,-133.41804984033203,-134.27839641476444,3,1.7131604932445132e-05,0.0001375650977694802,101770
bayesfl_observability_v1,ola_sparse_bayesian_keep010_seed42,190,ola,global,,,all,db,13,-133.41804984033203,-131.69735669146723,-132.55770326589965,7,3.997374484237264e-05,0.0002063476466542203,101770
bayesfl_observability_v1,ola_sparse_bayesian_keep010_seed42,190,ola,global,,,all,db,14,-131.69735669146723,-129.9766635426024,-130.83701011703482,8,4.568427981985368e-05,0.00028495627395106615,101770
bayesfl_observability_v1,ola_sparse_bayesian_keep010_seed42,190,ola,global,,,all,db,15,-129.9766635426024,-128.25597039373758,-129.11631696817,2,1.142106995496342e-05,0.0003046084307752776,101770
bayesfl_observability_v1,ola_sparse_bayesian_keep010_seed42,190,ola,global,,,all,db,16,-128.25597039373758,-126.53527724487276,-127.39562381930517,4,2.284213990992684e-05,0.0003439127444237005,101770
bayesfl_observability_v1,ola_sparse_bayesian_keep010_seed42,190,ola,global,,,all,db,17,-126.53527724487276,-124.81458409600795,-125.67493067044035,13,7.423695470726286e-05,0.00047165176378107497,101770
bayesfl_observability_v1,ola_sparse_bayesian_keep010_seed42,190,ola,global,,,all,db,18,-124.81458409600795,-123.09389094714314,-123.95423752157555,7,3.997374484237231e-05,0.0005404343126658151,101770
bayesfl_observability_v1,ola_sparse_bayesian_keep010_seed42,190,ola,global,,,all,db,19,-123.09389094714314,-121.37319779827831,-122.23354437271072,7,3.9973744842371976e-05,0.0006092168615505552,101770
bayesfl_observability_v1,ola_sparse_bayesian_keep010_seed42,190,ola,global,,,all,db,20,-121.37319779827831,-119.65250464941349,-120.5128512238459,10,5.7105349774817104e-05,0.0007074776456716125,101770
bayesfl_observability_v1,ola_sparse_bayesian_keep010_seed42,190,ola,global,,,all,db,21,-119.65250464941349,-117.93181150054868,-118.79215807498107,12,6.85264197297811e-05,0.0008253905866168812,101770
bayesfl_observability_v1,ola_sparse_bayesian_keep010_seed42,190,ola,global,,,all,db,22,-117.93181150054868,-116.21111835168387,-117.07146492611628,21,0.00011992123452711692,0.0010317382332711016,101770
bayesfl_observability_v1,ola_sparse_bayesian_keep010_seed42,190,ola,global,,,all,db,23,-116.21111835168387,-114.49042520281904,-115.35077177725145,28,0.0001598949793694879,0.001306868428810062,101770
bayesfl_observability_v1,ola_sparse_bayesian_keep010_seed42,190,ola,global,,,all,db,24,-114.49042520281904,-112.76973205395421,-113.63007862838663,27,0.00015418444439200618,0.0015721725459369165,101770
bayesfl_observability_v1,ola_sparse_bayesian_keep010_seed42,190,ola,global,,,all,db,25,-112.76973205395421,-111.0490389050894,-111.9093854795218,43,0.0002455530040317156,0.001994693917657463,101770
bayesfl_observability_v1,ola_sparse_bayesian_keep010_seed42,190,ola,global,,,all,db,26,-111.0490389050894,-109.32834575622459,-110.188692330657,45,0.0002569740739866791,0.0024368674462022207,101770
bayesfl_observability_v1,ola_sparse_bayesian_keep010_seed42,190,ola,global,,,all,db,27,-109.32834575622459,-107.60765260735977,-108.46799918179218,49,0.00027981621389660383,0.0029183452883954015,101770
bayesfl_observability_v1,ola_sparse_bayesian_keep010_seed42,190,ola,global,,,all,db,28,-107.60765260735977,-105.88695945849494,-106.74730603292736,57,0.00032550049371645747,0.0034784317578854277,101770
bayesfl_observability_v1,ola_sparse_bayesian_keep010_seed42,190,ola,global,,,all,db,29,-105.88695945849494,-104.16626630963013,-105.02661288406253,79,0.00045113226322105886,0.0042546919524417805,101770
bayesfl_observability_v1,ola_sparse_bayesian_keep010_seed42,190,ola,global,,,all,db,30,-104.16626630963013,-102.44557316076532,-103.30591973519773,87,0.000496816543040913,0.005109560774294979,101770
bayesfl_observability_v1,ola_sparse_bayesian_keep010_seed42,190,ola,global,,,all,db,31,-102.44557316076532,-100.7248800119005,-101.58522658633291,135,0.0007709222219600309,0.006436081359929252,101770
bayesfl_observability_v1,ola_sparse_bayesian_keep010_seed42,190,ola,global,,,all,db,32,-100.7248800119005,-99.00418686303567,-99.86453343746808,137,0.0007823432919149944,0.007782254102387737,101770
bayesfl_observability_v1,ola_sparse_bayesian_keep010_seed42,190,ola,global,,,all,db,33,-99.00418686303567,-97.28349371417086,-98.14384028860326,153,0.000873711851554709,0.009285644099439914,101770
bayesfl_observability_v1,ola_sparse_bayesian_keep010_seed42,190,ola,global,,,all,db,34,-97.28349371417086,-95.56280056530605,-96.42314713973846,232,0.0013248441147757678,0.011565294291048443,101770
bayesfl_observability_v1,ola_sparse_bayesian_keep010_seed42,190,ola,global,,,all,db,35,-95.56280056530605,-93.84210741644122,-94.70245399087364,222,0.0012677387650009398,0.013746683698535914,101770
bayesfl_observability_v1,ola_sparse_bayesian_keep010_seed42,190,ola,global,,,all,db,36,-93.84210741644122,-92.1214142675764,-92.98176084200881,320,0.0018273711927941473,0.016891028790409747,101770
bayesfl_observability_v1,ola_sparse_bayesian_keep010_seed42,190,ola,global,,,all,db,37,-92.1214142675764,-90.40072111871159,-91.26106769314399,336,0.0019187397524338707,0.020192591136877273,101770
bayesfl_observability_v1,ola_sparse_bayesian_keep010_seed42,190,ola,global,,,all,db,38,-90.40072111871159,-88.68002796984678,-89.54037454427919,472,0.00269537250937139,0.024830500147391178,101770
bayesfl_observability_v1,ola_sparse_bayesian_keep010_seed42,190,ola,global,,,all,db,39,-88.68002796984678,-86.95933482098195,-87.81968139541436,571,0.0032607154721420568,0.030441190920703548,101770
bayesfl_observability_v1,ola_sparse_bayesian_keep010_seed42,190,ola,global,,,all,db,40,-86.95933482098195,-85.23864167211713,-86.09898824654954,633,0.003614768640745923,0.03666109855556647,101770
bayesfl_observability_v1,ola_sparse_bayesian_keep010_seed42,190,ola,global,,,all,db,41,-85.23864167211713,-83.51794852325231,-84.37829509768471,818,0.004671217611580078,0.04469883069666896,101770
bayesfl_observability_v1,ola_sparse_bayesian_keep010_seed42,190,ola,global,,,all,db,42,-83.51794852325231,-81.7972553743875,-82.65760194881992,1035,0.00591040370169362,0.054868821853198385,101770
bayesfl_observability_v1,ola_sparse_bayesian_keep010_seed42,190,ola,global,,,all,db,43,-81.7972553743875,-80.07656222552268,-80.93690879995509,1183,0.006755562878360864,0.06649307261471947,101770
bayesfl_observability_v1,ola_sparse_bayesian_keep010_seed42,190,ola,global,,,all,db,44,-80.07656222552268,-78.35586907665785,-79.21621565109027,1458,0.008325959997168333,0.08081949493956962,101770
bayesfl_observability_v1,ola_sparse_bayesian_keep010_seed42,190,ola,global,,,all,db,45,-78.35586907665785,-76.63517592779304,-77.49552250222544,1755,0.010021988885480485,0.09806426255281517,101770
bayesfl_observability_v1,ola_sparse_bayesian_keep010_seed42,190,ola,global,,,all,db,46,-76.63517592779304,-74.91448277892823,-75.77482935336064,2177,0.012431834645977788,0.11945563525596935,101770
bayesfl_observability_v1,ola_sparse_bayesian_keep010_seed42,190,ola,global,,,all,db,47,-74.91448277892823,-73.1937896300634,-74.05413620449582,2651,0.015138628225304014,0.14550456912646162,101770
bayesfl_observability_v1,ola_sparse_bayesian_keep010_seed42,190,ola,global,,,all,db,48,-73.1937896300634,-71.47309648119858,-72.333443055631,3247,0.018542107071883113,0.17740984573056892,101770
bayesfl_observability_v1,ola_sparse_bayesian_keep010_seed42,190,ola,global,,,all,db,49,-71.47309648119858,-69.75240333233377,-70.61274990676617,3994,0.02280787670006214,0.21665520290851922,101770
bayesfl_observability_v1,ola_sparse_bayesian_keep010_seed42,190,ola,global,,,all,db,50,-69.75240333233377,-68.03171018346896,-68.89205675790137,4766,0.02721640970267806,0.2634862926206151,101770
bayesfl_observability_v1,ola_sparse_bayesian_keep010_seed42,190,ola,global,,,all,db,51,-68.03171018346896,-66.31101703460413,-67.17136360903655,5987,0.034188972910183,0.3223150240738921,101770
bayesfl_observability_v1,ola_sparse_bayesian_keep010_seed42,190,ola,global,,,all,db,52,-66.31101703460413,-64.59032388573931,-65.45067046017172,7154,0.040853167228904155,0.3926107890340965,101770
bayesfl_observability_v1,ola_sparse_bayesian_keep010_seed42,190,ola,global,,,all,db,53,-64.59032388573931,-62.8696307368745,-63.729977311306904,8697,0.04966452269915885,0.47806819298418,101770
bayesfl_observability_v1,ola_sparse_bayesian_keep010_seed42,190,ola,global,,,all,db,54,-62.8696307368745,-61.14893758800969,-62.00928416244209,10270,0.05864719421873765,0.5789820182765059,101770
bayesfl_observability_v1,ola_sparse_bayesian_keep010_seed42,190,ola,global,,,all,db,55,-61.14893758800969,-59.42824443914486,-60.288591013577275,12510,0.0714387925682962,0.7019062592119485,101770
bayesfl_observability_v1,ola_sparse_bayesian_keep010_seed42,190,ola,global,,,all,db,56,-59.42824443914486,-57.70755129028004,-58.56789786471245,9236,0.05274250105202108,0.792659919426157,101770
bayesfl_observability_v1,ola_sparse_bayesian_keep010_seed42,190,ola,global,,,all,db,57,-57.70755129028004,-55.986858141415226,-56.84720471584763,6040,0.03449163126398982,0.8520094330352757,101770
bayesfl_observability_v1,ola_sparse_bayesian_keep010_seed42,190,ola,global,,,all,db,58,-55.986858141415226,-54.266164992550415,-55.12651156698282,5195,0.029666229208017734,0.9030559103861648,101770
bayesfl_observability_v1,ola_sparse_bayesian_keep010_seed42,190,ola,global,,,all,db,59,-54.266164992550415,-52.54547184368559,-53.405818418118,4128,0.0235730883870445,0.9436179620713373,101770
bayesfl_observability_v1,ola_sparse_bayesian_keep010_seed42,190,ola,global,,,all,db,60,-52.54547184368559,-50.824778694820765,-51.68512526925318,2827,0.016143682381340795,0.9713962857423603,101770
bayesfl_observability_v1,ola_sparse_bayesian_keep010_seed42,190,ola,global,,,all,db,61,-50.824778694820765,-49.104085545955954,-49.96443212038836,1392,0.007949064688654608,0.9850741868920114,101770
bayesfl_observability_v1,ola_sparse_bayesian_keep010_seed42,190,ola,global,,,all,db,62,-49.104085545955954,-47.38339239709114,-48.24373897152355,593,0.0033863472416466823,0.9909010513903901,101770
bayesfl_observability_v1,ola_sparse_bayesian_keep010_seed42,190,ola,global,,,all,db,63,-47.38339239709114,-45.66269924822632,-46.52304582265873,170,0.0009707909461718907,0.9925714847204481,101770
bayesfl_observability_v1,ola_sparse_bayesian_keep010_seed42,190,ola,global,,,all,db,64,-45.66269924822632,-43.94200609936149,-44.802352673793905,114,0.0006510009874329149,0.9936916576594281,101770
bayesfl_observability_v1,ola_sparse_bayesian_keep010_seed42,190,ola,global,,,all,db,65,-43.94200609936149,-42.22131295049668,-43.08165952492909,104,0.0005938956376581029,0.9947135698142872,101770
bayesfl_observability_v1,ola_sparse_bayesian_keep010_seed42,190,ola,global,,,all,db,66,-42.22131295049668,-40.50061980163187,-41.360966376064276,101,0.0005767640327256576,0.9957060037339098,101770
bayesfl_observability_v1,ola_sparse_bayesian_keep010_seed42,190,ola,global,,,all,db,67,-40.50061980163187,-38.779926652767045,-39.64027322719946,81,0.00046255333317601855,0.9965019160852904,101770
bayesfl_observability_v1,ola_sparse_bayesian_keep010_seed42,190,ola,global,,,all,db,68,-38.779926652767045,-37.05923350390222,-37.91958007833463,81,0.00046255333317601855,0.9972978284366709,101770
bayesfl_observability_v1,ola_sparse_bayesian_keep010_seed42,190,ola,global,,,all,db,69,-37.05923350390222,-35.33854035503741,-36.198886929469815,90,0.0005139481479733583,0.9981821754937604,101770
bayesfl_observability_v1,ola_sparse_bayesian_keep010_seed42,190,ola,global,,,all,db,70,-35.33854035503741,-33.6178472061726,-34.478193780605004,53,0.00030265835380653314,0.998702957649602,101770
bayesfl_observability_v1,ola_sparse_bayesian_keep010_seed42,190,ola,global,,,all,db,71,-33.6178472061726,-31.897154057307773,-32.757500631740186,42,0.00023984246905423183,0.9991156529429105,101770
bayesfl_observability_v1,ola_sparse_bayesian_keep010_seed42,190,ola,global,,,all,db,72,-31.897154057307773,-30.176460908442948,-31.03680748287536,28,0.0001598949793694879,0.9993907831384494,101770
bayesfl_observability_v1,ola_sparse_bayesian_keep010_seed42,190,ola,global,,,all,db,73,-30.176460908442948,-28.455767759578137,-29.316114334010543,24,0.0001370528394595622,0.99962660902034,101770
bayesfl_observability_v1,ola_sparse_bayesian_keep010_seed42,190,ola,global,,,all,db,74,-28.455767759578137,-26.735074610713326,-27.59542118514573,10,5.710534977481758e-05,0.9997248698044611,101770
bayesfl_observability_v1,ola_sparse_bayesian_keep010_seed42,190,ola,global,,,all,db,75,-26.735074610713326,-25.0143814618485,-25.874728036280914,14,7.994748968474395e-05,0.9998624349022305,101770
bayesfl_observability_v1,ola_sparse_bayesian_keep010_seed42,190,ola,global,,,all,db,76,-25.0143814618485,-23.293688312983676,-24.15403488741609,6,3.4263209864890264e-05,0.9999213913727032,101770
bayesfl_observability_v1,ola_sparse_bayesian_keep010_seed42,190,ola,global,,,all,db,77,-23.293688312983676,-21.57299516411888,-22.433341738551277,5,2.8552674887409027e-05,0.9999705217647636,101770
bayesfl_observability_v1,ola_sparse_bayesian_keep010_seed42,190,ola,global,,,all,db,78,-21.57299516411888,-19.852302015254054,-20.712648589686466,2,1.142106995496342e-05,0.9999901739215878,101770
bayesfl_observability_v1,ola_sparse_bayesian_keep010_seed42,190,ola,global,,,all,db,79,-19.852302015254054,-18.131608866389232,-18.99195544082164,1,5.710534977481723e-06,1.0,101770
bayesfl_observability_v1,ola_sparse_bayesian_keep010_seed42,190,ola,global,,,layers.0.weight,raw,0,1.6241278811369742e-08,7.893591061383194e-05,3.947607594632165e-05,5389,680.4510590200969,0.053700972576530615,100352
bayesfl_observability_v1,ola_sparse_bayesian_keep010_seed42,190,ola,global,,,layers.0.weight,raw,1,7.893591061383194e-05,0.00015785557994885252,0.00011839574528134224,5253,663.2787925464036,0.10604671556122448,100352
bayesfl_observability_v1,ola_sparse_bayesian_keep010_seed42,190,ola,global,,,layers.0.weight,raw,2,0.00015785557994885252,0.0002367752492838731,0.00019731541461636283,5341,674.390259088205,0.1592693718112245,100352
bayesfl_observability_v1,ola_sparse_bayesian_keep010_seed42,190,ola,global,,,layers.0.weight,raw,3,0.0002367752492838731,0.00031569491861889367,0.0002762350839513834,5288,667.6981258300747,0.21196388711734693,100352
bayesfl_observability_v1,ola_sparse_bayesian_keep010_seed42,190,ola,global,,,layers.0.weight,raw,4,0.00031569491861889367,0.00039461458795391423,0.00035515475328640395,5347,675.1478590796917,0.26524633290816324,100352
bayesfl_observability_v1,ola_sparse_bayesian_keep010_seed42,190,ola,global,,,layers.0.weight,raw,5,0.00039461458795391423,0.00047353425728893485,0.0004340744226214245,5374,678.5570590413803,0.3187978316326531,100352
bayesfl_observability_v1,ola_sparse_bayesian_keep010_seed42,190,ola,global,,,layers.0.weight,raw,6,0.00047353425728893485,0.0005524539266239555,0.0005129940919564452,5322,671.9911924484976,0.3718311543367347,100352
bayesfl_observability_v1,ola_sparse_bayesian_keep010_seed42,190,ola,global,,,layers.0.weight,raw,7,0.0005524539266239555,0.000631373595958976,0.0005919137612914657,5337,673.8851924272142,0.42501395089285715,100352
bayesfl_observability_v1,ola_sparse_bayesian_keep010_seed42,190,ola,global,,,layers.0.weight,raw,8,0.000631373595958976,0.0007102932652939966,0.0006708334306264863,5343,674.6427924187007,0.4782565369897959,100352
bayesfl_observability_v1,ola_sparse_bayesian_keep010_seed42,190,ola,global,,,layers.0.weight,raw,9,0.0007102932652939966,0.0007892129346290172,0.0007497530999615069,5164,652.0410593393543,0.5297154017857143,100352
bayesfl_observability_v1,ola_sparse_bayesian_keep010_seed42,190,ola,global,,,layers.0.weight,raw,10,0.0007892129346290172,0.0008681326039640377,0.0008286727692965274,5106,644.7175927549852,0.5805963010204082,100352
bayesfl_observability_v1,ola_sparse_bayesian_keep010_seed42,190,ola,global,,,layers.0.weight,raw,11,0.0008681326039640377,0.0009470522732990584,0.000907592438631548,5237,661.2585259024388,0.6327826052295918,100352
bayesfl_observability_v1,ola_sparse_bayesian_keep010_seed42,190,ola,global,,,layers.0.weight,raw,12,0.0009470522732990584,0.001025971942634079,0.0009865121079665686,5171,652.9249259960885,0.6843112244897959,100352
bayesfl_observability_v1,ola_sparse_bayesian_keep010_seed42,190,ola,global,,,layers.0.weight,raw,13,0.001025971942634079,0.0011048916119690995,0.0010654317773015893,4652,587.3925267325089,0.7306680484693877,100352
bayesfl_observability_v1,ola_sparse_bayesian_keep010_seed42,190,ola,global,,,layers.0.weight,raw,14,0.0011048916119690995,0.00118381128130412,0.0011443514466366097,3371,425.6449285501478,0.7642598054846939,100352
bayesfl_observability_v1,ola_sparse_bayesian_keep010_seed42,190,ola,global,,,layers.0.weight,raw,15,0.00118381128130412,0.0012627309506391406,0.0012232711159716305,2645,333.97532958028506,0.7906170280612245,100352
bayesfl_observability_v1,ola_sparse_bayesian_keep010_seed42,190,ola,global,,,layers.0.weight,raw,16,0.0012627309506391406,0.0013416506199741612,0.0013021907853066508,2077,262.25586371956604,0.8113141741071429,100352
bayesfl_observability_v1,ola_sparse_bayesian_keep010_seed42,190,ola,global,,,layers.0.weight,raw,17,0.0013416506199741612,0.0014205702893091818,0.0013811104546416716,1779,224.62839747573807,0.8290417729591837,100352
bayesfl_observability_v1,ola_sparse_bayesian_keep010_seed42,190,ola,global,,,layers.0.weight,raw,18,0.0014205702893091818,0.0014994899586442023,0.001460030123976692,1522,192.17786450706762,0.8442083864795918,100352
bayesfl_observability_v1,ola_sparse_bayesian_keep010_seed42,190,ola,global,,,layers.0.weight,raw,19,0.0014994899586442023,0.001578409627979223,0.0015389497933117127,1553,196.0921311297477,0.8596839126275511,100352
bayesfl_observability_v1,ola_sparse_bayesian_keep010_seed42,190,ola,global,,,layers.0.weight,raw,20,0.001578409627979223,0.0016573292973142435,0.001617869462646733,1349,170.3337314192078,0.8731265943877551,100352
bayesfl_observability_v1,ola_sparse_bayesian_keep010_seed42,190,ola,global,,,layers.0.weight,raw,21,0.0016573292973142435,0.001736248966649264,0.0016967891319817538,1226,154.80293159373517,0.8853435905612245,100352
bayesfl_observability_v1,ola_sparse_bayesian_keep010_seed42,190,ola,global,,,layers.0.weight,raw,22,0.001736248966649264,0.0018151686359842846,0.0017757088013167742,1146,144.70159837391557,0.8967633928571429,100352
bayesfl_observability_v1,ola_sparse_bayesian_keep010_seed42,190,ola,global,,,layers.0.weight,raw,23,0.0018151686359842846,0.0018940883053193054,0.001854628470651795,1050,132.57999851013173,0.9072265625,100352
bayesfl_observability_v1,ola_sparse_bayesian_keep010_seed42,190,ola,global,,,layers.0.weight,raw,24,0.0018940883053193054,0.0019730079746543257,0.0019335481399868155,1004,126.77173190873617,0.9172313456632653,100352
bayesfl_observability_v1,ola_sparse_bayesian_keep010_seed42,190,ola,global,,,layers.0.weight,raw,25,0.0019730079746543257,0.0020519276439893465,0.002012467809321836,910,114.90266537544748,0.9262994260204082,100352
bayesfl_observability_v1,ola_sparse_bayesian_keep010_seed42,190,ola,global,,,layers.0.weight,raw,26,0.0020519276439893465,0.002130847313324367,0.0020913874786568564,800,101.01333219819615,0.9342713647959183,100352
bayesfl_observability_v1,ola_sparse_bayesian_keep010_seed42,190,ola,global,,,layers.0.weight,raw,27,0.002130847313324367,0.0022097669826593876,0.0021703071479918772,707,89.27053233015536,0.9413165656887755,100352
bayesfl_observability_v1,ola_sparse_bayesian_keep010_seed42,190,ola,global,,,layers.0.weight,raw,28,0.0022097669826593876,0.002288686651994408,0.002249226817326898,641,80.93693242380466,0.9477040816326531,100352
bayesfl_observability_v1,ola_sparse_bayesian_keep010_seed42,190,ola,global,,,layers.0.weight,raw,29,0.002288686651994408,0.0023676063213294287,0.0023281464866619184,589,74.37106583092151,0.9535734215561225,100352
bayesfl_observability_v1,ola_sparse_bayesian_keep010_seed42,190,ola,global,,,layers.0.weight,raw,30,0.0023676063213294287,0.002446525990664449,0.0024070661559969387,551,69.57293255150759,0.9590640943877551,100352
bayesfl_observability_v1,ola_sparse_bayesian_keep010_seed42,190,ola,global,,,layers.0.weight,raw,31,0.002446525990664449,0.00252544565999947,0.0024859858253319595,502,63.38586595436774,0.9640664859693877,100352
bayesfl_observability_v1,ola_sparse_bayesian_keep010_seed42,190,ola,global,,,layers.0.weight,raw,32,0.00252544565999947,0.0026043653293344906,0.0025649054946669803,448,56.567466030989536,0.9685307716836735,100352
bayesfl_observability_v1,ola_sparse_bayesian_keep010_seed42,190,ola,global,,,layers.0.weight,raw,33,0.0026043653293344906,0.002683284998669511,0.002643825164002001,408,51.51679942108004,0.9725964604591837,100352
bayesfl_observability_v1,ola_sparse_bayesian_keep010_seed42,190,ola,global,,,layers.0.weight,raw,34,0.002683284998669511,0.0027622046680045318,0.0027227448333370214,378,47.72879946364742,0.9763632015306123,100352
bayesfl_observability_v1,ola_sparse_bayesian_keep010_seed42,190,ola,global,,,layers.0.weight,raw,35,0.0027622046680045318,0.002841124337339552,0.0028016645026720417,318,40.15279954878297,0.9795320471938775,100352
bayesfl_observability_v1,ola_sparse_bayesian_keep010_seed42,190,ola,global,,,layers.0.weight,raw,36,0.002841124337339552,0.002920044006674573,0.0028805841720070625,255,32.19799963817485,0.9820731026785714,100352
bayesfl_observability_v1,ola_sparse_bayesian_keep010_seed42,190,ola,global,,,layers.0.weight,raw,37,0.002920044006674573,0.0029989636760095932,0.0029595038413420833,229,28.91506634173365,0.9843550701530612,100352
bayesfl_observability_v1,ola_sparse_bayesian_keep010_seed42,190,ola,global,,,layers.0.weight,raw,38,0.0029989636760095932,0.003077883345344614,0.0030384235106771036,200,25.2533330495489,0.9863480548469388,100352
bayesfl_observability_v1,ola_sparse_bayesian_keep010_seed42,190,ola,global,,,layers.0.weight,raw,39,0.003077883345344614,0.0031568030146796344,0.003117343180012124,186,23.485599736080605,0.9882015306122449,100352
bayesfl_observability_v1,ola_sparse_bayesian_keep010_seed42,190,ola,global,,,layers.0.weight,raw,40,0.0031568030146796344,0.003235722684014655,0.0031962628493471448,168,21.212799761621074,0.989875637755102,100352
bayesfl_observability_v1,ola_sparse_bayesian_keep010_seed42,190,ola,global,,,layers.0.weight,raw,41,0.003235722684014655,0.0033146423533496755,0.0032751825186821655,132,16.667199812702364,0.9911910076530612,100352
bayesfl_observability_v1,ola_sparse_bayesian_keep010_seed42,190,ola,global,,,layers.0.weight,raw,42,0.0033146423533496755,0.0033935620226846963,0.003354102188017186,133,16.793466477950016,0.9925163424744898,100352
bayesfl_observability_v1,ola_sparse_bayesian_keep010_seed42,190,ola,global,,,layers.0.weight,raw,43,0.0033935620226846963,0.0034724816920197166,0.0034330218573522062,96,12.121599863783539,0.9934729751275511,100352
bayesfl_observability_v1,ola_sparse_bayesian_keep010_seed42,190,ola,global,,,layers.0.weight,raw,44,0.0034724816920197166,0.0035514013613547374,0.003511941526687227,101,12.752933190022194,0.9944794323979592,100352
bayesfl_observability_v1,ola_sparse_bayesian_keep010_seed42,190,ola,global,,,layers.0.weight,raw,45,0.0035514013613547374,0.0036303210306897577,0.003590861196022248,73,9.217466563085399,0.9952068718112245,100352
bayesfl_observability_v1,ola_sparse_bayesian_keep010_seed42,190,ola,global,,,layers.0.weight,raw,46,0.0036303210306897577,0.0037092407000247785,0.003669780865357268,59,7.4497332496169255,0.9957948022959183,100352
bayesfl_observability_v1,ola_sparse_bayesian_keep010_seed42,190,ola,global,,,layers.0.weight,raw,47,0.0037092407000247785,0.0037881603693597993,0.003748700534692289,68,8.586133236846626,0.9964724170918368,100352
bayesfl_observability_v1,ola_sparse_bayesian_keep010_seed42,190,ola,global,,,layers.0.weight,raw,48,0.0037881603693597993,0.0038670800386948197,0.0038276202040273093,59,7.449733249616966,0.9970603475765306,100352
bayesfl_observability_v1,ola_sparse_bayesian_keep010_seed42,190,ola,global,,,layers.0.weight,raw,49,0.0038670800386948197,0.00394599970802984,0.00390653987336233,63,7.954799910607947,0.997688137755102,100352
bayesfl_observability_v1,ola_sparse_bayesian_keep010_seed42,190,ola,global,,,layers.0.weight,raw,50,0.00394599970802984,0.004024919377364861,0.003985459542697351,50,6.313333262387225,0.9981863839285714,100352
bayesfl_observability_v1,ola_sparse_bayesian_keep010_seed42,190,ola,global,,,layers.0.weight,raw,51,0.004024919377364861,0.0041038390466998816,0.004064379212032371,35,4.419333283671057,0.99853515625,100352
bayesfl_observability_v1,ola_sparse_bayesian_keep010_seed42,190,ola,global,,,layers.0.weight,raw,52,0.0041038390466998816,0.004182758716034902,0.004143298881367392,19,2.3990666397071454,0.9987244897959183,100352
bayesfl_observability_v1,ola_sparse_bayesian_keep010_seed42,190,ola,global,,,layers.0.weight,raw,53,0.004182758716034902,0.004261678385369922,0.004222218550702412,22,2.7778666354504096,0.9989437181122449,100352
bayesfl_observability_v1,ola_sparse_bayesian_keep010_seed42,190,ola,global,,,layers.0.weight,raw,54,0.004261678385369922,0.004340598054704943,0.004301138220037432,13,1.6414666482206783,0.9990732621173469,100352
bayesfl_observability_v1,ola_sparse_bayesian_keep010_seed42,190,ola,global,,,layers.0.weight,raw,55,0.004340598054704943,0.004419517724039964,0.004380057889372454,18,2.2727999744594007,0.9992526307397959,100352
bayesfl_observability_v1,ola_sparse_bayesian_keep010_seed42,190,ola,global,,,layers.0.weight,raw,56,0.004419517724039964,0.004498437393374985,0.004458977558707474,10,1.262666652477445,0.9993522799744898,100352
bayesfl_observability_v1,ola_sparse_bayesian_keep010_seed42,190,ola,global,,,layers.0.weight,raw,57,0.004498437393374985,0.0045773570627100045,0.0045378972280424945,12,1.5151999829729506,0.9994718590561225,100352
bayesfl_observability_v1,ola_sparse_bayesian_keep010_seed42,190,ola,global,,,layers.0.weight,raw,58,0.0045773570627100045,0.004656276732045025,0.004616816897377515,10,1.262666652477445,0.9995715082908163,100352
bayesfl_observability_v1,ola_sparse_bayesian_keep010_seed42,190,ola,global,,,layers.0.weight,raw,59,0.004656276732045025,0.004735196401380046,0.004695736566712535,4,0.505066660990978,0.9996113679846939,100352
bayesfl_observability_v1,ola_sparse_bayesian_keep010_seed42,190,ola,global,,,layers.0.weight,raw,60,0.004735196401380046,0.004814116070715067,0.004774656236047557,7,0.8838666567342115,0.9996811224489796,100352
bayesfl_observability_v1,ola_sparse_bayesian_keep010_seed42,190,ola,global,,,layers.0.weight,raw,61,0.004814116070715067,0.004893035740050087,0.004853575905382577,3,0.37879999574323764,0.9997110172193877,100352
bayesfl_observability_v1,ola_sparse_bayesian_keep010_seed42,190,ola,global,,,layers.0.weight,raw,62,0.004893035740050087,0.0049719554093851075,0.004932495574717597,5,0.6313333262387225,0.9997608418367347,100352
bayesfl_observability_v1,ola_sparse_bayesian_keep010_seed42,190,ola,global,,,layers.0.weight,raw,63,0.0049719554093851075,0.005050875078720128,0.005011415244052618,5,0.6313333262387225,0.9998106664540817,100352
bayesfl_observability_v1,ola_sparse_bayesian_keep010_seed42,190,ola,global,,,layers.0.weight,raw,64,0.005050875078720128,0.005129794748055149,0.005090334913387638,6,0.757599991486467,0.999870455994898,100352
bayesfl_observability_v1,ola_sparse_bayesian_keep010_seed42,190,ola,global,,,layers.0.weight,raw,65,0.005129794748055149,0.00520871441739017,0.00516925458272266,2,0.252533330495489,0.9998903858418368,100352
bayesfl_observability_v1,ola_sparse_bayesian_keep010_seed42,190,ola,global,,,layers.0.weight,raw,66,0.00520871441739017,0.00528763408672519,0.00524817425205768,4,0.5050666609909835,0.9999302455357143,100352
bayesfl_observability_v1,ola_sparse_bayesian_keep010_seed42,190,ola,global,,,layers.0.weight,raw,67,0.00528763408672519,0.005366553756060211,0.0053270939213927,2,0.252533330495489,0.9999501753826531,100352
bayesfl_observability_v1,ola_sparse_bayesian_keep010_seed42,190,ola,global,,,layers.0.weight,raw,68,0.005366553756060211,0.005445473425395231,0.005406013590727721,0,0.0,0.9999501753826531,100352
bayesfl_observability_v1,ola_sparse_bayesian_keep010_seed42,190,ola,global,,,layers.0.weight,raw,69,0.005445473425395231,0.005524393094730252,0.005484933260062741,3,0.3787999957432335,0.9999800701530612,100352
bayesfl_observability_v1,ola_sparse_bayesian_keep010_seed42,190,ola,global,,,layers.0.weight,raw,70,0.005524393094730252,0.005603312764065272,0.005563852929397762,0,0.0,0.9999800701530612,100352
bayesfl_observability_v1,ola_sparse_bayesian_keep010_seed42,190,ola,global,,,layers.0.weight,raw,71,0.005603312764065272,0.005682232433400293,0.005642772598732783,0,0.0,0.9999800701530612,100352
bayesfl_observability_v1,ola_sparse_bayesian_keep010_seed42,190,ola,global,,,layers.0.weight,raw,72,0.005682232433400293,0.005761152102735314,0.005721692268067803,0,0.0,0.9999800701530612,100352
bayesfl_observability_v1,ola_sparse_bayesian_keep010_seed42,190,ola,global,,,layers.0.weight,raw,73,0.005761152102735314,0.005840071772070334,0.005800611937402824,0,0.0,0.9999800701530612,100352
bayesfl_observability_v1,ola_sparse_bayesian_keep010_seed42,190,ola,global,,,layers.0.weight,raw,74,0.005840071772070334,0.005918991441405354,0.005879531606737844,1,0.12626666524774588,0.9999900350765306,100352
bayesfl_observability_v1,ola_sparse_bayesian_keep010_seed42,190,ola,global,,,layers.0.weight,raw,75,0.005918991441405354,0.005997911110740375,0.005958451276072864,0,0.0,0.9999900350765306,100352
bayesfl_observability_v1,ola_sparse_bayesian_keep010_seed42,190,ola,global,,,layers.0.weight,raw,76,0.005997911110740375,0.006076830780075396,0.006037370945407886,0,0.0,0.9999900350765306,100352
bayesfl_observability_v1,ola_sparse_bayesian_keep010_seed42,190,ola,global,,,layers.0.weight,raw,77,0.006076830780075396,0.006155750449410417,0.006116290614742906,0,0.0,0.9999900350765306,100352
bayesfl_observability_v1,ola_sparse_bayesian_keep010_seed42,190,ola,global,,,layers.0.weight,raw,78,0.006155750449410417,0.0062346701187454365,0.006195210284077927,0,0.0,0.9999900350765306,100352
bayesfl_observability_v1,ola_sparse_bayesian_keep010_seed42,190,ola,global,,,layers.0.weight,raw,79,0.0062346701187454365,0.006313589788080457,0.006274129953412947,1,0.1262666652477445,1.0,100352
bayesfl_observability_v1,ola_sparse_bayesian_keep010_seed42,190,ola,global,,,layers.0.weight,db,0,-155.78706077557467,-154.38965342558208,-155.08835710057838,1,7.131008341583855e-06,9.964923469387754e-06,100352
bayesfl_observability_v1,ola_sparse_bayesian_keep010_seed42,190,ola,global,,,layers.0.weight,db,1,-154.38965342558208,-152.99224607558952,-153.6909497505858,1,7.131008341584001e-06,1.992984693877551e-05,100352
bayesfl_observability_v1,ola_sparse_bayesian_keep010_seed42,190,ola,global,,,layers.0.weight,db,2,-152.99224607558952,-151.59483872559693,-152.29354240059322,0,0.0,1.992984693877551e-05,100352
bayesfl_observability_v1,ola_sparse_bayesian_keep010_seed42,190,ola,global,,,layers.0.weight,db,3,-151.59483872559693,-150.19743137560437,-150.89613505060066,1,7.131008341584001e-06,2.9894770408163265e-05,100352
bayesfl_observability_v1,ola_sparse_bayesian_keep010_seed42,190,ola,global,,,layers.0.weight,db,4,-150.19743137560437,-148.80002402561178,-149.49872770060807,0,0.0,2.9894770408163265e-05,100352
bayesfl_observability_v1,ola_sparse_bayesian_keep010_seed42,190,ola,global,,,layers.0.weight,db,5,-148.80002402561178,-147.40261667561919,-148.10132035061548,2,1.426201668316771e-05,4.982461734693878e-05,100352
bayesfl_observability_v1,ola_sparse_bayesian_keep010_seed42,190,ola,global,,,layers.0.weight,db,6,-147.40261667561919,-146.00520932562662,-146.7039130006229,0,0.0,4.982461734693878e-05,100352
bayesfl_observability_v1,ola_sparse_bayesian_keep010_seed42,190,ola,global,,,layers.0.weight,db,7,-146.00520932562662,-144.60780197563403,-145.30650565063033,2,1.426201668316771e-05,6.975446428571428e-05,100352
bayesfl_observability_v1,ola_sparse_bayesian_keep010_seed42,190,ola,global,,,layers.0.weight,db,8,-144.60780197563403,-143.21039462564147,-143.90909830063777,0,0.0,6.975446428571428e-05,100352
bayesfl_observability_v1,ola_sparse_bayesian_keep010_seed42,190,ola,global,,,layers.0.weight,db,9,-143.21039462564147,-141.81298727564888,-142.51169095064517,0,0.0,6.975446428571428e-05,100352
bayesfl_observability_v1,ola_sparse_bayesian_keep010_seed42,190,ola,global,,,layers.0.weight,db,10,-141.81298727564888,-140.4155799256563,-141.11428360065258,1,7.131008341583855e-06,7.971938775510203e-05,100352
bayesfl_observability_v1,ola_sparse_bayesian_keep010_seed42,190,ola,global,,,layers.0.weight,db,11,-140.4155799256563,-139.01817257566373,-139.71687625066,1,7.131008341584001e-06,8.96843112244898e-05,100352
bayesfl_observability_v1,ola_sparse_bayesian_keep010_seed42,190,ola,global,,,layers.0.weight,db,12,-139.01817257566373,-137.62076522567114,-138.31946890066743,1,7.131008341583855e-06,9.964923469387755e-05,100352
bayesfl_observability_v1,ola_sparse_bayesian_keep010_seed42,190,ola,global,,,layers.0.weight,db,13,-137.62076522567114,-136.22335787567857,-136.92206155067487,1,7.131008341584001e-06,0.0001096141581632653,100352
bayesfl_observability_v1,ola_sparse_bayesian_keep010_seed42,190,ola,global,,,layers.0.weight,db,14,-136.22335787567857,-134.82595052568598,-135.52465420068228,1,7.131008341583855e-06,0.00011957908163265306,100352
bayesfl_observability_v1,ola_sparse_bayesian_keep010_seed42,190,ola,global,,,layers.0.weight,db,15,-134.82595052568598,-133.4285431756934,-134.1272468506897,2,1.426201668316771e-05,0.00013950892857142856,100352
bayesfl_observability_v1,ola_sparse_bayesian_keep010_seed42,190,ola,global,,,layers.0.weight,db,16,-133.4285431756934,-132.03113582570083,-132.7298395006971,3,2.1393025024752002e-05,0.00016940369897959184,100352
bayesfl_observability_v1,ola_sparse_bayesian_keep010_seed42,190,ola,global,,,layers.0.weight,db,17,-132.03113582570083,-130.63372847570824,-131.33243215070453,10,7.131008341583856e-05,0.00026905293367346936,100352
bayesfl_observability_v1,ola_sparse_bayesian_keep010_seed42,190,ola,global,,,layers.0.weight,db,18,-130.63372847570824,-129.23632112571565,-129.93502480071194,2,1.426201668316771e-05,0.0002889827806122449,100352
bayesfl_observability_v1,ola_sparse_bayesian_keep010_seed42,190,ola,global,,,layers.0.weight,db,19,-129.23632112571565,-127.83891377572309,-128.53761745071938,2,1.4262016683168002e-05,0.0003089126275510204,100352
bayesfl_observability_v1,ola_sparse_bayesian_keep010_seed42,190,ola,global,,,layers.0.weight,db,20,-127.83891377572309,-126.4415064257305,-127.14021010072679,4,2.852403336633542e-05,0.00034877232142857144,100352
bayesfl_observability_v1,ola_sparse_bayesian_keep010_seed42,190,ola,global,,,layers.0.weight,db,21,-126.4415064257305,-125.04409907573792,-125.7428027507342,12,8.557210009900714e-05,0.00046835140306122447,100352
bayesfl_observability_v1,ola_sparse_bayesian_keep010_seed42,190,ola,global,,,layers.0.weight,db,22,-125.04409907573792,-123.64669172574534,-124.34539540074164,5,3.565504170791964e-05,0.0005181760204081633,100352
bayesfl_observability_v1,ola_sparse_bayesian_keep010_seed42,190,ola,global,,,layers.0.weight,db,23,-123.64669172574534,-122.24928437575277,-122.94798805074905,8,5.7048066732671425e-05,0.0005978954081632653,100352
bayesfl_observability_v1,ola_sparse_bayesian_keep010_seed42,190,ola,global,,,layers.0.weight,db,24,-122.24928437575277,-120.85187702576019,-121.55058070075648,8,5.7048066732671425e-05,0.0006776147959183673,100352
bayesfl_observability_v1,ola_sparse_bayesian_keep010_seed42,190,ola,global,,,layers.0.weight,db,25,-120.85187702576019,-119.4544696757676,-120.1531733507639,6,4.2786050049503136e-05,0.0007374043367346938,100352
bayesfl_observability_v1,ola_sparse_bayesian_keep010_seed42,190,ola,global,,,layers.0.weight,db,26,-119.4544696757676,-118.05706232577502,-118.7557660007713,9,6.417907507425535e-05,0.0008270886479591837,100352
bayesfl_observability_v1,ola_sparse_bayesian_keep010_seed42,190,ola,global,,,layers.0.weight,db,27,-118.05706232577502,-116.65965497578244,-117.35835865077874,13,9.270310844059107e-05,0.0009566326530612245,100352
bayesfl_observability_v1,ola_sparse_bayesian_keep010_seed42,190,ola,global,,,layers.0.weight,db,28,-116.65965497578244,-115.26224762578985,-115.96095130078615,19,0.00013548915849009326,0.001145966198979592,100352
bayesfl_observability_v1,ola_sparse_bayesian_keep010_seed42,190,ola,global,,,layers.0.weight,db,29,-115.26224762578985,-113.86484027579729,-114.56354395079357,24,0.00017114420019801602,0.0013851243622448979,100352
bayesfl_observability_v1,ola_sparse_bayesian_keep010_seed42,190,ola,global,,,layers.0.weight,db,30,-113.86484027579729,-112.4674329258047,-113.166136600801,34,0.0002424542836138511,0.0017239317602040817,100352
bayesfl_observability_v1,ola_sparse_bayesian_keep010_seed42,190,ola,global,,,layers.0.weight,db,31,-112.4674329258047,-111.07002557581212,-111.7687292508084,29,0.00020679924190593392,0.0020129145408163264,100352
bayesfl_observability_v1,ola_sparse_bayesian_keep010_seed42,190,ola,global,,,layers.0.weight,db,32,-111.07002557581212,-109.67261822581955,-110.37132190081584,37,0.00026384730863860534,0.0023816167091836736,100352
bayesfl_observability_v1,ola_sparse_bayesian_keep010_seed42,190,ola,global,,,layers.0.weight,db,33,-109.67261822581955,-108.27521087582696,-108.97391455082325,31,0.00022106125858909953,0.002690529336734694,100352
bayesfl_observability_v1,ola_sparse_bayesian_keep010_seed42,190,ola,global,,,layers.0.weight,db,34,-108.27521087582696,-106.8778035258344,-107.57650720083068,51,0.000363681425420784,0.0031987404336734694,100352
bayesfl_observability_v1,ola_sparse_bayesian_keep010_seed42,190,ola,global,,,layers.0.weight,db,35,-106.8778035258344,-105.4803961758418,-106.1790998508381,48,0.0003422884003960251,0.0036770567602040817,100352
bayesfl_observability_v1,ola_sparse_bayesian_keep010_seed42,190,ola,global,,,layers.0.weight,db,36,-105.4803961758418,-104.08298882584923,-104.78169250084551,67,0.0004777775588861232,0.004344706632653061,100352
bayesfl_observability_v1,ola_sparse_bayesian_keep010_seed42,190,ola,global,,,layers.0.weight,db,37,-104.08298882584923,-102.68558147585665,-103.38428515085295,63,0.00044925352551978745,0.00497249681122449,100352
bayesfl_observability_v1,ola_sparse_bayesian_keep010_seed42,190,ola,global,,,layers.0.weight,db,38,-102.68558147585665,-101.28817412586406,-101.98687780086036,96,0.0006845768007920502,0.005929129464285714,100352
bayesfl_observability_v1,ola_sparse_bayesian_keep010_seed42,190,ola,global,,,layers.0.weight,db,39,-101.28817412586406,-99.89076677587148,-100.58947045086776,117,0.0008343279759653196,0.007095025510204082,100352
bayesfl_observability_v1,ola_sparse_bayesian_keep010_seed42,190,ola,global,,,layers.0.weight,db,40,-99.89076677587148,-98.49335942587891,-99.1920631008752,113,0.0008058039425989839,0.008221061862244899,100352
bayesfl_observability_v1,ola_sparse_bayesian_keep010_seed42,190,ola,global,,,layers.0.weight,db,41,-98.49335942587891,-97.09595207588633,-97.79465575088261,133,0.0009484241094306625,0.009546396683673469,100352
bayesfl_observability_v1,ola_sparse_bayesian_keep010_seed42,190,ola,global,,,layers.0.weight,db,42,-97.09595207588633,-95.69854472589375,-96.39724840089005,197,0.0014048086432920338,0.011509486607142858,100352
bayesfl_observability_v1,ola_sparse_bayesian_keep010_seed42,190,ola,global,,,layers.0.weight,db,43,-95.69854472589375,-94.30113737590116,-94.99984105089746,174,0.0012407954514355908,0.013243383290816327,100352
bayesfl_observability_v1,ola_sparse_bayesian_keep010_seed42,190,ola,global,,,layers.0.weight,db,44,-94.30113737590116,-92.90373002590859,-93.60243370090487,236,0.0016829179686138071,0.015595105229591837,100352
bayesfl_observability_v1,ola_sparse_bayesian_keep010_seed42,190,ola,global,,,layers.0.weight,db,45,-92.90373002590859,-91.50632267591601,-92.2050263509123,266,0.001896848218861325,0.01824577487244898,100352
bayesfl_observability_v1,ola_sparse_bayesian_keep010_seed42,190,ola,global,,,layers.0.weight,db,46,-91.50632267591601,-90.10891532592343,-90.80761900091971,291,0.002075123427400923,0.021145567602040817,100352
bayesfl_observability_v1,ola_sparse_bayesian_keep010_seed42,190,ola,global,,,layers.0.weight,db,47,-90.10891532592343,-88.71150797593086,-89.41021165092715,390,0.002781093253217732,0.02503188775510204,100352
bayesfl_observability_v1,ola_sparse_bayesian_keep010_seed42,190,ola,global,,,layers.0.weight,db,48,-88.71150797593086,-87.31410062593827,-88.01280430093456,447,0.0031875607286879835,0.029486208545918366,100352
bayesfl_observability_v1,ola_sparse_bayesian_keep010_seed42,190,ola,global,,,layers.0.weight,db,49,-87.31410062593827,-85.91669327594569,-86.61539695094197,503,0.003586897195816716,0.034498565051020405,100352
bayesfl_observability_v1,ola_sparse_bayesian_keep010_seed42,190,ola,global,,,layers.0.weight,db,50,-85.91669327594569,-84.51928592595311,-85.21798960094941,589,0.004200163913192933,0.0403679049744898,100352
bayesfl_observability_v1,ola_sparse_bayesian_keep010_seed42,190,ola,global,,,layers.0.weight,db,51,-84.51928592595311,-83.12187857596054,-83.82058225095682,696,0.004963181805742414,0.04730349170918367,100352
bayesfl_observability_v1,ola_sparse_bayesian_keep010_seed42,190,ola,global,,,layers.0.weight,db,52,-83.12187857596054,-81.72447122596795,-82.42317490096424,870,0.0062039772571779546,0.05597297512755102,100352
bayesfl_observability_v1,ola_sparse_bayesian_keep010_seed42,190,ola,global,,,layers.0.weight,db,53,-81.72447122596795,-80.32706387597537,-81.02576755097166,944,0.0067316718744552285,0.06537986288265306,100352
bayesfl_observability_v1,ola_sparse_bayesian_keep010_seed42,190,ola,global,,,layers.0.weight,db,54,-80.32706387597537,-78.9296565259828,-79.62836020097907,1074,0.007658702958861139,0.07608219068877552,100352
bayesfl_observability_v1,ola_sparse_bayesian_keep010_seed42,190,ola,global,,,layers.0.weight,db,55,-78.9296565259828,-77.53224917599022,-78.23095285098651,1381,0.009847922519727405,0.08984375,100352
bayesfl_observability_v1,ola_sparse_bayesian_keep010_seed42,190,ola,global,,,layers.0.weight,db,56,-77.53224917599022,-76.13484182599764,-76.83354550099392,1494,0.01065372646232639,0.10473134566326531,100352
bayesfl_observability_v1,ola_sparse_bayesian_keep010_seed42,190,ola,global,,,layers.0.weight,db,57,-76.13484182599764,-74.73743447600505,-75.43613815100134,1862,0.01327793753202914,0.12328603316326531,100352
bayesfl_observability_v1,ola_sparse_bayesian_keep010_seed42,190,ola,global,,,layers.0.weight,db,58,-74.73743447600505,-73.34002712601247,-74.03873080100877,2142,0.015274619867672774,0.14463089923469388,100352
bayesfl_observability_v1,ola_sparse_bayesian_keep010_seed42,190,ola,global,,,layers.0.weight,db,59,-73.34002712601247,-71.9426197760199,-72.64132345101618,2588,0.018455049588019207,0.17042012117346939,100352
bayesfl_observability_v1,ola_sparse_bayesian_keep010_seed42,190,ola,global,,,layers.0.weight,db,60,-71.9426197760199,-70.54521242602732,-71.24391610102361,2927,0.020872461415816158,0.19958745216836735,100352
bayesfl_observability_v1,ola_sparse_bayesian_keep010_seed42,190,ola,global,,,layers.0.weight,db,61,-70.54521242602732,-69.14780507603473,-69.84650875103102,3504,0.02498705322890983,0.23450454400510204,100352
bayesfl_observability_v1,ola_sparse_bayesian_keep010_seed42,190,ola,global,,,layers.0.weight,db,62,-69.14780507603473,-67.75039772604215,-68.44910140103843,4116,0.02935123033395945,0.27552016900510207,100352
bayesfl_observability_v1,ola_sparse_bayesian_keep010_seed42,190,ola,global,,,layers.0.weight,db,63,-67.75039772604215,-66.35299037604958,-67.05169405104587,4908,0.03499898894049392,0.32442801339285715,100352
bayesfl_observability_v1,ola_sparse_bayesian_keep010_seed42,190,ola,global,,,layers.0.weight,db,64,-66.35299037604958,-64.955583026057,-65.65428670105328,5633,0.04016896998814227,0.3805604272959184,100352
bayesfl_observability_v1,ola_sparse_bayesian_keep010_seed42,190,ola,global,,,layers.0.weight,db,65,-64.955583026057,-63.55817567606442,-64.25687935106072,6697,0.047756362863587566,0.44729551977040816,100352
bayesfl_observability_v1,ola_sparse_bayesian_keep010_seed42,190,ola,global,,,layers.0.weight,db,66,-63.55817567606442,-62.16076832607183,-62.85947200106813,7700,0.05490876423019569,0.5240254304846939,100352
bayesfl_observability_v1,ola_sparse_bayesian_keep010_seed42,190,ola,global,,,layers.0.weight,db,67,-62.16076832607183,-60.763360976079255,-61.46206465107554,8812,0.06283844550603758,0.6118363360969388,100352
bayesfl_observability_v1,ola_sparse_bayesian_keep010_seed42,190,ola,global,,,layers.0.weight,db,68,-60.763360976079255,-59.36595362608668,-60.06465730108297,10320,0.07359200608514614,0.7146743463010204,100352
bayesfl_observability_v1,ola_sparse_bayesian_keep010_seed42,190,ola,global,,,layers.0.weight,db,69,-59.36595362608668,-57.9685462760941,-58.66724995109039,7651,0.05455934482145863,0.7909159757653061,100352
bayesfl_observability_v1,ola_sparse_bayesian_keep010_seed42,190,ola,global,,,layers.0.weight,db,70,-57.9685462760941,-56.57113892610151,-57.26984260109781,5070,0.03615421229183015,0.841438137755102,100352
bayesfl_observability_v1,ola_sparse_bayesian_keep010_seed42,190,ola,global,,,layers.0.weight,db,71,-56.57113892610151,-55.173731576108935,-55.87243525110522,4519,0.03222502669561777,0.8864696269132653,100352
bayesfl_observability_v1,ola_sparse_bayesian_keep010_seed42,190,ola,global,,,layers.0.weight,db,72,-55.173731576108935,-53.77632422611636,-54.47502790111265,3950,0.028167482949256518,0.9258310746173469,100352
bayesfl_observability_v1,ola_sparse_bayesian_keep010_seed42,190,ola,global,,,layers.0.weight,db,73,-53.77632422611636,-52.37891687612378,-53.07762055112007,3056,0.021792361491880484,0.9562838807397959,100352
bayesfl_observability_v1,ola_sparse_bayesian_keep010_seed42,190,ola,global,,,layers.0.weight,db,74,-52.37891687612378,-50.981509526131205,-51.68021320112749,2269,0.016180257927053934,0.9788942920918368,100352
bayesfl_observability_v1,ola_sparse_bayesian_keep010_seed42,190,ola,global,,,layers.0.weight,db,75,-50.981509526131205,-49.584102176138614,-50.28280585113491,1238,0.008828188326880813,0.9912308673469388,100352
bayesfl_observability_v1,ola_sparse_bayesian_keep010_seed42,190,ola,global,,,layers.0.weight,db,76,-49.584102176138614,-48.18669482614604,-48.885398501142326,610,0.0043499150883661965,0.9973094706632653,100352
bayesfl_observability_v1,ola_sparse_bayesian_keep010_seed42,190,ola,global,,,layers.0.weight,db,77,-48.18669482614604,-46.78928747615346,-47.48799115114975,217,0.0015474288101237125,0.9994718590561225,100352
bayesfl_observability_v1,ola_sparse_bayesian_keep010_seed42,190,ola,global,,,layers.0.weight,db,78,-46.78928747615346,-45.391880126160885,-46.09058380115717,48,0.00034228840039602856,0.9999501753826531,100352
bayesfl_observability_v1,ola_sparse_bayesian_keep010_seed42,190,ola,global,,,layers.0.weight,db,79,-45.391880126160885,-43.994472776168294,-44.69317645116459,5,3.565504170791928e-05,1.0,100352
bayesfl_observability_v1,ola_sparse_bayesian_keep010_seed42,190,ola,global,,,layers.0.bias,raw,0,8.020214628369947e-06,7.274060267428344e-05,4.0380408651326695e-05,7,844.9810276354333,0.0546875,128
bayesfl_observability_v1,ola_sparse_bayesian_keep010_seed42,190,ola,global,,,layers.0.bias,raw,1,7.274060267428344e-05,0.00013746099072019694,0.0001051007966972402,5,603.5578768824524,0.09375,128
bayesfl_observability_v1,ola_sparse_bayesian_keep010_seed42,190,ola,global,,,layers.0.bias,raw,2,0.00013746099072019694,0.00020218137876611044,0.00016982118474315368,4,482.84630150596183,0.125,128
bayesfl_observability_v1,ola_sparse_bayesian_keep010_seed42,190,ola,global,,,layers.0.bias,raw,3,0.00020218137876611044,0.0002669017668120239,0.00023454157278906718,4,482.846301505962,0.15625,128
bayesfl_observability_v1,ola_sparse_bayesian_keep010_seed42,190,ola,global,,,layers.0.bias,raw,4,0.0002669017668120239,0.0003316221548579374,0.0002992619608349807,6,724.269452258943,0.203125,128
bayesfl_observability_v1,ola_sparse_bayesian_keep010_seed42,190,ola,global,,,layers.0.bias,raw,5,0.0003316221548579374,0.00039634254290385094,0.00036398234888089417,3,362.13472612947123,0.2265625,128
bayesfl_observability_v1,ola_sparse_bayesian_keep010_seed42,190,ola,global,,,layers.0.bias,raw,6,0.00039634254290385094,0.0004610629309497644,0.00042870273692680765,1,120.7115753764905,0.234375,128
bayesfl_observability_v1,ola_sparse_bayesian_keep010_seed42,190,ola,global,,,layers.0.bias,raw,7,0.0004610629309497644,0.0005257833189956779,0.0004934231249727212,10,1207.115753764905,0.3125,128
bayesfl_observability_v1,ola_sparse_bayesian_keep010_seed42,190,ola,global,,,layers.0.bias,raw,8,0.0005257833189956779,0.0005905037070415914,0.0005581435130186346,2,241.4231507529808,0.328125,128
bayesfl_observability_v1,ola_sparse_bayesian_keep010_seed42,190,ola,global,,,layers.0.bias,raw,9,0.0005905037070415914,0.0006552240950875049,0.0006228639010645481,2,241.4231507529812,0.34375,128
bayesfl_observability_v1,ola_sparse_bayesian_keep010_seed42,190,ola,global,,,layers.0.bias,raw,10,0.0006552240950875049,0.0007199444831334184,0.0006875842891104617,1,120.7115753764904,0.3515625,128
bayesfl_observability_v1,ola_sparse_bayesian_keep010_seed42,190,ola,global,,,layers.0.bias,raw,11,0.0007199444831334184,0.0007846648711793319,0.0007523046771563751,2,241.4231507529808,0.3671875,128
bayesfl_observability_v1,ola_sparse_bayesian_keep010_seed42,190,ola,global,,,layers.0.bias,raw,12,0.0007846648711793319,0.0008493852592252454,0.0008170250652022886,6,724.2694522589436,0.4140625,128
bayesfl_observability_v1,ola_sparse_bayesian_keep010_seed42,190,ola,global,,,layers.0.bias,raw,13,0.0008493852592252454,0.0009141056472711589,0.0008817454532482022,5,603.557876882452,0.453125,128
bayesfl_observability_v1,ola_sparse_bayesian_keep010_seed42,190,ola,global,,,layers.0.bias,raw,14,0.0009141056472711589,0.0009788260353170723,0.0009464658412941156,2,241.4231507529812,0.46875,128
bayesfl_observability_v1,ola_sparse_bayesian_keep010_seed42,190,ola,global,,,layers.0.bias,raw,15,0.0009788260353170723,0.0010435464233629857,0.001011186229340029,2,241.4231507529812,0.484375,128
bayesfl_observability_v1,ola_sparse_bayesian_keep010_seed42,190,ola,global,,,layers.0.bias,raw,16,0.0010435464233629857,0.0011082668114088992,0.0010759066173859425,5,603.557876882453,0.5234375,128
bayesfl_observability_v1,ola_sparse_bayesian_keep010_seed42,190,ola,global,,,layers.0.bias,raw,17,0.0011082668114088992,0.0011729871994548128,0.0011406270054318559,4,482.8463015059608,0.5546875,128
bayesfl_observability_v1,ola_sparse_bayesian_keep010_seed42,190,ola,global,,,layers.0.bias,raw,18,0.0011729871994548128,0.0012377075875007262,0.0012053473934777695,3,362.1347261294718,0.578125,128
bayesfl_observability_v1,ola_sparse_bayesian_keep010_seed42,190,ola,global,,,layers.0.bias,raw,19,0.0012377075875007262,0.0013024279755466397,0.001270067781523683,2,241.4231507529812,0.59375,128
bayesfl_observability_v1,ola_sparse_bayesian_keep010_seed42,190,ola,global,,,layers.0.bias,raw,20,0.0013024279755466397,0.0013671483635925533,0.0013347881695695966,6,724.2694522589412,0.640625,128
bayesfl_observability_v1,ola_sparse_bayesian_keep010_seed42,190,ola,global,,,layers.0.bias,raw,21,0.0013671483635925533,0.0014318687516384667,0.00139950855761551,2,241.4231507529812,0.65625,128
bayesfl_observability_v1,ola_sparse_bayesian_keep010_seed42,190,ola,global,,,layers.0.bias,raw,22,0.0014318687516384667,0.0014965891396843802,0.0014642289456614234,3,362.1347261294718,0.6796875,128
bayesfl_observability_v1,ola_sparse_bayesian_keep010_seed42,190,ola,global,,,layers.0.bias,raw,23,0.0014965891396843802,0.0015613095277302938,0.0015289493337073369,3,362.1347261294706,0.703125,128
bayesfl_observability_v1,ola_sparse_bayesian_keep010_seed42,190,ola,global,,,layers.0.bias,raw,24,0.0015613095277302938,0.0016260299157762072,0.0015936697217532505,2,241.4231507529812,0.71875,128
bayesfl_observability_v1,ola_sparse_bayesian_keep010_seed42,190,ola,global,,,layers.0.bias,raw,25,0.0016260299157762072,0.0016907503038221207,0.001658390109799164,3,362.1347261294718,0.7421875,128
bayesfl_observability_v1,ola_sparse_bayesian_keep010_seed42,190,ola,global,,,layers.0.bias,raw,26,0.0016907503038221207,0.001755470691868034,0.0017231104978450774,6,724.2694522589436,0.7890625,128
bayesfl_observability_v1,ola_sparse_bayesian_keep010_seed42,190,ola,global,,,layers.0.bias,raw,27,0.001755470691868034,0.0018201910799139477,0.001787830885890991,0,0.0,0.7890625,128
bayesfl_observability_v1,ola_sparse_bayesian_keep010_seed42,190,ola,global,,,layers.0.bias,raw,28,0.0018201910799139477,0.0018849114679598611,0.0018525512739369044,1,120.7115753764906,0.796875,128
bayesfl_observability_v1,ola_sparse_bayesian_keep010_seed42,190,ola,global,,,layers.0.bias,raw,29,0.0018849114679598611,0.0019496318560057746,0.0019172716619828179,1,120.7115753764906,0.8046875,128
bayesfl_observability_v1,ola_sparse_bayesian_keep010_seed42,190,ola,global,,,layers.0.bias,raw,30,0.0019496318560057746,0.002014352244051688,0.0019819920500287313,2,241.4231507529804,0.8203125,128
bayesfl_observability_v1,ola_sparse_bayesian_keep010_seed42,190,ola,global,,,layers.0.bias,raw,31,0.002014352244051688,0.0020790726320976016,0.002046712438074645,1,120.7115753764906,0.828125,128
bayesfl_observability_v1,ola_sparse_bayesian_keep010_seed42,190,ola,global,,,layers.0.bias,raw,32,0.0020790726320976016,0.002143793020143515,0.002111432826120558,2,241.4231507529812,0.84375,128
bayesfl_observability_v1,ola_sparse_bayesian_keep010_seed42,190,ola,global,,,layers.0.bias,raw,33,0.002143793020143515,0.0022085134081894285,0.002176153214166472,2,241.4231507529812,0.859375,128
bayesfl_observability_v1,ola_sparse_bayesian_keep010_seed42,190,ola,global,,,layers.0.bias,raw,34,0.0022085134081894285,0.002273233796235342,0.002240873602212385,1,120.7115753764906,0.8671875,128
bayesfl_observability_v1,ola_sparse_bayesian_keep010_seed42,190,ola,global,,,layers.0.bias,raw,35,0.002273233796235342,0.0023379541842812558,0.002305593990258299,2,241.42315075297958,0.8828125,128
bayesfl_observability_v1,ola_sparse_bayesian_keep010_seed42,190,ola,global,,,layers.0.bias,raw,36,0.0023379541842812558,0.002402674572327169,0.0023703143783042127,3,362.1347261294718,0.90625,128
bayesfl_observability_v1,ola_sparse_bayesian_keep010_seed42,190,ola,global,,,layers.0.bias,raw,37,0.002402674572327169,0.0024673949603730826,0.0024350347663501257,1,120.7115753764906,0.9140625,128
bayesfl_observability_v1,ola_sparse_bayesian_keep010_seed42,190,ola,global,,,layers.0.bias,raw,38,0.0024673949603730826,0.002532115348418996,0.0024997551543960396,3,362.1347261294718,0.9375,128
bayesfl_observability_v1,ola_sparse_bayesian_keep010_seed42,190,ola,global,,,layers.0.bias,raw,39,0.002532115348418996,0.0025968357364649095,0.0025644755424419526,1,120.7115753764906,0.9453125,128
bayesfl_observability_v1,ola_sparse_bayesian_keep010_seed42,190,ola,global,,,layers.0.bias,raw,40,0.0025968357364649095,0.002661556124510823,0.0026291959304878664,1,120.7115753764906,0.953125,128
bayesfl_observability_v1,ola_sparse_bayesian_keep010_seed42,190,ola,global,,,layers.0.bias,raw,41,0.002661556124510823,0.0027262765125567368,0.00269391631853378,0,0.0,0.953125,128
bayesfl_observability_v1,ola_sparse_bayesian_keep010_seed42,190,ola,global,,,layers.0.bias,raw,42,0.0027262765125567368,0.00279099690060265,0.0027586367065796933,0,0.0,0.953125,128
bayesfl_observability_v1,ola_sparse_bayesian_keep010_seed42,190,ola,global,,,layers.0.bias,raw,43,0.00279099690060265,0.0028557172886485636,0.002823357094625607,3,362.1347261294718,0.9765625,128
bayesfl_observability_v1,ola_sparse_bayesian_keep010_seed42,190,ola,global,,,layers.0.bias,raw,44,0.0028557172886485636,0.002920437676694477,0.00288807748267152,1,120.7115753764906,0.984375,128
bayesfl_observability_v1,ola_sparse_bayesian_keep010_seed42,190,ola,global,,,layers.0.bias,raw,45,0.002920437676694477,0.0029851580647403905,0.002952797870717434,0,0.0,0.984375,128
bayesfl_observability_v1,ola_sparse_bayesian_keep010_seed42,190,ola,global,,,layers.0.bias,raw,46,0.0029851580647403905,0.003049878452786304,0.003017518258763347,1,120.7115753764906,0.9921875,128
bayesfl_observability_v1,ola_sparse_bayesian_keep010_seed42,190,ola,global,,,layers.0.bias,raw,47,0.003049878452786304,0.0031145988408322178,0.003082238646809261,0,0.0,0.9921875,128
bayesfl_observability_v1,ola_sparse_bayesian_keep010_seed42,190,ola,global,,,layers.0.bias,raw,48,0.0031145988408322178,0.003179319228878131,0.0031469590348551747,0,0.0,0.9921875,128
bayesfl_observability_v1,ola_sparse_bayesian_keep010_seed42,190,ola,global,,,layers.0.bias,raw,49,0.003179319228878131,0.0032440396169240446,0.0032116794229010877,0,0.0,0.9921875,128
bayesfl_observability_v1,ola_sparse_bayesian_keep010_seed42,190,ola,global,,,layers.0.bias,raw,50,0.0032440396169240446,0.003308760004969958,0.0032763998109470015,0,0.0,0.9921875,128
bayesfl_observability_v1,ola_sparse_bayesian_keep010_seed42,190,ola,global,,,layers.0.bias,raw,51,0.003308760004969958,0.0033734803930158715,0.0033411201989929145,0,0.0,0.9921875,128
bayesfl_observability_v1,ola_sparse_bayesian_keep010_seed42,190,ola,global,,,layers.0.bias,raw,52,0.0033734803930158715,0.003438200781061785,0.0034058405870388284,0,0.0,0.9921875,128
bayesfl_observability_v1,ola_sparse_bayesian_keep010_seed42,190,ola,global,,,layers.0.bias,raw,53,0.003438200781061785,0.0035029211691076983,0.0034705609750847414,0,0.0,0.9921875,128
bayesfl_observability_v1,ola_sparse_bayesian_keep010_seed42,190,ola,global,,,layers.0.bias,raw,54,0.0035029211691076983,0.003567641557153612,0.0035352813631306552,0,0.0,0.9921875,128
bayesfl_observability_v1,ola_sparse_bayesian_keep010_seed42,190,ola,global,,,layers.0.bias,raw,55,0.003567641557153612,0.0036323619451995256,0.003600001751176569,0,0.0,0.9921875,128
bayesfl_observability_v1,ola_sparse_bayesian_keep010_seed42,190,ola,global,,,layers.0.bias,raw,56,0.0036323619451995256,0.003697082333245439,0.003664722139222482,0,0.0,0.9921875,128
bayesfl_observability_v1,ola_sparse_bayesian_keep010_seed42,190,ola,global,,,layers.0.bias,raw,57,0.003697082333245439,0.0037618027212913525,0.003729442527268396,0,0.0,0.9921875,128
bayesfl_observability_v1,ola_sparse_bayesian_keep010_seed42,190,ola,global,,,layers.0.bias,raw,58,0.0037618027212913525,0.003826523109337266,0.003794162915314309,0,0.0,0.9921875,128
bayesfl_observability_v1,ola_sparse_bayesian_keep010_seed42,190,ola,global,,,layers.0.bias,raw,59,0.003826523109337266,0.0038912434973831793,0.003858883303360223,0,0.0,0.9921875,128
bayesfl_observability_v1,ola_sparse_bayesian_keep010_seed42,190,ola,global,,,layers.0.bias,raw,60,0.0038912434973831793,0.003955963885429093,0.003923603691406136,0,0.0,0.9921875,128
bayesfl_observability_v1,ola_sparse_bayesian_keep010_seed42,190,ola,global,,,layers.0.bias,raw,61,0.003955963885429093,0.004020684273475007,0.00398832407945205,0,0.0,0.9921875,128
bayesfl_observability_v1,ola_sparse_bayesian_keep010_seed42,190,ola,global,,,layers.0.bias,raw,62,0.004020684273475007,0.00408540466152092,0.004053044467497963,0,0.0,0.9921875,128
bayesfl_observability_v1,ola_sparse_bayesian_keep010_seed42,190,ola,global,,,layers.0.bias,raw,63,0.00408540466152092,0.0041501250495668334,0.0041177648555438765,0,0.0,0.9921875,128
bayesfl_observability_v1,ola_sparse_bayesian_keep010_seed42,190,ola,global,,,layers.0.bias,raw,64,0.0041501250495668334,0.004214845437612747,0.00418248524358979,0,0.0,0.9921875,128
bayesfl_observability_v1,ola_sparse_bayesian_keep010_seed42,190,ola,global,,,layers.0.bias,raw,65,0.004214845437612747,0.00427956582565866,0.004247205631635704,0,0.0,0.9921875,128
bayesfl_observability_v1,ola_sparse_bayesian_keep010_seed42,190,ola,global,,,layers.0.bias,raw,66,0.00427956582565866,0.004344286213704574,0.004311926019681617,0,0.0,0.9921875,128
bayesfl_observability_v1,ola_sparse_bayesian_keep010_seed42,190,ola,global,,,layers.0.bias,raw,67,0.004344286213704574,0.004409006601750487,0.00437664640772753,0,0.0,0.9921875,128
bayesfl_observability_v1,ola_sparse_bayesian_keep010_seed42,190,ola,global,,,layers.0.bias,raw,68,0.004409006601750487,0.004473726989796401,0.004441366795773444,0,0.0,0.9921875,128
bayesfl_observability_v1,ola_sparse_bayesian_keep010_seed42,190,ola,global,,,layers.0.bias,raw,69,0.004473726989796401,0.004538447377842314,0.004506087183819358,0,0.0,0.9921875,128
bayesfl_observability_v1,ola_sparse_bayesian_keep010_seed42,190,ola,global,,,layers.0.bias,raw,70,0.004538447377842314,0.004603167765888228,0.004570807571865271,0,0.0,0.9921875,128
bayesfl_observability_v1,ola_sparse_bayesian_keep010_seed42,190,ola,global,,,layers.0.bias,raw,71,0.004603167765888228,0.004667888153934142,0.004635527959911185,0,0.0,0.9921875,128
bayesfl_observability_v1,ola_sparse_bayesian_keep010_seed42,190,ola,global,,,layers.0.bias,raw,72,0.004667888153934142,0.004732608541980055,0.004700248347957098,0,0.0,0.9921875,128
bayesfl_observability_v1,ola_sparse_bayesian_keep010_seed42,190,ola,global,,,layers.0.bias,raw,73,0.004732608541980055,0.004797328930025969,0.004764968736003012,0,0.0,0.9921875,128
bayesfl_observability_v1,ola_sparse_bayesian_keep010_seed42,190,ola,global,,,layers.0.bias,raw,74,0.004797328930025969,0.0048620493180718816,0.0048296891240489255,0,0.0,0.9921875,128
bayesfl_observability_v1,ola_sparse_bayesian_keep010_seed42,190,ola,global,,,layers.0.bias,raw,75,0.0048620493180718816,0.004926769706117795,0.0048944095120948385,0,0.0,0.9921875,128
bayesfl_observability_v1,ola_sparse_bayesian_keep010_seed42,190,ola,global,,,layers.0.bias,raw,76,0.004926769706117795,0.004991490094163709,0.004959129900140752,0,0.0,0.9921875,128
bayesfl_observability_v1,ola_sparse_bayesian_keep010_seed42,190,ola,global,,,layers.0.bias,raw,77,0.004991490094163709,0.005056210482209622,0.005023850288186665,0,0.0,0.9921875,128
bayesfl_observability_v1,ola_sparse_bayesian_keep010_seed42,190,ola,global,,,layers.0.bias,raw,78,0.005056210482209622,0.005120930870255536,0.005088570676232579,0,0.0,0.9921875,128
bayesfl_observability_v1,ola_sparse_bayesian_keep010_seed42,190,ola,global,,,layers.0.bias,raw,79,0.005120930870255536,0.005185651258301449,0.005153291064278493,1,120.71157537649141,1.0,128
bayesfl_observability_v1,ola_sparse_bayesian_keep010_seed42,190,ola,global,,,layers.0.bias,db,0,-101.91627910575731,-101.2136247902758,-101.56495194801656,1,0.011118554071138528,0.0078125,128
bayesfl_observability_v1,ola_sparse_bayesian_keep010_seed42,190,ola,global,,,layers.0.bias,db,1,-101.2136247902758,-100.51097047479429,-100.86229763253505,0,0.0,0.0078125,128
bayesfl_observability_v1,ola_sparse_bayesian_keep010_seed42,190,ola,global,,,layers.0.bias,db,2,-100.51097047479429,-99.80831615931278,-100.15964331705354,1,0.011118554071138528,0.015625,128
bayesfl_observability_v1,ola_sparse_bayesian_keep010_seed42,190,ola,global,,,layers.0.bias,db,3,-99.80831615931278,-99.10566184383127,-99.45698900157203,0,0.0,0.015625,128
bayesfl_observability_v1,ola_sparse_bayesian_keep010_seed42,190,ola,global,,,layers.0.bias,db,4,-99.10566184383127,-98.40300752834976,-98.75433468609052,0,0.0,0.015625,128
bayesfl_observability_v1,ola_sparse_bayesian_keep010_seed42,190,ola,global,,,layers.0.bias,db,5,-98.40300752834976,-97.70035321286825,-98.051680370609,0,0.0,0.015625,128
bayesfl_observability_v1,ola_sparse_bayesian_keep010_seed42,190,ola,global,,,layers.0.bias,db,6,-97.70035321286825,-96.99769889738674,-97.3490260551275,0,0.0,0.015625,128
bayesfl_observability_v1,ola_sparse_bayesian_keep010_seed42,190,ola,global,,,layers.0.bias,db,7,-96.99769889738674,-96.29504458190523,-96.64637173964599,0,0.0,0.015625,128
bayesfl_observability_v1,ola_sparse_bayesian_keep010_seed42,190,ola,global,,,layers.0.bias,db,8,-96.29504458190523,-95.59239026642372,-95.94371742416448,0,0.0,0.015625,128
bayesfl_observability_v1,ola_sparse_bayesian_keep010_seed42,190,ola,global,,,layers.0.bias,db,9,-95.59239026642372,-94.88973595094221,-95.24106310868297,0,0.0,0.015625,128
bayesfl_observability_v1,ola_sparse_bayesian_keep010_seed42,190,ola,global,,,layers.0.bias,db,10,-94.88973595094221,-94.1870816354607,-94.53840879320146,0,0.0,0.015625,128
bayesfl_observability_v1,ola_sparse_bayesian_keep010_seed42,190,ola,global,,,layers.0.bias,db,11,-94.1870816354607,-93.48442731997918,-93.83575447771995,0,0.0,0.015625,128
bayesfl_observability_v1,ola_sparse_bayesian_keep010_seed42,190,ola,global,,,layers.0.bias,db,12,-93.48442731997918,-92.78177300449767,-93.13310016223842,0,0.0,0.015625,128
bayesfl_observability_v1,ola_sparse_bayesian_keep010_seed42,190,ola,global,,,layers.0.bias,db,13,-92.78177300449767,-92.07911868901616,-92.43044584675691,1,0.011118554071138528,0.0234375,128
bayesfl_observability_v1,ola_sparse_bayesian_keep010_seed42,190,ola,global,,,layers.0.bias,db,14,-92.07911868901616,-91.37646437353465,-91.7277915312754,0,0.0,0.0234375,128
bayesfl_observability_v1,ola_sparse_bayesian_keep010_seed42,190,ola,global,,,layers.0.bias,db,15,-91.37646437353465,-90.67381005805314,-91.02513721579389,0,0.0,0.0234375,128
bayesfl_observability_v1,ola_sparse_bayesian_keep010_seed42,190,ola,global,,,layers.0.bias,db,16,-90.67381005805314,-89.97115574257163,-90.32248290031238,0,0.0,0.0234375,128
bayesfl_observability_v1,ola_sparse_bayesian_keep010_seed42,190,ola,global,,,layers.0.bias,db,17,-89.97115574257163,-89.26850142709011,-89.61982858483087,0,0.0,0.0234375,128
bayesfl_observability_v1,ola_sparse_bayesian_keep010_seed42,190,ola,global,,,layers.0.bias,db,18,-89.26850142709011,-88.5658471116086,-88.91717426934936,1,0.011118554071138528,0.03125,128
bayesfl_observability_v1,ola_sparse_bayesian_keep010_seed42,190,ola,global,,,layers.0.bias,db,19,-88.5658471116086,-87.8631927961271,-88.21451995386785,0,0.0,0.03125,128
bayesfl_observability_v1,ola_sparse_bayesian_keep010_seed42,190,ola,global,,,layers.0.bias,db,20,-87.8631927961271,-87.16053848064558,-87.51186563838634,0,0.0,0.03125,128
bayesfl_observability_v1,ola_sparse_bayesian_keep010_seed42,190,ola,global,,,layers.0.bias,db,21,-87.16053848064558,-86.45788416516407,-86.80921132290483,1,0.011118554071138528,0.0390625,128
bayesfl_observability_v1,ola_sparse_bayesian_keep010_seed42,190,ola,global,,,layers.0.bias,db,22,-86.45788416516407,-85.75522984968256,-86.10655700742332,0,0.0,0.0390625,128
bayesfl_observability_v1,ola_sparse_bayesian_keep010_seed42,190,ola,global,,,layers.0.bias,db,23,-85.75522984968256,-85.05257553420105,-85.40390269194181,0,0.0,0.0390625,128
bayesfl_observability_v1,ola_sparse_bayesian_keep010_seed42,190,ola,global,,,layers.0.bias,db,24,-85.05257553420105,-84.34992121871954,-84.7012483764603,1,0.011118554071138528,0.046875,128
bayesfl_observability_v1,ola_sparse_bayesian_keep010_seed42,190,ola,global,,,layers.0.bias,db,25,-84.34992121871954,-83.64726690323803,-83.99859406097879,0,0.0,0.046875,128
bayesfl_observability_v1,ola_sparse_bayesian_keep010_seed42,190,ola,global,,,layers.0.bias,db,26,-83.64726690323803,-82.94461258775652,-83.29593974549728,0,0.0,0.046875,128
bayesfl_observability_v1,ola_sparse_bayesian_keep010_seed42,190,ola,global,,,layers.0.bias,db,27,-82.94461258775652,-82.24195827227501,-82.59328543001577,1,0.011118554071138528,0.0546875,128
bayesfl_observability_v1,ola_sparse_bayesian_keep010_seed42,190,ola,global,,,layers.0.bias,db,28,-82.24195827227501,-81.5393039567935,-81.89063111453426,1,0.011118554071138528,0.0625,128
bayesfl_observability_v1,ola_sparse_bayesian_keep010_seed42,190,ola,global,,,layers.0.bias,db,29,-81.5393039567935,-80.836649641312,-81.18797679905275,1,0.011118554071138528,0.0703125,128
bayesfl_observability_v1,ola_sparse_bayesian_keep010_seed42,190,ola,global,,,layers.0.bias,db,30,-80.836649641312,-80.13399532583048,-80.48532248357124,1,0.011118554071138528,0.078125,128
bayesfl_observability_v1,ola_sparse_bayesian_keep010_seed42,190,ola,global,,,layers.0.bias,db,31,-80.13399532583048,-79.43134101034897,-79.78266816808973,0,0.0,0.078125,128
bayesfl_observability_v1,ola_sparse_bayesian_keep010_seed42,190,ola,global,,,layers.0.bias,db,32,-79.43134101034897,-78.72868669486746,-79.08001385260822,1,0.011118554071138528,0.0859375,128
bayesfl_observability_v1,ola_sparse_bayesian_keep010_seed42,190,ola,global,,,layers.0.bias,db,33,-78.72868669486746,-78.02603237938595,-78.37735953712671,1,0.011118554071138528,0.09375,128
bayesfl_observability_v1,ola_sparse_bayesian_keep010_seed42,190,ola,global,,,layers.0.bias,db,34,-78.02603237938595,-77.32337806390444,-77.6747052216452,0,0.0,0.09375,128
bayesfl_observability_v1,ola_sparse_bayesian_keep010_seed42,190,ola,global,,,layers.0.bias,db,35,-77.32337806390444,-76.62072374842293,-76.97205090616369,0,0.0,0.09375,128
bayesfl_observability_v1,ola_sparse_bayesian_keep010_seed42,190,ola,global,,,layers.0.bias,db,36,-76.62072374842293,-75.91806943294142,-76.26939659068218,0,0.0,0.09375,128
bayesfl_observability_v1,ola_sparse_bayesian_keep010_seed42,190,ola,global,,,layers.0.bias,db,37,-75.91806943294142,-75.21541511745991,-75.56674227520067,1,0.011118554071138528,0.1015625,128
bayesfl_observability_v1,ola_sparse_bayesian_keep010_seed42,190,ola,global,,,layers.0.bias,db,38,-75.21541511745991,-74.5127608019784,-74.86408795971916,2,0.022237108142277057,0.1171875,128
bayesfl_observability_v1,ola_sparse_bayesian_keep010_seed42,190,ola,global,,,layers.0.bias,db,39,-74.5127608019784,-73.81010648649689,-74.16143364423765,1,0.011118554071138528,0.125,128
bayesfl_observability_v1,ola_sparse_bayesian_keep010_seed42,190,ola,global,,,layers.0.bias,db,40,-73.81010648649689,-73.10745217101538,-73.45877932875614,3,0.033355662213415585,0.1484375,128
bayesfl_observability_v1,ola_sparse_bayesian_keep010_seed42,190,ola,global,,,layers.0.bias,db,41,-73.10745217101538,-72.40479785553386,-72.75612501327461,0,0.0,0.1484375,128
bayesfl_observability_v1,ola_sparse_bayesian_keep010_seed42,190,ola,global,,,layers.0.bias,db,42,-72.40479785553386,-71.70214354005235,-72.0534706977931,1,0.011118554071138528,0.15625,128
bayesfl_observability_v1,ola_sparse_bayesian_keep010_seed42,190,ola,global,,,layers.0.bias,db,43,-71.70214354005235,-70.99948922457084,-71.35081638231159,1,0.011118554071138528,0.1640625,128
bayesfl_observability_v1,ola_sparse_bayesian_keep010_seed42,190,ola,global,,,layers.0.bias,db,44,-70.99948922457084,-70.29683490908933,-70.64816206683008,2,0.022237108142277057,0.1796875,128
bayesfl_observability_v1,ola_sparse_bayesian_keep010_seed42,190,ola,global,,,layers.0.bias,db,45,-70.29683490908933,-69.59418059360782,-69.94550775134857,3,0.033355662213415585,0.203125,128
bayesfl_observability_v1,ola_sparse_bayesian_keep010_seed42,190,ola,global,,,layers.0.bias,db,46,-69.59418059360782,-68.8915262781263,-69.24285343586706,1,0.011118554071138528,0.2109375,128
bayesfl_observability_v1,ola_sparse_bayesian_keep010_seed42,190,ola,global,,,layers.0.bias,db,47,-68.8915262781263,-68.1888719626448,-68.54019912038555,2,0.022237108142277057,0.2265625,128
bayesfl_observability_v1,ola_sparse_bayesian_keep010_seed42,190,ola,global,,,layers.0.bias,db,48,-68.1888719626448,-67.48621764716329,-67.83754480490404,1,0.011118554071138528,0.234375,128
bayesfl_observability_v1,ola_sparse_bayesian_keep010_seed42,190,ola,global,,,layers.0.bias,db,49,-67.48621764716329,-66.78356333168178,-67.13489048942253,0,0.0,0.234375,128
bayesfl_observability_v1,ola_sparse_bayesian_keep010_seed42,190,ola,global,,,layers.0.bias,db,50,-66.78356333168178,-66.08090901620027,-66.43223617394102,8,0.08894843256910823,0.296875,128
bayesfl_observability_v1,ola_sparse_bayesian_keep010_seed42,190,ola,global,,,layers.0.bias,db,51,-66.08090901620027,-65.37825470071876,-65.72958185845951,2,0.022237108142277057,0.3125,128
bayesfl_observability_v1,ola_sparse_bayesian_keep010_seed42,190,ola,global,,,layers.0.bias,db,52,-65.37825470071876,-64.67560038523725,-65.026927542978,2,0.022237108142277057,0.328125,128
bayesfl_observability_v1,ola_sparse_bayesian_keep010_seed42,190,ola,global,,,layers.0.bias,db,53,-64.67560038523725,-63.972946069755736,-64.32427322749649,2,0.022237108142277057,0.34375,128
bayesfl_observability_v1,ola_sparse_bayesian_keep010_seed42,190,ola,global,,,layers.0.bias,db,54,-63.972946069755736,-63.270291754274226,-63.62161891201498,0,0.0,0.34375,128
bayesfl_observability_v1,ola_sparse_bayesian_keep010_seed42,190,ola,global,,,layers.0.bias,db,55,-63.270291754274226,-62.567637438792715,-62.91896459653347,2,0.022237108142277057,0.359375,128
bayesfl_observability_v1,ola_sparse_bayesian_keep010_seed42,190,ola,global,,,layers.0.bias,db,56,-62.567637438792715,-61.864983123311205,-62.21631028105196,5,0.05559277035569264,0.3984375,128
bayesfl_observability_v1,ola_sparse_bayesian_keep010_seed42,190,ola,global,,,layers.0.bias,db,57,-61.864983123311205,-61.16232880782969,-61.51365596557045,6,0.06671132442683049,0.4453125,128
bayesfl_observability_v1,ola_sparse_bayesian_keep010_seed42,190,ola,global,,,layers.0.bias,db,58,-61.16232880782969,-60.45967449234818,-60.81100165008893,2,0.022237108142277057,0.4609375,128
bayesfl_observability_v1,ola_sparse_bayesian_keep010_seed42,190,ola,global,,,layers.0.bias,db,59,-60.45967449234818,-59.75702017686667,-60.10834733460742,1,0.011118554071138528,0.46875,128
bayesfl_observability_v1,ola_sparse_bayesian_keep010_seed42,190,ola,global,,,layers.0.bias,db,60,-59.75702017686667,-59.05436586138516,-59.40569301912591,7,0.0778298784979697,0.5234375,128
bayesfl_observability_v1,ola_sparse_bayesian_keep010_seed42,190,ola,global,,,layers.0.bias,db,61,-59.05436586138516,-58.35171154590365,-58.7030387036444,6,0.06671132442683117,0.5703125,128
bayesfl_observability_v1,ola_sparse_bayesian_keep010_seed42,190,ola,global,,,layers.0.bias,db,62,-58.35171154590365,-57.64905723042214,-58.00038438816289,5,0.05559277035569264,0.609375,128
bayesfl_observability_v1,ola_sparse_bayesian_keep010_seed42,190,ola,global,,,layers.0.bias,db,63,-57.64905723042214,-56.94640291494063,-57.29773007268138,6,0.06671132442683117,0.65625,128
bayesfl_observability_v1,ola_sparse_bayesian_keep010_seed42,190,ola,global,,,layers.0.bias,db,64,-56.94640291494063,-56.24374859945912,-56.59507575719987,6,0.06671132442683117,0.703125,128
bayesfl_observability_v1,ola_sparse_bayesian_keep010_seed42,190,ola,global,,,layers.0.bias,db,65,-56.24374859945912,-55.54109428397761,-55.89242144171836,5,0.05559277035569264,0.7421875,128
bayesfl_observability_v1,ola_sparse_bayesian_keep010_seed42,190,ola,global,,,layers.0.bias,db,66,-55.54109428397761,-54.8384399684961,-55.18976712623685,6,0.06671132442683117,0.7890625,128
bayesfl_observability_v1,ola_sparse_bayesian_keep010_seed42,190,ola,global,,,layers.0.bias,db,67,-54.8384399684961,-54.13578565301459,-54.48711281075534,3,0.033355662213415585,0.8125,128
bayesfl_observability_v1,ola_sparse_bayesian_keep010_seed42,190,ola,global,,,layers.0.bias,db,68,-54.13578565301459,-53.43313133753308,-53.78445849527383,4,0.04447421628455411,0.84375,128
bayesfl_observability_v1,ola_sparse_bayesian_keep010_seed42,190,ola,global,,,layers.0.bias,db,69,-53.43313133753308,-52.730477022051566,-53.08180417979232,4,0.04447421628455411,0.875,128
bayesfl_observability_v1,ola_sparse_bayesian_keep010_seed42,190,ola,global,,,layers.0.bias,db,70,-52.730477022051566,-52.02782270657005,-52.379149864310804,6,0.06671132442683049,0.921875,128
bayesfl_observability_v1,ola_sparse_bayesian_keep010_seed42,190,ola,global,,,layers.0.bias,db,71,-52.02782270657005,-51.32516839108854,-51.676495548829294,4,0.04447421628455411,0.953125,128
bayesfl_observability_v1,ola_sparse_bayesian_keep010_seed42,190,ola,global,,,layers.0.bias,db,72,-51.32516839108854,-50.62251407560703,-50.973841233347784,4,0.04447421628455411,0.984375,128
bayesfl_observability_v1,ola_sparse_bayesian_keep010_seed42,190,ola,global,,,layers.0.bias,db,73,-50.62251407560703,-49.91985976012552,-50.271186917866274,1,0.011118554071138528,0.9921875,128
bayesfl_observability_v1,ola_sparse_bayesian_keep010_seed42,190,ola,global,,,layers.0.bias,db,74,-49.91985976012552,-49.21720544464401,-49.568532602384764,0,0.0,0.9921875,128
bayesfl_observability_v1,ola_sparse_bayesian_keep010_seed42,190,ola,global,,,layers.0.bias,db,75,-49.21720544464401,-48.5145511291625,-48.86587828690325,0,0.0,0.9921875,128
bayesfl_observability_v1,ola_sparse_bayesian_keep010_seed42,190,ola,global,,,layers.0.bias,db,76,-48.5145511291625,-47.81189681368099,-48.16322397142174,0,0.0,0.9921875,128
bayesfl_observability_v1,ola_sparse_bayesian_keep010_seed42,190,ola,global,,,layers.0.bias,db,77,-47.81189681368099,-47.10924249819948,-47.46056965594023,0,0.0,0.9921875,128
bayesfl_observability_v1,ola_sparse_bayesian_keep010_seed42,190,ola,global,,,layers.0.bias,db,78,-47.10924249819948,-46.40658818271797,-46.75791534045872,0,0.0,0.9921875,128
bayesfl_observability_v1,ola_sparse_bayesian_keep010_seed42,190,ola,global,,,layers.0.bias,db,79,-46.40658818271797,-45.70393386723646,-46.05526102497721,1,0.011118554071138528,1.0,128
bayesfl_observability_v1,ola_sparse_bayesian_keep010_seed42,190,ola,global,,,layers.1.weight,raw,0,3.058902215166983e-06,0.0015530130693777431,0.000778035985796455,174,87.70420627911469,0.1359375,1280
bayesfl_observability_v1,ola_sparse_bayesian_keep010_seed42,190,ola,global,,,layers.1.weight,raw,1,0.0015530130693777431,0.0031029672365403193,0.002327990152959031,165,83.16778181640186,0.26484375,1280
bayesfl_observability_v1,ola_sparse_bayesian_keep010_seed42,190,ola,global,,,layers.1.weight,raw,2,0.0031029672365403193,0.004652921403702896,0.0038779443201216075,161,81.15159316630726,0.390625,1280
bayesfl_observability_v1,ola_sparse_bayesian_keep010_seed42,190,ola,global,,,layers.1.weight,raw,3,0.004652921403702896,0.006202875570865472,0.005427898487284184,133,67.03827261564513,0.49453125,1280
bayesfl_observability_v1,ola_sparse_bayesian_keep010_seed42,190,ola,global,,,layers.1.weight,raw,4,0.006202875570865472,0.0077528297380280485,0.00697785265444676,111,55.94923504012488,0.58125,1280
bayesfl_observability_v1,ola_sparse_bayesian_keep010_seed42,190,ola,global,,,layers.1.weight,raw,5,0.0077528297380280485,0.009302783905190624,0.008527806821609337,95,47.88448043974655,0.65546875,1280
bayesfl_observability_v1,ola_sparse_bayesian_keep010_seed42,190,ola,global,,,layers.1.weight,raw,6,0.009302783905190624,0.0108527380723532,0.010077760988771913,61,30.746876913942504,0.703125,1280
bayesfl_observability_v1,ola_sparse_bayesian_keep010_seed42,190,ola,global,,,layers.1.weight,raw,7,0.0108527380723532,0.012402692239515777,0.011627715155934488,57,28.730688263847913,0.74765625,1280
bayesfl_observability_v1,ola_sparse_bayesian_keep010_seed42,190,ola,global,,,layers.1.weight,raw,8,0.012402692239515777,0.013952646406678353,0.013177669323097066,47,23.690216638611435,0.784375,1280
bayesfl_observability_v1,ola_sparse_bayesian_keep010_seed42,190,ola,global,,,layers.1.weight,raw,9,0.013952646406678353,0.01550260057384093,0.01472762349025964,51,25.706405288706026,0.82421875,1280
bayesfl_observability_v1,ola_sparse_bayesian_keep010_seed42,190,ola,global,,,layers.1.weight,raw,10,0.01550260057384093,0.017052554741003506,0.01627757765742222,39,19.657839338422257,0.8546875,1280
bayesfl_observability_v1,ola_sparse_bayesian_keep010_seed42,190,ola,global,,,layers.1.weight,raw,11,0.017052554741003506,0.01860250890816608,0.017827531824584793,27,13.6092733881385,0.87578125,1280
bayesfl_observability_v1,ola_sparse_bayesian_keep010_seed42,190,ola,global,,,layers.1.weight,raw,12,0.01860250890816608,0.02015246307532866,0.01937748599174737,18,9.072848925425646,0.88984375,1280
bayesfl_observability_v1,ola_sparse_bayesian_keep010_seed42,190,ola,global,,,layers.1.weight,raw,13,0.02015246307532866,0.021702417242491234,0.020927440158909946,15,7.560707437854722,0.9015625,1280
bayesfl_observability_v1,ola_sparse_bayesian_keep010_seed42,190,ola,global,,,layers.1.weight,raw,14,0.021702417242491234,0.02325237140965381,0.02247739432607252,18,9.072848925425646,0.915625,1280
bayesfl_observability_v1,ola_sparse_bayesian_keep010_seed42,190,ola,global,,,layers.1.weight,raw,15,0.02325237140965381,0.024802325576816386,0.0240273484932351,15,7.560707437854722,0.92734375,1280
bayesfl_observability_v1,ola_sparse_bayesian_keep010_seed42,190,ola,global,,,layers.1.weight,raw,16,0.024802325576816386,0.02635227974397896,0.025577302660397674,9,4.536424462712834,0.934375,1280
bayesfl_observability_v1,ola_sparse_bayesian_keep010_seed42,190,ola,global,,,layers.1.weight,raw,17,0.02635227974397896,0.02790223391114154,0.027127256827560252,12,6.0485659502837645,0.94375,1280
bayesfl_observability_v1,ola_sparse_bayesian_keep010_seed42,190,ola,global,,,layers.1.weight,raw,18,0.02790223391114154,0.029452188078304114,0.028677210994722827,6,3.024282975141889,0.9484375,1280
bayesfl_observability_v1,ola_sparse_bayesian_keep010_seed42,190,ola,global,,,layers.1.weight,raw,19,0.029452188078304114,0.031002142245466692,0.0302271651618854,4,2.016188650094588,0.9515625,1280
bayesfl_observability_v1,ola_sparse_bayesian_keep010_seed42,190,ola,global,,,layers.1.weight,raw,20,0.031002142245466692,0.03255209641262927,0.031777119329047976,3,1.5121414875709445,0.95390625,1280
bayesfl_observability_v1,ola_sparse_bayesian_keep010_seed42,190,ola,global,,,layers.1.weight,raw,21,0.03255209641262927,0.03410205057979184,0.03332707349621056,8,4.032377300189185,0.96015625,1280
bayesfl_observability_v1,ola_sparse_bayesian_keep010_seed42,190,ola,global,,,layers.1.weight,raw,22,0.03410205057979184,0.035652004746954416,0.034877027663373125,6,3.024282975141889,0.96484375,1280
bayesfl_observability_v1,ola_sparse_bayesian_keep010_seed42,190,ola,global,,,layers.1.weight,raw,23,0.035652004746954416,0.03720195891411699,0.03642698183053571,5,2.5202358126182407,0.96875,1280
bayesfl_observability_v1,ola_sparse_bayesian_keep010_seed42,190,ola,global,,,layers.1.weight,raw,24,0.03720195891411699,0.038751913081279565,0.037976935997698275,2,1.0080943250472962,0.9703125,1280
bayesfl_observability_v1,ola_sparse_bayesian_keep010_seed42,190,ola,global,,,layers.1.weight,raw,25,0.038751913081279565,0.04030186724844215,0.039526890164860856,4,2.0161886500945836,0.9734375,1280
bayesfl_observability_v1,ola_sparse_bayesian_keep010_seed42,190,ola,global,,,layers.1.weight,raw,26,0.04030186724844215,0.04185182141560472,0.04107684433202344,0,0.0,0.9734375,1280
bayesfl_observability_v1,ola_sparse_bayesian_keep010_seed42,190,ola,global,,,layers.1.weight,raw,27,0.04185182141560472,0.043401775582767296,0.042626798499186005,1,0.5040471625236481,0.97421875,1280
bayesfl_observability_v1,ola_sparse_bayesian_keep010_seed42,190,ola,global,,,layers.1.weight,raw,28,0.043401775582767296,0.04495172974992987,0.04417675266634859,4,2.0161886500945925,0.97734375,1280
bayesfl_observability_v1,ola_sparse_bayesian_keep010_seed42,190,ola,global,,,layers.1.weight,raw,29,0.04495172974992987,0.04650168391709245,0.04572670683351116,3,1.5121414875709378,0.9796875,1280
bayesfl_observability_v1,ola_sparse_bayesian_keep010_seed42,190,ola,global,,,layers.1.weight,raw,30,0.04650168391709245,0.04805163808425503,0.047276661000673736,4,2.0161886500945925,0.9828125,1280
bayesfl_observability_v1,ola_sparse_bayesian_keep010_seed42,190,ola,global,,,layers.1.weight,raw,31,0.04805163808425503,0.0496015922514176,0.04882661516783632,1,0.5040471625236481,0.98359375,1280
bayesfl_observability_v1,ola_sparse_bayesian_keep010_seed42,190,ola,global,,,layers.1.weight,raw,32,0.0496015922514176,0.05115154641858018,0.050376569334998886,3,1.5121414875709445,0.9859375,1280
bayesfl_observability_v1,ola_sparse_bayesian_keep010_seed42,190,ola,global,,,layers.1.weight,raw,33,0.05115154641858018,0.05270150058574275,0.05192652350216147,1,0.5040471625236481,0.98671875,1280
bayesfl_observability_v1,ola_sparse_bayesian_keep010_seed42,190,ola,global,,,layers.1.weight,raw,34,0.05270150058574275,0.05425145475290533,0.05347647766932404,0,0.0,0.98671875,1280
bayesfl_observability_v1,ola_sparse_bayesian_keep010_seed42,190,ola,global,,,layers.1.weight,raw,35,0.05425145475290533,0.05580140892006791,0.05502643183648662,3,1.5121414875709445,0.9890625,1280
bayesfl_observability_v1,ola_sparse_bayesian_keep010_seed42,190,ola,global,,,layers.1.weight,raw,36,0.05580140892006791,0.05735136308723048,0.0565763860036492,0,0.0,0.9890625,1280
bayesfl_observability_v1,ola_sparse_bayesian_keep010_seed42,190,ola,global,,,layers.1.weight,raw,37,0.05735136308723048,0.05890131725439306,0.058126340170811766,1,0.5040471625236481,0.98984375,1280
bayesfl_observability_v1,ola_sparse_bayesian_keep010_seed42,190,ola,global,,,layers.1.weight,raw,38,0.05890131725439306,0.06045127142155564,0.05967629433797435,1,0.5040471625236459,0.990625,1280
bayesfl_observability_v1,ola_sparse_bayesian_keep010_seed42,190,ola,global,,,layers.1.weight,raw,39,0.06045127142155564,0.06200122558871821,0.06122624850513693,1,0.5040471625236481,0.99140625,1280
bayesfl_observability_v1,ola_sparse_bayesian_keep010_seed42,190,ola,global,,,layers.1.weight,raw,40,0.06200122558871821,0.06355117975588079,0.0627762026722995,1,0.5040471625236481,0.9921875,1280
bayesfl_observability_v1,ola_sparse_bayesian_keep010_seed42,190,ola,global,,,layers.1.weight,raw,41,0.06355117975588079,0.06510113392304337,0.06432615683946208,1,0.5040471625236459,0.99296875,1280
bayesfl_observability_v1,ola_sparse_bayesian_keep010_seed42,190,ola,global,,,layers.1.weight,raw,42,0.06510113392304337,0.06665108809020594,0.06587611100662466,0,0.0,0.99296875,1280
bayesfl_observability_v1,ola_sparse_bayesian_keep010_seed42,190,ola,global,,,layers.1.weight,raw,43,0.06665108809020594,0.06820104225736852,0.06742606517378723,1,0.5040471625236459,0.99375,1280
bayesfl_observability_v1,ola_sparse_bayesian_keep010_seed42,190,ola,global,,,layers.1.weight,raw,44,0.06820104225736852,0.06975099642453109,0.0689760193409498,1,0.5040471625236504,0.99453125,1280
bayesfl_observability_v1,ola_sparse_bayesian_keep010_seed42,190,ola,global,,,layers.1.weight,raw,45,0.06975099642453109,0.07130095059169367,0.07052597350811238,1,0.5040471625236459,0.9953125,1280
bayesfl_observability_v1,ola_sparse_bayesian_keep010_seed42,190,ola,global,,,layers.1.weight,raw,46,0.07130095059169367,0.07285090475885625,0.07207592767527496,1,0.5040471625236459,0.99609375,1280
bayesfl_observability_v1,ola_sparse_bayesian_keep010_seed42,190,ola,global,,,layers.1.weight,raw,47,0.07285090475885625,0.07440085892601882,0.07362588184243754,0,0.0,0.99609375,1280
bayesfl_observability_v1,ola_sparse_bayesian_keep010_seed42,190,ola,global,,,layers.1.weight,raw,48,0.07440085892601882,0.0759508130931814,0.07517583600960011,0,0.0,0.99609375,1280
bayesfl_observability_v1,ola_sparse_bayesian_keep010_seed42,190,ola,global,,,layers.1.weight,raw,49,0.0759508130931814,0.07750076726034397,0.07672579017676268,1,0.5040471625236504,0.996875,1280
bayesfl_observability_v1,ola_sparse_bayesian_keep010_seed42,190,ola,global,,,layers.1.weight,raw,50,0.07750076726034397,0.07905072142750655,0.07827574434392526,1,0.5040471625236459,0.99765625,1280
bayesfl_observability_v1,ola_sparse_bayesian_keep010_seed42,190,ola,global,,,layers.1.weight,raw,51,0.07905072142750655,0.08060067559466913,0.07982569851108784,0,0.0,0.99765625,1280
bayesfl_observability_v1,ola_sparse_bayesian_keep010_seed42,190,ola,global,,,layers.1.weight,raw,52,0.08060067559466913,0.0821506297618317,0.08137565267825042,0,0.0,0.99765625,1280
bayesfl_observability_v1,ola_sparse_bayesian_keep010_seed42,190,ola,global,,,layers.1.weight,raw,53,0.0821506297618317,0.08370058392899428,0.08292560684541299,0,0.0,0.99765625,1280
bayesfl_observability_v1,ola_sparse_bayesian_keep010_seed42,190,ola,global,,,layers.1.weight,raw,54,0.08370058392899428,0.08525053809615686,0.08447556101257557,0,0.0,0.99765625,1280
bayesfl_observability_v1,ola_sparse_bayesian_keep010_seed42,190,ola,global,,,layers.1.weight,raw,55,0.08525053809615686,0.08680049226331943,0.08602551517973814,0,0.0,0.99765625,1280
bayesfl_observability_v1,ola_sparse_bayesian_keep010_seed42,190,ola,global,,,layers.1.weight,raw,56,0.08680049226331943,0.08835044643048201,0.08757546934690072,0,0.0,0.99765625,1280
bayesfl_observability_v1,ola_sparse_bayesian_keep010_seed42,190,ola,global,,,layers.1.weight,raw,57,0.08835044643048201,0.08990040059764458,0.0891254235140633,0,0.0,0.99765625,1280
bayesfl_observability_v1,ola_sparse_bayesian_keep010_seed42,190,ola,global,,,layers.1.weight,raw,58,0.08990040059764458,0.09145035476480716,0.09067537768122587,0,0.0,0.99765625,1280
bayesfl_observability_v1,ola_sparse_bayesian_keep010_seed42,190,ola,global,,,layers.1.weight,raw,59,0.09145035476480716,0.09300030893196974,0.09222533184838845,0,0.0,0.99765625,1280
bayesfl_observability_v1,ola_sparse_bayesian_keep010_seed42,190,ola,global,,,layers.1.weight,raw,60,0.09300030893196974,0.09455026309913231,0.09377528601555102,1,0.5040471625236504,0.9984375,1280
bayesfl_observability_v1,ola_sparse_bayesian_keep010_seed42,190,ola,global,,,layers.1.weight,raw,61,0.09455026309913231,0.09610021726629489,0.0953252401827136,0,0.0,0.9984375,1280
bayesfl_observability_v1,ola_sparse_bayesian_keep010_seed42,190,ola,global,,,layers.1.weight,raw,62,0.09610021726629489,0.09765017143345746,0.09687519434987618,0,0.0,0.9984375,1280
bayesfl_observability_v1,ola_sparse_bayesian_keep010_seed42,190,ola,global,,,layers.1.weight,raw,63,0.09765017143345746,0.09920012560062004,0.09842514851703875,0,0.0,0.9984375,1280
bayesfl_observability_v1,ola_sparse_bayesian_keep010_seed42,190,ola,global,,,layers.1.weight,raw,64,0.09920012560062004,0.10075007976778262,0.09997510268420133,1,0.5040471625236459,0.99921875,1280
bayesfl_observability_v1,ola_sparse_bayesian_keep010_seed42,190,ola,global,,,layers.1.weight,raw,65,0.10075007976778262,0.10230003393494519,0.1015250568513639,0,0.0,0.99921875,1280
bayesfl_observability_v1,ola_sparse_bayesian_keep010_seed42,190,ola,global,,,layers.1.weight,raw,66,0.10230003393494519,0.10384998810210777,0.10307501101852648,0,0.0,0.99921875,1280
bayesfl_observability_v1,ola_sparse_bayesian_keep010_seed42,190,ola,global,,,layers.1.weight,raw,67,0.10384998810210777,0.10539994226927034,0.10462496518568906,0,0.0,0.99921875,1280
bayesfl_observability_v1,ola_sparse_bayesian_keep010_seed42,190,ola,global,,,layers.1.weight,raw,68,0.10539994226927034,0.10694989643643292,0.10617491935285163,0,0.0,0.99921875,1280
bayesfl_observability_v1,ola_sparse_bayesian_keep010_seed42,190,ola,global,,,layers.1.weight,raw,69,0.10694989643643292,0.1084998506035955,0.10772487352001421,0,0.0,0.99921875,1280
bayesfl_observability_v1,ola_sparse_bayesian_keep010_seed42,190,ola,global,,,layers.1.weight,raw,70,0.1084998506035955,0.11004980477075807,0.10927482768717678,0,0.0,0.99921875,1280
bayesfl_observability_v1,ola_sparse_bayesian_keep010_seed42,190,ola,global,,,layers.1.weight,raw,71,0.11004980477075807,0.11159975893792065,0.11082478185433936,0,0.0,0.99921875,1280
bayesfl_observability_v1,ola_sparse_bayesian_keep010_seed42,190,ola,global,,,layers.1.weight,raw,72,0.11159975893792065,0.11314971310508322,0.11237473602150194,0,0.0,0.99921875,1280
bayesfl_observability_v1,ola_sparse_bayesian_keep010_seed42,190,ola,global,,,layers.1.weight,raw,73,0.11314971310508322,0.1146996672722458,0.11392469018866451,0,0.0,0.99921875,1280
bayesfl_observability_v1,ola_sparse_bayesian_keep010_seed42,190,ola,global,,,layers.1.weight,raw,74,0.1146996672722458,0.11624962143940838,0.11547464435582709,0,0.0,0.99921875,1280
bayesfl_observability_v1,ola_sparse_bayesian_keep010_seed42,190,ola,global,,,layers.1.weight,raw,75,0.11624962143940838,0.11779957560657095,0.11702459852298966,0,0.0,0.99921875,1280
bayesfl_observability_v1,ola_sparse_bayesian_keep010_seed42,190,ola,global,,,layers.1.weight,raw,76,0.11779957560657095,0.11934952977373353,0.11857455269015224,0,0.0,0.99921875,1280
bayesfl_observability_v1,ola_sparse_bayesian_keep010_seed42,190,ola,global,,,layers.1.weight,raw,77,0.11934952977373353,0.12089948394089611,0.12012450685731482,0,0.0,0.99921875,1280
bayesfl_observability_v1,ola_sparse_bayesian_keep010_seed42,190,ola,global,,,layers.1.weight,raw,78,0.12089948394089611,0.12244943810805868,0.1216744610244774,0,0.0,0.99921875,1280
bayesfl_observability_v1,ola_sparse_bayesian_keep010_seed42,190,ola,global,,,layers.1.weight,raw,79,0.12244943810805868,0.12399939227522126,0.12322441519163997,1,0.5040471625236459,1.0,1280
bayesfl_observability_v1,ola_sparse_bayesian_keep010_seed42,190,ola,global,,,layers.1.weight,db,0,-110.2886852807306,-109.13672182555133,-109.71270355314097,1,0.000678189916952201,0.00078125,1280
bayesfl_observability_v1,ola_sparse_bayesian_keep010_seed42,190,ola,global,,,layers.1.weight,db,1,-109.13672182555133,-107.98475837037206,-108.5607400979617,0,0.0,0.00078125,1280
bayesfl_observability_v1,ola_sparse_bayesian_keep010_seed42,190,ola,global,,,layers.1.weight,db,2,-107.98475837037206,-106.8327949151928,-107.40877664278244,0,0.0,0.00078125,1280
bayesfl_observability_v1,ola_sparse_bayesian_keep010_seed42,190,ola,global,,,layers.1.weight,db,3,-106.8327949151928,-105.68083146001354,-106.25681318760317,0,0.0,0.00078125,1280
bayesfl_observability_v1,ola_sparse_bayesian_keep010_seed42,190,ola,global,,,layers.1.weight,db,4,-105.68083146001354,-104.52886800483427,-105.1048497324239,0,0.0,0.00078125,1280
bayesfl_observability_v1,ola_sparse_bayesian_keep010_seed42,190,ola,global,,,layers.1.weight,db,5,-104.52886800483427,-103.376904549655,-103.95288627724463,0,0.0,0.00078125,1280
bayesfl_observability_v1,ola_sparse_bayesian_keep010_seed42,190,ola,global,,,layers.1.weight,db,6,-103.376904549655,-102.22494109447574,-102.80092282206536,0,0.0,0.00078125,1280
bayesfl_observability_v1,ola_sparse_bayesian_keep010_seed42,190,ola,global,,,layers.1.weight,db,7,-102.22494109447574,-101.07297763929647,-101.6489593668861,0,0.0,0.00078125,1280
bayesfl_observability_v1,ola_sparse_bayesian_keep010_seed42,190,ola,global,,,layers.1.weight,db,8,-101.07297763929647,-99.9210141841172,-100.49699591170683,0,0.0,0.00078125,1280
bayesfl_observability_v1,ola_sparse_bayesian_keep010_seed42,190,ola,global,,,layers.1.weight,db,9,-99.9210141841172,-98.76905072893793,-99.34503245652756,2,0.001356379833904402,0.00234375,1280
bayesfl_observability_v1,ola_sparse_bayesian_keep010_seed42,190,ola,global,,,layers.1.weight,db,10,-98.76905072893793,-97.61708727375867,-98.1930690013483,0,0.0,0.00234375,1280
bayesfl_observability_v1,ola_sparse_bayesian_keep010_seed42,190,ola,global,,,layers.1.weight,db,11,-97.61708727375867,-96.4651238185794,-97.04110554616904,0,0.0,0.00234375,1280
bayesfl_observability_v1,ola_sparse_bayesian_keep010_seed42,190,ola,global,,,layers.1.weight,db,12,-96.4651238185794,-95.31316036340013,-95.88914209098976,0,0.0,0.00234375,1280
bayesfl_observability_v1,ola_sparse_bayesian_keep010_seed42,190,ola,global,,,layers.1.weight,db,13,-95.31316036340013,-94.16119690822086,-94.7371786358105,0,0.0,0.00234375,1280
bayesfl_observability_v1,ola_sparse_bayesian_keep010_seed42,190,ola,global,,,layers.1.weight,db,14,-94.16119690822086,-93.00923345304159,-93.58521518063122,0,0.0,0.00234375,1280
bayesfl_observability_v1,ola_sparse_bayesian_keep010_seed42,190,ola,global,,,layers.1.weight,db,15,-93.00923345304159,-91.85726999786233,-92.43325172545195,1,0.0006781899169522093,0.003125,1280
bayesfl_observability_v1,ola_sparse_bayesian_keep010_seed42,190,ola,global,,,layers.1.weight,db,16,-91.85726999786233,-90.70530654268306,-91.2812882702727,0,0.0,0.003125,1280
bayesfl_observability_v1,ola_sparse_bayesian_keep010_seed42,190,ola,global,,,layers.1.weight,db,17,-90.70530654268306,-89.55334308750379,-90.12932481509343,0,0.0,0.003125,1280
bayesfl_observability_v1,ola_sparse_bayesian_keep010_seed42,190,ola,global,,,layers.1.weight,db,18,-89.55334308750379,-88.40137963232453,-88.97736135991417,1,0.0006781899169522093,0.00390625,1280
bayesfl_observability_v1,ola_sparse_bayesian_keep010_seed42,190,ola,global,,,layers.1.weight,db,19,-88.40137963232453,-87.24941617714526,-87.8253979047349,0,0.0,0.00390625,1280
bayesfl_observability_v1,ola_sparse_bayesian_keep010_seed42,190,ola,global,,,layers.1.weight,db,20,-87.24941617714526,-86.097452721966,-86.67343444955563,2,0.001356379833904402,0.00546875,1280
bayesfl_observability_v1,ola_sparse_bayesian_keep010_seed42,190,ola,global,,,layers.1.weight,db,21,-86.097452721966,-84.94548926678672,-85.52147099437636,4,0.002712759667808804,0.00859375,1280
bayesfl_observability_v1,ola_sparse_bayesian_keep010_seed42,190,ola,global,,,layers.1.weight,db,22,-84.94548926678672,-83.79352581160745,-84.36950753919709,2,0.001356379833904402,0.01015625,1280
bayesfl_observability_v1,ola_sparse_bayesian_keep010_seed42,190,ola,global,,,layers.1.weight,db,23,-83.79352581160745,-82.64156235642818,-83.21754408401782,0,0.0,0.01015625,1280
bayesfl_observability_v1,ola_sparse_bayesian_keep010_seed42,190,ola,global,,,layers.1.weight,db,24,-82.64156235642818,-81.48959890124893,-82.06558062883855,0,0.0,0.01015625,1280
bayesfl_observability_v1,ola_sparse_bayesian_keep010_seed42,190,ola,global,,,layers.1.weight,db,25,-81.48959890124893,-80.33763544606965,-80.91361717365929,3,0.002034569750856603,0.0125,1280
bayesfl_observability_v1,ola_sparse_bayesian_keep010_seed42,190,ola,global,,,layers.1.weight,db,26,-80.33763544606965,-79.18567199089038,-79.76165371848002,3,0.002034569750856603,0.01484375,1280
bayesfl_observability_v1,ola_sparse_bayesian_keep010_seed42,190,ola,global,,,layers.1.weight,db,27,-79.18567199089038,-78.03370853571113,-78.60969026330076,1,0.0006781899169522093,0.015625,1280
bayesfl_observability_v1,ola_sparse_bayesian_keep010_seed42,190,ola,global,,,layers.1.weight,db,28,-78.03370853571113,-76.88174508053186,-77.45772680812149,4,0.002712759667808804,0.01875,1280
bayesfl_observability_v1,ola_sparse_bayesian_keep010_seed42,190,ola,global,,,layers.1.weight,db,29,-76.88174508053186,-75.72978162535259,-76.30576335294222,1,0.000678189916952201,0.01953125,1280
bayesfl_observability_v1,ola_sparse_bayesian_keep010_seed42,190,ola,global,,,layers.1.weight,db,30,-75.72978162535259,-74.57781817017332,-75.15379989776295,3,0.002034569750856603,0.021875,1280
bayesfl_observability_v1,ola_sparse_bayesian_keep010_seed42,190,ola,global,,,layers.1.weight,db,31,-74.57781817017332,-73.42585471499405,-74.00183644258368,0,0.0,0.021875,1280
bayesfl_observability_v1,ola_sparse_bayesian_keep010_seed42,190,ola,global,,,layers.1.weight,db,32,-73.42585471499405,-72.27389125981477,-72.84987298740441,6,0.004069139501713206,0.0265625,1280
bayesfl_observability_v1,ola_sparse_bayesian_keep010_seed42,190,ola,global,,,layers.1.weight,db,33,-72.27389125981477,-71.12192780463552,-71.69790953222514,5,0.0033909495847610467,0.03046875,1280
bayesfl_observability_v1,ola_sparse_bayesian_keep010_seed42,190,ola,global,,,layers.1.weight,db,34,-71.12192780463552,-69.96996434945625,-70.54594607704588,2,0.001356379833904402,0.03203125,1280
bayesfl_observability_v1,ola_sparse_bayesian_keep010_seed42,190,ola,global,,,layers.1.weight,db,35,-69.96996434945625,-68.81800089427699,-69.39398262186663,4,0.0027127596678088372,0.03515625,1280
bayesfl_observability_v1,ola_sparse_bayesian_keep010_seed42,190,ola,global,,,layers.1.weight,db,36,-68.81800089427699,-67.66603743909772,-68.24201916668736,2,0.001356379833904402,0.03671875,1280
bayesfl_observability_v1,ola_sparse_bayesian_keep010_seed42,190,ola,global,,,layers.1.weight,db,37,-67.66603743909772,-66.51407398391845,-67.09005571150809,7,0.004747329418665407,0.0421875,1280
bayesfl_observability_v1,ola_sparse_bayesian_keep010_seed42,190,ola,global,,,layers.1.weight,db,38,-66.51407398391845,-65.36211052873918,-65.93809225632882,4,0.002712759667808804,0.0453125,1280
bayesfl_observability_v1,ola_sparse_bayesian_keep010_seed42,190,ola,global,,,layers.1.weight,db,39,-65.36211052873918,-64.21014707355991,-64.78612880114954,12,0.008138279003426412,0.0546875,1280
bayesfl_observability_v1,ola_sparse_bayesian_keep010_seed42,190,ola,global,,,layers.1.weight,db,40,-64.21014707355991,-63.058183618380646,-63.634165345970274,7,0.004747329418665436,0.06015625,1280
bayesfl_observability_v1,ola_sparse_bayesian_keep010_seed42,190,ola,global,,,layers.1.weight,db,41,-63.058183618380646,-61.90622016320138,-62.48220189079102,16,0.010851038671235283,0.07265625,1280
bayesfl_observability_v1,ola_sparse_bayesian_keep010_seed42,190,ola,global,,,layers.1.weight,db,42,-61.90622016320138,-60.75425670802211,-61.33023843561175,13,0.008816468920378613,0.0828125,1280
bayesfl_observability_v1,ola_sparse_bayesian_keep010_seed42,190,ola,global,,,layers.1.weight,db,43,-60.75425670802211,-59.60229325284285,-60.17827498043248,12,0.008138279003426462,0.0921875,1280
bayesfl_observability_v1,ola_sparse_bayesian_keep010_seed42,190,ola,global,,,layers.1.weight,db,44,-59.60229325284285,-58.45032979766358,-59.02631152525321,17,0.011529228588187416,0.10546875,1280
bayesfl_observability_v1,ola_sparse_bayesian_keep010_seed42,190,ola,global,,,layers.1.weight,db,45,-58.45032979766358,-57.298366342484314,-57.87434807007395,17,0.011529228588187487,0.11875,1280
bayesfl_observability_v1,ola_sparse_bayesian_keep010_seed42,190,ola,global,,,layers.1.weight,db,46,-57.298366342484314,-56.146402887305044,-56.72238461489468,24,0.016276558006852824,0.1375,1280
bayesfl_observability_v1,ola_sparse_bayesian_keep010_seed42,190,ola,global,,,layers.1.weight,db,47,-56.146402887305044,-54.99443943212577,-55.57042115971541,26,0.017632937840757226,0.1578125,1280
bayesfl_observability_v1,ola_sparse_bayesian_keep010_seed42,190,ola,global,,,layers.1.weight,db,48,-54.99443943212577,-53.84247597694651,-54.41845770453614,25,0.01695474792380513,0.17734375,1280
bayesfl_observability_v1,ola_sparse_bayesian_keep010_seed42,190,ola,global,,,layers.1.weight,db,49,-53.84247597694651,-52.69051252176724,-53.266494249356874,39,0.026449406761135837,0.2078125,1280
bayesfl_observability_v1,ola_sparse_bayesian_keep010_seed42,190,ola,global,,,layers.1.weight,db,50,-52.69051252176724,-51.538549066587976,-52.11453079417761,24,0.016276558006852924,0.2265625,1280
bayesfl_observability_v1,ola_sparse_bayesian_keep010_seed42,190,ola,global,,,layers.1.weight,db,51,-51.538549066587976,-50.386585611408705,-50.96256733899834,43,0.029162166428944643,0.26015625,1280
bayesfl_observability_v1,ola_sparse_bayesian_keep010_seed42,190,ola,global,,,layers.1.weight,db,52,-50.386585611408705,-49.23462215622944,-49.81060388381907,38,0.025771216844183795,0.28984375,1280
bayesfl_observability_v1,ola_sparse_bayesian_keep010_seed42,190,ola,global,,,layers.1.weight,db,53,-49.23462215622944,-48.08265870105017,-48.658640428639806,57,0.03865682526627546,0.334375,1280
bayesfl_observability_v1,ola_sparse_bayesian_keep010_seed42,190,ola,global,,,layers.1.weight,db,54,-48.08265870105017,-46.93069524587091,-47.50667697346054,60,0.04069139501713231,0.38125,1280
bayesfl_observability_v1,ola_sparse_bayesian_keep010_seed42,190,ola,global,,,layers.1.weight,db,55,-46.93069524587091,-45.77873179069164,-46.35471351828127,46,0.031196736179801246,0.4171875,1280
bayesfl_observability_v1,ola_sparse_bayesian_keep010_seed42,190,ola,global,,,layers.1.weight,db,56,-45.77873179069164,-44.62676833551237,-45.202750063102,68,0.046116914352749665,0.4703125,1280
bayesfl_observability_v1,ola_sparse_bayesian_keep010_seed42,190,ola,global,,,layers.1.weight,db,57,-44.62676833551237,-43.47480488033311,-44.05078660792274,68,0.046116914352750234,0.5234375,1280
bayesfl_observability_v1,ola_sparse_bayesian_keep010_seed42,190,ola,global,,,layers.1.weight,db,58,-43.47480488033311,-42.32284142515384,-42.898823152743475,69,0.04679510426970187,0.57734375,1280
bayesfl_observability_v1,ola_sparse_bayesian_keep010_seed42,190,ola,global,,,layers.1.weight,db,59,-42.32284142515384,-41.17087796997457,-41.746859697564204,68,0.046116914352749665,0.63046875,1280
bayesfl_observability_v1,ola_sparse_bayesian_keep010_seed42,190,ola,global,,,layers.1.weight,db,60,-41.17087796997457,-40.0189145147953,-40.594896242384934,54,0.03662225551541885,0.67265625,1280
bayesfl_observability_v1,ola_sparse_bayesian_keep010_seed42,190,ola,global,,,layers.1.weight,db,61,-40.0189145147953,-38.86695105961604,-39.44293278720567,60,0.04069139501713256,0.71953125,1280
bayesfl_observability_v1,ola_sparse_bayesian_keep010_seed42,190,ola,global,,,layers.1.weight,db,62,-38.86695105961604,-37.71498760443677,-38.29096933202641,56,0.037978635349323255,0.76328125,1280
bayesfl_observability_v1,ola_sparse_bayesian_keep010_seed42,190,ola,global,,,layers.1.weight,db,63,-37.71498760443677,-36.5630241492575,-37.139005876847136,50,0.03390949584761005,0.80234375,1280
bayesfl_observability_v1,ola_sparse_bayesian_keep010_seed42,190,ola,global,,,layers.1.weight,db,64,-36.5630241492575,-35.41106069407823,-35.987042421667866,66,0.04476053451884526,0.85390625,1280
bayesfl_observability_v1,ola_sparse_bayesian_keep010_seed42,190,ola,global,,,layers.1.weight,db,65,-35.41106069407823,-34.25909723889896,-34.835078966488595,41,0.027805786595040242,0.8859375,1280
bayesfl_observability_v1,ola_sparse_bayesian_keep010_seed42,190,ola,global,,,layers.1.weight,db,66,-34.25909723889896,-33.1071337837197,-33.68311551130933,23,0.015598368089900816,0.90390625,1280
bayesfl_observability_v1,ola_sparse_bayesian_keep010_seed42,190,ola,global,,,layers.1.weight,db,67,-33.1071337837197,-31.955170328540433,-32.53115205613007,33,0.02238026725942263,0.9296875,1280
bayesfl_observability_v1,ola_sparse_bayesian_keep010_seed42,190,ola,global,,,layers.1.weight,db,68,-31.955170328540433,-30.803206873361162,-31.379188600950798,21,0.014241988255996221,0.94609375,1280
bayesfl_observability_v1,ola_sparse_bayesian_keep010_seed42,190,ola,global,,,layers.1.weight,db,69,-30.803206873361162,-29.651243418181892,-30.227225145771527,10,0.006781899169522009,0.95390625,1280
bayesfl_observability_v1,ola_sparse_bayesian_keep010_seed42,190,ola,global,,,layers.1.weight,db,70,-29.651243418181892,-28.499279963002635,-29.075261690592264,20,0.013563798339044187,0.96953125,1280
bayesfl_observability_v1,ola_sparse_bayesian_keep010_seed42,190,ola,global,,,layers.1.weight,db,71,-28.499279963002635,-27.347316507823365,-27.923298235413,6,0.004069139501713206,0.97421875,1280
bayesfl_observability_v1,ola_sparse_bayesian_keep010_seed42,190,ola,global,,,layers.1.weight,db,72,-27.347316507823365,-26.195353052644094,-26.77133478023373,11,0.007460089086474211,0.9828125,1280
bayesfl_observability_v1,ola_sparse_bayesian_keep010_seed42,190,ola,global,,,layers.1.weight,db,73,-26.195353052644094,-25.043389597464824,-25.61937132505446,8,0.005425519335617608,0.9890625,1280
bayesfl_observability_v1,ola_sparse_bayesian_keep010_seed42,190,ola,global,,,layers.1.weight,db,74,-25.043389597464824,-23.891426142285567,-24.467407869875196,4,0.0027127596678088372,0.9921875,1280
bayesfl_observability_v1,ola_sparse_bayesian_keep010_seed42,190,ola,global,,,layers.1.weight,db,75,-23.891426142285567,-22.739462687106297,-23.315444414695932,5,0.0033909495847610047,0.99609375,1280
bayesfl_observability_v1,ola_sparse_bayesian_keep010_seed42,190,ola,global,,,layers.1.weight,db,76,-22.739462687106297,-21.587499231927026,-22.16348095951666,2,0.001356379833904402,0.99765625,1280
bayesfl_observability_v1,ola_sparse_bayesian_keep010_seed42,190,ola,global,,,layers.1.weight,db,77,-21.587499231927026,-20.435535776747756,-21.01151750433739,1,0.000678189916952201,0.9984375,1280
bayesfl_observability_v1,ola_sparse_bayesian_keep010_seed42,190,ola,global,,,layers.1.weight,db,78,-20.435535776747756,-19.2835723215685,-19.859554049158127,1,0.0006781899169522093,0.99921875,1280
bayesfl_observability_v1,ola_sparse_bayesian_keep010_seed42,190,ola,global,,,layers.1.weight,db,79,-19.2835723215685,-18.131608866389232,-18.707590593978864,1,0.000678189916952203,1.0,1280
bayesfl_observability_v1,ola_sparse_bayesian_keep010_seed42,190,ola,global,,,layers.1.bias,raw,0,9.677834164903872e-05,0.0002269351815387975,0.0001618567615939181,1,768.303840848462,0.1,10
bayesfl_observability_v1,ola_sparse_bayesian_keep010_seed42,190,ola,global,,,layers.1.bias,raw,1,0.0002269351815387975,0.0003570920214285563,0.0002920136014836769,0,0.0,0.1,10
bayesfl_observability_v1,ola_sparse_bayesian_keep010_seed42,190,ola,global,,,layers.1.bias,raw,2,0.0003570920214285563,0.0004872488613183151,0.00042217044137343566,1,768.303840848462,0.2,10
bayesfl_observability_v1,ola_sparse_bayesian_keep010_seed42,190,ola,global,,,layers.1.bias,raw,3,0.0004872488613183151,0.0006174057012080739,0.0005523272812631945,1,768.3038408484617,0.3,10
bayesfl_observability_v1,ola_sparse_bayesian_keep010_seed42,190,ola,global,,,layers.1.bias,raw,4,0.0006174057012080739,0.0007475625410978328,0.0006824841211529534,1,768.3038408484617,0.4,10
bayesfl_observability_v1,ola_sparse_bayesian_keep010_seed42,190,ola,global,,,layers.1.bias,raw,5,0.0007475625410978328,0.0008777193809875915,0.0008126409610427121,0,0.0,0.4,10
bayesfl_observability_v1,ola_sparse_bayesian_keep010_seed42,190,ola,global,,,layers.1.bias,raw,6,0.0008777193809875915,0.0010078762208773503,0.000942797800932471,0,0.0,0.4,10
bayesfl_observability_v1,ola_sparse_bayesian_keep010_seed42,190,ola,global,,,layers.1.bias,raw,7,0.0010078762208773503,0.0011380330607671091,0.0010729546408222296,1,768.3038408484617,0.5,10
bayesfl_observability_v1,ola_sparse_bayesian_keep010_seed42,190,ola,global,,,layers.1.bias,raw,8,0.0011380330607671091,0.001268189900656868,0.0012031114807119886,0,0.0,0.5,10
bayesfl_observability_v1,ola_sparse_bayesian_keep010_seed42,190,ola,global,,,layers.1.bias,raw,9,0.001268189900656868,0.0013983467405466268,0.0013332683206017473,0,0.0,0.5,10
bayesfl_observability_v1,ola_sparse_bayesian_keep010_seed42,190,ola,global,,,layers.1.bias,raw,10,0.0013983467405466268,0.0015285035804363854,0.0014634251604915061,0,0.0,0.5,10
bayesfl_observability_v1,ola_sparse_bayesian_keep010_seed42,190,ola,global,,,layers.1.bias,raw,11,0.0015285035804363854,0.0016586604203261443,0.001593582000381265,0,0.0,0.5,10
bayesfl_observability_v1,ola_sparse_bayesian_keep010_seed42,190,ola,global,,,layers.1.bias,raw,12,0.0016586604203261443,0.0017888172602159031,0.0017237388402710236,0,0.0,0.5,10
bayesfl_observability_v1,ola_sparse_bayesian_keep010_seed42,190,ola,global,,,layers.1.bias,raw,13,0.0017888172602159031,0.0019189741001056618,0.0018538956801607824,0,0.0,0.5,10
bayesfl_observability_v1,ola_sparse_bayesian_keep010_seed42,190,ola,global,,,layers.1.bias,raw,14,0.0019189741001056618,0.0020491309399954206,0.0019840525200505413,0,0.0,0.5,10
bayesfl_observability_v1,ola_sparse_bayesian_keep010_seed42,190,ola,global,,,layers.1.bias,raw,15,0.0020491309399954206,0.0021792877798851792,0.0021142093599403,1,768.303840848463,0.6,10
bayesfl_observability_v1,ola_sparse_bayesian_keep010_seed42,190,ola,global,,,layers.1.bias,raw,16,0.0021792877798851792,0.002309444619774938,0.0022443661998300586,0,0.0,0.6,10
bayesfl_observability_v1,ola_sparse_bayesian_keep010_seed42,190,ola,global,,,layers.1.bias,raw,17,0.002309444619774938,0.002439601459664697,0.0023745230397198176,0,0.0,0.6,10
bayesfl_observability_v1,ola_sparse_bayesian_keep010_seed42,190,ola,global,,,layers.1.bias,raw,18,0.002439601459664697,0.0025697582995544556,0.0025046798796095763,0,0.0,0.6,10
bayesfl_observability_v1,ola_sparse_bayesian_keep010_seed42,190,ola,global,,,layers.1.bias,raw,19,0.0025697582995544556,0.0026999151394442146,0.002634836719499335,0,0.0,0.6,10
bayesfl_observability_v1,ola_sparse_bayesian_keep010_seed42,190,ola,global,,,layers.1.bias,raw,20,0.0026999151394442146,0.0028300719793339733,0.002764993559389094,0,0.0,0.6,10
bayesfl_observability_v1,ola_sparse_bayesian_keep010_seed42,190,ola,global,,,layers.1.bias,raw,21,0.0028300719793339733,0.002960228819223732,0.0028951503992788526,0,0.0,0.6,10
bayesfl_observability_v1,ola_sparse_bayesian_keep010_seed42,190,ola,global,,,layers.1.bias,raw,22,0.002960228819223732,0.003090385659113491,0.0030253072391686116,0,0.0,0.6,10
bayesfl_observability_v1,ola_sparse_bayesian_keep010_seed42,190,ola,global,,,layers.1.bias,raw,23,0.003090385659113491,0.0032205424990032496,0.0031554640790583703,0,0.0,0.6,10
bayesfl_observability_v1,ola_sparse_bayesian_keep010_seed42,190,ola,global,,,layers.1.bias,raw,24,0.0032205424990032496,0.0033506993388930082,0.003285620918948129,0,0.0,0.6,10
bayesfl_observability_v1,ola_sparse_bayesian_keep010_seed42,190,ola,global,,,layers.1.bias,raw,25,0.0033506993388930082,0.0034808561787827673,0.0034157777588378875,0,0.0,0.6,10
bayesfl_observability_v1,ola_sparse_bayesian_keep010_seed42,190,ola,global,,,layers.1.bias,raw,26,0.0034808561787827673,0.003611013018672526,0.0035459345987276466,0,0.0,0.6,10
bayesfl_observability_v1,ola_sparse_bayesian_keep010_seed42,190,ola,global,,,layers.1.bias,raw,27,0.003611013018672526,0.0037411698585622846,0.0036760914386174052,0,0.0,0.6,10
bayesfl_observability_v1,ola_sparse_bayesian_keep010_seed42,190,ola,global,,,layers.1.bias,raw,28,0.0037411698585622846,0.0038713266984520436,0.0038062482785071643,0,0.0,0.6,10
bayesfl_observability_v1,ola_sparse_bayesian_keep010_seed42,190,ola,global,,,layers.1.bias,raw,29,0.0038713266984520436,0.004001483538341803,0.003936405118396923,0,0.0,0.6,10
bayesfl_observability_v1,ola_sparse_bayesian_keep010_seed42,190,ola,global,,,layers.1.bias,raw,30,0.004001483538341803,0.004131640378231561,0.004066561958286682,0,0.0,0.6,10
bayesfl_observability_v1,ola_sparse_bayesian_keep010_seed42,190,ola,global,,,layers.1.bias,raw,31,0.004131640378231561,0.00426179721812132,0.00419671879817644,0,0.0,0.6,10
bayesfl_observability_v1,ola_sparse_bayesian_keep010_seed42,190,ola,global,,,layers.1.bias,raw,32,0.00426179721812132,0.004391954058011079,0.0043268756380662,0,0.0,0.6,10
bayesfl_observability_v1,ola_sparse_bayesian_keep010_seed42,190,ola,global,,,layers.1.bias,raw,33,0.004391954058011079,0.004522110897900837,0.0044570324779559575,0,0.0,0.6,10
bayesfl_observability_v1,ola_sparse_bayesian_keep010_seed42,190,ola,global,,,layers.1.bias,raw,34,0.004522110897900837,0.004652267737790597,0.004587189317845717,0,0.0,0.6,10
bayesfl_observability_v1,ola_sparse_bayesian_keep010_seed42,190,ola,global,,,layers.1.bias,raw,35,0.004652267737790597,0.004782424577680355,0.0047173461577354765,0,0.0,0.6,10
bayesfl_observability_v1,ola_sparse_bayesian_keep010_seed42,190,ola,global,,,layers.1.bias,raw,36,0.004782424577680355,0.004912581417570114,0.004847502997625234,0,0.0,0.6,10
bayesfl_observability_v1,ola_sparse_bayesian_keep010_seed42,190,ola,global,,,layers.1.bias,raw,37,0.004912581417570114,0.005042738257459873,0.004977659837514994,0,0.0,0.6,10
bayesfl_observability_v1,ola_sparse_bayesian_keep010_seed42,190,ola,global,,,layers.1.bias,raw,38,0.005042738257459873,0.005172895097349631,0.0051078166774047515,0,0.0,0.6,10
bayesfl_observability_v1,ola_sparse_bayesian_keep010_seed42,190,ola,global,,,layers.1.bias,raw,39,0.005172895097349631,0.005303051937239391,0.005237973517294511,0,0.0,0.6,10
bayesfl_observability_v1,ola_sparse_bayesian_keep010_seed42,190,ola,global,,,layers.1.bias,raw,40,0.005303051937239391,0.005433208777129149,0.0053681303571842705,0,0.0,0.6,10
bayesfl_observability_v1,ola_sparse_bayesian_keep010_seed42,190,ola,global,,,layers.1.bias,raw,41,0.005433208777129149,0.005563365617018908,0.005498287197074028,0,0.0,0.6,10
bayesfl_observability_v1,ola_sparse_bayesian_keep010_seed42,190,ola,global,,,layers.1.bias,raw,42,0.005563365617018908,0.005693522456908667,0.005628444036963788,0,0.0,0.6,10
bayesfl_observability_v1,ola_sparse_bayesian_keep010_seed42,190,ola,global,,,layers.1.bias,raw,43,0.005693522456908667,0.005823679296798425,0.0057586008768535455,0,0.0,0.6,10
bayesfl_observability_v1,ola_sparse_bayesian_keep010_seed42,190,ola,global,,,layers.1.bias,raw,44,0.005823679296798425,0.005953836136688184,0.005888757716743305,2,1536.607681696926,0.8,10
bayesfl_observability_v1,ola_sparse_bayesian_keep010_seed42,190,ola,global,,,layers.1.bias,raw,45,0.005953836136688184,0.006083992976577943,0.006018914556633064,1,768.3038408484579,0.9,10
bayesfl_observability_v1,ola_sparse_bayesian_keep010_seed42,190,ola,global,,,layers.1.bias,raw,46,0.006083992976577943,0.006214149816467702,0.006149071396522822,0,0.0,0.9,10
bayesfl_observability_v1,ola_sparse_bayesian_keep010_seed42,190,ola,global,,,layers.1.bias,raw,47,0.006214149816467702,0.006344306656357461,0.006279228236412582,0,0.0,0.9,10
bayesfl_observability_v1,ola_sparse_bayesian_keep010_seed42,190,ola,global,,,layers.1.bias,raw,48,0.006344306656357461,0.006474463496247219,0.0064093850763023395,0,0.0,0.9,10
bayesfl_observability_v1,ola_sparse_bayesian_keep010_seed42,190,ola,global,,,layers.1.bias,raw,49,0.006474463496247219,0.006604620336136978,0.006539541916192099,0,0.0,0.9,10
bayesfl_observability_v1,ola_sparse_bayesian_keep010_seed42,190,ola,global,,,layers.1.bias,raw,50,0.006604620336136978,0.006734777176026737,0.006669698756081858,0,0.0,0.9,10
bayesfl_observability_v1,ola_sparse_bayesian_keep010_seed42,190,ola,global,,,layers.1.bias,raw,51,0.006734777176026737,0.006864934015916496,0.006799855595971616,0,0.0,0.9,10
bayesfl_observability_v1,ola_sparse_bayesian_keep010_seed42,190,ola,global,,,layers.1.bias,raw,52,0.006864934015916496,0.006995090855806255,0.006930012435861376,0,0.0,0.9,10
bayesfl_observability_v1,ola_sparse_bayesian_keep010_seed42,190,ola,global,,,layers.1.bias,raw,53,0.006995090855806255,0.007125247695696013,0.0070601692757511336,0,0.0,0.9,10
bayesfl_observability_v1,ola_sparse_bayesian_keep010_seed42,190,ola,global,,,layers.1.bias,raw,54,0.007125247695696013,0.007255404535585772,0.007190326115640893,0,0.0,0.9,10
bayesfl_observability_v1,ola_sparse_bayesian_keep010_seed42,190,ola,global,,,layers.1.bias,raw,55,0.007255404535585772,0.0073855613754755306,0.007320482955530651,0,0.0,0.9,10
bayesfl_observability_v1,ola_sparse_bayesian_keep010_seed42,190,ola,global,,,layers.1.bias,raw,56,0.0073855613754755306,0.00751571821536529,0.00745063979542041,0,0.0,0.9,10
bayesfl_observability_v1,ola_sparse_bayesian_keep010_seed42,190,ola,global,,,layers.1.bias,raw,57,0.00751571821536529,0.007645875055255049,0.00758079663531017,0,0.0,0.9,10
bayesfl_observability_v1,ola_sparse_bayesian_keep010_seed42,190,ola,global,,,layers.1.bias,raw,58,0.007645875055255049,0.007776031895144807,0.007710953475199928,0,0.0,0.9,10
bayesfl_observability_v1,ola_sparse_bayesian_keep010_seed42,190,ola,global,,,layers.1.bias,raw,59,0.007776031895144807,0.007906188735034566,0.007841110315089687,0,0.0,0.9,10
bayesfl_observability_v1,ola_sparse_bayesian_keep010_seed42,190,ola,global,,,layers.1.bias,raw,60,0.007906188735034566,0.008036345574924325,0.007971267154979447,0,0.0,0.9,10
bayesfl_observability_v1,ola_sparse_bayesian_keep010_seed42,190,ola,global,,,layers.1.bias,raw,61,0.008036345574924325,0.008166502414814085,0.008101423994869204,0,0.0,0.9,10
bayesfl_observability_v1,ola_sparse_bayesian_keep010_seed42,190,ola,global,,,layers.1.bias,raw,62,0.008166502414814085,0.008296659254703843,0.008231580834758964,0,0.0,0.9,10
bayesfl_observability_v1,ola_sparse_bayesian_keep010_seed42,190,ola,global,,,layers.1.bias,raw,63,0.008296659254703843,0.008426816094593602,0.008361737674648723,0,0.0,0.9,10
bayesfl_observability_v1,ola_sparse_bayesian_keep010_seed42,190,ola,global,,,layers.1.bias,raw,64,0.008426816094593602,0.008556972934483362,0.008491894514538481,0,0.0,0.9,10
bayesfl_observability_v1,ola_sparse_bayesian_keep010_seed42,190,ola,global,,,layers.1.bias,raw,65,0.008556972934483362,0.00868712977437312,0.00862205135442824,0,0.0,0.9,10
bayesfl_observability_v1,ola_sparse_bayesian_keep010_seed42,190,ola,global,,,layers.1.bias,raw,66,0.00868712977437312,0.008817286614262879,0.008752208194318,0,0.0,0.9,10
bayesfl_observability_v1,ola_sparse_bayesian_keep010_seed42,190,ola,global,,,layers.1.bias,raw,67,0.008817286614262879,0.008947443454152637,0.008882365034207758,0,0.0,0.9,10
bayesfl_observability_v1,ola_sparse_bayesian_keep010_seed42,190,ola,global,,,layers.1.bias,raw,68,0.008947443454152637,0.009077600294042396,0.009012521874097516,0,0.0,0.9,10
bayesfl_observability_v1,ola_sparse_bayesian_keep010_seed42,190,ola,global,,,layers.1.bias,raw,69,0.009077600294042396,0.009207757133932156,0.009142678713987277,0,0.0,0.9,10
bayesfl_observability_v1,ola_sparse_bayesian_keep010_seed42,190,ola,global,,,layers.1.bias,raw,70,0.009207757133932156,0.009337913973821914,0.009272835553877035,0,0.0,0.9,10
bayesfl_observability_v1,ola_sparse_bayesian_keep010_seed42,190,ola,global,,,layers.1.bias,raw,71,0.009337913973821914,0.009468070813711673,0.009402992393766792,0,0.0,0.9,10
bayesfl_observability_v1,ola_sparse_bayesian_keep010_seed42,190,ola,global,,,layers.1.bias,raw,72,0.009468070813711673,0.00959822765360143,0.009533149233656552,0,0.0,0.9,10
bayesfl_observability_v1,ola_sparse_bayesian_keep010_seed42,190,ola,global,,,layers.1.bias,raw,73,0.00959822765360143,0.00972838449349119,0.009663306073546311,0,0.0,0.9,10
bayesfl_observability_v1,ola_sparse_bayesian_keep010_seed42,190,ola,global,,,layers.1.bias,raw,74,0.00972838449349119,0.00985854133338095,0.00979346291343607,0,0.0,0.9,10
bayesfl_observability_v1,ola_sparse_bayesian_keep010_seed42,190,ola,global,,,layers.1.bias,raw,75,0.00985854133338095,0.009988698173270708,0.009923619753325829,0,0.0,0.9,10
bayesfl_observability_v1,ola_sparse_bayesian_keep010_seed42,190,ola,global,,,layers.1.bias,raw,76,0.009988698173270708,0.010118855013160467,0.010053776593215588,0,0.0,0.9,10
bayesfl_observability_v1,ola_sparse_bayesian_keep010_seed42,190,ola,global,,,layers.1.bias,raw,77,0.010118855013160467,0.010249011853050225,0.010183933433105346,0,0.0,0.9,10
bayesfl_observability_v1,ola_sparse_bayesian_keep010_seed42,190,ola,global,,,layers.1.bias,raw,78,0.010249011853050225,0.010379168692939984,0.010314090272995104,0,0.0,0.9,10
bayesfl_observability_v1,ola_sparse_bayesian_keep010_seed42,190,ola,global,,,layers.1.bias,raw,79,0.010379168692939984,0.010509325532829742,0.010444247112884863,1,768.3038408484681,1.0,10
bayesfl_observability_v1,ola_sparse_bayesian_keep010_seed42,190,ola,global,,,layers.1.bias,db,0,-80.28443639109474,-79.77548722499955,-80.02996180804715,1,0.19648327703772353,0.1,10
bayesfl_observability_v1,ola_sparse_bayesian_keep010_seed42,190,ola,global,,,layers.1.bias,db,1,-79.77548722499955,-79.26653805890436,-79.52101264195196,0,0.0,0.1,10
bayesfl_observability_v1,ola_sparse_bayesian_keep010_seed42,190,ola,global,,,layers.1.bias,db,2,-79.26653805890436,-78.75758889280917,-79.01206347585676,0,0.0,0.1,10
bayesfl_observability_v1,ola_sparse_bayesian_keep010_seed42,190,ola,global,,,layers.1.bias,db,3,-78.75758889280917,-78.24863972671398,-78.50311430976157,0,0.0,0.1,10
bayesfl_observability_v1,ola_sparse_bayesian_keep010_seed42,190,ola,global,,,layers.1.bias,db,4,-78.24863972671398,-77.73969056061877,-77.99416514366638,0,0.0,0.1,10
bayesfl_observability_v1,ola_sparse_bayesian_keep010_seed42,190,ola,global,,,layers.1.bias,db,5,-77.73969056061877,-77.23074139452358,-77.48521597757117,0,0.0,0.1,10
bayesfl_observability_v1,ola_sparse_bayesian_keep010_seed42,190,ola,global,,,layers.1.bias,db,6,-77.23074139452358,-76.72179222842838,-76.97626681147598,0,0.0,0.1,10
bayesfl_observability_v1,ola_sparse_bayesian_keep010_seed42,190,ola,global,,,layers.1.bias,db,7,-76.72179222842838,-76.21284306233319,-76.46731764538079,0,0.0,0.1,10
bayesfl_observability_v1,ola_sparse_bayesian_keep010_seed42,190,ola,global,,,layers.1.bias,db,8,-76.21284306233319,-75.703893896238,-75.9583684792856,0,0.0,0.1,10
bayesfl_observability_v1,ola_sparse_bayesian_keep010_seed42,190,ola,global,,,layers.1.bias,db,9,-75.703893896238,-75.19494473014281,-75.4494193131904,0,0.0,0.1,10
bayesfl_observability_v1,ola_sparse_bayesian_keep010_seed42,190,ola,global,,,layers.1.bias,db,10,-75.19494473014281,-74.68599556404762,-74.94047014709521,0,0.0,0.1,10
bayesfl_observability_v1,ola_sparse_bayesian_keep010_seed42,190,ola,global,,,layers.1.bias,db,11,-74.68599556404762,-74.17704639795242,-74.43152098100002,0,0.0,0.1,10
bayesfl_observability_v1,ola_sparse_bayesian_keep010_seed42,190,ola,global,,,layers.1.bias,db,12,-74.17704639795242,-73.66809723185722,-73.92257181490481,0,0.0,0.1,10
bayesfl_observability_v1,ola_sparse_bayesian_keep010_seed42,190,ola,global,,,layers.1.bias,db,13,-73.66809723185722,-73.15914806576203,-73.41362264880962,0,0.0,0.1,10
bayesfl_observability_v1,ola_sparse_bayesian_keep010_seed42,190,ola,global,,,layers.1.bias,db,14,-73.15914806576203,-72.65019889966683,-72.90467348271443,0,0.0,0.1,10
bayesfl_observability_v1,ola_sparse_bayesian_keep010_seed42,190,ola,global,,,layers.1.bias,db,15,-72.65019889966683,-72.14124973357164,-72.39572431661924,0,0.0,0.1,10
bayesfl_observability_v1,ola_sparse_bayesian_keep010_seed42,190,ola,global,,,layers.1.bias,db,16,-72.14124973357164,-71.63230056747645,-71.88677515052404,0,0.0,0.1,10
bayesfl_observability_v1,ola_sparse_bayesian_keep010_seed42,190,ola,global,,,layers.1.bias,db,17,-71.63230056747645,-71.12335140138126,-71.37782598442885,0,0.0,0.1,10
bayesfl_observability_v1,ola_sparse_bayesian_keep010_seed42,190,ola,global,,,layers.1.bias,db,18,-71.12335140138126,-70.61440223528606,-70.86887681833366,0,0.0,0.1,10
bayesfl_observability_v1,ola_sparse_bayesian_keep010_seed42,190,ola,global,,,layers.1.bias,db,19,-70.61440223528606,-70.10545306919087,-70.35992765223847,0,0.0,0.1,10
bayesfl_observability_v1,ola_sparse_bayesian_keep010_seed42,190,ola,global,,,layers.1.bias,db,20,-70.10545306919087,-69.59650390309568,-69.85097848614328,0,0.0,0.1,10
bayesfl_observability_v1,ola_sparse_bayesian_keep010_seed42,190,ola,global,,,layers.1.bias,db,21,-69.59650390309568,-69.08755473700047,-69.34202932004808,0,0.0,0.1,10
bayesfl_observability_v1,ola_sparse_bayesian_keep010_seed42,190,ola,global,,,layers.1.bias,db,22,-69.08755473700047,-68.57860557090528,-68.83308015395288,0,0.0,0.1,10
bayesfl_observability_v1,ola_sparse_bayesian_keep010_seed42,190,ola,global,,,layers.1.bias,db,23,-68.57860557090528,-68.06965640481009,-68.32413098785769,1,0.19648327703772353,0.2,10
bayesfl_observability_v1,ola_sparse_bayesian_keep010_seed42,190,ola,global,,,layers.1.bias,db,24,-68.06965640481009,-67.5607072387149,-67.8151818217625,0,0.0,0.2,10
bayesfl_observability_v1,ola_sparse_bayesian_keep010_seed42,190,ola,global,,,layers.1.bias,db,25,-67.5607072387149,-67.0517580726197,-67.3062326556673,0,0.0,0.2,10
bayesfl_observability_v1,ola_sparse_bayesian_keep010_seed42,190,ola,global,,,layers.1.bias,db,26,-67.0517580726197,-66.54280890652451,-66.79728348957211,0,0.0,0.2,10
bayesfl_observability_v1,ola_sparse_bayesian_keep010_seed42,190,ola,global,,,layers.1.bias,db,27,-66.54280890652451,-66.03385974042932,-66.28833432347692,0,0.0,0.2,10
bayesfl_observability_v1,ola_sparse_bayesian_keep010_seed42,190,ola,global,,,layers.1.bias,db,28,-66.03385974042932,-65.52491057433413,-65.77938515738172,0,0.0,0.2,10
bayesfl_observability_v1,ola_sparse_bayesian_keep010_seed42,190,ola,global,,,layers.1.bias,db,29,-65.52491057433413,-65.01596140823892,-65.27043599128652,0,0.0,0.2,10
bayesfl_observability_v1,ola_sparse_bayesian_keep010_seed42,190,ola,global,,,layers.1.bias,db,30,-65.01596140823892,-64.50701224214373,-64.76148682519133,0,0.0,0.2,10
bayesfl_observability_v1,ola_sparse_bayesian_keep010_seed42,190,ola,global,,,layers.1.bias,db,31,-64.50701224214373,-63.99806307604854,-64.25253765909613,1,0.19648327703772353,0.3,10
bayesfl_observability_v1,ola_sparse_bayesian_keep010_seed42,190,ola,global,,,layers.1.bias,db,32,-63.99806307604854,-63.489113909953346,-63.74358849300094,1,0.19648327703772353,0.4,10
bayesfl_observability_v1,ola_sparse_bayesian_keep010_seed42,190,ola,global,,,layers.1.bias,db,33,-63.489113909953346,-62.980164743858154,-63.23463932690575,0,0.0,0.4,10
bayesfl_observability_v1,ola_sparse_bayesian_keep010_seed42,190,ola,global,,,layers.1.bias,db,34,-62.980164743858154,-62.47121557776296,-62.72569016081056,0,0.0,0.4,10
bayesfl_observability_v1,ola_sparse_bayesian_keep010_seed42,190,ola,global,,,layers.1.bias,db,35,-62.47121557776296,-61.96226641166777,-62.216740994715366,0,0.0,0.4,10
bayesfl_observability_v1,ola_sparse_bayesian_keep010_seed42,190,ola,global,,,layers.1.bias,db,36,-61.96226641166777,-61.45331724557258,-61.707791828620174,0,0.0,0.4,10
bayesfl_observability_v1,ola_sparse_bayesian_keep010_seed42,190,ola,global,,,layers.1.bias,db,37,-61.45331724557258,-60.94436807947738,-61.19884266252498,0,0.0,0.4,10
bayesfl_observability_v1,ola_sparse_bayesian_keep010_seed42,190,ola,global,,,layers.1.bias,db,38,-60.94436807947738,-60.435418913382186,-60.68989349642978,0,0.0,0.4,10
bayesfl_observability_v1,ola_sparse_bayesian_keep010_seed42,190,ola,global,,,layers.1.bias,db,39,-60.435418913382186,-59.92646974728699,-60.18094433033458,0,0.0,0.4,10
bayesfl_observability_v1,ola_sparse_bayesian_keep010_seed42,190,ola,global,,,layers.1.bias,db,40,-59.92646974728699,-59.417520581191795,-59.67199516423939,0,0.0,0.4,10
bayesfl_observability_v1,ola_sparse_bayesian_keep010_seed42,190,ola,global,,,layers.1.bias,db,41,-59.417520581191795,-58.9085714150966,-59.1630459981442,1,0.19648327703772353,0.5,10
bayesfl_observability_v1,ola_sparse_bayesian_keep010_seed42,190,ola,global,,,layers.1.bias,db,42,-58.9085714150966,-58.39962224900141,-58.65409683204901,0,0.0,0.5,10
bayesfl_observability_v1,ola_sparse_bayesian_keep010_seed42,190,ola,global,,,layers.1.bias,db,43,-58.39962224900141,-57.89067308290622,-58.145147665953814,0,0.0,0.5,10
bayesfl_observability_v1,ola_sparse_bayesian_keep010_seed42,190,ola,global,,,layers.1.bias,db,44,-57.89067308290622,-57.381723916811026,-57.63619849985862,0,0.0,0.5,10
bayesfl_observability_v1,ola_sparse_bayesian_keep010_seed42,190,ola,global,,,layers.1.bias,db,45,-57.381723916811026,-56.87277475071583,-57.12724933376343,0,0.0,0.5,10
bayesfl_observability_v1,ola_sparse_bayesian_keep010_seed42,190,ola,global,,,layers.1.bias,db,46,-56.87277475071583,-56.363825584620635,-56.61830016766823,0,0.0,0.5,10
bayesfl_observability_v1,ola_sparse_bayesian_keep010_seed42,190,ola,global,,,layers.1.bias,db,47,-56.363825584620635,-55.85487641852544,-56.10935100157304,0,0.0,0.5,10
bayesfl_observability_v1,ola_sparse_bayesian_keep010_seed42,190,ola,global,,,layers.1.bias,db,48,-55.85487641852544,-55.34592725243024,-55.60040183547784,0,0.0,0.5,10
bayesfl_observability_v1,ola_sparse_bayesian_keep010_seed42,190,ola,global,,,layers.1.bias,db,49,-55.34592725243024,-54.83697808633505,-55.09145266938265,0,0.0,0.5,10
bayesfl_observability_v1,ola_sparse_bayesian_keep010_seed42,190,ola,global,,,layers.1.bias,db,50,-54.83697808633505,-54.32802892023986,-54.582503503287455,0,0.0,0.5,10
bayesfl_observability_v1,ola_sparse_bayesian_keep010_seed42,190,ola,global,,,layers.1.bias,db,51,-54.32802892023986,-53.81907975414467,-54.07355433719226,0,0.0,0.5,10
bayesfl_observability_v1,ola_sparse_bayesian_keep010_seed42,190,ola,global,,,layers.1.bias,db,52,-53.81907975414467,-53.310130588049475,-53.56460517109707,1,0.19648327703772353,0.6,10
bayesfl_observability_v1,ola_sparse_bayesian_keep010_seed42,190,ola,global,,,layers.1.bias,db,53,-53.310130588049475,-52.80118142195428,-53.05565600500188,0,0.0,0.6,10
bayesfl_observability_v1,ola_sparse_bayesian_keep010_seed42,190,ola,global,,,layers.1.bias,db,54,-52.80118142195428,-52.29223225585908,-52.54670683890669,0,0.0,0.6,10
bayesfl_observability_v1,ola_sparse_bayesian_keep010_seed42,190,ola,global,,,layers.1.bias,db,55,-52.29223225585908,-51.78328308976389,-52.03775767281149,0,0.0,0.6,10
bayesfl_observability_v1,ola_sparse_bayesian_keep010_seed42,190,ola,global,,,layers.1.bias,db,56,-51.78328308976389,-51.27433392366869,-51.52880850671629,0,0.0,0.6,10
bayesfl_observability_v1,ola_sparse_bayesian_keep010_seed42,190,ola,global,,,layers.1.bias,db,57,-51.27433392366869,-50.7653847575735,-51.019859340621096,0,0.0,0.6,10
bayesfl_observability_v1,ola_sparse_bayesian_keep010_seed42,190,ola,global,,,layers.1.bias,db,58,-50.7653847575735,-50.25643559147831,-50.510910174525904,0,0.0,0.6,10
bayesfl_observability_v1,ola_sparse_bayesian_keep010_seed42,190,ola,global,,,layers.1.bias,db,59,-50.25643559147831,-49.747486425383116,-50.00196100843071,0,0.0,0.6,10
bayesfl_observability_v1,ola_sparse_bayesian_keep010_seed42,190,ola,global,,,layers.1.bias,db,60,-49.747486425383116,-49.238537259287924,-49.49301184233552,0,0.0,0.6,10
bayesfl_observability_v1,ola_sparse_bayesian_keep010_seed42,190,ola,global,,,layers.1.bias,db,61,-49.238537259287924,-48.72958809319273,-48.98406267624033,0,0.0,0.6,10
bayesfl_observability_v1,ola_sparse_bayesian_keep010_seed42,190,ola,global,,,layers.1.bias,db,62,-48.72958809319273,-48.22063892709753,-48.475113510145135,0,0.0,0.6,10
bayesfl_observability_v1,ola_sparse_bayesian_keep010_seed42,190,ola,global,,,layers.1.bias,db,63,-48.22063892709753,-47.71168976100234,-47.966164344049936,0,0.0,0.6,10
bayesfl_observability_v1,ola_sparse_bayesian_keep010_seed42,190,ola,global,,,layers.1.bias,db,64,-47.71168976100234,-47.20274059490715,-47.457215177954744,0,0.0,0.6,10
bayesfl_observability_v1,ola_sparse_bayesian_keep010_seed42,190,ola,global,,,layers.1.bias,db,65,-47.20274059490715,-46.693791428811956,-46.94826601185955,0,0.0,0.6,10
bayesfl_observability_v1,ola_sparse_bayesian_keep010_seed42,190,ola,global,,,layers.1.bias,db,66,-46.693791428811956,-46.18484226271676,-46.43931684576435,0,0.0,0.6,10
bayesfl_observability_v1,ola_sparse_bayesian_keep010_seed42,190,ola,global,,,layers.1.bias,db,67,-46.18484226271676,-45.675893096621564,-45.93036767966916,0,0.0,0.6,10
bayesfl_observability_v1,ola_sparse_bayesian_keep010_seed42,190,ola,global,,,layers.1.bias,db,68,-45.675893096621564,-45.16694393052637,-45.42141851357397,0,0.0,0.6,10
bayesfl_observability_v1,ola_sparse_bayesian_keep010_seed42,190,ola,global,,,layers.1.bias,db,69,-45.16694393052637,-44.65799476443118,-44.912469347478776,1,0.19648327703772353,0.7,10
bayesfl_observability_v1,ola_sparse_bayesian_keep010_seed42,190,ola,global,,,layers.1.bias,db,70,-44.65799476443118,-44.14904559833598,-44.403520181383584,2,0.39296655407544157,0.9,10
bayesfl_observability_v1,ola_sparse_bayesian_keep010_seed42,190,ola,global,,,layers.1.bias,db,71,-44.14904559833598,-43.64009643224079,-43.894571015288385,0,0.0,0.9,10
bayesfl_observability_v1,ola_sparse_bayesian_keep010_seed42,190,ola,global,,,layers.1.bias,db,72,-43.64009643224079,-43.1311472661456,-43.38562184919319,0,0.0,0.9,10
bayesfl_observability_v1,ola_sparse_bayesian_keep010_seed42,190,ola,global,,,layers.1.bias,db,73,-43.1311472661456,-42.622198100050404,-42.876672683098,0,0.0,0.9,10
bayesfl_observability_v1,ola_sparse_bayesian_keep010_seed42,190,ola,global,,,layers.1.bias,db,74,-42.622198100050404,-42.113248933955205,-42.3677235170028,0,0.0,0.9,10
bayesfl_observability_v1,ola_sparse_bayesian_keep010_seed42,190,ola,global,,,layers.1.bias,db,75,-42.113248933955205,-41.60429976786001,-41.85877435090761,0,0.0,0.9,10
bayesfl_observability_v1,ola_sparse_bayesian_keep010_seed42,190,ola,global,,,layers.1.bias,db,76,-41.60429976786001,-41.09535060176482,-41.34982518481242,0,0.0,0.9,10
bayesfl_observability_v1,ola_sparse_bayesian_keep010_seed42,190,ola,global,,,layers.1.bias,db,77,-41.09535060176482,-40.58640143566963,-40.840876018717225,0,0.0,0.9,10
bayesfl_observability_v1,ola_sparse_bayesian_keep010_seed42,190,ola,global,,,layers.1.bias,db,78,-40.58640143566963,-40.07745226957443,-40.33192685262203,0,0.0,0.9,10
bayesfl_observability_v1,ola_sparse_bayesian_keep010_seed42,190,ola,global,,,layers.1.bias,db,79,-40.07745226957443,-39.56850310347924,-39.82297768652683,1,0.19648327703772353,1.0,10
bayesfl_observability_v1,ola_sparse_bayesian_keep010_seed42,195,ola,global,,,all,raw,0,1.3411258604675157e-08,0.001343838649454127,0.0006719260303563658,81577,596.4927401577208,0.801581998624349,101770
bayesfl_observability_v1,ola_sparse_bayesian_keep010_seed42,195,ola,global,,,all,raw,1,0.001343838649454127,0.002687663887649649,0.002015751268551888,16366,119.66853629603027,0.9623955979168713,101770
bayesfl_observability_v1,ola_sparse_bayesian_keep010_seed42,195,ola,global,,,all,raw,2,0.002687663887649649,0.004031489125845171,0.00335957650674741,2789,20.393226672957862,0.9898005306082343,101770
bayesfl_observability_v1,ola_sparse_bayesian_keep010_seed42,195,ola,global,,,all,raw,3,0.004031489125845171,0.005375314364040693,0.004703401744942932,303,2.2155423742940954,0.9927778323671023,101770
bayesfl_observability_v1,ola_sparse_bayesian_keep010_seed42,195,ola,global,,,all,raw,4,0.005375314364040693,0.006719139602236216,0.0060472269831384545,118,0.8628184823983606,0.9939373096197308,101770
bayesfl_observability_v1,ola_sparse_bayesian_keep010_seed42,195,ola,global,,,all,raw,5,0.006719139602236216,0.008062964840431739,0.007391052221333978,80,0.5849616829819391,0.9947233958926992,101770
bayesfl_observability_v1,ola_sparse_bayesian_keep010_seed42,195,ola,global,,,all,raw,6,0.008062964840431739,0.009406790078627261,0.0087348774595295,82,0.5995857250564879,0.9955291343224919,101770
bayesfl_observability_v1,ola_sparse_bayesian_keep010_seed42,195,ola,global,,,all,raw,7,0.009406790078627261,0.010750615316822783,0.010078702697725022,64,0.4679693463855515,0.9961580033408667,101770
bayesfl_observability_v1,ola_sparse_bayesian_keep010_seed42,195,ola,global,,,all,raw,8,0.010750615316822783,0.012094440555018305,0.011422527935920544,52,0.3802250939382606,0.9966689594182961,101770
bayesfl_observability_v1,ola_sparse_bayesian_keep010_seed42,195,ola,global,,,all,raw,9,0.012094440555018305,0.013438265793213828,0.012766353174116066,42,0.3071048835655182,0.9970816547116046,101770
bayesfl_observability_v1,ola_sparse_bayesian_keep010_seed42,195,ola,global,,,all,raw,10,0.013438265793213828,0.01478209103140935,0.014110178412311589,39,0.28516882045369546,0.9974648717696767,101770
bayesfl_observability_v1,ola_sparse_bayesian_keep010_seed42,195,ola,global,,,all,raw,11,0.01478209103140935,0.01612591626960487,0.01545400365050711,44,0.32172892564006705,0.9978972192198093,101770
bayesfl_observability_v1,ola_sparse_bayesian_keep010_seed42,195,ola,global,,,all,raw,12,0.01612591626960487,0.017469741507800392,0.016797828888702633,29,0.21204861008095302,0.9981821754937604,101770
bayesfl_observability_v1,ola_sparse_bayesian_keep010_seed42,195,ola,global,,,all,raw,13,0.017469741507800392,0.018813566745995915,0.018141654126898152,24,0.17548850489458181,0.998418001375651,101770
bayesfl_observability_v1,ola_sparse_bayesian_keep010_seed42,195,ola,global,,,all,raw,14,0.018813566745995915,0.020157391984191437,0.019485479365093678,26,0.1901125469691303,0.9986734794143657,101770
bayesfl_observability_v1,ola_sparse_bayesian_keep010_seed42,195,ola,global,,,all,raw,15,0.020157391984191437,0.02150121722238696,0.020829304603289196,8,0.058496168298193936,0.9987520880416626,101770
bayesfl_observability_v1,ola_sparse_bayesian_keep010_seed42,195,ola,global,,,all,raw,16,0.02150121722238696,0.02284504246058248,0.022173129841484722,11,0.08043223141001667,0.9988601749041958,101770
bayesfl_observability_v1,ola_sparse_bayesian_keep010_seed42,195,ola,global,,,all,raw,17,0.02284504246058248,0.024188867698778004,0.02351695507968024,13,0.09505627348456515,0.9989879139235531,101770
bayesfl_observability_v1,ola_sparse_bayesian_keep010_seed42,195,ola,global,,,all,raw,18,0.024188867698778004,0.025532692936973526,0.024860780317875766,9,0.06580818933546818,0.9990763486292621,101770
bayesfl_observability_v1,ola_sparse_bayesian_keep010_seed42,195,ola,global,,,all,raw,19,0.025532692936973526,0.026876518175169048,0.026204605556071285,15,0.10968031555911363,0.9992237398054437,101770
bayesfl_observability_v1,ola_sparse_bayesian_keep010_seed42,195,ola,global,,,all,raw,20,0.026876518175169048,0.02822034341336457,0.02754843079426681,5,0.03656010518637121,0.9992728701975042,101770
bayesfl_observability_v1,ola_sparse_bayesian_keep010_seed42,195,ola,global,,,all,raw,21,0.02822034341336457,0.029564168651560092,0.02889225603246233,6,0.043872126223645454,0.9993318266679768,101770
bayesfl_observability_v1,ola_sparse_bayesian_keep010_seed42,195,ola,global,,,all,raw,22,0.029564168651560092,0.030907993889755615,0.030236081270657855,5,0.03656010518637121,0.9993809570600374,101770
bayesfl_observability_v1,ola_sparse_bayesian_keep010_seed42,195,ola,global,,,all,raw,23,0.030907993889755615,0.03225181912795114,0.031579906508853374,4,0.029248084149096968,0.9994202613736858,101770
bayesfl_observability_v1,ola_sparse_bayesian_keep010_seed42,195,ola,global,,,all,raw,24,0.03225181912795114,0.03359564436614666,0.0329237317470489,5,0.03656010518637112,0.9994693917657463,101770
bayesfl_observability_v1,ola_sparse_bayesian_keep010_seed42,195,ola,global,,,all,raw,25,0.03359564436614666,0.03493946960434218,0.03426755698524442,6,0.04387212622364557,0.9995283482362189,101770
bayesfl_observability_v1,ola_sparse_bayesian_keep010_seed42,195,ola,global,,,all,raw,26,0.03493946960434218,0.0362832948425377,0.035611382223439944,5,0.03656010518637131,0.9995774786282795,101770
bayesfl_observability_v1,ola_sparse_bayesian_keep010_seed42,195,ola,global,,,all,raw,27,0.0362832948425377,0.037627120080733226,0.03695520746163546,3,0.02193606311182267,0.9996069568635157,101770
bayesfl_observability_v1,ola_sparse_bayesian_keep010_seed42,195,ola,global,,,all,raw,28,0.037627120080733226,0.03897094531892875,0.03829903269983099,1,0.007312021037274224,0.9996167829419279,101770
bayesfl_observability_v1,ola_sparse_bayesian_keep010_seed42,195,ola,global,,,all,raw,29,0.03897094531892875,0.04031477055712427,0.03964285793802651,1,0.007312021037274262,0.99962660902034,101770
bayesfl_observability_v1,ola_sparse_bayesian_keep010_seed42,195,ola,global,,,all,raw,30,0.04031477055712427,0.04165859579531979,0.04098668317622203,5,0.03656010518637131,0.9996757394124005,101770
bayesfl_observability_v1,ola_sparse_bayesian_keep010_seed42,195,ola,global,,,all,raw,31,0.04165859579531979,0.043002421033515315,0.04233050841441755,2,0.014624042074548448,0.9996953915692247,101770
bayesfl_observability_v1,ola_sparse_bayesian_keep010_seed42,195,ola,global,,,all,raw,32,0.043002421033515315,0.04434624627171084,0.04367433365261308,2,0.014624042074548448,0.9997150437260489,101770
bayesfl_observability_v1,ola_sparse_bayesian_keep010_seed42,195,ola,global,,,all,raw,33,0.04434624627171084,0.04569007150990636,0.045018158890808596,5,0.03656010518637131,0.9997641741181095,101770
bayesfl_observability_v1,ola_sparse_bayesian_keep010_seed42,195,ola,global,,,all,raw,34,0.04569007150990636,0.04703389674810188,0.04636198412900412,0,0.0,0.9997641741181095,101770
bayesfl_observability_v1,ola_sparse_bayesian_keep010_seed42,195,ola,global,,,all,raw,35,0.04703389674810188,0.0483777219862974,0.04770580936719964,3,0.02193606311182267,0.9997936523533458,101770
bayesfl_observability_v1,ola_sparse_bayesian_keep010_seed42,195,ola,global,,,all,raw,36,0.0483777219862974,0.04972154722449293,0.049049634605395166,3,0.02193606311182267,0.9998231305885821,101770
bayesfl_observability_v1,ola_sparse_bayesian_keep010_seed42,195,ola,global,,,all,raw,37,0.04972154722449293,0.05106537246268845,0.050393459843590685,0,0.0,0.9998231305885821,101770
bayesfl_observability_v1,ola_sparse_bayesian_keep010_seed42,195,ola,global,,,all,raw,38,0.05106537246268845,0.05240919770088397,0.05173728508178621,2,0.014624042074548524,0.9998427827454063,101770
bayesfl_observability_v1,ola_sparse_bayesian_keep010_seed42,195,ola,global,,,all,raw,39,0.05240919770088397,0.05375302293907949,0.05308111031998173,1,0.007312021037274224,0.9998526088238184,101770
bayesfl_observability_v1,ola_sparse_bayesian_keep010_seed42,195,ola,global,,,all,raw,40,0.05375302293907949,0.05509684817727502,0.054424935558177255,0,0.0,0.9998526088238184,101770
bayesfl_observability_v1,ola_sparse_bayesian_keep010_seed42,195,ola,global,,,all,raw,41,0.05509684817727502,0.05644067341547054,0.055768760796372774,0,0.0,0.9998526088238184,101770
bayesfl_observability_v1,ola_sparse_bayesian_keep010_seed42,195,ola,global,,,all,raw,42,0.05644067341547054,0.057784498653666055,0.0571125860345683,0,0.0,0.9998526088238184,101770
bayesfl_observability_v1,ola_sparse_bayesian_keep010_seed42,195,ola,global,,,all,raw,43,0.057784498653666055,0.05912832389186158,0.05845641127276382,3,0.02193606311182267,0.9998820870590547,101770
bayesfl_observability_v1,ola_sparse_bayesian_keep010_seed42,195,ola,global,,,all,raw,44,0.05912832389186158,0.06047214913005711,0.059800236510959344,0,0.0,0.9998820870590547,101770
bayesfl_observability_v1,ola_sparse_bayesian_keep010_seed42,195,ola,global,,,all,raw,45,0.06047214913005711,0.061815974368252626,0.06114406174915486,1,0.007312021037274262,0.9998919131374668,101770
bayesfl_observability_v1,ola_sparse_bayesian_keep010_seed42,195,ola,global,,,all,raw,46,0.061815974368252626,0.06315979960644814,0.06248788698735039,0,0.0,0.9998919131374668,101770
bayesfl_observability_v1,ola_sparse_bayesian_keep010_seed42,195,ola,global,,,all,raw,47,0.06315979960644814,0.06450362484464367,0.0638317122255459,1,0.007312021037274224,0.999901739215879,101770
bayesfl_observability_v1,ola_sparse_bayesian_keep010_seed42,195,ola,global,,,all,raw,48,0.06450362484464367,0.0658474500828392,0.06517553746374144,1,0.007312021037274224,0.999911565294291,101770
bayesfl_observability_v1,ola_sparse_bayesian_keep010_seed42,195,ola,global,,,all,raw,49,0.0658474500828392,0.06719127532103472,0.06651936270193695,0,0.0,0.999911565294291,101770
bayesfl_observability_v1,ola_sparse_bayesian_keep010_seed42,195,ola,global,,,all,raw,50,0.06719127532103472,0.06853510055923023,0.06786318794013248,2,0.0146240420745486,0.9999312174511152,101770
bayesfl_observability_v1,ola_sparse_bayesian_keep010_seed42,195,ola,global,,,all,raw,51,0.06853510055923023,0.06987892579742576,0.069207013178328,0,0.0,0.9999312174511152,101770
bayesfl_observability_v1,ola_sparse_bayesian_keep010_seed42,195,ola,global,,,all,raw,52,0.06987892579742576,0.07122275103562128,0.07055083841652351,0,0.0,0.9999312174511152,101770
bayesfl_observability_v1,ola_sparse_bayesian_keep010_seed42,195,ola,global,,,all,raw,53,0.07122275103562128,0.0725665762738168,0.07189466365471904,2,0.0146240420745486,0.9999508696079394,101770
bayesfl_observability_v1,ola_sparse_bayesian_keep010_seed42,195,ola,global,,,all,raw,54,0.0725665762738168,0.07391040151201232,0.07323848889291457,0,0.0,0.9999508696079394,101770
bayesfl_observability_v1,ola_sparse_bayesian_keep010_seed42,195,ola,global,,,all,raw,55,0.07391040151201232,0.07525422675020785,0.07458231413111008,1,0.007312021037274224,0.9999606956863516,101770
bayesfl_observability_v1,ola_sparse_bayesian_keep010_seed42,195,ola,global,,,all,raw,56,0.07525422675020785,0.07659805198840337,0.07592613936930562,0,0.0,0.9999606956863516,101770
bayesfl_observability_v1,ola_sparse_bayesian_keep010_seed42,195,ola,global,,,all,raw,57,0.07659805198840337,0.0779418772265989,0.07726996460750113,0,0.0,0.9999606956863516,101770
bayesfl_observability_v1,ola_sparse_bayesian_keep010_seed42,195,ola,global,,,all,raw,58,0.0779418772265989,0.07928570246479441,0.07861378984569665,0,0.0,0.9999606956863516,101770
bayesfl_observability_v1,ola_sparse_bayesian_keep010_seed42,195,ola,global,,,all,raw,59,0.07928570246479441,0.08062952770298994,0.07995761508389218,0,0.0,0.9999606956863516,101770
bayesfl_observability_v1,ola_sparse_bayesian_keep010_seed42,195,ola,global,,,all,raw,60,0.08062952770298994,0.08197335294118546,0.08130144032208769,1,0.007312021037274224,0.9999705217647636,101770
bayesfl_observability_v1,ola_sparse_bayesian_keep010_seed42,195,ola,global,,,all,raw,61,0.08197335294118546,0.08331717817938097,0.08264526556028322,0,0.0,0.9999705217647636,101770
bayesfl_observability_v1,ola_sparse_bayesian_keep010_seed42,195,ola,global,,,all,raw,62,0.08331717817938097,0.0846610034175765,0.08398909079847874,0,0.0,0.9999705217647636,101770
bayesfl_observability_v1,ola_sparse_bayesian_keep010_seed42,195,ola,global,,,all,raw,63,0.0846610034175765,0.08600482865577203,0.08533291603667426,0,0.0,0.9999705217647636,101770
bayesfl_observability_v1,ola_sparse_bayesian_keep010_seed42,195,ola,global,,,all,raw,64,0.08600482865577203,0.08734865389396755,0.0866767412748698,0,0.0,0.9999705217647636,101770
bayesfl_observability_v1,ola_sparse_bayesian_keep010_seed42,195,ola,global,,,all,raw,65,0.08734865389396755,0.08869247913216308,0.08802056651306531,0,0.0,0.9999705217647636,101770
bayesfl_observability_v1,ola_sparse_bayesian_keep010_seed42,195,ola,global,,,all,raw,66,0.08869247913216308,0.09003630437035859,0.08936439175126083,0,0.0,0.9999705217647636,101770
bayesfl_observability_v1,ola_sparse_bayesian_keep010_seed42,195,ola,global,,,all,raw,67,0.09003630437035859,0.09138012960855411,0.09070821698945636,0,0.0,0.9999705217647636,101770
bayesfl_observability_v1,ola_sparse_bayesian_keep010_seed42,195,ola,global,,,all,raw,68,0.09138012960855411,0.09272395484674964,0.09205204222765187,0,0.0,0.9999705217647636,101770
bayesfl_observability_v1,ola_sparse_bayesian_keep010_seed42,195,ola,global,,,all,raw,69,0.09272395484674964,0.09406778008494515,0.0933958674658474,0,0.0,0.9999705217647636,101770
bayesfl_observability_v1,ola_sparse_bayesian_keep010_seed42,195,ola,global,,,all,raw,70,0.09406778008494515,0.09541160532314068,0.09473969270404292,1,0.007312021037274224,0.9999803478431758,101770
bayesfl_observability_v1,ola_sparse_bayesian_keep010_seed42,195,ola,global,,,all,raw,71,0.09541160532314068,0.0967554305613362,0.09608351794223843,0,0.0,0.9999803478431758,101770
bayesfl_observability_v1,ola_sparse_bayesian_keep010_seed42,195,ola,global,,,all,raw,72,0.0967554305613362,0.09809925579953173,0.09742734318043397,0,0.0,0.9999803478431758,101770
bayesfl_observability_v1,ola_sparse_bayesian_keep010_seed42,195,ola,global,,,all,raw,73,0.09809925579953173,0.09944308103772725,0.09877116841862948,0,0.0,0.9999803478431758,101770
bayesfl_observability_v1,ola_sparse_bayesian_keep010_seed42,195,ola,global,,,all,raw,74,0.09944308103772725,0.10078690627592277,0.10011499365682501,0,0.0,0.9999803478431758,101770
bayesfl_observability_v1,ola_sparse_bayesian_keep010_seed42,195,ola,global,,,all,raw,75,0.10078690627592277,0.10213073151411829,0.10145881889502054,0,0.0,0.9999803478431758,101770
bayesfl_observability_v1,ola_sparse_bayesian_keep010_seed42,195,ola,global,,,all,raw,76,0.10213073151411829,0.10347455675231382,0.10280264413321605,0,0.0,0.9999803478431758,101770
bayesfl_observability_v1,ola_sparse_bayesian_keep010_seed42,195,ola,global,,,all,raw,77,0.10347455675231382,0.10481838199050933,0.10414646937141157,0,0.0,0.9999803478431758,101770
bayesfl_observability_v1,ola_sparse_bayesian_keep010_seed42,195,ola,global,,,all,raw,78,0.10481838199050933,0.10616220722870486,0.1054902946096071,1,0.007312021037274224,0.9999901739215878,101770
bayesfl_observability_v1,ola_sparse_bayesian_keep010_seed42,195,ola,global,,,all,raw,79,0.10616220722870486,0.10750603246690038,0.10683411984780261,1,0.007312021037274224,1.0,101770
bayesfl_observability_v1,ola_sparse_bayesian_keep010_seed42,195,ola,global,,,all,db,0,-157.44996162872258,-155.72397889975642,-156.58697026423948,1,5.693034030526726e-06,9.826078412105729e-06,101770
bayesfl_observability_v1,ola_sparse_bayesian_keep010_seed42,195,ola,global,,,all,db,1,-155.72397889975642,-153.99799617079026,-154.86098753527335,0,0.0,9.826078412105729e-06,101770
bayesfl_observability_v1,ola_sparse_bayesian_keep010_seed42,195,ola,global,,,all,db,2,-153.99799617079026,-152.2720134418241,-153.13500480630717,2,1.1386068061053452e-05,2.9478235236317185e-05,101770
bayesfl_observability_v1,ola_sparse_bayesian_keep010_seed42,195,ola,global,,,all,db,3,-152.2720134418241,-150.54603071285794,-151.40902207734104,1,5.693034030526726e-06,3.9304313648422916e-05,101770
bayesfl_observability_v1,ola_sparse_bayesian_keep010_seed42,195,ola,global,,,all,db,4,-150.54603071285794,-148.82004798389175,-149.68303934837485,0,0.0,3.9304313648422916e-05,101770
bayesfl_observability_v1,ola_sparse_bayesian_keep010_seed42,195,ola,global,,,all,db,5,-148.82004798389175,-147.0940652549256,-147.95705661940866,2,1.1386068061053452e-05,5.895647047263437e-05,101770
bayesfl_observability_v1,ola_sparse_bayesian_keep010_seed42,195,ola,global,,,all,db,6,-147.0940652549256,-145.36808252595944,-146.23107389044253,0,0.0,5.895647047263437e-05,101770
bayesfl_observability_v1,ola_sparse_bayesian_keep010_seed42,195,ola,global,,,all,db,7,-145.36808252595944,-143.64209979699328,-144.50509116147634,0,0.0,5.895647047263437e-05,101770
bayesfl_observability_v1,ola_sparse_bayesian_keep010_seed42,195,ola,global,,,all,db,8,-143.64209979699328,-141.91611706802712,-142.7791084325102,0,0.0,5.895647047263437e-05,101770
bayesfl_observability_v1,ola_sparse_bayesian_keep010_seed42,195,ola,global,,,all,db,9,-141.91611706802712,-140.19013433906096,-141.05312570354403,0,0.0,5.895647047263437e-05,101770
bayesfl_observability_v1,ola_sparse_bayesian_keep010_seed42,195,ola,global,,,all,db,10,-140.19013433906096,-138.4641516100948,-139.3271429745779,3,1.707910209158018e-05,8.843470570895156e-05,101770
bayesfl_observability_v1,ola_sparse_bayesian_keep010_seed42,195,ola,global,,,all,db,11,-138.4641516100948,-136.73816888112864,-137.6011602456117,1,5.693034030526726e-06,9.826078412105728e-05,101770
bayesfl_observability_v1,ola_sparse_bayesian_keep010_seed42,195,ola,global,,,all,db,12,-136.73816888112864,-135.01218615216249,-135.87517751664558,2,1.1386068061053452e-05,0.00011791294094526874,101770
bayesfl_observability_v1,ola_sparse_bayesian_keep010_seed42,195,ola,global,,,all,db,13,-135.01218615216249,-133.28620342319633,-134.1491947876794,1,5.693034030526726e-06,0.00012773901935737446,101770
bayesfl_observability_v1,ola_sparse_bayesian_keep010_seed42,195,ola,global,,,all,db,14,-133.28620342319633,-131.56022069423017,-132.42321205871326,5,2.846517015263363e-05,0.00017686941141790313,101770
bayesfl_observability_v1,ola_sparse_bayesian_keep010_seed42,195,ola,global,,,all,db,15,-131.56022069423017,-129.83423796526398,-130.69722932974707,9,5.123730627473969e-05,0.00026530411712685466,101770
bayesfl_observability_v1,ola_sparse_bayesian_keep010_seed42,195,ola,global,,,all,db,16,-129.83423796526398,-128.10825523629782,-128.9712466007809,2,1.1386068061053452e-05,0.00028495627395106615,101770
bayesfl_observability_v1,ola_sparse_bayesian_keep010_seed42,195,ola,global,,,all,db,17,-128.10825523629782,-126.38227250733166,-127.24526387181474,4,2.2772136122106904e-05,0.000324260587599489,101770
bayesfl_observability_v1,ola_sparse_bayesian_keep010_seed42,195,ola,global,,,all,db,18,-126.38227250733166,-124.6562897783655,-125.51928114284858,12,6.831640836632071e-05,0.0004421735285447578,101770
bayesfl_observability_v1,ola_sparse_bayesian_keep010_seed42,195,ola,global,,,all,db,19,-124.6562897783655,-122.93030704939935,-123.79329841388243,10,5.693034030526726e-05,0.0005404343126658151,101770
bayesfl_observability_v1,ola_sparse_bayesian_keep010_seed42,195,ola,global,,,all,db,20,-122.93030704939935,-121.20432432043319,-122.06731568491627,11,6.262337433579398e-05,0.000648521175198978,101770
bayesfl_observability_v1,ola_sparse_bayesian_keep010_seed42,195,ola,global,,,all,db,21,-121.20432432043319,-119.47834159146703,-120.34133295595011,7,3.985123821368708e-05,0.0007173037240837182,101770
bayesfl_observability_v1,ola_sparse_bayesian_keep010_seed42,195,ola,global,,,all,db,22,-119.47834159146703,-117.75235886250087,-118.61535022698395,15,8.539551045790089e-05,0.0008646949002653041,101770
bayesfl_observability_v1,ola_sparse_bayesian_keep010_seed42,195,ola,global,,,all,db,23,-117.75235886250087,-116.0263761335347,-116.88936749801778,14,7.970247642737352e-05,0.0010022599980347843,101770
bayesfl_observability_v1,ola_sparse_bayesian_keep010_seed42,195,ola,global,,,all,db,24,-116.0263761335347,-114.30039340456854,-115.16338476905162,32,0.00018217708897685524,0.0013166945072221677,101770
bayesfl_observability_v1,ola_sparse_bayesian_keep010_seed42,195,ola,global,,,all,db,25,-114.30039340456854,-112.57441067560237,-113.43740204008546,25,0.000142325850763167,0.0015623464675248108,101770
bayesfl_observability_v1,ola_sparse_bayesian_keep010_seed42,195,ola,global,,,all,db,26,-112.57441067560237,-110.8484279466362,-111.71141931111929,42,0.0002391074292821225,0.0019750417608332513,101770
bayesfl_observability_v1,ola_sparse_bayesian_keep010_seed42,195,ola,global,,,all,db,27,-110.8484279466362,-109.12244521767005,-109.98543658215313,45,0.0002561865313737027,0.0024172152893780093,101770
bayesfl_observability_v1,ola_sparse_bayesian_keep010_seed42,195,ola,global,,,all,db,28,-109.12244521767005,-107.39646248870389,-108.25945385318697,57,0.0003245029397400234,0.0029773017588680356,101770
bayesfl_observability_v1,ola_sparse_bayesian_keep010_seed42,195,ola,global,,,all,db,29,-107.39646248870389,-105.67047975973773,-106.53347112422081,61,0.0003472750758621303,0.003576692542006485,101770
bayesfl_observability_v1,ola_sparse_bayesian_keep010_seed42,195,ola,global,,,all,db,30,-105.67047975973773,-103.94449703077157,-104.80748839525465,80,0.0004554427224421381,0.004362778814974944,101770
bayesfl_observability_v1,ola_sparse_bayesian_keep010_seed42,195,ola,global,,,all,db,31,-103.94449703077157,-102.21851430180541,-103.08150566628849,84,0.000478214858564245,0.005188169401591824,101770
bayesfl_observability_v1,ola_sparse_bayesian_keep010_seed42,195,ola,global,,,all,db,32,-102.21851430180541,-100.49253157283925,-101.35552293732233,119,0.0006774710496326804,0.006357472732632406,101770
bayesfl_observability_v1,ola_sparse_bayesian_keep010_seed42,195,ola,global,,,all,db,33,-100.49253157283925,-98.76654884387308,-99.62954020835616,135,0.0007685595941211017,0.00768399331826668,101770
bayesfl_observability_v1,ola_sparse_bayesian_keep010_seed42,195,ola,global,,,all,db,34,-98.76654884387308,-97.04056611490692,-97.90355747939,177,0.0010076670234032306,0.009423209197209393,101770
bayesfl_observability_v1,ola_sparse_bayesian_keep010_seed42,195,ola,global,,,all,db,35,-97.04056611490692,-95.31458338594075,-96.17757475042384,230,0.0013093978270211364,0.011683207231993712,101770
bayesfl_observability_v1,ola_sparse_bayesian_keep010_seed42,195,ola,global,,,all,db,36,-95.31458338594075,-93.58860065697459,-94.45159202145767,250,0.0014232585076316814,0.014139726835020143,101770
bayesfl_observability_v1,ola_sparse_bayesian_keep010_seed42,195,ola,global,,,all,db,37,-93.58860065697459,-91.86261792800843,-92.72560929249151,324,0.0018445430258906593,0.0173233762405424,101770
bayesfl_observability_v1,ola_sparse_bayesian_keep010_seed42,195,ola,global,,,all,db,38,-91.86261792800843,-90.13663519904227,-90.99962656352535,364,0.0020722643871117284,0.020900068782548884,101770
bayesfl_observability_v1,ola_sparse_bayesian_keep010_seed42,195,ola,global,,,all,db,39,-90.13663519904227,-88.41065247007612,-89.2736438345592,481,0.0027383493686833553,0.02562641249877174,101770
bayesfl_observability_v1,ola_sparse_bayesian_keep010_seed42,195,ola,global,,,all,db,40,-88.41065247007612,-86.68466974110996,-87.54766110559304,568,0.0032336433293391805,0.031207625036847795,101770
bayesfl_observability_v1,ola_sparse_bayesian_keep010_seed42,195,ola,global,,,all,db,41,-86.68466974110996,-84.95868701214378,-85.82167837662686,698,0.003973737753307623,0.03806622776849759,101770
bayesfl_observability_v1,ola_sparse_bayesian_keep010_seed42,195,ola,global,,,all,db,42,-84.95868701214378,-83.23270428317763,-84.0956956476607,807,0.004594278462635068,0.04599587304706691,101770
bayesfl_observability_v1,ola_sparse_bayesian_keep010_seed42,195,ola,global,,,all,db,43,-83.23270428317763,-81.50672155421147,-82.36971291869455,1007,0.005732885268740413,0.055890734008057386,101770
bayesfl_observability_v1,ola_sparse_bayesian_keep010_seed42,195,ola,global,,,all,db,44,-81.50672155421147,-79.78073882524531,-80.64373018972839,1270,0.007230153218768942,0.06836985359143166,101770
bayesfl_observability_v1,ola_sparse_bayesian_keep010_seed42,195,ola,global,,,all,db,45,-79.78073882524531,-78.05475609627915,-78.91774746076223,1513,0.008613560488186936,0.08323671022894763,101770
bayesfl_observability_v1,ola_sparse_bayesian_keep010_seed42,195,ola,global,,,all,db,46,-78.05475609627915,-76.32877336731298,-77.19176473179607,1809,0.010298698561222765,0.10101208607644689,101770
bayesfl_observability_v1,ola_sparse_bayesian_keep010_seed42,195,ola,global,,,all,db,47,-76.32877336731298,-74.60279063834682,-75.4657820028299,2307,0.013133829508425158,0.1236808489731748,101770
bayesfl_observability_v1,ola_sparse_bayesian_keep010_seed42,195,ola,global,,,all,db,48,-74.60279063834682,-72.87680790938066,-73.73979927386374,2739,0.015593220209612704,0.1505944777439324,101770
bayesfl_observability_v1,ola_sparse_bayesian_keep010_seed42,195,ola,global,,,all,db,49,-72.87680790938066,-71.1508251804145,-72.01381654489758,3348,0.01906027793420348,0.18349218826766237,101770
bayesfl_observability_v1,ola_sparse_bayesian_keep010_seed42,195,ola,global,,,all,db,50,-71.1508251804145,-69.42484245144834,-70.28783381593142,4118,0.02344391413770906,0.22395597916871376,101770
bayesfl_observability_v1,ola_sparse_bayesian_keep010_seed42,195,ola,global,,,all,db,51,-69.42484245144834,-67.69885972248217,-68.56185108696525,5024,0.02860180296936604,0.2733221971111329,101770
bayesfl_observability_v1,ola_sparse_bayesian_keep010_seed42,195,ola,global,,,all,db,52,-67.69885972248217,-65.97287699351601,-66.83586835799909,6236,0.035501760214364665,0.33459762208902427,101770
bayesfl_observability_v1,ola_sparse_bayesian_keep010_seed42,195,ola,global,,,all,db,53,-65.97287699351601,-64.24689426454985,-65.10988562903293,7416,0.0422195403703862,0.40746781959320033,101770
bayesfl_observability_v1,ola_sparse_bayesian_keep010_seed42,195,ola,global,,,all,db,54,-64.24689426454985,-62.52091153558369,-63.38390290006677,9010,0.0512942366150458,0.49600078608627296,101770
bayesfl_observability_v1,ola_sparse_bayesian_keep010_seed42,195,ola,global,,,all,db,55,-62.52091153558369,-60.794928806617534,-61.65792017110061,10776,0.061348134712956,0.6018866070551243,101770
bayesfl_observability_v1,ola_sparse_bayesian_keep010_seed42,195,ola,global,,,all,db,56,-60.794928806617534,-59.06894607765136,-59.93193744213445,12550,0.07144757708310984,0.7252038911270512,101770
bayesfl_observability_v1,ola_sparse_bayesian_keep010_seed42,195,ola,global,,,all,db,57,-59.06894607765136,-57.3429633486852,-58.20595471316828,8112,0.0461818920556328,0.8049130392060528,101770
bayesfl_observability_v1,ola_sparse_bayesian_keep010_seed42,195,ola,global,,,all,db,58,-57.3429633486852,-55.616980619719044,-56.47997198420212,5812,0.03308791378542133,0.8620222069372113,101770
bayesfl_observability_v1,ola_sparse_bayesian_keep010_seed42,195,ola,global,,,all,db,59,-55.616980619719044,-53.890997890752885,-54.753989255235965,5062,0.02881813826252629,0.9117618158592905,101770
bayesfl_observability_v1,ola_sparse_bayesian_keep010_seed42,195,ola,global,,,all,db,60,-53.890997890752885,-52.16501516178673,-53.028006526269806,3859,0.021969418323802635,0.9496806524516066,101770
bayesfl_observability_v1,ola_sparse_bayesian_keep010_seed42,195,ola,global,,,all,db,61,-52.16501516178673,-50.439032432820554,-51.30202379730364,2532,0.014414762165293554,0.9745602829910582,101770
bayesfl_observability_v1,ola_sparse_bayesian_keep010_seed42,195,ola,global,,,all,db,62,-50.439032432820554,-48.713049703854395,-49.576041068337474,1220,0.006945501517242606,0.9865480986538273,101770
bayesfl_observability_v1,ola_sparse_bayesian_keep010_seed42,195,ola,global,,,all,db,63,-48.713049703854395,-46.987066974888236,-47.850058339371316,498,0.0028351309472023096,0.9914414857030559,101770
bayesfl_observability_v1,ola_sparse_bayesian_keep010_seed42,195,ola,global,,,all,db,64,-46.987066974888236,-45.26108424592208,-46.12407561040516,141,0.0008027177983042684,0.9928269627591628,101770
bayesfl_observability_v1,ola_sparse_bayesian_keep010_seed42,195,ola,global,,,all,db,65,-45.26108424592208,-43.53510151695592,-44.398092881439,106,0.0006034616072358329,0.993868527070846,101770
bayesfl_observability_v1,ola_sparse_bayesian_keep010_seed42,195,ola,global,,,all,db,66,-43.53510151695592,-41.809118787989746,-42.67211015247283,91,0.0005180660967779279,0.9947627002063476,101770
bayesfl_observability_v1,ola_sparse_bayesian_keep010_seed42,195,ola,global,,,all,db,67,-41.809118787989746,-40.08313605902359,-40.94612742350667,101,0.0005749964370831993,0.9957551341259703,101770
bayesfl_observability_v1,ola_sparse_bayesian_keep010_seed42,195,ola,global,,,all,db,68,-40.08313605902359,-38.35715333005743,-39.22014469454051,93,0.0005294521648389855,0.9966689594182961,101770
bayesfl_observability_v1,ola_sparse_bayesian_keep010_seed42,195,ola,global,,,all,db,69,-38.35715333005743,-36.63117060109127,-37.49416196557435,81,0.00046113575647266483,0.9974648717696767,101770
bayesfl_observability_v1,ola_sparse_bayesian_keep010_seed42,195,ola,global,,,all,db,70,-36.63117060109127,-34.90518787212511,-35.76817923660819,86,0.0004896009266252985,0.9983099145131178,101770
bayesfl_observability_v1,ola_sparse_bayesian_keep010_seed42,195,ola,global,,,all,db,71,-34.90518787212511,-33.17920514315894,-34.042196507642025,49,0.0002789586674958073,0.998791392355311,101770
bayesfl_observability_v1,ola_sparse_bayesian_keep010_seed42,195,ola,global,,,all,db,72,-33.17920514315894,-31.45322241419278,-32.31621377867586,42,0.0002391074292821225,0.9992040876486195,101770
bayesfl_observability_v1,ola_sparse_bayesian_keep010_seed42,195,ola,global,,,all,db,73,-31.45322241419278,-29.72723968522662,-30.5902310497097,23,0.0001309397827021147,0.9994300874520978,101770
bayesfl_observability_v1,ola_sparse_bayesian_keep010_seed42,195,ola,global,,,all,db,74,-29.72723968522662,-28.00125695626045,-28.864248320743535,20,0.0001138606806105336,0.99962660902034,101770
bayesfl_observability_v1,ola_sparse_bayesian_keep010_seed42,195,ola,global,,,all,db,75,-28.00125695626045,-26.27527422729429,-27.13826559177737,17,9.678157851895435e-05,0.9997936523533458,101770
bayesfl_observability_v1,ola_sparse_bayesian_keep010_seed42,195,ola,global,,,all,db,76,-26.27527422729429,-24.54929149832813,-25.41228286281121,9,5.123730627474053e-05,0.9998820870590547,101770
bayesfl_observability_v1,ola_sparse_bayesian_keep010_seed42,195,ola,global,,,all,db,77,-24.54929149832813,-22.823308769361972,-23.68630013384505,6,3.415820418316036e-05,0.9999410435295274,101770
bayesfl_observability_v1,ola_sparse_bayesian_keep010_seed42,195,ola,global,,,all,db,78,-22.823308769361972,-21.097326040395814,-21.960317404878893,3,1.707910209158018e-05,0.9999705217647636,101770
bayesfl_observability_v1,ola_sparse_bayesian_keep010_seed42,195,ola,global,,,all,db,79,-21.097326040395814,-19.37134331142967,-20.23433467591274,3,1.707910209158032e-05,1.0,101770
bayesfl_observability_v1,ola_sparse_bayesian_keep010_seed42,195,ola,global,,,layers.0.weight,raw,0,1.3411258604675157e-08,7.921130527866824e-05,3.961235826863646e-05,5351,673.2793358266003,0.053322305484693876,100352
bayesfl_observability_v1,ola_sparse_bayesian_keep010_seed42,195,ola,global,,,layers.0.weight,raw,1,7.921130527866824e-05,0.00015840919929873182,0.00011881025228870003,5295,666.2332429829654,0.10608657525510204,100352
bayesfl_observability_v1,ola_sparse_bayesian_keep010_seed42,195,ola,global,,,layers.0.weight,raw,2,0.00015840919929873182,0.00023760709331879538,0.0001980081463087636,5367,675.2925052104961,0.15956831951530612,100352
bayesfl_observability_v1,ola_sparse_bayesian_keep010_seed42,195,ola,global,,,layers.0.weight,raw,3,0.00023760709331879538,0.00031680498733885896,0.0002772060403288272,5319,669.2529970588089,0.21257174744897958,100352
bayesfl_observability_v1,ola_sparse_bayesian_keep010_seed42,195,ola,global,,,layers.0.weight,raw,4,0.00031680498733885896,0.00039600288135892254,0.0003564039343488907,5325,670.0079355777697,0.2656349649234694,100352
bayesfl_observability_v1,ola_sparse_bayesian_keep010_seed42,195,ola,global,,,layers.0.weight,raw,5,0.00039600288135892254,0.00047520077537898606,0.0004356018283689543,5452,685.9874675624419,0.31996372767857145,100352
bayesfl_observability_v1,ola_sparse_bayesian_keep010_seed42,195,ola,global,,,layers.0.weight,raw,6,0.00047520077537898606,0.0005543986693990496,0.0005147997223890179,5261,661.9552580421871,0.3723891900510204,100352
bayesfl_observability_v1,ola_sparse_bayesian_keep010_seed42,195,ola,global,,,layers.0.weight,raw,7,0.0005543986693990496,0.0006335965634191132,0.0005939976164090814,5330,670.6370510102377,0.42550223214285715,100352
bayesfl_observability_v1,ola_sparse_bayesian_keep010_seed42,195,ola,global,,,layers.0.weight,raw,8,0.0006335965634191132,0.0007127944574391767,0.0006731955104291449,5346,672.6502203941333,0.4787747130102041,100352
bayesfl_observability_v1,ola_sparse_bayesian_keep010_seed42,195,ola,global,,,layers.0.weight,raw,9,0.0007127944574391767,0.0007919923514592403,0.0007523934044492086,5175,651.1344726037476,0.5303431919642857,100352
bayesfl_observability_v1,ola_sparse_bayesian_keep010_seed42,195,ola,global,,,layers.0.weight,raw,10,0.0007919923514592403,0.0008711902454793039,0.0008315912984692721,5173,650.8828264307616,0.5818917410714286,100352
bayesfl_observability_v1,ola_sparse_bayesian_keep010_seed42,195,ola,global,,,layers.0.weight,raw,11,0.0008711902454793039,0.0009503881394993674,0.0009107891924893356,5224,657.299803841929,0.6339485012755102,100352
bayesfl_observability_v1,ola_sparse_bayesian_keep010_seed42,195,ola,global,,,layers.0.weight,raw,12,0.0009503881394993674,0.001029586033519431,0.0009899870865093992,5172,650.7570033442672,0.6854870854591837,100352
bayesfl_observability_v1,ola_sparse_bayesian_keep010_seed42,195,ola,global,,,layers.0.weight,raw,13,0.001029586033519431,0.0011087839275394948,0.001069184980529463,4617,580.9251903403862,0.7314951371173469,100352
bayesfl_observability_v1,ola_sparse_bayesian_keep010_seed42,195,ola,global,,,layers.0.weight,raw,14,0.0011087839275394948,0.0011879818215595583,0.0011483828745495264,3350,421.50733975315126,0.7648776307397959,100352
bayesfl_observability_v1,ola_sparse_bayesian_keep010_seed42,195,ola,global,,,layers.0.weight,raw,15,0.0011879818215595583,0.0012671797155796218,0.0012275807685695902,2580,324.62356315317317,0.7905871332908163,100352
bayesfl_observability_v1,ola_sparse_bayesian_keep010_seed42,195,ola,global,,,layers.0.weight,raw,16,0.0012671797155796218,0.0013463776095996853,0.0013067786625896535,2061,259.32138126305813,0.8111248405612245,100352
bayesfl_observability_v1,ola_sparse_bayesian_keep010_seed42,195,ola,global,,,layers.0.weight,raw,17,0.0013463776095996853,0.0014255755036197489,0.0013859765566097172,1727,217.29647037423646,0.8283342633928571,100352
bayesfl_observability_v1,ola_sparse_bayesian_keep010_seed42,195,ola,global,,,layers.0.weight,raw,18,0.0014255755036197489,0.0015047733976398126,0.0014651744506297807,1552,195.27743023787727,0.8437998246173469,100352
bayesfl_observability_v1,ola_sparse_bayesian_keep010_seed42,195,ola,global,,,layers.0.weight,raw,19,0.0015047733976398126,0.0015839712916598761,0.0015443723446498443,1510,189.99286060515175,0.8588468590561225,100352
bayesfl_observability_v1,ola_sparse_bayesian_keep010_seed42,195,ola,global,,,layers.0.weight,raw,20,0.0015839712916598761,0.0016631691856799397,0.001623570238669908,1364,171.62268997710396,0.8724390146683674,100352
bayesfl_observability_v1,ola_sparse_bayesian_keep010_seed42,195,ola,global,,,layers.0.weight,raw,21,0.0016631691856799397,0.0017423670797000032,0.0017027681326899713,1219,153.37834243554965,0.8845862563775511,100352
bayesfl_observability_v1,ola_sparse_bayesian_keep010_seed42,195,ola,global,,,layers.0.weight,raw,22,0.0017423670797000032,0.0018215649737200667,0.001781966026710035,1129,142.05426465113663,0.8958366549744898,100352
bayesfl_observability_v1,ola_sparse_bayesian_keep010_seed42,195,ola,global,,,layers.0.weight,raw,23,0.0018215649737200667,0.0019007628677401303,0.0018611639207300984,1065,134.00158711555406,0.9064492984693877,100352
bayesfl_observability_v1,ola_sparse_bayesian_keep010_seed42,195,ola,global,,,layers.0.weight,raw,24,0.0019007628677401303,0.0019799607617601938,0.0019403618147501621,985,123.93574019607581,0.9162647480867347,100352
bayesfl_observability_v1,ola_sparse_bayesian_keep010_seed42,195,ola,global,,,layers.0.weight,raw,25,0.0019799607617601938,0.002059158655780257,0.0020195597087702254,931,117.14129352542831,0.9255420918367347,100352
bayesfl_observability_v1,ola_sparse_bayesian_keep010_seed42,195,ola,global,,,layers.0.weight,raw,26,0.002059158655780257,0.002138356549800321,0.0020987576027902887,799,100.53264610828863,0.9335040656887755,100352
bayesfl_observability_v1,ola_sparse_bayesian_keep010_seed42,195,ola,global,,,layers.0.weight,raw,27,0.002138356549800321,0.0022175544438203846,0.002177955496810353,740,93.10908400517344,0.9408781090561225,100352
bayesfl_observability_v1,ola_sparse_bayesian_keep010_seed42,195,ola,global,,,layers.0.weight,raw,28,0.0022175544438203846,0.002296752337840448,0.0022571533908304162,632,79.5201906638783,0.9471759406887755,100352
bayesfl_observability_v1,ola_sparse_bayesian_keep010_seed42,195,ola,global,,,layers.0.weight,raw,29,0.002296752337840448,0.0023759502318605116,0.0023363512848504795,599,75.3680288095931,0.9531449298469388,100352
bayesfl_observability_v1,ola_sparse_bayesian_keep010_seed42,195,ola,global,,,layers.0.weight,raw,30,0.0023759502318605116,0.002455148125880575,0.0024155491788705433,536,67.44117436050438,0.9584861288265306,100352
bayesfl_observability_v1,ola_sparse_bayesian_keep010_seed42,195,ola,global,,,layers.0.weight,raw,31,0.002455148125880575,0.0025343460199006387,0.002494747072890607,501,63.03736633323229,0.9634785554846939,100352
bayesfl_observability_v1,ola_sparse_bayesian_keep010_seed42,195,ola,global,,,layers.0.weight,raw,32,0.0025343460199006387,0.0026135439139207024,0.0025739449669106703,433,54.48139645167581,0.9677933673469388,100352
bayesfl_observability_v1,ola_sparse_bayesian_keep010_seed42,195,ola,global,,,layers.0.weight,raw,33,0.0026135439139207024,0.0026927418079407657,0.002653142860930734,431,54.22975027868915,0.9720882493622449,100352
bayesfl_observability_v1,ola_sparse_bayesian_keep010_seed42,195,ola,global,,,layers.0.weight,raw,34,0.0026927418079407657,0.0027719397019608295,0.002732340754950798,382,48.064419040508454,0.9758948501275511,100352
bayesfl_observability_v1,ola_sparse_bayesian_keep010_seed42,195,ola,global,,,layers.0.weight,raw,35,0.0027719397019608295,0.002851137595980893,0.002811538648970861,315,39.63427224544567,0.9790338010204082,100352
bayesfl_observability_v1,ola_sparse_bayesian_keep010_seed42,195,ola,global,,,layers.0.weight,raw,36,0.002851137595980893,0.0029303354900009565,0.0028907365429909244,248,31.204125450382453,0.9815051020408163,100352
bayesfl_observability_v1,ola_sparse_bayesian_keep010_seed42,195,ola,global,,,layers.0.weight,raw,37,0.0029303354900009565,0.0030095333840210203,0.0029699344370109886,232,29.19095606648681,0.9838169642857143,100352
bayesfl_observability_v1,ola_sparse_bayesian_keep010_seed42,195,ola,global,,,layers.0.weight,raw,38,0.0030095333840210203,0.0030887312780410836,0.003049132331031052,224,28.184371374539143,0.9860491071428571,100352
bayesfl_observability_v1,ola_sparse_bayesian_keep010_seed42,195,ola,global,,,layers.0.weight,raw,39,0.0030887312780410836,0.0031679291720611473,0.0031283302250511152,183,23.025624828306405,0.9878726881377551,100352
bayesfl_observability_v1,ola_sparse_bayesian_keep010_seed42,195,ola,global,,,layers.0.weight,raw,40,0.0031679291720611473,0.0032471270660812106,0.003207528119071179,177,22.270686309345663,0.9896364795918368,100352
bayesfl_observability_v1,ola_sparse_bayesian_keep010_seed42,195,ola,global,,,layers.0.weight,raw,41,0.0032471270660812106,0.0033263249601012744,0.0032867260130912427,135,16.98611667661948,0.9909817442602041,100352
bayesfl_observability_v1,ola_sparse_bayesian_keep010_seed42,195,ola,global,,,layers.0.weight,raw,42,0.0033263249601012744,0.003405522854121338,0.003365923907111306,119,14.972947292723838,0.9921675701530612,100352
bayesfl_observability_v1,ola_sparse_bayesian_keep010_seed42,195,ola,global,,,layers.0.weight,raw,43,0.003405522854121338,0.0034847207481414014,0.00344512180113137,110,13.840539514282614,0.9932637117346939,100352
bayesfl_observability_v1,ola_sparse_bayesian_keep010_seed42,195,ola,global,,,layers.0.weight,raw,44,0.0034847207481414014,0.003563918642161465,0.0035243196951514335,103,12.959777908828196,0.9942900988520408,100352
bayesfl_observability_v1,ola_sparse_bayesian_keep010_seed42,195,ola,global,,,layers.0.weight,raw,45,0.003563918642161465,0.0036431165361815285,0.003603517589171497,78,9.81420074649131,0.9950673628826531,100352
bayesfl_observability_v1,ola_sparse_bayesian_keep010_seed42,195,ola,global,,,layers.0.weight,raw,46,0.0036431165361815285,0.0037223144302015922,0.00368271548319156,65,8.178500622076045,0.9957150829081632,100352
bayesfl_observability_v1,ola_sparse_bayesian_keep010_seed42,195,ola,global,,,layers.0.weight,raw,47,0.0037223144302015922,0.0038015123242216555,0.003761913377211624,64,8.052677535582612,0.9963528380102041,100352
bayesfl_observability_v1,ola_sparse_bayesian_keep010_seed42,195,ola,global,,,layers.0.weight,raw,48,0.0038015123242216555,0.0038807102182417193,0.0038411112712316876,67,8.430146795063001,0.9970204878826531,100352
bayesfl_observability_v1,ola_sparse_bayesian_keep010_seed42,195,ola,global,,,layers.0.weight,raw,49,0.0038807102182417193,0.003959908112261783,0.003920309165251751,57,7.1719159301282245,0.9975884885204082,100352
bayesfl_observability_v1,ola_sparse_bayesian_keep010_seed42,195,ola,global,,,layers.0.weight,raw,50,0.003959908112261783,0.004039106006281846,0.003999507059271814,60,7.549385189608699,0.9981863839285714,100352
bayesfl_observability_v1,ola_sparse_bayesian_keep010_seed42,195,ola,global,,,layers.0.weight,raw,51,0.004039106006281846,0.00411830390030191,0.004078704953291878,28,3.523046421817393,0.9984654017857143,100352
bayesfl_observability_v1,ola_sparse_bayesian_keep010_seed42,195,ola,global,,,layers.0.weight,raw,52,0.00411830390030191,0.004197501794321974,0.004157902847311942,23,2.8939309893499696,0.9986945950255102,100352
bayesfl_observability_v1,ola_sparse_bayesian_keep010_seed42,195,ola,global,,,layers.0.weight,raw,53,0.004197501794321974,0.004276699688342037,0.004237100741332005,25,3.145577162336958,0.9989437181122449,100352
bayesfl_observability_v1,ola_sparse_bayesian_keep010_seed42,195,ola,global,,,layers.0.weight,raw,54,0.004276699688342037,0.0043558975823621005,0.004316298635352069,13,1.635700124415218,0.9990732621173469,100352
bayesfl_observability_v1,ola_sparse_bayesian_keep010_seed42,195,ola,global,,,layers.0.weight,raw,55,0.0043558975823621005,0.004435095476382165,0.0043954965293721325,14,1.7615232109086771,0.9992127710459183,100352
bayesfl_observability_v1,ola_sparse_bayesian_keep010_seed42,195,ola,global,,,layers.0.weight,raw,56,0.004435095476382165,0.004514293370402228,0.004474694423392196,13,1.635700124415218,0.9993423150510204,100352
bayesfl_observability_v1,ola_sparse_bayesian_keep010_seed42,195,ola,global,,,layers.0.weight,raw,57,0.004514293370402228,0.004593491264422291,0.00455389231741226,11,1.3840539514282615,0.9994519292091837,100352
bayesfl_observability_v1,ola_sparse_bayesian_keep010_seed42,195,ola,global,,,layers.0.weight,raw,58,0.004593491264422291,0.004672689158442355,0.004633090211432323,10,1.2582308649347693,0.9995515784438775,100352
bayesfl_observability_v1,ola_sparse_bayesian_keep010_seed42,195,ola,global,,,layers.0.weight,raw,59,0.004672689158442355,0.004751887052462419,0.004712288105452387,6,0.7549385189608699,0.9996113679846939,100352
bayesfl_observability_v1,ola_sparse_bayesian_keep010_seed42,195,ola,global,,,layers.0.weight,raw,60,0.004751887052462419,0.004831084946482482,0.004791485999472451,8,1.0065846919478265,0.9996910873724489,100352
bayesfl_observability_v1,ola_sparse_bayesian_keep010_seed42,195,ola,global,,,layers.0.weight,raw,61,0.004831084946482482,0.004910282840502545,0.004870683893492513,3,0.37746925948043497,0.9997209821428571,100352
bayesfl_observability_v1,ola_sparse_bayesian_keep010_seed42,195,ola,global,,,layers.0.weight,raw,62,0.004910282840502545,0.0049894807345226095,0.0049498817875125774,6,0.7549385189608616,0.9997807716836735,100352
bayesfl_observability_v1,ola_sparse_bayesian_keep010_seed42,195,ola,global,,,layers.0.weight,raw,63,0.0049894807345226095,0.005068678628542673,0.005029079681532642,4,0.5032923459739133,0.9998206313775511,100352
bayesfl_observability_v1,ola_sparse_bayesian_keep010_seed42,195,ola,global,,,layers.0.weight,raw,64,0.005068678628542673,0.005147876522562736,0.005108277575552704,4,0.5032923459739133,0.9998604910714286,100352
bayesfl_observability_v1,ola_sparse_bayesian_keep010_seed42,195,ola,global,,,layers.0.weight,raw,65,0.005147876522562736,0.0052270744165828,0.005187475469572768,4,0.5032923459739077,0.9999003507653061,100352
bayesfl_observability_v1,ola_sparse_bayesian_keep010_seed42,195,ola,global,,,layers.0.weight,raw,66,0.0052270744165828,0.005306272310602864,0.005266673363592832,2,0.25164617298695663,0.9999202806122449,100352
bayesfl_observability_v1,ola_sparse_bayesian_keep010_seed42,195,ola,global,,,layers.0.weight,raw,67,0.005306272310602864,0.005385470204622927,0.005345871257612895,3,0.37746925948043497,0.9999501753826531,100352
bayesfl_observability_v1,ola_sparse_bayesian_keep010_seed42,195,ola,global,,,layers.0.weight,raw,68,0.005385470204622927,0.00546466809864299,0.005425069151632959,1,0.12582308649347831,0.9999601403061225,100352
bayesfl_observability_v1,ola_sparse_bayesian_keep010_seed42,195,ola,global,,,layers.0.weight,raw,69,0.00546466809864299,0.0055438659926630544,0.005504267045653022,0,0.0,0.9999601403061225,100352
bayesfl_observability_v1,ola_sparse_bayesian_keep010_seed42,195,ola,global,,,layers.0.weight,raw,70,0.0055438659926630544,0.005623063886683118,0.005583464939673086,0,0.0,0.9999601403061225,100352
bayesfl_observability_v1,ola_sparse_bayesian_keep010_seed42,195,ola,global,,,layers.0.weight,raw,71,0.005623063886683118,0.005702261780703181,0.00566266283369315,2,0.25164617298695663,0.9999800701530612,100352
bayesfl_observability_v1,ola_sparse_bayesian_keep010_seed42,195,ola,global,,,layers.0.weight,raw,72,0.005702261780703181,0.005781459674723245,0.005741860727713213,0,0.0,0.9999800701530612,100352
bayesfl_observability_v1,ola_sparse_bayesian_keep010_seed42,195,ola,global,,,layers.0.weight,raw,73,0.005781459674723245,0.0058606575687433085,0.0058210586217332765,0,0.0,0.9999800701530612,100352
bayesfl_observability_v1,ola_sparse_bayesian_keep010_seed42,195,ola,global,,,layers.0.weight,raw,74,0.0058606575687433085,0.005939855462763372,0.005900256515753341,0,0.0,0.9999800701530612,100352
bayesfl_observability_v1,ola_sparse_bayesian_keep010_seed42,195,ola,global,,,layers.0.weight,raw,75,0.005939855462763372,0.006019053356783436,0.005979454409773404,1,0.12582308649347693,0.9999900350765306,100352
bayesfl_observability_v1,ola_sparse_bayesian_keep010_seed42,195,ola,global,,,layers.0.weight,raw,76,0.006019053356783436,0.006098251250803499,0.006058652303793467,0,0.0,0.9999900350765306,100352
bayesfl_observability_v1,ola_sparse_bayesian_keep010_seed42,195,ola,global,,,layers.0.weight,raw,77,0.006098251250803499,0.006177449144823563,0.006137850197813531,0,0.0,0.9999900350765306,100352
bayesfl_observability_v1,ola_sparse_bayesian_keep010_seed42,195,ola,global,,,layers.0.weight,raw,78,0.006177449144823563,0.006256647038843626,0.006217048091833594,0,0.0,0.9999900350765306,100352
bayesfl_observability_v1,ola_sparse_bayesian_keep010_seed42,195,ola,global,,,layers.0.weight,raw,79,0.006256647038843626,0.00633584493286369,0.006296245985853658,1,0.12582308649347693,1.0,100352
bayesfl_observability_v1,ola_sparse_bayesian_keep010_seed42,195,ola,global,,,layers.0.weight,db,0,-157.44996162872258,-156.03138597346216,-156.74067380109238,1,7.024597829827036e-06,9.964923469387754e-06,100352
bayesfl_observability_v1,ola_sparse_bayesian_keep010_seed42,195,ola,global,,,layers.0.weight,db,1,-156.03138597346216,-154.61281031820175,-155.32209814583194,0,0.0,9.964923469387754e-06,100352
bayesfl_observability_v1,ola_sparse_bayesian_keep010_seed42,195,ola,global,,,layers.0.weight,db,2,-154.61281031820175,-153.19423466294134,-153.90352249057156,2,1.4049195659654073e-05,2.9894770408163265e-05,100352
bayesfl_observability_v1,ola_sparse_bayesian_keep010_seed42,195,ola,global,,,layers.0.weight,db,3,-153.19423466294134,-151.77565900768093,-152.48494683531112,0,0.0,2.9894770408163265e-05,100352
bayesfl_observability_v1,ola_sparse_bayesian_keep010_seed42,195,ola,global,,,layers.0.weight,db,4,-151.77565900768093,-150.35708335242052,-151.06637118005074,1,7.024597829827036e-06,3.985969387755102e-05,100352
bayesfl_observability_v1,ola_sparse_bayesian_keep010_seed42,195,ola,global,,,layers.0.weight,db,5,-150.35708335242052,-148.9385076971601,-149.6477955247903,0,0.0,3.985969387755102e-05,100352
bayesfl_observability_v1,ola_sparse_bayesian_keep010_seed42,195,ola,global,,,layers.0.weight,db,6,-148.9385076971601,-147.5199320418997,-148.2292198695299,2,1.4049195659654073e-05,5.978954081632653e-05,100352
bayesfl_observability_v1,ola_sparse_bayesian_keep010_seed42,195,ola,global,,,layers.0.weight,db,7,-147.5199320418997,-146.10135638663928,-146.81064421426947,0,0.0,5.978954081632653e-05,100352
bayesfl_observability_v1,ola_sparse_bayesian_keep010_seed42,195,ola,global,,,layers.0.weight,db,8,-146.10135638663928,-144.68278073137887,-145.3920685590091,0,0.0,5.978954081632653e-05,100352
bayesfl_observability_v1,ola_sparse_bayesian_keep010_seed42,195,ola,global,,,layers.0.weight,db,9,-144.68278073137887,-143.26420507611846,-143.97349290374865,0,0.0,5.978954081632653e-05,100352
bayesfl_observability_v1,ola_sparse_bayesian_keep010_seed42,195,ola,global,,,layers.0.weight,db,10,-143.26420507611846,-141.84562942085805,-142.55491724848827,0,0.0,5.978954081632653e-05,100352
bayesfl_observability_v1,ola_sparse_bayesian_keep010_seed42,195,ola,global,,,layers.0.weight,db,11,-141.84562942085805,-140.42705376559763,-141.13634159322783,0,0.0,5.978954081632653e-05,100352
bayesfl_observability_v1,ola_sparse_bayesian_keep010_seed42,195,ola,global,,,layers.0.weight,db,12,-140.42705376559763,-139.00847811033722,-139.71776593796744,2,1.4049195659654073e-05,7.971938775510203e-05,100352
bayesfl_observability_v1,ola_sparse_bayesian_keep010_seed42,195,ola,global,,,layers.0.weight,db,13,-139.00847811033722,-137.5899024550768,-138.299190282707,1,7.024597829827036e-06,8.96843112244898e-05,100352
bayesfl_observability_v1,ola_sparse_bayesian_keep010_seed42,195,ola,global,,,layers.0.weight,db,14,-137.5899024550768,-136.1713267998164,-136.88061462744662,1,7.024597829827036e-06,9.964923469387755e-05,100352
bayesfl_observability_v1,ola_sparse_bayesian_keep010_seed42,195,ola,global,,,layers.0.weight,db,15,-136.1713267998164,-134.752751144556,-135.46203897218618,2,1.4049195659654073e-05,0.00011957908163265306,100352
bayesfl_observability_v1,ola_sparse_bayesian_keep010_seed42,195,ola,global,,,layers.0.weight,db,16,-134.752751144556,-133.33417548929557,-134.0434633169258,1,7.024597829827036e-06,0.00012954400510204082,100352
bayesfl_observability_v1,ola_sparse_bayesian_keep010_seed42,195,ola,global,,,layers.0.weight,db,17,-133.33417548929557,-131.91559983403516,-132.62488766166535,4,2.8098391319308145e-05,0.00016940369897959184,100352
bayesfl_observability_v1,ola_sparse_bayesian_keep010_seed42,195,ola,global,,,layers.0.weight,db,18,-131.91559983403516,-130.49702417877475,-131.20631200640497,7,4.917218480878925e-05,0.00023915816326530612,100352
bayesfl_observability_v1,ola_sparse_bayesian_keep010_seed42,195,ola,global,,,layers.0.weight,db,19,-130.49702417877475,-129.07844852351434,-129.78773635114453,3,2.1073793489481108e-05,0.00026905293367346936,100352
bayesfl_observability_v1,ola_sparse_bayesian_keep010_seed42,195,ola,global,,,layers.0.weight,db,20,-129.07844852351434,-127.65987286825394,-128.36916069588415,3,2.107379348948132e-05,0.00029894770408163266,100352
bayesfl_observability_v1,ola_sparse_bayesian_keep010_seed42,195,ola,global,,,layers.0.weight,db,21,-127.65987286825394,-126.24129721299353,-126.95058504062374,3,2.1073793489481108e-05,0.0003288424744897959,100352
bayesfl_observability_v1,ola_sparse_bayesian_keep010_seed42,195,ola,global,,,layers.0.weight,db,22,-126.24129721299353,-124.8227215577331,-125.53200938536332,12,8.429517395792359e-05,0.000448421556122449,100352
bayesfl_observability_v1,ola_sparse_bayesian_keep010_seed42,195,ola,global,,,layers.0.weight,db,23,-124.8227215577331,-123.4041459024727,-124.11343373010291,7,4.917218480878975e-05,0.0005181760204081633,100352
bayesfl_observability_v1,ola_sparse_bayesian_keep010_seed42,195,ola,global,,,layers.0.weight,db,24,-123.4041459024727,-121.9855702472123,-122.6948580748425,7,4.917218480878925e-05,0.0005879304846938776,100352
bayesfl_observability_v1,ola_sparse_bayesian_keep010_seed42,195,ola,global,,,layers.0.weight,db,25,-121.9855702472123,-120.56699459195188,-121.27628241958209,8,5.619678263861629e-05,0.0006676498724489796,100352
bayesfl_observability_v1,ola_sparse_bayesian_keep010_seed42,195,ola,global,,,layers.0.weight,db,26,-120.56699459195188,-119.14841893669147,-119.85770676432168,9,6.322138046844333e-05,0.0007573341836734694,100352
bayesfl_observability_v1,ola_sparse_bayesian_keep010_seed42,195,ola,global,,,layers.0.weight,db,27,-119.14841893669147,-117.72984328143106,-118.43913110906126,12,8.429517395792443e-05,0.0008769132653061224,100352
bayesfl_observability_v1,ola_sparse_bayesian_keep010_seed42,195,ola,global,,,layers.0.weight,db,28,-117.72984328143106,-116.31126762617065,-117.02055545380085,12,8.429517395792443e-05,0.0009964923469387755,100352
bayesfl_observability_v1,ola_sparse_bayesian_keep010_seed42,195,ola,global,,,layers.0.weight,db,29,-116.31126762617065,-114.89269197091023,-115.60197979854044,15,0.00010536896744740555,0.001145966198979592,100352
bayesfl_observability_v1,ola_sparse_bayesian_keep010_seed42,195,ola,global,,,layers.0.weight,db,30,-114.89269197091023,-113.47411631564982,-114.18340414328003,28,0.000196688739235157,0.001424984056122449,100352
bayesfl_observability_v1,ola_sparse_bayesian_keep010_seed42,195,ola,global,,,layers.0.weight,db,31,-113.47411631564982,-112.05554066038941,-112.76482848801962,28,0.000196688739235157,0.0017040019132653062,100352
bayesfl_observability_v1,ola_sparse_bayesian_keep010_seed42,195,ola,global,,,layers.0.weight,db,32,-112.05554066038941,-110.636965005129,-111.3462528327592,34,0.00023883632621411922,0.00204280931122449,100352
bayesfl_observability_v1,ola_sparse_bayesian_keep010_seed42,195,ola,global,,,layers.0.weight,db,33,-110.636965005129,-109.21838934986859,-109.9276771774988,37,0.00025991011970360035,0.0024115114795918366,100352
bayesfl_observability_v1,ola_sparse_bayesian_keep010_seed42,195,ola,global,,,layers.0.weight,db,34,-109.21838934986859,-107.79981369460818,-108.50910152223838,41,0.0002880085110229085,0.002820073341836735,100352
bayesfl_observability_v1,ola_sparse_bayesian_keep010_seed42,195,ola,global,,,layers.0.weight,db,35,-107.79981369460818,-106.38123803934776,-107.09052586697797,55,0.000386352880640487,0.0033681441326530613,100352
bayesfl_observability_v1,ola_sparse_bayesian_keep010_seed42,195,ola,global,,,layers.0.weight,db,36,-106.38123803934776,-104.96266238408735,-105.67195021171756,47,0.0003301560980018707,0.0038364955357142855,100352
bayesfl_observability_v1,ola_sparse_bayesian_keep010_seed42,195,ola,global,,,layers.0.weight,db,37,-104.96266238408735,-103.54408672882694,-104.25337455645715,76,0.0005338694350668548,0.004593829719387755,100352
bayesfl_observability_v1,ola_sparse_bayesian_keep010_seed42,195,ola,global,,,layers.0.weight,db,38,-103.54408672882694,-102.12551107356653,-102.83479890119673,73,0.0005127956415773736,0.005321269132653061,100352
bayesfl_observability_v1,ola_sparse_bayesian_keep010_seed42,195,ola,global,,,layers.0.weight,db,39,-102.12551107356653,-100.70693541830612,-101.41622324593632,92,0.0006462630003440874,0.0062380420918367345,100352
bayesfl_observability_v1,ola_sparse_bayesian_keep010_seed42,195,ola,global,,,layers.0.weight,db,40,-100.70693541830612,-99.28835976304572,-99.99764759067591,99,0.0006954351851528836,0.0072245695153061226,100352
bayesfl_observability_v1,ola_sparse_bayesian_keep010_seed42,195,ola,global,,,layers.0.weight,db,41,-99.28835976304572,-97.8697841077853,-98.57907193541551,127,0.0008921239243880337,0.008490114795918368,100352
bayesfl_observability_v1,ola_sparse_bayesian_keep010_seed42,195,ola,global,,,layers.0.weight,db,42,-97.8697841077853,-96.4512084525249,-97.1604962801551,181,0.0012714522071986935,0.01029376594387755,100352
bayesfl_observability_v1,ola_sparse_bayesian_keep010_seed42,195,ola,global,,,layers.0.weight,db,43,-96.4512084525249,-95.03263279726448,-95.74192062489469,185,0.0012995505985180017,0.012137276785714286,100352
bayesfl_observability_v1,ola_sparse_bayesian_keep010_seed42,195,ola,global,,,layers.0.weight,db,44,-95.03263279726448,-93.61405714200407,-94.32334496963428,206,0.0014470671529443694,0.014190051020408163,100352
bayesfl_observability_v1,ola_sparse_bayesian_keep010_seed42,195,ola,global,,,layers.0.weight,db,45,-93.61405714200407,-92.19548148674365,-92.90476931437385,268,0.001882592218393627,0.01686065051020408,100352
bayesfl_observability_v1,ola_sparse_bayesian_keep010_seed42,195,ola,global,,,layers.0.weight,db,46,-92.19548148674365,-90.77690583148323,-91.48619365911344,280,0.00196688739235157,0.019650829081632654,100352
bayesfl_observability_v1,ola_sparse_bayesian_keep010_seed42,195,ola,global,,,layers.0.weight,db,47,-90.77690583148323,-89.35833017622284,-90.06761800385303,353,0.0024796830339289685,0.02316844706632653,100352
bayesfl_observability_v1,ola_sparse_bayesian_keep010_seed42,195,ola,global,,,layers.0.weight,db,48,-89.35833017622284,-87.93975452096242,-88.64904234859263,416,0.0029222326972080472,0.027313855229591837,100352
bayesfl_observability_v1,ola_sparse_bayesian_keep010_seed42,195,ola,global,,,layers.0.weight,db,49,-87.93975452096242,-86.52117886570201,-87.23046669333222,486,0.0034139545452959398,0.03215680803571429,100352
bayesfl_observability_v1,ola_sparse_bayesian_keep010_seed42,195,ola,global,,,layers.0.weight,db,50,-86.52117886570201,-85.1026032104416,-85.8118910380718,560,0.00393377478470314,0.03773716517857143,100352
bayesfl_observability_v1,ola_sparse_bayesian_keep010_seed42,195,ola,global,,,layers.0.weight,db,51,-85.1026032104416,-83.68402755518119,-84.3933153828114,674,0.004734578937303422,0.04445352359693878,100352
bayesfl_observability_v1,ola_sparse_bayesian_keep010_seed42,195,ola,global,,,layers.0.weight,db,52,-83.68402755518119,-82.26545189992078,-82.97473972755098,754,0.005296546763689586,0.051967075892857144,100352
bayesfl_observability_v1,ola_sparse_bayesian_keep010_seed42,195,ola,global,,,layers.0.weight,db,53,-82.26545189992078,-80.84687624466036,-81.55616407229057,920,0.006462630003440873,0.061134805484693876,100352
bayesfl_observability_v1,ola_sparse_bayesian_keep010_seed42,195,ola,global,,,layers.0.weight,db,54,-80.84687624466036,-79.42830058939995,-80.13758841703016,1080,0.007586565656213199,0.07189692283163265,100352
bayesfl_observability_v1,ola_sparse_bayesian_keep010_seed42,195,ola,global,,,layers.0.weight,db,55,-79.42830058939995,-78.00972493413954,-78.71901276176975,1273,0.008942313037369818,0.08458227040816327,100352
bayesfl_observability_v1,ola_sparse_bayesian_keep010_seed42,195,ola,global,,,layers.0.weight,db,56,-78.00972493413954,-76.59114927887913,-77.30043710650934,1484,0.010424503179463323,0.09937021683673469,100352
bayesfl_observability_v1,ola_sparse_bayesian_keep010_seed42,195,ola,global,,,layers.0.weight,db,57,-76.59114927887913,-75.17257362361872,-75.88186145124892,1764,0.012391390571814893,0.11694834183673469,100352
bayesfl_observability_v1,ola_sparse_bayesian_keep010_seed42,195,ola,global,,,layers.0.weight,db,58,-75.17257362361872,-73.7539979683583,-74.46328579598851,2074,0.014569015899061273,0.1376155931122449,100352
bayesfl_observability_v1,ola_sparse_bayesian_keep010_seed42,195,ola,global,,,layers.0.weight,db,59,-73.7539979683583,-72.3354223130979,-73.0447101407281,2503,0.01758256836805707,0.16255779655612246,100352
bayesfl_observability_v1,ola_sparse_bayesian_keep010_seed42,195,ola,global,,,layers.0.weight,db,60,-72.3354223130979,-70.91684665783748,-71.62613448546769,2836,0.019921759445389476,0.19081831951530612,100352
bayesfl_observability_v1,ola_sparse_bayesian_keep010_seed42,195,ola,global,,,layers.0.weight,db,61,-70.91684665783748,-69.49827100257707,-70.20755883020728,3397,0.02386255882792244,0.2246691645408163,100352
bayesfl_observability_v1,ola_sparse_bayesian_keep010_seed42,195,ola,global,,,layers.0.weight,db,62,-69.49827100257707,-68.07969534731666,-68.78898317494686,4022,0.02825293247156434,0.26474808673469385,100352
bayesfl_observability_v1,ola_sparse_bayesian_keep010_seed42,195,ola,global,,,layers.0.weight,db,63,-68.07969534731666,-66.66111969205625,-67.37040751968645,4825,0.03389368452891545,0.3128288424744898,100352
bayesfl_observability_v1,ola_sparse_bayesian_keep010_seed42,195,ola,global,,,layers.0.weight,db,64,-66.66111969205625,-65.24254403679583,-65.95183186442604,5494,0.038593140477069736,0.36757613201530615,100352
bayesfl_observability_v1,ola_sparse_bayesian_keep010_seed42,195,ola,global,,,layers.0.weight,db,65,-65.24254403679583,-63.82396838153542,-64.53325620916563,6526,0.04584252543745124,0.4326072225765306,100352
bayesfl_observability_v1,ola_sparse_bayesian_keep010_seed42,195,ola,global,,,layers.0.weight,db,66,-63.82396838153542,-62.40539272627501,-63.11468055390522,7601,0.053393968104515306,0.5083506058673469,100352
bayesfl_observability_v1,ola_sparse_bayesian_keep010_seed42,195,ola,global,,,layers.0.weight,db,67,-62.40539272627501,-60.9868170710146,-61.696104898644805,8784,0.061704067337200685,0.5958824936224489,100352
bayesfl_observability_v1,ola_sparse_bayesian_keep010_seed42,195,ola,global,,,layers.0.weight,db,68,-60.9868170710146,-59.56824141575419,-60.27752924338439,10348,0.07269053834305017,0.6989995216836735,100352
bayesfl_observability_v1,ola_sparse_bayesian_keep010_seed42,195,ola,global,,,layers.0.weight,db,69,-59.56824141575419,-58.149665760493775,-58.85895358812398,8316,0.058416555552841636,0.781867825255102,100352
bayesfl_observability_v1,ola_sparse_bayesian_keep010_seed42,195,ola,global,,,layers.0.weight,db,70,-58.149665760493775,-56.73109010523336,-57.44037793286357,5286,0.03713202412846572,0.8345424107142857,100352
bayesfl_observability_v1,ola_sparse_bayesian_keep010_seed42,195,ola,global,,,layers.0.weight,db,71,-56.73109010523336,-55.31251444997295,-56.02180227760316,4603,0.03233422381069385,0.8804109534438775,100352
bayesfl_observability_v1,ola_sparse_bayesian_keep010_seed42,195,ola,global,,,layers.0.weight,db,72,-55.31251444997295,-53.89393879471254,-54.603226622342746,4087,0.028709531330503097,0.9211375956632653,100352
bayesfl_observability_v1,ola_sparse_bayesian_keep010_seed42,195,ola,global,,,layers.0.weight,db,73,-53.89393879471254,-52.47536313945213,-53.184650967082334,3229,0.0226824263925115,0.9533143335459183,100352
bayesfl_observability_v1,ola_sparse_bayesian_keep010_seed42,195,ola,global,,,layers.0.weight,db,74,-52.47536313945213,-51.056787484191716,-51.76607531182192,2382,0.016732592030648,0.97705078125,100352
bayesfl_observability_v1,ola_sparse_bayesian_keep010_seed42,195,ola,global,,,layers.0.weight,db,75,-51.056787484191716,-49.638211828931304,-50.34749965656151,1356,0.009525354657245461,0.9905632174744898,100352
bayesfl_observability_v1,ola_sparse_bayesian_keep010_seed42,195,ola,global,,,layers.0.weight,db,76,-49.638211828931304,-48.21963617367089,-48.9289240013011,648,0.00455193939372792,0.9970204878826531,100352
bayesfl_observability_v1,ola_sparse_bayesian_keep010_seed42,195,ola,global,,,layers.0.weight,db,77,-48.21963617367089,-46.80106051841048,-47.510348346040686,239,0.0016788788813286617,0.9994021045918368,100352
bayesfl_observability_v1,ola_sparse_bayesian_keep010_seed42,195,ola,global,,,layers.0.weight,db,78,-46.80106051841048,-45.38248486315007,-46.091772690780275,55,0.000386352880640487,0.9999501753826531,100352
bayesfl_observability_v1,ola_sparse_bayesian_keep010_seed42,195,ola,global,,,layers.0.weight,db,79,-45.38248486315007,-43.963909207889664,-44.67319703551986,5,3.5122989149135355e-05,1.0,100352
bayesfl_observability_v1,ola_sparse_bayesian_keep010_seed42,195,ola,global,,,layers.0.bias,raw,0,8.020214628369947e-06,7.34055987964552e-05,4.0712906712412575e-05,7,836.3872246955931,0.0546875,128
bayesfl_observability_v1,ola_sparse_bayesian_keep010_seed42,195,ola,global,,,layers.0.bias,raw,1,7.34055987964552e-05,0.00013879098296454046,0.00010609829088049783,4,477.93555696891036,0.0859375,128
bayesfl_observability_v1,ola_sparse_bayesian_keep010_seed42,195,ola,global,,,layers.0.bias,raw,2,0.00013879098296454046,0.0002041763671326257,0.00017148367504858308,3,358.4516677266828,0.109375,128
bayesfl_observability_v1,ola_sparse_bayesian_keep010_seed42,195,ola,global,,,layers.0.bias,raw,3,0.0002041763671326257,0.00026956175130071096,0.00023686905921666834,8,955.8711139378207,0.171875,128
bayesfl_observability_v1,ola_sparse_bayesian_keep010_seed42,195,ola,global,,,layers.0.bias,raw,4,0.00026956175130071096,0.0003349471354687962,0.00030225444338475356,2,238.96777848445518,0.1875,128
bayesfl_observability_v1,ola_sparse_bayesian_keep010_seed42,195,ola,global,,,layers.0.bias,raw,5,0.0003349471354687962,0.00040033251963688147,0.00036763982755283887,6,716.9033354533656,0.234375,128
bayesfl_observability_v1,ola_sparse_bayesian_keep010_seed42,195,ola,global,,,layers.0.bias,raw,6,0.00040033251963688147,0.0004657179038049667,0.00043302521172092407,5,597.4194462111379,0.2734375,128
bayesfl_observability_v1,ola_sparse_bayesian_keep010_seed42,195,ola,global,,,layers.0.bias,raw,7,0.0004657179038049667,0.000531103287973052,0.0004984105958890094,6,716.9033354533656,0.3203125,128
bayesfl_observability_v1,ola_sparse_bayesian_keep010_seed42,195,ola,global,,,layers.0.bias,raw,8,0.000531103287973052,0.0005964886721411372,0.0005637959800570946,2,238.96777848445538,0.3359375,128
bayesfl_observability_v1,ola_sparse_bayesian_keep010_seed42,195,ola,global,,,layers.0.bias,raw,9,0.0005964886721411372,0.0006618740563092225,0.0006291813642251799,1,119.48388924222749,0.34375,128
bayesfl_observability_v1,ola_sparse_bayesian_keep010_seed42,195,ola,global,,,layers.0.bias,raw,10,0.0006618740563092225,0.0007272594404773078,0.0006945667483932651,0,0.0,0.34375,128
bayesfl_observability_v1,ola_sparse_bayesian_keep010_seed42,195,ola,global,,,layers.0.bias,raw,11,0.0007272594404773078,0.000792644824645393,0.0007599521325613504,5,597.4194462111385,0.3828125,128
bayesfl_observability_v1,ola_sparse_bayesian_keep010_seed42,195,ola,global,,,layers.0.bias,raw,12,0.000792644824645393,0.0008580302088134782,0.0008253375167294356,6,716.9033354533661,0.4296875,128
bayesfl_observability_v1,ola_sparse_bayesian_keep010_seed42,195,ola,global,,,layers.0.bias,raw,13,0.0008580302088134782,0.0009234155929815635,0.0008907229008975209,4,477.93555696890996,0.4609375,128
bayesfl_observability_v1,ola_sparse_bayesian_keep010_seed42,195,ola,global,,,layers.0.bias,raw,14,0.0009234155929815635,0.0009888009771496487,0.0009561082850656061,1,119.48388924222769,0.46875,128
bayesfl_observability_v1,ola_sparse_bayesian_keep010_seed42,195,ola,global,,,layers.0.bias,raw,15,0.0009888009771496487,0.001054186361317734,0.0010214936692336913,2,238.96777848445538,0.484375,128
bayesfl_observability_v1,ola_sparse_bayesian_keep010_seed42,195,ola,global,,,layers.0.bias,raw,16,0.001054186361317734,0.001119571745485819,0.0010868790534017765,6,716.9033354533661,0.53125,128
bayesfl_observability_v1,ola_sparse_bayesian_keep010_seed42,195,ola,global,,,layers.0.bias,raw,17,0.001119571745485819,0.0011849571296539043,0.0011522644375698617,3,358.45166772668307,0.5546875,128
bayesfl_observability_v1,ola_sparse_bayesian_keep010_seed42,195,ola,global,,,layers.0.bias,raw,18,0.0011849571296539043,0.0012503425138219897,0.0012176498217379471,3,358.4516677266819,0.578125,128
bayesfl_observability_v1,ola_sparse_bayesian_keep010_seed42,195,ola,global,,,layers.0.bias,raw,19,0.0012503425138219897,0.001315727897990075,0.0012830352059060323,4,477.93555696891076,0.609375,128
bayesfl_observability_v1,ola_sparse_bayesian_keep010_seed42,195,ola,global,,,layers.0.bias,raw,20,0.001315727897990075,0.0013811132821581601,0.0013484205900741175,3,358.45166772668307,0.6328125,128
bayesfl_observability_v1,ola_sparse_bayesian_keep010_seed42,195,ola,global,,,layers.0.bias,raw,21,0.0013811132821581601,0.0014464986663262455,0.0014138059742422027,5,597.4194462111365,0.671875,128
bayesfl_observability_v1,ola_sparse_bayesian_keep010_seed42,195,ola,global,,,layers.0.bias,raw,22,0.0014464986663262455,0.0015118840504943307,0.0014791913584102881,1,119.48388924222769,0.6796875,128
bayesfl_observability_v1,ola_sparse_bayesian_keep010_seed42,195,ola,global,,,layers.0.bias,raw,23,0.0015118840504943307,0.001577269434662416,0.0015445767425783733,3,358.45166772668307,0.703125,128
bayesfl_observability_v1,ola_sparse_bayesian_keep010_seed42,195,ola,global,,,layers.0.bias,raw,24,0.001577269434662416,0.0016426548188305011,0.0016099621267464585,3,358.45166772668307,0.7265625,128
bayesfl_observability_v1,ola_sparse_bayesian_keep010_seed42,195,ola,global,,,layers.0.bias,raw,25,0.0016426548188305011,0.0017080402029985863,0.0016753475109145437,4,477.93555696891076,0.7578125,128
bayesfl_observability_v1,ola_sparse_bayesian_keep010_seed42,195,ola,global,,,layers.0.bias,raw,26,0.0017080402029985863,0.0017734255871666718,0.0017407328950826292,3,358.4516677266819,0.78125,128
bayesfl_observability_v1,ola_sparse_bayesian_keep010_seed42,195,ola,global,,,layers.0.bias,raw,27,0.0017734255871666718,0.001838810971334757,0.0018061182792507144,2,238.96777848445538,0.796875,128
bayesfl_observability_v1,ola_sparse_bayesian_keep010_seed42,195,ola,global,,,layers.0.bias,raw,28,0.001838810971334757,0.0019041963555028422,0.0018715036634187996,0,0.0,0.796875,128
bayesfl_observability_v1,ola_sparse_bayesian_keep010_seed42,195,ola,global,,,layers.0.bias,raw,29,0.0019041963555028422,0.0019695817396709276,0.0019368890475868848,2,238.96777848445458,0.8125,128
bayesfl_observability_v1,ola_sparse_bayesian_keep010_seed42,195,ola,global,,,layers.0.bias,raw,30,0.0019695817396709276,0.0020349671238390128,0.0020022744317549704,1,119.48388924222769,0.8203125,128
bayesfl_observability_v1,ola_sparse_bayesian_keep010_seed42,195,ola,global,,,layers.0.bias,raw,31,0.0020349671238390128,0.002100352508007098,0.002067659815923055,1,119.48388924222769,0.828125,128
bayesfl_observability_v1,ola_sparse_bayesian_keep010_seed42,195,ola,global,,,layers.0.bias,raw,32,0.002100352508007098,0.002165737892175183,0.002133045200091141,2,238.96777848445538,0.84375,128
bayesfl_observability_v1,ola_sparse_bayesian_keep010_seed42,195,ola,global,,,layers.0.bias,raw,33,0.002165737892175183,0.0022311232763432684,0.0021984305842592256,2,238.96777848445538,0.859375,128
bayesfl_observability_v1,ola_sparse_bayesian_keep010_seed42,195,ola,global,,,layers.0.bias,raw,34,0.0022311232763432684,0.0022965086605113536,0.002263815968427311,3,358.45166772668307,0.8828125,128
bayesfl_observability_v1,ola_sparse_bayesian_keep010_seed42,195,ola,global,,,layers.0.bias,raw,35,0.0022965086605113536,0.0023618940446794388,0.002329201352595396,1,119.48388924222769,0.890625,128
bayesfl_observability_v1,ola_sparse_bayesian_keep010_seed42,195,ola,global,,,layers.0.bias,raw,36,0.0023618940446794388,0.0024272794288475244,0.0023945867367634816,3,358.4516677266807,0.9140625,128
bayesfl_observability_v1,ola_sparse_bayesian_keep010_seed42,195,ola,global,,,layers.0.bias,raw,37,0.0024272794288475244,0.0024926648130156096,0.0024599721209315672,1,119.48388924222769,0.921875,128
bayesfl_observability_v1,ola_sparse_bayesian_keep010_seed42,195,ola,global,,,layers.0.bias,raw,38,0.0024926648130156096,0.002558050197183695,0.002525357505099652,1,119.48388924222769,0.9296875,128
bayesfl_observability_v1,ola_sparse_bayesian_keep010_seed42,195,ola,global,,,layers.0.bias,raw,39,0.002558050197183695,0.00262343558135178,0.0025907428892677376,2,238.96777848445538,0.9453125,128
bayesfl_observability_v1,ola_sparse_bayesian_keep010_seed42,195,ola,global,,,layers.0.bias,raw,40,0.00262343558135178,0.002688820965519865,0.0026561282734358224,0,0.0,0.9453125,128
bayesfl_observability_v1,ola_sparse_bayesian_keep010_seed42,195,ola,global,,,layers.0.bias,raw,41,0.002688820965519865,0.0027542063496879504,0.002721513657603908,1,119.48388924222769,0.953125,128
bayesfl_observability_v1,ola_sparse_bayesian_keep010_seed42,195,ola,global,,,layers.0.bias,raw,42,0.0027542063496879504,0.0028195917338560356,0.0027868990417719928,2,238.96777848445538,0.96875,128
bayesfl_observability_v1,ola_sparse_bayesian_keep010_seed42,195,ola,global,,,layers.0.bias,raw,43,0.0028195917338560356,0.0028849771180241212,0.0028522844259400784,0,0.0,0.96875,128
bayesfl_observability_v1,ola_sparse_bayesian_keep010_seed42,195,ola,global,,,layers.0.bias,raw,44,0.0028849771180241212,0.0029503625021922064,0.002917669810108164,1,119.48388924222769,0.9765625,128
bayesfl_observability_v1,ola_sparse_bayesian_keep010_seed42,195,ola,global,,,layers.0.bias,raw,45,0.0029503625021922064,0.0030157478863602916,0.002983055194276249,2,238.96777848445538,0.9921875,128
bayesfl_observability_v1,ola_sparse_bayesian_keep010_seed42,195,ola,global,,,layers.0.bias,raw,46,0.0030157478863602916,0.003081133270528377,0.0030484405784443344,0,0.0,0.9921875,128
bayesfl_observability_v1,ola_sparse_bayesian_keep010_seed42,195,ola,global,,,layers.0.bias,raw,47,0.003081133270528377,0.003146518654696462,0.003113825962612419,0,0.0,0.9921875,128
bayesfl_observability_v1,ola_sparse_bayesian_keep010_seed42,195,ola,global,,,layers.0.bias,raw,48,0.003146518654696462,0.0032119040388645472,0.003179211346780505,0,0.0,0.9921875,128
bayesfl_observability_v1,ola_sparse_bayesian_keep010_seed42,195,ola,global,,,layers.0.bias,raw,49,0.0032119040388645472,0.0032772894230326324,0.0032445967309485896,0,0.0,0.9921875,128
bayesfl_observability_v1,ola_sparse_bayesian_keep010_seed42,195,ola,global,,,layers.0.bias,raw,50,0.0032772894230326324,0.0033426748072007176,0.0033099821151166752,0,0.0,0.9921875,128
bayesfl_observability_v1,ola_sparse_bayesian_keep010_seed42,195,ola,global,,,layers.0.bias,raw,51,0.0033426748072007176,0.003408060191368803,0.00337536749928476,0,0.0,0.9921875,128
bayesfl_observability_v1,ola_sparse_bayesian_keep010_seed42,195,ola,global,,,layers.0.bias,raw,52,0.003408060191368803,0.0034734455755368885,0.0034407528834528456,0,0.0,0.9921875,128
bayesfl_observability_v1,ola_sparse_bayesian_keep010_seed42,195,ola,global,,,layers.0.bias,raw,53,0.0034734455755368885,0.0035388309597049737,0.0035061382676209313,0,0.0,0.9921875,128
bayesfl_observability_v1,ola_sparse_bayesian_keep010_seed42,195,ola,global,,,layers.0.bias,raw,54,0.0035388309597049737,0.003604216343873059,0.003571523651789016,0,0.0,0.9921875,128
bayesfl_observability_v1,ola_sparse_bayesian_keep010_seed42,195,ola,global,,,layers.0.bias,raw,55,0.003604216343873059,0.003669601728041144,0.0036369090359571017,0,0.0,0.9921875,128
bayesfl_observability_v1,ola_sparse_bayesian_keep010_seed42,195,ola,global,,,layers.0.bias,raw,56,0.003669601728041144,0.0037349871122092293,0.0037022944201251864,0,0.0,0.9921875,128
bayesfl_observability_v1,ola_sparse_bayesian_keep010_seed42,195,ola,global,,,layers.0.bias,raw,57,0.0037349871122092293,0.0038003724963773145,0.003767679804293272,0,0.0,0.9921875,128
bayesfl_observability_v1,ola_sparse_bayesian_keep010_seed42,195,ola,global,,,layers.0.bias,raw,58,0.0038003724963773145,0.0038657578805453997,0.003833065188461357,0,0.0,0.9921875,128
bayesfl_observability_v1,ola_sparse_bayesian_keep010_seed42,195,ola,global,,,layers.0.bias,raw,59,0.0038657578805453997,0.003931143264713485,0.0038984505726294425,0,0.0,0.9921875,128
bayesfl_observability_v1,ola_sparse_bayesian_keep010_seed42,195,ola,global,,,layers.0.bias,raw,60,0.003931143264713485,0.00399652864888157,0.003963835956797527,0,0.0,0.9921875,128
bayesfl_observability_v1,ola_sparse_bayesian_keep010_seed42,195,ola,global,,,layers.0.bias,raw,61,0.00399652864888157,0.004061914033049656,0.004029221340965613,0,0.0,0.9921875,128
bayesfl_observability_v1,ola_sparse_bayesian_keep010_seed42,195,ola,global,,,layers.0.bias,raw,62,0.004061914033049656,0.0041272994172177405,0.0040946067251336985,0,0.0,0.9921875,128
bayesfl_observability_v1,ola_sparse_bayesian_keep010_seed42,195,ola,global,,,layers.0.bias,raw,63,0.0041272994172177405,0.004192684801385826,0.004159992109301783,0,0.0,0.9921875,128
bayesfl_observability_v1,ola_sparse_bayesian_keep010_seed42,195,ola,global,,,layers.0.bias,raw,64,0.004192684801385826,0.004258070185553912,0.004225377493469869,0,0.0,0.9921875,128
bayesfl_observability_v1,ola_sparse_bayesian_keep010_seed42,195,ola,global,,,layers.0.bias,raw,65,0.004258070185553912,0.0043234555697219965,0.004290762877637954,0,0.0,0.9921875,128
bayesfl_observability_v1,ola_sparse_bayesian_keep010_seed42,195,ola,global,,,layers.0.bias,raw,66,0.0043234555697219965,0.004388840953890082,0.004356148261806039,0,0.0,0.9921875,128
bayesfl_observability_v1,ola_sparse_bayesian_keep010_seed42,195,ola,global,,,layers.0.bias,raw,67,0.004388840953890082,0.004454226338058167,0.004421533645974125,0,0.0,0.9921875,128
bayesfl_observability_v1,ola_sparse_bayesian_keep010_seed42,195,ola,global,,,layers.0.bias,raw,68,0.004454226338058167,0.0045196117222262525,0.00448691903014221,0,0.0,0.9921875,128
bayesfl_observability_v1,ola_sparse_bayesian_keep010_seed42,195,ola,global,,,layers.0.bias,raw,69,0.0045196117222262525,0.004584997106394337,0.0045523044143102945,0,0.0,0.9921875,128
bayesfl_observability_v1,ola_sparse_bayesian_keep010_seed42,195,ola,global,,,layers.0.bias,raw,70,0.004584997106394337,0.004650382490562423,0.00461768979847838,0,0.0,0.9921875,128
bayesfl_observability_v1,ola_sparse_bayesian_keep010_seed42,195,ola,global,,,layers.0.bias,raw,71,0.004650382490562423,0.004715767874730508,0.004683075182646466,0,0.0,0.9921875,128
bayesfl_observability_v1,ola_sparse_bayesian_keep010_seed42,195,ola,global,,,layers.0.bias,raw,72,0.004715767874730508,0.004781153258898593,0.0047484605668145505,0,0.0,0.9921875,128
bayesfl_observability_v1,ola_sparse_bayesian_keep010_seed42,195,ola,global,,,layers.0.bias,raw,73,0.004781153258898593,0.004846538643066679,0.004813845950982636,0,0.0,0.9921875,128
bayesfl_observability_v1,ola_sparse_bayesian_keep010_seed42,195,ola,global,,,layers.0.bias,raw,74,0.004846538643066679,0.004911924027234764,0.004879231335150721,0,0.0,0.9921875,128
bayesfl_observability_v1,ola_sparse_bayesian_keep010_seed42,195,ola,global,,,layers.0.bias,raw,75,0.004911924027234764,0.004977309411402849,0.0049446167193188065,0,0.0,0.9921875,128
bayesfl_observability_v1,ola_sparse_bayesian_keep010_seed42,195,ola,global,,,layers.0.bias,raw,76,0.004977309411402849,0.005042694795570934,0.005010002103486892,0,0.0,0.9921875,128
bayesfl_observability_v1,ola_sparse_bayesian_keep010_seed42,195,ola,global,,,layers.0.bias,raw,77,0.005042694795570934,0.00510808017973902,0.005075387487654977,0,0.0,0.9921875,128
bayesfl_observability_v1,ola_sparse_bayesian_keep010_seed42,195,ola,global,,,layers.0.bias,raw,78,0.00510808017973902,0.0051734655639071045,0.005140772871823062,0,0.0,0.9921875,128
bayesfl_observability_v1,ola_sparse_bayesian_keep010_seed42,195,ola,global,,,layers.0.bias,raw,79,0.0051734655639071045,0.00523885094807519,0.005206158255991147,1,119.4838892422269,1.0,128
bayesfl_observability_v1,ola_sparse_bayesian_keep010_seed42,195,ola,global,,,layers.0.bias,db,0,-101.91627910575731,-101.21251660631529,-101.5643978560363,1,0.011101046171391836,0.0078125,128
bayesfl_observability_v1,ola_sparse_bayesian_keep010_seed42,195,ola,global,,,layers.0.bias,db,1,-101.21251660631529,-100.50875410687328,-100.86063535659429,1,0.01110104617139206,0.015625,128
bayesfl_observability_v1,ola_sparse_bayesian_keep010_seed42,195,ola,global,,,layers.0.bias,db,2,-100.50875410687328,-99.80499160743126,-100.15687285715228,0,0.0,0.015625,128
bayesfl_observability_v1,ola_sparse_bayesian_keep010_seed42,195,ola,global,,,layers.0.bias,db,3,-99.80499160743126,-99.10122910798924,-99.45311035771024,0,0.0,0.015625,128
bayesfl_observability_v1,ola_sparse_bayesian_keep010_seed42,195,ola,global,,,layers.0.bias,db,4,-99.10122910798924,-98.39746660854723,-98.74934785826824,0,0.0,0.015625,128
bayesfl_observability_v1,ola_sparse_bayesian_keep010_seed42,195,ola,global,,,layers.0.bias,db,5,-98.39746660854723,-97.69370410910521,-98.04558535882623,0,0.0,0.015625,128
bayesfl_observability_v1,ola_sparse_bayesian_keep010_seed42,195,ola,global,,,layers.0.bias,db,6,-97.69370410910521,-96.98994160966319,-97.3418228593842,0,0.0,0.015625,128
bayesfl_observability_v1,ola_sparse_bayesian_keep010_seed42,195,ola,global,,,layers.0.bias,db,7,-96.98994160966319,-96.28617911022117,-96.63806035994219,1,0.011101046171391836,0.0234375,128
bayesfl_observability_v1,ola_sparse_bayesian_keep010_seed42,195,ola,global,,,layers.0.bias,db,8,-96.28617911022117,-95.58241661077916,-95.93429786050017,0,0.0,0.0234375,128
bayesfl_observability_v1,ola_sparse_bayesian_keep010_seed42,195,ola,global,,,layers.0.bias,db,9,-95.58241661077916,-94.87865411133714,-95.23053536105814,0,0.0,0.0234375,128
bayesfl_observability_v1,ola_sparse_bayesian_keep010_seed42,195,ola,global,,,layers.0.bias,db,10,-94.87865411133714,-94.17489161189512,-94.52677286161614,0,0.0,0.0234375,128
bayesfl_observability_v1,ola_sparse_bayesian_keep010_seed42,195,ola,global,,,layers.0.bias,db,11,-94.17489161189512,-93.4711291124531,-93.8230103621741,0,0.0,0.0234375,128
bayesfl_observability_v1,ola_sparse_bayesian_keep010_seed42,195,ola,global,,,layers.0.bias,db,12,-93.4711291124531,-92.76736661301109,-93.1192478627321,0,0.0,0.0234375,128
bayesfl_observability_v1,ola_sparse_bayesian_keep010_seed42,195,ola,global,,,layers.0.bias,db,13,-92.76736661301109,-92.06360411356907,-92.41548536329009,0,0.0,0.0234375,128
bayesfl_observability_v1,ola_sparse_bayesian_keep010_seed42,195,ola,global,,,layers.0.bias,db,14,-92.06360411356907,-91.35984161412705,-91.71172286384805,1,0.011101046171391836,0.03125,128
bayesfl_observability_v1,ola_sparse_bayesian_keep010_seed42,195,ola,global,,,layers.0.bias,db,15,-91.35984161412705,-90.65607911468504,-91.00796036440605,0,0.0,0.03125,128
bayesfl_observability_v1,ola_sparse_bayesian_keep010_seed42,195,ola,global,,,layers.0.bias,db,16,-90.65607911468504,-89.95231661524302,-90.30419786496404,0,0.0,0.03125,128
bayesfl_observability_v1,ola_sparse_bayesian_keep010_seed42,195,ola,global,,,layers.0.bias,db,17,-89.95231661524302,-89.248554115801,-89.600435365522,0,0.0,0.03125,128
bayesfl_observability_v1,ola_sparse_bayesian_keep010_seed42,195,ola,global,,,layers.0.bias,db,18,-89.248554115801,-88.54479161635899,-88.89667286608,1,0.01110104617139206,0.0390625,128
bayesfl_observability_v1,ola_sparse_bayesian_keep010_seed42,195,ola,global,,,layers.0.bias,db,19,-88.54479161635899,-87.84102911691697,-88.19291036663799,0,0.0,0.0390625,128
bayesfl_observability_v1,ola_sparse_bayesian_keep010_seed42,195,ola,global,,,layers.0.bias,db,20,-87.84102911691697,-87.13726661747495,-87.48914786719595,0,0.0,0.0390625,128
bayesfl_observability_v1,ola_sparse_bayesian_keep010_seed42,195,ola,global,,,layers.0.bias,db,21,-87.13726661747495,-86.43350411803294,-86.78538536775395,1,0.01110104617139206,0.046875,128
bayesfl_observability_v1,ola_sparse_bayesian_keep010_seed42,195,ola,global,,,layers.0.bias,db,22,-86.43350411803294,-85.72974161859092,-86.08162286831194,0,0.0,0.046875,128
bayesfl_observability_v1,ola_sparse_bayesian_keep010_seed42,195,ola,global,,,layers.0.bias,db,23,-85.72974161859092,-85.0259791191489,-85.3778603688699,0,0.0,0.046875,128
bayesfl_observability_v1,ola_sparse_bayesian_keep010_seed42,195,ola,global,,,layers.0.bias,db,24,-85.0259791191489,-84.3222166197069,-84.6740978694279,0,0.0,0.046875,128
bayesfl_observability_v1,ola_sparse_bayesian_keep010_seed42,195,ola,global,,,layers.0.bias,db,25,-84.3222166197069,-83.61845412026487,-83.97033536998589,0,0.0,0.046875,128
bayesfl_observability_v1,ola_sparse_bayesian_keep010_seed42,195,ola,global,,,layers.0.bias,db,26,-83.61845412026487,-82.91469162082285,-83.26657287054385,1,0.011101046171391836,0.0546875,128
bayesfl_observability_v1,ola_sparse_bayesian_keep010_seed42,195,ola,global,,,layers.0.bias,db,27,-82.91469162082285,-82.21092912138083,-82.56281037110185,0,0.0,0.0546875,128
bayesfl_observability_v1,ola_sparse_bayesian_keep010_seed42,195,ola,global,,,layers.0.bias,db,28,-82.21092912138083,-81.50716662193881,-81.85904787165981,1,0.011101046171391836,0.0625,128
bayesfl_observability_v1,ola_sparse_bayesian_keep010_seed42,195,ola,global,,,layers.0.bias,db,29,-81.50716662193881,-80.8034041224968,-81.1552853722178,1,0.01110104617139206,0.0703125,128
bayesfl_observability_v1,ola_sparse_bayesian_keep010_seed42,195,ola,global,,,layers.0.bias,db,30,-80.8034041224968,-80.09964162305478,-80.4515228727758,1,0.011101046171391836,0.078125,128
bayesfl_observability_v1,ola_sparse_bayesian_keep010_seed42,195,ola,global,,,layers.0.bias,db,31,-80.09964162305478,-79.39587912361276,-79.74776037333376,0,0.0,0.078125,128
bayesfl_observability_v1,ola_sparse_bayesian_keep010_seed42,195,ola,global,,,layers.0.bias,db,32,-79.39587912361276,-78.69211662417075,-79.04399787389175,0,0.0,0.078125,128
bayesfl_observability_v1,ola_sparse_bayesian_keep010_seed42,195,ola,global,,,layers.0.bias,db,33,-78.69211662417075,-77.98835412472873,-78.34023537444975,0,0.0,0.078125,128
bayesfl_observability_v1,ola_sparse_bayesian_keep010_seed42,195,ola,global,,,layers.0.bias,db,34,-77.98835412472873,-77.28459162528671,-77.63647287500771,1,0.011101046171391836,0.0859375,128
bayesfl_observability_v1,ola_sparse_bayesian_keep010_seed42,195,ola,global,,,layers.0.bias,db,35,-77.28459162528671,-76.5808291258447,-76.9327103755657,0,0.0,0.0859375,128
bayesfl_observability_v1,ola_sparse_bayesian_keep010_seed42,195,ola,global,,,layers.0.bias,db,36,-76.5808291258447,-75.87706662640268,-76.2289478761237,1,0.011101046171391836,0.09375,128
bayesfl_observability_v1,ola_sparse_bayesian_keep010_seed42,195,ola,global,,,layers.0.bias,db,37,-75.87706662640268,-75.17330412696066,-75.52518537668166,0,0.0,0.09375,128
bayesfl_observability_v1,ola_sparse_bayesian_keep010_seed42,195,ola,global,,,layers.0.bias,db,38,-75.17330412696066,-74.46954162751865,-74.82142287723966,2,0.02220209234278412,0.109375,128
bayesfl_observability_v1,ola_sparse_bayesian_keep010_seed42,195,ola,global,,,layers.0.bias,db,39,-74.46954162751865,-73.76577912807663,-74.11766037779765,1,0.011101046171391836,0.1171875,128
bayesfl_observability_v1,ola_sparse_bayesian_keep010_seed42,195,ola,global,,,layers.0.bias,db,40,-73.76577912807663,-73.06201662863461,-73.41389787835561,0,0.0,0.1171875,128
bayesfl_observability_v1,ola_sparse_bayesian_keep010_seed42,195,ola,global,,,layers.0.bias,db,41,-73.06201662863461,-72.3582541291926,-72.7101353789136,3,0.033303138514176184,0.140625,128
bayesfl_observability_v1,ola_sparse_bayesian_keep010_seed42,195,ola,global,,,layers.0.bias,db,42,-72.3582541291926,-71.65449162975058,-72.0063728794716,4,0.044404184685567345,0.171875,128
bayesfl_observability_v1,ola_sparse_bayesian_keep010_seed42,195,ola,global,,,layers.0.bias,db,43,-71.65449162975058,-70.95072913030856,-71.30261038002956,1,0.011101046171391836,0.1796875,128
bayesfl_observability_v1,ola_sparse_bayesian_keep010_seed42,195,ola,global,,,layers.0.bias,db,44,-70.95072913030856,-70.24696663086654,-70.59884788058756,1,0.011101046171391836,0.1875,128
bayesfl_observability_v1,ola_sparse_bayesian_keep010_seed42,195,ola,global,,,layers.0.bias,db,45,-70.24696663086654,-69.54320413142452,-69.89508538114552,0,0.0,0.1875,128
bayesfl_observability_v1,ola_sparse_bayesian_keep010_seed42,195,ola,global,,,layers.0.bias,db,46,-69.54320413142452,-68.83944163198251,-69.19132288170351,3,0.033303138514176184,0.2109375,128
bayesfl_observability_v1,ola_sparse_bayesian_keep010_seed42,195,ola,global,,,layers.0.bias,db,47,-68.83944163198251,-68.13567913254049,-68.4875603822615,2,0.022202092342783673,0.2265625,128
bayesfl_observability_v1,ola_sparse_bayesian_keep010_seed42,195,ola,global,,,layers.0.bias,db,48,-68.13567913254049,-67.43191663309847,-67.78379788281947,1,0.011101046171391836,0.234375,128
bayesfl_observability_v1,ola_sparse_bayesian_keep010_seed42,195,ola,global,,,layers.0.bias,db,49,-67.43191663309847,-66.72815413365646,-67.08003538337746,4,0.04440418468556824,0.265625,128
bayesfl_observability_v1,ola_sparse_bayesian_keep010_seed42,195,ola,global,,,layers.0.bias,db,50,-66.72815413365646,-66.02439163421444,-66.37627288393546,5,0.05550523085695918,0.3046875,128
bayesfl_observability_v1,ola_sparse_bayesian_keep010_seed42,195,ola,global,,,layers.0.bias,db,51,-66.02439163421444,-65.32062913477242,-65.67251038449342,2,0.022202092342783673,0.3203125,128
bayesfl_observability_v1,ola_sparse_bayesian_keep010_seed42,195,ola,global,,,layers.0.bias,db,52,-65.32062913477242,-64.61686663533041,-64.96874788505141,1,0.01110104617139206,0.328125,128
bayesfl_observability_v1,ola_sparse_bayesian_keep010_seed42,195,ola,global,,,layers.0.bias,db,53,-64.61686663533041,-63.91310413588839,-64.2649853856094,2,0.022202092342783673,0.34375,128
bayesfl_observability_v1,ola_sparse_bayesian_keep010_seed42,195,ola,global,,,layers.0.bias,db,54,-63.91310413588839,-63.209341636446375,-63.561222886167386,0,0.0,0.34375,128
bayesfl_observability_v1,ola_sparse_bayesian_keep010_seed42,195,ola,global,,,layers.0.bias,db,55,-63.209341636446375,-62.505579137004354,-62.857460386725364,3,0.03330313851417551,0.3671875,128
bayesfl_observability_v1,ola_sparse_bayesian_keep010_seed42,195,ola,global,,,layers.0.bias,db,56,-62.505579137004354,-61.80181663756234,-62.15369788728334,4,0.044404184685567796,0.3984375,128
bayesfl_observability_v1,ola_sparse_bayesian_keep010_seed42,195,ola,global,,,layers.0.bias,db,57,-61.80181663756234,-61.09805413812032,-61.44993538784133,6,0.06660627702835102,0.4453125,128
bayesfl_observability_v1,ola_sparse_bayesian_keep010_seed42,195,ola,global,,,layers.0.bias,db,58,-61.09805413812032,-60.394291638678304,-60.746172888399315,2,0.022202092342783898,0.4609375,128
bayesfl_observability_v1,ola_sparse_bayesian_keep010_seed42,195,ola,global,,,layers.0.bias,db,59,-60.394291638678304,-59.69052913923629,-60.04241038895729,3,0.033303138514175844,0.484375,128
bayesfl_observability_v1,ola_sparse_bayesian_keep010_seed42,195,ola,global,,,layers.0.bias,db,60,-59.69052913923629,-58.98676663979427,-59.33864788951528,6,0.06660627702835102,0.53125,128
bayesfl_observability_v1,ola_sparse_bayesian_keep010_seed42,195,ola,global,,,layers.0.bias,db,61,-58.98676663979427,-58.283004140352254,-58.634885390073265,5,0.05550523085695974,0.5703125,128
bayesfl_observability_v1,ola_sparse_bayesian_keep010_seed42,195,ola,global,,,layers.0.bias,db,62,-58.283004140352254,-57.57924164091023,-57.931122890631244,6,0.06660627702835102,0.6171875,128
bayesfl_observability_v1,ola_sparse_bayesian_keep010_seed42,195,ola,global,,,layers.0.bias,db,63,-57.57924164091023,-56.87547914146822,-57.22736039118922,5,0.05550523085695974,0.65625,128
bayesfl_observability_v1,ola_sparse_bayesian_keep010_seed42,195,ola,global,,,layers.0.bias,db,64,-56.87547914146822,-56.171716642026205,-56.523597891747215,5,0.05550523085695974,0.6953125,128
bayesfl_observability_v1,ola_sparse_bayesian_keep010_seed42,195,ola,global,,,layers.0.bias,db,65,-56.171716642026205,-55.46795414258418,-55.819835392305194,7,0.07770732319974286,0.75,128
bayesfl_observability_v1,ola_sparse_bayesian_keep010_seed42,195,ola,global,,,layers.0.bias,db,66,-55.46795414258418,-54.76419164314217,-55.11607289286317,5,0.05550523085695974,0.7890625,128
bayesfl_observability_v1,ola_sparse_bayesian_keep010_seed42,195,ola,global,,,layers.0.bias,db,67,-54.76419164314217,-54.06042914370015,-54.41231039342116,3,0.03330313851417551,0.8125,128
bayesfl_observability_v1,ola_sparse_bayesian_keep010_seed42,195,ola,global,,,layers.0.bias,db,68,-54.06042914370015,-53.356666644258134,-53.708547893979144,4,0.044404184685567796,0.84375,128
bayesfl_observability_v1,ola_sparse_bayesian_keep010_seed42,195,ola,global,,,layers.0.bias,db,69,-53.356666644258134,-52.65290414481612,-53.00478539453712,5,0.05550523085695974,0.8828125,128
bayesfl_observability_v1,ola_sparse_bayesian_keep010_seed42,195,ola,global,,,layers.0.bias,db,70,-52.65290414481612,-51.9491416453741,-52.30102289509511,6,0.06660627702835102,0.9296875,128
bayesfl_observability_v1,ola_sparse_bayesian_keep010_seed42,195,ola,global,,,layers.0.bias,db,71,-51.9491416453741,-51.245379145932084,-51.597260395653095,3,0.033303138514175844,0.953125,128
bayesfl_observability_v1,ola_sparse_bayesian_keep010_seed42,195,ola,global,,,layers.0.bias,db,72,-51.245379145932084,-50.54161664649006,-50.89349789621107,4,0.044404184685567345,0.984375,128
bayesfl_observability_v1,ola_sparse_bayesian_keep010_seed42,195,ola,global,,,layers.0.bias,db,73,-50.54161664649006,-49.83785414704805,-50.18973539676905,1,0.011101046171391949,0.9921875,128
bayesfl_observability_v1,ola_sparse_bayesian_keep010_seed42,195,ola,global,,,layers.0.bias,db,74,-49.83785414704805,-49.134091647606034,-49.485972897327045,0,0.0,0.9921875,128
bayesfl_observability_v1,ola_sparse_bayesian_keep010_seed42,195,ola,global,,,layers.0.bias,db,75,-49.134091647606034,-48.43032914816401,-48.782210397885024,0,0.0,0.9921875,128
bayesfl_observability_v1,ola_sparse_bayesian_keep010_seed42,195,ola,global,,,layers.0.bias,db,76,-48.43032914816401,-47.726566648722,-48.078447898443,0,0.0,0.9921875,128
bayesfl_observability_v1,ola_sparse_bayesian_keep010_seed42,195,ola,global,,,layers.0.bias,db,77,-47.726566648722,-47.02280414927998,-47.37468539900099,0,0.0,0.9921875,128
bayesfl_observability_v1,ola_sparse_bayesian_keep010_seed42,195,ola,global,,,layers.0.bias,db,78,-47.02280414927998,-46.31904164983796,-46.670922899558974,0,0.0,0.9921875,128
bayesfl_observability_v1,ola_sparse_bayesian_keep010_seed42,195,ola,global,,,layers.0.bias,db,79,-46.31904164983796,-45.61527915039594,-45.96716040011695,1,0.011101046171391836,1.0,128
bayesfl_observability_v1,ola_sparse_bayesian_keep010_seed42,195,ola,global,,,layers.1.weight,raw,0,1.8058903600145953e-06,0.001345608722566769,0.0006737073064633918,158,91.85685358118681,0.1234375,1280
bayesfl_observability_v1,ola_sparse_bayesian_keep010_seed42,195,ola,global,,,layers.1.weight,raw,1,0.001345608722566769,0.0026894115547735236,0.0020175101386701462,133,77.32254130568256,0.22734375,1280
bayesfl_observability_v1,ola_sparse_bayesian_keep010_seed42,195,ola,global,,,layers.1.weight,raw,2,0.0026894115547735236,0.004033214386980278,0.0033613129708769006,143,83.13626621588428,0.3390625,1280
bayesfl_observability_v1,ola_sparse_bayesian_keep010_seed42,195,ola,global,,,layers.1.weight,raw,3,0.004033214386980278,0.005377017219187033,0.004705115803083655,120,69.76469892242035,0.4328125,1280
bayesfl_observability_v1,ola_sparse_bayesian_keep010_seed42,195,ola,global,,,layers.1.weight,raw,4,0.005377017219187033,0.006720820051393787,0.00604891863529041,110,63.95097401221866,0.51875,1280
bayesfl_observability_v1,ola_sparse_bayesian_keep010_seed42,195,ola,global,,,layers.1.weight,raw,5,0.006720820051393787,0.008064622883600542,0.007392721467497165,80,46.50979928161357,0.58125,1280
bayesfl_observability_v1,ola_sparse_bayesian_keep010_seed42,195,ola,global,,,layers.1.weight,raw,6,0.008064622883600542,0.009408425715807297,0.00873652429970392,83,48.25391675467408,0.64609375,1280
bayesfl_observability_v1,ola_sparse_bayesian_keep010_seed42,195,ola,global,,,layers.1.weight,raw,7,0.009408425715807297,0.010752228548014052,0.010080327131910673,62,36.04509444325051,0.69453125,1280
bayesfl_observability_v1,ola_sparse_bayesian_keep010_seed42,195,ola,global,,,layers.1.weight,raw,8,0.010752228548014052,0.012096031380220806,0.01142412996411743,52,30.23136953304882,0.73515625,1280
bayesfl_observability_v1,ola_sparse_bayesian_keep010_seed42,195,ola,global,,,layers.1.weight,raw,9,0.012096031380220806,0.013439834212427561,0.012767932796324183,42,24.417644622847124,0.76796875,1280
bayesfl_observability_v1,ola_sparse_bayesian_keep010_seed42,195,ola,global,,,layers.1.weight,raw,10,0.013439834212427561,0.014783637044634316,0.01411173562853094,39,22.673527149786615,0.7984375,1280
bayesfl_observability_v1,ola_sparse_bayesian_keep010_seed42,195,ola,global,,,layers.1.weight,raw,11,0.014783637044634316,0.01612743987684107,0.015455538460737692,44,25.580389604887497,0.8328125,1280
bayesfl_observability_v1,ola_sparse_bayesian_keep010_seed42,195,ola,global,,,layers.1.weight,raw,12,0.01612743987684107,0.017471242709047825,0.01679934129294445,29,16.859802239584898,0.85546875,1280
bayesfl_observability_v1,ola_sparse_bayesian_keep010_seed42,195,ola,global,,,layers.1.weight,raw,13,0.017471242709047825,0.01881504554125458,0.018143144125151202,24,13.952939784484089,0.87421875,1280
bayesfl_observability_v1,ola_sparse_bayesian_keep010_seed42,195,ola,global,,,layers.1.weight,raw,14,0.01881504554125458,0.020158848373461335,0.019486946957357955,26,15.11568476652439,0.89453125,1280
bayesfl_observability_v1,ola_sparse_bayesian_keep010_seed42,195,ola,global,,,layers.1.weight,raw,15,0.020158848373461335,0.021502651205668088,0.02083074978956471,8,4.650979928161362,0.90078125,1280
bayesfl_observability_v1,ola_sparse_bayesian_keep010_seed42,195,ola,global,,,layers.1.weight,raw,16,0.021502651205668088,0.02284645403787484,0.022174552621771464,11,6.395097401221874,0.909375,1280
bayesfl_observability_v1,ola_sparse_bayesian_keep010_seed42,195,ola,global,,,layers.1.weight,raw,17,0.02284645403787484,0.024190256870081597,0.02351835545397822,13,7.557842383262195,0.91953125,1280
bayesfl_observability_v1,ola_sparse_bayesian_keep010_seed42,195,ola,global,,,layers.1.weight,raw,18,0.024190256870081597,0.02553405970228835,0.024862158286184974,9,5.232352419181534,0.9265625,1280
bayesfl_observability_v1,ola_sparse_bayesian_keep010_seed42,195,ola,global,,,layers.1.weight,raw,19,0.02553405970228835,0.026877862534495107,0.026205961118391727,15,8.720587365302533,0.93828125,1280
bayesfl_observability_v1,ola_sparse_bayesian_keep010_seed42,195,ola,global,,,layers.1.weight,raw,20,0.026877862534495107,0.02822166536670186,0.027549763950598483,5,2.906862455100852,0.9421875,1280
bayesfl_observability_v1,ola_sparse_bayesian_keep010_seed42,195,ola,global,,,layers.1.weight,raw,21,0.02822166536670186,0.029565468198908616,0.02889356678280524,6,3.488234946121013,0.946875,1280
bayesfl_observability_v1,ola_sparse_bayesian_keep010_seed42,195,ola,global,,,layers.1.weight,raw,22,0.029565468198908616,0.03090927103111537,0.030237369615011993,5,2.906862455100852,0.95078125,1280
bayesfl_observability_v1,ola_sparse_bayesian_keep010_seed42,195,ola,global,,,layers.1.weight,raw,23,0.03090927103111537,0.03225307386332212,0.031581172447218746,4,2.325489964080681,0.95390625,1280
bayesfl_observability_v1,ola_sparse_bayesian_keep010_seed42,195,ola,global,,,layers.1.weight,raw,24,0.03225307386332212,0.033596876695528875,0.0329249752794255,5,2.906862455100852,0.9578125,1280
bayesfl_observability_v1,ola_sparse_bayesian_keep010_seed42,195,ola,global,,,layers.1.weight,raw,25,0.033596876695528875,0.034940679527735635,0.03426877811163226,6,3.488234946121004,0.9625,1280
bayesfl_observability_v1,ola_sparse_bayesian_keep010_seed42,195,ola,global,,,layers.1.weight,raw,26,0.034940679527735635,0.03628448235994239,0.03561258094383901,5,2.906862455100852,0.96640625,1280
bayesfl_observability_v1,ola_sparse_bayesian_keep010_seed42,195,ola,global,,,layers.1.weight,raw,27,0.03628448235994239,0.03762828519214914,0.036956383776045765,3,1.7441174730605111,0.96875,1280
bayesfl_observability_v1,ola_sparse_bayesian_keep010_seed42,195,ola,global,,,layers.1.weight,raw,28,0.03762828519214914,0.038972088024355894,0.03830018660825252,1,0.5813724910201703,0.96953125,1280
bayesfl_observability_v1,ola_sparse_bayesian_keep010_seed42,195,ola,global,,,layers.1.weight,raw,29,0.038972088024355894,0.040315890856562654,0.03964398944045927,1,0.5813724910201673,0.9703125,1280
bayesfl_observability_v1,ola_sparse_bayesian_keep010_seed42,195,ola,global,,,layers.1.weight,raw,30,0.040315890856562654,0.04165969368876941,0.04098779227266603,5,2.906862455100852,0.97421875,1280
bayesfl_observability_v1,ola_sparse_bayesian_keep010_seed42,195,ola,global,,,layers.1.weight,raw,31,0.04165969368876941,0.04300349652097616,0.042331595104872784,2,1.1627449820403406,0.97578125,1280
bayesfl_observability_v1,ola_sparse_bayesian_keep010_seed42,195,ola,global,,,layers.1.weight,raw,32,0.04300349652097616,0.04434729935318291,0.04367539793707954,2,1.1627449820403406,0.97734375,1280
bayesfl_observability_v1,ola_sparse_bayesian_keep010_seed42,195,ola,global,,,layers.1.weight,raw,33,0.04434729935318291,0.045691102185389666,0.04501920076928629,5,2.906862455100852,0.98125,1280
bayesfl_observability_v1,ola_sparse_bayesian_keep010_seed42,195,ola,global,,,layers.1.weight,raw,34,0.045691102185389666,0.047034905017596426,0.04636300360149305,0,0.0,0.98125,1280
bayesfl_observability_v1,ola_sparse_bayesian_keep010_seed42,195,ola,global,,,layers.1.weight,raw,35,0.047034905017596426,0.04837870784980318,0.0477068064336998,3,1.7441174730605111,0.98359375,1280
bayesfl_observability_v1,ola_sparse_bayesian_keep010_seed42,195,ola,global,,,layers.1.weight,raw,36,0.04837870784980318,0.04972251068200993,0.049050609265906556,3,1.7441174730605111,0.9859375,1280
bayesfl_observability_v1,ola_sparse_bayesian_keep010_seed42,195,ola,global,,,layers.1.weight,raw,37,0.04972251068200993,0.051066313514216685,0.05039441209811331,0,0.0,0.9859375,1280
bayesfl_observability_v1,ola_sparse_bayesian_keep010_seed42,195,ola,global,,,layers.1.weight,raw,38,0.051066313514216685,0.052410116346423445,0.05173821493032006,2,1.1627449820403346,0.9875,1280
bayesfl_observability_v1,ola_sparse_bayesian_keep010_seed42,195,ola,global,,,layers.1.weight,raw,39,0.052410116346423445,0.0537539191786302,0.05308201776252682,1,0.5813724910201703,0.98828125,1280
bayesfl_observability_v1,ola_sparse_bayesian_keep010_seed42,195,ola,global,,,layers.1.weight,raw,40,0.0537539191786302,0.05509772201083695,0.054425820594733575,0,0.0,0.98828125,1280
bayesfl_observability_v1,ola_sparse_bayesian_keep010_seed42,195,ola,global,,,layers.1.weight,raw,41,0.05509772201083695,0.056441524843043704,0.05576962342694033,0,0.0,0.98828125,1280
bayesfl_observability_v1,ola_sparse_bayesian_keep010_seed42,195,ola,global,,,layers.1.weight,raw,42,0.056441524843043704,0.05778532767525046,0.05711342625914708,0,0.0,0.98828125,1280
bayesfl_observability_v1,ola_sparse_bayesian_keep010_seed42,195,ola,global,,,layers.1.weight,raw,43,0.05778532767525046,0.05912913050745722,0.05845722909135384,3,1.744117473060502,0.990625,1280
bayesfl_observability_v1,ola_sparse_bayesian_keep010_seed42,195,ola,global,,,layers.1.weight,raw,44,0.05912913050745722,0.06047293333966397,0.059801031923560594,0,0.0,0.990625,1280
bayesfl_observability_v1,ola_sparse_bayesian_keep010_seed42,195,ola,global,,,layers.1.weight,raw,45,0.06047293333966397,0.06181673617187072,0.06114483475576735,1,0.5813724910201703,0.99140625,1280
bayesfl_observability_v1,ola_sparse_bayesian_keep010_seed42,195,ola,global,,,layers.1.weight,raw,46,0.06181673617187072,0.06316053900407748,0.0624886375879741,0,0.0,0.99140625,1280
bayesfl_observability_v1,ola_sparse_bayesian_keep010_seed42,195,ola,global,,,layers.1.weight,raw,47,0.06316053900407748,0.06450434183628423,0.06383244042018085,1,0.5813724910201703,0.9921875,1280
bayesfl_observability_v1,ola_sparse_bayesian_keep010_seed42,195,ola,global,,,layers.1.weight,raw,48,0.06450434183628423,0.06584814466849098,0.0651762432523876,1,0.5813724910201703,0.99296875,1280
bayesfl_observability_v1,ola_sparse_bayesian_keep010_seed42,195,ola,global,,,layers.1.weight,raw,49,0.06584814466849098,0.06719194750069774,0.06652004608459436,0,0.0,0.99296875,1280
bayesfl_observability_v1,ola_sparse_bayesian_keep010_seed42,195,ola,global,,,layers.1.weight,raw,50,0.06719194750069774,0.0685357503329045,0.06786384891680111,2,1.1627449820403286,0.99453125,1280
bayesfl_observability_v1,ola_sparse_bayesian_keep010_seed42,195,ola,global,,,layers.1.weight,raw,51,0.0685357503329045,0.06987955316511126,0.06920765174900788,0,0.0,0.99453125,1280
bayesfl_observability_v1,ola_sparse_bayesian_keep010_seed42,195,ola,global,,,layers.1.weight,raw,52,0.06987955316511126,0.07122335599731801,0.07055145458121463,0,0.0,0.99453125,1280
bayesfl_observability_v1,ola_sparse_bayesian_keep010_seed42,195,ola,global,,,layers.1.weight,raw,53,0.07122335599731801,0.07256715882952476,0.07189525741342138,2,1.1627449820403406,0.99609375,1280
bayesfl_observability_v1,ola_sparse_bayesian_keep010_seed42,195,ola,global,,,layers.1.weight,raw,54,0.07256715882952476,0.07391096166173151,0.07323906024562814,0,0.0,0.99609375,1280
bayesfl_observability_v1,ola_sparse_bayesian_keep010_seed42,195,ola,global,,,layers.1.weight,raw,55,0.07391096166173151,0.07525476449393827,0.07458286307783489,1,0.5813724910201703,0.996875,1280
bayesfl_observability_v1,ola_sparse_bayesian_keep010_seed42,195,ola,global,,,layers.1.weight,raw,56,0.07525476449393827,0.07659856732614502,0.07592666591004164,0,0.0,0.996875,1280
bayesfl_observability_v1,ola_sparse_bayesian_keep010_seed42,195,ola,global,,,layers.1.weight,raw,57,0.07659856732614502,0.07794237015835177,0.0772704687422484,0,0.0,0.996875,1280
bayesfl_observability_v1,ola_sparse_bayesian_keep010_seed42,195,ola,global,,,layers.1.weight,raw,58,0.07794237015835177,0.07928617299055853,0.07861427157445515,0,0.0,0.996875,1280
bayesfl_observability_v1,ola_sparse_bayesian_keep010_seed42,195,ola,global,,,layers.1.weight,raw,59,0.07928617299055853,0.08062997582276529,0.07995807440666192,0,0.0,0.996875,1280
bayesfl_observability_v1,ola_sparse_bayesian_keep010_seed42,195,ola,global,,,layers.1.weight,raw,60,0.08062997582276529,0.08197377865497205,0.08130187723886867,1,0.5813724910201703,0.99765625,1280
bayesfl_observability_v1,ola_sparse_bayesian_keep010_seed42,195,ola,global,,,layers.1.weight,raw,61,0.08197377865497205,0.0833175814871788,0.08264568007107542,0,0.0,0.99765625,1280
bayesfl_observability_v1,ola_sparse_bayesian_keep010_seed42,195,ola,global,,,layers.1.weight,raw,62,0.0833175814871788,0.08466138431938555,0.08398948290328218,0,0.0,0.99765625,1280
bayesfl_observability_v1,ola_sparse_bayesian_keep010_seed42,195,ola,global,,,layers.1.weight,raw,63,0.08466138431938555,0.0860051871515923,0.08533328573548893,0,0.0,0.99765625,1280
bayesfl_observability_v1,ola_sparse_bayesian_keep010_seed42,195,ola,global,,,layers.1.weight,raw,64,0.0860051871515923,0.08734898998379906,0.08667708856769568,0,0.0,0.99765625,1280
bayesfl_observability_v1,ola_sparse_bayesian_keep010_seed42,195,ola,global,,,layers.1.weight,raw,65,0.08734898998379906,0.08869279281600581,0.08802089139990243,0,0.0,0.99765625,1280
bayesfl_observability_v1,ola_sparse_bayesian_keep010_seed42,195,ola,global,,,layers.1.weight,raw,66,0.08869279281600581,0.09003659564821256,0.08936469423210919,0,0.0,0.99765625,1280
bayesfl_observability_v1,ola_sparse_bayesian_keep010_seed42,195,ola,global,,,layers.1.weight,raw,67,0.09003659564821256,0.09138039848041932,0.09070849706431594,0,0.0,0.99765625,1280
bayesfl_observability_v1,ola_sparse_bayesian_keep010_seed42,195,ola,global,,,layers.1.weight,raw,68,0.09138039848041932,0.09272420131262608,0.0920522998965227,0,0.0,0.99765625,1280
bayesfl_observability_v1,ola_sparse_bayesian_keep010_seed42,195,ola,global,,,layers.1.weight,raw,69,0.09272420131262608,0.09406800414483284,0.09339610272872946,0,0.0,0.99765625,1280
bayesfl_observability_v1,ola_sparse_bayesian_keep010_seed42,195,ola,global,,,layers.1.weight,raw,70,0.09406800414483284,0.09541180697703959,0.09473990556093621,1,0.5813724910201703,0.9984375,1280
bayesfl_observability_v1,ola_sparse_bayesian_keep010_seed42,195,ola,global,,,layers.1.weight,raw,71,0.09541180697703959,0.09675560980924634,0.09608370839314297,0,0.0,0.9984375,1280
bayesfl_observability_v1,ola_sparse_bayesian_keep010_seed42,195,ola,global,,,layers.1.weight,raw,72,0.09675560980924634,0.0980994126414531,0.09742751122534972,0,0.0,0.9984375,1280
bayesfl_observability_v1,ola_sparse_bayesian_keep010_seed42,195,ola,global,,,layers.1.weight,raw,73,0.0980994126414531,0.09944321547365985,0.09877131405755647,0,0.0,0.9984375,1280
bayesfl_observability_v1,ola_sparse_bayesian_keep010_seed42,195,ola,global,,,layers.1.weight,raw,74,0.09944321547365985,0.1007870183058666,0.10011511688976323,0,0.0,0.9984375,1280
bayesfl_observability_v1,ola_sparse_bayesian_keep010_seed42,195,ola,global,,,layers.1.weight,raw,75,0.1007870183058666,0.10213082113807335,0.10145891972196998,0,0.0,0.9984375,1280
bayesfl_observability_v1,ola_sparse_bayesian_keep010_seed42,195,ola,global,,,layers.1.weight,raw,76,0.10213082113807335,0.10347462397028011,0.10280272255417673,0,0.0,0.9984375,1280
bayesfl_observability_v1,ola_sparse_bayesian_keep010_seed42,195,ola,global,,,layers.1.weight,raw,77,0.10347462397028011,0.10481842680248687,0.1041465253863835,0,0.0,0.9984375,1280
bayesfl_observability_v1,ola_sparse_bayesian_keep010_seed42,195,ola,global,,,layers.1.weight,raw,78,0.10481842680248687,0.10616222963469363,0.10549032821859025,1,0.5813724910201703,0.99921875,1280
bayesfl_observability_v1,ola_sparse_bayesian_keep010_seed42,195,ola,global,,,layers.1.weight,raw,79,0.10616222963469363,0.10750603246690038,0.106834131050797,1,0.5813724910201703,1.0,1280
bayesfl_observability_v1,ola_sparse_bayesian_keep010_seed42,195,ola,global,,,layers.1.weight,db,0,-114.86616759612403,-113.67248229256535,-114.26932494434469,1,0.0006544857322703851,0.00078125,1280
bayesfl_observability_v1,ola_sparse_bayesian_keep010_seed42,195,ola,global,,,layers.1.weight,db,1,-113.67248229256535,-112.47879698900667,-113.07563964078601,0,0.0,0.00078125,1280
bayesfl_observability_v1,ola_sparse_bayesian_keep010_seed42,195,ola,global,,,layers.1.weight,db,2,-112.47879698900667,-111.28511168544799,-111.88195433722733,0,0.0,0.00078125,1280
bayesfl_observability_v1,ola_sparse_bayesian_keep010_seed42,195,ola,global,,,layers.1.weight,db,3,-111.28511168544799,-110.0914263818893,-110.68826903366865,0,0.0,0.00078125,1280
bayesfl_observability_v1,ola_sparse_bayesian_keep010_seed42,195,ola,global,,,layers.1.weight,db,4,-110.0914263818893,-108.89774107833063,-109.49458373010997,0,0.0,0.00078125,1280
bayesfl_observability_v1,ola_sparse_bayesian_keep010_seed42,195,ola,global,,,layers.1.weight,db,5,-108.89774107833063,-107.70405577477196,-108.3008984265513,0,0.0,0.00078125,1280
bayesfl_observability_v1,ola_sparse_bayesian_keep010_seed42,195,ola,global,,,layers.1.weight,db,6,-107.70405577477196,-106.51037047121328,-107.10721312299262,0,0.0,0.00078125,1280
bayesfl_observability_v1,ola_sparse_bayesian_keep010_seed42,195,ola,global,,,layers.1.weight,db,7,-106.51037047121328,-105.3166851676546,-105.91352781943394,0,0.0,0.00078125,1280
bayesfl_observability_v1,ola_sparse_bayesian_keep010_seed42,195,ola,global,,,layers.1.weight,db,8,-105.3166851676546,-104.12299986409592,-104.71984251587526,1,0.0006544857322703851,0.0015625,1280
bayesfl_observability_v1,ola_sparse_bayesian_keep010_seed42,195,ola,global,,,layers.1.weight,db,9,-104.12299986409592,-102.92931456053724,-103.52615721231658,1,0.0006544857322703851,0.00234375,1280
bayesfl_observability_v1,ola_sparse_bayesian_keep010_seed42,195,ola,global,,,layers.1.weight,db,10,-102.92931456053724,-101.73562925697856,-102.3324719087579,0,0.0,0.00234375,1280
bayesfl_observability_v1,ola_sparse_bayesian_keep010_seed42,195,ola,global,,,layers.1.weight,db,11,-101.73562925697856,-100.54194395341987,-101.13878660519921,0,0.0,0.00234375,1280
bayesfl_observability_v1,ola_sparse_bayesian_keep010_seed42,195,ola,global,,,layers.1.weight,db,12,-100.54194395341987,-99.3482586498612,-99.94510130164053,0,0.0,0.00234375,1280
bayesfl_observability_v1,ola_sparse_bayesian_keep010_seed42,195,ola,global,,,layers.1.weight,db,13,-99.3482586498612,-98.15457334630251,-98.75141599808185,0,0.0,0.00234375,1280
bayesfl_observability_v1,ola_sparse_bayesian_keep010_seed42,195,ola,global,,,layers.1.weight,db,14,-98.15457334630251,-96.96088804274385,-97.55773069452317,1,0.0006544857322703928,0.003125,1280
bayesfl_observability_v1,ola_sparse_bayesian_keep010_seed42,195,ola,global,,,layers.1.weight,db,15,-96.96088804274385,-95.76720273918517,-96.3640453909645,0,0.0,0.003125,1280
bayesfl_observability_v1,ola_sparse_bayesian_keep010_seed42,195,ola,global,,,layers.1.weight,db,16,-95.76720273918517,-94.57351743562648,-95.17036008740583,0,0.0,0.003125,1280
bayesfl_observability_v1,ola_sparse_bayesian_keep010_seed42,195,ola,global,,,layers.1.weight,db,17,-94.57351743562648,-93.3798321320678,-93.97667478384714,0,0.0,0.003125,1280
bayesfl_observability_v1,ola_sparse_bayesian_keep010_seed42,195,ola,global,,,layers.1.weight,db,18,-93.3798321320678,-92.18614682850912,-92.78298948028846,0,0.0,0.003125,1280
bayesfl_observability_v1,ola_sparse_bayesian_keep010_seed42,195,ola,global,,,layers.1.weight,db,19,-92.18614682850912,-90.99246152495044,-91.58930417672978,0,0.0,0.003125,1280
bayesfl_observability_v1,ola_sparse_bayesian_keep010_seed42,195,ola,global,,,layers.1.weight,db,20,-90.99246152495044,-89.79877622139176,-90.3956188731711,2,0.0013089714645407701,0.0046875,1280
bayesfl_observability_v1,ola_sparse_bayesian_keep010_seed42,195,ola,global,,,layers.1.weight,db,21,-89.79877622139176,-88.60509091783308,-89.20193356961242,0,0.0,0.0046875,1280
bayesfl_observability_v1,ola_sparse_bayesian_keep010_seed42,195,ola,global,,,layers.1.weight,db,22,-88.60509091783308,-87.4114056142744,-88.00824826605374,0,0.0,0.0046875,1280
bayesfl_observability_v1,ola_sparse_bayesian_keep010_seed42,195,ola,global,,,layers.1.weight,db,23,-87.4114056142744,-86.21772031071572,-86.81456296249506,0,0.0,0.0046875,1280
bayesfl_observability_v1,ola_sparse_bayesian_keep010_seed42,195,ola,global,,,layers.1.weight,db,24,-86.21772031071572,-85.02403500715704,-85.62087765893638,1,0.0006544857322703851,0.00546875,1280
bayesfl_observability_v1,ola_sparse_bayesian_keep010_seed42,195,ola,global,,,layers.1.weight,db,25,-85.02403500715704,-83.83034970359836,-84.4271923553777,0,0.0,0.00546875,1280
bayesfl_observability_v1,ola_sparse_bayesian_keep010_seed42,195,ola,global,,,layers.1.weight,db,26,-83.83034970359836,-82.63666440003968,-83.23350705181902,1,0.0006544857322703851,0.00625,1280
bayesfl_observability_v1,ola_sparse_bayesian_keep010_seed42,195,ola,global,,,layers.1.weight,db,27,-82.63666440003968,-81.442979096481,-82.03982174826034,1,0.0006544857322703851,0.00703125,1280
bayesfl_observability_v1,ola_sparse_bayesian_keep010_seed42,195,ola,global,,,layers.1.weight,db,28,-81.442979096481,-80.24929379292232,-80.84613644470166,1,0.0006544857322703851,0.0078125,1280
bayesfl_observability_v1,ola_sparse_bayesian_keep010_seed42,195,ola,global,,,layers.1.weight,db,29,-80.24929379292232,-79.05560848936365,-79.65245114114299,1,0.0006544857322703928,0.00859375,1280
bayesfl_observability_v1,ola_sparse_bayesian_keep010_seed42,195,ola,global,,,layers.1.weight,db,30,-79.05560848936365,-77.86192318580497,-78.45876583758431,2,0.0013089714645407701,0.01015625,1280
bayesfl_observability_v1,ola_sparse_bayesian_keep010_seed42,195,ola,global,,,layers.1.weight,db,31,-77.86192318580497,-76.66823788224629,-77.26508053402563,1,0.0006544857322703851,0.0109375,1280
bayesfl_observability_v1,ola_sparse_bayesian_keep010_seed42,195,ola,global,,,layers.1.weight,db,32,-76.66823788224629,-75.47455257868761,-76.07139523046695,4,0.0026179429290815403,0.0140625,1280
bayesfl_observability_v1,ola_sparse_bayesian_keep010_seed42,195,ola,global,,,layers.1.weight,db,33,-75.47455257868761,-74.28086727512893,-74.87770992690827,4,0.0026179429290815403,0.0171875,1280
bayesfl_observability_v1,ola_sparse_bayesian_keep010_seed42,195,ola,global,,,layers.1.weight,db,34,-74.28086727512893,-73.08718197157026,-73.68402462334959,5,0.003272428661351964,0.02109375,1280
bayesfl_observability_v1,ola_sparse_bayesian_keep010_seed42,195,ola,global,,,layers.1.weight,db,35,-73.08718197157026,-71.89349666801158,-72.49033931979092,4,0.0026179429290815403,0.02421875,1280
bayesfl_observability_v1,ola_sparse_bayesian_keep010_seed42,195,ola,global,,,layers.1.weight,db,36,-71.89349666801158,-70.6998113644529,-71.29665401623224,2,0.0013089714645407701,0.02578125,1280
bayesfl_observability_v1,ola_sparse_bayesian_keep010_seed42,195,ola,global,,,layers.1.weight,db,37,-70.6998113644529,-69.50612606089422,-70.10296871267356,4,0.0026179429290815403,0.02890625,1280
bayesfl_observability_v1,ola_sparse_bayesian_keep010_seed42,195,ola,global,,,layers.1.weight,db,38,-69.50612606089422,-68.31244075733554,-68.90928340911488,1,0.0006544857322703851,0.0296875,1280
bayesfl_observability_v1,ola_sparse_bayesian_keep010_seed42,195,ola,global,,,layers.1.weight,db,39,-68.31244075733554,-67.11875545377686,-67.7155981055562,8,0.0052358858581630805,0.0359375,1280
bayesfl_observability_v1,ola_sparse_bayesian_keep010_seed42,195,ola,global,,,layers.1.weight,db,40,-67.11875545377686,-65.92507015021818,-66.52191280199752,11,0.007199343054974236,0.04453125,1280
bayesfl_observability_v1,ola_sparse_bayesian_keep010_seed42,195,ola,global,,,layers.1.weight,db,41,-65.92507015021818,-64.7313848466595,-65.32822749843884,8,0.0052358858581630805,0.05078125,1280
bayesfl_observability_v1,ola_sparse_bayesian_keep010_seed42,195,ola,global,,,layers.1.weight,db,42,-64.7313848466595,-63.537699543100814,-64.13454219488015,11,0.007199343054974236,0.059375,1280
bayesfl_observability_v1,ola_sparse_bayesian_keep010_seed42,195,ola,global,,,layers.1.weight,db,43,-63.537699543100814,-62.34401423954213,-62.940856891321474,16,0.010471771716326161,0.071875,1280
bayesfl_observability_v1,ola_sparse_bayesian_keep010_seed42,195,ola,global,,,layers.1.weight,db,44,-62.34401423954213,-61.15032893598345,-61.74717158776279,22,0.014398686109948471,0.0890625,1280
bayesfl_observability_v1,ola_sparse_bayesian_keep010_seed42,195,ola,global,,,layers.1.weight,db,45,-61.15032893598345,-59.95664363242478,-60.55348628420411,10,0.006544857322703889,0.096875,1280
bayesfl_observability_v1,ola_sparse_bayesian_keep010_seed42,195,ola,global,,,layers.1.weight,db,46,-59.95664363242478,-58.7629583288661,-59.35980098064544,11,0.007199343054974236,0.10546875,1280
bayesfl_observability_v1,ola_sparse_bayesian_keep010_seed42,195,ola,global,,,layers.1.weight,db,47,-58.7629583288661,-57.56927302530742,-58.16611567708676,17,0.011126257448596546,0.11875,1280
bayesfl_observability_v1,ola_sparse_bayesian_keep010_seed42,195,ola,global,,,layers.1.weight,db,48,-57.56927302530742,-56.37558772174874,-56.97243037352808,26,0.01701662903903001,0.1390625,1280
bayesfl_observability_v1,ola_sparse_bayesian_keep010_seed42,195,ola,global,,,layers.1.weight,db,49,-56.37558772174874,-55.181902418190056,-55.778745069969396,25,0.016362143306759627,0.15859375,1280
bayesfl_observability_v1,ola_sparse_bayesian_keep010_seed42,195,ola,global,,,layers.1.weight,db,50,-55.181902418190056,-53.98821711463138,-54.58505976641072,25,0.016362143306759724,0.178125,1280
bayesfl_observability_v1,ola_sparse_bayesian_keep010_seed42,195,ola,global,,,layers.1.weight,db,51,-53.98821711463138,-52.7945318110727,-53.39137446285204,38,0.02487045782627463,0.2078125,1280
bayesfl_observability_v1,ola_sparse_bayesian_keep010_seed42,195,ola,global,,,layers.1.weight,db,52,-52.7945318110727,-51.60084650751402,-52.19768915929336,20,0.0130897146454077,0.2234375,1280
bayesfl_observability_v1,ola_sparse_bayesian_keep010_seed42,195,ola,global,,,layers.1.weight,db,53,-51.60084650751402,-50.40716120395534,-51.00400385573468,44,0.028797372219896943,0.2578125,1280
bayesfl_observability_v1,ola_sparse_bayesian_keep010_seed42,195,ola,global,,,layers.1.weight,db,54,-50.40716120395534,-49.21347590039666,-49.810318552176,40,0.0261794292908154,0.2890625,1280
bayesfl_observability_v1,ola_sparse_bayesian_keep010_seed42,195,ola,global,,,layers.1.weight,db,55,-49.21347590039666,-48.01979059683798,-48.61663324861732,59,0.03861465820395272,0.33515625,1280
bayesfl_observability_v1,ola_sparse_bayesian_keep010_seed42,195,ola,global,,,layers.1.weight,db,56,-48.01979059683798,-46.8261052932793,-47.42294794505864,66,0.04319605832984541,0.38671875,1280
bayesfl_observability_v1,ola_sparse_bayesian_keep010_seed42,195,ola,global,,,layers.1.weight,db,57,-46.8261052932793,-45.63241998972062,-46.22926264149996,47,0.030760829416708095,0.4234375,1280
bayesfl_observability_v1,ola_sparse_bayesian_keep010_seed42,195,ola,global,,,layers.1.weight,db,58,-45.63241998972062,-44.43873468616195,-45.035577337941284,65,0.04254157259757553,0.47421875,1280
bayesfl_observability_v1,ola_sparse_bayesian_keep010_seed42,195,ola,global,,,layers.1.weight,db,59,-44.43873468616195,-43.24504938260327,-43.84189203438261,65,0.042541572597575024,0.525,1280
bayesfl_observability_v1,ola_sparse_bayesian_keep010_seed42,195,ola,global,,,layers.1.weight,db,60,-43.24504938260327,-42.05136407904459,-42.64820673082393,61,0.039923629668493485,0.57265625,1280
bayesfl_observability_v1,ola_sparse_bayesian_keep010_seed42,195,ola,global,,,layers.1.weight,db,61,-42.05136407904459,-40.85767877548591,-41.45452142726525,72,0.04712297272346772,0.62890625,1280
bayesfl_observability_v1,ola_sparse_bayesian_keep010_seed42,195,ola,global,,,layers.1.weight,db,62,-40.85767877548591,-39.66399347192723,-40.26083612370657,66,0.04319605832984541,0.68046875,1280
bayesfl_observability_v1,ola_sparse_bayesian_keep010_seed42,195,ola,global,,,layers.1.weight,db,63,-39.66399347192723,-38.47030816836855,-39.06715082014789,64,0.041887086865304644,0.73046875,1280
bayesfl_observability_v1,ola_sparse_bayesian_keep010_seed42,195,ola,global,,,layers.1.weight,db,64,-38.47030816836855,-37.276622864809866,-37.87346551658921,55,0.03599671527487117,0.7734375,1280
bayesfl_observability_v1,ola_sparse_bayesian_keep010_seed42,195,ola,global,,,layers.1.weight,db,65,-37.276622864809866,-36.082937561251185,-36.679780213030526,56,0.03665120100714156,0.8171875,1280
bayesfl_observability_v1,ola_sparse_bayesian_keep010_seed42,195,ola,global,,,layers.1.weight,db,66,-36.082937561251185,-34.889252257692505,-35.486094909471845,62,0.04057811540076387,0.865625,1280
bayesfl_observability_v1,ola_sparse_bayesian_keep010_seed42,195,ola,global,,,layers.1.weight,db,67,-34.889252257692505,-33.695566954133824,-34.292409605913164,40,0.0261794292908154,0.896875,1280
bayesfl_observability_v1,ola_sparse_bayesian_keep010_seed42,195,ola,global,,,layers.1.weight,db,68,-33.695566954133824,-32.50188165057514,-33.09872430235448,26,0.01701662903903001,0.9171875,1280
bayesfl_observability_v1,ola_sparse_bayesian_keep010_seed42,195,ola,global,,,layers.1.weight,db,69,-32.50188165057514,-31.308196347016477,-31.90503899879581,28,0.018325600503571,0.9390625,1280
bayesfl_observability_v1,ola_sparse_bayesian_keep010_seed42,195,ola,global,,,layers.1.weight,db,70,-31.308196347016477,-30.114511043457796,-30.711353695237136,16,0.010471771716326161,0.9515625,1280
bayesfl_observability_v1,ola_sparse_bayesian_keep010_seed42,195,ola,global,,,layers.1.weight,db,71,-30.114511043457796,-28.920825739899115,-29.517668391678455,17,0.011126257448596546,0.96484375,1280
bayesfl_observability_v1,ola_sparse_bayesian_keep010_seed42,195,ola,global,,,layers.1.weight,db,72,-28.920825739899115,-27.727140436340434,-28.323983088119775,10,0.00654485732270385,0.97265625,1280
bayesfl_observability_v1,ola_sparse_bayesian_keep010_seed42,195,ola,global,,,layers.1.weight,db,73,-27.727140436340434,-26.533455132781754,-27.130297784561094,12,0.00785382878724462,0.98203125,1280
bayesfl_observability_v1,ola_sparse_bayesian_keep010_seed42,195,ola,global,,,layers.1.weight,db,74,-26.533455132781754,-25.339769829223073,-25.936612481002413,8,0.0052358858581630805,0.98828125,1280
bayesfl_observability_v1,ola_sparse_bayesian_keep010_seed42,195,ola,global,,,layers.1.weight,db,75,-25.339769829223073,-24.146084525664392,-24.742927177443732,4,0.0026179429290815403,0.99140625,1280
bayesfl_observability_v1,ola_sparse_bayesian_keep010_seed42,195,ola,global,,,layers.1.weight,db,76,-24.146084525664392,-22.95239922210571,-23.54924187388505,4,0.0026179429290815403,0.99453125,1280
bayesfl_observability_v1,ola_sparse_bayesian_keep010_seed42,195,ola,global,,,layers.1.weight,db,77,-22.95239922210571,-21.75871391854703,-22.35555657032637,4,0.0026179429290815403,0.99765625,1280
bayesfl_observability_v1,ola_sparse_bayesian_keep010_seed42,195,ola,global,,,layers.1.weight,db,78,-21.75871391854703,-20.56502861498835,-21.16187126676769,0,0.0,0.99765625,1280
bayesfl_observability_v1,ola_sparse_bayesian_keep010_seed42,195,ola,global,,,layers.1.weight,db,79,-20.56502861498835,-19.37134331142967,-19.96818596320901,3,0.001963457196811155,1.0,1280
bayesfl_observability_v1,ola_sparse_bayesian_keep010_seed42,195,ola,global,,,layers.1.bias,raw,0,8.041447136614556e-05,0.00020955885878018806,0.0001449866650731668,1,774.3271078393493,0.1,10
bayesfl_observability_v1,ola_sparse_bayesian_keep010_seed42,195,ola,global,,,layers.1.bias,raw,1,0.00020955885878018806,0.00033870324619423057,0.0002741310524872093,1,774.3271078393493,0.2,10
bayesfl_observability_v1,ola_sparse_bayesian_keep010_seed42,195,ola,global,,,layers.1.bias,raw,2,0.00033870324619423057,0.0004678476336082731,0.00040327543990125185,0,0.0,0.2,10
bayesfl_observability_v1,ola_sparse_bayesian_keep010_seed42,195,ola,global,,,layers.1.bias,raw,3,0.0004678476336082731,0.0005969920210223156,0.0005324198273152943,1,774.3271078393493,0.3,10
bayesfl_observability_v1,ola_sparse_bayesian_keep010_seed42,195,ola,global,,,layers.1.bias,raw,4,0.0005969920210223156,0.0007261364084363581,0.0006615642147293369,0,0.0,0.3,10
bayesfl_observability_v1,ola_sparse_bayesian_keep010_seed42,195,ola,global,,,layers.1.bias,raw,5,0.0007261364084363581,0.0008552807958504006,0.0007907086021433794,0,0.0,0.3,10
bayesfl_observability_v1,ola_sparse_bayesian_keep010_seed42,195,ola,global,,,layers.1.bias,raw,6,0.0008552807958504006,0.000984425183264443,0.0009198529895574218,1,774.3271078393497,0.4,10
bayesfl_observability_v1,ola_sparse_bayesian_keep010_seed42,195,ola,global,,,layers.1.bias,raw,7,0.000984425183264443,0.0011135695706784856,0.0010489973769714643,0,0.0,0.4,10
bayesfl_observability_v1,ola_sparse_bayesian_keep010_seed42,195,ola,global,,,layers.1.bias,raw,8,0.0011135695706784856,0.0012427139580925282,0.0011781417643855069,1,774.327107839349,0.5,10
bayesfl_observability_v1,ola_sparse_bayesian_keep010_seed42,195,ola,global,,,layers.1.bias,raw,9,0.0012427139580925282,0.0013718583455065707,0.0013072861517995494,0,0.0,0.5,10
bayesfl_observability_v1,ola_sparse_bayesian_keep010_seed42,195,ola,global,,,layers.1.bias,raw,10,0.0013718583455065707,0.001501002732920613,0.001436430539213592,0,0.0,0.5,10
bayesfl_observability_v1,ola_sparse_bayesian_keep010_seed42,195,ola,global,,,layers.1.bias,raw,11,0.001501002732920613,0.0016301471203346556,0.0015655749266276343,0,0.0,0.5,10
bayesfl_observability_v1,ola_sparse_bayesian_keep010_seed42,195,ola,global,,,layers.1.bias,raw,12,0.0016301471203346556,0.0017592915077486982,0.001694719314041677,0,0.0,0.5,10
bayesfl_observability_v1,ola_sparse_bayesian_keep010_seed42,195,ola,global,,,layers.1.bias,raw,13,0.0017592915077486982,0.0018884358951627405,0.0018238637014557193,0,0.0,0.5,10
bayesfl_observability_v1,ola_sparse_bayesian_keep010_seed42,195,ola,global,,,layers.1.bias,raw,14,0.0018884358951627405,0.002017580282576783,0.0019530080888697618,0,0.0,0.5,10
bayesfl_observability_v1,ola_sparse_bayesian_keep010_seed42,195,ola,global,,,layers.1.bias,raw,15,0.002017580282576783,0.002146724669990826,0.0020821524762838044,0,0.0,0.5,10
bayesfl_observability_v1,ola_sparse_bayesian_keep010_seed42,195,ola,global,,,layers.1.bias,raw,16,0.002146724669990826,0.002275869057404868,0.002211296863697847,0,0.0,0.5,10
bayesfl_observability_v1,ola_sparse_bayesian_keep010_seed42,195,ola,global,,,layers.1.bias,raw,17,0.002275869057404868,0.002405013444818911,0.0023404412511118895,1,774.3271078393464,0.6,10
bayesfl_observability_v1,ola_sparse_bayesian_keep010_seed42,195,ola,global,,,layers.1.bias,raw,18,0.002405013444818911,0.002534157832232953,0.002469585638525932,0,0.0,0.6,10
bayesfl_observability_v1,ola_sparse_bayesian_keep010_seed42,195,ola,global,,,layers.1.bias,raw,19,0.002534157832232953,0.002663302219646996,0.0025987300259399746,0,0.0,0.6,10
bayesfl_observability_v1,ola_sparse_bayesian_keep010_seed42,195,ola,global,,,layers.1.bias,raw,20,0.002663302219646996,0.0027924466070610382,0.002727874413354017,0,0.0,0.6,10
bayesfl_observability_v1,ola_sparse_bayesian_keep010_seed42,195,ola,global,,,layers.1.bias,raw,21,0.0027924466070610382,0.0029215909944750804,0.0028570188007680593,0,0.0,0.6,10
bayesfl_observability_v1,ola_sparse_bayesian_keep010_seed42,195,ola,global,,,layers.1.bias,raw,22,0.0029215909944750804,0.0030507353818891234,0.002986163188182102,0,0.0,0.6,10
bayesfl_observability_v1,ola_sparse_bayesian_keep010_seed42,195,ola,global,,,layers.1.bias,raw,23,0.0030507353818891234,0.0031798797693031655,0.0031153075755961444,0,0.0,0.6,10
bayesfl_observability_v1,ola_sparse_bayesian_keep010_seed42,195,ola,global,,,layers.1.bias,raw,24,0.0031798797693031655,0.0033090241567172085,0.003244451963010187,0,0.0,0.6,10
bayesfl_observability_v1,ola_sparse_bayesian_keep010_seed42,195,ola,global,,,layers.1.bias,raw,25,0.0033090241567172085,0.0034381685441312506,0.0033735963504242295,0,0.0,0.6,10
bayesfl_observability_v1,ola_sparse_bayesian_keep010_seed42,195,ola,global,,,layers.1.bias,raw,26,0.0034381685441312506,0.0035673129315452936,0.003502740737838272,0,0.0,0.6,10
bayesfl_observability_v1,ola_sparse_bayesian_keep010_seed42,195,ola,global,,,layers.1.bias,raw,27,0.0035673129315452936,0.0036964573189593357,0.0036318851252523147,0,0.0,0.6,10
bayesfl_observability_v1,ola_sparse_bayesian_keep010_seed42,195,ola,global,,,layers.1.bias,raw,28,0.0036964573189593357,0.003825601706373378,0.003761029512666357,0,0.0,0.6,10
bayesfl_observability_v1,ola_sparse_bayesian_keep010_seed42,195,ola,global,,,layers.1.bias,raw,29,0.003825601706373378,0.003954746093787421,0.0038901739000803993,0,0.0,0.6,10
bayesfl_observability_v1,ola_sparse_bayesian_keep010_seed42,195,ola,global,,,layers.1.bias,raw,30,0.003954746093787421,0.004083890481201464,0.004019318287494442,0,0.0,0.6,10
bayesfl_observability_v1,ola_sparse_bayesian_keep010_seed42,195,ola,global,,,layers.1.bias,raw,31,0.004083890481201464,0.004213034868615506,0.004148462674908485,0,0.0,0.6,10
bayesfl_observability_v1,ola_sparse_bayesian_keep010_seed42,195,ola,global,,,layers.1.bias,raw,32,0.004213034868615506,0.004342179256029548,0.004277607062322527,0,0.0,0.6,10
bayesfl_observability_v1,ola_sparse_bayesian_keep010_seed42,195,ola,global,,,layers.1.bias,raw,33,0.004342179256029548,0.004471323643443591,0.00440675144973657,0,0.0,0.6,10
bayesfl_observability_v1,ola_sparse_bayesian_keep010_seed42,195,ola,global,,,layers.1.bias,raw,34,0.004471323643443591,0.004600468030857633,0.004535895837150613,0,0.0,0.6,10
bayesfl_observability_v1,ola_sparse_bayesian_keep010_seed42,195,ola,global,,,layers.1.bias,raw,35,0.004600468030857633,0.004729612418271676,0.004665040224564655,0,0.0,0.6,10
bayesfl_observability_v1,ola_sparse_bayesian_keep010_seed42,195,ola,global,,,layers.1.bias,raw,36,0.004729612418271676,0.004858756805685718,0.004794184611978697,0,0.0,0.6,10
bayesfl_observability_v1,ola_sparse_bayesian_keep010_seed42,195,ola,global,,,layers.1.bias,raw,37,0.004858756805685718,0.004987901193099761,0.00492332899939274,0,0.0,0.6,10
bayesfl_observability_v1,ola_sparse_bayesian_keep010_seed42,195,ola,global,,,layers.1.bias,raw,38,0.004987901193099761,0.0051170455805138034,0.005052473386806783,0,0.0,0.6,10
bayesfl_observability_v1,ola_sparse_bayesian_keep010_seed42,195,ola,global,,,layers.1.bias,raw,39,0.0051170455805138034,0.0052461899679278464,0.005181617774220825,0,0.0,0.6,10
bayesfl_observability_v1,ola_sparse_bayesian_keep010_seed42,195,ola,global,,,layers.1.bias,raw,40,0.0052461899679278464,0.005375334355341889,0.005310762161634867,0,0.0,0.6,10
bayesfl_observability_v1,ola_sparse_bayesian_keep010_seed42,195,ola,global,,,layers.1.bias,raw,41,0.005375334355341889,0.005504478742755931,0.00543990654904891,0,0.0,0.6,10
bayesfl_observability_v1,ola_sparse_bayesian_keep010_seed42,195,ola,global,,,layers.1.bias,raw,42,0.005504478742755931,0.005633623130169974,0.005569050936462952,0,0.0,0.6,10
bayesfl_observability_v1,ola_sparse_bayesian_keep010_seed42,195,ola,global,,,layers.1.bias,raw,43,0.005633623130169974,0.005762767517584016,0.005698195323876994,0,0.0,0.6,10
bayesfl_observability_v1,ola_sparse_bayesian_keep010_seed42,195,ola,global,,,layers.1.bias,raw,44,0.005762767517584016,0.005891911904998059,0.005827339711291037,0,0.0,0.6,10
bayesfl_observability_v1,ola_sparse_bayesian_keep010_seed42,195,ola,global,,,layers.1.bias,raw,45,0.005891911904998059,0.006021056292412101,0.00595648409870508,0,0.0,0.6,10
bayesfl_observability_v1,ola_sparse_bayesian_keep010_seed42,195,ola,global,,,layers.1.bias,raw,46,0.006021056292412101,0.006150200679826144,0.006085628486119122,0,0.0,0.6,10
bayesfl_observability_v1,ola_sparse_bayesian_keep010_seed42,195,ola,global,,,layers.1.bias,raw,47,0.006150200679826144,0.006279345067240186,0.0062147728735331646,1,774.3271078393516,0.7,10
bayesfl_observability_v1,ola_sparse_bayesian_keep010_seed42,195,ola,global,,,layers.1.bias,raw,48,0.006279345067240186,0.006408489454654228,0.0063439172609472076,1,774.3271078393516,0.8,10
bayesfl_observability_v1,ola_sparse_bayesian_keep010_seed42,195,ola,global,,,layers.1.bias,raw,49,0.006408489454654228,0.006537633842068271,0.00647306164836125,1,774.3271078393464,0.9,10
bayesfl_observability_v1,ola_sparse_bayesian_keep010_seed42,195,ola,global,,,layers.1.bias,raw,50,0.006537633842068271,0.006666778229482313,0.006602206035775292,0,0.0,0.9,10
bayesfl_observability_v1,ola_sparse_bayesian_keep010_seed42,195,ola,global,,,layers.1.bias,raw,51,0.006666778229482313,0.006795922616896356,0.006731350423189335,0,0.0,0.9,10
bayesfl_observability_v1,ola_sparse_bayesian_keep010_seed42,195,ola,global,,,layers.1.bias,raw,52,0.006795922616896356,0.006925067004310398,0.006860494810603378,0,0.0,0.9,10
bayesfl_observability_v1,ola_sparse_bayesian_keep010_seed42,195,ola,global,,,layers.1.bias,raw,53,0.006925067004310398,0.007054211391724441,0.00698963919801742,0,0.0,0.9,10
bayesfl_observability_v1,ola_sparse_bayesian_keep010_seed42,195,ola,global,,,layers.1.bias,raw,54,0.007054211391724441,0.0071833557791384835,0.007118783585431462,0,0.0,0.9,10
bayesfl_observability_v1,ola_sparse_bayesian_keep010_seed42,195,ola,global,,,layers.1.bias,raw,55,0.0071833557791384835,0.007312500166552526,0.007247927972845505,0,0.0,0.9,10
bayesfl_observability_v1,ola_sparse_bayesian_keep010_seed42,195,ola,global,,,layers.1.bias,raw,56,0.007312500166552526,0.007441644553966569,0.007377072360259547,0,0.0,0.9,10
bayesfl_observability_v1,ola_sparse_bayesian_keep010_seed42,195,ola,global,,,layers.1.bias,raw,57,0.007441644553966569,0.007570788941380611,0.007506216747673589,0,0.0,0.9,10
bayesfl_observability_v1,ola_sparse_bayesian_keep010_seed42,195,ola,global,,,layers.1.bias,raw,58,0.007570788941380611,0.007699933328794654,0.007635361135087632,0,0.0,0.9,10
bayesfl_observability_v1,ola_sparse_bayesian_keep010_seed42,195,ola,global,,,layers.1.bias,raw,59,0.007699933328794654,0.007829077716208695,0.007764505522501674,0,0.0,0.9,10
bayesfl_observability_v1,ola_sparse_bayesian_keep010_seed42,195,ola,global,,,layers.1.bias,raw,60,0.007829077716208695,0.007958222103622738,0.007893649909915717,0,0.0,0.9,10
bayesfl_observability_v1,ola_sparse_bayesian_keep010_seed42,195,ola,global,,,layers.1.bias,raw,61,0.007958222103622738,0.008087366491036781,0.00802279429732976,0,0.0,0.9,10
bayesfl_observability_v1,ola_sparse_bayesian_keep010_seed42,195,ola,global,,,layers.1.bias,raw,62,0.008087366491036781,0.008216510878450822,0.0081519386847438,0,0.0,0.9,10
bayesfl_observability_v1,ola_sparse_bayesian_keep010_seed42,195,ola,global,,,layers.1.bias,raw,63,0.008216510878450822,0.008345655265864865,0.008281083072157844,0,0.0,0.9,10
bayesfl_observability_v1,ola_sparse_bayesian_keep010_seed42,195,ola,global,,,layers.1.bias,raw,64,0.008345655265864865,0.008474799653278908,0.008410227459571887,0,0.0,0.9,10
bayesfl_observability_v1,ola_sparse_bayesian_keep010_seed42,195,ola,global,,,layers.1.bias,raw,65,0.008474799653278908,0.00860394404069295,0.00853937184698593,0,0.0,0.9,10
bayesfl_observability_v1,ola_sparse_bayesian_keep010_seed42,195,ola,global,,,layers.1.bias,raw,66,0.00860394404069295,0.008733088428106993,0.008668516234399971,0,0.0,0.9,10
bayesfl_observability_v1,ola_sparse_bayesian_keep010_seed42,195,ola,global,,,layers.1.bias,raw,67,0.008733088428106993,0.008862232815521036,0.008797660621814014,0,0.0,0.9,10
bayesfl_observability_v1,ola_sparse_bayesian_keep010_seed42,195,ola,global,,,layers.1.bias,raw,68,0.008862232815521036,0.008991377202935079,0.008926805009228057,0,0.0,0.9,10
bayesfl_observability_v1,ola_sparse_bayesian_keep010_seed42,195,ola,global,,,layers.1.bias,raw,69,0.008991377202935079,0.00912052159034912,0.009055949396642098,0,0.0,0.9,10
bayesfl_observability_v1,ola_sparse_bayesian_keep010_seed42,195,ola,global,,,layers.1.bias,raw,70,0.00912052159034912,0.009249665977763163,0.009185093784056141,0,0.0,0.9,10
bayesfl_observability_v1,ola_sparse_bayesian_keep010_seed42,195,ola,global,,,layers.1.bias,raw,71,0.009249665977763163,0.009378810365177206,0.009314238171470184,0,0.0,0.9,10
bayesfl_observability_v1,ola_sparse_bayesian_keep010_seed42,195,ola,global,,,layers.1.bias,raw,72,0.009378810365177206,0.009507954752591247,0.009443382558884227,0,0.0,0.9,10
bayesfl_observability_v1,ola_sparse_bayesian_keep010_seed42,195,ola,global,,,layers.1.bias,raw,73,0.009507954752591247,0.00963709914000529,0.009572526946298269,0,0.0,0.9,10
bayesfl_observability_v1,ola_sparse_bayesian_keep010_seed42,195,ola,global,,,layers.1.bias,raw,74,0.00963709914000529,0.009766243527419333,0.009701671333712312,0,0.0,0.9,10
bayesfl_observability_v1,ola_sparse_bayesian_keep010_seed42,195,ola,global,,,layers.1.bias,raw,75,0.009766243527419333,0.009895387914833376,0.009830815721126355,0,0.0,0.9,10
bayesfl_observability_v1,ola_sparse_bayesian_keep010_seed42,195,ola,global,,,layers.1.bias,raw,76,0.009895387914833376,0.010024532302247417,0.009959960108540396,0,0.0,0.9,10
bayesfl_observability_v1,ola_sparse_bayesian_keep010_seed42,195,ola,global,,,layers.1.bias,raw,77,0.010024532302247417,0.01015367668966146,0.010089104495954439,0,0.0,0.9,10
bayesfl_observability_v1,ola_sparse_bayesian_keep010_seed42,195,ola,global,,,layers.1.bias,raw,78,0.01015367668966146,0.010282821077075503,0.010218248883368482,0,0.0,0.9,10
bayesfl_observability_v1,ola_sparse_bayesian_keep010_seed42,195,ola,global,,,layers.1.bias,raw,79,0.010282821077075503,0.010411965464489545,0.010347393270782525,1,774.3271078393568,1.0,10
bayesfl_observability_v1,ola_sparse_bayesian_keep010_seed42,195,ola,global,,,layers.1.bias,db,0,-81.8933156660418,-81.36526604047444,-81.62929085325811,1,0.1893761403439214,0.1,10
bayesfl_observability_v1,ola_sparse_bayesian_keep010_seed42,195,ola,global,,,layers.1.bias,db,1,-81.36526604047444,-80.83721641490709,-81.10124122769076,0,0.0,0.1,10
bayesfl_observability_v1,ola_sparse_bayesian_keep010_seed42,195,ola,global,,,layers.1.bias,db,2,-80.83721641490709,-80.30916678933973,-80.57319160212342,0,0.0,0.1,10
bayesfl_observability_v1,ola_sparse_bayesian_keep010_seed42,195,ola,global,,,layers.1.bias,db,3,-80.30916678933973,-79.78111716377238,-80.04514197655605,0,0.0,0.1,10
bayesfl_observability_v1,ola_sparse_bayesian_keep010_seed42,195,ola,global,,,layers.1.bias,db,4,-79.78111716377238,-79.25306753820502,-79.51709235098869,0,0.0,0.1,10
bayesfl_observability_v1,ola_sparse_bayesian_keep010_seed42,195,ola,global,,,layers.1.bias,db,5,-79.25306753820502,-78.72501791263767,-78.98904272542134,0,0.0,0.1,10
bayesfl_observability_v1,ola_sparse_bayesian_keep010_seed42,195,ola,global,,,layers.1.bias,db,6,-78.72501791263767,-78.1969682870703,-78.460993099854,0,0.0,0.1,10
bayesfl_observability_v1,ola_sparse_bayesian_keep010_seed42,195,ola,global,,,layers.1.bias,db,7,-78.1969682870703,-77.66891866150294,-77.93294347428662,0,0.0,0.1,10
bayesfl_observability_v1,ola_sparse_bayesian_keep010_seed42,195,ola,global,,,layers.1.bias,db,8,-77.66891866150294,-77.1408690359356,-77.40489384871927,0,0.0,0.1,10
bayesfl_observability_v1,ola_sparse_bayesian_keep010_seed42,195,ola,global,,,layers.1.bias,db,9,-77.1408690359356,-76.61281941036823,-76.87684422315192,0,0.0,0.1,10
bayesfl_observability_v1,ola_sparse_bayesian_keep010_seed42,195,ola,global,,,layers.1.bias,db,10,-76.61281941036823,-76.08476978480088,-76.34879459758456,0,0.0,0.1,10
bayesfl_observability_v1,ola_sparse_bayesian_keep010_seed42,195,ola,global,,,layers.1.bias,db,11,-76.08476978480088,-75.55672015923352,-75.8207449720172,0,0.0,0.1,10
bayesfl_observability_v1,ola_sparse_bayesian_keep010_seed42,195,ola,global,,,layers.1.bias,db,12,-75.55672015923352,-75.02867053366617,-75.29269534644985,0,0.0,0.1,10
bayesfl_observability_v1,ola_sparse_bayesian_keep010_seed42,195,ola,global,,,layers.1.bias,db,13,-75.02867053366617,-74.50062090809881,-74.7646457208825,0,0.0,0.1,10
bayesfl_observability_v1,ola_sparse_bayesian_keep010_seed42,195,ola,global,,,layers.1.bias,db,14,-74.50062090809881,-73.97257128253145,-74.23659609531512,0,0.0,0.1,10
bayesfl_observability_v1,ola_sparse_bayesian_keep010_seed42,195,ola,global,,,layers.1.bias,db,15,-73.97257128253145,-73.4445216569641,-73.70854646974777,0,0.0,0.1,10
bayesfl_observability_v1,ola_sparse_bayesian_keep010_seed42,195,ola,global,,,layers.1.bias,db,16,-73.4445216569641,-72.91647203139674,-73.18049684418042,0,0.0,0.1,10
bayesfl_observability_v1,ola_sparse_bayesian_keep010_seed42,195,ola,global,,,layers.1.bias,db,17,-72.91647203139674,-72.38842240582939,-72.65244721861306,0,0.0,0.1,10
bayesfl_observability_v1,ola_sparse_bayesian_keep010_seed42,195,ola,global,,,layers.1.bias,db,18,-72.38842240582939,-71.86037278026203,-72.1243975930457,0,0.0,0.1,10
bayesfl_observability_v1,ola_sparse_bayesian_keep010_seed42,195,ola,global,,,layers.1.bias,db,19,-71.86037278026203,-71.33232315469468,-71.59634796747835,0,0.0,0.1,10
bayesfl_observability_v1,ola_sparse_bayesian_keep010_seed42,195,ola,global,,,layers.1.bias,db,20,-71.33232315469468,-70.80427352912731,-71.068298341911,0,0.0,0.1,10
bayesfl_observability_v1,ola_sparse_bayesian_keep010_seed42,195,ola,global,,,layers.1.bias,db,21,-70.80427352912731,-70.27622390355995,-70.54024871634363,0,0.0,0.1,10
bayesfl_observability_v1,ola_sparse_bayesian_keep010_seed42,195,ola,global,,,layers.1.bias,db,22,-70.27622390355995,-69.7481742779926,-70.01219909077628,0,0.0,0.1,10
bayesfl_observability_v1,ola_sparse_bayesian_keep010_seed42,195,ola,global,,,layers.1.bias,db,23,-69.7481742779926,-69.22012465242524,-69.48414946520893,1,0.1893761403439214,0.2,10
bayesfl_observability_v1,ola_sparse_bayesian_keep010_seed42,195,ola,global,,,layers.1.bias,db,24,-69.22012465242524,-68.69207502685788,-68.95609983964155,0,0.0,0.2,10
bayesfl_observability_v1,ola_sparse_bayesian_keep010_seed42,195,ola,global,,,layers.1.bias,db,25,-68.69207502685788,-68.16402540129053,-68.4280502140742,0,0.0,0.2,10
bayesfl_observability_v1,ola_sparse_bayesian_keep010_seed42,195,ola,global,,,layers.1.bias,db,26,-68.16402540129053,-67.63597577572317,-67.90000058850686,0,0.0,0.2,10
bayesfl_observability_v1,ola_sparse_bayesian_keep010_seed42,195,ola,global,,,layers.1.bias,db,27,-67.63597577572317,-67.10792615015582,-67.3719509629395,0,0.0,0.2,10
bayesfl_observability_v1,ola_sparse_bayesian_keep010_seed42,195,ola,global,,,layers.1.bias,db,28,-67.10792615015582,-66.57987652458846,-66.84390133737213,0,0.0,0.2,10
bayesfl_observability_v1,ola_sparse_bayesian_keep010_seed42,195,ola,global,,,layers.1.bias,db,29,-66.57987652458846,-66.05182689902111,-66.31585171180478,0,0.0,0.2,10
bayesfl_observability_v1,ola_sparse_bayesian_keep010_seed42,195,ola,global,,,layers.1.bias,db,30,-66.05182689902111,-65.52377727345375,-65.78780208623743,1,0.1893761403439214,0.3,10
bayesfl_observability_v1,ola_sparse_bayesian_keep010_seed42,195,ola,global,,,layers.1.bias,db,31,-65.52377727345375,-64.99572764788638,-65.25975246067006,0,0.0,0.3,10
bayesfl_observability_v1,ola_sparse_bayesian_keep010_seed42,195,ola,global,,,layers.1.bias,db,32,-64.99572764788638,-64.46767802231903,-64.73170283510271,0,0.0,0.3,10
bayesfl_observability_v1,ola_sparse_bayesian_keep010_seed42,195,ola,global,,,layers.1.bias,db,33,-64.46767802231903,-63.93962839675167,-64.20365320953536,0,0.0,0.3,10
bayesfl_observability_v1,ola_sparse_bayesian_keep010_seed42,195,ola,global,,,layers.1.bias,db,34,-63.93962839675167,-63.411578771184324,-63.675603583968,0,0.0,0.3,10
bayesfl_observability_v1,ola_sparse_bayesian_keep010_seed42,195,ola,global,,,layers.1.bias,db,35,-63.411578771184324,-62.88352914561696,-63.14755395840064,0,0.0,0.3,10
bayesfl_observability_v1,ola_sparse_bayesian_keep010_seed42,195,ola,global,,,layers.1.bias,db,36,-62.88352914561696,-62.355479520049606,-62.61950433283329,0,0.0,0.3,10
bayesfl_observability_v1,ola_sparse_bayesian_keep010_seed42,195,ola,global,,,layers.1.bias,db,37,-62.355479520049606,-61.82742989448225,-62.091454707265925,0,0.0,0.3,10
bayesfl_observability_v1,ola_sparse_bayesian_keep010_seed42,195,ola,global,,,layers.1.bias,db,38,-61.82742989448225,-61.299380268914895,-61.563405081698576,1,0.18937614034392394,0.4,10
bayesfl_observability_v1,ola_sparse_bayesian_keep010_seed42,195,ola,global,,,layers.1.bias,db,39,-61.299380268914895,-60.77133064334754,-61.035355456131214,0,0.0,0.4,10
bayesfl_observability_v1,ola_sparse_bayesian_keep010_seed42,195,ola,global,,,layers.1.bias,db,40,-60.77133064334754,-60.24328101778018,-60.50730583056386,0,0.0,0.4,10
bayesfl_observability_v1,ola_sparse_bayesian_keep010_seed42,195,ola,global,,,layers.1.bias,db,41,-60.24328101778018,-59.71523139221283,-59.9792562049965,0,0.0,0.4,10
bayesfl_observability_v1,ola_sparse_bayesian_keep010_seed42,195,ola,global,,,layers.1.bias,db,42,-59.71523139221283,-59.187181766645466,-59.45120657942915,0,0.0,0.4,10
bayesfl_observability_v1,ola_sparse_bayesian_keep010_seed42,195,ola,global,,,layers.1.bias,db,43,-59.187181766645466,-58.65913214107811,-58.92315695386179,0,0.0,0.4,10
bayesfl_observability_v1,ola_sparse_bayesian_keep010_seed42,195,ola,global,,,layers.1.bias,db,44,-58.65913214107811,-58.131082515510755,-58.39510732829443,1,0.18937614034392394,0.5,10
bayesfl_observability_v1,ola_sparse_bayesian_keep010_seed42,195,ola,global,,,layers.1.bias,db,45,-58.131082515510755,-57.6030328899434,-57.86705770272708,0,0.0,0.5,10
bayesfl_observability_v1,ola_sparse_bayesian_keep010_seed42,195,ola,global,,,layers.1.bias,db,46,-57.6030328899434,-57.074983264376044,-57.33900807715972,0,0.0,0.5,10
bayesfl_observability_v1,ola_sparse_bayesian_keep010_seed42,195,ola,global,,,layers.1.bias,db,47,-57.074983264376044,-56.54693363880868,-56.81095845159236,0,0.0,0.5,10
bayesfl_observability_v1,ola_sparse_bayesian_keep010_seed42,195,ola,global,,,layers.1.bias,db,48,-56.54693363880868,-56.01888401324133,-56.28290882602501,0,0.0,0.5,10
bayesfl_observability_v1,ola_sparse_bayesian_keep010_seed42,195,ola,global,,,layers.1.bias,db,49,-56.01888401324133,-55.49083438767397,-55.75485920045765,0,0.0,0.5,10
bayesfl_observability_v1,ola_sparse_bayesian_keep010_seed42,195,ola,global,,,layers.1.bias,db,50,-55.49083438767397,-54.962784762106615,-55.2268095748903,0,0.0,0.5,10
bayesfl_observability_v1,ola_sparse_bayesian_keep010_seed42,195,ola,global,,,layers.1.bias,db,51,-54.962784762106615,-54.43473513653926,-54.698759949322934,0,0.0,0.5,10
bayesfl_observability_v1,ola_sparse_bayesian_keep010_seed42,195,ola,global,,,layers.1.bias,db,52,-54.43473513653926,-53.9066855109719,-54.17071032375558,0,0.0,0.5,10
bayesfl_observability_v1,ola_sparse_bayesian_keep010_seed42,195,ola,global,,,layers.1.bias,db,53,-53.9066855109719,-53.37863588540455,-53.64266069818822,0,0.0,0.5,10
bayesfl_observability_v1,ola_sparse_bayesian_keep010_seed42,195,ola,global,,,layers.1.bias,db,54,-53.37863588540455,-52.850586259837186,-53.11461107262087,0,0.0,0.5,10
bayesfl_observability_v1,ola_sparse_bayesian_keep010_seed42,195,ola,global,,,layers.1.bias,db,55,-52.850586259837186,-52.32253663426983,-52.58656144705351,1,0.18937614034392394,0.6,10
bayesfl_observability_v1,ola_sparse_bayesian_keep010_seed42,195,ola,global,,,layers.1.bias,db,56,-52.32253663426983,-51.794487008702475,-52.05851182148615,0,0.0,0.6,10
bayesfl_observability_v1,ola_sparse_bayesian_keep010_seed42,195,ola,global,,,layers.1.bias,db,57,-51.794487008702475,-51.26643738313512,-51.5304621959188,0,0.0,0.6,10
bayesfl_observability_v1,ola_sparse_bayesian_keep010_seed42,195,ola,global,,,layers.1.bias,db,58,-51.26643738313512,-50.738387757567764,-51.00241257035144,0,0.0,0.6,10
bayesfl_observability_v1,ola_sparse_bayesian_keep010_seed42,195,ola,global,,,layers.1.bias,db,59,-50.738387757567764,-50.2103381320004,-50.47436294478408,0,0.0,0.6,10
bayesfl_observability_v1,ola_sparse_bayesian_keep010_seed42,195,ola,global,,,layers.1.bias,db,60,-50.2103381320004,-49.682288506433046,-49.94631331921673,0,0.0,0.6,10
bayesfl_observability_v1,ola_sparse_bayesian_keep010_seed42,195,ola,global,,,layers.1.bias,db,61,-49.682288506433046,-49.15423888086569,-49.418263693649365,0,0.0,0.6,10
bayesfl_observability_v1,ola_sparse_bayesian_keep010_seed42,195,ola,global,,,layers.1.bias,db,62,-49.15423888086569,-48.626189255298335,-48.89021406808202,0,0.0,0.6,10
bayesfl_observability_v1,ola_sparse_bayesian_keep010_seed42,195,ola,global,,,layers.1.bias,db,63,-48.626189255298335,-48.09813962973098,-48.362164442514654,0,0.0,0.6,10
bayesfl_observability_v1,ola_sparse_bayesian_keep010_seed42,195,ola,global,,,layers.1.bias,db,64,-48.09813962973098,-47.570090004163625,-47.834114816947306,0,0.0,0.6,10
bayesfl_observability_v1,ola_sparse_bayesian_keep010_seed42,195,ola,global,,,layers.1.bias,db,65,-47.570090004163625,-47.04204037859627,-47.30606519137994,0,0.0,0.6,10
bayesfl_observability_v1,ola_sparse_bayesian_keep010_seed42,195,ola,global,,,layers.1.bias,db,66,-47.04204037859627,-46.513990753028914,-46.778015565812595,0,0.0,0.6,10
bayesfl_observability_v1,ola_sparse_bayesian_keep010_seed42,195,ola,global,,,layers.1.bias,db,67,-46.513990753028914,-45.98594112746155,-46.24996594024523,0,0.0,0.6,10
bayesfl_observability_v1,ola_sparse_bayesian_keep010_seed42,195,ola,global,,,layers.1.bias,db,68,-45.98594112746155,-45.457891501894196,-45.72191631467787,0,0.0,0.6,10
bayesfl_observability_v1,ola_sparse_bayesian_keep010_seed42,195,ola,global,,,layers.1.bias,db,69,-45.457891501894196,-44.92984187632684,-45.19386668911052,0,0.0,0.6,10
bayesfl_observability_v1,ola_sparse_bayesian_keep010_seed42,195,ola,global,,,layers.1.bias,db,70,-44.92984187632684,-44.401792250759485,-44.66581706354316,0,0.0,0.6,10
bayesfl_observability_v1,ola_sparse_bayesian_keep010_seed42,195,ola,global,,,layers.1.bias,db,71,-44.401792250759485,-43.87374262519213,-44.13776743797581,2,0.3787522806878479,0.8,10
bayesfl_observability_v1,ola_sparse_bayesian_keep010_seed42,195,ola,global,,,layers.1.bias,db,72,-43.87374262519213,-43.345692999624774,-43.60971781240845,1,0.18937614034392394,0.9,10
bayesfl_observability_v1,ola_sparse_bayesian_keep010_seed42,195,ola,global,,,layers.1.bias,db,73,-43.345692999624774,-42.81764337405741,-43.08166818684109,0,0.0,0.9,10
bayesfl_observability_v1,ola_sparse_bayesian_keep010_seed42,195,ola,global,,,layers.1.bias,db,74,-42.81764337405741,-42.289593748490056,-42.55361856127374,0,0.0,0.9,10
bayesfl_observability_v1,ola_sparse_bayesian_keep010_seed42,195,ola,global,,,layers.1.bias,db,75,-42.289593748490056,-41.7615441229227,-42.025568935706374,0,0.0,0.9,10
bayesfl_observability_v1,ola_sparse_bayesian_keep010_seed42,195,ola,global,,,layers.1.bias,db,76,-41.7615441229227,-41.233494497355345,-41.497519310139026,0,0.0,0.9,10
bayesfl_observability_v1,ola_sparse_bayesian_keep010_seed42,195,ola,global,,,layers.1.bias,db,77,-41.233494497355345,-40.70544487178799,-40.96946968457166,0,0.0,0.9,10
bayesfl_observability_v1,ola_sparse_bayesian_keep010_seed42,195,ola,global,,,layers.1.bias,db,78,-40.70544487178799,-40.177395246220634,-40.441420059004315,0,0.0,0.9,10
bayesfl_observability_v1,ola_sparse_bayesian_keep010_seed42,195,ola,global,,,layers.1.bias,db,79,-40.177395246220634,-39.64934562065327,-39.91337043343695,1,0.1893761403439214,1.0,10
bayesfl_observability_v1,ola_sparse_bayesian_keep010_seed42,200,ola,global,,,all,raw,0,1.8226451769456628e-09,0.0015614916603225765,0.0007807467414838767,85915,540.642344513596,0.8442075267760637,101770
bayesfl_observability_v1,ola_sparse_bayesian_keep010_seed42,200,ola,global,,,all,raw,1,0.0015614916603225765,0.0031229814979999763,0.0023422365791612764,13535,85.17248598023069,0.9772034980839147,101770
bayesfl_observability_v1,ola_sparse_bayesian_keep010_seed42,200,ola,global,,,all,raw,2,0.0031229814979999763,0.004684471335677376,0.003903726416838676,1491,9.38250288854998,0.9918541809963644,101770
bayesfl_observability_v1,ola_sparse_bayesian_keep010_seed42,200,ola,global,,,all,raw,3,0.004684471335677376,0.006245961173354775,0.005465216254516075,167,1.0508906655854102,0.993495136091186,101770
bayesfl_observability_v1,ola_sparse_bayesian_keep010_seed42,200,ola,global,,,all,raw,4,0.006245961173354775,0.007807451011032175,0.007026706092193476,116,0.7299599832808837,0.9946349611869902,101770
bayesfl_observability_v1,ola_sparse_bayesian_keep010_seed42,200,ola,global,,,all,raw,5,0.007807451011032175,0.009368940848709574,0.008588195929870875,94,0.5915192967965784,0.9955586125577283,101770
bayesfl_observability_v1,ola_sparse_bayesian_keep010_seed42,200,ola,global,,,all,raw,6,0.009368940848709574,0.010930430686386975,0.010149685767548274,70,0.4404930933591537,0.9962464380465756,101770
bayesfl_observability_v1,ola_sparse_bayesian_keep010_seed42,200,ola,global,,,all,raw,7,0.010930430686386975,0.012491920524064374,0.011711175605225674,58,0.36497999164044204,0.9968163505944777,101770
bayesfl_observability_v1,ola_sparse_bayesian_keep010_seed42,200,ola,global,,,all,raw,8,0.012491920524064374,0.014053410361741773,0.013272665442903073,44,0.2768813729686112,0.9972486980446104,101770
bayesfl_observability_v1,ola_sparse_bayesian_keep010_seed42,200,ola,global,,,all,raw,9,0.014053410361741773,0.015614900199419173,0.014834155280580474,41,0.2580030975389329,0.9976515672595068,101770
bayesfl_observability_v1,ola_sparse_bayesian_keep010_seed42,200,ola,global,,,all,raw,10,0.015614900199419173,0.017176390037096572,0.016395645118257873,45,0.28317413144517056,0.9980937407880515,101770
bayesfl_observability_v1,ola_sparse_bayesian_keep010_seed42,200,ola,global,,,all,raw,11,0.017176390037096572,0.01873787987477397,0.01795713495593527,32,0.20136827124989906,0.9984081752972389,101770
bayesfl_observability_v1,ola_sparse_bayesian_keep010_seed42,200,ola,global,,,all,raw,12,0.01873787987477397,0.02029936971245137,0.01951862479361267,24,0.1510262034374243,0.9986440011791294,101770
bayesfl_observability_v1,ola_sparse_bayesian_keep010_seed42,200,ola,global,,,all,raw,13,0.02029936971245137,0.021860859550128772,0.021080114631290073,13,0.08180586019527132,0.9987717401984868,101770
bayesfl_observability_v1,ola_sparse_bayesian_keep010_seed42,200,ola,global,,,all,raw,14,0.021860859550128772,0.02342234938780617,0.02264160446896747,15,0.09439137714839019,0.9989191313746684,101770
bayesfl_observability_v1,ola_sparse_bayesian_keep010_seed42,200,ola,global,,,all,raw,15,0.02342234938780617,0.02498383922548357,0.02420309430664487,11,0.0692203432421528,0.9990272182372015,101770
bayesfl_observability_v1,ola_sparse_bayesian_keep010_seed42,200,ola,global,,,all,raw,16,0.02498383922548357,0.02654532906316097,0.02576458414432227,10,0.06292758476559346,0.9991254790213225,101770
bayesfl_observability_v1,ola_sparse_bayesian_keep010_seed42,200,ola,global,,,all,raw,17,0.02654532906316097,0.028106818900838368,0.02732607398199967,14,0.08809861867183084,0.9992630441190921,101770
bayesfl_observability_v1,ola_sparse_bayesian_keep010_seed42,200,ola,global,,,all,raw,18,0.028106818900838368,0.02966830873851577,0.028887563819677067,6,0.03775655085935599,0.9993220005895647,101770
bayesfl_observability_v1,ola_sparse_bayesian_keep010_seed42,200,ola,global,,,all,raw,19,0.02966830873851577,0.03122979857619317,0.03044905365735447,4,0.025171033906237383,0.9993613049032132,101770
bayesfl_observability_v1,ola_sparse_bayesian_keep010_seed42,200,ola,global,,,all,raw,20,0.03122979857619317,0.032791288413870565,0.032010543495031865,5,0.0314637923827968,0.9994104352952736,101770
bayesfl_observability_v1,ola_sparse_bayesian_keep010_seed42,200,ola,global,,,all,raw,21,0.032791288413870565,0.034352778251547963,0.033572033332709264,7,0.04404930933591542,0.9994792178441584,101770
bayesfl_observability_v1,ola_sparse_bayesian_keep010_seed42,200,ola,global,,,all,raw,22,0.034352778251547963,0.03591426808922536,0.03513352317038666,8,0.050342067812474765,0.9995578264714552,101770
bayesfl_observability_v1,ola_sparse_bayesian_keep010_seed42,200,ola,global,,,all,raw,23,0.03591426808922536,0.03747575792690276,0.03669501300806406,3,0.018878275429678036,0.9995873047066915,101770
bayesfl_observability_v1,ola_sparse_bayesian_keep010_seed42,200,ola,global,,,all,raw,24,0.03747575792690276,0.03903724776458016,0.03825650284574146,0,0.0,0.9995873047066915,101770
bayesfl_observability_v1,ola_sparse_bayesian_keep010_seed42,200,ola,global,,,all,raw,25,0.03903724776458016,0.04059873760225756,0.03981799268341886,2,0.012585516953118691,0.9996069568635157,101770
bayesfl_observability_v1,ola_sparse_bayesian_keep010_seed42,200,ola,global,,,all,raw,26,0.04059873760225756,0.042160227439934965,0.04137948252109626,5,0.03146379238279659,0.9996560872555763,101770
bayesfl_observability_v1,ola_sparse_bayesian_keep010_seed42,200,ola,global,,,all,raw,27,0.042160227439934965,0.043721717277612364,0.042940972358773664,2,0.012585516953118691,0.9996757394124005,101770
bayesfl_observability_v1,ola_sparse_bayesian_keep010_seed42,200,ola,global,,,all,raw,28,0.043721717277612364,0.04528320711528976,0.04450246219645106,5,0.03146379238279673,0.9997248698044611,101770
bayesfl_observability_v1,ola_sparse_bayesian_keep010_seed42,200,ola,global,,,all,raw,29,0.04528320711528976,0.04684469695296716,0.04606395203412846,5,0.03146379238279673,0.9997740001965215,101770
bayesfl_observability_v1,ola_sparse_bayesian_keep010_seed42,200,ola,global,,,all,raw,30,0.04684469695296716,0.04840618679064456,0.04762544187180586,3,0.018878275429678036,0.9998034784317579,101770
bayesfl_observability_v1,ola_sparse_bayesian_keep010_seed42,200,ola,global,,,all,raw,31,0.04840618679064456,0.04996767662832196,0.04918693170948326,1,0.006292758476559346,0.99981330451017,101770
bayesfl_observability_v1,ola_sparse_bayesian_keep010_seed42,200,ola,global,,,all,raw,32,0.04996767662832196,0.05152916646599936,0.05074842154716066,1,0.006292758476559346,0.9998231305885821,101770
bayesfl_observability_v1,ola_sparse_bayesian_keep010_seed42,200,ola,global,,,all,raw,33,0.05152916646599936,0.05309065630367676,0.05230991138483806,0,0.0,0.9998231305885821,101770
bayesfl_observability_v1,ola_sparse_bayesian_keep010_seed42,200,ola,global,,,all,raw,34,0.05309065630367676,0.054652146141354156,0.05387140122251546,2,0.012585516953118691,0.9998427827454063,101770
bayesfl_observability_v1,ola_sparse_bayesian_keep010_seed42,200,ola,global,,,all,raw,35,0.054652146141354156,0.056213635979031555,0.055432891060192856,0,0.0,0.9998427827454063,101770
bayesfl_observability_v1,ola_sparse_bayesian_keep010_seed42,200,ola,global,,,all,raw,36,0.056213635979031555,0.057775125816708954,0.056994380897870255,2,0.012585516953118691,0.9998624349022305,101770
bayesfl_observability_v1,ola_sparse_bayesian_keep010_seed42,200,ola,global,,,all,raw,37,0.057775125816708954,0.05933661565438636,0.05855587073554766,0,0.0,0.9998624349022305,101770
bayesfl_observability_v1,ola_sparse_bayesian_keep010_seed42,200,ola,global,,,all,raw,38,0.05933661565438636,0.06089810549206376,0.06011736057322506,1,0.006292758476559346,0.9998722609806426,101770
bayesfl_observability_v1,ola_sparse_bayesian_keep010_seed42,200,ola,global,,,all,raw,39,0.06089810549206376,0.06245959532974116,0.06167885041090246,1,0.006292758476559346,0.9998820870590547,101770
bayesfl_observability_v1,ola_sparse_bayesian_keep010_seed42,200,ola,global,,,all,raw,40,0.06245959532974116,0.06402108516741856,0.06324034024857986,2,0.012585516953118691,0.999901739215879,101770
bayesfl_observability_v1,ola_sparse_bayesian_keep010_seed42,200,ola,global,,,all,raw,41,0.06402108516741856,0.06558257500509596,0.06480183008625726,2,0.012585516953118691,0.9999213913727032,101770
bayesfl_observability_v1,ola_sparse_bayesian_keep010_seed42,200,ola,global,,,all,raw,42,0.06558257500509596,0.06714406484277335,0.06636331992393465,0,0.0,0.9999213913727032,101770
bayesfl_observability_v1,ola_sparse_bayesian_keep010_seed42,200,ola,global,,,all,raw,43,0.06714406484277335,0.06870555468045075,0.06792480976161205,0,0.0,0.9999213913727032,101770
bayesfl_observability_v1,ola_sparse_bayesian_keep010_seed42,200,ola,global,,,all,raw,44,0.06870555468045075,0.07026704451812815,0.06948629959928945,0,0.0,0.9999213913727032,101770
bayesfl_observability_v1,ola_sparse_bayesian_keep010_seed42,200,ola,global,,,all,raw,45,0.07026704451812815,0.07182853435580555,0.07104778943696685,0,0.0,0.9999213913727032,101770
bayesfl_observability_v1,ola_sparse_bayesian_keep010_seed42,200,ola,global,,,all,raw,46,0.07182853435580555,0.07339002419348295,0.07260927927464425,0,0.0,0.9999213913727032,101770
bayesfl_observability_v1,ola_sparse_bayesian_keep010_seed42,200,ola,global,,,all,raw,47,0.07339002419348295,0.07495151403116035,0.07417076911232165,1,0.006292758476559346,0.9999312174511152,101770
bayesfl_observability_v1,ola_sparse_bayesian_keep010_seed42,200,ola,global,,,all,raw,48,0.07495151403116035,0.07651300386883775,0.07573225894999905,1,0.006292758476559346,0.9999410435295274,101770
bayesfl_observability_v1,ola_sparse_bayesian_keep010_seed42,200,ola,global,,,all,raw,49,0.07651300386883775,0.07807449370651515,0.07729374878767645,0,0.0,0.9999410435295274,101770
bayesfl_observability_v1,ola_sparse_bayesian_keep010_seed42,200,ola,global,,,all,raw,50,0.07807449370651515,0.07963598354419255,0.07885523862535385,1,0.006292758476559346,0.9999508696079394,101770
bayesfl_observability_v1,ola_sparse_bayesian_keep010_seed42,200,ola,global,,,all,raw,51,0.07963598354419255,0.08119747338186994,0.08041672846303125,0,0.0,0.9999508696079394,101770
bayesfl_observability_v1,ola_sparse_bayesian_keep010_seed42,200,ola,global,,,all,raw,52,0.08119747338186994,0.08275896321954734,0.08197821830070864,2,0.012585516953118691,0.9999705217647636,101770
bayesfl_observability_v1,ola_sparse_bayesian_keep010_seed42,200,ola,global,,,all,raw,53,0.08275896321954734,0.08432045305722476,0.08353970813838604,0,0.0,0.9999705217647636,101770
bayesfl_observability_v1,ola_sparse_bayesian_keep010_seed42,200,ola,global,,,all,raw,54,0.08432045305722476,0.08588194289490216,0.08510119797606346,0,0.0,0.9999705217647636,101770
bayesfl_observability_v1,ola_sparse_bayesian_keep010_seed42,200,ola,global,,,all,raw,55,0.08588194289490216,0.08744343273257955,0.08666268781374085,0,0.0,0.9999705217647636,101770
bayesfl_observability_v1,ola_sparse_bayesian_keep010_seed42,200,ola,global,,,all,raw,56,0.08744343273257955,0.08900492257025695,0.08822417765141825,0,0.0,0.9999705217647636,101770
bayesfl_observability_v1,ola_sparse_bayesian_keep010_seed42,200,ola,global,,,all,raw,57,0.08900492257025695,0.09056641240793435,0.08978566748909565,0,0.0,0.9999705217647636,101770
bayesfl_observability_v1,ola_sparse_bayesian_keep010_seed42,200,ola,global,,,all,raw,58,0.09056641240793435,0.09212790224561175,0.09134715732677305,0,0.0,0.9999705217647636,101770
bayesfl_observability_v1,ola_sparse_bayesian_keep010_seed42,200,ola,global,,,all,raw,59,0.09212790224561175,0.09368939208328915,0.09290864716445045,0,0.0,0.9999705217647636,101770
bayesfl_observability_v1,ola_sparse_bayesian_keep010_seed42,200,ola,global,,,all,raw,60,0.09368939208328915,0.09525088192096655,0.09447013700212785,1,0.006292758476559346,0.9999803478431758,101770
bayesfl_observability_v1,ola_sparse_bayesian_keep010_seed42,200,ola,global,,,all,raw,61,0.09525088192096655,0.09681237175864395,0.09603162683980525,0,0.0,0.9999803478431758,101770
bayesfl_observability_v1,ola_sparse_bayesian_keep010_seed42,200,ola,global,,,all,raw,62,0.09681237175864395,0.09837386159632135,0.09759311667748265,0,0.0,0.9999803478431758,101770
bayesfl_observability_v1,ola_sparse_bayesian_keep010_seed42,200,ola,global,,,all,raw,63,0.09837386159632135,0.09993535143399875,0.09915460651516005,0,0.0,0.9999803478431758,101770
bayesfl_observability_v1,ola_sparse_bayesian_keep010_seed42,200,ola,global,,,all,raw,64,0.09993535143399875,0.10149684127167614,0.10071609635283744,0,0.0,0.9999803478431758,101770
bayesfl_observability_v1,ola_sparse_bayesian_keep010_seed42,200,ola,global,,,all,raw,65,0.10149684127167614,0.10305833110935354,0.10227758619051484,0,0.0,0.9999803478431758,101770
bayesfl_observability_v1,ola_sparse_bayesian_keep010_seed42,200,ola,global,,,all,raw,66,0.10305833110935354,0.10461982094703094,0.10383907602819224,0,0.0,0.9999803478431758,101770
bayesfl_observability_v1,ola_sparse_bayesian_keep010_seed42,200,ola,global,,,all,raw,67,0.10461982094703094,0.10618131078470834,0.10540056586586964,1,0.006292758476559346,0.9999901739215878,101770
bayesfl_observability_v1,ola_sparse_bayesian_keep010_seed42,200,ola,global,,,all,raw,68,0.10618131078470834,0.10774280062238574,0.10696205570354704,0,0.0,0.9999901739215878,101770
bayesfl_observability_v1,ola_sparse_bayesian_keep010_seed42,200,ola,global,,,all,raw,69,0.10774280062238574,0.10930429046006314,0.10852354554122444,0,0.0,0.9999901739215878,101770
bayesfl_observability_v1,ola_sparse_bayesian_keep010_seed42,200,ola,global,,,all,raw,70,0.10930429046006314,0.11086578029774054,0.11008503537890184,0,0.0,0.9999901739215878,101770
bayesfl_observability_v1,ola_sparse_bayesian_keep010_seed42,200,ola,global,,,all,raw,71,0.11086578029774054,0.11242727013541794,0.11164652521657924,0,0.0,0.9999901739215878,101770
bayesfl_observability_v1,ola_sparse_bayesian_keep010_seed42,200,ola,global,,,all,raw,72,0.11242727013541794,0.11398875997309534,0.11320801505425664,0,0.0,0.9999901739215878,101770
bayesfl_observability_v1,ola_sparse_bayesian_keep010_seed42,200,ola,global,,,all,raw,73,0.11398875997309534,0.11555024981077273,0.11476950489193403,0,0.0,0.9999901739215878,101770
bayesfl_observability_v1,ola_sparse_bayesian_keep010_seed42,200,ola,global,,,all,raw,74,0.11555024981077273,0.11711173964845015,0.11633099472961145,0,0.0,0.9999901739215878,101770
bayesfl_observability_v1,ola_sparse_bayesian_keep010_seed42,200,ola,global,,,all,raw,75,0.11711173964845015,0.11867322948612755,0.11789248456728885,0,0.0,0.9999901739215878,101770
bayesfl_observability_v1,ola_sparse_bayesian_keep010_seed42,200,ola,global,,,all,raw,76,0.11867322948612755,0.12023471932380494,0.11945397440496625,0,0.0,0.9999901739215878,101770
bayesfl_observability_v1,ola_sparse_bayesian_keep010_seed42,200,ola,global,,,all,raw,77,0.12023471932380494,0.12179620916148234,0.12101546424264364,0,0.0,0.9999901739215878,101770
bayesfl_observability_v1,ola_sparse_bayesian_keep010_seed42,200,ola,global,,,all,raw,78,0.12179620916148234,0.12335769899915974,0.12257695408032104,0,0.0,0.9999901739215878,101770
bayesfl_observability_v1,ola_sparse_bayesian_keep010_seed42,200,ola,global,,,all,raw,79,0.12335769899915974,0.12491918883683714,0.12413844391799844,1,0.006292758476559346,1.0,101770
bayesfl_observability_v1,ola_sparse_bayesian_keep010_seed42,200,ola,global,,,all,db,0,-174.78119315222247,-172.82227094895015,-173.8017320505863,1,5.016063627075924e-06,9.826078412105729e-06,101770
bayesfl_observability_v1,ola_sparse_bayesian_keep010_seed42,200,ola,global,,,all,db,1,-172.82227094895015,-170.86334874567783,-171.842809847314,0,0.0,9.826078412105729e-06,101770
bayesfl_observability_v1,ola_sparse_bayesian_keep010_seed42,200,ola,global,,,all,db,2,-170.86334874567783,-168.90442654240553,-169.8838876440417,0,0.0,9.826078412105729e-06,101770
bayesfl_observability_v1,ola_sparse_bayesian_keep010_seed42,200,ola,global,,,all,db,3,-168.90442654240553,-166.9455043391332,-167.92496544076937,0,0.0,9.826078412105729e-06,101770
bayesfl_observability_v1,ola_sparse_bayesian_keep010_seed42,200,ola,global,,,all,db,4,-166.9455043391332,-164.98658213586089,-165.96604323749705,0,0.0,9.826078412105729e-06,101770
bayesfl_observability_v1,ola_sparse_bayesian_keep010_seed42,200,ola,global,,,all,db,5,-164.98658213586089,-163.02765993258856,-164.00712103422472,0,0.0,9.826078412105729e-06,101770
bayesfl_observability_v1,ola_sparse_bayesian_keep010_seed42,200,ola,global,,,all,db,6,-163.02765993258856,-161.06873772931624,-162.0481988309524,0,0.0,9.826078412105729e-06,101770
bayesfl_observability_v1,ola_sparse_bayesian_keep010_seed42,200,ola,global,,,all,db,7,-161.06873772931624,-159.10981552604392,-160.08927662768008,0,0.0,9.826078412105729e-06,101770
bayesfl_observability_v1,ola_sparse_bayesian_keep010_seed42,200,ola,global,,,all,db,8,-159.10981552604392,-157.1508933227716,-158.13035442440776,0,0.0,9.826078412105729e-06,101770
bayesfl_observability_v1,ola_sparse_bayesian_keep010_seed42,200,ola,global,,,all,db,9,-157.1508933227716,-155.1919711194993,-156.17143222113543,0,0.0,9.826078412105729e-06,101770
bayesfl_observability_v1,ola_sparse_bayesian_keep010_seed42,200,ola,global,,,all,db,10,-155.1919711194993,-153.23304891622698,-154.21251001786314,1,5.016063627075924e-06,1.9652156824211458e-05,101770
bayesfl_observability_v1,ola_sparse_bayesian_keep010_seed42,200,ola,global,,,all,db,11,-153.23304891622698,-151.27412671295465,-152.25358781459082,0,0.0,1.9652156824211458e-05,101770
bayesfl_observability_v1,ola_sparse_bayesian_keep010_seed42,200,ola,global,,,all,db,12,-151.27412671295465,-149.31520450968233,-150.2946656113185,2,1.0032127254151848e-05,3.9304313648422916e-05,101770
bayesfl_observability_v1,ola_sparse_bayesian_keep010_seed42,200,ola,global,,,all,db,13,-149.31520450968233,-147.35628230641,-148.33574340804617,1,5.016063627075924e-06,4.913039206052864e-05,101770
bayesfl_observability_v1,ola_sparse_bayesian_keep010_seed42,200,ola,global,,,all,db,14,-147.35628230641,-145.39736010313771,-146.37682120477388,1,5.016063627075997e-06,5.895647047263437e-05,101770
bayesfl_observability_v1,ola_sparse_bayesian_keep010_seed42,200,ola,global,,,all,db,15,-145.39736010313771,-143.4384378998654,-144.41789900150155,1,5.016063627075924e-06,6.87825488847401e-05,101770
bayesfl_observability_v1,ola_sparse_bayesian_keep010_seed42,200,ola,global,,,all,db,16,-143.4384378998654,-141.47951569659307,-142.45897679822923,0,0.0,6.87825488847401e-05,101770
bayesfl_observability_v1,ola_sparse_bayesian_keep010_seed42,200,ola,global,,,all,db,17,-141.47951569659307,-139.52059349332075,-140.5000545949569,0,0.0,6.87825488847401e-05,101770
bayesfl_observability_v1,ola_sparse_bayesian_keep010_seed42,200,ola,global,,,all,db,18,-139.52059349332075,-137.56167129004842,-138.54113239168458,1,5.016063627075924e-06,7.860862729684583e-05,101770
bayesfl_observability_v1,ola_sparse_bayesian_keep010_seed42,200,ola,global,,,all,db,19,-137.56167129004842,-135.6027490867761,-136.58221018841226,1,5.016063627075924e-06,8.843470570895156e-05,101770
bayesfl_observability_v1,ola_sparse_bayesian_keep010_seed42,200,ola,global,,,all,db,20,-135.6027490867761,-133.64382688350378,-134.62328798513994,2,1.0032127254151848e-05,0.00010808686253316301,101770
bayesfl_observability_v1,ola_sparse_bayesian_keep010_seed42,200,ola,global,,,all,db,21,-133.64382688350378,-131.68490468023145,-132.66436578186762,6,3.0096381762455545e-05,0.00016704333300579738,101770
bayesfl_observability_v1,ola_sparse_bayesian_keep010_seed42,200,ola,global,,,all,db,22,-131.68490468023145,-129.72598247695916,-130.7054435785953,5,2.5080318135379985e-05,0.00021617372506632602,101770
bayesfl_observability_v1,ola_sparse_bayesian_keep010_seed42,200,ola,global,,,all,db,23,-129.72598247695916,-127.76706027368684,-128.746521375323,3,1.5048190881227773e-05,0.00024565196030264323,101770
bayesfl_observability_v1,ola_sparse_bayesian_keep010_seed42,200,ola,global,,,all,db,24,-127.76706027368684,-125.80813807041451,-126.78759917205068,6,3.0096381762455545e-05,0.0003046084307752776,101770
bayesfl_observability_v1,ola_sparse_bayesian_keep010_seed42,200,ola,global,,,all,db,25,-125.80813807041451,-123.84921586714219,-124.82867696877835,12,6.019276352491109e-05,0.00042252137172054635,101770
bayesfl_observability_v1,ola_sparse_bayesian_keep010_seed42,200,ola,global,,,all,db,26,-123.84921586714219,-121.89029366386988,-122.86975476550603,13,6.520882715198749e-05,0.0005502603910779208,101770
bayesfl_observability_v1,ola_sparse_bayesian_keep010_seed42,200,ola,global,,,all,db,27,-121.89029366386988,-119.93137146059756,-120.91083256223372,10,5.0160636270759246e-05,0.000648521175198978,101770
bayesfl_observability_v1,ola_sparse_bayesian_keep010_seed42,200,ola,global,,,all,db,28,-119.93137146059756,-117.97244925732525,-118.95191035896141,21,0.00010533733616859518,0.0008548688218531984,101770
bayesfl_observability_v1,ola_sparse_bayesian_keep010_seed42,200,ola,global,,,all,db,29,-117.97244925732525,-116.01352705405293,-116.99298815568909,17,8.527308166029071e-05,0.0010219121548589957,101770
bayesfl_observability_v1,ola_sparse_bayesian_keep010_seed42,200,ola,global,,,all,db,30,-116.01352705405293,-114.0546048507806,-115.03406595241677,31,0.00015549797243935364,0.0013265205856342734,101770
bayesfl_observability_v1,ola_sparse_bayesian_keep010_seed42,200,ola,global,,,all,db,31,-114.0546048507806,-112.09568264750828,-113.07514374914444,39,0.00019562648145596105,0.0017097376437063968,101770
bayesfl_observability_v1,ola_sparse_bayesian_keep010_seed42,200,ola,global,,,all,db,32,-112.09568264750828,-110.13676044423597,-111.11622154587212,35,0.00017556222694765862,0.0020536503881300973,101770
bayesfl_observability_v1,ola_sparse_bayesian_keep010_seed42,200,ola,global,,,all,db,33,-110.13676044423597,-108.17783824096365,-109.15729934259981,46,0.00023073892684549252,0.0025056499950869607,101770
bayesfl_observability_v1,ola_sparse_bayesian_keep010_seed42,200,ola,global,,,all,db,34,-108.17783824096365,-106.21891603769133,-107.19837713932749,76,0.00038122083565777024,0.003252431954406996,101770
bayesfl_observability_v1,ola_sparse_bayesian_keep010_seed42,200,ola,global,,,all,db,35,-106.21891603769133,-104.25999383441902,-105.23945493605518,83,0.00041633328104730475,0.004067996462611772,101770
bayesfl_observability_v1,ola_sparse_bayesian_keep010_seed42,200,ola,global,,,all,db,36,-104.25999383441902,-102.3010716311467,-103.28053273278286,99,0.0004965902990805165,0.005040778225410239,101770
bayesfl_observability_v1,ola_sparse_bayesian_keep010_seed42,200,ola,global,,,all,db,37,-102.3010716311467,-100.34214942787438,-101.32161052951054,144,0.0007223131622989331,0.006455733516753464,101770
bayesfl_observability_v1,ola_sparse_bayesian_keep010_seed42,200,ola,global,,,all,db,38,-100.34214942787438,-98.38322722460207,-99.36268832623821,146,0.0007323452895530903,0.0078903409649209,101770
bayesfl_observability_v1,ola_sparse_bayesian_keep010_seed42,200,ola,global,,,all,db,39,-98.38322722460207,-96.42430502132974,-97.4037661229659,204,0.0010232769799234885,0.009894860960990468,101770
bayesfl_observability_v1,ola_sparse_bayesian_keep010_seed42,200,ola,global,,,all,db,40,-96.42430502132974,-94.46538281805742,-95.44484391969358,253,0.0012690640976502088,0.012380858799253217,101770
bayesfl_observability_v1,ola_sparse_bayesian_keep010_seed42,200,ola,global,,,all,db,41,-94.46538281805742,-92.50646061478511,-93.48592171642127,332,0.001665333124189219,0.01564311683207232,101770
bayesfl_observability_v1,ola_sparse_bayesian_keep010_seed42,200,ola,global,,,all,db,42,-92.50646061478511,-90.54753841151279,-91.52699951314895,388,0.0019462326873054586,0.019455635255969342,101770
bayesfl_observability_v1,ola_sparse_bayesian_keep010_seed42,200,ola,global,,,all,db,43,-90.54753841151279,-88.58861620824047,-89.56807730987663,525,0.00263343340421486,0.02461432642232485,101770
bayesfl_observability_v1,ola_sparse_bayesian_keep010_seed42,200,ola,global,,,all,db,44,-88.58861620824047,-86.62969400496816,-87.6091551066043,651,0.0032654574212264507,0.03101110346860568,101770
bayesfl_observability_v1,ola_sparse_bayesian_keep010_seed42,200,ola,global,,,all,db,45,-86.62969400496816,-84.67077180169584,-85.650232903332,804,0.004032915156169043,0.038911270511938684,101770
bayesfl_observability_v1,ola_sparse_bayesian_keep010_seed42,200,ola,global,,,all,db,46,-84.67077180169584,-82.71184959842351,-83.69131070005967,989,0.004960886927178089,0.048629262061511254,101770
bayesfl_observability_v1,ola_sparse_bayesian_keep010_seed42,200,ola,global,,,all,db,47,-82.71184959842351,-80.7529273951512,-81.73238849678737,1290,0.00647072207892799,0.06130490321312764,101770
bayesfl_observability_v1,ola_sparse_bayesian_keep010_seed42,200,ola,global,,,all,db,48,-80.7529273951512,-78.79400519187888,-79.77346629351504,1529,0.0076695612857990885,0.0763289771052373,101770
bayesfl_observability_v1,ola_sparse_bayesian_keep010_seed42,200,ola,global,,,all,db,49,-78.79400519187888,-76.83508298860656,-77.81454409024272,1911,0.00958569759134209,0.09510661295077134,101770
bayesfl_observability_v1,ola_sparse_bayesian_keep010_seed42,200,ola,global,,,all,db,50,-76.83508298860656,-74.87616078533425,-75.8556218869704,2513,0.012605367894841889,0.11979954800039304,101770
bayesfl_observability_v1,ola_sparse_bayesian_keep010_seed42,200,ola,global,,,all,db,51,-74.87616078533425,-72.91723858206193,-73.89669968369809,3037,0.015233785235429582,0.14964134813795815,101770
bayesfl_observability_v1,ola_sparse_bayesian_keep010_seed42,200,ola,global,,,all,db,52,-72.91723858206193,-70.9583163787896,-71.93777748042577,3821,0.019166379119057105,0.18718679375061412,101770
bayesfl_observability_v1,ola_sparse_bayesian_keep010_seed42,200,ola,global,,,all,db,53,-70.9583163787896,-68.9993941755173,-69.97885527715346,4897,0.02456366358179098,0.23530509973469588,101770
bayesfl_observability_v1,ola_sparse_bayesian_keep010_seed42,200,ola,global,,,all,db,54,-68.9993941755173,-67.04047197224497,-68.01993307388113,6086,0.030527763234384074,0.29510661295077134,101770
bayesfl_observability_v1,ola_sparse_bayesian_keep010_seed42,200,ola,global,,,all,db,55,-67.04047197224497,-65.08154976897265,-66.06101087060881,7592,0.038081955056760416,0.369706200255478,101770
bayesfl_observability_v1,ola_sparse_bayesian_keep010_seed42,200,ola,global,,,all,db,56,-65.08154976897265,-63.12262756570034,-64.10208866733649,9463,0.04746701010301982,0.46269038026923454,101770
bayesfl_observability_v1,ola_sparse_bayesian_keep010_seed42,200,ola,global,,,all,db,57,-63.12262756570034,-61.16370536242802,-62.14316646406418,11653,0.05845218944631574,0.5771936720055026,101770
bayesfl_observability_v1,ola_sparse_bayesian_keep010_seed42,200,ola,global,,,all,db,58,-61.16370536242802,-59.204783159155696,-60.18424426079186,14092,0.07068636863275393,0.7156627689888966,101770
bayesfl_observability_v1,ola_sparse_bayesian_keep010_seed42,200,ola,global,,,all,db,59,-59.204783159155696,-57.24586095588339,-58.22532205751954,9335,0.04682495395875409,0.8073892109659035,101770
bayesfl_observability_v1,ola_sparse_bayesian_keep010_seed42,200,ola,global,,,all,db,60,-57.24586095588339,-55.286938752611064,-56.266399854247226,6408,0.03214293572230252,0.870354721430677,101770
bayesfl_observability_v1,ola_sparse_bayesian_keep010_seed42,200,ola,global,,,all,db,61,-55.286938752611064,-53.32801654933874,-54.3074776509749,5506,0.02761844633068004,0.9244571091677312,101770
bayesfl_observability_v1,ola_sparse_bayesian_keep010_seed42,200,ola,global,,,all,db,62,-53.32801654933874,-51.36909434606643,-52.34855544770259,3862,0.019372037727767362,0.9624054239952835,101770
bayesfl_observability_v1,ola_sparse_bayesian_keep010_seed42,200,ola,global,,,all,db,63,-51.36909434606643,-49.41017214279411,-50.38963324443027,2063,0.010348139262657633,0.9826766237594576,101770
bayesfl_observability_v1,ola_sparse_bayesian_keep010_seed42,200,ola,global,,,all,db,64,-49.41017214279411,-47.45124993952179,-48.43071104115795,819,0.004108156110575182,0.9907241819789722,101770
bayesfl_observability_v1,ola_sparse_bayesian_keep010_seed42,200,ola,global,,,all,db,65,-47.45124993952179,-45.49232773624948,-46.47178883788563,201,0.001008228789042268,0.9926992237398055,101770
bayesfl_observability_v1,ola_sparse_bayesian_keep010_seed42,200,ola,global,,,all,db,66,-45.49232773624948,-43.533405532977156,-44.51286663461332,121,0.0006069436988761868,0.9938881792276703,101770
bayesfl_observability_v1,ola_sparse_bayesian_keep010_seed42,200,ola,global,,,all,db,67,-43.533405532977156,-41.57448332970483,-42.553944431340994,103,0.0005166545535888203,0.9949002653041171,101770
bayesfl_observability_v1,ola_sparse_bayesian_keep010_seed42,200,ola,global,,,all,db,68,-41.57448332970483,-39.61556112643251,-40.59502222806867,112,0.0005617991262325035,0.996000786086273,101770
bayesfl_observability_v1,ola_sparse_bayesian_keep010_seed42,200,ola,global,,,all,db,69,-39.61556112643251,-37.65663892316019,-38.63610002479635,102,0.0005116384899617443,0.9970030460843078,101770
bayesfl_observability_v1,ola_sparse_bayesian_keep010_seed42,200,ola,global,,,all,db,70,-37.65663892316019,-35.69771671988789,-36.67717782152404,97,0.0004865581718263717,0.997956175690282,101770
bayesfl_observability_v1,ola_sparse_bayesian_keep010_seed42,200,ola,global,,,all,db,71,-35.69771671988789,-33.73879451661557,-34.71825561825173,71,0.0003561405175223906,0.9986538272575415,101770
bayesfl_observability_v1,ola_sparse_bayesian_keep010_seed42,200,ola,global,,,all,db,72,-33.73879451661557,-31.779872313343247,-32.75933341497941,44,0.00022070679959134066,0.9990861747076741,101770
bayesfl_observability_v1,ola_sparse_bayesian_keep010_seed42,200,ola,global,,,all,db,73,-31.779872313343247,-29.820950110070925,-30.800411211707086,30,0.00015048190881227774,0.9993809570600374,101770
bayesfl_observability_v1,ola_sparse_bayesian_keep010_seed42,200,ola,global,,,all,db,74,-29.820950110070925,-27.862027906798602,-28.841489008434763,23,0.00011536946342274626,0.9996069568635157,101770
bayesfl_observability_v1,ola_sparse_bayesian_keep010_seed42,200,ola,global,,,all,db,75,-27.862027906798602,-25.90310570352628,-26.88256680516244,21,0.00010533733616859441,0.99981330451017,101770
bayesfl_observability_v1,ola_sparse_bayesian_keep010_seed42,200,ola,global,,,all,db,76,-25.90310570352628,-23.944183500253985,-24.923644601890132,7,3.5112445389531976e-05,0.9998820870590547,101770
bayesfl_observability_v1,ola_sparse_bayesian_keep010_seed42,200,ola,global,,,all,db,77,-23.944183500253985,-21.985261296981662,-22.964722398617823,7,3.511244538953147e-05,0.9999508696079394,101770
bayesfl_observability_v1,ola_sparse_bayesian_keep010_seed42,200,ola,global,,,all,db,78,-21.985261296981662,-20.02633909370934,-21.0058001953455,3,1.5048190881227773e-05,0.9999803478431758,101770
bayesfl_observability_v1,ola_sparse_bayesian_keep010_seed42,200,ola,global,,,all,db,79,-20.02633909370934,-18.06741689043701,-19.046877992073174,2,1.0032127254151811e-05,1.0,101770
bayesfl_observability_v1,ola_sparse_bayesian_keep010_seed42,200,ola,global,,,layers.0.weight,raw,0,1.8226451769456628e-09,7.748986276470946e-05,3.87458427049432e-05,5214,670.5178100935199,0.05195711096938776,100352
bayesfl_observability_v1,ola_sparse_bayesian_keep010_seed42,200,ola,global,,,layers.0.weight,raw,1,7.748986276470946e-05,0.000154977902884242,0.00011623388282447572,5171,664.988031452549,0.10348573022959184,100352
bayesfl_observability_v1,ola_sparse_bayesian_keep010_seed42,200,ola,global,,,layers.0.weight,raw,2,0.000154977902884242,0.00023246594300377452,0.00019372192294400827,5246,674.6329941984284,0.15576171875,100352
bayesfl_observability_v1,ola_sparse_bayesian_keep010_seed42,200,ola,global,,,layers.0.weight,raw,3,0.00023246594300377452,0.000309953983123307,0.00027120996306354077,5182,666.4026259886117,0.20739995216836735,100352
bayesfl_observability_v1,ola_sparse_bayesian_keep010_seed42,200,ola,global,,,layers.0.weight,raw,4,0.000309953983123307,0.0003874420232428395,0.00034869800318307326,5266,677.2049842639964,0.25987523915816324,100352
bayesfl_observability_v1,ola_sparse_bayesian_keep010_seed42,200,ola,global,,,layers.0.weight,raw,5,0.0003874420232428395,0.00046493006336237205,0.0004261860433026058,5317,683.7635589311938,0.31285873724489793,100352
bayesfl_observability_v1,ola_sparse_bayesian_keep010_seed42,200,ola,global,,,layers.0.weight,raw,6,0.00046493006336237205,0.0005424181034819046,0.0005036740834221383,5166,664.3450339361569,0.3643375318877551,100352
bayesfl_observability_v1,ola_sparse_bayesian_keep010_seed42,200,ola,global,,,layers.0.weight,raw,7,0.0005424181034819046,0.0006199061436014371,0.0005811621235416709,5162,663.8306359230439,0.4157764668367347,100352
bayesfl_observability_v1,ola_sparse_bayesian_keep010_seed42,200,ola,global,,,layers.0.weight,raw,8,0.0006199061436014371,0.0006973941837209696,0.0006586501636612033,5190,667.4314220148387,0.46749441964285715,100352
bayesfl_observability_v1,ola_sparse_bayesian_keep010_seed42,200,ola,global,,,layers.0.weight,raw,9,0.0006973941837209696,0.0007748822238405021,0.0007361382037807359,5181,666.2740264853333,0.5191226881377551,100352
bayesfl_observability_v1,ola_sparse_bayesian_keep010_seed42,200,ola,global,,,layers.0.weight,raw,10,0.0007748822238405021,0.0008523702639600347,0.0008136262439002684,5051,649.5560910591419,0.5694555165816326,100352
bayesfl_observability_v1,ola_sparse_bayesian_keep010_seed42,200,ola,global,,,layers.0.weight,raw,11,0.0008523702639600347,0.0009298583040795672,0.0008911142840198009,5026,646.341103477183,0.6195392219387755,100352
bayesfl_observability_v1,ola_sparse_bayesian_keep010_seed42,200,ola,global,,,layers.0.weight,raw,12,0.0009298583040795672,0.0010073463441990997,0.0009686023241393335,5087,654.1856731771647,0.6702307876275511,100352
bayesfl_observability_v1,ola_sparse_bayesian_keep010_seed42,200,ola,global,,,layers.0.weight,raw,13,0.0010073463441990997,0.0010848343843186323,0.001046090364258866,4793,616.3774192133175,0.7179926658163265,100352
bayesfl_observability_v1,ola_sparse_bayesian_keep010_seed42,200,ola,global,,,layers.0.weight,raw,14,0.0010848343843186323,0.0011623224244381647,0.0011235784043783985,3688,474.2749680906992,0.7547433035714286,100352
bayesfl_observability_v1,ola_sparse_bayesian_keep010_seed42,200,ola,global,,,layers.0.weight,raw,15,0.0011623224244381647,0.0012398104645576973,0.0012010664444979308,2747,353.262835505734,0.7821169483418368,100352
bayesfl_observability_v1,ola_sparse_bayesian_keep010_seed42,200,ola,global,,,layers.0.weight,raw,16,0.0012398104645576973,0.0013172985046772299,0.0012785544846174637,2152,276.7461310550927,0.8035614636479592,100352
bayesfl_observability_v1,ola_sparse_bayesian_keep010_seed42,200,ola,global,,,layers.0.weight,raw,17,0.0013172985046772299,0.0013947865447967622,0.001356042524736996,1726,221.96274265849968,0.8207609215561225,100352
bayesfl_observability_v1,ola_sparse_bayesian_keep010_seed42,200,ola,global,,,layers.0.weight,raw,18,0.0013947865447967622,0.0014722745849162948,0.0014335305648565284,1568,201.64402114051364,0.8363859215561225,100352
bayesfl_observability_v1,ola_sparse_bayesian_keep010_seed42,200,ola,global,,,layers.0.weight,raw,19,0.0014722745849162948,0.0015497626250358272,0.001511018604976061,1505,193.54225243397568,0.8513831313775511,100352
bayesfl_observability_v1,ola_sparse_bayesian_keep010_seed42,200,ola,global,,,layers.0.weight,raw,20,0.0015497626250358272,0.0016272506651553598,0.0015885066450955936,1387,178.36751104712528,0.8652044802295918,100352
bayesfl_observability_v1,ola_sparse_bayesian_keep010_seed42,200,ola,global,,,layers.0.weight,raw,21,0.0016272506651553598,0.0017047387052748924,0.001665994685215126,1232,158.434588038975,0.8774812659438775,100352
bayesfl_observability_v1,ola_sparse_bayesian_keep010_seed42,200,ola,global,,,layers.0.weight,raw,22,0.0017047387052748924,0.0017822267453944248,0.0017434827253346586,1159,149.04682429965303,0.889030612244898,100352
bayesfl_observability_v1,ola_sparse_bayesian_keep010_seed42,200,ola,global,,,layers.0.weight,raw,23,0.0017822267453944248,0.0018597147855139574,0.0018209707654541912,1083,139.27326205049508,0.8998226243622449,100352
bayesfl_observability_v1,ola_sparse_bayesian_keep010_seed42,200,ola,global,,,layers.0.weight,raw,24,0.0018597147855139574,0.00193720282563349,0.0018984588055737236,1046,134.51508042919468,0.9102459343112245,100352
bayesfl_observability_v1,ola_sparse_bayesian_keep010_seed42,200,ola,global,,,layers.0.weight,raw,25,0.00193720282563349,0.0020146908657530226,0.0019759468456932564,905,116.38255046694186,0.9192641900510204,100352
bayesfl_observability_v1,ola_sparse_bayesian_keep010_seed42,200,ola,global,,,layers.0.weight,raw,26,0.0020146908657530226,0.002092178905872555,0.002053434885812789,879,113.03896338170406,0.9280233577806123,100352
bayesfl_observability_v1,ola_sparse_bayesian_keep010_seed42,200,ola,global,,,layers.0.weight,raw,27,0.002092178905872555,0.002169666945992088,0.0021309229259323216,748,96.19242845223455,0.9354771205357143,100352
bayesfl_observability_v1,ola_sparse_bayesian_keep010_seed42,200,ola,global,,,layers.0.weight,raw,28,0.002169666945992088,0.00224715498611162,0.002208410966051854,693,89.11945577192368,0.9423828125,100352
bayesfl_observability_v1,ola_sparse_bayesian_keep010_seed42,200,ola,global,,,layers.0.weight,raw,29,0.00224715498611162,0.0023246430262311526,0.0022858990061713864,669,86.03306769324234,0.9490493463010204,100352
bayesfl_observability_v1,ola_sparse_bayesian_keep010_seed42,200,ola,global,,,layers.0.weight,raw,30,0.0023246430262311526,0.0024021310663506854,0.002363387046290919,542,69.70093077688654,0.9544503348214286,100352
bayesfl_observability_v1,ola_sparse_bayesian_keep010_seed42,200,ola,global,,,layers.0.weight,raw,31,0.0024021310663506854,0.002479619106470218,0.0024408750864104516,501,64.42835114247296,0.9594427614795918,100352
bayesfl_observability_v1,ola_sparse_bayesian_keep010_seed42,200,ola,global,,,layers.0.weight,raw,32,0.002479619106470218,0.00255710714658975,0.002518363126529984,495,63.65675412280263,0.9643753985969388,100352
bayesfl_observability_v1,ola_sparse_bayesian_keep010_seed42,200,ola,global,,,layers.0.weight,raw,33,0.00255710714658975,0.002634595186709283,0.002595851166649517,403,51.825599821190536,0.968391262755102,100352
bayesfl_observability_v1,ola_sparse_bayesian_keep010_seed42,200,ola,global,,,layers.0.weight,raw,34,0.002634595186709283,0.0027120832268288154,0.002673339206769049,394,50.66820429168533,0.9723174426020408,100352
bayesfl_observability_v1,ola_sparse_bayesian_keep010_seed42,200,ola,global,,,layers.0.weight,raw,35,0.0027120832268288154,0.0027895712669483478,0.0027508272468885816,382,49.12501025234466,0.9761240433673469,100352
bayesfl_observability_v1,ola_sparse_bayesian_keep010_seed42,200,ola,global,,,layers.0.weight,raw,36,0.0027895712669483478,0.0028670593070678806,0.002828315287008114,298,38.322651976959754,0.9790935905612245,100352
bayesfl_observability_v1,ola_sparse_bayesian_keep010_seed42,200,ola,global,,,layers.0.weight,raw,37,0.0028670593070678806,0.002944547347187413,0.002905803327127647,230,29.577885754029506,0.9813855229591837,100352
bayesfl_observability_v1,ola_sparse_bayesian_keep010_seed42,200,ola,global,,,layers.0.weight,raw,38,0.002944547347187413,0.0030220353873069454,0.002983291367247179,231,29.706485257307893,0.9836874202806123,100352
bayesfl_observability_v1,ola_sparse_bayesian_keep010_seed42,200,ola,global,,,layers.0.weight,raw,39,0.0030220353873069454,0.0030995234274264778,0.0030607794073667116,213,27.39169419829689,0.9858099489795918,100352
bayesfl_observability_v1,ola_sparse_bayesian_keep010_seed42,200,ola,global,,,layers.0.weight,raw,40,0.0030995234274264778,0.0031770114675460106,0.0031382674474862444,196,25.205502642564134,0.9877630739795918,100352
bayesfl_observability_v1,ola_sparse_bayesian_keep010_seed42,200,ola,global,,,layers.0.weight,raw,41,0.0031770114675460106,0.003254499507665543,0.0032157554876057768,167,21.476117047490987,0.9894272161989796,100352
bayesfl_observability_v1,ola_sparse_bayesian_keep010_seed42,200,ola,global,,,layers.0.weight,raw,42,0.003254499507665543,0.0033319875477850753,0.003293243527725309,137,17.618131949139315,0.9907924107142857,100352
bayesfl_observability_v1,ola_sparse_bayesian_keep010_seed42,200,ola,global,,,layers.0.weight,raw,43,0.0033319875477850753,0.003409475587904608,0.0033707315678448415,116,14.917542380293058,0.9919483418367347,100352
bayesfl_observability_v1,ola_sparse_bayesian_keep010_seed42,200,ola,global,,,layers.0.weight,raw,44,0.003409475587904608,0.0034869636280241405,0.0034482196079643744,108,13.88874635406603,0.9930245535714286,100352
bayesfl_observability_v1,ola_sparse_bayesian_keep010_seed42,200,ola,global,,,layers.0.weight,raw,45,0.0034869636280241405,0.003564451668143673,0.0035257076480839067,107,13.76014685078764,0.9940908003826531,100352
bayesfl_observability_v1,ola_sparse_bayesian_keep010_seed42,200,ola,global,,,layers.0.weight,raw,46,0.003564451668143673,0.0036419397082632058,0.0036031956882034396,77,9.902161752435909,0.9948580994897959,100352
bayesfl_observability_v1,ola_sparse_bayesian_keep010_seed42,200,ola,global,,,layers.0.weight,raw,47,0.0036419397082632058,0.003719427748382738,0.003680683728322972,72,9.259164236044018,0.9955755739795918,100352
bayesfl_observability_v1,ola_sparse_bayesian_keep010_seed42,200,ola,global,,,layers.0.weight,raw,48,0.003719427748382738,0.0037969157885022705,0.0037581717684425043,65,8.358967713095295,0.996223294005102,100352
bayesfl_observability_v1,ola_sparse_bayesian_keep010_seed42,200,ola,global,,,layers.0.weight,raw,49,0.0037969157885022705,0.0038744038286218033,0.0038356598085620367,62,7.973169203260083,0.9968411192602041,100352
bayesfl_observability_v1,ola_sparse_bayesian_keep010_seed42,200,ola,global,,,layers.0.weight,raw,50,0.0038744038286218033,0.003951891868741336,0.00391314784868157,41,5.2725796344139555,0.9972496811224489,100352
bayesfl_observability_v1,ola_sparse_bayesian_keep010_seed42,200,ola,global,,,layers.0.weight,raw,51,0.003951891868741336,0.004029379908860868,0.0039906358888011015,64,8.230368209816906,0.9978874362244898,100352
bayesfl_observability_v1,ola_sparse_bayesian_keep010_seed42,200,ola,global,,,layers.0.weight,raw,52,0.004029379908860868,0.0041068679489804005,0.004068123928920635,44,5.658378144249123,0.9983258928571429,100352
bayesfl_observability_v1,ola_sparse_bayesian_keep010_seed42,200,ola,global,,,layers.0.weight,raw,53,0.0041068679489804005,0.004184355989099933,0.004145611969040166,29,3.7293855950732855,0.9986148756377551,100352
bayesfl_observability_v1,ola_sparse_bayesian_keep010_seed42,200,ola,global,,,layers.0.weight,raw,54,0.004184355989099933,0.004261844029219466,0.0042231000091596995,18,2.314791059010979,0.9987942442602041,100352
bayesfl_observability_v1,ola_sparse_bayesian_keep010_seed42,200,ola,global,,,layers.0.weight,raw,55,0.004261844029219466,0.0043393320693389985,0.004300588049279233,16,2.0575920524542264,0.9989536830357143,100352
bayesfl_observability_v1,ola_sparse_bayesian_keep010_seed42,200,ola,global,,,layers.0.weight,raw,56,0.0043393320693389985,0.004416820109458531,0.004378076089398764,18,2.3147910590110046,0.9991330516581632,100352
bayesfl_observability_v1,ola_sparse_bayesian_keep010_seed42,200,ola,global,,,layers.0.weight,raw,57,0.004416820109458531,0.004494308149578063,0.0044555641295182975,12,1.5431940393406698,0.9992526307397959,100352
bayesfl_observability_v1,ola_sparse_bayesian_keep010_seed42,200,ola,global,,,layers.0.weight,raw,58,0.004494308149578063,0.004571796189697596,0.004533052169637829,10,1.2859950327838916,0.9993522799744898,100352
bayesfl_observability_v1,ola_sparse_bayesian_keep010_seed42,200,ola,global,,,layers.0.weight,raw,59,0.004571796189697596,0.004649284229817128,0.004610540209757362,12,1.5431940393406698,0.9994718590561225,100352
bayesfl_observability_v1,ola_sparse_bayesian_keep010_seed42,200,ola,global,,,layers.0.weight,raw,60,0.004649284229817128,0.004726772269936661,0.004688028249876895,7,0.900196522948714,0.9995416135204082,100352
bayesfl_observability_v1,ola_sparse_bayesian_keep010_seed42,200,ola,global,,,layers.0.weight,raw,61,0.004726772269936661,0.004804260310056194,0.004765516289996427,8,1.0287960262271132,0.9996213329081632,100352
bayesfl_observability_v1,ola_sparse_bayesian_keep010_seed42,200,ola,global,,,layers.0.weight,raw,62,0.004804260310056194,0.004881748350175726,0.00484300433011596,6,0.7715970196703349,0.9996811224489796,100352
bayesfl_observability_v1,ola_sparse_bayesian_keep010_seed42,200,ola,global,,,layers.0.weight,raw,63,0.004881748350175726,0.0049592363902952585,0.004920492370235492,6,0.7715970196703349,0.9997409119897959,100352
bayesfl_observability_v1,ola_sparse_bayesian_keep010_seed42,200,ola,global,,,layers.0.weight,raw,64,0.0049592363902952585,0.005036724430414791,0.004997980410355025,7,0.9001965229487241,0.9998106664540817,100352
bayesfl_observability_v1,ola_sparse_bayesian_keep010_seed42,200,ola,global,,,layers.0.weight,raw,65,0.005036724430414791,0.005114212470534323,0.005075468450474557,3,0.38579850983516745,0.9998405612244898,100352
bayesfl_observability_v1,ola_sparse_bayesian_keep010_seed42,200,ola,global,,,layers.0.weight,raw,66,0.005114212470534323,0.005191700510653856,0.00515295649059409,2,0.2571990065567783,0.9998604910714286,100352
bayesfl_observability_v1,ola_sparse_bayesian_keep010_seed42,200,ola,global,,,layers.0.weight,raw,67,0.005191700510653856,0.005269188550773389,0.005230444530713622,3,0.3857985098351631,0.9998903858418368,100352
bayesfl_observability_v1,ola_sparse_bayesian_keep010_seed42,200,ola,global,,,layers.0.weight,raw,68,0.005269188550773389,0.005346676590892921,0.005307932570833155,2,0.2571990065567783,0.9999103156887755,100352
bayesfl_observability_v1,ola_sparse_bayesian_keep010_seed42,200,ola,global,,,layers.0.weight,raw,69,0.005346676590892921,0.005424164631012454,0.005385420610952688,2,0.2571990065567783,0.9999302455357143,100352
bayesfl_observability_v1,ola_sparse_bayesian_keep010_seed42,200,ola,global,,,layers.0.weight,raw,70,0.005424164631012454,0.005501652671131986,0.005462908651072219,1,0.12859950327838915,0.9999402104591837,100352
bayesfl_observability_v1,ola_sparse_bayesian_keep010_seed42,200,ola,global,,,layers.0.weight,raw,71,0.005501652671131986,0.005579140711251518,0.005540396691191753,0,0.0,0.9999402104591837,100352
bayesfl_observability_v1,ola_sparse_bayesian_keep010_seed42,200,ola,global,,,layers.0.weight,raw,72,0.005579140711251518,0.005656628751371051,0.005617884731311284,2,0.2571990065567783,0.9999601403061225,100352
bayesfl_observability_v1,ola_sparse_bayesian_keep010_seed42,200,ola,global,,,layers.0.weight,raw,73,0.005656628751371051,0.005734116791490584,0.005695372771430817,1,0.1285995032783877,0.9999701052295918,100352
bayesfl_observability_v1,ola_sparse_bayesian_keep010_seed42,200,ola,global,,,layers.0.weight,raw,74,0.005734116791490584,0.0058116048316101164,0.005772860811550351,0,0.0,0.9999701052295918,100352
bayesfl_observability_v1,ola_sparse_bayesian_keep010_seed42,200,ola,global,,,layers.0.weight,raw,75,0.0058116048316101164,0.005889092871729649,0.005850348851669882,1,0.12859950327838915,0.9999800701530612,100352
bayesfl_observability_v1,ola_sparse_bayesian_keep010_seed42,200,ola,global,,,layers.0.weight,raw,76,0.005889092871729649,0.005966580911849181,0.0059278368917894154,1,0.12859950327838915,0.9999900350765306,100352
bayesfl_observability_v1,ola_sparse_bayesian_keep010_seed42,200,ola,global,,,layers.0.weight,raw,77,0.005966580911849181,0.006044068951968714,0.006005324931908947,0,0.0,0.9999900350765306,100352
bayesfl_observability_v1,ola_sparse_bayesian_keep010_seed42,200,ola,global,,,layers.0.weight,raw,78,0.006044068951968714,0.006121556992088246,0.00608281297202848,0,0.0,0.9999900350765306,100352
bayesfl_observability_v1,ola_sparse_bayesian_keep010_seed42,200,ola,global,,,layers.0.weight,raw,79,0.006121556992088246,0.006199045032207779,0.006160301012148013,1,0.1285995032783877,1.0,100352
bayesfl_observability_v1,ola_sparse_bayesian_keep010_seed42,200,ola,global,,,layers.0.weight,db,0,-174.78119315222247,-173.14834703999156,-173.96477009610703,1,6.102794007803334e-06,9.964923469387754e-06,100352
bayesfl_observability_v1,ola_sparse_bayesian_keep010_seed42,200,ola,global,,,layers.0.weight,db,1,-173.14834703999156,-171.51550092776068,-172.33192398387612,0,0.0,9.964923469387754e-06,100352
bayesfl_observability_v1,ola_sparse_bayesian_keep010_seed42,200,ola,global,,,layers.0.weight,db,2,-171.51550092776068,-169.88265481552978,-170.69907787164522,0,0.0,9.964923469387754e-06,100352
bayesfl_observability_v1,ola_sparse_bayesian_keep010_seed42,200,ola,global,,,layers.0.weight,db,3,-169.88265481552978,-168.24980870329887,-169.06623175941434,0,0.0,9.964923469387754e-06,100352
bayesfl_observability_v1,ola_sparse_bayesian_keep010_seed42,200,ola,global,,,layers.0.weight,db,4,-168.24980870329887,-166.616962591068,-167.43338564718343,0,0.0,9.964923469387754e-06,100352
bayesfl_observability_v1,ola_sparse_bayesian_keep010_seed42,200,ola,global,,,layers.0.weight,db,5,-166.616962591068,-164.98411647883708,-165.80053953495252,0,0.0,9.964923469387754e-06,100352
bayesfl_observability_v1,ola_sparse_bayesian_keep010_seed42,200,ola,global,,,layers.0.weight,db,6,-164.98411647883708,-163.35127036660617,-164.16769342272164,0,0.0,9.964923469387754e-06,100352
bayesfl_observability_v1,ola_sparse_bayesian_keep010_seed42,200,ola,global,,,layers.0.weight,db,7,-163.35127036660617,-161.7184242543753,-162.53484731049073,0,0.0,9.964923469387754e-06,100352
bayesfl_observability_v1,ola_sparse_bayesian_keep010_seed42,200,ola,global,,,layers.0.weight,db,8,-161.7184242543753,-160.08557814214439,-160.90200119825982,0,0.0,9.964923469387754e-06,100352
bayesfl_observability_v1,ola_sparse_bayesian_keep010_seed42,200,ola,global,,,layers.0.weight,db,9,-160.08557814214439,-158.45273202991348,-159.26915508602895,0,0.0,9.964923469387754e-06,100352
bayesfl_observability_v1,ola_sparse_bayesian_keep010_seed42,200,ola,global,,,layers.0.weight,db,10,-158.45273202991348,-156.8198859176826,-157.63630897379804,0,0.0,9.964923469387754e-06,100352
bayesfl_observability_v1,ola_sparse_bayesian_keep010_seed42,200,ola,global,,,layers.0.weight,db,11,-156.8198859176826,-155.1870398054517,-156.00346286156713,0,0.0,9.964923469387754e-06,100352
bayesfl_observability_v1,ola_sparse_bayesian_keep010_seed42,200,ola,global,,,layers.0.weight,db,12,-155.1870398054517,-153.55419369322078,-154.37061674933625,1,6.102794007803334e-06,1.992984693877551e-05,100352
bayesfl_observability_v1,ola_sparse_bayesian_keep010_seed42,200,ola,global,,,layers.0.weight,db,13,-153.55419369322078,-151.9213475809899,-152.73777063710534,0,0.0,1.992984693877551e-05,100352
bayesfl_observability_v1,ola_sparse_bayesian_keep010_seed42,200,ola,global,,,layers.0.weight,db,14,-151.9213475809899,-150.288501468759,-151.10492452487443,2,1.2205588015606668e-05,3.985969387755102e-05,100352
bayesfl_observability_v1,ola_sparse_bayesian_keep010_seed42,200,ola,global,,,layers.0.weight,db,15,-150.288501468759,-148.6556553565281,-149.47207841264355,0,0.0,3.985969387755102e-05,100352
bayesfl_observability_v1,ola_sparse_bayesian_keep010_seed42,200,ola,global,,,layers.0.weight,db,16,-148.6556553565281,-147.0228092442972,-147.83923230041265,1,6.102794007803441e-06,4.982461734693878e-05,100352
bayesfl_observability_v1,ola_sparse_bayesian_keep010_seed42,200,ola,global,,,layers.0.weight,db,17,-147.0228092442972,-145.3899631320663,-146.20638618818174,1,6.102794007803334e-06,5.978954081632653e-05,100352
bayesfl_observability_v1,ola_sparse_bayesian_keep010_seed42,200,ola,global,,,layers.0.weight,db,18,-145.3899631320663,-143.7571170198354,-144.57354007595086,0,0.0,5.978954081632653e-05,100352
bayesfl_observability_v1,ola_sparse_bayesian_keep010_seed42,200,ola,global,,,layers.0.weight,db,19,-143.7571170198354,-142.1242709076045,-142.94069396371995,1,6.102794007803441e-06,6.975446428571428e-05,100352
bayesfl_observability_v1,ola_sparse_bayesian_keep010_seed42,200,ola,global,,,layers.0.weight,db,20,-142.1242709076045,-140.4914247953736,-141.30784785148904,0,0.0,6.975446428571428e-05,100352
bayesfl_observability_v1,ola_sparse_bayesian_keep010_seed42,200,ola,global,,,layers.0.weight,db,21,-140.4914247953736,-138.8585786831427,-139.67500173925816,1,6.102794007803334e-06,7.971938775510203e-05,100352
bayesfl_observability_v1,ola_sparse_bayesian_keep010_seed42,200,ola,global,,,layers.0.weight,db,22,-138.8585786831427,-137.22573257091182,-138.04215562702726,0,0.0,7.971938775510203e-05,100352
bayesfl_observability_v1,ola_sparse_bayesian_keep010_seed42,200,ola,global,,,layers.0.weight,db,23,-137.22573257091182,-135.5928864586809,-136.40930951479635,1,6.102794007803334e-06,8.96843112244898e-05,100352
bayesfl_observability_v1,ola_sparse_bayesian_keep010_seed42,200,ola,global,,,layers.0.weight,db,24,-135.5928864586809,-133.96004034645,-134.77646340256547,2,1.2205588015606668e-05,0.0001096141581632653,100352
bayesfl_observability_v1,ola_sparse_bayesian_keep010_seed42,200,ola,global,,,layers.0.weight,db,25,-133.96004034645,-132.32719423421912,-133.14361729033456,1,6.102794007803441e-06,0.00011957908163265306,100352
bayesfl_observability_v1,ola_sparse_bayesian_keep010_seed42,200,ola,global,,,layers.0.weight,db,26,-132.32719423421912,-130.6943481219882,-131.51077117810365,8,4.882235206242667e-05,0.0001992984693877551,100352
bayesfl_observability_v1,ola_sparse_bayesian_keep010_seed42,200,ola,global,,,layers.0.weight,db,27,-130.6943481219882,-129.0615020097573,-129.87792506587277,2,1.2205588015606668e-05,0.0002192283163265306,100352
bayesfl_observability_v1,ola_sparse_bayesian_keep010_seed42,200,ola,global,,,layers.0.weight,db,28,-129.0615020097573,-127.42865589752641,-128.24507895364187,4,2.441117603121355e-05,0.00025908801020408165,100352
bayesfl_observability_v1,ola_sparse_bayesian_keep010_seed42,200,ola,global,,,layers.0.weight,db,29,-127.42865589752641,-125.79580978529552,-126.61223284141096,5,3.0513970039016937e-05,0.0003089126275510204,100352
bayesfl_observability_v1,ola_sparse_bayesian_keep010_seed42,200,ola,global,,,layers.0.weight,db,30,-125.79580978529552,-124.16296367306461,-124.97938672918006,11,6.713073408583668e-05,0.0004185267857142857,100352
bayesfl_observability_v1,ola_sparse_bayesian_keep010_seed42,200,ola,global,,,layers.0.weight,db,31,-124.16296367306461,-122.53011756083372,-123.34654061694917,12,7.323352809364064e-05,0.0005381058673469387,100352
bayesfl_observability_v1,ola_sparse_bayesian_keep010_seed42,200,ola,global,,,layers.0.weight,db,32,-122.53011756083372,-120.89727144860282,-121.71369450471826,8,4.88223520624271e-05,0.0006178252551020409,100352
bayesfl_observability_v1,ola_sparse_bayesian_keep010_seed42,200,ola,global,,,layers.0.weight,db,33,-120.89727144860282,-119.26442533637191,-120.08084839248737,14,8.543911610924668e-05,0.0007573341836734694,100352
bayesfl_observability_v1,ola_sparse_bayesian_keep010_seed42,200,ola,global,,,layers.0.weight,db,34,-119.26442533637191,-117.63157922414102,-118.44800228025647,14,8.543911610924743e-05,0.000896843112244898,100352
bayesfl_observability_v1,ola_sparse_bayesian_keep010_seed42,200,ola,global,,,layers.0.weight,db,35,-117.63157922414102,-115.99873311191013,-116.81515616802557,13,7.933632210144403e-05,0.0010263871173469387,100352
bayesfl_observability_v1,ola_sparse_bayesian_keep010_seed42,200,ola,global,,,layers.0.weight,db,36,-115.99873311191013,-114.36588699967922,-115.18231005579467,26,0.00015867264420288667,0.0012854751275510204,100352
bayesfl_observability_v1,ola_sparse_bayesian_keep010_seed42,200,ola,global,,,layers.0.weight,db,37,-114.36588699967922,-112.73304088744833,-113.54946394356378,25,0.00015256985019508469,0.0015345982142857143,100352
bayesfl_observability_v1,ola_sparse_bayesian_keep010_seed42,200,ola,global,,,layers.0.weight,db,38,-112.73304088744833,-111.10019477521743,-111.91661783133287,35,0.00021359779027311856,0.0018833705357142857,100352
bayesfl_observability_v1,ola_sparse_bayesian_keep010_seed42,200,ola,global,,,layers.0.weight,db,39,-111.10019477521743,-109.46734866298652,-110.28377171910198,32,0.00019528940824970668,0.002202248086734694,100352
bayesfl_observability_v1,ola_sparse_bayesian_keep010_seed42,200,ola,global,,,layers.0.weight,db,40,-109.46734866298652,-107.83450255075563,-108.65092560687108,44,0.00026852293634334904,0.002640704719387755,100352
bayesfl_observability_v1,ola_sparse_bayesian_keep010_seed42,200,ola,global,,,layers.0.weight,db,41,-107.83450255075563,-106.20165643852474,-107.01807949464018,66,0.0004027844045150235,0.003298389668367347,100352
bayesfl_observability_v1,ola_sparse_bayesian_keep010_seed42,200,ola,global,,,layers.0.weight,db,42,-106.20165643852474,-104.56881032629383,-105.38523338240928,63,0.00038447602249161005,0.003926179846938775,100352
bayesfl_observability_v1,ola_sparse_bayesian_keep010_seed42,200,ola,global,,,layers.0.weight,db,43,-104.56881032629383,-102.93596421406293,-103.75238727017839,85,0.0005187374906632879,0.0047731983418367345,100352
bayesfl_observability_v1,ola_sparse_bayesian_keep010_seed42,200,ola,global,,,layers.0.weight,db,44,-102.93596421406293,-101.30311810183204,-102.11954115794748,95,0.0005797654307413218,0.005719866071428571,100352
bayesfl_observability_v1,ola_sparse_bayesian_keep010_seed42,200,ola,global,,,layers.0.weight,db,45,-101.30311810183204,-99.67027198960113,-100.48669504571659,115,0.0007018213108973834,0.006865832270408163,100352
bayesfl_observability_v1,ola_sparse_bayesian_keep010_seed42,200,ola,global,,,layers.0.weight,db,46,-99.67027198960113,-98.03742587737024,-98.8538489334857,125,0.0007628492509754234,0.008111447704081632,100352
bayesfl_observability_v1,ola_sparse_bayesian_keep010_seed42,200,ola,global,,,layers.0.weight,db,47,-98.03742587737024,-96.40457976513935,-97.22100282125479,193,0.0011778392435060536,0.010034677933673469,100352
bayesfl_observability_v1,ola_sparse_bayesian_keep010_seed42,200,ola,global,,,layers.0.weight,db,48,-96.40457976513935,-94.77173365290844,-95.58815670902389,202,0.0012327643895762735,0.012047592474489796,100352
bayesfl_observability_v1,ola_sparse_bayesian_keep010_seed42,200,ola,global,,,layers.0.weight,db,49,-94.77173365290844,-93.13888754067754,-93.955310596793,260,0.0015867264420288806,0.014638472576530613,100352
bayesfl_observability_v1,ola_sparse_bayesian_keep010_seed42,200,ola,global,,,layers.0.weight,db,50,-93.13888754067754,-91.50604142844664,-92.32246448456209,328,0.0020017164345594936,0.017906967474489797,100352
bayesfl_observability_v1,ola_sparse_bayesian_keep010_seed42,200,ola,global,,,layers.0.weight,db,51,-91.50604142844664,-89.87319531621574,-90.68961837233118,348,0.0021237723147155786,0.021374760841836735,100352
bayesfl_observability_v1,ola_sparse_bayesian_keep010_seed42,200,ola,global,,,layers.0.weight,db,52,-89.87319531621574,-88.24034920398485,-89.0567722601003,445,0.0027157433334725075,0.025809151785714284,100352
bayesfl_observability_v1,ola_sparse_bayesian_keep010_seed42,200,ola,global,,,layers.0.weight,db,53,-88.24034920398485,-86.60750309175394,-87.4239261478694,567,0.0034602842024244905,0.031459263392857144,100352
bayesfl_observability_v1,ola_sparse_bayesian_keep010_seed42,200,ola,global,,,layers.0.weight,db,54,-86.60750309175394,-84.97465697952305,-85.79108003563849,642,0.003917993753009774,0.03785674426020408,100352
bayesfl_observability_v1,ola_sparse_bayesian_keep010_seed42,200,ola,global,,,layers.0.weight,db,55,-84.97465697952305,-83.34181086729215,-84.15823392340761,780,0.004760179326086642,0.04562938456632653,100352
bayesfl_observability_v1,ola_sparse_bayesian_keep010_seed42,200,ola,global,,,layers.0.weight,db,56,-83.34181086729215,-81.70896475506125,-82.5253878111767,943,0.005754934749358544,0.05502630739795918,100352
bayesfl_observability_v1,ola_sparse_bayesian_keep010_seed42,200,ola,global,,,layers.0.weight,db,57,-81.70896475506125,-80.07611864283035,-80.89254169894579,1184,0.0072257081052392105,0.06682477678571429,100352
bayesfl_observability_v1,ola_sparse_bayesian_keep010_seed42,200,ola,global,,,layers.0.weight,db,58,-80.07611864283035,-78.44327253059946,-79.25969558671491,1366,0.008336416614659427,0.08043686224489796,100352
bayesfl_observability_v1,ola_sparse_bayesian_keep010_seed42,200,ola,global,,,layers.0.weight,db,59,-78.44327253059946,-76.81042641836855,-77.626849474484,1606,0.009801087176532155,0.09644052933673469,100352
bayesfl_observability_v1,ola_sparse_bayesian_keep010_seed42,200,ola,global,,,layers.0.weight,db,60,-76.81042641836855,-75.17758030613766,-75.9940033622531,2016,0.01230323271973163,0.1165298150510204,100352
bayesfl_observability_v1,ola_sparse_bayesian_keep010_seed42,200,ola,global,,,layers.0.weight,db,61,-75.17758030613766,-73.54473419390676,-74.36115725002222,2428,0.014817583850946624,0.14072464923469388,100352
bayesfl_observability_v1,ola_sparse_bayesian_keep010_seed42,200,ola,global,,,layers.0.weight,db,62,-73.54473419390676,-71.91188808167585,-72.72831113779131,2924,0.017844569678816948,0.1698620854591837,100352
bayesfl_observability_v1,ola_sparse_bayesian_keep010_seed42,200,ola,global,,,layers.0.weight,db,63,-71.91188808167585,-70.27904196944496,-71.0954650255604,3527,0.021524554465522545,0.20500837053571427,100352
bayesfl_observability_v1,ola_sparse_bayesian_keep010_seed42,200,ola,global,,,layers.0.weight,db,64,-70.27904196944496,-68.64619585721407,-69.46261891332952,4288,0.026168780705460925,0.24773796237244897,100352
bayesfl_observability_v1,ola_sparse_bayesian_keep010_seed42,200,ola,global,,,layers.0.weight,db,65,-68.64619585721407,-67.01334974498316,-67.82977280109861,5179,0.03160637016641347,0.29934630102040816,100352
bayesfl_observability_v1,ola_sparse_bayesian_keep010_seed42,200,ola,global,,,layers.0.weight,db,66,-67.01334974498316,-65.38050363275227,-66.1969266888677,6251,0.038148565342778974,0.361637037627551,100352
bayesfl_observability_v1,ola_sparse_bayesian_keep010_seed42,200,ola,global,,,layers.0.weight,db,67,-65.38050363275227,-63.74765752052137,-64.56408057663683,7481,0.04565500197237714,0.43618463010204084,100352
bayesfl_observability_v1,ola_sparse_bayesian_keep010_seed42,200,ola,global,,,layers.0.weight,db,68,-63.74765752052137,-62.114811408290464,-62.93123446440592,8936,0.05453456725373059,0.5252311862244898,100352
bayesfl_observability_v1,ola_sparse_bayesian_keep010_seed42,200,ola,global,,,layers.0.weight,db,69,-62.114811408290464,-60.48196529605957,-61.29838835217502,10537,0.06430514046022429,0.6302315848214286,100352
bayesfl_observability_v1,ola_sparse_bayesian_keep010_seed42,200,ola,global,,,layers.0.weight,db,70,-60.48196529605957,-58.84911918382868,-59.66554223994412,11621,0.07092056916468316,0.7460339604591837,100352
bayesfl_observability_v1,ola_sparse_bayesian_keep010_seed42,200,ola,global,,,layers.0.weight,db,71,-58.84911918382868,-57.21627307159777,-58.03269612771322,7152,0.043647182743809444,0.8173030931122449,100352
bayesfl_observability_v1,ola_sparse_bayesian_keep010_seed42,200,ola,global,,,layers.0.weight,db,72,-57.21627307159777,-55.583426959366875,-56.39985001548232,5383,0.032851340144005634,0.8709442761479592,100352
bayesfl_observability_v1,ola_sparse_bayesian_keep010_seed42,200,ola,global,,,layers.0.weight,db,73,-55.583426959366875,-53.95058084713598,-54.76700390325143,4763,0.029067607859167535,0.9184072066326531,100352
bayesfl_observability_v1,ola_sparse_bayesian_keep010_seed42,200,ola,global,,,layers.0.weight,db,74,-53.95058084713598,-52.31773473490507,-53.13415779102053,3757,0.022928197087317127,0.9558454241071429,100352
bayesfl_observability_v1,ola_sparse_bayesian_keep010_seed42,200,ola,global,,,layers.0.weight,db,75,-52.31773473490507,-50.68488862267418,-51.50131167878963,2511,0.015324115753594304,0.9808673469387755,100352
bayesfl_observability_v1,ola_sparse_bayesian_keep010_seed42,200,ola,global,,,layers.0.weight,db,76,-50.68488862267418,-49.052042510443286,-49.86846556655873,1276,0.007787165153957122,0.9935825892857143,100352
bayesfl_observability_v1,ola_sparse_bayesian_keep010_seed42,200,ola,global,,,layers.0.weight,db,77,-49.052042510443286,-47.41919639821238,-48.23561945432783,521,0.003179555678065537,0.9987743144132653,100352
bayesfl_observability_v1,ola_sparse_bayesian_keep010_seed42,200,ola,global,,,layers.0.weight,db,78,-47.41919639821238,-45.786350285981484,-46.60277334209693,107,0.0006529989588349624,0.9998405612244898,100352
bayesfl_observability_v1,ola_sparse_bayesian_keep010_seed42,200,ola,global,,,layers.0.weight,db,79,-45.786350285981484,-44.153504173750584,-44.96992722986603,16,9.764470412485376e-05,1.0,100352
bayesfl_observability_v1,ola_sparse_bayesian_keep010_seed42,200,ola,global,,,layers.0.bias,raw,0,8.020214628369947e-06,7.383524408991222e-05,4.0927729359141086e-05,6,712.2233384000913,0.046875,128
bayesfl_observability_v1,ola_sparse_bayesian_keep010_seed42,200,ola,global,,,layers.0.bias,raw,1,7.383524408991222e-05,0.0001396502735514545,0.00010674275882068336,5,593.5194486667427,0.0859375,128
bayesfl_observability_v1,ola_sparse_bayesian_keep010_seed42,200,ola,global,,,layers.0.bias,raw,2,0.0001396502735514545,0.00020546530301299677,0.00017255778828222562,6,712.2233384000913,0.1328125,128
bayesfl_observability_v1,ola_sparse_bayesian_keep010_seed42,200,ola,global,,,layers.0.bias,raw,3,0.00020546530301299677,0.00027128033247453905,0.00023837281774376792,4,474.8155589333942,0.1640625,128
bayesfl_observability_v1,ola_sparse_bayesian_keep010_seed42,200,ola,global,,,layers.0.bias,raw,4,0.00027128033247453905,0.0003370953619360813,0.00030418784720531017,3,356.11166920004575,0.1875,128
bayesfl_observability_v1,ola_sparse_bayesian_keep010_seed42,200,ola,global,,,layers.0.bias,raw,5,0.0003370953619360813,0.0004029103913976236,0.0003700028766668524,7,830.9272281334395,0.2421875,128
bayesfl_observability_v1,ola_sparse_bayesian_keep010_seed42,200,ola,global,,,layers.0.bias,raw,6,0.0004029103913976236,0.0004687254208591659,0.0004358179061283948,3,356.11166920004547,0.265625,128
bayesfl_observability_v1,ola_sparse_bayesian_keep010_seed42,200,ola,global,,,layers.0.bias,raw,7,0.0004687254208591659,0.0005345404503207081,0.000501632935589937,5,593.519448666743,0.3046875,128
bayesfl_observability_v1,ola_sparse_bayesian_keep010_seed42,200,ola,global,,,layers.0.bias,raw,8,0.0005345404503207081,0.0006003554797822504,0.0005674479650514793,3,356.11166920004575,0.328125,128
bayesfl_observability_v1,ola_sparse_bayesian_keep010_seed42,200,ola,global,,,layers.0.bias,raw,9,0.0006003554797822504,0.0006661705092437926,0.0006332629945130215,4,474.81555893339436,0.359375,128
bayesfl_observability_v1,ola_sparse_bayesian_keep010_seed42,200,ola,global,,,layers.0.bias,raw,10,0.0006661705092437926,0.000731985538705335,0.0006990780239745638,2,237.4077794666968,0.375,128
bayesfl_observability_v1,ola_sparse_bayesian_keep010_seed42,200,ola,global,,,layers.0.bias,raw,11,0.000731985538705335,0.0007978005681668772,0.0007648930534361061,4,474.81555893339436,0.40625,128
bayesfl_observability_v1,ola_sparse_bayesian_keep010_seed42,200,ola,global,,,layers.0.bias,raw,12,0.0007978005681668772,0.0008636155976284195,0.0008307080828976484,3,356.11166920004575,0.4296875,128
bayesfl_observability_v1,ola_sparse_bayesian_keep010_seed42,200,ola,global,,,layers.0.bias,raw,13,0.0008636155976284195,0.0009294306270899619,0.0008965231123591907,3,356.1116692000452,0.453125,128
bayesfl_observability_v1,ola_sparse_bayesian_keep010_seed42,200,ola,global,,,layers.0.bias,raw,14,0.0009294306270899619,0.000995245656551504,0.000962338141820733,1,118.70388973334879,0.4609375,128
bayesfl_observability_v1,ola_sparse_bayesian_keep010_seed42,200,ola,global,,,layers.0.bias,raw,15,0.000995245656551504,0.0010610606860130462,0.0010281531712822752,4,474.81555893339436,0.4921875,128
bayesfl_observability_v1,ola_sparse_bayesian_keep010_seed42,200,ola,global,,,layers.0.bias,raw,16,0.0010610606860130462,0.0011268757154745885,0.0010939682007438173,2,237.40777946669718,0.5078125,128
bayesfl_observability_v1,ola_sparse_bayesian_keep010_seed42,200,ola,global,,,layers.0.bias,raw,17,0.0011268757154745885,0.0011926907449361307,0.0011597832302053597,5,593.519448666743,0.546875,128
bayesfl_observability_v1,ola_sparse_bayesian_keep010_seed42,200,ola,global,,,layers.0.bias,raw,18,0.0011926907449361307,0.001258505774397673,0.0012255982596669017,1,118.70388973334859,0.5546875,128
bayesfl_observability_v1,ola_sparse_bayesian_keep010_seed42,200,ola,global,,,layers.0.bias,raw,19,0.001258505774397673,0.0013243208038592152,0.0012914132891284442,7,830.9272281334402,0.609375,128
bayesfl_observability_v1,ola_sparse_bayesian_keep010_seed42,200,ola,global,,,layers.0.bias,raw,20,0.0013243208038592152,0.0013901358333207577,0.0013572283185899865,4,474.8155589333928,0.640625,128
bayesfl_observability_v1,ola_sparse_bayesian_keep010_seed42,200,ola,global,,,layers.0.bias,raw,21,0.0013901358333207577,0.0014559508627823,0.0014230433480515287,2,237.40777946669718,0.65625,128
bayesfl_observability_v1,ola_sparse_bayesian_keep010_seed42,200,ola,global,,,layers.0.bias,raw,22,0.0014559508627823,0.0015217658922438422,0.0014888583775130712,2,237.40777946669718,0.671875,128
bayesfl_observability_v1,ola_sparse_bayesian_keep010_seed42,200,ola,global,,,layers.0.bias,raw,23,0.0015217658922438422,0.0015875809217053844,0.0015546734069746132,4,474.81555893339436,0.703125,128
bayesfl_observability_v1,ola_sparse_bayesian_keep010_seed42,200,ola,global,,,layers.0.bias,raw,24,0.0015875809217053844,0.0016533959511669267,0.0016204884364361557,3,356.11166920004575,0.7265625,128
bayesfl_observability_v1,ola_sparse_bayesian_keep010_seed42,200,ola,global,,,layers.0.bias,raw,25,0.0016533959511669267,0.001719210980628469,0.0016863034658976977,3,356.11166920004575,0.75,128
bayesfl_observability_v1,ola_sparse_bayesian_keep010_seed42,200,ola,global,,,layers.0.bias,raw,26,0.001719210980628469,0.0017850260100900112,0.0017521184953592402,2,237.40777946669718,0.765625,128
bayesfl_observability_v1,ola_sparse_bayesian_keep010_seed42,200,ola,global,,,layers.0.bias,raw,27,0.0017850260100900112,0.0018508410395515536,0.0018179335248207824,3,356.1116692000446,0.7890625,128
bayesfl_observability_v1,ola_sparse_bayesian_keep010_seed42,200,ola,global,,,layers.0.bias,raw,28,0.0018508410395515536,0.0019166560690130959,0.0018837485542823247,2,237.40777946669718,0.8046875,128
bayesfl_observability_v1,ola_sparse_bayesian_keep010_seed42,200,ola,global,,,layers.0.bias,raw,29,0.0019166560690130959,0.001982471098474638,0.0019495635837438671,1,118.70388973334859,0.8125,128
bayesfl_observability_v1,ola_sparse_bayesian_keep010_seed42,200,ola,global,,,layers.0.bias,raw,30,0.001982471098474638,0.00204828612793618,0.002015378613205409,1,118.70388973334899,0.8203125,128
bayesfl_observability_v1,ola_sparse_bayesian_keep010_seed42,200,ola,global,,,layers.0.bias,raw,31,0.00204828612793618,0.0021141011573977226,0.002081193642666951,1,118.7038897333482,0.828125,128
bayesfl_observability_v1,ola_sparse_bayesian_keep010_seed42,200,ola,global,,,layers.0.bias,raw,32,0.0021141011573977226,0.002179916186859265,0.002147008672128494,1,118.7038897333482,0.8359375,128
bayesfl_observability_v1,ola_sparse_bayesian_keep010_seed42,200,ola,global,,,layers.0.bias,raw,33,0.002179916186859265,0.002245731216320807,0.002212823701590036,4,474.81555893339595,0.8671875,128
bayesfl_observability_v1,ola_sparse_bayesian_keep010_seed42,200,ola,global,,,layers.0.bias,raw,34,0.002245731216320807,0.0023115462457823496,0.002278638731051578,1,118.7038897333482,0.875,128
bayesfl_observability_v1,ola_sparse_bayesian_keep010_seed42,200,ola,global,,,layers.0.bias,raw,35,0.0023115462457823496,0.0023773612752438916,0.0023444537605131206,2,237.40777946669797,0.890625,128
bayesfl_observability_v1,ola_sparse_bayesian_keep010_seed42,200,ola,global,,,layers.0.bias,raw,36,0.0023773612752438916,0.002443176304705434,0.002410268789974663,2,237.4077794666964,0.90625,128
bayesfl_observability_v1,ola_sparse_bayesian_keep010_seed42,200,ola,global,,,layers.0.bias,raw,37,0.002443176304705434,0.002508991334166976,0.002476083819436205,1,118.70388973334899,0.9140625,128
bayesfl_observability_v1,ola_sparse_bayesian_keep010_seed42,200,ola,global,,,layers.0.bias,raw,38,0.002508991334166976,0.0025748063636285186,0.002541898848897747,2,237.4077794666964,0.9296875,128
bayesfl_observability_v1,ola_sparse_bayesian_keep010_seed42,200,ola,global,,,layers.0.bias,raw,39,0.0025748063636285186,0.0026406213930900606,0.0026077138783592896,2,237.40777946669797,0.9453125,128
bayesfl_observability_v1,ola_sparse_bayesian_keep010_seed42,200,ola,global,,,layers.0.bias,raw,40,0.0026406213930900606,0.002706436422551603,0.002673528907820832,0,0.0,0.9453125,128
bayesfl_observability_v1,ola_sparse_bayesian_keep010_seed42,200,ola,global,,,layers.0.bias,raw,41,0.002706436422551603,0.0027722514520131455,0.002739343937282374,1,118.7038897333482,0.953125,128
bayesfl_observability_v1,ola_sparse_bayesian_keep010_seed42,200,ola,global,,,layers.0.bias,raw,42,0.0027722514520131455,0.0028380664814746876,0.0028051589667439166,2,237.40777946669797,0.96875,128
bayesfl_observability_v1,ola_sparse_bayesian_keep010_seed42,200,ola,global,,,layers.0.bias,raw,43,0.0028380664814746876,0.00290388151093623,0.002870973996205459,0,0.0,0.96875,128
bayesfl_observability_v1,ola_sparse_bayesian_keep010_seed42,200,ola,global,,,layers.0.bias,raw,44,0.00290388151093623,0.002969696540397772,0.002936789025667001,0,0.0,0.96875,128
bayesfl_observability_v1,ola_sparse_bayesian_keep010_seed42,200,ola,global,,,layers.0.bias,raw,45,0.002969696540397772,0.0030355115698593145,0.003002604055128543,3,356.1116692000446,0.9921875,128
bayesfl_observability_v1,ola_sparse_bayesian_keep010_seed42,200,ola,global,,,layers.0.bias,raw,46,0.0030355115698593145,0.0031013265993208566,0.0030684190845900856,0,0.0,0.9921875,128
bayesfl_observability_v1,ola_sparse_bayesian_keep010_seed42,200,ola,global,,,layers.0.bias,raw,47,0.0031013265993208566,0.003167141628782399,0.003134234114051628,0,0.0,0.9921875,128
bayesfl_observability_v1,ola_sparse_bayesian_keep010_seed42,200,ola,global,,,layers.0.bias,raw,48,0.003167141628782399,0.0032329566582439415,0.00320004914351317,0,0.0,0.9921875,128
bayesfl_observability_v1,ola_sparse_bayesian_keep010_seed42,200,ola,global,,,layers.0.bias,raw,49,0.0032329566582439415,0.0032987716877054835,0.0032658641729747125,0,0.0,0.9921875,128
bayesfl_observability_v1,ola_sparse_bayesian_keep010_seed42,200,ola,global,,,layers.0.bias,raw,50,0.0032987716877054835,0.003364586717167026,0.003331679202436255,0,0.0,0.9921875,128
bayesfl_observability_v1,ola_sparse_bayesian_keep010_seed42,200,ola,global,,,layers.0.bias,raw,51,0.003364586717167026,0.003430401746628568,0.003397494231897797,0,0.0,0.9921875,128
bayesfl_observability_v1,ola_sparse_bayesian_keep010_seed42,200,ola,global,,,layers.0.bias,raw,52,0.003430401746628568,0.0034962167760901105,0.003463309261359339,0,0.0,0.9921875,128
bayesfl_observability_v1,ola_sparse_bayesian_keep010_seed42,200,ola,global,,,layers.0.bias,raw,53,0.0034962167760901105,0.0035620318055516525,0.0035291242908208815,0,0.0,0.9921875,128
bayesfl_observability_v1,ola_sparse_bayesian_keep010_seed42,200,ola,global,,,layers.0.bias,raw,54,0.0035620318055516525,0.003627846835013195,0.003594939320282424,0,0.0,0.9921875,128
bayesfl_observability_v1,ola_sparse_bayesian_keep010_seed42,200,ola,global,,,layers.0.bias,raw,55,0.003627846835013195,0.0036936618644747374,0.003660754349743966,0,0.0,0.9921875,128
bayesfl_observability_v1,ola_sparse_bayesian_keep010_seed42,200,ola,global,,,layers.0.bias,raw,56,0.0036936618644747374,0.0037594768939362795,0.0037265693792055085,0,0.0,0.9921875,128
bayesfl_observability_v1,ola_sparse_bayesian_keep010_seed42,200,ola,global,,,layers.0.bias,raw,57,0.0037594768939362795,0.003825291923397822,0.003792384408667051,0,0.0,0.9921875,128
bayesfl_observability_v1,ola_sparse_bayesian_keep010_seed42,200,ola,global,,,layers.0.bias,raw,58,0.003825291923397822,0.003891106952859364,0.003858199438128593,0,0.0,0.9921875,128
bayesfl_observability_v1,ola_sparse_bayesian_keep010_seed42,200,ola,global,,,layers.0.bias,raw,59,0.003891106952859364,0.0039569219823209064,0.003924014467590135,0,0.0,0.9921875,128
bayesfl_observability_v1,ola_sparse_bayesian_keep010_seed42,200,ola,global,,,layers.0.bias,raw,60,0.0039569219823209064,0.0040227370117824485,0.003989829497051678,0,0.0,0.9921875,128
bayesfl_observability_v1,ola_sparse_bayesian_keep010_seed42,200,ola,global,,,layers.0.bias,raw,61,0.0040227370117824485,0.0040885520412439905,0.004055644526513219,0,0.0,0.9921875,128
bayesfl_observability_v1,ola_sparse_bayesian_keep010_seed42,200,ola,global,,,layers.0.bias,raw,62,0.0040885520412439905,0.004154367070705533,0.004121459555974762,0,0.0,0.9921875,128
bayesfl_observability_v1,ola_sparse_bayesian_keep010_seed42,200,ola,global,,,layers.0.bias,raw,63,0.004154367070705533,0.004220182100167075,0.004187274585436305,0,0.0,0.9921875,128
bayesfl_observability_v1,ola_sparse_bayesian_keep010_seed42,200,ola,global,,,layers.0.bias,raw,64,0.004220182100167075,0.0042859971296286175,0.004253089614897846,0,0.0,0.9921875,128
bayesfl_observability_v1,ola_sparse_bayesian_keep010_seed42,200,ola,global,,,layers.0.bias,raw,65,0.0042859971296286175,0.00435181215909016,0.004318904644359389,0,0.0,0.9921875,128
bayesfl_observability_v1,ola_sparse_bayesian_keep010_seed42,200,ola,global,,,layers.0.bias,raw,66,0.00435181215909016,0.004417627188551702,0.004384719673820932,0,0.0,0.9921875,128
bayesfl_observability_v1,ola_sparse_bayesian_keep010_seed42,200,ola,global,,,layers.0.bias,raw,67,0.004417627188551702,0.004483442218013244,0.004450534703282473,0,0.0,0.9921875,128
bayesfl_observability_v1,ola_sparse_bayesian_keep010_seed42,200,ola,global,,,layers.0.bias,raw,68,0.004483442218013244,0.0045492572474747865,0.004516349732744016,0,0.0,0.9921875,128
bayesfl_observability_v1,ola_sparse_bayesian_keep010_seed42,200,ola,global,,,layers.0.bias,raw,69,0.0045492572474747865,0.004615072276936329,0.004582164762205558,0,0.0,0.9921875,128
bayesfl_observability_v1,ola_sparse_bayesian_keep010_seed42,200,ola,global,,,layers.0.bias,raw,70,0.004615072276936329,0.004680887306397871,0.0046479797916671,0,0.0,0.9921875,128
bayesfl_observability_v1,ola_sparse_bayesian_keep010_seed42,200,ola,global,,,layers.0.bias,raw,71,0.004680887306397871,0.004746702335859413,0.004713794821128643,0,0.0,0.9921875,128
bayesfl_observability_v1,ola_sparse_bayesian_keep010_seed42,200,ola,global,,,layers.0.bias,raw,72,0.004746702335859413,0.004812517365320956,0.004779609850590185,0,0.0,0.9921875,128
bayesfl_observability_v1,ola_sparse_bayesian_keep010_seed42,200,ola,global,,,layers.0.bias,raw,73,0.004812517365320956,0.004878332394782498,0.004845424880051727,0,0.0,0.9921875,128
bayesfl_observability_v1,ola_sparse_bayesian_keep010_seed42,200,ola,global,,,layers.0.bias,raw,74,0.004878332394782498,0.00494414742424404,0.00491123990951327,0,0.0,0.9921875,128
bayesfl_observability_v1,ola_sparse_bayesian_keep010_seed42,200,ola,global,,,layers.0.bias,raw,75,0.00494414742424404,0.005009962453705582,0.004977054938974811,0,0.0,0.9921875,128
bayesfl_observability_v1,ola_sparse_bayesian_keep010_seed42,200,ola,global,,,layers.0.bias,raw,76,0.005009962453705582,0.005075777483167125,0.005042869968436354,0,0.0,0.9921875,128
bayesfl_observability_v1,ola_sparse_bayesian_keep010_seed42,200,ola,global,,,layers.0.bias,raw,77,0.005075777483167125,0.005141592512628667,0.005108684997897897,0,0.0,0.9921875,128
bayesfl_observability_v1,ola_sparse_bayesian_keep010_seed42,200,ola,global,,,layers.0.bias,raw,78,0.005141592512628667,0.005207407542090209,0.005174500027359438,0,0.0,0.9921875,128
bayesfl_observability_v1,ola_sparse_bayesian_keep010_seed42,200,ola,global,,,layers.0.bias,raw,79,0.005207407542090209,0.005273222571551751,0.005240315056820981,1,118.70388973334899,1.0,128
bayesfl_observability_v1,ola_sparse_bayesian_keep010_seed42,200,ola,global,,,layers.0.bias,db,0,-101.91627910575731,-101.2118065913227,-101.56404284854,1,0.011089857787099132,0.0078125,128
bayesfl_observability_v1,ola_sparse_bayesian_keep010_seed42,200,ola,global,,,layers.0.bias,db,1,-101.2118065913227,-100.5073340768881,-100.8595703341054,0,0.0,0.0078125,128
bayesfl_observability_v1,ola_sparse_bayesian_keep010_seed42,200,ola,global,,,layers.0.bias,db,2,-100.5073340768881,-99.80286156245349,-100.1550978196708,0,0.0,0.0078125,128
bayesfl_observability_v1,ola_sparse_bayesian_keep010_seed42,200,ola,global,,,layers.0.bias,db,3,-99.80286156245349,-99.09838904801887,-99.45062530523617,0,0.0,0.0078125,128
bayesfl_observability_v1,ola_sparse_bayesian_keep010_seed42,200,ola,global,,,layers.0.bias,db,4,-99.09838904801887,-98.39391653358426,-98.74615279080157,0,0.0,0.0078125,128
bayesfl_observability_v1,ola_sparse_bayesian_keep010_seed42,200,ola,global,,,layers.0.bias,db,5,-98.39391653358426,-97.68944401914965,-98.04168027636695,0,0.0,0.0078125,128
bayesfl_observability_v1,ola_sparse_bayesian_keep010_seed42,200,ola,global,,,layers.0.bias,db,6,-97.68944401914965,-96.98497150471505,-97.33720776193235,0,0.0,0.0078125,128
bayesfl_observability_v1,ola_sparse_bayesian_keep010_seed42,200,ola,global,,,layers.0.bias,db,7,-96.98497150471505,-96.28049899028044,-96.63273524749775,0,0.0,0.0078125,128
bayesfl_observability_v1,ola_sparse_bayesian_keep010_seed42,200,ola,global,,,layers.0.bias,db,8,-96.28049899028044,-95.57602647584582,-95.92826273306312,1,0.011089857787099132,0.015625,128
bayesfl_observability_v1,ola_sparse_bayesian_keep010_seed42,200,ola,global,,,layers.0.bias,db,9,-95.57602647584582,-94.87155396141122,-95.22379021862852,0,0.0,0.015625,128
bayesfl_observability_v1,ola_sparse_bayesian_keep010_seed42,200,ola,global,,,layers.0.bias,db,10,-94.87155396141122,-94.16708144697661,-94.51931770419392,0,0.0,0.015625,128
bayesfl_observability_v1,ola_sparse_bayesian_keep010_seed42,200,ola,global,,,layers.0.bias,db,11,-94.16708144697661,-93.462608932542,-93.8148451897593,0,0.0,0.015625,128
bayesfl_observability_v1,ola_sparse_bayesian_keep010_seed42,200,ola,global,,,layers.0.bias,db,12,-93.462608932542,-92.75813641810738,-93.1103726753247,0,0.0,0.015625,128
bayesfl_observability_v1,ola_sparse_bayesian_keep010_seed42,200,ola,global,,,layers.0.bias,db,13,-92.75813641810738,-92.05366390367277,-92.40590016089007,0,0.0,0.015625,128
bayesfl_observability_v1,ola_sparse_bayesian_keep010_seed42,200,ola,global,,,layers.0.bias,db,14,-92.05366390367277,-91.34919138923817,-91.70142764645547,0,0.0,0.015625,128
bayesfl_observability_v1,ola_sparse_bayesian_keep010_seed42,200,ola,global,,,layers.0.bias,db,15,-91.34919138923817,-90.64471887480356,-90.99695513202087,0,0.0,0.015625,128
bayesfl_observability_v1,ola_sparse_bayesian_keep010_seed42,200,ola,global,,,layers.0.bias,db,16,-90.64471887480356,-89.94024636036895,-90.29248261758624,1,0.011089857787099132,0.0234375,128
bayesfl_observability_v1,ola_sparse_bayesian_keep010_seed42,200,ola,global,,,layers.0.bias,db,17,-89.94024636036895,-89.23577384593435,-89.58801010315165,0,0.0,0.0234375,128
bayesfl_observability_v1,ola_sparse_bayesian_keep010_seed42,200,ola,global,,,layers.0.bias,db,18,-89.23577384593435,-88.53130133149973,-88.88353758871705,2,0.022179715574198264,0.0390625,128
bayesfl_observability_v1,ola_sparse_bayesian_keep010_seed42,200,ola,global,,,layers.0.bias,db,19,-88.53130133149973,-87.82682881706512,-88.17906507428242,0,0.0,0.0390625,128
bayesfl_observability_v1,ola_sparse_bayesian_keep010_seed42,200,ola,global,,,layers.0.bias,db,20,-87.82682881706512,-87.12235630263051,-87.47459255984782,0,0.0,0.0390625,128
bayesfl_observability_v1,ola_sparse_bayesian_keep010_seed42,200,ola,global,,,layers.0.bias,db,21,-87.12235630263051,-86.4178837881959,-86.7701200454132,1,0.011089857787099132,0.046875,128
bayesfl_observability_v1,ola_sparse_bayesian_keep010_seed42,200,ola,global,,,layers.0.bias,db,22,-86.4178837881959,-85.7134112737613,-86.0656475309786,0,0.0,0.046875,128
bayesfl_observability_v1,ola_sparse_bayesian_keep010_seed42,200,ola,global,,,layers.0.bias,db,23,-85.7134112737613,-85.00893875932668,-85.361175016544,0,0.0,0.046875,128
bayesfl_observability_v1,ola_sparse_bayesian_keep010_seed42,200,ola,global,,,layers.0.bias,db,24,-85.00893875932668,-84.30446624489207,-84.65670250210937,0,0.0,0.046875,128
bayesfl_observability_v1,ola_sparse_bayesian_keep010_seed42,200,ola,global,,,layers.0.bias,db,25,-84.30446624489207,-83.59999373045747,-83.95222998767477,0,0.0,0.046875,128
bayesfl_observability_v1,ola_sparse_bayesian_keep010_seed42,200,ola,global,,,layers.0.bias,db,26,-83.59999373045747,-82.89552121602286,-83.24775747324017,0,0.0,0.046875,128
bayesfl_observability_v1,ola_sparse_bayesian_keep010_seed42,200,ola,global,,,layers.0.bias,db,27,-82.89552121602286,-82.19104870158824,-82.54328495880554,0,0.0,0.046875,128
bayesfl_observability_v1,ola_sparse_bayesian_keep010_seed42,200,ola,global,,,layers.0.bias,db,28,-82.19104870158824,-81.48657618715363,-81.83881244437094,1,0.011089857787099132,0.0546875,128
bayesfl_observability_v1,ola_sparse_bayesian_keep010_seed42,200,ola,global,,,layers.0.bias,db,29,-81.48657618715363,-80.78210367271902,-81.13433992993632,1,0.011089857787099132,0.0625,128
bayesfl_observability_v1,ola_sparse_bayesian_keep010_seed42,200,ola,global,,,layers.0.bias,db,30,-80.78210367271902,-80.07763115828442,-80.42986741550172,0,0.0,0.0625,128
bayesfl_observability_v1,ola_sparse_bayesian_keep010_seed42,200,ola,global,,,layers.0.bias,db,31,-80.07763115828442,-79.3731586438498,-79.72539490106712,1,0.011089857787099132,0.0703125,128
bayesfl_observability_v1,ola_sparse_bayesian_keep010_seed42,200,ola,global,,,layers.0.bias,db,32,-79.3731586438498,-78.66868612941519,-79.02092238663249,1,0.011089857787099132,0.078125,128
bayesfl_observability_v1,ola_sparse_bayesian_keep010_seed42,200,ola,global,,,layers.0.bias,db,33,-78.66868612941519,-77.9642136149806,-78.3164498721979,0,0.0,0.078125,128
bayesfl_observability_v1,ola_sparse_bayesian_keep010_seed42,200,ola,global,,,layers.0.bias,db,34,-77.9642136149806,-77.25974110054598,-77.6119773577633,1,0.011089857787099132,0.0859375,128
bayesfl_observability_v1,ola_sparse_bayesian_keep010_seed42,200,ola,global,,,layers.0.bias,db,35,-77.25974110054598,-76.55526858611137,-76.90750484332867,0,0.0,0.0859375,128
bayesfl_observability_v1,ola_sparse_bayesian_keep010_seed42,200,ola,global,,,layers.0.bias,db,36,-76.55526858611137,-75.85079607167675,-76.20303232889407,2,0.022179715574198264,0.1015625,128
bayesfl_observability_v1,ola_sparse_bayesian_keep010_seed42,200,ola,global,,,layers.0.bias,db,37,-75.85079607167675,-75.14632355724214,-75.49855981445944,1,0.011089857787099132,0.109375,128
bayesfl_observability_v1,ola_sparse_bayesian_keep010_seed42,200,ola,global,,,layers.0.bias,db,38,-75.14632355724214,-74.44185104280754,-74.79408730002484,1,0.011089857787099356,0.1171875,128
bayesfl_observability_v1,ola_sparse_bayesian_keep010_seed42,200,ola,global,,,layers.0.bias,db,39,-74.44185104280754,-73.73737852837293,-74.08961478559024,2,0.022179715574198264,0.1328125,128
bayesfl_observability_v1,ola_sparse_bayesian_keep010_seed42,200,ola,global,,,layers.0.bias,db,40,-73.73737852837293,-73.03290601393832,-73.38514227115562,0,0.0,0.1328125,128
bayesfl_observability_v1,ola_sparse_bayesian_keep010_seed42,200,ola,global,,,layers.0.bias,db,41,-73.03290601393832,-72.32843349950372,-72.68066975672102,2,0.022179715574198712,0.1484375,128
bayesfl_observability_v1,ola_sparse_bayesian_keep010_seed42,200,ola,global,,,layers.0.bias,db,42,-72.32843349950372,-71.6239609850691,-71.97619724228642,1,0.011089857787099132,0.15625,128
bayesfl_observability_v1,ola_sparse_bayesian_keep010_seed42,200,ola,global,,,layers.0.bias,db,43,-71.6239609850691,-70.91948847063449,-71.27172472785179,1,0.011089857787099132,0.1640625,128
bayesfl_observability_v1,ola_sparse_bayesian_keep010_seed42,200,ola,global,,,layers.0.bias,db,44,-70.91948847063449,-70.21501595619988,-70.56725221341719,1,0.011089857787099132,0.171875,128
bayesfl_observability_v1,ola_sparse_bayesian_keep010_seed42,200,ola,global,,,layers.0.bias,db,45,-70.21501595619988,-69.51054344176526,-69.86277969898256,2,0.022179715574198264,0.1875,128
bayesfl_observability_v1,ola_sparse_bayesian_keep010_seed42,200,ola,global,,,layers.0.bias,db,46,-69.51054344176526,-68.80607092733067,-69.15830718454797,1,0.011089857787099356,0.1953125,128
bayesfl_observability_v1,ola_sparse_bayesian_keep010_seed42,200,ola,global,,,layers.0.bias,db,47,-68.80607092733067,-68.10159841289605,-68.45383467011337,4,0.04435943114839653,0.2265625,128
bayesfl_observability_v1,ola_sparse_bayesian_keep010_seed42,200,ola,global,,,layers.0.bias,db,48,-68.10159841289605,-67.39712589846144,-67.74936215567874,3,0.0332695733612974,0.25,128
bayesfl_observability_v1,ola_sparse_bayesian_keep010_seed42,200,ola,global,,,layers.0.bias,db,49,-67.39712589846144,-66.69265338402684,-67.04488964124414,2,0.022179715574198712,0.265625,128
bayesfl_observability_v1,ola_sparse_bayesian_keep010_seed42,200,ola,global,,,layers.0.bias,db,50,-66.69265338402684,-65.98818086959223,-66.34041712680954,4,0.04435943114839653,0.296875,128
bayesfl_observability_v1,ola_sparse_bayesian_keep010_seed42,200,ola,global,,,layers.0.bias,db,51,-65.98818086959223,-65.28370835515761,-65.63594461237491,1,0.011089857787099132,0.3046875,128
bayesfl_observability_v1,ola_sparse_bayesian_keep010_seed42,200,ola,global,,,layers.0.bias,db,52,-65.28370835515761,-64.579235840723,-64.93147209794031,3,0.0332695733612974,0.328125,128
bayesfl_observability_v1,ola_sparse_bayesian_keep010_seed42,200,ola,global,,,layers.0.bias,db,53,-64.579235840723,-63.874763326288395,-64.2269995835057,2,0.022179715574198487,0.34375,128
bayesfl_observability_v1,ola_sparse_bayesian_keep010_seed42,200,ola,global,,,layers.0.bias,db,54,-63.874763326288395,-63.17029081185379,-63.52252706907109,2,0.022179715574198487,0.359375,128
bayesfl_observability_v1,ola_sparse_bayesian_keep010_seed42,200,ola,global,,,layers.0.bias,db,55,-63.17029081185379,-62.465818297419176,-62.81805455463648,2,0.022179715574198264,0.375,128
bayesfl_observability_v1,ola_sparse_bayesian_keep010_seed42,200,ola,global,,,layers.0.bias,db,56,-62.465818297419176,-61.76134578298456,-62.11358204020187,6,0.0665391467225948,0.421875,128
bayesfl_observability_v1,ola_sparse_bayesian_keep010_seed42,200,ola,global,,,layers.0.bias,db,57,-61.76134578298456,-61.05687326854996,-61.40910952576726,2,0.022179715574198487,0.4375,128
bayesfl_observability_v1,ola_sparse_bayesian_keep010_seed42,200,ola,global,,,layers.0.bias,db,58,-61.05687326854996,-60.35240075411535,-60.70463701133265,3,0.03326957336129773,0.4609375,128
bayesfl_observability_v1,ola_sparse_bayesian_keep010_seed42,200,ola,global,,,layers.0.bias,db,59,-60.35240075411535,-59.64792823968074,-60.000164496898044,4,0.04435943114839653,0.4921875,128
bayesfl_observability_v1,ola_sparse_bayesian_keep010_seed42,200,ola,global,,,layers.0.bias,db,60,-59.64792823968074,-58.943455725246125,-59.29569198246343,3,0.0332695733612974,0.515625,128
bayesfl_observability_v1,ola_sparse_bayesian_keep010_seed42,200,ola,global,,,layers.0.bias,db,61,-58.943455725246125,-58.23898321081152,-58.591219468028825,5,0.05544928893549622,0.5546875,128
bayesfl_observability_v1,ola_sparse_bayesian_keep010_seed42,200,ola,global,,,layers.0.bias,db,62,-58.23898321081152,-57.53451069637691,-57.88674695359421,7,0.0776290045096947,0.609375,128
bayesfl_observability_v1,ola_sparse_bayesian_keep010_seed42,200,ola,global,,,layers.0.bias,db,63,-57.53451069637691,-56.8300381819423,-57.182274439159606,6,0.0665391467225948,0.65625,128
bayesfl_observability_v1,ola_sparse_bayesian_keep010_seed42,200,ola,global,,,layers.0.bias,db,64,-56.8300381819423,-56.125565667507686,-56.47780192472499,5,0.05544928893549566,0.6953125,128
bayesfl_observability_v1,ola_sparse_bayesian_keep010_seed42,200,ola,global,,,layers.0.bias,db,65,-56.125565667507686,-55.42109315307308,-55.77332941029039,7,0.0776290045096947,0.75,128
bayesfl_observability_v1,ola_sparse_bayesian_keep010_seed42,200,ola,global,,,layers.0.bias,db,66,-55.42109315307308,-54.716620638638474,-55.068856895855774,4,0.04435943114839697,0.78125,128
bayesfl_observability_v1,ola_sparse_bayesian_keep010_seed42,200,ola,global,,,layers.0.bias,db,67,-54.716620638638474,-54.01214812420386,-54.36438438142117,4,0.04435943114839653,0.8125,128
bayesfl_observability_v1,ola_sparse_bayesian_keep010_seed42,200,ola,global,,,layers.0.bias,db,68,-54.01214812420386,-53.30767560976925,-53.659911866986555,2,0.022179715574198264,0.828125,128
bayesfl_observability_v1,ola_sparse_bayesian_keep010_seed42,200,ola,global,,,layers.0.bias,db,69,-53.30767560976925,-52.60320309533464,-52.95543935255195,7,0.0776290045096947,0.8828125,128
bayesfl_observability_v1,ola_sparse_bayesian_keep010_seed42,200,ola,global,,,layers.0.bias,db,70,-52.60320309533464,-51.898730580900036,-52.250966838117336,4,0.04435943114839697,0.9140625,128
bayesfl_observability_v1,ola_sparse_bayesian_keep010_seed42,200,ola,global,,,layers.0.bias,db,71,-51.898730580900036,-51.19425806646542,-51.54649432368273,5,0.05544928893549566,0.953125,128
bayesfl_observability_v1,ola_sparse_bayesian_keep010_seed42,200,ola,global,,,layers.0.bias,db,72,-51.19425806646542,-50.48978555203081,-50.842021809248116,3,0.0332695733612974,0.9765625,128
bayesfl_observability_v1,ola_sparse_bayesian_keep010_seed42,200,ola,global,,,layers.0.bias,db,73,-50.48978555203081,-49.785313037596204,-50.13754929481351,2,0.022179715574198487,0.9921875,128
bayesfl_observability_v1,ola_sparse_bayesian_keep010_seed42,200,ola,global,,,layers.0.bias,db,74,-49.785313037596204,-49.0808405231616,-49.4330767803789,0,0.0,0.9921875,128
bayesfl_observability_v1,ola_sparse_bayesian_keep010_seed42,200,ola,global,,,layers.0.bias,db,75,-49.0808405231616,-48.376368008726985,-48.72860426594429,0,0.0,0.9921875,128
bayesfl_observability_v1,ola_sparse_bayesian_keep010_seed42,200,ola,global,,,layers.0.bias,db,76,-48.376368008726985,-47.67189549429237,-48.02413175150968,0,0.0,0.9921875,128
bayesfl_observability_v1,ola_sparse_bayesian_keep010_seed42,200,ola,global,,,layers.0.bias,db,77,-47.67189549429237,-46.967422979857766,-47.31965923707507,0,0.0,0.9921875,128
bayesfl_observability_v1,ola_sparse_bayesian_keep010_seed42,200,ola,global,,,layers.0.bias,db,78,-46.967422979857766,-46.26295046542316,-46.61518672264046,0,0.0,0.9921875,128
bayesfl_observability_v1,ola_sparse_bayesian_keep010_seed42,200,ola,global,,,layers.0.bias,db,79,-46.26295046542316,-45.55847795098855,-45.91071420820585,1,0.011089857787099132,1.0,128
bayesfl_observability_v1,ola_sparse_bayesian_keep010_seed42,200,ola,global,,,layers.1.weight,raw,0,1.3344930336135268e-06,0.0015628076723311576,0.0007820710826823855,176,88.05786857117633,0.1375,1280
bayesfl_observability_v1,ola_sparse_bayesian_keep010_seed42,200,ola,global,,,layers.1.weight,raw,1,0.0015628076723311576,0.0031242808516287017,0.0023435442619799294,152,76.04997740237955,0.25625,1280
bayesfl_observability_v1,ola_sparse_bayesian_keep010_seed42,200,ola,global,,,layers.1.weight,raw,2,0.0031242808516287017,0.004685754030926245,0.0039050174412774735,178,89.0585261685761,0.3953125,1280
bayesfl_observability_v1,ola_sparse_bayesian_keep010_seed42,200,ola,global,,,layers.1.weight,raw,3,0.004685754030926245,0.00624722721022379,0.005466490620575018,115,57.53781185048452,0.48515625,1280
bayesfl_observability_v1,ola_sparse_bayesian_keep010_seed42,200,ola,global,,,layers.1.weight,raw,4,0.00624722721022379,0.0078087003895213345,0.007027963799872562,114,57.037483051784655,0.57421875,1280
bayesfl_observability_v1,ola_sparse_bayesian_keep010_seed42,200,ola,global,,,layers.1.weight,raw,5,0.0078087003895213345,0.009370173568818878,0.008589436979170107,94,47.030907077787376,0.64765625,1280
bayesfl_observability_v1,ola_sparse_bayesian_keep010_seed42,200,ola,global,,,layers.1.weight,raw,6,0.009370173568818878,0.010931646748116423,0.010150910158467651,70,35.02301590899058,0.70234375,1280
bayesfl_observability_v1,ola_sparse_bayesian_keep010_seed42,200,ola,global,,,layers.1.weight,raw,7,0.010931646748116423,0.012493119927413967,0.011712383337765194,57,28.518741525892327,0.746875,1280
bayesfl_observability_v1,ola_sparse_bayesian_keep010_seed42,200,ola,global,,,layers.1.weight,raw,8,0.012493119927413967,0.014054593106711512,0.01327385651706274,44,22.01446714279408,0.78125,1280
bayesfl_observability_v1,ola_sparse_bayesian_keep010_seed42,200,ola,global,,,layers.1.weight,raw,9,0.014054593106711512,0.015616066286009056,0.014835329696360283,41,20.51348074669448,0.81328125,1280
bayesfl_observability_v1,ola_sparse_bayesian_keep010_seed42,200,ola,global,,,layers.1.weight,raw,10,0.015616066286009056,0.017177539465306597,0.016396802875657826,45,22.514795941493993,0.8484375,1280
bayesfl_observability_v1,ola_sparse_bayesian_keep010_seed42,200,ola,global,,,layers.1.weight,raw,11,0.017177539465306597,0.01873901264460414,0.01795827605495537,32,16.01052155839571,0.8734375,1280
bayesfl_observability_v1,ola_sparse_bayesian_keep010_seed42,200,ola,global,,,layers.1.weight,raw,12,0.01873901264460414,0.020300485823901687,0.01951974923425291,24,12.007891168796757,0.8921875,1280
bayesfl_observability_v1,ola_sparse_bayesian_keep010_seed42,200,ola,global,,,layers.1.weight,raw,13,0.020300485823901687,0.02186195900319923,0.021081222413550458,13,6.504274383098258,0.90234375,1280
bayesfl_observability_v1,ola_sparse_bayesian_keep010_seed42,200,ola,global,,,layers.1.weight,raw,14,0.02186195900319923,0.023423432182496776,0.022642695592848004,15,7.504931980497973,0.9140625,1280
bayesfl_observability_v1,ola_sparse_bayesian_keep010_seed42,200,ola,global,,,layers.1.weight,raw,15,0.023423432182496776,0.02498490536179432,0.024204168772145547,11,5.503616785698526,0.92265625,1280
bayesfl_observability_v1,ola_sparse_bayesian_keep010_seed42,200,ola,global,,,layers.1.weight,raw,16,0.02498490536179432,0.02654637854109186,0.02576564195144309,10,5.00328798699866,0.93046875,1280
bayesfl_observability_v1,ola_sparse_bayesian_keep010_seed42,200,ola,global,,,layers.1.weight,raw,17,0.02654637854109186,0.028107851720389408,0.027327115130740633,14,7.004603181798108,0.94140625,1280
bayesfl_observability_v1,ola_sparse_bayesian_keep010_seed42,200,ola,global,,,layers.1.weight,raw,18,0.028107851720389408,0.02966932489968695,0.02888858831003818,6,3.001972792199196,0.94609375,1280
bayesfl_observability_v1,ola_sparse_bayesian_keep010_seed42,200,ola,global,,,layers.1.weight,raw,19,0.02966932489968695,0.031230798078984497,0.030450061489335725,4,2.001315194799459,0.94921875,1280
bayesfl_observability_v1,ola_sparse_bayesian_keep010_seed42,200,ola,global,,,layers.1.weight,raw,20,0.031230798078984497,0.03279227125828204,0.03201153466863327,5,2.50164399349933,0.953125,1280
bayesfl_observability_v1,ola_sparse_bayesian_keep010_seed42,200,ola,global,,,layers.1.weight,raw,21,0.03279227125828204,0.03435374443757958,0.03357300784793081,7,3.502301590899062,0.95859375,1280
bayesfl_observability_v1,ola_sparse_bayesian_keep010_seed42,200,ola,global,,,layers.1.weight,raw,22,0.03435374443757958,0.035915217616877125,0.035134481027228354,8,4.002630389598927,0.96484375,1280
bayesfl_observability_v1,ola_sparse_bayesian_keep010_seed42,200,ola,global,,,layers.1.weight,raw,23,0.035915217616877125,0.03747669079617467,0.036695954206525896,3,1.500986396099598,0.9671875,1280
bayesfl_observability_v1,ola_sparse_bayesian_keep010_seed42,200,ola,global,,,layers.1.weight,raw,24,0.03747669079617467,0.03903816397547222,0.03825742738582344,0,0.0,0.9671875,1280
bayesfl_observability_v1,ola_sparse_bayesian_keep010_seed42,200,ola,global,,,layers.1.weight,raw,25,0.03903816397547222,0.04059963715476976,0.03981890056512099,2,1.0006575973997318,0.96875,1280
bayesfl_observability_v1,ola_sparse_bayesian_keep010_seed42,200,ola,global,,,layers.1.weight,raw,26,0.04059963715476976,0.0421611103340673,0.04138037374441853,5,2.50164399349933,0.97265625,1280
bayesfl_observability_v1,ola_sparse_bayesian_keep010_seed42,200,ola,global,,,layers.1.weight,raw,27,0.0421611103340673,0.043722583513364846,0.042941846923716075,2,1.0006575973997318,0.97421875,1280
bayesfl_observability_v1,ola_sparse_bayesian_keep010_seed42,200,ola,global,,,layers.1.weight,raw,28,0.043722583513364846,0.04528405669266239,0.04450332010301362,5,2.50164399349933,0.978125,1280
bayesfl_observability_v1,ola_sparse_bayesian_keep010_seed42,200,ola,global,,,layers.1.weight,raw,29,0.04528405669266239,0.04684552987195994,0.04606479328231117,5,2.501643993499319,0.98203125,1280
bayesfl_observability_v1,ola_sparse_bayesian_keep010_seed42,200,ola,global,,,layers.1.weight,raw,30,0.04684552987195994,0.04840700305125748,0.04762626646160871,3,1.500986396099598,0.984375,1280
bayesfl_observability_v1,ola_sparse_bayesian_keep010_seed42,200,ola,global,,,layers.1.weight,raw,31,0.04840700305125748,0.049968476230555024,0.04918773964090625,1,0.5003287986998659,0.98515625,1280
bayesfl_observability_v1,ola_sparse_bayesian_keep010_seed42,200,ola,global,,,layers.1.weight,raw,32,0.049968476230555024,0.05152994940985257,0.050749212820203796,1,0.5003287986998659,0.9859375,1280
bayesfl_observability_v1,ola_sparse_bayesian_keep010_seed42,200,ola,global,,,layers.1.weight,raw,33,0.05152994940985257,0.05309142258915011,0.05231068599950134,0,0.0,0.9859375,1280
bayesfl_observability_v1,ola_sparse_bayesian_keep010_seed42,200,ola,global,,,layers.1.weight,raw,34,0.05309142258915011,0.05465289576844766,0.05387215917879888,2,1.0006575973997274,0.9875,1280
bayesfl_observability_v1,ola_sparse_bayesian_keep010_seed42,200,ola,global,,,layers.1.weight,raw,35,0.05465289576844766,0.0562143689477452,0.05543363235809643,0,0.0,0.9875,1280
bayesfl_observability_v1,ola_sparse_bayesian_keep010_seed42,200,ola,global,,,layers.1.weight,raw,36,0.0562143689477452,0.057775842127042745,0.056995105537393974,2,1.0006575973997318,0.9890625,1280
bayesfl_observability_v1,ola_sparse_bayesian_keep010_seed42,200,ola,global,,,layers.1.weight,raw,37,0.057775842127042745,0.05933731530634029,0.05855657871669152,0,0.0,0.9890625,1280
bayesfl_observability_v1,ola_sparse_bayesian_keep010_seed42,200,ola,global,,,layers.1.weight,raw,38,0.05933731530634029,0.06089878848563783,0.06011805189598906,1,0.5003287986998659,0.98984375,1280
bayesfl_observability_v1,ola_sparse_bayesian_keep010_seed42,200,ola,global,,,layers.1.weight,raw,39,0.06089878848563783,0.06246026166493538,0.06167952507528661,1,0.5003287986998637,0.990625,1280
bayesfl_observability_v1,ola_sparse_bayesian_keep010_seed42,200,ola,global,,,layers.1.weight,raw,40,0.06246026166493538,0.06402173484423293,0.06324099825458415,2,1.0006575973997274,0.9921875,1280
bayesfl_observability_v1,ola_sparse_bayesian_keep010_seed42,200,ola,global,,,layers.1.weight,raw,41,0.06402173484423293,0.06558320802353047,0.06480247143388171,2,1.0006575973997318,0.99375,1280
bayesfl_observability_v1,ola_sparse_bayesian_keep010_seed42,200,ola,global,,,layers.1.weight,raw,42,0.06558320802353047,0.06714468120282802,0.06636394461317924,0,0.0,0.99375,1280
bayesfl_observability_v1,ola_sparse_bayesian_keep010_seed42,200,ola,global,,,layers.1.weight,raw,43,0.06714468120282802,0.06870615438212556,0.0679254177924768,0,0.0,0.99375,1280
bayesfl_observability_v1,ola_sparse_bayesian_keep010_seed42,200,ola,global,,,layers.1.weight,raw,44,0.06870615438212556,0.0702676275614231,0.06948689097177432,0,0.0,0.99375,1280
bayesfl_observability_v1,ola_sparse_bayesian_keep010_seed42,200,ola,global,,,layers.1.weight,raw,45,0.0702676275614231,0.07182910074072064,0.07104836415107188,0,0.0,0.99375,1280
bayesfl_observability_v1,ola_sparse_bayesian_keep010_seed42,200,ola,global,,,layers.1.weight,raw,46,0.07182910074072064,0.07339057392001819,0.07260983733036941,0,0.0,0.99375,1280
bayesfl_observability_v1,ola_sparse_bayesian_keep010_seed42,200,ola,global,,,layers.1.weight,raw,47,0.07339057392001819,0.07495204709931573,0.07417131050966697,1,0.5003287986998659,0.99453125,1280
bayesfl_observability_v1,ola_sparse_bayesian_keep010_seed42,200,ola,global,,,layers.1.weight,raw,48,0.07495204709931573,0.07651352027861329,0.07573278368896451,1,0.5003287986998615,0.9953125,1280
bayesfl_observability_v1,ola_sparse_bayesian_keep010_seed42,200,ola,global,,,layers.1.weight,raw,49,0.07651352027861329,0.07807499345791083,0.07729425686826205,0,0.0,0.9953125,1280
bayesfl_observability_v1,ola_sparse_bayesian_keep010_seed42,200,ola,global,,,layers.1.weight,raw,50,0.07807499345791083,0.07963646663720837,0.07885573004755961,1,0.5003287986998659,0.99609375,1280
bayesfl_observability_v1,ola_sparse_bayesian_keep010_seed42,200,ola,global,,,layers.1.weight,raw,51,0.07963646663720837,0.08119793981650592,0.08041720322685714,0,0.0,0.99609375,1280
bayesfl_observability_v1,ola_sparse_bayesian_keep010_seed42,200,ola,global,,,layers.1.weight,raw,52,0.08119793981650592,0.08275941299580346,0.0819786764061547,2,1.0006575973997318,0.99765625,1280
bayesfl_observability_v1,ola_sparse_bayesian_keep010_seed42,200,ola,global,,,layers.1.weight,raw,53,0.08275941299580346,0.084320886175101,0.08354014958545222,0,0.0,0.99765625,1280
bayesfl_observability_v1,ola_sparse_bayesian_keep010_seed42,200,ola,global,,,layers.1.weight,raw,54,0.084320886175101,0.08588235935439854,0.08510162276474978,0,0.0,0.99765625,1280
bayesfl_observability_v1,ola_sparse_bayesian_keep010_seed42,200,ola,global,,,layers.1.weight,raw,55,0.08588235935439854,0.08744383253369609,0.08666309594404731,0,0.0,0.99765625,1280
bayesfl_observability_v1,ola_sparse_bayesian_keep010_seed42,200,ola,global,,,layers.1.weight,raw,56,0.08744383253369609,0.08900530571299363,0.08822456912334486,0,0.0,0.99765625,1280
bayesfl_observability_v1,ola_sparse_bayesian_keep010_seed42,200,ola,global,,,layers.1.weight,raw,57,0.08900530571299363,0.09056677889229117,0.0897860423026424,0,0.0,0.99765625,1280
bayesfl_observability_v1,ola_sparse_bayesian_keep010_seed42,200,ola,global,,,layers.1.weight,raw,58,0.09056677889229117,0.09212825207158873,0.09134751548193995,0,0.0,0.99765625,1280
bayesfl_observability_v1,ola_sparse_bayesian_keep010_seed42,200,ola,global,,,layers.1.weight,raw,59,0.09212825207158873,0.09368972525088627,0.09290898866123751,0,0.0,0.99765625,1280
bayesfl_observability_v1,ola_sparse_bayesian_keep010_seed42,200,ola,global,,,layers.1.weight,raw,60,0.09368972525088627,0.09525119843018381,0.09447046184053504,1,0.5003287986998659,0.9984375,1280
bayesfl_observability_v1,ola_sparse_bayesian_keep010_seed42,200,ola,global,,,layers.1.weight,raw,61,0.09525119843018381,0.09681267160948136,0.09603193501983259,0,0.0,0.9984375,1280
bayesfl_observability_v1,ola_sparse_bayesian_keep010_seed42,200,ola,global,,,layers.1.weight,raw,62,0.09681267160948136,0.0983741447887789,0.09759340819913012,0,0.0,0.9984375,1280
bayesfl_observability_v1,ola_sparse_bayesian_keep010_seed42,200,ola,global,,,layers.1.weight,raw,63,0.0983741447887789,0.09993561796807644,0.09915488137842768,0,0.0,0.9984375,1280
bayesfl_observability_v1,ola_sparse_bayesian_keep010_seed42,200,ola,global,,,layers.1.weight,raw,64,0.09993561796807644,0.10149709114737399,0.10071635455772521,0,0.0,0.9984375,1280
bayesfl_observability_v1,ola_sparse_bayesian_keep010_seed42,200,ola,global,,,layers.1.weight,raw,65,0.10149709114737399,0.10305856432667153,0.10227782773702276,0,0.0,0.9984375,1280
bayesfl_observability_v1,ola_sparse_bayesian_keep010_seed42,200,ola,global,,,layers.1.weight,raw,66,0.10305856432667153,0.10462003750596907,0.10383930091632029,0,0.0,0.9984375,1280
bayesfl_observability_v1,ola_sparse_bayesian_keep010_seed42,200,ola,global,,,layers.1.weight,raw,67,0.10462003750596907,0.10618151068526661,0.10540077409561785,1,0.5003287986998659,0.99921875,1280
bayesfl_observability_v1,ola_sparse_bayesian_keep010_seed42,200,ola,global,,,layers.1.weight,raw,68,0.10618151068526661,0.10774298386456416,0.10696224727491538,0,0.0,0.99921875,1280
bayesfl_observability_v1,ola_sparse_bayesian_keep010_seed42,200,ola,global,,,layers.1.weight,raw,69,0.10774298386456416,0.10930445704386171,0.10852372045421294,0,0.0,0.99921875,1280
bayesfl_observability_v1,ola_sparse_bayesian_keep010_seed42,200,ola,global,,,layers.1.weight,raw,70,0.10930445704386171,0.11086593022315926,0.11008519363351049,0,0.0,0.99921875,1280
bayesfl_observability_v1,ola_sparse_bayesian_keep010_seed42,200,ola,global,,,layers.1.weight,raw,71,0.11086593022315926,0.1124274034024568,0.11164666681280802,0,0.0,0.99921875,1280
bayesfl_observability_v1,ola_sparse_bayesian_keep010_seed42,200,ola,global,,,layers.1.weight,raw,72,0.1124274034024568,0.11398887658175434,0.11320813999210558,0,0.0,0.99921875,1280
bayesfl_observability_v1,ola_sparse_bayesian_keep010_seed42,200,ola,global,,,layers.1.weight,raw,73,0.11398887658175434,0.11555034976105188,0.1147696131714031,0,0.0,0.99921875,1280
bayesfl_observability_v1,ola_sparse_bayesian_keep010_seed42,200,ola,global,,,layers.1.weight,raw,74,0.11555034976105188,0.11711182294034943,0.11633108635070066,0,0.0,0.99921875,1280
bayesfl_observability_v1,ola_sparse_bayesian_keep010_seed42,200,ola,global,,,layers.1.weight,raw,75,0.11711182294034943,0.11867329611964697,0.11789255952999819,0,0.0,0.99921875,1280
bayesfl_observability_v1,ola_sparse_bayesian_keep010_seed42,200,ola,global,,,layers.1.weight,raw,76,0.11867329611964697,0.12023476929894451,0.11945403270929575,0,0.0,0.99921875,1280
bayesfl_observability_v1,ola_sparse_bayesian_keep010_seed42,200,ola,global,,,layers.1.weight,raw,77,0.12023476929894451,0.12179624247824206,0.12101550588859328,0,0.0,0.99921875,1280
bayesfl_observability_v1,ola_sparse_bayesian_keep010_seed42,200,ola,global,,,layers.1.weight,raw,78,0.12179624247824206,0.1233577156575396,0.12257697906789083,0,0.0,0.99921875,1280
bayesfl_observability_v1,ola_sparse_bayesian_keep010_seed42,200,ola,global,,,layers.1.weight,raw,79,0.1233577156575396,0.12491918883683714,0.12413845224718836,1,0.5003287986998659,1.0,1280
bayesfl_observability_v1,ola_sparse_bayesian_keep010_seed42,200,ola,global,,,layers.1.weight,db,0,-117.49366727116777,-116.25083914140863,-116.8722532062882,1,0.0006286066281356303,0.00078125,1280
bayesfl_observability_v1,ola_sparse_bayesian_keep010_seed42,200,ola,global,,,layers.1.weight,db,1,-116.25083914140863,-115.0080110116495,-115.62942507652906,0,0.0,0.00078125,1280
bayesfl_observability_v1,ola_sparse_bayesian_keep010_seed42,200,ola,global,,,layers.1.weight,db,2,-115.0080110116495,-113.76518288189037,-114.38659694676994,0,0.0,0.00078125,1280
bayesfl_observability_v1,ola_sparse_bayesian_keep010_seed42,200,ola,global,,,layers.1.weight,db,3,-113.76518288189037,-112.52235475213124,-113.1437688170108,0,0.0,0.00078125,1280
bayesfl_observability_v1,ola_sparse_bayesian_keep010_seed42,200,ola,global,,,layers.1.weight,db,4,-112.52235475213124,-111.27952662237209,-111.90094068725166,0,0.0,0.00078125,1280
bayesfl_observability_v1,ola_sparse_bayesian_keep010_seed42,200,ola,global,,,layers.1.weight,db,5,-111.27952662237209,-110.03669849261296,-110.65811255749253,0,0.0,0.00078125,1280
bayesfl_observability_v1,ola_sparse_bayesian_keep010_seed42,200,ola,global,,,layers.1.weight,db,6,-110.03669849261296,-108.79387036285382,-109.41528442773338,0,0.0,0.00078125,1280
bayesfl_observability_v1,ola_sparse_bayesian_keep010_seed42,200,ola,global,,,layers.1.weight,db,7,-108.79387036285382,-107.55104223309469,-108.17245629797426,0,0.0,0.00078125,1280
bayesfl_observability_v1,ola_sparse_bayesian_keep010_seed42,200,ola,global,,,layers.1.weight,db,8,-107.55104223309469,-106.30821410333556,-106.92962816821512,0,0.0,0.00078125,1280
bayesfl_observability_v1,ola_sparse_bayesian_keep010_seed42,200,ola,global,,,layers.1.weight,db,9,-106.30821410333556,-105.06538597357643,-105.686800038456,0,0.0,0.00078125,1280
bayesfl_observability_v1,ola_sparse_bayesian_keep010_seed42,200,ola,global,,,layers.1.weight,db,10,-105.06538597357643,-103.8225578438173,-104.44397190869685,0,0.0,0.00078125,1280
bayesfl_observability_v1,ola_sparse_bayesian_keep010_seed42,200,ola,global,,,layers.1.weight,db,11,-103.8225578438173,-102.57972971405815,-103.20114377893772,1,0.0006286066281356231,0.0015625,1280
bayesfl_observability_v1,ola_sparse_bayesian_keep010_seed42,200,ola,global,,,layers.1.weight,db,12,-102.57972971405815,-101.33690158429903,-101.95831564917859,1,0.0006286066281356376,0.00234375,1280
bayesfl_observability_v1,ola_sparse_bayesian_keep010_seed42,200,ola,global,,,layers.1.weight,db,13,-101.33690158429903,-100.09407345453988,-100.71548751941945,0,0.0,0.00234375,1280
bayesfl_observability_v1,ola_sparse_bayesian_keep010_seed42,200,ola,global,,,layers.1.weight,db,14,-100.09407345453988,-98.85124532478075,-99.47265938966032,0,0.0,0.00234375,1280
bayesfl_observability_v1,ola_sparse_bayesian_keep010_seed42,200,ola,global,,,layers.1.weight,db,15,-98.85124532478075,-97.60841719502162,-98.22983125990118,0,0.0,0.00234375,1280
bayesfl_observability_v1,ola_sparse_bayesian_keep010_seed42,200,ola,global,,,layers.1.weight,db,16,-97.60841719502162,-96.36558906526248,-96.98700313014206,0,0.0,0.00234375,1280
bayesfl_observability_v1,ola_sparse_bayesian_keep010_seed42,200,ola,global,,,layers.1.weight,db,17,-96.36558906526248,-95.12276093550335,-95.74417500038291,1,0.0006286066281356303,0.003125,1280
bayesfl_observability_v1,ola_sparse_bayesian_keep010_seed42,200,ola,global,,,layers.1.weight,db,18,-95.12276093550335,-93.8799328057442,-94.50134687062378,0,0.0,0.003125,1280
bayesfl_observability_v1,ola_sparse_bayesian_keep010_seed42,200,ola,global,,,layers.1.weight,db,19,-93.8799328057442,-92.63710467598509,-93.25851874086464,0,0.0,0.003125,1280
bayesfl_observability_v1,ola_sparse_bayesian_keep010_seed42,200,ola,global,,,layers.1.weight,db,20,-92.63710467598509,-91.39427654622594,-92.01569061110551,0,0.0,0.003125,1280
bayesfl_observability_v1,ola_sparse_bayesian_keep010_seed42,200,ola,global,,,layers.1.weight,db,21,-91.39427654622594,-90.1514484164668,-90.77286248134638,0,0.0,0.003125,1280
bayesfl_observability_v1,ola_sparse_bayesian_keep010_seed42,200,ola,global,,,layers.1.weight,db,22,-90.1514484164668,-88.90862028670767,-89.53003435158723,0,0.0,0.003125,1280
bayesfl_observability_v1,ola_sparse_bayesian_keep010_seed42,200,ola,global,,,layers.1.weight,db,23,-88.90862028670767,-87.66579215694854,-88.28720622182811,0,0.0,0.003125,1280
bayesfl_observability_v1,ola_sparse_bayesian_keep010_seed42,200,ola,global,,,layers.1.weight,db,24,-87.66579215694854,-86.42296402718941,-87.04437809206897,1,0.0006286066281356303,0.00390625,1280
bayesfl_observability_v1,ola_sparse_bayesian_keep010_seed42,200,ola,global,,,layers.1.weight,db,25,-86.42296402718941,-85.18013589743028,-85.80154996230985,2,0.0012572132562712606,0.00546875,1280
bayesfl_observability_v1,ola_sparse_bayesian_keep010_seed42,200,ola,global,,,layers.1.weight,db,26,-85.18013589743028,-83.93730776767114,-84.5587218325507,0,0.0,0.00546875,1280
bayesfl_observability_v1,ola_sparse_bayesian_keep010_seed42,200,ola,global,,,layers.1.weight,db,27,-83.93730776767114,-82.694479637912,-83.31589370279157,0,0.0,0.00546875,1280
bayesfl_observability_v1,ola_sparse_bayesian_keep010_seed42,200,ola,global,,,layers.1.weight,db,28,-82.694479637912,-81.45165150815288,-82.07306557303244,2,0.0012572132562712751,0.00703125,1280
bayesfl_observability_v1,ola_sparse_bayesian_keep010_seed42,200,ola,global,,,layers.1.weight,db,29,-81.45165150815288,-80.20882337839373,-80.8302374432733,2,0.0012572132562712463,0.00859375,1280
bayesfl_observability_v1,ola_sparse_bayesian_keep010_seed42,200,ola,global,,,layers.1.weight,db,30,-80.20882337839373,-78.9659952486346,-79.58740931351417,0,0.0,0.00859375,1280
bayesfl_observability_v1,ola_sparse_bayesian_keep010_seed42,200,ola,global,,,layers.1.weight,db,31,-78.9659952486346,-77.72316711887547,-78.34458118375503,0,0.0,0.00859375,1280
bayesfl_observability_v1,ola_sparse_bayesian_keep010_seed42,200,ola,global,,,layers.1.weight,db,32,-77.72316711887547,-76.48033898911633,-77.1017530539959,2,0.0012572132562712606,0.01015625,1280
bayesfl_observability_v1,ola_sparse_bayesian_keep010_seed42,200,ola,global,,,layers.1.weight,db,33,-76.48033898911633,-75.2375108593572,-75.85892492423676,9,0.005657459653220673,0.0171875,1280
bayesfl_observability_v1,ola_sparse_bayesian_keep010_seed42,200,ola,global,,,layers.1.weight,db,34,-75.2375108593572,-73.99468272959805,-74.61609679447763,2,0.0012572132562712463,0.01875,1280
bayesfl_observability_v1,ola_sparse_bayesian_keep010_seed42,200,ola,global,,,layers.1.weight,db,35,-73.99468272959805,-72.75185459983894,-73.3732686647185,7,0.004400246396949463,0.02421875,1280
bayesfl_observability_v1,ola_sparse_bayesian_keep010_seed42,200,ola,global,,,layers.1.weight,db,36,-72.75185459983894,-71.50902647007979,-72.13044053495936,3,0.0018858198844068695,0.0265625,1280
bayesfl_observability_v1,ola_sparse_bayesian_keep010_seed42,200,ola,global,,,layers.1.weight,db,37,-71.50902647007979,-70.26619834032066,-70.88761240520023,3,0.001885819884406891,0.02890625,1280
bayesfl_observability_v1,ola_sparse_bayesian_keep010_seed42,200,ola,global,,,layers.1.weight,db,38,-70.26619834032066,-69.02337021056152,-69.64478427544108,3,0.001885819884406891,0.03125,1280
bayesfl_observability_v1,ola_sparse_bayesian_keep010_seed42,200,ola,global,,,layers.1.weight,db,39,-69.02337021056152,-67.78054208080239,-68.40195614568196,8,0.005028853025085042,0.0375,1280
bayesfl_observability_v1,ola_sparse_bayesian_keep010_seed42,200,ola,global,,,layers.1.weight,db,40,-67.78054208080239,-66.53771395104326,-67.15912801592282,11,0.006914672909491934,0.04609375,1280
bayesfl_observability_v1,ola_sparse_bayesian_keep010_seed42,200,ola,global,,,layers.1.weight,db,41,-66.53771395104326,-65.29488582128413,-65.9162998861637,12,0.007543279537627564,0.05546875,1280
bayesfl_observability_v1,ola_sparse_bayesian_keep010_seed42,200,ola,global,,,layers.1.weight,db,42,-65.29488582128413,-64.052057691525,-64.67347175640455,8,0.005028853025085042,0.06171875,1280
bayesfl_observability_v1,ola_sparse_bayesian_keep010_seed42,200,ola,global,,,layers.1.weight,db,43,-64.052057691525,-62.809229561765854,-63.43064362664542,12,0.007543279537627521,0.07109375,1280
bayesfl_observability_v1,ola_sparse_bayesian_keep010_seed42,200,ola,global,,,layers.1.weight,db,44,-62.809229561765854,-61.56640143200672,-62.18781549688629,13,0.008171886165763195,0.08125,1280
bayesfl_observability_v1,ola_sparse_bayesian_keep010_seed42,200,ola,global,,,layers.1.weight,db,45,-61.56640143200672,-60.32357330224758,-60.944987367127155,13,0.008171886165763148,0.09140625,1280
bayesfl_observability_v1,ola_sparse_bayesian_keep010_seed42,200,ola,global,,,layers.1.weight,db,46,-60.32357330224758,-59.08074517248845,-59.702159237368015,19,0.011943525934576977,0.10625,1280
bayesfl_observability_v1,ola_sparse_bayesian_keep010_seed42,200,ola,global,,,layers.1.weight,db,47,-59.08074517248845,-57.837917042729316,-58.45933110760888,16,0.010057706050170085,0.11875,1280
bayesfl_observability_v1,ola_sparse_bayesian_keep010_seed42,200,ola,global,,,layers.1.weight,db,48,-57.837917042729316,-56.59508891297018,-57.21650297784975,16,0.010057706050170085,0.13125,1280
bayesfl_observability_v1,ola_sparse_bayesian_keep010_seed42,200,ola,global,,,layers.1.weight,db,49,-56.59508891297018,-55.35226078321105,-55.97367484809062,24,0.015086559075255128,0.15,1280
bayesfl_observability_v1,ola_sparse_bayesian_keep010_seed42,200,ola,global,,,layers.1.weight,db,50,-55.35226078321105,-54.10943265345191,-54.73084671833148,23,0.014457952447119416,0.16796875,1280
bayesfl_observability_v1,ola_sparse_bayesian_keep010_seed42,200,ola,global,,,layers.1.weight,db,51,-54.10943265345191,-52.866604523692786,-53.488018588572345,39,0.024515658497289722,0.1984375,1280
bayesfl_observability_v1,ola_sparse_bayesian_keep010_seed42,200,ola,global,,,layers.1.weight,db,52,-52.866604523692786,-51.62377639393364,-52.24519045881321,23,0.014457952447119332,0.21640625,1280
bayesfl_observability_v1,ola_sparse_bayesian_keep010_seed42,200,ola,global,,,layers.1.weight,db,53,-51.62377639393364,-50.380948264174506,-51.00236232905407,41,0.025772871753560845,0.2484375,1280
bayesfl_observability_v1,ola_sparse_bayesian_keep010_seed42,200,ola,global,,,layers.1.weight,db,54,-50.380948264174506,-49.138120134415374,-49.75953419929494,53,0.03331615129118841,0.28984375,1280
bayesfl_observability_v1,ola_sparse_bayesian_keep010_seed42,200,ola,global,,,layers.1.weight,db,55,-49.138120134415374,-47.89529200465624,-48.51670606953581,72,0.045259677225765384,0.34609375,1280
bayesfl_observability_v1,ola_sparse_bayesian_keep010_seed42,200,ola,global,,,layers.1.weight,db,56,-47.89529200465624,-46.65246387489711,-47.273877939776675,60,0.03771639768813782,0.39296875,1280
bayesfl_observability_v1,ola_sparse_bayesian_keep010_seed42,200,ola,global,,,layers.1.weight,db,57,-46.65246387489711,-45.409635745137976,-46.03104981001754,53,0.03331615129118841,0.434375,1280
bayesfl_observability_v1,ola_sparse_bayesian_keep010_seed42,200,ola,global,,,layers.1.weight,db,58,-45.409635745137976,-44.16680761537884,-44.78822168025841,59,0.03708779106000219,0.48046875,1280
bayesfl_observability_v1,ola_sparse_bayesian_keep010_seed42,200,ola,global,,,layers.1.weight,db,59,-44.16680761537884,-42.9239794856197,-43.54539355049927,75,0.047145497110171734,0.5390625,1280
bayesfl_observability_v1,ola_sparse_bayesian_keep010_seed42,200,ola,global,,,layers.1.weight,db,60,-42.9239794856197,-41.681151355860564,-42.30256542074013,66,0.0414880374569516,0.590625,1280
bayesfl_observability_v1,ola_sparse_bayesian_keep010_seed42,200,ola,global,,,layers.1.weight,db,61,-41.681151355860564,-40.43832322610143,-41.059737290981,82,0.05154574350712169,0.6546875,1280
bayesfl_observability_v1,ola_sparse_bayesian_keep010_seed42,200,ola,global,,,layers.1.weight,db,62,-40.43832322610143,-39.1954950963423,-39.816909161221865,62,0.038973610944409084,0.703125,1280
bayesfl_observability_v1,ola_sparse_bayesian_keep010_seed42,200,ola,global,,,layers.1.weight,db,63,-39.1954950963423,-37.952666966583166,-38.57408103146273,61,0.038345004316273454,0.75078125,1280
bayesfl_observability_v1,ola_sparse_bayesian_keep010_seed42,200,ola,global,,,layers.1.weight,db,64,-37.952666966583166,-36.709838836824034,-37.3312529017036,53,0.03331615129118841,0.7921875,1280
bayesfl_observability_v1,ola_sparse_bayesian_keep010_seed42,200,ola,global,,,layers.1.weight,db,65,-36.709838836824034,-35.4670107070649,-36.08842477194447,66,0.0414880374569516,0.84375,1280
bayesfl_observability_v1,ola_sparse_bayesian_keep010_seed42,200,ola,global,,,layers.1.weight,db,66,-35.4670107070649,-34.22418257730577,-34.845596642185335,54,0.03394475791932404,0.8859375,1280
bayesfl_observability_v1,ola_sparse_bayesian_keep010_seed42,200,ola,global,,,layers.1.weight,db,67,-34.22418257730577,-32.981354447546636,-33.6027685124262,27,0.01697237895966202,0.90703125,1280
bayesfl_observability_v1,ola_sparse_bayesian_keep010_seed42,200,ola,global,,,layers.1.weight,db,68,-32.981354447546636,-31.73852631778749,-32.35994038266706,26,0.016343772331526202,0.92734375,1280
bayesfl_observability_v1,ola_sparse_bayesian_keep010_seed42,200,ola,global,,,layers.1.weight,db,69,-31.73852631778749,-30.495698188028356,-31.117112252907923,25,0.01571516570339076,0.946875,1280
bayesfl_observability_v1,ola_sparse_bayesian_keep010_seed42,200,ola,global,,,layers.1.weight,db,70,-30.495698188028356,-29.252870058269224,-29.87428412314879,16,0.010057706050170085,0.959375,1280
bayesfl_observability_v1,ola_sparse_bayesian_keep010_seed42,200,ola,global,,,layers.1.weight,db,71,-29.252870058269224,-28.01004192851009,-28.631455993389658,11,0.006914672909491934,0.96796875,1280
bayesfl_observability_v1,ola_sparse_bayesian_keep010_seed42,200,ola,global,,,layers.1.weight,db,72,-28.01004192851009,-26.76721379875096,-27.388627863630525,15,0.009429099422034456,0.9796875,1280
bayesfl_observability_v1,ola_sparse_bayesian_keep010_seed42,200,ola,global,,,layers.1.weight,db,73,-26.76721379875096,-25.524385668991826,-26.145799733871392,8,0.005028853025085042,0.9859375,1280
bayesfl_observability_v1,ola_sparse_bayesian_keep010_seed42,200,ola,global,,,layers.1.weight,db,74,-25.524385668991826,-24.281557539232693,-24.90297160411226,5,0.003143033140678152,0.98984375,1280
bayesfl_observability_v1,ola_sparse_bayesian_keep010_seed42,200,ola,global,,,layers.1.weight,db,75,-24.281557539232693,-23.038729409473547,-23.66014347435312,5,0.003143033140678116,0.99375,1280
bayesfl_observability_v1,ola_sparse_bayesian_keep010_seed42,200,ola,global,,,layers.1.weight,db,76,-23.038729409473547,-21.795901279714414,-22.41731534459398,3,0.001885819884406891,0.99609375,1280
bayesfl_observability_v1,ola_sparse_bayesian_keep010_seed42,200,ola,global,,,layers.1.weight,db,77,-21.795901279714414,-20.55307314995528,-21.174487214834848,2,0.0012572132562712606,0.99765625,1280
bayesfl_observability_v1,ola_sparse_bayesian_keep010_seed42,200,ola,global,,,layers.1.weight,db,78,-20.55307314995528,-19.31024502019615,-19.931659085075715,2,0.0012572132562712606,0.99921875,1280
bayesfl_observability_v1,ola_sparse_bayesian_keep010_seed42,200,ola,global,,,layers.1.weight,db,79,-19.31024502019615,-18.06741689043701,-18.68883095531658,1,0.0006286066281356267,1.0,1280
bayesfl_observability_v1,ola_sparse_bayesian_keep010_seed42,200,ola,global,,,layers.1.bias,raw,0,0.00025090240953150826,0.00038450362903082907,0.0003177030192811687,3,2245.488485241897,0.3,10
bayesfl_observability_v1,ola_sparse_bayesian_keep010_seed42,200,ola,global,,,layers.1.bias,raw,1,0.00038450362903082907,0.0005181048485301499,0.0004513042387804895,0,0.0,0.3,10
bayesfl_observability_v1,ola_sparse_bayesian_keep010_seed42,200,ola,global,,,layers.1.bias,raw,2,0.0005181048485301499,0.0006517060680294707,0.0005849054582798103,0,0.0,0.3,10
bayesfl_observability_v1,ola_sparse_bayesian_keep010_seed42,200,ola,global,,,layers.1.bias,raw,3,0.0006517060680294707,0.0007853072875287914,0.000718506677779131,0,0.0,0.3,10
bayesfl_observability_v1,ola_sparse_bayesian_keep010_seed42,200,ola,global,,,layers.1.bias,raw,4,0.0007853072875287914,0.0009189085070281122,0.0008521078972784518,1,748.4961617472992,0.4,10
bayesfl_observability_v1,ola_sparse_bayesian_keep010_seed42,200,ola,global,,,layers.1.bias,raw,5,0.0009189085070281122,0.0010525097265274331,0.0009857091167777728,0,0.0,0.4,10
bayesfl_observability_v1,ola_sparse_bayesian_keep010_seed42,200,ola,global,,,layers.1.bias,raw,6,0.0010525097265274331,0.0011861109460267539,0.0011193103362770935,0,0.0,0.4,10
bayesfl_observability_v1,ola_sparse_bayesian_keep010_seed42,200,ola,global,,,layers.1.bias,raw,7,0.0011861109460267539,0.0013197121655260746,0.0012529115557764143,0,0.0,0.4,10
bayesfl_observability_v1,ola_sparse_bayesian_keep010_seed42,200,ola,global,,,layers.1.bias,raw,8,0.0013197121655260746,0.0014533133850253954,0.001386512775275735,0,0.0,0.4,10
bayesfl_observability_v1,ola_sparse_bayesian_keep010_seed42,200,ola,global,,,layers.1.bias,raw,9,0.0014533133850253954,0.0015869146045247161,0.0015201139947750558,0,0.0,0.4,10
bayesfl_observability_v1,ola_sparse_bayesian_keep010_seed42,200,ola,global,,,layers.1.bias,raw,10,0.0015869146045247161,0.001720515824024037,0.0016537152142743765,0,0.0,0.4,10
bayesfl_observability_v1,ola_sparse_bayesian_keep010_seed42,200,ola,global,,,layers.1.bias,raw,11,0.001720515824024037,0.0018541170435233578,0.0017873164337736975,1,748.4961617472992,0.5,10
bayesfl_observability_v1,ola_sparse_bayesian_keep010_seed42,200,ola,global,,,layers.1.bias,raw,12,0.0018541170435233578,0.0019877182630226786,0.0019209176532730182,0,0.0,0.5,10
bayesfl_observability_v1,ola_sparse_bayesian_keep010_seed42,200,ola,global,,,layers.1.bias,raw,13,0.0019877182630226786,0.0021213194825219998,0.002054518872772339,0,0.0,0.5,10
bayesfl_observability_v1,ola_sparse_bayesian_keep010_seed42,200,ola,global,,,layers.1.bias,raw,14,0.0021213194825219998,0.0022549207020213205,0.00218812009227166,0,0.0,0.5,10
bayesfl_observability_v1,ola_sparse_bayesian_keep010_seed42,200,ola,global,,,layers.1.bias,raw,15,0.0022549207020213205,0.0023885219215206413,0.002321721311770981,1,748.4961617472992,0.6,10
bayesfl_observability_v1,ola_sparse_bayesian_keep010_seed42,200,ola,global,,,layers.1.bias,raw,16,0.0023885219215206413,0.002522123141019962,0.0024553225312703014,0,0.0,0.6,10
bayesfl_observability_v1,ola_sparse_bayesian_keep010_seed42,200,ola,global,,,layers.1.bias,raw,17,0.002522123141019962,0.0026557243605192828,0.0025889237507696226,0,0.0,0.6,10
bayesfl_observability_v1,ola_sparse_bayesian_keep010_seed42,200,ola,global,,,layers.1.bias,raw,18,0.0026557243605192828,0.0027893255800186035,0.002722524970268943,0,0.0,0.6,10
bayesfl_observability_v1,ola_sparse_bayesian_keep010_seed42,200,ola,global,,,layers.1.bias,raw,19,0.0027893255800186035,0.0029229267995179243,0.002856126189768264,0,0.0,0.6,10
bayesfl_observability_v1,ola_sparse_bayesian_keep010_seed42,200,ola,global,,,layers.1.bias,raw,20,0.0029229267995179243,0.0030565280190172454,0.002989727409267585,0,0.0,0.6,10
bayesfl_observability_v1,ola_sparse_bayesian_keep010_seed42,200,ola,global,,,layers.1.bias,raw,21,0.0030565280190172454,0.003190129238516566,0.0031233286287669056,0,0.0,0.6,10
bayesfl_observability_v1,ola_sparse_bayesian_keep010_seed42,200,ola,global,,,layers.1.bias,raw,22,0.003190129238516566,0.003323730458015887,0.0032569298482662268,0,0.0,0.6,10
bayesfl_observability_v1,ola_sparse_bayesian_keep010_seed42,200,ola,global,,,layers.1.bias,raw,23,0.003323730458015887,0.0034573316775152077,0.003390531067765547,0,0.0,0.6,10
bayesfl_observability_v1,ola_sparse_bayesian_keep010_seed42,200,ola,global,,,layers.1.bias,raw,24,0.0034573316775152077,0.0035909328970145284,0.0035241322872648683,0,0.0,0.6,10
bayesfl_observability_v1,ola_sparse_bayesian_keep010_seed42,200,ola,global,,,layers.1.bias,raw,25,0.0035909328970145284,0.003724534116513849,0.0036577335067641886,0,0.0,0.6,10
bayesfl_observability_v1,ola_sparse_bayesian_keep010_seed42,200,ola,global,,,layers.1.bias,raw,26,0.003724534116513849,0.00385813533601317,0.0037913347262635098,0,0.0,0.6,10
bayesfl_observability_v1,ola_sparse_bayesian_keep010_seed42,200,ola,global,,,layers.1.bias,raw,27,0.00385813533601317,0.003991736555512491,0.00392493594576283,0,0.0,0.6,10
bayesfl_observability_v1,ola_sparse_bayesian_keep010_seed42,200,ola,global,,,layers.1.bias,raw,28,0.003991736555512491,0.004125337775011811,0.004058537165262151,0,0.0,0.6,10
bayesfl_observability_v1,ola_sparse_bayesian_keep010_seed42,200,ola,global,,,layers.1.bias,raw,29,0.004125337775011811,0.004258938994511133,0.0041921383847614724,0,0.0,0.6,10
bayesfl_observability_v1,ola_sparse_bayesian_keep010_seed42,200,ola,global,,,layers.1.bias,raw,30,0.004258938994511133,0.004392540214010453,0.004325739604260793,0,0.0,0.6,10
bayesfl_observability_v1,ola_sparse_bayesian_keep010_seed42,200,ola,global,,,layers.1.bias,raw,31,0.004392540214010453,0.004526141433509774,0.004459340823760113,0,0.0,0.6,10
bayesfl_observability_v1,ola_sparse_bayesian_keep010_seed42,200,ola,global,,,layers.1.bias,raw,32,0.004526141433509774,0.004659742653009095,0.004592942043259435,0,0.0,0.6,10
bayesfl_observability_v1,ola_sparse_bayesian_keep010_seed42,200,ola,global,,,layers.1.bias,raw,33,0.004659742653009095,0.004793343872508416,0.0047265432627587554,0,0.0,0.6,10
bayesfl_observability_v1,ola_sparse_bayesian_keep010_seed42,200,ola,global,,,layers.1.bias,raw,34,0.004793343872508416,0.004926945092007737,0.004860144482258076,0,0.0,0.6,10
bayesfl_observability_v1,ola_sparse_bayesian_keep010_seed42,200,ola,global,,,layers.1.bias,raw,35,0.004926945092007737,0.005060546311507057,0.004993745701757397,0,0.0,0.6,10
bayesfl_observability_v1,ola_sparse_bayesian_keep010_seed42,200,ola,global,,,layers.1.bias,raw,36,0.005060546311507057,0.005194147531006378,0.005127346921256718,0,0.0,0.6,10
bayesfl_observability_v1,ola_sparse_bayesian_keep010_seed42,200,ola,global,,,layers.1.bias,raw,37,0.005194147531006378,0.005327748750505699,0.0052609481407560384,0,0.0,0.6,10
bayesfl_observability_v1,ola_sparse_bayesian_keep010_seed42,200,ola,global,,,layers.1.bias,raw,38,0.005327748750505699,0.00546134997000502,0.005394549360255359,0,0.0,0.6,10
bayesfl_observability_v1,ola_sparse_bayesian_keep010_seed42,200,ola,global,,,layers.1.bias,raw,39,0.00546134997000502,0.00559495118950434,0.00552815057975468,0,0.0,0.6,10
bayesfl_observability_v1,ola_sparse_bayesian_keep010_seed42,200,ola,global,,,layers.1.bias,raw,40,0.00559495118950434,0.005728552409003661,0.005661751799254001,0,0.0,0.6,10
bayesfl_observability_v1,ola_sparse_bayesian_keep010_seed42,200,ola,global,,,layers.1.bias,raw,41,0.005728552409003661,0.0058621536285029825,0.005795353018753321,0,0.0,0.6,10
bayesfl_observability_v1,ola_sparse_bayesian_keep010_seed42,200,ola,global,,,layers.1.bias,raw,42,0.0058621536285029825,0.005995754848002303,0.005928954238252643,0,0.0,0.6,10
bayesfl_observability_v1,ola_sparse_bayesian_keep010_seed42,200,ola,global,,,layers.1.bias,raw,43,0.005995754848002303,0.006129356067501624,0.006062555457751964,1,748.4961617472967,0.7,10
bayesfl_observability_v1,ola_sparse_bayesian_keep010_seed42,200,ola,global,,,layers.1.bias,raw,44,0.006129356067501624,0.006262957287000944,0.006196156677251284,0,0.0,0.7,10
bayesfl_observability_v1,ola_sparse_bayesian_keep010_seed42,200,ola,global,,,layers.1.bias,raw,45,0.006262957287000944,0.0063965585065002654,0.006329757896750604,0,0.0,0.7,10
bayesfl_observability_v1,ola_sparse_bayesian_keep010_seed42,200,ola,global,,,layers.1.bias,raw,46,0.0063965585065002654,0.006530159725999586,0.006463359116249926,0,0.0,0.7,10
bayesfl_observability_v1,ola_sparse_bayesian_keep010_seed42,200,ola,global,,,layers.1.bias,raw,47,0.006530159725999586,0.006663760945498907,0.006596960335749247,1,748.4961617472967,0.8,10
bayesfl_observability_v1,ola_sparse_bayesian_keep010_seed42,200,ola,global,,,layers.1.bias,raw,48,0.006663760945498907,0.006797362164998228,0.006730561555248567,0,0.0,0.8,10
bayesfl_observability_v1,ola_sparse_bayesian_keep010_seed42,200,ola,global,,,layers.1.bias,raw,49,0.006797362164998228,0.0069309633844975484,0.006864162774747888,0,0.0,0.8,10
bayesfl_observability_v1,ola_sparse_bayesian_keep010_seed42,200,ola,global,,,layers.1.bias,raw,50,0.0069309633844975484,0.00706456460399687,0.0069977639942472095,1,748.4961617472967,0.9,10
bayesfl_observability_v1,ola_sparse_bayesian_keep010_seed42,200,ola,global,,,layers.1.bias,raw,51,0.00706456460399687,0.00719816582349619,0.00713136521374653,0,0.0,0.9,10
bayesfl_observability_v1,ola_sparse_bayesian_keep010_seed42,200,ola,global,,,layers.1.bias,raw,52,0.00719816582349619,0.007331767042995511,0.00726496643324585,0,0.0,0.9,10
bayesfl_observability_v1,ola_sparse_bayesian_keep010_seed42,200,ola,global,,,layers.1.bias,raw,53,0.007331767042995511,0.007465368262494831,0.007398567652745171,0,0.0,0.9,10
bayesfl_observability_v1,ola_sparse_bayesian_keep010_seed42,200,ola,global,,,layers.1.bias,raw,54,0.007465368262494831,0.007598969481994153,0.0075321688722444925,0,0.0,0.9,10
bayesfl_observability_v1,ola_sparse_bayesian_keep010_seed42,200,ola,global,,,layers.1.bias,raw,55,0.007598969481994153,0.007732570701493474,0.007665770091743813,0,0.0,0.9,10
bayesfl_observability_v1,ola_sparse_bayesian_keep010_seed42,200,ola,global,,,layers.1.bias,raw,56,0.007732570701493474,0.007866171920992794,0.007799371311243134,0,0.0,0.9,10
bayesfl_observability_v1,ola_sparse_bayesian_keep010_seed42,200,ola,global,,,layers.1.bias,raw,57,0.007866171920992794,0.007999773140492114,0.007932972530742453,0,0.0,0.9,10
bayesfl_observability_v1,ola_sparse_bayesian_keep010_seed42,200,ola,global,,,layers.1.bias,raw,58,0.007999773140492114,0.008133374359991436,0.008066573750241775,0,0.0,0.9,10
bayesfl_observability_v1,ola_sparse_bayesian_keep010_seed42,200,ola,global,,,layers.1.bias,raw,59,0.008133374359991436,0.008266975579490757,0.008200174969741097,0,0.0,0.9,10
bayesfl_observability_v1,ola_sparse_bayesian_keep010_seed42,200,ola,global,,,layers.1.bias,raw,60,0.008266975579490757,0.008400576798990077,0.008333776189240416,0,0.0,0.9,10
bayesfl_observability_v1,ola_sparse_bayesian_keep010_seed42,200,ola,global,,,layers.1.bias,raw,61,0.008400576798990077,0.008534178018489397,0.008467377408739738,0,0.0,0.9,10
bayesfl_observability_v1,ola_sparse_bayesian_keep010_seed42,200,ola,global,,,layers.1.bias,raw,62,0.008534178018489397,0.00866777923798872,0.008600978628239058,0,0.0,0.9,10
bayesfl_observability_v1,ola_sparse_bayesian_keep010_seed42,200,ola,global,,,layers.1.bias,raw,63,0.00866777923798872,0.00880138045748804,0.008734579847738379,0,0.0,0.9,10
bayesfl_observability_v1,ola_sparse_bayesian_keep010_seed42,200,ola,global,,,layers.1.bias,raw,64,0.00880138045748804,0.00893498167698736,0.0088681810672377,0,0.0,0.9,10
bayesfl_observability_v1,ola_sparse_bayesian_keep010_seed42,200,ola,global,,,layers.1.bias,raw,65,0.00893498167698736,0.009068582896486682,0.009001782286737021,0,0.0,0.9,10
bayesfl_observability_v1,ola_sparse_bayesian_keep010_seed42,200,ola,global,,,layers.1.bias,raw,66,0.009068582896486682,0.009202184115986002,0.009135383506236341,0,0.0,0.9,10
bayesfl_observability_v1,ola_sparse_bayesian_keep010_seed42,200,ola,global,,,layers.1.bias,raw,67,0.009202184115986002,0.009335785335485323,0.009268984725735663,0,0.0,0.9,10
bayesfl_observability_v1,ola_sparse_bayesian_keep010_seed42,200,ola,global,,,layers.1.bias,raw,68,0.009335785335485323,0.009469386554984643,0.009402585945234982,0,0.0,0.9,10
bayesfl_observability_v1,ola_sparse_bayesian_keep010_seed42,200,ola,global,,,layers.1.bias,raw,69,0.009469386554984643,0.009602987774483965,0.009536187164734304,0,0.0,0.9,10
bayesfl_observability_v1,ola_sparse_bayesian_keep010_seed42,200,ola,global,,,layers.1.bias,raw,70,0.009602987774483965,0.009736588993983285,0.009669788384233626,0,0.0,0.9,10
bayesfl_observability_v1,ola_sparse_bayesian_keep010_seed42,200,ola,global,,,layers.1.bias,raw,71,0.009736588993983285,0.009870190213482606,0.009803389603732945,0,0.0,0.9,10
bayesfl_observability_v1,ola_sparse_bayesian_keep010_seed42,200,ola,global,,,layers.1.bias,raw,72,0.009870190213482606,0.010003791432981928,0.009936990823232267,0,0.0,0.9,10
bayesfl_observability_v1,ola_sparse_bayesian_keep010_seed42,200,ola,global,,,layers.1.bias,raw,73,0.010003791432981928,0.010137392652481248,0.010070592042731589,0,0.0,0.9,10
bayesfl_observability_v1,ola_sparse_bayesian_keep010_seed42,200,ola,global,,,layers.1.bias,raw,74,0.010137392652481248,0.010270993871980568,0.010204193262230907,0,0.0,0.9,10
bayesfl_observability_v1,ola_sparse_bayesian_keep010_seed42,200,ola,global,,,layers.1.bias,raw,75,0.010270993871980568,0.010404595091479889,0.01033779448173023,0,0.0,0.9,10
bayesfl_observability_v1,ola_sparse_bayesian_keep010_seed42,200,ola,global,,,layers.1.bias,raw,76,0.010404595091479889,0.01053819631097921,0.01047139570122955,0,0.0,0.9,10
bayesfl_observability_v1,ola_sparse_bayesian_keep010_seed42,200,ola,global,,,layers.1.bias,raw,77,0.01053819631097921,0.010671797530478531,0.01060499692072887,0,0.0,0.9,10
bayesfl_observability_v1,ola_sparse_bayesian_keep010_seed42,200,ola,global,,,layers.1.bias,raw,78,0.010671797530478531,0.010805398749977851,0.010738598140228192,0,0.0,0.9,10
bayesfl_observability_v1,ola_sparse_bayesian_keep010_seed42,200,ola,global,,,layers.1.bias,raw,79,0.010805398749977851,0.010938999969477173,0.010872199359727512,1,748.4961617472918,1.0,10
bayesfl_observability_v1,ola_sparse_bayesian_keep010_seed42,200,ola,global,,,layers.1.bias,db,0,-72.00990332408614,-71.60003512724491,-71.80496922566553,1,0.24398087182825912,0.1,10
bayesfl_observability_v1,ola_sparse_bayesian_keep010_seed42,200,ola,global,,,layers.1.bias,db,1,-71.60003512724491,-71.19016693040369,-71.3951010288243,0,0.0,0.1,10
bayesfl_observability_v1,ola_sparse_bayesian_keep010_seed42,200,ola,global,,,layers.1.bias,db,2,-71.19016693040369,-70.78029873356246,-70.98523283198307,1,0.24398087182825912,0.2,10
bayesfl_observability_v1,ola_sparse_bayesian_keep010_seed42,200,ola,global,,,layers.1.bias,db,3,-70.78029873356246,-70.37043053672124,-70.57536463514185,0,0.0,0.2,10
bayesfl_observability_v1,ola_sparse_bayesian_keep010_seed42,200,ola,global,,,layers.1.bias,db,4,-70.37043053672124,-69.96056233988001,-70.16549643830064,0,0.0,0.2,10
bayesfl_observability_v1,ola_sparse_bayesian_keep010_seed42,200,ola,global,,,layers.1.bias,db,5,-69.96056233988001,-69.5506941430388,-69.7556282414594,0,0.0,0.2,10
bayesfl_observability_v1,ola_sparse_bayesian_keep010_seed42,200,ola,global,,,layers.1.bias,db,6,-69.5506941430388,-69.14082594619757,-69.34576004461817,1,0.24398087182825912,0.3,10
bayesfl_observability_v1,ola_sparse_bayesian_keep010_seed42,200,ola,global,,,layers.1.bias,db,7,-69.14082594619757,-68.73095774935634,-68.93589184777696,0,0.0,0.3,10
bayesfl_observability_v1,ola_sparse_bayesian_keep010_seed42,200,ola,global,,,layers.1.bias,db,8,-68.73095774935634,-68.32108955251512,-68.52602365093573,0,0.0,0.3,10
bayesfl_observability_v1,ola_sparse_bayesian_keep010_seed42,200,ola,global,,,layers.1.bias,db,9,-68.32108955251512,-67.91122135567389,-68.1161554540945,0,0.0,0.3,10
bayesfl_observability_v1,ola_sparse_bayesian_keep010_seed42,200,ola,global,,,layers.1.bias,db,10,-67.91122135567389,-67.50135315883267,-67.70628725725328,0,0.0,0.3,10
bayesfl_observability_v1,ola_sparse_bayesian_keep010_seed42,200,ola,global,,,layers.1.bias,db,11,-67.50135315883267,-67.09148496199144,-67.29641906041206,0,0.0,0.3,10
bayesfl_observability_v1,ola_sparse_bayesian_keep010_seed42,200,ola,global,,,layers.1.bias,db,12,-67.09148496199144,-66.68161676515022,-66.88655086357083,0,0.0,0.3,10
bayesfl_observability_v1,ola_sparse_bayesian_keep010_seed42,200,ola,global,,,layers.1.bias,db,13,-66.68161676515022,-66.271748568309,-66.4766826667296,0,0.0,0.3,10
bayesfl_observability_v1,ola_sparse_bayesian_keep010_seed42,200,ola,global,,,layers.1.bias,db,14,-66.271748568309,-65.86188037146776,-66.06681446988839,0,0.0,0.3,10
bayesfl_observability_v1,ola_sparse_bayesian_keep010_seed42,200,ola,global,,,layers.1.bias,db,15,-65.86188037146776,-65.45201217462655,-65.65694627304715,0,0.0,0.3,10
bayesfl_observability_v1,ola_sparse_bayesian_keep010_seed42,200,ola,global,,,layers.1.bias,db,16,-65.45201217462655,-65.04214397778532,-65.24707807620592,0,0.0,0.3,10
bayesfl_observability_v1,ola_sparse_bayesian_keep010_seed42,200,ola,global,,,layers.1.bias,db,17,-65.04214397778532,-64.6322757809441,-64.8372098793647,0,0.0,0.3,10
bayesfl_observability_v1,ola_sparse_bayesian_keep010_seed42,200,ola,global,,,layers.1.bias,db,18,-64.6322757809441,-64.22240758410287,-64.42734168252349,0,0.0,0.3,10
bayesfl_observability_v1,ola_sparse_bayesian_keep010_seed42,200,ola,global,,,layers.1.bias,db,19,-64.22240758410287,-63.812539387261644,-64.01747348568226,0,0.0,0.3,10
bayesfl_observability_v1,ola_sparse_bayesian_keep010_seed42,200,ola,global,,,layers.1.bias,db,20,-63.812539387261644,-63.40267119042042,-63.60760528884103,0,0.0,0.3,10
bayesfl_observability_v1,ola_sparse_bayesian_keep010_seed42,200,ola,global,,,layers.1.bias,db,21,-63.40267119042042,-62.9928029935792,-63.19773709199981,0,0.0,0.3,10
bayesfl_observability_v1,ola_sparse_bayesian_keep010_seed42,200,ola,global,,,layers.1.bias,db,22,-62.9928029935792,-62.58293479673797,-62.78786889515858,0,0.0,0.3,10
bayesfl_observability_v1,ola_sparse_bayesian_keep010_seed42,200,ola,global,,,layers.1.bias,db,23,-62.58293479673797,-62.17306659989674,-62.37800069831736,0,0.0,0.3,10
bayesfl_observability_v1,ola_sparse_bayesian_keep010_seed42,200,ola,global,,,layers.1.bias,db,24,-62.17306659989674,-61.76319840305552,-61.968132501476134,0,0.0,0.3,10
bayesfl_observability_v1,ola_sparse_bayesian_keep010_seed42,200,ola,global,,,layers.1.bias,db,25,-61.76319840305552,-61.353330206214295,-61.5582643046349,1,0.24398087182826333,0.4,10
bayesfl_observability_v1,ola_sparse_bayesian_keep010_seed42,200,ola,global,,,layers.1.bias,db,26,-61.353330206214295,-60.94346200937307,-61.14839610779369,0,0.0,0.4,10
bayesfl_observability_v1,ola_sparse_bayesian_keep010_seed42,200,ola,global,,,layers.1.bias,db,27,-60.94346200937307,-60.53359381253185,-60.738527910952456,0,0.0,0.4,10
bayesfl_observability_v1,ola_sparse_bayesian_keep010_seed42,200,ola,global,,,layers.1.bias,db,28,-60.53359381253185,-60.123725615690624,-60.32865971411124,0,0.0,0.4,10
bayesfl_observability_v1,ola_sparse_bayesian_keep010_seed42,200,ola,global,,,layers.1.bias,db,29,-60.123725615690624,-59.7138574188494,-59.91879151727001,0,0.0,0.4,10
bayesfl_observability_v1,ola_sparse_bayesian_keep010_seed42,200,ola,global,,,layers.1.bias,db,30,-59.7138574188494,-59.30398922200817,-59.508923320428785,0,0.0,0.4,10
bayesfl_observability_v1,ola_sparse_bayesian_keep010_seed42,200,ola,global,,,layers.1.bias,db,31,-59.30398922200817,-58.894121025166946,-59.09905512358756,0,0.0,0.4,10
bayesfl_observability_v1,ola_sparse_bayesian_keep010_seed42,200,ola,global,,,layers.1.bias,db,32,-58.894121025166946,-58.48425282832572,-58.68918692674633,0,0.0,0.4,10
bayesfl_observability_v1,ola_sparse_bayesian_keep010_seed42,200,ola,global,,,layers.1.bias,db,33,-58.48425282832572,-58.0743846314845,-58.279318729905114,0,0.0,0.4,10
bayesfl_observability_v1,ola_sparse_bayesian_keep010_seed42,200,ola,global,,,layers.1.bias,db,34,-58.0743846314845,-57.664516434643275,-57.86945053306388,0,0.0,0.4,10
bayesfl_observability_v1,ola_sparse_bayesian_keep010_seed42,200,ola,global,,,layers.1.bias,db,35,-57.664516434643275,-57.25464823780205,-57.45958233622267,0,0.0,0.4,10
bayesfl_observability_v1,ola_sparse_bayesian_keep010_seed42,200,ola,global,,,layers.1.bias,db,36,-57.25464823780205,-56.84478004096083,-57.049714139381436,0,0.0,0.4,10
bayesfl_observability_v1,ola_sparse_bayesian_keep010_seed42,200,ola,global,,,layers.1.bias,db,37,-56.84478004096083,-56.4349118441196,-56.63984594254021,0,0.0,0.4,10
bayesfl_observability_v1,ola_sparse_bayesian_keep010_seed42,200,ola,global,,,layers.1.bias,db,38,-56.4349118441196,-56.02504364727837,-56.22997774569899,0,0.0,0.4,10
bayesfl_observability_v1,ola_sparse_bayesian_keep010_seed42,200,ola,global,,,layers.1.bias,db,39,-56.02504364727837,-55.61517545043715,-55.82010954885776,0,0.0,0.4,10
bayesfl_observability_v1,ola_sparse_bayesian_keep010_seed42,200,ola,global,,,layers.1.bias,db,40,-55.61517545043715,-55.205307253595926,-55.41024135201654,0,0.0,0.4,10
bayesfl_observability_v1,ola_sparse_bayesian_keep010_seed42,200,ola,global,,,layers.1.bias,db,41,-55.205307253595926,-54.7954390567547,-55.00037315517531,0,0.0,0.4,10
bayesfl_observability_v1,ola_sparse_bayesian_keep010_seed42,200,ola,global,,,layers.1.bias,db,42,-54.7954390567547,-54.38557085991347,-54.59050495833409,1,0.24398087182825912,0.5,10
bayesfl_observability_v1,ola_sparse_bayesian_keep010_seed42,200,ola,global,,,layers.1.bias,db,43,-54.38557085991347,-53.975702663072255,-54.18063676149286,0,0.0,0.5,10
bayesfl_observability_v1,ola_sparse_bayesian_keep010_seed42,200,ola,global,,,layers.1.bias,db,44,-53.975702663072255,-53.565834466231024,-53.77076856465164,0,0.0,0.5,10
bayesfl_observability_v1,ola_sparse_bayesian_keep010_seed42,200,ola,global,,,layers.1.bias,db,45,-53.565834466231024,-53.1559662693898,-53.360900367810416,0,0.0,0.5,10
bayesfl_observability_v1,ola_sparse_bayesian_keep010_seed42,200,ola,global,,,layers.1.bias,db,46,-53.1559662693898,-52.74609807254858,-52.951032170969185,0,0.0,0.5,10
bayesfl_observability_v1,ola_sparse_bayesian_keep010_seed42,200,ola,global,,,layers.1.bias,db,47,-52.74609807254858,-52.33622987570735,-52.54116397412797,1,0.24398087182826333,0.6,10
bayesfl_observability_v1,ola_sparse_bayesian_keep010_seed42,200,ola,global,,,layers.1.bias,db,48,-52.33622987570735,-51.92636167886613,-52.13129577728674,0,0.0,0.6,10
bayesfl_observability_v1,ola_sparse_bayesian_keep010_seed42,200,ola,global,,,layers.1.bias,db,49,-51.92636167886613,-51.5164934820249,-51.721427580445514,0,0.0,0.6,10
bayesfl_observability_v1,ola_sparse_bayesian_keep010_seed42,200,ola,global,,,layers.1.bias,db,50,-51.5164934820249,-51.10662528518368,-51.31155938360429,0,0.0,0.6,10
bayesfl_observability_v1,ola_sparse_bayesian_keep010_seed42,200,ola,global,,,layers.1.bias,db,51,-51.10662528518368,-50.69675708834245,-50.90169118676307,0,0.0,0.6,10
bayesfl_observability_v1,ola_sparse_bayesian_keep010_seed42,200,ola,global,,,layers.1.bias,db,52,-50.69675708834245,-50.28688889150123,-50.49182298992184,0,0.0,0.6,10
bayesfl_observability_v1,ola_sparse_bayesian_keep010_seed42,200,ola,global,,,layers.1.bias,db,53,-50.28688889150123,-49.877020694660004,-50.08195479308061,0,0.0,0.6,10
bayesfl_observability_v1,ola_sparse_bayesian_keep010_seed42,200,ola,global,,,layers.1.bias,db,54,-49.877020694660004,-49.46715249781878,-49.672086596239396,0,0.0,0.6,10
bayesfl_observability_v1,ola_sparse_bayesian_keep010_seed42,200,ola,global,,,layers.1.bias,db,55,-49.46715249781878,-49.05728430097756,-49.262218399398165,0,0.0,0.6,10
bayesfl_observability_v1,ola_sparse_bayesian_keep010_seed42,200,ola,global,,,layers.1.bias,db,56,-49.05728430097756,-48.647416104136326,-48.85235020255694,0,0.0,0.6,10
bayesfl_observability_v1,ola_sparse_bayesian_keep010_seed42,200,ola,global,,,layers.1.bias,db,57,-48.647416104136326,-48.23754790729511,-48.44248200571572,0,0.0,0.6,10
bayesfl_observability_v1,ola_sparse_bayesian_keep010_seed42,200,ola,global,,,layers.1.bias,db,58,-48.23754790729511,-47.82767971045388,-48.032613808874494,0,0.0,0.6,10
bayesfl_observability_v1,ola_sparse_bayesian_keep010_seed42,200,ola,global,,,layers.1.bias,db,59,-47.82767971045388,-47.417811513612655,-47.62274561203327,0,0.0,0.6,10
bayesfl_observability_v1,ola_sparse_bayesian_keep010_seed42,200,ola,global,,,layers.1.bias,db,60,-47.417811513612655,-47.00794331677143,-47.21287741519204,0,0.0,0.6,10
bayesfl_observability_v1,ola_sparse_bayesian_keep010_seed42,200,ola,global,,,layers.1.bias,db,61,-47.00794331677143,-46.59807511993021,-46.80300921835082,0,0.0,0.6,10
bayesfl_observability_v1,ola_sparse_bayesian_keep010_seed42,200,ola,global,,,layers.1.bias,db,62,-46.59807511993021,-46.188206923088984,-46.39314102150959,0,0.0,0.6,10
bayesfl_observability_v1,ola_sparse_bayesian_keep010_seed42,200,ola,global,,,layers.1.bias,db,63,-46.188206923088984,-45.77833872624775,-45.98327282466837,0,0.0,0.6,10
bayesfl_observability_v1,ola_sparse_bayesian_keep010_seed42,200,ola,global,,,layers.1.bias,db,64,-45.77833872624775,-45.36847052940654,-45.573404627827145,0,0.0,0.6,10
bayesfl_observability_v1,ola_sparse_bayesian_keep010_seed42,200,ola,global,,,layers.1.bias,db,65,-45.36847052940654,-44.958602332565306,-45.16353643098592,0,0.0,0.6,10
bayesfl_observability_v1,ola_sparse_bayesian_keep010_seed42,200,ola,global,,,layers.1.bias,db,66,-44.958602332565306,-44.54873413572408,-44.7536682341447,0,0.0,0.6,10
bayesfl_observability_v1,ola_sparse_bayesian_keep010_seed42,200,ola,global,,,layers.1.bias,db,67,-44.54873413572408,-44.13886593888286,-44.34380003730347,1,0.24398087182826333,0.7,10
bayesfl_observability_v1,ola_sparse_bayesian_keep010_seed42,200,ola,global,,,layers.1.bias,db,68,-44.13886593888286,-43.728997742041635,-43.93393184046225,0,0.0,0.7,10
bayesfl_observability_v1,ola_sparse_bayesian_keep010_seed42,200,ola,global,,,layers.1.bias,db,69,-43.728997742041635,-43.31912954520041,-43.52406364362102,1,0.24398087182826333,0.8,10
bayesfl_observability_v1,ola_sparse_bayesian_keep010_seed42,200,ola,global,,,layers.1.bias,db,70,-43.31912954520041,-42.90926134835918,-43.114195446779796,1,0.24398087182825912,0.9,10
bayesfl_observability_v1,ola_sparse_bayesian_keep010_seed42,200,ola,global,,,layers.1.bias,db,71,-42.90926134835918,-42.499393151517964,-42.70432724993857,0,0.0,0.9,10
bayesfl_observability_v1,ola_sparse_bayesian_keep010_seed42,200,ola,global,,,layers.1.bias,db,72,-42.499393151517964,-42.08952495467673,-42.29445905309735,0,0.0,0.9,10
bayesfl_observability_v1,ola_sparse_bayesian_keep010_seed42,200,ola,global,,,layers.1.bias,db,73,-42.08952495467673,-41.67965675783551,-41.884590856256125,0,0.0,0.9,10
bayesfl_observability_v1,ola_sparse_bayesian_keep010_seed42,200,ola,global,,,layers.1.bias,db,74,-41.67965675783551,-41.269788560994286,-41.474722659414894,0,0.0,0.9,10
bayesfl_observability_v1,ola_sparse_bayesian_keep010_seed42,200,ola,global,,,layers.1.bias,db,75,-41.269788560994286,-40.859920364153055,-41.06485446257367,0,0.0,0.9,10
bayesfl_observability_v1,ola_sparse_bayesian_keep010_seed42,200,ola,global,,,layers.1.bias,db,76,-40.859920364153055,-40.45005216731184,-40.65498626573245,0,0.0,0.9,10
bayesfl_observability_v1,ola_sparse_bayesian_keep010_seed42,200,ola,global,,,layers.1.bias,db,77,-40.45005216731184,-40.04018397047061,-40.24511806889122,0,0.0,0.9,10
bayesfl_observability_v1,ola_sparse_bayesian_keep010_seed42,200,ola,global,,,layers.1.bias,db,78,-40.04018397047061,-39.630315773629384,-39.83524987205,0,0.0,0.9,10
bayesfl_observability_v1,ola_sparse_bayesian_keep010_seed42,200,ola,global,,,layers.1.bias,db,79,-39.630315773629384,-39.22044757678816,-39.42538167520877,1,0.24398087182826333,1.0,10
